data/soil/bdod_5.15cm_mean.asc
NCOLS 654 
NROWS 380 
XLLCORNER 3.91666666666667 
YLLCORNER 55.3333333333333 
CELLSIZE 0.0416666666666667 
NODATA_value -9999 
[rows 92 to 114 of 380, columns 255 to 305 of 654]
60.8852586959918 55.3594404913805 63.3420322585865 55.7806902972026 57.927124750196 74.1846120123299 65.5371138802806 62.7979910207108 63.672501798855 65.2640933871098 58.3702114609024 32.962382736484 21.7770139426244 20.0437192171287 29.7653957684965 60.2521512691608 55.2659050227558 71.9047674272438 81.6980908368389 82.1890821465085 82.1072783383474 83.4899744509719 82.2726618025399 79.9992713058985 80.7483714973574 68.1526304706527 50.1811226241749 70.5238822491949 80.6741988912007 83.9982608785029 80.6421673566103 63.3332296401821 55.0563741145202 53.0855940564938 61.2042561262465 57.9505178030937 36.7428771927032 50.8731749613316 55.3718883549828 68.1721890258315 74.979040207848 72.5299188740426 76.831380908623 83.209771428892 85.7171938034896 86.7645142221526 78.1646982172772 78.2375747938202 67.5300063802012 64.2056132408571 65.1947647921107
21.2046932080054 11.6540793597373 9.92622776537762 15.5046106330322 55.3853865686237 54.9223611535411 33.6286690069159 20.9012908978141 10.9952849108175 10.9437511684363 9.34971645377403 2.69465681560827 12.7424934980821 14.7960626383292 32.8396297681405 52.3314116281196 40.7960803065036 33.2217714259047 37.7366025492194 49.9230829616931 57.1180059771939 69.7361536174235 78.1372318483643 80.7733546978262 82.0751848471964 68.2996494250447 77.3842743107447 83.6792300562013 86.5255894216505 85.2699405472577 78.4670137228833 75.137444106213 79.6457505449597 48.9951728724929 21.0046951026295 11.2721762562983 3.99411470993563 8.29469605882582 10.4295116424416 29.0476742158429 67.1114924776259 73.4173363757437 80.6324829227054 83.0133080727378 82.0675868824112 81.6777328305074 83.0242617587498 79.6994433797815 80.0364193923643 74.465626485233 82.8914341963464
53.414156907664 40.2851197336361 46.7993426280193 33.7394780735544 29.7221731193661 51.8971523314396 61.2120779475721 47.8311385057271 46.1564359039214 42.0017800431667 16.4825096512206 31.9317866436216 59.4201514789626 50.2648019715393 15.1308124534161 17.4130695213635 14.5853689354835 8.12939885496626 7.93560384537428 13.3550526209948 35.5091562376114 48.945440118946 64.6381962529748 65.2046446606358 67.1321983315328 73.6724291801702 53.1052276201003 52.6467152262903 74.6734512646999 84.283646645073 85.4855080214707 84.2366742333435 84.1651622353363 79.9886666443692 66.2870552611752 48.5980108518166 9.44114583247071 0.570418037121738 18.3240224249777 44.0097608463753 72.4083267161679 74.0717821199017 80.5063598141626 67.1443667186583 61.0757587925168 66.2729791448386 82.9290384399699 85.2509225601715 82.5727268896208 82.5618302135794 84.4173973804308
42.4257727439735 55.0317279074642 60.2385481661204 64.0103090427048 75.7030998913 80.7647878073997 84.0111320483431 82.8878932050328 62.4332156538234 50.5195536242132 68.9573548936153 80.9595446079524 84.6015986639073 83.8305377851541 72.6313123112264 73.7268991416261 79.9393600707291 66.8941309479984 46.9487794332409 41.9834233706194 23.5689103555083 12.1699845678286 55.523316895695 79.019390807002 81.0685595724167 80.3123181078367 78.7202181106393 79.8521271829904 79.4356045218471 82.7470914912804 84.2989903410027 85.2305991938826 86.6059095088706 86.0553995748782 84.6879032117524 85.483170216301 72.4375590031033 67.096350545788 75.6794518437856 77.800846618564 76.9277766866883 67.2368165135183 75.3990307664337 82.1260203636801 83.3141481450103 77.7867581383105 80.7370498097027 71.0628758185216 87.4433913466467 87.2024234634287 86.1540443535655
81.3547094254431 83.2348508282051 81.8158386865909 84.0267005773032 78.2397334781604 69.8902838271226 79.0007089621049 77.5831778947298 65.0787396430385 45.1972217315533 53.1514328700139 77.0192909456598 86.4701253577328 85.5416976936241 73.8836235221449 72.3763048295526 77.7685350287614 79.9230371342727 81.3685933495531 77.3136159143227 40.6607251226099 16.2732737656389 55.050127666268 78.1551305648075 82.8447971736321 83.4977268469351 81.3450058655556 84.2960060629369 83.4783660440069 82.3459050366927 81.1509659367508 81.1603985443253 78.4391619982322 77.2916637763984 72.2716498407092 76.1002022322452 77.3501922438299 86.0518312012303 84.5280754010469 75.4588561595138 81.8389745981166 75.8546171058546 57.187629250802 36.100813188375 30.5405091584271 34.3399988895558 45.6420547073454 72.263821926996 88.3132944190637 87.4821970285063 86.5257444968807
78.8889885395338 81.0918639957192 83.0305761791069 83.1674091839219 80.5468770351636 80.3484515021275 75.6164784593063 71.7629983316362 72.3922713109342 74.8251162814465 68.6461736551079 76.777858496929 81.9412113495875 80.867778637233 80.4653387655298 81.0113620782441 78.8344013449187 81.9415734164187 80.7556266883688 76.8091510303379 45.8790611646778 35.0457652653394 66.1546117781355 72.9735851024665 79.4553256594791 80.4471433430395 82.8453960796091 85.8547670918017 86.3700358674069 87.0701117693596 79.9282012894688 78.3204091321472 83.7131096761676 83.3186205426346 83.3575815335855 75.2180034261063 74.7017528529107 80.3592175327739 86.38037140334 80.6400492185915 54.8635035109495 54.9482184283195 63.8639886494046 57.3504165404575 38.4610711985032 48.8821668225857 53.5123656064699 72.1155536021597 85.6920578388513 85.2063766478793 86.6783712349818
50.3606743438663 62.2245138923617 81.5436741867718 82.7659170617711 82.1498887927174 79.3048184879335 82.1795668833422 64.6218467927736 58.341010801991 74.1523217712032 76.6888992718641 79.437123225692 84.762861978081 84.4148846416951 83.6680600518201 81.869276338538 82.4233828378498 77.1870045395152 78.4069234912047 80.9000078335524 80.4483977541558 78.7021819477996 80.152291532444 76.1129389185575 79.939135761104 83.5741929043372 85.3400674403698 85.5397911750706 85.030784764479 88.7067682534594 82.1922706707014 77.341277468309 79.3753282070664 83.3094243412586 80.0478454589331 58.3953294710613 76.0142042189895 81.9444135426881 85.5381842731088 85.8017803284962 82.6575902226978 71.0944022528302 58.911202475136 62.0508808707868 69.5273242311726 75.2455849252401 76.4935946345963 85.2658399811046 85.8126965098699 83.2497890457402 86.0732324044702
71.9181984076736 61.9879950542522 83.109305308372 79.1959520409957 84.2801156118493 83.1626265326141 84.3418191819317 88.0835988736745 85.7427689817015 83.0901602363492 78.0156728598585 78.7611773255067 82.4890223263341 80.1896618778558 84.7884565068173 84.2076140788797 83.4248096713042 79.1602516448246 79.7715137197434 81.1063396411943 80.7562669957204 78.3567916540071 80.0331107284023 83.0461748054639 84.9267555506029 86.4331914462346 86.4920727915178 86.6571137221871 87.3687342174813 86.3945459690025 79.1265172386482 79.6520468473453 86.4252263578753 81.504505024073 76.9972517936875 78.8963801599275 78.1815608397748 74.9491978303216 80.359023725966 84.8009229655838 80.7764874716328 80.6461832585747 85.1708399104298 74.0545877154255 45.4366421951972 37.2011620249359 42.1900713942586 70.9533181254604 80.0447924431301 85.0013071074878 84.0474335291954
76.7168355661202 81.4376220641397 83.1032933103165 81.1352865643225 82.6356240007782 80.9369443879285 83.6566362636415 83.2118514113094 83.1685004461589 83.8126460633745 83.9677446173032 75.5541999525145 76.8758177492757 81.9516045401594 85.3374839529722 82.48072718268 82.8843896459173 80.0509798912448 80.3224920472979 80.6358396230223 80.9038288960934 81.8378897914183 82.0042444929228 83.188460078339 84.2638482614023 85.8268068398031 87.8559829635397 88.0883130356177 88.6386333943246 79.5396939994553 53.0302573543805 51.1221260092931 54.9977939287229 44.5879164284887 50.7568439253399 79.3481164651811 76.8841968089007 70.8853505140485 74.4582105004333 81.993657721966 76.3752225937661 76.6049368428369 87.1263268465629 83.1641652616637 62.1932806052337 50.5436548945015 45.1773454906906 57.266250499866 53.8524134467844 64.4596715872781 72.6268833263218
74.4880041307326 72.1975712385152 85.1801385860593 82.1085188238172 82.6888739442817 81.8919929182587 81.419945541568 75.80220427467 76.0314297744826 83.4410972142083 86.2540919851855 76.7919371265459 75.3118974345275 82.5255354734038 83.9527186041472 82.7277938053268 81.1592163363561 81.0321407376995 80.8604941622211 80.739180094396 79.7566564299309 80.3266103067648 81.515343353482 82.5863198730637 84.0487625725705 84.9981013905501 86.900287662228 86.4229856638226 82.5211402861297 79.469434823311 58.7781782783297 46.6131771333889 41.1709650934615 33.3211592041242 36.4044675469271 75.3411591668882 82.9262091455444 82.2115064219606 71.7249823720641 62.7869196714036 68.7400554425399 72.5747337997698 75.3263398768722 76.023444717678 80.3973704159478 82.606880002019 75.3083433733839 72.4089203895537 62.0399599784046 59.3379766046993 58.6699393189548
63.687043920064 69.984654553161 84.2718218995317 82.4836596654392 82.5095561594982 82.6656949661023 81.2494368989274 76.9217342273395 78.588080280835 82.7868446307056 84.9734904413773 83.2356906826206 82.3970294190455 86.5123369679089 83.2626392627743 85.4043253141181 83.0172930529594 81.6786777637948 80.7555892538674 81.0928669497258 80.2461478774631 79.5257521888365 79.6659396713058 83.1597790301203 85.4860197074756 85.4130419068047 85.0209056960039 85.1038236927451 81.4496404256053 82.5323746639581 81.4097544896689 74.9399453503046 75.0136727336524 71.9201313641654 72.1767257377802 75.6590096537285 66.2052405619347 79.791616860486 76.5203602911903 70.0144477336256 67.1172299157932 59.8238790648602 46.4465095384983 48.0079960425755 65.9924580660665 77.5592664872289 72.3770775369408 63.9059481521173 60.0765608343272 56.9273724568256 69.3961704828228
72.9431039922634 80.1691530661041 82.8655812898315 83.6273302101667 83.8467129865776 84.7920902496699 85.1879300132436 82.3302922839041 81.4160412354401 82.7767468181367 84.737504038834 74.0535087938262 59.7166341455334 88.1219049719652 87.6950699710104 88.7634572835363 85.1791594772778 82.8532970016921 81.5897149875072 81.5448461151701 82.5897874801398 83.678803193553 75.2752139935047 83.4611540463322 86.3861108611388 86.7403423163281 84.6264812067052 84.2720573382425 84.5003741628024 82.9057200586418 83.2408834704537 83.4751252706097 83.3784075007224 83.2387710516564 83.8051365493087 81.1899434025954 75.3577446885707 63.2809524006397 50.2778295239954 70.1744170126597 82.1105900780235 76.9863823820558 71.3119362587117 72.3601898027164 75.3693159465718 74.513420205369 78.221264412945 77.3111987461503 72.3919188148504 75.2895469357983 81.3449158711893
81.9399301448635 83.5281943984517 82.4017626772579 84.4498006587832 87.7168789560805 87.5003483538659 87.4422593293001 86.3407106159408 84.6761993226023 85.7476211401308 84.5577878589285 43.2527197953823 72.1408637526767 87.5511521402624 83.1130830169123 77.6136971534112 82.3242972368302 83.6421643568578 83.4639260446069 81.7234258005493 81.3761540920299 82.1512238308215 80.3336096112945 79.3057169849755 82.835656406583 84.3746866735197 81.8994928707666 81.500201430921 83.4853020852119 84.6520011622126 82.8535513552011 83.08514971807 81.2077575335347 83.3323202863174 84.0911084147004 84.1096586718522 80.968140966084 80.4245865457813 65.3253594763903 76.0735325241016 84.1122954870024 81.507068638352 86.6050242721658 85.7781192235574 86.2555315573518 85.3139464955086 72.6102820057677 85.996179023773 85.1185114565478 84.770975394725 80.9683122407862
80.9305824877973 81.7323008464921 79.6861034751132 76.9687961767635 83.3908204194573 87.9911115124063 88.0532734671723 86.8970784695554 87.0815812698492 87.1867649369509 87.6445681046205 80.007759875637 86.4276035801163 86.8668743531826 84.3107522566897 80.5343133259971 79.9568631536264 86.2339918833308 83.113990670214 82.368252628802 71.8423449594736 77.12330843142 80.954332524483 77.3785260840698 81.2270256599817 81.2627799481377 81.6353957575178 82.6603911151748 83.3766676676243 84.6703023798212 84.8372898571944 82.313588514181 82.5055574590376 84.8476463774546 84.7841456236562 86.5216639977455 82.3603538345825 85.5039907871734 85.3611692151021 86.3644807240809 85.9422037540274 87.8590552192768 87.171668167949 80.8356573471198 83.4607556334916 87.7249562641185 87.247905029602 85.3276250795004 80.0633001255166 82.3477822580213 64.7489156739374
81.4871766843367 79.9994430681879 83.1766197680553 75.2939968856071 77.159952754585 87.7889955546772 88.2921320372969 87.7013596917423 85.9576224336606 85.7001915206418 86.4943469024442 65.3567856068928 75.0040240799613 87.5287665232244 86.3847838725849 81.1545263169429 85.0954041057329 85.1210426247011 85.9954872870227 84.8155040801333 75.4177390178845 77.3034173860614 80.189780969535 77.2613836552138 79.1063904646036 72.3182951563701 83.3087821935923 85.0152749327723 84.4447902853011 84.0211850757449 80.6464641044695 77.6077240725673 82.5454963593453 86.0251278281713 74.8224773259335 84.4173849102544 86.4682324556933 85.3635046628253 85.216136842163 85.1646476918217 88.7805085774296 88.5348152402815 89.6252130750444 89.6601390881582 84.4357045810929 86.250405318103 82.7187484006967 88.5267116200978 88.3353710993598 84.5022968875811 85.523832206248
78.9306697659732 84.4426045942886 86.7319081119816 86.3091139109801 87.0804452605504 87.2814748061957 85.6720422288395 85.8088307028236 85.2507136585435 85.6484845452987 85.2246976239937 84.0847582596143 83.3068093357846 85.2594698469134 86.113966100997 82.5802989258313 83.81094987545 86.4740538712886 88.0852917448256 87.6666357405762 84.9726868341073 83.486584578128 84.4671866090077 85.8461287365488 83.9789412842036 84.99240326634 86.7305638273405 86.0548595176817 85.6749001292542 86.7127401711365 86.3673567641365 85.7783089964352 87.1162812450797 83.385743154069 86.4504751417121 87.0451007126238 80.70741810169 84.2487337174724 86.9038090083143 85.243173746298 81.7965458925583 82.8912990063248 84.6097664969173 85.4151290378003 88.354558120595 89.9640437317266 89.9297998433506 88.7700370218998 89.9215073122063 88.0933725051094 85.2721378419716
84.5442566264361 80.123843649232 82.6850786370586 86.8044155461198 86.8375720834423 86.1601763616891 87.0529648598073 86.9412752805778 86.5024700527055 81.6841379500082 83.3184003848851 83.5933830006601 83.6334118333054 84.8998467678458 86.765805296566 84.0125692256917 85.8906373048918 84.5881180900101 87.5271980054917 86.7940142515707 85.5307922270474 84.5452418180991 86.9716241240251 87.8187382342884 86.8974419886663 86.0192397289671 83.7626717020809 84.0883004861037 84.4270361044434 83.9262454858473 84.9155170076794 84.2069547355439 84.6050768071751 84.7118424782339 83.1491789810044 87.1777851257123 86.7428514741158 84.6006594519871 81.4979217367742 79.1178578054138 77.9239917029763 81.3507025424429 80.8787970997543 82.6191420146234 85.8318114644171 88.1758026390635 89.1892326295471 89.8805321680453 91.632309035151 88.9422002759465 81.7204262550115
81.7926844206883 69.7716953740199 88.2121619879339 87.0937378403532 82.9177422148322 73.7424366401241 80.4479165983105 87.344228970199 86.4080586515964 84.8797351285841 85.2564270298167 85.5740391608158 84.9610776640881 84.6743532121022 85.6974785787504 79.6186840536019 81.1009170518841 88.1708179706071 86.6524414373065 86.3920861201164 86.3177709899124 86.104540330064 86.1641117183932 83.1288899344017 84.9307766094648 85.2110628939436 86.6231465299627 84.3890260016591 86.7934380132793 86.595230251145 86.5164524180359 79.8417810115544 74.6526177840004 77.4637698056079 81.174909430129 82.7704142380572 85.0474908174391 86.7682143269555 82.1252282660812 75.766810269374 63.834135867422 74.6021511061668 65.2016446145906 71.7703113363988 82.9780322662939 83.694423986584 85.2263586950799 87.1077996083064 88.5104270021688 88.5793447989598 89.5004305457037
85.3940573479385 67.6749902269382 88.6530912890158 87.1749294963929 81.3899754618675 66.9701554626096 75.6336324160536 85.6633003697764 85.5922157277457 85.3591443271161 85.2626865414304 84.2719489930101 84.5764429558969 87.0225604978914 87.8900285968924 80.8603500964641 80.8666426706859 87.2355488103357 85.8048022239289 85.5254762084919 85.3082916957498 85.5831933683248 84.6582341971902 79.4101863887034 86.3917623927358 86.1693616446707 87.9620560311438 86.7141681428321 86.2985600937431 86.6652805286049 86.5181159682926 86.1548087147788 84.9657023084027 78.0489982126807 76.1155536505818 79.4064602455046 77.6434227084765 80.4264516837678 81.2480727568854 82.2940181914882 82.5685069247649 75.6493656544994 55.4772926471929 59.1308142708844 76.5527426273896 79.3529300810519 81.1379527143398 82.1742481167967 82.7923044859838 84.8459448516631 84.9362076625738
83.501117991854 81.5337304263594 83.9069600586459 84.5422562723145 84.0155863840944 81.1927519880767 80.6816616418093 82.7920773844681 83.4688490936364 82.7808474441709 82.9912542426324 83.3590419457718 85.7568069124371 87.8623083520488 88.0004681619773 88.1202586981528 86.6966022785776 85.6926582795804 84.7402865431516 85.6300395320406 86.2758603893018 85.8718721738597 87.4315702302813 87.2423038348799 85.4766119363218 87.0073215903564 89.026555797838 88.1128561511084 86.6339926173015 84.6998855505068 84.0985161885215 86.1614338099787 85.8314683122238 84.230606114433 82.1763125015188 84.6965881333721 80.2881127818469 85.1093293965121 83.3408042664449 85.0202951719344 82.0078056170978 79.977023207862 65.7098119511573 53.3558972095613 56.3346475636286 73.4855079080562 80.9042545079399 74.6287867603462 75.4673599255471 82.0556791643446 83.12964361641
83.3096799485937 79.3234429377452 69.8266874095751 76.9193081942926 79.6888887792434 83.1779244090161 83.489970889974 81.403562176912 81.7857462430344 82.0997715636962 82.7756537325896 83.7028889037045 83.5127994839543 85.5293689180762 87.0194160638339 86.6594099929766 84.322962309158 83.815786982249 84.7534708629802 86.844204454489 84.4467267319775 86.4613307559221 89.5444145755994 88.1120535672409 86.6411438477182 88.0707475867491 89.5917512522171 88.8869775958556 87.201618492889 84.4610316326276 84.1770108955453 86.0915005857753 85.8280267192985 84.6324920955046 82.6020145837937 85.9624615332521 85.817048668288 87.2806591063752 86.7621719241907 87.4446636951894 87.1489386533407 86.4393410223961 80.4421076223897 69.956054451482 60.5748990557854 67.8057207005627 71.9882148314443 60.0670902554005 51.1619209337696 72.8977776006032 77.7856928849937
85.6647471558943 84.1690589725984 77.3078193575813 80.2912074730279 80.9146307015527 82.1029161012115 81.4205869578871 81.2925724730955 83.5741640419557 83.5668671463239 79.244040505535 82.2134559228905 82.7109336012168 77.1327370905677 82.9337196321806 81.9735690822458 83.5725543815874 84.8862288223227 86.2946833581622 86.4882235982792 84.6353462267407 86.791823266226 88.8108291340195 88.7287604718133 87.4650388065993 87.3285838433637 87.1410577222176 87.2983724923923 86.2601120551053 86.0752677880577 86.6024316034759 86.4537510132469 85.8899570600217 86.215393487015 85.7997409213445 85.6384607147348 85.2130770659249 86.6144090089743 86.6795494009221 87.7231038159889 88.340502724141 88.3034078984076 87.9334625903005 87.3269041177698 84.2363429322138 79.251204068252 75.4292884261762 73.3619491542726 68.0225643626842 79.3335148153452 74.1709923385798
83.6306525058016 83.4268937032073 83.6156414988094 82.4869908024456 81.1231555703919 80.9867727231105 82.3473462590578 83.7879363368975 83.5078198554918 81.9401902925648 82.1247143570448 84.8884231079149 82.4612987705732 80.5928219647291 81.7575384497771 81.2708969715079 84.6050714931967 85.8516887291488 86.0562742795856 86.9296266940445 83.83450108934 85.7352628136703 87.0361890547657 87.0673770991621 85.7063015586963 82.80627140848 85.3038849336891 86.4632612379871 84.1964330931044 80.4382157626957 85.4664892269764 85.9505595245927 85.7317234768564 85.4629605116014 84.4070471949332 82.711312892945 83.2349609055895 83.6706023930815 83.5165077225463 83.6152373198492 83.8822582248863 84.0119289259413 84.2320927895177 86.3046866174386 86.6290068892289 86.1890444353385 86.5698386630211 78.524784679259 78.3067990914102 81.4478550951328 76.7280036627581
