data/soil/bdod_5.15cm_mean.asc
NCOLS 654 
NROWS 380 
XLLCORNER 3.91666666666667 
YLLCORNER 55.3333333333333 
CELLSIZE 0.0416666666666667 
NODATA_value -9999 
[rows 184 to 206 of 380, columns 561 to 611 of 654]
78.7839596694935 104.739807835819 107.849419816583 104.236466823593 103.456654253709 104.267174638755 103.404089221628 102.528265097381 102.345555329035 104.176862434147 102.925359327135 102.496414067168 96.1601387315759 102.093139367655 101.399571677983 87.0173380001298 66.2862345409014 101.433869499901 103.781696759418 76.5350587371543 57.6172986719731 89.0878122943391 78.9546695453941 52.0882058251288 81.4555407517505 104.218256782927 103.879099934652 103.528695605298 103.113695643494 103.242347968196 105.16313715473 105.153060402183 103.555229485057 103.441618229418 103.735340694414 104.43618624856 105.68749911466 105.623842679738 104.514881903938 101.728014761047 82.2289562546066 81.2975061209152 55.598873059389 50.7889922736639 65.1177393151749 37.4904364261297 9.69149860481114 42.3836687254723 77.1255777943665 82.8697049196902 104.667959429914
68.841813463125 93.4293037483805 104.721653312551 106.859714857786 105.746931013327 105.118683522244 102.935842658353 99.8410493454719 99.9508200987801 96.0852769447126 92.417285973672 98.9057379961861 76.0825421447412 83.1402004052397 102.817402566738 105.482983517626 92.2474826008322 97.1600108002426 104.992147506357 99.9805671367918 101.057430783258 91.1201347839289 94.1269708517418 80.4745300217058 49.3185186371713 94.5188683890154 103.532128754733 104.423387361623 105.881228520823 105.442747545816 102.99179355139 100.695118462913 103.142138054484 102.990327730261 103.925731419374 93.6281279700156 97.4277893816169 104.464218199962 105.109226548964 103.074581284452 100.003376328645 101.57754120277 87.1304278405163 43.8964297981956 12.57395230976 23.9856158610748 40.7419390086994 19.9517979240349 15.4227501487002 37.081319998779 62.2498728599788
69.4809397740681 94.1063274929868 94.8065795499298 103.618217032383 105.527975601572 104.163954479531 104.507214342615 103.896869369127 103.262271470931 100.587993829345 100.521644785853 102.744041553272 98.5294589731654 91.4784470088133 73.0294770385984 93.5014775441092 91.5857237075055 105.834011568928 100.473429858177 94.0413889025001 91.5869769964082 85.594071645864 95.7102684124916 102.573728930824 93.5607043429551 86.4900971083123 103.837700623702 103.53976497342 101.996455090778 106.882324255546 106.510587568379 104.166730597381 93.5366391996709 95.7180065380914 103.338115369758 103.781629852943 105.459762219277 107.728159371879 106.773480337627 103.550773693023 103.456284629703 103.530655535663 99.7482127382242 84.0772778842086 47.9902526211011 20.8159817123745 18.378157933676 26.970726028685 15.4471545017564 1.05542284913784 0.592629998788268
61.5215195600743 62.7514597217788 84.3505514237949 95.7916404618267 107.153489205318 104.870294516997 103.67456292999 104.336454483128 104.692255926258 104.808891911738 103.55427152669 99.6122995762137 100.237188476996 100.774731651164 88.9389979386144 89.277081099573 65.5343026751879 83.5896735454433 91.7037877498864 101.373860351706 88.6464797558825 72.2018877554312 92.992661702177 104.202247042763 103.640701215633 99.6129547420829 106.143649776598 106.650836277596 104.022443108668 109.390773762955 109.50658627878 109.565092445795 105.832708480943 102.779334534012 105.853987745633 107.940499020763 105.911094023146 106.431746717312 103.509097933636 94.3899912839164 99.2079436450573 102.719583306376 103.024958734803 97.3881266154862 89.4489105644587 79.1155496881176 51.1221232821183 11.4818420053006 5.78764487018444 0.552585272842181 14.4183387664116
40.7014554060053 25.9687125460094 85.7137698612776 94.6658856982802 106.780493947035 104.254295545181 104.045693413936 106.010759636181 105.823822996678 105.581752493163 105.530665950171 104.309536562159 100.539148713119 98.7132754975419 106.535171190314 100.942759323508 81.7537769947466 57.4841348816007 58.7198031168252 75.3257822200812 94.5109334142214 92.5684408876472 98.2777833423347 102.243597778281 104.905381271588 106.471329244173 107.773450109052 108.780054202641 104.138321350507 95.3346504087486 104.531810742375 109.364578599172 109.334641937943 108.131055610463 106.185642925722 105.449877424833 102.173399917631 97.4749842215198 90.976046847352 81.6725182564872 92.1784979116034 96.7612277419056 100.807114990224 97.0602109895995 100.492465746475 105.500065842345 88.0465278884867 44.9222698916921 17.9611359775679 7.84808849159253 34.1774870824892
18.8928266128159 48.0104352742824 92.8762825455584 99.7985480197759 99.6539315584404 98.7947774866647 105.912888788756 104.772791671697 103.475149843666 101.551980940363 104.391380224557 105.31111973925 103.661030823832 105.940150758357 101.741271017361 98.6439033617946 102.176810244623 87.320349248669 50.1098405123159 28.7192121004495 50.7195381732744 55.8823247474253 76.4946172413744 98.2327242279529 96.0994145301489 94.1141614436979 108.428388557066 107.457441421682 97.1032324884308 68.9153757039653 85.4839392902459 105.675298351298 107.755800510001 107.061632782717 106.046170456478 104.636650926726 100.043426930089 77.1570804318343 82.3651113680527 97.0270072862263 94.7769858570952 97.067720479877 102.886727754656 101.338623203095 101.866157371096 105.71397085988 106.375981308186 85.1558318003587 40.1056582746957 20.4379941618784 11.5141577028289
31.4358851338219 43.8177174046793 85.6344562617516 107.794555882541 98.8596599695881 100.842946489656 104.98586507949 106.587212175237 103.934498969487 101.770749916123 102.34236124244 104.910123969784 104.618050967282 104.002061670936 102.802980690308 97.3857689362649 102.15402955359 98.3797020838552 76.8024285260795 40.1750398170387 36.2036344902068 38.5675804681368 59.9687300018557 87.0885272808807 88.4155793335751 70.0948251648414 74.5958305638785 91.9621145879812 93.6294343713458 61.5026527364661 81.9341823327586 104.603996038236 107.424344614618 106.428387305585 106.080978561284 98.7073027306812 105.735518731982 93.350295285449 97.1630089470373 100.967306457236 101.588131061057 103.518483140217 99.9731446292695 99.3110636753427 105.624886933049 107.833398473227 108.210707464317 100.339996802604 74.7505880555187 56.0505939858939 19.681042486034
62.4687567122552 38.2575603799518 77.9060571831592 103.796485128436 98.5386888750165 108.40270017544 107.48220536575 105.545536726184 103.998433654225 97.9771274279723 94.9656996971921 100.988649550557 104.000371342624 104.53585054798 105.336603082056 87.1702135500882 101.060721759805 100.402311875664 94.9177039915181 86.3456937775831 86.0741612108223 85.3655417666463 85.8690180684161 75.5734707705279 62.6973639110394 71.9620599130125 61.8446546476895 67.8794602524896 101.076041403542 91.3006689262362 96.3454702958512 91.9212565643944 99.6723504898653 105.825082816469 105.762710897968 94.1895498854966 101.621687856146 108.605448463451 102.709915706486 99.2504683160494 86.5798071162799 92.2987054819224 99.1961560962059 94.6333348267892 95.5781895464069 101.327143891574 106.328197921463 105.149424244499 104.669846049188 98.5803444236665 81.0163814779001
63.0538583567421 80.1504585557691 96.6260407547175 100.887188186652 103.192379188022 106.060774077715 96.5388590982735 94.051444630531 101.423763493953 96.586182936844 91.8295864893805 96.2809021818088 96.3546528825605 103.755728287206 106.403293734629 99.4267490548546 102.267587745849 100.414881351451 104.585483453479 105.262872492597 105.553074453198 96.6245683542961 83.0973946719757 72.8932277107932 56.2778402124043 30.7703468739997 34.1118984795196 59.7895807519013 99.5777565875301 103.715747043269 105.362794122643 101.49182875745 101.319909946726 102.538642332712 99.0526969389337 95.6612899573668 100.921058468142 102.789361039913 93.7547761681329 81.2773475039407 85.6710925645884 93.4863921812252 95.7498090752029 95.2365649168656 99.5354428489219 102.76164278817 106.504864261474 102.946312389484 105.34326613783 105.576949282149 97.5650846140674
44.4248976387698 65.551007781954 88.0126293984083 106.871075594498 108.314584523317 109.101229104667 101.086120956964 84.0738534796291 88.1653833825105 88.3760480114146 78.7348017692345 67.7734255949574 66.1570668274189 59.5119253985716 84.7557438063415 93.9904502150563 72.4772556052578 85.1171568715196 93.5001913531498 93.9640675220326 102.099412132237 97.8952071739331 85.5889125493327 60.1247058167478 28.0924238502128 29.4205959975659 70.8273548844873 85.692026910448 101.54433620226 99.9654527661121 108.008085598172 107.400093260898 103.394272943005 100.825775594857 95.2136996273748 97.1835888362533 101.993553951659 103.226242810393 103.599953601568 96.9804381268049 83.6025369273725 98.0401878121903 89.0474219925276 94.9116046088406 105.93744934064 107.446856544336 105.094693621667 96.3817352933179 76.2224713353464 96.6857235300734 103.332367445524
36.4763509921617 13.5876692463761 83.0787494631031 110.026214518053 109.876536590485 100.253289542716 106.362014961114 106.72455419628 98.2421219754341 82.5571113167768 64.8093207372744 32.2114373598754 55.680335064559 93.2326452164487 101.021439235113 78.4456853533385 68.5937203247905 58.439476734343 77.2564517563397 99.3422158485119 95.0520881452827 102.740286077057 100.627921736557 98.5387227038188 89.2454660710204 79.2567664169799 78.2771761289552 102.422642392627 98.6771090867802 101.71892575324 105.678800788456 105.635022271957 106.95784354521 103.929192936037 104.330832575214 107.517988148839 106.343379307295 106.620460421338 107.725396986957 103.007660658571 93.8890581859713 102.96279439134 102.773627359882 104.908933913695 107.334939219931 107.029519535931 105.562322746123 105.792751230592 105.429515692175 108.076117947018 105.214027333408
96.0711881869734 56.7488746754183 16.3849713897151 90.1077525245251 108.947345935008 103.778611693942 95.8082146207962 94.933332087571 94.3030223139234 100.861511214507 80.0564936682581 43.1143475437178 29.2936421815555 52.2842652597267 67.3571159157159 62.7089266685296 55.7876818585557 23.5879517544388 53.6384702724326 68.9090863692572 89.6381700555075 91.7551845875271 77.7818560163222 61.0654707930931 80.0349819164427 84.9584199725444 102.039823402124 107.57822502275 97.6784481285662 96.6936158811075 99.5512365715807 97.0284796507735 97.730493276988 83.9223825049936 99.05093416019 110.219310668748 105.857833431533 104.971916920622 108.316888749152 97.9915284889303 86.4875049256521 96.4893148711341 105.655215207583 106.228604852097 107.574791985882 108.076284715214 105.722451399591 106.540699481872 107.507852104626 108.438064874595 107.484631534033
102.86528352859 97.5037134810648 59.4628904022945 5.74619795005882 13.14385727823 30.1322341720712 48.9620271482666 48.2525104941329 52.3505251920374 69.9350977021464 84.3433433203639 91.8406348756667 62.9697763803206 39.3914469830926 38.5401788169329 33.147904593528 55.8909575271254 89.4330703023515 86.0001771046405 45.9226905034595 44.0730889127051 59.9943885819837 76.3128824342732 94.9008991553754 102.382466488956 105.711587042138 107.071207866991 103.355405649738 80.6224279584171 92.7893155759607 81.2303181228821 38.1168914450838 67.7782857190634 95.4996508546204 97.3202452834476 100.107778339429 96.5061254981363 85.7972295012616 97.0414730607288 102.408872927029 103.679467688294 104.770111060837 104.633387824694 100.19183762017 100.084410490092 106.096714993842 106.28559612067 105.958743536506 107.536257856403 108.964163540487 110.042834645024
108.917151543496 101.04658567563 93.5593326251656 20.1780810970433 5.28191048651151 11.9789049896704 36.343410113129 33.1290768267622 34.8195332790294 41.4790774686928 40.469330446219 54.0406018991234 45.1827366425263 48.9824290234905 76.7096321145754 79.5670180361261 91.6223302403958 101.062178096323 91.9906780622669 59.4351512083101 35.6901924918075 63.9502175527311 97.8038919142292 105.662545144428 101.826135490983 101.271090007708 101.922658872863 95.0772100185569 53.1041347638348 68.8639647545455 90.1102255798658 82.3158588652522 73.7090667234442 87.9645663846932 101.202823220447 98.1870446409403 76.8237789213163 90.2073144444779 106.794032402059 99.7849285601822 103.497245901343 99.5052311580227 106.724461763397 103.617298763891 102.954521570865 106.965623253848 107.807172798958 108.006510366674 107.73645315031 108.323771552305 109.625687797409
98.4697843953054 103.848490439275 103.816941544901 80.2475170310267 49.0370905565269 40.7337431020269 36.7927375814708 73.3060733856637 66.4868876486963 44.1807484647874 13.5535003719052 33.4211192966638 48.0605102257328 68.5867687714807 99.5616925369705 104.163370574787 104.277341408855 98.2101226356561 84.8866530484931 78.8103398011071 69.5764816456354 79.6323658824202 88.1878489021421 98.7123055697997 99.6542569659921 108.487100149619 104.979830288757 106.000498888565 106.253708781774 94.8507519641756 74.2792335658743 71.7797960433103 70.4632299550751 64.9817379061937 81.5661743918872 83.6417198975495 65.148795396403 86.3813958191202 105.716903127119 88.7777128235727 92.3687300175058 102.61879738652 104.740251922945 107.680601457182 108.522210355609 109.17261406014 109.634614352911 110.026751069526 110.285322248968 109.502416611893 109.011851056472
99.6390584578477 102.464747570375 101.924813703034 101.623451638662 106.915991410317 93.8475106502405 68.4372983828914 84.8314941021528 67.1764429084046 46.5454643253735 15.3753855447954 18.7512112614951 9.2366707720025 21.3289530399034 74.8459669798068 93.6523877365129 100.601582272773 97.7904393049218 84.8479554296375 69.6740566076002 64.1942003127287 64.6332235652303 76.0212652118661 98.4315075072407 100.779639909724 104.681883630588 101.179142394171 100.684023251316 95.0167037424454 106.267534512802 101.509740105558 94.0770493808346 73.3042604657148 42.9512695921771 44.2913338984699 54.6403424681205 49.6897501769093 82.9479006317175 100.497446149059 86.123014302989 92.6333336093505 107.245315831146 108.09880002091 111.09557426844 110.530924294303 110.134414085794 110.045973933252 109.903755853405 110.873299100926 109.267298167787 106.421918384933
98.6089131124479 93.1045232353483 98.3954718993056 99.3218216256863 104.064468536201 107.122301478391 103.942808766868 97.8566890443633 87.2983492315442 57.7056735223784 18.0810944108621 4.09722607065103 0.881987262738998 6.61597958729774 28.7833268188663 52.1637355428801 78.7717585977205 99.2934050208239 84.9911724285418 69.8254716086386 60.7421994520933 65.8148781920126 84.0435675568643 101.796715356927 106.540665069289 104.678245327266 97.0665905216053 70.1431074744168 58.5796672770207 75.0415460743042 86.7724991715274 99.6749563368668 93.3118074863274 60.2219534428936 21.1930781586092 32.1950264635255 54.2794355892664 93.8576386621505 98.724004387042 105.562964868965 104.161830219298 103.973980115368 110.113978045987 110.470945955755 110.184514576614 100.426321407511 77.1052616334505 61.736787602076 89.0481576820612 108.587714118946 100.409933673466
88.6398088560926 88.3883870380192 75.1124824318869 94.012785362656 100.185947517659 104.324217034345 105.895196618986 104.957716557955 97.3577256987959 64.8086396083307 18.1287829110395 3.07396345732229 2.07233693782334 10.5970277629925 41.0905398312578 63.7894005128993 82.745962670442 74.1015148774821 68.2661878612356 54.5260461215999 42.4099711372231 45.7404891752963 64.4204592510743 98.5543935160928 108.591474987314 107.792528762953 101.570180547625 69.6811374767381 47.3682061664355 29.4923031065888 32.1762621428554 44.4094328051721 47.9689121761013 60.9271220426666 59.5992525475361 70.6159003176014 91.3529514924755 100.038163775719 76.4381008818911 87.5435586990046 106.632911958453 103.766992630411 107.352944789018 106.934229084494 108.719668234813 79.4466918469617 28.0746274671648 5.89562591901689 41.4375029072947 98.1404943988445 98.4984299734457
97.3486881495338 97.1279275378519 86.5684566075771 99.6116709229548 103.760134882779 106.063580148775 107.410223689666 105.176904398634 78.7898591300376 40.7860288473177 15.4555204374931 19.8254645382062 40.7267070227306 64.1349933841155 91.4525241220318 97.5509626532227 103.478285903171 87.5998980888739 64.0411287226565 32.8698706165137 16.7827073720567 27.7559816586857 56.5054163598891 88.9911000041829 106.923183291207 104.019103495048 106.57968049094 100.140061265727 67.9195739845399 40.0463181099313 18.124682142754 16.8107909797221 11.9844557059953 49.2346581258687 89.3751295027582 99.3177351325828 101.451375645038 96.2323461248099 93.2102941974165 96.0103022490165 107.815457851438 105.380068493248 104.361213644874 105.145488548731 105.047046693118 94.4865810755445 61.246376957455 12.4104963919323 12.1918379918712 80.750979416681 85.952807561573
105.646433051425 105.085287279459 80.8355565572971 101.167587230457 106.161260345904 102.041855071463 103.23243171751 78.6876562968824 35.3867670948526 15.1685118514155 13.4126918834211 41.8495089756296 84.0127958455357 100.55559689753 102.759222104433 103.809728344144 104.107864554183 102.78264810696 82.9716238801834 50.7944624325708 17.313643485746 4.69364038901053 23.4491049479587 76.8667689368508 105.434991911045 103.008878654664 101.744051358229 104.253315310138 100.050607609696 89.9449130532116 73.1944229638055 50.8809915673257 27.1724099583825 38.5856302037624 49.7358756336749 82.6054444806502 99.3995914471009 104.333403152776 106.455581987166 97.7542382514041 107.971586582981 96.2031112719261 79.2948986931577 102.619167360707 90.9411271259128 52.9107856381487 30.1052948211689 14.1860535602939 24.4622550833707 69.4847294449342 33.147812048521
103.809647657833 95.131604433213 102.104345140696 104.005659254066 98.3589297803522 103.056669417658 104.610963984733 91.5809929074492 45.2808587786331 26.5760197939629 38.5045369004314 49.5542849550036 76.4340520142165 81.5805133218255 103.383558750909 102.509656739436 95.3293502294955 103.327017938309 98.9891397534196 62.2906876281576 12.3926641317248 0.829946952055413 11.1694310996144 45.6459349121423 60.7667106676532 76.1984784033158 89.4273023211894 104.15994950194 99.7894507367837 98.9806871579268 99.1014666223345 85.2852256886821 38.3984920331832 11.3600590600126 9.35393768939847 15.1762040140582 17.428829690795 20.8882917415126 70.9156920861221 105.492677963427 107.878212376681 107.259599856524 105.765702254214 109.235457509517 105.398877836651 95.6687658038542 85.4697150083705 86.5479962690658 92.0429767933962 89.2694346802773 24.0264718011252
93.8466596228411 77.1859965328978 104.247417118563 109.673170279039 99.6725102346443 87.9301629251567 73.3736929870593 94.5232370558561 64.3663434183786 20.8138675369217 40.1651918457158 67.1405686619693 90.030220249324 101.658639233354 100.818064653541 107.443734057113 108.272727181496 108.820285969676 103.863929329038 94.416298604523 51.9529171920391 4.46929866699207 0.631721960433489 33.7508925546318 54.1302895692803 37.646562040482 67.535065650803 55.0214267316798 77.9636961916103 91.4613213759789 102.406357692415 103.650649717916 95.3306979234637 73.6479104056393 29.4455605713704 36.6431515069359 55.7753182817087 21.2479979290699 24.8452026291021 62.5611423412623 107.964830822568 108.087795516726 106.960878079807 108.594986313263 104.778967698355 103.748321696968 104.190969514358 70.8861607070817 38.4128732261187 77.5989433836893 21.3369513760777
100.760098046226 78.7116636432048 58.8237761669007 51.97804924054 97.4312491465768 90.1415390547031 88.920340064383 84.5780854743868 91.4226059185841 75.0570605361955 35.7822162748674 48.2837438952553 63.2737915720217 101.333425706754 93.973974932946 106.841107572032 98.6195198864163 99.9904632978615 99.357642778995 100.289568077711 65.9375525196766 17.724172577136 30.3724758748071 79.9068252776173 97.9854839337844 100.125701563345 86.2947928110787 102.622556116349 90.5916845954092 88.957075353017 73.5516610417311 73.7333921056906 84.217968433485 85.8229269558058 89.89385989549 68.7726130539152 76.8523028464324 78.9139094133109 78.0329975876643 52.182277314454 75.2704279909946 103.226437337512 103.316192199338 97.6696892234981 103.862555126566 98.5975434902966 73.0581099486197 16.9085829860608 21.8351193123071 86.9495561639969 109.67930274743
