data/soil/bdod_5.15cm_mean.asc
NCOLS 654 
NROWS 380 
XLLCORNER 3.91666666666667 
YLLCORNER 55.3333333333333 
CELLSIZE 0.0416666666666667 
NODATA_value -9999 
[rows 46 to 68 of 380, columns 306 to 356 of 654]
0 0 0 0 0 6.09746898839142 23.9322651314607 42.8417699497904 50.1935647966724 45.8522514350863 42.2718791345001 73.1174231368798 74.124835239392 81.4418075617851 85.4718826544878 78.9987073715978 80.0004312685413 78.902998443784 78.5130642587162 65.0047221764222 70.4472088973704 82.0513877408105 78.9461681145154 69.669674022649 70.9558355137886 68.8956170807006 79.9188914235579 81.228322506973 73.9313304568476 59.8223814190693 24.108316856488 11.8946978303449 25.1193293185632 37.4803929419645 72.5846887175949 67.2748351134079 53.9239869293413 59.3642765927007 69.4436061133174 82.1774078635527 83.1888489576136 83.3718395866951 82.0435590326829 55.5357063006176 64.6883624626798 81.4701501239349 81.9833367474239 80.1889629119088 72.0746004580757 76.823586888766 82.0247067153869
0 0 0 0 0 3.44464246413011 12.1660473117708 23.4632821917208 26.2911394687456 34.6707677196544 38.3266357934512 49.3158538688622 54.1402249449301 74.8581775711462 84.157148718726 82.2324710613506 81.5273340699152 68.3172720968149 35.179812885987 23.0822781021177 39.2668856512347 76.6348743536051 72.1047265418915 76.061031295097 62.8694653939488 51.9598755150843 62.758305314764 71.2189530872327 63.8889125455718 46.2886313114899 28.7721380423849 11.051950199271 0.639075298948125 18.3197047300269 59.8110032342419 65.2485365993767 64.1456613892146 68.460263542378 71.5666603274839 77.7471597954097 81.9401743167511 81.4699104023635 80.2799315731229 66.6839391490348 68.1024351786209 63.8973307484085 80.6343708394588 81.6947423451655 80.4245702045463 82.1077601615742 83.9419135130112
0 0 0 0 0 11.389396487697 25.7382770076041 38.9452581276719 31.1223171915497 34.9025762943126 64.9839515606871 73.194820464994 74.2827609470359 80.5983402985748 80.8837539949227 60.8575753116402 33.6593228852978 17.5308147949299 3.5622765529419 4.00827426023064 7.18407433136509 17.7212490013984 19.9164153678149 20.9671824448593 13.7296618534669 10.3089527000099 14.3372677954774 21.0777299069925 29.0243377900167 38.6987233089319 48.68231710835 47.7049840123557 44.0257680237186 39.3595104431738 44.6513029169638 47.5849406293591 47.8345815927608 70.8572519555973 81.6987681390431 78.1072102252 79.5700165135691 81.5391384530823 80.0473209471827 79.1233060865903 76.3571606355225 67.000775272966 68.631781779198 80.3165349727882 81.7960512202768 81.9504726177094 82.5375372253451
0 0 13.34757022388 46.0381334281727 55.4785412715738 48.0762629689712 57.3628417801646 75.5425689248787 67.8778454623535 67.3002787289988 63.7937301281562 70.9429850394969 72.8105193483109 52.5127261459331 28.1319538906181 7.98268965439727 2.68303723352765 0.565284964740481 7.53038752536197 12.130515137608 11.957874762211 1.03190321660479 1.81702250205107 19.1005426693488 42.3543444111316 55.7719971328116 58.6007822678293 65.8406974132761 72.4886632859026 77.1477310630029 79.574430666276 76.7917752181088 75.3843158730436 74.3433198396682 74.1285365492615 74.5126181224292 70.5540517252473 71.2602995794952 81.7321455612131 71.6919608592882 71.257081980366 75.2818004806332 76.6538765265916 80.7786236912066 80.0250481846487 77.4037785769584 71.3273721889457 77.9713975084019 82.1587507457945 80.9191407009799 80.9224495757259
0 0 7.37147939530075 35.2671234454034 41.9834691063045 32.6252789907726 24.9187839899145 8.03765030316338 13.891791377172 24.7601795686948 36.4004792162816 63.5343746136611 36.9135193798002 9.00825188640838 1.10098284650438 0.00877090661314921 5.65324214696355 42.7858756133774 66.3059421495172 73.2553577173458 61.5933198406395 5.29311125034787 12.1257785578459 45.2418837500625 69.6608578013162 79.9160677736716 80.8095837856769 81.4582961166678 81.5836950032894 83.7156810038097 82.8202948018641 81.7202094317402 84.4787865648942 82.3313558318832 86.232067907963 84.9071082689624 78.5893843411292 79.0982661284441 81.6564636215881 78.4581248242491 68.644147050179 61.2300849590207 61.0523952556079 76.090024234251 78.1373107211844 76.9785850314489 77.5930985940927 80.2066302384168 80.7818612571072 80.1028109806869 81.329080587693
0.125543618973806 0.112801268220695 0 0 0 0 0 0 3.69711697540585 51.1055025512015 64.4916254633843 50.6538364130891 32.6906747712123 10.2781630772771 0 0.00942169718203599 27.5459815066153 66.3106705525884 46.164922918022 12.4567859641841 13.790642255908 59.710018840967 76.9460784842485 79.7108028663688 80.163065719384 81.0439974853484 80.162504642343 76.0899628146913 54.9409749651618 48.2251540682999 74.0471134332772 84.4939925318165 84.6980408212647 81.6038224149284 86.4257897892638 85.1780653799957 81.6608679981029 82.3477397917755 82.3552022326428 81.3295696400804 81.1463130030871 79.068190818641 75.4289224847449 75.7634316551855 75.1723198707366 81.9191094631196 81.9963472592007 82.2303111393032 80.7814090232783 77.7759127721523 72.7077740702244
9.12902534923812 6.34396540902082 0.219911003866797 0 0 0 0 0 0 0 0 0 0.0681630480333357 0.425980327210971 0.426273073223752 0.251332313663486 9.88530742308112 12.9405139603871 2.81585794638668 12.5109716344948 39.4138992168513 69.9256507147522 80.3895544299563 82.0544232092116 80.1185088548999 77.6603980917812 77.8791255986203 83.3405924972236 83.5043081460561 84.7128572275054 86.3549363062305 81.2526289712946 85.8463546543115 83.7001932296014 76.8062868677592 83.7615373128854 84.5843790361598 84.2251339465143 84.6840993761758 82.8571572255389 81.6243296819203 79.8763937171774 78.8795609386029 76.2169901245258 77.4163409157475 79.6392276610128 81.6195324436112 81.9468690191907 80.4258181277204 80.6438819019618 81.1677187318378
38.204742396766 22.2639148803404 1.40407828471603 0 0 0 0 0 0 0 4.08668646175094 13.2676978650393 8.38158074819005 16.3294616210461 18.8191160369892 14.4912043025666 12.7467622525529 6.45860052429006 3.64501981262222 20.5295885879232 30.1015179465324 46.4665242952417 66.2146561930957 63.7968243890144 57.9304561148499 64.1140596987157 68.9392941967538 79.3126118116419 82.3232001567976 83.7382807648153 85.3941496188702 84.1895041781716 83.9207031164109 82.58868345631 69.9076319521091 84.0402250945893 82.8022677097996 80.7113955847027 81.4725560572635 82.547166628761 83.4221725536505 83.1918305543323 81.6807142446451 74.2760121447022 80.6649131992175 74.9531365618765 79.6118185127535 83.1819473644016 81.6433088148595 82.5824181776644 84.4877474841404
7.95309948932411 4.76476304793318 0 0 0 0 0 0.143138520827898 5.49035948842864 0.121411633651782 13.9884035085141 55.4918480804013 48.4772931153546 63.0975796659884 70.942320330178 69.9460238446943 67.2904596606441 45.3097847143735 31.4744522010628 33.3821433247746 28.1675711117261 25.9727586058724 27.5607588993736 26.6953709449305 29.4665793984515 36.5985611455125 43.0788830579335 60.7302355361709 75.7220483558444 79.5788551047613 75.5067435052563 77.2799300586127 81.1447045343778 80.5437204515966 81.4212219006189 82.1991552823486 78.055117614003 78.9906264759684 82.008048408309 84.7093776987366 84.3469091273906 80.7756046929618 78.802826937401 81.012203496124 83.9095262865853 84.1633865708817 77.4330325966891 82.2822123808282 82.3144802397922 80.7394955220914 83.1767117240103
7.40250091483336 3.18475918081147 0 0 0 0 3.51098447275026 20.9155756576188 41.8124336363371 19.674185801929 2.436360210907 26.0805327282125 61.2802873400015 69.9810032202806 69.9948301357504 75.1853366940538 72.1751041428031 57.8897882275609 42.0716104789205 16.0590099358395 20.0893031732159 48.2710989644627 74.1913462178154 77.320731779448 73.7771676593427 61.1703128909074 52.8224012465979 55.0640360489908 70.4852239010189 76.9637236535072 67.9677716390088 71.0849211771126 79.24946060172 77.0687656179932 81.5990596935199 81.8549241065904 78.1339441612427 82.9973736124526 82.0627030762539 80.5729124326611 81.3214487235984 81.0755902851886 80.1095064215404 82.5552846172195 83.5272073172263 85.338051439784 85.0116108710169 83.8604253055808 82.7210578839237 80.8500685493435 83.7729951785546
0 0 0 0 0 0.97651920139043 25.0968455897759 62.7490642092234 78.4431486558774 64.8582773401185 33.2295650364301 19.4145019988067 28.7517106023609 52.2170241289673 51.8262906428365 47.4551293724435 43.6400357304806 41.1536027652634 39.7842988268454 41.9178557234566 53.3068820018674 60.8287674442805 61.0669472466991 58.5911165906888 60.7858811279959 62.9795217158439 67.4309498135029 77.4561178468886 81.0594449883451 83.0777246210639 83.8952401013937 81.0374243395556 72.8398075005573 69.677436214253 79.1778464781794 82.3066168389692 82.7187318059834 83.0560497272373 82.5097181422507 81.6253139498286 81.7691222090558 80.5514811629445 78.9402894828744 80.9427285920061 80.0311754899466 81.6680415362671 84.3464482325929 85.1464012426382 85.6510844277541 84.0641242519998 85.116994313529
0 0 0 1.21029184967591 19.5908789142251 40.7882910148037 53.298209322596 61.0908724946225 66.8114611735678 69.7166833951662 54.6182585591076 31.4079371685874 9.59558786279401 10.2198045097937 21.7529187495135 40.5943776178534 51.7826398007568 61.3435187150148 69.5622894222035 78.2828358505302 77.9066014764283 67.625630400159 62.9394101133353 61.3338370760302 62.122714307251 60.3035441211231 55.155565116328 66.3866084581251 80.1357488190935 83.0980795227413 85.1029264330871 82.1585084834682 74.7638823000313 74.7337773391716 79.6794766399764 80.5796146508625 83.0858926834857 83.285660788633 83.013359966517 83.2277149081642 83.4954855755209 83.084387963828 82.5007612232877 80.3734998340793 78.4967986611906 79.7054813632602 82.6620188693016 84.4217541880741 83.8123800810468 83.0905313980209 84.7732689687729
0.763481705150319 0 0 2.36015921436479 18.4224141060579 29.8629677424147 29.8801655986 36.2437282685217 40.604098892104 20.8729581042645 19.7653619519611 30.3203118923106 26.039658077346 40.1708697317865 56.1453179073861 59.3128492604316 57.925883605641 56.3827655828666 32.46976203903 62.9180133430447 81.6917394366418 84.3783733529429 85.3770568823809 83.025136520891 80.631915749683 79.7673436965027 72.5538657141535 74.5228507581106 81.3171975339771 81.5859343133326 83.4563665873472 83.526105338863 84.6059323975755 82.7891478402632 81.2583284008865 80.768061252386 83.3091491122691 84.6174521102495 84.3355141734213 81.7803596088229 80.2791839420187 79.3096767258172 83.1487743430716 81.028245762384 80.8607626731315 80.2478776856579 82.452947325844 81.8309548134604 82.9278861457383 84.5952496097789 85.2968874654214
1.13560310663871 9.69808944870533 25.671617685317 35.0234393276675 40.0853372983141 41.0785346897944 56.8040053130054 68.1041305768275 70.2449494962094 36.8978032935971 28.7547760429952 46.1167342402132 66.6569548241848 76.1695181841136 77.1902597372253 75.6029886072502 75.9550640237822 73.5933474948152 49.3265496238967 47.1267081626324 53.6343966789927 67.3977384519794 62.7240794496073 60.6405640360005 68.4094711871848 82.1714914700421 82.8018266703693 84.8014450311249 84.6639906037104 81.2958765591355 80.7784840581844 81.2110489912589 81.3373900100586 81.7738823423889 80.7365372143644 81.0391257354141 84.5543603140701 86.9337782411585 85.8326244430628 78.606513876309 66.6195032025527 66.1683879945589 81.3094414247396 80.2958313478899 82.4687278064629 78.6819156885806 84.9588401484944 85.304836059856 84.3128948334414 80.7418433912058 76.9490915479903
56.984811231528 62.8393841071745 67.9028897425776 66.9997814439366 72.562012566596 77.3146106670556 80.9276292925493 81.2254565089827 81.4927179418043 76.7284774390676 72.9275036812649 49.5535096716967 59.8865543200984 66.3452888542545 69.9413366407587 82.1176850851167 82.1376169095672 83.4788391694693 76.795448593158 76.5211548515599 76.284140892589 77.1637311857931 78.0219500532348 75.0853058930985 75.6073005998586 81.4439538564408 82.3844933943859 84.2140706621522 84.767013277757 82.2450280789462 82.2497049709114 81.0100338605909 80.424479638798 83.1039143803292 76.6320721548373 79.8673998016797 82.1182004086978 81.8675283834572 82.5446709809953 85.0470754123187 80.6469947424038 72.8686934312473 75.1763327085641 79.3370688681 81.0727835768112 83.3696369057119 84.7992591571427 83.6213519770013 84.4095730442779 85.4830422978022 83.5245574398026
80.3442260657273 80.4359361588942 76.9791473409059 79.5380512698669 81.6415462196694 83.3270976978756 83.2698029513631 82.1096212612262 82.9830867511652 84.1687592255764 85.4732131736677 83.4915644502527 71.3970417321708 38.7075341291771 52.7143705603523 83.4526011940929 70.3073234630759 74.1150028570117 82.6419970108899 82.271868873663 85.5301135894073 86.8946738796869 76.82154761407 70.1121046337395 83.0702064088286 78.8820972142583 80.9976885803677 79.5984230350451 78.4073985958621 85.2716292433361 77.4693203481655 81.9940128138737 73.1209175995186 81.2908166034496 72.8236073408763 84.6189773598929 84.7304885151522 82.7727762452179 84.6246550684065 86.2496915114105 84.3369835408627 86.1127917576571 84.4759342673782 74.6164565929626 74.3774994859353 83.2009821964258 83.7328952574757 83.6129870091054 80.8372263484524 80.034529221409 85.1505222475407
83.407539224768 83.890783748759 82.9369127233878 81.7200396131646 82.7795240346072 78.6053365463496 78.6077671762341 72.3809773002075 80.1887231593815 58.3021071398343 84.0266976197275 86.1384137576618 80.4700814678438 71.3310621691416 80.32392033365 83.3331500719414 82.948122168827 81.8800527013357 76.9361107644343 79.0110245821787 77.046792902224 71.8767903787155 80.9063137742025 79.7964570857496 67.3569134130315 77.6783371802829 80.83069161516 84.8969977593662 84.926571883818 85.7589764249747 87.9264452683983 87.489939427709 66.0494999948683 65.645853984013 58.4890135945802 79.4106542273762 86.4126595140263 81.0870696074317 76.713902794666 79.0286067380968 84.2685635282852 87.1027539878653 84.1051069281039 81.5148689559714 87.5103879686033 86.757592084091 84.5210670635693 84.9894829567126 81.0738238233067 79.8083277080566 87.5089174277713
68.9190617173877 79.5195356834468 81.0670609299954 82.2040433172951 79.1148591240899 76.0576963622879 59.9146994932439 37.4629264363603 46.954079843538 63.2922455454672 80.5594178044158 79.9904044205686 72.3044651770682 79.1914553054054 76.0481623919132 75.3531907039119 71.6212020262643 53.8374548446904 35.9091348715967 24.9897833629501 10.1407621063346 38.6244767010917 79.020388056618 80.0090864332221 75.9136058469163 76.9796121252199 78.1763696093069 78.1369022955515 81.4638843370513 79.5208214708274 83.0158517279118 85.0589619997372 87.0113398841354 84.6255930993529 86.6843266390008 82.6487127018796 81.3088780071907 75.2733278665796 70.2657616485332 76.2951008880336 82.7627150946688 81.508894414939 85.111757779298 86.1683894457369 87.2957489808258 85.8499871719045 80.4634910357618 79.767237277268 83.4017941924101 85.4040313169773 85.7463232200462
55.055122735169 64.8955135558804 65.7959225725291 64.0206992763389 57.0796742063408 33.1257908338355 22.2392972224707 4.21438556534558 2.57727753690429 20.9078880745743 58.560619202169 67.9468243838654 67.5176878689059 67.1189073519236 58.1949373361715 38.0950612330962 15.6947408076563 6.3470476465821 8.07478875685919 25.7618203257935 45.2146807214585 49.039541015123 52.9872206686997 58.1917125783909 61.3130011453184 70.0876200719122 77.3724813823235 76.0068402440766 81.0274119443329 82.5937776260372 83.5672895150187 80.1503564568461 84.0622710466169 83.1811787399363 83.7758274779617 75.3519979496458 66.8083600733288 63.2036137467987 65.3135439850583 63.9364303410178 59.8460424138312 59.8145902883127 77.2546166559428 80.9556361229935 82.4429912267127 80.6881146322419 70.9486397373831 43.6537457365382 56.2056705680243 66.8032063706623 72.1744977014737
24.8031256979729 26.9614372312049 16.1452570733666 3.75524288936642 1.04260657985865 0.249617258085837 0 0 8.75085461380097 19.9149043948987 16.9627138873849 14.2504529359156 12.6727000227104 5.66672164811891 4.40617420554429 12.7608220931883 19.7876906265334 27.6011744818863 39.9811006481381 50.8095918795797 54.9125329408499 40.110497032278 36.7368064326198 42.7871547329114 36.8526439392164 60.3670612751292 70.2122634671944 74.7946611574011 76.4292705200744 81.2177236109906 79.7671827611903 80.4377421898814 81.8365435328857 82.3027063761314 84.9153835065196 79.7049085710653 71.3725101110861 63.6472147269237 76.9892214258048 76.7249018947922 68.9402298575462 74.2055306119861 85.092217059193 84.0851233777132 80.3697610261866 75.396394526969 80.5698271832359 55.0078097157873 24.9713348835263 12.6258460487096 17.382827702738
55.8643129903425 63.7727781144915 53.7094990046395 37.4001834536602 28.7705933985729 9.39708039760306 0.650161727004215 2.03796470836459 3.84637314871077 20.8886529698657 24.8593545387987 30.7629908140824 28.3126791430921 16.3811998583134 26.1557513948868 56.2209985426455 68.8635917781796 55.6060238146917 51.2090564945662 59.2131020241934 61.9637258375203 65.8204806387678 79.1229197567682 82.7616729321818 82.1043212255389 79.6042125117354 68.4354657061453 58.394495872203 58.9704366106542 72.2056298819283 80.7131287911778 81.8552281566137 86.6159694168217 84.5936892889628 80.3417552543256 86.0436683348013 85.6551033015927 84.2866981551781 84.476647049866 80.539429919046 82.9836381343944 86.0409421216176 84.7661413332896 81.310374574437 85.1340230232456 87.1201812772354 86.5476101649843 84.8178903034575 68.3601423434855 34.0135539469952 16.3750227036731
80.5572352754776 81.0943648446621 79.2334702363316 78.8416735507454 66.6796363105151 41.8561523301099 36.3741584696578 41.444793851264 27.9730351799981 62.7048994486237 74.0048217005519 80.7535930734199 76.0675736995984 45.7988282067137 37.2099488439953 72.8450962257801 77.2054610280561 77.6653860101398 73.3178475670324 69.5980042780686 62.3881066270592 60.5049455350687 76.0669558595152 81.2937930296624 83.1240870937513 83.9001085465846 82.7807594587594 74.802418470296 70.3257990044937 81.1185574903937 86.1839438558896 83.7743314474622 83.1034477823741 75.5925290972105 79.4944314579645 85.4595978669942 85.4263994799205 82.6995545728838 80.1648969871707 74.6673642987245 79.5578595398378 86.0519368442686 87.261904103726 82.5018772147378 84.5012899404686 86.9874613248422 87.8850953427618 87.8817315444439 85.8728187090898 79.5032062167764 60.9362954344215
76.1313375017217 75.9802979685314 67.5060237090191 70.1877127757026 72.0273043530206 75.0544340467221 79.9775384177256 83.5520003566283 42.9562303653761 70.3823783230167 80.3899831726307 83.9886836930705 82.7270215789515 60.6828585428013 33.5259166446867 39.7065485230545 55.200199712724 77.628595406937 81.2699595173125 78.4848471575659 80.3620939044239 82.4804832927101 81.702647827575 78.3409509753834 81.2459709566213 73.054425648747 72.4388072428201 77.0675300921706 78.5601541911662 79.5353599788853 76.3562428506376 81.5770298868529 77.5001000079684 65.4616500621908 80.1271809664061 84.7642052994611 83.7543275097852 85.2392003660218 81.6677600994434 80.6437815117943 82.9882123254589 86.1753478542709 87.9420240213031 87.5103258375148 83.8650094107594 85.8802628233045 75.0554454224327 79.8784014364647 84.3233597193931 83.8123904422963 82.7772751649757
