data/soil/bdod_5.15cm_mean.asc
NCOLS 654 
NROWS 380 
XLLCORNER 3.91666666666667 
YLLCORNER 55.3333333333333 
CELLSIZE 0.0416666666666667 
NODATA_value -9999 
[rows 276 to 298 of 380, columns 510 to 560 of 654]
0 0 0 0 0 0 0 2.91553912598782 24.5506847089711 2.15055412742451 0.0908672211839539 1.40714373691173 30.885766567036 54.3966082987816 21.0358276497637 1.48277501140042 2.80787626685923 10.6188268799332 0.714286135241089 9.27176022420164 14.5117781176139 8.8515432985133 0.663426281980022 0 0 0 0 0 0 0 0 0 0 0 0 0 0 0 0 0 0 0 0 0 0 0 0 0 0 0 0
0 0.273485259432984 0.183843277832792 0 0 0 0 5.55879723964467 60.5290710001833 48.9001121303403 29.8399644844575 3.91002890485293 33.5440483755764 89.1881760433811 53.691069728025 7.05105018059556 11.0300004467326 53.2302736815849 13.0695989334377 47.9042178676104 69.6317431237798 59.2438640366568 33.951297225361 23.7218248015883 23.4644448252094 23.7265086809258 15.9176367867555 3.13386957423247 0.0297494404922897 0 0 0 0 0 0 0 0 0 0 0 0 0 0 0 0 0 0 0 0 0 0
1.18383346026756 0.286781231163378 0.192781145379861 0 0 0 0 1.32617427169829 32.9164668761919 89.1413853531453 87.7163962676356 58.747360520641 65.0122309663278 95.3898072419394 87.2718374100421 60.1088790121967 63.0374215377638 96.8542207174571 70.6654517751695 92.8895444057081 107.515724864294 106.221899781079 93.5395778425996 84.0964515529375 83.6023947019179 83.4219326811369 75.3403615702782 56.203087310051 45.3784007210543 35.409055811079 17.5924443905969 3.0076252012312 0 4.27357948809485 21.1726032786106 21.8443642647384 7.25288140626645 1.34531644680769 0 0 0 0 0 0 0 0 0 0 0 0 0
28.8180600637783 35.3164329828011 35.5230244690056 16.6342717514199 5.26914284396032 4.17135433474824 4.90175076504583 52.6517358839247 59.088435907447 92.1317942207332 107.531873567901 106.208306465946 106.283808385346 109.065904775651 108.826928710027 107.145505020494 108.616108423661 110.09605018295 109.226798646503 109.001466924935 109.303187601686 108.737464064905 109.215567367432 110.609804993495 111.105504926969 110.375655042395 110.976641142105 107.103777692084 101.344139978478 95.0544458585779 81.6739381394646 64.9542573000071 52.4624572385271 63.6520083228378 81.3915402927356 83.9148999706068 70.4600553391316 50.1718430622772 15.7020041064992 0.964410292635451 0 0 0 0 0 0 0 0 0 0 0
86.1780194105812 94.6455862998215 95.1970178266223 86.3733129667836 82.8868691429569 80.2668572006869 81.188414604463 103.366861348888 88.7405154250636 99.0307006012706 109.557148224344 109.593950090353 110.342762947822 110.304823131775 108.692336937719 109.324776268703 110.196220999332 109.708860001668 110.733521532922 109.546159944923 110.344672618122 109.759765333644 110.644428743364 111.917328794615 112.246004867804 111.755222559172 111.749592583422 112.628767133169 112.712388546673 112.341053663654 110.505485103087 109.594186823979 104.017794853148 108.936518140038 109.609772397142 109.790274422958 108.862683581315 101.872995605054 80.8658121815352 61.9198045351929 34.0002206899313 2.10629709872271 0 0 0 0 0 0 0 0 0
110.728624032491 111.797756906151 113.219807948271 113.371516646599 114.183075078907 111.620082109553 110.216934764101 113.538725856588 108.819217467506 111.223938595799 113.3551533651 111.266046452718 110.566231904152 110.849683490754 110.607828924163 110.627181808226 110.910303851952 111.315151997671 111.967830352089 110.63260903211 109.916747211022 112.997240317852 113.498175434178 113.968671236839 114.021932549237 113.016728979344 110.352656574435 113.584093215906 115.396823954691 112.957021982039 112.12957763898 113.56234895979 112.428499225181 113.564772776894 112.921118600567 111.574107405727 110.992012769854 110.922623378579 109.847379494654 107.844920529821 99.5680128921528 73.1964125995064 62.5879972325618 59.3376507704539 56.4316610792177 56.3310325027337 61.9551993878399 62.9733463963122 63.5481439773848 63.7598418935409 63.0538555719102
114.634050078827 114.381198161109 114.512832582923 114.890895955953 115.199527180996 114.198849795404 111.928508515534 103.948296988015 92.4781768790137 106.434565034805 111.916571842635 111.567246764994 109.675162270326 110.327432617895 111.071648069208 110.372937819759 110.313923578562 110.755951725539 112.28524814751 111.593397416505 112.490517744195 115.485054896855 114.888808203051 112.974997365889 112.717325785677 112.920440964047 112.99760586951 113.668646765852 114.942331219612 115.321227390248 113.15501678831 114.019698655878 113.362263829902 112.624626585073 111.501614371982 110.158764924164 109.994076037258 109.571936618934 109.594233461213 108.569156334913 108.740019804363 106.271744643656 106.34146914332 109.626874431647 108.966758186556 110.275842358429 110.132405281257 108.558162729486 96.9540231272426 85.3190669454239 89.4402280337264
111.055735581838 115.069838151781 116.487458759692 110.863737588316 114.783647623352 115.926070489827 111.170777078249 109.954162689735 110.19345983474 111.003027359236 112.315750980122 111.082941382702 110.560789683612 110.406201780404 111.11168006064 112.133495018006 113.15899195661 113.114332266068 109.259654564673 116.130187514953 116.67809744422 115.534150915064 110.904474821246 106.261927245092 112.418154973978 113.744399326024 114.999080514582 110.990670641654 68.8143301698597 96.7921846630719 111.662056160316 115.801931512337 113.198250303724 111.234370555363 110.049104341781 111.032905930025 112.057464016249 110.766409183939 104.634707128115 105.310298372777 109.718143312998 111.140580192393 98.1187205129284 102.563440433672 112.328742759351 103.591071506608 105.094262622375 110.558053607065 112.243207266014 110.820011759299 109.780023804316
115.896160873274 115.779234778544 115.907435233544 112.252985309588 108.597414336217 110.217367580975 110.767922215903 110.679216325232 109.311574232051 110.956088843979 111.255387834771 110.993293683961 111.100856048878 111.136403924204 110.765970823028 111.200745669024 112.439566599987 112.220724232083 109.146713371076 113.871407619909 116.92210177454 116.587198423233 115.432759782546 114.461870766511 114.427577308808 114.786515233397 116.118201578806 116.42329297458 109.682914406898 114.124340168267 115.532007581029 114.828154581955 112.343637066178 111.128274537189 110.467769513676 110.719884717135 109.983090145847 108.374867805893 107.353885877279 105.264602529848 105.019973144626 106.734332606272 110.572749231374 112.807877247936 111.915761867223 112.026650540938 110.890972815498 108.991140976281 111.004368680276 112.361038449859 109.472721018906
115.052023235297 113.384620042416 114.356878629323 114.596429791698 114.813149323619 112.924412529315 111.010639519059 111.47669084542 110.883680337015 110.12815432716 108.882098728486 109.050240283668 110.30440597164 112.184998335887 111.469237072623 110.751565098495 113.065869393446 113.789604115314 106.263361743892 102.35224935755 115.908491075581 116.56772307657 116.535884027254 113.774927158672 112.876678498957 113.251033137936 113.612902053615 114.14704578041 114.375863879505 113.978849744104 113.577283252167 112.682991285246 110.853831359998 110.124754994266 108.887763002683 107.461936103719 107.669458328669 109.197352033897 110.112397310666 107.479555690771 105.394576269102 106.983199626493 108.044776113228 108.630043029971 110.725240121162 109.873410328284 109.1987692115 107.944034703317 108.524943251398 110.024024309051 108.644696692391
113.66137799483 113.099818541994 113.232701559489 113.246277872237 114.474927180786 114.425675091012 111.687579994128 109.629413488334 109.724806171607 110.865992469269 112.800517608139 112.181510487624 112.904253751992 114.206615414361 113.101244908937 113.537781732268 112.762444065216 114.383024206391 112.771389239448 115.121194377988 115.288224481011 114.792867723888 113.329629292623 110.98017327687 110.263012923975 112.475474912999 113.765514222659 112.889069957502 111.581623296788 110.582018918988 110.667222121777 112.995190635862 113.491340195781 112.400329494008 109.574173105465 108.266105200375 108.272116849763 108.606445247279 108.730530359013 106.374190051209 107.77970321081 108.244046421458 108.116965030998 107.003422835183 107.551811727902 107.253406846478 107.537523673425 107.022331450917 106.612431389299 106.851582680817 107.07416866202
114.53302001382 115.711383722841 115.147028685461 115.136078560688 113.729147349204 112.815503291996 111.794470387686 109.972624147367 112.1926446982 112.372844147399 114.700654565158 114.913782190454 113.152935351704 113.353259534236 113.882014477648 114.699820771895 115.518757157858 116.859457947297 115.245685287566 114.570415887646 113.632875735244 112.574759219123 109.593531147827 111.422529308943 111.211576267781 110.935111609199 112.726261945704 113.272460938146 111.779728686113 110.087116182472 108.685626956066 110.880744087693 111.865901095433 112.309215500203 112.6179552135 110.624642147103 109.011997562152 108.453767799639 107.690877958885 107.92238709466 108.581826348795 106.630637101784 105.161104438687 105.828230668362 108.03670255269 108.615789940074 108.520440675697 107.824291074401 105.714663534506 105.679571078613 106.330870061741
115.566092574017 116.234462665796 114.758379679959 111.039653146779 96.8273589197083 107.840254821662 109.519172039242 111.273651508106 113.225820145734 113.887993048477 115.268944898043 117.068710477849 116.570190574692 114.625959700639 115.632997973053 116.681397481584 116.720546764217 116.766250329826 116.0878295703 112.892793037727 111.208907358209 112.011951691453 108.404388994235 112.447635080958 113.301948069365 111.85475819672 113.246094686843 114.720230552724 113.966149232802 113.751622135996 111.842749482537 110.14429099554 110.643520867169 111.453751092755 113.516661330436 110.783574298246 108.629795053877 108.00268678928 107.124889139917 107.664004548777 108.472647284692 106.969746295777 106.659339910355 105.999196596064 108.282246404034 108.813720777706 107.763562885372 108.304042712228 107.839812859487 107.057614971482 106.515520447579
115.273921884118 117.219235632256 115.898892582914 110.404724655529 94.4670997429127 110.152484689804 111.482568990135 111.705411564856 111.740965968345 112.077972597298 113.972212331649 116.517487011152 117.469630316196 116.485897961054 117.206822540035 117.833422839749 116.18033284574 117.519064671518 117.95213925162 115.316502580367 113.928561201769 115.223984543839 113.19722799197 113.689222172252 114.588837640638 112.639618969611 112.997351714883 114.474039129487 114.829686330795 115.712611676225 113.63153194414 113.322376940974 114.073907846485 111.986051021741 112.889868839669 110.735229395334 107.927552609367 106.894710879104 106.792824363442 107.488658341182 107.853772315838 108.073965879667 107.911437117597 106.647392769886 108.896351753669 108.959291231471 109.177738701266 109.678831641096 109.579012099315 108.328711987822 108.214298546474
115.318298090778 115.498900107436 115.926450209978 115.242691370242 113.210790112584 114.363738359658 112.71172380284 111.581607249026 111.826434743578 112.690114092334 114.500891156866 116.406305869885 117.375352038713 116.624476412841 117.074469707471 118.977073516337 116.325869123087 116.613555855309 118.765659960483 117.215600071666 116.218443976174 117.306726047421 116.260032330701 113.678237814884 116.282508089935 115.882621946104 114.82903611669 114.210971045035 114.945407037874 116.499072350578 114.785690641682 113.734404882784 113.587032027146 112.1950289706 113.810816097523 112.005360654828 108.85709583521 107.470702799006 106.974369536739 107.218992126456 108.18018674409 108.692870439031 107.678167376173 107.430551157182 108.371101121234 107.940058220137 108.423414402787 109.879194258279 109.802326911626 109.887572228581 110.957306471436
114.732281947451 114.187959686633 114.106876627758 113.132169445365 112.221464700613 111.730547448548 110.853969748606 110.999387928722 112.04724240093 113.405100537149 115.097283236507 115.942561704128 116.513332583041 117.281986381837 117.677493580963 117.747035370142 117.650963906532 117.683373504327 118.0644108789 118.096156181174 117.015261302613 117.438058988442 116.750371822132 114.661298844294 115.13462584847 115.956311517911 116.90506923927 116.365430795076 116.605591458375 115.039176212517 112.739886575897 111.469854149815 110.749725616549 109.624599974507 110.048089384896 108.377749681673 109.483794883568 110.570282375382 108.628701552751 108.010395958104 108.702610893174 108.518309541487 108.7184374345 109.661406908386 108.214581868575 108.5793057137 109.561233965071 110.6103053674 110.177628844797 109.712085039414 102.158886708553
116.772354565059 116.14330959481 115.612443929917 114.362570281322 113.280149540301 114.215674936212 113.31605935544 110.692592316979 111.900008231805 115.312788554239 116.340397237313 116.485393578941 117.80870838265 118.123676589143 118.378466383608 119.28638421606 120.383880441956 118.622836349335 120.794936538716 117.555805160345 115.302960928117 119.592740505669 117.926857303485 116.011834829029 116.83909846146 114.423299369394 115.521917617937 116.283416410606 116.868233405011 115.269812985644 113.033269816095 110.955723368447 109.708948529184 108.394352637729 107.470700379764 107.805903402633 108.812949255831 109.055841835409 108.546729453092 108.36644052534 108.651754365883 109.705194016708 110.260044270352 109.690466141744 108.624337313703 106.978595627403 91.815983545168 63.4348082342167 41.8835686621517 27.8381662794611 20.3023843996007
115.785808962826 116.819826034573 117.618933521573 115.861782479795 115.043793404983 115.837816965734 118.688931415864 116.527532725998 115.904976988333 116.336562785967 117.031118333327 117.337996729134 116.455759360949 117.09076498587 116.401992143407 116.8356170051 119.272477140719 119.862140276638 118.9739956113 119.598372491895 118.461466555694 118.11755406295 115.495379732092 117.274452042665 116.237268259263 114.800388224216 115.232651760604 115.420029467231 115.721362388771 116.562992981273 113.734096666106 111.765630325216 109.425385625374 108.922568748066 108.934340066845 108.398999212228 109.127944801326 108.948889196502 110.79737869459 110.451816515649 108.388598990418 108.516220682826 111.149837692784 106.024440457546 78.9102272050807 34.2783398305262 12.3601043820325 5.70954351670606 2.73381377126095 0.805702352494673 0.0789320000066521
113.89474520562 114.097951882994 116.871015385075 116.254285459439 113.885034704468 117.530873032011 117.298678090199 119.485971298104 112.547104130827 87.5592799138577 114.594873484659 118.241635204529 119.350645018311 120.183572998134 119.009159520731 118.632848566985 119.677753237234 116.893111158479 115.728865239958 116.917734747128 115.058731115238 114.461139102925 113.813267185798 113.186575398836 112.236015728101 113.195864541545 114.565203820156 113.776415766228 112.739307323719 113.817610529565 112.819177598101 111.14472734329 109.711484678465 111.217863845622 112.602054593408 109.720698367496 108.910254690611 110.022621928649 111.520815043493 111.853458280467 108.536634559451 106.965852584208 108.244142156845 56.0451317638864 6.66707776162138 0.520555343890591 0.0623978775976516 0 0 0 0
116.7519170347 113.839972063902 113.779051401374 117.336219751623 117.809708468714 115.481467010046 116.965184814732 118.1864664614 114.800454357572 115.760253478669 117.393243298842 117.451794241321 118.257839858468 120.167792082111 119.081357454581 116.630726373441 118.099653725976 115.925859490625 113.073148497847 113.544451863432 111.128752175644 111.475526228941 110.728552877729 107.37167531123 93.309221158171 100.537893344498 115.280187944526 114.799098708603 112.684557760665 108.855137744773 108.612147793163 108.722358183938 111.663723785954 113.64678908436 114.049121381827 111.44655159292 109.241498376387 109.013662614925 108.81248604604 110.433257311133 110.215629756569 107.48848472388 80.7343340937036 0.308634711922763 0 0 0 0 0 0 0
115.517648604489 114.991191407474 114.275542721012 116.558474749118 118.911889265744 108.459837069076 100.142281324148 119.864225117712 118.874438873334 118.315788226824 116.98846008758 114.969873047975 116.3679439395 117.871567050152 117.646449012698 116.145821705478 114.709966972103 115.660164858061 116.981669191472 116.091823050063 113.853636146658 113.257130823515 113.840850246728 113.994325160128 114.121511844705 113.889760362617 113.819102155831 115.693594289598 115.059950105787 113.089282865689 111.864431135835 110.439275167166 112.048336647708 113.386917438719 114.515981161719 113.881861880893 114.523829429522 114.088854917603 112.478200989168 110.0309287911 109.247124932223 108.578352215032 83.838347227473 10.0531486319719 4.50079762526165 1.10498744079632 0 0 0 0 0
114.893937150076 117.001896316451 118.720236450331 117.201981615898 117.744635452676 116.499753302518 116.99707950115 116.622901684218 116.811417772284 117.090260032806 117.360082115185 115.39601466354 116.706424976846 117.009354859588 117.561929659766 117.585797786689 114.569637086573 115.28359641542 115.368546241668 117.446182717956 117.997576882939 116.816281089776 115.402721212676 115.295670569425 113.689605238951 113.659373816759 113.767457213111 114.177749610783 113.166652333227 109.341779350654 111.684551181908 112.90192355535 111.274447472168 110.860058307786 112.183223942924 112.306247187515 113.049189365434 112.756568014465 111.720932927659 110.207476573904 109.195459729306 108.517712258072 109.002944996426 74.5073387898657 47.97469355012 27.6682627117884 8.80271599825383 0.110106538690059 0 0 0
114.776315591253 116.520699212365 118.358782183423 118.217545280956 118.420130320993 117.344344437552 119.016664102705 116.875277713294 117.265264529261 116.028166063314 117.040074430094 115.54373894706 114.530033500249 112.972261274632 115.795696651457 116.934205644141 114.187125293172 113.872863923719 115.086926994187 117.304631339922 116.307794679028 116.659075006518 114.582129759363 115.508084185883 115.525870630887 114.831815751919 113.779230035473 113.290736102235 111.513045740613 103.026048708674 111.349343367781 112.449033666001 104.480999013496 99.5296370100777 112.820496954412 113.039022194178 113.455313288845 114.257254115375 113.321968760802 112.336915691569 112.008331774343 109.975168500481 111.153357363355 110.647417065039 108.888130048008 96.9634370335065 57.7495471873786 16.4197694004692 1.10260169167366 0 0
