data/soil/clay_5.15cm_mean.asc
NCOLS 654 
NROWS 380 
XLLCORNER 3.91666666666667 
YLLCORNER 55.3333333333333 
CELLSIZE 0.0416666666666667 
NODATA_value -9999 
[rows 230 to 252 of 380, columns 102 to 152 of 654]
82.7528271559282 73.7981650567984 52.6208917092906 69.8725125916687 74.9755628333439 79.8287644388403 67.34934128117 41.4259332962223 52.0885445587807 62.7309819987699 84.2648710919615 77.16805688832 64.2926639177224 67.792568858925 64.9017025156614 69.6692854908297 69.3256694397106 73.2079423420772 75.0702431189489 76.1817305720402 75.3038904103418 72.3649794901067 73.5092286681976 70.5140645875304 85.2196401972179 107.075065201348 100.491689877357 84.5450925664236 85.4703419669183 84.3862723803193 92.150379395599 89.8651945407466 93.6528824030259 91.2320443352224 85.4840223377906 78.0592531988974 85.8282731199531 84.7157132816009 91.0218180229012 92.5115895772632 91.9460756596068 91.2330430697004 85.9286362521526 86.2575563723045 88.9456732831317 97.4338456976317 90.3010674845491 90.0317166905378 92.6504568555281 102.977152614769 95.9048650923602
77.2726791638719 76.3042830915345 63.7234891841093 74.3534860083993 71.0430558426903 80.8103661667512 56.8889038810208 52.0770020403561 74.7617967414764 72.9264123169563 74.5237991181827 67.4893368919285 75.8012450428288 71.7524904408377 62.4560359895129 62.421319363126 62.1896413054316 60.0043658931916 70.6161911860388 73.2981473107601 67.530734945029 72.3446741374388 77.5543367631769 76.4725486855335 81.8486017242048 92.2598011980855 98.2314956889698 87.9816136476617 76.8961584956971 78.4777842464322 83.275013443492 89.0152747241177 89.3157343434394 74.6135025562235 71.2949637663609 57.1305446641029 67.0456357207831 66.753055208859 64.8226103536449 72.0708935291597 76.2739738734924 85.0628906469188 82.2351717063146 80.2235067711422 85.4730563639486 83.785819123381 84.8519715228521 88.1911651218954 86.7177043686498 109.336075013968 101.382836632888
73.3250256873061 77.3603117660619 70.5176965031251 71.4729936703151 62.0589489944674 71.7285348489175 70.6657674622783 70.8743394707938 75.9264049146527 73.8258528263708 69.7341988665399 68.7833810540223 76.4214606531341 70.2424138325814 66.5570427775013 62.0122794183452 64.1806324587565 70.8806686478427 77.2813352016554 71.1913671263505 71.0576577052411 74.8478217085043 76.9943685396972 79.4300663173467 79.5909548134672 84.4178483934321 88.0401026221185 80.609367347634 71.3065035846417 66.5427778849899 63.6336726206421 63.6174334750345 72.8420087723702 74.6816124327131 69.298896863343 68.2483780771376 70.3678074098017 74.1905838442479 69.030227586607 71.1081385969981 72.3733622291242 78.283376376677 79.0022885521229 75.099393064842 77.7891743613245 82.1451594144109 85.6688897814794 86.1527932588864 74.6110759545371 101.410002534702 107.59975465185
67.529216989494 78.0787229224613 69.0865568053551 70.506116851491 68.1475954217319 74.4093003084826 79.6912430489873 75.3000783092655 71.4448353056184 72.0796519755442 78.9969442363536 85.0622710860971 90.8923036464364 89.639464630656 81.1546700969799 73.944646965186 74.4057251912549 75.5133684912229 79.657361026332 79.2949403188461 73.5813243898927 71.0893290414339 72.1130270877604 78.5576164207594 72.4835123446611 66.1849390716851 69.2132224466523 75.1592304637435 76.3442537228528 69.4004407921043 62.4508996776499 61.5215893758643 65.5346528699915 64.7738090103058 65.647295536936 64.6634543683702 75.4566196412903 73.7980854389024 77.9267764258629 72.3509322098765 76.8359706506779 81.4606774080551 82.2308521374083 75.9504546669206 77.9872173286473 83.7447583689014 84.3564744975663 91.1934628747834 73.3005309798245 80.6707130866656 102.255556414506
61.2790155868473 77.7286425452105 74.3556210281673 71.5697015527077 62.8437805499288 69.1349697658022 80.9837598454471 78.2426005373954 77.9172239991258 79.9376850622008 81.1111646832529 86.4090600904663 89.9796289772125 92.8501358125859 94.5922989373818 86.1739353452101 82.5104277575909 80.3053506748775 78.7633376918265 80.071795315989 76.7746122996965 68.2340159200025 59.2006328546756 61.1244414163552 56.5977534513786 59.816126232926 66.3274589776446 73.8980097749133 77.5796583354645 74.3442053231467 66.6039849846199 62.5789306287211 61.3967708721231 62.4146120257111 62.2309089313309 62.8017043354155 70.4172031146714 68.4041509259871 68.1563366743398 67.8498280070517 72.2644137148883 71.9393125585937 71.2631061436502 71.4500909558131 73.4351546708264 77.8771294361278 82.1457806441759 88.4416126939784 82.1854187262401 64.6197375217602 77.4448172272267
80.7607202425344 72.1889960422583 62.190380821553 74.4819223866402 67.8454972134995 65.1849119622056 64.7830741211553 64.6374003143533 69.5205354576316 76.1469009534617 63.948723590015 56.4860369123629 61.8372712533937 74.781627124515 83.4450539973961 81.8273201471375 72.2077348346405 77.6272011882772 74.3021033101102 56.8626051956772 58.336769772181 76.2145751553324 65.327102351856 62.2506253873988 43.3658175796048 56.5938174167592 68.0662772907512 70.1756400676114 75.5376024372012 75.4759848942862 70.2388395372793 63.1693724880433 60.4139003452199 58.1622382155019 59.9532901510514 64.2148874838504 65.6163667533113 62.1236602454167 57.38970520302 59.0504094393639 61.7166981067147 65.4044261649783 64.7666569430856 66.4351023930785 73.1894303615327 76.9651185149515 81.9125153414197 87.6593358832551 90.9427015447013 79.8565198365472 59.6585073445938
56.3474436517914 35.3325559443001 60.682173327342 77.2669050802032 71.6647338709722 73.3417417528982 76.8538551395851 82.0961697160455 75.5885789025874 71.6681620952201 59.2206853368933 60.0617889402294 63.2023903116376 65.8295655641651 61.3595301101197 64.4632419901606 49.8144931470005 44.7300109109268 48.6622897682837 41.9259362886185 55.0432725109 68.8094398578967 63.9446525649275 64.0966337610624 61.6673670072597 63.7526703301793 61.2993625988001 68.6923831270355 68.8871679917673 65.8562079786632 67.0907086378595 65.0738265818766 60.6664587035965 49.0438388637288 55.5322498711342 59.1129705609463 57.6223168168891 64.1912853565443 66.5368657587585 64.2744922934073 60.8207067196358 61.534805514612 63.6471543613071 61.5561005049712 70.1053000131298 78.0061751403687 82.9432317350331 76.2898242681224 76.637915843886 76.6378638256784 69.1451825069859
81.0216334664655 32.6003731065303 76.2516914288459 66.6189152026776 56.5850212025969 68.2010235726255 81.7805672167828 87.5000318504088 89.5012620064292 82.5509277943575 81.1562870620499 75.4628179944211 67.3201930281165 45.7833614476278 59.2560261792715 59.5432483748028 52.960812319303 52.4342462769205 50.0192350594056 53.9780267362767 59.6183793058926 55.8736720149282 59.173825819662 61.4687809739837 65.5485476282748 71.0008250572152 68.506506010411 67.1172459461768 66.6036826101696 62.0755353591425 63.2349327017522 63.0442939644785 61.4940408729405 57.7952244647423 59.0863893969772 61.3005210617343 63.420457553559 63.1572247676522 63.2109977198911 65.1968059103914 64.4747850400119 65.1887006923398 63.7002278294596 64.5514995954738 66.9171486592246 71.365023580589 76.1848393712533 65.2380063277646 61.4037115427712 71.3474704759576 76.4598905237228
74.3373763090988 58.529631498962 69.2044082673607 60.5017422118819 67.0099744192002 72.7451536658241 77.5993027034652 72.4947722933725 73.135738926968 76.7438051308537 78.8752194667417 73.4757267564026 80.2372463608434 72.1248414577146 65.9891684396016 63.212923099212 53.8921436746025 44.9471225471523 62.9732354942505 62.8214161894166 68.5762504201939 68.5476421870766 64.4537075233558 64.6346103097823 63.2783372770115 70.727348339465 67.7001515041449 67.6813138854897 64.2732048499326 57.8174691836131 57.4409223682207 60.6366202261173 58.579330062833 56.1545423835693 59.2072365195902 58.7524383426673 61.6380275219153 62.6858899766584 61.178102846636 58.9823713613108 56.7178077249793 58.3463227323646 65.2232192713038 65.7912943474146 72.1133380499976 74.6709241328946 81.293716155367 76.6285700993296 60.3565946078184 65.646176462881 66.4526775798088
67.3038743287766 79.1124869671214 72.6702452203361 68.2760410323437 72.2246103614735 74.310339929104 71.3513677003749 77.367886843674 67.9629941087103 75.5222277324445 80.7462383931805 63.7037896715978 60.2589796522417 64.3632841981735 66.1618761871353 65.1319319327107 60.7205598495001 58.2709213428295 65.6388064642002 70.2035479029033 65.1717564175355 62.6330570789006 65.5074807400549 63.2919343859023 62.9850166108981 67.7922576127587 66.2552311093794 65.7669878315901 60.6951565283915 56.8848464925866 42.7842149254793 44.5593054061267 57.9542836201993 54.3192371998667 60.5903083563145 64.3736590352873 67.1303735614594 68.3242774060767 65.031390801432 60.7663727778446 58.286257592686 62.3155204437212 61.796260836 64.5590585198893 70.3730184693942 72.4803787720471 78.3313383441393 82.4107339639079 86.4445661043818 94.7722029646593 88.9115664315262
74.5565263640166 76.5364907033593 73.3130117177392 80.4907258506114 77.2765505975078 72.1977295302675 70.5173987431421 66.6507272556453 50.2164109216329 49.9937514465851 63.5520549420771 72.8514654499579 73.077946630861 83.2032180323456 83.814037123519 76.2056275163216 64.5435826952672 64.7383412973284 72.4713642375861 74.5500174932286 67.7802818916433 58.0890172111433 57.1423818643836 58.3134596803319 45.9030305522022 44.4772155579515 57.2839502773919 56.9513824348265 58.4886723828712 60.4391981728226 61.419863623376 56.5698303726019 58.8177115174152 57.3810506753643 64.3381940200854 65.792542325785 66.203336765592 64.1665371723962 61.1585613034124 57.0129124660223 49.248112341881 52.2188226384451 42.3934820022417 46.0005920000475 53.2277942168564 51.7572798547467 61.5129824730208 79.7593541258967 83.8946725485318 74.8111761615413 78.8838519495339
89.4904111500012 90.4297548284863 88.5471365500828 87.1059810323583 84.0912769185547 76.3239428713698 62.2188689764893 64.0441236411198 72.7309102663129 76.0790265564177 68.4168776680967 60.7859767868274 46.2064229351739 60.293158495701 67.4932134989849 74.7240359231677 76.8479800953706 76.6687758549978 78.0148659442002 72.3806726895394 70.7240417833951 65.6123833334352 72.0795223703889 67.5895555888526 54.0303519305979 58.0329208657519 55.0626178715037 54.128362876513 50.9950108815623 51.9725071125849 60.7370822680788 58.0839897819509 55.8130538701772 47.7118208885436 51.734492868908 49.7564612939779 48.6784759427371 59.3825304791736 61.1924380393782 62.6897620255472 55.5291038028016 52.0157858687009 46.448055426151 45.3248491406298 52.7582718073614 57.8114039096682 51.6391456267119 60.504824257924 69.9972891967473 76.5171799434417 73.3982241137904
92.6625782565738 81.8319323036114 77.227153300323 78.5422739836102 86.1192061335327 91.2650776709538 81.8883872300738 75.8251877370522 68.1770962876906 64.330786150357 50.4445546842902 61.1436088771445 56.2200124862176 53.2296482343107 54.0345487562339 58.4962655354797 57.8840317878082 64.7694070978138 70.6361578863965 76.7181671771761 73.8919848976869 74.7497593080505 84.2863669209029 86.5216248606866 74.5666554833696 63.8518859313919 59.9846266618305 57.3883815812186 59.869317987118 50.2299593333855 50.6686531241325 58.6983570733713 57.3875636301651 50.9345850128304 53.5267583963893 56.2087935364243 58.566861599611 63.3401474023651 66.2581413680517 66.4264872822646 63.294324073018 56.5241230313872 51.3480299475466 54.2219509029686 61.3094374600594 58.7799851859965 56.0847430419359 56.7631964065285 50.3501202112541 50.9807942162579 65.9053548557044
78.8131901400249 74.2652619999575 75.5917100851412 73.681527386354 73.0795415644727 89.0009145099476 90.7243886972856 87.8365237982964 84.1351261559205 73.1215779807288 67.3084649462578 64.5723618188608 64.0808670377242 68.7228546140336 60.9229476502268 66.5236712367641 57.1770731602238 65.1012320411647 63.385154829106 70.9540326900377 79.8645071501337 76.5248292036754 73.3703738875199 83.4729140622635 82.7021027218117 66.6247138619696 56.4138728745707 57.0424859955797 59.9410599979369 52.9188282204702 49.7521273148886 51.590980958938 55.2239845821382 54.560525754748 53.618800873348 55.1263579251964 57.0343484147727 55.0166424378055 55.1260699694934 54.8623274517132 53.9192018884027 49.450747446287 50.2547208898176 54.7814696546839 62.4209002529778 64.8434932515904 61.0647879387013 58.3489045374518 54.5970501201361 51.5995521517921 53.6818559956945
74.956150454216 83.2088067577103 77.8303806660839 70.4187678675109 61.6330524653742 64.5500727596424 61.969899452998 70.2140229142235 79.0004231289713 77.7222301770396 72.8647248425447 69.9455609429051 75.7084671428119 66.5902616124321 56.516902570576 59.5192615290702 62.1457466181257 58.6841413360646 55.1375696540632 57.541027658799 65.9614793492017 72.4747083202882 66.901452823125 68.9151371219889 79.6538626995315 66.1814905844161 66.2654809487625 68.3270348999842 58.6161540791302 52.3426930309657 53.7254694188757 54.6489478199799 52.5681546999785 57.5525431078683 56.0219430137488 48.4677518883986 47.4888744923191 45.5415044372696 46.045298580596 45.9504922336907 47.2849089303701 47.2470324116608 50.8766177725227 52.7423084240715 55.7865039365614 62.9093425442798 62.2811340881117 60.2125707471555 57.6828470275272 54.1526751335503 53.1287023191738
71.935070885947 73.3392034012217 63.6063652810397 62.8743444926641 64.7864525754523 57.8693333565327 51.3451739460048 60.440391510801 70.5787790969497 77.640610519764 82.639767817305 77.3773655691371 63.6871773604393 55.8434886947902 57.2348373020497 51.5179125744689 54.1289710059341 55.9581397877214 55.9982061770336 58.975226804383 64.1299426151198 69.5754702197743 68.8944020077479 67.2807136045937 70.7155471120815 69.913251101218 74.6896484506376 73.9079631098965 62.9897588384935 58.9416512479418 56.5867745782505 53.4236525471293 53.5584442650762 55.8438830584448 61.3993974526841 54.7421571696969 49.838852778126 45.8079530673157 50.5639081004714 52.7749555811889 51.8793414219827 48.913920337056 49.8682163526345 50.5477701465363 50.6940404293565 57.9006561765182 59.2782895033636 57.2636310605097 52.3892619355518 53.4637960069541 51.2564166234203
86.8381390915808 83.5106416856398 68.846481282159 66.7713990408241 69.4528895871877 64.157338463645 63.7309941082824 68.2062431302325 71.0081685486428 72.7816180992447 83.2362837303296 82.4467179023237 73.0060554912936 57.8808278950736 51.2704204448954 51.7004964685021 50.7854436629477 49.7732412078346 58.6559052624445 59.4252176898207 64.5652754929844 69.7702062681851 63.849485632069 62.9743838656249 66.1269195816208 67.7594408784162 62.0373157257152 65.4631523572888 58.1208937326143 62.3283831632594 64.4053164633117 60.9394360955295 56.0159758801698 52.2308412578753 57.9690498189283 66.8227593202766 63.1946882747784 57.6979243534292 55.3510992056144 58.5481791256232 56.9368855401609 52.525853095952 53.9000807834731 53.060768018492 56.9686646361102 59.1316667067905 58.8467599716801 53.4473920268944 53.5508214673661 52.7482981980542 51.9038601806028
68.8328498226674 51.6113947686623 45.3982903088564 47.4420287295778 50.9204111941812 55.1277813134668 62.1300669306966 67.1620775602978 70.2950122438627 82.9981929095042 86.2406995200686 76.9019634438342 74.7902033358503 59.9736108917162 57.3317343116422 65.2440530625964 63.9063724292504 58.3766810158269 55.2059854459474 55.6195400418225 69.985650777805 72.4181660333161 69.1280394438439 62.2205060799186 65.1522558804359 64.8192697512147 61.6162043661519 65.7379064628786 60.3406742038222 63.215907950572 63.2388846983316 59.1797749523013 60.823267640864 54.5459574294567 51.3386656653162 56.3656865332396 57.9813361279804 68.4703542885073 60.7610253635595 65.5585299565736 65.0522011407412 60.2475329434425 58.5030059156955 59.5717680911605 61.6754477007138 56.5318917845679 52.0645683802497 50.1291409174683 49.0139686001185 49.8171427995824 64.8734892072491
92.1385464719429 91.5509905286585 86.9943498587483 66.1416185659274 50.2237169190143 59.1289683970518 72.0408569872595 68.4113885820995 63.9688951956445 72.2267851824565 74.4479235670051 75.4578138805083 72.7769304148548 70.3065292337074 70.7796708324058 71.0843074171683 69.402296302924 68.8819949915721 66.9666349875661 64.5348118084756 64.9461464606242 67.4380343312279 63.8265766070189 59.4640421459582 60.122145148609 53.5723477657727 54.6837558536845 57.8576628617695 58.0981655718222 60.2305079293201 62.0815230425868 58.6948771958498 63.1790428796721 62.6852691798643 59.6013095102781 54.3641214971096 56.2692778290886 61.1727867095721 57.8386414337205 55.4609715635175 55.9337849091401 54.2468253925745 58.1416579773705 63.5768805930979 59.2607992113116 59.0800226387999 61.4495939184009 46.652683911136 40.1375677698187 47.8795332320231 71.6444810757129
81.1079881946036 87.1968325545107 95.9533483328127 93.4689548315549 72.1105417718563 60.4803158593913 65.4406511976466 65.7885378796998 60.2074899432623 61.2188924601914 63.3556803321602 68.2713695158348 80.4032781748638 86.7555508605345 81.1768568219992 84.5359129722693 81.6566368342043 79.8756837743032 75.2222834980447 70.7139968482394 65.9996056867126 65.0646156345223 64.7546605219788 66.7304581478838 67.4839411326509 61.7095776931636 54.2162017452068 57.8636290935076 61.6707303388103 61.3254256226102 59.4237331822471 56.4604376158936 58.0084998232091 60.5409760323857 60.2923092613494 65.166525375104 58.4176632136688 50.8782445539307 53.8755966957162 59.2933912780087 55.0204251955138 50.392233562003 51.6863011182811 52.4095943692516 55.7817724427882 60.1047588989487 63.5753352101809 64.3831103716949 65.0032081558564 39.9517074892946 59.7817640723564
47.2221388663507 46.0657643191451 45.4309439607652 41.3536893555634 49.804759825644 55.2999246753652 56.2207247247702 53.5183709044629 59.3456538136306 73.9840860970836 75.9723595603211 69.5148887673042 74.102796618698 81.8700851455568 82.3006767571508 88.9351713248788 93.3692354979842 90.6974799085743 81.7928225838573 79.0753140096473 75.6761595255095 65.9832835460063 63.6822095075068 60.025704649572 59.7953637436471 59.5444078354874 58.8122428356598 59.6656397487158 59.1815952500245 52.9164992750593 49.596454879882 47.7743932422626 53.2108211116711 55.4833556324137 52.5562705228823 52.8986827163794 62.2636815530421 54.1233064939549 50.7237605153424 56.7762549836669 60.3047413946976 65.4388606032569 63.758234600147 63.101705518808 68.6220644496961 69.9240318041544 65.1612391782846 69.2916199505267 68.0581217050453 61.6061935419935 44.2955248655725
53.83486746527 42.217193642675 49.8563082597376 58.3421580640146 64.530151073468 72.3691449916893 77.4638173711369 74.6747174633699 77.2596679922464 82.0049825869508 88.7217970504731 90.095965009259 83.9713685454095 84.3402695192053 85.809690484726 91.0078898519611 96.6559493906797 100.44761328482 104.641442066884 102.429482078253 91.3285276716434 78.0664527000521 58.6904527906196 52.3170895650615 61.6323884626484 59.5315526456282 62.522654025528 56.8652793813503 52.7485391828094 52.2118536102857 51.547784597079 53.949824188192 61.1330177300393 63.7519008537114 57.2151445796317 52.8537620071878 53.738363664625 66.9263540677717 56.2067385303778 60.725704946514 60.0184539215209 59.2500945211884 53.9661104356231 48.7555567489474 59.8816746878005 66.0096617625817 66.7194140491036 60.295917721485 52.052935231733 62.1212297534958 57.9388990883995
57.7086443073928 52.4353215204622 59.4110072786586 62.6575683017572 64.0387257390454 67.243704526104 71.6687048449198 73.8997531091126 82.0341623723305 96.4879039900516 98.8235197794635 105.394741007589 99.5292567524145 94.1372433555278 98.1062773749815 94.6167398459778 90.7119683938839 91.5537150946414 92.2733238002542 87.3110840834914 91.9393241627774 83.4873696788871 66.9760532129469 56.1949290643934 61.3756488407458 58.8126474353285 59.8714375320366 59.4340118160178 59.8285279465514 49.6817965241123 56.3240774789232 60.756624484338 61.2869059869245 58.9153127992877 54.5291801680719 51.7190033370155 49.5597907161344 62.6091184202164 65.0066886402839 63.8491354969492 65.0470849047782 62.0762840688121 52.9633922967948 45.3177071023116 51.2951054604442 61.8148741739179 56.4286238522026 50.0578982017055 47.9437774598548 54.5933641268986 64.9832695941429
