data/soil/clay_5.15cm_mean.asc
NCOLS 654 
NROWS 380 
XLLCORNER 3.91666666666667 
YLLCORNER 55.3333333333333 
CELLSIZE 0.0416666666666667 
NODATA_value -9999 
[rows 276 to 298 of 380, columns 459 to 509 of 654]
0 0 0 0 0 0 0 0 0 0 0 0 0 0 0 0 0 0 0 0 0 0 0 0 0 0 0 0 0 0 0 0 0 0 0.0185071869717765 0.633921818115216 0 0 0 0 0 0 0 0 0 0 8.20885577669103 19.9151356752033 0.271453648907162 0 0
0 0 0 0 0 0 0 0 0 0 0 0 0 0 0 0 0 0 0 0 0 0 0 0 0 0 0 0 0 0 0 0 0 0 12.7977152164839 39.3274145353612 1.92785738954667 0 0 0 6.16123969302751 5.93413965781811 0.730743482700904 0 0 0 7.66211068496761 31.2999815738098 0.426635015071315 0 0
0 0 0 0 0 0 0 0 0 0 0 0 0 0 0 0 0 0 0 0 0 0 0 0 0 0 0 0 0 0 0 0 0 0 20.5542919720663 78.8428735008446 20.8169298691421 0 0 0 6.46077930606743 16.0223437430234 53.0604761705695 61.215885397064 14.9559632277432 0.370702450606487 0 0 0 0.257494448719932 1.63744191663401
0 0 0 0 0 0 0 0 0 0 0 0 0 0 0 0 0 0 0 0 0 0 0 0 0 0 0 0 0 0 0 0 0 0 5.03241851946139 27.1454265786825 13.2013179424975 0 0 0 0 7.40788857418081 64.8238112285545 123.788893382029 96.268998683803 12.198743416862 6.00129331736832 51.8572509970932 38.6797566046526 16.1989874458498 18.0844568233582
0 0 0 0 0 0 0 0 0 0 0 0 0 0 0 0 0 0 0 0 0 0 0 0 0 0 0 0 0 0 0 39.3763569311078 72.3340532125232 68.1439126349819 26.5870772203518 0 2.32947332706844 8.60547774157482 0 4.09663042365627 4.26340863456868 0.2394621244081 37.8818579822803 129.545558661871 166.644026396806 120.273693612121 115.504204005545 136.273790944033 149.974556878372 145.689317174294 143.724536821764
0 0 0 0 0 0 0 0 0 0 0 0 0 0 0 0 0 0 0 0 0 0 0 0 0 0 0 0 0 0.276873842074813 19.3172851308758 103.585635680568 147.301525288814 153.45483369688 128.123986458639 91.3227854677987 88.9676030815017 97.671498119176 41.8495698285385 20.7752513854477 8.46285586406959 4.14801215366834 28.8042287300891 69.4546504889615 146.08819401009 168.38695905118 183.446802550539 194.117584497956 190.002372647556 196.865286207059 201.721925938695
0 0 0 0 0 0 0 0 0 0 0 0 0 0 0 0 0 0 0 0 0 0 0 3.70430186241343 34.4230913349134 11.9202354914772 0.663739432673186 7.71607946820942 46.8375236648491 84.4722225217272 110.904219346304 136.20256176918 145.587584900716 151.505159527585 166.961102881982 190.462928372361 185.166688612686 163.032391725827 107.816950633844 55.109146729127 62.3681539788123 80.6924965254785 127.700172915441 180.803130651761 188.551339056903 183.939336026034 196.395420657318 195.812841849984 193.470014447877 203.87611094639 195.752582183815
0 0 0 0 0 0 0 0 0 0 0 0 0 0 0 0 0 0 0 6.09186893456997 26.7430359252836 19.5713647887535 52.9448876721599 9.89983157045294 77.8932014313748 110.603016101702 84.2794325059626 42.6769263536565 59.4596298096071 103.74795799412 128.863795400361 173.319500970035 205.627537549278 189.874751828624 226.695882110711 214.379053906451 212.655363693619 186.692333252521 160.964442288555 162.953252794884 136.665494938615 171.001079810858 189.849749147866 206.098432985242 197.343620165236 200.911996282816 196.386779011989 193.256057385675 185.978268491874 182.584410051933 179.193621178925
0 0 0 0 0 0 0 2.47925310317406 1.93780945407616 0.1437596937735 0 0 0 0 0 0 1.30876432205692 3.13952468043567 4.5292198239105 3.63983918699175 26.820200826758 27.5999871444553 41.8861077987337 15.5525546105142 8.99627051722191 48.4102998858039 119.794035809176 118.320244988282 101.400854220217 106.752534773649 152.98850748885 179.16072367573 135.185310034553 176.276374909139 214.885240743744 232.772631055102 195.289583939285 227.075564216347 199.586355098319 164.218096121179 177.177205354924 195.853694275917 190.727238581103 197.412182832838 201.043918180378 202.517719391392 188.609150913741 183.642107117274 191.480587750417 181.9865298064 173.6574718461
0 0 0 0 0 0 0 3.43881249208913 15.7167262382422 1.57126649839377 0 1.19199762611924 0.170449310678989 2.31636651314813 6.04011803270245 4.98236111821338 22.8315394928219 49.1091501924738 67.2662224641315 55.3508185427501 48.873920246861 48.8973203547448 61.1238695673136 89.9959182487126 90.1957628117538 97.6076294754348 159.960760205734 179.911325298424 180.006898114182 169.776871751305 195.674495774353 222.759304597236 235.713721399607 241.612642626691 236.83015282252 227.708791492617 230.913222565423 234.707383408897 206.055672588592 185.453345581617 195.217657703818 196.577639122076 202.81883149638 207.161034127146 191.101459750332 205.254862346521 201.465298869989 188.365160035703 213.132432253999 205.080622221958 176.264264927123
0 0 0 0 0 0 0 0 0 0 5.98098966948857 32.1459615803521 25.0968424143762 35.9797756528433 51.395401750545 52.6700636679026 73.3658281760823 104.778247304562 128.182359221092 148.829793145648 143.873157344486 140.073663227949 162.372671427777 186.631486471257 177.810485723385 185.420749619795 207.521857038273 205.668257075565 193.722106223675 202.143150825557 193.590199046678 204.205788960027 216.484259989816 225.998659838227 221.483153680117 209.141046829987 217.878731751404 217.890029630253 194.881102893042 181.549114675733 179.820893100552 176.578849797204 181.261452568986 183.997027737302 181.33297833166 189.84213720604 190.408267741138 182.309100965784 187.384416384407 177.826004637106 166.556222901432
0 0 0 0 0 0 0 0 0 0 15.8713105441967 97.4850502796537 97.0711813925152 97.180266168962 103.20261965152 129.536449172114 146.003798817594 153.630862496587 184.808616116302 197.4832796786 184.363320723322 191.023935750176 210.101922760642 212.037154532369 201.616816780199 200.572161167233 210.860881381966 216.703382149323 214.421458715889 209.660489865057 208.996976103643 211.393197992007 220.310072834655 237.619325468859 215.050089884274 187.611216759075 202.497381709035 205.096206687102 185.677352680356 177.956977936146 172.354287676404 173.967920218653 181.324426631862 175.600879777011 167.901759878066 167.020996777357 166.40527883951 177.173647932054 189.226004106418 187.023467543208 172.961531087606
0 0 0 0 0 0 0 0 0 0 1.0889562821718 59.0474614871811 104.519314425034 100.785711697929 126.535982736795 154.668265266953 170.186183108364 170.037890738017 189.369075784943 213.169299708164 212.339058904655 202.627589320497 197.902296792647 197.430788587834 205.010032260661 212.727056505873 208.246389258625 210.866706365158 218.052289790983 227.024344011279 223.816392904061 222.582511028271 215.697977404107 224.251868234879 229.667896292 208.942434709804 204.737433575206 188.837397386025 186.815796446872 184.81861245321 168.86353829813 169.209906418853 176.181142816562 176.826340738809 173.195352410564 164.706614002438 168.999667324009 174.70925086132 167.238196509084 165.258697351276 161.037281988333
0 0 0 0 0 0 0 0 0 8.24720459349077 13.9567288305611 43.2045332806872 101.538720060246 125.772904818142 144.439307297002 157.053173200817 174.997764594988 190.387741113067 206.738328726936 224.942742947245 212.086110010127 217.656483406891 210.961349983271 198.943171767472 198.565612076548 191.24634608791 192.92181424374 214.357687703219 230.655231186756 255.24104588874 256.999371678883 238.786838015461 235.017572920235 235.371093495395 214.095627787427 217.280602831773 205.304881075136 193.333973073935 190.461407632632 183.120457608463 173.963289818187 175.862264240775 179.619880974138 177.665168486183 174.954187493884 167.584858203016 165.088498116447 164.847176295295 157.03399651641 152.762762794184 150.796284008627
0 1.14676148104539 13.2093239247979 26.1397494719534 13.0150942782022 3.80438485916048 0.803658839273261 0.0826986138368173 0 48.9685363043514 71.8151558555353 77.9488240558873 89.6224996002131 132.066857465913 153.820743424982 170.589134349352 186.381602954815 195.760692909337 198.967112987388 182.0198602489 182.642909042217 202.152516615551 186.458265190286 189.559875807187 188.138379465223 185.978348480128 184.094321860939 203.193276976181 219.58958957858 241.436903207249 251.717901071214 239.401606254126 257.709035014956 260.055436394135 245.164309657992 226.231878197201 208.365668189739 202.512486781099 198.92056375671 194.454543587476 187.406097419092 175.717226438372 173.623950496906 169.182474925373 169.085037003879 165.520460211881 159.360678417514 160.486987500591 158.937364286158 157.794185564351 150.541289738778
0 12.6980867048663 68.0719012283708 95.6882997513642 87.1795330648914 75.7905819287223 72.7690831273908 49.7347021141178 8.11253977583995 82.6454115161609 113.296820700961 95.0819582830532 93.3212243257049 103.522685537613 140.441740416947 174.131817271745 199.152746896468 224.941476912184 227.583978205582 210.340915120845 202.018937662047 222.02803321606 208.075998704878 194.883822786441 192.2226723616 204.301922114421 209.239084689642 211.718839982397 210.509750529288 227.523909260636 258.516733166826 279.452747607148 280.571642426034 247.424056611515 250.765735934866 245.302029672095 217.922211113069 208.435501118009 211.017369249318 215.051136468566 203.484860888265 173.720270136786 160.201496931607 159.097408326811 163.135414894627 166.110612690962 167.969148011373 169.323427790288 161.336677308745 157.248458070071 149.647859426509
0 3.45308605864477 33.9312814294419 69.4380048959943 55.1372096603359 48.8110120670394 50.8555751221536 39.2077265373092 6.27288222941435 19.7052002031115 50.2889941670486 40.630146995594 47.2680797716759 52.9924526348724 93.9017091231468 148.631895480783 178.727689742876 215.483550924499 227.043295112516 223.983045178702 214.565795123528 207.109098446698 212.077431536469 210.418303708771 215.878220643055 232.007003754765 226.210384250139 226.266176044766 220.616503631188 240.468803399158 279.630177218914 297.217547637003 312.644846141174 314.757155349656 295.664462354386 249.701940678321 224.21075290374 220.709047203131 216.26425383742 224.703114578329 232.506536894333 208.666857995302 175.620323359772 182.810536544126 185.876661700447 169.713274147326 167.625485289044 154.628163017847 157.75516298482 150.999143430356 155.201983268034
0.681842371825623 0 2.27247477489195 6.35405535986362 4.45978572839914 3.85921330538273 4.20645655758201 3.48416257191055 0.551058125949964 55.1396782147929 50.7570342771044 62.18565856137 82.0712203253419 104.698598120615 122.886145049876 145.785380253275 169.732390151544 204.978097233907 219.925243503126 208.597739340605 184.512405109961 171.360238529223 181.734792824572 197.076741950994 203.978128261327 231.497955327444 237.429696198784 227.20290961284 217.433647042312 236.343356619121 285.67986088321 320.120470575685 330.145931938215 341.932298456049 331.829737713077 303.960000925175 278.879321491421 259.068231457489 259.267427909216 248.800865134737 246.34560615167 236.773268027512 235.375947030804 222.504000723918 195.840331782326 162.068725103311 156.195481385881 143.134326519063 152.39668682398 153.278517781845 155.790239930749
2.22636525431578 0 0 0 0 0 0 0 0 47.0287272085501 117.425775725349 113.399640074092 118.977369635638 109.438042420041 117.535861829554 130.815736020691 133.251543756798 139.552692372079 138.046897098127 161.761207957011 172.280050756444 167.723507973324 163.047495322982 177.320688503737 187.754446698168 216.554162659082 220.690765064407 205.381582955755 230.729343830662 259.231787973405 305.149353560277 345.792102118747 340.864967042232 319.430776052238 339.492021854484 334.823850888159 312.375626047718 293.718758495089 264.32882904323 233.779494343798 223.046081025235 239.046175182314 228.355316100265 216.263465178092 187.559307970428 176.933191325607 145.031057017174 137.929360857089 151.336315603603 158.180337801856 164.602415398909
28.2445612490066 0.176462200362043 0.436770917115371 0 0 0 0 0 0.111242881472904 1.63914681909263 31.7508918473728 99.3060476320751 112.354965371015 120.567129011052 126.724929080426 120.525415647482 129.228050233923 142.098569114311 170.96064955919 191.522212587548 197.097266087411 214.603751968077 253.426161783451 290.733221284958 212.741574247666 194.987344931024 164.072796123824 163.984611491265 189.830628452363 231.66602178825 306.72527428283 337.199671219421 377.607426283093 408.826396626022 387.589086997442 328.292591104461 318.382937792702 291.536099003544 232.438236684506 181.698592745657 177.224137207551 179.061500147818 174.715830895674 158.118106317182 153.839369980168 150.034211634658 147.70706515785 151.897129644908 152.092223578553 155.319157241191 168.175107225406
11.8811348627373 2.12604260394117 5.26228039798078 0 0 0 0 0 1.34027063536177 19.8217204786407 35.8446874657334 46.9605131473331 108.210097839398 106.919053751781 112.845414169382 109.660831340911 114.073307394821 134.899817867187 170.229780407321 188.336064627294 200.222443151545 195.740261807125 195.840489803298 200.921056910677 201.850188440232 206.194995221529 180.099675608959 159.042441937869 191.81119286492 229.91373648335 271.544853778595 316.719270110331 343.936824679012 372.334082688707 401.850464671964 387.507615384413 334.897648942422 295.180145161645 251.871226518971 203.863494951375 169.54574929296 165.590447911389 161.53877475451 155.81509654624 153.451118517786 158.953635115667 162.742768004103 152.964441160334 147.996860176884 153.766596487529 150.54233984027
0 0 0 0 0 0 0 0 0 0.342137291673496 53.0889878425714 62.2384912981742 69.4947946978871 41.3150659371788 52.6595866826148 70.4541763801235 86.0203554020558 132.794220897901 165.257618238282 168.529554338581 183.674702148199 201.167001758305 195.348369955093 183.519277097219 174.831924563415 202.213819414487 199.909675814363 204.277029926642 229.226181479638 244.578499923581 261.791122469087 304.797146482113 322.979051804737 356.777220760468 366.851670718225 360.621971784947 325.575786538593 307.123006368395 259.601410454249 209.541116547309 188.165206906881 182.718133292093 166.809029485587 158.687289746365 159.618643774881 164.10796055925 164.755048885809 162.087136542916 152.899883939532 150.617059258933 149.652378156644
0 0 0 0 0 0 0 0 0 0 0.192357408443049 20.5684873226901 58.0345229184204 58.4175054232869 71.593422762454 87.8755648015501 109.104655691225 135.118911869078 151.175863249443 161.020863203213 166.131063247139 179.271443231166 177.10386214573 178.163032940059 172.651827868977 181.792558605281 195.010573874351 220.374339791769 249.283936050098 259.040782021282 272.822614756542 313.419497783641 328.963913306537 341.301411223538 336.9325017888 322.005678728823 299.640418728332 313.469277895966 268.691668720805 210.039560333612 186.420791513098 171.510544474764 165.732756741696 164.243986602183 166.422885021424 174.511002348021 168.298232486532 157.636970540471 149.294392547722 145.903911103298 136.826333580319
