data/soil/clay_5.15cm_mean.asc
NCOLS 654 
NROWS 380 
XLLCORNER 3.91666666666667 
YLLCORNER 55.3333333333333 
CELLSIZE 0.0416666666666667 
NODATA_value -9999 
[rows 253 to 275 of 380, columns 102 to 152 of 654]
62.8857087398743 66.2039403195622 73.2244780990359 76.3004694821982 76.2959866136869 78.4917573113149 81.613181522143 81.8634469220802 87.4808827431479 88.1963460804749 81.9596770245255 88.5726243188497 85.8685880318801 81.1737170372334 82.6650122561292 80.0600210421647 80.0241508194902 82.6655419356854 81.8319629013991 78.7102613078165 87.7870656949707 95.9553597617868 80.4761075706391 59.2035880131559 55.3225699812614 58.1631925296695 59.8844668119407 59.9629254154009 57.7558042871715 51.156285397173 53.1297425361796 59.8993678868259 60.6027237222847 57.8516017671644 62.8636772604301 63.1663261854655 56.2758864093176 55.449202204642 62.007314565668 59.1966619971092 60.610000960185 63.1380152070613 65.3847803785575 56.0458796334635 61.7197935354454 69.0053594916894 62.8380771027567 59.9446206833743 50.3423986431322 56.0337407859914 67.0328355185851
51.5371364478563 58.5960154243009 66.7053385284804 72.3521766171232 77.4829752282284 86.0924482415849 82.2921064028508 75.2961332502897 66.0018818720437 65.0646863462645 70.4910306717898 68.8153375382817 70.2045952175377 65.8444416821745 73.1203059294738 76.4537900273288 81.0760058460888 78.0487820922753 75.363760234312 73.678859953868 75.570455768395 79.4693498642195 88.7152581839635 71.6602053185316 66.0034280696438 61.4476802737263 55.7618198854969 59.3623761494106 61.5448044129662 62.6098825229089 61.4761353272266 58.889678082867 56.962010750543 60.0969502494911 63.1505069896118 62.3363437253141 55.4567203747128 55.1820875449655 66.1588003344097 61.7430402460962 63.6246914873592 61.7400118819609 61.1843353088364 55.9475953842896 57.0167733885534 54.4030844757643 54.5697723308749 54.6561797586415 53.0455674635002 66.6348800085788 68.2538240756949
55.3316896883382 60.6294105222926 66.0229663633368 64.0370162088677 62.1100688219164 64.9242476033815 65.3459273810232 64.4468804329639 58.5070300683 60.8436171981278 62.9952160071504 71.4459812928262 78.7951591939531 73.1587845506152 81.4204832634579 78.7355902247259 87.7238665498459 83.9908481230456 78.1858198122778 73.4995879271068 74.9545893454962 68.2942993163994 76.7081731425878 77.6585169821241 77.831039179995 64.271827941377 58.8298316626372 62.0184510432244 63.991951807527 58.7313923310047 53.4555133751285 53.9174369051577 52.5408323109053 59.1047875228741 59.2993187504787 59.4001332728121 56.0918592509685 60.1376124506934 62.5769578873303 60.5925432097088 69.3487639726232 69.5576022120504 67.2517961309328 58.2990426287755 48.9745692033934 39.2906941991658 61.9771441764052 57.9109249804576 56.8898619042467 64.1746509195108 72.8173202408613
56.7323664316614 62.2069068848946 60.6897838722569 61.2134981694198 63.8077331816617 66.9231315716876 65.0601765921734 67.2633833781408 70.0927092291007 63.0865957713602 56.8758150760127 74.7387487606246 84.8784555006112 84.7824191903827 82.9457933882126 98.2244127971745 90.1303325329989 73.2990259825551 67.8208619799967 66.3946981555625 65.9595904318945 66.8145355821638 62.3642615230288 67.3730325217354 74.9986192368747 70.916420448842 70.6053716030546 62.6456881022836 58.0872193945142 54.7496965861152 53.5435248645715 51.4530587636585 55.0068355732258 61.7386585921188 61.1870405999566 63.8176924226827 64.5560583976604 65.8251942340833 63.1112847208993 62.4412197846662 65.8513892056379 70.1396330936637 69.464144700276 68.443140114502 53.7968404049828 55.7463488893944 75.9355696315638 66.035830210801 66.0217295803232 57.8871285300645 72.1754562449971
59.6514334827387 63.2684346333816 61.2972854140973 62.5856094245549 66.1590739262141 69.3934132292087 69.0618454426244 69.8608733386411 71.8444356364703 74.7062210036654 72.4877462735891 75.8731004918425 79.9012178167128 89.4829267998701 86.2350147073448 85.9523525452244 72.4539110193326 68.1517544530323 60.4746465444529 59.2967472096208 62.609135420881 63.4296110174998 58.7747377612521 59.2664696665811 63.5492169689981 64.6389313699042 71.1463846490254 73.3933465882284 71.1084313726977 65.892902149945 65.8831632889083 63.9131076881785 57.84736259305 54.547139961342 52.39136971119 51.353820741142 56.7012724861216 60.9493303844473 57.7399831940188 58.9005147119275 56.2954027551831 65.4205914684153 71.2447819109012 68.8821260677813 62.4839517673221 48.9551291287927 74.5894064731678 68.0149721553015 68.5763981168176 65.6168918868979 75.2164767033436
54.8321370655087 56.9723658392512 64.5146493560299 66.177498481063 68.9470145744705 70.2884799953702 70.9703730627345 66.8440493263541 63.465963823679 71.4215968392842 79.0266433901791 70.8912541309227 68.6095745656732 74.8807670562194 70.2623071880769 69.0452909036564 63.9608149893543 67.598383843717 69.0526678659379 56.3774944665864 61.1396776428141 61.6185070699695 58.7531605617411 61.1612278666725 56.1646020210645 53.1843557592621 56.3351927437 55.5726441440036 61.884507121795 61.938824961596 61.9377935157995 66.3341446755973 63.0431859881568 57.704357743585 49.5956632581268 51.7244475338801 50.1912525445541 48.184700946376 55.66659751474 57.9768955045329 59.3571193901839 60.8918757516727 63.835544120543 65.2585076098062 64.2557642789672 46.4051275595667 73.539356769986 68.2631895299552 63.4710502286313 69.4030802760236 73.7317004154928
65.194160414156 65.4869022768498 62.5260195830959 56.3487329062949 59.1161185253029 60.5830352818143 64.100728794128 62.7430503018119 60.8626580877627 65.0524524957184 66.3215022749353 64.8977643132106 65.177288633636 68.7946598719411 79.0607800852018 79.9539107651601 71.541157301289 61.9474029393123 63.1126862756871 53.8422511587378 56.4724558496103 53.7826409988702 53.1553242254561 62.3314581158155 52.7920439980182 59.6480830767498 57.1949377828568 52.8257576485487 56.676427786321 60.3271208455352 56.3802657217182 56.1361621039464 58.0314908628036 60.0235671691662 49.7390932473325 46.2997541984075 67.3781149570207 55.5012335209308 60.8853034932136 58.9503742953529 50.6873299588062 50.8571522506212 54.6826733878501 60.2842843939034 65.9326903848219 67.4688726571308 77.3612288320534 76.3401916387836 55.1798082611887 86.8158545265325 80.360463676202
50.2040024028611 46.6384241776113 54.5565451023537 60.5371205333416 58.1048461276113 57.8990549126394 65.8856923605349 71.5836709924305 72.1240861867121 69.0655297335424 63.7179936885549 63.4606256069566 61.6875141158112 56.8030883868584 61.9354346709175 88.3129527463374 84.9971873590904 64.0947363243003 59.8917672983814 60.2624682243624 56.7630090281587 57.643699291891 60.8086716382354 59.6300834956373 53.2323582542695 55.4233632434705 58.1133891783808 54.0141403627595 50.7786858671271 59.1679563561306 63.4369297667455 59.8150482280108 55.0941268737684 58.0715673129997 63.6681954890018 35.8201799106557 64.2625020724359 63.906146717385 57.5599477430468 54.3631371012734 47.475687691886 47.8973187065568 46.1239162443603 42.9319442764748 52.7814496259226 66.7141947140192 73.6296765701466 79.4458621772003 74.3131182178839 74.2236843369678 83.3644468062754
55.0516791044422 53.6931990380048 55.9394239400304 56.5583202558775 58.9848941311675 63.1014012031 60.9839439357745 56.3468420355161 58.6251094626774 72.9248319975988 69.7669349070497 66.0832792734103 66.5360411974359 76.0728724283628 77.3040895701651 86.1598113378065 86.091042634462 77.2966841530167 79.7954294967284 81.2069811692398 67.9542384594404 54.2094501681784 49.5049944881782 47.8809789622663 56.4413202166745 53.1621344307502 54.3699650213331 55.2872497831683 49.5047868847207 47.6887507482749 62.4324580476347 71.094911493934 66.475955763761 56.9844854953238 49.7116596288273 48.0896469132599 50.7002563323788 69.7641605429599 45.8749423798716 41.2526487157924 48.7771769257496 54.6334491896953 60.5124261436429 60.9339591938688 57.7648667055879 62.8564462387651 71.2979160038144 86.9913273915657 83.2563587052048 82.9003083867884 88.745728939065
58.0478903347053 47.5335287921151 54.8689479776047 58.1728779278013 59.6165625650192 63.4158132621172 64.9668744394315 51.380408491658 34.8704379156467 37.159175075614 66.2626780157121 69.6579330322549 67.5636832583308 67.8295931381957 69.0196670074588 71.1121041475639 70.0602561970566 72.3681927733477 74.3104118082624 78.9453354317758 78.3542462669542 64.944153388429 60.300665969418 47.8368173709498 51.2198845525356 49.7233582889556 53.3949024054974 52.8309818483261 53.6275283158715 49.2805628578579 44.2416597277706 52.4161558621402 62.4243986781304 59.3051238995733 44.9589478710672 62.591447641601 60.5092122631682 48.838989292628 43.8258387212584 48.0937998508306 54.9480317161477 57.6954648665335 77.692122247575 78.0105218822253 71.2972830171556 79.4788538509557 94.8168391485784 87.5690257678992 86.5302306504641 102.116515840773 95.8011706429375
50.6631381897951 47.7031778174411 58.2789537462834 67.987641636366 61.8209684366713 53.3918153783009 53.0301842651007 51.6546530397025 53.5855998962918 55.1257760244589 55.884166311404 55.781578420801 55.9293774781263 51.6243439294081 46.9185175117981 45.8212735619278 50.373598316963 55.7457525257047 58.8852342148196 68.2096112026902 79.4385325857112 71.9010447563547 71.619438578727 53.5813954129589 47.2032001781259 49.8557740492202 56.5436529731304 53.4635036229605 51.7644886074598 57.426073194956 50.5628239576037 51.6660652361401 55.2359537153553 53.1118222300398 52.6041248870541 68.4521451179939 57.7874895475653 49.101040636882 63.5183814693056 57.0803770065113 50.9863190095787 54.4770482321651 59.1059627332054 65.9006668534604 72.0567710572936 83.1668446483878 89.1366217268401 96.5909606204224 110.668332810178 99.2184958500477 100.641096812957
43.2971936458939 37.9774238657848 63.0388841999143 69.1145592680143 52.4230143477448 46.3792554600993 44.5243185547072 49.6228855063071 50.2419925727715 54.7704084590607 49.1528071703287 55.9995315220353 54.6844292211789 51.7803504106662 40.5384462453026 36.7477124155146 49.2121422252064 56.4073976738291 61.5955526398332 66.1914211368986 69.719336748303 69.9078089067117 69.4643049881806 54.4174871663089 45.363034525045 48.0104514476512 53.9612827378087 51.4721642113301 46.7778731297951 49.8625967368639 56.1907052797262 59.043191403813 53.7635876041495 53.0706492686948 61.1950228454176 49.7863495119245 46.9092281837912 57.0586619494362 65.3904315658612 71.1302965167399 65.2142598786293 60.805795322974 65.4331549155871 67.3720851527534 65.1309741568116 80.8565019170436 88.8511904410921 85.8292211573094 113.112275300318 126.50728641454 100.252278790935
52.9566113601163 42.0186931465042 43.2578769178425 46.7037466005117 41.3290144462976 42.2923118254706 44.7546388167132 52.4829222099866 55.4554544941559 56.0895005097285 57.3705040808714 53.1225758916436 51.6467170193153 56.2311523854359 58.1551902552197 52.1146376841861 50.5871432002433 55.2074792805564 55.7854290995914 57.9622833645811 59.1945194976715 67.0470644720117 65.9325920408884 54.9179444288232 47.3482232124877 58.1745260801845 53.0675245982058 52.183112393209 53.7671313241379 54.4565814099097 61.1090297804217 63.4333246719228 57.8985782897221 58.2470910380029 59.7838720871736 53.2394550693858 50.800176059997 63.7159026027391 64.0471944379191 74.2881528259477 60.8352773500274 56.7032170167349 56.974064792137 62.5345076215297 64.4255071261614 96.6528457437861 92.510733356524 45.1720504335616 93.6478035565843 116.652979192964 133.017768192076
43.3607340917186 59.095522394857 51.2744870943365 35.9982694195636 38.1574485449974 41.3885824371864 45.7841795881788 55.58930015698 56.5971226828088 54.6880259716123 54.3000606802271 52.5118339679001 54.0190670567917 60.8025076352543 68.9728964756887 65.0472667104057 55.9823674883445 54.722828299366 54.9059215046633 56.8363185896975 56.3898816066915 56.9638046517397 62.1735171770113 70.5113605765539 62.6422909781581 58.5686112351009 52.4649460142113 56.7924122680112 62.0318339435718 63.1354215961475 63.4636337023306 61.2561192936845 60.1322741092786 58.8911949507585 61.9712770054141 63.4440894496844 62.1990121357312 56.2970649162113 65.5939016776346 76.5306207656672 72.6803041408907 65.5938443458378 70.2341200189716 75.7426949547395 85.939855226844 79.3464534282167 42.2639245785307 2.18229612767313 74.1571900553679 54.2190922996635 95.8444512840408
61.5111254926562 73.4372228755094 58.5212758042196 33.265362859388 38.8006370034508 38.6150950073819 49.9853300619146 60.6334214739901 59.8444487151141 54.437538419685 53.845067792361 55.5410681569058 61.0238257673818 77.7513868812071 81.7818061191128 74.9012337623332 66.6539271684702 57.5789057203985 55.0015445774163 54.3565515061051 54.503293558009 52.273032323291 57.0758292664122 65.9197312574963 68.8742924202339 64.0085999327548 60.8333542123867 66.4230272680031 68.0798409385896 67.2080438796928 57.264199968024 51.1571240565876 52.9493308649264 59.2250720956521 66.1573342950823 66.2995472101919 64.2056473565626 68.4413531160608 62.659261955601 70.268065942999 81.6585461282839 83.3403287889024 84.721881934144 96.8745875931282 92.3027330674823 63.4350994118489 46.2419750341523 47.3848470167529 40.6009721127199 14.6000361652116 54.7124619560516
76.7150838932527 69.6243681331152 49.8091535838055 36.3892677193665 43.2720310456078 46.9364717477978 54.1014030105267 56.4343421204616 54.5581206012914 53.6479286595496 54.1280091529828 56.1541884482005 58.2914985157273 70.4671765276096 71.2979192359852 54.7573943543087 53.0875718961697 63.2847657169628 57.6529876073096 56.8147590819442 58.1229593479056 58.8956527128353 63.1581124578603 58.2946459250272 63.2394086544745 59.6414174022006 59.7824351445075 66.548095713649 68.8128418739574 66.1626174677832 52.8311556358372 46.9621006778775 48.1804519232171 49.0083157742177 52.2022934346269 54.7686779598816 53.0342040740642 71.436681265577 82.3737899651442 83.9273933571649 78.9425653826671 88.8366602297552 104.558850487377 105.123724400616 90.9911792915242 88.5629247577643 90.1087481575288 98.8490897396323 87.8985705512346 69.5721783066272 57.5686988759783
65.3793996737618 49.7041257441717 44.5004869829378 34.5755284059757 52.3228598417499 57.5899274001355 52.0113675493104 49.1348439340501 47.3450624911105 49.6551495314423 52.2172985204937 55.3682016738897 50.1570517883008 60.9247189641991 66.4111313438608 54.3982743422989 48.2405449399556 56.0395828028262 63.8550559793276 60.8661544464592 58.6509303072227 60.6937088336399 64.4060504595766 55.3068268275526 54.5459054468125 62.3239025420898 61.6575028079342 62.6690590503707 64.8984940185421 62.4846645852245 53.082144229846 48.5126693118057 49.3747333337904 45.750238184546 49.7925928364684 55.8567745912235 57.44581608086 61.9935274797974 80.3678831963995 95.5976459624249 103.387304503621 112.404256963956 115.086041583834 100.048365888192 96.6660536611765 92.7928898524443 82.5369477633469 89.0358952477311 89.3904557126239 88.9567818719534 75.5534935713563
50.0418841699393 42.6607843249895 43.7420219954381 46.5950253150381 46.6580822397874 46.6129558504701 48.8340102878654 48.5403801230028 50.1104843730428 53.4434236140848 55.9284240265677 61.0964036626084 58.5489596012283 52.7195733314473 55.677139482998 65.2988442465718 64.4905449923571 55.4086508336341 59.7014531380177 70.4778013602002 64.904550546693 63.7987278654658 62.2995795846672 61.9429343047214 61.2058426682093 61.382679502931 62.2287412258653 62.8681846397741 60.0313705796704 61.5051051987277 58.6812050690221 53.9343173330157 49.004471569218 48.372981665531 53.1992796513011 62.7914281030361 60.8269835652221 61.3160669503106 82.3919091287984 96.8332376289674 105.11439293199 115.405532297083 102.327874783225 91.9727290418209 88.0460948073202 79.3408073577059 80.086153493065 79.1321808027385 78.896269271289 93.6258171688112 104.512640212575
47.3109598702236 37.5400428246742 40.9525019122346 44.2952425125205 43.9539944664644 46.7181965893332 48.5495572453839 46.1132468892969 45.8943068668849 50.3988237123812 50.7441577985883 66.8312665731593 68.6017781502044 53.6285066833291 55.5393430208052 53.1969645282163 56.2600912331336 62.4805240445255 53.850236909069 58.0138523157003 78.3295394903237 69.4924997147306 58.9426194667732 66.0059393736461 72.0523439379197 62.4437352220208 63.9414207172134 57.1920093169592 55.3260803653055 54.1628557575341 53.3761677729241 54.9565644875448 67.5865174655012 68.7759538614212 70.8898520007212 82.219339714928 82.6620413828184 88.2484514372971 96.2164254407153 93.3648243590233 109.152735513691 114.864888731797 99.347847811616 82.0953597655786 73.8053915105624 68.647653513477 89.3640757583246 90.9652734651056 91.8031904955291 129.776109140732 119.393772831983
70.4913069446551 70.7972342089015 40.9390810981692 40.5069115417711 46.4147505418793 51.4670588389929 50.1632612513744 48.1169420456457 46.370225035265 48.1743483528081 42.4635363339581 49.7000749839231 71.3586248694111 57.8260434162018 49.8737921268174 40.1950046924726 32.6861565066025 47.3166580137221 60.7330108789855 55.3187475733929 54.0269222381477 61.4394276201779 52.8159446569557 75.0658164196074 72.2643359457761 64.1657889696918 60.755481714394 56.8770770715258 55.3247199849986 56.6396222535482 52.5625514763965 53.6625695806416 66.6676462251025 64.2783123243351 81.6609283966417 83.4690206780674 81.0601148326174 88.5020568726404 94.0487026891654 95.1695370245567 116.039636313092 127.172452152839 96.9166137796543 76.8814770428725 71.0977648999781 71.25361776239 80.8833735278684 90.3596163630091 96.058849683107 138.74203446374 105.475241229958
43.2507901382095 36.7138151743645 53.9294224578914 48.5289475085847 47.2544033280637 56.5518095480072 54.880118530537 49.3677174855345 34.6234326404176 38.2992964234146 45.4175790395291 46.417180859238 52.979150614288 51.8614102237026 54.1238619097409 56.5573118222117 53.7044495606413 55.4075502201642 62.013856899008 62.7924971356985 60.3929839250425 64.6112221742415 57.0037944754438 62.3404168277583 53.9086722804863 61.1471080905698 60.5125032412043 58.8605919946975 60.2593456217209 56.4174161407557 57.1513314264871 58.0637275519467 61.4482956154476 63.2381200692795 74.6958209354748 87.8068147262013 86.7040811262403 84.1818677107727 96.0488593826987 109.750037857692 123.233825584088 111.687750615561 94.7220461880327 87.6787871770075 77.5935483746506 83.5802310789701 88.2841871338632 77.6710814692666 78.4647881689646 99.2950596646056 77.9631889215886
53.5349633108154 44.9766932446443 48.9645384527372 47.2970679279731 49.2178939612005 58.9035444072672 53.7123922499728 51.3125009523741 46.4843928417394 42.3500396435961 37.5385463399962 38.4736683922068 44.8169895231289 53.0850088951543 56.0525883463206 55.102354462477 62.4763065958823 63.2004256034171 61.77189470841 57.1854125324394 58.768334693994 66.1900545457738 58.1743053238999 50.8195309609199 63.5578331391208 56.8849224510697 58.586337516565 63.2516629976504 60.3615946401733 60.8047214266924 62.8542941338251 63.0401562751243 74.4853752605352 86.195402035899 82.1628704041958 89.9346881071071 85.4704985840387 88.1793789634249 94.0527502299238 118.389735117642 129.858323066712 121.829222952326 118.026418890744 107.526542700434 86.1022102844368 90.9845165469737 91.4384654995905 64.7318358193265 61.2562090596457 39.5708525282317 32.3922037517989
53.385344857224 49.1385810608531 41.4301305374788 39.1813294127564 48.9712653129777 56.7168982611043 48.3204157818437 37.596127658017 36.3661195904653 36.5952929044937 36.3832767250179 36.566625300863 41.5835783089734 47.2040896277703 49.739194968542 52.7860080015139 60.8868194587022 63.8432654248527 58.4097653306095 54.8533254265964 60.5303169185359 70.0996276399085 65.2178154393251 67.4472060721737 62.1448976339602 32.1565985052656 55.4494640184498 61.9465405078148 67.3303420260451 68.3800874305139 65.7197844272881 76.9655965038359 87.2983706740717 91.5245115615231 80.1679246891337 64.2856502064799 81.5887760844006 91.3557992092357 100.185251676682 99.523575871811 83.4680078898737 78.0866437474237 80.0760165653454 89.5357811089886 85.2421857853411 81.0734824469807 85.4608604886634 94.2862223276107 109.837956726943 125.443758394897 94.1045822173267
