data/soil/clay_5.15cm_mean.asc
NCOLS 654 
NROWS 380 
XLLCORNER 3.91666666666667 
YLLCORNER 55.3333333333333 
CELLSIZE 0.0416666666666667 
NODATA_value -9999 
[rows 253 to 275 of 380, columns 153 to 203 of 654]
57.129841296792 59.8732363773825 79.4366685267213 72.5757379323964 66.4013939907842 66.4376654404705 59.7293373321903 53.569388138111 60.984152370065 72.9160399440565 80.5300556979413 83.1349935194793 68.3866760316143 66.2215082159687 79.1167240673919 80.5344813262091 78.712808227065 90.8062676934573 93.6166197129147 79.9097542449719 28.1888850548999 72.2633649734887 105.334058731262 84.900524453229 91.4345517341879 73.726600933699 62.9533784868296 56.9870549161304 50.051047451383 45.4510763906818 45.9446792885804 55.7011711397363 63.5607518566523 58.5971368572674 45.9681915702004 44.9630657111026 51.5488570609267 59.9764754037007 72.6800726595936 75.9844266563039 74.8602527404591 77.2370937469552 76.2673913355929 61.4028862863537 50.3546035702602 42.7937976816094 48.0393261892401 61.8532856840113 68.4676497964422 63.7214139494504 51.0610529839893
38.8308773168141 73.9848052472011 79.7176960628981 75.2302724141903 69.3232996694448 68.2071068175977 75.4153254680743 70.5131936644489 49.1410530391824 78.4233250391818 65.6997955360594 60.0849876028534 56.1496469975592 54.852961263367 65.0844153805046 78.1121738990648 80.4372169638242 79.1133236084992 78.7634361382891 75.3214917032983 75.4998246273652 35.1819927463864 25.882879233253 69.9858978944112 81.1429141099248 63.9422408654195 57.0784020185179 50.768013249003 48.811792273338 46.3552213633291 48.0143800847051 56.6847982427306 57.8214525987528 59.2946345893851 56.8026909723291 47.0574318085991 46.7856738036801 53.6085701841117 59.3632560698683 74.9976960328155 99.3922011171331 114.598637620522 113.968415176361 82.2440983626209 56.4181460242535 50.0823964385359 44.5380388497093 48.2972067388214 52.9835963388545 49.6933427125921 42.5533533635777
56.1976406911834 70.4208466186568 63.2910343896029 72.1053785678041 80.6881102093414 76.7466475338557 70.2533531310129 69.9451866600223 58.3253425518809 74.3112984349794 55.1348733017501 54.6820272343001 61.7538897405052 64.2057446567252 66.3146485989599 67.045156264012 68.1280947451571 60.0084612940987 65.811079815773 67.6771377285408 79.6501445366842 52.766951688394 20.4678061837938 92.5247071142348 82.5679044416615 71.5151628222064 64.3856551940827 54.7267470640314 49.9571623973982 48.1591306913894 44.0810899098928 49.4787099253816 49.2774180816579 51.3767937957209 51.2166450843194 52.6034339507499 48.3163343052827 48.4796047183579 54.9970733629521 65.6987328948359 97.0731588459071 125.098568764448 128.656576393286 105.468261803544 64.0533588540742 60.0092139033259 51.2730595330901 46.1205576216394 47.7220143585431 44.3057829241301 43.049857514386
73.7907974139681 74.5132643993253 45.0403673074464 48.5391971198722 86.6726790578176 89.7602642770367 73.9737053468195 66.2002389995418 64.1713747331688 62.2151008270223 60.9426030908715 67.4890779626399 74.856714503058 73.4245663215571 68.789340065158 67.5135141724474 71.1841782163528 67.3159995863959 65.3214055609553 66.6541824029696 74.8478092918051 35.8045688340831 24.2189687383811 97.9401462647471 83.2043698148405 70.9086391583435 68.7813434258104 62.5571074516823 57.6284530737207 55.309664767646 47.1005829297183 55.3260066427599 52.7747424740907 48.7331987064195 48.9205076971768 50.7205547152068 47.160484700179 46.9922806912189 49.6751915023257 59.1777646861333 85.4577215582008 112.941208054715 107.267321004896 99.6807220508813 66.9996296080612 60.7348982764481 57.5471282152759 47.0059143764654 45.9389703519455 46.8116266640145 49.1153481248108
82.2634964250406 77.153630236997 40.6180670935443 40.3582092630516 91.8076411361524 100.353868945736 82.1000364771067 61.8971470728678 58.5360739131655 60.3370677721677 64.4210113097501 61.363971184598 67.1530984868539 71.1659270136759 69.2318307827265 67.2244609390364 73.4414563566827 76.2727748794296 65.0362762273382 65.5716122150373 67.1510435956041 61.5214710765231 24.7582102139613 98.5425122552181 73.3625531672128 61.0382139313648 68.21726404601 68.7118540259524 59.4004262439182 65.6610894986148 58.9111373789882 50.2505692681881 63.9452970089775 60.4127486328272 52.0886397124278 49.9087653205907 47.4896939814277 48.1719349366707 47.6145150954395 64.8940350356142 95.1386792322893 104.079256571958 119.423700545991 101.75144631066 79.1659105834718 51.8860339700038 54.534344099227 41.3455177664907 39.8228987037163 46.7769299849664 54.8143090794517
82.1715578453442 64.0053160809107 28.7626052315466 71.4424030254647 111.11877269787 117.433456066652 91.6374010752069 72.9947009763916 64.0780496329997 65.9674502349092 60.8460968519833 64.6983180739098 67.3682764022472 65.4084785136655 60.5635245489978 65.2355645341511 78.3364165402533 71.4954325384786 60.21749281084 75.1823385061574 76.1758588564465 81.7480397604781 59.8518729036152 92.434051806572 74.3353927281072 62.5547851939721 64.3306396219869 66.4211408814105 61.9076140944377 69.6558353957541 69.6191397895097 42.479014170976 58.8410336075166 84.0263507715684 71.1310708899017 58.7445280241064 51.5012164023384 50.6305470509502 53.8323135857857 61.0047781111488 80.0888246277133 105.091910485249 114.57883440861 84.8561511586852 62.1528335505765 46.6511994436921 44.5395654703676 37.4420527044748 28.5831364231876 34.9136137093485 46.9081701228098
83.5733085550723 60.8513879840331 45.5000272724132 104.03332145596 112.721485359353 107.516745420634 103.69612028407 99.5804482440521 74.8814780141579 67.2539905172712 58.9838087015756 80.1751296417991 85.7211892630304 85.2031481661444 74.9293479500413 73.4612074735307 88.6726257342844 54.495284108921 48.5666541998723 81.453200264124 89.2795036348475 97.2543716870444 100.200518572004 87.5883556311893 91.640022214879 74.2652865979754 62.3252183759203 60.8852350337122 57.6528807918663 56.7176290503277 60.8153027962378 46.0598145839573 64.5463719934724 34.8211067949106 78.5720765261939 58.7156459451327 52.7210366261595 54.3168595137434 61.3177535138195 65.4189352230102 69.9367558920909 84.0392150310645 75.7544430506264 56.7807411842702 49.9783122933348 50.1317923533372 48.4881564176677 43.5978619396363 42.0153938595784 43.0668088912537 46.3288454795601
98.6468013719203 72.967894544088 75.1081649179565 106.067321692672 93.3796737832486 99.9691501525366 116.394726984236 108.37855247808 87.6345402900901 72.7514840805331 72.1622493692628 80.0969179671863 82.0895946768508 83.4344731548597 84.8194349498329 89.3535411815636 84.1149648883061 79.2194663820098 59.6134575849852 31.3858884115237 105.297259788687 126.694081241983 138.433752003558 110.506362610653 105.882792205788 75.5696743422355 59.7824639784142 59.2441642038413 57.9946541972872 58.075841596153 58.4825661763832 63.2464844013958 128.695125675373 96.0984825753344 75.3311170745355 89.0242097177739 57.43383828295 57.0115169229844 59.4700198391828 54.6961967250633 64.7042240277934 92.1230204504884 64.0107502166882 53.7933613281251 52.7021381904995 45.0871791970909 39.6246319629483 39.9627961300853 46.3835429035757 49.1062565281817 49.2345742997277
100.257063049367 86.3135738130999 57.2411599948434 89.6683332391929 97.6680175900965 91.8159230719444 87.1247559783481 78.0243992615892 91.6767198502043 83.6513028651052 71.516487682135 74.7268194524975 73.8062199864224 92.1893392905963 95.9062553361798 89.2923644689546 88.625818988553 80.193447868912 82.9911814240832 72.4105536507996 87.2809629695092 104.690517012821 123.6395246714 98.7877900749486 108.616766557088 86.9716068549676 62.6817985760935 59.100357601327 73.81812589267 77.7254378736773 66.0599892744508 63.5368679393219 87.9573958319699 109.040103645928 101.143502415952 111.745990389053 71.8820992410145 58.7785769102692 54.2540003370876 54.1046265745258 70.4973222751021 95.8769921332862 99.8157040286097 89.0099044821758 68.6148913796867 51.4770014419964 38.6322533561463 42.7096411848777 43.9704668692345 46.9966716409107 44.1495251833932
96.3986589182544 93.3034400672909 87.1486133362835 92.8111348758017 95.9087522710837 80.2107092009492 78.1483166407783 79.0691709092523 85.5363156400553 85.5061069073534 78.7012522159852 72.5716121929364 70.9713534251238 72.272633524406 82.5067187415177 87.5482705675021 96.997620888534 91.0230160906098 84.2495063258994 78.002669148827 84.6662286892765 97.4486452742889 81.7713663982712 80.1499718763182 103.150805051164 115.18424254577 94.0940873035566 79.8065275196086 118.19452044901 133.113498476557 145.509263552637 145.255647111875 138.494887010676 96.9512826265803 93.3460094977853 122.537713318949 128.421805468686 116.963978000637 86.4837402872569 81.4557806036453 87.8977842640296 106.950078493498 117.078810842797 104.403983028021 88.2023079500049 62.7309193616286 46.9903950800789 41.4480219248503 40.8540344028532 41.8808068226911 43.3292671990412
112.462194237034 95.4825436447807 87.3167453707491 81.659556312653 80.9801851499521 79.03381140325 72.9603852694885 73.3170541174397 79.1450664973005 83.9791325430019 70.4706407371757 73.2009352836663 76.4246984096043 76.7824755290158 73.2561217824427 82.3949086021089 101.320213202908 120.262251152702 96.4176760862162 72.3534188404057 86.2252614825307 82.8798623910734 88.2952560004106 98.270600010806 115.315574723002 122.651541684388 127.033064152962 137.941566994415 171.180665778327 169.615793924441 165.44947732516 156.033963785847 148.546252046231 108.395564546303 64.3743946163099 60.4343413805405 80.7724225015629 98.2213968570636 97.3916722619602 81.6212763318022 76.1943192619485 98.4625475415142 107.180652458698 86.2604376815938 61.7447491048317 57.8395397510826 53.807890270619 44.808663550675 42.7026767403033 37.1220870097016 41.7192822816909
104.709276094946 89.081107800865 89.1696248383312 76.2947407974733 72.1160791855621 74.7005421571093 69.5522356012977 73.1964871845359 73.3132737611392 76.7535084637056 74.9171071149746 75.6949883606975 78.4545809512166 76.4749344860241 70.7119634397639 78.3737952553211 89.8966648679765 113.58662096718 137.6403071839 124.67457267169 102.78187533962 69.3324198453057 92.4412178724014 129.758363533726 141.977640312439 136.985220391378 143.201393604575 137.619936595297 144.494998412886 151.468521809141 125.818251289497 104.072415301605 115.670637949976 89.0050818046051 60.5504824050655 58.3856569480844 57.5365314733078 58.7684853187901 60.4977947656728 57.8448018117621 59.4603063058612 78.2874999365528 79.1218821775243 70.5947536490644 63.4002081180623 59.5143729258794 63.2273357673096 53.7506691924991 49.8860705185304 37.8163759519021 41.7819135937712
86.6633828773459 76.3186121469356 89.8418611671452 75.7465348623994 74.6668085666394 77.9792712866737 81.0382146364181 68.5478769307585 64.597367445108 70.0258167250496 68.8982438583932 76.4450467731759 82.052648113284 88.0648490031724 93.437512610311 91.2590600122292 93.5366270570712 111.10493753388 149.503135295719 170.922563756332 124.469499910368 126.120717071704 143.853271592595 170.664923194091 144.614481747529 142.629127569687 157.707670685423 131.096457325867 117.789791787265 125.143309112235 116.005052950009 86.7159112806703 68.7412379681152 56.6954095125934 56.7550343152614 65.3057163801332 62.1596130287274 60.0956133569619 59.1022057578788 56.9983621343567 54.0058236096621 53.9959437970389 66.2292717038486 79.7895165158791 89.5401842146184 68.1074193812054 72.5605808006473 65.5768959979026 61.9705700525055 56.7369933235147 53.897074494102
67.2924923322662 86.4793335837838 88.1893916898512 79.907043725065 78.9700843526207 85.917777664019 80.0182224426194 76.4621380555084 69.24479665709 68.5028024282943 68.1836134617591 81.4931333054882 83.8680631562857 90.8793376495217 102.448717425429 91.6557971804186 81.7361874273596 104.814540356101 144.036731971447 176.907724725277 140.375073941109 198.082097408308 216.417269120566 167.180117671026 131.012354902351 138.040155415376 139.275322615815 117.037095338671 90.0949441544818 79.8124342801634 83.5067953646463 72.6431404302868 71.1221999348543 63.6364985558677 63.8526272728441 65.7817612216735 64.2384286625994 61.9627686654792 59.1300428326688 58.7161302519382 56.4528387512072 61.7117361171758 65.46112038033 84.4000569478831 112.539212224397 65.5633219307527 73.1934134094185 74.828081307073 61.6541100446321 64.7430108518726 71.3589817579601
88.6145329046615 86.9699817478136 82.2447505008348 80.8753969360403 84.342767517627 84.0462035726801 80.9170253327837 87.4648772695137 82.9454163973728 77.3139376226769 64.4580378397279 67.9114258130793 76.131436542116 82.457727544482 81.6725871307027 95.6530130173407 110.004370180912 91.7532517552514 121.435551078418 159.238053750822 125.802323946347 154.016347629221 181.156599842443 150.871145739492 137.587831606993 133.317460559 121.047470306884 93.467879410651 74.4866021138235 72.974994383741 65.4667678997601 58.7937808533298 65.3984334602627 63.2761871668187 64.3884283374537 61.9226341874763 60.4736987147165 59.6901487167918 56.7482976954912 55.3757765315153 54.173157471885 73.5286384762048 104.979494896112 119.64000268677 104.616624426765 79.8920405076155 74.8949514971628 70.8821578592342 63.9633008048972 72.5309226008878 77.6933322518623
61.7289088080806 90.5096579672121 88.5385727719679 88.2050714372144 92.2328492385857 89.3067575314548 88.063093543671 84.175406741685 68.9599043277291 60.5605386414062 54.1190002407204 43.6229880314248 53.4714654080542 57.5723609464419 46.885074514924 73.7512878487663 100.276704930545 91.7680734556483 125.84632327822 159.795815032031 89.1890403735824 92.0978195047535 110.678165305251 114.816915572097 137.113496293234 146.439656250492 106.577087580273 81.3160728874317 83.5223776556224 85.8957256272995 79.6592090208752 64.7785995186637 64.5365068983186 63.8733738435305 62.501191261953 61.1615114270072 58.5465528725971 59.0648620257184 56.144270604734 61.886485907489 71.3731087107446 91.8793010443579 127.438301793666 129.489192710612 162.57273787825 150.185590225993 135.861368045766 110.281149597659 101.815454507803 102.939800702012 95.3279747689111
57.2789542548422 86.880473797064 98.7502253281936 93.2822467894037 79.6245897512188 84.8238415449919 76.09960068282 36.0772039783827 28.6902042679963 25.6023282598948 16.4428068400296 13.9430185338554 15.7572653463714 31.8780943347107 43.4863360413768 45.5248298661126 58.3933653135404 65.9076172952603 84.2454558465443 85.7523442031621 93.853742207546 95.1868780758599 82.029766425177 81.3445874331014 95.4971051484795 110.695019094164 105.349252398861 99.3770916749164 119.753315308212 126.692672625497 127.881461472334 80.5042131015821 61.3482152137031 65.7628182892755 57.8178228055338 60.2482558977957 61.4428023415869 67.830031306365 73.6182624920586 75.0219354069422 105.264875901153 103.079672774415 126.149310857424 105.193577006029 149.280726663042 165.045641050881 155.48742275459 168.41439948905 160.354164012364 144.983901191769 102.85383379272
83.4648070961623 83.7258149559938 89.3755183935463 95.4810443439376 64.384518032318 36.0145911809748 26.562182159797 13.1390019104794 3.99543741005571 4.99709499787913 3.00632195258816 18.4939473515641 25.7355897516753 51.9232327852237 63.424944331417 67.5436804816938 74.7994682394729 68.7865225489771 73.0537343144016 74.3316136758863 91.3657355535182 78.5377897320689 81.0774451475296 76.9580344654484 76.1093531150684 77.9894012943985 81.0226819121995 80.3146951586788 86.618178610002 93.9215262659163 117.665616026246 90.5133592825291 68.3780735075946 62.2873645553638 58.4890324030776 61.960931001804 61.1535055646253 66.4816156981242 80.8295352873046 99.4818871945095 120.036489330332 92.7414240555201 107.130440904412 102.607156035108 124.235007081744 131.268970736552 105.661956543805 167.789326930805 173.986270587375 162.13443086932 138.168050999513
85.1479517962022 92.2283454539603 93.0045716827219 82.7926536879793 50.1603885464509 23.2855807740753 14.9517051047483 2.63562366325526 23.9355881431421 25.7053025278105 1.20738100321111 17.204613773901 58.1666579497578 86.7103425706524 81.2436339903493 74.9860779670891 74.8330892063316 79.877241435526 73.8627773084859 70.7561494237742 20.9343918128707 12.2916889745882 78.5806704775038 79.9090021433391 72.8020398469064 66.4797569043862 64.3249835365577 69.3397952842258 80.5147687825949 101.808133747738 103.487405119954 74.7134096031451 70.7056068411696 62.2987695461582 60.5079472487195 58.3136663414137 60.8753517077588 63.8399440053367 69.7970745105491 101.379102874631 135.497500320326 99.2092704447198 69.7680656135778 71.3849790902687 115.728504196979 110.254146181743 103.704409973846 191.986822487175 233.696604923398 208.835914459503 180.296568057976
83.5723528442873 89.2928531593585 84.5608286073145 87.9697208490024 60.9974764190541 12.7796457678181 0.111407087459342 27.8460846027108 120.525669718562 104.890667721127 12.5266275403285 86.9646299166584 70.2303120960233 101.053073289115 104.279037775059 89.57274029726 75.8452712364475 75.3872499160688 79.9897472751009 78.8636001787874 80.2176943322012 59.2113591003388 21.140265519415 87.5013684023553 73.0911418991643 72.7371276533948 81.8711142262125 96.2448370212673 119.363800948633 112.270965174536 76.7797943315678 71.6189935559186 69.694713601245 66.6473614883637 81.6700161810559 65.3902145121672 69.4594894566721 68.7828883883936 65.7278201332679 70.9812777661432 95.3565201563365 103.098891398222 98.2047225842683 72.9521574561011 147.692452008364 222.173080887758 163.779736208688 113.737514043083 139.060971537162 132.329480811064 151.081453667455
99.3466521898713 95.729604116224 98.399329292563 110.628039511025 87.988558226461 20.9182240391546 0.76229926377009 99.2777734440126 147.404707590872 160.292217980914 52.6866365362919 134.763659172471 92.7630000803008 106.874926679174 111.226298150316 101.996644387202 81.3760214714732 75.7577100262991 69.7195857853007 83.2778310805318 111.706961369611 106.016466810894 36.6877186908827 107.137788385752 85.788860731698 86.5992111328563 85.8748738448963 109.93400770641 131.481874618943 107.692395041174 73.908609720825 64.0167715971448 66.3081975374855 74.6454864335774 71.4005380517344 71.1925067586939 80.6502008391561 69.0149058287255 58.4314243429799 53.2034143064548 63.2066848861761 82.8623458406704 95.8499461857867 79.5755096656469 151.080144820011 239.08239316374 194.764211663575 157.209358346009 158.751022401752 184.918780793455 177.826886952295
59.3769363865025 93.8166352237924 102.844058326914 124.223183654106 136.383425228456 45.2926592004278 6.67879853325079 92.1288849379573 149.234565328609 174.965472745485 146.012131830287 146.899574955276 123.5053676313 121.138914481049 124.053653146242 100.0514408701 98.4708693330461 101.331623263838 102.977769443643 86.1860888709185 97.7154585165032 127.50989606997 32.6752195505432 90.0718967895731 106.937332751348 96.8211730269222 97.5773091633358 119.766150320088 132.500668017613 99.3609284305974 81.8265722390993 64.9285347768791 77.507516602026 74.9621948270413 62.9198290169631 69.3820680695937 76.8060328995212 74.7846727630653 66.5816740458977 59.7020948497714 62.6217501441596 70.8601569286009 103.566443322671 106.360003273467 218.300638256325 210.529907409275 140.477704544371 102.579879406021 90.6014661028272 138.273377904953 151.783873842903
43.4930014744068 42.904475646173 48.7957617228646 87.5261900414912 127.940125374582 84.4294381753273 43.0824318989775 48.378114216019 117.081567088696 195.199885257273 197.906311443994 171.105048191772 156.998632825177 160.42719670661 172.472161055705 120.603773317257 89.9333496737589 98.0621487235558 95.840779229456 76.184085549354 84.8303491261821 99.4823720548156 56.8498880549981 115.166922711735 117.325889936461 102.82854385859 93.986265956754 99.529535982246 124.401767174117 126.017070977914 93.6637053871305 74.1823988983647 80.7440797911565 75.0779887063388 66.1672310844502 65.3132948298215 62.6782231514361 67.3558553289742 94.5773235011731 84.4949028283301 67.6352091120721 67.4597295986623 91.2169855907978 148.44209008181 174.823853243543 82.7269534969403 77.0254089029238 95.7428105862221 98.8400234867761 87.7474127063619 124.421260371429
