data/soil/sand_5.15cm_mean.asc
NCOLS 654 
NROWS 380 
XLLCORNER 3.91666666666667 
YLLCORNER 55.3333333333333 
CELLSIZE 0.0416666666666667 
NODATA_value -9999 
[rows 207 to 229 of 380, columns 255 to 305 of 654]
523.175919636604 524.415244136235 531.115359296352 535.531400352501 531.14073459437 521.154767215053 514.411881773327 525.7579932416 529.344102355945 526.345469349015 476.63626770273 453.350220385876 444.085999852326 506.882553614314 486.042363657764 491.896601881211 491.458916132927 504.864590269246 535.113698225662 542.711864221441 490.709166216394 471.861517123544 447.751019172828 456.466685653166 411.868507554393 379.292837636541 354.055326034182 377.208949357458 377.444327313463 375.957068630208 394.340121445435 402.988706803976 391.771282043812 400.419383174175 417.132274644002 469.41253788116 462.14480873682 388.93344953645 318.532809997559 312.347010388401 397.745246086755 491.614362364785 503.929816112341 481.808129352976 405.3433271707 411.642891840979 523.511918388097 529.510324054019 521.600986880698 498.721598113402 401.817156908075
421.603415818434 465.750917864108 521.611542642911 490.451220040091 407.718741978621 421.199709848788 468.486997413583 504.605116315026 489.921337923337 479.398429606078 491.573475418504 521.20807926602 518.496664046692 525.543785628233 440.655957049898 420.554283723153 333.478384107823 244.184872417404 351.080470254667 439.817914260639 486.812804222665 473.055285478567 472.613641869726 491.599380884718 460.997816009053 476.002197974618 493.84143288925 528.543766504191 551.526200488253 557.963661130259 556.587930011964 560.45341861932 545.734806169885 507.912784291496 451.974103185034 429.422884708126 424.243079810108 427.629307092519 400.507386397696 327.343806908066 345.29843201917 397.415181650333 393.555861474072 399.671473621902 464.801460012378 432.700569046322 462.408649743197 528.399305645147 523.982849881082 526.956712620277 495.738499687124
488.864866946224 519.39039051409 541.649098496293 518.244282759293 473.84482081512 482.850134031417 490.813959988419 481.885265946802 457.764337067298 405.371739608601 382.760268299763 447.250366518673 509.510883816318 509.337653975251 515.654508564844 482.413403894924 399.289473669418 224.713773795892 209.379084690097 237.944340923058 321.024123312301 395.552435732022 496.211054765336 554.17072124424 543.159599092574 540.914627860745 541.373402616219 569.144091289892 566.302213324475 552.84986341453 551.960357681402 562.845603529399 554.023799495618 548.638744723542 544.071146906942 544.062543536532 532.907469951246 564.833913465749 559.896765645324 542.583492112547 493.630779097692 507.208315564268 496.758500935837 452.279849818305 428.215349653777 406.954143679797 415.448754441876 452.841298593106 440.098738678097 453.38484212326 449.335971869316
507.064209055437 474.24447262101 494.630948367982 473.513638754679 393.086370161961 467.268099410026 511.565991778022 493.911431153748 491.25237920406 446.987155990987 400.211264612894 419.02433906778 399.804905693887 366.999769812315 452.444620360807 474.48992237598 443.825241509374 394.014524365644 313.31234446835 279.615219641021 325.206818128019 426.229354981481 487.199544910827 551.204309187061 560.154880130744 554.397608175613 523.758545701534 558.195376903444 553.126233553854 529.273726426227 531.872776714515 539.484767093491 555.375533333518 550.850947357059 547.498413076057 546.858844777953 555.484435970932 534.633082486237 549.481114361063 557.241816241412 503.445789254555 505.742296656243 540.99668782542 529.267298661597 541.166874844383 480.773826128883 410.431853893484 399.743436565059 413.745974795591 363.084887309827 343.862903256163
492.926839084514 459.734833509326 481.433978335663 499.716802213009 492.487148237061 525.885108035874 522.008555751926 494.461719439949 498.770939158836 492.198743625349 452.318520167738 396.830433522372 384.830309008051 255.234111949197 457.056621065732 508.090379694161 495.953323150395 531.819237434818 553.403377049524 532.78376742179 523.442830501138 535.110375560078 540.233326438435 553.108318635861 557.069229458923 557.339094069808 538.692851045085 555.581392747902 542.032253940427 504.798915776675 469.385777834888 479.176900076634 540.313900317042 496.724191636373 452.227437369106 508.047278857787 529.097405357901 501.910143869534 523.641973479377 536.084927069555 548.220859160346 538.17267869593 529.632971183657 552.654062215056 565.364743447385 552.596071168368 525.283013809775 507.819680326569 484.695094809499 504.212281281065 440.177170075902
522.732379982871 519.167888554005 516.030369319032 516.08439261159 512.605539938803 517.291425750302 501.370753039009 403.36752377986 418.306018956978 508.290866983779 502.317658569217 420.73707128072 413.63682947934 194.926483718291 463.851698448752 513.936815683777 508.774087449682 512.95173351078 554.132150882552 541.480888403133 538.076901999396 552.679207093588 557.661415919576 563.775679200144 560.403179395929 557.961842003862 549.498953524446 465.196840184405 537.284101675442 531.438894168446 476.267210630804 458.030589064019 514.489493226923 507.844713728881 423.649019029845 485.509935680933 383.66390823053 513.217289952688 490.894401035715 505.754840456132 527.845454376286 511.235927494699 508.119375566615 536.897964271709 557.124450680129 529.762620475394 506.176511260023 531.216371197782 509.09438737548 531.467511609866 491.828100729588
522.179430711365 518.386218255654 523.786474753604 495.934995327608 517.685748505061 513.960002502889 504.643113715711 445.516418023406 440.95418740634 514.41487712858 532.923043549778 497.672402422529 479.778091394934 264.666391897757 264.74822686047 477.859494629911 472.587944816638 534.169563682974 549.918196163862 542.254881098573 547.959206627555 540.149353931127 546.23729925082 563.6874754217 567.065548977142 572.820618502303 562.5889094449 458.688649426218 543.287666003982 561.179156314624 528.926271817867 507.830990567137 509.716871196587 491.067167959056 439.020274947716 514.518699987906 440.38738564098 528.219572086631 504.344594243377 484.262382863361 511.727383091049 491.737663926629 504.039677927693 540.279460479381 515.051203896978 488.28161944022 514.109159850903 545.077764294164 544.135467714132 511.833551706951 548.098477288974
510.618679427435 500.229341614954 519.650507678018 503.901267427977 524.149324462603 524.076526748993 521.396564086518 503.815431677247 465.772797476225 493.193515338348 504.931684199959 346.530731968947 525.228131257396 485.891907811174 307.288022727332 448.938084760412 460.6552275644 533.953757781072 558.763164407723 545.746532231408 488.50438024472 513.019929244855 519.872519101115 522.260032540713 524.086371119255 523.082081500891 541.284425004551 541.381239752667 544.652678269214 551.823090985715 545.665868247888 550.915876076056 536.160156834233 522.745861563306 526.253832761269 570.862705960038 550.901414309424 566.595990658544 545.342117022895 507.517453052285 526.081154412396 540.184914423183 543.955061229129 552.079279505382 519.128126044851 518.550944447512 547.612612880045 557.629396218975 549.838569494702 533.316462949782 530.783796620575
533.563718836013 545.710146269602 547.077467422002 533.611829637405 547.752963969343 536.434788194272 524.123638341699 507.176589397044 464.39346758582 450.469614221867 464.221067690838 413.069672983866 518.782618929831 537.490299524224 460.645314854144 472.914911206446 518.007062665882 541.209828776908 525.771515955253 521.33312039032 533.906153193377 532.394309580544 537.905094900799 517.661181604879 498.781578086666 485.625849459279 385.851642764366 488.006170401605 565.635952434335 523.202865169929 511.126068429733 564.556558987203 550.06506182795 561.82338946107 577.586631677696 524.911959773592 390.287900695412 476.750454207242 523.716759222927 549.330393079153 564.137939970027 574.813319706872 541.126294465343 540.642601350099 545.185994497802 528.859362150346 550.405707165393 563.681447245128 541.878813231406 510.557058885698 511.413672031681
541.897718377221 553.288463483351 533.90084330517 532.57434344819 539.788591151711 526.524589766782 517.471746588759 495.655204124318 478.140712336488 454.707627169941 483.03147871043 484.675898939949 504.387866911934 564.450461134654 508.83154732928 432.327936529638 518.482112921015 547.643362916617 549.819406414944 560.241231693841 575.505887676551 563.951633229265 496.780165254972 541.941267896005 543.348120226579 559.25057042291 477.047588650856 348.803440964673 552.442058435523 552.56329967583 532.675173552024 566.049955457429 560.331532820428 554.110949435864 562.737474232848 509.462243576301 444.535465458593 547.839397749642 465.670643050679 462.703231039735 494.285213829777 512.730366962741 510.05355157823 550.634556320155 566.4766020565 548.683902117427 547.140798716225 516.033878188359 519.445457821243 547.554144588638 535.19087814592
529.174194205263 492.349638731798 472.067329474936 529.474745023061 554.173348668096 540.362252427082 521.79561420871 544.773619647252 543.508110511604 516.108117220996 445.563498131275 505.372117249496 420.216192943602 422.136562721938 550.531504180313 500.920196608202 562.877916457312 557.82299867584 537.278950599437 545.801906051408 581.028493790364 533.126772946948 555.456901705446 524.908403052804 502.740202657067 565.443092883829 571.404809572122 483.010971774936 359.413745186223 376.380108096202 478.292161709421 539.194253139531 515.439017605089 545.854997406873 583.224917051164 542.92223926829 568.623577619221 541.79275678183 577.107327091999 577.754689976901 545.72034407247 534.028864324777 548.667073422798 548.276742700713 563.693299396668 555.463108634387 528.463789614643 534.771271412878 509.334553672186 433.248546558712 445.822360816975
517.537479153353 520.375007592988 517.830331479075 526.564175477035 533.134221956867 543.402370879189 536.589019820876 521.108756857951 524.206441188704 493.552193595609 492.113131725854 521.692084579206 536.103188359341 494.269503739191 506.604733801504 555.037624347801 564.110746150503 552.409949545947 504.676073274968 521.605409979259 532.13907827851 472.977545623164 532.484849267053 481.886307255625 521.862531233224 514.920417214127 549.786076516848 501.355869748329 542.098302680096 444.718056912612 272.76340960009 375.117426860968 493.999991353593 456.997416914742 484.535329117958 556.251515138202 552.763102488513 574.71000072798 555.07644035461 565.295164478966 516.89304997376 517.327896806448 564.219873244688 567.20303097807 544.400864725742 549.264317786698 565.94638440036 555.721136338624 531.621892886154 562.479945849996 590.889548826707
507.280413624239 471.771425468127 487.361957039643 502.526107565401 503.428408083457 500.743530153818 442.902879839924 409.86158458105 505.245719534544 541.284767663917 499.191897309349 531.856317784513 552.143312558855 554.565830652868 513.6605376044 491.454985658046 478.858753348861 521.876230649205 518.25501956026 522.521236925066 560.68978887563 485.185392334389 527.18802419168 581.632142742088 574.172239797583 566.773070283453 590.799952619583 594.877593898871 565.219901758564 545.087746140645 438.988670146247 274.149451574491 319.815295763595 279.885493590689 246.282361004352 426.128624230679 511.50304024885 537.970595224481 543.870903503937 564.101383101129 538.106041954191 456.848831242374 466.869233137198 523.255876075061 440.665332767405 433.194482695748 531.698830227671 576.649702916269 569.393383500745 495.110801786537 543.720553271317
508.636301649667 460.482514206912 385.725565193912 447.26277434649 541.298288417282 548.520688776574 544.275773459511 517.330026701825 515.738338092553 517.754869439029 502.819991759804 494.860499470076 555.944774097807 573.076240433012 542.621412878759 549.352645916937 486.209727100263 486.671392804019 494.921177211551 493.267338335222 527.950100978183 525.323967459944 503.935628678683 581.901695934242 550.705189222581 556.541692266342 578.461821869961 598.748416817149 566.987170421383 527.639457133028 495.447295671191 377.00124493865 293.418963600404 237.159072402788 190.655211503126 313.743547391663 512.375746307252 554.353609232105 555.727493141251 559.26644038216 536.457907740398 461.581179415822 429.637952540044 471.201596579558 476.311584309433 418.964568021396 504.172023715411 551.840092179523 553.27971740897 450.354195227085 466.008023401175
511.917250722549 425.200141895906 399.129156115595 378.638510655776 535.068840929643 547.628553081833 539.095048805249 508.568089142201 485.101881012016 423.705486431541 468.181639996051 507.478524396461 525.001288189006 552.215890440806 553.31029306881 561.798025606117 560.850846928001 549.31759831517 553.134335879412 504.595314190235 482.1654045177 514.248581817275 507.348830027434 542.181856147095 551.716383664852 487.155668008722 515.177816594907 544.092498054366 546.411383478859 526.684040367496 500.79834910569 479.902864114303 394.711524407384 353.174796483779 411.658667251906 465.339190975623 513.14175080103 546.948821834366 545.226342977309 538.061069318084 531.34384674318 498.239781105782 483.863038436952 463.822482434965 460.723762304936 446.801342577419 467.187295809373 503.52141924457 488.853221457563 427.254741326973 370.351954574702
492.954963200726 477.776612873477 487.750912041853 516.677590794739 523.724173205699 508.708135996347 540.071621799726 532.011934127804 512.95210112273 479.159644569711 466.585922627092 488.913773659307 527.778745843045 534.186987660101 557.55261949776 544.588294240052 541.171018551509 579.133882923547 581.429772658543 556.651877081162 544.72641322717 583.356512691718 584.91605400197 578.410016301736 567.914973380474 533.41732352994 514.308842949412 512.693178516138 480.985927294621 482.661514964173 510.929782394562 501.541270575695 415.517898306882 368.731762212722 374.501993275059 463.20387381286 489.016856867048 511.29364451255 524.716614090685 531.666146587987 514.066396419677 476.445858104334 463.181490334282 469.330387255198 485.317141590594 495.749895022005 483.395846189355 445.206234511693 318.945497541976 124.461564684383 103.201895533983
491.975915872632 364.034936682259 511.48802478836 525.127926144756 504.721018999824 495.293539819121 550.719717301323 527.009463668684 499.655707785521 507.275790905678 517.275128403488 486.766280173024 536.378736640457 552.943448814482 589.404886616882 565.061516587279 552.610473915965 570.119749317462 586.8146083543 563.158699405965 569.077591650179 590.809038867185 546.811591179567 596.009140858773 606.681136406425 577.036109716745 527.654760549616 498.881404338704 464.199207090953 439.141390245947 509.152290610793 523.014160178995 476.813559288428 455.375081698039 382.853552358515 299.311374802114 330.41320524817 396.677741324584 446.409237608963 484.870865489661 485.688927322307 481.734877965239 486.361848883917 481.349407576435 479.61967322217 466.000956467454 443.369921122586 396.624440067883 237.420739329729 156.059592015497 119.188417335726
531.125445153947 406.086807883944 378.708818877992 494.705457649931 538.444114044741 525.980042291227 535.097638307072 535.226581963876 526.895405735052 537.692346003982 539.385959234719 525.774089510806 558.950033845474 544.637514299355 602.693357068732 597.689738139107 576.369451547195 541.955941387617 561.997559269483 568.556062615999 569.500367401645 597.764058624381 583.674971698633 600.170618149791 571.78475830406 568.651276152818 517.768618576704 490.878250967186 455.497786678001 430.274976891447 440.055805250183 458.090996357523 420.821158507967 395.938134103962 432.649455193446 378.267663118035 348.711825047932 362.634698129271 328.533489292425 391.27812285088 434.360475718526 419.466116388937 460.113987213619 504.395811252383 493.427281481916 448.327950618301 415.333720793895 344.414391936418 330.007443794002 241.04842781439 166.402663754016
548.255970302272 531.483789452156 425.972812587886 447.816956916476 565.003849837319 563.246822056376 563.229642729318 562.844667810877 564.462345134775 573.209926339126 578.774989401841 585.88437360102 593.922933061022 522.62922410266 600.357457688335 612.947253801655 582.883254581128 481.531444067896 478.907055065524 576.331368007286 592.055019948673 594.400967995966 589.071953233245 605.991150224997 594.282893518248 591.683891022454 557.519569117794 510.650863844665 452.154306489667 473.946555569755 466.367692735937 469.33358752772 465.26251536092 442.17028388925 449.265117353357 484.284526558414 447.429893889177 389.91668720453 323.001166449293 337.160034218818 418.018122609899 469.369093206986 520.021956058012 496.882431866396 493.674156733852 469.905024361937 476.529642446698 459.959171295152 411.743246923293 329.107170504392 369.601828993197
545.84283463316 499.360583041872 497.991201404612 425.814698086644 440.641956969973 569.409499173375 570.66978617661 573.714035706159 586.141449429267 587.756957502258 584.309725635191 596.439940083455 606.528817219758 553.110442560917 601.210266821524 580.512575119657 461.609789939554 440.88304011928 482.656851818034 598.475317139189 603.777027103367 602.184466430303 563.309913951358 596.554404368621 614.670501316234 614.779262662349 608.585988663871 553.191260141364 484.639660012071 511.502327139714 485.8941263289 491.707736977699 490.97406054757 473.504144834681 522.841090776792 498.317201389492 415.095957200301 445.516547948827 436.868108828567 319.736477254966 437.509386775661 485.961047093452 491.049480356821 529.649159447423 566.521971847567 578.662038418147 572.611079471437 577.257543184447 572.306494724666 524.993775969032 447.636654667936
544.432159594133 506.285888561531 531.990804366506 517.415550105004 505.50681204582 545.082047695516 533.029769246945 573.449526694373 582.249714324402 538.226240207289 574.423987071122 609.35917229994 627.123305799539 610.830311125113 574.483454481221 610.664071151846 587.552420037623 571.360534638276 579.96319458492 608.41602383743 606.883677733479 597.647592547477 496.169137812053 592.878330343196 609.641218175538 617.275589941485 615.748423782642 583.802762084232 594.997619191506 585.558650735351 563.11367552787 532.251602799229 536.905670360768 562.438843614304 582.178645042562 496.179497436832 425.208933109666 474.276326364641 403.882615986414 315.789151903544 448.489905864933 375.346530792083 332.213739346948 456.488138533464 573.885587580363 604.40308882172 600.364846888131 583.867864638327 551.445497654524 568.130742168837 559.769927280268
558.212557925873 517.598807632123 536.878421193229 529.934639918311 507.731341130939 566.799097052235 569.017405252907 564.048252557688 581.051584750475 549.394447443224 554.595213721644 587.50296524417 596.576813590148 612.339606413769 610.778713973397 594.671808967465 608.64008928628 586.630433990351 614.038600835783 512.966967594294 491.759304025359 485.055120395312 526.543001155516 441.955312375393 430.2325234658 613.459186465998 608.834538371653 597.16346363722 558.09835328449 484.069754594989 506.9991606875 555.71603392244 584.189416957176 586.430171070306 582.724033940332 569.628682878144 480.588223131813 545.003650156746 442.375474904128 295.330872168506 326.092602303251 300.965904215302 244.462264743654 402.137844078405 471.056942016053 531.37529146464 569.533909986725 569.707681397412 531.839956508627 471.928329274774 561.464513396051
556.503960409137 574.767974300836 542.55013583833 529.235491496158 526.320060870253 552.292064735632 545.513156334435 543.132414062521 568.170815163875 518.41722405849 430.540278608642 519.535019347378 553.018720048818 580.541654826115 568.467148348302 581.253802172968 577.233016726473 570.875116819425 613.019222423245 594.848319189512 461.400257297121 499.317707394946 507.056772877164 579.912746253076 512.922904561241 582.322249327618 581.240700616658 551.706860122032 508.905450799697 506.153663695268 586.566661319063 583.641870559602 568.745063426065 579.524055040278 513.231337147784 576.148113814817 581.557393475504 574.290359113178 559.47692655367 482.946925626311 529.324229813234 528.057564441624 324.18034330807 341.174669099027 477.614042049608 533.144891587642 566.907868592749 567.920641346653 496.894270092461 506.783411192839 407.783042663376
