data/soil/sand_5.15cm_mean.asc
NCOLS 654 
NROWS 380 
XLLCORNER 3.91666666666667 
YLLCORNER 55.3333333333333 
CELLSIZE 0.0416666666666667 
NODATA_value -9999 
[rows 92 to 114 of 380, columns 357 to 407 of 654]
533.880051228533 491.215834828683 375.352081033936 401.003999400657 442.346805552603 400.848743506972 447.928043799894 545.621719257158 570.711779903673 567.451593364576 564.83663094667 567.031576115547 569.774774417542 579.730728051875 522.937882480163 516.086782371142 571.645725347409 586.9041390753 594.697018222109 572.569770681871 568.882720775861 567.040023006664 566.424732561365 472.922527253773 431.709898629606 524.091825024297 544.730207502375 542.732405876279 570.35717225977 552.557404787329 574.159438719664 591.585117086259 593.619887041222 583.068484245934 580.021263754361 580.203659381844 580.298462824398 572.140094301103 565.458085619114 569.664408788873 576.778543007143 576.615634079554 577.447177673891 571.683301002738 523.054582920301 566.287074260919 514.729894925892 549.667307113512 516.075851770511 509.955775989964 575.424716095527
534.623526517208 549.101616756046 532.962411995739 535.777745281431 531.705117715173 527.305649020531 452.920231433279 199.331585367731 337.388864702027 512.289805734681 564.700474347413 569.768025178821 518.752880390459 545.603706338977 529.25849756783 553.386847814595 588.421737345289 585.651849251471 590.871004000083 584.061108278003 564.767347329486 532.933171560827 557.445896380206 495.992953989451 458.284369915021 468.195542908342 444.550282067956 456.188166141172 403.204859959836 498.797421174713 570.019362860462 571.299741541895 571.457850629483 572.056484783937 560.832764997155 575.448914786941 576.553206303253 588.851387714355 569.415972432746 582.976586807545 584.262521416575 582.955415862516 583.806431173542 584.635440606346 569.615738279509 578.248691402322 527.767157322554 463.364651370875 517.193591777133 584.732855403605 598.747964379877
531.215469535427 543.303143953758 548.607790734951 561.43263453444 567.612514183889 583.092161507702 558.011570369013 312.54287913939 93.2966618728105 63.0053057275592 200.44241430633 420.549207250218 525.238095105423 549.545560092037 561.924579842068 579.059825518962 567.694172067916 404.055720345623 559.868650090031 584.751398085526 522.595341903833 486.941121979081 569.871204901897 517.868330069297 455.300249352484 444.5518909325 476.245246926209 541.121825050491 468.772938468143 466.876323025525 532.792031798419 561.275883531503 553.544351308125 557.290364907307 518.268099760019 576.028506541974 600.837639666028 606.172016230675 596.579355070948 587.699931338957 603.751580363725 593.176268695991 594.242249191458 604.837448825967 575.26483190614 572.541060163116 577.814761248196 565.828577245349 582.127438474954 595.320119394933 601.794068363761
526.792847343097 528.873788977646 533.140275726685 538.288162950054 540.90936882615 557.677294512307 571.925909848259 561.563221836736 498.250442989419 312.188034217567 126.170788773406 137.562055577187 372.613350784193 467.328366739414 534.500354598129 520.738277752598 557.047536741072 558.142257894712 591.230340877575 593.986088507541 573.729476939103 525.488531573933 560.923573024565 489.449697085506 469.112255926718 466.269853649413 466.152979385547 516.724147034125 536.01491107555 553.537109237154 549.335286357456 538.72228926176 539.795343125501 590.392204857044 602.37614542976 612.476257860819 597.361406431927 590.28655185141 558.78296596506 538.597338502659 560.749115595586 579.989881312623 625.934284616632 604.93679876545 542.15320529826 495.077038780298 518.591707101124 598.271320896522 617.50648161072 609.003240405284 596.661916689813
518.268739685446 528.934546373536 536.004350536713 541.362157408239 547.130163492206 552.475813139117 565.045047376361 567.665726726138 557.163191280327 549.743391716761 464.370869822265 228.905543322563 93.1138503351462 63.1763507113803 95.1872050964553 153.20688408638 162.175823601738 162.533512762453 272.75709323643 423.197995384374 509.138011173737 539.733156470491 563.313108294514 565.646612260432 547.631407179826 540.86715811989 509.130255974232 382.882925401341 503.469066948389 548.403633028683 571.139166344848 586.260004013099 591.867590836139 579.989895365431 582.075553287898 583.935124989885 556.729303431227 551.430089321905 579.96730580822 556.800506513265 505.064005909662 528.318854948757 556.816580055045 521.103793052302 472.679041407519 495.178167138992 612.514287521972 612.02702923388 613.580991395633 612.962891477243 615.19536453509
547.327741697575 534.984975116867 536.84872932441 540.195694188644 543.719610410543 561.067619008472 570.735052920119 572.615224799229 568.668422689468 567.594941171776 569.134480203316 577.168116344651 532.830744224695 437.52685156859 524.84055984937 522.203771300406 488.518331918441 415.881238392341 120.48665786486 74.2018702756163 150.906931296436 262.883358945323 402.16978795379 505.980072749764 539.399362286909 500.800266637096 512.685089217375 554.297401003589 556.914784171119 526.217837276323 517.314256233872 582.491455299649 592.092362372411 582.73989736185 583.318134146132 519.402903447879 391.250141552104 367.947024754067 508.390805952448 526.807662423546 565.160337029355 562.849022882911 566.948281012669 575.741164153709 574.794676262258 583.803612533093 642.20532291822 613.451995302995 589.451349031998 584.880418910331 590.231087083935
561.138688640285 555.052645956133 556.850682946817 562.157352084238 562.295328669656 574.947072313332 588.65381152482 587.583827584974 581.600914088027 573.343722668309 579.355866696095 589.19824620393 589.963057370878 587.498665468466 585.558503444508 573.981830967377 568.679092033819 548.589168330576 431.232924466018 324.001212255646 279.539737256254 185.588202687132 162.579859347278 303.789444101511 474.457215908399 494.109184800796 533.117166619597 530.589781431129 560.939156034626 574.127923101042 576.860220268288 585.341692592726 588.785301222674 574.544940260185 545.54575768391 533.883660750097 543.53766051478 564.597227359868 572.321641449651 365.746760924428 512.854041296371 581.823517948052 569.128991793976 568.535457153011 576.33477656885 583.415427538598 628.143422194565 538.756642743706 512.180869510069 556.186368400618 561.511124022235
576.303805003461 574.670131679321 568.869171883516 567.417169425156 563.676121970477 568.305857568108 587.291211525446 595.349484690336 587.91242595911 583.553577622575 595.254538132857 598.019676083743 592.434426461149 584.885953392677 589.234690716374 591.382853334123 585.338931946851 569.413506816373 573.583047290516 563.784391972073 552.277265792361 522.398016647565 460.42544301222 342.495270217685 397.952439389433 518.089754589224 524.208705515095 497.8608676558 551.481379107093 578.688675753218 575.15722288385 573.093156145709 582.788044892047 566.832621889241 497.338622206899 468.914016119169 545.124962057327 582.794957314332 564.784872208661 559.504593460047 545.992923155728 603.889191858715 574.103680535658 565.284101547818 606.238776245081 620.908167091139 629.29181965912 616.119304139338 609.548040258739 592.010881659122 594.225232899184
545.757241956484 519.792444241525 547.753843383825 568.256546716438 568.385499705155 551.944687419393 562.459056079991 584.453865186317 592.525953174785 581.672273525649 585.943543323585 591.296851210527 596.984848733756 591.9577118654 591.102149250803 588.38354470631 580.997616179648 585.089934579731 583.351720215671 569.245531804843 558.490035894312 528.693040300066 547.728289965059 475.341513600396 398.676807067369 504.796880989695 542.285102673542 532.295823324214 554.739144471735 572.253557822392 579.403347668862 565.136565774066 565.293969891793 564.741875955746 561.287604732016 567.418639405922 588.809108903958 594.728817236792 594.798021133475 582.808391785137 558.731689736948 521.905223127849 556.390344104741 579.55096354661 609.884913310359 619.113484020581 624.34950111773 625.839379436047 619.108872302868 597.034302085843 592.791961006559
531.098091114452 488.582893153677 543.109762021182 582.785956430589 569.858357988931 526.016872527949 534.460611239829 551.922581890694 567.542456345874 566.42279578594 558.258598064977 573.602728109365 549.160212861248 548.9452423778 569.196470081544 578.129722558716 578.883724314126 586.980765375436 579.155288122083 569.340280937137 565.274482688356 556.424321768908 565.348643630451 549.080390597859 486.541113799327 531.51495172211 571.37306971802 572.933907754845 576.265445486303 579.581190363958 579.496593684263 562.210178332977 507.994108410324 535.851746851615 559.204380768787 574.145162985545 583.177750660717 581.356595248221 544.851233439125 555.882166249964 567.906290467819 488.708194071102 438.428634218776 471.292942885935 580.203033358115 609.939100215134 616.772325798246 621.434951878392 618.070211520913 613.294644362942 613.375424261387
555.672141801055 553.960219881011 568.441058273987 574.864100581098 569.297060945809 459.584721243959 535.077638773959 539.381174681205 551.024183049562 507.039052022947 431.159461381547 528.330835322359 517.456645472164 514.340528589941 551.111805975654 563.886871442467 582.171879422727 564.222706755028 580.006181101811 578.835229702847 596.026902449397 595.372324540522 586.904823716552 574.918463069922 522.175011008152 541.216060721032 569.189782559531 574.825875950463 581.085129639602 573.464537687022 580.713257123519 572.62862630759 498.532586342724 444.040648992876 508.534595802162 554.731095874397 576.851422556721 572.946307250215 551.186486000174 563.759724291261 569.063456506318 541.04857988499 486.40485591033 501.114252572516 576.013896849575 605.627657214403 611.121228250322 608.659396578631 610.58806843851 622.304367586405 628.73169609781
303.088255952454 354.169279771116 405.686891301231 423.761998469638 326.126393951164 353.874237952894 545.178800342659 563.579588476396 517.026468404431 472.224004653135 479.52130054691 535.69706548131 544.495133805863 539.62725441625 567.375358475229 585.12674132186 584.285226309546 577.916997874944 581.936828746243 581.189611666606 587.191059159177 581.825450377937 582.190309487827 586.401165639312 539.596470555386 541.969599054335 568.798131981836 577.030953558218 579.6776934508 566.517117175391 582.34994014883 593.980778641522 568.537768590465 526.049385628475 543.64200607501 564.395104528714 568.748451377157 573.580681171688 580.583559195982 574.04773544101 578.62698112298 460.578710261372 545.476667089544 570.307843359584 587.095898756694 598.092490703444 595.446639533355 583.883595885665 611.341526637282 632.709220520928 637.019414280031
462.27216763307 449.972599452554 454.724373127832 501.939088959358 483.612852131135 355.914786435885 260.502874772386 461.706339774105 469.139967566345 490.882765934046 508.983215164978 543.902076290453 538.380349634921 549.013497316597 533.640038977692 528.187743910155 541.871612449314 567.353030492708 583.821067075554 592.851641035064 587.362276394082 581.108041154758 587.810658047149 583.327473431432 578.747713858961 537.356646666179 525.220177989152 533.116297665507 543.305071883211 551.594518910753 562.303367551115 583.843197558876 580.241343047792 575.597149476947 574.379812049473 575.0591601508 580.131591232968 593.722242249824 590.718758999486 570.132115325493 556.373187388016 508.915913035283 536.018058277526 538.782795017627 549.924266895315 590.282598455556 602.748814592334 600.208585416546 612.099894980557 626.538088829754 638.682053514622
566.182532936606 552.271593044698 393.943818118127 418.998526071185 548.621844834519 538.392100688404 317.566057740867 211.129033656072 435.66922027136 537.861681951421 525.2512527 351.661725774395 351.580193552368 502.611745897456 555.111961601363 572.773993663017 546.100312793991 527.837934796641 555.190868307707 577.113825243143 591.927335219243 593.685778942091 586.697268038414 590.155677175499 575.885363903054 548.21223237863 537.555795217151 543.438580433014 495.385623665947 430.007644603548 444.298502827117 425.597379439525 434.714601870207 528.317422616727 593.510442805826 587.376990645168 558.533894781161 567.237813102885 558.778395557469 563.70648015349 571.958526506619 587.251026763855 596.309846263915 555.097080739391 534.803148270834 540.483759484668 535.76148275343 628.876442547312 622.673993447536 644.322613184176 641.281815468211
471.129309375178 547.761668742111 533.076709122607 559.907819394769 564.545787997537 495.047430836526 526.562711662422 375.473049338199 256.099072232394 313.362561743119 253.86153643663 29.4415540760026 85.6713099092115 414.275123180354 530.17848576822 424.517233936157 508.414793249075 515.253377051592 401.152943778614 464.107150757923 510.792963642862 552.331016761209 520.484589567381 544.592633828281 549.838430592529 549.983748536353 544.21091452341 475.029492554616 568.741051145423 519.092163608397 565.159039528073 580.78895670472 560.744214035281 388.626511966892 303.029532827638 404.153255967851 554.732340895353 601.234830875676 591.595956357122 594.120365358983 606.557513418007 590.032052309432 540.072262619831 547.445156386117 580.63221694685 610.565144109151 621.03455180324 629.461766406943 641.039895140906 650.298796597298 627.422339898684
237.214471615505 318.503657647157 504.728990399856 564.951490612475 544.41519918136 533.399014515768 501.620562646787 345.009816097924 531.613122460806 535.87859183372 466.699843028335 317.137114285143 195.081308652117 143.459755505341 120.065497842649 363.873488289604 489.669722788299 515.395074666923 487.51117292217 473.597185831121 321.9255364807 377.815381306088 439.55533409328 411.08447855645 460.206253495405 532.558024252323 569.232532054622 591.590758157374 599.692117991476 598.369756986167 577.168680834407 568.787400161822 580.995371010513 594.921169312703 578.481396803994 485.018073320882 376.940126408417 493.031679623786 589.521716130806 580.778501650064 541.333009546895 536.248146158161 485.065823312683 554.294555594497 595.486727813356 597.812436097122 605.238338347823 616.73531564881 634.066482342733 642.404760632014 634.135226059541
394.823988604822 513.050241832362 576.45746949694 576.340869118852 452.308460832489 318.441310861993 383.667382654471 388.077185890922 542.008414793665 552.653906282783 560.461516140908 439.687540492663 378.960700855812 517.982203830918 530.92762758303 455.926676898408 369.580257344955 320.342872295208 475.2130112266 452.526703352775 326.246785156294 313.240483875596 216.078246039595 268.815908346839 375.53434241965 451.917564820833 506.979243598163 492.286073052919 538.914492906915 533.972854900818 474.793055734592 368.797379859364 439.707755056901 571.52150050339 559.211034813767 574.753654298067 590.501941205941 562.45515640987 555.9200432336 582.719515346301 610.13329398839 595.556627149444 521.01256842765 562.974871226083 607.562273012747 618.676578299655 617.215265226321 627.206074100848 625.179686665471 631.217245092999 634.473642199997
557.467079801572 563.360917165958 579.279980068885 564.729000499618 569.386946164757 551.177825848783 434.626718894386 462.889383616243 553.411281380559 512.447629754806 531.906754949749 519.72556061555 409.740345976652 474.142341728668 535.324700193493 452.333342194655 315.369684006346 281.193728582097 368.02291028334 513.133790587847 453.450269428229 451.596038008819 435.008739962065 470.902006393958 474.566642946149 493.488086529359 522.42728082826 538.694836572751 488.89437170788 444.078747084761 424.608855886492 485.290486972507 476.376726751058 550.090150764206 564.045801933205 578.81629673975 595.114227010168 609.968997487096 533.988750609964 488.884859676665 581.312510592674 609.410912678534 565.049847106895 586.008603488903 610.006541941564 639.239964381158 633.276897990328 628.235929071493 612.068215994938 619.963502423147 631.896189704809
572.91187503455 571.709241617088 565.477607352618 547.55145307582 545.528808785889 564.53777340235 530.86847095664 501.554774681416 549.853179971334 532.882202937149 546.332786673522 561.550366474389 523.436893828578 530.421160342152 543.159091107668 547.031324387724 547.817689007916 543.709213618457 526.55997471578 515.687592489643 514.042074837277 522.116504867311 526.042788235192 499.835917841129 424.622744452786 449.140754630893 477.178981725543 456.742593363545 470.660571367321 502.30048386793 506.027997613067 521.708875183801 545.548940290909 541.07582888052 531.694998323337 555.065962049296 586.853170662336 609.09974000401 615.545048923083 554.668951093734 496.214119373688 529.453591250693 592.655511250701 603.47380162179 594.733903069851 625.743807564341 620.560798448917 605.762151805478 587.043176598966 597.575299069421 604.808188950392
568.16901433819 567.375065199535 567.333794571557 567.28519383818 569.993197475172 562.919295918322 552.388028381221 564.954319114925 571.576179345001 576.929982298037 572.983700809637 567.524451973532 562.889198190808 562.198073922443 566.662281131712 517.116270997067 512.517083142879 519.677568700169 557.210227243756 540.917519438446 505.975271132911 499.673284303916 536.044284873832 516.683456401437 478.006156550544 483.491836572971 496.902453001433 527.959893453762 557.984688848841 556.026319283514 575.272796831953 552.978541046775 518.344359099793 526.823512269716 520.445785759092 500.150482676467 475.037583726567 528.504568457236 597.451224294992 600.15480317081 512.782592473375 451.6524752699 474.425160009875 534.981537073972 598.535852146092 611.376598202482 603.555441427957 597.835140420817 593.993814628482 600.781026058653 598.494344344079
528.051932471842 508.219582082603 544.442964811915 565.482102669165 578.134760519477 570.13078404225 542.987253868883 576.247621113427 580.410454764461 575.220890664161 569.537462757656 572.060252868515 571.57359146622 565.92836438659 543.88179738666 459.824867454493 513.113883195344 412.679707447907 541.16202574159 562.878902355446 525.032103090215 501.119277928339 550.702043813889 560.731593125496 564.779056138759 554.333241444195 535.90167657807 560.372665090494 572.842651748054 564.209349017258 560.024398823708 550.704480464923 560.27841694154 569.336276685785 566.310121686576 511.095314156581 430.926048086488 497.842311515572 596.720576911886 600.618134384172 576.17047992338 547.028228331624 423.224214185215 394.703991536363 454.898984127177 592.022159021254 610.340145674659 604.38426535876 608.694632431081 602.499209325639 610.805542591885
534.740396715811 525.567207203536 547.016078792207 551.843515739592 563.979807782187 561.592436532289 528.768254675601 576.337789540715 579.285862778665 574.267932861427 571.16446989865 571.922661787279 533.963640867626 542.153457348038 556.679880262171 529.40318103552 569.357538486351 419.302584475991 530.224885979254 534.347913426465 527.430705768817 500.504232009349 463.604115119012 526.681979772664 550.674007944161 524.715637565053 535.073373446427 556.737234413914 558.794846073869 561.570070800848 541.315001416955 531.460302824029 554.910740244517 556.449742461322 547.452726943849 557.192546668559 536.041282592945 544.290348177912 601.4718256354 599.581767737848 567.453180362679 544.245666430445 498.509697987153 396.318115321647 337.321334048321 462.365239189179 570.404183950998 613.805987940107 607.981986078428 604.560015694942 614.744091093482
553.687293828887 557.169917105022 563.782643077591 565.208491183934 562.535266967125 563.636995821257 519.078925401393 564.725748138441 585.939170055807 592.614365506113 592.896505344326 542.055839277993 522.681838433176 565.931734751003 560.014005071005 568.442428837712 577.915392591832 545.898020097136 564.109977761533 554.087783381774 535.849983888952 479.695827270516 470.584234348443 532.865766471908 558.935827058075 530.852240648366 540.262107957582 553.911745440987 555.704723711468 529.816034472252 544.585240822212 547.694727341307 558.80059777347 561.483322315463 564.673346087974 569.349511248827 565.029365968428 539.223250424467 560.786744028508 574.419657756239 583.771061286249 553.704077026567 576.333638351463 552.293225829681 491.356246286383 420.971143985344 439.704864860976 537.665535379827 566.097915907714 602.922832945382 614.238116306737
