data/soil/sand_5.15cm_mean.asc
NCOLS 654 
NROWS 380 
XLLCORNER 3.91666666666667 
YLLCORNER 55.3333333333333 
CELLSIZE 0.0416666666666667 
NODATA_value -9999 
[rows 23 to 45 of 380, columns 408 to 458 of 654]
0 0 0 0 0 0.442507009816466 35.7021189487977 161.442338676823 317.114145738275 379.817889929262 392.64671549471 387.271999764746 303.589576076019 326.51530444352 490.580920287254 496.154400273973 470.793365616857 451.931240648894 464.901084662971 453.829222597565 331.652116551005 229.549842622829 374.146031483984 486.434676708081 445.23455319224 253.838156938528 229.942101604184 222.985248143821 262.477524236245 332.543749291529 447.676150149755 385.004519280773 128.033503004967 138.533913875965 367.751031817322 427.980125771166 458.770585178911 475.263098092363 468.026143637413 449.29180340333 380.65745701583 416.684924048553 430.25921885049 398.884705088051 393.133226825089 357.143557315201 338.475108332378 328.637369557712 220.624513684681 7.20250360952512 0
0 0 0 0 0 0 0 7.68928233442894 66.0387842419234 146.042775852731 139.533918005375 114.561341911918 255.849750903145 440.815884283688 494.396473455095 489.047916772699 489.769412980122 467.361133786347 407.342449668585 326.801196501806 399.781474297758 383.416664734281 414.942606554935 490.377177941945 457.843646646074 315.179732001709 254.711541447374 153.42458387942 273.799848664954 355.532638618371 437.780056107473 334.770611291108 205.781223794411 224.871207832111 312.220954049185 336.087315676015 336.06981418209 355.87073491085 415.167204705127 475.870733549529 469.937904415869 467.797983298041 475.422902531598 462.790010471688 465.554027635931 466.162652555466 384.787928830522 218.72872081864 210.71718607218 138.92031515747 0
29.8258325991633 0.174346789882998 0 0 0 0 0 0 8.66056154689133 80.9848096395291 67.1786628102244 9.49635503561848 93.5497305523346 269.857979214781 300.94370136072 254.893623703862 298.441127711966 470.539130611046 435.800707434346 383.814067185734 435.614925264911 422.803003354703 421.894667907576 403.459679528568 386.949212680947 292.909033702249 345.556501596929 366.796875616568 467.619868062374 504.391241005275 495.663984626905 446.975808252969 422.211739915144 412.627517796068 407.432174383322 434.650929361828 369.471536593257 379.159956085705 445.482735947834 458.447451525339 405.775013052343 331.793941359 336.839675728522 366.454725779032 377.874577420191 346.151062334059 344.798787014246 337.198054548342 397.221119671917 314.785401501563 0
9.8015791780853 154.158780560159 4.18792576588474 0 0 0 22.4681105119331 101.855557076999 77.0865769285994 23.6342464414832 19.9382886017386 3.12076035012128 2.24120863399014 39.3800037342376 47.011827808516 35.8643289645743 77.4793747303419 163.472890214193 195.888338456566 221.997658986568 221.179197230959 225.01141421716 310.132993678068 339.846907197024 357.721235613711 377.549912462475 453.590387335659 492.430501286115 509.95177523888 513.559223385124 510.735983763229 503.9384655602 444.406438982696 370.791858088979 357.993968853847 318.229515956886 312.55670796463 355.241848473627 395.51324436299 429.133433768645 457.968737562921 447.158595369549 447.698378049292 446.3797971232 435.857577182719 423.671294377294 455.882374629029 500.076871158307 492.468277684477 280.932874896324 0
192.940222185613 195.093460463658 15.6182993244435 19.7992865245078 0 0 10.685337959544 73.4662697195125 134.373868083745 175.845299235407 215.802935147766 222.468735071736 132.407394869617 11.9897558512059 0.740893202698218 49.3150009249844 229.51864632256 326.486702947211 255.125931779132 88.0564339859768 38.4665959389421 152.05413851621 265.523542234952 271.149614248814 235.64391764743 157.438532600247 196.210907207237 382.346274779989 514.064456578805 523.246333456521 524.35680383924 517.090875226645 465.637027372418 458.107226773636 478.270924202205 471.92526141163 461.999785042913 469.612722129409 455.418770537179 490.382622848556 470.035366159198 447.015925176508 479.840487299456 439.512413397477 449.062990679743 482.76215607091 498.561147198459 457.170052841624 480.641014072682 443.11763939826 292.406831227118
294.689043732667 249.888038482611 96.7650724925128 60.4648626643087 0 0 59.9952178717395 307.165730820642 478.893958059571 466.311621210962 434.901929562036 462.62373147202 458.900317509717 441.649042373425 146.903705556558 2.50464092343038 11.496904600124 21.2247251193786 27.0071566175329 8.42000356605823 0.942028447628303 6.61851695228747 47.4409542655331 215.797205444427 411.811190101324 454.227250467441 94.4881437176207 485.34427387036 497.1995536462 492.200143449474 493.760979428472 470.818503694589 451.904164720398 479.051740420287 504.202972242179 489.225483106641 477.0522915163 473.008139695079 464.946763013042 483.606095386908 464.336730336851 472.325139978888 490.058538737537 507.357503271594 509.828472453373 504.841296901399 495.736157739151 493.536020219062 473.741408096277 471.065635999604 507.384652907627
236.293017858236 190.656442473385 230.798435658185 105.844409310888 0 3.05143910547357 116.201017378059 397.043568309688 510.365037335364 509.678045358104 490.031053644038 466.720547284901 482.241821365387 499.612940446654 490.150685103811 262.94240513283 27.2594522600575 127.758911815866 258.616572200066 147.549059587284 4.8008800307816 4.91307493198926 99.9712104586295 330.266078704864 516.64561967032 497.712939264239 273.345215466537 455.015325365662 512.814318521424 500.530702347877 489.099074586931 454.923145592047 456.678120924509 491.013645083874 470.832000438046 468.210572187746 426.012691913124 453.923785297031 445.505966615599 481.858924947458 492.306670335512 490.054868970533 483.644428525645 485.226461324629 490.641910950653 483.778628578442 484.833596716814 483.402784364978 487.059301509419 511.153611851759 381.373715843571
251.620790244809 15.6150978615706 2.88402498363419 46.5942139429451 48.4641873742263 52.6840254527951 101.492456745536 210.759881142669 194.94940501102 306.616588327352 413.964012351871 378.366606013749 446.00834294253 472.526727097442 489.287658830532 446.309973495068 336.029493960523 251.03866509894 141.473937107002 74.8240352803949 83.0409280484653 116.185554218605 40.9927861348209 311.981097699231 459.382023383417 475.533104972813 500.416739075128 539.126872670616 532.001711564225 538.02128213023 504.266235084405 475.177614645507 483.565174890719 490.071025228985 479.129159570018 451.301729531135 420.515572939512 442.923218167677 403.442906364512 436.718749900953 422.252433764622 467.750827805563 486.196295862187 477.514054897958 482.584606623226 497.88114531827 498.476148564053 508.483540436362 531.495784498952 527.863925237801 523.554138365915
52.7403399716977 9.46006772294755 72.3483457288487 371.528198200807 390.033042995189 337.201142491076 255.016034823075 376.171401758698 498.66460720531 486.863464229532 504.399676448275 505.276920265492 516.489498754513 522.672279658073 503.453324636037 475.407254068244 490.720103238126 505.994985684644 485.686493614723 476.240859356049 424.488743886263 251.359258655328 94.1955474652311 65.1056137460265 139.424202571888 174.204534444661 379.545753840845 512.17963566775 496.234188635329 501.614949463081 507.18346885535 505.879628754147 492.398558444128 481.56262436697 479.37969252424 464.37317855855 427.800326381405 486.938828942739 483.907702063716 462.937925899952 447.496462001903 457.442153241963 470.46917639962 481.037682201547 499.225047676795 512.470172346895 523.830745934978 544.400675605214 588.084155014201 558.34858802888 570.731005987758
165.723116310027 74.5200020342121 247.043471586259 485.462972077395 509.120371643985 369.526262512963 398.755391146611 486.388415645667 484.791679429777 466.164270880663 484.839750885441 510.165849429732 517.182374225051 515.858423987324 495.974965510064 495.517346731282 501.729874102185 499.113178952203 481.509607917983 494.169184634869 511.889341583997 516.151713245796 406.784822584185 246.96374048643 184.641053114503 180.213915153258 338.874927937387 427.507886705129 489.699086539252 502.650583360166 496.90753308718 502.455492873171 490.659391874777 437.55291735702 465.876591391409 461.428141640092 416.108485987397 468.261688415312 469.846847311802 476.660373262868 449.643968473367 480.610870822712 499.733001681199 530.273721963266 557.565773561589 554.518365086352 556.897859196265 575.577656680037 586.443269824548 544.377636292477 577.915174246623
396.5250724172 303.342433031878 343.538999482405 519.962006927517 515.139532191031 502.048809808595 510.649620694292 524.312142503143 513.687734359972 494.674247492487 499.1450585771 504.561922920703 490.620251591133 484.214411030915 460.149963511412 473.771950252139 494.421601750651 499.304213707947 499.95478360072 503.282215790734 514.013773698716 521.682270423362 527.524014965139 488.219336449505 314.397535598182 210.124453786644 137.194128614753 151.094412082691 383.337947050066 481.921720575742 508.005116865976 504.583807748392 508.802470111151 499.579559494829 493.91852199208 488.352085495641 450.931697971798 475.159217308323 475.411416642205 472.02633301293 466.341091869273 495.758020147499 535.348019858477 557.808521803336 561.042864152219 540.939020910655 549.129323788244 563.939070447879 567.235176338659 562.972881369079 566.780247552272
478.262791958677 496.760702317019 508.847636816867 534.155068949005 520.66057372322 484.181546847791 506.965343313691 543.92148571883 535.23651857293 507.772689391964 498.134986431457 488.782778288056 449.370974668262 449.52709269647 460.593858135312 452.923809670689 476.199936846237 475.222683187065 488.462079554147 504.297531285463 520.612868110951 516.425324054568 484.827537498918 506.22072593754 519.654220115469 456.132906558403 383.601276539221 268.093175980844 388.786008602112 480.611978557803 526.27958804841 521.159349352744 527.524865024094 531.159209055518 519.123521815124 494.874219555353 474.495021478955 499.366805826775 480.154697711077 465.59247032283 491.351430182884 492.537261751561 499.855706643927 516.693018829787 522.911832196411 517.651514623129 538.740016097403 543.024805155461 555.519415595159 568.524534016942 577.572158745669
472.471089504926 486.364936840406 533.942599333977 529.765140390667 525.191749113256 499.006340131385 518.381911159962 541.691963344884 537.633033427329 517.797435453683 509.989847051823 497.771049186103 474.091353190816 477.48505784791 485.463193652434 458.454624274192 460.935572617776 476.530586141774 493.148497514512 503.932240358139 513.285821739141 483.274870482284 468.237845155941 478.957403451921 469.470298343191 489.406567781012 495.324929615893 488.19535813718 494.887484968481 471.740327931321 434.562354610036 480.219715192395 520.157177013067 513.39066370965 520.214223417339 505.465201893712 498.180848530083 517.503661618072 496.251876666141 479.98809474514 493.675591126863 487.090588848574 483.042852725742 481.999246350096 479.384466255267 479.526323564883 492.33219362608 485.624833730162 479.054273839785 544.935494373749 556.632289534873
491.985807650265 492.620855530802 522.934937143205 511.457688198503 473.232906121387 489.920941016399 506.387185927159 524.633361952432 545.200469563866 539.505633778456 517.951008223959 499.519263859055 497.622410050831 494.501112084348 486.32101668175 476.786337644661 483.04203113141 491.745051475841 491.93615593992 492.029067882419 504.260636667409 460.306705394896 416.872622309266 455.993141149564 472.39645304481 456.829143073616 367.090001410591 454.428127070021 472.257706653076 420.694063882227 344.471494782603 426.677848486576 489.899368784324 495.294560974377 508.790095937235 512.937362301592 515.765522932242 507.064594328725 508.195963628844 491.069436951772 492.81726845337 477.989113359545 487.599153192465 492.798814073312 486.446335813105 487.900094074861 487.439117899744 487.595548582557 468.854885401184 473.190550680983 509.338915227672
500.533009900281 499.071129679285 499.30995878637 474.176725710953 483.631791717403 489.301680881809 488.733597721933 513.832558586942 545.541724743115 552.974531599395 527.351892497901 510.671560181668 493.569554469047 490.515971460864 483.690439630979 480.701286594117 481.839842552225 482.384195900496 478.370157844594 482.43552077454 501.47832419266 491.786107986561 457.061550322065 417.926362089019 472.454630684121 485.437856105686 424.51279117991 465.015378544984 436.874190284212 440.28405900819 413.078001000834 416.390234592895 473.785353569185 481.21218239665 465.848615133947 475.49688317359 481.842440461125 490.649735307586 494.636374381291 500.047420901177 482.577272364639 435.690479907245 470.806534030442 471.558477480416 492.170114829239 487.287914932039 497.75691699616 510.238529231971 501.878426895928 495.539902617735 503.46186281524
477.930025661582 484.343163476087 486.406422483773 477.440360589618 490.34071123073 485.415142616002 484.339221281938 483.353707264558 501.74394442636 549.435603554018 543.234118741974 528.005036241516 497.110663818 489.340374278486 459.467034830783 451.947027490846 463.414355674294 437.26537252223 440.606799096068 478.762537848339 494.064031143045 495.631979402908 481.609882934364 465.886170498734 462.283432008906 419.311449947026 424.929356851924 459.059228534968 388.790238112102 370.616880035179 461.532337420836 459.427516579327 474.167137275804 492.962255888329 356.791202208707 445.26933620769 488.687798975462 496.383725016952 486.969565804854 492.331465057611 478.956547323108 464.593607434633 458.459451575514 450.392886235776 387.380862149756 370.641708255197 425.484678104259 521.510862150868 544.046117226276 514.447265536415 499.612205262122
487.228710694913 498.724620619059 486.558826321022 479.035224530191 481.145206253758 458.507815690329 449.150960339972 472.338746678769 504.00760660987 520.457075620146 530.994210033645 557.230842735874 555.624613379552 517.445029089607 485.46178032921 475.135318802834 478.837386852936 477.726449540321 480.288536374029 474.73016255636 462.968337205271 461.797589012448 464.817587770431 478.334965488333 479.467529737275 441.766595419749 446.70865099605 450.66777339716 435.563038973092 422.620588583382 457.316664069489 453.621272675602 456.35564886606 474.668198265207 470.870489277055 432.840015639613 440.97637910299 503.218782510246 493.499621491377 492.983219945685 401.344950984798 404.455010353077 448.795217440343 380.547107852054 457.435924734369 496.184634781153 500.718607620561 525.469780117367 543.701491315458 564.637789723705 547.354831956416
498.581492967653 506.422572875699 478.840792063379 460.402254532293 421.972966832506 435.066025869463 466.982793673634 475.270232196602 490.272843383188 495.370743955259 505.479995294063 537.69216641381 553.18719188138 571.452167052439 552.452358786686 507.396732940222 503.135347965231 502.862292301186 529.613509240351 523.066551012236 495.286142912949 473.139262233297 468.043128329519 468.175641848605 461.798741222676 466.24261106838 476.18166295959 466.939924838637 467.550020470178 478.854084024214 489.719005181662 468.957951601264 472.034908674823 503.082199672345 520.40624708433 541.494327809951 508.456894659527 498.535630072746 528.972234360108 533.422312763225 525.157869509788 495.92218790362 479.947822872121 503.33839881556 502.233380881301 521.005654439372 530.098124004942 491.940390378195 529.839019173273 544.077058952238 570.64979878884
488.271997691574 507.271465243381 493.559011856194 474.063988805122 472.171503202353 468.682187379184 461.003635939699 491.297312865037 508.446679700386 513.180487594478 509.175191862059 507.845072320464 504.303728645276 538.012957923165 553.451129520881 567.045407291127 561.376258383892 557.439105384531 559.868112888028 560.283006875302 535.026309403866 506.137700248947 496.190215767926 492.614665017145 508.518509866888 511.394883470235 512.743693621982 508.66200747377 521.842534041836 508.573697026902 483.106192119157 473.859244139636 498.478208218111 506.792889328326 491.433238769678 532.362728373203 562.839919795458 562.690325069202 557.55775015532 558.156841260218 564.056544439366 570.7563712488 572.585315362609 580.153175940643 572.727625928188 557.339335786955 482.410911966978 381.183760564618 526.436770341353 548.521412000013 512.56206899778
465.887442390627 502.160970439072 502.867000550406 477.637543443217 438.130478425251 427.676236554462 446.646767988726 483.547893104376 494.378496881767 489.507243582598 477.623540969723 475.497370277821 454.997395431006 510.016945485524 481.662908082597 518.438964556439 527.051075411119 559.574365094649 576.379002350946 584.898389540922 581.3866000851 566.116458168427 565.003779538873 556.751068772466 555.816478422249 551.014792390799 542.092883542346 528.809629708145 509.160034266272 466.645489324602 439.5763957 475.620788522472 474.835877561922 486.800538426832 460.354418829166 519.594463567416 566.858976643843 584.684598859561 593.934785694465 582.399900643392 581.548900081085 571.522383402386 575.635120958577 589.441606546434 587.658785655221 574.814720373206 426.55075621958 424.110492464259 544.994874790498 557.756816170493 563.172339215641
437.008867031235 468.61085334778 472.72749802938 465.340213618906 330.359205417759 332.03378037294 369.853068990524 469.581517115165 493.358594312099 491.160082517681 484.767633087116 476.216664832527 475.358889484076 475.098798945149 466.248873685531 480.178901397277 501.304704262936 521.69687482251 541.872756347153 565.380235103364 577.733467802059 587.188477864069 581.668588510279 574.920439387035 579.221510337336 552.500867705022 534.162918363052 527.571095428529 513.008123002599 504.789119126194 495.948665807784 493.114829809137 501.035619753042 514.371932989089 506.30172606034 536.25302252931 570.420479786892 581.232543639432 590.719439125857 581.539706445717 544.995448200339 532.673187115561 575.531446448792 592.443714534463 581.153077690822 573.708842649237 555.881750922241 554.11578340999 565.104422845316 568.383293652093 555.076622595052
401.192925230755 453.262180709012 457.761303341924 422.769641012326 334.823607683201 431.635468617471 477.278359369836 484.741799572753 487.59287463664 488.343873967843 489.19888768826 477.889231447919 467.849996436454 469.702515732453 420.945490111921 476.082820654638 491.458474100092 494.6711207421 514.660172663424 523.718960299407 553.847205538493 581.04894190737 572.520725459778 570.911840958934 570.871066821197 560.799877704324 559.942802733897 546.589283825239 534.182413147402 530.531368306236 524.405027660919 531.822204970387 543.736438373279 549.216956050261 536.166939188868 554.57747291811 561.000108331272 570.925787485407 578.308909792533 584.611193025313 555.837486500119 531.193928361383 552.795394225888 589.279932345734 576.817491940353 584.905566434351 587.387814473672 571.236823315618 565.334649773802 569.915179599793 551.214823341136
417.611361015488 448.852794394922 453.068172770057 405.792493729339 451.316440186168 482.234021073826 479.117685543654 459.838336662363 459.686282439299 479.821195082829 473.965532103989 479.450545881176 474.764511774738 475.621936844502 381.405008141889 435.576229907176 481.370291971597 476.018571122976 485.658442853142 499.288753398327 534.170320397893 557.679496354058 564.595026987302 565.588973805193 550.71570092063 549.472444609487 573.103180114087 564.084235387793 543.218977231911 554.860496017879 552.690929874441 561.769852408075 563.895399160023 570.235403022949 579.496446893781 582.398495523021 581.189723614119 581.760352519675 577.903528114197 575.565667533781 588.667994206298 552.188464141172 522.408149900647 559.96879208301 584.703270077824 589.46116036254 523.971444663481 568.760638006577 575.241234892817 514.660590825796 435.70283512917
