data/soil/sand_5.15cm_mean.asc
NCOLS 654 
NROWS 380 
XLLCORNER 3.91666666666667 
YLLCORNER 55.3333333333333 
CELLSIZE 0.0416666666666667 
NODATA_value -9999 
[rows 161 to 183 of 380, columns 204 to 254 of 654]
529.83223296847 530.810249626059 540.481194246884 516.734484615758 513.69283922962 525.237214723319 531.053008677206 534.613518006892 531.757101200557 521.582320346654 557.466132536198 561.441591838983 562.878172535045 554.507780505882 564.548175831632 559.404921801892 551.620678628771 541.9400140754 540.358015116541 540.113518636036 541.654416894316 538.154882565516 524.743507724788 466.718746442843 366.068627627941 303.053913072063 358.447858896459 327.381917253296 397.153920991261 365.374015166251 250.08382565218 288.290875420324 335.427705768498 408.182599981356 509.866388773992 511.111612951932 508.734876273617 507.682384466469 510.627855333239 510.809604062102 521.002281060925 485.978245146359 323.49244207129 334.308083172174 269.409936133793 214.684871842719 341.249726332031 362.831039163326 402.542305468934 466.024552669465 441.708679153915
507.183830330749 522.421145992789 513.108500581009 512.180516211078 534.624200512158 535.529835312719 525.813917707753 550.586440665406 543.904772694507 553.970024670857 553.64309113277 559.842632306879 556.13213597753 555.66699652147 558.167986284206 563.142988691832 545.773182176235 552.511348865224 537.629172492399 527.059584383658 540.775699790853 540.973959983229 529.778809905986 513.711480700883 434.413890698953 384.285025946067 415.149718454537 349.003454751289 495.145847478686 468.291724855026 382.20994882332 484.293600827624 500.532816885108 511.17113458825 514.278344043994 519.790394314945 531.45503432524 532.917948037742 526.191977501983 506.693834319397 465.143597707855 508.094113102447 516.746241878662 492.08078572775 405.677101251087 277.257132681835 272.326214453102 395.850469838346 436.364992586647 344.878342384992 365.274553735927
514.43444230392 522.161917777153 519.829097813534 494.982240292134 518.06885147991 530.028710315389 539.857503594682 547.384624755057 537.042051376473 542.901107117336 552.113846348719 561.278929636591 559.235417348923 552.444028473566 553.73249373502 553.725365093901 527.679193369006 520.530044132009 527.660404607182 532.901048788978 537.621756538506 530.259724289784 515.596329125305 511.52155525116 507.962331778582 500.648880124557 447.855228379583 450.762697828852 455.740035757002 495.902694848168 422.669536779617 432.69673033217 476.151711359079 501.950542906134 513.43939505397 530.601589042475 549.711520342222 538.430270150819 511.722046021456 510.258404263399 541.084704947847 519.956042784166 524.590703543349 516.259352595882 487.436510999221 474.602558350634 452.754542290238 444.552939005991 443.830080670853 452.431179053463 377.920306765709
520.883634312281 504.733080450086 502.351442017985 498.483366236549 504.587845226733 510.331049806582 532.874117065597 537.55344625908 539.590522015382 540.258614348332 543.958433719387 520.12129222276 525.574374591078 546.572624334255 551.515271461695 556.004441693913 560.328415570302 539.225817939948 539.039172587271 523.820027310461 522.510325501077 526.910992626992 526.328315060282 517.429629406975 492.531232504335 468.589749802326 426.800699915639 406.910062569611 488.488911253826 469.608263902034 433.182644483006 452.585220566614 461.149213298087 486.28676974808 487.950936351052 506.67118783607 537.499955683395 538.079405559774 535.235212804388 538.034268370876 534.943097774026 528.848832043407 523.409975131821 515.995236238115 491.705052447309 482.944279454164 474.900883679201 477.491645454002 493.605320947191 505.216112332445 508.861712718146
495.420942077402 462.316040455006 488.160410443695 507.299454181757 500.554869347066 509.185871562715 494.568035843939 533.462339844893 524.063012401767 528.333781740366 529.117725640668 450.151685027907 460.670391890578 530.732123124473 528.638620928896 530.224727841798 536.740460767132 524.007080301514 527.788770833445 515.889937675711 471.008935847963 509.326193629397 514.773160440033 501.153871283428 469.323976622219 423.486989117869 448.782689048354 473.344742307793 486.76885779518 405.499024871942 342.955483678076 365.957171093196 424.480849504415 470.393382608869 489.450990826897 498.950575155832 516.739885042961 511.149574013277 519.672381118775 533.149558762487 535.826839111651 534.736005792562 526.569837526875 515.482131384847 505.095186640583 488.919960321626 479.289580445091 479.471247047465 470.29126715004 504.859287327946 512.33861249065
496.964563107602 505.430571423165 510.776209966284 498.124738302415 471.686189955901 474.442675930833 437.265219184592 469.025733101075 515.427516548494 526.800984710372 506.452251431217 494.587693008979 519.690512006745 533.283745734636 516.695238611877 517.633768384404 530.600305574796 474.888729674414 483.193542620912 513.488100783114 495.92022422809 507.254010905739 497.409813068572 477.807388976529 495.644795995952 498.58649958121 484.576246215656 480.547303982527 476.784812517652 447.356157293387 357.822933068566 387.076179255571 381.580422018026 398.773571973651 457.115122430858 490.530236061965 495.401911447315 475.112091293373 490.924488898912 525.52522889053 533.430848015853 533.658548684873 534.043722011856 519.04959251468 518.014143865902 494.736237025987 485.914801302377 495.505290295006 500.548606824598 501.431365964765 485.354303795132
524.456401140271 520.590969478653 530.407194357938 501.185245035434 508.755447504995 484.34791918916 471.845429506456 459.741024801423 520.925926989278 506.260398786337 465.418924483597 425.419909617605 492.878863342437 501.951176925203 518.855130230232 526.288107043523 520.25981041336 431.559935002295 470.648057729299 501.891889936513 500.420784267527 497.752440405868 486.916878445502 505.965689158456 472.134531815116 481.02108132052 496.380975258427 479.407494323493 473.417642582942 481.318503564831 480.981548602456 482.449968406217 468.012501165444 365.912585610335 359.122817306841 448.874443733178 482.761614483134 494.025215633647 454.76543949809 493.016060210838 517.658878712315 524.373370576298 522.281033057628 516.880078951927 520.334992019883 515.550052695932 519.27850105911 515.418805279335 521.836927286683 521.339081468527 501.339461016507
525.284469169808 528.719398481411 535.798772017868 522.796679821548 521.560304647229 522.542463708967 511.890998876232 518.582442678649 494.703211380428 432.241822331818 426.569785712865 357.723474621295 428.832707555767 499.381680628002 518.050246564256 519.238984233171 496.480385653293 473.210891819409 521.393392192621 508.763304139801 519.292080209478 509.744108925096 506.718735370603 530.407576767617 500.659933824534 504.756320658745 488.747985484094 474.961267681727 467.313713164398 464.896845171752 487.937675668052 485.412439883168 489.920206745702 448.983982100141 385.44314458741 387.065859074475 454.79428832647 496.692564375689 438.631474687838 448.816909218356 443.786532006184 491.546158151608 510.115900891465 508.55647109315 508.721049169675 514.2929824304 524.288328113164 532.936903467151 538.187020221445 542.209816975903 543.67686799622
515.876322647001 502.227838394457 511.671718395674 522.645668424182 531.095006293449 525.324899118835 516.492454432918 502.968729545228 465.370148288401 453.006805600605 435.299116185735 399.288247206338 423.996476827849 490.377990351391 425.808774154778 332.283056147822 488.002998772053 505.216868251591 515.731105451495 506.585828161591 465.904875629016 476.649825964923 535.443299089084 543.273701371841 527.160752240661 444.215594637462 431.845063984142 484.271775044185 488.61275082367 437.949091110218 447.580668150377 443.252775591162 476.889958897019 473.734300675322 458.553525596412 432.221543786383 368.642796259009 296.416049233267 257.978515236884 381.257930186738 442.414251697336 422.529244204648 499.741312618445 507.813007252158 499.477871524789 493.120033564711 517.276444209347 532.319949940226 541.232341135116 530.427132921321 536.113232289526
514.440698360529 510.749497096753 519.502093170566 525.271246035856 534.314299595971 518.803864389914 523.328531318135 522.568330684268 509.218630914885 508.717855416834 437.515285724922 374.305261005557 455.875473089388 483.70893162295 314.058045960542 267.156705044959 459.846588389673 509.531643035887 518.787350373635 530.245543422835 493.56814122009 475.608178632646 511.141949106492 520.383481927381 466.221659225423 436.18850895778 475.526437940419 487.55461036593 497.459029919219 475.7541467233 470.524809764425 464.180441337105 455.710317450619 443.618026920952 484.788157935237 480.152229579873 454.310177620804 421.691145592799 348.511990792949 352.949505832551 350.996374031418 250.490874386156 432.420452172889 496.916338918505 480.088273964776 494.827348299803 506.626319254613 511.025534617976 517.6103914741 515.599730193544 527.107745449994
519.550759065831 534.28148902839 530.281655910079 509.028963710157 405.875028322288 513.11583625673 512.560174380588 516.35186358591 526.052180655077 511.925542815917 468.249538520547 359.240502788408 432.193544151797 519.688907501249 497.984052737012 484.481011844467 495.922341132277 502.631016620601 509.160487837311 510.867888837898 418.361712524843 279.278546748405 386.058124568739 517.642232642076 516.438860460439 467.696578652521 461.439994504282 440.532684582414 492.044380912887 498.348288660847 488.073706900401 483.941445423439 475.646362716539 476.534044968697 487.642233172886 494.674581832554 444.316640031466 297.767777403298 410.925182077963 469.188687419612 384.420303730639 309.014500880372 381.069048448045 463.920856503996 431.855412600872 454.132584453321 466.837115666131 491.027361160304 497.233675848946 430.994339414109 477.629433344702
545.648142747071 529.602671506667 537.337356290238 529.364805557257 513.175478967448 521.860555862061 518.670374152708 460.216402932157 212.61719052268 183.421578345689 231.630409354415 273.637288953187 423.211550379506 506.765516477311 522.611241580853 502.246010425425 526.779011211411 524.182487144392 528.354189503277 491.863829888986 421.506661496937 400.099497161286 364.553521370241 513.936563008319 517.3873901541 515.207421693036 445.491041774792 468.807382239898 474.104532830145 203.627010570228 325.48362117551 362.865374458947 475.301244839699 482.735444588092 503.874213958545 501.553103556839 430.140712017556 346.413360263584 310.903848060253 463.909527934195 452.463985670286 389.035384909404 328.970226708854 198.957499219741 256.30882786647 408.454785989021 405.100750501958 459.21027478169 516.863452014404 456.846692534212 495.696951217435
540.365148541157 528.030812568238 532.308401571422 537.375697014717 538.052443027205 498.200488877378 511.442991077112 505.508668618897 463.632948413582 404.527897288757 304.25578213419 121.533756781004 47.6767162822537 338.897824833643 499.899645942995 519.882377632172 511.983986387634 532.670585887401 483.340062367209 513.219166484203 483.596739922225 376.240412652034 395.508959577384 493.784556459745 482.822318175063 479.056269928886 447.081990667755 486.659978743654 501.429098542866 493.995935607717 454.370178816758 392.035680164384 390.222325181054 491.844910555332 508.615029820289 510.27081515657 479.628928447309 403.359389854664 375.667579999492 456.243388343269 461.175591666815 445.588592944073 453.717328021477 372.630949817915 386.128580268799 284.074837529339 276.975919541695 401.845107123542 469.187527837111 357.118218162739 313.429618041157
519.497010337945 515.15452618008 528.22100581404 528.592319426323 525.271312014296 534.416574206066 535.139196365768 532.930580737592 534.465968313414 515.325146589924 393.530069537383 318.777362301367 187.029466295333 204.155962853755 390.921300613581 511.072626796315 522.027569570477 501.409983472797 498.912324304264 492.700066780615 510.97899473557 378.821538934259 312.598451196197 455.244143403371 447.141785570881 398.930271134399 428.90187913672 475.049483013894 499.47423154221 502.696440545247 503.728623443752 473.380445251521 427.986200464371 494.100845453317 498.551701621783 485.869301473064 480.997600278237 484.911154131616 465.5196984591 485.940200895825 448.143394761687 496.71767645053 473.933315674712 302.373995968607 226.348218607962 281.982950420404 349.453659260644 328.684908488353 408.861130797339 450.773556740811 495.059355888975
542.230830241791 534.500415442736 520.647417034938 516.42254768331 531.692448159825 539.019470442585 539.987027402358 537.363996348046 534.822521353109 524.356842007592 481.598870545967 449.772239992663 357.159518983696 132.315797037891 174.606685559553 407.480503535303 476.928278497072 386.700791651535 477.837101062311 509.184152213887 519.329715644157 505.915433350331 407.463405622721 419.320128833052 500.390737410968 430.198857738403 255.2961378725 369.377514262798 477.889503039288 490.311708473117 470.123212759164 507.715758408045 503.070253896231 500.639584688817 494.512338877111 487.688352680692 481.784887611837 479.722847239444 485.09317381909 447.074038887546 477.473910575468 489.509830718127 500.317525659984 467.526033107264 447.778837456742 408.159534295465 347.36369361285 353.642450177581 331.676776687426 322.476003124963 416.966740949021
545.098185060019 536.63786420779 501.910707103582 523.341067368059 510.133107397799 553.703649181095 537.566925072197 532.232868333391 522.682736714299 520.319961713346 511.952793220848 490.523815771412 443.865104895975 364.235322910558 249.338068605051 190.527381981876 360.567677508467 494.515617907092 492.879974841466 490.986841404228 485.793458195286 493.528709713391 463.683266358933 454.585201265844 480.998797561239 473.442098859396 399.690108243095 430.315199327985 478.896593227943 495.558122920442 468.418522289524 494.515497743531 493.749094830025 496.195949617273 501.633143634492 504.925216546609 500.880959069853 491.67022076153 484.27967875124 374.404942855126 487.676220218095 469.052691747788 500.787352675215 457.32905828625 437.19843915816 407.631184747199 344.97082454678 402.165893258972 416.391321971685 386.283633941721 338.004404124815
461.858299422277 486.817799211585 445.406651472064 505.587942128872 464.010300398452 545.176538316218 534.102569055202 528.796698554887 518.769707519287 516.276876785589 512.475417371357 449.307021850885 366.634676347387 409.311024935357 346.948729063737 297.699938923137 414.359614077009 507.56141680459 497.838730287679 504.15918477563 489.435468290994 462.623482858602 433.168864074863 451.067674053126 486.09837272274 451.850803350337 300.075653285013 379.286194762698 472.405747619533 488.087610903076 491.662790287994 486.870070600849 491.718769083456 492.19355073512 504.938494183475 513.841456287611 514.077391358921 503.856900995894 491.557270911428 393.613829617171 382.539024630345 495.905477158231 503.070270803378 485.387348490092 477.103401139776 442.077474580851 411.004565463986 456.888949425398 480.243144993321 482.374504925462 465.789270159309
434.78713063117 392.474991880565 326.840413068024 345.218977324614 385.238268264598 413.259253203327 501.010567510337 499.614947861558 477.27095526582 483.313202775433 433.449598245174 401.040571911047 339.740558228208 295.427976148801 360.628994287485 394.460642278626 326.789679570252 340.055261095974 377.226810403809 403.993555609295 404.054907349417 431.353109964 424.830597091719 463.058650855465 495.624021393727 487.519442244774 449.502772808021 430.546259144105 447.296585993499 480.587457110734 492.969465760852 488.775300050195 481.078978429036 477.718299154532 478.786801349777 488.820031948454 492.882445544465 499.259485999031 505.348764234097 408.089174365282 247.653553740358 423.381001322634 489.939602891751 511.347040153465 470.891965311575 391.229675564625 453.51811578158 503.566181910718 508.392988198332 515.686257952222 507.345758428306
429.77495692317 359.35335391696 300.983001605 259.904163871069 338.210719248993 361.006799262121 457.436081572708 454.945674363862 452.527714213519 449.601193598817 396.131649475707 308.04302545802 188.782231264995 145.410718898585 233.690057550723 385.804141574572 378.747448154127 360.519529076162 395.30974699738 411.976259829341 394.439522154716 394.611008747432 449.291541650428 471.873713659267 457.11736961737 474.73365826209 495.442794267309 452.750816201195 426.629408443303 472.77059595313 483.756429485896 451.632859544165 414.499201931922 423.877645849386 441.201258403408 449.22829697361 464.079028989063 474.617371337298 497.451237776478 508.322752067028 417.953830249924 443.620076087021 482.073182888293 496.226232287242 478.712312620712 397.519008674598 374.316886329964 454.865857786163 506.086955475664 522.744183869307 516.143502504603
453.785579443406 381.243820581607 173.433457321575 99.1574239958892 154.088353219808 328.619172459581 465.193522543341 462.240797798342 491.653174022256 491.182593821723 454.099198139682 251.287238191632 41.7931969893235 27.083961941086 69.7323628146787 191.66695076934 324.187370477817 405.354366143737 474.48882640219 425.2328435698 416.977354442782 468.231055484478 488.15575280303 495.347433250658 481.556520329577 489.843939482928 477.653784738388 483.061711022224 483.038116476916 482.129539001386 465.978814003403 418.516645031286 424.990736076782 411.413075637572 361.266169703523 274.05439937419 274.803398202389 360.96923050923 443.438165579917 475.622766125313 488.521005400679 486.378890431908 487.003679781985 497.039243851931 497.461396329315 483.731442602649 453.082779367624 457.490750955818 492.912050002376 501.623769823643 497.078591254997
514.050700646159 489.88123289016 369.485126568853 287.596070874732 223.175801320458 281.751133808997 481.098897655234 471.149123271581 474.359157983518 426.766582060982 473.770432588903 376.943301305246 109.032803247303 0 90.0289764362826 178.857684966543 345.94671835826 392.415306900889 426.954383593538 449.477481461735 385.088369470969 421.024791147445 472.492739198595 497.709203816069 495.240906958012 488.043393934974 457.495996936824 477.153980342654 478.440263591291 488.335852764304 462.529936609031 461.844918363677 463.208441774718 425.717548617033 382.196411673855 359.013929399528 320.354479202202 273.052762577798 264.137614535246 261.263033387435 286.220963732401 371.394415057607 442.220278044424 451.587095983909 460.101862100289 476.006224717276 492.932575721726 494.941832281182 503.629238624381 501.544953788805 487.87548915315
490.754354356696 495.259554879295 489.748986451333 493.32880132102 487.412055266917 444.127495523833 461.662102535936 457.636282388367 274.211776509399 376.344098563095 503.984014971584 488.466040236764 283.527604418723 52.8577395789798 239.39205731943 420.279770028093 444.377482025716 464.841968240817 486.943210990699 498.010707116352 467.078003699056 446.899813556372 421.15786090597 434.174123316038 386.544167831658 332.657030674101 403.191243215223 390.804873403894 463.258391504306 433.463163525066 266.215652128959 325.520992387108 457.879772921421 474.119626321304 428.944739257369 425.54088172363 447.498220088918 436.683430865629 416.632998281039 374.325865761624 357.634440471379 265.910649208632 262.112485869824 273.583423594284 368.403916505431 444.911705990516 480.458077025579 503.05409073014 501.012757788205 494.745198961103 482.639179595457
467.569751607097 463.152946359379 491.639654077804 500.009525220569 493.805471953816 338.00991039649 265.215883954769 469.927718234058 492.179603244695 490.723978020467 511.244007848477 508.4365849795 488.153056440817 422.701053776569 306.29424642788 264.050307492429 255.747017092863 425.534511015007 409.725701320865 441.530938453188 413.206529095508 492.595051903157 497.733998281772 497.721656629431 487.405261880773 462.954008736242 446.558985833169 444.012956075324 358.282541615115 384.652791934071 476.667277949418 487.602612301083 482.075906991375 453.736622410305 462.093434931077 458.672632347408 463.611236425875 459.54123916172 482.180743024501 460.437105067491 459.685233504717 441.963229509064 422.684687947945 400.625944854821 413.576800783003 433.314100152339 463.552588478566 495.094336607383 498.86293811529 494.486747104577 482.780534240412
