data/soil/silt_0.5cm_mean.asc
NCOLS 654 
NROWS 380 
XLLCORNER 3.91666666666667 
YLLCORNER 55.3333333333333 
CELLSIZE 0.0416666666666667 
NODATA_value -9999 
[rows 276 to 298 of 380, columns 255 to 305 of 654]
290.215382581667 167.992713530708 243.362313194138 209.869764827278 287.21149525309 306.850661207804 330.998145388921 336.970599717577 350.775230650741 335.099622936917 326.367019674147 240.88131818435 328.593293087632 337.079556180419 285.94196310489 271.277113994934 354.697410147975 369.633251478233 385.413569699398 389.333521816765 387.842643050234 382.346826612245 388.985202373079 377.656085180016 356.762648270266 353.288743464744 431.083264586159 389.868087125805 385.700889642364 402.564411839982 360.606610074092 352.593837524116 361.593645447942 377.150345580912 374.388581934466 350.798934916533 368.532923059604 385.861889252057 396.062078396141 388.06575776475 354.915628547499 356.593240979286 369.195905931077 379.552568474117 375.148766477561 364.705733620038 354.953119036045 291.761752960938 230.755673689534 309.922396393847 400.118281765489
258.54311137819 133.663685502024 265.212472109173 222.85917003861 254.36533826002 288.823676587857 313.507693384523 311.540278077859 331.719920825052 298.63655953242 258.595614332521 235.631963488819 321.207838794625 318.318117021753 318.80207947087 342.285451054403 318.36174473699 376.063101657186 373.723228390342 382.841234792869 370.337903671393 373.721175620396 381.54701166474 365.660579875167 351.756188018521 305.688380638404 365.263817748357 342.421500795057 388.681662547563 391.765395884487 374.834191611418 369.950051595432 382.079146730454 392.778817471984 397.221466477098 404.054896661418 403.927468099986 398.882806877868 423.719467474072 416.439274784913 371.828661805592 400.178512010872 427.993162234112 425.379011731142 415.502079209481 376.555274989075 288.758873704071 164.769361660653 41.3984645093165 202.763288252047 383.853334872663
294.098036396218 238.93564129735 278.76769509268 290.290762484737 265.340540810035 298.40727891631 322.037964531916 313.241318665666 316.185200265003 312.794050105303 261.138063921701 276.901061774523 268.929042227081 317.567628824146 324.698727998349 350.157116227687 354.1331267381 395.214186887949 375.359736078143 386.157762611502 381.011652134721 374.078401779833 376.480027833797 372.811023102664 387.210285953796 361.708231283034 329.515795708209 336.637639362124 337.373153685495 324.034692970509 390.757589000582 396.477377438853 421.071220386747 438.64919035636 451.213888514199 444.625374792629 444.553426197151 424.362002876843 431.972454469273 449.779023841294 438.431543962961 441.234608916202 440.645946042419 439.352248287234 428.378192359556 398.95468058771 332.105007834137 248.906621842172 50.6704136711128 102.557405440596 226.974163633354
335.949222575354 326.984668587373 286.423527026941 300.737854760431 307.55890478339 335.624176877154 331.046439606481 305.442871932138 263.426728586773 250.260112643064 294.565237844205 293.003621329557 210.687473580508 330.747172049673 359.999597517449 398.693498096838 406.053777021858 406.892492331983 397.024219477115 415.95469135578 411.341736393886 404.76646438189 378.596338522275 406.58738077264 423.922639811694 425.196119002289 399.96145723535 398.541747699304 369.993405369264 342.830480091613 403.20154660391 418.617244735957 432.73060578355 425.791854638932 318.657164050001 368.197700222346 425.265807162156 430.274906785161 424.790539316759 430.421925309071 382.284862240929 344.949988940342 384.862616833343 399.830332960127 374.79354230254 386.502062164524 289.857789118933 200.491068774721 41.3868917815994 82.7296352419462 133.592200827485
359.917718135907 340.249194503815 330.424648049838 307.186546322308 224.714166662531 328.944020411967 325.985013808952 319.481597987452 264.561337292868 263.261620672491 287.843208325548 310.866122999272 282.072639935255 340.824576368778 404.358247333573 433.137499722889 434.478674216165 433.668932230859 422.409553859434 382.519112612271 411.973803509534 447.227847443048 428.566667540953 433.535598644577 429.918896072951 407.497813780194 398.313616589931 408.281396966946 400.695079261516 403.325733206687 427.152571883028 438.645905995803 430.433184620396 432.654387118178 372.754094138321 383.164155832582 321.234785391266 228.722656101476 226.371263337837 250.105181008208 172.782270308415 145.83826956993 249.984167211597 210.539598758124 146.699496801349 170.630250487036 93.3409807289792 32.4973661562018 12.2162614202959 45.9902063313165 150.287188929728
365.778210975077 312.63604690535 329.809993580259 316.091688012513 284.41009160586 296.591245604188 270.240107858972 330.870853856672 323.570305235 327.850874757346 320.152468890296 296.852345876557 314.626351382984 330.210753454721 380.982586765612 435.630541987454 449.617992935447 444.397107228822 365.054943066206 204.12951008371 236.817065216096 395.951291670103 432.000209047741 424.261887349045 413.834497000163 406.432862959028 417.761897572246 429.128124211191 408.954420312168 423.188724348118 443.048772272703 447.133817714993 439.500271558745 426.310765586687 422.889922383974 426.409791337464 392.841037356522 150.081077930863 206.514174205192 237.559195475456 272.123201868235 286.245969380325 340.731590043667 352.380218233657 317.633385868818 290.610890977264 254.540698790602 301.326272550258 342.249360383289 331.470762025488 346.26939307334
419.527676985705 400.858649427733 371.532940101869 342.467717783899 320.970761631601 293.207568470186 316.078160407161 324.881086143381 325.561052244087 337.013069854772 327.078001999287 314.729860307808 332.707352006028 386.889547390739 387.055671142314 380.906039430332 398.166012625851 402.687630979986 385.853749578793 349.645276690917 331.394914646131 377.563382535976 395.766846748942 411.171606375245 406.278545440293 404.739364334197 406.619596186258 397.893409798176 364.944555256442 393.108531340208 332.096185522494 310.512740403217 402.120460938383 410.574467213394 386.137537154833 383.611704847971 377.634625868359 370.250183376417 371.432694672403 380.742460608572 404.789681938144 400.668551938442 400.013546896795 397.8014392568 360.179945290666 333.491475899589 227.267771635472 267.598610408764 400.030807770587 410.092049592093 394.983330040712
351.545115815043 395.464057626833 366.145398610828 287.723814906676 331.768577649088 320.754707369778 334.534666908024 328.1627205576 315.890284779108 303.493234022413 326.574002508913 357.157429432058 410.252386384758 403.449127974908 385.051805241213 341.821892619905 371.439850522803 385.942168245962 374.977657581326 398.43075395541 423.031750804893 411.671298738202 386.141444649935 383.147326540476 396.776914559941 399.295609167233 384.932446457344 386.41480912828 388.180354604068 357.790049135671 355.921792427264 391.130540092066 397.989086818064 379.476383063112 384.041581203047 382.302285782242 376.658335265054 372.814539708004 353.575607919536 363.663499847524 384.704854465071 417.274934390185 412.833799026918 397.470077799121 375.050047553841 334.556562531473 245.699818533671 245.575372011199 391.078514951312 369.447055554859 366.609072817235
156.70999572485 359.270663531572 362.782052089294 340.529204977734 317.537652332215 309.446845802888 336.53203696507 316.085006695755 312.933140536238 309.416033105891 338.719040318208 355.696078844433 353.816420921656 379.501344008516 380.060551547139 299.643462420495 337.900762406176 385.921427944876 394.015422494732 396.248031314879 374.47895118624 352.263947118265 274.937215769849 236.251029902257 131.76674968897 115.8032080315 281.592540552372 308.266384909299 262.688051281417 330.26158797468 393.704494811156 356.009932908092 388.415217091352 407.955671139206 388.571273985303 359.998213385099 365.005436603771 375.912590126798 358.141242703256 360.336648066325 379.003799420584 415.244671472063 418.005122197185 411.852347671911 356.770267776076 376.725581139659 375.490347441915 409.355426113261 427.281188445652 404.535417266802 383.973273059116
355.592100264403 328.165020870517 283.885619483704 290.998572915451 296.425165109924 323.257696997794 333.597308620147 354.243777511259 361.072837365965 354.976742184788 359.024295524205 392.252934906992 392.645816916686 393.856710105167 299.503573122785 98.3889194604103 122.171082311691 238.38569225899 200.079089480499 157.410432782162 138.325698497506 93.7993751741411 53.287550384286 95.4556500977384 177.629361472747 19.9382002250421 3.91663219133883 3.07537203662595 9.19441706319773 99.3984466987494 204.496399144515 155.661338848506 116.490499122629 102.619948618388 126.881597719606 154.553385595605 305.861139435992 349.02075320836 244.006118090749 241.744784567326 231.263958333302 198.193490477965 266.358691193541 330.540055203404 351.878037637531 390.470942598699 393.796472488074 411.635933856827 398.717959214294 388.593616617187 381.921155216582
348.559915860701 320.79571254757 325.461551087783 272.467269091852 313.838587493206 356.560928442155 387.217910694226 392.91714639197 393.873595900628 390.591649295415 407.739356102996 411.204424864162 401.696107951537 409.900717341982 311.547683643104 321.400514783252 355.473123997583 356.547095299403 401.49069998241 395.52195849568 367.979757261439 317.35903657592 299.777931237561 352.7495919628 281.284527660829 127.766394056654 43.9209853474955 9.0671382022902 40.9113637935436 20.7938335799266 4.38088781927816 5.616518060455 17.2215070523655 41.2740462488092 54.7060638082111 80.2403367292328 168.416385063552 216.98048801103 233.193100089511 245.694840785281 276.669267875996 325.686780344235 332.468703462239 310.849815223121 318.340461920394 342.143638572261 357.477283726409 375.156598842614 327.784612595707 386.215983129077 383.832084298598
352.883198037084 318.783689060419 335.352938272915 340.195000328819 359.378474593593 397.675437650074 400.161916945709 388.716819362229 399.408511446758 404.325927270581 412.409614005982 421.864349439102 410.236699859468 435.976919451865 405.58683899519 419.251424340898 413.134182998872 426.824643007247 417.966027729268 400.584817982606 388.010385616754 391.629325218578 395.258168238677 410.707331100343 431.804361030221 323.405644579932 98.4189289214956 23.4107302818022 80.0502068576478 5.24838259694858 6.92765226058709 18.8335358552767 83.2474028115669 202.087917118945 224.894572314564 277.479472244225 371.760208496353 382.23099253791 365.331881403343 379.973418020155 380.704493239897 343.088864410797 284.048007643539 323.334527120833 336.653871606142 345.726509866274 348.480697911196 357.034669485433 336.084088183432 369.916422502529 374.583109191082
357.704946244565 322.533789385064 322.220774930649 360.073671586752 409.670959183318 404.367282286396 398.008010996498 392.4700188066 415.16152948634 411.755744620933 402.953895854394 401.899540724083 384.482685596177 398.656728292592 330.196965485803 419.675178327992 398.13825686378 389.261406199557 390.92440226318 382.503269435161 375.662701426419 381.142887517536 387.700044919598 394.722346987908 418.321361849193 350.575054366146 192.748772649178 144.537270294211 131.801584149141 130.405718541586 124.866572393956 154.60568838052 230.554588913452 323.304028921291 305.711165953021 173.99459467403 330.756776645171 388.654117822036 359.663342170902 390.6331996555 381.961024338335 368.091805062334 349.917538805836 349.200493274892 356.321230844349 362.330427483165 356.799220691783 371.200211369057 361.163037520244 348.482603988525 372.801093391846
331.604580404199 350.726347308424 300.296942401609 307.690999276286 382.903963662874 374.652391878868 369.333656517604 370.552434608636 403.31969994504 412.176850127721 407.520098152639 405.481112149161 376.101342291591 366.907613566816 321.446575749184 407.327379604006 364.305258553784 347.010105742416 346.730788545762 337.047591117744 323.15877135272 323.647068466243 330.064938350058 344.031876864954 361.392895616214 361.531435995766 352.438385807357 340.869515772164 335.610833356906 345.152156857813 338.335174726426 353.279252680058 369.345968285042 371.353832337831 375.279988760383 212.556808374985 312.890439191651 368.699335397365 369.387856017655 376.243629443041 370.575045703601 365.906500423001 377.288216374656 372.019657202835 371.843222548686 359.0744033253 358.823737331809 380.756246672766 329.773802627029 325.007574999548 366.076498359188
189.053059819793 198.945426912446 277.581083093399 343.944875608054 365.645847809021 354.276357509218 364.547673464107 376.537171642668 385.926660212637 383.02498993424 348.155321522293 356.362060590863 330.712306610328 299.221033660845 356.760286710878 338.418553021948 313.420021815808 306.704873967889 299.5379086901 309.355395376743 313.878456616253 266.715668650536 230.861582319801 198.771333937937 318.481711058435 341.445795974225 347.248720438226 342.372711747335 358.763106186331 381.852274347901 381.178655004848 359.387119682678 340.978597301393 325.226230950168 307.63538961344 283.211527033045 339.217784398102 373.765551535061 369.665883901623 358.06264215026 354.212739749744 345.962108288891 386.032584448415 396.295495614094 390.487739819738 356.375509633339 367.195392908562 330.11019820615 317.419141180784 307.48207163968 369.315388755785
270.351675536803 270.327018791161 336.196808004783 345.818344851839 332.005103408483 324.335336632748 325.983878973821 328.464164994866 321.955575134362 311.451622519843 292.541330713197 299.963439512138 277.06924645307 173.226334898356 200.690477731298 246.242269361596 277.851403078599 288.428604550335 278.77459633225 297.130596641742 273.630123069238 213.667115319068 186.730998491654 179.238560837027 292.138157351447 334.624592874503 288.156597951747 258.276542274471 288.697120792097 331.954926362792 336.429838389327 348.519724128021 342.932466677627 343.135999687496 283.304338576365 251.158918242152 272.467837146925 353.704990070054 335.290286244525 275.797855037967 311.879450318395 355.763357809468 389.039387933826 394.433841204359 386.316812339706 387.124186276546 389.474615656024 313.696564991054 320.722394597198 353.975886341202 376.32366365796
272.818165060785 328.363179616654 343.734376123155 327.825495571684 311.571512859748 302.542266139359 289.57988025882 283.817674395722 278.796956077977 286.208958398238 278.276822306053 313.777620070547 291.509212446619 263.156416316206 268.253812148925 278.356473876487 290.712568068339 295.202953809864 289.341724920701 282.907408824926 267.178433651735 275.625046029522 290.265316077166 293.765203821404 305.84868450956 315.18635380581 312.808982191803 296.248535264767 289.065775273523 317.794225881679 299.007676966554 276.594205499987 237.275952889624 263.226013009296 335.586481043968 376.933252647142 325.630568310308 334.357817241411 356.483763280074 278.928875392324 285.973977184129 351.773786840073 376.243554644142 380.022400261722 394.533107050597 380.121329956301 359.803562034129 304.095400832189 326.229318905801 356.775016840979 394.260080570788
256.417863592246 327.713232824162 241.190627936159 302.051643649711 293.090200039631 288.301100254735 290.9370261354 282.112041864189 285.013422802208 272.99276801585 304.574938139266 337.439830170175 332.784821900923 326.529418775878 277.28654320251 286.542869394408 291.649372416558 277.84400124531 254.505976559201 299.538257923326 314.718134398016 312.177140694962 317.595927905743 307.344395704752 322.664787455895 339.46528311371 305.339435156579 263.483113423938 281.864718047719 311.858727337242 305.866795130134 248.689351360358 189.84185186564 183.913067603922 187.372962672221 177.146287425236 285.562333329991 377.810635973878 387.26030903452 360.444477612915 353.454318770992 352.295285757852 360.950673991542 362.623221042027 354.068931695035 335.462877708375 349.685377474832 299.801658141676 331.147629557681 376.933718131593 349.033000731892
283.950499575357 284.960930822905 119.513592830597 191.406675547543 148.828346558366 275.613676271292 274.701471905612 287.42758111943 253.337564929937 258.397295927199 277.522169116513 289.943161900738 316.476710447721 326.041175667423 285.994814692475 289.79144024427 273.800676651192 258.844424897451 291.113441869471 292.516171878641 303.784974498372 311.581909891524 331.635540479905 260.695084443909 260.061637362961 346.463994252802 328.588324135358 324.503824106729 290.082946629948 245.846646746249 265.77207134734 279.797586161044 303.791879452222 358.03401927369 391.293003125853 356.032284436249 351.15891340965 317.914219533383 360.816748288893 336.773137151408 340.095826715892 312.376384931702 324.627283145012 340.806820051407 370.521776234891 382.06668514616 268.439091953477 156.264258837195 199.959527225533 319.072743803459 391.95395197106
288.371219647133 275.088018001416 243.446937731065 269.204870251736 250.257243376611 297.598775561107 312.659633513423 307.439758716512 249.458818747385 226.514559655897 234.82740579228 275.103241829334 325.208699175684 305.546444823797 295.60296992291 288.332945676061 280.937238902231 247.860747353268 295.115867344789 319.36508469986 317.213894356996 305.564378811487 333.495196163585 280.686132648832 270.474408797057 354.700464864049 354.671278914186 358.257548859828 357.902088425578 332.995940537591 328.920738780376 348.717028528022 288.146332718653 227.472816632114 304.819706044511 389.414334869613 362.031890401325 358.949340288835 349.814844326773 323.293604289972 343.809350805626 290.577909501275 256.725628273648 321.818518335174 357.812365388653 368.943780632599 351.524288341247 283.127341547066 179.182531089262 84.16322237438 269.851333449186
283.127964032345 290.418512855162 288.076318311429 280.05197374544 276.371373410941 273.382656020317 276.137395496785 230.572954533195 194.29989180031 212.083407667153 266.453085338906 300.863194935957 317.208246085047 306.724239226957 312.796814705158 285.241619505135 300.0249910951 305.840434645914 298.040589190423 296.207196132904 292.686839482985 263.871607416562 283.237523651588 298.824891969356 288.022313286877 303.012674587228 343.872581477137 341.9332584804 343.622500211792 328.169528952591 303.121652530016 269.635399679968 308.066448545105 334.467455317451 303.352781390715 341.176238330007 345.734523615007 346.911554536304 322.910382092873 283.221817115842 316.637666234114 346.456662951006 320.226321720065 292.937956747558 337.791063257951 366.60145961322 368.48059187326 359.451506071841 292.016765999056 168.964299984498 165.517925046854
303.090121607074 306.02340248615 267.935909229242 282.034960935525 282.27900299762 250.113709265002 183.495345854747 77.424918942244 44.8460746901759 123.845582932337 243.389997382435 303.175722615926 316.667703344207 294.359575679283 300.744572294077 296.004836178906 266.042375905026 293.665418702398 294.598811979151 300.440456891776 258.456031457879 215.533937701184 269.754411633356 301.103885412938 329.03901082695 335.780952652094 326.547529537556 308.276642649216 306.62408820698 323.447732709109 315.446439633084 333.020950568301 324.05634596729 334.011492930139 334.836198524402 349.497789169425 341.241384485479 307.954602633634 322.823758741976 294.534981716166 322.384387424138 332.665007661152 339.526088272454 312.963239043105 310.543341374645 347.648608381683 339.073539843059 366.753726371586 369.903150966767 359.493486348574 351.374995159913
272.306610620298 301.639285090802 296.379253295924 291.414301065226 233.05162907518 171.374724605504 92.46307614911 19.79382182621 2.71380248608496 46.3692331678948 202.104912001425 294.589843425852 304.428667115601 299.808533428835 295.576119313944 287.388067688103 282.841148007443 300.254780545543 313.776507821899 330.962839939191 323.169038321529 290.501931686307 318.028893195146 327.943558292178 354.257479956245 351.728116412168 341.74057301872 332.400978479894 304.523945356514 295.647936900677 317.978941091364 317.520241387245 329.348267451133 344.259843103846 310.499656490702 326.957033438516 334.257328344879 292.518122997894 318.586798149857 313.229685612661 317.041278290651 329.68145635314 348.922880455727 363.064362247938 354.541957543886 352.314032522392 337.476967898084 351.283245545918 351.467898092046 348.815828542335 362.720507433574
