data/soil/silt_0.5cm_mean.asc
NCOLS 654 
NROWS 380 
XLLCORNER 3.91666666666667 
YLLCORNER 55.3333333333333 
CELLSIZE 0.0416666666666667 
NODATA_value -9999 
[rows 161 to 183 of 380, columns 459 to 509 of 654]
0 0 0 0 0 0 0 0 0 0 0 0 0 0 0 0 0 0 0 0 0 0 0 0 11.9210008930459 100.224810028097 213.902532358817 248.530736126718 243.521572862394 249.384681235709 276.892320311954 271.254356244644 274.560060600857 283.231387437927 277.44410035022 254.16054798938 264.920915951858 269.75818549904 284.284257622161 290.744054983113 297.488906386289 300.056066120052 298.327676774741 303.228779549142 294.611116299281 285.72508413193 303.376698589474 312.079734460936 319.950397170097 305.042681130211 291.567942106612
0 0 0 0 0 0 0 0 0 0 0 0 0 0 0 0 0 0 0 0 0 0.199475868469456 8.72620768735463 143.319042786473 217.996327559952 255.769579545743 266.501818592807 288.287303172847 271.036554363143 254.161072924198 268.073829514943 268.856869336377 248.827073931689 264.330267021639 258.459794065281 255.829001944313 264.758003105783 283.685398226719 294.568861669463 294.341885139371 299.110905585863 299.866867414813 301.765550812268 300.041327351136 290.05835494117 290.255758103365 291.576731819602 294.501670117976 292.143309139988 284.517981779815 285.549768320302
0 0 0 0 0 0 0 0 0 0 0 0 0 0 0 0 0 0 0 0 1.12938422567451 36.010858753542 125.941334040925 234.52768961043 213.448461341076 234.581521865309 280.19484990147 291.091700794686 273.630051040561 261.906983834892 260.225020937996 262.313867051755 267.917864519645 279.577128627984 269.625255455498 275.209180457478 286.286658084926 302.631048295565 319.889773442605 319.907990405044 315.94732740889 324.772008353007 327.67871011649 317.970024843411 299.825662324369 295.485926804993 288.718925244723 284.588025712653 301.680013473892 305.570485013096 299.586799588064
0 0 0 0 0 0 0 0 0 0 0 0 0 0 0 0 0 0 1.83166315340459 21.9611261655114 34.5290889951467 226.694703750536 215.317511792171 179.894459523833 190.786018755775 231.890061044007 275.195075882711 293.156402450041 292.61142182771 283.047039465792 273.126254181748 274.694380692032 275.549130645281 287.309863830869 306.693664777191 309.646040800367 325.03264598892 311.193318790329 306.235802637314 290.828975661191 294.099070638961 313.160291469974 320.168306123042 323.702654219358 320.201209736128 281.964506066808 311.475155582193 311.703013073652 303.861778840834 294.399209266085 293.100439438338
0 0 0 0 0 0 0 0 0 0 0 0 0 0 0 0 0 7.28678965164318 46.2354431385179 150.382055773246 183.548950207881 258.956815453687 257.960634141443 238.140987567163 245.657891954152 274.527260704733 320.394405260144 314.557992007619 308.361521844231 300.721752894696 279.722271088324 275.986324699379 293.478350559907 313.004023521137 327.390767658231 318.40393440774 315.457107895767 312.461930007608 315.158202732403 325.42288235174 321.786222802545 333.427068627569 327.296034973936 329.166712726215 318.16508586108 308.995661487017 328.080585103666 322.990107744033 317.178702243734 308.830857953379 315.323746418687
0 0 0 0 0 0 0 0 0 0 0 0 0.625978289225319 12.1802267350845 25.7873421692491 25.0514066390131 79.0323935459806 130.219588207853 203.928079144452 289.606937381356 315.060381094328 301.807678799756 319.90589817552 352.04474484979 351.87331157544 326.698459365725 338.16019901392 325.592893975448 302.915175534257 292.805120964829 292.437364522659 289.766757290663 304.875677714619 314.49491148472 303.303550892607 301.163874925358 313.384261580231 312.436243059584 322.431338744367 348.442232307205 350.488630544111 349.675822908794 333.839220605549 324.955819003864 318.46873681796 341.578136462825 325.771867788064 326.765803484455 355.491207309002 344.720336039509 335.647305826579
0 0 0 0 0 0 0 0 0 0 0 0 1.38398911659279 19.7599289427384 45.1813431611374 86.7562934680048 217.64575466592 294.79768945716 314.178762645533 318.022057645543 335.206858824997 334.454867690274 321.439195334957 338.325154207728 346.517409159761 331.901290757662 338.398084106772 332.420542189755 299.318735905281 285.659849800504 289.422642699892 309.828034811457 324.575597115655 322.807054238586 315.220066180757 319.844161201862 319.296451979717 324.945302876816 333.120942736608 347.541521635083 356.078369207911 356.908292054527 332.584644653141 329.474117989876 326.742121570185 334.296816330285 340.723822546372 333.177525541239 364.168132141581 361.034537201855 340.756751662054
0 0 0 0 0 0 0 0 0 0 0 0 4.14103965131115 29.2964275124524 90.0483808202501 206.941016579257 257.721025057138 300.573956799131 332.415175089765 330.737011920757 333.692166021501 341.218990460998 337.678271188831 324.213125403586 314.26397635948 298.277166171627 289.874635538458 286.62203410194 281.445134804374 281.628345898952 285.672704689944 304.431012991253 314.825946216069 338.773522481047 356.271546380037 371.452859692523 346.02488557693 349.947828773661 348.518222423696 342.028853569835 336.270957500214 340.961189063147 331.238294055973 337.178562475285 336.490227537074 324.482533040093 325.273269489978 326.076972563383 321.748406797593 314.241204320236 309.06649027153
0 0 0 0 0 0 0 0 17.0954243157348 17.2314945459812 0.0453719856100406 0 7.8965698096777 86.1673438363637 229.3033948658 283.831479416139 286.763723482634 300.417899256708 320.750564045215 333.431642449218 331.286701899074 324.521555297635 324.549531000482 319.864274743577 297.497974321027 264.331274011163 256.068148509613 259.445759430188 261.766160250265 269.973612429678 290.944644188063 305.28180753675 313.116104460216 385.325588632318 428.689983061735 392.065447487346 339.675061918245 345.391855895549 339.011847183111 328.53127300411 328.716693823516 332.340810471833 334.557058080589 318.945780356457 303.918661708807 300.952387337465 307.479250479154 314.147637695145 303.495303713278 290.941381329125 289.130624261383
0 0 0 0 0 0 0 0.772407105392159 158.477900091297 224.269555983649 118.970850178411 92.3300092012414 40.3025851994524 97.6647532009695 251.783273684328 331.127782042803 337.735865375674 335.767941010187 340.938683839549 327.994718782174 325.546354451882 309.170904488955 301.723933610015 274.881671893797 276.159569598895 263.638295521307 271.053949128748 285.482385822425 284.692392797644 297.013922735156 323.590997824925 335.264910455336 345.546112561047 378.481294686454 400.162786742486 364.303345024542 331.903678958698 354.870964395913 389.005111393286 404.583861480597 366.049003793805 356.122907462459 331.302845043816 311.618496603587 311.373300718026 296.3804555531 293.596303027773 305.02361858236 305.34692959657 300.38352904706 286.078211128433
0 0 0 0 0 0 0 1.65403055364755 179.997845756569 265.407164199148 236.762920198359 231.802955192545 237.837213645565 251.91335398023 300.034580301741 335.535131476561 351.376681767028 346.251164814361 347.339785204085 345.562510113873 337.139667511778 317.813610499901 301.17284988501 298.109141603759 302.225705237408 295.075038105779 320.129917621481 328.693327388102 320.840493652717 334.632874211686 345.653712327435 344.592735999178 310.854056602901 316.229867058533 345.797584111185 319.396699532755 318.075114791866 336.848713184237 348.981553281219 386.781129489793 411.147350489363 372.105332024041 322.570018556878 309.294919066509 304.079630094151 311.425590787757 319.560311734912 316.947713514682 322.544226642383 326.964552588865 308.048393762392
0 0 0 0 0 0 0 0.0683930295356801 190.772438414421 262.322640595861 274.757395432928 287.428738640917 303.903138101309 306.49365560879 302.958760778536 312.12324989805 321.660206854325 322.188346471942 323.912024195817 308.693921130929 291.592652229064 282.956410914104 294.342029990463 314.879669391842 356.730833751364 350.888108917646 358.326128659274 364.62670298848 392.081434045183 405.682867750191 385.572218296828 337.859413777217 335.180825634422 354.569672070796 352.94887550921 321.508653881777 317.350956867505 320.54839982274 322.784750781116 349.323003233341 424.665845065658 438.350432764302 415.522881685165 382.36900361511 332.558440981502 319.956007108257 314.752431399075 329.57856110413 383.821833330216 365.133523154705 325.240980462679
0.387154301007057 2.92906499010858 9.47358083469213 35.2325423496842 37.0937355412521 30.7548623224805 70.9535126420191 38.9399033101865 150.672522258025 305.671545119096 336.826514201024 345.456831988699 327.341689612325 333.092956255461 345.062032557849 336.978003926935 332.952811313348 330.12772401623 317.684504197827 305.234765800221 332.979247409172 350.252915224024 344.581812027809 337.273915935922 360.516449689238 359.624148018469 332.21161881705 323.03465969955 369.237559713036 434.886741742144 433.645631561827 393.299627030335 376.756053255191 390.72447703453 425.152902850265 460.634719492004 401.27232623801 348.052780478014 371.072629285537 390.498027665056 419.290052174515 448.009474201178 454.387859794497 417.891639557924 401.743573818659 399.73944308906 360.371942335263 376.519178594051 416.495560523194 407.055678241835 380.634657236008
40.6096070568733 80.9869356243752 183.137302071153 286.661281659754 274.558593675499 282.57975925147 342.851470469246 352.326642127707 359.718690678762 358.643213800683 383.965396281195 356.838765685439 343.40057131482 353.919144631091 376.247097111082 376.491279596523 361.125867432692 346.387971070119 336.258332339578 334.171769338567 354.738281754341 367.457137659087 376.859216782961 371.431088121714 377.345153554915 398.733901200589 405.090423374775 414.420243428211 420.207048650351 395.336261050765 351.013637137435 302.832280456982 307.719819133294 315.463702965287 342.538371687239 381.142347823357 429.391358609904 427.863148979915 418.482811926917 395.631574663078 353.257447358552 332.730741851439 312.518349320175 307.902552722309 322.50648444126 264.368810945821 400.843497358273 428.573471921728 366.381540543862 349.423097578566 331.804420648296
268.810396960214 252.044801170227 322.30904982706 393.712770721815 408.081795396143 410.719868975342 410.786161284187 413.038075907229 380.196492869774 403.33686737201 398.184762986445 363.847390141572 354.049497112002 349.412487652753 372.741463303598 386.16426162584 381.282563833907 373.013300664035 376.162178795786 376.024633764067 363.396651328299 355.604429718455 352.575207347867 366.881073246131 376.404705439212 408.028493846986 438.022251800093 410.618125077608 367.611352745017 330.802057505141 305.522921636061 307.627080742341 306.433537949266 285.592604244175 294.720974075815 295.62812946486 318.192501507298 348.045829285891 369.969567599207 365.810111161683 342.473789638949 330.190054118535 292.060851571824 259.483981453146 279.028582534205 289.799834386186 376.305766686298 388.399840018219 399.858166836373 392.775655318359 378.699185056901
375.430330457863 359.840542038897 381.81603517552 428.709424971532 409.282162380982 389.234876145157 362.285940563705 343.644972953018 337.676863944393 345.86294804681 343.155273460849 354.420651404199 345.202375932155 352.07413674766 363.194872744493 370.476767086461 357.54640569692 365.689846315256 394.755097285366 393.668812112523 354.084114323821 336.865323880861 344.170682766712 332.556547648828 324.63891227705 357.052320141005 404.560455244092 398.698200945731 338.889526884257 320.895390987428 319.458210327378 315.333260740651 292.468223880607 290.286961005142 296.922092634717 279.477151246148 296.244175318843 331.673326850109 359.578860714273 360.477543623369 330.952933875265 303.938630994127 273.295153233632 248.581773013417 270.411856561491 314.301596685293 324.980819909921 303.239780042123 349.566340591125 374.926324137169 390.919898412273
419.225698813204 411.922389595432 426.3737572723 421.761861744193 381.553603403564 358.255470376353 343.489537872549 325.216842215667 316.022594711618 308.0497825203 309.463328969279 335.400436186914 326.002807999516 331.438547821781 338.963271823061 343.254065069453 332.220306713896 325.639711387523 342.478658283183 342.287473994431 327.343493569276 309.734224256861 308.811974817728 294.835698088529 308.514045621933 315.884677046473 306.347151747612 319.976432816454 333.20383536384 377.405519667919 410.67116679237 379.973296773052 310.204192114224 293.654930523453 293.476270496276 290.517500778295 288.209792316007 301.921261129123 322.944909379942 344.198700784486 338.821383018417 309.274230305497 278.41331959625 276.583168150431 283.254329312928 275.472779166223 311.007039398469 302.149809371036 308.002012392639 309.344660906848 301.875550038129
404.826107801033 398.400621407505 391.273139674214 378.624164709208 355.686741666647 367.432309253605 365.893031332571 324.336352926267 290.609343106635 282.743688888767 290.812929211929 293.642349743495 290.805897439632 289.0603290704 294.806541180431 309.355784308807 310.475390123963 313.38826295478 337.414354493759 321.926454985598 297.887788802284 296.029767211646 288.550750891007 267.731809095245 284.406572253875 284.393300874788 283.772769287545 323.98306217817 321.187311278131 348.339388161346 409.806767905689 391.323441900784 307.928288930553 285.567439879139 285.923605450278 302.527133011897 295.108065690312 292.042106342032 290.71555532104 296.33096633562 303.787493692373 293.91575826104 289.200502990468 281.822014990891 293.042593599364 260.395011700123 299.518221597804 302.225164309978 304.396597754088 305.28848769533 306.401151432339
327.802793160503 333.200882632535 330.794123362274 317.449242204424 318.586166065715 336.197009224442 333.812854888241 303.622025275995 288.374778011636 265.547096304754 264.589126807458 254.608607632813 277.431297988348 301.561799989978 326.503998804337 341.368138725476 330.532728047041 327.049391578573 348.090512401855 314.763162711552 284.512360847363 287.049712506007 284.638557116946 265.670716130419 249.686288226982 269.469657706186 285.241123192055 316.463960924031 325.522704470149 313.859264086384 325.29160712652 349.939005896235 322.865946374201 299.64177708511 282.744316942381 287.750891146875 267.77275172831 283.003082806911 279.539814720223 258.39244501614 262.127420352117 273.368457569397 269.769979826646 275.027395898936 282.227978613257 241.568934747924 302.048364771637 304.280401909817 351.414789439598 342.08533022662 319.473960899506
375.271849356626 356.885669787781 334.157436203312 314.799539479164 310.100803077121 301.048148510417 289.066815502826 289.353823901871 267.55150826406 277.503349471882 281.435395941416 233.254792286495 292.966111428124 337.665782542643 358.320265277793 371.057829690218 362.03129416259 341.983024930531 343.035521489789 314.789800680237 304.254458134565 315.040721906376 296.683971868578 228.605228582078 144.125380509909 232.100123209981 281.085065244908 277.228943668405 282.039899038817 283.538316976321 294.022449766685 312.908099173771 340.656122005112 323.397886780786 291.894323018066 280.172310684005 267.596722398538 278.203625602627 270.366294005852 251.90296205741 240.013588562644 244.082336903093 267.854701346744 297.441847341043 259.249836305887 257.421943668047 305.389708455099 314.130291155566 337.224091436374 347.70260963244 317.273297931033
383.318017884564 326.98273144997 311.227536416339 312.239569771922 296.453774177626 290.661798425907 290.498585755051 283.165018996095 268.853051855075 280.099529812783 288.887574262097 274.397248328668 312.03008514991 350.100331575313 380.802287481149 373.867441630375 352.307826566353 340.345136116448 334.43088123734 318.343338398152 301.07950079278 288.406530680216 295.481035071818 276.031386554375 258.006995097948 277.095115877171 272.553587303747 261.18677443212 270.198763445575 288.461017667637 299.313549367099 371.385419269161 362.727147035246 353.63583863618 316.389619130373 275.080045897886 255.503544697617 260.373133068413 262.446913935442 262.369831076328 256.15762417974 264.429095961124 290.273379392335 294.233234244195 189.618616280856 195.700047896031 272.626703333572 311.153179993434 315.124042608237 337.829214893385 309.749662619386
324.736923776466 324.727400785151 311.202518121831 315.607872272239 310.444144142251 296.337883843365 292.816546081229 294.704150102912 327.075779420183 336.250738476649 332.903102970664 299.543275578949 306.214926519672 307.869794674941 345.339202569413 358.617928278804 343.927207735741 299.608750030908 284.406399522689 284.877506649225 281.733075607558 291.537928806389 290.801244114071 275.736137516888 270.389787410852 266.030242478141 271.727134334044 273.599597833737 230.104558224812 252.109593138206 304.764709857075 339.135209027755 326.148006143944 300.349001627938 281.189822608527 266.725525569003 261.531864333582 259.594791366263 252.518252180301 210.445220405409 148.864463581505 153.963694422688 202.860132851732 274.59297435247 290.393950016343 294.522357004798 287.330719194468 293.075990583328 287.142065671432 312.731377135773 327.854061542468
350.964087348468 315.810720741879 301.045013181941 332.46290609879 321.80548537824 302.024396108196 303.655933297564 290.522177555139 283.742546791391 315.392339099885 318.033181191386 269.050623515595 277.936928546852 281.579293748798 326.759893225646 343.621403618054 347.045087365253 305.981241896074 252.633348483121 265.089736815496 278.439256602669 295.60920024571 305.079556708463 255.678086944139 237.639627652364 241.276191311194 264.091861303246 217.087889605353 164.001833879512 192.187358707029 224.832287196383 277.864302130152 307.760073690804 263.481885201554 231.953246199042 240.779663941585 254.977336261694 254.70335692895 239.092989084125 127.506476154573 21.3184804588725 31.6451741432498 30.6288226610934 79.5458649073236 235.684139541311 283.511593240839 274.116139694605 268.056686858612 273.444044821157 268.048182268762 271.989713143677
