data/soil/silt_0.5cm_mean.asc
NCOLS 654 
NROWS 380 
XLLCORNER 3.91666666666667 
YLLCORNER 55.3333333333333 
CELLSIZE 0.0416666666666667 
NODATA_value -9999 
[rows 46 to 68 of 380, columns 459 to 509 of 654]
325.188769283916 301.371319893391 319.916498220941 298.544089440291 287.77457896123 274.67736257659 274.559205309748 314.504203958193 312.458244631031 320.994915882349 341.29999760021 329.854378768641 334.176058304323 328.540030228276 351.446201246164 374.275323292848 361.910604976776 323.807838313708 331.249608027217 348.232506835135 341.216733458884 334.023273468041 349.626562429052 342.220888263762 326.903532366724 307.059713796595 305.34555217439 321.242894644037 321.750051817704 289.190304680266 312.906620146819 316.048881628821 307.670624959864 320.512048874738 317.959772125208 315.422509710114 314.769909100936 312.765171035115 314.797827518981 324.199413001435 329.221703571811 329.026238196199 331.181619179866 324.774987513658 326.99299037175 324.89114241111 332.39781752251 340.91865141203 347.522233204478 338.381871016048 330.563972662829
316.757444191667 324.882675368463 326.882173163288 314.533199658328 312.598104257342 320.227903444787 328.245710377258 322.010938680421 313.899114498503 302.682253640983 330.798711749522 348.206347020927 353.491837406169 357.503508593315 367.612651156413 371.640037273333 372.08407620825 368.585280919241 355.404297295555 351.88773837175 353.775529446331 346.707625396398 353.955654853317 336.425993872909 306.350585623581 251.761945985791 243.437962005544 315.005845474497 326.667092121939 311.891224565192 313.413602689642 316.554627247569 315.703883133889 326.924245780789 322.45008035954 320.435007027626 319.009831580035 316.813620059009 322.297425927143 327.034813952662 326.420656191933 332.585929722396 336.819633787227 327.704494080485 326.443463426188 327.141049689007 314.569101611048 321.904631139205 320.490396934523 325.223488286366 313.088060521948
335.516342194605 335.566639670106 327.964110799749 321.867334148061 318.670445097143 292.74534355741 288.73381187128 282.382094054582 296.358246768791 332.167861862117 343.627544822133 351.965186051127 361.780230786519 371.684305498982 385.532533450191 388.60861308508 376.928665763366 367.557898175313 371.222708653241 372.978665767565 364.38121944966 338.428590824338 328.049520608903 334.861527448896 317.626729358285 291.329309436821 285.926250445646 316.592435747643 318.973134997596 327.65035269899 329.328395833271 326.513352897869 316.460848225766 332.564102445084 315.546706492702 336.416010120185 338.842301223101 336.248734796887 346.050657214025 344.17686458475 342.248750336368 344.319551684199 350.528873248531 346.531476501135 335.298948596289 339.382841697399 322.723674680481 326.671175705005 328.784817598175 325.061219741859 313.985950939183
322.386123828524 338.162997523407 337.525769703555 353.497207230008 313.214344635085 313.694989457894 319.33442099396 326.136975534516 348.754938573144 335.165397305029 311.845027500532 314.109154940934 323.388098849376 306.762032089696 336.273699111513 330.948410256873 340.248187594693 378.780178336298 383.919873708007 367.830374747031 297.917935588767 347.749431259226 338.764138306947 329.56989109212 309.318941748386 313.671104345691 326.743227463806 332.169867117757 324.694325201368 320.924169217581 335.944206530456 336.609146700685 338.689305697484 342.673001354504 354.181338745194 348.069653116084 352.602083486217 355.157356693019 367.34307067174 362.421289761832 357.522646159659 352.180703062192 350.733377339041 343.081551013501 338.317017070922 339.199085386507 331.837786925775 327.349895993438 330.879504218684 338.485064798715 322.068162229273
337.81813561972 333.294396788435 299.117476194878 276.173878931366 302.250515632814 342.609475963938 356.253411906281 354.259898220526 358.984594211091 359.259311896598 343.094745361067 303.639153218703 293.592916616057 319.034859098519 312.189124671191 303.198658268311 312.624678099401 337.35694980089 367.50290112645 370.320661888395 350.684767221676 341.63932346089 297.600900597322 313.319570533015 311.681192862368 286.368280004022 234.189649854173 274.757387047193 318.996413545901 330.499413875431 322.166618301005 323.581529911513 323.393908994859 337.120394262427 345.037585733593 350.013326346744 350.171973265351 359.228122598204 372.650366947077 382.913808893391 378.997875485766 367.317656978614 334.234250287951 342.17615453678 341.774184411147 333.237866296668 324.326747923428 342.712388299949 353.181230461187 341.876498647381 337.493621070041
318.898265898767 331.827580368032 357.042887439342 334.272630047462 321.555000752106 344.56740942126 349.148778695909 333.207256267861 305.79719272078 362.074036982137 359.981512393002 358.416068805438 326.969483763082 338.131113477384 310.102380586648 302.124586583985 301.899371597002 303.333017130151 325.178999638563 343.034204044262 334.621526500787 330.691709916006 326.968918783603 317.311076120173 339.117932788967 354.904357140526 336.057730140894 319.267129620474 323.579778374222 323.196946425545 343.386299959126 336.928601162354 326.334374515056 321.271971093071 338.833736633333 333.18528937312 334.804285494548 351.64416897692 363.054624890334 369.787317138146 369.046572825991 368.257704725204 349.87742727382 342.400724624043 341.372612228819 352.171413256839 341.730148800123 331.814262028742 346.050116339061 345.77914510503 342.766716217252
359.351081207813 352.517970589039 357.703156662132 285.581697875382 281.079829447842 357.611241518174 348.663032138404 348.859999323353 328.391969049667 335.231603155383 341.059495927669 351.482076038157 343.936853831532 327.010693813543 323.276680334434 307.219727320319 322.438219739255 323.177889647348 322.784404986051 335.037064342736 339.461462510499 347.147466590246 325.573605288108 325.62960615053 318.596962584938 318.028362163487 318.067448286281 315.079391639702 315.223256440229 323.489054733465 346.263824453049 314.270091166323 330.744091970845 338.060457086188 334.583678871551 333.776916745934 327.182770992682 343.794423879868 354.057488874595 348.942927513578 354.175469859678 358.220542741118 353.051396436183 339.483559797833 351.512861270115 363.381874128485 363.378666750131 354.73416336153 341.028278317615 338.687048482397 337.729904497365
334.726039962836 297.557904465395 349.73133830665 315.422310953812 330.513176826041 332.293630046552 329.622687200743 327.618159422189 349.685519327153 344.254645635223 337.271981990161 333.906104348567 341.125288631343 329.000855392807 290.685324688426 272.998750627163 312.628622708032 327.581908929977 327.954907718191 327.07330879388 328.134388858071 323.727980863646 313.356617231198 328.324578788335 326.399516860305 320.539168175036 325.682859990614 317.535969079925 321.407753782012 311.64099768469 328.336522474064 275.544463667691 243.616552509858 333.10751206499 339.570156620212 342.19720161746 332.699306864078 330.19203713511 332.982293828172 327.003541923695 344.77619382123 351.016753083141 347.425143902918 350.426054294358 356.761162189426 366.465008877483 370.855688317128 362.763037987019 354.24116150536 341.744618231831 341.566695870481
372.831696071603 359.719233634436 380.731125286436 333.156127126202 317.27975355038 338.912618703056 333.852119378332 312.020192874583 338.267110754257 344.524463918119 322.137177561805 323.803539349298 339.799804873681 337.635533888174 328.095325319667 307.064082743472 307.254191454986 325.498517234954 331.492676335842 336.151509317317 325.801522693136 300.418228508257 311.173357078396 309.651810517055 328.239473428996 309.607079558569 330.864280644139 319.03458358639 313.354187841902 330.571291683798 326.020808038475 276.462879257294 303.317214721988 338.248748538214 338.199599622446 348.531220591058 349.9302196548 342.145025091205 326.576738374609 311.544553509522 322.389660387486 333.839869852834 337.6568635506 347.655984318521 346.368117062707 332.624920532267 344.992469074469 329.134681996838 328.512405958793 325.110909866326 329.936814726286
385.381439893512 371.983417749238 376.392282375415 345.314551649957 327.357726946467 350.329007688191 310.707850013715 306.728589177002 335.135618054728 331.577430157815 331.197458087658 324.167139240002 325.570918711018 314.440022711885 325.68578391528 317.741771345955 302.627937172182 308.410586933661 320.646039998868 339.818371277349 335.194921217704 301.688021320889 332.52002529816 336.168582427217 332.192330298347 323.399604200846 337.933380704451 340.570159578875 330.921542094196 316.92425420601 302.052719605017 321.309497400489 343.636440729267 336.697722738479 337.202982268531 329.331850794835 328.788995975581 336.599810275349 330.422911824086 318.940420116789 316.574266602072 327.725073614448 330.437492481263 331.234657264678 334.95681214679 320.662600849732 318.355496610464 331.549047130284 336.814882051133 333.250411435393 336.482137844272
377.406267452039 364.500848199343 358.029034085378 356.949227585453 376.792568121983 361.320723177183 270.666389594479 221.782367970848 228.756268657573 306.379680194914 339.543007546799 340.369248211062 306.637873863708 316.457378277877 326.052232641031 318.422131053992 320.212583109388 323.171970056015 326.210819324052 326.492325932436 317.68648248588 323.620032542659 317.943891138512 318.296377217543 318.623217450665 323.617175567683 333.201068702179 332.521971016555 307.200203350296 313.262150259887 322.138393874556 336.960122479862 348.692410141691 345.326830804649 351.754989889822 337.13238826236 337.284320939839 329.153278763137 341.191102378978 348.240174737082 334.819993490782 329.938983725223 327.530116971318 332.526691810249 337.031154965922 329.598063359484 332.599794157229 333.547687890672 344.30761045826 341.574574694463 339.889930497359
350.191315443795 345.982199519499 326.497457070635 337.652685705967 384.64337271952 372.405170773879 299.033073263084 285.080447303503 280.530714416397 332.211485422294 350.497233154441 338.894490253214 324.105030410519 339.751968960695 286.309844884104 240.88650285599 310.099286293208 304.27249192545 317.020619436222 322.987324161962 327.238972475647 329.524898157507 324.070099573357 312.219302411187 300.085671118971 303.531596489909 335.559522192523 341.394085851308 328.086418436729 343.684828946083 360.007184613368 352.001656283103 353.114287754978 339.19362671457 362.386073558728 358.529799364276 317.557082062035 317.49110823654 318.08343884562 305.834986935405 317.566089988322 341.410171630223 350.312606276299 352.566747106331 345.612789806707 331.14673970448 339.387904778826 327.817957735162 330.468475004939 329.347091254397 331.260900360862
340.647455823266 342.520032834266 323.246403828441 321.072777583727 356.617779271624 366.526968415408 359.575614885005 368.783065321919 382.18933825941 370.396552502074 356.94265906369 348.901982047902 334.368610902735 308.990394737562 303.826413386512 292.890243414205 319.885787451839 244.651601110472 160.161269095873 170.082304336912 274.800282792278 344.296211794418 340.966087546287 326.526952485487 314.373045318874 305.821804702578 324.428081262048 338.591566482638 338.078857319483 342.386340800451 354.736734100936 357.391566936262 355.888120745074 348.687818404185 344.028352616022 345.751939387624 314.959979228178 331.805197992631 325.697111695997 314.607216941553 329.986421274335 333.974298939756 351.62197955986 353.315389556338 351.950453696514 343.113208102695 337.335830020208 331.78208675296 333.821181788639 338.475804111302 332.607711401625
343.579757178445 347.212482872461 338.082597258299 321.066488507896 330.488595142682 287.090151196761 279.593350978516 335.696680421454 344.824585492648 345.63350292632 326.66620063348 331.610890548851 326.581346057454 286.374357354142 331.112030553751 329.449040897649 311.644352388058 284.668346386678 250.451198044139 255.680778278566 312.506591181973 329.41035630368 338.351740574751 325.979246572266 319.617850035183 320.184080064176 329.581302896198 335.96795094421 332.152279917244 331.718859362884 325.352007244727 334.878620799314 348.578408259112 342.423938668487 346.841387344588 346.232985742381 345.999798237762 367.906365405853 356.618180107995 332.211425685556 344.702742571458 354.363105575036 355.401159929171 349.880190620719 353.206279330079 355.208361871165 350.965434880212 337.486556077668 338.764450009221 340.78715393039 331.348276127676
336.07254130477 330.43956939771 332.236766087459 328.087120479376 335.234531879597 338.322774314486 344.402420495725 355.916008255094 361.207907862367 355.64717069144 345.600688336809 333.795912919801 317.470413987951 267.476344216937 339.157681100493 340.026829542703 311.161985244218 295.086565408617 300.985904872735 285.425724527027 306.164884176062 288.156303059123 300.932591172712 312.381013474331 316.465832456679 322.635567091888 321.687030870041 323.424605104915 330.785092461655 334.822254544407 327.127671620833 320.430946365876 334.349914491083 349.829728048106 346.744719555575 367.562184544271 364.720604687794 343.684576983126 335.175884956629 334.062173933716 349.56310800106 355.573566163931 359.704808533283 356.96710115354 353.360153200419 352.679041433347 346.669870592473 340.384454970329 337.246515007562 350.373552874548 339.406412074166
331.962317206501 329.527433401473 347.012479920955 346.733844444772 344.846417665243 357.044972480787 364.56140763481 308.610192406729 355.580169422976 350.295225757471 358.504576873478 358.595506209233 296.089183696162 246.431890896048 335.179081837753 316.626525941625 302.393039176224 316.060406499184 302.692667349121 300.059027436998 314.172742439811 264.770639705615 290.437274676278 320.067808020986 320.567466541083 319.568110064791 329.156308179053 330.545660810054 332.213582100154 329.242987446424 330.678445224098 330.355160226443 350.456459147033 359.06061287921 347.569473178515 344.712003512744 338.144310875464 334.120314838252 337.411669579796 336.009867646856 325.195200054599 334.382542859942 344.157729979481 341.363363024555 345.65115158757 352.010530116239 340.985442426347 334.05730596417 333.564686734875 352.167131379078 340.797070734919
368.243967049495 380.853729561136 372.990970632522 373.707834743863 360.488645268886 360.58816472784 363.458023972699 281.995075940305 350.378401947548 378.77891570139 364.221260879416 356.705203228589 341.423456797301 350.700273337303 346.111747457005 317.703172367558 309.924764941487 327.164935446917 312.718728524422 316.620462925222 310.424955836238 321.6091675898 311.737656389496 300.450376370768 323.702377456127 320.358431999136 313.626733025153 336.578312041533 336.521520092808 311.4142470236 331.276974484584 343.636545338429 358.871985939738 355.756619502023 354.372748387735 348.713827057624 351.97210359124 342.897514412481 336.235959235557 334.028661097758 334.670871793975 325.08142787446 320.863967467914 321.54904913559 340.440175295334 369.313962341281 351.863968029923 340.812218600126 346.295487578967 353.01273160189 336.435236925396
362.378733155369 380.279497160638 394.511538670151 406.625068783402 411.834160218633 405.648633884623 368.502729010575 287.212643884293 256.853352784884 308.228590334255 344.564733877092 351.972321364246 358.040507110144 362.687523772043 355.019076970701 328.70313398393 312.083018651087 315.486788724794 325.562737268837 325.138256306448 326.673312835971 337.568725806792 333.546185522169 308.734028173206 321.75386030714 314.379836347308 323.494310312792 324.997443257503 323.101874610084 321.366783300218 336.919638214068 351.034345921828 372.235831556278 378.350111612093 361.196051431451 356.945673673441 363.410785325215 336.661813167137 321.379602343505 318.595207397076 297.664940716482 294.91264338907 309.986799066168 319.796455376122 334.691453272045 352.128814070585 349.06628706641 349.994303574396 346.670795225619 339.3270005888 325.4997308574
363.582736860953 367.850579068821 380.635591153565 392.571221034849 386.495326231797 378.748671503931 382.772226291907 384.958432261721 369.510879447516 323.578195448587 359.510134723109 351.728581657041 347.764779048864 344.376784629428 329.5800951545 318.340044068851 324.214468733919 330.86056451494 327.37620568712 318.093126087131 293.616449467267 321.249043767097 308.219977484615 323.894516205516 323.139629293151 322.385072820311 321.653577291754 323.812862626306 335.479026456757 337.906753270046 337.103818503692 378.428971705952 378.616130337494 399.542402321706 400.766928326575 381.739886743903 353.932642230804 334.269800813831 307.645276741717 303.1080428112 297.082750196521 313.361705293065 326.61401218382 341.107457580489 345.448796528368 330.261983639312 331.56642357873 355.839709197141 359.316849712416 340.450802554079 331.821416945297
366.643471820072 367.539303668301 361.462622171333 375.885594589952 378.751302590642 360.375908620343 359.852816112396 355.898105288007 358.757391151393 368.241026305449 372.898032585732 374.627570064253 378.261066599374 352.581326622628 324.223658559673 312.794939714437 331.445834069625 335.429375072402 344.31934410164 328.959371665789 273.394263533534 337.424557428796 331.467974221922 352.124618084413 341.894120051096 338.72432745915 350.323789553793 357.133944076902 372.944437101714 373.4016057712 372.61729855757 364.271599342366 360.391097380733 391.271710265826 361.392232593652 340.944218845321 335.008930310401 316.626636038889 302.409735312639 299.757907286237 302.35964026401 312.916539877465 327.227437784189 332.902834500961 323.926251950653 313.186161084768 334.904937544623 364.674107557667 352.254368408632 335.316585256578 334.250588412514
357.834952665911 342.07919139326 343.665565914555 348.319797892002 352.831398118282 352.526483749184 342.941705721787 354.60588361836 358.567168206199 363.224011377879 341.600991957682 342.358169699425 342.721046086954 331.239185777781 312.513798035437 305.388682456989 329.603258045904 318.216549996814 335.99631791789 357.806422338193 370.435314722065 372.449755449106 378.618824719171 373.696111267259 329.634898442764 318.17764564966 326.560400200341 360.726619344292 366.703293126657 311.332854334988 331.298850992106 361.312066411322 376.41185889936 374.408987786398 390.613019756683 360.710359910976 351.398129889501 324.459927812229 307.121107407047 291.633591145267 289.729305020395 302.537037214715 312.730532386323 325.661860333698 319.365491146912 325.232099663259 327.771044392347 335.769663810043 324.642664961368 326.120822309806 328.196464385387
320.418581219976 333.695904913712 325.958700916429 315.553785903152 306.421277633866 308.100241821976 320.63007288214 310.94140374708 312.15182702987 348.180477066618 330.318742118781 327.289114590264 319.966717845276 306.834902747581 308.901740391018 312.891609151743 337.086032350521 319.200779021729 315.922565646224 326.12619244759 352.079375150557 355.96515509199 350.432039737882 339.427212100363 313.676369674187 313.785145856615 306.62726095723 344.054023097666 335.6127417038 251.768417715108 312.249901329316 374.450841134717 382.85084924145 376.993679042164 366.891040693108 355.521956696964 349.979270368536 318.143607930668 309.092666734246 292.768066629695 287.745264789718 309.417500769736 329.85451404015 349.297580548206 351.341412512074 341.603019076134 336.239340701767 336.757996696048 331.517576328365 341.647169769966 348.30054437458
309.181014987931 359.040762738387 344.32312659251 318.351487436678 289.524768855715 276.320750937582 308.972102466198 288.207944687539 305.611174586246 344.193620469379 329.854412242252 349.289810263812 339.220580149821 330.521857619834 324.310823173433 332.879839799775 335.966119588978 335.833894959068 328.878807863076 321.003182496621 328.018961244459 334.605068854357 339.174982129987 338.392247231144 330.464241764566 312.061201430658 319.40932536239 343.503308079921 333.800876487401 314.481302441295 339.575822088715 351.870185189677 351.645139214036 352.143805489305 343.089173315009 324.660401853738 334.715827299825 317.587510738365 308.995278031336 305.804018054971 308.319269874159 324.917965802829 341.361557057101 353.194993882381 378.813123885256 363.944218263879 349.684075166552 343.54851948009 347.981807453912 351.797523407672 354.000771207579
