data/soil/silt_0.5cm_mean.asc
NCOLS 654 
NROWS 380 
XLLCORNER 3.91666666666667 
YLLCORNER 55.3333333333333 
CELLSIZE 0.0416666666666667 
NODATA_value -9999 
[rows 92 to 114 of 380, columns 204 to 254 of 654]
0 0 0 0 0 0 0 0 0 0 0 0 0 0 0 0 0 0 0 0 0 0 0 0 0 0 0 0 0 0 0 0 0 0 0 0 0 6.84170530783089 3.05760540650866 0.164895989086031 0 0 0 0 7.34695076266978 26.4334735139795 18.9834196498272 39.4057750252551 135.67350257345 221.052779652795 259.312037897366
0 0 0 0 0 0 0 0 0 0 0 0 0 0 0 0 0 0 0 0 0 0 0 0 0 0 0 0 0 0 0 0 0 0 0 12.0278255370933 52.3836333183147 75.7236126191962 18.7837285770675 0.513706876475674 0 0 0 0 2.44077389208575 29.6198661885095 62.7714368523299 58.2785743119265 86.6181010728141 104.765435100621 81.6626377966292
0 0 0 0 0 0 0 0 0 0 0 0 0 0 0 0 0 0 0 0 0 0 0 0 0 0 0 0 0 0 0 0 0 0 0 1.21702389674328 5.30038728530088 7.4984015671574 1.82749097087722 0.0480354562872671 0 0 0 0 0.0712654774114227 2.36490265088349 25.6897664400327 80.3301919354223 140.561715501827 175.645674076588 211.199354680415
0 0 0 0 0 0 0 0 0 0 0 0 0 0 0 0 0 0 0 0 0 0 0 0 0 0 0 0 0 0 0 0 0.0484615197035642 0.0982099895014668 0 0 0.370996621914623 0.667974373823718 0.165421623647268 1.20023394752024 0.745838716264792 0.424088780563062 7.14933381270184 55.7665316940633 124.977236469905 30.8977065691399 85.995935855886 184.240827014884 214.002574058009 203.738769260122 140.960707691382
0 0 0 0 0 0 0 0 0 0 0 0 0 0 0 0 0 0 0 0 0 0 0 0 0 0 0 0 0 0 0 0 6.5048351481528 14.5050190508969 7.39381537115935 8.74165935318321 52.8282877329018 91.1633741998131 32.7282098878919 185.716697038283 127.879190419422 46.0206315619349 81.2324329241931 226.30357280184 153.262919729997 95.2286507150415 226.980320183389 258.814992882242 183.82327433135 230.901784837183 272.254706405472
0 0 0 0 0 0 0 0 0 0 0 0 0 0 0 0 0 0 0 0 0 0 0 0 0 0 0 0 0 0 0 2.36392572404648 18.4310980134046 44.5728982605542 79.0736861075413 74.6015756287399 26.2355013230376 12.9565837950748 92.0521166830322 231.749290411487 254.635463705174 261.835611682428 252.926181231573 129.266706783508 83.6916896247679 189.221858406824 247.125826382858 259.349410914861 275.932909992888 271.607713464208 273.824131628592
0 0 0 0 0 0 0 0 0 0 0 0 0 0 0 0 0 0 0 0 0 0 0 0 0 0 0 0 0 0 0 9.76569446998884 73.1448015462785 129.143738684581 66.145968103244 6.30395530618568 26.2182339567167 10.9967454451384 41.2620609138264 170.380378182603 145.868181094296 202.506701510443 268.87255770069 132.239812940351 135.305629553207 231.987794247184 256.531380677825 262.453148660154 266.722750570439 236.805086666319 234.586658971271
0 0 0 0 0 0 0 0 0 0 0 0 0 0 0 0 0 0 0 0 0 0 0 0 0 0 0 0 0 0 0 1.48384080608761 7.09525863879813 5.19090280432189 20.5520242107243 63.647312645111 128.611115768542 68.3853530134492 82.5564914283802 250.743815879326 244.415163449966 109.594468303785 222.137465846208 158.411605496728 239.580978048432 308.796917300024 302.88366174711 327.552762178585 324.945494429479 324.049583825776 319.949394722803
0 0 0 0 0 0 0 0 0 0 0 0 0 0 0 0 0 0 0 0 0 0 0 0 0 2.79767108765608 38.4370831015821 9.5931473721664 30.9533724566056 13.2987831779338 33.3632789737386 31.2656117982938 63.9177438600718 110.035580739608 151.150816809932 182.796026267385 176.220102800632 179.025613068714 161.308972321875 273.929458998239 307.302315238405 246.458238386674 239.456491992973 247.25624369009 293.194574605409 273.539579112237 272.969636725652 307.242306527517 325.479454990258 331.505483686261 291.605941824855
0 0 0 0 0 0 0 0 0 0 0 0 0 0 0 0 0 0 0 0 0 0 0 6.83134654243843 32.7347025833338 20.8786430064459 70.8303538955326 115.739480273898 132.80441430235 148.801578231457 188.158571016537 171.003870531597 196.999230634675 259.770807236683 273.451161426831 221.240177222145 207.157687053704 270.272077945983 298.762646437959 323.844678067342 313.594235531282 308.262888809747 316.661060579589 277.165055086435 262.81948587508 282.06587288842 297.024641999735 311.460053576087 334.700609796825 337.49177043344 301.519860627782
0 0 0 0 0 0 0 0 0 0 0 0 0 0 0 0 0 0 0 0 0 0 0 7.98022643934203 38.2675208606772 18.540539781578 21.7012928431478 85.5877784548649 132.063598688421 131.541419565556 232.503870132797 257.003539796886 279.568708416886 290.061946349757 268.457412828046 262.029762590956 271.283490228804 297.848161106846 325.429272785336 341.162046896616 284.4574739588 312.912778889671 326.520972007997 311.770352308808 303.966338565787 313.654745433543 304.716194949064 310.520317263279 334.270404142393 294.144724714924 255.992396528038
0 0 0 0 0 0 0 0 0 0 0 0 0 0 0 0 0 0 0 0.667131016127715 2.33218514658603 3.22734390416576 37.4685483451354 70.3984308205283 74.6696862309586 66.0854003040339 42.1015394872578 20.6717727812881 62.1820926752073 118.675537057357 102.088703149871 164.90192805367 231.728748071872 296.550512191851 287.462927443256 237.738291259417 204.028243837231 248.234246293675 310.159829545055 333.222837575746 326.42567556879 305.982811414599 295.376181053156 326.544016542504 314.095794825375 321.214284160531 314.268082780174 256.965947552887 172.310301410152 112.780917416318 163.959744526847
0 0 0 0 0 0 0 0 0 0 0 0 0 0 0 0 0 0.487407162375084 16.1039231150362 24.8036327667534 0.577055150643939 7.41705173097275 47.7396910182551 59.4827251249654 33.0537453286974 32.0984210516897 102.309195637573 127.690780887964 147.826874339507 191.364852420214 173.800918567605 155.316825404208 153.012212357938 161.535637671577 171.56155256078 178.850968830784 168.027544974323 213.491982277012 265.315137340916 270.59950153525 257.567989600384 329.455696995165 327.524700871753 304.765428574167 288.594411356088 326.399323285543 342.340017385393 285.428573186642 234.667633257458 250.791237076774 296.950228927438
0 0 0 0 0 0 0 0 0 0 0 0 0 0 0 0 0 0.0535978901298285 1.77087324193789 5.00420950969761 26.3636708926353 114.345472473997 182.266194610514 161.988327146594 126.804581773646 32.7093897509112 36.8243034174531 167.965299339238 138.15014969632 173.826029317917 199.380006727995 189.26269506071 237.409338039145 256.870168159552 255.833364047364 252.671551199746 219.780185493939 221.608856823856 189.531214936726 295.909503099407 324.321423274234 304.353360869923 236.461648336384 242.991170154831 277.751892353276 300.690511403509 272.076043156561 304.938362949678 306.87095333749 269.966801953009 275.505880331144
0 0 0 0 0 0 0 0 0 0 0 0 0 0.0011621086845743 0.00276655379109533 0.0257809777915269 0.00265590382918709 0 0.000367926740851102 25.7053828216932 147.811326641593 196.332566636604 192.02576741257 174.630766410872 115.257761857402 82.6208136005058 37.0888880222608 178.296926605187 244.597519223588 226.601273846742 191.260975980825 172.442130710533 182.745898231209 212.988892059274 254.534605899061 265.760182766014 255.308346913741 123.570354726684 19.853381738333 182.06456945137 125.788591550224 290.061351649247 129.666840197187 99.9559236206456 311.14225835534 321.62166716111 333.586700565342 274.882494908282 153.844818358201 204.85505544396 318.593182706442
0 0 0 0 0 0 0 0 0 0 0 0 0 5.80795679973658 18.0920609394006 128.457103517217 12.910182870779 0.126793671804821 7.69862374452344 33.6713560016094 44.6371959754605 121.158627086606 155.397172556673 173.937081682827 180.808506276925 224.848585145203 201.069317291564 146.277333664782 145.049088573126 200.586808828722 225.998057499143 229.14837231001 188.233397256461 147.113486268479 63.6218919260503 38.0257036443203 5.97040584863745 0.162139110247286 10.8267720447117 34.9434925479159 105.942593427611 153.104242581494 159.039885662491 207.510598346742 224.620748040041 212.158099301333 129.71183704419 126.107262530953 273.739236320808 342.726044223074 318.466380255837
0 0 0 0 0 9.18549256573596 0.852436897764838 3.67446113657839 0.558057346632379 0 0 0 0 10.7267807143034 70.0033547740447 58.8000090853788 25.3356391998403 1.14761496201334 54.1447845080776 207.357333156088 193.634859252859 181.178585265249 170.29649035428 160.375613466176 182.77529701124 197.066750179455 169.848256426115 254.996943077815 252.934867992767 269.317271634661 184.982892691251 73.218596002633 42.6758209302954 10.1914121751613 1.98665958878798 8.48127463049231 18.7424814384862 24.6565297299313 39.7815854582754 41.9388641197332 207.873283964933 209.612491812923 225.331478739982 114.800007400007 16.6455094861115 77.62925970946 190.791168704271 268.777794340617 280.186421569133 308.894017009631 283.518031557326
0 0 0 0 30.5111150640669 103.615636919912 9.90672401943411 14.811186984607 2.2494432249738 0.597266591826057 2.13288992284654 15.4920591907502 10.4533556278579 40.0986258979455 141.670665277406 27.5486543581129 94.9258947108174 0.202776570165486 11.10752440886 81.7843191684721 210.141272093365 237.031846677477 259.292456543533 262.7271481464 271.241073017694 256.336690404904 249.654531923388 227.832694957643 211.720443395115 227.084093873713 202.772084499267 167.583271921671 120.341060996691 39.9540360951734 15.4114595076181 78.7094432358009 158.58435742509 175.433292433515 166.664574947216 133.886774451771 95.368244618128 16.7455855244645 4.71284764766189 13.4313336387296 46.1743319852984 139.039757331741 222.280809530082 261.89256644403 299.794052805169 334.001810294337 348.433762652462
0 0 0 0 76.0789214755287 160.617017522245 15.2389886429403 0 3.89205757745463 38.3860893119557 54.1166799273812 42.6546421978952 24.6185122088205 32.3895693297647 124.109366051882 85.1215205801486 86.7829308185165 33.8358331101371 40.8619141770455 117.936269000737 204.041749168519 208.071674723953 210.363609303908 224.520488316116 220.069539447439 175.947627136287 185.121060815059 209.493561530698 240.381102579202 208.915218982805 246.132207580653 200.162680777057 112.363995857692 107.766985820536 126.957214397327 230.043270959695 321.900929113232 318.907324946601 174.938507346957 56.1742529066751 29.4389861036513 39.7300447884582 47.8947791535459 57.3655774227774 181.041088853703 242.40126463319 260.789963491378 310.285532220027 322.846338849395 325.013964620987 344.403600083735
0 0 0 0 6.40486155886194 5.75049568662414 0 0 5.90330268366792 56.0888536825449 81.1339661389529 21.8897892416594 16.4093591843406 31.362124881104 85.7208518462993 166.267455494439 240.558308968474 189.90313576356 159.410954066487 61.3112552518768 61.8363330420704 165.626134003604 205.149008182306 221.104569576913 229.003306634476 238.210752923745 235.346811956712 231.173662670376 242.487330150923 245.461219265368 310.74630468687 298.091425971507 279.884711880614 296.171387457733 323.875174343496 345.835625525345 344.636776092409 345.825719125342 296.291149762232 216.492423888103 188.791346703565 196.014863634074 221.343048902957 212.083052449391 299.175853524632 324.564609746316 317.522715271511 325.643845901626 337.913573923152 324.874736284702 336.806720453707
0 0 0 0 0 0 0 0 0 2.31180479792993 27.8065941151133 34.6759591895881 42.9939256880698 20.928162672146 42.3454993522504 80.6648241004243 189.636865897928 285.315489966254 304.554682443636 171.174066421671 76.1803892236181 210.341481682032 264.669430023859 276.252552525658 292.692197635299 293.910260232878 313.255587338526 281.689697898107 240.067338115857 225.532077558175 316.820018441263 341.12009361938 354.674027623158 363.110638311109 353.166099363839 349.435069338231 348.890028050963 351.227529987162 350.905688043815 328.843752640087 324.466055383225 315.039259990383 330.78847852718 325.109625874329 307.635971031477 303.530134312041 308.927852904883 333.04768404635 344.93409868587 350.0268574239 345.121232913573
0 0 0 0 0 0 0 0 0 27.8683730885163 117.381980111681 152.533068978407 114.676583746883 30.0538400181585 63.5708897047085 144.467801335624 127.972618948147 184.745548263177 315.446177054566 271.585852053832 208.144104658886 244.490569932638 271.820956128391 281.13212595977 314.641589392878 304.442374505235 323.481610671728 296.666990669249 189.342990805473 101.377634688212 225.068564078182 307.75747876067 355.401310623819 357.929964578753 348.282037904804 342.968270027185 341.842565427293 334.729903534005 363.388828397998 362.005052639789 348.9241565289 333.745507471441 299.498217543729 301.885516099649 292.175722619647 298.061735706548 306.316918815369 319.942954221553 320.293297686407 312.155206641885 315.31077918492
0 0 29.4964425778022 29.2349512751187 12.6129115654901 10.0276531449426 0 0 0.468552919023668 57.8746953760027 158.563697594772 120.050525107772 55.8030879259307 20.4442098435269 123.583623806854 173.109506576876 163.478997285981 258.649553620657 293.981289069381 292.396080645739 302.580860356957 309.700838466635 286.670715254034 252.679421827092 295.705655497103 289.068112490788 302.27964500335 329.766880727065 276.0707361432 251.60923331776 285.793803439184 273.645830693662 311.0131768047 306.005487509288 334.209885809857 342.598377497293 347.914218153989 281.000015996764 200.059011232429 260.649012726123 275.908206006992 256.214762876734 237.238682223266 224.867640177829 244.762744936029 285.714690735346 302.462279801512 302.181035854672 302.253879999123 308.299588029777 309.58646735293
