data/soil/soc_5.15cm_mean.asc
NCOLS 654 
NROWS 380 
XLLCORNER 3.91666666666667 
YLLCORNER 55.3333333333333 
CELLSIZE 0.0416666666666667 
NODATA_value -9999 
[rows 345 to 367 of 380, columns 204 to 254 of 654]
0 0 0 0 65.9256288798176 602.938558033291 607.50058924878 549.648315000856 715.63297983631 932.034213691282 983.980762914607 1188.67246774997 1165.85195094796 1054.09552083328 1239.12198856013 1541.07494574052 1789.22196912182 1829.7321006686 1700.90354381371 2004.96739873335 1802.17251009646 1522.36854714215 1473.53720227315 1476.21363375216 1519.18537592804 1460.27115214747 1482.2122633054 1368.08528502251 1257.41546555559 1015.7624290333 1198.58442392751 1132.75544375628 895.630981581019 1234.06825593369 1267.51854280883 1152.17015936924 1148.95409038495 1120.02199190339 1256.44188786365 1343.05691490736 1362.45782954239 1220.34765160279 1259.2035792834 1439.97964610125 1507.52456486898 1577.71925807675 1531.6614057425 1431.63724838186 1257.21711359137 1211.86121084368 1153.83334996168
0 0 0 0 4.12572554070397 216.480910153465 506.365764356247 631.603855761339 893.474312163235 824.543263371328 713.774688237472 838.788807067209 998.885612109405 1103.38278261709 1228.63098291042 1339.86490036371 1519.08663790161 1587.71744638436 1707.43188307165 1940.62359519052 1730.27383330928 1518.6714043268 1467.90422851679 1482.40140251046 1493.97020086779 1547.53998296563 1434.63215921638 1373.8868387134 1245.98420269669 1183.24468703216 1421.26582749043 1453.2216658839 1311.08425324038 1325.55341085378 1273.52973842892 1204.56254975949 1202.71004105219 1241.70019627161 1288.88844609742 1113.50820622555 1321.43172400923 1226.88325457667 1150.40445157093 1321.44092956175 1387.13766511025 1447.21756829513 1307.32685740363 1263.76494576142 1272.77314568664 1256.67344128791 1147.34615227579
0 0 0 0 0 24.6305734878125 180.543720471838 455.390345936645 641.90120236134 441.808235951856 369.373232197338 424.211316693891 657.089997701827 941.518967753451 1111.15854099733 1244.2906760542 1391.02194984752 1656.88168665536 1787.70466035847 1622.09784743001 1491.62389449655 1386.30080068039 1389.94110957026 1456.93649391388 1494.83760243928 1613.60786088348 1524.2686231658 1291.7203880691 1250.40736309285 1348.93870584826 1364.26446211499 1208.97632100804 1075.75678773613 1279.79733901415 1232.49785277073 1166.66970625961 1215.6898574145 1207.60858769915 1273.47612264668 1277.23673846635 1290.24472303295 631.00311545203 555.334768815339 777.451925036725 1345.96668469358 1424.2412044814 1338.49176894656 1270.03410657238 1325.16984355297 1347.727204465 1303.92093356044
0 0 0 0 0 0.125774577154455 15.5432325622863 152.939975900295 311.992577781677 68.0881710319493 50.9707440403301 240.31144026669 565.666125781871 824.096602469021 904.163897951138 1054.31364555082 1410.37534989445 1484.70164062394 1502.71850824681 1503.44368263217 1543.4257311657 1484.63584385223 1489.99894156944 1492.72377181736 1577.09883835111 1565.04552442511 1576.67815837239 1387.55776124503 1441.50948792382 1434.62493724766 1450.23728889687 1489.98220627101 1235.23196111587 1147.64188264096 1161.95019780523 1068.13619719835 1185.65814839116 1175.08865040474 1292.54439781385 1392.0437242364 1301.16779440765 438.434004017772 759.908360246418 927.694787487384 1368.00580851999 1261.00648590428 1301.8365635113 1408.24437959995 1526.73823614285 1560.72888467782 1607.24588635378
0 0 0 0 0 0 0.301170018902148 5.98289589778921 14.5003870116641 1.14565557145476 0.627423705168088 77.1440475528218 303.3652930107 428.890699950133 564.842645007583 951.155864575288 1185.34867386735 1288.05851043791 1368.98440226371 1316.33769232761 1401.16255053685 1494.77132720184 1635.76166678967 1621.95231107535 1576.08282960894 1497.22864459567 1374.02449441059 1298.79098274217 1376.35552844213 1397.58270234595 1499.04309565101 1399.45092492188 1192.27634477079 1293.88050140068 1184.30121657902 1120.88515105795 1237.87020212388 1238.03411318799 1382.87501983561 1422.85393478084 1291.24134580295 552.654641765696 1187.15842506843 1330.68826227262 1448.86993600897 1248.06963994535 1367.64583949669 1495.71153982901 1476.97227925946 1465.90101328186 1571.62365129764
0 0 0 0 0 0 0 0 0 0 0 0 362.259195193428 663.555976518402 552.141333762256 651.921186695562 619.263270789156 892.656270061555 1180.72398802779 1397.15533072636 1434.32248656596 1438.57733075485 1494.80681922558 1523.45439982288 1514.44277206981 1421.53889767872 1382.1677114712 1219.25269849192 1277.06013766392 1544.68476429055 1499.86532523153 1256.8588469038 1425.26946784037 1502.22791824066 1374.56150597828 1224.38963020428 1306.89919194545 1266.7791022009 1341.1539693716 1415.54314051781 1399.3669793927 802.905752628189 1564.08548573279 1486.75548058667 1597.32198114548 1480.73070424047 1525.9619755268 1037.15396907596 939.376381311773 1417.76839468439 1256.99184860767
0 0 0 0 0 0 0.150701410985985 1.16607912260104 0 0 0 1.87897850358239 370.422808328563 428.249133539121 369.036252904908 511.030477536836 703.377505095805 755.590762865857 952.411436561854 1215.08192493999 1348.48664727096 1393.8236141725 1461.6869465959 1482.83918033062 1475.16245825945 1485.61928832754 1323.44750791834 1319.55441761449 1297.82438352774 1397.08878212 1410.46268897572 1630.08649145055 1544.98409511595 1517.16762568153 1545.07409912108 1553.87674637887 1532.15668222937 1684.79878594058 1624.87657986586 1625.97877122205 1324.53689409688 1281.25765803634 1653.92670786907 1537.62305229145 1562.14425599848 1678.84060741825 1676.49985936485 1589.16721822523 1630.68718793716 1633.69702284105 1509.90821162253
0 0 0 24.9193041946595 1.88188870616429 26.3295096014671 68.4608048961242 147.964189232176 109.865703587368 34.4187817936218 11.1235535345277 66.1636374405442 332.273849676224 412.51003327729 384.045196679185 504.030473617191 700.493151269754 790.291274085261 948.531077823483 1214.13581517481 1293.35057728891 1455.67570339577 1462.23395582827 1446.56045945718 1513.8498737473 1573.27155005003 1418.63324347068 1308.65887642363 1247.61310069699 1494.09770944074 1894.56221297485 1752.6298151338 1513.20299646515 1408.57255461167 1406.93910848815 1426.98671521744 1304.31798238959 1562.30340797053 1615.58017322785 1648.40326261458 1589.7238719523 1745.66743958761 1641.06131322606 1470.6772283181 1419.91599333625 1509.65288421853 1578.85414289289 1664.88835152077 1603.16442572123 1496.48537586883 1510.50929555349
0 0 0 79.2233643488882 7.4587933838818 173.642419860435 351.350563873442 587.813233119172 548.329228870978 342.563440457756 269.94357337868 430.683007148352 606.664603511376 628.573307285283 560.654251987632 587.253554447977 691.52172826748 777.160656092713 1018.10331770279 1163.99905771706 1260.49409606337 1346.63440348271 1434.90419308102 1443.95683255291 1468.07319923029 1606.1075632698 1569.35844925449 1343.95633073473 1309.6076142644 1770.04853233381 1775.73704808356 1721.1819201241 1648.40552567884 1551.23974007386 1426.46629877852 1385.79167644758 1320.13385225153 1455.56617851584 1562.32293568264 1455.5987909889 1625.73671846623 1655.36600975442 1631.96950743692 1661.35454203936 1563.92313143299 1559.3534765535 1530.85243293883 1590.17548289735 1676.13974490056 1581.16743840326 1454.86144052123
0 0 0 0 2.88341847654455 182.197263681864 317.566564947361 392.295942905404 578.016023434883 710.559856859275 854.776563922772 886.075251597476 856.190002811355 917.463942315615 903.546911280326 894.274041050039 893.805836375054 886.962837742816 1065.4992132292 1090.60394543362 1149.01770314934 1333.10212756874 1468.30535897989 1460.39354955914 1418.96614229947 1545.94549444811 1563.01300765026 1718.65790301849 1643.91066476781 2060.83226962764 1856.64918581456 1822.70348554456 1674.21520136023 1393.06647759658 1364.21533278214 1342.39593160263 1390.18343409986 1176.35635950975 1212.47748973011 1393.2635657274 1406.08513048961 1501.37381846558 1670.65466040331 1756.52468565961 1611.954667717 1453.80996782607 1399.90541905829 1468.71695102474 1554.6306976767 1550.92208467216 1592.58183373237
0 0 0 0 0 8.33602722041032 64.9801883557896 175.238986843585 367.701695372496 493.850124103988 772.449869786692 839.58036836291 870.52329935833 976.357751368643 958.000802925526 958.189632090708 960.413564686293 1040.42653640111 1022.98084367554 1065.6440832588 1145.67315589405 1217.98837772792 1332.13024539018 1357.9519449045 1403.94556797316 1424.88011331776 1687.6102651903 1727.16062565895 1590.29188702106 1732.09124676794 1686.77231545629 1803.92043080166 1655.05827428462 1474.72560873186 1391.120067796 1277.55107999492 1333.44463401424 1012.17096156116 1255.22214311231 1364.89782552157 1454.35007481267 1534.46825701639 1648.5249166346 1628.35601859248 1483.6615435568 1463.64087953552 1427.05405368349 1488.21117778302 1603.30360692412 1594.81872973518 1611.36005656485
6.40688005661156 60.530236995669 121.437897709128 31.275316355838 0.86824487989055 0 0 21.7125447328676 140.460718214513 265.854883778937 398.989023603912 516.399713425872 771.295371957457 936.113657566783 923.037194588919 1000.08676252475 1061.45805971847 1089.95947159866 1089.30596950048 1073.98054337044 1079.54994244966 1067.31505361295 1159.08902460643 1264.73201724827 1265.4524168057 1332.36241836788 1570.42071673127 1510.56344657979 1494.38665536438 1594.68418876907 1541.13761645557 1479.80285256278 1538.52081364984 1456.98193744785 1385.02790369064 1328.33272839888 1215.17082059306 1132.14814563599 1336.84756563 1344.34920239095 1410.64658255648 1407.81543485501 1545.86363895626 1506.0179765074 1450.83936624471 1316.5313633713 1104.03312375967 1290.02809252227 1506.34375334253 1568.53486924318 1452.71083791641
3.66039315571275 49.6288554709604 261.043244956996 286.299600929889 205.721608738048 145.380677329638 7.86793194774387 0.991894693275736 18.7793299755462 205.608756168243 385.075730941222 306.642670830359 468.629673095792 693.288420220166 869.941258426795 1055.40805881256 1098.67729344673 1151.47986950381 1122.95537290513 1104.96093801185 1129.81423529104 1099.60123754363 1192.41359548506 1263.06767911185 1313.62251867372 1239.8239227263 1321.7045362532 1329.39968261851 1474.01985825117 1500.25970880254 1585.52254720199 1353.49201225734 1466.2990542694 1287.04215066137 1136.49657132927 1100.53041115391 1170.27068956437 1140.76291540994 1235.32734111667 1119.77295333566 1270.9959649687 1423.88193552909 1350.48437097074 1438.58680954535 1360.77938285952 797.636699959367 1046.45935797131 1298.69863153808 1250.24446580491 1288.96015802738 1240.28119604151
0 5.40580721491689 95.7981110165949 330.421497178608 322.376997773543 308.879678484362 183.259755034726 161.049656405628 169.856316361989 467.182408981004 441.173409163596 272.359993844429 320.737619173601 393.230787017536 619.857460903687 772.883909707858 991.431552649916 1035.98729034755 1123.25036301237 1204.90072738994 1229.08614505039 1273.45731225773 1254.75607878846 1274.0196102943 1348.50945764246 1305.64269306988 1225.0332673791 1165.44874828933 1178.61447066821 1310.81692022826 1342.80227788695 1457.42757294196 1486.71300066464 1355.3731321118 1195.66752716192 1151.47732234048 1212.80512222342 1393.08748631072 1374.1426811474 1019.5358255103 784.653259061778 1198.49657110327 1413.79215916734 1503.62497197711 1241.99546058754 1299.70068576255 1534.62748811554 1555.5698505698 1421.58595281587 1418.79456583728 1127.95678149631
0 0 5.32445200074263 151.911187519555 303.389270970909 332.873049586368 293.168247104941 318.884259431303 335.873577438113 380.384125873525 301.957912214031 292.155916403048 312.069123694984 322.991102434358 441.72198756571 479.678751883197 848.598075905057 1079.80961262175 1140.73795584067 1261.76777491983 1394.25558922159 1408.24092750003 1374.73530052818 1343.98704692733 1265.40599970452 1217.78541723903 1169.41456153626 1106.21295689066 1080.72723068575 1054.88149265275 954.96233599195 1055.11476845061 873.980293224467 1120.87237126164 1054.22738739316 922.469538579117 961.697039661191 1111.44838906452 1229.47228917185 807.314357686724 503.811267235481 779.068210935056 1030.95286316372 1275.32077268341 1144.81319941689 1045.89305402835 981.934263758701 1196.46708750535 1453.27717419417 1032.7418810393 1088.39272062547
0 0 0 28.7555162788731 278.418461298937 348.518647635009 379.684372120681 331.914385633032 314.440784604837 312.929083287242 278.344227711674 263.750540012763 271.570120059187 355.686854546295 364.885590224146 412.270834199255 573.826161263691 687.953165524166 901.556777726164 1003.36820140461 1129.87713743104 1292.95935242627 1238.2637026062 1160.44712831482 1290.69874497287 1193.01602158114 1121.7247426599 1081.83838578835 902.658582872781 835.489644661592 510.127508194924 791.130106578097 768.747689148907 749.863273152755 851.877347324313 1180.57621044249 1251.79223939244 1291.80617993432 1324.03943862363 1115.55070454173 1036.40967690259 894.458098919029 879.072262254924 1097.5707488898 847.049671611386 636.191195335005 700.993836095394 558.196887944341 442.789965936905 564.923256507459 980.931937441504
65.6473210069707 65.2711926877041 30.2704876899312 11.9698725215399 77.6245603403759 246.030271297442 372.894447602642 329.160409815324 238.885923407117 262.699063639702 273.750810126292 272.725347519919 403.37258744046 731.230403588645 930.367656879223 715.858805952043 656.337116846793 561.508937101838 720.326689937461 1110.2037863259 1107.49925634042 1211.41724081723 1263.11654152109 1342.98908450974 1272.95772126781 1140.68919752141 1193.8781172327 1290.51373051493 1121.71708131296 1186.82128539017 1069.26171130295 964.086932370059 1348.83488834931 1292.33961847704 1064.43386810623 934.949503804796 784.691642120874 876.293742423659 787.815482453782 680.808756284844 768.626859665047 656.916993420833 760.761417195728 655.11959623887 376.985230400536 381.070849354519 325.555592816919 380.455512394088 249.594072285666 331.2969321618 690.326799177043
646.505984993828 577.295652442786 565.729972946837 401.131492777608 34.7506913396888 25.5220696668739 234.457690081916 170.056203086427 364.327785600345 364.726836234741 301.178427632717 273.588162280513 385.864374794716 520.607600815315 878.956980731533 992.932592005925 989.233813363912 1011.35174076389 826.28385826049 740.017275884406 972.912483670219 1116.45322810349 1217.73918022301 1285.49027702854 1286.19716899497 1291.69949230397 1222.66911296693 1227.48719198222 1265.24622639957 1161.70736905859 1066.83956900213 1185.23297355571 1350.50275103791 1472.82997291569 1498.15048311935 1458.32189517107 1142.81092021703 856.097744583621 467.041410156666 393.16611776045 510.998969050631 448.033035166541 289.028335461837 294.467004769693 341.474882028958 405.965717962741 328.56415103 238.81346391591 246.852871304095 280.369983542098 354.642989152933
506.970316369079 697.681716916868 739.010466893659 395.574791383681 35.8904642509956 0 2.18480360375447 57.5431568951803 228.372665506538 257.853753011761 253.708480892401 266.872729019349 471.770846529517 642.283223207942 796.058023035578 806.930597722362 884.302930957099 1020.00514492145 970.102470243067 947.973058958167 847.977745553172 886.699497115835 1183.09722790242 1239.07202448001 1199.19267263398 1248.01124763291 1270.09956551848 1276.79204116404 1206.189655139 1067.27184340338 987.349839587296 1140.53746002439 1292.61715729508 1442.59937960273 1434.92552487825 1459.95680155125 1392.79621677429 1263.52963043614 990.04522850502 443.368702407661 310.47816735183 332.21115104406 323.791655807046 244.880332497034 307.28983737307 412.117506184457 485.505120203862 456.367224164386 392.128809071972 152.434163838037 27.3236393409146
531.611757875274 528.431650107589 379.822831258883 105.494096390056 4.12553771350372 0 0 33.3768515955133 206.835254493294 282.35506667648 261.153059803943 259.197713886269 283.791871840349 362.816707059459 576.250753967098 691.481506649301 687.529726029667 884.98764278389 780.205989320851 795.889591381876 818.078569010661 894.433127469991 1112.63230169193 1136.59224360217 1174.89457526101 1269.35550006346 1215.45499458189 1239.71286792983 1206.06951015674 1150.22643072335 1177.49541367616 1258.53713894663 1359.89865326548 1413.49817512749 1351.84105266224 1204.3033102245 971.690298799826 821.70741594977 652.068095489784 497.180774044421 366.072330796951 408.799123931141 360.55629567127 301.271767603636 366.255764919945 437.420802246693 441.993865189625 284.922239917161 70.2452198996631 2.87272336720927 0
457.890197744093 338.948290657992 203.691375822838 26.6044666357665 0 0.996609048223223 47.3733983719532 34.5204230282503 92.692246585864 227.507779121209 257.058017136401 283.224088446864 292.205711571079 292.763957379934 343.937223645151 482.847697167721 461.960183298885 567.27619202424 579.247389692535 681.461727264747 906.646685807858 849.413598889527 874.895321347867 956.599586619923 873.454203375281 947.49485088677 947.854966802784 983.411109817945 1222.26791836113 1159.00228092619 1138.68692134577 1150.98580238946 1221.87840001107 1274.89906357102 1267.26638011821 1122.3601683422 913.115641087137 768.609187457301 565.117758216452 548.346636512988 462.270761910943 438.180901079883 351.698937226676 396.975312340889 392.817791353137 323.609330209972 146.136135142762 29.9482904141224 0 0 0
483.132912714404 324.226636716414 247.365193999387 48.2505772399868 0.895482841524258 1.36221273077734 65.2727344943946 38.9866277087859 26.0844114208242 118.504100270936 197.726556259487 280.283256298905 344.396937393872 336.320051311468 271.615659634884 267.655222595552 305.67385392297 329.476219591705 352.120724099545 499.666152117796 638.032467872102 552.513145514396 541.581577896277 573.672087211064 514.85745909094 548.942085051131 642.803053989011 524.408979119265 961.257358955989 1083.74669490425 943.108137887505 1000.61816640378 1117.56331134554 1163.47069143532 1171.16638433588 1195.04561959526 1217.74036900031 1196.36396393028 750.279500123706 668.425430357143 540.178277336768 433.047962107576 466.743084440552 374.417094457883 232.292658325398 71.8216040819454 7.23468549949992 0 0 0 0
479.523391020978 520.061893461413 442.445852735953 265.350498094049 15.3304753616583 0.039625897220865 2.34530050763252 4.58942157944034 1.59492347135953 17.0418330194066 66.3776694735302 181.236661997371 358.05919441627 344.989548863817 254.561814813822 243.387205280274 255.773511034055 268.326664824568 283.608577202322 304.608769878424 286.197859849022 284.883812747677 431.453258955978 526.971634640292 473.253221296365 413.532881366826 362.511694665623 267.125151233607 595.964807115054 717.127542223418 688.41846906547 782.17167485891 905.157631383628 1060.75215745137 1064.48146151328 1138.23916822898 1214.66508364989 1265.1583384763 1157.44402641512 798.897357388359 784.484517948937 566.150365720792 478.557559137376 278.297015580314 44.956972090385 0 0 0 0 0 0
