data/soil/soc_5.15cm_mean.asc
NCOLS 654 
NROWS 380 
XLLCORNER 3.91666666666667 
YLLCORNER 55.3333333333333 
CELLSIZE 0.0416666666666667 
NODATA_value -9999 
[rows 253 to 275 of 380, columns 204 to 254 of 654]
1501.16366072112 1641.81100120711 1755.83938408738 1785.44040020112 1739.65160194087 1760.27732767316 1529.038808861 1584.39929305483 1585.74043335313 1559.43800563425 1618.52691633802 1644.20916439615 1625.21765810349 1474.8428039034 1230.45474533593 1118.82832107427 1268.49180181506 1398.14316132272 1454.81014491299 1532.6865221539 1432.10845158099 1187.18810720774 1582.41590659818 1620.25328485155 1551.74482338805 1595.74827131122 1696.71900722813 1600.9573271031 1489.45170199089 1224.0360055334 1241.65089458206 1205.68356001134 1227.42692724747 1257.0048477313 1295.48170412488 1303.66593514214 1313.30323168751 1364.8520368706 1314.66362238193 1315.49994005715 1253.27893408643 1279.21606538361 1069.17661688361 1008.56307102402 1072.47807545852 1022.47182461363 1112.70836476845 1170.35724513734 1354.75809698048 1337.41522133625 1110.15482534899
1663.08748220172 1641.06433302686 1516.54229394325 1377.41891983924 1551.53184064988 1647.71655096822 1505.04756293766 1379.55085174118 1436.69778328236 1446.34817508579 1521.7642881246 1423.7959661598 1419.73811549489 1541.34803702878 1430.8009554222 1236.09091601396 1158.60247546309 1159.40504802502 1290.53401536323 1442.90597467126 1499.60672270347 1440.22497446416 1488.44386237283 1612.25861103306 1688.83819736349 1741.6064018118 1711.90553016082 1676.52930237036 1629.33939469571 1294.30511527932 1197.23689756162 998.327766206504 1215.74197960665 1154.70043849883 1261.2797082692 1300.36466167487 1216.57216321898 1346.75718160733 1345.99713482902 1204.50726908055 1246.96864007894 1389.30280205036 1256.1207255337 1152.03096797512 1136.90075465046 1031.14757865937 1101.18360391043 981.709439645022 1080.74399044408 1257.29101605007 1226.12386002782
1620.39396869003 1529.67320088634 1211.0915234455 1034.77171346681 1215.89357036519 1459.40999862907 1546.2570291335 1480.21178956993 1416.22923661761 1400.24030226734 1461.91803058203 1360.37457847266 1314.79276894033 1416.24686704813 1440.57345001036 1304.93998772577 1259.03557100563 1179.41297095335 1260.20195944219 1383.70619424913 1341.45155560505 1158.96084001264 1388.24920773226 1480.00949303989 1541.56312962719 1672.3467505637 1590.4006883366 1627.10831439033 1505.76402965424 1231.21860096418 1131.11377836651 1275.41147424385 1338.24006206314 1302.12025649233 1295.97871661326 1363.12226371756 1238.60074759307 1117.66918214699 1266.83468105755 1205.23699281854 1266.94948423515 1421.37792874677 1434.80359514626 1289.64992075731 1368.93041323793 1160.22364936791 1204.15385228002 1155.02922133536 1037.25222787239 1184.65945641007 1381.01657037494
1473.9594983965 1426.5249780704 1204.79436750499 1200.31618931738 1299.16538599344 1430.11036894241 1473.84897597336 1512.64569413478 1498.59751519206 1435.23852848047 1426.96328042409 1382.07695472062 1403.49850674662 1369.46338842315 1333.26064271791 1198.36889408812 1274.70721315769 1287.71208126891 1157.67693954288 1265.78088702196 1284.97355224758 1092.26422414856 1230.18738894038 1358.93637126115 1487.99166212665 1551.66191784498 1503.88726958973 1523.25808781698 1433.5979677775 1483.49895319535 1417.435628414 1354.42305535594 1426.95945606836 1468.87507963237 1384.86158361182 1412.47363233953 1354.9044940612 1106.87726642607 1295.02534702752 1288.49177391691 1408.19052637939 1469.58600643418 1611.30748573142 1555.33641976492 1517.01513320396 1329.77978502487 1285.36151874366 1250.02353581223 1118.29645859763 1080.84293395332 1342.15264973533
1190.57125731112 964.606412689733 852.390626325522 1157.44424872648 1284.02058405837 1449.89969509823 1524.45864859801 1452.33056924841 1369.02860918272 1332.40639894475 1210.84750476394 1175.00526486667 1302.68860407648 1311.70714047091 1298.47807374446 1297.61299052795 1116.13803805853 1243.03607547239 1141.24042197806 1079.17208122436 1148.57779966326 1185.50826031958 1243.81385149415 1298.29265955898 1411.84818486599 1466.45380315773 1466.55362938337 1429.48088412497 1514.7563549756 1518.17277378363 1413.8388467842 1337.69671346991 1211.78329335564 1313.08095731537 1530.77731570611 1548.52805647353 1508.82645104169 1452.48624092118 1466.17090069677 1350.63636426919 1417.49165483618 1498.2554128246 1542.47053576413 1519.36344081769 1444.4436235195 1327.03702797664 1287.64639813604 1261.91975519325 1229.76460124425 1119.84219036726 1084.20021760476
1219.28875864001 1171.3954129582 1015.50111811186 972.224988268138 1135.9044505559 1345.16930768821 1371.16111220214 1413.06081310359 1548.10994302065 1418.10234596315 1215.26511180995 1199.79823825376 1309.95068253595 1262.16456128689 1224.33424412621 1306.07307425692 1018.81322498387 1148.0661233686 1332.67477740025 1183.07220347049 1143.88185367516 1124.18200055646 1197.63721864328 1215.9546449016 1343.70923634841 1348.10102852457 1407.5908697504 1451.02322765196 1446.0828983821 1363.79436919591 1378.90093378861 1292.87422366818 841.202838206412 850.380837335064 1347.97887531742 1439.27525210336 1477.34030538026 1566.51867830633 1392.7932033795 1398.59374455565 1230.95063506754 1175.09033763786 1420.09368511443 1424.25634439596 1450.9041146975 1381.24706542911 1399.46741780677 1224.67471250864 1214.11456016444 1030.43152196604 773.564513918166
1367.43247393161 1250.40733292434 1253.19534399374 1094.0518971596 1090.40751344241 1208.7677667858 1249.3057867335 1247.01113569158 1347.88201428264 1305.51108897204 1323.20600387984 1176.57028416801 1029.59591038972 1100.20881939749 1098.83981692034 1260.04704425014 1183.31211720256 1244.42772171314 1257.68252181078 1248.29695630909 1140.25104756637 1139.91094433708 1110.26034287143 1121.67520484598 1245.18454653136 1348.63533652323 1350.40007197798 1363.83971099761 1393.09554403394 1264.16919309816 1233.87001173017 1154.30944001804 1275.59920833667 1162.50154233547 1218.56114109562 1096.82151569045 1227.20154941613 1463.34431365159 1325.70994049851 1299.77983369326 1357.88338148763 1315.9201677161 1269.38894946236 1396.85287950393 1517.92445570999 1473.45883580497 1424.4169168491 1276.04340561467 1248.33457507698 1212.97444963138 1188.17906273952
1450.10882566029 1296.89558848363 1298.11099805032 1344.32912435386 1239.33948579406 1264.07348788273 1261.25256930913 1184.5158382455 1259.07864033203 1269.0150127758 1141.0539436933 1105.88946686334 1245.03563838298 1214.84132252493 829.188319893539 1124.54283450298 1057.48201262794 1177.43638139278 1240.00883831509 1288.02079443176 1351.01235042 1285.08218233552 1096.12705767043 1063.09915383078 1225.90429434531 1304.36404929782 1184.51144398656 824.143010625647 1127.47157009434 1163.77903056799 1131.66318101361 1056.52604772286 1363.23963655207 1356.13412630131 1382.63879731855 1375.38037637236 1434.10640844155 1436.48677314207 1336.84433459279 1320.7254629571 1160.18443105282 1279.38567011151 1274.61766116132 1246.71274564547 1179.47075218843 1414.54147546029 1377.81764237249 1169.66155978588 1039.96965990504 951.973870529425 1536.82097098597
1225.62688482399 1216.6085820763 1178.39109086793 1212.40467305105 1181.42058963541 1218.45571371444 1195.79916658587 1153.37007481784 1072.86827322799 870.691852879439 1121.57525576261 1176.25338173664 1294.46888216786 1268.15240610985 995.990786607719 959.882170106234 983.128183831248 1061.67354836333 1021.04289902525 1189.92269962078 1267.46097060278 1265.18150725796 1178.33670291275 1072.73631138127 971.51203201879 1066.44945929912 1116.82245978891 1028.02809932835 1171.75587538858 1290.77653440249 1280.25406040081 1416.98246579112 1292.9080162198 941.000321554051 1033.57712066027 1143.51705287909 1174.41741093166 1296.61038042635 1325.25957052489 1237.54923461018 1309.6475350819 1328.15632036598 1241.17639889983 1288.03274666334 1120.60608928517 1330.02698826947 1278.2921933711 1300.59855970801 1220.23805869365 1365.95783179058 1571.57291900367
986.293834372774 1142.91481863292 1231.39357649754 1268.25725392225 1277.6826917383 1278.72823996105 1201.01098549305 1063.32053245236 1186.76666311671 1132.10965214415 1105.3368608882 1086.79718809832 1101.20448220778 1117.29044361443 1026.5180185502 1183.84650059359 1100.1400355455 1215.11930009669 1335.1940795475 1137.00962044488 1161.29240716431 1244.32083466444 1184.18643435844 1109.84128848938 1050.13008394433 980.930164214995 1070.36040608829 1355.02277536965 1260.46450971313 1174.26516672667 890.031472314007 1146.22964432411 1418.89319002795 1087.60136184124 898.602821947772 1147.1160988821 1061.97391779154 1174.01860014534 1196.00888189673 1263.37206004934 1300.83733511349 1518.03134775344 1330.60288298344 1300.5246336463 1286.24425028944 1341.27871910683 1189.93431745672 1298.66386462812 1538.65111427402 1440.61028783778 1440.71672804802
1096.584653695 1175.87494618856 1234.53784515977 1279.97628301315 1306.9298823304 1256.55876522514 1185.83898705722 1155.42613845029 1228.01409968835 1257.10749595127 1095.11779538419 969.127171603221 1112.09293857021 1118.55735677788 916.470471935511 1000.79274281127 994.144046059362 1333.99018269932 1251.8732734553 1080.50700528787 1012.34242313989 913.286019760316 946.69779821565 958.962896040764 948.50707463144 935.136262920353 893.28615711837 1169.25375017516 1266.09389382475 1160.16534491929 794.21848201351 1038.73122440399 1159.57817712605 1251.38702024665 1295.36901540928 1361.18588980351 1235.63990504784 1208.22139111372 1101.8807907045 1329.50154772199 1401.41627977744 1528.09845405 1440.36516095498 1359.90161098966 1422.72108429248 1390.56312056081 1143.9912286244 940.922270070051 1137.3610899789 1291.28210017542 1215.51387035478
960.773672149207 1103.82128672257 1314.74307869226 1312.30201187366 1303.60229808476 1264.0187976059 1212.36719898723 1183.81814337571 1157.72728396834 1104.62178745016 1178.26326174928 1148.85828359876 1082.0425071179 942.955028883797 804.535025177231 847.314246413371 864.525351573253 1004.08040173261 1056.14730415349 915.241551383982 940.775550233724 1077.63821401601 1080.86115065977 871.160949261122 706.767873341811 739.994544056082 792.156964927377 956.710544594079 1043.3547087299 1106.16155768868 1083.67785099709 849.36058228967 843.235360213906 1013.55149217874 1121.41230947707 1198.24094479655 1249.24315993164 1311.13641641944 1285.6417831146 1268.14048509047 1255.03296867201 1286.81396535481 1284.25923784267 1267.87575002976 1134.99141065903 1217.97557190236 1296.29031734757 1199.99017093204 1219.96877050408 1241.01423355029 1208.19961433824
1028.2814884552 1039.36203951098 1136.57686389688 1097.38424657023 1160.8017618238 1203.85340104158 1227.23162705357 1174.34252832412 1207.19040781994 1270.43981044124 1258.27946051843 1230.5081034132 1258.64940456129 1111.57309325147 717.923006250425 695.507392480057 893.588893822962 921.291804379163 934.54908831532 1035.97377513607 990.74024118766 904.197322113949 951.997895523562 1006.39214804128 838.682264094045 655.175756586829 853.070515958597 818.218120069435 822.72222385899 911.580513594226 870.328074200975 1049.00264844582 770.424785548474 781.655163920745 750.684722031501 802.16011212269 1020.70186364943 1131.60238532738 1115.60205642054 1158.38392473738 1150.93074196413 1210.23509900765 1211.37888379172 1103.85684136352 890.041617764124 909.224044808289 1174.05965057804 1181.83216406897 1225.97499778897 1212.4887790639 1146.07250968578
1212.56554882176 1240.76226831332 1182.59936440363 1224.4017831422 1145.29768939751 1241.96820223249 1226.75412039062 1152.54065209548 1223.49541788117 1244.83558451982 1206.93752873939 1159.06631437617 1239.46793113563 1214.53506856464 1041.56644878152 626.270886064158 672.728138874409 933.201267675503 874.267072759759 967.782219692204 987.896532574051 909.207938364767 1040.60091387532 1130.07811542342 1041.91275297184 767.950514223478 806.794485150857 756.631703918921 741.587846378355 828.171678063363 806.550984266455 874.465636473382 810.866858602073 798.239231479114 734.427122767378 887.279967245282 1024.33105445362 1014.83639725177 983.182366391693 941.879299751253 976.658050308019 901.640969790507 1089.61524157603 1134.36155586006 974.402646778358 982.201674826377 1161.54576856915 1186.45786967496 1137.64362688174 1151.04966633986 1161.68357533255
1155.98842115563 1198.4268562704 1008.53950846401 1151.81455787949 1201.75028979172 1385.55048071501 1260.13663923994 993.086179941915 1216.46534280972 1176.56277150806 1129.27762532214 1123.77834212339 1163.47915845016 1106.43187372814 1079.26713752952 802.765287171338 411.046453052699 725.442772879064 770.390372621737 810.352652107445 794.085436579718 715.608297125397 879.255712497404 1078.06401621595 918.295650525672 803.67667915278 753.906370468336 689.304603206572 558.707045918429 685.552106436799 758.95894343508 907.273940283924 811.565596827466 856.924322297469 873.39044553669 967.875928255608 957.169665619888 989.654842592777 1022.2627389307 916.054591898062 843.266922353179 843.230953128055 1084.12344164083 1174.90995000382 973.399498602804 997.564009279126 1125.633108649 1163.75283028853 1175.90345521329 1219.0334050829 1362.25040350034
1102.16883221261 1158.715882301 954.554027510449 1060.73114557228 1285.74355595202 1551.32483738243 1261.69179282718 746.725137806529 832.938330223414 943.088220034128 1031.56408129233 1017.89834799698 1066.0632018528 1027.52842013901 1021.05399731285 879.610391393711 486.616297414982 592.212527186602 771.823901307783 740.508852797918 731.536737861605 725.383837840924 921.903955524376 1025.425084036 718.259113455616 692.502278417021 758.654032936864 688.282015855158 706.685568398675 555.651141925884 851.699348988514 1038.72191795752 852.790758033892 815.918243931025 958.091601121247 1023.53123538649 1037.78225783767 1024.64939331754 916.706414078739 865.351140156272 855.663341982179 824.569136087262 1006.4422362872 1119.16512188235 1084.92176639304 1113.48112371912 1134.22327654376 1113.02594382764 1142.74230194235 1179.17034848363 1223.58702673864
1053.63070142082 1017.54802507799 982.946677029945 1004.58546654396 1053.67160226293 896.589831157956 998.346838812074 591.166949206798 710.49080903087 786.553708651026 873.952025405303 802.676961110712 882.489178422892 919.727019773481 908.018324316736 895.236450314685 763.287337285396 415.598681983008 777.047505843008 708.989570740128 702.853511511151 744.958848992989 913.03925585474 932.029618507075 1005.26708135902 969.806353949647 872.12913104747 782.070625446089 793.902500603144 668.812107143839 798.939923166282 964.194724853106 819.294938439324 803.063608744946 936.95440058754 957.339340385289 999.634110917491 955.843210111009 833.315026101454 745.020197231214 907.44732486853 780.882300047273 940.216285113652 986.468528754274 878.029323626101 990.793992063446 1021.5139206363 1062.66982577211 1056.2505813985 1007.71944231276 964.93002340687
955.889955051353 911.562242166122 953.55198299575 953.82208699502 1015.81966443446 764.51118056022 770.753398329846 677.731176305408 868.517694072767 877.602071530485 932.368772791613 804.391826051997 704.864261092841 756.636997852179 749.87408268647 815.474777887054 833.559198246163 428.126043553801 721.030518512538 624.696861410288 735.984571261309 809.254259920446 931.242709871362 1083.15637394721 1045.93054332063 865.560821136196 725.232358056029 762.482497952729 892.664375631737 867.669840251843 710.581726320379 722.363511033631 779.521267854358 874.747988771061 952.866091285363 836.227819896262 958.906014592461 929.416982722165 948.29846912483 866.946527602225 828.110953085395 856.020230860935 681.670977425124 878.267394155769 844.781187998802 871.405089360807 885.734098300776 836.40079624441 888.333279336834 826.025370773114 880.190183164882
855.490318336815 912.716748391814 856.508177187 937.486222397993 989.903245747002 888.374058880846 857.249715899033 971.258468352517 987.031054386176 931.425302318178 964.291769670563 902.546100115414 722.872073439277 613.689303874758 769.333008455764 782.389013238663 686.243866195093 567.278138452213 674.725377567034 739.970116752237 901.607915618538 889.969542193648 707.938996669367 726.690722203701 868.251816169961 790.966049205636 693.02127454087 640.995578485369 865.056846475892 759.409475845267 789.504726507594 558.71049416218 869.475457466539 1007.1358687598 827.130742350356 858.463291837318 960.652990755486 975.871223280793 1097.22741979814 1115.94244822651 916.180575865631 770.371792975183 962.846276012705 917.717062667161 689.064924811159 1013.85872479169 1100.66350043949 1022.57460880284 926.171797743428 889.219549580061 912.244923986687
713.581643128941 792.979398898411 743.351560606703 626.367795309456 893.721039361092 999.823759911395 1003.97475152401 893.152477365711 777.306709493052 1049.0684872956 1089.80827688957 985.86482174534 932.531529683456 901.853037638216 796.109347744037 770.644718504528 750.308117931736 420.628533911216 809.571777812789 769.364773356898 761.10021280451 790.49213348435 791.276730334739 841.666384022629 827.22115693925 731.305095724896 672.143994721957 781.319751896308 1048.22422644048 981.617744895492 1115.19727928015 931.061549348972 904.838527051055 860.858468950492 783.278102736512 737.808819877435 829.558136377991 1050.85027192671 1058.01632057626 939.078267230811 858.399247958091 903.340740558107 977.365507873614 925.784696759051 926.821183329389 908.969970531584 1006.25941031365 955.560703252165 843.199923500216 839.179604958323 934.988919814276
807.604057138467 815.116717908247 793.039937174474 734.196307412382 550.258148332624 970.682479794329 991.764779637795 966.681866474589 901.633298327386 990.928508741851 991.746091546461 938.252391112447 925.933944177384 936.96326808681 954.259541502847 846.998173776664 712.128026242645 115.84926332908 692.218086176133 614.894824496298 679.429277378802 754.064034991598 799.090106173413 897.532211104298 852.216992011269 796.111758911059 826.941908181003 1129.10026984775 1043.22488102039 939.378880795188 662.852965968338 1085.346531069 1201.82189137525 1094.23135520825 881.202257649203 805.923918181715 849.588202489058 932.302563675216 1053.91985510469 956.961103317438 1097.66315360407 878.974567797193 841.305737701693 776.198079952187 856.407986004668 736.345106012542 900.098730367388 869.94862601508 898.265050355673 928.548816669608 950.001414690382
602.549298277188 569.621662713053 719.884039616886 763.394820540087 847.08996772796 660.90932696649 916.791865758939 864.130583774263 871.323297192906 756.507686559474 751.165941595226 829.705136893723 852.927463015889 946.557039715511 968.759100639518 831.33275865998 651.778710493098 453.84020008569 422.744202152334 662.842778389745 669.213164832576 667.989533739627 639.982824219141 696.497394857728 812.275041920546 777.106100993713 856.147525243363 956.103951635713 975.352297562332 848.251171422057 907.106031674 1087.0938929967 1133.03767497327 1130.33490319973 1058.13969294982 898.516557744176 831.231297980827 988.657178903029 923.647444992187 958.192291122394 852.653663333675 676.218278535783 807.883596633712 927.593194190658 634.540612987753 430.854064696699 780.400081068493 1036.09088180062 879.998639335441 642.099431711176 913.094956433256
748.121417368198 577.932615094208 607.078088668731 610.118977426828 630.62564634883 536.554200153593 774.256273724788 848.820447635858 840.862439699389 841.849799064716 766.065203562177 743.085466658297 849.322998289515 938.162312447964 897.339418992557 988.31401727832 797.104009912237 639.163758121829 500.007444938255 489.507995556925 624.988285857908 750.693478246808 562.510284039345 558.430946345699 717.553525606658 699.441706106644 885.923138228716 858.760600478464 771.283779142629 627.500735907512 747.190498560611 1122.31914368885 1288.60848685483 1224.87510591034 1039.24678324955 811.826903025214 766.943341511016 847.817388153505 860.96148585431 835.636782039504 942.450349473308 811.91071169438 694.351287216364 854.663579666003 896.138366304607 769.762358097464 862.981235259183 1000.38321792232 884.567168749809 484.190815724505 612.587902480405
