data/soil/soc_5.15cm_mean.asc
NCOLS 654 
NROWS 380 
XLLCORNER 3.91666666666667 
YLLCORNER 55.3333333333333 
CELLSIZE 0.0416666666666667 
NODATA_value -9999 
[rows 253 to 275 of 380, columns 459 to 509 of 654]
1083.75982851672 930.211753101881 696.734668084343 660.41730158274 610.2097220603 647.500944884102 648.826889605817 634.714678873393 641.822806316345 618.021974170074 597.398840768915 587.311219224964 620.457812007829 640.177858719044 727.132129954649 812.078156065524 1051.20411318225 1392.56162730791 1641.88102258473 1415.03532914195 1289.0528598243 1336.47371608996 1206.45831813413 1201.56905225888 1253.33446801291 1365.61608966322 1480.8817175766 1426.29559206905 1253.87548046744 1254.87417226915 1306.75693696223 1137.6507371961 1216.44346700205 1143.31377339581 1107.8900118405 1030.12832050193 1091.12824115183 1071.25746773732 958.747324745912 1004.449859724 988.796163684474 869.176092541051 760.795301441987 772.154073013313 1026.56205549684 969.725759906992 1043.39724022056 1004.04990769464 1164.98142072823 1160.26600096833 1145.70013814846
1069.18352855491 814.228959442508 675.494737722936 677.889042160257 651.27941119931 640.431863749075 643.464362969199 647.794792996759 699.955322211683 689.482218634545 669.949699778713 692.380456549789 650.861767065147 723.7254125561 823.633305159329 818.688416714073 858.466258247949 935.368491180646 1217.16302272795 1367.94349135564 1449.82836557787 1363.68654615793 991.893621067916 1166.61564759873 1214.57840422932 1530.98243174461 1296.59816958174 1027.81279297876 1032.80959997466 1149.5699557545 1103.61380242158 1049.07115647013 1359.37287720374 1279.31353046165 1305.89178672767 1046.35020033349 1172.51732233978 1123.39882348659 1181.59939820093 1053.43852810715 963.174299723741 969.163575785894 946.923401137035 935.096066375914 967.323311248635 976.293984718093 919.944479993119 1014.42774786679 1087.36564979896 936.158486535774 906.730477030906
841.334152095434 814.928799281825 682.475882684663 650.385029747883 607.399880844033 596.485269205897 627.013481064066 593.060184443255 642.336665343545 764.534429110747 877.407934658033 787.721600374147 763.845610601515 896.188033878046 1006.33518703927 1232.60020052281 1329.16422788439 1084.07398122707 990.270250891901 1260.92106220063 1217.59989745525 1085.87243127053 1115.29986884924 1223.87276521109 1325.16622259796 1357.38053374593 1231.57640486348 981.389390278324 887.186674156647 971.457662788358 1040.45502118958 1086.05693164233 1267.670210015 1250.50146243552 1319.58791744587 1156.74125451798 1125.58013870417 1083.24115289323 1198.36021491126 1102.01695337171 1087.11695808494 1003.55990583264 878.763366046525 803.72823723243 791.378154414308 882.720791567184 850.90769187951 960.907211614538 865.280279324963 799.47626924375 849.511672883801
1044.08402331379 990.570011050224 905.981691328588 725.888810000349 673.172783841869 625.944168230173 622.263236976123 644.546934002937 841.218864887803 946.60151107487 1083.30945747508 945.802810722518 775.356640164829 1012.61896376114 1334.68884600871 1529.90330501371 1562.17020071928 1372.19290575222 998.178823751179 1071.11945239604 1128.07487147776 859.700212681522 864.233068904844 1258.21393518908 1084.90921219789 958.041919746606 929.238891557828 929.699428003907 797.720215527235 857.413662143257 1048.78443434825 975.055690703523 1048.94746095435 1283.15494565922 1249.04057272198 1040.25334084395 1071.29255895589 967.746969500558 922.208967393408 895.440393211584 978.869836387453 902.700690548106 839.144397486638 801.297762597898 852.817523234132 955.633210877741 1008.54164797301 870.552070656588 670.862604729549 647.587477024562 901.58791458132
925.645258193392 866.519024408436 868.548027166513 718.146515821877 774.638568536694 736.566041935262 618.257741256474 841.412507758607 1187.67121370346 1272.55525987173 1467.74215562881 998.40902867452 782.010576310998 1091.59403112334 1567.35200060002 1566.10948952245 1668.66397373001 1593.95429874381 1248.92236351324 983.21220761208 1122.07567017045 908.498956180444 1028.41200518591 1057.46474470428 870.768610907797 964.613547277324 890.475048601152 928.142644661443 965.735933170092 1000.18042343378 970.525402272234 972.846676789303 984.896983885373 1056.47497274237 1128.66708759296 942.682012983732 993.973235691383 923.647729433881 875.876160380674 838.481720525755 886.15621036478 1015.00202330463 1065.20036988624 975.616961446253 1047.76960051991 1020.34702311836 1086.39387751027 835.501581060569 679.545903811854 756.33316692186 916.815138434697
623.27806021293 601.21751605124 612.2841753231 849.374192839117 1009.32730683702 779.495668785425 718.11772721743 1014.35257449014 1190.44757799586 1052.50380495251 1203.05976800207 1090.57825101331 794.965494828798 1122.16277483257 1630.95929296741 1400.82306808867 1412.70511013749 1528.22707439576 1303.52550607625 1083.10083974518 993.049002835345 955.665768188307 1002.1137317542 1041.92991375203 939.469982889889 891.704718662647 724.306563340602 855.600511230759 943.106607347351 831.507682739199 917.201159732688 1045.98402254854 953.019010290644 955.583474483558 1171.02776922275 1012.88651199279 1003.97476961888 951.497576103275 897.834401904218 894.960799965857 863.108786633782 1057.04193576818 1171.67320773278 1154.41880187032 1174.83808450644 1058.43876335567 1072.81449695092 942.977660651485 1055.76425700979 872.361443215016 1042.49564016219
727.682222412632 883.75976127994 815.360432199574 959.439587581122 986.266674510695 746.088093642979 906.934512014516 1160.01754084343 953.177093896716 847.849950683235 1263.58554720336 1520.74317258653 1088.82767894515 1405.44898638942 1684.74710178569 1158.2543415455 1083.49080133885 1261.32159425906 1097.00396367528 934.690525661681 1294.93281242504 1103.69355753079 695.740191399507 1023.19464939723 1042.81146544396 997.875911362248 815.682694791723 970.082937673715 961.160363668987 767.062548712038 834.378162425927 763.480807404418 765.123450674391 987.154367058328 1304.90759596654 1358.69664468796 1498.7196684601 1422.43569046747 1335.7428342525 1245.56653802786 1136.70276877539 1207.41780982522 1089.01245764178 1055.87544550023 1050.42705876118 1109.06034165971 1214.80535599063 1248.97798108385 1199.12151912237 1022.80556978383 1323.30568826896
1313.21232477194 1149.00855698251 1060.74066137152 1019.67405368081 870.44641650866 832.892227214692 1090.22301650523 1105.14304696829 1023.60790616133 1420.04896275099 1439.96923421371 1237.28829490277 1159.12891875763 1761.95482615776 1471.31082782147 1195.69353053502 1149.30632125175 1144.65400484686 1321.3054827421 1244.27222631895 1340.88240806853 1256.10044586331 1128.34372861923 990.881539648337 921.518971056767 936.277757730617 911.274279191399 1138.88866494013 1194.40649191514 1081.59273068446 1045.96590764436 1105.65978833852 1073.38652448613 1334.93460390901 1695.07626009246 1616.63754948219 1520.24564241252 1465.32803134391 1382.26670987717 1308.15638830604 1267.96360325106 1407.59147364204 1519.47268294497 1326.80089582708 964.278258906078 798.489357480141 683.10151701924 661.514277584021 712.284341600171 1146.32780814559 1814.33374202907
1562.15567375356 1331.83083874179 1165.39294361065 1041.94069867352 870.16821866477 1056.8347159289 1299.18052326039 1027.56175863006 1340.45669914929 1053.4288748648 1154.60298563223 1478.84532714039 1301.98483349921 1378.96003919964 1406.62077299252 1291.24510985267 1218.08985708828 1166.87946702015 799.729900339218 737.19341542659 1035.54284783336 984.244213702764 751.43571306643 637.299609669165 760.448699871477 985.664785608409 1063.82743507955 1165.93052563363 1363.06652048963 1326.04483786512 1310.21928213891 1221.84413432564 1206.03665284748 1061.98620128756 1562.23211977361 1364.15529968741 1328.78896661951 1420.5559005276 1261.12548127596 863.618970139215 918.117773323607 1038.40498567649 900.501282825528 660.184066941045 1262.7024499093 1091.2299729072 528.180922763432 270.733745784152 640.675631694355 1015.11302933737 1436.88083165787
1457.72806180927 1138.62309332903 1296.11134351269 1182.74625221686 929.734631637786 1127.1810235284 1523.48600578115 1480.83520760583 988.859608416642 765.536099112746 1443.10835100875 1323.91827023916 1439.40655231664 1427.23783192858 1369.01658531528 1015.1789948199 912.769549901041 597.943380932468 774.069031758612 916.599374349983 952.476320300461 276.510431647133 522.689114769654 858.800211137966 1036.40096205868 1057.57204053716 1101.83071145519 1185.51481795069 1424.05970940174 1157.05352042188 1145.15549855348 1203.5729378907 1200.31114669085 1216.58485668184 1091.46785675086 1216.55604712209 1245.5608934272 1379.31455232569 1281.9616729195 1104.9045127526 936.730568173919 859.957564222805 732.565981448717 471.505017587774 630.012591552938 360.770192612564 522.920709207283 633.413440604767 828.706488846434 573.17798310014 987.307655599042
1257.52964294608 981.204334267693 1040.34853705571 1132.85576563742 1066.26243105555 1183.96287920285 1461.82012023129 1501.73209988201 1365.88154987493 1060.48634185001 1337.11379304477 1619.93607072851 1367.55448558681 1219.61961455707 1214.1750850636 1282.75024997836 1195.72135268942 977.541914030673 971.689335841209 1062.24522600573 868.940002209635 962.706173829074 870.232662756292 1086.36755833248 898.909389637784 925.933733536561 1003.29945666872 1099.29383700232 1166.54359917085 1332.69323427418 1311.13188883045 1170.50339946344 1193.50158302367 1174.52640940883 837.653288322571 1046.67324086888 1122.09329756082 1057.32186202935 1060.63839901352 1014.9954396265 940.373670952222 674.68057357056 466.043434419186 291.220296581986 308.306722139538 182.319459753085 102.372384771837 351.937095160317 369.115959858605 120.943322453537 141.885382273858
1100.64093327805 1169.84463617639 1042.20406255953 1377.06547191591 1505.82997327795 1378.99866961204 1562.96519628937 1670.45984362723 1543.99267680775 1677.33974532844 1518.66129119615 1621.58437090734 1269.7021460947 1186.55787353026 1377.59481809347 1313.37535952593 1208.08562930378 1208.14241306608 1068.66311905087 1034.23858288045 1039.22881602296 1396.22476565024 1177.20569383901 1280.22592826571 976.097082395546 954.910775734928 1027.57247815315 1008.9508739107 1057.26636603796 1288.631386718 1372.40364016984 1372.17694437749 1179.04994702676 947.997767825143 1291.1132015453 1227.83713340006 1084.20405928268 984.381967528519 751.744277878793 734.070126417306 464.367266721082 207.019203990546 65.5175367973664 20.0252613625364 8.05455041718264 0.265454409443711 2.69882320544044 107.586408870691 333.860437037409 79.8479163882258 0
1313.09682973269 1331.29267757364 1242.99173580614 1321.23538345189 1351.31497876928 1489.6420276322 1516.5192435219 1435.36749094045 1268.79313534814 1471.7928506098 1280.91500838952 1122.50221108335 1285.13678725588 1270.71558506031 1366.40285937993 1088.93871351446 1117.48839426206 1340.95152241629 1243.67582293246 1180.23261979665 1221.68290322726 1399.91239673225 1168.15408452137 1199.56839009559 1123.48538829837 1049.18906790254 1084.18712363226 1094.35378369611 1099.89644165484 1108.08151714844 1061.3775831053 1077.7313146897 1320.36417220654 1154.02478906007 1168.38543976146 1258.60382231317 1331.92293263143 880.449199840201 256.939814973021 247.369595576442 217.221129906326 18.6917550641599 0 0 0 0 0 0 0 0 0
1098.93823035622 958.138284017428 1059.13472724659 1130.21712789881 1132.18608767425 1362.69357193857 1130.54003262065 1135.46914797954 1306.471869717 1378.55697918627 953.487126806906 633.204962372119 1428.39144593679 1452.04475311236 1130.97392149213 1030.37987628845 1319.00108258857 1366.09759376882 1330.69898590673 1259.53706998559 1220.89212839812 1195.88923042457 1169.17000047281 939.530894672642 1148.67886857422 1039.49243447283 925.973230914002 797.704252327727 752.918795537 654.115632900929 348.930000596107 339.747354639256 1061.10676304371 987.470175192509 978.104297664497 1119.94416838445 829.637597522435 466.208392292097 45.5961532387796 0 0 0 0 0 0 0 0 0 0 0 0
918.348655407181 562.951220846466 1005.27955946029 1021.1708692367 994.059290387939 1184.79860447721 1166.43237740348 1304.50867221169 1425.42551695738 1256.18199838554 518.908162439069 1026.48535643201 1375.28185226148 1368.64986523043 1055.97547283313 1167.24104360116 1336.09735145531 1326.2884565707 1355.02567316941 1066.33131642513 958.984419522484 855.964871422536 665.484335359463 362.58078147249 517.644942280319 426.471241039383 328.49125628426 251.432607226413 152.105636846036 72.5334688227592 30.3983490384234 177.01419812309 428.874550120908 725.792374954237 777.291973897902 557.972956946132 136.77263934993 46.3354737342559 0 0 0 0 0 0 0 0 0 0 0 0 0
936.212082178832 456.710547084623 880.719878295418 784.530537206419 915.592453691456 1094.83997051322 1331.82045425145 1464.94806876173 912.334047223484 592.020347133577 812.276931213287 1333.63228852086 1260.47986323209 1261.49088563804 1170.39440854502 1137.3837751632 1069.98249015884 814.781570560901 702.053358052479 771.305071494183 807.772228846068 456.268231281762 206.250213731617 3.87116978754921 0 0 0 13.944750098264 15.4512248451607 0 20.7256662262661 36.6737149016298 150.001950045682 320.066337494269 253.154844245804 61.0956365878004 0 0 0 0 0 0 0 0 0 0 0 0 0 0 0
674.579993175618 293.473504109747 420.832050975759 698.395329821545 951.196644794434 1127.35521407871 937.17568376863 874.072173252822 838.006212649595 703.058949536791 1086.89104577133 1003.22527213036 806.964218635541 900.22683073387 678.510408868376 563.424546239608 372.601954648063 243.011222801324 219.278630084901 272.621626846274 301.343025529621 132.439166888871 55.3068816620303 0 0 0 0 0 0 0 0 0 56.9447601700477 21.8544719214991 0 0 0 0 0 0 0 0 0 0 0 0 0 0 0 0 0
219.4254559907 455.672081853754 645.339436690065 870.746164522608 708.435087757432 370.60935550842 234.971044554099 416.724632643567 728.265937291701 480.886264146299 539.815956745739 422.367528824185 159.58185442969 146.433005961071 90.3347454053972 70.2187763437996 30.5482379781107 27.7825332553042 34.1714850591694 19.7399998276647 9.24313456573589 0.598310895258141 0 0 0 0 0 0 0 0 0 0 0 0 0 0 0 0 0 0 0 0 0 0 0 0 0 0 0 0 0
975.651973352127 1023.49621476547 1041.94584989527 948.404594058816 434.959305993253 50.3452012615673 10.6947409588911 51.8323331406973 162.540880144265 73.9590954956307 39.2581125229731 30.4401322205353 5.89555859663987 4.10951574829002 0 0 0 0 0 0 0 0 0 0 0 0 0 0 0 0 0 0 0 0 0 0 0 0 0 0 0 0 0 0 0 0 0 0 0 0 0
133.143575835816 52.1688391733323 23.9927215679504 19.2169853626448 3.10074337998473 0.265797290288069 0 0.132387331454542 0.798241546561645 0.296578244937001 0.000634345573263849 14.0636892187035 144.294328316144 4.71100189771173 0 0 0 0 0 0 0 0 0 0 0 0 0 0 0 0 0 0 0 0 0 0 0 0 0 0 0 0 0 0 0 0 0 0 0 0 0
0 0 0 0 0 0 0 0 0 0 0 0 0 0 0 0 0 0 0 0 0 0 0 0 0 0 0 0 0 0 0 0 0 0 0 0 0 0 0 0 0 0 0 0 0 0 0 0 0 0 0
0 0 0 0 0 0 0 0 0 0 0 0 0 0 0 0 0 0 0 0 0 0 0 0 0 0 0 0 0 0 0 0 0 0 0 0 0 0 0 0 0 0 0 0 0 0 0 0 0 0 0
0 0 0 0 0 0 0 0 0 0 0 0 0 0 0 0 0 0 0 0 0 0 0 0 0 0 0 0 0 0 0 0 0 0 0 0 0 0 0 0 0 0 0 0 0 0 14.4851129898416 0 0 0 0
