data/soil/soc_5.15cm_mean.asc
NCOLS 654 
NROWS 380 
XLLCORNER 3.91666666666667 
YLLCORNER 55.3333333333333 
CELLSIZE 0.0416666666666667 
NODATA_value -9999 
[rows 161 to 183 of 380, columns 510 to 560 of 654]
1748.12375981769 1677.34453995396 1916.68314021863 2005.30743043226 2039.6295020445 1617.71974168743 1773.31534454044 1917.69569184949 1940.68327790279 1864.10800830145 1854.17495636401 1843.88543588143 1608.34321643468 1581.61544467877 1602.27354502837 1806.4899457496 1938.61659869455 1988.3384618875 1756.65261120407 1276.71254222041 1907.80816704953 2107.17762385499 1941.9917317458 1972.10594080111 1924.24601327355 1966.0293939362 1895.80360263818 1875.12189989346 1852.12150886304 1656.44606643677 1550.74216462457 1433.33218931491 1429.39063845631 1449.42500321789 1530.82529020759 1724.37023649092 1715.9221217244 1093.87062284779 791.254046543779 878.139098241885 560.168101519987 180.252136445366 0 0 0.827346185957083 19.6389074722178 311.503899922579 579.347728682491 796.356169231777 1501.05031894065 1757.11361330157
1788.81046469651 1724.75254445427 1633.31499390653 1688.81660092232 1726.10140224477 2130.38951477358 2259.21049123496 2083.47668936154 1934.28683139166 2235.20938355297 2153.34579057233 2135.77750754831 2148.86296734926 2038.22360355364 1821.82153201406 1524.76959439682 1543.37595743104 1690.81919800689 1834.27136611658 1604.06477316049 1829.98676412819 1867.99046746426 1922.77683948868 2042.84036844476 2051.20701153138 2008.85778866418 1854.57498932487 1505.37133511194 1511.38859430791 1677.20821740327 1695.50985933837 1754.55126717679 1920.05276102391 1948.94696560236 2103.29073408204 2094.13644520651 2081.5239071406 1780.32215141688 682.939293268799 84.5406774396093 40.2766045960027 7.44485590929917 14.2202048594653 45.8380052193975 461.230945703818 998.461312947462 759.253048814582 691.432791723872 820.430650107582 1039.58714598634 1292.00605310299
1776.86630440612 1823.60601301022 1794.50351490228 1827.06523612329 1915.70474046344 1907.27157493496 1920.1872014519 1800.33137837625 1808.22345820291 2000.76326921469 1954.96513865771 2033.22914499947 2085.28194076392 1873.40842034009 1728.75142404171 1706.89364252712 1590.9105907085 1381.58979695692 1436.86711684015 1512.37849638004 1557.47873586827 1877.45909550337 2045.67435229895 1934.28611586089 1813.05822687158 1511.22253977146 1356.99928274567 1257.52468666524 1470.42665266256 1866.01326219827 1898.73775039353 1661.08294780853 1642.38572707407 2026.85895142191 2099.61555463396 2044.54013924057 1899.53167126002 1458.82167078962 860.261612513886 665.495153278991 798.970510558981 240.669038697425 217.986272929919 440.212388918855 1439.41852112599 1744.92525139896 1309.35622723876 623.694912389033 122.141045945178 22.3439698709832 755.052241956513
1936.26557442753 1886.2729506618 1970.35342460818 2106.63548872474 1942.99974958349 1681.93915134601 1772.70777475163 1877.28972360157 1893.65638532562 1863.82492238445 1694.88014532542 1653.88107718821 1731.18727604534 1794.49128576832 1822.60326908478 1752.46434173125 1579.15962264872 734.74171261283 718.967194916999 892.3126515507 1423.16430436509 1602.81667587869 1598.82643514841 1706.42715369633 1662.98577910904 1674.55313820302 1663.52968293137 1397.36965466413 1621.08774503524 1768.21923876514 1856.76616071367 1911.32474306082 1933.23772071603 1868.72226992994 1913.95704079402 2090.80316795021 2025.09731527807 1837.69207266464 1864.77534830946 1747.79936286991 1415.90850879682 898.242949156969 43.7869296911202 600.095717505943 1190.33475546159 896.944140255431 193.099267990221 0 0 0 0
2169.47818486801 2040.35681630816 1750.13115562484 1969.40799935459 1763.62599301194 1438.46573518547 1429.35138355478 1766.91337822025 2061.19503179631 1866.22753548158 1768.89565895221 1763.24258825751 1760.85569920899 1745.76300874944 1603.55127878828 1591.62529719425 1553.98868748782 1593.3104675253 1670.41658864341 1433.87602603914 1268.76624626634 1540.61755296985 1567.78602014976 1682.83523150869 1897.39589553314 1995.53805722262 1942.29593007503 1475.02820594444 1560.71666488001 1667.14897694928 1827.75319291795 2125.32735003423 1956.63717817162 1749.55639258925 1755.73694388706 2162.27238411946 2277.78263942004 2061.70460223994 1946.56017130687 1802.64090747878 1549.26698671013 1121.23514969801 321.364092283857 258.544624453965 495.60044511261 338.325538215478 126.296190821077 8.77194181566623 9.65886785835227 0 0
2180.65991804414 2017.52752514753 1426.85842466459 1588.49588018084 1194.06148469523 1103.01687924147 1005.03508639557 1587.54914577426 1859.02533684767 1811.87006433314 1747.48980065769 1840.83244668051 1671.26849310475 1443.6963071662 1487.26084725014 1722.80097853294 1707.63055203413 1608.5523599111 1694.54634383447 1700.37944619946 1681.63497589343 1679.09458032818 1679.45683936978 1731.55687615787 1726.44738769673 1815.18390201236 1802.1899444443 1483.50033607545 1585.95768570725 1829.17780625373 1824.07195133655 1903.46303036571 1864.78127816584 1822.96026269503 1944.62704651519 2090.15443862856 2151.89079295057 2021.69306445006 1895.42748021887 1924.24352561246 1814.26527294592 1693.75029239899 1286.02541774219 950.343333651789 916.171077694049 844.738186875689 507.795153951647 332.399531501485 176.595447152843 108.156567842568 114.286662207983
1879.13108550787 1855.95528130341 1637.54780831155 1789.11860299952 1334.02992810864 1265.09652163901 1547.05730561512 1577.93204319811 1671.77409780004 1549.18509762053 1502.01310125372 1634.70042205568 1664.98990085221 1562.53978490976 1619.28007496467 1741.08625015613 1625.64546529038 1703.58227101694 1638.11466603288 1527.01310799764 1455.32453948031 1416.1174968909 1528.82934930952 1643.99014059357 1669.40377907649 1791.59367760943 1876.0121283234 1756.58477207662 1727.67178468188 1644.87709514762 1454.99171580892 1480.46057378621 1682.43297400428 1998.83185825894 2083.49662014361 2061.34165897382 2085.01935294694 1908.03349172185 1770.47421713815 1845.97127648743 1972.98776404728 1889.51598311372 1826.57160917327 1367.98221963221 1175.81643121783 1395.21993076396 1229.78718892082 850.783156197262 295.619827192577 357.056216072852 879.469193835494
1787.49823931926 1572.49266481126 1535.72043063854 1626.77547788177 1380.52076634032 1171.12787653668 1463.42274445865 1549.67544286385 1577.14310639654 1535.68610258861 1418.86399136006 1397.78498893815 1494.70456652389 1609.35522730107 1711.53294484186 1674.10161915264 1601.14246707989 1732.83793883863 1766.60857462169 1785.29862924507 1576.76541449107 1576.00694449249 1626.81900313021 1630.49759687303 1663.01484444888 1701.74746779749 1683.37950029631 1568.99003624203 1761.79540145012 1728.44416952928 1544.16974457221 1603.70592366927 1604.48476539092 1862.57289535313 1982.9345599639 2092.04119551511 1974.32606240323 1742.72518711136 1574.15043444554 1582.18776830777 1626.65362668952 1609.81053852293 1726.69746948626 1590.95089493989 1691.60998690253 1663.49152430715 1409.40558169805 1349.32966813588 1115.85453169506 765.063597936838 1097.64548569927
2051.75666060281 1823.423504128 1589.94646103796 1191.84119228287 1260.46958826231 1360.91527685352 1428.23281494073 1342.53108654089 1455.14571558724 1543.05713247264 1576.81581010589 1533.24824212021 1674.54270471183 1787.63116996477 1887.9206668352 1903.61187451269 1844.74368629817 1784.24785488623 1819.77794948163 1969.38747570293 1744.84388560927 1728.80644541882 1629.99391551284 1625.90994186275 1745.32173143651 1801.01838627709 1678.75754814674 1303.34350053692 1724.27389681019 1776.8942483422 1742.72657544924 1696.60855914332 1819.51320451486 1711.54899949462 1814.12239090903 1776.768859677 1618.37872114166 1477.11398580586 1478.31951231351 1468.23685279851 1282.68916953487 1545.30371282166 1616.51647710524 1781.92173720841 1773.81321622644 1737.23848542742 1446.90676548116 1535.89078215503 1591.87003771731 1467.83151152694 1484.1160029324
1803.0398464422 1742.37251387635 1764.66861413267 1599.18688810926 1554.78977626406 1846.03545994633 1775.46463302549 1527.96836229177 1315.61993759611 1555.99536557377 1898.82393747568 1753.27180025002 1780.65848233158 1808.289217161 1847.93044513314 1918.90277700235 1874.95564726538 1775.14581577565 1716.7416002879 1786.5298290546 1605.34461409366 1616.64203500658 1462.44939383897 1398.56740027161 1735.09856662991 1572.36698384901 1721.52220090632 1749.67629022823 1774.44351598905 1744.93816093069 1646.15249855595 1575.96255866249 1640.34586858415 1550.67764288286 1599.75733701787 1609.11963266217 1703.17214222743 1578.09150218779 1603.19785949316 1529.9387024942 1389.10947659776 1465.79114795186 1432.07565278086 1669.58063500994 1646.28980145054 1679.81896552948 1503.07797363846 1534.20760524133 1681.02609552729 1812.58306394125 1756.74711790124
1932.702768283 1851.05343659941 1876.7084621995 1995.0761677209 1976.90402171208 2047.63698358485 2055.23581407874 2068.60952984956 1450.39603125916 1291.65284310488 1441.38266257888 1467.61049787011 1568.84153307587 1651.7510768353 1680.97747167111 1670.53120982407 1773.67601166735 1773.25661066967 1867.37809385191 1661.87405137344 1257.95890977085 1330.86986998245 1487.92555078768 1814.81476713746 1847.34187956782 875.68498572943 388.820379504949 983.385029057908 1728.78532124426 1635.59746203147 1510.05476786791 1484.31273044159 1550.29733021643 1611.1853595259 1599.11740106782 1463.39132040893 1554.40815913131 1583.98849405112 1489.6086892187 1351.29720069874 1443.38749417504 1457.03996194008 1720.94820671613 1725.45362974785 1789.32779581977 1857.5885965569 1767.52033939945 1774.94982822247 1748.26197942294 1642.35390999578 1524.8220807351
1760.10023374014 1622.64682087006 1635.14107354643 1748.51123913324 1769.6919452332 1803.88545800237 2061.48295757737 2001.55007567364 1915.06861705273 1740.12433578889 1448.0838697283 1380.51165484728 1318.14978840733 1305.1599890681 1369.37697347412 1343.95426905329 1458.82292263437 1662.92401909489 1613.15013092832 1412.26468045431 1439.08273509989 1309.83931633918 1487.71025943089 1608.3142728751 1630.94642038083 1419.6611286301 1023.26834675595 1092.92149952884 1486.51647273505 1493.11714616646 1367.82120006276 1365.28499469741 1456.43976713592 1454.39335168005 1589.15897518035 1474.69544388796 1382.2427587181 1351.31231490545 1398.12753722621 1168.69731620116 1180.45245040133 882.645737828803 1525.39253318158 1587.21369715781 1724.30362066785 1913.3048204593 1920.94331155706 1862.23256762088 1744.32926494613 1780.48012200417 1617.95606687841
1719.27466503961 1751.81004747032 1609.90064773866 1558.85506973194 1575.42033702057 1736.45343298073 1884.23819217786 2244.90686423885 1884.14418312715 1653.27127210555 1670.58347438861 1522.520500862 1472.44993654815 1462.29734248265 1323.59650218261 1393.82520868631 1541.58724769412 1537.86903427671 1722.57105010593 1699.30145702815 1449.1839326931 1316.1675195016 1366.09471846289 1446.83609536669 1550.06435691173 1486.43993959331 1637.35435153143 1619.25323598206 1675.93278385381 1386.04309206137 1340.58158301416 1369.18465989346 1475.74546310457 1450.97469443675 1475.20238262864 1555.8733175734 1432.14910980564 1255.99377086117 1343.91409048565 1332.86917938186 1030.83472451562 990.739623989202 1332.00422962634 1516.47259097404 1597.33270930814 1498.31626785984 1609.41990436396 1799.18466224775 1895.80249828474 1764.22350640931 1686.50617981495
1664.5076589856 1710.89249378048 1882.95630189808 1892.7057007909 1955.85392919148 1995.52760551656 1821.74462923651 1733.60433308463 1866.19749538081 1522.54948555917 1507.59340812601 1706.90009387587 1762.82841487297 1696.90499168801 1387.52403253426 1366.59672686405 1420.90040103392 1579.82768310339 1586.73977434907 1735.58656095029 1790.47087103876 1636.60781181554 1693.33347029408 1791.57737341862 1701.37212826142 1644.31260245882 1641.30282014945 1653.78681663304 1701.64563919377 1636.53314475726 1451.03883846042 1474.0535920884 1771.42663925035 1655.96373726753 1469.36628136744 1481.57378796231 1478.44468491767 1297.91245011554 1266.72689686173 1331.00730888658 1129.00987597051 1118.42290801433 953.083166044617 999.605858575078 1571.4091053545 1575.97176529311 1497.91325255982 1603.60442432806 1819.20546333336 1878.76209702042 1704.56356312056
1483.36088265639 1692.77838732373 1648.41706278345 1671.98460360878 1712.94940773786 1706.39729543345 1288.22105097559 1244.75512969632 1527.89450161996 1398.30867075635 1403.0811085575 1668.12400438798 1755.42601028657 1672.44155526397 1666.22055960665 1630.5249454332 1627.9125079872 1548.89034514632 1632.05525318391 1719.456784866 1689.17797271172 1766.54048682322 1863.32580029809 1979.13217758553 1914.64703340636 1717.59556705703 1452.69891009346 1350.93120008643 1469.29663252889 1378.82244434187 1112.01980707021 1159.43218543123 1611.3197745324 1510.16170022728 1352.98215996454 1347.93987312848 1410.87336643942 1401.75355411345 1295.39550983913 1157.16397060613 982.708431151958 655.037029649688 1089.6559288843 1289.75074713334 1485.06132197794 1484.22806978935 1359.90732047762 1594.33881451567 1696.64329960095 1673.36907719154 1581.38479169924
1473.15887288205 1399.31625278364 1272.22567185744 1423.55641661177 1538.58375951262 1470.86532970151 1425.52839791112 1549.41061853388 1570.4834035498 1439.01099825909 1552.48747167586 1697.1089480926 1808.50331687279 1705.868988454 1626.03577366425 1643.14704951625 1607.95180548366 1569.96644158777 1603.34099646159 1653.5856244284 1646.01701148015 1696.4017566473 1741.39494324459 1702.01368165386 1621.20191147794 1421.92674872337 1170.83515670784 1157.00487990584 1326.71841934121 1186.29320015263 911.669298186109 778.83906657077 1184.19665665492 1508.02472008273 1485.22441309004 1371.95028303299 1246.56918545956 1269.12357392648 1346.53193851221 1265.38061787074 1023.11000885064 969.290353213329 1080.65283585293 1107.16982551842 1246.34028251803 1222.9111021344 1148.04800811476 1277.1414543996 1344.91362649993 1342.12415024592 1451.97597377453
1806.1298001717 1571.36426764276 1211.22708620127 1226.12456825981 1502.27876479727 1670.09868101396 1833.96246785709 1696.79240650836 1631.19444304489 1399.12702694186 1405.61967564517 1531.00670924903 1765.01956448462 1699.60421416493 1236.38419802394 1128.58534643679 1442.69390803697 1754.97353729496 1501.55298587944 1690.80673985716 1586.77777072632 1602.13899623401 1471.49790087297 1419.17407954396 1350.84034555507 1279.97078226402 1334.96266860769 1217.42490470046 1258.88809471979 1092.64050140688 1221.44225731561 1034.73435162334 883.254071599988 1266.6203237978 1292.00814693983 1337.9937557415 1278.89436858727 1108.57450958846 1163.87357589201 1213.43116691781 1187.7494868823 1113.7807844284 1124.1338134022 1056.65550693433 1086.03067009311 1113.2142178614 1002.67895607456 1201.88198941933 1400.74823387929 1206.96472137667 1265.39879252478
1729.9011063191 1591.26620378226 1305.71080309772 1006.05089777543 1042.52045968601 1435.28519111708 1731.96381910983 1409.03305375944 1539.29327210582 1678.0836095851 1449.74113747832 1252.65969892035 1597.64393113257 1606.17060811804 1302.13769884568 1093.1831649884 1486.07856769934 1815.13513089613 1481.42119577322 1180.00204741371 1493.81366672956 1643.20311103351 1391.9006572828 1348.285353714 1224.6893972941 1152.0548401458 1244.71161221728 1211.3729589544 1167.31725095299 1100.03440631354 960.402818659954 1120.26036237547 1106.61737977732 1165.32624598151 1130.87888764928 1241.12140767752 1138.72070551942 868.583843688506 916.531009309033 1235.90887635988 1332.12805761937 1190.77957347641 1205.47493685047 1186.09428943233 1024.41130780154 1122.51473040331 1184.8548107795 1188.37098299082 1246.33976333047 1197.01580634958 1320.31813975491
1595.89566404864 1584.07590813639 1498.54648109362 1423.68978745959 1104.23435541733 1336.09508512159 1620.53799903773 1520.48971811319 1463.23706957267 1641.19316683257 1679.13759852937 1536.68608807948 1658.23520954677 1692.98322236905 1770.60692740978 1734.43019908705 1734.82648197941 1534.09588320416 1376.60177988632 693.123139048998 1061.5081806643 1406.48020351953 1256.37930750262 1235.3375637866 1299.5759172732 1336.57905153138 1284.75013110686 1149.66466591891 1096.44742679012 1150.51551115807 1017.55460246809 1184.84264834975 1094.98188649893 1219.50066146078 1073.67064761066 1107.86553785163 1192.24972941695 1056.40059913407 1088.00541286736 1220.5791912755 1180.34464894309 1194.18281305177 1239.9342414006 1255.20897366707 1027.66353809286 1045.04282867808 1088.98977394187 971.49901218651 1116.13785740365 1242.70647155705 1328.4958068355
1675.53975914106 1761.02416317921 1734.89528587877 1808.45343188963 1615.71484062507 1576.52341288982 1586.92715733511 1694.04044885657 1669.48823948042 1537.26586290057 1638.04733615702 1824.09800472667 1838.57630487464 1845.98956256259 1673.90777794642 1374.6631155582 1186.05888236312 548.570460073711 1262.43357191448 526.363213795784 482.202291710599 1200.38207776185 1007.42232987358 972.056706499275 1386.89388423863 1526.40988449022 1381.67316907249 1280.63720249669 1133.6310833809 1194.10669254093 1082.11172733822 996.780323034381 907.030179936988 1108.59987132329 1026.52993337771 904.567608847558 863.67155898382 993.787821449694 1211.79110979774 1236.82993861229 1251.40860905941 1266.26283530961 1242.28005048593 1018.24561802265 1189.06533810457 1164.33521968911 1079.38895015791 746.054960285331 821.139978626537 1172.32309952636 1309.83498410413
1715.09364552319 1673.57810765076 1744.59475570089 1891.37436509709 1683.96928588492 1630.17970344575 1634.06473658131 1594.33225232114 1759.90213893407 1599.88041355199 1581.88704589717 1710.55776081772 1625.94822051826 1714.46718866541 1658.78158045651 1245.79513532619 649.587036654962 73.8140834384552 621.138811267629 190.207967581972 525.80667466992 1132.29432592901 1179.81877223168 1297.12828611732 1564.87770553432 1532.1835365703 1528.86358748588 1557.10864084028 1600.40389627402 1265.35451659576 1323.74861299003 1212.98838349492 1016.37581536139 947.610661210569 969.373015704105 952.377976140774 930.117492259853 761.243131182458 807.90064393221 1107.61635054698 1235.5410287574 1009.51527459577 614.363794292405 900.183064152236 1201.24257194469 1197.24312302157 1155.3808997361 885.050435144277 897.130648162298 1229.73284188184 1199.20873783826
1212.51083397113 1199.09665391711 1222.85620403574 1323.9183357423 1504.13935487715 1380.52181952249 1779.72014946883 1841.36433930199 1506.36188061158 1552.25257817708 1622.44018428771 1507.19608574928 1500.20708503639 1421.98802381878 1230.53013779979 744.549014908602 871.090412385907 170.911870293471 66.8642539115282 575.585029002129 1111.13109660504 1404.55337343714 1440.71936991949 1417.7272741617 1505.07935598195 1629.77302968413 1767.88868609593 1853.58088274688 1675.45282382513 1585.98413754067 1561.87174341654 1320.34228508245 1080.52975026551 1002.79667573503 846.203464786065 1082.57526531767 1145.08217960337 1148.87452230804 1176.63829773531 1223.05915392167 1318.65806179362 1057.2693604778 873.555750679995 539.915636953346 787.113241349225 772.607228444292 796.388451880051 555.368126785492 468.619833240456 765.590611515673 743.413725819497
1429.94577451401 1302.06945825659 1109.10612378107 658.437851772065 608.219812137082 1264.2727919763 1781.96416862774 1624.55330320089 1419.66794889772 1460.94378134698 1453.83043128732 1503.7815249477 1483.1555076289 1437.89911165875 1576.74083652408 1533.13405052588 919.202487681653 685.004842291507 837.451507938622 734.007320956537 559.666881335897 1100.6274679472 1439.39006355397 1344.67240631079 1323.66775223143 1039.04054899404 1096.96956594874 1509.91621601984 1514.23133433046 1380.98448164738 1421.27418499069 1320.85204282772 1183.93475920656 1085.16716689141 1058.40686737567 1146.32396825033 1084.94057218417 1184.14946011061 1318.90270191747 1426.31963013022 1413.79478641319 1333.34972946113 1226.03750980325 832.387407602262 740.949593977779 1061.5966484316 1167.19774034403 1053.16667090586 799.667423940013 858.490005439289 1140.62104349991
