data/spatiotemp/temp1/bio15_norsw_test_2003_2006.asc
NCOLS 654 
NROWS 380 
XLLCORNER 3.91666666666667 
YLLCORNER 55.3333333333333 
CELLSIZE 0.0416666666666666 
NODATA_value -9999 
[rows 88 to 109 of 380, columns 600 to 649 of 654]
46.6119203567505 46.5169696807861 45.9870376586914 46.5178442001343 47.1795473098755 46.939190864563 46.9493999481201 46.9571714401245 47.0305728912354 47.3499393463135 47.6757593154907 47.5777997970581 47.4687042236328 47.2317781448364 47.5441150665283 47.6828546524048 47.964183807373 48.052131652832 48.0866842269897 48.379771232605 48.4975633621216 48.5280141830444 48.9533605575562 48.7260332107544 48.5695486068726 48.7364225387573 48.6984310150146 48.8702545166016 48.5400133132935 48.2833204269409 48.8145160675049 48.8774909973145 48.8317527770996 49.0367546081543 49.4778623580933 49.6984004974365 49.5033321380615 49.9941034317017 49.9833755493164 50.3178071975708 50.5021514892578 49.6576480865479 49.6717948913574 49.6669597625732 49.8315162658691 49.3869934082031 49.4640998840332 49.4759817123413 49.4435949325562 49.1315813064575
47.0522556304932 46.7918891906738 47.1479244232178 47.0330400466919 47.2373638153076 47.4273462295532 47.600118637085 47.6857213973999 47.4838705062866 47.3018608093262 47.5688877105713 47.2799339294434 46.9676942825317 47.1890878677368 47.7789640426636 47.5613994598389 47.5171022415161 47.7197666168213 48.2431001663208 48.1525735855103 48.5406942367554 48.6620626449585 48.8845891952515 48.793924331665 48.465479850769 48.7054214477539 48.4836874008179 48.6683006286621 48.7891683578491 49.1948652267456 49.1360206604004 49.1665363311768 49.4958419799805 49.2131233215332 49.5076379776001 49.7432088851929 50.0671243667603 50.1556577682495 50.1733198165894 50.3610620498657 49.6801786422729 49.5119638442993 49.4199447631836 49.8376121520996 49.7697534561157 49.1537342071533 49.3098487854004 49.6667070388794 49.4671621322632 49.9431266784668
47.1276264190674 47.4118661880493 47.2805213928223 47.3020038604736 47.2620105743408 46.9964714050293 47.4335842132568 47.3310089111328 46.9886693954468 46.995379447937 46.6241941452026 46.6567411422729 47.4225902557373 47.5765285491943 47.311297416687 47.5108823776245 47.8065967559814 47.737190246582 48.0892534255981 47.9847679138184 47.8874530792236 47.7688074111938 48.0641946792603 47.9940004348755 48.073637008667 48.2695503234863 48.3863430023193 49.0741052627563 48.5908603668213 48.5732002258301 48.8607711791992 48.9912033081055 49.0943555831909 48.9800481796265 48.658899307251 49.3076553344727 49.4813146591187 49.7650918960571 49.7445421218872 49.5561637878418 49.7657585144043 49.4194936752319 49.5739917755127 49.3217601776123 49.0851907730103 49.0924510955811 49.434832572937 48.8936548233032 49.390308380127 49.7931423187256
46.9194192886353 47.0084495544434 47.0936622619629 47.0292949676514 47.2100992202759 47.0948085784912 47.3631134033203 47.3141736984253 47.1344814300537 46.9250907897949 47.2420959472656 47.1467008590698 47.3599271774292 47.2375841140747 47.1596937179565 47.2830247879028 47.6049480438232 47.7276773452759 48.2196025848389 48.3843050003052 48.2440118789673 48.5130786895752 48.3556509017944 48.1655187606812 48.5543937683105 48.5993747711182 48.7416009902954 49.1083116531372 48.9814167022705 49.4271678924561 49.5820837020874 49.5058126449585 49.0602235794067 49.1585512161255 49.409613609314 49.4858989715576 49.5067358016968 50.0534372329712 49.4128446578979 49.457953453064 49.6980781555176 49.5883188247681 49.9822483062744 49.7280139923096 49.5280361175537 49.4809951782227 49.2871580123901 49.216103553772 49.4278049468994 49.2999563217163
46.811728477478 47.2316665649414 47.289834022522 47.3530406951904 47.1358737945557 47.2451095581055 47.0449829101562 47.1347160339355 47.2260494232178 47.3258781433105 47.2134046554565 47.2933940887451 47.3901443481445 47.0600595474243 47.4856367111206 47.6598510742188 47.7392177581787 48.1213846206665 48.3217496871948 48.529468536377 48.4701538085938 48.6372585296631 48.6388530731201 48.0677194595337 48.4847221374512 48.3853902816772 48.2538690567017 48.501181602478 48.8458318710327 49.1754417419434 49.1029930114746 48.8790702819824 49.3183717727661 49.2612686157227 49.1047868728638 48.9667205810547 49.0522766113281 49.653226852417 49.6731328964233 49.8503427505493 49.6042985916138 49.4239673614502 49.2442855834961 49.4970750808716 49.5366201400757 49.0659208297729 49.007568359375 48.992338180542 49.4508647918701 49.2291460037231
47.350658416748 47.4706430435181 46.9898519515991 47.3114175796509 47.4050579071045 47.3561019897461 47.1211500167847 47.0604982376099 47.2618103027344 47.2240686416626 47.2882070541382 47.1791839599609 47.3057718276978 47.842885017395 47.8612422943115 47.9902906417847 48.135724067688 47.8845882415771 48.3177146911621 48.4302244186401 48.4328451156616 48.2716073989868 48.1195621490479 48.3096466064453 48.5288963317871 48.4017200469971 48.7043609619141 48.8023195266724 48.9685459136963 48.395884513855 49.244439125061 49.1107378005981 48.7398748397827 48.8892421722412 49.2530956268311 49.3555507659912 49.1984043121338 49.4025297164917 49.7870168685913 50.0887260437012 49.7528867721558 49.4479646682739 49.6281938552856 49.4998064041138 49.1738405227661 49.393009185791 49.586009979248 49.6758365631104 49.2261009216309 49.2907133102417
47.6380834579468 47.4934511184692 47.7262191772461 47.3590936660767 47.3923015594482 47.8057565689087 47.6441507339478 47.5603513717651 47.4857740402222 47.3306140899658 47.3907146453857 47.4018707275391 47.3662986755371 47.5184679031372 48.0909900665283 48.0561580657959 48.1465625762939 47.6321573257446 47.524468421936 47.8930807113647 47.767614364624 47.5918216705322 48.5942258834839 48.6673231124878 48.4615259170532 48.3896951675415 48.5086278915405 48.5745210647583 48.6945314407349 48.6399202346802 48.4330005645752 48.8303937911987 48.9125499725342 48.6772804260254 48.9711351394653 49.1226768493652 48.9465789794922 49.2350387573242 49.5262174606323 49.41344165802 49.0209856033325 49.0707683563232 49.1350393295288 49.2129011154175 49.3678598403931 49.3218612670898 49.374340057373 49.1367206573486 49.082407951355 48.9914102554321
47.8386383056641 47.8316316604614 47.5821084976196 47.6643600463867 47.7933206558228 47.4596214294434 47.109227180481 47.8630628585815 47.5678739547729 47.5056867599487 47.9817905426025 48.0566177368164 47.8417377471924 47.9400520324707 48.3373031616211 48.3072891235352 48.1766119003296 47.5988264083862 47.9997625350952 48.1850643157959 48.6045379638672 48.7759571075439 48.4608144760132 48.5163650512695 48.7390956878662 48.3061819076538 48.6251821517944 48.74671459198 48.6417999267578 48.8987760543823 49.0772294998169 48.9829578399658 49.4129867553711 49.5772905349731 49.0514764785767 49.4950227737427 49.0808973312378 49.1893072128296 49.3648881912231 48.849440574646 48.5786218643188 48.9915657043457 48.7156000137329 48.8999347686768 49.2355928421021 48.9997482299805 48.9290056228638 48.8636150360107 48.3405628204346 48.4282302856445
48.1963424682617 47.8059797286987 47.7203483581543 47.418080329895 47.5528516769409 47.6135597229004 47.5840148925781 47.4424591064453 47.3106288909912 47.4850902557373 47.8233890533447 47.8639039993286 47.6871480941772 48.0853710174561 48.3259344100952 48.2942276000977 48.2684049606323 48.6160650253296 48.0763931274414 48.3555021286011 48.8352565765381 48.4994792938232 49.1024179458618 49.1158924102783 48.9486360549927 48.7402992248535 49.0901679992676 49.4364624023438 49.4104986190796 49.4734325408936 49.3093776702881 49.0687007904053 49.2049036026001 49.1779003143311 49.5385541915894 49.2678651809692 49.4212760925293 49.3185663223267 49.3705530166626 49.1904544830322 48.9928846359253 49.1924524307251 49.1913251876831 48.6731796264648 48.8086071014404 49.3893842697144 49.2036361694336 49.0844507217407 49.2883358001709 49.3494110107422
48.1510152816772 48.28551197052 48.4268655776978 47.9090366363525 48.1527853012085 48.198691368103 47.8463315963745 47.7323246002197 47.8458242416382 47.5491323471069 47.2192268371582 47.3249645233154 47.8288259506226 47.9961814880371 48.1099615097046 48.2819385528564 48.1533126831055 48.4091739654541 48.5331144332886 48.5429410934448 48.1746263504028 48.3766870498657 48.7526054382324 48.9986438751221 48.7716274261475 49.0955238342285 49.3998746871948 49.3554077148438 49.5715551376343 49.3812103271484 49.3469686508179 49.1137371063232 49.3763036727905 49.5362415313721 49.4842796325684 49.6010856628418 49.5854454040527 49.3244295120239 49.2444448471069 49.5436811447144 49.5797386169434 49.7024126052856 49.6757316589355 49.7509441375732 49.5722494125366 49.448992729187 49.2753829956055 49.0924472808838 48.8787021636963 49.1126804351807
48.3171844482422 48.454779624939 48.4243535995483 48.4476823806763 47.9621906280518 47.5962734222412 47.7143058776855 48.0424909591675 48.0942535400391 47.9883966445923 47.6424722671509 47.6084136962891 47.5887117385864 47.6359052658081 48.0895042419434 48.1018505096436 48.493522644043 48.5479221343994 48.6351890563965 48.4113740921021 48.8517599105835 48.5444021224976 48.5862770080566 48.4853868484497 48.5953254699707 48.8859300613403 49.3141241073608 49.0898847579956 49.5709629058838 49.6013422012329 49.445481300354 49.5640630722046 50.0540027618408 49.8448181152344 49.9955358505249 49.9410877227783 49.8700313568115 49.8285388946533 49.6818208694458 49.7701396942139 49.5776853561401 49.5223960876465 49.6801233291626 49.5398483276367 49.0895557403564 49.392783164978 49.8306798934937 49.5841369628906 49.6860227584839 49.5623893737793
48.5479164123535 48.3907442092896 48.2300119400024 48.2188777923584 48.0413904190063 47.7541675567627 47.8101577758789 47.9934568405151 47.7709703445435 47.8789520263672 47.6619329452515 47.2075786590576 47.4019079208374 47.4518985748291 47.775993347168 48.1653051376343 48.1979951858521 48.2588214874268 48.4674158096313 48.1596078872681 47.945972442627 48.3399953842163 48.6796836853027 48.467004776001 48.8007860183716 49.0595617294312 49.1910123825073 49.5094470977783 49.7778367996216 49.9156675338745 49.6675815582275 49.8150606155396 49.7761907577515 49.7109222412109 49.6557855606079 49.7673559188843 49.9667263031006 49.8051319122314 49.6918678283691 49.4806814193726 49.3585271835327 49.7281150817871 49.6103525161743 49.3084774017334 49.1743783950806 49.0695247650146 48.8852920532227 49.1284990310669 49.0578117370605 49.3272352218628
49.0007696151733 48.9226894378662 48.7997436523438 48.2938022613525 47.9844303131104 47.7315292358398 47.6972494125366 48.2168712615967 47.9600629806519 47.9639501571655 47.705885887146 47.6227293014526 48.4286527633667 48.3480024337769 48.3427867889404 48.0196056365967 48.7288942337036 48.7788276672363 48.6648216247559 48.5136804580688 48.2799425125122 48.6807260513306 48.771372795105 48.7186708450317 48.8969869613647 48.7662134170532 48.7777614593506 49.1948804855347 49.3908681869507 49.4679155349731 49.7577419281006 49.6797294616699 49.959493637085 49.6327295303345 49.4925479888916 49.3964538574219 49.679497718811 49.7422151565552 49.7094955444336 49.4387540817261 49.5476875305176 49.6092386245728 49.2290477752686 49.4917106628418 48.9982786178589 48.9751081466675 48.9428701400757 48.7286911010742 48.7562770843506 48.8654823303223
48.9566307067871 49.3571472167969 49.2947044372559 49.2102584838867 48.4602994918823 48.6830377578735 48.3426895141602 48.5376930236816 48.2671375274658 48.1885766983032 48.3739414215088 48.2245903015137 48.1664152145386 48.1341485977173 48.1022891998291 47.8068714141846 48.2100715637207 48.6912860870361 48.3952703475952 48.8899192810059 48.7686033248901 49.0262298583984 48.8538770675659 48.6655311584473 48.7126207351685 48.7864627838135 49.2700138092041 49.2265920639038 49.4620323181152 49.6206045150757 49.7985858917236 49.705189704895 49.88489818573 49.7713623046875 50.1975402832031 49.6126718521118 49.6618061065674 49.6171503067017 49.448070526123 49.0639457702637 49.9832735061646 49.6902360916138 49.1942071914673 49.461085319519 49.3124313354492 48.9409914016724 49.3997583389282 48.7310600280762 48.8533563613892 48.5726318359375
49.1924514770508 48.8012685775757 48.544020652771 48.2780904769897 48.8490428924561 48.6874475479126 48.3310451507568 48.1686143875122 48.7066202163696 48.3352813720703 47.8678665161133 48.0440473556519 48.0329751968384 47.908447265625 48.3111085891724 48.0863704681396 48.2412567138672 48.0734033584595 48.6774940490723 48.8100957870483 48.8977861404419 48.6423816680908 48.3198175430298 47.9424171447754 48.6937894821167 48.8971490859985 49.3322811126709 49.0533657073975 49.4440259933472 49.4589176177979 49.2510938644409 49.5259666442871 49.5346517562866 49.2192029953003 49.6161231994629 49.711784362793 49.8025016784668 49.7388896942139 49.7662868499756 49.7493505477905 49.4916019439697 49.7003917694092 49.4709434509277 49.1946229934692 49.0698747634888 49.2119426727295 48.4050254821777 48.3970565795898 47.7609806060791 47.7422981262207
49.0756788253784 48.6597995758057 48.6216144561768 48.7575197219849 48.4233551025391 48.5189924240112 48.5214967727661 48.476001739502 48.6780252456665 48.8020153045654 48.377197265625 48.3235082626343 48.1035709381104 48.338041305542 48.3078947067261 48.3738641738892 48.4645223617554 48.8348245620728 48.4290447235107 48.8580045700073 48.9023389816284 48.5754480361938 48.6084632873535 48.6370840072632 49.1079187393188 49.4151420593262 49.3464326858521 49.2865219116211 49.069673538208 49.4753351211548 49.1382255554199 49.1268796920776 49.598388671875 49.6341962814331 49.5046825408936 49.7072763442993 50.0152406692505 50.2240734100342 49.569561958313 50.2262411117554 49.9983854293823 49.4714651107788 49.8087282180786 49.7649803161621 49.5268154144287 49.3463296890259 49.2976131439209 49.0059261322021 49.1197834014893 49.0983610153198
48.5651092529297 48.5497941970825 48.6145057678223 48.4590120315552 48.1876287460327 48.4813508987427 48.455864906311 48.4504899978638 48.3571519851685 48.5406503677368 48.3641443252563 48.4488983154297 48.309720993042 48.0925283432007 48.1632461547852 48.2254600524902 48.3819913864136 48.527117729187 48.5885324478149 48.5963563919067 48.6268634796143 48.9311542510986 48.8183860778809 48.9023208618164 49.3363990783691 49.237325668335 49.2912998199463 49.1237277984619 49.4657125473022 49.1249561309814 48.8206481933594 49.3000106811523 49.4335689544678 49.2322998046875 49.6139688491821 49.6554832458496 49.5745553970337 49.8941679000854 50.0509853363037 50.0835657119751 49.9688329696655 49.9459753036499 50.0453338623047 49.942006111145 49.7513065338135 49.8644123077393 49.5423593521118 49.2048215866089 49.2816715240479 48.7172775268555
48.9300403594971 48.692063331604 48.2187032699585 47.603045463562 47.6639785766602 48.3077096939087 48.512843132019 48.3177337646484 48.2844333648682 48.4227161407471 48.3849029541016 48.5015640258789 48.119348526001 48.130955696106 48.5680818557739 48.3321113586426 48.6332883834839 48.446177482605 48.5215787887573 48.7274942398071 48.7992267608643 48.9350490570068 48.8413286209106 49.1564693450928 49.1558599472046 49.4563045501709 49.3316354751587 49.2268362045288 49.159571647644 49.0570602416992 48.9552211761475 48.8852338790894 49.2186460494995 48.8788032531738 49.0570802688599 49.3710355758667 49.509162902832 49.7692308425903 49.6707258224487 49.6497850418091 49.4998350143433 49.6444616317749 50.0190296173096 49.8305006027222 49.9956636428833 49.7612247467041 48.9170398712158 49.2700109481812 49.1678009033203 49.1586542129517
48.7653398513794 48.9519691467285 48.5682029724121 48.1037425994873 48.3260955810547 48.4849252700806 47.8193159103394 48.2829666137695 48.2916946411133 48.6300926208496 48.5293188095093 48.4308099746704 48.5352230072021 48.6265926361084 48.6593236923218 48.873514175415 48.2904767990112 47.9547815322876 48.4752750396729 48.855429649353 49.0743579864502 49.1650247573853 48.960054397583 49.3809251785278 49.0612697601318 48.8789577484131 49.3811264038086 48.761607170105 49.0192565917969 49.0921411514282 48.9876527786255 48.3440227508545 49.0188722610474 49.2843475341797 49.5276622772217 49.8059301376343 50.0005130767822 49.9706745147705 49.8989315032959 49.7477760314941 49.7589797973633 49.7797346115112 49.761176109314 50.210901260376 49.5017490386963 49.407244682312 49.0897731781006 48.7166833877563 48.9554929733276 49.4418687820435
48.5283422470093 48.4820499420166 48.3328514099121 48.5420389175415 48.5182018280029 48.1991472244263 48.2410297393799 48.8366765975952 49.04749584198 48.6590156555176 48.7108478546143 48.6692295074463 48.2848424911499 48.5624208450317 48.8102283477783 48.963095664978 48.7478370666504 48.3750705718994 48.3464670181274 48.7084903717041 49.0349035263062 49.0225210189819 48.9835224151611 49.0450811386108 49.1522531509399 49.2289361953735 49.0430679321289 48.7920331954956 49.3918352127075 49.13538646698 48.7320423126221 48.9132852554321 49.0737991333008 49.3170433044434 49.9621047973633 49.8783092498779 49.5331335067749 49.4305906295776 49.9147367477417 49.8924741744995 49.669340133667 49.4031867980957 49.9462099075317 49.6139326095581 49.5433712005615 49.5859003067017 49.7985429763794 49.0045757293701 48.8788509368896 48.955662727356
48.175835609436 48.433406829834 48.809739112854 48.6738204956055 48.331205368042 48.6768674850464 48.5219202041626 48.3789930343628 48.6187696456909 48.6869039535522 49.0272846221924 48.8399639129639 49.2525787353516 48.975682258606 49.2701454162598 49.7195167541504 49.1283187866211 49.0491094589233 49.1118211746216 49.0459117889404 49.0691175460815 49.2866458892822 49.1218671798706 49.0932350158691 49.1754293441772 49.1564388275146 48.615083694458 48.9013328552246 49.3392448425293 49.1545324325562 49.4854469299316 49.3248071670532 48.999041557312 49.4385824203491 49.2195415496826 49.5261688232422 49.5776834487915 49.5952224731445 49.7260675430298 49.6951370239258 49.9092502593994 49.7062435150146 49.8758277893066 49.7595710754395 49.6087532043457 49.2402639389038 49.5180778503418 49.393835067749 49.53697681427 48.8436727523804
48.4152193069458 48.6413660049438 48.2684183120728 48.3786878585815 48.5651245117188 48.5368747711182 48.2507514953613 48.2419805526733 48.5026140213013 48.7156362533569 48.65807056427 48.9122581481934 48.7933549880981 49.1150903701782 49.2376642227173 49.6194858551025 49.222617149353 49.299976348877 49.1728363037109 49.0082368850708 48.949854850769 49.1461563110352 48.9229984283447 49.0952253341675 49.0994472503662 49.4280366897583 49.124701499939 49.3752489089966 49.1842975616455 49.4324731826782 49.3678541183472 49.3837490081787 49.3664226531982 49.2156572341919 49.4187679290771 49.2853498458862 49.4154357910156 49.9849987030029 49.6873979568481 49.5559349060059 49.3417301177979 49.61536693573 49.5390129089355 49.2284774780273 48.974967956543 49.0676527023315 48.8457679748535 49.2013654708862 48.9422407150269 49.4272432327271
