data/spatiotemp/temp1/bio11_norsw_test_2003_2006.asc
NCOLS 654 
NROWS 380 
XLLCORNER 3.91666666666667 
YLLCORNER 55.3333333333333 
CELLSIZE 0.0416666666666666 
NODATA_value -9999 
[rows 330 to 351 of 380, columns 480 to 527 of 654]
-9999 -9999 -9999 -9999 -9999 -9999 -9999 -9999 -9999 -9999 -9999 -4.53573977947235 -4.72087860107422 -4.95129066705704 -5.06503593921661 -5.12611436843872 -5.2118593454361 -5.33827114105225 -5.41534984111786 -5.48776173591614 -5.56107890605927 -5.64202153682709 -5.65116548538208 -5.63180959224701 -5.62428677082062 -5.64426410198212 -5.69657468795776 -5.71505212783813 -5.62786293029785 -5.57817363739014 -5.5993857383728 -5.59114563465118 -5.53721880912781 -5.52893888950348 -5.47665917873383 -5.43237936496735 -5.55209934711456 -5.60515260696411 -5.65820622444153 -5.6832594871521 -5.6779066324234 -5.72496092319489 -5.80568110942841 -5.88673496246338 -5.90756273269653 -5.92459857463837 -5.88436162471771 -5.81812477111816
-9999 -9999 -9999 -9999 -9999 -9999 -9999 -9999 -9999 -9999 -9999 -4.46379590034485 -4.61506217718124 -4.85149544477463 -5.01926159858704 -5.05636155605316 -5.16146123409271 -5.30056071281433 -5.39299404621124 -5.48276031017303 -5.52792346477509 -5.5793240070343 -5.59648442268372 -5.58297801017761 -5.57797193527222 -5.58679890632629 -5.59862577915192 -5.58828628063202 -5.5307799577713 -5.45391929149628 -5.3983747959137 -5.34883010387421 -5.34221518039703 -5.35519659519196 -5.37151098251343 -5.39315903186798 -5.4924738407135 -5.54612183570862 -5.63243639469147 -5.71106886863708 -5.73558807373047 -5.82310688495636 -5.97062647342682 -6.03439283370972 -6.08038711547852 -6.0550684928894 -6.04841649532318 -5.99376428127289
-9999 -9999 -9999 -9999 -9999 -9999 -9999 -9999 -9999 -9999 -9999 -4.33079147338867 -4.48591220378876 -4.74836665391922 -4.95482105016708 -5.03594183921814 -5.13639605045319 -5.27551698684692 -5.37197124958038 -5.42975902557373 -5.43010115623474 -5.44062650203705 -5.50113642215729 -5.4953134059906 -5.45882332324982 -5.46383333206177 -5.44675934314728 -5.41702044010162 -5.39106154441833 -5.33921253681183 -5.31269693374634 -5.31351470947266 -5.40121138095856 -5.48278725147247 -5.49536323547363 -5.4879390001297 -5.59384822845459 -5.73248171806335 -5.83229970932007 -5.92878425121307 -5.96143567562103 -6.01892042160034 -6.09273838996887 -6.1823171377182 -6.22393870353699 -6.18687152862549 -6.15447115898132 -6.13807058334351
-9999 -9999 -9999 -9999 -9999 -9999 -9999 -9999 -9999 -9999 -9999 -4.34112024307251 -4.45476245880127 -4.69923782348633 -4.90771335363388 -5.02418887615204 -5.10999774932861 -5.18513989448547 -5.28361546993256 -5.32742416858673 -5.39123547077179 -5.40242862701416 -5.41978847980499 -5.38848149776459 -5.31534147262573 -5.31878590583801 -5.31363272666931 -5.30314612388611 -5.28399264812469 -5.26017284393311 -5.2980192899704 -5.43419933319092 -5.55054128170013 -5.59737813472748 -5.58454823493958 -5.67971885204315 -5.78231608867645 -5.88576638698578 -6.006383061409 -6.12149977684021 -6.1521167755127 -6.19473361968994 -6.22101700305939 -6.30357491970062 -6.35149037837982 -6.35534167289734 -6.31452596187592 -6.25171041488647
-9999 -9999 -9999 -9999 -9999 -9999 -9999 -9999 -9999 -9999 -4.37339943647385 -4.44872123003006 -4.546850502491 -4.70824259519577 -4.8983011841774 -5.01075845956802 -5.07141661643982 -5.11657464504242 -5.19339942932129 -5.25455760955811 -5.35893559455872 -5.39953362941742 -5.37896490097046 -5.23272979259491 -5.30947184562683 -5.35703456401825 -5.38059711456299 -5.43315994739532 -5.40438950061798 -5.35928535461426 -5.41184818744659 -5.50407743453979 -5.5416773557663 -5.61798107624054 -5.71195185184479 -5.77658879756927 -5.84319245815277 -5.88555455207825 -5.96391642093658 -6.13811194896698 -6.2569739818573 -6.26933574676514 -6.22953128814697 -6.25505971908569 -6.32216095924377 -6.38122367858887 -6.39961957931519 -6.3533490896225
-9999 -9999 -9999 -9999 -9999 -9999 -9999 -9999 -9999 -4.22708195447922 -4.34443432092667 -4.51163858175278 -4.61950957775116 -4.72338032722473 -4.84591805934906 -4.95603251457214 -5.03710412979126 -5.06967544555664 -5.11708009243011 -5.19015181064606 -5.27271640300751 -5.30210793018341 -5.2601660490036 -5.25542223453522 -5.43372142314911 -5.51702046394348 -5.55431973934174 -5.54395234584808 -5.50658476352692 -5.46521735191345 -5.50318324565887 -5.57481563091278 -5.63128674030304 -5.66059648990631 -5.69690608978271 -5.71821546554565 -5.77819192409515 -5.9090131521225 -6.00506663322449 -6.10378682613373 -6.27700710296631 -6.30806064605713 -6.20711421966553 -6.20350110530853 -6.26050925254822 -6.35118496417999 -6.39041924476624 -6.36698722839355
-9999 -9999 -9999 -9999 -9999 -9999 -9999 -4.08286100625992 -4.12003964185715 -4.26178628206253 -4.40080255270004 -4.52048581838608 -4.63816875219345 -4.74617004394531 -4.7991549372673 -4.84030646085739 -4.89295792579651 -4.94744294881821 -5.01426100730896 -5.0599125623703 -5.0906640291214 -5.1510157585144 -5.33486747741699 -5.43693506717682 -5.4916375875473 -5.51867306232452 -5.52604222297668 -5.51041114330292 -5.4844468832016 -5.52581584453583 -5.62618494033813 -5.69388723373413 -5.74722969532013 -5.78849136829376 -5.80152702331543 -5.79617547988892 -5.79982423782349 -5.91130495071411 -6.00738370418549 -6.08412861824036 -6.1792072057724 -6.27178549766541 -6.3053640127182 -6.28527569770813 -6.31828880310059 -6.41273677349091 -6.46055209636688 -6.48595821857452
-9999 -9999 -9999 -9999 -9999 -3.93155002593994 -4.0344118475914 -4.126713514328 -4.21884703636169 -4.31300890445709 -4.41050416231155 -4.50815439224243 -4.59121918678284 -4.64311736822128 -4.69368225336075 -4.76324731111526 -4.84597879648209 -4.90871036052704 -4.98727524280548 -5.05634033679962 -5.09461176395416 -5.22775661945343 -5.39740169048309 -5.45704662799835 -5.49188673496246 -5.488325715065 -5.50076460838318 -5.49653685092926 -5.50864231586456 -5.59241437911987 -5.63451981544495 -5.68762528896332 -5.77441394329071 -5.86801719665527 -5.88495397567749 -5.91605722904205 -5.92282712459564 -6.00026381015778 -6.05953371524811 -6.0641371011734 -6.15574061870575 -6.28851056098938 -6.36778020858765 -6.3420501947403 -6.35819637775421 -6.49577391147614 -6.53668510913849 -6.55892944335938
-9999 -9999 -3.52137595415115 -3.5884353518486 -3.79123628139496 -3.90165191888809 -4.03363287448883 -4.16294711828232 -4.2455912232399 -4.31623184680939 -4.40553897619247 -4.46844148635864 -4.52391988039017 -4.58073127269745 -4.62987643480301 -4.72368788719177 -4.84166616201401 -4.8743109703064 -4.93128943443298 -4.9797677397728 -5.03239262104034 -5.15349781513214 -5.35326957702637 -5.42887449264526 -5.45113623142242 -5.44631159305573 -5.45615375041962 -5.5179957151413 -5.52517092227936 -5.5413464307785 -5.59752178192139 -5.67669713497162 -5.76391470432281 -5.86120975017548 -5.9041713476181 -5.91313278675079 -5.93792748451233 -5.97755587100983 -6.0491840839386 -6.11047863960266 -6.19010674953461 -6.24490177631378 -6.32219660282135 -6.37465822696686 -6.40434765815735 -6.47959864139557 -6.55951631069183 -6.551234126091
-3.65209138393402 -3.68879300355911 -3.64589929580688 -3.58242225646973 -3.63161170482635 -3.81346815824509 -3.88665777444839 -4.07918059825897 -4.18500185012817 -4.27345460653305 -4.3805741071701 -4.42672836780548 -4.4672868847847 -4.53351205587387 -4.60973691940308 -4.70096200704575 -4.79202026128769 -4.84541189670563 -4.86730355024338 -4.90019530057907 -4.96550703048706 -5.08473885059357 -5.24322843551636 -5.3381404876709 -5.36371898651123 -5.38063085079193 -5.38987612724304 -5.41445469856262 -5.45069980621338 -5.48061168193817 -5.54519009590149 -5.6391019821167 -5.72939085960388 -5.79505670070648 -5.85505652427673 -5.86872243881226 -5.9440553188324 -5.9963880777359 -6.02866744995117 -6.04172003269196 -6.05471968650818 -6.13195991516113 -6.23861300945282 -6.3342661857605 -6.37329375743866 -6.37119603157043 -6.42693161964417 -6.42966735363007
-3.67329239845276 -3.71969097852707 -3.67475599050522 -3.56448763608932 -3.49955254793167 -3.6904171705246 -3.79899609088898 -3.96257507801056 -4.10707932710648 -4.23201066255569 -4.29160887002945 -4.35634899139404 -4.4144874215126 -4.48129242658615 -4.55376416444778 -4.64973598718643 -4.72820770740509 -4.78017950057983 -4.83098435401917 -4.858289539814 -4.91728806495667 -4.97097992897034 -5.08933842182159 -5.23565340042114 -5.28330147266388 -5.29461681842804 -5.32626521587372 -5.33591341972351 -5.33722841739655 -5.38687682151794 -5.43385863304138 -5.51584005355835 -5.62933361530304 -5.66400527954102 -5.70634400844574 -5.74601602554321 -5.81968784332275 -5.88402616977692 -5.9656982421875 -6.00636994838715 -6.01450681686401 -6.06868469715118 -6.14936280250549 -6.16404092311859 -6.19773995876312 -6.17762696743011 -6.20784723758698 -6.23123443126678
-3.70793122053146 -3.71671205759048 -3.65532636642456 -3.58260732889175 -3.52755492925644 -3.62650263309479 -3.73178344964981 -3.93189769983292 -4.08048093318939 -4.19053262472153 -4.25641769170761 -4.31230288743973 -4.34402132034302 -4.41740620136261 -4.5196248292923 -4.62717664241791 -4.72722834348679 -4.79428017139435 -4.81233191490173 -4.82071709632874 -4.87467843294144 -4.90339654684067 -5.01544809341431 -5.16083288192749 -5.2298846244812 -5.21260249614716 -5.24265420436859 -5.29570579528809 -5.28542375564575 -5.31714189052582 -5.34019351005554 -5.35757839679718 -5.45427632331848 -5.57162070274353 -5.63496506214142 -5.61630940437317 -5.68832039833069 -5.81633114814758 -5.87134253978729 -5.9090039730072 -5.96304023265839 -6.01090955734253 -6.07777917385101 -6.10281538963318 -6.12635266780853 -6.12005770206451 -6.14159607887268 -6.17130148410797
-3.79000651836395 -3.83398950099945 -3.82063907384872 -3.76928865909576 -3.75460493564606 -3.80758780241013 -3.83390420675278 -3.9502204656601 -4.07769441604614 -4.19782620668411 -4.29312467575073 -4.35825669765472 -4.38105499744415 -4.4518535733223 -4.5441523194313 -4.60645067691803 -4.67274934053421 -4.6917142868042 -4.70167946815491 -4.74981123209 -4.7919819355011 -4.86810314655304 -4.97355777025223 -5.08134579658508 -5.14180064201355 -5.1515885591507 -5.19537663459778 -5.26116454601288 -5.27195262908936 -5.27574062347412 -5.29686188697815 -5.32365012168884 -5.38555228710175 -5.51223587989807 -5.57325255870819 -5.5862694978714 -5.62961935997009 -5.7163028717041 -5.74831974506378 -5.80433678627014 -5.89501976966858 -5.93670356273651 -5.98802888393402 -6.0002566576004 -6.03596532344818 -6.10232198238373 -6.15651190280914 -6.18403506278992
-3.86074876785278 -3.90376698970795 -3.90778517723083 -3.9051365852356 -3.90548831224442 -3.93017315864563 -3.94769144058228 -3.95487636327744 -4.01531130075455 -4.07501232624054 -4.18271380662918 -4.2817103266716 -4.36858910322189 -4.46363425254822 -4.52767944335938 -4.57105797529221 -4.58060318231583 -4.58698189258575 -4.62602686882019 -4.67273890972137 -4.67779749631882 -4.70914316177368 -4.81933426856995 -4.94285887479782 -5.00971662998199 -5.02457457780838 -5.11109900474548 -5.18829023838043 -5.22281467914581 -5.21033918857574 -5.23886358737946 -5.27972161769867 -5.32682836055756 -5.3945175409317 -5.43354034423828 -5.45256292819977 -5.50858557224274 -5.59660804271698 -5.62363028526306 -5.68365287780762 -5.78300905227661 -5.86836493015289 -5.94161176681519 -5.96486437320709 -5.99741148948669 -6.03808629512787 -6.12026071548462 -6.15626883506775
-3.88532412052155 -3.9137110710144 -3.89776456356049 -3.88248491287231 -3.91003841161728 -3.96675860881805 -4.01664531230927 -4.05636578798294 -4.09138882160187 -4.14423543214798 -4.21974861621857 -4.28533101081848 -4.34462285041809 -4.39324808120728 -4.42170679569244 -4.41999870538712 -4.41729044914246 -4.48208266496658 -4.58637446165085 -4.66766649484634 -4.70241171121597 -4.73818302154541 -4.81177735328674 -4.88403850793839 -4.87929946184158 -4.91022700071335 -5.02848815917969 -5.0877491235733 -5.11534333229065 -5.16193771362305 -5.15886533260345 -5.16179311275482 -5.21143782138824 -5.25746607780457 -5.31582796573639 -5.3895229101181 -5.46721804141998 -5.53457963466644 -5.57627475261688 -5.64563620090485 -5.70699799060822 -5.80169296264648 -5.87838816642761 -5.90408289432526 -5.96519088745117 -5.97951698303223 -6.008509516716 -6.00500249862671
-3.85264402627945 -3.91637986898422 -3.92441064119339 -3.90433293581009 -3.92358845472336 -3.97184371948242 -4.02159929275513 -4.08718812465668 -4.16766875982285 -4.21887391805649 -4.24257946014404 -4.26011794805527 -4.29882341623306 -4.33436197042465 -4.34223401546478 -4.36760586500168 -4.37314456701279 -4.42318344116211 -4.52722179889679 -4.62392735481262 -4.71285933256149 -4.79788959026337 -4.81522053480148 -4.82788467407227 -4.83321535587311 -4.884212911129 -4.97821044921875 -5.02054142951965 -5.05553877353668 -5.0702029466629 -5.0432003736496 -5.0561980009079 -5.10104727745056 -5.12374782562256 -5.1801153421402 -5.24381613731384 -5.31885051727295 -5.40855121612549 -5.46858537197113 -5.53261959552765 -5.57798707485199 -5.65802133083344 -5.76038873195648 -5.82508957386017 -5.84477519989014 -5.81144559383392 -5.81311619281769 -5.80178666114807
-3.7903009057045 -3.85032802820206 -3.87618833780289 -3.89271539449692 -3.89307564496994 -3.90993595123291 -3.97062957286835 -4.07698994874954 -4.13640290498734 -4.19620186090469 -4.20816713571548 -4.20429933071136 -4.21193128824234 -4.25589692592621 -4.29252898693085 -4.31832772493362 -4.36595982313156 -4.40042549371719 -4.43039101362228 -4.4839796423912 -4.58660411834717 -4.70109021663666 -4.70024299621582 -4.75272917747498 -4.82954847812653 -4.86436814069748 -4.90352064371109 -4.96234029531479 -5.007493019104 -5.01931250095367 -4.96513193845749 -4.956951379776 -5.02357578277588 -5.03700482845306 -5.10743415355682 -5.15386343002319 -5.20695912837982 -5.30305516719818 -5.36381769180298 -5.38058042526245 -5.37900936603546 -5.42510521411896 -5.52753460407257 -5.64629697799683 -5.63330006599426 -5.57487714290619 -5.52178740501404 -5.54803109169006
-3.77519446611404 -3.7808957695961 -3.79993063211441 -3.80413192510605 -3.808833360672 -3.85420143604279 -3.95156943798065 -4.06243741512299 -4.10349118709564 -4.10256344079971 -4.14163583517075 -4.16004139184952 -4.16678041219711 -4.24001932144165 -4.29575836658478 -4.33016401529312 -4.35691726207733 -4.42118674516678 -4.44512313604355 -4.45605933666229 -4.53639113903046 -4.60611790418625 -4.61751145124435 -4.64057177305222 -4.74829852581024 -4.77002537250519 -4.7840855717659 -4.83614575862885 -4.91487258672714 -4.96293294429779 -4.95132637023926 -4.9567197561264 -5.00702345371246 -5.03323698043823 -5.0997838973999 -5.15999746322632 -5.19521105289459 -5.22675788402557 -5.23930466175079 -5.24418497085571 -5.22239851951599 -5.29794526100159 -5.39382553100586 -5.41837251186371 -5.39760863780975 -5.38120067119598 -5.37845933437347 -5.40138459205627
-3.84858804941177 -3.86146372556686 -3.81350612640381 -3.81304866075516 -3.85109120607376 -3.91213351488113 -3.97834253311157 -4.05655169487 -4.08507931232452 -4.03375834226608 -4.05027091503143 -4.09528350830078 -4.14696276187897 -4.2504751086235 -4.3089228272438 -4.35536634922028 -4.41014295816422 -4.47591960430145 -4.48536270856857 -4.53247272968292 -4.55284482240677 -4.53947913646698 -4.55311340093613 -4.53074759244919 -4.56304854154587 -4.62768286466599 -4.65398371219635 -4.70695143938065 -4.77625221014023 -4.84921991825104 -4.90652084350586 -4.92348837852478 -4.95780450105667 -5.00446903705597 -5.04080033302307 -5.06479811668396 -5.08979606628418 -5.14179396629333 -5.16345846652985 -5.1767897605896 -5.21112072467804 -5.31378555297852 -5.41645002365112 -5.40944790840149 -5.41991698741913 -5.42319083213806 -5.39646446704865 -5.38973832130432
-3.8699814081192 -3.86736512184143 -3.83524841070175 -3.86729866266251 -3.92684882879257 -3.95839899778366 -3.99728244543076 -4.03916603326797 -4.03216737508774 -4.01328670978546 -4.04690605401993 -4.11769247055054 -4.18214493989944 -4.24376434087753 -4.30713474750519 -4.36708503961563 -4.41703522205353 -4.42565214633942 -4.45760244131088 -4.5285524725914 -4.5322984457016 -4.47750687599182 -4.47304856777191 -4.47359031438828 -4.44813197851181 -4.48367345333099 -4.52388173341751 -4.55709022283554 -4.57729858160019 -4.61984020471573 -4.6900486946106 -4.77992367744446 -4.85025227069855 -4.95870113372803 -5.04581665992737 -5.07226574420929 -5.08538115024567 -5.1048299074173 -5.14694571495056 -5.20239436626434 -5.22417664527893 -5.27762544155121 -5.33207452297211 -5.30485665798187 -5.28389203548431 -5.29384744167328 -5.32613623142242 -5.38042509555817
-3.87070846557617 -3.86126637458801 -3.87132400274277 -3.88671517372131 -3.91643971204758 -3.93683105707169 -3.98922222852707 -4.00728005170822 -3.99042218923569 -4.00981503725052 -4.07854145765305 -4.11293441057205 -4.1503272652626 -4.22038686275482 -4.27344632148743 -4.34567266702652 -4.35626089572906 -4.36871808767319 -4.42584192752838 -4.52529913187027 -4.50841879844666 -4.46486794948578 -4.46465045213699 -4.45309948921204 -4.46254855394363 -4.46733099222183 -4.47844690084457 -4.47722905874252 -4.51134485006332 -4.57012736797333 -4.65024304389954 -4.71802538633347 -4.83803349733353 -4.96293312311172 -5.05883300304413 -5.04606628417969 -5.05396616458893 -5.07719957828522 -5.12409937381744 -5.15366578102112 -5.19823253154755 -5.26946556568146 -5.27636563777924 -5.24993205070496 -5.24120056629181 -5.25950443744659 -5.30380821228027 -5.37544524669647
-3.87126857042313 -3.87750083208084 -3.8922330737114 -3.90463197231293 -3.89686417579651 -3.89109647274017 -3.96016210317612 -3.97272771596909 -3.94501036405563 -3.96284335851669 -4.01001000404358 -4.0468430519104 -4.0651763677597 -4.12150943279266 -4.20950931310654 -4.29817545413971 -4.32434207201004 -4.35811746120453 -4.43208158016205 -4.52004563808441 -4.49087262153625 -4.42089587450027 -4.35258567333221 -4.33627551794052 -4.39396518468857 -4.4056550860405 -4.41534489393234 -4.46970129013062 -4.52605789899826 -4.59108114242554 -4.69943732023239 -4.80779403448105 -4.79948103427887 -4.84616523981094 -4.90084946155548 -4.95920026302338 -5.03388452529907 -5.11123538017273 -5.14258635044098 -5.1616039276123 -5.18195486068726 -5.1769722700119 -5.16798996925354 -5.17967438697815 -5.2058424949646 -5.20082795619965 -5.18048012256622 -5.2557989358902
