data/spatiotemp/temp1/bio17_norsw_test_2003_2006.asc
NCOLS 654 
NROWS 380 
XLLCORNER 3.91666666666667 
YLLCORNER 55.3333333333333 
CELLSIZE 0.0416666666666666 
NODATA_value -9999 
[rows 22 to 43 of 380, columns 500 to 549 of 654]
93.5007476806641 90.448637008667 87.9870491027832 85.3822135925293 78.0775756835938 75.7839775085449 70.3595132827759 -9999 68.8059329986572 69.348687171936 68.8442420959473 71.8935031890869 73.425853729248 -9999 -9999 81.7239303588867 84.8951797485352 86.7328205108643 89.3038520812988 92.077507019043 92.6296005249023 92.6247825622559 96.8994827270508 97.1822109222412 96.4622459411621 92.5390453338623 87.3161792755127 87.252254486084 87.9716510772705 85.6478424072266 87.0604782104492 88.5190887451172 86.9326286315918 84.7329483032227 83.6870670318604 84.03737449646 83.9629764556885 83.8917579650879 83.8205413818359 82.988862991333 82.5830173492432 81.5388298034668 81.0679035186768 81.091381072998 79.2870121002197 78.6207866668701 77.6519565582275 77.5852165222168 75.7098808288574 74.655574798584
89.3829250335693 85.9913311004639 82.6818408966064 80.2332954406738 76.1960849761963 -9999 69.057445526123 -9999 70.5841112136841 -9999 -9999 -9999 74.3259544372559 80.5662384033203 88.7851219177246 91.1891613006592 91.876522064209 90.3231067657471 90.2830848693848 94.2102184295654 93.9082584381104 91.6794357299805 94.898609161377 93.9033317565918 92.5569286346436 89.7467823028564 86.8774375915527 88.6252136230469 91.8091068267822 89.8060874938965 88.4012432098389 85.1012744903564 85.0291500091553 81.8280334472656 85.3498630523682 85.252233505249 83.8184547424316 86.3762302398682 87.5907955169678 86.2063293457031 84.4532623291016 84.7057361602783 84.6231708526611 80.6185646057129 79.8680820465088 80.1238250732422 81.0056686401367 79.9644336700439 74.9545669555664 72.6356868743896
79.5511169433594 81.2808532714844 82.7836227416992 79.0615825653076 72.7783432006836 71.5182304382324 76.9693069458008 74.6859683990479 72.1679000854492 72.9470052719116 -9999 72.4921817779541 81.8254566192627 88.7529640197754 91.6029739379883 94.2665138244629 95.1962375640869 92.4527816772461 89.9593276977539 91.5552291870117 92.6431121826172 92.2977924346924 93.7714347839355 92.3326187133789 91.0582256317139 88.4181442260742 85.0830955505371 88.0963459014893 90.6386413574219 91.4830207824707 87.7445297241211 84.6451320648193 87.5099811553955 84.7512435913086 85.551383972168 88.4043388366699 87.3855628967285 85.5676345825195 84.2310886383057 86.6651744842529 86.2328701019287 83.8552722930908 82.4727745056152 80.1972999572754 78.4518337249756 79.6805629730225 80.539831161499 81.3975238800049 76.4293327331543 72.3004245758057
89.2911033630371 91.0153770446777 91.9277992248535 85.0534591674805 75.3654136657715 77.4805660247803 79.5054359436035 76.997350692749 74.4440765380859 -9999 72.1263990402222 81.1211185455322 89.072437286377 89.0920276641846 89.0500240325928 88.7566566467285 92.2581024169922 93.159948348999 90.8199577331543 90.4973564147949 88.0380916595459 87.7159023284912 86.6971626281738 84.6820316314697 83.6501808166504 86.2464962005615 88.980152130127 89.1752834320068 88.0780506134033 85.2949352264404 83.1063194274902 83.9334335327148 82.8470840454102 83.4831275939941 84.6402435302734 85.7504901885986 86.5799179077148 86.4705257415771 86.3611373901367 87.1983032226562 84.817720413208 83.4311428070068 84.2682189941406 81.5661582946777 80.1862125396729 79.7479438781738 79.6452693939209 76.9614353179932 74.6804466247559 73.2508354187012
90.9733486175537 93.9319953918457 92.9218826293945 83.948263168335 77.3315849304199 74.708890914917 75.0193843841553 75.1285495758057 75.522762298584 75.30002784729 77.9215850830078 85.1807956695557 85.1382656097412 87.3677959442139 90.8438854217529 92.5046081542969 92.142147064209 91.1222991943359 90.2947540283203 89.6621246337891 87.6243724822998 86.1661682128906 83.3970813751221 80.9166984558105 81.3911952972412 84.8760414123535 86.4550724029541 88.5175762176514 86.6399784088135 84.2832050323486 81.9345436096191 81.3562660217285 82.8898067474365 84.0244007110596 86.0608291625977 87.9539031982422 90.9343605041504 89.8651161193848 85.5290412902832 81.5387420654297 80.5329055786133 80.4189395904541 79.9694557189941 76.0079936981201 75.5635986328125 75.4548034667969 74.0395984649658 73.9331340789795 73.8106117248535 71.5460109710693
89.9733047485352 85.9617366790771 86.2561416625977 81.7423305511475 75.3222789764404 75.4637069702148 77.9637203216553 77.9796848297119 76.1173305511475 77.3079471588135 79.7825794219971 81.7368030548096 88.1007022857666 90.7687549591064 88.807487487793 87.4617366790771 85.69162940979 86.145435333252 85.5569553375244 85.1979522705078 85.1429176330566 82.8644046783447 79.6668567657471 81.985897064209 82.9791564941406 82.0482273101807 82.6576290130615 84.7013530731201 83.2546520233154 81.2276210784912 80.2999973297119 81.0853900909424 80.924919128418 81.0984859466553 81.6074447631836 85.8813419342041 82.6315631866455 79.5775318145752 80.3848552703857 80.2594261169434 77.2200012207031 72.3390617370605 71.8902320861816 71.3444805145264 69.1019830703735 69.9099502563477 69.7989120483398 68.820650100708 69.6231784820557 68.6026983261108
87.2536678314209 82.7439479827881 81.7353076934814 79.1389751434326 74.2632141113281 77.5512714385986 79.8145084381104 80.214376449585 81.0969219207764 78.6825199127197 77.4878578186035 78.1195831298828 81.8285350799561 89.6965961456299 86.9631690979004 85.6199741363525 84.6057243347168 81.9974460601807 81.9416198730469 85.3901195526123 86.2876434326172 83.2396907806396 79.5606155395508 79.5179119110107 82.4988632202148 82.6506175994873 85.4451847076416 90.4521369934082 92.4511375427246 90.0676345825195 84.2753314971924 81.4806118011475 83.5770206451416 88.0311222076416 84.3144493103027 80.7746601104736 81.5450286865234 78.4525356292725 74.9189739227295 72.2215270996094 71.7628288269043 69.5129203796387 69.3945064544678 68.2671775817871 69.059196472168 67.7388105392456 67.1880493164062 64.9736032485962 66.6338891983032 65.6895523071289
90.9514255523682 83.2971725463867 81.9804515838623 76.6401214599609 74.5674610137939 76.5236358642578 80.0711040496826 78.3981609344482 75.5080127716064 73.6159610748291 75.1194019317627 75.0795745849609 78.1016368865967 82.4934349060059 86.8354682922363 92.4386920928955 87.667516708374 80.6695308685303 83.2748222351074 83.5443572998047 80.4988594055176 77.7709312438965 79.4353065490723 79.707691192627 82.234302520752 88.486536026001 89.2223052978516 86.0528240203857 84.4123935699463 84.2125282287598 82.1737518310547 77.0090808868408 77.1568965911865 80.8227462768555 77.7108497619629 74.5749187469482 71.02174949646 68.6602697372437 67.6211500167847 66.7640514373779 66.3053073883057 66.9532670974731 66.8304786682129 64.9425468444824 63.1556911468506 62.7046709060669 62.5895557403564 62.037558555603 62.3843450546265 62.319263458252
94.9056968688965 85.6739730834961 84.6941547393799 77.3200855255127 72.6375045776367 69.7524604797363 71.6647577285767 72.0320911407471 72.8324947357178 74.6620407104492 82.8496074676514 87.212589263916 81.9443645477295 77.1613578796387 81.0485954284668 83.2045669555664 80.1541061401367 77.5552043914795 75.7744903564453 76.0126171112061 73.7822456359863 75.4331817626953 76.6506385803223 80.5148277282715 83.0252914428711 81.4272918701172 79.9689197540283 78.3848857879639 80.79709815979 79.2406101226807 75.9464263916016 72.0040588378906 70.1216812133789 69.9358329772949 69.4152908325195 68.3143110275269 66.9419946670532 65.9016227722168 67.0139865875244 66.1102981567383 65.9780759811401 66.1817045211792 66.4866971969604 66.3548784255981 63.7061061859131 65.3169641494751 64.3334264755249 64.2038240432739 63.6769523620605 64.4055881500244
85.2729721069336 84.5992031097412 81.0949249267578 71.9183330535889 72.5974712371826 72.8544330596924 69.7921867370605 69.9858283996582 70.2420053482056 68.4800510406494 70.2651100158691 75.9783267974854 77.6090698242188 77.9997940063477 76.2157192230225 74.2742195129395 73.4405975341797 71.5047283172607 71.122260093689 71.0673122406006 72.8862171173096 72.8294906616211 73.1005039215088 73.4906177520752 75.550968170166 78.2972965240479 74.5213031768799 73.9815788269043 72.8639659881592 71.7339000701904 71.5309925079346 71.328088760376 70.7917461395264 69.3412036895752 69.1398324966431 68.9384546279907 69.6681842803955 66.4106826782227 63.7328615188599 62.3680601119995 62.2359962463379 65.5095081329346 66.5869150161743 65.226824760437 65.0854816436768 63.6560955047607 63.5170040130615 62.1766500473022 61.254322052002 62.93137550354
78.8755474090576 78.29176902771 76.2189083099365 71.0042247772217 67.6311206817627 68.3829116821289 68.3912620544434 67.5868644714355 66.3065376281738 64.5662221908569 64.8064460754395 66.0599517822266 67.0033569335938 70.8446416854858 70.7878751754761 70.7311029434204 68.4711236953735 68.4162292480469 68.3613376617432 68.3064441680908 68.2515468597412 69.1255760192871 69.0696296691895 69.0136814117432 69.2082300186157 68.998649597168 68.7890672683716 68.2496671676636 68.0393686294556 68.1603212356567 67.9507398605347 68.5148649215698 68.3050565719604 66.5210161209106 64.999137878418 62.7886333465576 62.4930257797241 62.6885662078857 65.072096824646 64.9255895614624 65.3236217498779 64.7333498001099 64.5823402404785 64.0952205657959 63.0995035171509 62.0903091430664 61.9459762573242 61.3752851486206 60.1109066009521 59.7660980224609
72.3009185791016 71.0783767700195 69.5451860427856 70.0586709976196 70.026909828186 69.1870784759521 68.0670623779297 68.1804504394531 67.2157440185547 64.7660369873047 67.1546726226807 65.9226188659668 65.8871755599976 65.3069686889648 65.3761129379272 65.3216743469238 65.7170896530151 64.726655960083 65.6091365814209 65.5544662475586 65.8266658782959 65.7719793319702 64.4579677581787 66.2612857818604 65.5231504440308 64.9831857681274 64.7704200744629 62.7314338684082 62.5271949768066 63.2355489730835 63.027946472168 62.8203439712524 62.6127433776855 62.4051389694214 60.5276165008545 58.5655584335327 61.8107051849365 62.5185871124268 62.3648738861084 62.2111654281616 62.0574541091919 61.9037408828735 61.7500286102295 60.7547206878662 60.267650604248 60.1167764663696 59.9659032821655 59.8150272369385 58.5683574676514 56.9676637649536
73.675931930542 72.4020595550537 70.6285533905029 68.207350730896 67.9117517471313 68.6134777069092 68.0856142044067 68.7560405731201 67.7982511520386 66.2882556915283 65.0633773803711 65.0362281799316 63.1252937316895 63.0790119171143 63.0327310562134 62.0453968048096 62.9183368682861 63.1847286224365 64.0525903701782 62.736608505249 62.2246055603027 62.6154537200928 61.6290988922119 62.8185501098633 61.4385385513306 61.2358274459839 61.9414005279541 62.974983215332 60.6276969909668 58.5567302703857 58.9889240264893 58.7889356613159 57.6944894790649 57.8322076797485 60.1870651245117 59.100170135498 58.4926805496216 60.0858106613159 60.3823871612549 61.4422922134399 60.958194732666 59.9516296386719 59.8080472946167 59.6644630432129 58.7398691177368 57.7632932662964 57.6218109130859 57.4803276062012 57.4189901351929 57.4377908706665
73.215539932251 70.5242252349854 67.8352308273315 67.3019952774048 67.2731590270996 66.2974100112915 65.9890403747559 65.963231086731 65.9374217987061 64.9713296890259 64.9471769332886 64.923023223877 63.4878578186035 63.8654823303223 62.4079942703247 62.0058813095093 60.2221298217773 60.1491594314575 59.481502532959 59.4395837783813 58.0914659500122 58.0212030410767 59.1951961517334 59.5753765106201 60.356219291687 56.6530857086182 55.5619621276855 56.2641744613647 54.8677129745483 55.4636487960815 57.3880367279053 58.8641204833984 59.8887128829956 59.6918745040894 61.1352224349976 59.7228908538818 58.2652721405029 58.5836400985718 59.6457853317261 58.3376607894897 58.2146739959717 58.0916862487793 58.0264015197754 57.9081726074219 57.444206237793 57.316764831543 56.3566408157349 55.7857160568237 55.3954010009766 54.588264465332
70.870777130127 68.6485233306885 67.7063398361206 67.6750869750977 67.1792335510254 64.4722366333008 62.5819501876831 62.5533981323242 63.4447555541992 63.1180124282837 63.0905723571777 62.1268949508667 62.0695695877075 61.0587759017944 60.9715824127197 59.5344638824463 58.1724586486816 57.6352205276489 57.0918455123901 58.2573146820068 57.8454923629761 55.9375267028809 55.5292110443115 55.4490184783936 54.8686666488647 55.4763813018799 56.976616859436 54.2301902770996 54.0582246780396 56.7672691345215 58.680721282959 58.9398679733276 59.9610147476196 59.7699365615845 60.4377422332764 60.2418413162231 60.5293741226196 60.4143857955933 59.8553237915039 60.1844091415405 58.379789352417 57.933837890625 57.3785629272461 56.9319610595703 56.8220081329346 56.3751955032349 55.8175773620605 54.8815126419067 54.8364572525024 54.8545417785645
68.1171073913574 68.08669090271 67.2360258102417 64.4409351348877 64.4108219146729 64.3807096481323 63.0970306396484 62.1228294372559 62.0915622711182 60.2065086364746 59.7103433609009 59.3609523773193 58.3628807067871 57.8143835067749 57.7139329910278 57.6174087524414 57.192834854126 55.267972946167 55.1757659912109 55.0835580825806 54.6732397079468 55.8092098236084 54.8159027099609 54.393967628479 54.2618141174316 56.0934133529663 57.4722709655762 57.2946081161499 54.2404222488403 52.8615856170654 55.888632774353 56.496111869812 56.3218212127686 57.0100259780884 57.6873226165771 58.286057472229 59.8461751937866 58.8999948501587 59.6440906524658 60.3256378173828 59.8883953094482 58.5038776397705 57.233024597168 55.5194129943848 55.4247541427612 54.9930038452148 54.8982553482056 54.8035068511963 54.3167314529419 53.174488067627
66.2985792160034 64.4147233963013 64.3833351135254 63.9772853851318 63.49977684021 61.6197299957275 61.5897207260132 61.2029390335083 60.2310228347778 58.8357629776001 60.1679372787476 59.2253799438477 57.7632141113281 56.4171285629272 56.6371583938599 56.5293111801147 55.5010547637939 55.3962440490723 56.2057723999023 56.0979242324829 53.8590927124023 52.4096975326538 53.323826789856 52.3334426879883 52.5337009429932 53.256706237793 54.3129034042358 52.3913259506226 52.2411289215088 52.8664131164551 51.0554285049438 53.7432632446289 56.4892921447754 57.9559259414673 57.4436588287354 57.2662839889526 57.1361799240112 57.0533466339111 56.9705181121826 56.8876838684082 57.638222694397 57.5529747009277 57.0874900817871 55.7248983383179 54.4829082489014 54.4041376113892 53.9879283905029 52.2975721359253 51.4513940811157 52.2848777770996
63.0130710601807 61.6568670272827 61.2483720779419 62.113091468811 60.7400331497192 58.866156578064 58.8363313674927 58.8065061569214 56.1151838302612 56.9903230667114 57.4023456573486 57.3696956634521 57.2915782928467 56.5946855545044 56.4736680984497 54.6456966400146 54.5281352996826 56.1106157302856 54.6222267150879 53.2881011962891 53.1728792190552 52.1750040054321 52.0621271133423 51.9492492675781 50.9412927627563 49.9203109741211 48.8931913375854 50.4140338897705 51.4616832733154 54.2293643951416 54.0009212493896 53.8445720672607 55.391149520874 55.2270851135254 55.9030256271362 55.7354555130005 56.0665168762207 55.9989395141602 55.9313631057739 55.8637847900391 56.5823497772217 56.0656480789185 55.6610517501831 53.6062068939209 53.0921382904053 53.0277433395386 53.7511444091797 53.6870260238647 54.4761009216309 53.7080736160278
60.7789011001587 62.0624761581421 61.1290884017944 61.0909461975098 58.4223051071167 58.3858470916748 59.2461462020874 57.7034196853638 57.6680116653442 56.0017232894897 53.3173837661743 53.2892723083496 54.532977104187 54.7306814193726 54.6003351211548 51.8746404647827 49.3145084381104 48.1601705551147 47.1637058258057 48.2603521347046 52.9418725967407 53.144603729248 53.4737977981567 52.5586156845093 52.750096321106 50.5248413085938 48.6631870269775 50.5007209777832 51.5609102249146 51.4166870117188 53.7638711929321 53.9464435577393 54.6325969696045 54.1424932479858 53.1566791534424 54.1679649353027 55.3525075912476 56.4596214294434 56.0691633224487 55.195182800293 55.1427421569824 55.0903005599976 53.8710231781006 53.8196802139282 52.9798469543457 53.2661066055298 53.2147264480591 53.9715232849121 53.6168994903564 53.6369075775146
59.3502111434937 59.311315536499 58.3810358047485 57.9341735839844 56.0702886581421 54.7492084503174 54.6652984619141 53.737606048584 55.8579654693604 52.3725128173828 49.6776895523071 50.0886831283569 50.0061635971069 49.8754711151123 49.7447824478149 48.273024559021 48.6042423248291 48.4763917922974 46.112850189209 45.9923896789551 47.0704908370972 46.9475088119507 48.1685237884521 48.9002780914307 49.9548797607422 48.9623785018921 49.947868347168 52.6461505889893 54.1548547744751 55.1804533004761 57.5095462799072 55.7317352294922 53.5673494338989 53.4204750061035 53.2735996246338 53.1267223358154 53.0346298217773 52.9973230361938 55.0571489334106 54.9025173187256 55.3154993057251 54.4869050979614 54.4475755691528 53.2439184188843 53.2054128646851 52.8288726806641 52.7901840209961 52.7514982223511 51.5807056427002 51.5990476608276
57.4621610641479 57.4208993911743 56.4382696151733 55.933445930481 55.8936967849731 56.6471080780029 55.7202453613281 53.9520931243896 53.5847053527832 51.2646408081055 52.6223602294922 55.6154441833496 53.7024068832397 52.2083492279053 49.9326181411743 53.2439498901367 53.4209814071655 52.4000625610352 52.2506914138794 49.8843927383423 50.2710046768188 50.1262626647949 49.1284837722778 48.9868259429932 48.0032234191895 47.0059642791748 48.0791120529175 49.5775756835938 50.6373310089111 51.6654825210571 51.9831581115723 52.1793241500854 51.7056283950806 51.9024248123169 53.0548629760742 52.9124803543091 52.8288526535034 52.80397605896 52.7791023254395 52.7542247772217 52.7293481826782 53.1702260971069 51.888692855835 51.8637771606445 52.640419960022 51.4531335830688 51.4282169342041 52.2032022476196 51.061616897583 51.5320100784302
55.9486026763916 55.9064559936523 55.8643074035645 55.8221607208252 55.7800130844116 56.6196155548096 55.6957197189331 54.7185697555542 53.3338670730591 51.1515817642212 53.7154550552368 54.0031757354736 53.9002351760864 53.4063110351562 53.2409601211548 52.9444446563721 52.449501991272 52.6149740219116 52.9105815887451 50.2086429595947 50.0520515441895 49.8954601287842 49.7388677597046 48.7416677474976 46.8974952697754 47.9728689193726 48.6410226821899 47.6900587081909 48.7268056869507 49.7570381164551 49.6297101974487 50.8021936416626 51.0066862106323 50.8759670257568 50.7452440261841 51.4130306243896 52.1670246124268 50.5317697525024 50.5201740264893 50.5085763931274 50.4969816207886 51.2816638946533 50.9321489334106 50.920241355896 50.9083375930786 50.5579233169556 50.2070636749268 50.1947069168091 50.9938220977783 50.6732950210571
