data/spatiotemp/temp1/bio18_norsw_test_2003_2006.asc
NCOLS 654 
NROWS 380 
XLLCORNER 3.91666666666667 
YLLCORNER 55.3333333333333 
CELLSIZE 0.0416666666666666 
NODATA_value -9999 
[rows 198 to 219 of 380, columns 500 to 549 of 654]
201.637392044067 201.888053894043 202.138719558716 203.253389358521 204.504858016968 204.756834030151 204.147176742554 205.407829284668 206.522743225098 205.91756439209 204.236799240112 203.630205154419 203.791654586792 205.806371688843 208.679265975952 206.805662155151 206.877363204956 208.72852897644 209.823755264282 209.89612197876 211.843866348267 211.916315078735 211.141094207764 210.185628890991 210.258420944214 208.201875686646 207.174585342407 206.237348556519 206.234247207642 206.979097366333 206.884426116943 206.789743423462 207.528568267822 207.432371139526 209.295820236206 211.056882858276 212.24222946167 213.487377166748 214.928007125854 216.366275787354 216.779193878174 216.240968704224 218.520767211914 218.932207107544 218.381645202637 218.840951919556 220.107139587402 220.513502120972 218.842721939087 218.204305648804
201.113040924072 203.19083404541 206.268634796143 205.66104888916 205.049753189087 204.485082626343 205.652565002441 206.098896026611 206.403366088867 206.70782661438 207.012302398682 207.316770553589 207.502420425415 208.591255187988 210.448844909668 209.585676193237 208.794282913208 209.793849945068 210.718698501587 210.786153793335 211.881532669067 212.884252548218 212.953186035156 210.203702926636 211.09806060791 209.16171836853 207.982112884521 207.832908630371 207.68371963501 207.534519195557 208.320261001587 209.199462890625 209.885555267334 208.799537658691 210.610067367554 210.458198547363 210.600801467896 213.837488174438 214.361867904663 216.665258407593 218.056875228882 217.547094345093 219.860355377197 219.34193611145 219.834016799927 220.162641525269 220.597400665283 222.046775817871 219.519554138184 220.632221221924
204.229032516479 205.453897476196 207.718269348145 206.159605026245 204.724452972412 204.20601272583 204.557764053345 206.789964675903 209.952642440796 210.460285186768 210.821912765503 209.228963851929 210.371934890747 209.501382827759 210.49859046936 209.626703262329 209.689371109009 210.688583374023 208.786094665527 210.815233230591 210.878576278687 211.881122589111 212.976484298706 213.041175842285 210.140657424927 208.05079460144 207.849361419678 207.647933959961 207.446502685547 208.089939117432 207.88621711731 209.649339675903 210.282764434814 212.041006088257 210.895879745483 211.625560760498 211.648885726929 214.084148406982 215.578619003296 215.098413467407 216.479259490967 218.922607421875 220.245168685913 219.751659393311 220.268089294434 221.640977859497 222.103143692017 220.57045173645 220.049386978149 219.315679550171
206.44248008728 205.853248596191 206.379354476929 203.99133682251 205.265865325928 202.996406555176 206.204229354858 208.40859413147 209.831024169922 209.367727279663 210.799772262573 212.083820343018 210.3538646698 210.411510467529 209.599380493164 207.759334564209 207.817859649658 207.876384735107 209.832815170288 212.731525421143 213.733743667603 212.760753631592 213.852935791016 212.878870010376 210.882097244263 210.623361587524 212.341209411621 211.137172698975 208.996154785156 208.740091323853 209.513088226318 211.884160995483 212.649059295654 213.223224639893 214.923683166504 213.716329574585 213.832218170166 214.330816268921 215.85205078125 216.349737167358 217.760137557983 219.27695274353 219.77296257019 221.287017822266 222.691801071167 223.078876495361 223.608451843262 222.20666885376 222.473588943481 221.854778289795
209.182346343994 205.917129516602 208.248245239258 209.666902542114 209.161739349365 209.579833984375 209.997940063477 211.429725646973 209.017370223999 207.476379394531 208.028757095337 213.114490509033 210.435018539429 209.602298736572 209.650064468384 207.790172576904 209.813526153564 208.985216140747 210.858743667603 211.784475326538 212.864656448364 214.738004684448 214.787464141846 214.836931228638 212.823608398438 211.527647018433 212.213451385498 210.137149810791 209.016124725342 211.59250831604 211.330541610718 215.693458557129 217.299583435059 218.052797317505 218.622068405151 215.535562515259 217.614707946777 217.156005859375 216.795879364014 219.15364074707 220.661321640015 220.182010650635 220.664638519287 222.059539794922 223.452922821045 223.828844070435 223.461128234863 223.828897476196 223.179136276245 221.557277679443
213.641151428223 211.213796615601 213.527229309082 213.920623779297 214.314023971558 213.773517608643 211.321069717407 210.76849937439 211.152320861816 211.609998703003 211.994047164917 210.460290908813 210.667791366577 209.807174682617 210.791925430298 210.826009750366 211.812141418457 210.894159317017 209.90161895752 211.779333114624 214.684206008911 214.718152999878 215.780078887939 214.852893829346 214.760648727417 212.558065414429 210.430688858032 211.169727325439 211.026470184326 211.764707565308 214.397926330566 216.070428848267 218.689880371094 221.302316665649 222.954769134521 221.867147445679 219.140411376953 221.558534622192 221.998178482056 223.459121704102 224.818159103394 225.255857467651 223.699649810791 223.155864715576 223.621717453003 224.078680038452 224.400882720947 225.736743927002 224.076080322266 223.295625686646
218.037939071655 216.489444732666 215.920543670654 218.217222213745 218.649242401123 217.095006942749 213.58670425415 212.998676300049 214.366279602051 213.772706985474 214.126892089844 211.596799850464 210.873050689697 210.891891479492 210.0036277771 211.887517929077 211.958574295044 212.884269714355 211.880767822266 214.787166595459 212.823659896851 212.897878646851 212.917325973511 211.912551879883 212.738180160522 215.57318687439 216.359474182129 216.18542098999 216.011358261108 214.877012252808 214.702964782715 216.369951248169 218.17778968811 219.900203704834 219.720235824585 221.369356155396 222.496803283691 224.873563766479 222.452833175659 222.834066390991 224.235647201538 226.518804550171 226.01456451416 224.424682617188 223.809658050537 225.098924636841 225.487382888794 226.752655029297 225.948211669922 224.148027420044
220.614980697632 219.018629074097 217.482536315918 220.685949325562 221.963834762573 221.355514526367 218.806844711304 218.186508178711 216.57813835144 217.88618850708 216.273170471191 214.712890625 214.87633895874 216.862741470337 215.946001052856 212.949012756348 214.838005065918 216.825492858887 214.890735626221 214.895141601562 213.879964828491 214.849098205566 213.83349609375 212.872541427612 213.831657409668 214.670927047729 218.463441848755 220.208806991577 220.077968597412 218.9248046875 218.793586730957 218.662368774414 218.531150817871 221.280414581299 222.171049118042 220.045387268066 222.136865615845 223.491548538208 224.844202041626 227.085203170776 225.541833877563 225.867179870605 227.210767745972 225.554555892944 226.889131546021 227.225448608398 228.446447372437 226.757829666138 225.904455184937 227.009765625
223.134717941284 222.489730834961 222.794454574585 225.04693031311 224.40717124939 223.761596679688 224.064943313599 224.36830329895 221.761678695679 223.000461578369 221.395477294922 221.692676544189 218.993898391724 220.889114379883 218.972385406494 217.946403503418 214.970289230347 218.895141601562 220.788743972778 218.82798576355 216.867462158203 215.923006057739 214.896356582642 218.737672805786 218.690660476685 216.662363052368 217.599811553955 219.413896560669 223.161312103271 223.074047088623 221.965892791748 220.967964172363 222.812255859375 222.724996566772 220.762180328369 223.575073242188 222.645511627197 225.949241638184 231.177677154541 233.46354675293 232.756959915161 232.044918060303 231.327432632446 229.608522415161 226.948299407959 227.125848770142 229.320007324219 231.516042709351 227.786478042603 229.894601821899
224.698877334595 226.937936782837 226.249477386475 226.53556060791 225.846952438354 226.120935440063 228.355693817139 228.62845993042 227.934196472168 227.233806610107 225.538970947266 222.868503570557 222.038087844849 221.062591552734 220.024559020996 221.986976623535 218.988117218018 220.922159194946 221.871809005737 221.84504699707 219.858140945435 222.766948699951 219.804811477661 220.753107070923 220.723533630371 219.677709579468 218.667795181274 220.547981262207 220.511526107788 223.402414321899 221.417930603027 220.402132034302 220.365673065186 223.251276016235 222.298328399658 222.263654708862 225.276174545288 230.357694625854 232.594871520996 235.856088638306 237.103414535522 235.336025238037 236.477521896362 235.698495864868 229.951242446899 229.158092498779 231.309150695801 231.521595001221 229.677556991577 229.746532440186
226.275493621826 225.566825866699 226.807054519653 228.004261016846 227.286735534668 228.500518798828 228.770687103271 229.98189163208 230.220821380615 229.483093261719 226.766012191772 225.027416229248 224.139009475708 224.118370056152 224.076231002808 223.046064376831 223.003601074219 224.932224273682 225.871635437012 224.865791320801 224.822834014893 223.817049026489 225.717208862305 225.673837661743 221.701154708862 220.705207824707 220.717771530151 218.734554290771 220.742883682251 220.755458831787 219.750776290894 220.700992584229 221.780672073364 224.737037658691 226.702442169189 224.762454986572 229.81107711792 233.852228164673 235.048383712769 235.2209815979 238.363498687744 236.512945175171 235.67812538147 233.91561126709 232.051950454712 232.135467529297 234.243967056274 232.370834350586 232.515213012695 228.662094116211
225.90043258667 224.150979995728 226.316728591919 227.526908874512 228.726509094238 228.933132171631 229.139757156372 230.350008010864 231.540422439575 231.745534896851 230.971061706543 228.205278396606 228.27871131897 227.215229034424 226.180160522461 225.144914627075 225.086582183838 226.01661491394 225.957693099976 225.898778915405 225.839849472046 225.76290512085 224.725938796997 226.647863388062 225.653451919556 224.698194503784 222.778564453125 221.84965133667 220.896326065063 220.952989578247 220.052743911743 221.105792999268 225.149742126465 227.180505752563 226.219066619873 225.337575912476 228.388875961304 230.466463088989 231.602130889893 234.681962966919 232.768049240112 234.842018127441 234.017742156982 234.056592941284 233.148553848267 234.198232650757 233.28493309021 234.325475692749 233.410934448242 232.512302398682
227.455484390259 226.628898620605 227.806570053101 229.953014373779 229.159818649292 228.33321762085 229.5338306427 230.68651008606 231.862113952637 231.033351898193 231.215347290039 231.385528564453 231.437294006348 231.361785888672 231.297040939331 229.223791122437 229.148862838745 230.06827545166 229.992567062378 227.924549102783 226.85689163208 225.780982971191 225.705364227295 226.619441986084 226.637001037598 228.727693557739 228.829067230225 225.951522827148 223.059692382812 222.166309356689 223.266904830933 222.402210235596 224.492040634155 224.597818374634 227.688377380371 226.839159011841 226.941139221191 229.982954025269 232.071998596191 232.128747940063 234.159660339355 235.169486999512 234.208190917969 234.259958267212 235.265563964844 236.263278961182 235.287940979004 236.289407730103 238.325958251953 235.354518890381
229.973976135254 230.120590209961 230.267189025879 231.416040420532 231.56226348877 231.708490371704 231.88645362854 231.025907516479 230.173757553101 230.310678482056 232.447246551514 232.587446212769 232.613201141357 232.515707015991 229.417301177979 230.331241607666 232.239292144775 233.147476196289 233.054388046265 231.964563369751 229.868814468384 226.776569366455 226.68478012085 227.587615966797 228.615505218506 229.778367996216 226.936084747314 224.0920753479 223.240573883057 224.402498245239 224.557712554932 224.712913513184 224.868124008179 226.032957077026 230.217790603638 228.340740203857 227.406753540039 230.473438262939 232.46531867981 232.465921401978 234.452980041504 235.473400115967 235.416408538818 236.431270599365 236.367593765259 235.335863113403 235.265327453613 238.262641906738 236.254091262817 235.295928955078
232.502954483032 230.571941375732 233.781360626221 234.899087905884 235.067056655884 233.139720916748 232.259740829468 231.337976455688 228.423711776733 230.555696487427 229.640525817871 229.749656677246 231.759172439575 231.652339935303 229.540948867798 231.438701629639 233.333419799805 233.225080490112 234.121906280518 233.019485473633 232.892204284668 229.7757396698 229.665529251099 228.555793762207 229.604011535645 230.829050064087 227.018659591675 225.202270507812 223.392141342163 223.588788986206 222.784635543823 224.994924545288 225.194469451904 226.410665512085 228.652051925659 230.866689682007 228.897274017334 231.875074386597 235.873474121094 237.866596221924 233.719808578491 234.685066223145 236.624624252319 235.537679672241 236.454797744751 236.377021789551 237.289102554321 237.226881027222 236.1491355896 234.156396865845
231.998558044434 232.171499252319 233.257944107056 233.339653015137 233.484308242798 233.559217453003 233.586086273193 233.662687301636 230.695568084717 229.776605606079 230.867851257324 231.942846298218 230.890226364136 231.759428024292 232.668922424316 234.552082061768 231.432786941528 232.278654098511 232.154098510742 234.028381347656 232.913335800171 231.770107269287 230.655143737793 228.503953933716 230.59250831604 230.8473777771 230.107099533081 226.312467575073 225.558422088623 225.792310714722 227.055227279663 228.314163208008 229.57367515564 228.797410964966 230.068576812744 230.316020965576 231.413049697876 232.302658081055 234.249906539917 235.135103225708 237.037561416626 236.926563262939 236.797994613647 235.668800354004 237.557025909424 237.442451477051 239.322690963745 239.205450057983 235.064207077026 236.079208374023
231.916185379028 232.010396957397 233.109762191772 231.210336685181 233.365530014038 234.453584671021 234.538801193237 233.569971084595 233.65788269043 231.736421585083 229.779691696167 229.868633270264 230.843923568726 231.73779296875 233.645477294922 232.474136352539 232.345705032349 230.182388305664 232.059024810791 234.977024078369 233.856731414795 234.737195968628 232.571474075317 231.452669143677 228.478286743164 227.75253868103 227.001539230347 227.262073516846 225.472637176514 227.783142089844 229.05170249939 231.351177215576 230.598258972168 232.903142929077 234.183658599854 233.413402557373 232.48653793335 234.40052986145 236.308776855469 236.187799453735 237.086360931396 237.963544845581 237.839685440063 239.727785110474 238.559089660645 238.431407928467 239.296146392822 238.122255325317 238.070343017578 236.042150497437
228.119806289673 231.319320678711 234.52056312561 234.660659790039 234.814943313599 234.950378417969 235.085823059082 234.162359237671 233.297019958496 230.367448806763 230.505031585693 231.643188476562 233.720682144165 233.577871322632 232.427795410156 230.237937927246 230.116617202759 227.950002670288 228.845783233643 230.734178543091 233.669500350952 234.559516906738 234.397899627686 231.277738571167 227.295036315918 227.540254592896 226.767974853516 229.051868438721 226.232917785645 227.508079528809 229.781490325928 230.024703979492 231.292852401733 234.605112075806 236.887861251831 235.089506149292 235.166311264038 237.11407661438 239.084323883057 238.962087631226 238.867921829224 238.773761749268 236.628133773804 238.55350112915 238.456462860107 237.303670883179 237.205823898315 236.100505828857 238.074613571167 238.104906082153
228.356887817383 231.608768463135 232.869369506836 231.985290527344 233.183088302612 232.303707122803 234.567365646362 232.682771682739 231.864545822144 231.044153213501 230.171745300293 231.416597366333 234.483348846436 234.366306304932 234.19725227356 233.076751708984 229.884353637695 227.713205337524 227.654417037964 227.50408744812 229.405704498291 229.290956497192 230.193319320679 228.06706237793 226.109996795654 227.350299835205 229.620820999146 227.81694984436 226.99320602417 227.214012145996 227.434814453125 228.686214447021 228.908866882324 233.24164390564 234.488861083984 236.755420684814 237.860162734985 237.798391342163 237.736614227295 239.712921142578 240.66649055481 238.536403656006 238.470363616943 238.404314041138 239.351980209351 238.231189727783 237.155414581299 235.026220321655 235.009897232056 234.033363342285
226.540237426758 228.76605796814 232.073766708374 231.299240112305 229.452560424805 228.69758605957 228.862314224243 228.101259231567 228.338640213013 229.642217636108 230.890745162964 233.155784606934 234.232389450073 235.183963775635 236.038764953613 234.865270614624 232.727703094482 231.611793518066 229.438131332397 230.350603103638 227.161996841431 228.076547622681 225.950996398926 228.923221588135 225.895479202271 229.176885604858 232.461601257324 229.585836410522 230.837020874023 228.964488983154 227.141227722168 228.354608535767 230.62731552124 232.881605148315 235.135766983032 238.430376052856 239.525737762451 238.465854644775 238.431161880493 236.351095199585 236.319017410278 235.235157012939 237.238729476929 237.202154159546 237.165580749512 238.151287078857 237.108629226685 238.094413757324 233.98738861084 234.025047302246
228.869655609131 231.14507484436 232.412452697754 234.792125701904 231.970840454102 229.1721534729 229.456104278564 229.740058898926 231.041307449341 231.325531005859 233.639541625977 236.013645172119 237.124834060669 237.019857406616 235.846464157104 235.742214202881 236.649747848511 236.544055938721 234.363981246948 233.25297164917 230.058036804199 230.980932235718 226.788042068481 225.629289627075 223.645380020142 226.915784835815 230.189165115356 231.381155014038 230.57585144043 231.789434432983 229.920921325684 232.152292251587 235.433893203735 236.657522201538 237.861347198486 241.14879989624 240.194744110107 238.119850158691 236.04486656189 236.040042877197 233.985078811646 235.016027450562 236.025590896606 234.960391998291 233.945440292358 235.005382537842 235.002712249756 234.961881637573 234.979768753052 232.94913482666
227.052040100098 229.437345504761 230.749435424805 230.002210617065 228.324754714966 227.574188232422 228.899850845337 231.331663131714 231.664030075073 233.003799438477 235.440616607666 236.800783157349 236.919221878052 235.739318847656 233.549619674683 233.45334815979 236.467683792114 237.3919506073 234.187732696533 229.974643707275 227.788600921631 227.696542739868 228.632127761841 227.535785675049 224.472206115723 224.632316589355 226.861839294434 225.963453292847 227.18186378479 232.517240524292 234.769678115845 234.930425643921 234.07120513916 237.341650009155 236.457710266113 236.616552352905 236.709438323975 234.66349029541 235.710718154907 236.7769947052 236.801330566406 235.765472412109 235.787279129028 233.758846282959 233.783090591431 233.844472885132 232.798154830933 232.822114944458 233.896934509277 233.940587997437
