data/spatiotemp/temp1/bio10_norsw_test_2003_2006.asc
NCOLS 654 
NROWS 380 
XLLCORNER 3.91666666666667 
YLLCORNER 55.3333333333333 
CELLSIZE 0.0416666666666666 
NODATA_value -9999 
[rows 88 to 109 of 380, columns 400 to 449 of 654]
12.4196865558624 12.4862401485443 12.5267941951752 12.458681344986 12.4620146751404 12.4021277427673 12.3702402114868 12.4003531932831 12.499799489975 12.5912454128265 12.6920249462128 12.7141375541687 12.6635842323303 12.6223635673523 12.7071430683136 12.7805893421173 12.831116437912 12.8360579013824 12.7856659889221 12.7899408340454 12.8075485229492 12.7744901180267 12.7967646121979 12.8310394287109 12.8286473751068 12.7875888347626 12.763863325119 12.7794716358185 12.8014333248138 12.6870818138123 12.6787304878235 12.7117125988007 12.7066943645477 12.8096766471863 12.9079921245575 12.9936406612396 13.181289434433 13.324271440506 13.4625871181488 13.5682356357574 13.628134727478 13.6989505290985 13.7384324073792 13.7265815734863 13.7253973484039 13.742879152298 13.7423615455627 13.7785105705261 13.7859930992126 13.8101418018341
12.1940996646881 12.2705430984497 12.2443201541901 12.3167636394501 12.4839816093445 12.5593059062958 12.5659644603729 12.4932889938354 12.4926137924194 12.5319383144379 12.6365959644318 12.7085874080658 12.6252453327179 12.4439039230347 12.5078954696655 12.7285530567169 12.7031271457672 12.6356182098389 12.6154420375824 12.7352664470673 12.7664239406586 12.8162474632263 12.8100714683533 12.8452293872833 12.8643867969513 12.895544052124 12.6927013397217 12.6551921367645 12.7081162929535 12.7868075370789 12.8421666622162 12.8608577251434 12.843549489975 12.7735741138458 12.8255994319916 12.9436237812042 13.0763158798218 13.3810076713562 13.4983654022217 13.5630569458008 13.5295522212982 13.592517375946 13.6981496810913 13.7471146583557 13.7507467269897 13.7837119102478 13.7966775894165 13.8169760704041 13.875940322876 13.91557264328
11.8325114250183 12.1828455924988 12.2418460845947 12.188179731369 12.3639485836029 12.477151632309 12.3103551864624 12.3342244625092 12.4340949058533 12.5592975616455 12.5545008182526 12.5923707485199 12.6902403831482 12.6814436912537 12.7206468582153 12.7651834487915 12.7478048801422 12.6071782112122 12.5692183971405 12.6719250679016 12.7252984046936 12.6833384037018 12.7127120494843 12.7434191703796 12.856125831604 12.9341661930084 12.8008725643158 12.8322458267212 12.8468000888824 12.8318676948547 12.9202690124512 13.0666697025299 13.0757374763489 13.0614714622498 13.0558731555939 13.0609407424927 13.158674955368 13.3724091053009 13.5541434288025 13.7038776874542 13.7169694900513 13.6947507858276 13.6758663654327 13.6943147182465 13.7620961666107 13.8525443077087 13.8883261680603 13.8954408168793 13.9512226581573 14.0070040225983
12.1615912914276 12.2478148937225 12.3053724765778 12.4169294834137 12.2785818576813 12.1889972686768 12.3654124736786 11.881826877594 11.9289088249207 12.3606572151184 12.3344054222107 12.4808204174042 12.6045687198639 12.6083171367645 12.5693984031677 12.620480298996 12.7424819469452 12.8394048213959 12.6883280277252 12.5312509536743 12.8061738014221 12.9064295291901 12.8706862926483 12.8196089267731 12.883198261261 12.9107875823975 12.6550438404083 12.737966299057 12.8968169689178 12.8895938396454 12.9530377388 13.0071485042572 13.1092586517334 13.1867024898529 13.250146150589 13.2822570800781 13.3010346889496 13.3424782752991 13.5345888137817 13.6973657608032 13.7263870239258 13.5996515750885 13.5762493610382 13.6581807136536 13.7867789268494 13.8300433158875 13.8766412734985 13.9305727481842 13.9731707572937 14.0377688407898
12.2280037403107 12.2667841911316 12.4035649299622 12.3856790065765 12.1625490188599 12.1808426380157 12.3311357498169 12.1640961170197 12.0763893127441 12.2713499069214 12.3669767379761 12.3919365406036 12.2828974723816 12.4645235538483 12.5961499214172 12.5817766189575 12.6624932289124 12.732298374176 12.8687708377838 12.8559093475342 12.9257152080536 12.9995212554932 12.9693260192871 12.9577987194061 12.9109375476837 12.7020766735077 12.5672154426575 12.7383539676666 12.7161667346954 12.7833204269409 12.8144733905792 12.824960231781 12.9474472999573 13.1926004886627 13.2530870437622 13.325573682785 13.3280599117279 13.4632136821747 13.4556999206543 13.6455204486847 13.7304713726044 13.7365517616272 13.6219663619995 13.6647140979767 13.8067953586578 13.8948755264282 13.9769566059113 14.0223715305328 14.1084523200989 14.139867067337
12.3984162807465 12.3550870418549 12.269091129303 12.1517617702484 12.1851828098297 11.9780216217041 12.1061935424805 12.3230321407318 12.3272037506104 12.1740424633026 12.3195478916168 12.2210528850555 12.3612248897552 12.3953969478607 12.4749021530151 12.3690736293793 12.551837682724 12.7011919021606 12.8232135772705 12.914568901062 13.0192573070526 13.1266112327576 13.1379663944244 12.8379883766174 12.7540099620819 12.7353649139404 12.7133865356445 12.673407793045 12.6595168113708 12.7023797035217 12.6785759925842 12.7767720222473 12.8843014240265 13.0971646308899 13.2786943912506 13.3522233963013 13.4117527008057 13.4639492034912 13.4861452579498 13.5690085887909 13.7292215824127 13.814786195755 13.8316833972931 13.8159139156342 13.8461446762085 13.8810424804688 13.8826057910919 13.9888370037079 14.1257338523865 14.1719651222229
12.9797101020813 13.0196030139923 12.7968282699585 12.5140538215637 12.3173911571503 12.2981739044189 12.3402898311615 12.4284057617188 12.409188747406 12.491304397583 12.6054201126099 12.5435359477997 12.607652425766 12.5651016235352 12.4878842830658 12.6346666812897 12.7468948364258 12.8372354507446 12.9669101238251 13.1132502555847 13.095591545105 13.1545989513397 13.2309403419495 13.2946140766144 13.1262881755829 12.9899621009827 12.7743031978607 12.5499773025513 12.3642604351044 12.5838191509247 12.6187107563019 12.7702693939209 12.9411611557007 13.0913858413696 13.2582783699036 13.2298362255096 13.2420611381531 13.4102866649628 13.4671785831451 13.5394034385681 13.7128357887268 13.8828094005585 13.975448846817 13.9827558994293 13.9893956184387 14.0173683166504 14.0413417816162 13.9806482791901 14.1346218585968 14.1952619552612
12.6125535964966 12.6963319778442 12.9007766246796 13.2478883266449 13.121173620224 12.8779654502869 12.7207581996918 12.8148837089539 12.9036762714386 12.720468044281 12.7059276103973 12.9213862419128 12.9195125102997 12.8889710903168 12.6504294872284 12.7405552864075 12.9003331661224 12.9530963897705 13.0785262584686 13.1939561367035 13.2573864459991 13.2568161487579 13.3235795497894 13.3463432788849 13.421106338501 13.3338694572449 13.2072994709015 12.9820623397827 12.5983972549438 12.5956380367279 12.6862115859985 12.7294516563416 12.8726916313171 12.9679317474365 13.1318383216858 13.2664122581482 13.303652048111 13.3662259578705 13.5287990570068 13.6433732509613 13.7213139533997 13.8272891044617 13.9339306354523 13.900573015213 13.9285478591919 14.0791895389557 14.1411650180817 14.1904730796814 14.2084484100342 14.2397570610046
13.0753967761993 13.196394443512 13.2707250118256 13.2890565395355 13.382289648056 13.3370912075043 13.307226896286 13.2526955604553 13.3128304481506 13.3409659862518 13.2937679290771 13.3532364368439 13.3507051467896 13.3268399238586 13.2816421985626 13.028443813324 13.0311048030853 12.8362901210785 12.7794756889343 13.0233283042908 13.2298471927643 13.3343663215637 13.3955528736115 13.4094047546387 13.4712569713593 13.5531089305878 13.5156285762787 13.3821477890015 13.091867685318 12.9987902641296 12.9170451164246 12.9466335773468 12.9848883152008 13.0411441326141 13.0353994369507 13.1503212451935 13.2672436237335 13.3154985904694 13.4857537746429 13.676008939743 13.7977914810181 13.8384354114532 13.7984120845795 13.6897230148315 13.8317003250122 13.9943435192108 14.0776541233063 14.1749646663666 14.2489414215088 14.2862520217896
12.2262392044067 12.8924565315247 13.116673707962 13.172224521637 13.2780725955963 13.3555505275726 13.3696956634521 13.4091737270355 13.4806520938873 13.521463394165 13.5082747936249 13.3837532997131 13.5012314319611 13.5567097663879 13.554854631424 13.5509994029999 13.4765429496765 13.3908171653748 13.215092420578 13.1347005367279 13.1863083839417 13.2499170303345 13.3101916313171 13.4184670448303 13.4947414398193 13.5510160923004 13.6179571151733 13.6188993453979 13.5093383789062 13.4659421443939 13.4772124290466 13.4271492958069 13.383752822876 13.3170232772827 13.1802933216095 13.186897277832 13.2535006999969 13.327437877655 13.4693744182587 13.627311706543 13.826269865036 13.9942488670349 13.9935610294342 13.8928732872009 14.0321853160858 14.1248314380646 14.2521436214447 14.3127892017365 14.3434345722198 14.3467466831207
12.555748462677 12.771852016449 12.9806225299835 13.0693924427032 13.0091881752014 12.9926764965057 13.0174973011017 13.0423185825348 13.2071394920349 13.3472938537598 13.3894486427307 13.3862700462341 13.4370911121368 13.4699127674103 13.479400396347 13.5555551052094 13.5946476459503 13.6273443698883 13.6440417766571 13.6734056472778 13.6034364700317 13.4821338653564 13.3534982204437 13.3975284099579 13.3868927955627 13.3442561626434 13.5109536647797 13.6963176727295 13.7581424713135 13.7577610015869 13.7820463180542 13.8029983043671 13.7839505672455 13.7035686969757 13.3831875324249 13.2901396751404 13.3437585830688 13.4127101898193 13.52166223526 13.6839473247528 13.8047473430634 14.0413949489594 14.1653759479523 14.19669008255 14.2386710643768 14.3213183879852 14.4099659919739 14.453280210495 14.4159276485443 14.3985755443573
12.7419242858887 12.7532477378845 12.9359042644501 12.97922706604 12.7943041324615 12.6398015022278 12.5152993202209 12.6394636631012 12.885627746582 12.9331250190735 13.1152892112732 13.2081201076508 13.1722843647003 13.2164483070374 13.3872792720795 13.4907765388489 13.5254192352295 13.5925381183624 13.6423244476318 13.6801114082336 13.7792313098907 13.7556843757629 13.6348037719727 13.6319236755371 13.5423772335052 13.3908295631409 13.3312830924988 13.5184030532837 13.5622797012329 13.8609130382538 13.9382135868073 13.9415142536163 13.9181478023529 13.8647811412811 13.5894150733948 13.4027154445648 13.4553492069244 13.5439827442169 13.6699497699738 13.8159167766571 13.9845585823059 14.10187458992 14.2138574123383 14.2978405952454 14.3238234519958 14.3411400318146 14.3871221542358 14.4284384250641 14.4544212818146 14.4704041481018
12.9861006736755 12.8853099346161 12.9898526668549 13.0570619106293 12.9980869293213 12.9535939693451 12.8117682933807 12.803941488266 12.9187822341919 12.9596228599548 13.045129776001 12.9279701709747 13.1368110179901 13.3336510658264 13.4278247356415 13.5206656455994 13.6188576221466 13.6697328090668 13.6832749843597 13.6748163700104 13.7290258407593 13.7092344760895 13.8334431648254 13.8569858074188 13.8251943588257 13.8240702152252 13.836945772171 13.8051545619965 13.8657500743866 13.9107325077057 14.0303812026978 14.1160295009613 14.1316781044006 14.051326751709 13.8969759941101 13.6692912578583 13.4876072406769 13.5419216156006 13.6715707778931 13.7765529155731 13.8817028999329 14.0250208377838 14.2490057945251 14.3289906978607 14.3816423416138 14.4229605197906 14.4022779464722 14.3969292640686 14.4035811424255 14.5148987770081
13.1609435081482 13.0347054004669 13.1158013343811 13.2195634841919 13.2205362319946 13.1887197494507 13.1582362651825 13.1417529582977 13.1026031970978 13.1581201553345 13.121636390686 12.9498200416565 13.0906703472137 13.3008539676666 13.3830373287201 13.4458875656128 13.5189616680145 13.6402599811554 13.7315576076508 13.7155220508575 13.7608203887939 13.711451292038 13.6414160728455 13.8213806152344 13.9213457107544 14.0133104324341 14.0339415073395 13.8165726661682 13.8792202472687 14.0005509853363 14.0465481281281 14.1132116317749 14.2412085533142 14.1478726863861 14.0085363388062 13.9765336513519 13.9345307350159 13.8718616962433 13.8698577880859 13.9631888866425 14.0221810340881 14.0915005207062 14.2361540794373 14.3408076763153 14.3507945537567 14.4667809009552 14.5634341239929 14.5614206790924 14.5187406539917 14.4847276210785
13.3764531612396 13.3781011104584 13.3050832748413 13.190064907074 13.354984998703 13.4111785888672 13.4227046966553 13.4328980445862 13.3477578163147 13.2426176071167 13.2841436862946 13.2330040931702 13.270530462265 13.2967233657837 13.3229162693024 13.3557765483856 13.4130659103394 13.5314536094666 13.6078410148621 13.6588943004608 13.6626148223877 13.7190012931824 13.8413889408112 13.9104430675507 14.0434966087341 14.0825502872467 14.0556044578552 14.0286583900452 13.9600245952606 14.02503657341 14.1620485782623 14.1450612545013 14.2494058609009 14.2830848693848 14.2500977516174 14.1671097278595 14.1381216049194 14.133133649826 14.1621458530426 14.1991584300995 14.2019917964935 14.1553134918213 14.2159693241119 14.1906244754791 14.2159464359283 14.2746012210846 14.5005903244019 14.6145792007446 14.483234167099 14.4252228736877
13.4152953624725 13.5274970531464 13.5216982364655 13.3572328090668 13.4007682800293 13.4803037643433 13.5138399600983 13.6067094802856 13.5842456817627 13.5264487266541 13.4713175296783 13.3935203552246 13.3570563793182 13.2685930728912 13.1741292476654 13.2249984741211 13.1565048694611 13.2799806594849 13.429456949234 13.4809331893921 13.5797424316406 13.7012193202972 13.8000285625458 13.9095044136047 13.9709813594818 14.0577902793884 14.0639333724976 13.9867436885834 13.9934949874878 14.0335221290588 13.9715495109558 14.2275762557983 14.3722701072693 14.3256306648254 14.2356579303741 14.3876855373383 14.499712228775 14.4250731468201 14.4351003170013 14.4777941703796 14.5231363773346 14.4904606342316 14.4064507484436 14.285108089447 14.2570986747742 14.3170890808105 14.3657467365265 14.3924036026001 14.4837276935577 14.4250514507294
13.4048056602478 13.444226026535 13.5196464061737 13.5850677490234 13.6145508289337 13.5774297714233 13.4243087768555 13.5898544788361 13.596734046936 13.5909461975098 13.6178250312805 13.5120372772217 13.3862495422363 13.3491282463074 13.2106742858887 13.1568865776062 13.145275592804 13.3538408279419 13.3970727920532 13.4276387691498 13.4742038249969 13.5781028270721 13.7500009536743 13.7818999290466 13.8811321258545 13.9410307407379 13.9442629814148 13.9548280239105 14.1876320838928 14.1640074253082 13.781049489975 13.9967589378357 14.2398006916046 14.3435099124908 14.3572187423706 14.4202609062195 14.5193033218384 14.7023453712463 14.7093880176544 14.5344302654266 14.6716139316559 14.684273481369 14.6269326210022 14.4875917434692 14.3329174518585 14.3335771560669 14.3235688209534 14.4328951835632 14.4255542755127 14.5915465354919
13.3309814929962 13.2729551792145 13.464262008667 13.4809024333954 13.5503332614899 13.6525554656982 13.7334434986115 13.7389991283417 13.6965546607971 13.7087762355804 13.6623322963715 13.560554265976 13.4534425735474 13.4029979705811 13.3598864078522 13.3281090259552 13.2953805923462 13.3757014274597 13.37468957901 13.3836770057678 13.4439985752106 13.5456528663635 13.5546407699585 13.5329620838165 13.7199501991272 13.8369374275208 13.7972588539124 13.7095799446106 13.8017692565918 13.9358265399933 14.2132170200348 14.3152747154236 14.2619981765747 14.4320557117462 14.3647797107697 14.4255032539368 14.537561416626 14.6056182384491 14.6730086803436 14.8137328624725 14.8647589683533 14.8880865573883 14.7287473678589 14.4614088535309 14.3760695457458 14.276064157486 14.3067252635956 14.3733861446381 14.5107140541077 14.688708782196
13.1642363071442 13.1601934432983 13.2554824352264 13.4194383621216 13.5562601089478 13.611279964447 13.6589663028717 13.6979858875275 13.7670059204102 13.7846925258636 13.7997121810913 13.765398979187 13.6084191799164 13.4647719860077 13.3397917747498 13.3034782409668 13.1827871799469 13.209716796875 13.2133135795593 13.2215764522552 13.2398397922516 13.3134365081787 13.3796999454498 13.4559631347656 13.488893032074 13.6231565475464 13.5867528915405 13.850349187851 13.9624888896942 13.8791699409485 13.8845183849335 14.103866815567 14.444548368454 14.6578960418701 14.5752449035645 14.5112593173981 14.485940694809 14.4799554347992 14.7619709968567 14.7586522102356 14.4050269126892 14.8477611541748 14.8638291358948 14.5058965682983 14.3152976036072 14.1533658504486 14.2274327278137 14.2081673145294 14.5489017963409 14.7309696674347
13.2512376308441 13.151939868927 13.0413086414337 13.299343585968 13.4963307380676 13.6169369220734 13.6582093238831 13.7434816360474 13.815420627594 13.8413600921631 13.7879662513733 13.7792389392853 13.7358448505402 13.671117067337 13.4703896045685 13.2849960327148 13.1634948253632 13.0418863296509 12.9849445819855 12.9826700687408 13.1830615997314 13.0701200962067 13.0965118408203 13.1535701751709 13.3212954998016 13.4990203380585 13.7094123363495 13.8371367454529 13.9911239147186 14.072705745697 14.0422871112823 14.126535654068 14.304783821106 14.5190317630768 14.5439465045929 14.6035284996033 14.733776807785 14.7866916656494 14.8756067752838 14.9105217456818 14.823751449585 14.8006310462952 14.8475096225739 14.8030560016632 14.4946014881134 14.2854804992676 14.1070261001587 14.3812386989594 14.6287846565247 14.6449971199036
13.4335715770721 13.4723527431488 13.4351336956024 13.4605813026428 13.5630679130554 13.6405937671661 13.7254519462585 13.8103108406067 13.8578357696533 13.8366942405701 13.8135526180267 13.8124120235443 13.7092702388763 13.5394625663757 13.5536544322968 13.4791796207428 13.30220246315 13.2007224559784 13.0625762939453 13.002429485321 13.0089499950409 13.0528032779694 13.0753238201141 13.1405107975006 13.2076971530914 13.2655510902405 13.5520715713501 13.7339243888855 13.8864259719849 13.9395742416382 13.793389081955 13.7972044944763 13.9330193996429 14.1315011978149 14.2759826183319 14.3631312847137 14.4696125984192 14.5694274902344 14.8125755786896 14.9490575790405 14.8538105487823 14.8408343791962 14.8305246829987 14.9402146339417 14.5065717697144 14.5002624988556 14.1959521770477 14.4396431446075 14.6773335933685 14.5776908397675
13.419239282608 13.5427660942078 13.6349596977234 13.6171531677246 13.6364724636078 13.7369167804718 13.8200280666351 13.8518061637878 13.8349175453186 13.8366949558258 13.8031399250031 13.8495845794678 13.805362701416 13.703807592392 13.5869193077087 13.5160300731659 13.4369099140167 13.4242255687714 13.3568742275238 13.1428565979004 13.1635050773621 13.1848206520081 13.2474689483643 13.2714512348175 13.3040997982025 13.3320817947388 13.3473973274231 13.3100459575653 13.5450613498688 13.7911095619202 13.9658246040344 14.0252060890198 14.1299216747284 14.1546368598938 14.2233517169952 14.4507329463959 14.5861151218414 14.6461639404297 14.7608785629272 14.8542602062225 14.9685354232788 14.8237037658691 14.8028726577759 14.9293739795685 14.961208820343 14.7363774776459 14.7022128105164 14.5100483894348 14.5432159900665 14.3970515727997
