data/spatiotemp/temp1/bio14_norsw_test_2003_2006.asc
NCOLS 654 
NROWS 380 
XLLCORNER 3.91666666666667 
YLLCORNER 55.3333333333333 
CELLSIZE 0.0416666666666666 
NODATA_value -9999 
[rows 132 to 153 of 380, columns 300 to 349 of 654]
20.6883764266968 21.1763486862183 20.3328323364258 19.6586675643921 20.8157963752747 20.1424489021301 20.1351208686829 21.4590229988098 21.9529190063477 21.9465231895447 21.2748847007751 21.9337320327759 22.6361956596375 22.1024942398071 21.868218421936 21.171528339386 20.4785504341125 19.9543967247009 20.032199382782 20.5952286720276 21.0098490715027 20.3496222496033 20.1546087265015 19.0395655632019 18.843535900116 19.1089353561401 20.7622017860413 20.1088304519653 19.1573033332825 18.5087389945984 18.7730450630188 18.7371582984924 18.5596923828125 18.8318061828613 18.1975569725037 17.5649795532227 17.5444912910461 16.7594857215881 17.6091198921204 16.7111430168152 16.0851533412933 16.2941117286682 16.038482427597 16.0151476860046 15.8475470542908 16.1262392997742 16.4012913703918 16.5187363624573 16.7916479110718 17.220703125
24.253755569458 23.9011054039001 23.2224640846252 21.7077717781067 21.5299482345581 20.1865367889404 19.8443236351013 20.6700248718262 21.3295516967773 21.9897842407227 21.3168635368347 21.310519695282 21.7528424263 21.5196294784546 21.4558892250061 21.696861743927 21.6327595710754 21.4088373184204 21.1861686706543 20.497935295105 20.4474306106567 19.784764289856 18.8254351615906 18.6270527839661 18.7495527267456 18.8558812141418 18.6597013473511 18.6224265098572 18.428286075592 18.3911743164062 18.3540630340576 18.316951751709 18.285617351532 18.2600593566895 18.2345027923584 17.9093999862671 17.4281301498413 17.102840423584 17.0717406272888 16.8985486030579 16.8745975494385 16.2481679916382 16.2250196933746 16.2018699645996 16.3356158733368 17.0692076683044 17.9446496963501 18.2187223434448 17.0000815391541 17.274715423584
23.4749040603638 23.462034702301 24.1183805465698 24.4343700408936 24.2531409263611 23.5733261108398 23.3943662643433 21.3797254562378 20.0358400344849 21.1914920806885 22.2459855079651 21.7047805786133 21.0018811225891 21.410099029541 21.3479347229004 21.2906255722046 21.2282590866089 21.1658930778503 21.4077157974243 21.3490433692932 20.6699800491333 20.6274018287659 19.3384594917297 18.6764574050903 19.0984578132629 18.44056224823 18.4019422531128 18.6648283004761 18.927143573761 18.5870137214661 18.6934957504272 18.5091996192932 18.1667656898499 17.9959025382996 17.9714555740356 17.9470090866089 17.7654886245728 17.4412927627563 17.2673840522766 17.0865521430969 16.9147329330444 16.7443246841431 16.2655267715454 16.5465559959412 16.6815071105957 16.9588670730591 17.537365436554 17.6724948883057 18.5479621887207 18.5248370170593
23.3619313240051 22.0063724517822 22.4921698570251 22.6505260467529 22.466739654541 22.2843160629272 22.2722821235657 22.9295778274536 22.0829195976257 20.0693011283875 21.3507328033447 22.5762157440186 22.6486277580261 21.1627035140991 20.9377012252808 20.8772435188293 21.1222343444824 20.5943012237549 20.6991667747498 21.5719847679138 20.5666909217834 19.2706670761108 19.2313561439514 18.5662355422974 18.9882383346558 18.947461605072 18.7477698326111 18.707230091095 19.1252880096436 19.0836777687073 19.0601391792297 18.2326488494873 18.2014656066895 18.3319125175476 18.463577747345 17.8167591094971 17.7918791770935 17.6215310096741 17.7467441558838 17.7214550971985 17.3720002174377 17.5231413841248 17.0299463272095 17.1931023597717 17.3168144226074 17.4531373977661 17.5867204666138 17.2661833763123 17.8457646369934 20.2238278388977
21.9011874198914 21.8873543739319 21.2013816833496 21.6874971389771 21.6743440628052 20.9899964332581 20.8070130348206 20.7948560714722 21.4559087753296 20.779139995575 19.9412059783936 20.3631315231323 21.1153512001038 21.0556178092957 20.356153011322 20.2981886863708 20.8522152900696 20.7935690879822 21.5324249267578 21.3093414306641 20.301637172699 20.4197287559509 19.7479591369629 19.0789179801941 18.5728249549866 18.8339757919312 19.2542457580566 18.1298575401306 18.5146832466125 19.099865436554 19.2040882110596 18.8589267730713 17.8799920082092 18.3249907493591 19.0754661560059 19.0500946044922 18.4046273231506 18.5307846069336 18.5054864883423 17.7177886962891 17.6935143470764 17.6692399978638 17.6449661254883 18.4483480453491 18.1262769699097 18.1053438186646 17.6253733634949 18.0634770393372 18.5017237663269 18.0216097831726
21.2816729545593 21.266809463501 21.0779590606689 21.0637760162354 20.8769702911377 20.8634686470032 21.3508701324463 21.957498550415 22.5420684814453 23.1303887367249 21.9385471343994 21.707332611084 21.3394827842712 20.6366367340088 20.4126105308533 20.5226821899414 20.6046295166016 22.2676563262939 21.90065574646 21.2071409225464 20.6859526634216 20.6386876106262 20.591423034668 19.1288208961487 18.4592428207397 18.4165487289429 18.676953792572 18.3899388313293 18.9761037826538 19.0896167755127 18.6606221199036 18.5245351791382 18.4912910461426 18.4677214622498 18.4516844749451 18.4277048110962 18.4037275314331 18.675537109375 18.6506352424622 18.3317933082581 17.8399138450623 18.228066444397 18.813111782074 18.9492526054382 19.3741011619568 18.9065923690796 18.280590057373 18.26051902771 18.2404470443726 18.3806371688843
19.9831829071045 19.7919988632202 20.9523029327393 20.2627987861633 20.24835729599 20.9077672958374 20.7205429077148 21.3565855026245 21.6006164550781 21.5426397323608 21.3134026527405 21.2561912536621 21.5372161865234 21.0015716552734 20.1336283683777 19.9118590354919 19.8573312759399 20.9129204750061 21.327287197113 20.7987957000732 20.7455825805664 21.7962355613708 20.952440738678 19.1787242889404 18.6664681434631 18.6214027404785 18.4148378372192 18.3814558982849 19.5940537452698 20.8010306358337 19.0346827507019 18.5219435691833 18.3338775634766 19.0785727500916 17.9667882919312 17.944299697876 18.5413689613342 19.1440124511719 19.5872693061829 18.9270486831665 19.0540552139282 18.729989528656 18.7070279121399 18.9850339889526 19.1240649223328 18.6573910713196 18.4777135848999 18.4744620323181 18.9011092185974 18.899405002594
19.3559098243713 19.162802696228 18.9710578918457 18.9562153816223 18.2657451629639 18.7523531913757 19.4129209518433 19.7488718032837 20.9987030029297 20.9431629180908 21.3680605888367 21.6207990646362 21.9033851623535 21.8451871871948 21.4503579139709 21.3935446739197 21.1699466705322 20.6401152610779 20.2774767875671 20.694429397583 19.8419804573059 20.1210646629333 20.3772387504578 19.228627204895 19.1811752319336 18.9429726600647 18.8986573219299 18.5314779281616 18.8100275993347 19.6949234008789 19.1798462867737 18.9880590438843 18.6320748329163 18.6095561981201 18.2888145446777 17.9445776939392 18.0669536590576 18.5194807052612 18.6904182434082 19.098548412323 19.4096508026123 19.3871593475342 19.5130591392517 19.3421745300293 18.7119269371033 18.5472621917725 18.992461681366 18.3667650222778 18.3498125076294 19.1020426750183
20.5837550163269 19.2090730667114 18.5143532752991 18.9989495277405 18.1299223899841 17.6138334274292 17.4241542816162 17.821439743042 18.90740442276 20.6508212089539 21.5940160751343 22.0178155899048 23.0904202461243 24.1567740440369 24.0938668251038 24.0309581756592 23.4929618835449 23.0973801612854 23.2023205757141 22.5028600692749 20.7008843421936 18.9070906639099 19.4925603866577 19.9103689193726 19.6141920089722 18.9362759590149 19.0505771636963 18.8459854125977 18.478301525116 18.4334182739258 18.5449738502502 18.9661779403687 18.7878432273865 18.445276260376 18.4244465827942 18.2595286369324 18.3914108276367 18.5220394134521 18.5001769065857 18.7124319076538 19.4557499885559 18.9707555770874 19.4129734039307 19.2434816360474 18.761134147644 18.7447099685669 18.43528175354 18.2739009857178 17.7949390411377 18.5518260002136
20.4545211791992 19.7561960220337 18.3794975280762 18.3627743721008 18.1689577102661 18.1529150009155 17.4595775604248 17.4440741539001 18.4686923027039 17.7645533084869 20.02814245224 20.2862429618835 20.2337827682495 20.1813201904297 21.086564540863 21.6788439750671 22.738648891449 23.9682698249817 24.7153563499451 24.1771421432495 23.475447177887 21.0333232879639 19.3792252540588 19.3284344673157 19.9094891548157 20.0174398422241 19.0432381629944 19.4430413246155 19.4182472229004 18.4235210418701 18.6997013092041 18.9542679786682 18.4549279212952 18.589738368988 18.5693445205688 18.4052515029907 18.385066986084 18.3648815155029 18.15877866745 18.2910809516907 18.271862745285 18.2526443004608 18.8473529815674 19.1386866569519 18.9730954170227 18.9584808349609 18.6338195800781 18.47301197052 18.0478057861328 17.8938555717468
20.4735989570618 19.7749729156494 19.0774083137512 19.5606904029846 18.864875793457 18.1701235771179 17.4764330387115 16.7838053703308 16.7739319801331 16.7689933776855 16.6162548065186 17.5358159542084 17.6645669937134 17.788991689682 18.393114566803 19.3030581474304 20.7141757011414 22.0394105911255 21.9853405952454 21.4562430381775 22.0417652130127 21.3501667976379 20.189076423645 20.2859959602356 20.0878162384033 18.9221496582031 18.8741655349731 18.3575387001038 18.9364895820618 19.0324492454529 19.1399912834167 19.8552289009094 19.1978178024292 18.8785214424133 19.0119996070862 19.1442275047302 19.1224007606506 18.9483895301819 18.3199596405029 18.4499015808105 18.2779746055603 17.9610548019409 18.7051739692688 19.4469017982483 19.4276738166809 19.2633008956909 19.2468175888062 19.3937888145447 18.9218435287476 18.29549741745
21.1427035331726 20.4458112716675 20.2481722831726 20.232394695282 20.2166175842285 20.0217790603638 18.8298921585083 18.1379437446594 17.208238363266 16.5073139667511 16.6423721313477 17.0816884040833 17.3842241764069 17.4303340911865 17.7749824523926 18.6883840560913 18.2286939620972 18.995801448822 19.1941237449646 18.9046912193298 19.0948119163513 19.0397124290466 18.7572612762451 19.0163316726685 19.9219737052917 19.3990530967712 19.0228362083435 18.9708642959595 19.0628366470337 19.0103511810303 19.1146936416626 19.061408996582 19.6288814544678 19.6046009063721 19.1163048744202 19.1041989326477 19.0795698165894 19.2069482803345 19.1816611289978 18.8656001091003 18.8412475585938 18.9662642478943 17.8556160926819 17.8693957328796 18.7477049827576 18.8780326843262 18.7144770622253 19.1617760658264 18.9998507499695 18.374927520752
21.1308016777039 20.9322805404663 20.2387776374817 20.2246856689453 20.8887710571289 21.0356440544128 21.6348524093628 23.2460918426514 21.8595676422119 20.7978076934814 18.9517049789429 17.5936722755432 16.8967685699463 17.0264039039612 17.4629838466644 17.902795791626 18.5496077537537 19.0022320747375 18.4636392593384 18.4206547737122 18.8652791976929 18.3215231895447 17.7977170944214 17.5841789245605 19.4303555488586 19.3750567436218 18.2229437828064 19.0997467041016 19.0440001487732 19.4537391662598 18.932505607605 18.8767590522766 18.9764719009399 19.5820388793945 19.5545239448547 19.5270085334778 19.0367403030396 19.0093107223511 18.843213558197 19.4290432929993 19.4011569023132 18.7618970870972 18.1241970062256 17.340389251709 18.0737524032593 18.6602897644043 18.6377282142639 18.6151657104492 18.4478540420532 18.2816848754883
22.1064162254333 22.0936789512634 21.4024133682251 20.7118539810181 20.6998219490051 20.4945292472839 20.9777979850769 21.2437195777893 20.8676981925964 19.9924449920654 19.4453468322754 19.244264125824 18.5444149971008 18.017884016037 17.4930078983307 17.4522867202759 17.592452287674 18.5119004249573 18.4702644348145 18.5950002670288 19.3316268920898 19.7653727531433 18.9064283370972 18.5234279632568 18.3233132362366 17.9421525001526 17.5838184356689 17.8316321372986 18.7250089645386 19.4308581352234 19.6680755615234 18.2293643951416 18.481339931488 18.9300351142883 19.3623695373535 19.6239290237427 19.6078476905823 19.5767531394958 19.4086790084839 18.9032230377197 18.8729934692383 19.3165068626404 19.2857828140259 18.7823066711426 17.9991569519043 17.9718103408813 19.155125617981 18.5216035842896 18.963475227356 18.7912397384644
22.7690606117249 22.0795588493347 22.746753692627 22.0578389167786 21.7393550872803 22.0361194610596 21.7912302017212 20.4278483390808 19.870801448822 19.8286151885986 19.6386704444885 19.7442421913147 20.3530802726746 18.3605880737305 17.6729159355164 16.9880120754242 16.6210081577301 17.2289752960205 17.1914548873901 17.4664492607117 18.5535321235657 18.6394443511963 18.2718067169189 17.8869481086731 18.4612679481506 18.4018759727478 17.8753228187561 17.8170118331909 18.3825135231018 19.083655834198 18.8817858695984 17.8782119750977 17.9881839752197 18.895646572113 19.1541051864624 19.4446649551392 19.4114446640015 19.5296988487244 19.0203080177307 19.0019388198853 18.968147277832 19.5421943664551 18.7529020309448 18.1139378547668 18.0810222625732 17.9017596244812 17.3979675769806 17.6914279460907 18.8605937957764 18.957266330719
22.0744204521179 22.7432556152344 23.1086039543152 24.4432101249695 24.1011934280396 22.0887989997864 22.0848360061646 22.0808734893799 21.3512811660767 21.4540090560913 20.4365334510803 19.742082118988 19.1965322494507 18.6782236099243 18.4689259529114 17.7836441993713 17.2701258659363 17.3790874481201 17.5104422569275 18.2821507453918 18.2319340705872 17.5327463150024 18.1092076301575 18.3755264282227 18.4553775787354 17.7633762359619 18.3303470611572 18.5673766136169 18.5032548904419 18.3008108139038 17.9130263328552 17.7130835056305 18.280873298645 18.2468791007996 18.9616899490356 19.5384912490845 19.5019516944885 18.8551878929138 18.9701857566833 18.9338879585266 19.0464949607849 19.0093998908997 18.8249945640564 18.1847014427185 17.5442640781403 17.9621925354004 17.9230160713196 17.2846746444702 17.7017922401428 17.9888477325439
22.0566391944885 23.3910717964172 24.0569887161255 24.0545878410339 23.0123100280762 22.0456385612488 22.043438911438 22.706109046936 22.977231502533 22.2764329910278 22.0585832595825 20.7100372314453 20.8137063980103 19.4727382659912 19.4336767196655 19.3946151733398 18.7097687721252 19.3164925575256 18.802444934845 18.4336585998535 18.7120413780212 18.8122372627258 19.216552734375 20.4159207344055 20.9751214981079 19.6422863006592 18.3182091712952 19.0158834457397 19.1064124107361 18.4164443016052 17.8879957199097 17.821900844574 17.9260969161987 17.8891987800598 17.8523006439209 18.4264540672302 18.99835729599 19.1103291511536 18.3123865127563 18.2743654251099 18.7108969688416 18.1983199119568 18.6336359977722 18.4488759040833 18.0804097652435 17.4353432655334 17.2472715377808 17.657244682312 17.6130754947662 17.4419825077057
22.6855659484863 21.6774010658264 22.343273639679 22.6701226234436 22.9903616905212 22.9406881332397 22.6687698364258 22.6683192253113 23.3058896064758 23.5796408653259 22.227246761322 20.8511905670166 20.4947538375854 19.9496102333069 19.433934211731 19.5667185783386 19.6982893943787 19.9916000366211 19.4519724845886 20.6981167793274 21.4229063987732 20.8722777366638 20.1590399742126 19.4503931999207 19.3775825500488 19.304771900177 19.231960773468 20.4078755378723 19.0863394737244 17.773983001709 17.9979772567749 18.1184659004211 17.8950519561768 17.8554780483246 18.4269137382507 18.1015491485596 18.19353723526 18.6302180290222 18.1335604190826 18.0933394432068 18.0531182289124 17.6674077510834 18.1006362438202 18.2055959701538 17.8687951564789 17.8180904388428 17.7673847675323 17.2652752399445 17.3405916690826 17.6152691841125
22.6179294586182 22.2946157455444 21.9553451538086 22.2963199615479 22.6233878135681 22.95148229599 23.5347166061401 23.1496787071228 22.9599447250366 23.5731873512268 22.8454957008362 21.4991102218628 20.8084053993225 20.6269340515137 20.5884356498718 20.2160310745239 20.1780152320862 19.9976491928101 20.1019821166992 21.016960144043 21.4296269416809 21.5139093399048 22.5368375778198 22.6142549514771 21.2639727592468 21.1806597709656 20.309663772583 20.2297849655151 20.6361079216003 18.6973652839661 18.1636610031128 18.7050280570984 18.3586921691895 18.603723526001 18.1049139499664 18.0850858688354 18.020845413208 18.2587094306946 18.2151622772217 17.7172157764435 18.7301316261292 17.9373598098755 17.4415023326874 17.3793542385101 17.8025081157684 18.0141248703003 17.9563348293304 17.3073644638062 17.5766310691833 17.055291891098
21.9007234573364 21.9038114547729 22.1897559165955 23.2378635406494 23.905170917511 23.9026255607605 23.5729875564575 22.8196659088135 22.2651219367981 22.2257032394409 22.6973509788513 22.4834303855896 21.9655594825745 20.9409317970276 20.2547011375427 20.0470323562622 20.3231172561646 20.4564523696899 20.893768787384 22.310338973999 20.9633960723877 20.2405333518982 20.9336023330688 22.5838356018066 22.3547406196594 22.4265294075012 22.1729955673218 21.9472413063049 21.8572020530701 20.5303664207458 19.9618210792542 19.0019912719727 18.6145362854004 18.7237005233765 18.0689244270325 18.6315062046051 17.9794952869415 18.5393123626709 18.016898393631 17.6446461677551 18.1994414329529 18.277322769165 17.6320757865906 17.1937911510468 17.2646427154541 17.7964696884155 17.7337574958801 17.0825264453888 16.9007749557495 16.840548992157
21.1866688728333 21.511748790741 21.5170474052429 22.8473949432373 24.1783308982849 25.0030794143677 23.8226709365845 22.6328501701355 21.4253039360046 21.2142848968506 21.0377554893494 21.0022525787354 21.2807340621948 21.0808472633362 21.0446066856384 21.008367061615 21.6185088157654 21.8919463157654 21.7136011123657 22.3187475204468 22.2526597976685 21.6598453521729 21.4303641319275 21.3398175239563 21.3855795860291 20.9958329200745 21.3973689079285 21.3061861991882 21.835325717926 20.9653306007385 20.7441897392273 20.6549825668335 19.519172668457 18.8610367774963 18.8133523464203 18.4392366409302 17.913325548172 17.7403428554535 17.3668599128723 17.5931272506714 17.5448150634766 17.9472057819366 17.7760870456696 17.2552893161774 17.1984655857086 17.132159948349 17.2075321674347 16.9995489120483 16.3495864868164 16.7484896183014
20.47576379776 20.4819750785828 20.8070507049561 21.0977625846863 21.0657830238342 21.8320555686951 21.4822201728821 21.4496936798096 20.7253303527832 20.3772802352905 20.0063629150391 20.6262249946594 20.7666807174683 20.7330942153931 20.8718957901001 20.8377571105957 21.2539496421814 21.0796866416931 21.0449471473694 22.4665341377258 21.9262557029724 21.8300433158875 21.5673108100891 22.1055469512939 21.8434987068176 21.7468371391296 21.2213845252991 20.6660866737366 21.033989906311 20.9402923583984 21.4609045982361 21.2356653213501 20.2244238853455 20.170138835907 19.7892231941223 19.0042185783386 18.4737632274628 18.4223806858063 18.0435481071472 17.3933861255646 17.3433539867401 17.2933211326599 17.2432894706726 17.4571299552917 17.7226674556732 17.1788640022278 16.6619815826416 16.5909109115601 16.2638638019562 16.5183424949646
