data/spatiotemp/temp1/bio10_norsw_test_2003_2006.asc
NCOLS 654 
NROWS 380 
XLLCORNER 3.91666666666667 
YLLCORNER 55.3333333333333 
CELLSIZE 0.0416666666666666 
NODATA_value -9999 
[rows 330 to 351 of 380, columns 250 to 299 of 654]
15.298520565033 15.2931232452393 15.2097265720367 15.2036628723145 15.2362651824951 15.2082014083862 15.2681376934052 15.3620734214783 15.3926768302917 15.3586130142212 15.3974056243896 15.3350546360016 15.4460363388062 15.5543525218964 15.5940020084381 15.591650724411 15.6639668941498 15.7542827129364 15.7052645683289 15.5342473983765 15.6205635070801 15.6942129135132 15.8365490436554 15.8789050579071 15.87992811203 15.9022841453552 15.8866403102875 16.0183303356171 16.0453526973724 16.051041841507 16.1700649261475 16.1730878353119 16.2374444007874 16.2558012008667 16.3183038234711 16.4029533863068 16.3876023292542 16.2722527980804 16.2635686397552 16.3308844566345 16.3708679676056 16.2935173511505 16.3288333415985 16.3601500988007 16.4241330623627 16.5461156368256 16.5056450366974 16.4973878860474 16.5071308612823 16.5148735046387
15.3130660057068 15.265608549118 15.3688185214996 15.4346950054169 15.3452372550964 15.3851139545441 15.4269907474518 15.4908666610718 15.4254097938538 15.3852863311768 15.4091441631317 15.3743166923523 15.4234890937805 15.5326616764069 15.5098345279694 15.491673707962 15.4755129814148 15.5233523845673 15.5751922130585 15.4950306415558 15.4955370426178 15.5327098369598 15.7762675285339 15.8815426826477 15.9548194408417 16.0140948295593 15.9667041301727 16.0019791126251 16.0619211196899 16.105863571167 16.1411402225494 16.227080821991 16.2610242366791 16.2709662914276 16.3812482357025 16.4585359096527 16.4398238658905 16.2671122550964 16.2150671482086 16.2670214176178 16.3043096065521 16.2509305477142 16.2595520019531 16.3281738758087 16.3807950019836 16.4820826053619 16.4782633781433 16.4373347759247 16.4537398815155 16.4681448936462
15.5636103153229 15.3940942287445 15.4705770015717 15.5143938064575 15.4942100048065 15.4493596553802 15.4691762924194 15.41565990448 15.4114763736725 15.447292804718 15.4662160873413 15.4269123077393 15.4709415435791 15.3936376571655 15.3870010375977 15.4156970977783 15.4423933029175 15.4624230861664 15.4897856712341 15.4931485652924 15.4585113525391 15.5065414905548 15.6499869823456 15.6888482570648 15.7563767433167 15.7312383651733 15.7974328994751 15.902961730957 15.9038233757019 15.9693520069122 16.0328795909882 15.9790751934052 16.1072702407837 16.186131477356 16.2588591575623 16.3781192302704 16.4713788032532 16.428638458252 16.341231584549 16.2798252105713 16.2950854301453 16.3190112113953 16.3249382972717 16.3595309257507 16.4114577770233 16.4293842315674 16.4362142086029 16.4259481430054 16.4330155849457 16.5167491436005
15.7414882183075 15.4905796051025 15.4363360404968 15.4680924415588 15.5545160770416 15.5502724647522 15.5073626041412 15.4891195297241 15.4562096595764 15.4299666881561 15.5192878246307 15.4888410568237 15.4510607719421 15.371280670166 15.4268341064453 15.3717203140259 15.2686064243317 15.254159450531 15.2417130470276 15.2439322471619 15.217485666275 15.2230384349823 15.3277051448822 15.48415350914 15.5466010570526 15.5743820667267 15.6608295440674 15.717277765274 15.7883920669556 15.7368395328522 15.834620475769 15.9684014320374 15.9928486347198 16.0199627876282 16.0984697341919 16.2630348205566 16.3529334068298 16.4814982414246 16.4513969421387 16.3446280956268 16.372526884079 16.4230914115906 16.4343237876892 16.4542224407196 16.4601199626923 16.4580187797546 16.4394991397858 16.4432282447815 16.4629573822021 16.5880198478699
15.6543436050415 15.508175611496 15.3513414859772 15.3838398456573 15.4330050945282 15.5575037002563 15.6826691627502 15.5405011177063 15.4596664905548 15.4661650657654 15.5080518722534 15.4939923286438 15.456600189209 15.3365414142609 15.5551490783691 15.5690903663635 15.3823642730713 15.2403054237366 15.1849129199982 15.271520614624 15.1947946548462 15.2074027061462 15.3146235942841 15.4224607944489 15.4482958316803 15.4567987918854 15.5233016014099 15.5238039493561 15.6289734840393 15.7174770832062 15.8293120861053 15.9104814529419 15.9756505489349 16.022153377533 16.1081387996674 16.1922726631165 16.2850725650787 16.4225397109985 16.5186734199524 16.4681403636932 16.4729406833649 16.4330747127533 16.4285416603088 16.4500086307526 16.4774758815765 16.4776082038879 16.4842302799225 16.4813387393951 16.5004463195801 16.5395543575287
15.5621747970581 15.4795508384705 15.3882594108582 15.4156348705292 15.4416768550873 15.5557191371918 15.6490952968597 15.5371370315552 15.4618463516235 15.5205547809601 15.659839630127 15.5890328884125 15.5142266750336 15.5320863723755 15.5359463691711 15.660472869873 15.5856666564941 15.2461931705475 15.2613859176636 15.4185795783997 15.236439704895 15.1589663028717 15.178076505661 15.29176902771 15.3567957878113 15.3518226146698 15.3901822566986 15.4245419502258 15.5282351970673 15.6085956096649 15.7189555168152 15.8433148860931 15.9476754665375 16.0020353794098 16.0891981124878 16.1778304576874 16.2477965354919 16.3237628936768 16.4350614547729 16.5156943798065 16.5376596450806 16.4396262168884 16.4109256267548 16.4375584125519 16.4688575267792 16.4754898548126 16.5290744304657 16.540944814682 16.511482000351 16.5433523654938
15.6506724357605 15.539591550827 15.4738447666168 15.4400973320007 15.4496824741364 15.5092685222626 15.5888545513153 15.5824406147003 15.4400265216827 15.4442784786224 15.5982944965363 15.6760737895966 15.5278520584106 15.5336310863495 15.5220766067505 15.6958563327789 15.7169682979584 15.3780806064606 15.4191932678223 15.6103048324585 15.3934173583984 15.1938629150391 15.190860748291 15.2550780773163 15.3186287879944 15.3948459625244 15.4163966178894 15.4859471321106 15.5628309249878 15.6343812942505 15.7672653198242 15.8354821205139 15.8363659381866 15.9205837249756 15.9942579269409 16.1240558624268 16.1765203475952 16.2403190135956 16.278783082962 16.3372480869293 16.4877128601074 16.5101771354675 16.4413092136383 16.4537737369537 16.4455716609955 16.4533696174622 16.5092525482178 16.4865515232086 16.5251839160919 16.5518171787262
15.7691705226898 15.5936336517334 15.4434297084808 15.4178924560547 15.4350218772888 15.5221509933472 15.6019468307495 15.4910769462585 15.5655393600464 15.6220026016235 15.694082736969 15.7564477920532 15.6701447963715 15.6065104007721 15.4928743839264 15.5912389755249 15.7329370975494 15.5999684333801 15.7303328514099 15.700031042099 15.5217282772064 15.2620930671692 15.2023129463196 15.246387720108 15.3377950191498 15.361869096756 15.3859443664551 15.4900176525116 15.5507590770721 15.5935006141663 15.7169079780579 15.7809827327728 15.7910571098328 15.8324646949768 15.9466509819031 16.0822811126709 16.1305782794952 16.1868743896484 16.263171672821 16.3354690074921 16.4324324131012 16.4127287864685 16.4176926612854 16.4379897117615 16.4182865619659 16.3885836601257 16.4294290542603 16.4601573944092 16.4902193546295 16.5116145610809
15.7276682853699 15.5570085048676 15.5023477077484 15.4110209941864 15.4250271320343 15.5423669815063 15.6010401248932 15.4523801803589 15.601719379425 15.7777254581451 15.8425374031067 15.8228209018707 15.8157708644867 15.8433883190155 15.675005197525 15.67862200737 15.7029058933258 15.6798551082611 15.6074731349945 15.5510897636414 15.354040145874 15.2283234596252 15.2017645835876 15.2430295944214 15.3309614658356 15.3882260322571 15.387491941452 15.484756231308 15.5333547592163 15.5879533290863 15.6545517444611 15.722482919693 15.8104145526886 15.9023463726044 15.962376832962 16.0538399219513 16.161301612854 16.2500972747803 16.300892829895 16.3716888427734 16.4204847812653 16.4312801361084 16.4254093170166 16.3915383815765 16.4090011119843 16.4237971305847 16.4042735099792 16.4130976200104 16.4645886421204 16.5927453041077
15.5554995536804 15.538382768631 15.4625995159149 15.5088160037994 15.556366443634 15.6952497959137 15.6001324653625 15.5970160961151 15.662565946579 15.8274493217468 15.9269919395447 15.8691947460175 15.8120636940002 15.8742666244507 15.7864689826965 15.6466720104218 15.5502073764801 15.5550770759583 15.5232796669006 15.491482257843 15.3450183868408 15.2318873405457 15.2418830394745 15.3463380336761 15.4187941551208 15.420583486557 15.4463717937469 15.4834942817688 15.4939494132996 15.6024055480957 15.7395279407501 15.7219836711884 15.8031058311462 15.867561340332 15.9167695045471 15.996063709259 16.1000254154205 16.2053208351135 16.3252818584442 16.4265763759613 16.4912037849426 16.4044995307922 16.4077925682068 16.3970878124237 16.3450486660004 16.3670105934143 16.3717844486237 16.3740365505219 16.4482901096344 16.6372101306915
15.5059971809387 15.548424243927 15.6068511009216 15.6132786273956 15.6343722343445 15.7287986278534 15.8172256946564 15.8309860229492 15.8640794754028 15.9878396987915 16.0021140575409 15.957569360733 15.8110234737396 15.7884790897369 15.8079333305359 15.7047216892242 15.639509677887 15.5229654312134 15.5190868377686 15.5032076835632 15.5119953155518 15.4081177711487 15.3273346424103 15.3456473350525 15.420627117157 15.441606760025 15.4332525730133 15.5368990898132 15.5638785362244 15.6155252456665 15.7145047187805 15.8028173446655 15.8697969913483 15.9114434719086 15.9364957809448 16.0042898654938 16.0780823230743 16.16987657547 16.2410032749176 16.3421297073364 16.4052567481995 16.3697168827057 16.3568434715271 16.3026373386383 16.3190972805023 16.3295567035675 16.3606276512146 16.4276432991028 16.5519921779633 16.6650080680847
15.5551617145538 15.6117985248566 15.6651029586792 15.679074048996 15.7437105178833 15.845014333725 15.775651216507 15.7549555301666 15.8069262504578 15.9675629138947 16.0185687541962 15.9612758159637 15.8673167228699 15.7800235748291 15.6273972988129 15.5914378166199 15.5148117542267 15.5488524436951 15.5135598182678 15.4695999622345 15.4376406669617 15.3616809844971 15.3074531555176 15.324289560318 15.4237937927246 15.4679639339447 15.4494671821594 15.4789700508118 15.5071406364441 15.5779774188995 15.6488146781921 15.7116510868073 15.7738211154938 15.8506577014923 15.9488892555237 16.0405144691467 16.130806684494 16.1984326839447 16.2020583152771 16.2643506526947 16.2746434211731 16.2836019992828 16.2772271633148 16.2715201377869 16.3044781684875 16.3347704410553 16.3554725646973 16.3972496986389 16.4950275421143 16.6181392669678
15.5223264694214 15.5705072879791 15.7066884040833 15.7508692741394 15.86971616745 16.0078964233398 15.9174115657806 15.7855923175812 15.8271062374115 16.0632870197296 16.3036904335022 16.2623167037964 15.9516096115112 15.7742352485657 15.6895282268524 15.6201543807983 15.5481142997742 15.5454068183899 15.4453661441803 15.4313254356384 15.4312856197357 15.3572452068329 15.3695712089539 15.4089322090149 15.4436271190643 15.4336535930634 15.4763481616974 15.4797086715698 15.5064029693604 15.5704298019409 15.6284577846527 15.7191514968872 15.7531793117523 15.797206401825 15.8366160392761 15.9387402534485 16.0435311794281 16.1256549358368 16.1617794036865 16.2065708637238 16.2466952800751 16.2708201408386 16.2802777290344 16.2830684185028 16.3071928024292 16.3419842720032 16.3676497936249 16.4148564338684 16.5027303695679 16.6032702922821
15.5641577243805 15.5018825531006 15.6222732067108 15.7066643238068 15.841055393219 16.0127792358398 15.9111709594727 15.8542284965515 15.8539531230927 15.9616770744324 16.1754784584045 16.1886901855469 15.9305686950684 15.7557804584503 15.7349922657013 15.7048711776733 15.741415977478 15.563294172287 15.4845061302185 15.5063853263855 15.5082635879517 15.4528086185455 15.4683570861816 15.5035746097565 15.5247929096222 15.4986779689789 15.5265619754791 15.4884467124939 15.4969980716705 15.5795485973358 15.6621005535126 15.7139847278595 15.7952032089233 15.8150880336761 15.8670084476471 15.919632434845 15.9949219226837 16.070211648941 16.1341676712036 16.1674573421478 16.2174143791199 16.2533714771271 16.2653276920319 16.3132846355438 16.3085741996765 16.3398642539978 16.4018275737762 16.4417960643768 16.4937655925751 16.6017346382141
15.5993227958679 15.543256521225 15.647191286087 15.7204596996307 15.8130612373352 16.0009958744049 15.8849301338196 15.7475311756134 15.7221322059631 15.7387344837189 15.8006000518799 15.8617308139801 15.8455283641815 15.7919924259186 15.8217897415161 15.770920753479 15.7667181491852 15.7318494319916 15.6756465435028 15.6754434108734 15.6065754890442 15.654372215271 15.5858089923859 15.5862174034119 15.6312921047211 15.6057014465332 15.6014425754547 15.5478515625 15.5109272003174 15.5240018367767 15.6084105968475 15.6621522903442 15.743227481842 15.7763028144836 15.8220682144165 15.9125237464905 15.9903120994568 16.0674343109131 16.0972228050232 16.1483447551727 16.1961333751678 16.2325887680054 16.2543773651123 16.3255002498627 16.3479557037354 16.3630776405334 16.441338300705 16.5407366752625 16.614134311676 16.6801693439484
15.5798201560974 15.5252983570099 15.6601102352142 15.8022549152374 15.811733007431 15.9158778190613 15.8960230350494 15.7481677532196 15.7123119831085 15.8017909526825 15.7723875045776 15.7587714195251 15.7831544876099 15.821537733078 15.8112540245056 15.7303040027618 15.7593531608582 15.9037365913391 15.8927865028381 15.9365026950836 15.86021900177 15.8646020889282 15.8399274349213 15.8201923370361 15.8371257781982 15.7500579357147 15.7163231372833 15.6859230995178 15.6321885585785 15.5897879600525 15.6560533046722 15.6883192062378 15.7025847434998 15.7615175247192 15.8411276340485 15.9074153900146 16.0623691082001 16.1533241271973 16.1309447288513 16.1732323169708 16.2188529968262 16.2811405658722 16.2840948104858 16.3223822116852 16.3746705055237 16.4616243839264 16.5561828613281 16.6650092601776 16.7293720245361 16.7209410667419
15.5992150306702 15.5713737010956 15.6155335903168 15.6936936378479 15.767186164856 15.8300120830536 15.9355049133301 15.865663766861 15.89182305336 15.9099824428558 15.8125369548798 15.8528182506561 15.8824334144592 15.892049074173 15.8283305168152 15.7912790775299 15.7988939285278 15.9111769199371 15.9667913913727 15.988406419754 15.9426882266998 15.9223036766052 15.9009892940521 15.8880794048309 15.8085024356842 15.781592130661 15.7186813354492 15.7151045799255 15.746860742569 15.711950302124 15.703706741333 15.7661299705505 15.8192193508148 15.862309217453 15.9596962928772 16.0300464630127 16.1317307949066 16.1847472190857 16.1857650279999 16.2394490242004 16.2924654483795 16.3374824523926 16.3764998912811 16.4221835136414 16.4505343437195 16.5702176094055 16.7171704769135 16.8560576438904 16.9387223720551 -9999
15.7221736907959 15.6621520519257 15.602796792984 15.6181077957153 15.6674189567566 15.7013971805573 15.8620419502258 15.9713525772095 16.0606646537781 16.0766429901123 15.9757118225098 15.9945387840271 15.9753663539886 15.9355261325836 15.8723533153534 15.8858468532562 15.864673614502 15.8115010261536 15.8769948482513 15.8764884471893 15.9539816379547 15.9594755172729 15.9283292293549 15.8765425682068 15.8707563877106 15.8729696273804 15.8251826763153 15.7787303924561 15.8269441127777 15.8991572856903 15.7460372447968 15.7815840244293 15.8331303596497 15.9313447475433 16.0424401760101 16.0904178619385 16.0797283649445 16.0797057151794 16.1156833171844 16.2389938831329 16.3369715213776 16.3502821922302 16.412926197052 16.5229036808014 16.5575475692749 16.6815252304077 16.7963027954102 16.9445466995239 17.081235408783 17.1330351829529
15.7404656410217 15.7115962505341 15.6687257289886 15.6325228214264 15.6043193340302 15.663449048996 15.7699129581451 16.0317096710205 16.1355063915253 16.1626362800598 16.1862206459045 16.1502594947815 15.9989643096924 15.9116704463959 15.9970428943634 15.9710803031921 15.9344534873962 15.8658249378204 15.8871970176697 15.9779031276703 16.007942199707 16.0053143501282 15.8523354530334 15.7483394145966 15.8076765537262 15.9236805438995 15.9283516407013 15.901022195816 15.9830267429352 16.0856971740723 15.9443681240082 15.8490388393402 15.8823761940002 15.9390470981598 16.0471835136414 16.0601217746735 16.0637254714966 16.0653300285339 16.1176013946533 16.2045392990112 16.298810005188 16.3677480220795 16.4260189533234 16.5696234703064 16.6592273712158 16.7161376476288 16.7754354476929 16.8712584972382 16.9730539321899 -9999
15.7047581672668 15.6943733692169 15.7399888038635 15.67493724823 15.660552740097 15.6901676654816 15.8091170787811 16.037398815155 16.095014333725 16.0746297836304 16.0993955135345 16.0973134040833 16.0172302722931 15.9151480197906 16.0797319412231 16.0536487102509 15.9802327156067 15.8561506271362 15.8654003143311 15.9199848175049 15.9712355136871 15.9351527690887 15.8510084152222 15.7634699344635 15.7559309005737 15.8337252140045 15.9328529834747 15.9693145751953 16.0177757740021 16.1002378463745 16.0193648338318 15.9131596088409 15.9136204719543 16.0054159164429 16.0592617988586 16.0538260936737 16.0697243213654 16.0949556827545 16.1655206680298 16.2160847187042 16.2746496200562 16.3805475234985 16.4971117973328 16.6116762161255 16.669575214386 16.6893892288208 16.6765675544739 -9999 -9999 16.7694435119629
15.6490497589111 15.7498173713684 15.8252518177032 15.7133519649506 15.7341191768646 15.7155537605286 15.8269877433777 15.9824221134186 16.0218555927277 15.9719560146332 15.9925713539124 15.8997001647949 15.9001631736755 15.9192917346954 16.0384206771851 16.0988833904266 15.9386792182922 15.8644750118256 15.8776042461395 15.929399728775 15.9945285320282 15.8803241252899 15.837014913559 15.8819336891174 15.8848519325256 15.8964364528656 15.9146885871887 15.9662733078003 16.0958588123322 16.1294438838959 16.0690288543701 15.9579474925995 15.9488658905029 16.0064504146576 16.024005651474 16.0428638458252 16.083722114563 16.1399137973785 16.2014384269714 16.2382969856262 16.2738218307495 16.3580131530762 16.5095372200012 16.5963962078094 16.6539211273193 16.6661124229431 -9999 -9999 -9999 16.8247690200806
15.622008562088 15.649261713028 15.6411809921265 15.6364333629608 15.6656866073608 15.6956052780151 15.7155251502991 15.7761116027832 15.8813636302948 15.9006171226501 15.8944129943848 15.9227545261383 15.9270949363708 15.8981025218964 15.9657769203186 16.15611743927 15.9837920665741 15.8927993774414 15.9271399974823 16.026814699173 15.9764890670776 15.9401631355286 15.9590215682983 15.9937300682068 15.9844388961792 16.0064809322357 16.0138564109802 16.0058996677399 16.0519409179688 16.0819833278656 16.1006927490234 15.9900681972504 15.9981114864349 16.0028190612793 16.0174164772034 16.0425679683685 16.11705327034 16.1928718090057 16.2313568592072 16.2698419094086 16.3209934234619 16.3948123455048 16.4852979183197 16.5944492816925 16.6253962516785 16.6407520771027 -9999 -9999 -9999 16.8964304924011
