data/spatiotemp/temp1/bio17_norsw_test_2003_2006.asc
NCOLS 654 
NROWS 380 
XLLCORNER 3.91666666666667 
YLLCORNER 55.3333333333333 
CELLSIZE 0.0416666666666666 
NODATA_value -9999 
[rows 88 to 109 of 380, columns 550 to 599 of 654]
65.9086303710938 65.2220144271851 66.4048528671265 66.0997524261475 67.3467645645142 67.3631782531738 67.4636182785034 66.1536312103271 66.4361047744751 67.0851650238037 67.5350475311279 67.7653970718384 66.8855676651001 66.623969078064 67.6478080749512 67.2590808868408 65.7597742080688 64.9435396194458 65.8503684997559 67.0837097167969 67.1120157241821 67.1403198242188 69.3990354537964 69.9202938079834 69.4396696090698 69.2452564239502 70.1071166992188 70.3348255157471 70.6407356262207 70.8586025238037 71.6423625946045 71.1368160247803 71.2759246826172 71.4088516235352 71.4679641723633 70.1411809921265 71.6199493408203 70.8671369552612 70.9028434753418 70.9385471343994 71.8365268707275 71.6746864318848 71.7120914459229 72.6670751571655 73.3927230834961 73.4925699234009 74.4101753234863 74.3763103485107 72.5704383850098 73.4849262237549
67.5097541809082 67.1136083602905 66.0056552886963 65.329927444458 66.0582780838013 66.5624008178711 66.1109008789062 66.1372137069702 65.5442743301392 67.8267250061035 67.7420654296875 67.66761302948 67.7981882095337 67.0171232223511 66.7556505203247 67.7746524810791 67.910436630249 67.1242389678955 66.862452507019 66.8891534805298 66.9158525466919 66.6537494659424 66.7730293273926 67.2769660949707 69.2911996841431 69.7235088348389 69.8642597198486 69.4476642608643 70.5927143096924 70.7262878417969 71.0754814147949 70.9934329986572 71.9903411865234 72.7646389007568 71.5387763977051 71.5669345855713 72.3797264099121 72.4235496520996 72.308048248291 72.2262477874756 72.9309558868408 72.9775953292847 73.0242414474487 72.4559688568115 74.0607433319092 74.1730728149414 75.7275266647339 74.0898723602295 74.0626134872437 73.2113571166992
66.5401725769043 66.0661716461182 66.1480169296265 66.8738317489624 66.8994379043579 66.9250459671021 67.7703742980957 67.7961435317993 67.8219079971313 66.4101285934448 66.2264833450317 66.8642625808716 67.0995616912842 65.6040534973145 66.2494840621948 66.2763195037842 66.3031539916992 66.6444091796875 66.956259727478 66.9814167022705 66.0168743133545 66.0418939590454 66.8601322174072 67.065731048584 68.4047803878784 69.3696804046631 70.2098617553711 70.2085075378418 70.4208946228027 70.8105869293213 70.9254674911499 71.0341682434082 70.1534996032715 71.2515687942505 71.9654273986816 73.8030519485474 74.4760885238647 73.8464698791504 73.0432834625244 73.6027412414551 73.6383857727051 74.3818092346191 74.4275417327881 73.7453136444092 73.7809562683105 74.7551383972168 74.7625179290771 76.9449920654297 76.9237442016602 76.9024972915649
68.5332498550415 68.1867208480835 66.7818508148193 66.1075401306152 66.1319189071655 67.6743354797363 68.6097326278687 67.7237634658813 67.7319803237915 67.0490846633911 67.0694074630737 64.7634525299072 64.5514459609985 65.4337282180786 66.1705551147461 67.3074893951416 68.0323438644409 65.9970550537109 66.4765520095825 66.500039100647 66.523530960083 67.6647415161133 68.0638933181763 68.200590133667 69.0267772674561 70.8143825531006 70.9396944046021 70.4319171905518 70.5327186584473 71.2695083618164 71.3726787567139 71.475848197937 71.5790214538574 71.6821918487549 71.7411479949951 71.7558879852295 71.7706279754639 72.7699375152588 73.353536605835 74.2024774551392 74.3377819061279 75.1866598129272 75.8653354644775 74.1888227462769 73.5011711120605 75.9413719177246 73.5310516357422 73.5169954299927 74.2140464782715 74.8565292358398
66.7572965621948 67.471923828125 67.772313117981 68.1664791107178 68.1906270980835 67.604058265686 66.8094205856323 66.8329019546509 66.1148910522461 66.8680353164673 66.8878889083862 66.6271371841431 65.3683366775513 64.6433515548706 66.4790649414062 66.8319797515869 66.2398357391357 65.1935653686523 66.2835998535156 65.5708875656128 66.9424295425415 67.1314611434937 68.9053421020508 69.0226402282715 69.76145362854 70.0786552429199 71.5280246734619 69.4424657821655 70.3376379013062 70.4502811431885 71.1794404983521 72.1320552825928 72.3506717681885 72.4466571807861 72.4980249404907 72.5047702789307 72.1779203414917 72.1858615875244 72.8414659500122 74.90869140625 74.0113191604614 72.2176322937012 73.1942501068115 72.2335166931152 73.2169132232666 73.2242851257324 73.8791847229004 73.8769121170044 73.222692489624 73.8674325942993
66.0910959243774 66.1080837249756 66.8573656082153 67.8861141204834 66.7794790267944 67.7489719390869 67.556396484375 67.5790071487427 65.4385938644409 65.304515838623 64.3581018447876 64.3806800842285 65.3705453872681 64.4258298873901 65.5109939575195 66.0298185348511 66.0500926971436 67.293927192688 68.047306060791 67.3351335525513 65.961033821106 65.9518165588379 67.8780059814453 68.7077589035034 68.8190631866455 68.1129884719849 68.216480255127 69.1529893875122 69.3607301712036 70.8180179595947 71.9617443084717 72.6862630844116 72.7766284942627 73.5087881088257 71.9358348846436 71.9360866546631 71.9363384246826 71.9365940093994 72.9105491638184 72.910192489624 70.1415042877197 71.9376010894775 71.1140651702881 72.9087467193604 72.9083862304688 72.9080238342285 73.6452541351318 74.2914962768555 72.0984630584717 72.8170232772827
66.180965423584 66.3814115524292 65.791877746582 65.9294834136963 65.9500694274902 66.7021074295044 66.7235879898071 66.0118227005005 66.0324077606201 65.2932167053223 65.1345987319946 65.316014289856 65.5174865722656 64.4022569656372 64.4216470718384 66.11292552948 66.1328248977661 67.5594158172607 67.5802507400513 67.1636991500854 67.4655733108521 66.1831884384155 67.0228786468506 67.1008863449097 67.8707246780396 68.020565032959 68.1560373306274 69.7496128082275 71.6015672683716 69.9943389892578 70.0750503540039 72.5865516662598 73.3083782196045 72.7533702850342 73.4360599517822 72.4612159729004 71.8167095184326 71.8147144317627 71.1695232391357 70.9873065948486 70.9850521087646 70.9828014373779 70.9805459976196 70.9782943725586 70.976037979126 71.9402494430542 71.7716999053955 71.7739877700806 71.7762699127197 71.9732751846313
67.2452058792114 66.5702438354492 67.2874441146851 66.6124620437622 66.026346206665 65.0820226669312 65.1020069122314 66.0883083343506 66.1089639663696 66.1296167373657 66.1530170440674 67.469521522522 67.4845905303955 66.224949836731 66.9032821655273 65.3028144836426 66.5745916366577 66.5894765853882 67.4206438064575 66.0113306045532 65.4217853546143 65.44557762146 65.4925489425659 65.5627031326294 67.3525762557983 68.1106424331665 68.1916093826294 69.8126173019409 71.4643363952637 70.9348449707031 70.0882091522217 70.1632709503174 71.6997814178467 72.7494106292725 72.1462497711182 72.1466760635376 71.3234357833862 72.147533416748 71.8214302062988 71.8226318359375 70.3552875518799 71.3241319656372 71.9684658050537 71.9688415527344 71.9692230224609 71.9696006774902 71.9743680953979 71.3385124206543 72.7416486740112 72.7439613342285
68.9293727874756 69.647159576416 67.5475559234619 67.3516731262207 67.3719387054443 66.7841291427612 66.1069822311401 66.1267986297607 66.1466131210327 64.6276254653931 65.2582941055298 66.2319488525391 67.6610860824585 68.2881002426147 68.2984180450439 65.3701763153076 65.3925523757935 64.4441967010498 65.4373035430908 65.459680557251 66.0976781845093 65.5044317245483 66.5182609558105 67.4059209823608 68.9807815551758 69.069655418396 69.8237152099609 71.4261455535889 70.8896884918213 70.0319538116455 70.7360191345215 70.8075761795044 72.0347747802734 73.7163686752319 73.7540006637573 72.7872142791748 72.1483669281006 72.1520462036133 71.3303880691528 70.3653507232666 72.8068752288818 72.4873676300049 71.6653900146484 71.9917259216309 71.3505516052246 71.8559455871582 72.5044250488281 71.0337944030762 70.3910350799561 70.3934631347656
68.3693513870239 68.388991355896 68.4086303710938 68.4282703399658 67.6306076049805 67.4336004257202 66.1463079452515 65.2749881744385 65.2938947677612 66.2032461166382 65.3327379226685 64.7424573898315 64.7627172470093 66.8279142379761 68.4356679916382 65.4375352859497 65.8152027130127 64.8640251159668 65.500412940979 66.9605808258057 65.542332649231 65.563289642334 66.5726537704468 68.1615591049194 68.2424459457397 68.323335647583 68.4080429077148 69.9232339859009 69.9869985580444 71.0202445983887 71.7193393707275 71.1478862762451 73.64524269104 73.7112007141113 74.3898582458496 72.785231590271 72.7924289703369 72.7996234893799 72.8068189620972 71.987232208252 71.0269050598145 72.6450271606445 73.1579694747925 74.7766952514648 72.6663417816162 71.063102722168 70.42848777771 71.0764760971069 70.4337482452393 71.0818405151367
69.4133415222168 70.0401630401611 70.2692775726318 69.0797576904297 68.4903831481934 67.4749984741211 66.1856365203857 66.2037763595581 66.2219190597534 66.2400608062744 66.2731790542603 65.7095642089844 65.7568025588989 65.8040399551392 65.8445768356323 65.8625183105469 66.4964590072632 64.9271240234375 64.9458103179932 65.5830631256104 67.6651487350464 67.6869382858276 67.8702526092529 67.3048229217529 67.3609924316406 67.4171667098999 67.4733390808105 67.5295085906982 69.3791341781616 70.0695714950562 70.127685546875 70.8234806060791 73.3169345855713 72.73752784729 73.741153717041 73.7512845993042 72.7937088012695 72.8041706085205 71.9871063232422 71.997184753418 72.0072584152222 72.0173349380493 72.6718692779541 74.1563863754272 72.3724765777588 70.7733879089355 70.2711524963379 69.6325740814209 68.6752767562866 69.55885887146
68.4612436294556 68.8707971572876 68.8889245986938 68.2984476089478 68.316255569458 69.8595018386841 69.8778009414673 69.1964406967163 68.6044778823853 66.9766864776611 66.3123331069946 65.753758430481 64.9046792984009 64.9217910766602 65.9115333557129 65.9296627044678 65.9457216262817 65.9617795944214 65.9778366088867 65.9938936233521 66.6312770843506 65.6810054779053 67.787425994873 67.9810647964478 67.4065160751343 67.4572315216064 67.507942199707 68.5257005691528 69.209753036499 70.0883769989014 70.1408472061157 70.8314332962036 71.8527641296387 72.8741722106934 71.9405918121338 71.9539012908936 72.933874130249 72.9469242095947 71.993824005127 72.0071353912354 71.3764629364014 70.4241161346436 70.4374008178711 71.0955152511597 69.6328649520874 71.1226501464844 71.7783575057983 70.3071985244751 69.5985546112061 69.6019306182861
69.1154041290283 69.1327219009399 67.6246881484985 66.8239507675171 66.8407001495361 66.8574457168579 66.8741960525513 66.8909425735474 65.5217800140381 64.9283246994019 65.7400045394897 64.9601306915283 64.9756641387939 65.6061992645264 66.5879640579224 66.614164352417 66.0109844207764 66.0251569747925 66.0393266677856 66.6755523681641 66.690899848938 65.7398643493652 65.7701148986816 65.8139019012451 66.4862585067749 67.497296333313 67.5425491333008 67.5878009796143 67.6330547332764 67.6783094406128 67.7235612869263 68.7348337173462 68.7801208496094 69.4668254852295 69.4981775283813 70.3425312042236 71.9674606323242 71.9840021133423 71.3570890426636 71.3733348846436 71.3895797729492 71.4058303833008 69.6261053085327 69.6420974731445 69.658088684082 69.0285654067993 69.039119720459 68.1583395004272 69.641393661499 68.8107633590698
68.4612655639648 69.5708608627319 69.5874242782593 68.9944658279419 68.4010190963745 68.417088508606 67.0049257278442 67.0206670761108 67.0364074707031 67.0521459579468 65.7788486480713 65.022741317749 65.0852794647217 65.8477973937988 67.3486557006836 66.7943439483643 66.8571519851685 66.0885314941406 66.1008186340332 66.1131057739258 66.125391960144 65.1722593307495 65.1978740692139 65.0365800857544 66.039644241333 66.0780849456787 66.1165294647217 66.1549711227417 67.1581630706787 68.6613111495972 69.3388805389404 70.2083358764648 68.7807693481445 68.8205900192261 69.4921789169312 71.3053607940674 71.3248271942139 70.3798332214355 70.3994245529175 71.3832302093506 70.7585945129395 68.981556892395 69.6450853347778 69.66419506073 70.5700626373291 70.5873489379883 69.714427947998 68.1994371414185 68.2027635574341 68.2060928344727
67.8976726531982 67.696270942688 69.0227670669556 69.0381765365601 68.4434013366699 68.4586009979248 68.4737968444824 69.3170156478882 69.3325262069702 67.701117515564 67.3498697280884 66.5880451202393 65.9549922943115 64.9827470779419 65.0499324798584 66.559609413147 65.3177375793457 67.6188449859619 65.3368635177612 65.3464241027832 66.1831102371216 65.3655500411987 66.9796600341797 67.8413743972778 66.9111433029175 66.9444074630737 66.97767162323 66.1819982528687 66.215160369873 69.3156604766846 69.9894542694092 68.422872543335 68.781418800354 69.4573545455933 71.2796764373779 70.3387718200684 69.5306510925293 68.9096622467041 69.8950166702271 70.7492713928223 70.7716464996338 71.4385089874268 72.7508096694946 72.7126502990723 72.7816429138184 70.628155708313 70.640022277832 68.9120197296143 68.2440595626831 68.2475843429565
69.2549257278442 69.0528736114502 68.457127571106 67.7688503265381 67.7830324172974 67.1864309310913 68.0285959243774 68.7460670471191 67.0214929580688 65.7206602096558 64.9469470977783 64.8038177490234 64.9836759567261 64.9952154159546 65.0067567825317 67.4395885467529 66.8290853500366 66.0140266418457 66.0232772827148 67.000599861145 65.4128513336182 65.4204511642456 66.4001054763794 67.059853553772 67.0877475738525 67.9453449249268 67.143536567688 66.2090253829956 66.8741178512573 65.940468788147 67.5706605911255 67.6003313064575 66.9892244338989 67.0179986953735 67.8754348754883 67.9004507064819 68.5683946609497 68.9129972457886 68.938027381897 71.4030256271362 72.0731735229492 72.0994167327881 72.1256532669067 72.1518936157227 71.291618347168 70.7217388153076 70.6823348999023 73.0907430648804 73.0947246551514 68.289080619812
68.6909742355347 68.0014448165894 67.196738243103 68.0282564163208 67.2234706878662 67.0196552276611 67.2502040863037 68.0818786621094 66.4478311538696 66.4609432220459 64.9851493835449 65.7693653106689 65.0550479888916 65.0650949478149 66.5179815292358 64.4634103775024 65.4471635818481 65.4528007507324 65.4584379196167 65.4640741348267 65.4697141647339 65.4753522872925 66.4503545761108 67.1068668365479 67.1294746398926 67.7881278991699 66.2134456634521 66.2360534667969 66.2586603164673 66.9201622009277 65.1510829925537 65.1743021011353 66.9901180267334 67.6551885604858 69.4741849899292 69.5026636123657 67.9267311096191 69.5596208572388 69.5881004333496 70.5782871246338 70.4802646636963 71.4711885452271 71.5003223419189 72.4166355133057 71.3760089874268 71.4015884399414 72.2546615600586 73.1346683502197 73.138858795166 69.0204057693481
68.7369203567505 69.4534921646118 68.762318611145 67.7396659851074 67.2649908065796 67.060206413269 66.4609251022339 66.473201751709 67.0973644256592 65.7924604415894 65.0233516693115 65.1099338531494 65.5936632156372 67.1225433349609 65.6057901382446 64.5291919708252 64.5357732772827 65.515549659729 65.5192279815674 65.5229005813599 65.5265779495239 65.5302515029907 67.1365642547607 66.1937704086304 67.1712026596069 66.2284259796143 65.285665512085 65.302996635437 65.3203325271606 65.9773607254028 65.163122177124 65.1808948516846 66.9910163879395 68.6107511520386 69.4681873321533 69.4997882843018 70.3653345108032 69.5629892349243 71.3904609680176 71.4228191375732 71.4551734924316 73.0934219360352 74.6350526809692 74.8576488494873 73.1277923583984 72.2811832427979 73.8651027679443 73.8689126968384 73.8727245330811 70.7797298431396
69.3402614593506 69.3519802093506 67.9315309524536 68.3378143310547 67.0364866256714 67.0478200912476 66.446590423584 66.4578371047974 65.7679357528687 66.4803380966187 66.5289287567139 64.4557485580444 64.3408908843994 65.8676252365112 67.9874200820923 67.3594970703125 66.9075088500977 66.0778608322144 66.0895042419434 65.462384223938 65.4649362564087 65.467490196228 65.4784212112427 67.0905437469482 66.1546678543091 66.1743879318237 65.2378244400024 65.8961954116821 65.0827322006226 65.1025724411011 65.1224060058594 65.1422443389893 66.7607135772705 68.5728168487549 68.5988798141479 70.4231367111206 72.8913793563843 72.9246025085449 72.9578247070312 73.8281135559082 74.5058250427246 76.0538663864136 76.7301006317139 76.7620887756348 75.503454208374 75.5347337722778 74.695219039917 73.151421546936 73.1562528610229 72.930248260498
68.5332546234131 68.675196647644 67.1707725524902 67.6540641784668 67.6642761230469 66.9824991226196 66.3785886764526 67.0027055740356 65.5752353668213 64.8901472091675 65.6291818618774 65.4866027832031 64.9449434280396 64.299111366272 65.7181978225708 67.2486038208008 68.784628868103 67.9928541183472 65.9101066589355 65.2825183868408 65.2847919464111 66.870397567749 65.9393711090088 65.9691591262817 66.9473495483398 66.6662588119507 66.696403503418 66.414231300354 66.444016456604 64.9995279312134 65.0289373397827 65.8937110900879 66.8772687911987 68.5026302337646 70.0091361999512 71.830641746521 72.5026330947876 72.5335388183594 75.8652744293213 75.9879283905029 75.9258909225464 75.9561920166016 75.986499786377 75.1599292755127 76.0471105575562 76.0774173736572 76.0955848693848 73.6984977722168 73.4728450775146 72.8325977325439
68.4583187103271 67.5647716522217 67.5737018585205 67.5826282501221 67.5915575027466 66.9171714782715 64.6977472305298 65.4927444458008 65.501485824585 65.5102281570435 65.3293199539185 65.3996658325195 64.8501005172729 64.7530660629272 64.7592468261719 65.681040763855 66.3500137329102 67.8172044754028 67.8251485824585 66.3661222457886 65.7380676269531 65.1066370010376 65.7635164260864 66.7431497573853 65.8432235717773 66.5200757980347 66.5602264404297 66.6003789901733 64.857497215271 65.843466758728 65.8836479187012 67.3997631072998 68.3907947540283 70.2213191986084 70.8959932327271 72.7138252258301 73.3823184967041 73.4107570648193 75.7715816497803 76.4420413970947 76.4713802337646 76.5007152557373 75.6797542572021 75.7094497680664 75.7391452789307 75.7423343658447 75.7601261138916 75.0877819061279 73.6057710647583 72.7349491119385
66.8945713043213 66.8212766647339 67.5035448074341 66.8365631103516 66.8442058563232 66.022084236145 64.5398597717285 65.1990032196045 64.8107280731201 64.5391597747803 64.6313724517822 65.3127269744873 67.4502801895142 67.5176553726196 66.9609861373901 64.59739112854 64.6029243469238 66.8054180145264 66.1815376281738 67.1193885803223 65.8572673797607 66.4915571212769 66.5178461074829 66.5694551467896 66.32373046875 67.9456014633179 67.9976806640625 66.4742088317871 65.5840682983398 66.5745306015015 67.2623434066772 68.2580938339233 70.7342052459717 70.7881259918213 73.2548141479492 73.2806825637817 74.1431827545166 74.1699619293213 74.1967430114746 76.3819179534912 75.7331943511963 76.4020175933838 77.1060152053833 77.1338911056519 75.8438062667847 75.8714599609375 75.0131063461304 75.0201416015625 75.0271816253662 73.3108377456665
