data/spatiotemp/temp1/bio19_norsw_test_2003_2006.asc
NCOLS 654 
NROWS 380 
XLLCORNER 3.91666666666667 
YLLCORNER 55.3333333333333 
CELLSIZE 0.0416666666666666 
NODATA_value -9999 
[rows 110 to 131 of 380, columns 450 to 499 of 654]
113.895600318909 111.038642883301 113.284811973572 115.148886680603 114.257358551025 112.468976020813 115.61532497406 116.779611587524 118.149688720703 119.221410751343 116.063436508179 116.151640892029 115.256358146667 114.151966094971 113.230703353882 110.190564155579 107.956296920776 100.66969203949 95.4446430206299 93.3012914657593 95.4185581207275 96.3615846633911 100.470768928528 106.761652946472 106.896440505981 108.128865242004 108.143542289734 108.522507667542 108.609112739563 108.954844474792 110.338005065918 112.34043598175 112.629185676575 115.847570419312 115.935995101929 114.918079376221 115.107795715332 117.357044219971 118.527303695679 119.327795028687 119.387428283691 120.29453086853 122.230180740356 122.181085586548 123.223529815674 124.019237518311 123.860464096069 125.743940353394 126.671606063843 127.597213745117
113.954339027405 113.160018920898 114.149199485779 116.396226882935 114.229469299316 114.412337303162 115.686738014221 119.819141387939 118.93185043335 119.023082733154 118.039488792419 116.937701225281 117.027275085449 115.326800346375 113.2151927948 115.437631607056 113.303551673889 108.895471572876 104.774928092957 100.840989112854 98.6068267822266 100.445471763611 103.745671272278 106.880368232727 109.104203224182 109.24330329895 109.352516174316 112.534507751465 114.997451782227 112.064715385437 115.361356735229 115.543315887451 118.754121780396 118.940441131592 117.917020797729 117.997657775879 118.28671836853 119.21484375 119.394104003906 120.568166732788 122.362098693848 122.427095413208 123.368322372437 124.066608428955 125.112142562866 125.808065414429 125.871471405029 126.805324554443 127.606855392456 129.861700057983
118.034977912903 116.274457931519 114.120012283325 118.335032463074 116.553462982178 114.385499000549 115.663579940796 117.629759788513 119.006771087646 119.004507064819 118.118305206299 119.997182846069 118.301010131836 117.41219329834 115.210356712341 116.334627151489 115.404026031494 110.092509269714 110.140635490417 108.008165359497 105.780621528625 105.010091781616 106.951505661011 109.27587223053 110.305792808533 112.376412391663 115.747128486633 117.727523803711 119.203699111938 119.282234191895 116.434839248657 116.606760025024 116.778690338135 119.986228942871 120.265106201172 119.354011535645 120.378713607788 121.436130523682 122.466142654419 122.430986404419 122.395833969116 124.19401550293 124.157657623291 125.208364486694 128.218330383301 130.008758544922 130.077199935913 131.014465332031 130.866323471069 131.783622741699
118.093158721924 118.206614494324 115.251670837402 118.40140247345 116.621223449707 114.453712463379 115.735362052917 117.607558250427 120.771179199219 122.061189651489 119.889865875244 120.076663970947 119.192533493042 120.485687255859 120.560997009277 117.143155097961 118.493919372559 113.278738975525 111.058276176453 113.387487411499 112.239091873169 111.219734191895 112.347304344177 114.392263412476 115.5573387146 116.593161582947 118.888177871704 119.053562164307 119.218955993652 120.365083694458 119.549730300903 119.7151222229 119.880516052246 120.045904159546 121.057567596436 121.225433349609 123.591417312622 124.614292144775 123.573404312134 124.399112701416 124.476177215576 126.538911819458 127.362857818604 128.310522079468 130.10961151123 130.077711105347 131.873481750488 131.948051452637 134.960878372192 135.899913787842
118.056263923645 118.269558906555 118.280200958252 117.181196212769 121.436476707458 117.494851112366 117.587320327759 119.686237335205 122.044040679932 123.044521331787 122.074102401733 122.170043945312 123.468132019043 123.565200805664 123.737504959106 121.435342788696 119.316444396973 118.652690887451 115.233426094055 115.293828964233 115.354236602783 115.41464138031 117.752847671509 119.710800170898 119.773260116577 118.914148330688 119.0221118927 120.250717163086 121.520362854004 123.588792800903 123.649894714355 121.987955093384 122.143810272217 124.125009536743 125.234039306641 125.498651504517 125.661306381226 125.614410400391 126.540588378906 126.623458862305 126.600986480713 127.555383682251 128.38809967041 128.364610671997 130.17116355896 131.00181388855 134.134035110474 135.93575668335 136.988502502441 136.961673736572
120.364276885986 119.297204017639 118.346059799194 117.150498390198 117.472422599792 118.376131057739 119.668339729309 119.763390541077 122.934865951538 126.111112594604 125.146715164185 124.365303039551 124.463495254517 125.444620132446 126.827421188354 125.599081039429 121.599573135376 120.55135345459 119.55153465271 117.586738586426 117.652500152588 120.821939468384 121.958282470703 122.026231765747 122.094194412231 123.138492584229 123.152872085571 125.583944320679 125.828918457031 125.882381439209 126.031602859497 125.204214096069 126.330034255981 125.402029037476 126.502880096436 127.631153106689 127.782716751099 128.896806716919 128.966554641724 128.846027374268 128.830461502075 130.753423690796 130.737148284912 131.57887840271 131.562358856201 133.375118255615 135.29266166687 136.131572723389 138.30782699585 138.996667861938
125.73051071167 123.519577026367 123.635803222656 118.412237167358 120.611562728882 119.742435455322 119.74476146698 122.824056625366 122.9225730896 127.306665420532 127.408683776855 127.357078552246 127.458984375 128.769784927368 128.859907150269 127.727041244507 124.797952651978 122.688587188721 123.736473083496 121.919857025146 120.87228012085 123.131580352783 124.270992279053 125.175577163696 127.438749313354 127.514169692993 128.596879959106 125.710107803345 127.064449310303 128.14147567749 129.257833480835 129.399766921997 129.541692733765 129.683622360229 129.825555801392 129.849050521851 129.993288040161 131.111724853516 132.14573097229 130.914333343506 132.024433135986 132.016069412231 132.61509513855 132.605445861816 133.455940246582 135.27560043335 136.491329193115 138.415437698364 140.231634140015 140.219970703125
124.737316131592 125.931940078735 125.958543777466 121.547983169556 120.590304374695 120.687749862671 121.989255905151 125.073972702026 128.256254196167 127.393194198608 129.522832870483 129.627498626709 128.672134399414 130.567474365234 131.964818954468 130.926595687866 127.911321640015 127.99347114563 126.861166000366 126.114372253418 126.285781860352 126.275012969971 127.418970108032 127.499624252319 127.672119140625 128.633501052856 131.02225112915 128.868127822876 128.997623443604 129.127107620239 131.449203491211 129.483695983887 130.465721130371 130.598421096802 130.731117248535 130.863813400269 130.996507644653 131.129205703735 132.163028717041 132.162420272827 133.131988525391 133.889064788818 134.855394363403 134.853872299194 135.714893341064 136.68056678772 138.507339477539 138.504346847534 140.328927993774 141.18674659729
123.401062011719 123.443830490112 123.563425064087 121.412024497986 120.553612709045 124.832794189453 122.67786026001 125.854644775391 129.332595825195 132.519830703735 133.448051452637 131.537410736084 131.554637908936 132.485052108765 132.676816940308 133.827911376953 129.765869140625 130.915340423584 132.065498352051 129.052558898926 129.233613967896 129.231388092041 128.237436294556 128.325029373169 127.536573410034 129.523633956909 131.821531295776 131.015281677246 131.142210006714 131.269144058228 131.396064758301 131.620923995972 132.601716995239 132.831575393677 132.962554931641 132.991802215576 133.121831893921 133.251857757568 133.063697814941 133.070238113403 133.941209793091 133.842710494995 133.848896026611 135.684183120728 135.689723968506 137.523063659668 138.391649246216 139.366262435913 140.22703742981 141.094480514526
127.304227828979 124.388265609741 127.466762542725 123.082683563232 125.433506011963 128.507150650024 127.566984176636 127.674627304077 129.803771972656 129.913398742676 132.14178276062 135.238674163818 133.34202003479 134.276689529419 134.523271560669 134.626817703247 131.639102935791 131.581426620483 131.682081222534 130.952480316162 129.836950302124 129.935432434082 130.033931732178 131.188539505005 130.450067520142 131.480632781982 131.597972869873 130.795265197754 130.927947998047 131.060632705688 133.103351593018 133.239038467407 134.697481155396 134.834627151489 132.784589767456 132.921060562134 133.919004440308 134.057567596436 134.029649734497 134.044431686401 132.831214904785 133.709823608398 134.790431976318 135.562677383423 135.576143264771 136.454074859619 136.467517852783 138.303430557251 138.316286087036 140.150466918945
123.813634872437 121.803966522217 122.729986190796 124.977127075195 124.138896942139 127.108526229858 127.218492507935 129.345205307007 131.703744888306 129.664432525635 131.704196929932 132.6383934021 133.86515045166 133.12190246582 134.190105438232 134.303079605103 133.206356048584 130.325347900391 131.484586715698 131.4996509552 130.777349472046 129.671501159668 130.993955612183 132.153984069824 132.262697219849 132.371410369873 131.655344009399 133.691728591919 132.98875617981 133.976013183594 134.118160247803 134.260303497314 134.40244102478 134.646327972412 135.646564483643 135.791488647461 135.936410903931 134.854644775391 134.832691192627 133.896841049194 132.69033241272 132.712131500244 133.598815917969 133.620700836182 135.462558746338 135.591150283813 136.478046417236 137.345121383667 138.231397628784 139.204292297363
124.376573562622 121.432134628296 121.545383453369 122.492921829224 122.758308410645 123.709625244141 125.928558349609 125.942770004272 129.013702392578 132.187288284302 131.35990524292 131.476476669312 132.414220809937 133.736389160156 132.651412963867 132.868576049805 132.067628860474 132.187515258789 131.194133758545 131.313184738159 130.50298500061 131.666826248169 131.784641265869 131.902450561523 131.922611236572 133.088439941406 132.379583358765 133.467397689819 133.615388870239 133.663217544556 133.911371231079 136.233810424805 135.159845352173 135.308141708374 134.606653213501 135.614692687988 135.765295028687 133.719797134399 132.854301452637 133.749244689941 133.779718399048 132.578994750977 133.473777770996 133.503503799438 133.533241271973 135.378263473511 135.407562255859 136.194492340088 137.171255111694 137.199792861938
122.193862915039 120.995758056641 121.107650756836 122.409099578857 123.35401725769 126.506071090698 126.52152633667 125.601305007935 125.715358734131 131.834300994873 120.486661911011 121.786512374878 122.080583572388 122.182201385498 121.091579437256 121.213771820068 131.755146026611 130.677593231201 130.805541992188 131.03183555603 132.102994918823 131.298322677612 131.425025939941 131.650911331177 131.777822494507 132.004333496094 133.089227676392 133.243068695068 133.396907806396 134.496673583984 134.753011703491 136.981828689575 134.959489822388 135.113765716553 135.268035888672 134.578454971313 134.627601623535 135.644737243652 134.512628555298 132.736953735352 133.639976501465 132.445863723755 132.375583648682 132.412511825562 133.315628051758 133.352867126465 134.334079742432 135.237716674805 135.274583816528 137.12109375
121.752901077271 123.696901321411 124.07186126709 121.969104766846 121.170583724976 122.09482383728 115.187170028687 115.284851074219 114.576276779175 114.673845291138 115.590103149414 119.710676193237 119.81294631958 110.589033126831 120.031286239624 119.978534698486 120.291025161743 120.420892715454 129.683235168457 129.818754196167 129.954267501831 131.026851654053 131.263357162476 131.399370193481 132.473308563232 132.710954666138 132.859048843384 135.175729751587 135.337102890015 135.498476028442 136.60071182251 137.718362808228 137.04478263855 134.919380187988 134.241539001465 134.296213150024 134.561738967896 134.615587234497 132.543563842773 132.589328765869 132.635087966919 132.68084526062 131.491815567017 132.402786254883 132.338886260986 132.383533477783 133.295722961426 133.340772628784 134.323539733887 135.236640930176
118.506072998047 121.619802474976 119.417198181152 120.717702865601 119.541589736938 120.844213485718 111.506193161011 113.412897109985 113.511770248413 114.427803039551 114.528076171875 106.749250411987 106.837627410889 108.016448974609 109.321891784668 107.979875564575 117.859888076782 117.995630264282 118.131374359131 117.435092926025 119.209337234497 120.739786148071 119.481510162354 119.617599487305 120.561552047729 120.697988510132 119.988273620605 121.583297729492 135.112504959106 135.279981613159 135.447458267212 123.515159606934 123.83549118042 123.967596054077 133.953126907349 134.224822998047 133.34473991394 132.279649734497 132.388195037842 132.441698074341 132.49520111084 130.267526626587 130.320123672485 130.372711181641 130.42530632019 130.477897644043 132.333044052124 131.143110275269 131.083000183105 132.115188598633
116.888907432556 118.269552230835 118.269906997681 108.965353012085 108.253540039062 109.160753250122 101.858741760254 103.020967483521 104.297700881958 104.385597229004 104.473495483398 105.000261306763 106.283893585205 106.754680633545 105.670143127441 105.800970077515 106.750852584839 107.528276443481 117.100744247437 117.243871688843 118.191049575806 119.170118331909 118.478059768677 118.621564865112 118.95308303833 119.71452331543 119.853126525879 119.986452102661 120.926471710205 123.128551483154 123.45428276062 123.401962280273 123.538673400879 123.675380706787 121.967031478882 122.1022605896 121.618825912476 120.523202896118 132.125192642212 132.185995101929 131.421333312988 130.138269424438 130.198503494263 130.258735656738 129.451112747192 129.13773727417 129.085496902466 129.143955230713 129.202405929565 118.731050491333
114.742170333862 104.943513870239 105.828246116638 105.925835609436 107.207036018372 98.9538307189941 99.8505344390869 101.384098052979 101.855670928955 101.942686080933 102.726434707642 104.006052017212 104.917770385742 105.391180038452 105.125703811646 105.647645950317 105.406221389771 107.389692306519 106.331237792969 106.4716796875 106.612119674683 106.752559661865 108.362535476685 118.463813781738 118.616302490234 119.572462081909 119.717973709106 119.856107711792 120.184328079224 123.005630493164 123.147201538086 123.288770675659 123.430347442627 122.956569671631 123.288057327271 122.20090675354 120.114482879639 120.442722320557 119.068983078003 117.717721939087 117.790029525757 117.862323760986 128.28218460083 128.35015296936 127.176445007324 127.242975234985 116.370798110962 116.442575454712 115.068803787231 115.138385772705
102.668261528015 95.0194253921509 96.2775850296021 104.267935752869 96.7029552459717 97.2099657058716 97.2960004806519 97.7678756713867 99.8533039093018 100.200300216675 100.288694381714 101.949018478394 101.654264450073 102.949953079224 104.519306182861 104.284425735474 104.432689666748 105.410722732544 104.729215621948 105.262083053589 105.669897079468 105.818397521973 106.804943084717 107.323945999146 108.960836410522 109.113164901733 119.582828521729 119.725759506226 119.868698120117 120.011632919312 112.689451217651 111.176937103271 120.4404296875 121.630376815796 121.965511322021 112.037738800049 109.658103942871 109.744686126709 109.594625473022 117.651956558228 116.927907943726 116.141086578369 114.979827880859 125.097410202026 114.527118682861 114.605432510376 113.437459945679 113.514232635498 113.591014862061 113.667793273926
92.9356155395508 93.3994722366333 93.3592767715454 95.0099592208862 94.7063598632812 94.7913484573364 97.5114793777466 97.5988988876343 98.868968963623 98.9573078155518 99.0456485748291 100.210285186768 100.685754776001 100.775609970093 101.700637817383 102.681491851807 102.837329864502 103.249895095825 103.791875839233 103.948011398315 104.918569564819 105.720209121704 105.878395080566 106.036575317383 107.424745559692 116.434028625488 108.334901809692 109.271873474121 109.619758605957 110.096138000488 109.930866241455 110.659730911255 111.603914260864 121.721143722534 111.909914016724 111.999975204468 109.365564346313 109.453498840332 108.330850601196 106.969310760498 116.005971908569 114.852157592773 114.329990386963 113.546789169312 112.386535644531 112.736436843872 111.752065658569 111.835083007812 112.117654800415 102.775339126587
90.7949361801147 91.6642789840698 90.9385194778442 -9999 -9999 93.5606269836426 96.1416006088257 94.7962131500244 95.1366901397705 96.7924003601074 97.3101673126221 97.7868604660034 99.0599842071533 100.36009979248 100.740867614746 -9999 -9999 103.249422073364 103.415077209473 103.83475112915 -9999 104.420042037964 105.535900115967 -9999 -9999 -9999 107.067110061646 108.004367828369 108.483444213867 109.406196594238 109.884616851807 110.36047744751 114.326728820801 116.878175735474 -9999 113.351181030273 110.71470451355 109.41870880127 -9999 -9999 107.480146408081 114.196983337402 113.616109848022 111.665777206421 111.953151702881 109.999032974243 109.890846252441 109.106937408447 102.080432891846 102.215927124023
-9999 90.7790622711182 90.4638700485229 89.7627611160278 91.8268165588379 92.1643218994141 92.2493696212769 93.5354900360107 -9999 95.5298690795898 96.4098796844482 96.498384475708 97.796142578125 97.4989013671875 99.0903263092041 99.6418323516846 -9999 -9999 -9999 103.38879776001 103.948518753052 104.118927001953 -9999 -9999 106.091060638428 106.263772964478 106.78731918335 107.130834579468 -9999 -9999 -9999 -9999 -9999 150.512666702271 -9999 149.283794403076 -9999 -9999 -9999 -9999 -9999 -9999 115.054988861084 105.702459335327 106.240264892578 110.594230651855 101.354150772095 99.6039638519287 99.5956287384033 99.7315902709961
87.9553785324097 88.0230350494385 -9999 -9999 -9999 90.7354650497437 92.2493696212769 92.3344192504883 92.419472694397 93.9370603561401 95.6172046661377 -9999 -9999 -9999 -9999 -9999 -9999 -9999 -9999 -9999 -9999 -9999 -9999 -9999 -9999 106.655353546143 106.78731918335 -9999 -9999 -9999 -9999 152.781860351562 149.971994400024 -9999 102.356973648071 108.236204147339 -9999 108.914749145508 107.422498703003 107.572746276855 -9999 -9999 -9999 -9999 105.376285552979 100.108043670654 103.154525756836 100.78528213501 98.4771404266357 98.2162933349609
