data/spatiotemp/temp1/bio10_norsw_test_2003_2006.asc
NCOLS 654 
NROWS 380 
XLLCORNER 3.91666666666667 
YLLCORNER 55.3333333333333 
CELLSIZE 0.0416666666666666 
NODATA_value -9999 
[rows 352 to 373 of 380, columns 100 to 149 of 654]
16.7895894050598 16.8560080528259 16.9444274902344 16.9515137672424 16.9512100219727 16.8988499641418 16.8558249473572 16.7897996902466 16.7514410018921 16.7909159660339 16.8743906021118 16.9386973381042 17.001880645752 16.9188132286072 16.8146014213562 16.7678179740906 16.7246444225311 16.6932668685913 16.6618890762329 16.6563444137573 16.5958001613617 16.5685892105103 16.5012114048004 16.3761668205261 16.3419556617737 16.3959107398987 16.3733668327332 16.3424887657166 16.3318133354187 16.2901744842529 16.3132014274597 16.3466391563416 16.3972759246826 16.2812459468842 16.1882150173187 16.1381847858429 16.1408219337463 16.1614575386047 16.1984276771545 16.2260637283325 16.1796567440033 16.127872467041 16.2027559280396 16.2083053588867 16.2685205936432 16.3467378616333 16.4526212215424 16.4738371372223 16.3913869857788 16.3746030330658
-9999 16.9436349868774 16.982892036438 17.0358166694641 17.0481677055359 17.0402817726135 17.0053949356079 16.9205074310303 16.8521218299866 16.8742351531982 16.8726816177368 16.8759613037109 16.8765749931335 16.8605213165283 16.7784690856934 16.7825825214386 16.6737976074219 16.5316162109375 16.5119342803955 16.6032521724701 16.5799036026001 16.559387922287 16.4875395298004 16.384357213974 16.3420085906982 16.3169927597046 16.302478313446 16.2542960643768 16.2620749473572 16.31764793396 16.3517217636108 16.5076704025269 16.48077917099 16.3358867168427 16.2216620445251 16.2092561721802 16.1905453205109 16.1836533546448 16.1694278717041 16.2012031078339 16.1896529197693 16.1827783584595 16.2169046401978 16.3073637485504 16.3288226127625 16.385281085968 16.4284062385559 16.4995324611664 16.4296576976776 16.411449432373
16.9201679229736 17.0174298286438 16.9971904754639 17.0514526367188 17.1047925949097 17.1057119369507 17.0769648551941 17.0637173652649 17.0538029670715 17.0302205085754 16.9819731712341 17.0118918418884 17.0498108863831 16.9687299728394 16.8398160934448 16.7992346286774 16.7556180953979 16.6701312065125 16.5761454105377 16.493992805481 16.5003397464752 16.531186580658 16.5130338668823 16.4258811473846 16.3495616912842 16.3072419166565 16.2727560997009 16.2186026573181 16.153169631958 16.1971220970154 16.312242269516 16.3690283298492 16.3846147060394 16.2755289077759 16.1765522956848 16.1386721134186 16.1936249732971 16.273848772049 16.2460951805115 16.202817440033 16.2096495628357 16.2643511295319 16.2877194881439 16.3650875091553 16.2701222896576 16.1971576213837 16.2445251941681 16.2858939170837 16.4042625427246 16.3732969760895
16.9187908172607 17.0898904800415 17.1153225898743 17.1094222068787 17.0824174880981 17.1329751014709 17.1962003707886 17.1960916519165 17.1566491127014 17.1328735351562 17.1350989341736 17.1508231163025 17.2560482025146 17.1784381866455 17.0186634063721 16.912721157074 16.8281044960022 16.7453138828278 16.663690328598 16.5759003162384 16.5079429149628 16.4976522922516 16.4545288085938 16.4094052314758 16.3824474811554 16.329657793045 16.2560338973999 16.2070770263672 16.1562647819519 16.1450967788696 16.1622619628906 16.1927607059479 16.2227594852448 16.2258362770081 16.2375545501709 16.2692739963531 16.3573250770569 16.3493776321411 16.2847621440887 16.1854162216187 16.1575388908386 16.0855896472931 16.1008677482605 16.2504785060883 16.2837562561035 16.218367099762 16.3619775772095 16.2822558879852 16.2730100154877 16.2602560520172
-9999 17.049684047699 17.1641211509705 17.2137260437012 17.1805429458618 17.1497392654419 17.1914367675781 17.2559666633606 17.1901626586914 17.1438603401184 17.1052231788635 17.1127533912659 17.0956168174744 17.0466470718384 16.9503440856934 16.8855409622192 16.8384253978729 16.7573306560516 16.6989023685455 16.621307849884 16.5298800468445 16.455451965332 16.4165241718292 16.3740963935852 16.3661682605743 16.3700730800629 16.321478843689 16.2392177581787 16.1740255355835 16.1297371387482 16.1481144428253 16.1579930782318 16.1957042217255 16.2060821056366 16.1792931556702 16.2588582038879 16.3373823165894 16.3192393779755 16.3020958900452 16.2562863826752 16.2296419143677 16.1241626739502 16.1046831607819 16.2042028903961 16.1693894863129 16.2359101772308 16.2917635440826 16.3322834968567 16.3324708938599 16.2846651077271
-9999 17.0841660499573 17.205753326416 17.2786951065063 17.2686681747437 17.26633644104 17.2723398208618 17.2636742591858 17.1716771125793 17.1480131149292 17.1056818962097 17.026517868042 16.9280195236206 16.957022190094 16.9038577079773 16.8250267505646 16.8002450466156 16.7746796607971 16.6849472522736 16.6297152042389 16.5484833717346 16.4810841083527 16.4008519649506 16.3297867774963 16.2845549583435 16.271989107132 16.2659237384796 16.1935248374939 16.1352872848511 16.1348781585693 16.1354687213898 16.1317255496979 16.1773157119751 16.2107393741608 16.1814970970154 16.1831104755402 16.2131061553955 16.3151018619537 16.2744302749634 16.2527596950531 16.2253048419952 16.2274012565613 16.2224979400635 16.1489274501801 16.0866899490356 16.1134533882141 16.209549665451 16.3509788513184 16.353741645813 16.3275046348572
-9999 17.1921138763428 17.290647983551 17.3517656326294 17.3997135162354 17.4188265800476 17.4061064720154 17.3237190246582 17.2473320960999 17.1751112937927 17.1103911399841 17.0726704597473 16.9596166610718 16.8957290649414 16.8453419208527 16.8582882881165 16.831606388092 16.7662949562073 16.7151508331299 16.6401727199554 16.5761947631836 16.5155506134033 16.456573009491 16.3674287796021 16.2772843837738 16.2226400375366 16.1908283233643 16.122850894928 16.0466785430908 16.0696454048157 16.0679450035095 16.0592439174652 16.1117100715637 16.1453433036804 16.1634759902954 16.1386086940765 16.1387407779694 16.2547907829285 16.3078401088715 16.2528901100159 16.2577714920044 16.2438175678253 16.2548632621765 16.2079086303711 16.1532883644104 16.1913342475891 16.2407145500183 16.4094266891479 16.4611394405365 16.4241855144501
-9999 17.1985554695129 17.3361668586731 17.4289441108704 17.4931807518005 17.5453753471375 17.5385708808899 17.4457664489746 17.3349614143372 17.3241558074951 17.2555174827576 17.1205463409424 17.077908039093 16.9569363594055 16.8957977294922 16.9148263931274 16.8800072669983 16.770010471344 16.7178452014923 16.6323475837708 16.5608491897583 16.5315182209015 16.4995200634003 16.3926887512207 16.3061907291412 16.2393593788147 16.1933617591858 16.1251966953278 16.09903383255 16.0718727111816 16.0665447711945 16.0540497303009 16.0247218608856 16.0998969078064 16.2995822429657 16.4232680797577 16.3072879314423 16.349639415741 16.2876591682434 16.1843447685242 16.1090393066406 16.1650762557983 16.2251121997833 16.2268149852753 16.2731847763062 16.3662216663361 16.4149243831635 16.521960735321 16.6089971065521 16.6613667011261
17.1911425590515 17.2425799369812 17.3775181770325 17.4946241378784 17.6091480255127 17.6975922584534 17.678201675415 17.6006460189819 17.5007567405701 17.4350337982178 17.3466444015503 17.2564210891724 17.1791987419128 17.141809463501 17.0167531967163 16.9876976013184 16.9375762939453 16.7610585689545 16.6827063560486 16.6543550491333 16.6308362483978 16.5866520404816 16.504967212677 16.3777823448181 16.2960977554321 16.2599127292633 16.244393825531 16.1562094688416 16.0975558757782 16.0255997180939 15.9764773845673 16.0035569667816 16.0258796215057 16.1315348148346 16.3141903877258 16.4498453140259 16.3285005092621 16.2141559123993 16.2234783172607 16.2251334190369 16.1929740905762 16.2230007648468 16.2560274600983 16.3940539360046 16.435081243515 16.5211079120636 16.6124682426453 16.7578279972076 16.8819398880005 16.998724937439
17.2078394889832 17.2952408790588 17.4282875061035 17.5678615570068 17.7069478034973 17.8009743690491 17.8283333778381 17.76602602005 17.6230525970459 17.5084114074707 17.3892712593079 17.3039636611938 17.2409896850586 17.2341823577881 17.1198754310608 17.0392346382141 16.9333114624023 16.8321063518524 16.7364013195038 16.6675295829773 16.6316571235657 16.5541198253632 16.4560811519623 16.3835418224335 16.3306703567505 16.2821319103241 16.2192597389221 16.1517214775085 16.0902440547943 16.0101602077484 15.9509103298187 15.9375896453857 15.9285483360291 15.9061725139618 15.9734637737274 16.0304222106934 16.0827136039734 16.0433387756348 16.1572961807251 16.369255065918 16.3892424106598 16.3435926437378 16.3422768115997 16.3726277351379 16.3493111133575 16.4499943256378 16.5633454322815 16.6093626022339 16.6627130508423 16.7818696498871
17.1881484985352 17.3300461769104 -9999 -9999 17.7316651344299 17.817147731781 17.9587979316711 17.9177398681641 17.6778483390808 17.5066223144531 17.468231678009 17.3811736106873 17.302948474884 17.2380561828613 17.1523308753967 17.0472726821899 16.9242143630981 16.8179881572723 16.7294292449951 16.6232042312622 16.5023114681244 16.4924199581146 16.4420280456543 16.4018023014069 16.335244178772 16.2481849193573 16.1629593372345 16.1064016819 16.0844321250916 16.0138876438141 15.9846940040588 15.9516222476959 15.9875493049622 15.9534771442413 16.0340716838837 16.1019988059998 16.1682600975037 16.2135210037231 16.2691159248352 16.3873767852783 16.4618442058563 16.3601846694946 16.3908591270447 16.4295334815979 16.4952073097229 16.4962148666382 16.5282220840454 16.5795631408691 16.5529043674469 16.6272442340851
17.2999844551086 17.4201545715332 -9999 -9999 -9999 17.9695491790771 18.0989303588867 18.1069531440735 17.8091440200806 17.6953339576721 17.6133580207825 17.4670476913452 17.371572971344 17.2624292373657 17.1654529571533 17.0859761238098 16.9269485473633 16.8652024269104 16.7737910747528 16.673544883728 16.5676326751709 16.5207204818726 16.496141910553 16.4067289829254 16.3443167209625 16.2512378692627 16.1878256797791 16.1440801620483 16.132621049881 16.1095266342163 16.0754232406616 16.0283205509186 15.987884759903 15.9831147193909 16.0053451061249 15.9559090137482 16.0091400146484 16.1333706378937 16.2832674980164 16.3394982814789 16.4247794151306 16.3781101703644 16.4824414253235 16.6001057624817 16.7074368000031 16.5811021327972 16.4074327945709 16.443430185318 16.5450954437256 16.6664271354675
-9999 17.4641308784485 -9999 -9999 18.0658493041992 18.0507884025574 18.1242694854736 18.1105003356934 17.9591064453125 17.8775453567505 17.7481517791748 17.5887570381165 17.4431962966919 17.332302570343 17.2450747489929 17.1223478317261 17.027684211731 16.9200849533081 16.7964856624603 16.7265536785126 16.6172873973846 16.5088541507721 16.4505884647369 16.4143226146698 16.3757236003876 16.3127911090851 16.226904630661 16.1489589214325 16.1427526473999 16.124285697937 16.0711522102356 16.0006861686707 15.9985530376434 16.0137526988983 16.0041761398315 16.0275428295135 16.0255768299103 16.0788869857788 16.2704203128815 16.3429536819458 16.2840480804443 16.0830359458923 16.2656908035278 16.3310117721558 16.4363334178925 16.5979883670807 16.5393109321594 16.5016314983368 16.6439523696899 16.8832750320435
-9999 17.56960105896 17.6691665649414 -9999 -9999 -9999 18.0068593025208 18.0092692375183 18.0374026298523 17.95392370224 17.8241114616394 17.6376328468323 17.5086545944214 17.3915090560913 17.2810301780701 17.1448855400085 17.0419201850891 16.9618000984192 16.8445138931274 16.7255611419678 16.6212747097015 16.5199887752533 16.4698686599731 16.3774154186249 16.3602569103241 16.3606009483337 16.2579431533813 16.1372866630554 16.1072096824646 16.0815703868866 16.0348091125488 15.9753856658936 15.9356205463409 15.9801931381226 16.0345985889435 16.0248377323151 16.1199097633362 16.2527358531952 16.2525722980499 16.335741519928 16.3976495265961 16.4059607982635 16.5122728347778 16.4999177455902 16.5248968601227 16.4998753070831 16.5081875324249 16.5788328647614 16.723477602005 16.8677892684937
-9999 17.5769362449646 17.6743521690369 17.8241968154907 17.9104499816895 -9999 17.8950743675232 17.9403834342957 17.9180307388306 17.804967880249 17.7369050979614 17.5895085334778 17.4682793617249 17.3297157287598 17.2044854164124 17.1025896072388 17.0113215446472 16.9061822891235 16.7827084064484 16.6589019298553 16.5999295711517 16.4904553890228 16.4084832668304 16.3423430919647 16.2665362358093 16.2145636081696 16.1664237976074 16.1309475898743 16.0321862697601 15.9954643249512 15.8774089813232 15.9515197277069 16.008465051651 16.0154097080231 16.0793538093567 16.1609659194946 16.2382433414459 16.2532513141632 16.3077239990234 16.3948636054993 16.6312508583069 16.7065529823303 16.7798550128937 16.7304911613464 16.6634595394135 16.6837618350983 16.7787311077118 16.7320783138275 16.8517007827759 16.9589710235596
-9999 17.600031375885 17.6817202568054 17.8419599533081 17.9013109207153 17.8534364700317 17.8479542732239 17.8529739379883 17.7791604995728 17.6461791992188 17.5493655204773 17.4655508995056 17.3442363739014 17.2180881500244 17.1601076126099 17.0896272659302 17.0177235603333 16.9010639190674 16.7694034576416 16.6625769138336 16.5807497501373 16.4780902862549 16.3802630901337 16.2997698783875 16.2257764339447 16.1819498538971 16.0991230010986 16.0596086978912 16.0087080001831 15.9175248146057 15.8861751556396 15.9213254451752 16.031142950058 16.1504597663879 16.2221095561981 16.2584266662598 16.3032443523407 16.3655610084534 16.4568777084351 16.5375282764435 16.6765189170837 16.9190993309021 17.1200613975525 16.9607543945312 16.8232951164246 16.8449816703796 16.9564418792725 16.8812346458435 16.883526802063 16.9602632522583
-9999 -9999 17.6172919273376 17.7435555458069 17.8090505599976 17.8026523590088 17.7707533836365 17.7193546295166 17.6714558601379 17.5502238273621 17.4439916610718 17.3147592544556 17.2506937980652 17.1772952079773 17.1020636558533 16.9993314743042 16.9397921562195 16.8406119346619 16.7444317340851 16.6745839118958 16.5649042129517 16.4425568580627 16.365042924881 16.2985303401947 16.2196824550629 16.1503360271454 16.0886554718018 16.0386426448822 16.0002295970917 15.9499192237854 15.9780704975128 15.9714643955231 16.0156531333923 16.0540099143982 16.1281988620758 16.194221496582 16.2944111824036 16.3884336948395 16.4507896900177 16.4384779930115 16.5436599254608 16.6127371788025 16.6696865558624 16.6613025665283 16.7361886501312 16.804211139679 16.8851523399353 16.8391008377075 16.7831335067749 -9999
-9999 -9999 17.5385189056396 17.6155681610107 17.6941843032837 17.6965346336365 17.6468849182129 17.5967345237732 17.5435848236084 17.4457683563232 17.355785369873 17.2656354904175 17.1911520957947 17.1176686286926 17.0345187187195 16.9682025909424 16.890193939209 16.7983264923096 16.7297925949097 16.7154250144958 16.618558883667 16.4783575534821 16.3658242225647 16.2621235847473 16.1749229431152 16.113555431366 15.9926879405975 15.9149880409241 15.8817517757416 15.9428133964539 16.0085420608521 15.9917697906494 15.9946646690369 16.078225851059 16.2082874774933 16.2445163726807 16.279744386673 16.3746392726898 16.4791810512543 16.5020956993103 16.521577835083 16.5169792175293 16.5882148742676 16.6097831726074 16.7068524360657 16.851420879364 16.9048790931702 16.9711694717407 -9999 -9999
-9999 -9999 17.541250705719 17.6070342063904 17.633563041687 17.5955762863159 17.5527563095093 17.4974374771118 17.4162845611572 17.3411312103271 17.3128118515015 17.2609920501709 17.1783390045166 17.1115193367004 17.0256996154785 16.9758796691895 16.8933372497559 16.7712392807007 16.7013080120087 16.6583757400513 16.5627779960632 16.4250133037567 16.3392477035522 16.3036499023438 16.2748851776123 16.2010798454285 16.0430057048798 15.9427576065063 15.872857093811 15.9551546573639 15.9801189899445 16.062415599823 16.1038806438446 16.1563441753387 16.3534750938416 16.4465093612671 16.3860700130463 16.3855345249176 16.4191651344299 16.5167963504791 16.4615044593811 16.4459590911865 16.5144135951996 16.5755348205566 16.6023225784302 16.8397765159607 16.9415497779846 16.94868516922 -9999 -9999
-9999 17.4632987976074 17.5193681716919 17.6014938354492 17.5908513069153 17.5494437217712 17.5090355873108 17.4614605903625 17.3703856468201 17.3264780044556 17.2984037399292 17.254162311554 17.1945877075195 17.1208457946777 17.0366048812866 16.9451971054077 16.8492228984833 16.7526834011078 16.6754765510559 16.5994367599487 16.5067298412323 16.3870234489441 16.298983335495 16.2281100749969 16.1885702610016 16.1332900524139 16.0674903392792 16.0182840824127 16.0372121334076 15.9857754707336 16.0665061473846 16.1902368068695 16.2158002853394 16.2345309257507 16.3992609977722 16.4999566078186 16.2858881950378 16.3017857074738 16.4727866649628 16.3964958190918 16.3433873653412 16.4928648471832 16.5516304969788 16.6585049629211 16.7749328613281 16.8136177062988 16.9245939254761 -9999 -9999 -9999
17.4089937210083 17.4537649154663 17.5189089775085 17.5319509506226 17.5033078193665 17.4906439781189 17.4726486206055 17.4353184700012 17.4343218803406 17.3769927024841 17.2938294410706 17.2234992980957 17.1581702232361 17.0720076560974 16.9746775627136 16.8931818008423 16.7966089248657 16.7146270275116 16.6264786720276 16.5561637878418 16.4626820087433 16.3645334243774 16.273218870163 16.1477363109589 16.0699217319489 16.0434398651123 16.055624961853 16.0378105640411 16.1252341270447 16.080064535141 16.0425601005554 16.0745570659637 16.100554227829 16.132883310318 16.2158803939819 16.2773764133453 16.3417062759399 16.4345362186432 16.4668662548065 16.491571187973 -9999 -9999 -9999 -9999 -9999 -9999 -9999 -9999 -9999 16.8767445087433
17.3955206871033 17.4806594848633 17.5327849388123 17.5464100837708 17.5101990699768 17.4228882789612 17.4369268417358 17.4523425102234 17.4050908088684 17.3333396911621 17.1985883712769 17.1221699714661 17.0632519721985 17.0225019454956 16.9525828361511 16.8554992675781 16.7843282222748 16.7305705547333 16.6481471061707 16.530223608017 16.4309675693512 16.3462102413177 16.2424535751343 16.1628637313843 16.0984399318695 16.043683052063 16.0405929088593 16.0661697387695 16.0564227104187 16.0645189285278 16.058614730835 16.1245443820953 16.1783072948456 16.214736700058 16.2176659107208 16.2780954837799 16.364358663559 16.5601210594177 16.7053837776184 16.8143129348755 16.7589857578278 16.4868915081024 16.5396528244019 -9999 -9999 -9999 -9999 -9999 -9999 -9999
