data/spatiotemp/temp1/bio17_norsw_test_2003_2006.asc
NCOLS 654 
NROWS 380 
XLLCORNER 3.91666666666667 
YLLCORNER 55.3333333333333 
CELLSIZE 0.0416666666666666 
NODATA_value -9999 
[rows 264 to 285 of 380, columns 200 to 249 of 654]
114.428899765015 109.16187286377 115.640573501587 115.595653533936 115.909297943115 123.148052215576 125.52806854248 124.759477615356 127.311912536621 129.687873840332 123.675743103027 116.000871658325 111.118499755859 109.413061141968 106.951915740967 103.030363082886 100.220880508423 98.8783493041992 96.0719470977783 96.5847949981689 94.4819011688232 97.9745140075684 97.938304901123 99.0121994018555 98.9897327423096 102.710590362549 105.885513305664 92.6758880615234 89.1422901153564 89.4784030914307 88.787088394165 96.0455722808838 94.3001461029053 97.482048034668 93.6139125823975 88.4253845214844 87.2976913452148 87.2449474334717 95.5570507049561 100.115964889526 107.644123077393 113.512619018555 116.851110458374 115.466413497925 115.726554870605 113.243490219116 109.996164321899 112.341457366943 111.79022026062 111.448535919189
115.785549163818 110.866771697998 113.990257263184 118.025386810303 122.810081481934 119.555953979492 124.344188690186 125.400314331055 126.454154968262 129.566164016724 124.296995162964 120.69815826416 118.98282623291 116.526945114136 116.140745162964 110.91675567627 109.768789291382 102.486448287964 94.8511390686035 96.8326511383057 97.1527061462402 102.300596237183 103.026844024658 106.170185089111 100.208517074585 100.197160720825 103.708366394043 96.651159286499 88.2844886779785 86.9604053497314 91.4424171447754 88.3332118988037 98.3379859924316 93.8310031890869 90.2998180389404 87.5359287261963 87.1734046936035 92.298864364624 97.5153312683105 101.315765380859 106.093576431274 109.881525039673 113.332950592041 115.689867019653 115.628604888916 113.158966064453 112.659114837646 110.95592880249 113.495561599731 111.414916992188
113.047079086304 120.25634765625 110.814907073975 115.953191757202 122.029005050659 121.943700790405 123.338172912598 123.250860214233 125.232637405396 126.265426635742 124.160995483398 124.073209762573 118.826860427856 119.911998748779 113.580297470093 113.200880050659 116.292854309082 112.383325576782 104.758625030518 93.968921661377 92.9843864440918 94.264856338501 97.75612449646 99.3803672790527 96.9433288574219 100.792705535889 106.707895278931 109.7233543396 98.9491672515869 88.593807220459 86.8465194702148 87.8024559020996 91.3053417205811 88.5374908447266 88.5237197875977 89.8257064819336 92.2155132293701 92.9378070831299 93.9952583312988 100.426448822021 109.048801422119 114.588949203491 117.280881881714 117.995777130127 113.452705383301 110.991605758667 113.349943161011 112.307441711426 113.444078445435 113.457752227783
112.61141204834 114.97841835022 110.474945068359 112.809520721436 119.224723815918 121.903888702393 119.739814758301 122.81810760498 122.71195602417 123.011678695679 119.190162658691 121.501880645752 118.309959411621 116.229316711426 115.136198043823 110.293910980225 113.387285232544 113.361070632935 110.575319290161 99.793758392334 92.1932525634766 93.8226947784424 98.0092906951904 95.2274017333984 97.9594116210938 97.5957870483398 99.2260551452637 104.786666870117 96.7726669311523 91.5857906341553 88.815071105957 86.0456447601318 86.0273113250732 88.4201812744141 90.1405372619629 101.879657745361 100.417015075684 101.478507995605 101.107034683228 103.812623977661 108.593111038208 117.537740707397 120.232744216919 115.043012619019 114.999021530151 116.376335144043 117.099050521851 117.704578399658 114.037784576416 112.657611846924
112.643455505371 112.077896118164 109.768003463745 109.262331008911 116.777309417725 119.084335327148 115.606941223145 122.739761352539 126.550062179565 126.42057800293 123.163925170898 117.876760482788 116.859188079834 116.129055023193 113.696826934814 108.160364151001 113.254699707031 115.287460327148 105.633243560791 102.09861946106 96.5070400238037 92.775857925415 95.514627456665 92.7390727996826 98.2188835144043 100.254293441772 101.67618560791 100.2028465271 91.5093555450439 89.0759449005127 89.0517063140869 88.687084197998 92.5113887786865 89.4039249420166 98.2487678527832 102.06875038147 104.113939285278 103.415285110474 112.702562332153 111.903636932373 112.634748458862 111.835157394409 112.56693649292 114.938692092896 121.136560440063 121.426410675049 120.07709312439 121.351833343506 116.385149002075 111.637813568115
106.274747848511 106.955562591553 106.589733123779 112.048599243164 112.677984237671 114.209367752075 112.411659240723 122.310373306274 122.56001663208 119.069959640503 120.266990661621 118.077112197876 120.045824050903 118.376361846924 118.718608856201 108.967578887939 110.012054443359 113.103870391846 108.624441146851 104.742130279541 97.510383605957 91.5848255157471 94.6673145294189 90.9410591125488 98.1301345825195 101.265918731689 106.042110443115 106.35630607605 103.573364257812 96.1889934539795 92.4517307281494 86.8533611297607 90.9564552307129 93.3343467712402 97.143590927124 105.424234390259 102.868446350098 103.94153213501 112.558134078979 113.839847564697 109.00700378418 108.653028488159 111.690311431885 114.834371566772 120.709136962891 124.505590438843 124.803245544434 118.876293182373 115.239196777344 112.588806152344
104.271928787231 103.775983810425 104.936939239502 109.658443450928 112.292692184448 109.733238220215 110.697044372559 116.680063247681 117.282299041748 118.246265411377 120.134698867798 121.437423706055 123.047685623169 120.989576339722 119.861406326294 112.288038253784 106.020620346069 105.059535980225 101.896203994751 105.7419090271 100.511594772339 92.5958824157715 91.481388092041 90.5102653503418 95.2263526916504 100.410633087158 102.779148101807 105.561508178711 102.160648345947 92.7189426422119 89.1841583251953 89.1504745483398 102.64349937439 103.911003112793 94.6079883575439 96.6405200958252 101.415590286255 106.532978057861 112.080804824829 112.3967628479 117.511247634888 114.433868408203 110.156457901001 117.458415985107 116.786884307861 119.824289321899 120.89980506897 122.514627456665 119.537200927734 117.986379623413
104.30206489563 104.056240081787 105.364622116089 109.208557128906 108.775461196899 114.180818557739 111.589471817017 114.205659866333 117.189987182617 117.771690368652 120.002405166626 118.535455703735 120.843814849854 123.237030029297 120.825366973877 116.598745346069 109.054964065552 101.852697372437 102.541193008423 100.482633590698 95.6780242919922 92.8583068847656 90.7937526702881 97.9792537689209 103.098110198975 106.217683792114 99.9367561340332 103.395112991333 102.04944229126 93.7183017730713 89.8407077789307 89.8033428192139 98.0530319213867 98.9740676879883 101.335411071777 94.1089897155762 106.065891265869 111.613891601562 109.541830062866 110.834844589233 113.22580909729 111.147808074951 109.717136383057 110.365238189697 112.428485870361 118.96545791626 125.173511505127 121.671600341797 116.757459640503 122.412815093994
104.182167053223 106.113277435303 104.938137054443 111.06219291687 109.12261390686 114.145919799805 113.957332611084 110.839237213135 112.702602386475 116.211885452271 118.769069671631 119.327188491821 115.543022155762 120.336971282959 120.33235168457 120.327735900879 118.678932189941 113.117944717407 105.941059112549 100.731231689453 97.982572555542 91.4772834777832 93.4499835968018 94.7445793151855 98.2137184143066 103.715627670288 100.596477508545 100.552368164062 95.7109756469727 92.1753768920898 90.4966773986816 97.9709587097168 103.675331115723 101.236923217773 98.4690551757812 105.605438232422 101.889085769653 103.519105911255 108.303867340088 107.21150970459 108.632598876953 113.094333648682 112.329734802246 114.399221420288 108.515247344971 116.360506057739 123.993747711182 118.874109268188 119.419437408447 115.731595993042
107.187961578369 106.686483383179 106.205791473389 108.488119125366 108.923595428467 109.575860977173 112.613056182861 109.646770477295 111.147338867188 119.61164855957 124.542549133301 124.315860748291 117.787487030029 113.012111663818 117.78607749939 118.898628234863 116.5 112.415878295898 113.003622055054 105.067129135132 96.1781368255615 90.9860382080078 91.3160514831543 91.3077354431152 95.38938331604 96.0981311798096 100.496950149536 100.101980209351 94.9285850524902 93.5918312072754 96.1298141479492 104.690689086914 107.788192749023 104.255477905273 97.0413036346436 110.364002227783 112.399126052856 102.71653175354 107.836170196533 104.687982559204 111.870038986206 114.599851608276 114.936082839966 108.736730575562 107.326675415039 110.057386398315 118.999467849731 117.707225799561 116.528701782227 114.279407501221
112.088537216187 108.141744613647 108.923217773438 111.546775817871 107.091987609863 106.78715133667 109.057899475098 113.155977249146 116.248846054077 111.640432357788 117.285938262939 121.863704681396 120.448160171509 110.198501586914 112.583776473999 110.876823425293 110.8659324646 108.121290206909 110.488597869873 102.215200424194 96.4828853607178 93.6711883544922 90.5051574707031 91.9361152648926 95.993579864502 93.5633182525635 92.8321113586426 93.8770141601562 93.8292694091797 93.1059894561768 97.4991264343262 97.7833232879639 100.455127716064 102.127882003784 99.6932506561279 107.125480651855 109.492975234985 108.405460357666 105.264427185059 103.419269561768 106.908615112305 109.627630233765 114.089096069336 113.006990432739 110.507207870483 107.363279342651 111.835361480713 113.917589187622 113.190357208252 112.176141738892
114.885894775391 115.53918838501 113.407005310059 114.019828796387 107.891473770142 107.390602111816 108.046701431274 108.823087692261 110.703966140747 109.578203201294 113.071578979492 118.013689041138 109.458877563477 112.580688476562 109.758955001831 102.966285705566 101.8421459198 102.150897979736 102.121862411499 105.176136016846 102.753433227539 93.5271339416504 93.8316383361816 93.115385055542 93.0768527984619 96.5109024047852 95.0382232666016 93.3626689910889 95.3585987091064 96.0735950469971 100.024890899658 100.73969078064 97.5466537475586 97.924165725708 99.1617374420166 105.488634109497 105.468532562256 108.181558609009 110.130151748657 105.04666519165 105.24224281311 106.868015289307 107.964012145996 114.353010177612 113.917104721069 110.12420463562 106.979469299316 112.849180221558 116.25396156311 110.040479660034
122.511545181274 124.78468132019 122.106256484985 118.312089920044 112.742305755615 106.598133087158 107.263757705688 107.164735794067 107.154962539673 109.73345375061 110.685585021973 110.149160385132 108.7643699646 107.779943466187 107.731330871582 100.527070999146 97.415678024292 98.9820213317871 97.6616668701172 97.2118892669678 100.241912841797 93.9720554351807 94.2595729827881 97.6916007995605 94.9266490936279 93.6043014526367 95.2639141082764 94.5430107116699 95.5896492004395 98.6890926361084 99.9213542938232 99.8772964477539 99.8332366943359 98.6871509552002 97.6908149719238 100.537343978882 103.978673934937 103.202701568604 105.581758499146 106.863761901855 105.769302368164 106.093309402466 106.293273925781 111.367095947266 109.839244842529 112.223373413086 107.342334747314 108.7594871521 111.517820358276 110.087963104248
122.755767822266 122.299100875854 121.993635177612 119.875593185425 113.419881820679 114.932498931885 110.678699493408 107.523069381714 106.667209625244 111.99814414978 113.730131149292 110.156267166138 108.010841369629 105.037170410156 102.578563690186 101.818572998047 97.6915531158447 98.5431022644043 96.1154232025146 96.7423610687256 97.3658561706543 94.5853672027588 92.8232040405273 92.4095726013184 95.0662422180176 92.3945693969727 97.4376945495605 95.4486045837402 97.1110572814941 98.1572570800781 97.789457321167 98.0719051361084 99.3005065917969 99.2580089569092 99.2155170440674 97.1373405456543 98.706392288208 102.668546676636 102.665616989136 104.270883560181 106.195199966431 106.179574966431 105.081323623657 104.631916046143 103.53533744812 104.814390182495 105.1399269104 111.296175003052 103.791372299194 106.359777450562
125.956676483154 119.420972824097 121.705324172974 123.089282989502 117.541873931885 117.787227630615 112.2165184021 109.411115646362 107.742042541504 108.052614212036 107.567358016968 108.129991531372 111.698894500732 109.847688674927 104.245460510254 101.437503814697 98.0343837738037 99.5798168182373 94.7524471282959 95.3611125946045 94.5192260742188 94.4392433166504 93.4244327545166 94.2792720794678 92.6042079925537 90.9486179351807 94.1973190307617 96.5284290313721 96.5790100097656 97.3014698028564 97.2610549926758 97.5429592132568 98.446117401123 98.4059467315674 96.6552314758301 96.6137866973877 97.0921611785889 97.7383117675781 98.9990081787109 101.676853179932 99.6183490753174 102.168325424194 104.83219909668 104.825782775879 103.725475311279 104.995203018188 102.94847869873 103.257699966431 103.96208190918 109.212299346924
130.041048049927 123.342878341675 120.895414352417 118.971458435059 119.648548126221 117.54994392395 118.327445983887 113.881660461426 111.453088760376 109.366104125977 107.707508087158 108.862302780151 110.238451004028 110.547250747681 107.333114624023 101.296556472778 99.2397003173828 100.763097763062 97.7053699493408 95.2507133483887 95.4833030700684 95.3853588104248 94.9592342376709 92.490629196167 91.7464065551758 92.1211433410645 92.4059734344482 92.8048229217529 94.0242118835449 95.0919780731201 96.3113613128662 97.355447769165 97.3144397735596 96.190767288208 96.4682674407959 96.0897312164307 95.6160125732422 95.9399261474609 96.4266681671143 96.7302665710449 97.6686878204346 101.414859771729 103.315790176392 104.257959365845 104.561227798462 103.457548141479 102.176746368408 101.387891769409 103.366176605225 106.253366470337
129.184787750244 127.428825378418 127.338474273682 125.242427825928 120.090810775757 118.180109024048 118.275791168213 115.850770950317 117.055345535278 114.971431732178 112.186679840088 110.79314994812 110.881465911865 114.228492736816 110.707466125488 104.925260543823 101.155693054199 97.7246398925781 96.4874324798584 95.1146144866943 95.3541507720947 96.4940032958984 96.0509967803955 93.2430973052979 92.8180637359619 90.830602645874 90.7920017242432 90.7768268585205 91.479284286499 93.8026847839355 95.7823276519775 96.0850658416748 94.7669944763184 96.7468299865723 95.9426307678223 94.4859752655029 94.774076461792 95.0952453613281 95.7280330657959 95.2600173950195 95.2428760528564 99.1570072174072 99.1403026580811 100.386379241943 101.946056365967 101.930757522583 102.226804733276 101.885427474976 101.828725814819 101.729919433594
128.497100830078 126.408533096313 128.360746383667 128.277248382568 123.225337982178 122.806119918823 122.726596832275 121.908529281616 121.280696868896 118.152641296387 119.178033828735 118.398717880249 111.93604850769 112.165418624878 109.341604232788 102.818813323975 102.678367614746 98.9014892578125 98.7656917572021 95.3303718566895 96.803295135498 98.7103118896484 96.2083110809326 93.3885154724121 92.9797630310059 90.2327251434326 90.6129779815674 89.9093208312988 90.9575138092041 91.5819263458252 93.2393188476562 93.9663906097412 93.9283599853516 95.1405296325684 94.1659526824951 93.0496482849121 92.5685634613037 92.8607902526855 92.8409042358398 92.8210163116455 92.036750793457 92.3276557922363 93.8950996398926 99.1984405517578 100.125408172607 100.414825439453 101.654167175293 100.682910919189 100.302133560181 101.472269058228
124.866502761841 126.557136535645 128.177761077881 126.341951370239 125.495630264282 125.422090530396 123.348714828491 126.355005264282 124.282403945923 120.796646118164 120.724962234497 117.590251922607 114.748613357544 108.50004196167 106.904159545898 107.452754974365 100.994119644165 99.1463680267334 98.9915504455566 97.587926864624 98.3567581176758 98.2029514312744 96.0391330718994 94.8941612243652 93.712251663208 91.639669418335 90.4339504241943 90.3961887359619 90.0141296386719 90.7431526184082 90.7060718536377 92.678409576416 92.6416549682617 91.8397197723389 91.6343727111816 90.8313465118408 90.0358829498291 90.7769775390625 89.9889698028564 90.274787902832 90.5600700378418 89.463228225708 89.7480926513672 91.9447803497314 96.610876083374 96.5643558502197 98.4279518127441 100.42075920105 100.041688919067 100.266555786133
121.402879714966 123.533313751221 125.503452301025 124.907581329346 123.393465042114 123.508655548096 125.261583328247 124.457696914673 124.359348297119 121.595888137817 117.943738937378 115.55299949646 112.888252258301 108.950574874878 106.973161697388 107.757122039795 101.25484085083 97.4548892974854 98.8888568878174 96.3481292724609 97.6245613098145 96.3619194030762 94.7802047729492 94.2633152008057 93.0728092193604 90.7877960205078 89.5917072296143 89.2111434936523 89.1764087677002 90.0644721984863 90.215856552124 89.8382949829102 89.0374717712402 89.3133163452148 89.27760887146 87.5448055267334 88.4461479187012 87.8221950531006 88.1015853881836 87.3089752197266 88.0448532104492 87.6840877532959 87.2244071960449 87.5024375915527 91.696798324585 91.9730815887451 97.8707256317139 98.6037273406982 99.8015441894531 102.672674179077
123.639234542847 120.349109649658 121.708257675171 126.984477996826 125.109287261963 121.575550079346 124.039907455444 120.756420135498 117.598613739014 117.023645401001 113.566555023193 114.18835067749 108.304801940918 110.469762802124 109.058841705322 105.931888580322 102.846250534058 101.46763420105 100.028774261475 97.4703884124756 97.6343574523926 95.8878383636475 94.2614727020264 94.077320098877 91.3034152984619 90.2566165924072 88.9618263244629 88.2666244506836 88.232593536377 88.1985607147217 88.4760875701904 88.4410629272461 87.1724185943604 87.1367473602295 87.1010799407959 86.3002243041992 86.2672901153564 86.2367286682129 86.206169128418 85.5476531982422 85.5158710479736 85.8167037963867 85.0204639434814 85.7510681152344 87.2897720336914 89.8695392608643 94.8065547943115 100.65864944458 100.171621322632 102.412790298462
122.281944274902 122.345458984375 121.961082458496 121.732095718384 125.864179611206 121.81622505188 123.951425552368 120.431339263916 117.163011550903 114.603054046631 114.557731628418 114.144666671753 109.332439422607 108.048765182495 108.939096450806 107.629224777222 104.592880249023 102.147190093994 98.4709758758545 98.1195392608643 97.1736164093018 94.6138763427734 93.7431659698486 92.3195362091064 90.7690162658691 90.0720882415771 88.0125904083252 87.3203163146973 86.943172454834 85.9952640533447 85.9611072540283 86.2687797546387 85.8927898406982 85.8586349487305 85.8244762420654 84.8644962310791 84.0643768310547 84.7950210571289 84.7606639862061 84.2971668243408 84.262077331543 84.2269821166992 83.4287605285645 84.0269470214844 86.4495697021484 87.6486663818359 91.176628112793 97.1568946838379 98.3468990325928 98.5894393920898
