data/spatiotemp/temp1/bio12_norsw_test_2003_2006.asc
NCOLS 654 
NROWS 380 
XLLCORNER 3.91666666666667 
YLLCORNER 55.3333333333333 
CELLSIZE 0.0416666666666666 
NODATA_value -9999 
[rows 44 to 65 of 380, columns 500 to 549 of 654]
479.959060668945 468.281028747559 467.35717010498 472.375854492188 470.898933410645 461.83748626709 462.669494628906 468.642883300781 469.512046813965 473.865417480469 476.680557250977 485.583229064941 498.535087585449 490.124801635742 488.838493347168 477.682487487793 476.100784301758 456.692932128906 450.786842346191 454.566040039062 452.988945007324 452.441749572754 448.339714050293 431.17399597168 444.975921630859 464.06453704834 467.892555236816 464.302070617676 458.514663696289 454.391693115234 460.905609130859 461.635955810547 469.098937988281 471.664413452148 467.669639587402 465.478744506836 467.267028808594 464.462066650391 466.435600280762 467.200752258301 463.696144104004 455.43660736084 448.862525939941 452.300468444824 446.870132446289 449.678260803223 445.623245239258 445.975830078125 443.871780395508 446.898643493652
471.83381652832 467.903419494629 475.580284118652 475.834503173828 478.336166381836 480.145385742188 477.008110046387 480.475784301758 485.960144042969 481.772369384766 479.106475830078 479.963088989258 487.896858215332 484.467979431152 479.548110961914 472.236305236816 463.186622619629 455.695419311523 447.996383666992 444.791366577148 451.681617736816 447.824378967285 445.120063781738 429.762565612793 447.697166442871 456.906784057617 451.769195556641 454.522438049316 456.171974182129 466.406219482422 480.976249694824 479.534683227539 473.125350952148 468.457420349121 468.797828674316 466.050666809082 465.777984619141 458.002258300781 455.455627441406 451.83177947998 449.227325439453 449.163925170898 460.678512573242 454.994636535645 456.937606811523 455.759796142578 450.460319519043 457.027099609375 452.736366271973 452.233833312988
470.505462646484 477.103881835938 484.355041503906 489.800811767578 490.11595916748 491.324798583984 485.681770324707 488.026954650879 489.732940673828 485.182052612305 484.12393951416 481.015167236328 476.997734069824 476.502220153809 475.013526916504 472.73713684082 463.335525512695 458.82112121582 456.318984985352 449.895286560059 447.552764892578 443.38362121582 434.721038818359 441.055015563965 455.688819885254 457.61083984375 451.384994506836 457.84449005127 457.86434173584 458.960159301758 462.87589263916 478.501152038574 476.953636169434 473.982887268066 469.643852233887 468.389434814453 463.233024597168 454.553726196289 459.474082946777 473.210548400879 478.224021911621 463.469055175781 462.648429870605 479.069938659668 473.036659240723 473.569458007812 476.866653442383 470.806228637695 456.854469299316 456.100440979004
475.553833007812 486.251945495605 489.24089050293 495.538597106934 496.982040405273 502.657287597656 502.750900268555 498.545722961426 490.603874206543 490.728424072266 486.112121582031 478.354293823242 475.362197875977 471.005111694336 469.169822692871 465.774688720703 465.476806640625 461.826370239258 460.983032226562 455.273849487305 451.22225189209 445.253639221191 434.219879150391 437.653121948242 448.997528076172 451.512336730957 453.927528381348 457.515289306641 461.08765411377 457.677879333496 468.439361572266 468.980476379395 473.929359436035 474.834167480469 473.67308807373 472.62239074707 467.86466217041 460.538734436035 468.651611328125 474.584800720215 468.26929473877 470.140747070312 484.819625854492 483.54719543457 485.267875671387 476.113464355469 466.29655456543 469.402442932129 479.254417419434 469.434234619141
487.797706604004 496.703689575195 500.704689025879 503.406051635742 508.202545166016 509.997817993164 508.060539245605 502.710037231445 498.122406005859 491.726119995117 486.186515808105 478.415451049805 477.681221008301 472.655632019043 472.742904663086 467.866996765137 461.736061096191 460.024658203125 461.78377532959 457.156227111816 453.63542175293 447.939399719238 445.46125793457 438.231430053711 446.595771789551 456.257369995117 457.272407531738 460.808364868164 462.191093444824 464.748512268066 466.509643554688 473.544212341309 477.430038452148 477.678924560547 479.598365783691 475.54825592041 476.777992248535 475.17431640625 476.51879119873 475.506332397461 482.494300842285 487.080528259277 488.386047363281 485.459533691406 485.44847869873 475.908683776855 483.924461364746 488.667877197266 489.046058654785 480.168739318848
493.677635192871 501.786590576172 508.106063842773 512.512435913086 513.794342041016 512.857360839844 510.939277648926 512.310211181641 509.187744140625 499.586349487305 492.257865905762 485.624847412109 482.545967102051 476.407104492188 472.043685913086 462.047233581543 462.480804443359 461.888717651367 456.407699584961 455.913681030273 457.815277099609 452.729873657227 445.468879699707 440.305473327637 450.464050292969 459.220565795898 468.828567504883 466.352989196777 462.820610046387 464.754615783691 471.838645935059 473.977760314941 475.59846496582 476.456802368164 479.611022949219 478.848510742188 483.101287841797 497.777641296387 495.641777038574 493.248695373535 484.287216186523 474.276924133301 476.122650146484 476.417572021484 473.233818054199 478.756843566895 483.564659118652 480.128456115723 481.896499633789 483.82251739502
510.040153503418 513.158248901367 516.354553222656 515.856636047363 513.971061706543 506.648559570312 498.796516418457 498.833084106445 495.125259399414 487.293243408203 489.221237182617 487.321708679199 484.935775756836 486.658889770508 483.052841186523 474.206848144531 471.467292785645 469.191482543945 463.778099060059 462.798645019531 459.010108947754 458.51944732666 454.731880187988 448.452690124512 449.472808837891 454.699111938477 455.581817626953 459.889457702637 470.899703979492 475.281478881836 481.768730163574 490.820999145508 480.270072937012 477.152130126953 476.977996826172 474.892105102539 485.597900390625 486.784210205078 475.823348999023 476.554206848145 473.342666625977 470.06120300293 476.581916809082 479.841087341309 475.81494140625 473.129104614258 473.21558380127 473.620391845703 475.60262298584 471.432723999023
518.649200439453 526.303619384766 523.556480407715 516.928558349609 515.60425567627 511.16357421875 502.453842163086 502.172004699707 502.095893859863 499.178955078125 498.794921875 499.643753051758 505.237747192383 503.522651672363 493.783279418945 486.413627624512 480.410621643066 474.167808532715 470.462295532227 468.599655151367 467.387763977051 464.485466003418 460.664825439453 455.475898742676 451.523445129395 457.345405578613 458.817504882812 461.401809692383 466.547515869141 465.566047668457 471.929893493652 477.572372436523 483.133453369141 481.509872436523 476.204940795898 469.083923339844 471.397842407227 476.839752197266 481.760025024414 478.945487976074 476.314659118652 471.475303649902 474.741760253906 471.720893859863 472.404930114746 473.226364135742 465.866729736328 463.430442810059 463.930854797363 458.985824584961
525.698921203613 527.671684265137 523.295112609863 522.344451904297 515.877883911133 511.015571594238 506.321838378906 521.897735595703 529.781913757324 516.864128112793 508.749710083008 504.159957885742 501.169708251953 496.872581481934 492.105323791504 486.587280273438 485.035339355469 480.849784851074 476.307754516602 473.028221130371 472.931030273438 465.29264831543 458.072296142578 453.076667785645 458.318435668945 459.91300201416 463.286895751953 464.695053100586 466.938247680664 465.83179473877 467.531936645508 475.268501281738 479.166084289551 471.054336547852 466.796615600586 470.266609191895 468.713218688965 471.849105834961 470.653038024902 472.458793640137 473.452690124512 474.93563079834 467.652099609375 466.040954589844 464.14079284668 466.215026855469 462.914733886719 456.915245056152 458.553939819336 458.667778015137
529.51383972168 526.422416687012 528.752365112305 519.554153442383 516.146675109863 513.070259094238 513.47590637207 520.341209411621 527.754104614258 520.533332824707 509.484909057617 503.294960021973 498.574485778809 495.450386047363 489.832038879395 486.824264526367 482.462760925293 477.532005310059 472.863105773926 471.976455688477 471.411285400391 464.665626525879 462.072700500488 464.121841430664 465.480926513672 461.816299438477 470.354675292969 465.561309814453 462.519500732422 464.79663848877 467.026718139648 468.174606323242 478.44019317627 477.51863861084 467.557907104492 464.540649414062 464.433433532715 463.19261932373 466.116966247559 463.881675720215 463.484840393066 461.625587463379 461.56241607666 460.766555786133 461.646507263184 460.582321166992 459.136581420898 459.231513977051 463.246200561523 467.125961303711
537.251220703125 534.981658935547 530.800804138184 529.872413635254 523.594512939453 523.777847290039 526.288635253906 518.150032043457 516.258697509766 511.963226318359 505.80997467041 500.010063171387 493.822593688965 489.658317565918 485.54825592041 481.786018371582 480.611145019531 472.589851379395 469.953346252441 472.040138244629 469.18962097168 469.401794433594 467.179664611816 469.411567687988 467.655960083008 465.610649108887 462.681007385254 464.639205932617 465.292922973633 464.934677124023 458.911575317383 462.858367919922 462.448348999023 464.220794677734 463.283020019531 469.738075256348 469.69548034668 465.446495056152 465.959320068359 471.027908325195 472.461906433105 471.505920410156 466.625823974609 470.945602416992 464.643836975098 461.25658416748 463.069198608398 463.866424560547 468.880340576172 479.406860351562
546.015632629395 543.047401428223 542.043296813965 537.872528076172 535.590644836426 536.587158203125 532.554512023926 522.316543579102 514.438163757324 508.705276489258 511.473541259766 503.633590698242 501.808471679688 498.930770874023 495.953895568848 492.470291137695 486.818962097168 484.947906494141 481.429695129395 480.472045898438 477.860870361328 473.165718078613 470.621337890625 465.262344360352 466.486328125 467.409202575684 467.173469543457 470.317092895508 471.203025817871 477.380935668945 478.889366149902 473.376930236816 475.986434936523 475.930473327637 473.700881958008 474.431106567383 474.623992919922 469.651184082031 470.312545776367 466.521278381348 468.221351623535 467.569183349609 465.646324157715 463.671852111816 470.472427368164 468.074607849121 464.510734558105 468.769264221191 473.517784118652 476.917831420898
555.075592041016 549.27409362793 548.882217407227 554.388252258301 547.016082763672 534.461929321289 528.007186889648 522.104042053223 522.506301879883 516.735076904297 512.049095153809 510.010200500488 507.530891418457 504.939544677734 500.049278259277 493.522247314453 490.636360168457 486.90242767334 488.421020507812 482.857719421387 482.360488891602 476.689582824707 480.017906188965 486.65690612793 500.143058776855 499.213470458984 496.74536895752 494.534339904785 496.264938354492 493.220520019531 485.810050964355 487.831214904785 491.504341125488 489.77571105957 485.066497802734 480.420738220215 476.333877563477 473.037750244141 474.011405944824 477.181167602539 475.510444641113 475.758880615234 479.218688964844 480.041206359863 478.758567810059 476.755569458008 479.718132019043 480.022247314453 476.328018188477 476.842422485352
558.246887207031 559.645301818848 556.159606933594 555.534973144531 549.219131469727 545.688842773438 538.21435546875 534.088592529297 524.662147521973 519.080574035645 531.99299621582 518.842796325684 511.729026794434 505.563545227051 503.433891296387 504.725563049316 500.682334899902 490.941246032715 484.102149963379 483.028106689453 485.518905639648 506.452934265137 515.66072845459 516.138816833496 522.261352539062 517.527893066406 509.446929931641 512.267517089844 498.962577819824 485.313598632812 480.217460632324 482.189636230469 488.147796630859 484.699325561523 476.296318054199 472.861053466797 475.443069458008 482.434051513672 483.964790344238 482.433212280273 482.025756835938 484.873504638672 487.556762695312 492.648735046387 491.471397399902 497.23218536377 499.93733215332 494.67357635498 495.91722869873 492.616279602051
567.688430786133 569.717124938965 568.89444732666 560.072357177734 553.690689086914 554.148818969727 547.562385559082 543.652961730957 533.327651977539 536.335258483887 543.270774841309 523.075531005859 511.977272033691 510.813812255859 512.799934387207 509.475578308105 498.278900146484 492.708061218262 493.533950805664 493.356391906738 494.586074829102 502.163139343262 514.99723815918 512.239608764648 504.247016906738 506.234802246094 504.24853515625 493.511413574219 500.638031005859 486.460334777832 480.820617675781 484.215927124023 490.713600158691 491.940704345703 485.363540649414 487.384155273438 491.175178527832 490.30736541748 486.461051940918 486.721015930176 486.891754150391 488.669677734375 494.842735290527 497.315635681152 503.48486328125 515.382965087891 515.882835388184 508.489685058594 509.299354553223 509.566818237305
583.40495300293 581.813232421875 573.383056640625 563.93480682373 557.055648803711 558.997482299805 550.392921447754 545.76921081543 535.072227478027 542.277168273926 539.197395324707 527.747688293457 517.503295898438 511.370666503906 514.854530334473 510.001426696777 502.009094238281 500.834564208984 499.350532531738 498.163284301758 503.765266418457 514.212074279785 519.599792480469 522.519020080566 516.381278991699 506.196792602539 501.766212463379 497.267097473145 487.547912597656 487.104118347168 504.073310852051 512.450225830078 512.392135620117 507.784202575684 498.493553161621 492.660133361816 491.234413146973 487.77611541748 491.584945678711 494.053024291992 493.550857543945 498.623046875 503.548858642578 512.138450622559 519.441909790039 513.651489257812 515.544342041016 514.451789855957 508.856155395508 503.429389953613
591.483406066895 585.672958374023 578.950836181641 571.423545837402 569.27562713623 565.745590209961 557.580116271973 545.832572937012 538.862976074219 543.954483032227 543.138748168945 533.265266418457 525.459899902344 524.810485839844 526.764633178711 521.454742431641 513.806968688965 511.841514587402 508.87866973877 508.347061157227 511.31266784668 515.870101928711 524.93115234375 521.875114440918 506.31014251709 495.956436157227 500.728485107422 513.907653808594 532.543350219727 530.026321411133 525.778656005859 520.481651306152 506.819931030273 507.600868225098 507.214683532715 499.706954956055 495.273811340332 495.153663635254 504.349243164062 501.406265258789 498.869575500488 510.709564208984 529.857444763184 533.608535766602 522.996047973633 520.724899291992 516.159530639648 522.031455993652 520.933990478516 507.165489196777
595.502372741699 594.029998779297 591.398368835449 585.308258056641 577.0361328125 564.351356506348 558.816139221191 550.916221618652 545.805320739746 539.629837036133 538.507720947266 535.730407714844 530.613319396973 530.816062927246 531.607223510742 529.453582763672 525.293434143066 523.551467895508 517.867210388184 516.302574157715 513.528762817383 508.627822875977 510.58765411377 503.190269470215 512.223098754883 505.455055236816 520.582992553711 520.705978393555 520.157768249512 526.682174682617 518.030303955078 511.147789001465 511.397079467773 518.477081298828 517.734367370605 507.234802246094 502.380989074707 512.510757446289 504.378494262695 518.608947753906 520.512954711914 530.627555847168 528.875717163086 523.256378173828 520.933319091797 520.288101196289 526.672996520996 528.379531860352 531.703193664551 527.885284423828
601.624786376953 598.803665161133 595.453582763672 590.733558654785 582.262786865234 569.183746337891 559.916786193848 556.423614501953 549.751976013184 548.061874389648 538.885719299316 539.422065734863 534.517143249512 529.182968139648 527.664054870605 525.824066162109 528.158729553223 526.969665527344 514.852516174316 512.943206787109 511.049781799316 508.289863586426 507.20874786377 517.409439086914 512.027732849121 502.196784973145 506.516395568848 508.251121520996 511.835815429688 525.132514953613 523.925506591797 512.936614990234 509.776580810547 508.040908813477 513.762733459473 518.251708984375 516.258666992188 518.957801818848 519.89769744873 523.192367553711 526.559883117676 521.650482177734 517.896957397461 512.069770812988 514.124267578125 523.702255249023 531.638618469238 536.415100097656 529.821731567383 531.692268371582
605.165946960449 601.130966186523 599.103302001953 593.958953857422 584.330535888672 575.001525878906 569.279182434082 567.48853302002 554.760093688965 548.979965209961 544.607261657715 538.815467834473 532.037841796875 526.856002807617 524.071617126465 522.495231628418 522.475082397461 521.59651184082 518.268768310547 512.016159057617 510.831436157227 510.819427490234 509.0703125 506.09716796875 508.168869018555 505.545288085938 503.114860534668 507.569885253906 516.320541381836 514.46346282959 510.149208068848 512.760192871094 512.199012756348 511.701095581055 509.855003356934 515.336692810059 517.449142456055 521.066230773926 518.706359863281 515.236061096191 517.292343139648 520.214111328125 518.826202392578 514.155029296875 505.662132263184 513.338829040527 521.823135375977 523.536720275879 515.337104797363 510.290504455566
604.91446685791 602.565773010254 597.949409484863 593.771957397461 586.96696472168 579.087890625 571.480659484863 565.387771606445 567.556243896484 561.313652038574 551.011848449707 541.664184570312 535.599433898926 529.468185424805 524.198280334473 522.024787902832 520.364669799805 518.849510192871 515.003173828125 511.721252441406 510.341300964355 509.550590515137 508.311813354492 505.104148864746 505.642608642578 503.958122253418 505.652893066406 502.513389587402 505.283050537109 505.788078308105 511.257141113281 508.290466308594 508.441062927246 512.80982208252 519.592193603516 520.05224609375 516.013122558594 513.935821533203 509.869262695312 514.050369262695 520.669677734375 517.173919677734 513.965347290039 510.908744812012 516.033332824707 523.310111999512 525.361587524414 525.369735717773 528.891250610352 519.21997833252
606.105125427246 605.141525268555 598.293395996094 592.663887023926 583.614143371582 574.361747741699 568.029388427734 566.340103149414 565.676712036133 562.385765075684 554.723335266113 546.181251525879 544.076988220215 537.440071105957 530.961013793945 520.891693115234 519.673637390137 517.299156188965 514.522956848145 514.227256774902 508.484504699707 505.887466430664 507.197975158691 504.443649291992 504.313804626465 506.767684936523 504.702270507812 499.9951171875 500.348411560059 500.498870849609 504.915298461914 506.608360290527 501.991157531738 506.858337402344 506.81941986084 509.593627929688 510.366439819336 507.618911743164 511.279609680176 518.294311523438 517.025032043457 513.243339538574 508.326316833496 510.451118469238 518.231323242188 518.265243530273 521.22420501709 522.023086547852 527.852813720703 526.409118652344
