data/spatiotemp/temp1/bio13_norsw_test_2003_2006.asc
NCOLS 654 
NROWS 380 
XLLCORNER 3.91666666666667 
YLLCORNER 55.3333333333333 
CELLSIZE 0.0416666666666666 
NODATA_value -9999 
[rows 66 to 87 of 380, columns 500 to 549 of 654]
124.65710067749 124.54846572876 123.254693984985 120.778884887695 118.307216644287 117.021722793579 115.738296508789 112.097003936768 109.640850067139 108.366731643677 107.094686508179 107.000537872314 105.7366771698 103.305868148804 102.051753997803 100.799482345581 99.6512832641602 98.8546848297119 97.7750244140625 97.9122505187988 97.1100006103516 96.3232593536377 96.5712928771973 96.2912616729736 95.6343460083008 95.0078239440918 94.3838939666748 93.0542964935303 92.4347915649414 91.6793079376221 91.062931060791 91.729118347168 91.1174049377441 91.0743160247803 91.031231880188 90.9881410598755 90.2946138381958 89.8158826828003 89.9004535675049 89.2698392868042 88.786771774292 88.8701782226562 88.3839464187622 89.7526216506958 89.8361377716064 89.2038021087646 88.7133502960205 88.2207870483398 87.5147724151611 87.4537010192871
124.538925170898 123.245147705078 120.769428253174 119.480827331543 118.194297790527 115.728933334351 114.447578430176 111.98946762085 110.713293075562 110.615955352783 109.342891693115 106.897192001343 105.625682830811 103.180234909058 101.910646438599 100.643283843994 99.3781547546387 98.3858451843262 97.5483932495117 97.6460399627686 96.5253791809082 95.6841411590576 94.8783130645752 94.5022764205933 93.8692092895508 93.2408638000488 93.185980796814 92.5620822906494 91.9411478042603 91.8892259597778 91.2727394104004 91.222297668457 90.610258102417 90.5613031387329 90.5123491287231 90.4633941650391 90.4760322570801 89.2783536911011 88.7929239273071 88.1508512496948 88.2230529785156 87.7339477539062 87.8052606582642 87.876579284668 88.5118637084961 88.0192050933838 87.5247659683228 86.8798112869263 87.6042938232422 86.8376169204712
120.865871429443 119.576234817505 118.288665771484 117.003177642822 115.719757080078 114.438411712646 113.159133911133 113.059637069702 112.960138320923 110.50937461853 109.237361907959 106.793851852417 104.342304229736 101.883535385132 100.599771499634 99.3186302185059 98.138973236084 98.1973304748535 98.5346450805664 98.314037322998 96.5033988952637 95.3459882736206 94.4679298400879 94.615159034729 93.3877449035645 93.3245973587036 92.6955680847168 92.6340866088867 92.5725984573364 91.950231552124 91.3311939239502 91.2730398178101 90.6589994430542 90.6025133132935 91.25767993927 89.9386491775513 89.9425935745239 88.7408208847046 88.802677154541 88.8645324707031 88.9263906478882 87.7203350067139 87.7813358306885 87.8423366546631 87.3471279144287 86.6929922103882 87.4676866531372 87.5279626846313 87.5367565155029 87.4940662384033
119.567247390747 117.096879959106 115.812423706055 115.710762023926 114.429414749146 113.150144577026 113.050556182861 111.774396896362 110.500310897827 109.228307723999 109.131832122803 106.690505981445 104.23254776001 102.928979873657 101.628425598145 100.330879211426 99.199836730957 98.0088119506836 97.0951251983643 97.1136150360107 97.1321067810059 95.2866897583008 95.3129539489746 94.1542043685913 92.9062824249268 92.2732400894165 92.205150604248 92.1370716094971 92.0689859390259 92.0009021759033 90.825080871582 90.7606935501099 90.1461400985718 90.0835990905762 89.3104057312012 88.7021379470825 88.6967697143555 89.4603614807129 88.9664669036865 89.0171098709106 88.3547878265381 87.145411491394 87.1952075958252 86.6971349716187 86.0328226089478 86.081916809082 85.7237529754639 85.7610960006714 84.701584815979 85.0262804031372
115.789455413818 114.508625030518 113.229839324951 113.131561279297 113.033277511597 111.758592605591 110.485952377319 109.215362548828 107.946815490723 106.680320739746 106.587156295776 104.153465270996 102.87135887146 102.737764358521 100.272258758545 99.0536079406738 98.1221160888672 97.1910409927368 96.9138603210449 95.98317527771 94.3239631652832 93.8452215194702 93.8452978134155 93.3012218475342 92.6077833175659 91.9771947860718 91.9091329574585 91.2841482162476 90.51535987854 90.4480361938477 89.8294038772583 89.2145013809204 89.1509160995483 88.5416145324707 87.7705545425415 87.7077121734619 88.4092254638672 87.9113025665283 87.9546537399292 87.9980049133301 86.786566734314 86.8293151855469 86.8720617294312 85.6582069396973 85.8648529052734 85.2794122695923 85.3136110305786 84.9978790283203 84.2894983291626 83.9930696487427
111.913074493408 111.818487167358 111.723899841309 111.629318237305 110.360681533813 109.094036102295 109.001438140869 106.566720962524 105.306049346924 104.047365188599 102.790683746338 100.368902206421 99.1021022796631 98.9872951507568 97.9770488739014 97.9787788391113 97.9805030822754 97.0527324676514 97.0546360015869 94.9213266372681 93.7172393798828 93.0375471115112 92.514965057373 91.9250020980835 91.9303455352783 91.1707210540771 90.5498008728027 90.4890451431274 89.8732852935791 89.8142518997192 89.203652381897 89.1463394165039 89.0890264511108 88.4853105545044 87.1773414611816 87.1224117279053 87.1150913238525 86.6126327514648 86.6524858474731 86.6923351287842 86.7321882247925 85.5175695419312 85.5568580627441 85.5961475372314 85.5263643264771 85.5599203109741 85.3223657608032 84.2934036254883 84.2916278839111 83.9834022521973
109.232191085815 107.968637466431 109.052230834961 107.790609359741 107.701599121094 107.612588882446 107.523574829102 105.09902381897 103.845149993896 101.427377700806 100.178335189819 98.9312324523926 97.6770038604736 97.5776109695435 97.5560350418091 96.6310834884644 96.634744644165 96.6384048461914 95.7139959335327 94.5134181976318 93.5893383026123 93.5931968688965 92.3924541473389 91.8092184066772 90.5579843521118 90.5037908554077 89.8914976119995 89.8388795852661 89.7862615585327 89.733642578125 89.1292209625244 89.0781803131104 88.478476524353 88.4290075302124 87.1279706954956 86.5351572036743 86.6855783462524 86.7187519073486 86.4001951217651 85.4557123184204 85.4883451461792 85.5209760665894 85.2012348175049 84.525336265564 85.2661790847778 84.8612728118896 84.8939065933228 84.9265403747559 84.565728187561 84.5179777145386
107.736322402954 106.479791641235 106.394304275513 106.308818817139 105.056037902832 103.805143356323 103.721538543701 102.473457336426 101.2272605896 99.9829368591309 98.7404928207397 96.3392181396484 95.2702865600586 95.2758331298828 95.2813777923584 95.2869281768799 94.3654689788818 94.3711156845093 93.4499521255493 93.4556951522827 93.4614419937134 93.4671840667725 92.269944190979 92.949107170105 92.2611417770386 91.6523866653442 90.3493967056274 89.7454376220703 89.6992378234863 89.0995626449585 89.0547876358032 88.4593935012817 88.4160490036011 87.6692008972168 87.7956390380859 87.7639389038086 86.705078125 86.0314207077026 85.4406757354736 85.4724092483521 85.1502265930176 84.4755201339722 84.5070314407349 84.4551429748535 84.4868545532227 84.5185699462891 83.8434963226318 83.6029272079468 83.5890779495239 83.8026657104492
105.079889297485 104.997869491577 103.75012588501 102.504199981689 102.424005508423 101.180810928345 101.101530075073 99.8610706329346 98.6224317550659 97.3856248855591 96.391242980957 95.1438064575195 95.1243171691895 94.2059707641602 95.4139680862427 95.4216556549072 94.2286834716797 93.3106384277344 93.3182735443115 93.2894296646118 93.3483924865723 93.3411693572998 93.3488025665283 92.8317375183105 92.2799205780029 91.5441160202026 90.945200920105 90.9049806594849 89.6122121810913 89.5724287033081 88.980354309082 88.5217123031616 88.3536205291748 88.3164014816284 87.8099613189697 86.454381942749 86.4561109542847 85.7829446792603 86.0830955505371 85.7587060928345 85.7899208068848 85.8211307525635 84.7918252944946 84.8228664398193 84.5824213027954 83.8239288330078 83.5825595855713 83.2566423416138 83.2371425628662 83.1677293777466
103.601488113403 102.359706878662 101.119686126709 101.042856216431 100.966018676758 99.7295360565186 98.4948167800903 97.3153085708618 97.2666501998901 96.291823387146 95.0447254180908 94.0725259780884 94.0539121627808 93.7893228530884 94.072904586792 93.1580362319946 93.167555809021 92.3945150375366 91.9874038696289 91.9967842102051 91.3041505813599 91.3567209243774 91.4092836380005 92.7143640518188 92.7234106063843 91.4358472824097 90.8439083099365 90.8101873397827 90.776463508606 89.4918260574341 88.9059219360352 88.8736886978149 88.2911920547485 87.0106058120728 86.9798698425293 87.0985355377197 87.1015005111694 86.0721635818481 86.1025876998901 86.1330089569092 86.8660163879395 86.1066246032715 85.5087585449219 84.8362979888916 84.5086812973022 83.5637865066528 83.5934886932373 83.265157699585 82.5367212295532 82.4563188552856
99.808931350708 99.7353963851929 99.6618595123291 98.4303178787231 98.3576412200928 97.1286659240723 97.0568399429321 95.9701881408691 95.9211721420288 94.9474925994873 93.7018556594849 92.7308025360107 91.5163679122925 91.5274667739868 91.5385694503784 91.5496664047241 91.0122928619385 91.0599765777588 90.65993309021 89.9070711135864 91.2030181884766 91.2507009506226 93.1075649261475 92.5969905853271 92.0482082366943 92.020694732666 91.993185043335 91.9656801223755 90.6881637573242 90.1071681976318 88.8314905166626 88.8055248260498 88.7795677185059 88.2037963867188 88.1788206100464 87.4536437988281 87.4824314117432 87.1526145935059 87.1822195053101 86.8523387908936 86.5224180221558 85.8511695861816 85.5211391448975 84.8497323989868 84.8791847229004 84.5490255355835 84.5784597396851 83.633321762085 82.5411930084229 82.8072462081909
99.5085601806641 97.326244354248 97.2757196426392 97.2252006530762 96.9165554046631 95.9257345199585 95.8758020401001 94.9013566970825 95.1249265670776 93.8796949386597 92.6356382369995 91.3927536010742 91.3755445480347 90.4670009613037 90.4799318313599 89.64328956604 89.6854934692383 90.4164733886719 89.7699022293091 89.8121118545532 89.8543148040771 89.8965196609497 91.1874809265137 91.9212341308594 91.9323444366455 92.6035089492798 91.8904714584351 91.869532585144 90.5998668670654 90.0252666473389 90.0053749084473 89.4333000183105 89.414252281189 89.3952016830444 88.678295135498 87.5003900527954 87.5059394836426 87.4417657852173 87.4709730148315 88.2908401489258 87.2592115402222 87.1972398757935 85.8948602676392 84.8631639480591 84.5305061340332 83.5872354507446 83.6153440475464 83.2821788787842 82.5456647872925 82.1684341430664
97.237190246582 96.9137182235718 95.93581199646 95.8849592208862 95.8341083526611 95.1312274932861 94.8087329864502 93.835560798645 92.8637428283691 91.6206550598145 91.5724325180054 90.3311471939087 89.4553861618042 89.4927778244019 88.974853515625 89.0119867324829 89.0491228103638 89.0862550735474 89.6797523498535 89.7171478271484 89.7545413970947 89.7919359207153 90.519172668457 91.3860702514648 92.0297374725342 92.7063636779785 91.7877559661865 91.2180318832397 90.0073137283325 89.9935741424561 89.9798336029053 90.9274044036865 90.6474275588989 89.5730981826782 88.8639707565308 87.7898292541504 87.4339227676392 87.0988645553589 86.430136680603 87.5189018249512 86.8500967025757 86.2443914413452 85.2118730545044 85.2396850585938 84.6318740844727 83.5989589691162 82.9290552139282 82.5934610366821 82.5501337051392 82.4361276626587
95.8996238708496 95.8478546142578 95.7960824966431 95.744309425354 94.7690477371216 94.7179479598999 93.4725513458252 92.5005931854248 91.5299777984619 90.6394805908203 90.2398538589478 89.3818626403809 88.152759552002 88.1849021911621 88.3506784439087 88.9372625350952 88.4146709442139 87.7583074569702 88.4786653518677 88.5106601715088 88.5426568984985 89.1310052871704 90.4090309143066 90.9986972808838 90.4542551040649 90.4465093612671 90.6566066741943 90.6466016769409 90.6366004943848 90.2567319869995 89.1856460571289 88.9096565246582 88.9003620147705 89.1581802368164 89.1490240097046 89.1398696899414 89.1492462158203 88.1164894104004 87.5101776123047 86.477126121521 85.5390243530273 85.2009105682373 85.2278938293457 84.1947212219238 83.5841655731201 83.188871383667 82.577299118042 82.6039018630981 82.1910972595215 82.0678224563599
95.7617292404175 96.6330108642578 96.5796546936035 94.6810359954834 93.4352264404297 94.5769968032837 93.6043510437012 92.3610877990723 91.391077041626 90.5880537033081 89.3359384536743 88.7720785140991 88.0922250747681 87.6124591827393 88.1470441818237 89.4161243438721 88.8899812698364 88.3631811141968 88.3902997970581 88.4174156188965 88.4445352554321 88.6582975387573 89.0546588897705 90.3832511901855 89.7838039398193 89.0939083099365 90.0023431777954 89.307240486145 90.2585535049438 89.8825416564941 88.9199848175049 88.8118963241577 88.1153469085693 87.843376159668 88.1055202484131 89.4289674758911 88.1117153167725 87.7715311050415 86.1018419265747 85.4351511001587 84.8246450424194 84.1574363708496 83.4902658462524 82.8775215148926 82.9032592773438 82.9290027618408 82.9547386169434 81.9209747314453 81.2250785827637 81.0906400680542
95.8953790664673 95.8417940139771 96.9815483093262 94.8135290145874 93.5685510635376 94.7076854705811 94.6547651290894 93.411717414856 91.7917499542236 91.2012042999268 90.5218553543091 89.3507480621338 89.3429203033447 88.9759712219238 88.9815330505371 89.3600063323975 90.3201904296875 91.86887550354 90.6508569717407 90.1200685501099 89.0149192810059 89.020486831665 89.026047706604 89.9856700897217 90.6283531188965 88.9255599975586 89.6130447387695 90.2519102096558 89.8787117004395 90.9396495819092 90.2492990493774 89.8772249221802 88.8153295516968 87.8569202423096 87.8560266494751 88.1222276687622 87.7654991149902 86.9990797042847 85.6965827941895 85.3544054031372 84.4192304611206 83.8056201934814 82.8677434921265 82.8927049636841 82.2261219024658 81.8830556869507 81.9082012176514 80.8741550445557 81.50559425354 81.3602952957153
94.6578502655029 93.6829242706299 93.6312379837036 92.3874711990356 92.3364181518555 92.2853670120239 92.50514793396 92.1832628250122 91.2141761779785 92.3520345687866 91.1133728027344 89.92640209198 89.5976781845093 89.5978469848633 89.3306512832642 88.9579610824585 88.957989692688 89.5985221862793 92.6722888946533 91.9858503341675 89.2255258560181 89.2255659103394 89.225604057312 90.8202409744263 91.132700920105 90.1803388595581 89.4948139190674 90.4498901367188 89.1235427856445 89.3921394348145 89.0211019515991 88.7547168731689 88.6522464752197 87.6973733901978 87.4308452606201 87.0614910125732 86.0159463882446 86.0432100296021 85.0110397338867 85.0385074615479 83.7356042861938 83.073145866394 82.4107542037964 82.0685567855835 82.0956735610962 82.1227931976318 82.0282297134399 80.946364402771 80.8495187759399 80.5519561767578
93.0140409469604 92.6838893890381 91.5671396255493 91.5187969207764 91.4704532623291 92.3440580368042 91.7321538925171 91.6779108047485 90.6102428436279 91.2999544143677 90.7720203399658 90.4495000839233 89.9477815628052 89.4052104949951 89.6698455810547 89.665581703186 89.1387948989868 89.133770942688 89.3976535797119 89.3926296234131 89.3876028060913 88.3256053924561 89.3775615692139 91.1798009872437 90.3223533630371 89.2661256790161 88.313777923584 87.9413585662842 88.6262798309326 89.5373830795288 89.26877784729 88.8978185653687 87.841833114624 86.8874664306641 86.247971534729 86.1477136611938 86.1639080047607 84.8680849075317 85.1702156066895 84.2429151535034 84.2736310958862 82.9746360778809 81.949049949646 81.9793033599854 81.6407890319824 82.039813041687 81.3835468292236 81.0455541610718 80.7159271240234 80.8640565872192
94.3795719146729 94.1434860229492 92.3134822845459 91.5859870910645 90.7848300933838 91.004843711853 90.9543180465698 90.9037933349609 90.5827789306641 90.8027400970459 90.7522125244141 90.7016897201538 89.9291019439697 90.9328718185425 91.1939716339111 91.1846313476562 90.4307746887207 90.1534385681152 89.1295185089111 89.1227140426636 89.1136064529419 89.3726186752319 90.1073389053345 91.3803234100342 90.6052408218384 90.8412685394287 89.5167894363403 89.1442489624023 87.8199214935303 87.8199396133423 87.81995677948 87.4487409591675 86.3952960968018 86.3955955505371 86.1250028610229 85.0715503692627 85.088565826416 84.7525901794434 84.1028022766113 83.4529809951782 83.1176557540894 83.151741027832 82.9093561172485 81.8900527954102 81.5548858642578 81.2729997634888 80.9381542205811 80.9716968536377 80.9294090270996 80.8112821578979
93.3509464263916 93.2940645217896 92.2161684036255 92.4263906478882 91.2861680984497 90.9721546173096 89.9006996154785 89.8538331985474 90.0789346694946 90.032075881958 90.7346706390381 91.225866317749 91.4669485092163 90.9139385223389 91.1715822219849 91.157247543335 90.3950967788696 90.3809156417847 90.094820022583 90.3525533676147 89.3246784210205 89.3106775283813 89.563117980957 89.5545330047607 89.7874183654785 89.0221471786499 89.0217256546021 87.9705066680908 87.9701118469238 87.231969833374 86.3741569519043 86.6459550857544 86.3731899261475 86.3727102279663 86.2744855880737 85.2237243652344 84.8728876113892 84.2301111221313 84.2681322097778 84.3061561584473 83.9751434326172 83.0549755096436 83.092246055603 82.7609996795654 82.1173334121704 81.8738641738892 81.1429395675659 80.8978433609009 80.8636159896851 80.7585096359253
91.736400604248 90.9242906570435 90.871187210083 90.8180894851685 90.4953193664551 90.4514875411987 90.4076547622681 90.363823890686 91.0741004943848 90.5414028167725 90.2323312759399 91.2142992019653 91.1824340820312 91.4366359710693 91.6908044815063 90.6466779708862 90.627537727356 90.0699281692505 90.3242807388306 90.5701160430908 90.2861003875732 90.2670116424561 90.2479238510132 90.5021657943726 91.0036010742188 90.9495687484741 90.1480884552002 89.0831317901611 89.0307273864746 88.7046375274658 87.6425323486328 86.847827911377 86.5247974395752 86.7978610992432 87.474609375 87.4740104675293 85.3998126983643 84.7970790863037 83.7912178039551 82.877269744873 82.5489139556885 81.2635612487793 81.5834197998047 81.3432321548462 80.7046642303467 80.7444410324097 80.7842149734497 80.8239898681641 80.7978286743164 80.3406143188477
92.6091899871826 92.5571813583374 91.3330640792847 91.028697013855 90.98792552948 91.2219552993774 91.6761636734009 92.6566562652588 92.8785495758057 92.8366785049438 92.7948083877563 93.7837209701538 94.7804317474365 94.0001649856567 92.9566335678101 92.1773490905762 91.1349544525146 91.1108293533325 91.0866975784302 90.3088493347168 90.0217008590698 90.2610425949097 90.9901905059814 89.9502296447754 90.4494199752808 90.3961000442505 89.3173294067383 88.2517328262329 87.9248504638672 87.4003944396973 87.0855827331543 86.3102874755859 86.3092699050903 85.9382734298706 85.2627973556519 84.6166982650757 84.269305229187 83.6389818191528 83.008490562439 82.6843061447144 82.4491596221924 82.1245393753052 81.8867340087891 80.8860721588135 80.6214666366577 80.6643581390381 80.7072448730469 80.7501363754272 80.3654088973999 80.2877788543701
