data/spatiotemp/temp1/bio16_norsw_test_2003_2006.asc
NCOLS 654 
NROWS 380 
XLLCORNER 3.91666666666667 
YLLCORNER 55.3333333333333 
CELLSIZE 0.0416666666666666 
NODATA_value -9999 
[rows 198 to 219 of 380, columns 550 to 599 of 654]
255.965827941895 256.639789581299 256.097309112549 254.079334259033 254.272518157959 254.094902038574 252.005222320557 252.442649841309 252.188709259033 253.903759002686 255.756259918213 255.062358856201 254.251564025879 253.072692871094 251.394496917725 251.217170715332 250.396629333496 253.981346130371 256.458717346191 257.584953308105 254.748405456543 254.103866577148 253.749805450439 253.208358764648 253.764953613281 256.446823120117 259.056755065918 261.362571716309 258.036109924316 255.597827911377 255.927764892578 256.047595977783 256.656520843506 258.599990844727 259.889049530029 258.981250762939 257.923484802246 259.511405944824 261.306957244873 261.409198760986 260.822250366211 257.645694732666 255.626403808594 254.532348632812 254.39933013916 253.708644866943 255.19739151001 252.679611206055 252.871677398682 254.711490631104
257.498195648193 256.807056427002 254.992942810059 253.352680206299 251.998802185059 251.992141723633 252.734645843506 252.645488739014 254.004917144775 254.787097930908 255.384399414062 257.366367340088 259.23885345459 257.394817352295 255.353450775146 256.725513458252 252.917934417725 253.233463287354 253.980529785156 254.225048065186 254.327514648438 253.126438140869 254.08699798584 253.856246948242 254.0654296875 254.364948272705 257.375087738037 259.334827423096 257.301105499268 255.523555755615 255.927539825439 256.302234649658 256.24142074585 257.0129737854 257.909896850586 258.258926391602 260.222434997559 261.130897521973 258.949920654297 260.973735809326 260.66869354248 261.701957702637 257.900268554688 254.49072265625 252.706893920898 253.126304626465 251.403316497803 251.190856933594 254.274478912354 255.166217803955
258.138820648193 256.862133026123 253.833873748779 252.032909393311 251.915264129639 252.7106590271 255.493446350098 254.18062210083 255.261001586914 255.803642272949 256.186344146729 256.144088745117 257.40177154541 259.790573120117 258.503829956055 258.002296447754 256.332599639893 255.426979064941 254.650875091553 254.522876739502 251.729583740234 253.079383850098 253.393589019775 253.230846405029 252.880783081055 254.003391265869 253.914009094238 256.907333374023 256.313877105713 255.253761291504 254.630603790283 253.583110809326 255.497745513916 257.818077087402 260.486663818359 260.279735565186 257.991107940674 257.113204956055 255.81494140625 255.567924499512 255.992832183838 259.076286315918 257.96195602417 255.821342468262 253.357555389404 252.208557128906 252.031963348389 253.009155273438 253.768337249756 254.644290924072
259.673431396484 258.408279418945 257.226024627686 256.134410858154 254.761096954346 254.034824371338 253.904228210449 255.13676071167 256.730438232422 255.18221282959 255.33931350708 256.103199005127 256.483333587646 257.350372314453 258.736064910889 260.144535064697 259.403167724609 256.95361328125 255.098937988281 252.90291595459 253.777240753174 252.888294219971 253.844829559326 253.097862243652 253.52294921875 254.6237449646 254.510330200195 255.278656005859 254.384426116943 256.042747497559 255.20463180542 254.959312438965 255.456912994385 257.617774963379 258.194091796875 261.844566345215 261.643062591553 258.189949035645 255.742267608643 252.858150482178 254.388195037842 253.282455444336 254.640537261963 253.60103225708 255.218139648438 254.69849395752 254.306964874268 254.600109100342 256.11083984375 255.428100585938
260.292316436768 258.112491607666 258.17733001709 258.940929412842 258.227993011475 257.618495941162 257.012748718262 257.384986877441 257.574962615967 255.377918243408 257.82596206665 257.347457885742 255.944396972656 257.612037658691 257.720794677734 259.39818572998 258.100059509277 257.108795166016 256.099349975586 253.774295806885 253.013771057129 253.156677246094 253.757179260254 253.735126495361 255.268718719482 256.377494812012 257.33519744873 256.983852386475 256.222690582275 254.265064239502 254.176807403564 253.102313995361 254.590213775635 257.028968811035 257.14119720459 259.220291137695 260.295036315918 260.621227264404 257.07674407959 254.934585571289 252.78617477417 252.205505371094 252.223430633545 252.022975921631 254.656085968018 257.009323120117 255.708057403564 254.840934753418 254.685920715332 256.065196990967
260.042171478271 257.191104888916 256.383323669434 255.931800842285 255.980587005615 257.55090713501 258.777084350586 258.779857635498 259.328544616699 256.927658081055 256.582607269287 257.1178855896 254.684326171875 255.45129776001 257.476234436035 257.81702041626 256.850471496582 255.50806427002 253.615997314453 252.270809173584 251.514881134033 253.002235412598 253.939735412598 254.977516174316 255.989971160889 257.680809020996 259.500560760498 259.122356414795 257.628238677979 256.301582336426 254.360458374023 253.296802520752 253.917804718018 253.245223999023 255.511535644531 256.250770568848 258.676990509033 256.68384552002 256.471874237061 256.259899139404 255.544078826904 255.54878616333 255.930839538574 252.939022064209 254.869644165039 253.645183563232 255.510265350342 256.459941864014 253.342350006104 252.363758087158
262.489250183105 259.243881225586 257.598049163818 257.705860137939 255.300144195557 257.546203613281 257.913879394531 258.281558990479 259.183143615723 257.93595123291 256.371250152588 253.961067199707 254.274978637695 255.394802093506 258.277938842773 258.24787902832 258.222354888916 256.616672515869 253.809303283691 251.881740570068 251.856552124023 251.831359863281 253.395492553711 254.568740844727 255.596302032471 258.270683288574 260.173797607422 260.985305786133 259.236125946045 256.473739624023 252.883346557617 253.659404754639 253.587871551514 254.368717193604 254.082386016846 253.861667633057 255.881324768066 258.132759094238 259.56583404541 260.263984680176 260.376914978027 257.685604095459 254.888343811035 251.879444122314 250.742778778076 250.519771575928 248.902984619141 249.86939239502 249.590881347656 249.90092086792
264.470825195312 262.881397247314 262.906745910645 262.130344390869 258.693950653076 258.834926605225 257.709838867188 256.180141448975 257.055335998535 257.9049949646 257.492244720459 254.963539123535 255.630657196045 256.733810424805 258.490245819092 258.1051902771 256.202144622803 255.43558883667 253.879928588867 252.856578826904 252.826431274414 252.280628204346 252.883529663086 255.204097747803 258.044239044189 259.544132232666 260.060565948486 260.360954284668 260.884929656982 260.52974319458 258.080551147461 253.855651855469 252.244209289551 253.638080596924 254.23657989502 253.758625030518 254.637226104736 256.008411407471 255.088653564453 256.227695465088 256.675392150879 257.042213439941 257.906494140625 257.279731750488 253.789127349854 252.639339447021 252.461391448975 251.428302764893 248.681800842285 248.490154266357
267.877071380615 266.99450302124 265.74719619751 263.09549331665 261.893928527832 260.977752685547 259.10717010498 257.480850219727 256.967914581299 257.200168609619 258.689727783203 257.066009521484 257.685127258301 257.121376037598 256.733367919922 258.485675811768 258.366111755371 255.940265655518 255.388160705566 253.750686645508 254.32328414917 253.506916046143 253.121631622314 255.392208099365 258.246898651123 257.909114837646 257.314655303955 258.945316314697 260.077568054199 263.097045898438 258.520114898682 253.701698303223 252.966190338135 252.977649688721 256.644672393799 257.71114730835 256.94030380249 256.168857574463 257.891674041748 255.770767211914 255.523628234863 255.61262512207 255.633674621582 255.627643585205 255.407913208008 254.57604598999 254.065994262695 253.283016204834 251.40177154541 250.696796417236
266.898101806641 267.379680633545 267.989849090576 266.719982147217 264.008796691895 261.28145980835 259.391651153564 258.872039794922 258.498226165771 259.731983184814 259.212295532227 257.938446044922 256.218173980713 255.332313537598 255.712875366211 254.680263519287 253.560527801514 255.317134857178 254.880950927734 254.722724914551 255.291728973389 254.00511932373 256.086784362793 255.563251495361 255.850929260254 259.576183319092 259.248821258545 262.632164001465 262.302070617676 261.703411102295 260.673233032227 257.428565979004 256.697128295898 258.195339202881 257.480266571045 260.291152954102 259.340896606445 259.763980865479 260.36421585083 257.636627197266 255.47386932373 255.482410430908 254.267074584961 253.641002655029 255.34342956543 255.083423614502 255.200008392334 253.045783996582 251.993072509766 252.136428833008
268.011840820312 266.31844329834 267.354843139648 267.412494659424 265.150928497314 265.5895652771 264.801734924316 263.001041412354 262.702518463135 260.24341583252 260.483692169189 258.600936889648 256.794780731201 256.844272613525 257.841091156006 255.00452041626 253.378784179688 252.376056671143 253.259628295898 254.877880096436 254.771263122559 254.934585571289 258.768341064453 257.063430786133 256.633419036865 258.062099456787 261.648609161377 263.737075805664 262.208301544189 260.060752868652 259.74437713623 257.971309661865 258.444122314453 258.99849319458 259.22452545166 257.152317047119 259.196201324463 259.01335144043 259.067184448242 259.903335571289 257.514205932617 253.730453491211 253.212738037109 252.011348724365 252.844955444336 254.027679443359 252.466609954834 252.847034454346 252.760238647461 253.355037689209
271.52770614624 269.476173400879 267.056697845459 267.356426239014 266.8854637146 267.906635284424 269.233016967773 266.090824127197 265.528491973877 263.703052520752 261.468597412109 263.411781311035 260.263114929199 259.365627288818 261.419403076172 259.130859375 256.913677215576 254.776889801025 255.40389251709 255.115570068359 252.865222930908 255.231758117676 256.273166656494 256.534320831299 256.125366210938 257.479316711426 260.295906066895 262.664516448975 261.152194976807 259.90901184082 259.603462219238 259.470806121826 258.474105834961 261.131912231445 260.890293121338 260.272510528564 257.849975585938 259.425788879395 260.688327789307 259.712013244629 258.497161865234 256.159976959229 255.625953674316 254.421398162842 252.25679397583 251.701412200928 252.991580963135 254.018203735352 252.753658294678 252.678718566895
272.474094390869 271.310264587402 270.136032104492 270.059665679932 268.102928161621 268.673480987549 268.375297546387 267.430847167969 267.848239898682 269.446613311768 268.662494659424 266.653961181641 263.250919342041 261.432033538818 260.971923828125 262.374969482422 260.44896697998 258.201587677002 258.117340087891 257.470558166504 255.167846679688 254.442821502686 256.685607910156 259.502540588379 260.860179901123 260.51029586792 260.32950592041 259.169322967529 259.846435546875 260.148830413818 262.028594970703 262.544486999512 262.811290740967 261.991771697998 260.75089263916 261.315746307373 261.330299377441 261.063236236572 258.769756317139 260.02498626709 260.420845031738 257.393257141113 257.346118927002 256.395862579346 256.413459777832 253.427471160889 253.002674102783 255.099514007568 255.891956329346 254.969844818115
274.322326660156 275.77250289917 272.733993530273 271.995613098145 269.9875831604 270.400882720947 270.553073883057 268.37183380127 268.781547546387 270.600276947021 270.722087860107 266.965438842773 264.884368896484 262.71964263916 261.953968048096 259.017612457275 258.851547241211 258.999355316162 259.227180480957 261.065742492676 260.913482666016 259.126800537109 258.503959655762 260.61824798584 262.693168640137 262.924953460693 261.934345245361 260.517921447754 261.18091583252 261.944831848145 262.717060089111 263.000286102295 261.963760375977 261.676383972168 260.696220397949 259.902900695801 260.981796264648 261.26696395874 258.933639526367 258.90930557251 258.736724853516 258.168712615967 258.041976928711 256.555797576904 253.593730926514 253.037357330322 254.546520233154 257.998760223389 257.088092803955 255.595218658447
273.743938446045 273.991645812988 273.056095123291 271.581718444824 270.415817260742 269.958694458008 269.85782623291 269.607654571533 270.475185394287 269.72127532959 270.723323822021 270.579967498779 268.155506134033 267.208480834961 264.338836669922 261.815765380859 258.669410705566 257.941005706787 260.806751251221 263.606197357178 262.948863983154 262.49100112915 262.818996429443 263.086326599121 261.692752838135 262.229187011719 261.026947021484 261.438362121582 261.470748901367 262.25456237793 262.536472320557 262.433292388916 260.769409179688 258.294532775879 258.315673828125 257.421173095703 258.204284667969 258.495704650879 258.227508544922 258.667072296143 257.312236785889 256.892734527588 254.063865661621 254.6028175354 253.593601226807 254.2392578125 254.307788848877 256.012287139893 258.346405029297 257.99621963501
274.692390441895 272.952030181885 273.699062347412 273.868209838867 269.521259307861 266.737648010254 272.604133605957 275.225109100342 272.715400695801 270.578216552734 269.883693695068 268.391216278076 267.172798156738 266.161472320557 265.008186340332 263.076862335205 260.553104400635 261.419967651367 262.665134429932 260.805156707764 262.821231842041 263.150455474854 262.59468460083 262.160972595215 263.039066314697 260.493270874023 259.526336669922 260.712753295898 261.895290374756 261.569904327393 259.485851287842 258.846004486084 257.833194732666 257.529468536377 256.023559570312 253.768180847168 253.34691619873 255.561588287354 256.094326019287 256.353862762451 256.590805053711 253.64155960083 253.479415893555 254.006023406982 254.671348571777 254.61563873291 256.207565307617 254.264682769775 257.524059295654 259.229156494141
273.748027801514 273.708152770996 273.406299591064 271.370704650879 269.492069244385 269.866523742676 270.719581604004 272.790065765381 272.500576019287 272.657913208008 271.17777633667 268.068363189697 267.893123626709 265.290397644043 265.162303924561 262.056953430176 260.375049591064 259.641124725342 260.311378479004 261.552082061768 260.319507598877 261.296077728271 260.526473999023 260.765129089355 263.362201690674 263.222805023193 259.298889160156 257.877220153809 256.924209594727 257.579231262207 255.129306793213 255.537258148193 254.728446960449 253.284648895264 254.05135345459 252.71410369873 253.5202293396 254.05428314209 253.328304290771 253.754867553711 253.939529418945 253.501445770264 251.368541717529 251.57258605957 252.860954284668 252.529094696045 252.64981842041 253.19592666626 255.765022277832 256.842506408691
277.746784210205 272.395572662354 272.897384643555 270.088520050049 268.49906539917 270.248146057129 269.346759796143 267.935710906982 269.211158752441 271.256191253662 272.29280090332 270.639621734619 268.052795410156 266.869598388672 263.17170715332 262.518028259277 262.06379699707 261.464061737061 261.427532196045 259.803089141846 260.588665008545 262.980674743652 262.157367706299 262.200416564941 262.730903625488 262.050590515137 259.769855499268 258.118305206299 257.680282592773 258.266876220703 257.682373046875 258.05192565918 256.384048461914 253.799682617188 251.939464569092 252.477977752686 252.361976623535 253.072692871094 251.870330810547 253.634296417236 251.65625 251.232963562012 251.747581481934 251.812442779541 251.491546630859 252.401340484619 253.073040008545 255.329330444336 255.81510925293 254.674945831299
274.016933441162 273.081569671631 271.836818695068 271.429973602295 269.486812591553 268.458728790283 268.62036895752 268.925762176514 269.396240234375 271.309276580811 270.923637390137 269.772956848145 268.405059814453 266.5185546875 263.925647735596 265.862400054932 264.793567657471 264.023212432861 263.094589233398 261.366672515869 260.176162719727 260.561584472656 259.735836029053 261.571243286133 262.297378540039 260.340061187744 259.150856018066 257.867332458496 256.904430389404 256.394546508789 255.278991699219 256.046417236328 256.488334655762 257.671535491943 256.635437011719 255.082588195801 254.570289611816 252.816600799561 253.267204284668 253.124412536621 252.642196655273 251.374382019043 250.057888031006 250.220394134521 249.907684326172 251.649639129639 253.583808898926 254.971351623535 256.302745819092 255.168243408203
271.634304046631 271.034488677979 271.009479522705 269.589485168457 269.567337036133 268.981300354004 268.2409324646 267.382305145264 268.482662200928 268.900787353516 267.695011138916 268.662269592285 267.041774749756 266.090686798096 262.936264038086 264.430492401123 264.559814453125 264.641300201416 265.312404632568 265.92098236084 262.445011138916 262.645164489746 263.772510528564 263.010559082031 263.4426612854 264.169757843018 261.314830780029 260.254081726074 259.862041473389 258.651817321777 256.742118835449 256.495891571045 256.330623626709 257.379161834717 257.420108795166 255.472034454346 254.366291046143 252.493915557861 250.747970581055 251.40657043457 252.057327270508 251.057556152344 250.530025482178 251.350059509277 252.5964012146 253.70291519165 254.142467498779 253.839378356934 256.25358581543 257.313632965088
273.804622650146 271.278053283691 270.077205657959 267.788059234619 269.842792510986 269.465019226074 267.027076721191 264.699325561523 264.611122131348 265.932361602783 266.155899047852 265.526363372803 264.573040008545 264.811618804932 264.486053466797 263.680603027344 264.475601196289 265.109455108643 265.492767333984 265.638854980469 265.436645507812 269.177543640137 268.492607116699 268.118236541748 264.898807525635 263.852844238281 262.089645385742 263.571178436279 262.483989715576 263.136943817139 260.371387481689 260.937545776367 260.052326202393 259.130626678467 259.687061309814 258.618938446045 254.752395629883 255.333473205566 253.301746368408 251.090065002441 250.850261688232 249.022937774658 249.497821807861 250.691780090332 254.340232849121 256.660743713379 257.79504776001 258.945663452148 259.135929107666 258.163513183594
272.677932739258 269.624225616455 268.66711807251 269.678630828857 266.782104492188 266.268417358398 265.319004058838 263.327056884766 263.530460357666 264.965404510498 265.259822845459 265.305389404297 263.596702575684 266.384624481201 266.977268218994 265.479778289795 266.415100097656 268.309867858887 268.206630706787 268.103374481201 268.688671112061 266.155239105225 265.737678527832 265.691577911377 265.391296386719 263.491809844971 262.425296783447 263.095523834229 263.612518310547 262.561321258545 262.633682250977 264.434947967529 262.555297851562 260.513664245605 259.813621520996 258.445629119873 258.05012512207 256.033184051514 254.619506835938 254.437103271484 250.708694458008 251.190372467041 249.941951751709 250.5807762146 252.525718688965 255.080299377441 256.931442260742 257.465118408203 257.497249603271 258.876983642578
