data/spatiotemp/temp1/bio14_norsw_test_2003_2006.asc
NCOLS 654 
NROWS 380 
XLLCORNER 3.91666666666667 
YLLCORNER 55.3333333333333 
CELLSIZE 0.0416666666666666 
NODATA_value -9999 
[rows 88 to 109 of 380, columns 550 to 599 of 654]
14.3068974018097 14.2130601406097 14.5417811870575 14.4497268199921 14.8747954368591 14.9228038787842 14.8807897567749 14.5417640209198 14.5891599655151 14.8756954669952 15.061704158783 15.1662282943726 14.9446573257446 14.9627017974854 15.1355438232422 14.9987909793854 14.7206704616547 14.4973654747009 14.8964619636536 15.070967912674 15.0890116691589 15.1070561408997 15.9397389888763 16.0223605632782 15.944667339325 15.7791299819946 16.1079924106598 16.1896553039551 16.1837038993835 16.2648041248322 16.6007132530212 16.4270038604736 16.5081033706665 16.5892033576965 16.6682224273682 16.1934432983398 16.8220973014832 16.5502088069916 16.5974082946777 16.6446075439453 17.0202372074127 17.0102932453156 17.058979511261 17.4365499019623 17.7611336708069 17.7614302635193 18.0771903991699 18.0534315109253 17.5372340679169 17.8266160488129
14.7636570930481 14.6656341552734 14.3356075286865 14.2336142063141 14.4215247631073 14.6038882732391 14.5074417591095 14.5504007339478 14.3573248386383 14.9281301498413 14.9595301151276 14.9781057834625 14.9966821670532 14.860981464386 14.8791162967682 15.0524091720581 15.0709850788116 14.9335207939148 14.9516561031342 14.9697906970978 14.9879250526428 15.0060596466064 15.0522277355194 15.1264293193817 15.7442052364349 15.8210775852203 15.9818205833435 15.812088727951 16.0516946315765 16.1285662651062 16.2054390907288 16.2823107242584 16.6141264438629 16.9490075111389 16.5111920833588 16.5845959186554 16.8273808956146 16.9012169837952 16.9921915531158 17.0335853099823 17.3402788639069 17.3829116821289 17.4255456924438 17.1991593837738 17.8369822502136 17.8733198642731 18.3012082576752 17.8403232097626 17.819171667099 17.637348651886
14.3351111412048 14.2307920455933 14.2690987586975 14.4531619548798 14.4925122261047 14.5318620204926 14.7101273536682 14.7495224475861 14.7889175415039 14.4557111263275 14.4844737052917 14.642071723938 14.6605868339539 14.3857779502869 14.6383078098297 14.6565086841583 14.6747100353241 14.8321630954742 14.8503880500793 14.868613243103 14.7294058799744 14.7471647262573 14.9492363929749 15.019357919693 15.3291659355164 15.5409851074219 15.7743952274323 15.8470404148102 15.9196846485138 15.9923293590546 16.0649735927582 16.1376185417175 15.9795916080475 16.2829070091248 16.6090087890625 16.9912164211273 17.303067445755 17.0803344249725 17.0616347789764 17.3927531242371 17.4434309005737 17.707884311676 17.7806348800659 17.5487034320831 17.583794593811 17.9423389434814 17.9544053077698 18.5325522422791 18.5210869312286 18.5071859359741
14.8730993270874 14.6801383495331 14.3482596874237 14.2362456321716 14.2699017524719 14.5902307033539 14.7740240097046 14.6593625545502 14.6939287185669 14.5765998363495 14.6025960445404 14.0982141494751 14.1158587932587 14.364973783493 14.5373284816742 14.9259579181671 15.0999670028687 14.5922083854675 14.7491202354431 14.7674357891083 14.7857518196106 15.0367939472198 15.0798275470734 15.1474225521088 15.3748815059662 15.8206698894501 15.8906404972076 15.7192585468292 15.787674665451 16.1005532741547 16.1705241203308 16.2404954433441 16.3104653358459 16.3804371356964 16.4489619731903 16.5123353004456 16.5388400554657 16.817852973938 17.1402056217194 17.1936147212982 17.4458212852478 17.5684084892273 17.8537492752075 17.6235008239746 17.330607175827 17.9386246204376 17.3664469718933 17.355931520462 17.6660432815552 17.8108704090118
14.4408888816833 14.6161110401154 14.6461777687073 14.676244020462 14.7063109874725 14.5097279548645 14.4016687870026 14.4314081668854 14.3101079463959 14.4769008159637 14.5006051063538 14.5190105438232 14.1711032390594 14.0353970527649 14.5742290019989 14.8215219974518 14.611040353775 14.2623422145844 14.6478524208069 14.5092034339905 14.9142405986786 14.7030701637268 15.1324388980865 15.1965110301971 15.4942772388458 15.463098526001 15.9249172210693 15.4527988433838 15.6556651592255 15.7198548316956 16.0271275043488 16.2564177513123 16.3227171897888 16.3890180587769 16.4540548324585 16.5178298950195 16.6033666133881 16.6229259967804 16.8932919502258 17.2957327365875 16.9985949993134 16.7011649608612 17.0380074977875 16.7402846813202 17.0774204730988 17.0971262454987 17.3201944828033 17.3067398071289 17.0822324752808 17.2798292636871
14.2430248260498 14.2677128314972 14.4297432899475 14.6025712490082 14.2555677890778 14.4292252063751 14.4541339874268 14.4790425300598 13.9908525943756 14.0148711204529 13.8838396072388 13.9016568660736 14.0727787017822 13.9372909069061 14.3182106018066 14.4910957813263 14.509592294693 14.9805428981781 15.1365811824799 15.0180087089539 14.4462349414825 14.4438896179199 14.8678097724915 15.0863857269287 15.1462841033936 15.0461783409119 15.1056342124939 15.325980424881 15.3858799934387 15.8221943378448 16.0459506511688 16.3496589660645 16.4132144451141 16.7216506004333 16.3746628761292 16.4027047157288 16.4145729541779 16.4264419078827 16.752149105072 16.7641637325287 16.1479177474976 16.473916053772 16.4857850074768 16.8122189044952 16.8242325782776 16.8362462520599 17.1524953842163 17.3914902210236 16.8190507888794 17.1243760585785
14.2205975055695 14.2422728538513 14.042697429657 14.0640501976013 14.0854034423828 14.2565927505493 14.2784440517426 14.1494610309601 14.170814037323 13.9686627388 13.9888062477112 14.0080628395081 14.0273189544678 13.8926949501038 13.9114377498627 14.5164840221405 14.5355978012085 14.9356136322021 14.9554154872894 14.7499043941498 14.7695324420929 14.4055066108704 14.6895728111267 14.7452228069305 14.9381802082062 14.9938628673553 15.0495455265045 15.4997553825378 15.8555634021759 15.6149506568909 15.6725478172302 16.2698628902435 16.5711805820465 16.3889513015747 16.691125869751 16.5389676094055 16.3027164936066 16.3107223510742 16.0740809440613 16.3267362117767 16.3347430229187 16.3427500724792 16.3507564067841 16.358763217926 16.3667693138123 16.6877229213715 16.6876661777496 16.6794040203094 16.6711421012878 16.6628804206848
14.3837215900421 14.2560908794403 14.4252812862396 14.2966797351837 14.0954651832581 13.9651148319244 13.9846329689026 14.1554756164551 14.1754789352417 14.1954822540283 14.2161045074463 14.5981066226959 14.6196904182434 14.2798318862915 14.4383869171143 14.1673963069916 14.5506701469421 14.5718207359314 14.8186526298523 14.4766175746918 14.2714433670044 14.2922525405884 14.3278460502625 14.3782246112823 14.7249617576599 15.0074510574341 15.0596559047699 15.506233215332 15.9564089775085 15.7748427391052 15.6682462692261 15.7222509384155 16.1557621955872 16.373340845108 16.1840131282806 16.237021446228 16.1491620540619 16.3424525260925 16.2837429046631 16.2917168140411 16.0550768375397 16.3743634223938 16.6272218227386 16.6353332996368 16.6434435844421 16.6515545845032 16.6521892547607 16.4002327919006 16.9503951072693 16.9434835910797
14.7574024200439 14.9259781837463 14.4382739067078 14.4576604366302 14.4770460128784 14.2750511169434 14.1428351402283 14.1614894866943 14.1801431179047 13.8236165046692 14.0664782524109 14.2427067756653 14.6268715858459 14.8744721412659 14.8984439373016 14.179993391037 14.2026965618134 14.0697636604309 14.2481026649475 14.2708058357239 14.52059674263 14.3162121772766 14.5084805488586 14.6938855648041 15.1304697990417 15.1795728206635 15.4622981548309 15.9069273471832 15.7227861881256 15.6135337352753 15.9027981758118 15.9545176029205 16.0641431808472 16.5192749500275 16.5706167221069 16.4583914279938 16.2643532752991 16.3068916797638 16.2204666137695 16.0125141143799 16.5750212669373 16.5170388221741 16.4725108146667 16.5992410182953 16.3624448776245 16.615386724472 16.7833254337311 16.5182046890259 16.3611364364624 16.3558523654938
14.5533504486084 14.5712895393372 14.5892286300659 14.6071681976318 14.4872522354126 14.5052449703217 14.1501977443695 14.015195608139 14.0320408344269 14.2021124362946 14.0696067810059 13.8713700771332 13.8954055309296 14.5051438808441 14.9095599651337 14.1925909519196 14.146760225296 14.0155806541443 14.2663812637329 14.6393623352051 14.3155748844147 14.3401713371277 14.5311889648438 14.9630093574524 15.0086133480072 15.054215669632 15.0998191833496 15.5191876888275 15.5660066604614 15.7723035812378 16.0584135055542 15.866682767868 16.4543042182922 16.503080368042 16.7940349578857 16.4358141422272 16.4821422100067 16.5149366855621 16.5229723453522 16.4772074222565 16.2295880317688 16.7562034130096 16.705867767334 17.1216361522675 16.762220621109 16.2691287994385 16.3364934921265 16.4965004920959 16.3287262916565 16.4812066555023
15.0085082054138 15.2452025413513 15.1805839538574 14.8391592502594 14.6355464458466 14.5140562057495 14.1575613021851 14.1735165119171 14.1894719600677 14.2054281234741 14.226744890213 14.0309557914734 14.0569438934326 14.0829327106476 14.1089210510254 14.1349096298218 14.3868231773376 14.0315527915955 14.0573518276215 14.3111500740051 14.8812158107758 14.9005255699158 15.0144398212433 14.8259289264679 14.8676891326904 14.9094498157501 14.9512102603912 14.9929707050323 15.3320837020874 15.6121168136597 15.6553428173065 15.9386444091797 16.5229811668396 16.3265087604523 16.531082868576 16.5744252204895 16.4561576843262 16.479071855545 16.3991951942444 16.4412412643433 16.483286857605 16.5110609531403 16.7332625389099 16.9934508800507 16.5339090824127 16.1233003139496 16.1727607250214 15.9895842075348 15.6778645515442 15.98459649086
14.5854141712189 14.8200249671936 14.8353335857391 14.6308436393738 14.645987033844 15.0336804389954 15.0494232177734 14.911877155304 14.7065601348877 14.3628995418549 14.2302916049957 14.0366792678833 13.9097065925598 13.9372704029083 14.1196930408478 14.1473650932312 14.175036907196 14.2027077674866 14.2303793430328 14.2580504417419 14.5152132511139 14.3880903720856 14.9226458072662 15.0782968997955 14.8843929767609 14.9226810932159 14.9609689712524 15.1568973064423 15.4326355457306 15.6114084720612 15.6510422229767 15.9307067394257 16.1307525634766 16.3315141201019 16.2115793228149 16.2503192424774 16.4500350952148 16.4891777038574 16.3665368556976 16.4052762985229 16.200573682785 15.9237389564514 15.9314343929291 16.1830132007599 15.9468238353729 16.198698759079 16.4089579582214 16.1447911262512 15.9555666446686 15.9544467926025
14.8204879760742 14.8343663215637 14.4772629737854 14.3519616127014 14.3653523921967 14.3787429332733 14.3921339511871 14.4055242538452 14.0446004867554 13.8371868133545 14.0130484104156 13.8875296115875 13.91685795784 14.1698267459869 14.3550567626953 14.3853611946106 14.1891746520996 14.2185299396515 14.2478835582733 14.506579875946 14.5368847846985 14.4120502471924 14.4439849853516 14.4775774478912 14.7377910614014 14.9359128475189 14.9707276821136 15.0055434703827 15.0403590202332 15.0751748085022 15.1099901199341 15.3033065795898 15.3384740352631 15.6153728961945 15.6505024433136 15.8252263069153 16.263011932373 16.2984442710876 16.0910320281982 16.1263134479523 16.1615948677063 16.1957290172577 15.8966028690338 15.9042620658875 15.9119207859039 15.6756763458252 15.6795835494995 15.679890871048 15.9240434169769 15.8546206951141
14.6848464012146 15.067592382431 15.0801455974579 14.8736088275909 14.6668672561646 14.6792147159576 14.3335127830505 14.3458292484283 14.3581445217133 14.3704602718353 14.0170879364014 13.9095435142517 13.9404609203339 14.1264779567719 14.5208983421326 14.3272666931152 14.3582494258881 14.2343506813049 14.2653880119324 14.2964253425598 14.3274624347687 14.1966528892517 14.2170567512512 14.3576097488403 14.5433502197266 14.5739345550537 14.6045200824738 14.6351048946381 14.8225781917572 15.2317504882812 15.5026252269745 15.6748871803284 15.3268194198608 15.3585090637207 15.6317179203033 15.96275806427 15.9947302341461 15.823659658432 15.8312826156616 16.0906443595886 15.8797619342804 15.6059131622314 15.8617722988129 15.8693943023682 16.1046676635742 16.1360650062561 15.8892643451691 15.6472368240356 15.6488974094391 15.6505584716797
14.4815168380737 14.4920701980591 14.8740720748901 14.8850927352905 14.6773071289062 14.6882569789886 14.6992056369781 14.9291760921478 14.9401957988739 14.5934038162231 14.3966135978699 14.2093951702118 14.0865693092346 13.9802093505859 14.012796163559 14.4105792045593 14.0779688358307 14.6331694126129 14.1431429386139 14.1757287979126 14.3483328819275 14.2409031391144 14.6588063240051 14.8265786170959 14.6991670131683 14.7263851165771 14.7536041736603 14.640652179718 14.6678781509399 15.4691298007965 15.7372438907623 15.3695011138916 15.3151650428772 15.5845832824707 15.9116678237915 15.7738378047943 15.6686062812805 15.4543566703796 15.641820192337 15.8125727176666 15.8410761356354 16.1122989654541 16.6177179813385 16.6257219314575 16.6033661365509 16.0813782215118 16.1179704666138 15.8191614151001 15.6175973415375 15.6206119060516
14.8678011894226 14.8773925304413 14.668643951416 14.5244731903076 14.5336420536041 14.3243505954742 14.5519802570343 14.7164013385773 14.4313750267029 14.065985918045 13.9494829177856 13.9852945804596 14.0211057662964 14.0569174289703 14.0927295684814 14.6491913795471 14.4589304924011 14.3547446727753 14.3903391361237 14.5800786018372 14.2288331985474 14.2630889415741 14.4456503391266 14.7048277854919 14.7290313243866 14.8937783241272 14.7774379253387 14.6461977958679 14.9082982540131 14.7765965461731 15.1964383125305 15.2213933467865 15.0059444904327 15.0303559303284 15.1871004104614 15.1943929195404 15.4433047771454 15.4262993335724 15.4507830142975 16.0193073749542 16.2869267463684 16.3124396800995 16.3379530906677 16.3465938568115 16.2446269989014 16.0266897678375 16.0642130374908 16.666622877121 16.6822340488434 15.5906648635864
14.6655731201172 14.5202021598816 14.3883183002472 14.5357687473297 14.4040553569794 14.4119231700897 14.4197914600372 14.5669040679932 14.2174594402313 14.2253189086914 13.9523940086365 14.1463050842285 14.0277774333954 14.0654697418213 14.4676072597504 13.9146964550018 14.1056480407715 14.1415736675262 14.1774983406067 14.2134239673615 14.2493495941162 14.2852747440338 14.4665267467499 14.723281621933 14.7441205978394 15.0021755695343 14.6312336921692 14.6517441272736 14.6722550392151 14.9317157268524 14.6559729576111 14.6766064167023 14.9945483207703 15.2561764717102 15.5753631591797 15.5968155860901 15.1682848930359 15.6397204399109 15.6611738204956 15.8413932323456 15.7422518730164 16.0277218818665 16.0497624874115 16.2318346500397 16.1105802059174 16.1326649188995 16.3162569999695 16.6162385940552 16.6487135887146 15.7840569019318
14.6816058158875 14.8424544334412 14.6951155662537 14.5620501041412 14.4137306213379 14.4202184677124 14.2091031074524 14.2156131267548 14.4396810531616 14.0716865062714 13.9553050994873 13.9948773384094 14.2559666633606 14.6601061820984 14.1606137752533 13.9268548488617 13.9648289680481 14.1570823192596 14.1946773529053 14.2322716712952 14.2698667049408 14.3074610233307 14.7242600917816 14.5886812210083 14.7592103481293 14.6229860782623 14.4803595542908 14.4929473400116 14.5055348873138 14.7572484016418 14.6517474651337 14.6689250469208 14.9831514358521 15.3973324298859 15.556578874588 15.5748386383057 15.6775856018066 15.6113588809967 15.9292378425598 15.9479691982269 15.9667010307312 16.3859627246857 16.8061585426331 16.7263355255127 16.4435586929321 16.2202327251434 16.6638388633728 16.7267560958862 16.789674282074 16.0767710208893
14.8770587444305 14.8829290866852 14.5307302474976 14.7543003559113 14.3889262676239 14.3945813179016 14.1827530860901 14.1884405612946 14.0389914512634 14.1998143196106 14.2221715450287 13.7463326454163 13.783980846405 14.1558930873871 14.6289796829224 14.6435053348541 14.4563355445862 14.3542737960815 14.3931267261505 14.199364900589 14.2366135120392 14.2738626003265 14.3011653423309 14.7069962024689 14.5731339454651 14.5907421112061 14.4183306694031 14.6695039272308 14.5865421295166 14.6040081977844 14.6214735507965 14.6389391422272 14.9421529769897 15.3662106990814 15.3837354183197 15.6983137130737 16.2537715435028 16.2712907791138 16.288809299469 16.4486231803894 16.7070243358612 17.1237337589264 17.3358724117279 17.354660987854 16.9370977878571 16.9551982879639 16.7777330875397 16.5188009738922 16.5537350177765 16.562614440918
14.6066861152649 14.604504108429 14.3189005851746 14.474466085434 14.4801473617554 14.3350129127502 14.1226909160614 14.3457543849945 13.9926855564117 13.8461058139801 14.0190899372101 14.0554668903351 13.8704941272736 13.7544169425964 14.1645956039429 14.5683205127716 14.8637912273407 14.873167514801 14.3101024627686 14.1147041320801 14.1495912075043 14.5673413276672 14.4483594894409 14.4702367782593 14.6415412425995 14.7502300739288 14.7723190784454 14.7987327575684 14.815845489502 14.5436520576477 14.5651495456696 14.6296768188477 14.904853105545 15.3196768760681 15.7200458049774 16.0350379943848 16.2907252311707 16.3081061840057 17.0201094150543 17.0383543968201 17.0565993785858 17.0748450756073 17.0930905342102 16.8987772464752 17.1295795440674 17.1478250026703 17.1917881965637 16.6946609020233 16.7047877311707 16.474372625351
14.5421869754791 14.4014699459076 14.406840801239 14.4122104644775 14.4175808429718 14.2754435539246 13.7730150222778 13.9259843826294 13.9311623573303 13.9363405704498 13.9558792114258 13.9897792339325 13.8023641109467 13.9098947048187 13.9441089630127 14.1253781318665 14.3860895633698 14.765153169632 14.7878167629242 14.4919118881226 14.2948770523071 14.095094203949 14.3588004112244 14.531133890152 14.4110951423645 14.6722157001495 14.6985349655151 14.7248549461365 14.4577665328979 14.6341841220856 14.6604969501495 15.0661382675171 15.245867729187 15.5704998970032 15.829498052597 16.1448891162872 16.3992471694946 16.4168832302094 16.9713118076324 17.2270114421844 17.2454178333282 17.2638237476349 17.0326464176178 17.0413572788239 17.0500683784485 17.0988171100616 17.1284611225128 16.8415343761444 16.6139454841614 16.3861312866211
14.1918663978577 14.1966676712036 14.344895362854 14.2062714099884 14.2110729217529 14.0731053352356 13.7154259681702 13.8647599220276 13.6515157222748 13.7292900085449 13.6739058494568 13.9240920543671 14.537811756134 14.558655500412 14.355700969696 13.8595385551453 13.8784921169281 14.5677816867828 14.3728880882263 14.5483407974243 14.1180446147919 14.38054895401 14.4118173122406 14.4432032108307 14.5636501312256 14.9733905792236 15.005042552948 14.6380569934845 14.3710734844208 14.6873183250427 14.9463217258453 15.1633052825928 15.7260231971741 15.758796453476 16.3167364597321 16.334344625473 16.5063591003418 16.5242421627045 16.5421245098114 17.0959303379059 16.958883523941 17.2134003639221 17.3878412246704 17.4064996242523 17.0126938819885 17.0214369297028 16.7949600219727 16.8077161312103 16.820472240448 16.5955326557159
