data/spatiotemp/temp1/bio11_norsw_test_2003_2006.asc
NCOLS 654 
NROWS 380 
XLLCORNER 3.91666666666667 
YLLCORNER 55.3333333333333 
CELLSIZE 0.0416666666666666 
NODATA_value -9999 
[rows 66 to 87 of 380, columns 336 to 383 of 654]
-7.91642665863037 -8.10619270801544 -8.71579241752625 -9.10139179229736 -9.20999121665955 -9.62625741958618 -9.66935658454895 -10.2084560394287 -10.4026544094086 -10.2402844429016 -10.4950811862946 -10.5825445652008 -10.773508310318 -10.8243055343628 -10.7284352779388 -10.5803990364075 -10.4535291194916 -10.272492647171 -10.1021690368652 -9.40758609771729 -8.93496835231781 -9.01926803588867 -9.11173510551453 -9.18436884880066 -9.2560019493103 -9.42303562164307 -9.62870740890503 -9.88716840744019 -10.1100451946259 -10.2380886077881 -10.658632516861 -11.0719366073608 -11.1165475845337 -11.1041371822357 -11.2153923511505 -11.2716481685638 -11.3530702590942 -11.1864926815033 -10.8254146575928 -10.7636704444885 -10.5927937030792 -10.5938591957092 -10.3839249610901 -10.306586265564 -10.2478895187378 -10.3549246788025 -10.2802937030792 -10.1531629562378
-8.64162027835846 -8.63882780075073 -9.31953477859497 -9.67057538032532 -9.43561577796936 -9.70132327079773 -10.1270306110382 -10.4440712928772 -10.5247359275818 -10.882524728775 -10.6899800300598 -10.537602186203 -10.6378910541534 -10.5988464355469 -10.7746353149414 -10.7419240474701 -10.5983791351318 -10.5570013523102 -10.5996232032776 -10.2848124504089 -9.9532835483551 -9.88769674301147 -9.92377734184265 -10.016524553299 -10.0031502246857 -10.0608053207397 -10.1089603900909 -10.1612825393677 -9.988938331604 -9.75626063346863 -9.64441609382629 -9.71457171440125 -10.0085995197296 -10.1718327999115 -10.1695654392242 -10.2414655685425 -10.3978652954102 -10.3884317874908 -10.4274985790253 -10.4162321090698 -10.3322987556458 -10.2255313396454 -10.345264673233 -10.4298315048218 -10.4247989654541 -10.485002040863 -10.4858713150024 -10.5368614196777
-9.46698045730591 -9.31846237182617 -9.96411085128784 -10.2622590065002 -9.96524119377136 -10.0720562934875 -10.4467046260834 -10.5253529548645 -10.5588173866272 -10.5699315071106 -10.6352121829987 -10.8296597003937 -10.9152734279633 -10.8633873462677 -10.710834980011 -10.5834486484528 -10.4568960666656 -10.4875726699829 -10.6480627059937 -10.8666710853577 -11.0178592205048 -11.0297935009003 -11.0760605335236 -11.1563277244568 -11.16326212883 -11.1560020446777 -11.1164908409119 -11.0926465988159 -10.9164688587189 -10.5969324111938 -10.1683664321899 -9.80713367462158 -9.63271546363831 -9.41341304779053 -9.2339015007019 -9.28339004516602 -9.39213466644287 -9.45536422729492 -9.63042736053467 -10.0078239440918 -9.95272040367126 -9.89728379249573 -10.0543463230133 -10.0819094181061 -9.97520875930786 -10.1134121417999 -10.1362819671631 -10.1816515922546
-10.003340959549 -9.63293051719666 -10.3206868171692 -10.5604431629181 -10.480699300766 -10.3967890739441 -10.4487118721008 -10.4804677963257 -10.5333993434906 -10.6365048885345 -10.7436110973358 -10.702716588974 -10.5789895057678 -10.471928358078 -10.3915343284607 -10.4056403636932 -10.7587459087372 -11.3135185241699 -11.5421245098114 -11.5038969516754 -11.6504912376404 -11.6077406406403 -11.4683229923248 -11.6347389221191 -11.6903216838837 -11.5224044322968 -11.5463201999664 -11.455902338028 -11.3766782283783 -11.3545753955841 -11.2343165874481 -11.0400371551514 -10.9317080974579 -10.6264095306396 -10.1769857406616 -9.99851870536804 -10.0037188529968 -9.9022970199585 -9.78852319717407 -9.91958236694336 -9.9088089466095 -9.83570170402527 -9.58959460258484 -9.75978422164917 -9.67995262145996 -9.79715609550476 -9.95945620536804 -9.7902295589447
-10.4777438640594 -10.0865032672882 -9.84942889213562 -10.122688293457 -10.4349474906921 -10.4023733139038 -10.2577991485596 -10.2087249755859 -10.2036743164062 -10.1696472167969 -10.2572870254517 -10.3422603607178 -10.4063999652863 -10.5513730049133 -10.7421791553497 -10.9248189926147 -11.1211259365082 -11.6290986537933 -11.6110718250275 -11.796377658844 -11.9266767501831 -11.8714678287506 -11.7155923843384 -11.6008837223053 -11.6298418045044 -11.5792992115021 -11.5539088249207 -11.5451853275299 -11.5337946414948 -11.5670709609985 -11.617680311203 -11.6875464916229 -11.6696438789368 -11.5823800563812 -11.504132270813 -11.4252135753632 -11.2999620437622 -11.0600435733795 -10.7641723155975 -10.5479021072388 -10.4674651622772 -10.4486949443817 -10.0714249610901 -9.8924880027771 -9.74205183982849 -9.78478336334229 -9.77034187316895 -9.58764863014221
-9.59802317619324 -9.69568014144897 -9.7265043258667 -9.74432778358459 -10.0998184680939 -10.3384757041931 -10.4311325550079 -10.6869564056396 -10.6738092899323 -10.7516915798187 -10.9287405014038 -10.8712892532349 -10.7598378658295 -10.813553571701 -11.0546026229858 -11.3206515312195 -11.3802006244659 -11.3580825328827 -11.4814643859863 -11.5720133781433 -11.5797064304352 -11.739542722702 -11.7920460700989 -11.7832155227661 -11.6796526908875 -11.6917595863342 -11.724716424942 -11.8060619831085 -11.7547316551208 -11.7885687351227 -11.884238243103 -11.8202414512634 -11.7708504199982 -11.7055642604828 -11.6117792129517 -11.5963268280029 -11.573707818985 -11.3454089164734 -11.1190421581268 -10.9782829284668 -11.025022983551 -10.9145967960358 -10.8571708202362 -11.076544046402 -10.6305079460144 -10.6132950782776 -10.6511967182159 -10.6268310546875
-9.98730230331421 -9.87752389907837 -9.87641215324402 -10.3488011360168 -10.674022436142 -11.0409109592438 -10.9912993907928 -11.1475210189819 -11.1674444675446 -11.109902381897 -10.9423606395721 -10.7818183898926 -10.8531100749969 -11.1805679798126 -11.6586925983429 -11.9326508045197 -12.2337756156921 -12.1912336349487 -12.0601913928986 -11.830982208252 -11.6460692882538 -11.5991179943085 -11.6981663703918 -11.779641866684 -11.822282075882 -11.894811630249 -11.8358964920044 -11.8185758590698 -11.8421778678894 -11.8671514987946 -11.8356564044952 -11.8300988674164 -11.9963903427124 -11.94358253479 -11.8777747154236 -11.7824668884277 -11.7126588821411 -11.6760175228119 -11.553959608078 -11.386812210083 -11.1294140815735 -11.0241651535034 -10.999249458313 -10.9701671600342 -10.9294641017914 -10.9190902709961 -10.9147181510925 -10.8206796646118
-10.6712481975555 -11.0905342102051 -10.7758212089539 -11.0846078395844 -11.2690603733063 -11.2931802272797 -11.3012998104095 -11.0992527008057 -10.8449127674103 -10.8259465694427 -11.1028139591217 -11.3666808605194 -11.5810482501984 -11.467081785202 -11.0836157798767 -11.7463164329529 -12.1655166149139 -12.525883436203 -12.4934175014496 -12.202451467514 -12.0224323272705 -12.1346924304962 -12.2329535484314 -12.1512134075165 -12.0303075313568 -11.9612348079681 -12.0356624126434 -11.9944224357605 -11.9382021427155 -11.925858259201 -11.9521803855896 -11.9285876750946 -11.8792119026184 -11.7813069820404 -11.8307354450226 -11.949330329895 -11.9537765979767 -11.8378059864044 -11.8207104206085 -11.7262816429138 -11.5936236381531 -11.4144601821899 -11.1871304512024 -11.0108997821808 -10.948662519455 -10.996951341629 -11.0449066162109 -10.9648616313934
-10.7123606204987 -10.9327118396759 -11.0518963336945 -11.0087471008301 -10.9309310913086 -11.042115688324 -10.9927997589111 -10.9563176631927 -11.226714849472 -11.8668239116669 -11.9911005496979 -12.0623772144318 -12.2019865512848 -11.737930059433 -11.0235393047333 -11.6216490268707 -12.1367583274841 -12.2822012901306 -12.3193109035492 -12.281920671463 -12.2934617996216 -12.224267244339 -12.2059071063995 -12.2475459575653 -12.1200184822083 -12.1026573181152 -12.0959632396698 -12.0979361534119 -12.0789082050323 -12.1088809967041 -12.1707148551941 -12.1762149333954 -12.1260545253754 -12.0669567584991 -12.0227291584015 -11.993501663208 -11.9207737445831 -11.84587931633 -11.7383184432983 -11.688423871994 -11.6583735942841 -11.7273004055023 -11.3726205825806 -11.0892436504364 -11.0585300922394 -11.0594792366028 -11.1804280281067 -11.1677105426788
-10.5629730224609 -10.7207221984863 -10.9226381778717 -11.0327203273773 -11.2266359329224 -11.4425513744354 -11.5173003673553 -11.2887156009674 -11.8368496894836 -12.1357021331787 -11.8213880062103 -11.9255731105804 -11.9922580718994 -11.9601104259491 -11.7714631557465 -11.6209809780121 -11.4196667671204 -11.5123517513275 -11.6697046756744 -11.7965559959412 -12.0151579380035 -12.175342798233 -12.3441944122314 -12.2690451145172 -12.2525627613068 -12.24858045578 -12.2399318218231 -12.2565643787384 -12.3045847415924 -12.3549792766571 -12.4234941005707 -12.4225089550018 -12.3698258399963 -12.2985012531281 -12.2615103721619 -12.2245187759399 -12.1528608798981 -12.0107388496399 -11.9390211105347 -11.7941377162933 -11.58225440979 -11.5048699378967 -11.3931524753571 -11.3414356708527 -11.3230638504028 -11.2426738739014 -11.2896161079407 -11.3185262680054
-10.5022523403168 -10.6447329521179 -10.8053798675537 -10.9641933441162 -11.1711738109589 -11.4326531887054 -11.4089674949646 -11.221780538559 -11.3344850540161 -11.6979129314423 -11.9943408966064 -12.4157691001892 -12.3828630447388 -12.2534577846527 -12.150218963623 -12.0414807796478 -11.9977419376373 -11.9636690616608 -11.8685975074768 -11.8490254878998 -11.8869919776917 -12.0550098419189 -12.1620631217957 -12.2158772945404 -12.2914402484894 -12.3965034484863 -12.4722332954407 -12.4724628925323 -12.4045259952545 -12.3839781284332 -12.5006065368652 -12.5769689083099 -12.5665974617004 -12.4866578578949 -12.3850512504578 -12.3051774501801 -12.2488045692444 -12.136430978775 -12.0925576686859 -11.9833564758301 -11.7314167022705 -11.5691442489624 -11.4803988933563 -11.4855992794037 -11.4315979480743 -11.4225347042084 -11.385137796402 -11.4208159446716
-10.2801983356476 -10.4620764255524 -10.6997883319855 -10.7501664161682 -11.0965442657471 -11.768089056015 -11.4434673786163 -11.2905125617981 -10.8724534511566 -11.3909573554993 -12.04896068573 -12.204797744751 -12.1829679012299 -12.3956387042999 -12.5251424312592 -12.4834792613983 -12.5381495952606 -12.3858203887939 -12.1611573696136 -12.2153277397156 -12.28205037117 -12.2951591014862 -12.2271013259888 -12.4382467269897 -12.7117898464203 -12.7256674766541 -12.4811992645264 -12.5008101463318 -12.4499187469482 -12.4710276126862 -12.5440690517426 -12.6294536590576 -12.6457023620605 -12.5988149642944 -12.5219275951385 -12.4317073822021 -12.3404867649078 -12.2379331588745 -12.1583795547485 -12.0804922580719 -11.8499383926392 -11.6783840656281 -11.6094977855682 -11.5686099529266 -11.5727982521057 -11.6540622711182 -11.4613263607025 -11.4249231815338
-10.4089775085449 -10.4672539234161 -10.5416970252991 -10.8068058490753 -10.8805825710297 -10.9613583087921 -10.7671344280243 -10.9390771389008 -10.8710882663727 -10.9653346538544 -11.6129140853882 -11.8233270645142 -12.1380729675293 -12.4763195514679 -12.6428990364075 -12.3666450977325 -12.1782250404358 -12.137638092041 -12.2117173671722 -12.2571301460266 -12.3355803489685 -12.3080670833588 -12.266054391861 -12.2932085990906 -12.6991493701935 -13.1177077293396 -13.0347654819489 -12.7133238315582 -12.5818815231323 -12.6389400959015 -12.7516648769379 -12.7780563831329 -12.7439098358154 -12.6658909320831 -12.5940389633179 -12.5113537311554 -12.3711681365967 -12.2703170776367 -12.1617968082428 -12.0356278419495 -11.9164600372314 -11.8306250572205 -11.7491228580475 -11.650954246521 -11.6406655311584 -11.6455898284912 -11.6095144748688 -11.5517718791962
-10.4330902099609 -10.8265976905823 -10.8282716274261 -10.8641126155853 -10.9236197471619 -11.2094604969025 -11.0688018798828 -10.9291422367096 -10.797723531723 -10.7583787441254 -11.327534198761 -11.6653563976288 -11.716344833374 -11.720333814621 -11.6464891433716 -11.6769773960114 -11.5858001708984 -11.5521218776703 -11.6394436359406 -11.8110992908478 -12.0023624897003 -12.1437776088715 -12.2801926136017 -12.5072689056396 -12.8336746692657 -13.2514145374298 -13.4434869289398 -13.2380595207214 -12.8922989368439 -12.8348715305328 -12.9544441699982 -12.9728500843048 -12.7607157230377 -12.6568744182587 -12.6980333328247 -12.6665253639221 -12.4590170383453 -12.2938425540924 -12.1691679954529 -12.0561599731445 -12.0434854030609 -11.9899768829346 -11.9249691963196 -11.9181277751923 -11.9025332927704 -11.7661180496216 -11.6400361061096 -11.5676209926605
-10.7457025051117 -10.7257745265961 -11.1255133152008 -11.134418964386 -10.7328243255615 -10.6653966903687 -11.0229685306549 -11.008873462677 -10.7153584957123 -10.961923122406 -11.1933212280273 -11.1215524673462 -11.3062837123871 -11.6820147037506 -11.84707903862 -11.7978100776672 -11.969208240509 -11.9371056556702 -11.7836701869965 -11.8910682201385 -12.2044727802277 -12.3218839168549 -12.3814616203308 -12.4652066230774 -12.5982840061188 -12.7354161739349 -12.7951805591583 -12.8522953987122 -12.8535487651825 -12.8993029594421 -12.9707231521606 -13.0003111362457 -12.9378552436829 -12.8688580989838 -12.8870270252228 -12.9065299034119 -12.7668659687042 -12.5965349674225 -12.3912043571472 -12.2668735980988 -12.160208940506 -12.0533788204193 -11.9825482368469 -11.8673837184906 -11.7676124572754 -11.6425659656525 -11.608519077301 -11.6528067588806
-11.0916485786438 -10.9886186122894 -11.0935890674591 -10.8802251815796 -10.5913619995117 -10.8386652469635 -11.4863023757935 -11.2601053714752 -10.5194938182831 -10.7799673080444 -11.0939409732819 -11.2880811691284 -11.2627217769623 -11.0586953163147 -11.2881691455841 -11.3629760742188 -11.4541161060333 -11.7002565860748 -11.9705634117126 -12.172370672226 -12.305335521698 -12.374959230423 -12.4054152965546 -12.4245383739471 -12.4754951000214 -12.5877847671509 -12.7195076942444 -12.8485314846039 -12.9317991733551 -12.9650676250458 -12.9421694278717 -12.9282710552216 -12.9026620388031 -12.8823416233063 -12.8788549900055 -12.9087009429932 -12.8622143268585 -12.7645611763 -12.6339077949524 -12.5055875778198 -12.3886904716492 -12.2193450927734 -12.0101273059845 -11.8923070430756 -11.8594014644623 -11.820077419281 -11.6284198760986 -11.4704294204712
-9.95203351974487 -10.0219888687134 -10.0209443569183 -10.0978991985321 -10.5406880378723 -10.8436434268951 -10.628098487854 -10.5705535411835 -10.8107612133026 -11.0433869361877 -11.2170135974884 -11.1369726657867 -11.2547655105591 -11.108225107193 -10.8710174560547 -11.1646440029144 -11.4227700233459 -11.5700631141663 -11.8653557300568 -12.0458149909973 -12.2005381584167 -12.2758584022522 -12.3726789951324 -12.4516658782959 -12.5283191204071 -12.5921394824982 -12.649626493454 -12.7324748039246 -12.828937292099 -12.9176409244537 -12.9387738704681 -12.9469068050385 -12.991334438324 -13.0467236042023 -13.0502798557281 -12.9905018806458 -12.9172239303589 -12.8187799453735 -12.7226693630219 -12.5610580444336 -12.3819470405579 -12.3114295005798 -12.3238201141357 -12.1942100524902 -11.8875994682312 -11.7419891357422 -11.7264244556427 -11.7166376113892
-11.2943577766418 -11.2268853187561 -10.9840800762177 -10.5041079521179 -10.0259690284729 -10.141663312912 -10.295857667923 -11.022385597229 -11.4436600208282 -11.500515460968 -11.6878712177277 -11.6777260303497 -11.6075818538666 -11.7652699947357 -11.4544589519501 -11.1988139152527 -11.3331692218781 -11.3240246772766 -11.6413803100586 -12.0144019126892 -12.1242475509644 -12.2312495708466 -12.4407520294189 -12.5597543716431 -12.7002563476562 -12.7189257144928 -12.7285947799683 -12.7134306430817 -12.7053205966949 -12.7721340656281 -12.8402037620544 -12.87921833992 -12.9188737869263 -13.0258374214172 -13.1406345367432 -13.1257643699646 -13.0893948078156 -13.0636916160583 -13.0093221664429 -12.8936192989349 -12.7852489948273 -12.6430456638336 -12.4975097179413 -12.2706437110901 -12.0580632686615 -11.8040919303894 -11.8151993751526 -11.9490971565247
-10.3611817359924 -10.5921156406403 -10.8198823928833 -10.6323161125183 -10.7522494792938 -11.3038494586945 -11.4689502716064 -11.1442170143127 -10.502393245697 -10.6689772605896 -11.1553955078125 -11.3874797821045 -11.690230846405 -12.2001485824585 -12.083066701889 -11.7288174629211 -11.6979022026062 -11.5018198490143 -11.3857378959656 -11.6473224163055 -11.8877892494202 -12.143807888031 -12.3767218589783 -12.5502188205719 -12.8040492534637 -12.8972132205963 -12.9383766651154 -12.923540353775 -12.8497042655945 -12.8255710601807 -12.8348004817963 -12.8318634033203 -12.811413526535 -12.8852849006653 -13.0129899978638 -13.0748610496521 -13.1013989448547 -13.1036038398743 -13.1093084812164 -13.0940132141113 -13.0630512237549 -12.966922044754 -12.8132934570312 -12.4686648845673 -12.0858087539673 -11.8607249259949 -11.975474357605 -12.1322238445282
-9.11067247390747 -9.33367872238159 -9.74151825904846 -9.97519087791443 -10.3788638114929 -11.044037103653 -11.3932094573975 -11.5448820590973 -11.3827922344208 -11.068772315979 -10.1415863037109 -10.8915667533875 -11.7575469017029 -11.7478601932526 -11.9760074615479 -12.0428214073181 -12.0294682979584 -11.8779482841492 -11.5859291553497 -11.7074091434479 -12.0766656398773 -12.2398657798767 -12.4382321834564 -12.5421826839447 -12.768030166626 -12.9398424625397 -13.0029537677765 -13.0197310447693 -12.9921748638153 -12.9936194419861 -13.0127303600311 -12.9968411922455 -12.9526197910309 -12.9240655899048 -12.931177854538 -12.9517908096313 -13.0035696029663 -13.0146820545197 -12.9847943782806 -13.024906873703 -13.0520195960999 -13.0027983188629 -12.84907746315 -12.6798570156097 -12.349880695343 -12.1508150100708 -12.2362492084503 -12.3736841678619
-10.1379964351654 -10.0285751819611 -9.76415371894836 -9.46256613731384 -9.36681151390076 -9.93555665016174 -10.8878018856049 -11.9207143783569 -12.1113586425781 -11.8587338924408 -11.2484438419342 -10.4578199386597 -10.4411964416504 -10.8652391433716 -10.9887819290161 -11.1119909286499 -11.5283672809601 -11.7224099636078 -11.9414525032043 -12.0898284912109 -12.2187075614929 -12.2910902500153 -12.3993053436279 -12.5665204524994 -12.6973445415497 -12.9195311069489 -12.987690448761 -13.0231831073761 -13.0783421993256 -13.1918342113495 -13.2516603469849 -13.2431530952454 -13.1821594238281 -13.0550131797791 -12.9680333137512 -13.0268864631653 -13.1134068965912 -13.1139273643494 -13.0619475841522 -12.9644680023193 -12.9016547203064 -12.856841802597 -12.8018617630005 -12.6768817901611 -12.5727853775024 -12.5000712871552 -12.4910242557526 -12.4829769134521
-10.9121537208557 -10.7671387195587 -10.7812895774841 -10.5984408855438 -10.2812588214874 -9.62774348258972 -9.51389479637146 -10.018212556839 -10.7369241714478 -11.2493627071381 -11.0573017597198 -10.7784068584442 -10.2795124053955 -10.0949506759644 -10.2280559539795 -10.3791615962982 -10.7584335803986 -11.0777053833008 -11.3266441822052 -11.5155827999115 -11.7020840644836 -11.9991481304169 -12.2727122306824 -12.4051094055176 -12.5826587677002 -12.8282203674316 -13.0369274616241 -13.2104682922363 -13.3303427696228 -13.4063827991486 -13.4469237327576 -13.4487977027893 -13.4095323085785 -13.3106269836426 -13.216388463974 -13.2236495018005 -13.2804110050201 -13.2355053424835 -13.173600435257 -12.9613618850708 -12.7469563484192 -12.5828847885132 -12.6266458034515 -12.6212403774261 -12.5260238647461 -12.4239947795868 -12.3831324577332 -12.3374371528625
