data/spatiotemp/temp1/bio1_norsw_test_2003_2006.asc
NCOLS 654 
NROWS 380 
XLLCORNER 3.91666666666667 
YLLCORNER 55.3333333333333 
CELLSIZE 0.0416666666666666 
NODATA_value -9999 
[rows 220 to 241 of 380, columns 550 to 599 of 654]
3.8837296962738 3.94170594215393 3.97434890270233 3.97682523727417 3.98280143737793 4.0406112074852 4.08292090892792 4.08023065328598 3.96170675754547 3.84451657533646 3.84381455183029 3.88360071182251 3.93255352973938 3.90800648927689 3.82479274272919 3.86807894706726 3.85386508703232 3.81148463487625 3.79860442876816 3.80122375488281 3.79634326696396 3.80796283483505 3.84477120637894 3.89710175991058 3.9029324054718 3.92209631204605 3.97026026248932 4.03092420101166 4.07642138004303 3.99708521366119 3.98058253526688 4.04624652862549 4.03091031312943 4.03674113750458 4.04149562120438 4.02084118127823 4.09751987457275 4.1561986207962 4.18754404783249 4.17322278022766 4.28490173816681 4.43308043479919 4.50459253787994 4.58327114582062 4.62994992733002 4.60729551315308 4.56056320667267 4.4777535200119 4.43577694892883 4.46363389492035
4.02745896577835 3.98814618587494 3.989333152771 4.01202028989792 4.00570714473724 4.00672769546509 4.03458148241043 4.04026854038239 3.93478888273239 3.87164270877838 3.84587335586548 3.85981422662735 3.86825501918793 3.88136237859726 3.8876366019249 3.88307744264603 3.87585151195526 3.85212558507919 3.86356669664383 3.87750732898712 3.86061483621597 3.85872232913971 3.87351107597351 3.91864746809006 3.97211730480194 4.01408696174622 4.0280567407608 4.0445265173912 4.03482955694199 4.06013256311417 4.03526902198792 4.0034054517746 4.01954191923141 4.07184493541718 4.08000028133392 4.0788409113884 4.06784844398499 4.07035571336746 4.06552970409393 4.14137053489685 4.15454459190369 4.23771852254868 4.36622595787048 4.4035667181015 4.55124056339264 4.61691474914551 4.68786454200745 4.65359020233154 4.61864924430847 4.56854176521301
4.10685503482819 4.04141944646835 4.01898396015167 4.05071532726288 3.98311305046082 3.91134411096573 3.91124188899994 3.9019730091095 3.92987090349197 3.90460211038589 3.85043209791183 3.83836078643799 3.83228957653046 3.84905159473419 3.86448031663895 3.87357592582703 3.89333802461624 3.89510011672974 3.89219570159912 3.90762424468994 3.905552983284 3.91981506347656 3.95508396625519 4.01235961914062 4.04530191421509 4.07824414968491 4.05368661880493 4.01946222782135 4.02057105302811 4.07767999172211 4.11245548725128 4.08606445789337 4.08617347478867 4.06794899702072 4.11117148399353 4.1233406662941 4.11784344911575 4.10917943716049 4.13351547718048 4.13768476247787 4.20002084970474 4.23302334547043 4.29019278287888 4.38486212491989 4.43603134155273 4.5115339756012 4.61533260345459 4.70559370517731 4.76702153682709 4.75361609458923
4.08408457040787 4.0835263133049 4.06596821546555 4.03624349832535 3.99101865291595 3.90562742948532 3.93306922912598 3.91101109981537 3.93395298719406 3.93656146526337 3.88549083471298 3.85724091529846 3.89482426643372 3.91924095153809 3.90799099206924 3.93824100494385 3.97399109601974 3.97640788555145 3.96582460403442 3.93940794467926 3.93165791034698 3.90990799665451 3.91965699195862 3.95490521192551 4.00331997871399 4.05506813526154 4.06564962863922 4.06073093414307 4.06097918748856 4.07472723722458 4.09864217042923 4.15572339296341 4.17847150564194 4.17305290699005 4.20350933074951 4.20184069871902 4.19900530576706 4.20266979932785 4.21800112724304 4.27916580438614 4.35883021354675 4.39982807636261 4.37532609701157 4.39899075031281 4.41398847103119 4.40548658370972 4.50746715068817 4.55343055725098 4.72006058692932 4.80219042301178
4.1238140463829 4.09296661615372 4.0251190662384 4.01977187395096 3.97575777769089 3.90124368667603 3.8790630698204 3.91054892539978 3.93203502893448 3.95368754863739 3.93321639299393 3.9211208820343 3.93652564287186 3.96193021535873 3.9983349442482 4.02857291698456 4.09597760438919 4.04221552610397 4.06245344877243 4.08202487230301 4.03676289319992 4.00033420324326 3.96423006057739 3.97611743211746 4.02883791923523 4.06322544813156 4.05411261320114 4.10233330726624 4.09755396842957 4.11327451467514 4.14682847261429 4.14154928922653 4.16810321807861 4.15999042987823 4.21851390600204 4.24084049463272 4.2631670832634 4.29432690143585 4.333820104599 4.35014665126801 4.40430641174316 4.51046633720398 4.54629290103912 4.60611963272095 4.61411249637604 4.59543907642365 4.65893518924713 4.70776760578156 4.74243259429932 4.78143167495728
4.07287675142288 4.12457317113876 4.04377025365829 4.04430013895035 4.0538302063942 4.00719338655472 3.9700568318367 3.92575365304947 3.9162837266922 3.95414698123932 3.92410838603973 3.92550104856491 3.94772678613663 4.00911957025528 4.06617885828018 4.09173810482025 4.12813067436218 4.11785668134689 4.14691597223282 4.14664179086685 4.15436768531799 4.12576031684875 4.14980328083038 4.14766299724579 4.11168950796127 4.11704933643341 4.17790913581848 4.20426893234253 4.20896202325821 4.14248842000961 4.20734828710556 4.1833747625351 4.21390122175217 4.26542782783508 4.33701848983765 4.31967371702194 4.29382878541946 4.37915074825287 4.42480576038361 4.44862747192383 4.57278275489807 4.66743791103363 4.61742627620697 4.57841491699219 4.6740700006485 4.67005836963654 4.58840298652649 4.66093742847443 4.69380521774292 4.68633937835693
4.24454456567764 4.21161139011383 4.16134464740753 4.1437446475029 4.07014471292496 4.07204484939575 4.10244500637054 3.99751162528992 3.98091173171997 4.0191450715065 4.05111622810364 4.03549230098724 4.03853487968445 4.06224411725998 4.06128680706024 4.10049611330032 4.12637215852737 4.16741472482681 4.22629070281982 4.14583325386047 4.13304251432419 4.22358518838882 4.22625976800919 4.28289914131165 4.26770550012589 4.17617863416672 4.19148480892181 4.21762436628342 4.209263920784 4.24807024002075 4.26620990037918 4.27468276023865 4.28065568208694 4.33129525184631 4.29443782567978 4.35441648960114 4.33789467811584 4.41370666027069 4.40151846408844 4.49516379833221 4.56347548961639 4.56445395946503 4.55293273925781 4.5692446231842 4.61472296714783 4.45770168304443 4.63147616386414 4.67137956619263 4.77611660957336 4.73068690299988
4.23548477888107 4.25741392374039 4.23950976133347 4.16743904352188 4.1937016248703 4.04046428203583 4.05556005239487 4.08532267808914 4.08225184679031 4.16034781932831 4.26557320356369 4.30076122283936 4.1934494972229 4.10430407524109 4.11965894699097 4.13384699821472 4.14536833763123 4.1665563583374 4.16274446249008 4.1305992603302 4.13812083005905 4.16480869054794 4.30576610565186 4.37132614850998 4.36955291032791 4.43061280250549 4.33450621366501 4.31373304128647 4.31545984745026 4.33601987361908 4.34624630212784 4.35447323322296 4.33586645126343 4.35409325361252 4.37660485506058 4.37190169095993 4.34503173828125 4.40916192531586 4.38262504339218 4.45858860015869 4.54205191135406 4.5030152797699 4.55481207370758 4.60760891437531 4.56740546226501 4.4040355682373 4.41615414619446 4.47142720222473 4.58203411102295 4.63314056396484
4.23692464828491 4.15988308191299 4.14300817251205 4.11213332414627 4.1749250292778 4.15071678161621 4.15467536449432 4.15430057048798 4.17559236288071 4.21971744298935 4.28453028202057 4.28953033685684 4.23453062772751 4.16953068971634 4.16486430168152 4.17686468362808 4.15869796276093 4.15686500072479 4.24503195285797 4.26219868659973 4.31486546993256 4.35519909858704 4.44460606575012 4.51608657836914 4.61140012741089 4.56004726886749 4.38836121559143 4.29384160041809 4.30682224035263 4.30130261182785 4.3436164855957 4.36726343631744 4.37157732248306 4.42089116573334 4.47477209568024 4.43988692760468 4.4086686372757 4.41378366947174 4.38439846038818 4.41818022727966 4.5232949256897 4.51257681846619 4.43119144439697 4.43463981151581 4.43792116641998 4.38270300626755 4.37699866294861 4.38364148139954 4.41611778736115 4.48809409141541
4.28036451339722 4.17601865530014 4.11483979225159 4.10582756996155 4.15464878082275 4.16313642263412 4.18612402677536 4.22261190414429 4.24743276834488 4.27642047405243 4.33398723602295 4.36563277244568 4.33611178398132 4.26142412424088 4.23656982183456 4.25871533155441 4.21319425106049 4.13267338275909 4.19315230846405 4.28763127326965 4.40727680921555 4.46775591373444 4.5044459104538 4.51084685325623 4.51558089256287 4.47131526470184 4.44321596622467 4.35061693191528 4.32485115528107 4.31675207614899 4.26765304803848 4.38305371999741 4.42362141609192 4.58852243423462 4.69377267360687 4.5860390663147 4.47213912010193 4.4245719909668 4.48300504684448 4.51710474491119 4.60487127304077 4.59263777732849 4.46890425682068 4.40367066860199 4.36293697357178 4.38670355081558 4.3856765627861 4.34135591983795 4.37820196151733 4.37771445512772
4.25563782453537 4.17448818683624 4.11383819580078 4.09768843650818 4.19103890657425 4.20455574989319 4.22590607404709 4.28742295503616 4.27310663461685 4.28779023885727 4.34577733278275 4.38456845283508 4.3516930937767 4.33581739664078 4.32310849428177 4.38339984416962 4.36285746097565 4.30898177623749 4.33710616827011 4.33156394958496 4.43285489082336 4.42631280422211 4.44778549671173 4.4964405298233 4.4757616519928 4.40041625499725 4.52657091617584 4.51572561264038 4.41721367835999 4.36603492498398 4.42485642433167 4.52417755126953 4.49083209037781 4.63748693466187 4.61793994903564 4.46919131278992 4.39294236898422 4.38436049222946 4.4266117811203 4.41369640827179 4.44878089427948 4.47836554050446 4.44211709499359 4.36486822366714 4.2999529838562 4.31137079000473 4.30735462903976 4.33523672819138 4.30945253372192 4.3145015835762
4.16224449872971 4.11745721101761 4.16233664751053 4.15721613168716 4.19942903518677 4.2483087182045 4.29252153635025 4.29973429441452 4.30611377954483 4.32249313592911 4.3577344417572 4.38350433111191 4.37144082784653 4.37371075153351 4.40381389856339 4.41158384084702 4.42185366153717 4.40895688533783 4.474893450737 4.47782981395721 4.44509983062744 4.36103630065918 4.34662538766861 4.40236741304398 4.45077586174011 4.45818412303925 4.57609260082245 4.65250086784363 4.50207602977753 4.48398447036743 4.60222625732422 4.67596793174744 4.57654297351837 4.56128489971161 4.49577367305756 4.46750974655151 4.44041275978088 4.44848215579987 4.41288495063782 4.37462103366852 4.40469074249268 4.44642674922943 4.48116302490234 4.37123245000839 4.28780198097229 4.2720382809639 4.29519891738892 4.28695100545883 4.30670320987701 4.33128869533539
4.2020178437233 4.17392653226852 4.19033515453339 4.22207736968994 4.21348595619202 4.23672789335251 4.30280327796936 4.27821201086044 4.32478737831116 4.42186272144318 4.49219131469727 4.47727346420288 4.44702208042145 4.46527075767517 4.46768605709076 4.47793459892273 4.45768320560455 4.43993210792542 4.49351406097412 4.50359606742859 4.46017801761627 4.4470933675766 4.42196524143219 4.42896103858948 4.45412302017212 4.52061867713928 4.69544744491577 4.81694293022156 4.69343852996826 4.63410067558289 4.73742973804474 4.70092499256134 4.5799206495285 4.54541599750519 4.47677421569824 4.51082849502563 4.40554958581924 4.34077048301697 4.34549164772034 4.36321252584457 4.35526698827744 4.33215463161469 4.35120904445648 4.33543014526367 4.23331791162491 4.24303877353668 4.2213768362999 4.23416531085968 4.24562031030655 4.23307555913925
4.37879109382629 4.3423957824707 4.30350017547607 4.28910475969315 4.32354295253754 4.30931407213211 4.35108530521393 4.35952335596085 4.35412782430649 4.39689898490906 4.43764841556549 4.41254252195358 4.43076992034912 4.49033069610596 4.52855813503265 4.52645230293274 4.50567972660065 4.53007388114929 4.58696794509888 4.56552863121033 4.54425609111786 4.5094838142395 4.49663853645325 4.45238792896271 4.50297045707703 4.53921961784363 4.6951357126236 4.80755162239075 4.69430088996887 4.64638352394104 4.64163279533386 4.61304879188538 4.55613148212433 4.47021389007568 4.43460810184479 4.47281396389008 4.43151998519897 4.3698924779892 4.36226505041122 4.35163754224777 4.36134344339371 4.31271600723267 4.30358868837357 4.2751277089119 4.23266685009003 4.21853941679001 4.20672136545181 4.19437950849533 4.22670441865921 4.20702916383743
4.38456428050995 4.41619801521301 4.39499849081039 4.3602991104126 4.39476603269577 4.40723353624344 4.44303369522095 4.41900086402893 4.37863487005234 4.41043531894684 4.44960534572601 4.41981160640717 4.3921844959259 4.43405735492706 4.44376361370087 4.44663655757904 4.48500943183899 4.56188225746155 4.65842187404633 4.60346138477325 4.59966742992401 4.58987379074097 4.59597826004028 4.58481502532959 4.57965099811554 4.58865427970886 4.67849051952362 4.71982681751251 4.5936633348465 4.62816619873047 4.61016929149628 4.63267230987549 4.67250871658325 4.54801166057587 4.5312751531601 4.475466132164 4.43015682697296 4.39468091726303 4.35937166213989 4.30872911214828 4.28491967916489 4.26094394922256 4.27413439750671 4.23849189281464 4.20951616764069 4.22870695590973 4.23556619882584 4.2367604970932 4.23378843069077 4.24981623888016
4.40450429916382 4.40650045871735 4.39066368341446 4.41815978288651 4.46798968315125 4.43131953477859 4.44481599330902 4.46647882461548 4.42364192008972 4.41713833808899 4.48006224632263 4.49708080291748 4.49193251132965 4.48628413677216 4.44396913051605 4.45315408706665 4.45917248725891 4.46785724163055 4.54720902442932 4.59389400482178 4.60057902336121 4.63076388835907 4.65815138816833 4.64607489109039 4.67599844932556 4.71408867835999 4.76951217651367 4.80160212516785 4.7860255241394 4.78478240966797 4.7895393371582 4.76312947273254 4.70988631248474 4.70130956172943 4.66344237327576 4.58745133876801 4.57929360866547 4.56580257415771 4.51797819137573 4.45515382289886 4.37616276741028 4.3501718044281 4.29951393604279 4.33035624027252 4.34969848394394 4.29470747709274 4.28174406290054 4.27614164352417 4.27620559930801 4.26593625545502
4.38827753067017 4.40596961975098 4.35899525880814 4.3890209197998 4.46321308612823 4.44090557098389 4.43743115663528 4.51295685768127 4.55348229408264 4.49800801277161 4.49868595600128 4.50834965705872 4.44951379299164 4.50184392929077 4.51050794124603 4.48183822631836 4.4911687374115 4.48383235931396 4.51566302776337 4.55932664871216 4.61249053478241 4.61048746109009 4.60949158668518 4.63266861438751 4.67351257801056 4.73268973827362 4.77336704730988 4.79587769508362 4.85222125053406 4.90889859199524 4.90374255180359 4.8147531747818 4.69326376914978 4.75460767745972 4.73994314670563 4.76443684101105 4.77743053436279 4.75275754928589 4.69541823863983 4.5847452878952 4.52357244491577 4.43056631088257 4.35055994987488 4.32255387306213 4.41371440887451 4.4260413646698 4.41908860206604 4.3473556637764 4.36812305450439 4.36939018964767
4.39938426017761 4.39877212047577 4.36949384212494 4.36404854059219 4.47093677520752 4.52365827560425 4.55537974834442 4.57893455028534 4.6456561088562 4.54054427146912 4.49297642707825 4.48961889743805 4.50676143169403 4.53640377521515 4.60371315479279 4.63235592842102 4.58816516399384 4.52630746364594 4.61978340148926 4.61625921726227 4.55990207195282 4.55087780952454 4.53683125972748 4.55059552192688 4.57569313049316 4.57445740699768 4.59238827228546 4.57848620414734 4.60175049304962 4.78084814548492 4.81244575977325 4.76121032238007 4.77647435665131 4.83640539646149 4.81644368171692 4.81975555419922 4.80156755447388 4.74471282958984 4.7046914100647 4.69100332260132 4.60148215293884 4.52612745761871 4.42810618877411 4.36408466100693 4.46506333351135 4.50937509536743 4.48959970474243 4.45273673534393 4.48270690441132 4.42884385585785
4.44990181922913 4.41638666391373 4.38287127017975 4.43135607242584 4.48034060001373 4.51732516288757 4.60797655582428 4.58162796497345 4.5466126203537 4.54809713363647 4.55783939361572 4.56067228317261 4.5541718006134 4.53267121315002 4.56850409507751 4.57617032527924 4.56933665275574 4.62100279331207 4.69066882133484 4.66100180149078 4.50650131702423 4.45900094509125 4.47914505004883 4.49276733398438 4.48938953876495 4.5048451423645 4.54246747493744 4.55842292308807 4.56804525852203 4.59616756439209 4.65495634078979 4.62041199207306 4.60903418064117 4.76065647602081 4.80279135704041 4.79427182674408 4.77191913127899 4.74623310565948 4.74154698848724 4.73252761363983 4.62967491149902 4.4996554851532 4.51230275630951 4.56728339195251 4.59359741210938 4.57357811927795 4.6062296628952 4.55821883678436 4.5178747177124 4.53353071212769
4.51433110237122 4.48347961902618 4.44812798500061 4.46344316005707 4.47809147834778 4.52240681648254 4.57422184944153 4.54787039756775 4.47968530654907 4.5011670589447 4.52244198322296 4.54284310340881 4.5474112033844 4.52197921276093 4.53288054466248 4.4871152639389 4.4656834602356 4.46691799163818 4.47515261173248 4.47288715839386 4.46862185001373 4.47785675525665 4.51343286037445 4.52801728248596 4.55126821994781 4.5888524055481 4.5929366350174 4.58152115345001 4.60060548782349 4.61635661125183 4.56827414035797 4.54935836791992 4.51660943031311 4.5810272693634 4.66931927204132 4.69598567485809 4.70281863212585 4.73765170574188 4.76398468017578 4.76281785964966 4.71715104579926 4.63648390769958 4.57531690597534 4.51964998245239 4.44181621074677 4.45864939689636 4.55214476585388 4.53763592243195 4.47646021842957 4.41445124149323
4.61359357833862 4.59773933887482 4.55688464641571 4.5140300989151 4.54034245014191 4.52232146263123 4.49780023097992 4.53111231327057 4.47992444038391 4.45673656463623 4.48421096801758 4.49651420116425 4.4776508808136 4.46878719329834 4.51325702667236 4.49589359760284 4.44086331129074 4.4310000538826 4.4236364364624 4.43977272510529 4.45890927314758 4.43821251392365 4.46422064304352 4.5039336681366 4.55814683437347 4.62502670288086 4.65740633010864 4.68695247173309 4.7056657075882 4.67371225357056 4.63692545890808 4.59930503368378 4.54885149002075 4.54806458950043 4.58068072795868 4.62203288078308 4.70105171203613 4.67157030105591 4.68025600910187 4.66410791873932 4.54746031761169 4.42647898197174 4.38833105564117 4.43001675605774 4.46570217609406 4.5173876285553 4.61022663116455 4.5893862247467 4.54904544353485 4.50670492649078
4.53535616397858 4.51566529273987 4.46997475624084 4.4859504699707 4.47642660140991 4.46090257167816 4.45954525470734 4.46952128410339 4.44833064079285 4.44013971090317 4.43448024988174 4.41818529367447 4.40672361850739 4.42642855644226 4.44146686792374 4.44383859634399 4.45004343986511 4.46124839782715 4.47511994838715 4.48715829849243 4.48786330223083 4.47890150547028 4.48450827598572 4.49551665782928 4.53019201755524 4.56786715984344 4.58137571811676 4.58155107498169 4.59589290618896 4.67490124702454 4.67790973186493 4.69175183773041 4.67776036262512 4.6886020898819 4.68987548351288 4.67624664306641 4.53345119953156 4.43515580892563 4.43202710151672 4.48589837551117 4.52360284328461 4.50530743598938 4.45184540748596 4.48138308525085 4.50275444984436 4.54162549972534 4.57030856609344 4.63963627815247 4.72329759597778 4.68529224395752
