data/spatiotemp/temp1/bio1_norsw_test_2003_2006.asc
NCOLS 654 
NROWS 380 
XLLCORNER 3.91666666666667 
YLLCORNER 55.3333333333333 
CELLSIZE 0.0416666666666666 
NODATA_value -9999 
[rows 176 to 197 of 380, columns 200 to 249 of 654]
4.0566880106926 3.7085188627243 3.46034985780716 3.55968052148819 3.43984484672546 3.2685090303421 2.8908399939537 2.29400408267975 1.64716827869415 1.11866590380669 1.08149680495262 1.3896609544754 2.29529303312302 2.259392619133 2.35665887594223 2.8032585978508 3.04019165039062 2.76279127597809 3.12555772066116 3.13115733861923 2.72975701093674 2.06168994307518 1.32145643234253 0.902389392256737 1.29160076379776 1.34892392158508 1.89491349458694 2.12156996130943 1.76839300990105 1.55088272690773 1.58037251234055 1.14452886581421 1.64868527650833 1.70384168624878 1.91233134269714 1.75782114267349 1.79150003194809 1.84153482317924 1.73490285873413 1.58210429549217 1.59597226977348 1.68334034085274 1.96104165911674 2.21074309945107 1.80461120605469 1.8938125371933 2.19484734535217 2.55521547794342 2.64080864191055 2.9076269865036
3.35529565811157 3.63802021741867 3.81257796287537 3.52413582801819 3.44519364833832 3.20325154066086 3.13214260339737 2.75320047140121 2.05142503976822 1.05198280513287 1.11470733582973 0.972098529338837 0.96105021238327 1.62006264925003 2.85224175453186 3.17375403642654 3.26393312215805 2.92211222648621 2.74545788764954 3.06730371713638 2.58331602811813 2.13249510526657 2.3251741528511 1.79301989078522 1.65236642956734 1.6660475730896 1.69272845983505 2.19024282693863 2.30625712871552 1.78293827176094 1.88345250487328 1.87563353776932 1.9868144094944 2.23032879829407 2.15150967240334 2.17319074273109 2.1737095117569 1.89389932155609 1.57708916068077 1.43794557452202 1.3714687526226 1.58115854859352 2.17751511931419 2.28687143325806 2.21672797203064 1.9879178404808 1.8942743241787 2.18413078784943 2.47665333747864 2.97900879383087
3.23389452695847 3.22570103406906 3.29150760173798 3.39348071813583 3.50312054157257 3.56759363412857 3.45623338222504 3.27920663356781 2.97984635829926 2.27481955289841 1.80645939707756 2.23976576328278 2.23992693424225 2.13527601957321 2.56462514400482 2.72764080762863 3.12032335996628 3.29767251014709 3.22852158546448 3.24937069416046 3.13805305957794 2.98873549699783 3.00891798734665 3.02210032939911 2.72994488477707 2.71628481149673 2.6474581360817 2.62896460294724 2.71663790941238 2.57531124353409 2.50181782245636 2.69815784692764 2.86116433143616 2.68933767080307 2.67234426736832 2.68251758813858 2.66511696577072 2.35497540235519 2.13500076532364 1.94319269061089 1.71488469839096 1.54324322938919 1.68976843357086 2.2012936770916 2.55848550796509 2.14034423232079 2.00886949896812 2.1545615196228 2.6742959022522 3.01690620183945
3.24665129184723 3.09306138753891 3.18880498409271 3.29454851150513 3.27279186248779 3.15736865997314 3.04161220788956 3.23168903589249 3.27359920740128 3.32417607307434 3.27475279569626 3.2953297495842 3.23492288589478 3.04569953680038 2.98164260387421 3.17891895771027 3.50419533252716 3.48780530691147 3.09591513872147 3.02385818958282 2.86596822738647 2.79341113567352 2.53168767690659 2.42179751396179 2.95650237798691 2.92013555765152 2.6139355301857 2.701735496521 2.67920207977295 2.74050199985504 3.12463521957397 3.24343520402908 3.20523500442505 3.24653506278992 3.21016818284988 3.23296821117401 3.20922189950943 2.93626308441162 2.90463751554489 2.83184516429901 2.56505304574966 2.24192744493484 1.95780181884766 1.77350950241089 2.1298840045929 2.50742506980896 2.58529955148697 2.61650729179382 2.66640281677246 2.94281953573227
3.19774127006531 2.83008849620819 2.84760224819183 3.00878286361694 2.99063003063202 2.99514383077621 3.20882433652878 3.21317160129547 3.14751869440079 2.89203256368637 2.54721313714981 2.04439359903336 1.966752409935 2.4352895617485 2.99299347400665 3.56253057718277 3.74256771802902 3.80177158117294 3.66380888223648 3.38984608650208 2.91688323020935 2.44558709859848 2.32695752382278 2.73732793331146 2.76739317178726 2.75815320014954 2.18124639987946 2.03967291116714 2.05659943819046 2.19302609562874 2.47095263004303 2.89837908744812 2.9819723367691 2.96989893913269 3.11582553386688 3.21041882038116 3.31482720375061 3.2658839225769 3.26210737228394 3.37049782276154 3.39022141695023 3.22344499826431 2.74916851520538 2.42522543668747 2.37278234958649 2.32950592041016 2.45639622211456 2.62295317649841 2.87700963020325 2.97006595134735
2.71849793195724 2.37611562013626 2.36739963293076 2.3848505616188 2.10296803712845 2.49191898107529 2.86870324611664 3.01065409183502 3.1151048541069 2.97338908910751 2.39067327976227 2.38779073953629 2.70558178424835 2.5345464348793 2.20434427261353 2.85630887746811 3.77044010162354 3.90757137537003 3.77420246601105 3.54033368825912 3.2356316447258 2.73442953824997 2.56122744083405 2.48352515697479 2.95195072889328 2.69217056035995 2.58839040994644 2.42877697944641 2.47899687290192 2.61305016279221 2.67993676662445 2.76482313871384 2.78054296970367 2.70942950248718 2.9514827132225 3.00403594970703 3.06826543807983 3.12517160177231 3.11207759380341 3.10248374938965 3.28372311592102 3.46729588508606 3.45920193195343 3.4392746090889 3.45701396465302 3.21092009544373 2.95365941524506 3.02139884233475 3.09728318452835 3.20764595270157
2.76242136955261 2.73564255237579 2.88119727373123 2.5737516283989 2.38597285747528 2.40169417858124 2.30941534042358 2.40413647890091 2.8218577504158 2.82624560594559 2.61913347244263 2.37585467100143 2.54757791757584 2.44580316543579 2.29169517755508 2.4472536444664 3.47147899866104 3.7512041926384 3.49359613656998 2.66565477848053 2.46138006448746 2.07977193593979 1.60016387701035 1.71255585551262 2.01317501068115 2.68868809938431 3.00620114803314 2.79238110780716 2.9495609998703 3.1415741443634 3.1287539601326 3.20560038089752 3.12028032541275 3.28096026182175 3.35013997554779 3.27765309810638 3.14587068557739 3.24212598800659 3.19138103723526 3.12946969270706 3.10772484540939 3.28031331300735 3.26656860113144 3.24715715646744 3.37524569034576 3.55600088834763 3.56008946895599 3.51101130247116 3.44755667448044 3.46989238262177
2.42317807674408 2.8096696138382 2.71016120910645 2.65481954813004 2.70081102848053 2.6314691901207 2.40096080303192 2.42578566074371 2.78661060333252 3.24293547868729 3.2939270734787 3.11741870641708 2.47074073553085 1.57105997204781 1.19954591989517 2.05419850349426 2.49901777505875 2.66917049884796 3.14248985052109 3.18730908632278 3.07446181774139 2.56678110361099 2.34526705741882 2.34158623218536 2.36256587505341 2.32737225294113 2.44651216268539 2.22031852602959 2.4659583568573 2.67226499319077 2.9200713634491 3.1120445728302 3.21101766824722 3.18299067020416 3.08579730987549 2.93660378456116 3.02730917930603 3.28758007287979 3.27901792526245 3.22028893232346 3.16139328479767 3.11183089017868 2.90543526411057 2.81053978204727 2.99264407157898 3.17308169603348 3.35485279560089 3.47595721483231 3.47899693250656 3.49880558252335
2.09360146522522 1.97686332464218 1.76362526416779 2.17638713121414 2.61831587553024 2.63591092824936 2.6881730556488 2.94976830482483 3.09653002023697 2.8792918920517 3.14622056484222 3.2919824719429 3.42790335416794 2.69398337602615 1.79406350851059 1.35831016302109 1.38289016485214 1.7448034286499 1.7010500729084 1.79363015294075 2.34954351186752 3.08162355422974 3.2210368514061 3.14795011281967 3.11079007387161 3.06955635547638 2.63148957490921 2.28958928585052 2.18252247571945 2.27378898859024 2.5065553188324 2.66998863220215 2.76075488328934 2.91402143239975 3.0291211605072 2.78688770532608 2.80941426753998 3.02536779642105 3.21648782491684 3.35127484798431 3.41656172275543 3.47168177366257 3.45996862649918 3.33308881521225 2.92320919036865 2.88782924413681 3.26111608743668 3.51040291786194 3.53977036476135 3.59121882915497
1.69319152832031 1.50672379136086 1.61558932065964 1.89462158083916 1.89848721027374 1.97285282611847 2.22471845149994 2.60341733694077 3.22494953870773 3.23714852333069 3.11284750699997 3.26071298122406 3.5513995885849 3.23024022579193 2.58224773406982 1.70158833265305 0.901095747947693 1.51610299944878 1.27861046791077 0.122451218310744 0.539791919291019 1.65429922938347 2.58663994073868 3.11648070812225 3.23018097877502 3.34174072742462 3.36963379383087 2.78369349241257 2.56258654594421 2.66181290149689 2.76753950119019 2.69126588106155 2.67765897512436 2.856385409832 3.11794519424438 3.12400484085083 3.02185279130936 3.06832206249237 3.04579150676727 2.88176065683365 2.82339668273926 3.15336608886719 3.56800198554993 3.63080477714539 3.62394064664841 3.55424332618713 3.56654608249664 3.60984873771667 3.66021084785461 3.65346550941467
2.30944818258286 2.18508413434029 2.12422010302544 1.93835601210594 1.95199197530746 2.07529467344284 2.36309725046158 2.65773314237595 2.96986901760101 3.04983854293823 2.56814110279083 2.70527696609497 3.18222898244858 3.09333032369614 3.0170983672142 3.02019995450974 2.7151346206665 2.88906931877136 3.03517085313797 2.87177211046219 2.63087356090546 2.55814158916473 2.54040974378586 2.66984450817108 2.60157191753387 2.59559148550034 2.99977785348892 2.99796432256699 2.90081739425659 2.73517036437988 2.75502353906631 2.95754313468933 2.87606281042099 2.81074929237366 2.97676908969879 3.34428876638412 3.35262459516525 3.43077629804611 3.47476154565811 3.44041341543198 3.45239847898483 3.36738365888596 3.39470207691193 3.47768729925156 3.62600564956665 3.74482423067093 3.82030934095383 3.91146129369736 3.94415092468262 3.86171191930771
2.41653823852539 2.39077770709991 2.24268406629562 2.15142378211021 2.23849678039551 2.32256972789764 2.53847593069077 2.7952156662941 2.9076219201088 2.69619482755661 2.6017678976059 2.53534090518951 2.28405845165253 2.22958719730377 2.18811592459679 2.0914780497551 2.14334014058113 1.99453565478325 1.52723106741905 1.33059319853783 2.15995535254478 3.11981755495071 3.11351293325424 3.01470839977264 3.07529592514038 2.89227569103241 2.84125536680222 2.98390161991119 3.54938149452209 3.41536122560501 3.15217417478561 3.01415383815765 2.99546694755554 3.09194648265839 3.18392640352249 3.34807276725769 3.38239639997482 3.38523060083389 3.43556499481201 3.47373259067535 3.55673360824585 3.60806781053543 3.64406889677048 3.67590308189392 3.74957072734833 3.72140514850616 3.69573926925659 3.77140706777573 3.87942451238632 3.86795842647552
2.62329483032227 2.53713828325272 2.25314831733704 2.41499155759811 2.64333486557007 2.77234482765198 2.822021484375 2.89103144407272 2.85454148054123 2.54488468170166 2.3267280459404 2.42390477657318 2.28255450725555 2.08934396505356 1.88863345980644 1.49075636267662 1.48421242833138 1.71616864204407 2.14195820689201 2.31874763965607 2.4973703622818 2.84232664108276 3.22678291797638 3.30540555715561 3.12485361099243 2.9642933011055 3.29139947891235 3.37633919715881 3.24161225557327 3.25405198335648 3.50032502412796 3.52393132448196 3.3843709230423 3.40581059455872 3.56991690397263 3.54518991708755 3.56900161504745 3.58401817083359 3.59236830472946 3.54021841287613 3.57190197706223 3.6429186463356 3.74943554401398 3.76461893320084 3.81880241632462 3.93831938505173 3.91816943883896 3.84968626499176 3.8330312371254 3.78003835678101
2.59905159473419 2.54983198642731 2.59161221981049 2.76972597837448 2.89017289876938 2.96728664636612 3.02406692504883 2.9176806807518 2.9444608092308 2.78440791368484 2.5526881814003 2.53496861457825 2.43921726942062 2.14543408155441 1.76131767034531 1.98003453016281 1.69608473777771 1.56646817922592 1.43385174870491 1.43840196728706 1.25528544187546 1.52900242805481 2.29338586330414 2.46510279178619 2.35024434328079 2.66081064939499 2.70237702131271 2.42311006784439 2.3208429813385 2.36040931940079 2.51497548818588 2.72137516736984 3.13344150781631 3.17850786447525 3.26874083280563 3.58297371864319 3.70793998241425 3.71247255802155 3.70150512456894 3.72053778171539 3.73957043886185 3.799436211586 3.81996887922287 3.82650136947632 4.01086753606796 4.16173332929611 4.16093266010284 4.14279860258102 4.10630488395691 4.06061810255051
0.591770179569721 0.106901038903743 0.717531822621822 1.94516259431839 2.11696016788483 2.21425741910934 2.54205495119095 2.63718575239182 2.57981652021408 2.15061405301094 1.96924483776093 1.83287560939789 1.83871534466743 1.61576411128044 1.09397937357426 1.58352810144424 2.32974356412888 2.16895884275436 2.15817424654961 2.28705638647079 2.42143833637238 2.51048702001572 2.56820237636566 2.58625119924545 2.67279100418091 2.75465530157089 2.76168662309647 2.60938429832458 2.48324877023697 2.47827988862991 2.67264431715012 2.74650871753693 2.82603991031647 2.89457094669342 3.25626862049103 3.13163316249847 3.00560694932938 3.09969025850296 3.27127355337143 3.52302342653275 3.67410671710968 3.76235646009445 3.85777312517166 3.88935631513596 3.97127306461334 4.17652291059494 4.27377259731293 4.26485598087311 4.25812208652496 4.24157059192657
0.393784150481224 -0.0784878507256508 0.975573509931564 1.3923014998436 0.658529475331306 0.888424158096313 0.906318843364716 1.0312135219574 0.0644415197893977 0.325502889230847 0.398064222186804 0.307125618681312 0.642715469002724 1.61616706848145 2.12261882424355 1.14473710954189 0.494355462491512 0.876140505075455 2.23009210824966 2.72054386138916 2.68832886219025 2.5639471411705 2.54939883947372 2.50035059452057 2.07416009902954 1.55332744121552 1.75766158103943 2.36716222763062 2.5674963593483 2.64233028888702 2.76883113384247 2.81666511297226 2.7476658821106 2.75933331251144 2.99100053310394 3.08066803216934 2.94750279188156 2.89000499248505 2.93267351388931 3.03150886297226 3.39967757463455 3.45851296186447 3.52201503515244 3.74351698160172 3.99318563938141 4.16418766975403 4.2720228433609 4.28402495384216 4.28398263454437 4.2480628490448
0.721464715898037 0.813456594944 0.995281830430031 1.0691070407629 0.233265599934384 -0.260575758293271 -0.674083903431892 0.0319079390028492 -0.22110016644001 -0.0244414741173387 0.104050368070602 0.553375631570816 0.718882173299789 1.34123685956001 1.96209153532982 2.16327953338623 1.95880079269409 1.96132209897041 1.93134343624115 2.01619812846184 2.06438606977463 1.91724073886871 1.89759537577629 1.73094996809959 1.5900291800499 1.49733281135559 1.41596981883049 1.55810686945915 1.69074383378029 1.68704745173454 1.94435128569603 1.90115484595299 1.91012531518936 2.05442893505096 1.82956597208977 1.4790361225605 1.76506516337395 2.44415265321732 2.97390681505203 3.0423276424408 3.16374850273132 3.3661692738533 3.4237567782402 3.47351086139679 3.66909837722778 3.9028525352478 4.04410666227341 4.09219402074814 4.16084361076355 4.22055524587631
0.388811860233545 0.608067758381367 0.439490217715502 0.956079244613647 0.934501647949219 0.307090857997537 -0.156653385609388 0.0599357718601823 -0.00564172863960266 0.00711400294676423 -0.0899634882807732 -0.018707706592977 0.81471560895443 1.25147327780724 1.5713974237442 1.89298850297928 1.90641278028488 1.84133693575859 1.67409464716911 1.46868559718132 1.33144322037697 1.19470079243183 0.590458519756794 0.228716130834073 0.498898204416037 1.1026715785265 1.22577811777592 1.23438486456871 1.22332464158535 1.37626469135284 1.51653796434402 1.55697795748711 1.58575120568275 1.70885786414146 1.79446446895599 1.68823769688606 1.74729424715042 1.78996720910072 2.56597346067429 3.04697984457016 3.1208193898201 3.240159034729 3.39366519451141 3.42317146062851 3.5253444314003 3.67435067892075 3.78335696458817 3.86986327171326 3.90070456266403 4.01071405410767
0.180992554873228 0.211345481453463 0.349865160882473 0.769218266010284 0.741237953305244 0.303090862929821 -0.428722812794149 -0.491703167557716 -0.598683420568705 -0.612497042864561 -0.475977431982756 -0.250457745045424 0.193715780973434 0.858042970299721 1.01353691518307 1.32836416363716 1.114358112216 1.24518537521362 1.21317926049232 0.863839849829674 0.144167117774487 0.0994943799450994 -0.367178369313478 -0.13985113427043 0.402767334133387 0.847176775336266 1.06491976976395 1.20816275477409 1.23940569162369 1.2323152422905 1.31689140200615 1.31846776604652 1.20954397320747 1.35745358467102 1.53952974081039 1.53960591554642 1.08535660803318 1.34511509537697 1.69870686531067 2.26079845428467 2.66005682945251 3.11748200654984 3.23724037408829 3.33766537904739 3.41225707530975 3.52934885025024 3.63477396965027 3.7308657169342 3.78656530380249 3.83137285709381
-0.838660314679146 -0.214543387293816 0.599740199744701 0.698023714125156 0.344640739262104 0.111090783029795 0.0122077786363661 -0.550008658319712 -1.18839183449745 -0.815774865448475 -0.334324733354151 0.112125628627837 0.392715901136398 0.440946038812399 0.0855095386505127 0.347906567156315 -0.100363316014409 -0.199966456741095 -0.445902830921113 0.627994060516357 0.119390847627074 -0.360045427922159 -0.198481895029545 0.101081614382565 0.53746971487999 0.727015510201454 0.950728058815002 0.922607362270355 0.981819823384285 0.86836564540863 0.951244860887527 1.16479071974754 1.06050325930119 0.978049084544182 0.949928402900696 1.20264095067978 0.774252399802208 0.520929589867592 0.858773410320282 1.48361727595329 2.36879450082779 2.77613830566406 2.88848209381104 3.05165934562683 3.31066977977753 3.49418044090271 3.60485756397247 3.66736799478531 3.7339261174202 3.79669827222824
-0.862479709088802 -0.174098912626505 0.357281874865294 0.245662624016404 0.0967100979760289 0.0542575884610415 -0.0476949401199818 0.00801909575238824 0.0298998113721609 -0.0300526097416878 0.11382813565433 0.0992089463397861 -0.146617513149977 -0.749484300613403 -0.95551772415638 -0.66788449883461 -0.704251311719418 -0.579784762114286 -0.865151606500149 -0.270518340170383 0.293948136270046 0.712581291794777 0.560381270945072 0.7560143917799 0.613005362451077 0.389187544584274 0.829536467790604 0.702885270118713 0.871734037995338 0.743916161358356 0.798598259687424 1.07261379063129 1.03529596328735 0.826811388134956 0.618160262703896 0.670009106397629 0.931648135185242 0.832910731434822 1.26317343115807 1.86710271239281 2.30236524343491 2.53046143054962 2.68172389268875 2.7861533164978 2.91974914073944 3.09101182222366 3.40027451515198 3.65770363807678 3.77195352315903 3.84502387046814
-0.352632444351912 -0.460987832397223 -0.380009901477024 -0.657698437571526 -0.473720462992787 -0.106409102678299 -0.187431141734123 0.0707137202844024 0.149024901271332 0.229669648688287 0.249647567979991 0.249458937905729 -0.387617298707482 -0.771247662603855 -0.633878234773874 -0.763342149555683 -0.529805969446898 -0.408936517313123 0.0485996468923986 0.0961358640342951 0.607838779687881 1.04004141688347 1.12324440479279 1.01844716072083 0.863707795739174 0.936526238918304 0.986177951097488 1.06366316974163 1.05598159134388 1.06013330817223 1.05845174193382 0.995770275592804 1.22375521063805 1.18074035644531 0.725392162799835 0.573877312242985 0.932543829083443 1.40005853772163 1.70657342672348 1.99458810687065 2.17776957154274 2.32878422737122 2.4974656701088 2.66031378507614 2.81699514389038 2.98150998353958 3.10952478647232 3.25637292861938 3.55564767122269 3.86034923791885
