data/spatiotemp/temp1/bio1_norsw_test_2003_2006.asc
NCOLS 654 
NROWS 380 
XLLCORNER 3.91666666666667 
YLLCORNER 55.3333333333333 
CELLSIZE 0.0416666666666666 
NODATA_value -9999 
[rows 220 to 241 of 380, columns 400 to 449 of 654]
-9999 -9999 -9999 -9999 -9999 -9999 -9999 -9999 -9999 -9999 -9999 -9999 -9999 -9999 -9999 -9999 -9999 5.33786642551422 5.29419875144958 5.27138984203339 5.2432473897934 5.19210505485535 5.16762971878052 5.14132058620453 5.1153450012207 5.09170281887054 5.07806062698364 5.06091809272766 5.00977957248688 4.98764443397522 4.97184276580811 4.93520736694336 4.88823914527893 4.83960390090942 4.7561354637146 4.71500027179718 4.67786514759064 4.6643967628479 4.68076181411743 4.66045999526978 4.61727523803711 4.57187438011169 4.53747344017029 4.48107260465622 4.38250505924225 4.34127080440521 4.28586995601654 4.23830223083496 4.2090682387352 4.1701672077179
-9999 -9999 -9999 -9999 -9999 -9999 -9999 -9999 -9999 -9999 -9999 -9999 -9999 -9999 -9999 -9999 -9999 -9999 5.32379412651062 5.30340194702148 5.25056052207947 5.19450664520264 5.16572570800781 5.13794493675232 5.11233055591583 5.0855495929718 5.08176875114441 5.07448756694794 5.05066871643066 5.05364537239075 5.02345526218414 4.97609841823578 4.92590832710266 4.88371825218201 4.79619491100311 4.75400471687317 4.72864806652069 4.71512448787689 4.69160115718842 4.69657766819 4.66836333274841 4.62229156494141 4.59071969985962 4.53331422805786 4.46774238348007 4.46133720874786 4.37859851121902 4.31586009263992 4.27645468711853 4.24754971265793
-9999 -9999 -9999 -9999 -9999 -9999 -9999 -9999 -9999 -9999 -9999 -9999 -9999 -9999 -9999 -9999 -9999 -9999 -9999 -9999 5.26145756244659 5.21496629714966 5.20515525341034 5.20256888866425 5.17548263072968 5.12572968006134 5.09947681427002 5.08972358703613 5.0872243642807 5.10064613819122 5.0380676984787 5.00515592098236 4.9650776386261 4.92466580867767 4.87708747386932 4.83767580986023 4.78809762001038 4.77268576622009 4.73177397251129 4.70052874088287 4.71178483963013 4.64737510681152 4.62296557426453 4.56322276592255 4.50797963142395 4.48223680257797 4.44682723283768 4.37841773033142 4.36334156990051 4.31393188238144
-9999 -9999 -9999 -9999 -9999 -9999 -9999 -9999 -9999 -9999 -9999 -9999 -9999 -9999 -9999 -9999 -9999 -9999 -9999 -9999 6.50703477859497 5.28808748722076 5.27425122261047 5.25752639770508 5.22896802425385 5.16890966892242 5.12701797485352 5.12229299545288 5.10578048229218 5.0794802904129 5.0311803817749 5.01188027858734 4.97841358184814 4.95428001880646 4.89498019218445 4.84851348400116 4.83004677295685 4.77791345119476 4.7382800579071 4.70797991752625 4.6938728094101 4.71995890140533 4.66304492950439 4.61713099479675 4.53955054283142 4.51313662528992 4.50222277641296 4.45497554540634 4.42589497566223 4.38981425762177
-9999 -9999 -9999 -9999 -9999 -9999 -9999 -9999 -9999 -9999 -9999 -9999 -9999 -9999 -9999 -9999 -9999 -9999 -9999 -9999 5.93557512760162 5.37592923641205 5.35406482219696 5.3073171377182 5.26412010192871 5.20942294597626 5.18055939674377 5.18736219406128 5.16916966438293 5.10181450843811 5.03412628173828 4.9934378862381 4.9770827293396 4.95422768592834 4.90370631217957 4.86635112762451 4.8278294801712 4.78897440433502 4.76861917972565 4.7397643327713 4.69296085834503 4.68954277038574 4.69429099559784 4.67703950405121 4.58728802204132 4.51353633403778 4.4936181306839 4.47819989919662 4.46128165721893 4.46636348962784
-9999 -9999 -9999 -9999 -9999 -9999 -9999 -9999 -9999 -9999 -9999 -9999 -9999 -9999 -9999 -9999 -9999 -9999 -9999 -9999 5.369948387146 5.37244629859924 5.37507522106171 5.34860777854919 5.29177224636078 5.24243628978729 5.21143400669098 5.24893164634705 5.30572521686554 5.25131547451019 5.13657200336456 5.0644953250885 5.04308533668518 5.00184214115143 4.9567654132843 4.91752207279205 4.84994530677795 4.80236864089966 4.75962543487549 4.73904871940613 4.66438257694244 4.63862657546997 4.63620376586914 4.62961459159851 4.57835865020752 4.5367693901062 4.50884687900543 4.49025756120682 4.45000153779984 4.40957909822464
-9999 -9999 -9999 -9999 -9999 -9999 -9999 -9999 -9999 -9999 -9999 -9999 -9999 -9999 -9999 -9999 -9999 -9999 -9999 -9999 -9999 -9999 5.51353597640991 5.36461532115936 5.28045332431793 5.23794114589691 5.21446490287781 5.21865558624268 5.28561890125275 5.36068820953369 5.26059091091156 5.14615988731384 5.11022925376892 5.04813182353973 4.98070108890533 4.93793714046478 4.87850630283356 4.84274232387543 4.81697821617126 4.77088069915771 4.70503675937653 4.67361283302307 4.64435541629791 4.62859797477722 4.59750723838806 4.5700831413269 4.61365914344788 4.5660685300827 4.51581108570099 4.46722054481506
-9999 -9999 -9999 -9999 -9999 -9999 -9999 -9999 -9999 -9999 -9999 -9999 -9999 -9999 -9999 -9999 -9999 -9999 -9999 -9999 5.60944306850433 5.75140881538391 5.47879064083099 5.3701878786087 5.2990550994873 5.26843702793121 5.22998559474945 5.22570109367371 5.2063502073288 5.19593298435211 5.16534912586212 5.0985985994339 5.06601476669312 5.02259755134583 4.98568022251129 4.96476292610168 4.90667903423309 4.86542844772339 4.86151123046875 4.79192733764648 4.7437572479248 4.73300135135651 4.69374525547028 4.65898942947388 4.6277334690094 4.61131119728088 4.62122189998627 4.62496602535248 4.55337679386139 4.49628746509552
-9999 -9999 -9999 -9999 -9999 -9999 -9999 -9999 -9999 -9999 -9999 -9999 -9999 -9999 -9999 -9999 -9999 -9999 -9999 5.63257503509521 5.60306525230408 5.53813874721527 5.49092054367065 5.48578584194183 5.36752593517303 5.24843299388885 5.22550642490387 5.2002466917038 5.18274831771851 5.16567778587341 5.15894067287445 5.1150369644165 5.03813326358795 4.9925628900528 4.98565912246704 4.95608878135681 4.9575183391571 4.92378127574921 4.87787747383118 4.79380702972412 4.77864480018616 4.77189028263092 4.75746917724609 4.715047955513 4.70362675189972 4.72070574760437 4.67045116424561 4.69353008270264 4.59610879421234 4.53052115440369
-9999 -9999 -9999 -9999 -9999 -9999 -9999 -9999 -9999 -9999 -9999 -9999 -9999 -9999 -9999 -9999 -9999 -9999 -9999 -9999 5.60085380077362 5.55125772953033 5.52672481536865 5.5728987455368 5.3604553937912 5.25672423839569 5.233527302742 5.20912551879883 5.17164623737335 5.14908921718597 5.12969899177551 5.11080884933472 5.05525195598602 5.02519500255585 5.01830470561981 4.99974799156189 4.99185764789581 4.96980082988739 4.89607727527618 4.8333535194397 4.81369864940643 4.80177891254425 4.82435917854309 4.83093953132629 4.84152007102966 4.84876692295074 4.89251375198364 4.84159433841705 4.69567453861237 4.58725476264954
-9999 -9999 -9999 -9999 -9999 -9999 -9999 -9999 -9999 -9999 -9999 -9999 -9999 -9999 -9999 -9999 -9999 -9999 -9999 -9999 -9999 5.51993227005005 5.47157907485962 5.43050444126129 5.40638935565948 5.3648955821991 5.31154787540436 5.23083770275116 5.19637751579285 5.1698340177536 5.12512421607971 5.09274744987488 5.06370389461517 5.04632723331451 5.04745054244995 5.0320737361908 5.00069677829742 4.94865345954895 4.8811103105545 4.85073351860046 4.83391940593719 4.84033441543579 4.85624933242798 4.89399802684784 4.93391311168671 4.93332803249359 4.90107655525208 4.81815803050995 4.72157323360443 4.68132174015045
-9999 -9999 -9999 -9999 -9999 -9999 -9999 -9999 -9999 -9999 -9999 -9999 -9999 -9999 -9999 -9999 -9999 -9999 -9999 -9999 -9999 5.40770411491394 5.42647683620453 5.43268048763275 5.37332832813263 5.33699703216553 5.34873509407043 5.35138309001923 5.32194221019745 5.29124569892883 5.22154927253723 5.14685249328613 5.07915604114532 5.05662596225739 5.06126272678375 5.08106625080109 5.08170306682587 5.04500639438629 5.00147652626038 4.91628003120422 4.85913980007172 4.83455634117126 4.8248063325882 4.8342227935791 4.81597280502319 4.79638910293579 4.76847243309021 4.77105557918549 4.78080546855927 4.69988858699799
-9999 -9999 -9999 -9999 -9999 -9999 -9999 -9999 -9999 -9999 -9999 -9999 -9999 -9999 -9999 -9999 -9999 -9999 5.65420782566071 -9999 -9999 5.41839253902435 5.38650453090668 5.33861291408539 5.30857729911804 5.31208324432373 5.35142266750336 5.3942619562149 5.44150674343109 5.47082376480103 5.39530742168427 5.28862428665161 5.19244134426117 5.12875807285309 5.0924084186554 5.07855892181396 5.06937551498413 5.05052590370178 4.99800944328308 4.92049312591553 4.86036038398743 4.84744501113892 4.84936320781708 4.8487811088562 4.83636605739594 4.77745044231415 4.77486860752106 4.81578660011292 4.7943708896637 4.7901223897934
-9999 -9999 -9999 -9999 -9999 -9999 -9999 -9999 -9999 -9999 -9999 -9999 -9999 -9999 -9999 -9999 -9999 -9999 -9999 -9999 5.694091796875 5.45327079296112 5.3791161775589 5.32896983623505 5.29600489139557 5.26757907867432 5.28660988807678 5.3396407365799 5.40607142448425 5.43456852436066 5.40573215484619 5.34222936630249 5.19622647762299 5.15039026737213 5.14838755130768 5.11121785640717 5.07788169384003 5.03487884998322 4.98570919036865 4.97270655632019 4.93391466140747 4.94950067996979 4.99025356769562 4.98000609874725 4.91075885295868 4.83001160621643 4.83159780502319 4.85151731967926 4.84576988220215 4.8053560256958
-9999 -9999 -9999 -9999 -9999 -9999 -9999 -9999 -9999 -9999 -9999 -9999 -9999 -9999 -9999 -9999 -9999 -9999 -9999 6.4877415895462 5.7460470199585 5.48768615722656 5.4179824590683 5.34646391868591 5.25968611240387 5.20574176311493 5.19796395301819 5.20418643951416 5.27046942710876 5.2874801158905 5.28182399272919 5.25216794013977 5.24117851257324 5.2065224647522 5.17586636543274 5.12754368782043 5.07288765907288 5.03073167800903 5.02807569503784 5.03625273704529 5.04413521289825 5.11905610561371 5.12814354896545 5.09856450557709 5.00815212726593 4.90457308292389 4.8704936504364 4.78774774074554 4.74400210380554 4.75158965587616
-9999 -9999 -9999 -9999 -9999 -9999 -9999 -9999 -9999 -9999 -9999 -9999 -9999 -9999 -9999 -9999 -9999 -9999 -9999 -9999 5.9500857591629 5.65858280658722 5.43520498275757 5.39224362373352 5.35282397270203 5.323237657547 5.28498470783234 5.19856524467468 5.15070068836212 5.172891497612 5.21574890613556 5.23310625553131 5.22263050079346 5.23548793792725 5.22134530544281 5.18036949634552 5.13806021213531 5.10391771793365 5.06727492809296 5.05946600437164 5.08702254295349 5.08994472026825 5.0982004404068 5.06312274932861 5.01187837123871 4.97096741199493 4.89055645465851 4.81697869300842 4.71856760978699 4.74615669250488
-9999 -9999 -9999 -9999 -9999 -9999 -9999 -9999 -9999 -9999 -9999 -9999 -9999 -9999 -9999 -9999 -9999 -9999 -9999 -9999 6.53954112529755 5.97989630699158 5.45011258125305 5.42397475242615 5.34062838554382 5.30390012264252 5.28817188739777 5.22977757453918 5.1642655134201 5.13430297374725 5.14117383956909 5.18271160125732 5.21408236026764 5.20445346832275 5.19215786457062 5.15969526767731 5.15289962291718 5.15043723583221 5.11847472190857 5.09884583950043 5.1067430973053 5.10733342170715 5.10525739192963 5.07418096065521 4.9984382390976 4.97886180877686 4.97228562831879 4.87404274940491 4.80313313007355 4.7942236661911
-9999 -9999 -9999 -9999 -9999 -9999 -9999 -9999 -9999 -9999 -9999 -9999 -9999 -9999 -9999 -9999 -9999 -9999 -9999 -9999 -9999 5.61975145339966 5.5063396692276 5.44813644886017 5.36793267726898 5.28606283664703 5.24552607536316 5.23048961162567 5.19383013248444 5.18821454048157 5.17793226242065 5.17681670188904 5.20336782932281 5.12891888618469 5.13697004318237 5.14868783950806 5.11540567874908 5.07945680618286 5.06900787353516 5.11889219284058 5.12779712677002 5.13322246074677 5.12531399726868 5.05407273769379 5.02599775791168 5.0044230222702 5.01351487636566 4.99277353286743 4.9355320930481 4.95862400531769
-9999 -9999 -9999 -9999 -9999 -9999 -9999 -9999 -9999 -9999 -9999 -9999 -9999 -9999 -9999 -9999 -9999 -9999 5.56257545948029 5.58123970031738 5.71518218517303 5.63490629196167 5.55025374889374 5.49229443073273 5.4222891330719 5.34497630596161 5.28289067745209 5.2698050737381 5.27956807613373 5.24267983436584 5.24462485313416 5.25373685359955 5.24901485443115 5.21762669086456 5.20273840427399 5.19801688194275 5.16312849521637 5.12640690803528 5.07368552684784 5.03863060474396 5.06311058998108 5.06195867061615 5.0568071603775 5.03315508365631 4.95783662796021 4.98535168170929 4.99686646461487 5.00671482086182 5.00489640235901 5.03191137313843
-9999 -9999 -9999 -9999 -9999 -9999 -9999 -9999 -9999 -9999 -9999 -9999 -9999 -9999 -9999 -9999 -9999 -9999 5.52951419353485 5.58524131774902 5.63086307048798 5.57080638408661 5.50793159008026 5.43538999557495 5.4036819934845 5.33930695056915 5.31609892845154 5.31739056110382 5.28697943687439 5.24869894981384 5.23358523845673 5.20880460739136 5.23585760593414 5.20657694339752 5.17812979221344 5.20534932613373 5.1927353143692 5.15778815746307 5.10634076595306 5.0752272605896 5.07001674175262 5.07520949840546 5.01856887340546 4.98059511184692 4.94545447826385 4.94231402873993 4.97567367553711 5.00220000743866 5.01422607898712 5.02958571910858
-9999 -9999 -9999 -9999 -9999 -9999 -9999 -9999 -9999 -9999 -9999 -9999 -9999 -9999 -9999 -9999 -9999 6.07445049285889 -9999 -9999 5.684485912323 5.61138463020325 5.55446350574493 5.49296581745148 5.39696872234344 5.34263777732849 5.32997369766235 5.32347619533539 5.26672446727753 5.24271821975708 5.25671219825745 5.24537253379822 5.19370007514954 5.17769384384155 5.15502095222473 5.16918158531189 5.219841837883 5.21316921710968 5.10649657249451 5.0616569519043 5.13092255592346 5.21345996856689 5.12066423892975 4.99086844921112 4.92773914337158 4.91961014270782 4.92731428146362 4.95351827144623 4.9527223110199 4.96609306335449
-9999 -9999 -9999 -9999 -9999 -9999 -9999 -9999 -9999 -9999 -9999 -9999 -9999 -9999 -9999 -9999 -9999 5.50951206684113 -9999 5.6043553352356 5.67712426185608 5.62120938301086 5.56682860851288 5.49587535858154 5.42058837413788 5.36163508892059 5.34834837913513 5.33922827243805 5.34846913814545 5.30223751068115 5.27867233753204 5.23744070529938 5.19920897483826 5.1723108291626 5.16991209983826 5.17101383209229 5.15861546993256 5.16421699523926 5.20098531246185 5.13508689403534 5.12482881546021 5.22004425525665 5.27492618560791 5.08697485923767 4.9635237455368 4.97240567207336 4.95462131500244 4.93583679199219 4.93655216693878 4.99443423748016
