data/spatiotemp/temp1/bio13_norsw_test_2003_2006.asc
NCOLS 654 
NROWS 380 
XLLCORNER 3.91666666666667 
YLLCORNER 55.3333333333333 
CELLSIZE 0.0416666666666666 
NODATA_value -9999 
[rows 286 to 307 of 380, columns 150 to 199 of 654]
165.075168609619 162.772233963013 158.789258956909 152.311374664307 145.83073425293 141.592741012573 135.940881729126 134.532125473022 128.881122589111 127.472833633423 -9999 -9999 126.076477050781 126.926593780518 128.375436782837 129.852781295776 130.484066009521 128.563278198242 128.625898361206 127.271215438843 127.900094985962 128.813749313354 128.876363754272 128.085168838501 127.581087112427 129.064210891724 131.116437911987 134.029535293579 134.099029541016 135.592294692993 133.375080108643 132.017993927002 136.362487792969 140.232555389404 140.782161712646 139.178239822388 136.527200698853 138.224821090698 141.115711212158 137.307828903198 137.45841217041 139.031187057495 136.041639328003 133.710287094116 133.876071929932 136.783008575439 136.932064056396 131.377397537231 130.400787353516 131.935457229614
167.095638275146 164.781475067139 159.371002197266 151.464706420898 144.386352539062 142.965496063232 136.471405029297 131.643556594849 127.398149490356 124.567028045654 -9999 -9999 -9999 126.805257797241 125.427108764648 124.652828216553 126.137437820435 124.793581008911 124.863956451416 124.93433380127 125.855709075928 125.927146911621 125.998580932617 127.489500045776 125.286218643188 126.777574539185 131.109697341919 131.174686431885 131.239664077759 134.713132858276 135.339010238647 132.553941726685 129.766393661499 134.10636138916 136.466419219971 136.63973236084 135.40132522583 136.991016387939 141.40630531311 138.72260093689 137.159433364868 138.731351852417 140.30633354187 137.902774810791 135.199197769165 135.052055358887 134.062953948975 134.208173751831 133.214469909668 130.783357620239
166.298404693604 161.962930679321 156.535577774048 150.031728744507 142.942558288574 139.266353607178 133.012819290161 127.924020767212 -9999 -9999 -9999 -9999 -9999 -9999 -9999 122.564001083374 -9999 121.595428466797 123.935934066772 122.033517837524 122.677703857422 124.173389434814 125.105890274048 123.767141342163 124.410846710205 124.489999771118 125.121807098389 128.023090362549 128.642757415771 132.409370422363 131.605096817017 128.255937576294 127.446935653687 130.35489654541 133.265188217163 134.195928573608 135.688875198364 136.9870262146 139.985160827637 139.843645095825 138.575212478638 139.019355773926 143.146961212158 140.745525360107 140.897594451904 141.049671173096 136.912841796875 134.491636276245 134.63610458374 133.346374511719
163.500419616699 159.733982086182 154.288681030273 150.013034820557 141.499345779419 136.39966583252 129.88697052002 125.041011810303 -9999 -9999 -9999 -9999 -9999 -9999 119.837804794312 -9999 121.421237945557 122.920852661133 121.594619750977 120.266458511353 122.618942260742 122.142433166504 123.648574829102 122.319206237793 122.114784240723 125.900341033936 127.394443511963 128.011943817139 125.222015380859 127.258680343628 128.735868453979 133.062437057495 136.524463653564 133.174003601074 133.229785919189 138.436838150024 142.459434509277 144.061689376831 141.105707168579 138.713897705078 137.443227767944 137.298215866089 144.270503997803 143.294609069824 142.315706253052 139.612495422363 138.332744598389 137.049964904785 133.192388534546 138.777498245239
161.292413711548 158.32758140564 152.041980743408 146.339483261108 -9999 132.704597473145 128.42625617981 124.730039596558 120.13617515564 -9999 -9999 -9999 -9999 -9999 -9999 -9999 118.502473831177 120.008520126343 120.951709747314 121.048385620117 122.56018447876 121.805568695068 121.338417053223 123.708711624146 125.789981842041 125.031665802002 127.948871612549 130.844360351562 129.475017547607 125.259029388428 127.291049957275 137.308355331421 138.786752700806 137.41646194458 141.192621231079 142.675048828125 142.745887756348 145.765829086304 144.229990005493 141.547269821167 139.98596572876 141.558309555054 144.264085769653 143.28715133667 144.867025375366 145.02201461792 139.45941734314 137.039587020874 134.320741653442 138.765438079834
159.083045959473 156.921092987061 -9999 -9999 -9999 -9999 -9999 -9999 -9999 -9999 -9999 -9999 -9999 -9999 -9999 -9999 -9999 -9999 119.179071426392 120.131435394287 120.236137390137 119.488374710083 120.445537567139 123.386135101318 124.912326812744 125.879404067993 127.940870285034 129.411266326904 128.038431167603 133.777494430542 128.69288444519 137.281854629517 140.180526733398 138.807674407959 141.708745956421 145.485124588013 142.73946762085 145.468687057495 148.478092193604 144.380390167236 141.401376724243 141.259935379028 144.257665634155 144.704473495483 146.284927368164 146.147914886475 142.308427810669 139.598041534424 135.742128372192 135.885829925537
-9999 156.337875366211 -9999 -9999 -9999 -9999 -9999 -9999 -9999 -9999 -9999 -9999 -9999 -9999 -9999 -9999 -9999 -9999 118.538618087769 118.651514053345 117.350704193115 118.024747848511 118.990203857422 121.938236236572 122.911457061768 123.589311599731 125.951919555664 128.84100151062 130.867919921875 136.603775024414 135.785263061523 134.4089012146 138.726295471191 143.917442321777 143.967939376831 142.593461990356 142.733057022095 147.171955108643 148.474130630493 148.339721679688 148.497537612915 142.676212310791 147.097660064697 146.121618270874 144.850273132324 145.003616333008 140.869478225708 143.879661560059 138.595397949219 136.166526794434
-9999 -9999 -9999 -9999 -9999 -9999 -9999 -9999 -9999 -9999 -9999 -9999 -9999 -9999 -9999 -9999 -9999 -9999 -9999 -9999 -9999 -9999 118.951637268066 119.634702682495 120.61475944519 122.718254089355 125.083114624023 127.104169845581 129.431537628174 134.296792984009 140.029907226562 140.943504333496 138.14302444458 145.859008789062 145.354358673096 143.977197647095 145.262308120728 148.290929794312 148.470174789429 150.045848846436 150.204326629639 147.22758102417 145.959955215454 146.113965988159 144.841888427734 144.994421005249 145.146947860718 142.438413619995 140.016128540039 137.587963104248
-9999 -9999 -9999 -9999 -9999 -9999 -9999 -9999 -9999 -9999 -9999 -9999 -9999 -9999 -9999 -9999 -9999 -9999 -9999 116.820608139038 117.799015045166 117.928667068481 118.913076400757 119.604763031006 121.154218673706 123.567440032959 126.496118545532 129.377323150635 131.703804016113 137.121223449707 142.850687026978 144.315317153931 140.088806152344 143.849081039429 148.16365814209 146.468116760254 146.669574737549 148.286437988281 148.466217041016 150.040987014771 149.907007217407 148.643058776855 146.244813919067 146.39803314209 146.259490966797 147.840129852295 147.994791030884 143.858228683472 138.864725112915 141.875822067261
-9999 -9999 -9999 -9999 -9999 -9999 -9999 -9999 -9999 -9999 -9999 -9999 -9999 -9999 -9999 -9999 -9999 -9999 -9999 117.041444778442 118.592454910278 117.880624771118 119.434328079224 120.43196105957 120.574594497681 122.998260498047 125.930799484253 130.786952972412 135.08768081665 138.523094177246 144.248411178589 145.709554672241 143.774990081787 139.546010971069 145.278099060059 148.165609359741 148.076671600342 148.281949996948 148.462255477905 150.036115646362 149.901626586914 145.793960571289 147.660621643066 147.814476013184 149.102764129639 150.685400009155 150.842157363892 148.429916381836 145.720279693604 145.871204376221
-9999 -9999 -9999 -9999 -9999 -9999 -9999 -9999 -9999 -9999 -9999 -9999 -9999 -9999 -9999 -9999 -9999 -9999 -9999 -9999 117.684452056885 118.685541152954 121.105491638184 121.259880065918 122.274038314819 124.407594680786 128.764709472656 133.061487197876 135.938982009888 140.239074707031 145.093278884888 146.551937103271 144.294509887695 140.062049865723 145.787984848022 149.564594268799 149.483612060547 148.277458190918 151.00145149231 148.612781524658 147.347337722778 147.209356307983 150.208053588867 148.939647674561 149.385227203369 149.830900192261 150.831674575806 149.848690032959 150.00318145752 146.149806976318
-9999 -9999 -9999 -9999 -9999 -9999 -9999 -9999 -9999 -9999 -9999 -9999 -9999 -9999 -9999 -9999 -9999 -9999 -9999 -9999 -9999 -9999 124.191423416138 121.230680465698 123.672435760498 126.679275512695 131.042304992676 133.916442871094 135.924350738525 142.19402885437 146.490823745728 147.074502944946 147.979513168335 142.872438430786 147.171329498291 148.62633895874 149.767213821411 149.978565216064 151.28825378418 146.898994445801 148.471004486084 148.624605178833 151.623739242554 150.065237045288 150.511072158813 149.239004135132 149.392601013184 148.407154083252 149.990837097168 145.845682144165
-9999 -9999 -9999 -9999 -9999 -9999 -9999 -9999 -9999 -9999 -9999 -9999 -9999 -9999 -9999 -9999 -9999 -9999 -9999 -9999 -9999 -9999 -9999 123.396202087402 124.419370651245 126.865262985229 130.359582901001 133.230751037598 136.655628204346 140.079368591309 146.341903686523 146.923511505127 147.826631546021 145.017595291138 149.312383651733 151.311441421509 151.343271255493 152.608503341675 149.674022674561 148.414587020874 149.698085784912 147.016119003296 148.881534576416 150.169214248657 149.192838668823 147.923093795776 146.65040397644 146.803106307983 151.245254516602 143.105558395386
-9999 -9999 -9999 -9999 -9999 -9999 -9999 -9999 -9999 -9999 -9999 -9999 -9999 -9999 -9999 -9999 -9999 -9999 -9999 -9999 -9999 -9999 -9999 -9999 125.625335693359 127.524642944336 130.508148193359 133.841938018799 134.429052352905 141.233060836792 146.935735702515 148.936603546143 148.970403671265 146.16798210144 151.002161026001 152.453884124756 153.906147003174 152.520568847656 146.460704803467 149.445505142212 146.778638839722 146.937599182129 147.096570968628 146.965509414673 147.124341964722 147.573476791382 146.308868408203 149.6070728302 148.341079711914 143.078472137451
-9999 -9999 -9999 -9999 -9999 -9999 -9999 -9999 -9999 -9999 -9999 -9999 -9999 -9999 -9999 -9999 -9999 -9999 -9999 -9999 -9999 -9999 -9999 128.962797164917 125.415155410767 127.81455039978 129.863674163818 133.277351379395 136.139514923096 142.381443023682 145.79447555542 148.658758163452 150.656059265137 147.859352111816 153.556287765503 153.591175079346 153.626062393188 150.410356521606 146.366237640381 147.650587081909 146.405071258545 149.393667221069 146.732585906982 145.480777740479 144.515655517578 144.676458358765 146.257537841797 148.13214302063 146.872856140137 139.910495758057
-9999 -9999 -9999 -9999 -9999 -9999 -9999 -9999 -9999 -9999 -9999 -9999 -9999 -9999 -9999 -9999 -9999 -9999 -9999 -9999 -9999 124.882606506348 -9999 -9999 128.023054122925 128.13268661499 130.167297363281 133.023777008057 137.292873382568 142.112783432007 145.52075958252 149.475549697876 151.788726806641 151.824579238892 154.686855316162 152.440233230591 151.061443328857 149.139835357666 147.784927368164 149.824886322021 148.015771865845 146.777540206909 145.247085571289 144.002138137817 144.457162857056 144.622961044312 144.498798370361 144.664350509644 141.989475250244 132.19895362854
-9999 -9999 -9999 -9999 -9999 -9999 -9999 -9999 -9999 -9999 -9999 -9999 -9999 -9999 -9999 -9999 -9999 -9999 -9999 -9999 -9999 124.732481002808 -9999 -9999 132.330041885376 128.448669433594 130.468732833862 134.728343963623 137.581079483032 141.844118118286 144.385049819946 149.196262359619 152.051982879639 152.633378982544 154.945917129517 151.293586730957 149.374879837036 150.822162628174 150.010145187378 150.090377807617 149.630197525024 146.882287979126 145.174676895142 142.529586791992 142.698516845703 143.156867980957 141.912408828735 137.543912887573 132.038108825684 127.937648773193
-9999 -9999 -9999 -9999 -9999 -9999 -9999 -9999 -9999 -9999 -9999 -9999 -9999 -9999 -9999 -9999 -9999 -9999 -9999 -9999 -9999 -9999 -9999 -9999 -9999 128.762500762939 130.218606948853 133.065320968628 137.867404937744 141.263639450073 146.926641464233 150.324031829834 150.90657043457 148.127817153931 150.979875564575 149.608163833618 152.461862564087 152.498836517334 151.147087097168 149.8147315979 147.940811157227 145.734060287476 142.984327316284 141.644834518433 141.23543548584 139.999086380005 135.938537597656 133.279790878296 130.614175796509 127.651166915894
-9999 -9999 -9999 -9999 -9999 -9999 -9999 -9999 -9999 -9999 -9999 -9999 -9999 -9999 -9999 -9999 -9999 -9999 -9999 -9999 -9999 -9999 -9999 -9999 -9999 -9999 129.114061355591 131.407667160034 136.201391220093 141.853223800659 145.245412826538 147.233276367188 152.030090332031 145.586862564087 145.622915267944 145.658973693848 146.559131622314 149.950481414795 148.598836898804 146.723756790161 146.796485900879 145.999507904053 144.661348342896 143.32181930542 140.569845199585 137.277788162231 135.619382858276 130.443641662598 128.906326293945 125.120830535889
-9999 -9999 -9999 -9999 -9999 -9999 -9999 -9999 -9999 -9999 -9999 -9999 -9999 -9999 -9999 -9999 -9999 -9999 -9999 -9999 -9999 -9999 -9999 -9999 -9999 126.036056518555 127.465539932251 130.302059173584 134.540729522705 136.524925231934 138.508716583252 141.349447250366 144.735506057739 144.773517608643 143.091373443604 141.724367141724 143.163774490356 146.870622634888 149.732986450195 149.263423919678 148.468254089355 147.13171005249 145.793855667114 143.584997177124 139.426656723022 136.136455535889 133.005170822144 129.852390289307 127.304662704468 125.95934677124
-9999 -9999 -9999 -9999 -9999 -9999 -9999 -9999 -9999 -9999 -9999 -9999 -9999 -9999 -9999 -9999 -9999 -9999 -9999 -9999 -9999 -9999 -9999 -9999 -9999 124.95253944397 126.368539810181 127.802110671997 130.634481430054 132.614583969116 134.904846191406 136.885837554932 140.266132354736 139.447240829468 139.484636306763 140.92267036438 142.902757644653 144.341781616211 144.392984390259 148.664848327637 147.867216110229 147.393589019775 145.263027191162 142.442468643188 138.050239562988 133.624221801758 131.944868087769 129.0114402771 126.196147918701 124.850467681885
-9999 -9999 -9999 -9999 -9999 -9999 -9999 -9999 -9999 -9999 -9999 -9999 -9999 -9999 -9999 -9999 -9999 -9999 -9999 -9999 -9999 -9999 -9999 -9999 122.24916267395 122.780073165894 124.184682846069 124.7662525177 125.347003936768 126.778881072998 128.211526870728 132.981004714966 134.415538787842 135.537929534912 139.226379394531 140.663192749023 138.446393966675 139.024906158447 139.072898864746 140.531242370605 138.328199386597 137.847080230713 137.497360229492 138.427324295044 135.501220703125 132.953071594238 130.889307022095 129.207479476929 125.400577545166 123.739046096802
