data/spatiotemp/temp1/bio12_norsw_test_2003_2006.asc
NCOLS 654 
NROWS 380 
XLLCORNER 3.91666666666667 
YLLCORNER 55.3333333333333 
CELLSIZE 0.0416666666666666 
NODATA_value -9999 
[rows 66 to 87 of 380, columns 300 to 349 of 654]
1477.62841796875 1395.01770019531 1426.56350708008 1452.77725219727 1476.39953613281 1411.11968994141 1363.65145874023 1337.109375 1315.68569946289 1305.51791381836 1302.0412902832 1263.81524658203 -9999 -9999 -9999 1057.96310424805 1011.0118560791 973.893249511719 933.992904663086 891.322784423828 899.526428222656 881.254669189453 882.886520385742 883.745391845703 886.180160522461 911.040481567383 936.087844848633 938.094711303711 910.659072875977 898.274398803711 890.940689086914 888.138397216797 879.826293945312 886.143630981445 904.606719970703 891.063140869141 885.780548095703 898.869384765625 905.970565795898 907.427047729492 904.342681884766 884.937728881836 880.585113525391 878.23420715332 880.358764648438 838.744033813477 847.699996948242 851.882797241211 868.265838623047 855.0712890625
1376.10974121094 1267.58560180664 1407.58215332031 1492.77639770508 1348.14535522461 1262.58770751953 1213.83984375 1248.41839599609 1323.52169799805 1337.48007202148 1315.87280273438 1249.50283813477 1156.32952880859 1101.23550415039 1097.12380981445 1018.46476745605 987.756134033203 961.798980712891 940.08154296875 896.349334716797 907.819488525391 934.750076293945 935.55549621582 882.0859375 866.455932617188 865.863510131836 878.797760009766 860.507858276367 817.099014282227 865.545227050781 879.876068115234 893.466049194336 920.199127197266 945.848037719727 933.766937255859 923.006759643555 905.091705322266 890.869857788086 900.175552368164 912.646591186523 886.286926269531 875.863235473633 883.085372924805 903.823806762695 898.043380737305 916.543823242188 879.057678222656 829.048889160156 816.880294799805 782.052261352539
1527.05221557617 1388.20056152344 1369.43096923828 1369.36981201172 1420.84469604492 1452.83032226562 1422.06799316406 1401.41006469727 1391.6477355957 1243.87017822266 1112.24237060547 1058.37559509277 1020.52801513672 1013.61968994141 1101.49719238281 1034.64111328125 994.665283203125 958.195510864258 941.865020751953 909.975234985352 850.472579956055 888.785278320312 922.99462890625 938.371017456055 932.160308837891 908.567245483398 901.623107910156 883.448425292969 843.05744934082 854.893737792969 938.147323608398 939.675476074219 924.323089599609 922.045593261719 901.025466918945 901.859237670898 904.345306396484 886.11994934082 906.108154296875 927.082412719727 885.29850769043 858.987060546875 874.191772460938 857.655548095703 835.106079101562 815.695541381836 816.388305664062 816.314086914062 812.345474243164 786.560043334961
1438.58489990234 1351.85705566406 1508.2802734375 1543.73123168945 1513.05432128906 1365.26696777344 1443.98022460938 1333.16781616211 1203.11041259766 1222.06753540039 1236.54772949219 1127.51422119141 1022.12879943848 991.908020019531 1085.26316833496 996.56608581543 969.195037841797 959.69401550293 921.844421386719 909.068344116211 873.242645263672 826.19287109375 780.704742431641 846.19157409668 900.075408935547 950.727294921875 913.221572875977 896.739593505859 885.977951049805 867.479125976562 898.035186767578 928.124282836914 937.523071289062 898.657302856445 880.186080932617 919.51921081543 922.199798583984 879.553344726562 915.087097167969 931.326171875 902.324859619141 872.709594726562 846.349014282227 827.629119873047 806.090148925781 798.026885986328 780.005096435547 752.131637573242 719.60612487793 675.453109741211
1491.55548095703 1398.20993041992 1185.55841064453 1265.59588623047 1481.60443115234 1205.53140258789 1343.72595214844 1383.31713867188 1236.04293823242 1159.83551025391 1096.33135986328 1084.49069213867 1039.21286010742 968.777359008789 949.154113769531 941.536926269531 952.796615600586 985.399383544922 981.783706665039 957.456787109375 892.085357666016 816.108123779297 806.273574829102 805.073684692383 791.678573608398 834.983520507812 890.738433837891 919.238098144531 875.649520874023 873.598617553711 879.7060546875 912.482086181641 891.842193603516 937.352401733398 971.420303344727 965.783065795898 926.873931884766 886.222854614258 847.461349487305 861.451187133789 871.361312866211 852.616500854492 820.81916809082 788.837478637695 763.407409667969 739.078231811523 720.963500976562 701.795196533203 682.887802124023 671.082504272461
1519.66485595703 1383.54693603516 1382.54937744141 1296.64349365234 1394.8903503418 1233.21810913086 1364.19815063477 1239.50735473633 1275.34906005859 1190.22058105469 1114.26803588867 1021.01483154297 965.496475219727 933.126358032227 922.178070068359 910.951812744141 902.690551757812 905.162124633789 905.549560546875 904.875595092773 880.37760925293 833.563888549805 835.35969543457 842.376861572266 812.403015136719 814.518432617188 772.710510253906 775.32926940918 824.520706176758 828.289321899414 828.17448425293 826.739761352539 821.211517333984 823.24755859375 835.374328613281 858.596984863281 860.572189331055 845.53515625 822.301696777344 798.947906494141 803.924850463867 807.048767089844 793.565734863281 800.039413452148 782.516052246094 774.552536010742 781.01530456543 755.937301635742 720.350616455078 699.660125732422
1313.220703125 1237.58624267578 1281.40573120117 1158.45269775391 1037.94055175781 1076.36087036133 1065.55744934082 1161.1301574707 982.811172485352 1115.98968505859 980.79817199707 948.813385009766 922.82829284668 910.793365478516 901.22541809082 887.587905883789 882.473342895508 878.911529541016 899.36067199707 914.272369384766 857.705032348633 836.300964355469 817.939834594727 868.496063232422 813.86946105957 789.231140136719 755.726455688477 760.31086730957 794.659439086914 815.044738769531 879.694702148438 926.727874755859 886.319610595703 896.028106689453 851.410888671875 851.882720947266 827.591461181641 802.246124267578 791.663925170898 818.272918701172 845.679641723633 881.545227050781 855.205520629883 858.261871337891 843.373184204102 839.682754516602 787.775024414062 721.326049804688 704.192977905273 742.073257446289
1374.61367797852 1266.73748779297 1435.26068115234 1281.02108764648 1104.95852661133 1102.08598327637 1076.36659240723 1208.05981445312 1069.05790710449 962.164138793945 937.101226806641 915.083389282227 902.33837890625 876.542587280273 866.108932495117 857.027404785156 861.562530517578 860.871841430664 826.903869628906 830.01985168457 865.432479858398 830.830841064453 788.973083496094 806.957611083984 811.124389648438 781.889282226562 809.064392089844 768.39485168457 773.133895874023 789.675399780273 788.103164672852 821.350845336914 865.306594848633 916.624588012695 893.822036743164 868.83479309082 861.702926635742 904.832458496094 860.764770507812 889.601943969727 918.250228881836 902.809219360352 885.607025146484 845.519592285156 782.72868347168 752.159759521484 761.864013671875 787.266052246094 821.09895324707 779.700881958008
1218.4716796875 1014.4592590332 1044.06182861328 1113.45812988281 1177.98056030273 1296.62777709961 1129.86727905273 1009.33587646484 941.726837158203 916.02783203125 901.471633911133 901.880630493164 895.900421142578 897.319641113281 887.378875732422 872.173873901367 846.405731201172 864.913284301758 869.497573852539 798.893402099609 769.53515625 767.294540405273 819.955047607422 796.161544799805 752.278915405273 776.828109741211 797.769149780273 808.210540771484 811.725433349609 822.353729248047 800.485763549805 797.737167358398 779.794403076172 802.817398071289 834.680953979492 870.288436889648 837.636947631836 843.376235961914 846.41032409668 835.986511230469 815.273162841797 819.285446166992 804.659805297852 781.311294555664 794.257568359375 889.447204589844 907.499740600586 904.792068481445 922.224624633789 825.02214050293
1475.75018310547 1305.11154174805 1093.87342834473 1042.0087890625 1004.50122070312 966.258193969727 967.534698486328 915.398788452148 919.185897827148 906.245910644531 883.213760375977 859.233673095703 852.322494506836 846.312316894531 841.229476928711 821.106582641602 820.019653320312 799.950729370117 785.923858642578 771.9892578125 767.260726928711 766.340240478516 745.375228881836 720.427795410156 715.240020751953 719.710342407227 720.05436706543 752.444274902344 786.078735351562 840.138381958008 854.399749755859 815.954727172852 793.354095458984 762.1298828125 770.008117675781 790.138244628906 782.811218261719 781.27311706543 791.561386108398 798.385040283203 817.967147827148 850.316040039062 859.835693359375 819.293685913086 896.500030517578 939.19514465332 861.182098388672 856.158233642578 863.119995117188 854.68537902832
1272.99304199219 1280.8132019043 1242.42681884766 1158.69299316406 982.568389892578 911.252044677734 910.34651184082 897.724624633789 879.137145996094 871.277282714844 875.958251953125 878.475051879883 860.200347900391 876.158233642578 830.916793823242 795.211822509766 780.258590698242 795.259216308594 787.598052978516 755.455825805664 747.413070678711 766.007537841797 781.705139160156 751.180694580078 733.786682128906 713.057388305664 688.856811523438 700.186340332031 735.51203918457 752.807388305664 776.330093383789 794.645568847656 793.449722290039 811.413635253906 774.983322143555 752.980667114258 760.473617553711 765.267578125 768.882232666016 784.245559692383 823.943817138672 861.71337890625 837.679382324219 804.839660644531 810.106246948242 839.975112915039 848.778091430664 916.016418457031 892.292266845703 872.618698120117
1330.10345458984 1153.32833862305 986.951049804688 942.169952392578 964.825988769531 885.10986328125 870.104263305664 869.262725830078 873.923049926758 854.632217407227 834.759307861328 823.966186523438 818.819046020508 803.286865234375 782.022857666016 778.076477050781 773.286071777344 777.46549987793 801.383743286133 830.453903198242 809.136901855469 765.772583007812 726.66667175293 732.789337158203 746.955947875977 723.528747558594 677.285018920898 663.18489074707 677.185775756836 738.940872192383 764.986282348633 739.169815063477 735.431457519531 774.918899536133 773.770309448242 766.974075317383 743.063705444336 755.02294921875 769.862396240234 767.989639282227 818.124847412109 921.712524414062 850.617446899414 799.167694091797 724.644302368164 758.906784057617 865.751968383789 874.772079467773 835.267883300781 856.454071044922
939.138854980469 939.122741699219 965.80192565918 890.635284423828 874.076171875 851.167297363281 844.00032043457 830.441558837891 827.112686157227 832.625244140625 831.562210083008 815.817962646484 792.697204589844 766.169662475586 756.276657104492 747.466506958008 745.548919677734 732.989547729492 725.813781738281 725.079818725586 728.258209228516 728.94596862793 705.620422363281 705.310592651367 783.288284301758 818.145523071289 731.957275390625 650.78987121582 644.008819580078 666.466888427734 694.657638549805 709.925994873047 702.760528564453 708.209930419922 717.591110229492 727.943252563477 741.338073730469 747.105743408203 751.629547119141 777.558532714844 782.656951904297 789.712905883789 756.907211303711 754.180892944336 716.392791748047 697.094161987305 777.767059326172 796.076461791992 837.442260742188 907.966125488281
1237.4596862793 1079.82020568848 968.223403930664 849.013046264648 823.156204223633 830.967010498047 818.360748291016 812.626419067383 800.947814941406 773.18229675293 768.628845214844 765.615356445312 780.878723144531 760.77555847168 730.981903076172 720.619583129883 716.287536621094 703.06770324707 690.28157043457 674.834487915039 664.523483276367 647.569244384766 641.049545288086 637.723876953125 644.071304321289 687.38996887207 708.019393920898 690.938674926758 637.489364624023 634.198501586914 649.676742553711 669.481384277344 705.35466003418 722.737869262695 729.395462036133 729.694442749023 743.040084838867 788.53141784668 783.797393798828 783.118148803711 781.547744750977 819.762115478516 768.581146240234 730.587966918945 710.825241088867 683.955169677734 741.535781860352 786.303924560547 777.165725708008 767.988616943359
912.257873535156 1077.09860229492 1035.98284912109 910.542282104492 840.48388671875 824.013442993164 804.398223876953 786.982574462891 781.088256835938 771.829849243164 763.93310546875 762.342514038086 759.247360229492 749.147125244141 739.268814086914 727.766220092773 714.840209960938 694.968154907227 678.837203979492 659.988037109375 642.581436157227 652.972274780273 646.817367553711 636.287673950195 657.83122253418 662.12532043457 620.932891845703 625.024612426758 628.209289550781 615.865509033203 647.873977661133 696.466506958008 743.701675415039 785.417282104492 814.457366943359 844.227661132812 784.527420043945 776.318344116211 815.012878417969 800.270965576172 748.734893798828 720.95246887207 751.050994873047 754.068710327148 718.446350097656 719.103607177734 726.901824951172 692.355270385742 718.247268676758 782.073471069336
835.284881591797 836.046630859375 829.780334472656 802.360946655273 794.15983581543 785.584335327148 744.646301269531 735.654998779297 767.659042358398 788.729995727539 760.983428955078 740.661178588867 713.064529418945 694.962371826172 700.688613891602 705.00862121582 687.327545166016 673.508392333984 666.332305908203 657.407516479492 643.514022827148 651.087936401367 678.344436645508 684.619354248047 645.328552246094 621.292343139648 629.475036621094 608.220397949219 615.190078735352 624.696212768555 619.676910400391 640.605453491211 689.697952270508 739.366729736328 790.113586425781 826.876602172852 823.762786865234 790.547424316406 794.422988891602 764.668746948242 720.983810424805 738.920318603516 810.343688964844 776.38249206543 681.397674560547 690.997192382812 714.699295043945 718.425476074219 700.139678955078 651.11149597168
785.082275390625 781.784576416016 758.182434082031 768.202056884766 743.640670776367 743.531372070312 723.163330078125 713.517120361328 715.138381958008 707.846420288086 702.454925537109 696.757141113281 685.907302856445 701.818634033203 732.963653564453 705.604934692383 666.832275390625 647.603698730469 645.414764404297 636.777526855469 620.209899902344 607.851837158203 599.642150878906 593.738784790039 591.200256347656 585.241409301758 602.205841064453 633.566864013672 680.319931030273 720.789321899414 767.896591186523 775.519607543945 809.396179199219 777.578826904297 709.008911132812 680.711898803711 683.886840820312 688.922088623047 687.405715942383 689.087783813477 714.220184326172 723.692352294922 697.351196289062 688.76872253418 694.510482788086 719.25749206543 736.536651611328 704.618011474609 711.009750366211 673.860321044922
751.567993164062 736.526321411133 726.674133300781 727.316314697266 725.315734863281 704.910186767578 699.106048583984 690.808029174805 693.41145324707 693.166015625 676.70703125 676.264053344727 681.152755737305 693.208374023438 723.548873901367 738.255615234375 728.911590576172 690.600601196289 646.607925415039 613.397537231445 603.958297729492 594.528671264648 585.152389526367 572.751983642578 565.943420410156 562.47159576416 564.587326049805 574.259704589844 601.625671386719 643.919860839844 707.781448364258 757.199249267578 770.321273803711 820.95182800293 845.232467651367 847.082550048828 836.089828491211 802.853897094727 763.41032409668 704.600677490234 653.69303894043 660.363815307617 677.567733764648 734.709716796875 779.406814575195 778.029647827148 800.687393188477 789.364730834961 766.862258911133 764.728622436523
711.645736694336 696.661590576172 694.84716796875 687.896530151367 684.775802612305 674.994659423828 671.328186035156 675.41828918457 698.778778076172 697.581253051758 663.847763061523 657.199462890625 654.876342773438 670.678436279297 704.75471496582 716.557144165039 709.408264160156 660.527435302734 639.393646240234 639.475631713867 638.578552246094 605.727066040039 575.221740722656 566.60823059082 561.106262207031 556.659599304199 554.064071655273 561.306549072266 569.337265014648 577.499420166016 583.476104736328 597.536437988281 619.281005859375 644.247024536133 668.281982421875 700.77294921875 725.52375793457 735.450271606445 740.644073486328 704.473663330078 699.349502563477 751.889343261719 783.268829345703 764.789749145508 694.150360107422 708.125595092773 747.779541015625 744.423446655273 761.511444091797 838.611236572266
687.472442626953 669.120178222656 664.458541870117 659.669891357422 653.957061767578 651.996002197266 651.481597900391 652.927536010742 653.048751831055 645.085739135742 641.039154052734 650.241470336914 638.083999633789 629.885009765625 640.762100219727 641.80615234375 635.059326171875 634.50341796875 626.000991821289 610.230575561523 599.364288330078 583.934143066406 593.053634643555 689.774444580078 707.175872802734 764.713027954102 702.36457824707 611.384918212891 575.198944091797 576.698959350586 585.717864990234 588.140182495117 594.358428955078 601.905487060547 600.486618041992 612.545516967773 623.810760498047 639.912170410156 655.900726318359 664.725830078125 688.821670532227 733.688827514648 755.27587890625 778.227783203125 754.563766479492 717.632125854492 647.097564697266 703.77619934082 808.753753662109 770.774703979492
679.198684692383 648.480621337891 631.917007446289 624.203109741211 613.903442382812 620.153244018555 630.45849609375 637.989181518555 636.429260253906 632.63232421875 633.732604980469 637.675598144531 633.521072387695 625.296096801758 621.462966918945 615.724227905273 606.26416015625 602.313369750977 603.370132446289 598.703308105469 611.616821289062 611.463638305664 682.496368408203 768.100708007812 780.532806396484 776.838607788086 716.789352416992 683.382766723633 659.117614746094 644.088638305664 636.395721435547 642.617431640625 648.120071411133 646.441955566406 645.78581237793 648.79931640625 651.332504272461 646.071304321289 631.746078491211 617.535720825195 629.250213623047 675.308837890625 746.667007446289 860.86686706543 890.2158203125 833.077377319336 736.511184692383 652.31217956543 647.399047851562 672.940612792969
645.32844543457 623.465911865234 612.08952331543 611.238952636719 599.977127075195 595.121704101562 598.562026977539 602.734344482422 612.680236816406 618.560653686523 614.002258300781 608.416778564453 608.942611694336 602.516204833984 601.560195922852 608.053665161133 612.756423950195 604.537155151367 609.953674316406 619.136444091797 680.61799621582 694.690719604492 634.128341674805 611.560104370117 638.020172119141 666.70573425293 666.787033081055 657.815826416016 656.966644287109 661.237991333008 662.660446166992 663.556198120117 665.865463256836 690.269134521484 699.614929199219 711.148651123047 713.402908325195 693.581130981445 698.711517333984 685.154281616211 660.037094116211 629.274826049805 623.563522338867 666.939208984375 732.196716308594 768.308486938477 736.595169067383 705.140609741211 636.580490112305 605.107559204102
