data/spatiotemp/temp1/bio16_norsw_test_2003_2006.asc
NCOLS 654 
NROWS 380 
XLLCORNER 3.91666666666667 
YLLCORNER 55.3333333333333 
CELLSIZE 0.0416666666666666 
NODATA_value -9999 
[rows 132 to 153 of 380, columns 350 to 399 of 654]
239.753849029541 242.013378143311 247.522464752197 253.985645294189 246.762725830078 250.70467376709 251.995780944824 243.831069946289 240.283004760742 239.540645599365 239.392250061035 237.902172088623 234.790077209473 233.584159851074 234.86478805542 237.451019287109 238.626949310303 238.797866821289 238.41792678833 238.115772247314 239.661739349365 239.584442138672 237.754062652588 237.357444763184 238.22082901001 235.330703735352 232.752513885498 229.181575775146 228.341121673584 228.783531188965 229.944602966309 230.391429901123 229.515613555908 228.73588180542 230.856800079346 235.307064056396 241.720844268799 241.369976043701 238.664375305176 237.881904602051 245.766422271729 238.540576934814 233.156513214111 239.582836151123 239.076469421387 246.362545013428 245.604141235352 245.867794036865 246.578674316406 242.095031738281
247.17830657959 247.712894439697 247.464218139648 243.643753051758 242.647342681885 245.820053100586 243.609870910645 243.04963684082 243.094177246094 241.743385314941 242.217525482178 243.391174316406 245.043689727783 240.78645324707 238.04801940918 235.238716125488 236.327865600586 237.187847137451 237.948719024658 237.196746826172 236.107109069824 235.608753204346 235.130832672119 234.352710723877 235.000926971436 237.485256195068 237.922561645508 234.697807312012 228.258716583252 228.01978302002 228.777008056641 234.068054199219 229.991115570068 229.43660736084 240.445404052734 240.892265319824 246.904975891113 248.987236022949 250.028869628906 254.765335083008 256.051010131836 247.943283081055 238.767562866211 246.018299102783 249.979190826416 247.917812347412 245.99649810791 244.975841522217 253.260387420654 250.027626037598
253.071834564209 249.873565673828 248.467639923096 245.012546539307 244.284561157227 244.764942169189 243.817565917969 243.657539367676 244.227230072021 243.633010864258 250.07731628418 255.287910461426 257.256916046143 251.377426147461 249.424186706543 241.102787017822 239.790649414062 238.480827331543 238.902557373047 234.868541717529 235.199775695801 232.097671508789 236.440532684326 235.226715087891 234.723945617676 230.771160125732 234.12113571167 231.601867675781 229.004505157471 228.546646118164 228.598461151123 229.81368637085 233.163436889648 230.866592407227 234.485176086426 236.606586456299 236.976566314697 245.840766906738 249.462936401367 257.875 253.53311920166 249.044609069824 254.404495239258 260.611045837402 251.883201599121 247.430545806885 254.381443023682 256.492958068848 252.88053894043 252.787109375
253.51265335083 246.555194854736 247.567546844482 249.413036346436 248.86629486084 247.952701568604 248.469219207764 247.457820892334 245.259132385254 243.007270812988 249.950424194336 260.96883392334 255.908088684082 254.681076049805 254.537872314453 246.881435394287 240.54691696167 239.082481384277 235.873344421387 234.428714752197 236.035026550293 236.839366912842 232.453533172607 231.368965148926 228.884746551514 226.973011016846 227.721881866455 226.684234619141 225.679668426514 229.315788269043 231.762580871582 235.109828948975 241.606784820557 239.933471679688 245.217952728271 237.991916656494 240.099128723145 239.833702087402 241.429023742676 246.217834472656 245.103023529053 246.83740234375 252.797222137451 254.894985198975 261.230339050293 255.86527633667 249.453411102295 253.214744567871 253.0559425354 253.109916687012
241.147148132324 244.097579956055 245.853790283203 246.989208221436 248.819568634033 251.484184265137 254.367805480957 250.739791870117 247.943340301514 246.356773376465 246.590198516846 247.594551086426 250.46556854248 249.282855987549 248.59485244751 247.92993927002 247.313915252686 244.107570648193 238.221172332764 232.418979644775 231.67992401123 230.91544342041 228.675811767578 227.130638122559 226.425132751465 225.615741729736 225.004600524902 225.37020111084 225.468200683594 226.866847991943 227.756946563721 227.13224029541 231.557510375977 242.278656005859 241.030857086182 242.331481933594 244.775245666504 242.944961547852 240.988327026367 243.385166168213 244.662803649902 246.720588684082 252.605632781982 254.497802734375 257.183303833008 260.252532958984 259.464897155762 256.595893859863 258.114490509033 257.308265686035
241.256874084473 241.844116210938 243.249858856201 244.113471984863 243.648937225342 244.276866912842 245.129322052002 246.834312438965 249.620948791504 250.18062210083 246.445297241211 245.368915557861 243.594268798828 244.36270904541 244.265243530273 242.248523712158 239.892028808594 239.554794311523 238.266910552979 236.293327331543 233.556228637695 231.050670623779 227.724975585938 227.256587982178 225.404674530029 225.755233764648 224.481582641602 225.326919555664 226.521537780762 229.420928955078 234.288887023926 234.347511291504 231.376251220703 232.15746307373 234.77974319458 238.38843536377 243.479694366455 244.100658416748 245.461051940918 240.675773620605 242.293399810791 246.732028961182 248.012481689453 250.482414245605 254.048812866211 256.845264434814 258.091278076172 262.353176116943 266.294017791748 266.200756072998
244.611312866211 245.337272644043 244.741031646729 243.031856536865 242.426181793213 240.654705047607 238.118297576904 237.972652435303 239.41438293457 244.7356300354 244.632293701172 244.973529815674 240.387699127197 239.780731201172 239.122444152832 240.298191070557 238.019142150879 235.99739074707 234.992393493652 235.142734527588 234.498718261719 233.15523147583 230.501647949219 227.444522857666 228.72993850708 226.835109710693 225.813915252686 224.252330780029 223.228492736816 224.212554931641 224.713569641113 227.241851806641 227.533363342285 227.659126281738 230.061771392822 232.68021774292 236.000492095947 237.725326538086 236.947452545166 238.248569488525 241.015121459961 241.904392242432 245.384044647217 249.251541137695 253.706184387207 258.394275665283 258.753059387207 258.983379364014 262.571716308594 270.918533325195
247.606533050537 243.50842666626 240.713039398193 239.82963180542 238.384918212891 237.163105010986 236.505798339844 237.205642700195 237.280155181885 237.008205413818 235.304378509521 234.41072845459 236.094673156738 234.660453796387 233.159755706787 232.450916290283 232.123168945312 233.494243621826 233.882362365723 233.65697479248 232.741100311279 231.223476409912 231.395652770996 229.934997558594 230.105033874512 229.376697540283 227.009071350098 226.586132049561 228.548065185547 226.921806335449 222.956424713135 222.756614685059 223.62866973877 225.798236846924 227.428901672363 229.488510131836 229.551250457764 231.667125701904 239.700500488281 234.662902832031 236.723697662354 240.33190536499 244.451324462891 246.808143615723 252.317070007324 257.040912628174 262.173816680908 262.860710144043 259.945823669434 260.681312561035
242.720058441162 239.228939056396 238.286056518555 236.570201873779 236.508380889893 239.385856628418 241.053512573242 237.437664031982 235.588340759277 235.263694763184 235.466823577881 234.143447875977 232.0901222229 230.798316955566 230.528591156006 229.497669219971 229.438701629639 235.026119232178 231.992786407471 231.075183868408 237.049831390381 236.162097930908 229.140869140625 229.334087371826 227.836723327637 226.931285858154 226.323642730713 223.980392456055 224.969478607178 224.827007293701 225.759063720703 223.864452362061 226.471771240234 225.947807312012 229.048580169678 228.800239562988 229.938827514648 231.293598175049 231.436466217041 233.161170959473 233.229751586914 235.941646575928 238.928344726562 243.724071502686 252.163799285889 256.871395111084 257.212669372559 257.095817565918 259.409027099609 261.324371337891
236.269325256348 236.956089019775 234.91047668457 234.771213531494 235.306827545166 233.939159393311 235.342105865479 235.002010345459 234.324615478516 236.194137573242 240.497707366943 235.594886779785 234.175266265869 231.200355529785 230.554100036621 227.034606933594 225.677066802979 226.018039703369 226.165546417236 226.381206512451 226.596858978271 224.542415618896 224.75606918335 224.969715118408 225.774585723877 225.591213226318 226.201080322266 224.686016082764 225.697444915771 225.577304840088 223.366775512695 223.435806274414 225.232769012451 226.248531341553 227.800785064697 229.913772583008 230.873603820801 232.594692230225 233.652099609375 235.377227783203 235.113182067871 237.961059570312 240.62313079834 242.300003051758 243.442649841309 253.226184844971 259.395195007324 262.083961486816 265.117725372314 262.294036865234
236.030941009521 234.400535583496 232.212448120117 235.203678131104 238.542491912842 234.519947052002 231.968631744385 231.036098480225 233.916999816895 235.969314575195 233.806018829346 232.391635894775 230.483207702637 229.83814239502 227.864459991455 225.754508972168 224.036354064941 222.351215362549 221.356674194336 222.471134185791 225.360919952393 223.577453613281 226.153022766113 224.02766418457 221.340644836426 221.165420532227 221.386077880859 223.770984649658 225.450340270996 225.675365447998 225.768573760986 227.901748657227 227.971542358398 230.97087097168 231.852058410645 231.111518859863 233.617385864258 236.767955780029 240.590763092041 243.307220458984 241.387939453125 243.118701934814 248.16471862793 248.672424316406 247.22004699707 245.516098022461 250.197265625 257.930820465088 264.989276885986 266.166019439697
236.878826141357 235.177669525146 234.226516723633 233.204265594482 233.068988800049 233.75118637085 235.840389251709 234.573307037354 234.247013092041 232.349906921387 230.789924621582 229.44841003418 226.455760955811 226.636711120605 225.128101348877 222.879703521729 220.903049468994 220.732669830322 220.105537414551 219.503158569336 220.553924560547 222.757606506348 228.944789886475 229.575424194336 223.043346405029 221.979110717773 220.915153503418 222.427028656006 222.650974273682 225.66219329834 229.820781707764 229.834796905518 230.79186630249 231.694217681885 233.806407928467 232.645401000977 233.996200561523 234.355834960938 236.86937713623 241.783405303955 242.108776092529 247.764789581299 249.11438369751 246.739513397217 248.987400054932 250.869960784912 252.301826477051 254.680778503418 254.156234741211 254.117134094238
237.918273925781 239.029544830322 240.001983642578 240.213050842285 241.184761047363 241.112716674805 237.751438140869 235.601238250732 233.790676116943 232.357242584229 230.94401550293 229.073146820068 229.176845550537 227.276569366455 223.103172302246 222.420345306396 219.908149719238 216.507736206055 217.492527008057 218.31819152832 217.716934204102 217.599514007568 222.562160491943 220.905136108398 217.955810546875 218.436405181885 220.491088867188 221.261974334717 223.032989501953 224.092884063721 227.516548156738 228.235389709473 227.645561218262 230.103137969971 231.055625915527 233.516361236572 236.376705169678 239.801651000977 245.808475494385 246.447788238525 242.235843658447 244.87678527832 243.653617858887 247.025886535645 250.859203338623 248.752460479736 250.287372589111 255.818962097168 258.378067016602 260.731430053711
242.384510040283 241.788681030273 247.487323760986 247.036987304688 248.487884521484 248.992069244385 247.751789093018 245.262752532959 241.114814758301 238.080635070801 239.768417358398 235.262142181396 230.693130493164 230.242706298828 226.068031311035 220.318553924561 218.629035949707 217.943588256836 216.8828125 215.971160888672 216.286678314209 216.508892059326 215.503673553467 214.837745666504 218.324672698975 219.206806182861 218.542781829834 219.654922485352 220.711715698242 221.825626373291 224.764507293701 228.366111755371 230.481822967529 230.49048614502 232.923107147217 233.07181930542 235.930629730225 237.33283996582 239.362934112549 240.625797271729 244.274501800537 246.308925628662 244.149532318115 244.081855773926 247.909538269043 255.777313232422 250.935882568359 252.352161407471 258.636375427246 265.220050811768
246.171905517578 242.091060638428 244.726280212402 240.368587493896 237.572212219238 243.138919830322 241.841121673584 243.949096679688 240.167491912842 236.898189544678 238.146324157715 242.176647186279 240.229419708252 235.798698425293 229.668663024902 226.537372589111 223.892604827881 220.587226867676 216.191032409668 215.594051361084 214.457290649414 215.504596710205 216.613616943359 217.640106201172 219.07154083252 216.396644592285 217.020637512207 218.40682220459 219.53955078125 220.83390045166 222.009990692139 224.727081298828 229.15311050415 232.506988525391 232.568008422852 232.232898712158 235.232627868652 238.842994689941 239.735103607178 242.512046813965 245.710655212402 245.787357330322 246.817192077637 247.091468811035 247.376270294189 244.963340759277 245.998035430908 249.836856842041 252.101928710938 259.899974822998
239.131587982178 241.366241455078 236.926742553711 237.096103668213 236.090515136719 233.629039764404 236.658546447754 236.36584854126 235.451042175293 232.583850860596 231.929790496826 238.251708984375 238.378631591797 234.560550689697 228.884571075439 226.990718841553 226.027885437012 228.07458114624 224.735275268555 222.175685882568 218.08374786377 215.043151855469 217.379486083984 219.591682434082 216.283843994141 216.765815734863 216.1611328125 215.570953369141 217.43962097168 218.953533172607 220.338806152344 222.446411132812 226.054275512695 228.379077911377 230.90832901001 233.902088165283 234.789245605469 235.207607269287 240.121490478516 244.718444824219 245.182811737061 246.095760345459 250.65686416626 254.484973907471 251.222244262695 249.560482025146 252.175369262695 254.820453643799 252.773937225342 251.439464569092
236.185451507568 233.54663848877 237.370193481445 238.337982177734 241.132530212402 234.405342102051 233.465442657471 233.227375030518 232.272960662842 231.732822418213 230.197788238525 228.458396911621 228.586349487305 233.875888824463 230.22399520874 224.194686889648 226.426082611084 224.933612823486 221.195171356201 226.517894744873 223.546947479248 219.486042022705 216.180751800537 215.24036026001 217.05477142334 217.281410217285 217.86848449707 219.237167358398 220.696918487549 222.427623748779 223.135898590088 221.747226715088 223.335269927979 228.08092880249 227.369930267334 226.988189697266 232.30980682373 236.898769378662 238.632625579834 241.050373077393 242.314052581787 246.404151916504 247.79122543335 249.180416107178 249.455268859863 247.789096832275 246.833469390869 248.364486694336 247.761940002441 246.820285797119
236.266586303711 231.913528442383 231.392990112305 235.901195526123 235.40323638916 234.399909973145 232.336570739746 230.813129425049 231.31078338623 231.590843200684 231.417793273926 231.174896240234 228.935371398926 225.547256469727 227.32861328125 227.461322784424 225.977519989014 226.874954223633 225.620063781738 223.355827331543 222.425746917725 220.626140594482 222.896640777588 224.273380279541 224.872364044189 223.151237487793 225.098079681396 224.08275604248 224.776786804199 223.78385925293 223.924011230469 224.858081817627 224.905700683594 225.782543182373 228.565605163574 228.360500335693 228.408012390137 235.541107177734 237.64416885376 240.885440826416 244.126159667969 244.190395355225 245.203384399414 247.548141479492 251.762313842773 251.272319793701 248.368606567383 242.994205474854 240.341678619385 246.277675628662
231.508373260498 233.349575042725 236.372634887695 234.276962280273 231.83321762085 231.240112304688 231.767669677734 233.094886779785 232.97594833374 234.775455474854 232.579620361328 233.395977020264 231.258907318115 225.016387939453 226.036266326904 224.924030303955 229.001094818115 229.34740447998 225.564308166504 222.266735076904 220.510261535645 219.972743988037 220.980331420898 223.626525878906 224.180198669434 225.903415679932 229.44592666626 229.686725616455 229.931686401367 234.144706726074 231.974128723145 227.616630554199 228.543598175049 229.414253234863 229.082378387451 231.338153839111 235.788883209229 238.631332397461 236.734607696533 237.641635894775 240.145416259766 241.317295074463 247.950534820557 246.999298095703 250.821430206299 251.472827911377 250.527095794678 247.752655029297 244.641792297363 242.7858543396
231.781356811523 230.165870666504 233.872360229492 233.024394989014 231.289493560791 229.987731933594 238.3542137146 234.202960968018 234.121936798096 240.879959106445 237.124431610107 234.994525909424 230.796829223633 231.091201782227 223.634006500244 222.961757659912 224.762062072754 224.906112670898 223.476215362549 223.457012176514 226.024593353271 227.080150604248 226.508335113525 225.526050567627 225.394180297852 226.039546966553 229.44034576416 229.683143615723 229.249523162842 229.798385620117 232.629905700684 232.420043945312 231.625274658203 228.970371246338 232.364543914795 232.02173614502 235.633239746094 237.361469268799 243.042308807373 238.718585968018 236.896778106689 242.475612640381 246.189956665039 249.182590484619 250.261642456055 254.952533721924 251.606903076172 247.893726348877 246.6286277771 246.459983825684
231.419040679932 232.706195831299 237.410423278809 239.027648925781 232.632610321045 231.373653411865 232.802318572998 232.960884094238 232.700317382812 230.9206199646 229.202121734619 230.136741638184 227.226196289062 226.968742370605 224.361751556396 220.659805297852 221.853538513184 220.924404144287 223.596309661865 223.023651123047 221.259654998779 224.327144622803 228.684131622314 226.888935089111 227.389503479004 227.256359100342 229.418270111084 230.866817474365 229.902145385742 229.310844421387 230.335216522217 231.581111907959 231.367862701416 234.737411499023 234.774875640869 235.638324737549 239.687683105469 244.905715942383 245.418556213379 246.336227416992 244.323112487793 244.379749298096 245.634994506836 246.745037078857 248.635330200195 251.587978363037 247.762199401855 247.332321166992 245.854232788086 245.484081268311
235.47452545166 236.236263275146 234.710918426514 232.991291046143 233.197341918945 231.676692962646 235.392944335938 236.343395233154 234.625106811523 233.974105834961 229.537380218506 226.156177520752 224.699291229248 225.329387664795 226.290203094482 222.503643035889 222.83455657959 219.436935424805 219.634803771973 224.28539276123 224.940773010254 221.622035980225 226.219181060791 230.854717254639 227.786930084229 228.032093048096 228.30553817749 231.452415466309 235.096042633057 236.634483337402 234.704811096191 239.309707641602 236.965141296387 237.879306793213 241.90657043457 241.689334869385 240.787567138672 244.009113311768 245.277225494385 249.359489440918 250.515937805176 249.747974395752 248.402881622314 247.825595855713 246.378631591797 244.458274841309 243.783039093018 245.0107421875 241.702739715576 242.927642822266
