data/spatiotemp/temp1/bio12_norsw_test_2003_2006.asc
NCOLS 654 
NROWS 380 
XLLCORNER 3.91666666666667 
YLLCORNER 55.3333333333333 
CELLSIZE 0.0416666666666666 
NODATA_value -9999 
[rows 110 to 131 of 380, columns 200 to 249 of 654]
1919.75253295898 -9999 -9999 -9999 -9999 -9999 -9999 2081.06384277344 2143.30706787109 2179.53601074219 2170.75421142578 -9999 -9999 2290.31292724609 2313.58526611328 2376.89215087891 2378.70324707031 2433.73760986328 2544.34405517578 2499.39483642578 2558.81231689453 -9999 2566.48114013672 2454.21136474609 2472.23413085938 2427.91101074219 2363.74749755859 2308.80932617188 2252.32098388672 2232.00561523438 2169.48937988281 2086.98559570312 2033.45095825195 1947.88363647461 1899.29235839844 1825.30133056641 1791.97302246094 1771.09710693359 1797.50784301758 1783.96557617188 1755.90530395508 1670.99331665039 1600.22769165039 1568.43927001953 1535.43246459961 1496.18377685547 1461.42764282227 1438.05142211914 1434.41775512695 1417.7822265625
-9999 -9999 -9999 -9999 -9999 -9999 -9999 -9999 2104.7434387207 2141.45016479492 -9999 -9999 -9999 2354.29327392578 2348.82098388672 2338.59838867188 -9999 2562.21362304688 2600.88073730469 2655.83972167969 2692.62524414062 2602.38256835938 2667.98205566406 2548.81951904297 2526.08740234375 2477.66754150391 2340.33996582031 2247.92016601562 2164.46130371094 2150.0205078125 2093.91046142578 2043.16622924805 2001.67669677734 2005.98550415039 1957.84204101562 1930.21109008789 1874.87026977539 1809.60433959961 1869.94812011719 1766.94378662109 1716.48947143555 1679.54638671875 1691.78805541992 1674.62072753906 1610.54571533203 1515.86276245117 1460.35745239258 1439.37222290039 1408.34130859375 1388.60891723633
-9999 -9999 -9999 -9999 -9999 -9999 -9999 -9999 -9999 -9999 2145.88388061523 -9999 -9999 -9999 2321.60137939453 2362.47216796875 2419.06091308594 2438.38507080078 -9999 2564.85217285156 2646.61010742188 2682.20684814453 2671.87542724609 2625.80340576172 2595.57073974609 2485.76916503906 2348.65863037109 2265.12658691406 2186.91265869141 2192.08374023438 2099.98913574219 1986.33767700195 1927.76351928711 1908.74591064453 1905.51550292969 1902.26531982422 1868.87731933594 1789.89108276367 1825.56777954102 1752.0573425293 1635.73669433594 1600.33544921875 1593.78085327148 1568.94177246094 1533.61785888672 1493.95748901367 1505.96365356445 1502.26309204102 1427.427734375 1444.2633972168
-9999 -9999 -9999 -9999 -9999 -9999 -9999 -9999 -9999 -9999 -9999 -9999 -9999 2274.30853271484 2385.5546875 2385.75775146484 2463.97631835938 2434.79028320312 2641.54779052734 2626.29028320312 2621.05224609375 2672.64074707031 2580.12603759766 2626.98846435547 2418.76971435547 2318.84771728516 2136.69525146484 2139.56716918945 2171.63891601562 2193.40826416016 2045.7575378418 1947.67849731445 1871.11810302734 1836.42718505859 1813.02267456055 1819.79385375977 1823.80950927734 1802.09725952148 1776.99374389648 1745.01379394531 1699.16571044922 1664.91253662109 1625.36892700195 1551.37985229492 1506.26260375977 1477.5002746582 1464.1116027832 1489.55969238281 1446.52374267578 1364.64114379883
-9999 -9999 -9999 1938.22833251953 -9999 1978.70169067383 2005.33013916016 2018.46682739258 -9999 -9999 -9999 -9999 -9999 2239.81365966797 2298.24932861328 2335.64593505859 2414.80334472656 -9999 2468.23059082031 2605.26153564453 2649.28472900391 2777.31793212891 2554.12268066406 2203.20648193359 2311.0341796875 2311.54473876953 2352.92248535156 2304.05718994141 2192.697265625 1982.05786132812 2010.96731567383 1984.50173950195 1942.85968017578 1872.29327392578 1839.79840087891 1771.96926879883 1727.85180664062 1704.32098388672 1667.53970336914 1653.18646240234 1635.24127197266 1631.13101196289 1590.37265014648 1555.00701904297 1526.33685302734 1482.10125732422 1454.73452758789 1452.97598266602 1395.0426940918 1327.30322265625
-9999 1995.40921020508 1955.04248046875 1918.44589233398 1943.43176269531 -9999 1981.57348632812 2009.56240844727 2030.51849365234 2057.11340332031 2079.08184814453 2131.56140136719 2134.8994140625 -9999 2249.47149658203 2270.65905761719 -9999 2399.67895507812 2507.15118408203 2422.41162109375 2413.97412109375 2623.61334228516 2421.16180419922 2309.07440185547 2216.08563232422 2368.21917724609 2266.27038574219 2201.13049316406 2132.04510498047 2048.2548828125 2002.18295288086 1930.46868896484 1905.46478271484 1868.63305664062 1814.70004272461 1746.68618774414 1717.41250610352 1702.10620117188 1640.83352661133 1604.66302490234 1576.52703857422 1580.56921386719 1554.27841186523 1514.84387207031 1494.98635864258 1459.50534057617 1402.02908325195 1376.14245605469 1369.82946777344 1348.12313842773
-9999 -9999 -9999 -9999 -9999 1944.88006591797 1949.7668762207 1989.35278320312 2006.78485107422 2014.61938476562 -9999 -9999 2104.31500244141 2126.82748413086 -9999 -9999 -9999 -9999 2472.92297363281 2549.95513916016 2590.27111816406 2494.12908935547 2360.48596191406 2449.611328125 2455.75610351562 2320.04638671875 2196.15759277344 2126.51068115234 1981.33181762695 1937.35690307617 1902.02673339844 1871.56460571289 1845.33709716797 1810.38760375977 1765.18508911133 1728.56900024414 1688.67227172852 1655.28707885742 1601.12637329102 1576.30307006836 1569.6123046875 1543.13009643555 1499.36129760742 1484.45495605469 1447.00521850586 1433.8825378418 1403.84497070312 1359.95922851562 1328.85653686523 1300.18667602539
1833.53744506836 -9999 -9999 -9999 -9999 -9999 -9999 -9999 -9999 -9999 -9999 2149.95172119141 2200.31945800781 2254.19287109375 2264.04620361328 2173.91552734375 -9999 2313.15637207031 2353.83361816406 2351.40405273438 2411.32238769531 2332.28338623047 2373.54083251953 2304.32006835938 2127.01577758789 2113.18695068359 2090.00790405273 2018.91586303711 1978.46688842773 1928.45626831055 1844.42181396484 1764.43444824219 1757.27685546875 1743.76812744141 1697.74923706055 1642.47427368164 1620.64346313477 1608.39471435547 1582.83801269531 1552.4150390625 -9999 1469.54525756836 1431.19610595703 1401.35595703125 1375.97943115234 1344.06643676758 1316.26675415039 1284.59552001953 1248.77255249023 1213.51565551758
1826.77810668945 -9999 -9999 -9999 -9999 -9999 -9999 1932.82458496094 1935.00524902344 -9999 -9999 2024.5373840332 2100.15399169922 2141.17736816406 2137.70468139648 2130.34716796875 2170.58282470703 2249.47674560547 2289.58862304688 2254.92034912109 2299.99377441406 2264.5986328125 2212.99291992188 2215.82806396484 2181.81390380859 2115.46740722656 1979.24310302734 1895.36181640625 1903.89227294922 1878.93197631836 1814.4850769043 1702.63790893555 1687.33734130859 1651.67657470703 1645.17990112305 1613.89678955078 1578.11721801758 1540.53295898438 1503.53903198242 1479.71160888672 1448.96701049805 1416.79522705078 1397.85012817383 1366.57461547852 1337.69931030273 1307.10900878906 1271.84921264648 1242.83889770508 1213.94213867188 1190.24273681641
-9999 1820.61978149414 1830.48428344727 1840.79034423828 1868.25848388672 1879.27377319336 1899.27203369141 1922.36877441406 1928.22744750977 1923.20751953125 1941.96514892578 1948.58895874023 1949.62124633789 -9999 2037.03234863281 2160.65856933594 2114.70587158203 2067.8073425293 2144.70736694336 2222.37994384766 2215.48529052734 2174.48461914062 2155.27017211914 2115.14834594727 2058.3274230957 2008.6321105957 1930.44351196289 1904.39385986328 1822.57751464844 1807.70217895508 1760.49984741211 1713.38064575195 1606.54919433594 1602.48590087891 1604.390625 1585.19934082031 1537.77816772461 1508.58013916016 1474.35717773438 1440.04449462891 1415.30010986328 1381.72048950195 1351.12942504883 1326.38403320312 1298.61541748047 1265.26931762695 1231.4450378418 1210.21478271484 1184.3430480957 1157.08013916016
1793.56829833984 1802.7126159668 1821.56979370117 1828.05111694336 1848.92529296875 1864.52380371094 1892.08755493164 1888.08187866211 1901.46578979492 1887.30364990234 1928.20126342773 1937.33212280273 1947.59335327148 1941.25436401367 2008.63818359375 2081.54580688477 2126.40151977539 2123.02053833008 2124.05609130859 2091.02178955078 2106.36386108398 2125.90231323242 2101.97723388672 2051.66976928711 2020.09817504883 1974.1120300293 1903.57952880859 1859.31478881836 1820.71423339844 1786.60052490234 1715.83401489258 1616.10073852539 1600.78460693359 1595.0758972168 1565.02655029297 1522.26007080078 1474.56365966797 1444.13882446289 1429.62908935547 1400.25326538086 1372.59399414062 1342.20681762695 1315.39453125 1285.90637207031 1266.33248901367 1242.0876159668 1217.18463134766 1179.90423583984 1156.54089355469 1123.23544311523
1768.29730224609 -9999 1795.89984130859 1818.21542358398 1835.58938598633 1859.97805786133 1907.28125 1909.64260864258 1915.54873657227 1918.62005615234 -9999 1906.81762695312 2046.36376953125 2059.0397644043 2073.22903442383 2088.50064086914 2106.42990112305 2105.03805541992 2076.60150146484 2026.69064331055 2018.70272827148 2037.42965698242 2013.95736694336 1985.81448364258 1931.82672119141 1888.30596923828 1855.77780151367 1832.91632080078 1780.55944824219 1688.05386352539 1612.19128417969 1597.24243164062 1597.38925170898 1567.34310913086 1537.00512695312 1491.55853271484 1439.06137084961 1409.68688964844 1384.27694702148 1364.181640625 1333.75671386719 1329.98220825195 1281.91885375977 1239.416015625 1221.47821044922 1199.82345581055 1175.80053710938 1150.02987670898 1155.20162963867 1126.89459228516
-9999 -9999 1833.89056396484 1939.61492919922 1980.20449829102 1923.63629150391 1862.39093017578 1858.74371337891 1840.56021118164 -9999 1866.87017822266 1903.50500488281 1900.62866210938 1882.13296508789 1879.49481201172 1855.52426147461 1864.65487670898 1886.44467163086 1913.25482177734 1952.53106689453 1992.93637084961 1996.21154785156 1970.525390625 1918.65618896484 1892.4391784668 1855.18850708008 1754.58389282227 1681.02703857422 1642.43713378906 1660.42510986328 1605.87646484375 1552.58016967773 1552.47369384766 1526.31521606445 1485.90356445312 1435.22250366211 1389.0305480957 1361.50946044922 1342.10610961914 1331.66653442383 1305.00155639648 1283.58847045898 1259.92010498047 1271.8298034668 1262.91735839844 1229.91635131836 1170.15142822266 1120.06951904297 1111.04067993164 1094.94744873047
1743.40832519531 1768.79788208008 1833.36605834961 1853.52307128906 1834.09521484375 1793.07168579102 1827.1803894043 1821.13616943359 1814.71478271484 1799.46728515625 1797.74954223633 2054.55038452148 2024.77993774414 1958.96478271484 1854.50942993164 1786.88442993164 1801.96118164062 1898.2571105957 1962.26156616211 1973.56951904297 1949.41171264648 1927.23883056641 1888.81954956055 1867.81723022461 1780.73608398438 1718.27465820312 1737.96420288086 1712.91635131836 1621.7809753418 1594.44866943359 1575.10900878906 1532.94018554688 1477.69299316406 1468.24890136719 1437.33032226562 1406.10211181641 1352.59429931641 1323.77392578125 1297.51889038086 1290.59317016602 1288.2434387207 1260.36901855469 1248.16632080078 1209.33065795898 1195.11386108398 1197.84411621094 1168.93862915039 1194.79891967773 1232.4469909668 1209.37893676758
1724.49359130859 1737.60699462891 1737.72610473633 1737.67666625977 -9999 1780.14569091797 1801.84613037109 1827.90658569336 1894.80737304688 1998.68719482422 1978.03207397461 1950.48327636719 1869.31527709961 1789.62533569336 1759.0016784668 1784.83706665039 1915.29351806641 1944.60809326172 1947.78329467773 1933.18399047852 1901.31091308594 1849.25473022461 1778.98593139648 1714.25277709961 1714.17663574219 1699.49017333984 1650.92953491211 1574.30599975586 1559.4811706543 1604.65655517578 1598.83563232422 1568.66146850586 1467.49349975586 1445.64181518555 1410.89321899414 1358.513671875 1310.13656616211 1280.99111938477 1257.15661621094 1248.8923034668 1222.50527954102 1231.09985351562 1210.34008789062 1263.60552978516 1283.73776245117 1269.97909545898 1258.5071105957 1248.56811523438 1237.45361328125 1164.16149902344
1704.14990234375 1706.9267578125 1712.24261474609 1726.5598449707 1738.35104370117 1793.65518188477 1916.01739501953 1992.36853027344 1962.98086547852 1899.10885620117 1817.01950073242 1795.28994750977 1885.98342895508 1908.88760375977 1862.24951171875 1807.87307739258 1740.84713745117 1802.41687011719 1802.18600463867 1813.27688598633 1771.14303588867 1707.60000610352 1721.59362792969 1706.18734741211 1704.2858581543 1674.033203125 1619.15213012695 1528.93716430664 1521.79055786133 1582.27734375 1567.99645996094 1548.88095092773 1490.84100341797 1443.51184082031 1392.31530761719 1316.82672119141 1267.59689331055 1230.31964111328 1208.0029296875 1182.63314819336 1170.29360961914 1169.9528503418 1144.6887512207 1144.55902099609 1199.83590698242 1186.31411743164 1195.73666381836 1100.23550415039 1053.74963378906 1051.8537902832
1678.20355224609 1683.70333862305 -9999 1721.36218261719 1754.81350708008 1808.25769042969 1778.43508911133 1779.79614257812 -9999 1854.17672729492 1854.15853881836 1776.16934204102 1797.84024047852 1838.51516723633 1863.99063110352 1779.42578125 1817.97348022461 1853.00579833984 1819.75091552734 1710.07604980469 1686.69842529297 1616.16976928711 1629.76998901367 1626.94696044922 1607.72152709961 1588.11758422852 1535.59133911133 1491.56457519531 1462.26876831055 1486.44931030273 1517.92919921875 1493.31170654297 1433.21606445312 1408.4723815918 1354.57485961914 1274.27423095703 1225.52404785156 1193.52755737305 1167.62454223633 1156.24255371094 1194.69577026367 1179.95751953125 1161.35089111328 1112.41262817383 1085.63055419922 1050.06820678711 1024.8363494873 1008.71914672852 989.423324584961 974.514892578125
1666.12936401367 1668.77743530273 1672.48785400391 1676.12240600586 1679.56497192383 1687.92971801758 1678.91101074219 1676.50994873047 1720.91107177734 1798.11865234375 1750.70455932617 1750.76000976562 1834.91754150391 1856.06021118164 1829.86514282227 1764.11535644531 1803.07983398438 1827.16744995117 1810.12265014648 1728.78286743164 1747.53323364258 1681.82940673828 1564.94625854492 1568.18139648438 1551.31536865234 1574.24017333984 1544.96954345703 1499.26821899414 1453.08935546875 1404.33114624023 1430.46408081055 1411.93313598633 1388.86511230469 1385.98004150391 1328.79290771484 1256.99911499023 1201.23626708984 1169.94604492188 1166.87200927734 1135.63955688477 1103.28170776367 1096.5295715332 1114.4612121582 1095.38342285156 1027.20584106445 996.898040771484 981.849395751953 977.036804199219 968.447036743164 991.337829589844
1652.97454833984 1662.27038574219 1657.73648071289 1667.78921508789 1669.34194946289 1656.25555419922 1681.52014160156 1671.97930908203 1724.85876464844 1743.46914672852 1665.05773925781 1760.41015625 1852.00106811523 1826.45962524414 1803.5149230957 1755.85632324219 1708.18170166016 1778.59201049805 1780.00219726562 1756.0810546875 1698.06823730469 1662.88311767578 1546.03604125977 1503.55612182617 1507.76312255859 1507.61502075195 1497.5090637207 1493.78930664062 1476.41534423828 1405.41442871094 1365.17272949219 1358.98333740234 1358.60791015625 1322.92807006836 1269.74276733398 1247.73638916016 1212.71395874023 1145.73550415039 1099.0846862793 1069.39471435547 1090.48837280273 1077.59254455566 1034.98738098145 1000.52848815918 980.449157714844 964.020172119141 951.733337402344 943.4208984375 949.551147460938 952.151641845703
-9999 -9999 -9999 1656.6364440918 1661.71020507812 1649.22445678711 1644.38558959961 1659.26104736328 1791.99194335938 1851.25137329102 1755.40328979492 1795.41415405273 1868.22045898438 1837.34539794922 1773.84521484375 1740.97650146484 1714.66815185547 1680.10177612305 1722.34634399414 1721.15664672852 1674.4375 1570.86676025391 1498.37127685547 1475.95904541016 1466.11688232422 1493.37484741211 1486.07962036133 1492.90655517578 1460.9548034668 1399.42459106445 1376.45690917969 1345.16537475586 1362.05780029297 1433.44299316406 1339.10961914062 1336.3583984375 1321.91781616211 1254.74957275391 1201.64086914062 1072.56069946289 1014.958984375 996.564483642578 975.424682617188 964.419448852539 954.362442016602 958.72151184082 970.193237304688 970.717346191406 975.717071533203 957.55339050293
-9999 -9999 -9999 1630.30221557617 1632.93273925781 1693.8655090332 1759.97393798828 1701.65121459961 1743.14477539062 1783.32208251953 1796.94442749023 1819.4436340332 1843.3825378418 1806.99618530273 1729.95895385742 1731.56579589844 1715.76672363281 1656.38104248047 1679.68322753906 1703.77322387695 1690.05450439453 1603.26657104492 1477.22937011719 1448.00894165039 1439.05981445312 1471.8837890625 1514.41946411133 1483.00262451172 1424.30215454102 1366.60131835938 1365.68490600586 1331.02792358398 1344.03314208984 1324.14114379883 1240.40213012695 1242.65234375 1268.95874023438 1194.68759155273 1127.53598022461 1070.3120880127 1004.82440185547 977.284423828125 958.418075561523 946.069061279297 952.120254516602 997.990173339844 1067.37409973145 1065.62054443359 1071.86819458008 1014.51452636719
-9999 1680.6032409668 1656.74487304688 1629.5456237793 1712.28286743164 1834.939453125 1844.29611206055 1714.40145874023 1648.97088623047 1641.10610961914 1728.43264770508 1792.87619018555 1737.55947875977 1719.38064575195 1724.15444946289 1735.1279296875 1699.70150756836 1689.13491821289 1684.72250366211 1641.15124511719 1590.13928222656 1519.23980712891 1494.50823974609 1424.57858276367 1413.95068359375 1455.88430786133 1500.02243041992 1433.84014892578 1372.80816650391 1353.82540893555 1309.23080444336 1292.79098510742 1246.63323974609 1212.75643920898 1201.13632202148 1155.15097045898 1105.23162841797 1075.85325622559 1053.09532165527 1015.00140380859 986.68017578125 963.581207275391 943.836975097656 927.181762695312 915.806304931641 906.610321044922 903.805572509766 916.16325378418 920.461807250977 924.064331054688
