data/spatiotemp/temp1/bio12_norsw_test_2003_2006.asc
NCOLS 654 
NROWS 380 
XLLCORNER 3.91666666666667 
YLLCORNER 55.3333333333333 
CELLSIZE 0.0416666666666666 
NODATA_value -9999 
[rows 242 to 263 of 380, columns 50 to 99 of 654]
3141.58892822266 2991.95080566406 2949.0595703125 2915.15777587891 2944.65386962891 2776.30377197266 2504.63836669922 1852.12393188477 2269.70465087891 1830.67086791992 2123.38967895508 2121.70721435547 1899.71054077148 1668.37286376953 1634.35784912109 2097.67358398438 2371.78399658203 2134.27853393555 2184.03485107422 2094.2919921875 1906.72503662109 1433.14099121094 1342.09429931641 1269.87460327148 997.494781494141 1402.24850463867 1470.6155090332 1519.224609375 1609.26358032227 1698.73287963867 1491.93655395508 1391.55529785156 1220.63296508789 1250.27349853516 1345.60552978516 1012.31826782227 817.606735229492 1053.91006469727 1122.80844116211 963.330352783203 1004.4826965332 912.966201782227 1024.78125 833.327484130859 980.735427856445 959.502517700195 885.288909912109 937.752426147461 1063.69863891602 1204.44311523438
3214.45306396484 3148.29241943359 2997.27642822266 2856.04010009766 2804.20739746094 2737.21722412109 2470.86706542969 2438.51446533203 2070.65606689453 1684.58871459961 2391.85852050781 2399.37078857422 2187.98919677734 2001.24227905273 2076.24694824219 2066.72222900391 2187.69024658203 2277.02252197266 2288.07238769531 2027.22076416016 1825.92651367188 1923.623046875 1737.28695678711 1538.29718017578 1170.33740234375 1405.82620239258 1501.83404541016 1614.73287963867 1640.4030456543 1561.04806518555 1511.34335327148 1425.40106201172 1391.69082641602 1575.28500366211 1583.65505981445 1044.68276977539 1301.18478393555 1286.8762512207 1037.31158447266 995.23095703125 1065.61483764648 1154.27633666992 1065.76121520996 926.773208618164 1053.47163391113 1157.69412231445 1153.48956298828 1135.63433837891 987.192733764648 1034.90585327148
3133.52288818359 3012.29479980469 2855.52221679688 2840.62945556641 2882.49285888672 2822.5478515625 2753.0341796875 2574.60809326172 2365.66571044922 2293.30462646484 2197.03009033203 2319.43884277344 2309.63098144531 2289.70330810547 2284.70874023438 2357.30987548828 2184.21466064453 2067.65939331055 2172.23571777344 1984.66128540039 1792.11883544922 1680.51513671875 1514.58166503906 1300.02584838867 1279.03369140625 1200.65173339844 1416.51275634766 1542.21917724609 1506.44662475586 1571.27127075195 1694.09927368164 1618.4723815918 1494.20672607422 1596.16744995117 1571.57000732422 1425.26739501953 1389.84545898438 1545.98873901367 1372.38812255859 1253.28555297852 1040.46273803711 1318.55532836914 1328.94219970703 1295.44689941406 1085.55941772461 1172.95764160156 1212.24209594727 1189.9075012207 1125.80548095703 1089.74118041992
3128.61767578125 3095.76629638672 3021.48071289062 2900.63525390625 2782.55615234375 2760.54168701172 2669.60290527344 2635.58874511719 2600.69720458984 2603.41180419922 2450.99243164062 2375.21545410156 2409.71350097656 2396.32220458984 2294.73992919922 2278.68060302734 2064.36410522461 1947.33721923828 2079.09857177734 2000.17282104492 1628.50357055664 1467.21273803711 1450.22402954102 1841.48803710938 1948.81631469727 1410.11346435547 1334.78631591797 930.894927978516 1111.30407714844 1530.88830566406 1671.87969970703 1623.15609741211 1499.98471069336 1506.68801879883 1508.46710205078 1541.6003112793 1547.26889038086 1444.86880493164 1432.03186035156 1347.39596557617 1232.04244995117 1347.52380371094 1361.97317504883 1390.01910400391 1260.43377685547 1227.22271728516 1278.67245483398 1269.43521118164 1177.55227661133 1086.55975341797
3022.68933105469 3048.35675048828 3048.26428222656 2935.68145751953 2804.25567626953 2734.51684570312 2721.16998291016 2631.87780761719 2672.07818603516 2519.65435791016 2438.72381591797 2206.06719970703 2337.23175048828 2336.98284912109 2247.97131347656 2092.92977905273 1994.88638305664 1840.14105224609 2020.30828857422 1972.19778442383 1363.4140625 1826.2272644043 2019.57699584961 1884.51940917969 1661.58218383789 1524.26672363281 1476.49655151367 940.082153320312 1097.82443237305 1073.38565063477 1369.35754394531 1254.44509887695 1264.99670410156 1421.42636108398 1553.90118408203 1550.10305786133 1480.18649291992 1412.3723449707 1411.51861572266 1438.18011474609 1358.43045043945 1358.25637817383 1384.89672851562 1387.08355712891 1339.36764526367 1260.17114257812 1307.67596435547 1327.41534423828 1338.79458618164 1236.5456237793
3124.84771728516 3107.35998535156 3035.91967773438 2874.51318359375 2739.34783935547 2684.55303955078 2710.75958251953 2511.45623779297 2570.83917236328 2490.4013671875 2181.19723510742 1969.69741821289 2134.25775146484 2140.22039794922 2161.41613769531 1990.21960449219 1837.86868286133 1721.64556884766 1727.50192260742 1708.54769897461 1958.44058227539 1916.63296508789 1869.74606323242 1843.42474365234 1758.26635742188 1553.81741333008 1021.80732727051 1320.87258911133 1605.43688964844 1434.07788085938 1120.71438598633 1119.75302124023 1115.51208496094 1223.59799194336 1383.78637695312 1406.96514892578 1355.0114440918 1426.30841064453 1449.56652832031 1418.78552246094 1424.51620483398 1357.48254394531 1350.19021606445 1367.44931030273 1313.60653686523 1123.22686767578 1166.77612304688 1124.10577392578 1186.7610168457 1143.65835571289
3134.85705566406 3046.01354980469 2965.14245605469 2733.25653076172 2630.80364990234 2611.67395019531 2568.08160400391 2545.55749511719 2603.86437988281 2335.416015625 1889.64581298828 1879.76672363281 2048.60443115234 1909.8708190918 1896.98468017578 1745.29080200195 1633.24337768555 1866.08142089844 1979.61306762695 2058.79348754883 1955.58636474609 1873.78677368164 1779.08157348633 1773.97946166992 1725.48104858398 1546.53182983398 1147.00897216797 1432.3430480957 1661.94760131836 1519.61254882812 1539.9990234375 1600.58996582031 1363.16580200195 1530.82482910156 1333.72613525391 1325.59066772461 1302.43881225586 1272.751953125 1376.65957641602 1358.01470947266 1355.71032714844 1290.25921630859 1293.1032409668 1313.52224731445 1240.23608398438 1096.8352355957 1024.11454772949 971.566619873047 1019.21943664551 1107.0016784668
3078.80310058594 3012.15759277344 2908.3935546875 2811.17700195312 2859.10150146484 2854.16949462891 2799.12023925781 2724.15728759766 2643.60174560547 2207.95239257812 1884.38208007812 1651.75802612305 1933.96908569336 1806.86944580078 2019.61758422852 2062.77325439453 1838.18798828125 1796.34265136719 1923.443359375 1910.53457641602 1820.78817749023 1777.32192993164 1713.74533081055 1832.44085693359 1824.51092529297 1721.72940063477 1368.96530151367 1661.62628173828 1710.90325927734 1509.84451293945 1754.79293823242 1699.7200012207 1476.01507568359 1527.60382080078 1561.09432983398 1485.9342956543 1443.38873291016 1216.96838378906 1332.25201416016 1389.30432128906 1347.75726318359 1341.52868652344 1336.66262817383 1297.72076416016 1250.88989257812 1172.19961547852 1054.45243835449 922.915603637695 911.289688110352 949.189331054688
3174.67578125 3086.62683105469 2758.52215576172 2639.41632080078 2727.10168457031 2765.63598632812 2717.2353515625 2647.41186523438 2647.62377929688 2448.1943359375 2019.32443237305 1651.21450805664 2097.48571777344 2010.31805419922 2003.38589477539 2043.97149658203 2060.39788818359 2117.66030883789 2004.30941772461 1816.56350708008 1774.85827636719 1731.17727661133 1805.41088867188 1712.80624389648 1661.90689086914 1688.21343994141 1530.82669067383 1523.94976806641 1397.58554077148 1564.15054321289 1699.29977416992 1707.46517944336 1498.43789672852 1519.96063232422 1581.974609375 1536.88549804688 1425.41680908203 1227.65454101562 1313.78411865234 1347.91162109375 1293.78707885742 1200.11065673828 1152.51797485352 1209.72500610352 1137.36547851562 1089.5927734375 1026.19184875488 958.546890258789 906.245468139648 893.39924621582
3199.61798095703 3033.32269287109 2647.435546875 2929.474609375 2825.75323486328 2756.69738769531 2756.43591308594 2709.37017822266 2556.55279541016 2560.57385253906 1920.66030883789 1523.62561035156 1896.58236694336 1809.36798095703 1871.14013671875 1815.05221557617 1754.71395874023 1768.98083496094 1825.92715454102 1689.77038574219 1611.41973876953 1670.22640991211 1624.62747192383 1664.44729614258 1853.88064575195 1793.75735473633 1800.32873535156 1685.89556884766 1483.5749206543 1478.43374633789 1583.82638549805 1610.8154296875 1647.32095336914 1578.01922607422 1579.01644897461 1548.30187988281 1410.0205078125 1346.02331542969 1256.26119995117 1178.62493896484 1156.6247253418 1092.32373046875 1004.80316162109 961.090377807617 898.979110717773 930.283401489258 935.50813293457 894.930725097656 875.532073974609 912.971786499023
2878.16906738281 2663.04351806641 2509.15386962891 2443.67980957031 2247.48553466797 2210.86993408203 2285.28875732422 2036.26205444336 2209.45941162109 1975.5617980957 1575.89065551758 1610.52404785156 1596.69287109375 1964.89706420898 2085.35681152344 2102.80813598633 2006.8193359375 2043.56591796875 1948.45767211914 1935.63980102539 1865.61972045898 1797.8779296875 1904.22711181641 1665.09439086914 1794.75839233398 1648.52529907227 1710.68154907227 1636.90676879883 1525.73745727539 1483.5905456543 1509.5837097168 1478.0158996582 1468.76586914062 1435.38922119141 1515.82119750977 1535.81814575195 1544.74526977539 1497.07241821289 1460.11990356445 1376.28396606445 1321.44827270508 1246.33599853516 1197.55102539062 1114.15786743164 1009.99136352539 932.889511108398 956.709686279297 923.628723144531 808.862106323242 806.809494018555
3227.39093017578 3127.07543945312 3011.64959716797 2731.87841796875 2521.78869628906 2503.18096923828 2291.43597412109 2077.35369873047 1873.73461914062 1886.80490112305 1847.54693603516 1918.68884277344 1782.60308837891 1761.18109130859 1865.03216552734 1786.4919128418 1783.54751586914 1871.20510864258 1885.24133300781 1746.04879760742 1600.85180664062 1515.54046630859 1457.51580810547 1468.3786315918 1387.42965698242 1398.30963134766 1557.57318115234 1485.65866088867 1456.26651000977 1467.73629760742 1471.41125488281 1479.62939453125 1493.77938842773 1451.77291870117 1359.9951171875 1342.40127563477 1326.46136474609 1351.64971923828 1379.91772460938 1406.73587036133 1432.00686645508 1410.99072265625 1431.96942138672 1330.23916625977 1436.04940795898 1346.95462036133 1122.97250366211 1017.03558349609 929.152587890625 854.752685546875
3271.74517822266 3178.00982666016 3071.46112060547 2889.66839599609 2758.76208496094 2768.28924560547 2783.28558349609 2764.52435302734 2678.048828125 2521.06903076172 2138.01885986328 2090.81750488281 2255.02502441406 2016.41079711914 1874.22525024414 1917.61126708984 1457.06045532227 1498.35876464844 1586.89624023438 1670.62899780273 1397.92587280273 1169.18392944336 1088.43031311035 1174.30883789062 1416.48114013672 1556.47286987305 1539.46200561523 1533.55801391602 1480.49395751953 1460.76440429688 1545.93969726562 1593.91271972656 1693.94448852539 1751.99612426758 1636.94839477539 1475.2666015625 1301.72537231445 1236.23666381836 1271.03915405273 1240.16543579102 1177.36181640625 1097.28646850586 1099.66000366211 1095.4616394043 1131.79254150391 1207.46118164062 1271.16073608398 1367.28402709961 1313.87704467773 1020.68647766113
3265.13580322266 3155.5400390625 3026.12945556641 2977.78936767578 2869.94787597656 2875.13403320312 2801.23571777344 2761.57366943359 2733.85162353516 2625.94311523438 2354.07769775391 2080.00988769531 2169.44888305664 2042.23626708984 1877.22619628906 1840.32598876953 1491.47723388672 1549.68441772461 1657.57809448242 1727.24423217773 1635.11627197266 1289.48678588867 1181.35171508789 1337.42388916016 1524.75872802734 1773.31332397461 1588.74124145508 1416.30380249023 1355.33020019531 1259.87542724609 1270.39456176758 1441.84552001953 1661.1496887207 1769.62103271484 1761.68621826172 1601.74212646484 1389.61114501953 1309.59533691406 1265.74871826172 1315.70050048828 1190.68032836914 1100.38021850586 989.448928833008 958.527297973633 960.877960205078 966.801696777344 951.305465698242 944.632293701172 951.229309082031 937.365081787109
3292.96514892578 3187.4833984375 3114.80773925781 3007.91802978516 2608.03161621094 2755.29638671875 2798.20153808594 2745.18286132812 2630.72644042969 2547.49633789062 2443.04064941406 2343.59301757812 2190.31286621094 2016.09088134766 1695.03002929688 1567.62042236328 1856.6416015625 1785.91000366211 1610.42593383789 1444.37973022461 1283.83642578125 1284.42510986328 1281.32144165039 1258.21038818359 1217.60147094727 1076.03872680664 1180.85238647461 1374.81695556641 1404.5927734375 1330.14752197266 1288.98837280273 1228.41030883789 1264.01458740234 1415.61557006836 1330.76321411133 1169.87045288086 1221.83944702148 1193.46643066406 1190.14367675781 1161.27236938477 1104.66485595703 1055.29884338379 1014.62222290039 1001.8996887207 983.523361206055 951.301376342773 921.952728271484 885.83740234375 885.464202880859 894.764266967773
3305.02746582031 3230.65594482422 3120.24127197266 2941.15435791016 2868.64929199219 2159.61715698242 2739.25494384766 2702.09313964844 2525.1435546875 2232.95184326172 2129.328125 2009.82843017578 1603.4599609375 1788.45471191406 1694.93557739258 1701.490234375 1756.84701538086 1361.58001708984 1636.78149414062 1720.421875 1738.16265869141 1782.74703979492 1685.24359130859 1541.87982177734 1570.98928833008 1371.72583007812 1034.20227050781 1258.4700012207 1277.20147705078 1202.50405883789 1134.6188659668 1231.61370849609 1206.62731933594 1147.38861083984 1114.85073852539 1112.2717590332 1148.38705444336 1171.48867797852 1152.3337097168 1156.14633178711 1119.44515991211 1046.57014465332 1024.44737243652 1013.03506469727 1023.40994262695 1003.92651367188 994.625244140625 973.786285400391 957.032379150391 943.008010864258
3328.66137695312 3230.45465087891 3047.01434326172 2675.22509765625 2273.56591796875 2159.64202880859 2148.45941162109 2375.41656494141 1897.31198120117 -9999 -9999 1823.85360717773 2058.85430908203 2195.55493164062 2032.30752563477 1567.39010620117 1456.3098449707 1749.28567504883 1982.02432250977 1983.81103515625 1952.21984863281 1975.3603515625 1787.69476318359 1660.7903137207 1728.28713989258 1572.30181884766 1317.33285522461 1185.33685302734 1363.85394287109 1258.2414855957 1137.12631225586 1143.50631713867 1105.24850463867 1130.03610229492 1184.21224975586 1223.49960327148 1226.54470825195 1170.64544677734 1159.56680297852 1106.18237304688 1054.02140808105 1039.05270385742 1035.41188049316 987.796661376953 1002.62028503418 1011.3479309082 1001.50703430176 975.389572143555 957.032867431641 934.126358032227
3215.0712890625 2817.36291503906 2766.88659667969 2489.19311523438 2091.25610351562 1894.16702270508 1817.57574462891 -9999 1959.248046875 2123.13858032227 2249.02655029297 2328.78521728516 2369.28686523438 2303.89324951172 1863.54583740234 1538.2903137207 1892.6149597168 1719.52206420898 1781.63360595703 1923.33392333984 1920.86819458008 1964.10968017578 1969.20874023438 1842.19955444336 1645.21173095703 1529.95751953125 1447.88845825195 1293.42855834961 1379.44299316406 1474.14413452148 1490.19738769531 1430.02603149414 1328.0500793457 1245.12979125977 1178.46673583984 1183.39141845703 1186.76406860352 1195.60879516602 1189.88568115234 1148.58700561523 1074.7922668457 1062.13447570801 1013.11981201172 984.896179199219 974.395889282227 964.330215454102 948.929565429688 960.841735839844 967.544479370117 901.684753417969
3086.67846679688 3165.23095703125 3095.21154785156 2387.14184570312 2130.36013793945 2116.22253417969 2318.73504638672 2322.02337646484 2410.47320556641 2475.17578125 2485.06604003906 2434.67687988281 2448.75775146484 2332.30151367188 1723.77865600586 1819.13571166992 1980.8161315918 2036.72589111328 2069.51068115234 1893.2053527832 1820.03408813477 1886.55099487305 1847.76516723633 1775.63687133789 1648.99957275391 1531.82418823242 1472.97039794922 1364.62945556641 1444.33889770508 1467.16119384766 1533.17367553711 1465.75631713867 1428.04721069336 1391.287109375 1347.92306518555 1286.0500793457 1165.21020507812 1174.26370239258 1168.32217407227 1187.10287475586 1148.63516235352 1051.72787475586 1024.00938415527 1017.30465698242 1006.23388671875 956.968521118164 948.030227661133 933.235305786133 931.240905761719 933.629150390625
2455.14196777344 2812.01037597656 2572.80010986328 2214.15216064453 2023.33187866211 2602.79962158203 2552.62786865234 2576.34625244141 2590.91345214844 2557.90625 2606.74676513672 2606.91430664062 2511.71740722656 1973.74963378906 1618.87344360352 2077.72497558594 2214.51257324219 2099.32757568359 2064.0471496582 2040.98550415039 1900.51422119141 1830.91470336914 1797.53549194336 1784.47601318359 1720.68579101562 1585.00354003906 1479.36416625977 1393.80755615234 1470.33938598633 1642.60055541992 1577.89627075195 1476.58599853516 1368.52432250977 1328.00891113281 1285.33828735352 1260.46737670898 1216.67370605469 1168.91683959961 1137.05880737305 1113.31930541992 1108.28958129883 1105.44595336914 1085.00604248047 1062.60406494141 1045.79307556152 994.418609619141 974.915130615234 953.909042358398 931.424652099609 934.758163452148
2092.07308959961 -9999 2143.84143066406 2275.72637939453 2670.94396972656 2847.60552978516 2808.53552246094 2761.54821777344 2720.45361328125 2672.20788574219 2656.0986328125 2660.85473632812 2416.59674072266 1883.11810302734 1919.99081420898 2195.47674560547 2230.82177734375 2168.06353759766 2203.38775634766 2179.67602539062 2021.43667602539 1966.78146362305 1816.64373779297 1819.90054321289 1786.10235595703 1651.54013061523 1535.18414306641 1472.82998657227 1443.09713745117 1527.07717895508 1491.57260131836 1409.5451965332 1359.59320068359 1322.13195800781 1317.83395385742 1288.06753540039 1219.96932983398 1170.6787109375 1147.02633666992 1115.5461730957 1085.97384643555 1067.9866027832 1080.05792236328 1101.60525512695 1058.41967773438 1016.99674987793 999.294998168945 1009.91401672363 1008.13331604004 1005.49305725098
-9999 -9999 2677.0791015625 2998.59020996094 3016.49298095703 2962.73236083984 2843.66650390625 2796.36694335938 2718.42962646484 2699.08319091797 2755.69842529297 2633.53485107422 2305.46026611328 1790.07330322266 2129.71682739258 2263.02276611328 2210.09301757812 2196.16845703125 2188.51892089844 2136.63906860352 2040.49905395508 2013.1569519043 1863.80191040039 1823.17584228516 1836.88650512695 1800.0094909668 1711.91668701172 1650.26403808594 1500.81317138672 1466.92721557617 1479.02847290039 1474.07379150391 1404.19763183594 1316.9514465332 1275.39614868164 1268.21139526367 1237.20260620117 1195.80584716797 1150.3249206543 1126.22146606445 1092.1735534668 1080.10656738281 1063.91087341309 1055.75701904297 1042.80288696289 1032.06767272949 1035.41040039062 1047.42073059082 1035.16714477539 991.811431884766
