data/spatiotemp/temp1/bio19_norsw_test_2003_2006.asc
NCOLS 654 
NROWS 380 
XLLCORNER 3.91666666666667 
YLLCORNER 55.3333333333333 
CELLSIZE 0.0416666666666666 
NODATA_value -9999 
[rows 110 to 131 of 380, columns 550 to 599 of 654]
104.725785255432 103.536906242371 103.560195922852 103.583491325378 102.525098800659 101.715043067932 99.5648345947266 99.5871295928955 99.6094236373901 99.6317119598389 99.6732940673828 99.981987953186 92.178352355957 92.0144634246826 90.7880687713623 91.0671091079712 91.5227890014648 93.4166860580444 93.4714021682739 92.3134841918945 101.381314277649 101.574292182922 102.472505569458 102.521907806396 101.729650497437 103.967402458191 104.995040893555 105.047449111938 104.12066078186 104.171748161316 104.222832679749 108.42561340332 109.694000244141 111.574239730835 111.619516372681 111.915536880493 111.951190948486 111.856258392334 113.722049713135 113.758333206177 112.937379837036 112.973524093628 112.878372192383 112.914373397827 110.744318008423 110.77988243103 100.027265548706 100.07859992981 99.89381980896 99.7087249755859
105.778688430786 105.800534248352 105.822383880615 104.885077476501 103.689260482788 101.79669380188 101.817758560181 99.66552734375 99.6861028671265 99.9532070159912 100.9515209198 101.007296562195 101.187868118286 92.7236976623535 100.916123390198 102.187867164612 103.202352523804 105.187611579895 97.0482606887817 97.0975885391235 97.1469173431396 94.2821273803711 102.316494941711 105.535244941711 102.697883605957 103.975432395935 105.007868766785 108.104692459106 108.298246383667 108.361902236938 108.425563812256 111.660186767578 111.725423812866 111.790664672852 111.970426559448 112.99122428894 112.898126602173 115.127710342407 115.164714813232 113.981260299683 114.018081665039 113.068433761597 112.974637985229 110.943466186523 101.088569641113 99.4020347595215 98.8061218261719 99.9393043518066 99.9904594421387 97.0965175628662
105.999647140503 105.057433128357 104.953918457031 104.973783493042 104.99365234375 103.79141330719 101.897622108459 101.916897773743 100.71350479126 99.7816476821899 99.8139820098877 99.984245300293 100.983225822449 100.904658317566 101.9049949646 103.174028396606 105.146890640259 97.2756252288818 95.2517919540405 97.1333599090576 98.8680648803711 107.569091796875 107.630571365356 107.704481124878 104.747447967529 104.81937122345 108.055612564087 110.450233459473 110.526008605957 111.575456619263 110.427791595459 110.631448745728 111.929941177368 112.986276626587 113.887195587158 116.131244659424 116.168972015381 115.352136611938 116.235342025757 116.273330688477 115.086084365845 104.635122299194 106.149576187134 105.548185348511 105.34886932373 102.672063827515 101.84651184082 100.671295166016 99.0040473937988 97.1901760101318
106.097503662109 105.992147445679 106.831707000732 105.062489509583 103.854212760925 103.872082710266 103.889947891235 101.994968414307 102.012454986572 100.802802085876 100.830862045288 100.869665145874 100.908467292786 101.895401954651 103.161169052124 105.122135162354 106.388834953308 97.3259601593018 98.2081699371338 98.8580207824707 98.0454006195068 98.3143482208252 107.73556137085 100.258359909058 107.902938842773 107.986623764038 108.199113845825 109.247747421265 109.333477020264 110.646415710449 111.706712722778 111.919887542725 112.981706619263 113.914796829224 115.205797195435 116.22406578064 116.262222290039 116.300380706787 116.338537216187 117.224252700806 117.390897750854 106.212429046631 105.613231658936 105.646780014038 105.680320739746 104.48295211792 102.811176300049 102.229892730713 100.817823410034 100.234848022461
107.011890411377 107.028450012207 106.075613975525 106.091933250427 97.3454170227051 96.5110034942627 103.968808174133 103.984868049622 102.08874130249 100.873014450073 100.896376609802 101.052548408508 101.901277542114 105.080715179443 105.113340377808 105.272672653198 107.480400085449 98.2257862091064 100.318906784058 100.347089767456 100.375280380249 98.5634479522705 108.69063949585 109.734233856201 109.958600997925 110.053953170776 111.380046844482 112.436618804932 112.534847259521 112.633083343506 112.731307983398 112.829536437988 114.160268783569 116.082504272461 116.152111053467 116.316886901855 116.355474472046 116.394065856934 117.281345367432 117.447257995605 117.486371994019 106.308481216431 106.342641830444 106.376802444458 106.181587219238 104.348176956177 102.678112030029 102.098098754883 100.912933349609 100.331466674805
107.105207443237 107.244104385376 107.134634017944 107.025026321411 106.190631866455 104.033415794373 103.111181259155 100.915645599365 102.289669036865 104.215126991272 95.2281904220581 95.4678182601929 103.307481765747 104.308656692505 106.506546020508 106.531383514404 107.495088577271 108.499862670898 100.363632202148 100.383871078491 101.235977172852 100.424343109131 99.235668182373 99.5319232940674 99.8279800415039 99.8977184295654 111.522983551025 112.585119247437 112.566551208496 113.652276992798 113.886501312256 116.080480575562 117.033699035645 116.17031288147 118.195371627808 119.472875595093 119.512819290161 119.552768707275 119.59271812439 118.393877029419 106.999273300171 106.404535293579 106.211805343628 105.388723373413 105.650568008423 104.444519042969 103.00475692749 102.197874069214 101.23694229126 101.288572311401
107.198524475098 107.086931228638 106.167877197266 106.260462760925 107.125280380249 105.353691101074 103.273792266846 102.354103088379 104.151412963867 105.220845222473 105.235589027405 105.252551078796 105.269514083862 105.286480903625 105.30343914032 105.320404052734 107.636821746826 99.3805637359619 100.632122039795 100.644855499268 101.259689331055 101.272411346436 100.489646911621 101.396490097046 100.867774963379 112.113498687744 111.410751342773 112.479118347168 113.577236175537 115.894954681396 116.994165420532 117.240278244019 118.329563140869 119.570920944214 119.653495788574 121.518878936768 120.70894241333 121.60129737854 120.667417526245 109.153381347656 109.189239501953 109.225095748901 108.40799331665 106.344730377197 106.379589080811 104.540853500366 103.955791473389 104.008659362793 103.659482955933 102.237754821777
109.587633132935 107.302852630615 107.313865661621 107.324871063232 97.7148838043213 96.8663330078125 106.501893997192 105.585399627686 104.226651191711 104.362713813782 104.372470855713 104.38125705719 105.31751537323 107.624094009399 99.1921577453613 100.440084457397 100.66678237915 100.671449661255 101.274192810059 101.278797149658 102.141139984131 102.14582824707 102.190418243408 100.816549301147 100.899263381958 111.300067901611 113.226469039917 113.481498718262 114.561943054199 116.918350219727 118.008855819702 119.389604568481 119.525114059448 121.482446670532 121.572547912598 121.614171981812 121.655797958374 110.02886390686 109.842390060425 109.878915786743 112.013620376587 109.951946258545 109.988471984863 108.543634414673 107.105484008789 106.513931274414 104.681213378906 103.881042480469 102.908641815186 103.187341690063
99.8543262481689 99.8591537475586 108.319623947144 107.40305519104 106.553813934326 106.56202507019 108.478424072266 96.9657592773438 96.9703788757324 106.594869613647 106.601327896118 105.35914516449 105.364006996155 106.741882324219 98.6554508209229 100.720161437988 101.579809188843 101.802757263184 102.39940071106 102.400169372559 102.177761077881 102.178256988525 101.624212265015 101.446792602539 102.389925003052 102.474487304688 102.781852722168 104.721282958984 105.886852264404 107.833406448364 108.777507781982 109.704822540283 112.120063781738 124.680919647217 124.772699356079 123.837547302246 123.879018783569 112.562501907349 114.695541381836 113.48184967041 113.518695831299 113.779026031494 110.236833572388 108.568578720093 107.351602554321 106.53741645813 104.70389175415 104.757057189941 104.810218811035 104.237312316895
102.687225341797 101.013782501221 99.9377040863037 99.7197856903076 99.9408378601074 98.6940631866455 108.411214828491 97.0213680267334 97.022834777832 97.6205463409424 99.7291107177734 98.4808139801025 98.7018890380859 107.712448120117 107.717376708984 99.29856300354 101.62813949585 102.223934173584 101.628995895386 101.852226257324 102.447961807251 102.225212097168 102.487901687622 102.342771530151 102.64416885376 102.722303390503 105.733646392822 105.813583374023 107.75066947937 110.549133300781 111.245798110962 112.187877655029 112.890308380127 125.565288543701 127.866811752319 115.166784286499 116.279680252075 116.935394287109 116.127756118774 113.211225509644 111.768646240234 109.929386138916 110.187059402466 109.428344726562 109.065776824951 109.099836349487 109.144918441772 108.353277206421 106.069568634033 104.812170028687
104.617092132568 102.549169540405 101.687665939331 101.685947418213 101.087526321411 100.006336212158 100.381118774414 100.379098892212 98.5312957763672 98.5294532775879 98.7489719390869 98.7491798400879 100.815292358398 100.815519332886 100.594284057617 100.594259262085 101.676477432251 102.271591186523 103.520572662354 102.494592666626 103.520627975464 105.198707580566 105.235622406006 105.309257507324 104.523391723633 105.45652961731 107.605487823486 107.681169509888 109.221292495728 111.157260894775 112.316362380981 113.007219314575 127.567413330078 115.892072677612 117.818407058716 118.074422836304 116.855707168579 116.048887252808 115.224849700928 113.38722038269 112.80223274231 113.916568756104 111.219837188721 112.335105895996 111.974987030029 110.527976989746 108.86964225769 108.232915878296 105.327419281006 105.381217956543
104.700885772705 104.695707321167 101.762212753296 101.757146835327 101.752082824707 101.747020721436 101.522104263306 100.656061172485 101.731830596924 101.131422042847 100.643093109131 100.642917633057 100.863689422607 101.724548339844 101.458522796631 102.319313049316 102.319276809692 103.791818618774 103.569547653198 102.319179534912 105.247110366821 105.24712562561 107.986335754395 108.874555587769 108.94495010376 110.26621055603 110.336851119995 110.407497406006 111.082714080811 112.236461639404 115.249467849731 115.932481765747 117.648721694946 118.561311721802 119.869462966919 118.033958435059 118.288568496704 117.482641220093 116.036064147949 116.290893554688 115.932018280029 114.094194412231 113.900228500366 112.456874847412 111.006368637085 109.335891723633 107.896406173706 108.177757263184 106.528957366943 105.327095031738
104.784679412842 104.556955337524 104.548168182373 101.828346252441 101.819931030273 101.811517715454 101.583263397217 101.794696807861 102.006425857544 103.079839706421 101.773620605469 101.552827835083 101.773464202881 103.619960784912 103.619674682617 103.619384765625 102.367111206055 104.434715270996 105.29603767395 105.295877456665 105.295705795288 105.295543670654 107.171476364136 108.318204879761 110.229362487793 110.293210983276 110.956865310669 111.882286071777 113.803020477295 115.779558181763 118.18323135376 119.081159591675 121.871627807617 121.08380317688 121.605197906494 121.635702133179 120.41145324707 119.358589172363 117.469593048096 116.243152618408 115.885568618774 114.658689498901 114.076293945312 113.493799209595 110.953506469727 109.893955230713 109.097497940063 107.034172058105 106.475437164307 106.529354095459
104.649585723877 104.637338638306 103.761363983154 103.749359130859 103.73734664917 103.725341796875 103.713329315186 102.072484970093 103.363464355469 104.165201187134 103.450576782227 102.416862487793 102.416477203369 103.669729232788 103.89063835144 104.484004974365 104.261846542358 105.123344421387 105.122779846191 105.344652175903 105.344305038452 108.274890899658 108.895868301392 110.800699234009 111.943704605103 112.001831054688 113.313936233521 114.832838058472 116.747417449951 117.633554458618 120.637378692627 120.700742721558 123.485040664673 123.549629211426 122.988124847412 120.900268554688 120.927688598633 119.091154098511 119.118349075317 116.195411682129 116.22188949585 114.553735733032 113.096942901611 113.348304748535 112.539999008179 112.565475463867 109.878072738647 110.797060012817 109.608005523682 108.178550720215
106.585107803345 106.56912612915 105.297342300415 104.416748046875 103.806226730347 103.571178436279 103.775457382202 103.98006439209 103.964847564697 102.474063873291 102.466131210327 103.499992370605 103.499183654785 103.719493865967 103.718891143799 105.395547866821 105.395015716553 105.39448928833 105.393962860107 107.240713119507 107.239992141724 107.462024688721 110.196451187134 111.702955245972 111.754100799561 113.656324386597 116.646209716797 116.69970703125 119.69299697876 120.571092605591 124.430297851562 126.345426559448 126.403381347656 125.376703262329 123.557004928589 123.582460403442 121.52162361145 120.684995651245 120.105081558228 118.64698600769 117.808971405029 117.833093643188 115.994318008423 116.018260955811 115.437580108643 113.339179992676 112.548084259033 110.968385696411 110.189678192139 108.12359046936
106.670080184937 106.650606155396 106.631134033203 106.611661911011 105.726716995239 103.856342315674 103.837585449219 103.818826675415 103.800067901611 103.781312942505 104.364929199219 103.770792007446 103.770025253296 105.446474075317 106.702182769775 105.223573684692 105.444343566895 106.699964523315 107.291370391846 107.290477752686 109.631578445435 110.222551345825 113.178218841553 113.222686767578 114.083906173706 116.843570709229 117.485303878784 119.652187347412 120.52000617981 123.509548187256 125.01993560791 126.103542327881 126.377450942993 126.427495956421 124.604583740234 124.62811088562 123.564207077026 121.502052307129 120.66160774231 119.856910705566 117.155040740967 117.176887512207 115.939392089844 115.359699249268 114.12174987793 112.450151443481 112.716888427734 110.684307098389 110.740825653076 108.068628311157
106.755048751831 106.732086181641 107.303588867188 107.280431747437 106.663204193115 105.38179397583 105.578758239746 104.742631912231 103.855451583862 104.697341918945 105.499019622803 104.905366897583 106.755100250244 106.975267410278 106.753288269043 106.75238609314 107.343435287476 107.564167022705 107.563280105591 110.275520324707 112.34588432312 113.208749771118 115.076202392578 115.114503860474 115.96848487854 116.871307373047 118.76259803772 119.889513015747 121.783195495605 123.283271789551 124.583293914795 125.22186088562 125.263885498047 126.393663406372 125.561944961548 124.984210968018 123.745693206787 123.541116714478 121.70343208313 120.261045455933 120.055212020874 118.588584899902 115.884469985962 115.305778503418 114.727237701416 112.392488479614 110.799295425415 110.856472015381 107.957809448242 108.013666152954
108.304550170898 108.496156692505 108.469095230103 108.442035675049 106.734220504761 106.707767486572 106.901121139526 106.654872894287 106.628423690796 106.822338104248 106.588132858276 106.586893081665 106.585653305054 106.58441734314 106.58317565918 106.803329467773 107.393711090088 109.516201019287 110.327981948853 110.326761245728 110.325532913208 115.110992431641 118.063037872314 118.686092376709 118.718412399292 118.973928451538 120.463432312012 121.532596588135 122.382635116577 124.764616012573 125.168449401855 124.978052139282 126.10097694397 126.584661483765 126.611352920532 126.404991149902 125.333078384399 123.49499130249 122.917844772339 120.214031219482 120.005483627319 120.023263931274 117.957502365112 115.251861572266 115.269104003906 113.657669067383 112.004867553711 110.800518035889 109.162855148315 107.958707809448
109.871351242065 109.621744155884 109.809747695923 108.517272949219 108.486637115479 106.994890213013 106.745363235474 106.715423583984 106.465305328369 106.655550003052 106.639886856079 106.638492584229 106.857973098755 106.635713577271 106.855508804321 107.445400238037 110.382202148438 110.380798339844 112.230762481689 113.316226959229 113.092708587646 116.619466781616 118.70419883728 119.594177246094 120.2096118927 120.234725952148 122.112030029297 125.079013824463 125.105031967163 125.131053924561 126.022584915161 126.048654556274 127.928741455078 127.362409591675 126.121826171875 126.137800216675 124.469076156616 125.803609848022 124.192049026489 124.208684921265 121.276849746704 119.971189498901 118.132335662842 115.425661087036 115.44091796875 114.636665344238 112.541843414307 110.744560241699 109.108512878418 107.30673789978
110.613391876221 110.796758651733 108.407762527466 108.373348236084 108.338935852051 108.304523468018 107.181978225708 107.148145675659 106.522361755371 106.70912361145 106.691637039185 106.910802841187 107.500598907471 107.499017715454 107.49743270874 109.844917297363 112.111482620239 113.962352752686 116.90029335022 116.898536682129 116.674753189087 116.672843933105 116.680374145508 117.959802627563 119.655197143555 123.203536987305 124.484058380127 125.315481185913 128.052429199219 128.070915222168 129.545660018921 130.82706451416 130.845731735229 130.86439704895 128.750688552856 127.948543548584 126.109422683716 125.760251998901 125.411911010742 124.162826538086 121.001733779907 119.330520629883 118.080076217651 115.144020080566 114.340330123901 114.353006362915 112.254413604736 110.688606262207 109.054170608521 107.848783493042
111.199861526489 111.161987304688 110.07954788208 108.359518051147 108.322895050049 108.286277770996 108.029878616333 107.993034362793 107.309202194214 107.273406982422 107.254230499268 107.472461700439 107.470058441162 108.333629608154 109.814428329468 110.401880264282 111.210487365723 113.925333023071 116.639842987061 116.637044906616 116.634244918823 116.631448745728 116.636247634888 119.588121414185 120.41231918335 123.365568161011 123.378965377808 126.109298706055 126.122764587402 127.986413955688 127.999822616577 128.880388259888 130.156215667725 130.983327865601 130.771608352661 128.068758010864 127.269540786743 126.021375656128 124.580381393433 122.517671585083 119.813117980957 119.240526199341 117.991273880005 116.321300506592 115.071378707886 114.498950958252 112.174377441406 111.648078918457 109.856863021851 107.55534362793
111.315336227417 111.27684211731 111.238342285156 109.937938690186 108.219125747681 108.181671142578 108.36400604248 108.10676574707 107.201984405518 107.165336608887 107.365751266479 107.361881256104 108.224102020264 108.8088722229 113.001327514648 116.743267059326 116.739046096802 113.798727035522 112.984704971313 113.568092346191 114.652275085449 116.717908859253 118.174390792847 120.255414962769 122.392833709717 122.627853393555 124.092666625977 127.797492980957 127.808906555176 128.687175750732 128.698692321777 128.710216522217 128.72173500061 128.733247756958 128.748672485352 127.314245223999 127.333417892456 125.279138565063 122.355978012085 122.374374389648 122.392774581909 119.695095062256 119.127502441406 117.656084060669 116.21869468689 114.160650253296 111.48681640625 110.296014785767 109.777557373047 107.718227386475
