data/spatiotemp/temp1/bio18_norsw_test_2003_2006.asc
NCOLS 654 
NROWS 380 
XLLCORNER 3.91666666666667 
YLLCORNER 55.3333333333333 
CELLSIZE 0.0416666666666666 
NODATA_value -9999 
[rows 220 to 241 of 380, columns 200 to 249 of 654]
221.596965789795 226.952465057373 233.966800689697 230.444801330566 228.110847473145 220.443176269531 221.797859191895 225.146629333496 229.356586456299 220.080753326416 218.541934967041 228.052139282227 237.988994598389 262.995742797852 259.43444442749 244.102939605713 240.178062438965 229.25297164917 232.2392578125 232.295127868652 234.496349334717 248.160533905029 257.323524475098 258.255893707275 260.366764068604 256.348876953125 251.462162017822 252.746746063232 244.549789428711 239.733688354492 237.707431793213 235.761783599854 230.07084274292 230.999187469482 234.720695495605 224.922748565674 225.462005615234 227.718898773193 229.537006378174 229.699150085449 228.631076812744 224.669651031494 224.377159118652 222.421371459961 220.461044311523 214.45471572876 212.842426300049 221.371398925781 229.823425292969 232.900363922119
223.742679595947 222.199577331543 221.564250946045 220.022613525391 219.67264175415 221.0368309021 220.355197906494 218.8173828125 218.074272155762 214.995494842529 222.489852905273 228.731052398682 234.576782226562 248.219985961914 256.502090454102 241.925838470459 247.79846572876 237.717956542969 227.967391967773 230.968704223633 238.849910736084 258.734149932861 262.977119445801 258.168563842773 258.27458190918 255.456977844238 257.526657104492 255.496482849121 247.352668762207 243.739440917969 242.574081420898 238.524524688721 237.356128692627 235.31343460083 231.257118225098 232.183029174805 228.96541595459 228.340400695801 229.28865814209 231.467205047607 233.294151306152 230.990447998047 227.894695281982 230.954891204834 225.733318328857 219.619552612305 218.003150939941 230.710842132568 242.463214874268 243.885673522949
222.999122619629 222.313415527344 226.059299468994 223.389453887939 221.054794311523 219.518928527832 218.84289932251 221.024868011475 220.35315322876 220.478240966797 216.130142211914 223.592220306396 233.937934875488 231.213939666748 241.244903564453 240.1842918396 231.638698577881 229.356060028076 231.501819610596 228.763813018799 233.791275024414 243.002330780029 247.699481964111 251.955108642578 259.051692962646 257.010303497314 248.399070739746 244.339138031006 246.402927398682 245.229606628418 243.26424407959 243.313304901123 252.037685394287 254.981044769287 246.794822692871 238.163082122803 237.044948577881 238.882839202881 243.183368682861 240.012226104736 232.695182800293 229.597724914551 223.491390228271 225.31583404541 228.834739685059 224.737930297852 217.025596618652 221.696178436279 239.310787200928 249.961975097656
226.81468963623 228.52091217041 230.293216705322 228.825660705566 230.61544418335 234.014545440674 227.235443115234 228.575393676758 226.647438049316 221.846591949463 217.495918273926 214.752437591553 216.961124420166 222.05290222168 226.696166992188 227.712539672852 224.976341247559 225.914360046387 228.067893981934 227.416912078857 227.903518676758 228.924339294434 232.75724029541 237.02027130127 240.011486053467 244.172142028809 246.232986450195 243.379005432129 240.52392578125 235.217914581299 236.051872253418 236.092025756836 242.812103271484 243.734313964844 247.904487609863 242.936779022217 237.684646606445 236.624164581299 235.909492492676 232.724941253662 231.652679443359 226.425498962402 224.103031158447 220.096565246582 220.245494842529 221.638977050781 232.624389648438 227.721584320068 227.880130767822 245.557373046875
232.616725921631 231.48263168335 234.07649230957 236.347797393799 235.230117797852 236.650020599365 240.945976257324 241.512294769287 240.80659866333 236.017169952393 230.807750701904 228.954090118408 224.599765777588 220.574279785156 219.506439208984 218.85375213623 223.520389556885 224.546192169189 226.709228515625 228.95703125 230.328639984131 230.481475830078 227.733360290527 225.778991699219 227.97620010376 232.936000823975 237.100051879883 239.157291412354 239.192153930664 235.89026260376 232.673603057861 231.822696685791 234.763240814209 234.45235824585 233.600688934326 231.519073486328 231.617950439453 233.463962554932 232.395851135254 240.866512298584 238.563182830811 244.132808685303 236.769626617432 230.730758666992 225.472984313965 226.874713897705 236.542217254639 240.893169403076 236.872585296631 236.142162322998
240.501365661621 241.05294418335 243.67308807373 245.104503631592 244.871475219727 247.187076568604 248.569793701172 247.077075958252 250.545017242432 248.72233581543 242.645317077637 239.933227539062 234.706890106201 231.645057678223 226.399677276611 223.660545349121 220.833831787109 221.405654907227 224.459743499756 225.036262512207 225.191841125488 228.254974365234 227.527153015137 223.547054290771 224.523132324219 227.802047729492 231.628707885742 235.797027587891 236.623767852783 239.56583404541 240.392200469971 241.64896774292 244.59268951416 248.335041046143 237.152751922607 238.410171508789 237.621120452881 242.837509155273 238.855968475342 246.912685394287 257.112823486328 257.300388336182 254.458511352539 244.244049072266 233.910079956055 231.135456085205 233.341842651367 234.757930755615 241.271224975586 241.435913085938
247.67476272583 248.714984893799 249.677394866943 251.123363494873 253.779899597168 258.053119659424 254.629371643066 253.141277313232 250.442436218262 253.521068572998 251.617351531982 247.694919586182 241.661762237549 239.730209350586 239.897480010986 233.838451385498 228.989635467529 224.93346786499 222.979553222656 222.332260131836 224.598011016846 226.867195129395 224.907814025879 223.370616912842 220.111576080322 224.283313751221 230.148906707764 232.29256439209 237.269523620605 243.138824462891 243.964019775391 246.111549377441 245.244567871094 244.03736114502 243.169384002686 253.200355529785 255.439971923828 254.748332977295 250.780914306641 250.880935668945 261.125633239746 260.53337097168 256.452697753906 250.767501831055 245.869407653809 244.807704925537 242.046199798584 247.696502685547 250.830348968506 251.794986724854
261.641990661621 261.014163970947 260.387844085693 264.73046875 261.62406539917 261.00732421875 262.40592956543 263.004199981689 256.189205169678 249.281276702881 244.928226470947 250.108592987061 247.376007080078 243.327774047852 242.602596282959 238.631500244141 233.764991760254 231.806888580322 229.934028625488 230.086799621582 228.120716094971 225.348365783691 222.572082519531 219.791877746582 221.106388092041 224.860977172852 227.009735107422 228.730403900146 235.845703125 241.730335235596 245.824825286865 252.143878936768 255.101467132568 254.23161315918 244.227481842041 252.152214050293 263.213066101074 267.624206542969 267.865169525146 263.021926879883 266.201934814453 269.733066558838 261.924716949463 260.005191802979 266.951244354248 259.91512298584 251.711059570312 252.731956481934 263.547088623047 268.059268951416
271.60396194458 268.896575927734 268.270149230957 273.437175750732 265.333824157715 265.922916412354 271.1077003479 273.318664550781 276.416889190674 275.476898193359 263.142154693604 250.039100646973 245.981643676758 245.248729705811 246.719543457031 246.456504821777 244.496036529541 238.715038299561 232.592437744141 232.740589141846 228.820999145508 228.070526123047 223.580905914307 220.788105010986 218.738719940186 224.633949279785 227.593761444092 229.750316619873 232.711891174316 236.812976837158 243.949291229248 251.087749481201 256.992069244385 252.744232177734 256.946617126465 253.697414398193 263.900150299072 272.534595489502 276.99914932251 273.423328399658 280.853240966797 273.068195343018 269.13143157959 271.802726745605 268.202285766602 269.730186462402 270.352905273438 261.689632415771 259.839756011963 270.211807250977
275.368427276611 269.815837860107 271.204612731934 282.523284912109 277.302284240723 267.958660125732 276.140560150146 284.988494873047 283.15763092041 282.546119689941 282.740669250488 277.897354125977 266.387718200684 252.312133789062 240.248638153076 240.869029998779 243.141990661621 245.7502784729 236.675365447998 229.292324066162 225.595817565918 226.966411590576 224.163902282715 224.300380706787 222.243297576904 218.086055755615 222.288990020752 226.061855316162 233.310276031494 236.181274414062 237.443321228027 244.163761138916 248.373695373535 248.399238586426 250.466361999512 249.252197265625 248.159961700439 263.970626831055 278.575786590576 282.181732177734 275.319110870361 282.807018280029 283.463062286377 284.12215423584 284.78426361084 278.577808380127 275.906944274902 275.752571105957 264.142807006836 273.747955322266
278.66482925415 277.14387512207 272.38196182251 287.529792785645 286.904594421387 268.292186737061 280.229629516602 293.803443908691 284.419410705566 284.279411315918 285.694290161133 287.917510986328 284.744667053223 277.343688964844 255.311794281006 242.867786407471 237.940563201904 235.946769714355 235.183277130127 228.200038909912 225.388130187988 224.616138458252 224.74690246582 225.685794830322 225.763011932373 221.929164886475 219.806789398193 220.735118865967 226.662742614746 234.637264251709 237.61421585083 234.684295654297 241.857006072998 253.227573394775 259.16370010376 257.038284301758 257.205333709717 253.640327453613 261.120620727539 266.455829620361 268.028095245361 272.920234680176 285.617263793945 287.111206054688 285.735511779785 290.336349487305 286.776275634766 284.127723693848 282.198513031006 276.833084106445
275.741352081299 285.068008422852 272.744049072266 283.791831970215 289.006034851074 270.733283996582 273.831089019775 282.068778991699 283.145088195801 294.253562927246 291.506233215332 288.75520324707 290.637756347656 289.899978637695 277.059192657471 253.232906341553 244.110172271729 239.967655181885 233.775150299072 227.905990600586 228.032684326172 227.350227355957 225.42809677124 222.497108459473 222.139698028564 222.062210083008 222.993961334229 221.297889709473 223.369453430176 225.110092163086 230.248054504395 236.194339752197 236.548332214355 245.788330078125 258.907104492188 263.140804290771 263.326152801514 265.390308380127 264.817512512207 272.254581451416 262.747509002686 251.619297027588 280.425785064697 279.063568115234 286.68675994873 291.675132751465 291.25016784668 292.442611694336 292.261726379395 284.335250854492
265.319766998291 273.842441558838 275.62731552124 276.68546295166 286.956802368164 282.4833984375 267.054344177246 273.591850280762 281.373962402344 297.162506103516 290.552917480469 280.65837097168 289.663475036621 282.684600830078 280.69401550293 259.845149993896 247.738960266113 243.5788230896 238.603366851807 229.753562927246 225.67427444458 223.741947174072 223.860290527344 218.858943939209 218.01583480835 221.815723419189 225.719131469727 230.763290405273 234.999004364014 235.939010620117 240.177471160889 239.286106109619 238.871921539307 238.896003723145 240.166217803955 257.421253204346 259.782447814941 263.928382873535 268.531219482422 254.786315917969 261.454860687256 246.398422241211 268.856552124023 270.499633789062 274.226608276367 282.365039825439 290.066528320312 292.564277648926 293.792793273926 288.393653869629
263.215141296387 266.70059967041 270.193878173828 272.87801361084 277.203914642334 279.492477416992 278.424671173096 262.920654296875 262.253253936768 272.581253051758 280.879760742188 273.896095275879 291.400909423828 276.331642150879 275.661643981934 266.490287780762 247.992370605469 244.242092132568 241.299125671387 232.900939941406 228.323589324951 225.138778686523 221.467700958252 218.17370223999 219.381633758545 222.378223419189 228.35033416748 234.323986053467 240.735805511475 243.737571716309 242.516639709473 250.551414489746 246.678798675537 242.478538513184 241.579769134521 237.701343536377 255.293590545654 264.958305358887 265.355777740479 263.567180633545 246.778594970703 244.953018188477 253.054622650146 274.380115509033 263.538208007812 265.207458496094 278.983661651611 290.115966796875 301.739990234375 289.439605712891
264.037380218506 269.654335021973 273.15486907959 279.613334655762 277.632701873779 278.198055267334 277.118217468262 272.171710968018 266.074913024902 258.638454437256 257.962703704834 261.064125061035 279.032192230225 272.905384063721 262.079261779785 261.291404724121 255.045383453369 245.718292236328 240.598892211914 234.76342010498 235.79224395752 227.784801483154 223.995143890381 222.039669036865 223.837821960449 225.922687530518 229.849575042725 236.165767669678 241.345417022705 243.431209564209 245.191295623779 245.217079162598 239.155700683594 244.222400665283 245.173664093018 235.311779022217 258.934280395508 267.844734191895 274.59593963623 272.842464447021 263.322547912598 241.869735717773 237.031642913818 251.102291107178 250.686855316162 258.425373077393 265.249328613281 275.136989593506 277.665592193604 277.833835601807
259.773490905762 273.445037841797 272.679119110107 272.817642211914 280.199462890625 279.851753234863 279.17981338501 286.589225769043 285.503601074219 275.508995056152 267.131484985352 256.580371856689 261.021957397461 271.514324188232 273.799812316895 281.124626159668 263.762130737305 251.528938293457 245.142284393311 239.286849975586 240.642555236816 235.594856262207 230.542163848877 229.3955078125 228.535095214844 231.547439575195 233.635318756104 236.648391723633 241.840518951416 241.865207672119 240.520309448242 237.551166534424 232.51936340332 236.343280792236 239.358516693115 228.214164733887 253.60179901123 256.097888946533 260.347805023193 268.5270652771 271.060359954834 255.954936981201 232.52946472168 271.829982757568 279.641521453857 277.072460174561 274.493251800537 284.920593261719 293.592155456543 288.006019592285
256.383583068848 270.006050109863 272.603404998779 270.263660430908 271.629379272461 273.910289764404 270.156295776367 275.416133880615 280.683715820312 280.920944213867 274.184902191162 260.721817016602 260.512657165527 275.58797454834 275.378330230713 261.872135162354 253.732830047607 248.680233001709 247.045963287354 241.985481262207 242.087661743164 241.372982025146 239.29744720459 240.215614318848 239.351623535156 240.192142486572 239.400360107422 237.241340637207 241.51647567749 242.472217559814 241.564140319824 238.14533996582 236.912994384766 235.18968963623 230.019027709961 221.035823822021 241.781219482422 242.213764190674 241.70565032959 242.949409484863 252.785209655762 248.446430206299 221.920108795166 247.108463287354 270.954597473145 260.048389434814 257.453784942627 274.985118865967 282.736545562744 288.215850830078
254.203357696533 258.526378631592 262.854911804199 265.949932098389 270.288116455078 270.409942626953 266.632637023926 267.670406341553 276.350658416748 276.478378295898 270.30447769165 276.839149475098 267.554786682129 258.253051757812 263.523723602295 265.804962158203 274.512718200684 267.377319335938 258.056705474854 258.159450531006 246.970973968506 246.958255767822 247.055492401123 252.340927124023 253.335140228271 248.989143371582 247.759353637695 242.911430358887 242.119407653809 245.149616241455 242.980422973633 240.934226989746 239.700817108154 240.664176940918 242.755950927734 232.362415313721 223.555339813232 226.181819915771 231.706859588623 228.165744781494 224.154327392578 213.555458068848 209.631206512451 215.174472808838 231.788597106934 247.870319366455 250.578247070312 241.82307434082 253.943775177002 262.503204345703
266.205669403076 261.19026184082 256.579196929932 260.514736175537 262.797878265381 268.400325775146 262.121799468994 261.419021606445 263.713439941406 268.08479309082 268.212432861328 262.234336853027 260.271511077881 264.301048278809 264.401447296143 283.503913879395 298.145126342773 293.174743652344 287.26976776123 278.849174499512 270.745948791504 257.324813842773 256.054824829102 259.276588439941 263.608322143555 262.371948242188 257.182373046875 249.793113708496 243.776863098145 241.71598815918 244.749313354492 243.506492614746 242.708271026611 239.707683563232 237.519031524658 244.832809448242 238.891288757324 245.39289855957 257.487041473389 255.746147155762 246.956737518311 227.382179260254 210.292194366455 216.804309844971 236.399917602539 257.027500152588 257.012371063232 247.902076721191 242.025390625 243.458423614502
261.185333251953 260.08309173584 262.706298828125 261.602821350098 257.494846343994 263.127506256104 265.441970825195 262.577548980713 257.530925750732 256.73811340332 256.045093536377 256.181579589844 258.380290985107 260.664878845215 265.969139099121 271.277614593506 281.801567077637 278.885932922363 284.205841064453 290.359275817871 292.663154602051 272.931003570557 264.674301147461 260.697929382324 264.715721130371 266.920444488525 263.577632904053 258.350978851318 251.035064697266 244.035194396973 241.007701873779 244.860584259033 242.778842926025 242.780685424805 245.813011169434 248.845714569092 252.412292480469 254.624118804932 264.518711090088 256.518901824951 254.733982086182 238.141445159912 226.294284820557 222.790264129639 234.980464935303 252.547122955322 252.023147583008 244.979476928711 245.384666442871 250.242244720459
263.141593933105 262.375270843506 259.522434234619 264.775791168213 260.67264175415 258.222152709961 262.233139038086 262.389793395996 258.687732696533 255.818832397461 252.946075439453 252.9953956604 254.373161315918 255.723411560059 261.045215606689 266.371139526367 275.674934387207 291.374900817871 285.409889221191 286.456199645996 294.840728759766 297.152442932129 287.71558380127 268.096950531006 264.991710662842 267.704036712646 265.483581542969 262.54273223877 259.489685058594 254.223117828369 247.298366546631 240.762683868408 242.841106414795 243.779945373535 244.588932037354 247.617462158203 252.12650680542 252.401733398438 250.57999420166 247.926979064941 254.324829101562 240.2145652771 226.190811157227 227.843948364258 223.005676269531 226.915313720703 234.765365600586 240.507202148438 242.056228637695 242.168552398682
278.741130828857 275.909122467041 265.694240570068 261.598609924316 266.048938751221 263.197200775146 256.058330535889 252.257537841797 256.713447570801 260.017932891846 258.408042907715 251.138954162598 251.267074584961 257.863784790039 257.957088470459 261.097183227539 266.444694519043 268.747253417969 270.106182098389 271.993221282959 279.458999633789 291.876991271973 298.195114135742 283.86905670166 268.419811248779 265.338310241699 268.892738342285 269.816780090332 263.679618835449 261.433242797852 259.304420471191 249.157958984375 239.525825500488 236.442279815674 238.197486877441 245.101997375488 249.600788116455 249.015941619873 250.217239379883 252.70149230957 258.268325805664 249.416530609131 243.62162399292 237.299522399902 234.236129760742 235.880786895752 234.427452087402 231.670036315918 234.163375854492 238.806335449219
