data/spatiotemp/temp1/bio16_norsw_test_2003_2006.asc
NCOLS 654 
NROWS 380 
XLLCORNER 3.91666666666667 
YLLCORNER 55.3333333333333 
CELLSIZE 0.0416666666666666 
NODATA_value -9999 
[rows 132 to 153 of 380, columns 300 to 349 of 654]
255.857192993164 259.506690979004 255.350574493408 254.570281982422 259.768226623535 257.686817169189 259.384559631348 263.961200714111 262.275875091553 262.879096984863 259.20853805542 258.225933074951 259.32886505127 257.75239944458 253.646659851074 251.114696502686 246.82409286499 244.098205566406 244.025783538818 248.000423431396 249.417942047119 246.455471038818 247.115859985352 236.450561523438 236.588764190674 239.618240356445 249.977100372314 247.4016456604 237.73246383667 234.225276947021 238.345352172852 238.560897827148 237.022350311279 238.091915130615 237.183227539062 232.698570251465 235.23038482666 229.050357818604 230.753871917725 225.203006744385 218.38317489624 214.930416107178 218.605422973633 217.959945678711 222.739635467529 226.517105102539 231.785778045654 233.542491912842 235.020210266113 239.219245910645
270.572525024414 270.243846893311 269.151252746582 265.846748352051 261.15145111084 255.819213867188 251.762504577637 254.113445281982 258.975208282471 259.474964141846 256.469123840332 255.293148040771 256.124675750732 253.391887664795 252.002597808838 253.363353729248 253.29133605957 251.578842163086 249.547817230225 245.983013153076 246.879257202148 243.304046630859 239.201778411865 239.347389221191 234.505260467529 232.910507202148 233.768058776855 232.528545379639 232.775848388672 232.915134429932 233.687015533447 236.620552062988 234.789009094238 235.531352996826 236.508659362793 232.159595489502 228.829998016357 227.172916412354 224.227634429932 222.054004669189 218.719577789307 215.495845794678 213.304580688477 219.168254852295 228.202823638916 236.282821655273 248.766460418701 248.155242919922 238.881641387939 240.672096252441
264.422218322754 269.681709289551 273.466094970703 273.667072296143 271.226028442383 270.904678344727 268.289196014404 257.687023162842 251.045635223389 253.341812133789 258.164890289307 255.894863128662 250.945617675781 248.563720703125 248.90474319458 248.390144348145 249.733581542969 248.95100402832 251.058856964111 248.767948150635 247.634368896484 249.369346618652 241.136470794678 237.886199951172 240.931941986084 232.601470947266 233.272174835205 234.437297821045 236.345840454102 235.449920654297 237.167339324951 236.266883850098 235.378944396973 232.271560668945 231.369644165039 230.761035919189 230.787551879883 227.561988830566 226.941848754883 226.024166107178 222.602394104004 219.604198455811 219.81453704834 222.549736022949 226.861763000488 233.191795349121 239.656147003174 242.57691192627 247.167888641357 249.72144317627
268.736389160156 262.939971923828 264.685123443604 268.148273468018 268.286575317383 263.855903625488 263.435253143311 265.137462615967 261.804042816162 249.750057220459 254.023818969727 260.759387969971 260.138473510742 248.92366027832 245.906826019287 245.283672332764 245.492267608643 245.010540008545 246.151546478271 250.697135925293 246.11754989624 239.79320526123 238.012500762939 232.516494750977 235.252250671387 237.347110748291 233.292518615723 233.122982025146 236.794830322266 238.097808837891 238.250701904297 236.635147094727 232.524402618408 233.478248596191 236.818298339844 234.558261871338 230.744827270508 230.575561523438 228.80835723877 228.639007568359 227.096481323242 226.387638092041 226.796607971191 228.665435791016 229.567375183105 236.831588745117 239.101009368896 237.383373260498 243.824855804443 257.904106140137
257.137313842773 257.088466644287 254.750114440918 257.057334899902 259.88591003418 253.654972076416 250.470516204834 253.134922027588 255.077842712402 251.689342498779 246.408653259277 242.698608398438 245.07479095459 245.753482818604 242.54056930542 241.480560302734 245.907592773438 246.787002563477 250.212928771973 248.731418609619 243.298732757568 243.567554473877 241.480766296387 236.087104797363 232.345775604248 236.234348297119 242.663139343262 233.555946350098 234.635871887207 235.618103027344 236.628898620605 236.783538818359 232.980243682861 235.902950286865 240.271045684814 242.378684997559 235.488521575928 236.442924499512 236.858142852783 233.050380706787 231.731792449951 234.458988189697 236.245170593262 244.160312652588 241.123828887939 239.491947174072 237.39501953125 239.240646362305 241.367214202881 238.87381362915
249.903160095215 248.84774017334 250.417701721191 251.949565887451 252.857585906982 253.052875518799 253.691173553467 257.809871673584 260.118606567383 265.477931976318 256.465942382812 253.073760986328 251.490653991699 244.088607788086 238.951374053955 236.741409301758 242.211727142334 253.948356628418 251.795051574707 248.784942626953 246.69552230835 249.966934204102 250.142189025879 239.232208251953 231.333087921143 231.714736938477 234.952919006348 234.397552490234 235.304306030273 237.21410369873 235.117733001709 235.568302154541 236.571483612061 236.696281433105 234.142723083496 233.540397644043 233.662490844727 239.597545623779 240.742156982422 237.685264587402 235.918949127197 239.379508972168 244.504837036133 247.120121002197 249.355403900146 248.054927825928 242.724063873291 242.783073425293 241.377647399902 240.19132232666
241.15251159668 243.190216064453 248.851810455322 246.005207061768 246.392498016357 250.904552459717 248.347869873047 254.143894195557 255.772655487061 253.492298126221 251.360774993896 250.132976531982 250.873001098633 249.507629394531 242.571140289307 240.92134475708 238.826309204102 246.735992431641 247.491069793701 243.787101745605 243.955993652344 254.971759796143 250.061576843262 237.672870635986 233.367233276367 231.621997833252 231.084815979004 232.994380950928 241.080799102783 249.323642730713 238.840267181396 234.797496795654 235.368259429932 239.816444396973 233.471321105957 232.042724609375 237.917022705078 242.407737731934 247.044479370117 241.932220458984 242.21004486084 242.66662979126 243.533496856689 246.057548522949 246.469142913818 245.905872344971 245.058723449707 244.56245803833 243.98450088501 245.803066253662
234.738132476807 233.785652160645 231.455898284912 233.930374145508 231.672782897949 237.120273590088 242.426124572754 241.575370788574 248.318153381348 249.840038299561 249.981990814209 251.531204223633 254.054130554199 253.487216949463 251.146175384521 249.461982727051 249.192367553711 243.651679992676 244.537479400635 243.257083892822 237.457595825195 243.367637634277 246.1051902771 235.729553222656 233.269138336182 233.439743041992 233.450183868408 230.845695495605 233.78657913208 239.386745452881 236.692405700684 235.447265625 234.878223419189 232.840110778809 233.83024597168 232.340061187744 232.13158416748 236.795204162598 241.105392456055 242.568950653076 245.593730926514 247.200534820557 249.420219421387 249.848274230957 245.770362854004 244.595291137695 245.669033050537 243.655990600586 241.994667053223 246.546768188477
241.997406005859 232.804706573486 229.92599105835 233.459136962891 228.094097137451 224.059711456299 224.96106338501 227.786140441895 236.236164093018 244.395732879639 251.657501220703 254.908569335938 258.979785919189 262.562019348145 264.075904846191 263.085643768311 262.30842590332 259.459491729736 259.38073348999 256.972557067871 246.762420654297 235.28759765625 239.257266998291 240.684944152832 238.931129455566 234.952110290527 236.17166519165 234.448539733887 232.389984130859 232.559520721436 233.766124725342 235.178859710693 236.766410827637 235.475772857666 235.311614990234 235.148975372314 234.363445281982 232.604328155518 235.788223266602 241.583282470703 249.220893859863 247.208957672119 252.298149108887 248.288425445557 243.480895996094 243.195377349854 242.612491607666 240.676120758057 237.629810333252 242.494213104248
239.360900878906 237.662567138672 229.704166412354 228.179817199707 227.585140228271 226.620456695557 222.307262420654 220.531917572021 227.916290283203 225.324562072754 240.543811798096 243.257221221924 242.534721374512 242.77294921875 246.375762939453 251.172512054443 256.841083526611 262.234733581543 263.440158843994 261.68773651123 259.531841278076 246.586315155029 237.269824981689 237.393100738525 239.022956848145 241.686023712158 236.478256225586 237.898254394531 240.142902374268 234.143096923828 236.75456237793 239.823093414307 236.626091003418 237.025588989258 236.03719329834 235.029865264893 234.577632904053 234.361850738525 234.706443786621 235.237030029297 235.805355072021 237.433555603027 244.05464553833 247.652278900146 245.498752593994 244.305786132812 243.109069824219 243.817188262939 238.726268768311 233.816249847412
239.482311248779 240.036506652832 235.536308288574 234.701919555664 234.116317749023 227.391124725342 220.900260925293 218.249904632568 215.043651580811 214.847755432129 215.901847839355 220.828456878662 222.177127838135 227.074348449707 230.209953308105 237.355911254883 244.387798309326 253.614757537842 251.707775115967 250.124973297119 251.450328826904 248.913349151611 243.754463195801 244.289337158203 243.523101806641 235.592613220215 234.12170791626 232.09774017334 233.160774230957 235.155654907227 235.965957641602 244.444011688232 243.014667510986 238.976909637451 239.181457519531 239.922954559326 241.592571258545 239.902645111084 235.740844726562 239.49446105957 237.466167449951 234.129203796387 240.784015655518 244.629833221436 243.92883682251 244.48318862915 246.346405029297 247.790657043457 242.622974395752 235.895740509033
242.687255859375 240.533954620361 236.56107711792 237.937881469727 243.291084289551 241.262626647949 234.135585784912 229.867496490479 223.465560913086 220.23547744751 220.589309692383 218.591903686523 217.379337310791 218.450115203857 223.682285308838 229.685459136963 228.744945526123 231.659606933594 234.930461883545 235.056980133057 236.472339630127 237.028507232666 236.162086486816 238.92268371582 242.998279571533 239.704658508301 236.688091278076 235.026920318604 239.028011322021 238.544322967529 236.752517700195 237.988086700439 244.322341918945 245.520469665527 241.498420715332 240.107208251953 239.428939819336 240.295398712158 242.472045898438 239.493534088135 240.77864074707 241.199989318848 233.749660491943 236.026058197021 241.400817871094 241.436462402344 241.585384368896 245.209964752197 243.181697845459 238.915504455566
242.21794128418 242.357875823975 236.950191497803 241.264156341553 244.108860015869 244.169277191162 248.246471405029 260.464733123779 253.939929962158 245.77693939209 234.803936004639 228.186500549316 223.67936706543 219.852813720703 219.754058837891 223.211288452148 228.942451477051 232.631870269775 229.348114013672 228.588047027588 233.038726806641 231.492713928223 228.042057037354 227.099411010742 238.957714080811 239.204097747803 232.409023284912 238.359355926514 239.764167785645 242.558261871338 238.012603759766 238.249645233154 239.614784240723 242.964458465576 245.012149810791 243.302852630615 241.243957519531 239.690574645996 241.988586425781 246.0807762146 244.70389175415 239.782543182373 237.714359283447 232.326843261719 238.611137390137 243.536903381348 240.367023468018 240.930080413818 241.426834106445 241.110935211182
244.897441864014 244.668556213379 244.849391937256 239.281730651855 239.148612976074 237.713081359863 243.506591796875 246.712978363037 245.40153503418 240.382553100586 238.03352355957 235.851806640625 231.772136688232 228.51676940918 222.799987792969 222.403961181641 223.556812286377 229.490543365479 229.313819885254 230.631443023682 235.833789825439 239.196662902832 232.94677734375 231.36408996582 230.515678405762 229.39839553833 225.377166748047 227.690376281738 235.046199798584 240.746192932129 244.184753417969 233.764965057373 237.033336639404 239.095439910889 241.570526123047 245.940872192383 243.389068603516 243.508464813232 244.427158355713 240.879138946533 242.239639282227 244.078102111816 244.271583557129 242.632373809814 234.844169616699 238.487098693848 246.357715606689 242.567306518555 241.445198059082 242.975490570068
248.526557922363 246.358562469482 250.790294647217 246.932109832764 245.823993682861 248.354866027832 246.845573425293 240.678958892822 238.227634429932 236.726985931396 234.85075378418 239.085960388184 241.483661651611 230.507343292236 225.713726043701 222.598979949951 220.028491973877 220.594303131104 221.920635223389 223.166149139404 229.333805084229 230.362861633301 229.288200378418 227.58381652832 230.3293800354 230.89086151123 226.065979003906 224.816471099854 231.701515197754 239.851959228516 237.283531188965 231.185447692871 231.42264175415 237.678787231445 240.452430725098 242.480007171631 244.165168762207 244.829929351807 242.469669342041 240.238456726074 243.174598693848 243.934673309326 238.838642120361 235.31196975708 236.996574401855 235.265640258789 233.110065460205 235.398773193359 245.141265869141 248.265213012695
244.738803863525 249.225391387939 252.956115722656 259.454608917236 259.660640716553 248.843376159668 245.848072052002 247.646675109863 245.773376464844 244.418575286865 242.396797180176 237.361812591553 234.213768005371 234.340515136719 231.638469696045 226.867969512939 224.322818756104 222.054737091064 223.797370910645 228.468223571777 229.054878234863 224.58570098877 228.372180938721 229.909664154053 229.527545928955 227.150005340576 231.162143707275 232.211486816406 232.921112060547 230.035606384277 226.219654083252 226.451347351074 233.986312866211 231.988536834717 240.845848083496 247.080715179443 246.495113372803 242.642990112305 242.402423858643 240.462436676025 240.42325592041 241.005863189697 240.61852645874 235.274333953857 231.247997283936 234.020004272461 237.684204101562 232.44645690918 234.737812042236 238.957500457764
239.001087188721 249.810653686523 258.137786865234 259.569374084473 250.962200164795 246.427623748779 247.448467254639 250.893482208252 253.944156646729 252.214454650879 250.602344512939 243.722053527832 245.208896636963 237.358535766602 236.408599853516 236.398746490479 231.653518676758 234.766952514648 229.001358032227 228.314746856689 228.92024230957 231.502964019775 232.718273162842 242.149913787842 245.923217773438 239.000030517578 231.020656585693 238.58141708374 238.216060638428 230.242057800293 225.767192840576 228.368759155273 229.816284179688 231.868461608887 230.606979370117 237.607475280762 240.884246826172 243.834476470947 239.067657470703 236.761032104492 240.952003479004 238.615127563477 238.595932006836 237.834949493408 235.243370056152 232.548675537109 231.906524658203 234.69409942627 237.494525909424 235.742504119873
248.955940246582 241.980030059814 244.485260009766 249.392192840576 249.578254699707 249.983654022217 249.622608184814 250.306720733643 256.046161651611 259.150043487549 252.922698974609 244.8583984375 243.198558807373 238.217185974121 236.551689147949 234.336814880371 232.572681427002 232.794422149658 233.016166687012 242.615715026855 249.520889282227 243.510429382324 240.476551055908 234.215324401855 233.608779907227 234.310272216797 234.943241119385 245.417602539062 238.394458770752 228.099548339844 228.790908813477 230.504364013672 230.73872756958 229.773197174072 234.938949584961 235.20698928833 237.671417236328 236.088459014893 232.909526824951 232.079265594482 233.968769073486 234.234966278076 231.391078948975 236.504730224609 233.710102081299 233.974365234375 234.162635803223 233.528919219971 235.425060272217 238.487392425537
246.803955078125 244.636291503906 242.851329803467 241.147682189941 242.311168670654 247.270618438721 252.05179977417 252.944267272949 253.737419128418 260.146102905273 256.320419311523 249.01651763916 243.466918945312 239.337856292725 236.873630523682 236.113033294678 233.697525024414 234.613349914551 235.532970428467 241.066352844238 245.742221832275 246.431758880615 255.485523223877 256.597583770752 251.354469299316 251.154567718506 245.444915771484 247.644237518311 251.765850067139 238.489543914795 233.181011199951 238.201332092285 236.596347808838 240.791835784912 235.807571411133 231.633163452148 233.887084960938 235.935314178467 235.59822845459 230.579147338867 237.556030273438 234.236068725586 229.543437957764 228.586208343506 232.67752456665 235.334686279297 235.580539703369 236.257110595703 239.596893310547 235.587795257568
240.544342041016 242.340824127197 244.180633544922 252.038360595703 255.708030700684 257.521186828613 256.921741485596 251.171981811523 247.735160827637 245.520046234131 250.293357849121 250.560501098633 245.644813537598 241.664978027344 237.009666442871 235.661117553711 239.021320343018 238.197872161865 241.019233703613 250.486324310303 242.09351348877 238.044578552246 241.806060791016 255.048625946045 256.586318969727 258.000999450684 260.243549346924 259.411350250244 260.88883972168 254.457981109619 251.721881866455 245.227180480957 241.220207214355 241.793159484863 236.997116088867 244.080631256104 237.288467407227 238.738338470459 234.907203674316 230.727588653564 236.020687103271 238.039623260498 231.91357421875 229.081390380859 232.197380065918 235.632328033447 238.57022857666 234.514419555664 232.915760040283 235.039794921875
236.882373809814 236.430820465088 239.989097595215 248.811931610107 257.541404724121 264.412071228027 257.18558883667 250.169174194336 242.246082305908 241.806827545166 242.028541564941 240.491718292236 242.104000091553 239.361125946045 239.638542175293 240.590438842773 243.970294952393 245.321365356445 243.638778686523 249.134330749512 247.950275421143 246.11247253418 245.298934936523 246.575523376465 247.299915313721 246.25252532959 251.915924072266 255.973369598389 261.848991394043 258.42818069458 258.546188354492 261.179351806641 253.488681793213 245.939880371094 245.35705947876 241.507827758789 238.530303955078 235.795658111572 234.299835205078 234.423709869385 233.378547668457 234.742839813232 233.136344909668 234.012294769287 232.486061096191 232.759731292725 235.323169708252 235.169681549072 233.218906402588 231.484630584717
231.392166137695 232.485321044922 232.662628173828 236.665878295898 238.794731140137 244.097385406494 245.2141456604 243.655006408691 239.742786407471 236.526874542236 236.813671112061 237.495208740234 238.182136535645 236.061332702637 240.11185836792 238.526821136475 241.768978118896 240.104961395264 241.277931213379 247.316303253174 244.126319885254 244.873180389404 247.133632659912 251.835693359375 254.459548950195 255.043601989746 253.520690917969 250.796901702881 256.80152130127 261.866680145264 268.332168579102 269.074142456055 262.486724853516 256.24743270874 255.542476654053 249.820194244385 244.169979095459 243.325729370117 240.67749786377 234.846073150635 233.740497589111 232.32555770874 233.122947692871 235.875915527344 238.541328430176 235.257007598877 234.346729278564 233.88854598999 233.071250915527 233.334907531738
