data/spatiotemp/temp1/bio15_norsw_test_2003_2006.asc
NCOLS 654 
NROWS 380 
XLLCORNER 3.91666666666667 
YLLCORNER 55.3333333333333 
CELLSIZE 0.0416666666666666 
NODATA_value -9999 
[rows 88 to 109 of 380, columns 250 to 299 of 654]
-9999 -9999 -9999 -9999 -9999 -9999 -9999 51.9983615875244 50.6585111618042 51.1527481079102 52.3218297958374 52.0973711013794 51.2060670852661 49.7145795822144 49.5573558807373 49.0281763076782 48.514536857605 46.7508554458618 47.4002637863159 48.676326751709 50.5180683135986 50.3100566864014 49.7987031936646 50.0632667541504 49.6944465637207 48.9917020797729 50.2650079727173 50.8506898880005 51.3608646392822 49.6510982513428 48.5572385787964 46.506763458252 46.3331985473633 47.1304426193237 47.4118537902832 46.9290456771851 45.6582136154175 45.2038249969482 44.6823120117188 44.9792079925537 44.9504270553589 43.3578271865845 41.7278461456299 40.9645910263062 41.1417150497437 40.9523630142212 41.2195816040039 41.2460908889771 40.5141582489014 40.4407844543457
51.09361743927 51.4905128479004 52.1034708023071 50.1555433273315 -9999 50.6880226135254 -9999 49.686861038208 50.2253665924072 51.4103269577026 51.3039102554321 50.2312841415405 51.8208322525024 50.0706777572632 49.3239526748657 47.8484144210815 47.1183137893677 47.2244281768799 47.3242702484131 49.2812900543213 46.5079469680786 46.3127307891846 45.9319133758545 47.1849508285522 48.0261383056641 47.9536361694336 46.9538164138794 49.536096572876 50.7918977737427 49.2014245986938 46.4500875473022 47.6457796096802 48.3775262832642 48.3107843399048 46.9785528182983 45.9165229797363 47.1016883850098 47.2082567214966 45.4865007400513 43.2720994949341 42.518895149231 42.1083688735962 41.5432109832764 41.1307239532471 41.2337074279785 40.9252958297729 40.9051666259766 40.7141580581665 40.732458114624 40.9354791641235
49.9645843505859 51.1476173400879 -9999 -9999 -9999 51.9155807495117 51.7178640365601 50.4129505157471 49.4627418518066 49.6428604125977 49.5974903106689 50.2828760147095 50.970832824707 48.527325630188 48.131441116333 47.6328868865967 48.1798467636108 48.5903196334839 47.640513420105 46.2352905273438 46.6547183990479 47.4119644165039 47.9669857025146 49.1464395523071 48.8531312942505 48.1206722259521 47.0146884918213 45.7714204788208 49.7625303268433 51.2309255599976 50.6511106491089 50.5616626739502 49.6953725814819 48.7022161483765 44.0121822357178 42.6857595443726 42.6596593856812 42.5884046554565 42.223708152771 42.1530742645264 41.7627239227295 41.632043838501 41.5746793746948 41.4704895019531 41.626503944397 41.5427980422974 41.7980003356934 41.3556776046753 41.0918951034546 41.2584342956543
-9999 -9999 -9999 52.4634323120117 51.6508626937866 50.9414300918579 49.3581848144531 48.7214660644531 49.278507232666 49.3807668685913 50.2119808197021 50.7545194625854 49.9113140106201 49.3967533111572 48.8250961303711 47.7880229949951 47.1741828918457 46.0181016921997 46.380913734436 46.7018365859985 47.8114051818848 49.4734239578247 50.0114288330078 49.1752519607544 47.2817907333374 46.4212284088135 46.6591596603394 48.0875940322876 49.9162635803223 50.5843172073364 50.6260471343994 47.2512655258179 47.735463142395 48.7788181304932 45.7306632995605 43.0764789581299 42.5706844329834 42.988356590271 42.5643863677979 42.6180057525635 42.2791404724121 42.2329921722412 41.8181972503662 41.7420415878296 41.8905162811279 42.1150741577148 41.6708154678345 41.8254489898682 41.9394092559814 41.9309310913086
52.5174875259399 52.2302188873291 51.7642507553101 51.1210994720459 50.9882793426514 50.8851594924927 50.9657411575317 51.000039100647 50.5428218841553 50.6233043670654 50.5136804580688 49.4493761062622 48.7308530807495 47.8201789855957 48.3927154541016 49.3379983901978 49.446816444397 49.7247304916382 50.0127935409546 51.1816835403442 50.7603168487549 50.7234535217285 50.1503887176514 48.2507619857788 47.6869716644287 48.5550651550293 49.8573846817017 50.2153453826904 49.131555557251 48.03089427948 49.1884756088257 50.2185411453247 48.4957599639893 44.0561122894287 43.3599128723145 43.5027723312378 43.9482622146606 43.9168968200684 43.5789518356323 43.2339782714844 43.0142269134521 42.6882066726685 42.7837953567505 42.4107894897461 42.4415493011475 42.2945375442505 42.5237588882446 42.2946615219116 42.6925859451294 42.6895875930786
51.594087600708 51.5611248016357 51.6038827896118 51.2881889343262 51.3632354736328 51.5732326507568 51.4782180786133 51.6217794418335 51.8963327407837 51.3767929077148 51.3179016113281 51.7109880447388 51.8722095489502 -9999 -9999 -9999 -9999 52.1386604309082 52.2167720794678 51.868278503418 50.9751558303833 50.8256387710571 49.8090400695801 50.0615653991699 50.5045766830444 50.5951051712036 50.0280675888062 48.7664422988892 47.9952306747437 45.833779335022 46.2400779724121 46.5996494293213 44.254096031189 44.505802154541 46.2535448074341 45.328013420105 45.0888814926147 43.4064664840698 42.4609889984131 41.5561218261719 41.5293493270874 41.1448278427124 41.3291273117065 42.0502920150757 42.7713651657104 42.9833669662476 42.4641637802124 42.2341756820679 41.2244234085083 41.8691482543945
51.9391736984253 51.2958831787109 51.2937450408936 51.3275470733643 51.3126220703125 51.3874368667603 51.4234504699707 51.2950372695923 51.2246618270874 50.9202260971069 50.5498609542847 50.688307762146 50.280650138855 50.3107080459595 51.4667854309082 51.8867712020874 51.0133371353149 50.0111179351807 50.5733480453491 51.514063835144 51.7517290115356 51.4034519195557 51.5233812332153 51.5329551696777 51.5054769515991 51.0337829589844 50.2398948669434 49.7099781036377 49.4971008300781 49.1029052734375 48.6527948379517 48.620774269104 49.2714977264404 46.6365880966187 43.3870439529419 43.5454359054565 44.8410987854004 44.3012266159058 43.0961885452271 42.3059968948364 42.0683307647705 41.8196420669556 41.9667634963989 42.120888710022 42.7185039520264 42.4248075485229 42.3022079467773 41.5368499755859 41.7124423980713 41.7959537506104
51.4904489517212 50.8748559951782 50.7972211837769 50.7211446762085 50.7727861404419 50.6029367446899 50.6227712631226 50.2700614929199 50.2945280075073 49.8389043807983 49.3893175125122 48.3611640930176 48.180269241333 49.6547079086304 50.6726093292236 49.4654493331909 48.483588218689 47.5586166381836 49.0716114044189 50.6205539703369 50.2351589202881 49.0329666137695 49.5447196960449 49.6969871520996 50.7073526382446 51.3194780349731 50.1412944793701 49.3132047653198 48.8085880279541 48.1688022613525 46.9167461395264 46.0841636657715 47.5021543502808 48.8453121185303 46.7818851470947 45.9757862091064 45.2551317214966 43.7018299102783 42.8381662368774 42.4185075759888 42.3219289779663 42.153715133667 41.8669128417969 42.459361076355 42.4131908416748 43.1949510574341 42.9926805496216 43.2539615631104 43.6747007369995 43.7183303833008
50.6569185256958 50.0138139724731 49.9779529571533 49.6419744491577 48.8281126022339 47.990704536438 48.0001411437988 47.9771595001221 48.1943035125732 48.6825389862061 49.215781211853 48.3448171615601 48.8854856491089 50.3206882476807 51.1098718643188 49.6471500396729 47.825777053833 47.6496725082397 48.2381963729858 49.0441799163818 48.8247652053833 48.663670539856 48.7099695205688 48.6704149246216 49.3351221084595 50.5247192382812 51.3952436447144 49.30455493927 47.0585231781006 45.4551200866699 45.3470630645752 45.1664447784424 45.0342483520508 45.8472766876221 46.1414585113525 45.3189735412598 45.2058992385864 46.0757741928101 46.5370664596558 46.8858909606934 45.5734834671021 44.1178693771362 42.5402994155884 42.3695182800293 42.6481866836548 42.6608180999756 42.4421329498291 41.128885269165 40.8792057037354 41.3642244338989
50.1806983947754 49.7102794647217 49.1852779388428 48.3861589431763 47.9321060180664 47.9517774581909 47.6099815368652 48.2211008071899 48.0080947875977 48.127513885498 48.6171998977661 48.5934000015259 48.4385175704956 49.1986770629883 49.6334009170532 50.3129472732544 49.4334030151367 48.5381469726562 48.1301574707031 48.1519994735718 48.1970558166504 48.4696969985962 48.4786510467529 48.8304100036621 49.6403732299805 50.4735488891602 50.4507207870483 49.929443359375 48.6119480133057 47.0420570373535 46.3394536972046 45.5225601196289 44.8400077819824 44.704418182373 44.8761539459229 44.6464614868164 44.4211578369141 43.7749195098877 43.7013692855835 43.344672203064 45.2860012054443 46.8324747085571 45.1856737136841 42.5265245437622 42.0637140274048 41.7153310775757 40.8504619598389 40.8592481613159 41.8957557678223 42.2449674606323
49.9940824508667 49.4101934432983 49.6319532394409 49.6884775161743 49.5514516830444 49.8716897964478 49.6355180740356 48.5656833648682 48.0367736816406 47.734260559082 47.7087306976318 48.2835254669189 49.0939435958862 49.4948425292969 49.106294631958 50.1086750030518 49.3692016601562 48.2525720596313 47.6871509552002 47.6116514205933 48.2586584091187 48.403603553772 49.2407712936401 49.7501392364502 50.5371351242065 49.6342105865479 47.9001588821411 47.5253553390503 48.1222810745239 47.4391565322876 46.1786518096924 46.0226650238037 44.58567237854 44.5273332595825 44.4431972503662 44.7421493530273 44.5014772415161 44.1616868972778 43.7852792739868 44.4693431854248 45.1076250076294 44.0840787887573 43.2226104736328 42.9541444778442 42.5462732315063 42.342022895813 42.2048969268799 42.2396793365479 41.9392948150635 41.7550249099731
48.431339263916 49.0669002532959 49.4328641891479 49.5099973678589 49.6861705780029 50.0530853271484 49.6391553878784 48.7475004196167 48.7911853790283 48.7408142089844 48.4856281280518 48.5811595916748 48.4812431335449 48.4709281921387 48.335973739624 49.3142147064209 49.1421880722046 49.4473276138306 49.2922115325928 48.8636903762817 48.8671169281006 48.96839427948 49.4727821350098 50.6000242233276 50.3496942520142 48.1380281448364 47.6280097961426 46.4955530166626 45.4996061325073 44.8623008728027 44.7773466110229 45.1850309371948 45.3298721313477 44.6520671844482 45.077036857605 45.2808151245117 44.3587589263916 44.1463994979858 44.5128707885742 45.1986494064331 44.5976257324219 43.5702295303345 42.5090999603271 41.8413553237915 42.2791137695312 42.6038722991943 42.6597833633423 42.3072595596313 41.7364654541016 41.9912643432617
48.8939914703369 48.9803609848022 49.4393558502197 48.2009916305542 48.23752784729 48.7148656845093 49.1767168045044 49.8883094787598 49.3701028823853 50.0554208755493 50.772177696228 50.337082862854 49.2316408157349 48.8598804473877 48.6238536834717 48.3653755187988 48.6388654708862 48.93958568573 48.3996114730835 47.9852819442749 48.2972002029419 48.9159984588623 49.486533164978 50.1400203704834 49.8320369720459 48.4882488250732 48.3857412338257 48.1051454544067 47.1824445724487 45.5383291244507 44.9238290786743 44.7147207260132 44.852424621582 45.2329502105713 45.6230812072754 45.9677104949951 45.6649227142334 45.0171203613281 45.0605545043945 44.8733682632446 43.8261604309082 43.3931722640991 43.5004625320435 42.9841289520264 42.0494222640991 42.1700572967529 42.434271812439 42.4753074645996 42.889666557312 43.119026184082
49.2724351882935 49.5982418060303 48.7293186187744 47.9331884384155 47.6898775100708 48.3511219024658 48.5909757614136 48.4033250808716 48.9519071578979 49.1437740325928 50.1803951263428 50.8057832717896 49.6281061172485 49.0562467575073 48.4415016174316 48.0747928619385 48.5178670883179 49.0490274429321 48.435079574585 48.4249410629272 48.5621767044067 50.0863208770752 51.0434064865112 50.7388324737549 49.7427730560303 49.3616981506348 48.6706695556641 47.0245027542114 46.2085103988647 45.392276763916 45.4575157165527 45.2842826843262 45.3643684387207 45.0959386825562 46.0649156570435 46.5788621902466 46.7555494308472 46.5263261795044 46.2203712463379 46.1608409881592 44.1037502288818 43.1843509674072 43.1820497512817 42.5329513549805 42.2502536773682 41.7516899108887 42.2362432479858 41.9991750717163 41.9591293334961 42.737494468689
49.1515741348267 49.4312295913696 48.3395538330078 48.3741760253906 48.2603311538696 47.9481687545776 48.0747756958008 48.5776481628418 49.4888505935669 50.4600400924683 50.9902601242065 49.9316720962524 49.2944011688232 48.2739458084106 47.8441390991211 47.8188228607178 48.7069187164307 48.8784694671631 48.5068912506104 48.3085746765137 48.4723978042603 49.1378231048584 50.3472051620483 50.438404083252 49.4577903747559 48.5519514083862 47.4539499282837 47.1340484619141 46.0311040878296 44.697865486145 44.6814603805542 45.1727514266968 45.8377494812012 44.3582744598389 44.053409576416 44.5883636474609 44.3149995803833 44.1037693023682 43.9926080703735 43.2878456115723 43.5587139129639 42.7029609680176 42.5094566345215 43.0196342468262 43.6419086456299 44.2811164855957 43.8161401748657 43.5525245666504 43.2821426391602 43.2590894699097
49.6652412414551 48.8094711303711 48.4485015869141 48.2074184417725 48.2869606018066 48.6699857711792 49.4844694137573 50.519606590271 50.8981351852417 50.3148393630981 48.3176860809326 47.6678409576416 48.7725887298584 48.9664421081543 49.0204095840454 48.4667911529541 48.5182905197144 47.7789373397827 47.8198118209839 48.2015342712402 48.6552619934082 49.5813074111938 50.6313104629517 50.8254976272583 49.3692741394043 47.4815530776978 45.1413955688477 45.7121353149414 44.578742980957 44.2321243286133 45.4315671920776 46.0837087631226 45.907133102417 44.356837272644 44.87939453125 45.1950006484985 43.670108795166 43.0475578308105 42.4636383056641 42.3206472396851 42.7005090713501 44.128833770752 43.3531904220581 41.8753776550293 41.9693193435669 42.3248062133789 43.5846338272095 44.6530914306641 44.5031642913818 43.7491130828857
49.3442449569702 48.5677480697632 48.6241550445557 48.8835792541504 49.1671943664551 48.7432050704956 49.4260282516479 50.1312160491943 49.1845235824585 48.638973236084 49.0697364807129 48.5729236602783 48.7985057830811 49.2778434753418 48.3873805999756 48.1017503738403 48.4285163879395 48.2154903411865 47.2097072601318 47.1972064971924 46.8799247741699 46.8928050994873 48.8841419219971 50.0859889984131 50.9139575958252 50.2807493209839 49.464298248291 48.2440490722656 48.2261772155762 47.3402872085571 46.2809495925903 47.4596557617188 47.4732942581177 45.2929830551147 43.5135097503662 43.3925361633301 43.2682123184204 43.4014835357666 43.4343881607056 43.2581748962402 43.3921356201172 42.7576322555542 43.3681039810181 44.0686302185059 43.7791414260864 43.4741563796997 43.2199373245239 42.7445983886719 43.4258317947388 43.809268951416
48.6992845535278 48.7749147415161 48.9208354949951 48.2469577789307 47.7698173522949 49.0611906051636 49.6700620651245 47.7452116012573 47.6813411712646 47.6409616470337 47.9559803009033 48.3731155395508 48.6198797225952 49.112060546875 48.0114822387695 47.5794429779053 47.7392816543579 47.5929203033447 46.5663471221924 46.0170049667358 45.8322916030884 45.3264455795288 45.8405647277832 47.3314790725708 48.876669883728 49.3467893600464 49.7957706451416 49.4043045043945 47.7309293746948 48.9446067810059 49.8603172302246 48.5050458908081 48.606538772583 46.773624420166 44.7409639358521 43.5899152755737 43.5151805877686 44.1896076202393 44.0625476837158 44.1398267745972 44.5996437072754 44.5216360092163 43.9578704833984 42.8980493545532 43.0480642318726 43.0772333145142 43.0252723693848 42.7783908843994 42.9092779159546 43.089545249939
48.882303237915 47.8654556274414 47.6909942626953 48.2146329879761 49.2316160202026 48.8744716644287 47.2423028945923 47.0437488555908 46.7867345809937 47.1718454360962 47.1819562911987 47.303786277771 48.3395252227783 49.484224319458 48.5530605316162 48.0287771224976 48.5177421569824 47.7304811477661 47.1116352081299 46.5930595397949 45.8018035888672 46.0029706954956 46.7993717193604 46.6375827789307 47.8849058151245 48.8061838150024 50.1423501968384 51.2490835189819 48.9559469223022 47.8624410629272 47.7022695541382 47.3527765274048 46.4325742721558 46.996018409729 46.7938051223755 45.8665838241577 46.0740404129028 45.3730030059814 44.8400621414185 44.6454877853394 43.8915700912476 43.4520998001099 43.6384468078613 43.8182373046875 43.0727615356445 42.3166189193726 42.894024848938 42.8119325637817 42.690990447998 42.647834777832
47.0927572250366 48.1123170852661 48.8116855621338 48.6724319458008 48.0387182235718 47.5370225906372 47.9717636108398 47.8497581481934 47.1709394454956 47.530177116394 47.630973815918 47.4811763763428 47.789722442627 47.6470499038696 47.3359498977661 47.2325534820557 48.3532466888428 47.6196546554565 46.2867317199707 45.8173036575317 46.1498975753784 46.0555686950684 46.3666334152222 46.3864479064941 47.0663795471191 48.7208108901978 49.2273302078247 47.5380582809448 46.7241315841675 46.4148569107056 44.4318408966064 44.4008636474609 44.4849672317505 44.334774017334 45.3268404006958 45.4903287887573 44.194447517395 43.3678216934204 43.5843620300293 44.1184816360474 44.8026161193848 44.9321193695068 43.271068572998 42.84619140625 43.2970104217529 43.8933906555176 42.9102115631104 42.8990325927734 42.7536468505859 41.7851333618164
48.7055559158325 48.6068296432495 48.7334680557251 48.2169532775879 47.8071393966675 48.5801420211792 47.7585411071777 47.1149625778198 47.9927282333374 47.1327495574951 46.779275894165 46.998797416687 46.1558046340942 46.6151094436646 47.0179319381714 47.1122617721558 47.5452604293823 48.3795413970947 46.3152618408203 45.7368459701538 45.9349718093872 46.2554216384888 45.5691957473755 46.245943069458 47.2216787338257 48.7836589813232 47.1018962860107 45.2951326370239 44.5884618759155 44.4754285812378 45.4951791763306 45.2635917663574 44.7951793670654 44.7053747177124 44.7363109588623 45.6847648620605 44.8152990341187 43.773645401001 43.2691373825073 42.9795713424683 43.4297952651978 44.0922813415527 44.1829481124878 44.32728099823 44.0042161941528 43.6811103820801 44.2098588943481 43.6388082504272 42.7218990325928 42.7989816665649
49.0039710998535 49.3072328567505 49.4925498962402 49.2639207839966 48.697979927063 47.4231786727905 47.490795135498 48.3502149581909 47.6580181121826 46.7303304672241 46.6839017868042 47.152268409729 47.5048913955688 47.5057725906372 47.7624349594116 47.3612508773804 48.3573217391968 48.4628963470459 46.6350021362305 45.6280651092529 45.3992233276367 46.0304594039917 47.0143251419067 47.2486991882324 48.6010065078735 47.6781234741211 46.476996421814 45.8778619766235 45.1542043685913 44.427830696106 43.4142112731934 43.7439298629761 44.0493583679199 44.1756410598755 43.6543912887573 44.2668075561523 45.1015367507935 44.7108201980591 43.6785287857056 42.9956293106079 43.2463045120239 43.1062316894531 43.1771936416626 44.1222553253174 44.7564973831177 44.9009771347046 44.5239496231079 44.1659421920776 43.397762298584 42.6718521118164
