data/spatiotemp/temp1/bio11_norsw_test_2003_2006.asc
NCOLS 654 
NROWS 380 
XLLCORNER 3.91666666666667 
YLLCORNER 55.3333333333333 
CELLSIZE 0.0416666666666666 
NODATA_value -9999 
[rows 88 to 109 of 380, columns 288 to 335 of 654]
-6.77707326412201 -6.70485663414001 -6.75597310066223 -7.16509008407593 -7.57703995704651 -8.13115632534027 -8.3707731962204 -8.51272320747375 -8.6905562877655 -8.58893990516663 -8.38648974895477 -7.96303939819336 -7.64358925819397 -7.71280574798584 -7.94702231884003 -8.26290535926819 -8.46728849411011 -8.53050518035889 -8.54055500030518 -8.59693825244904 -8.64177858829498 -8.77174353599548 -8.99870872497559 -9.287672996521 -9.48013782501221 -9.72626972198486 -10.0249009132385 -10.1186988353729 -10.0536639690399 -9.91829514503479 -9.98375988006592 -10.2238912582397 -10.47021484375 -10.6025629043579 -10.6137447357178 -10.5395929813385 -10.5344414710999 -11.1151232719421 -11.5871381759644 -11.7034866809845 -11.4540016651154 -11.2441835403442 -11.0213651657104 -10.8642137050629 -10.7000830173492 -10.76313996315 -11.2715303897858 -11.6277542114258
-6.99559164047241 -7.61340665817261 -8.07705521583557 -8.36620342731476 -8.58885216712952 -8.85033404827118 -8.80281543731689 -8.67779767513275 -8.75304710865021 -8.71306478977203 -8.66924917697906 -8.37060010433197 -8.23161792755127 -8.34663558006287 -8.44731986522675 -8.60600411891937 -8.93885517120361 -9.32053923606873 -9.62289047241211 -9.75790786743164 -9.86032104492188 -9.75279664993286 -9.52893877029419 -9.61708092689514 -9.7812225818634 -9.72936487197876 -9.62367343902588 -9.68114876747131 -9.82729125022888 -10.0444326400757 -10.216908454895 -10.355217218399 -10.638028383255 -11.059175491333 -11.2488224506378 -11.4851360321045 -11.3479497432709 -10.9819300174713 -11.2495770454407 -11.2627241611481 -11.5008707046509 -12.0821845531464 -12.1216650009155 -12.3551452159882 -11.8426175117493 -11.2274131774902 -10.7757093906403 -11.1203391551971
-8.44577646255493 -8.5994565486908 -8.78713691234589 -8.81198382377625 -8.85983073711395 -8.85917794704437 -8.80185830593109 -8.62670528888702 -8.63853788375854 -8.64102351665497 -8.5295090675354 -8.20316088199615 -7.94914650917053 -8.00913190841675 -8.0666172504425 -8.00110280513763 -8.12558829784393 -8.47224032878876 -8.81439280509949 -8.90737783908844 -9.08469676971436 -9.33084964752197 -9.46950221061707 -9.63165497779846 -9.78747415542603 -9.84312653541565 -9.80427932739258 -9.80993223190308 -9.81175136566162 -9.9817373752594 -10.4187235832214 -10.8108763694763 -10.7981753349304 -10.7136206626892 -10.9664001464844 -11.4011788368225 -11.4572908878326 -11.7130701541901 -11.6191823482513 -11.4559609889984 -10.888073682785 -11.1698524951935 -11.5736312866211 -12.1179101467133 -12.4698176383972 -12.1340200901031 -11.3423888683319 -10.9047572612762
-8.42112815380096 -8.64417314529419 -8.84488582611084 -9.10893130302429 -9.08830976486206 -9.20902228355408 -9.38240075111389 -9.35811257362366 -9.21769547462463 -8.94998216629028 -8.95660185813904 -8.81772208213806 -8.605841755867 -8.42696142196655 -8.34208154678345 -7.9610344171524 -8.02698802947998 -8.43894135951996 -9.10989451408386 -9.42734742164612 -9.65407276153564 -9.5517361164093 -9.54873275756836 -9.7265625 -10.324392080307 -10.745555639267 -10.6855521202087 -10.494048833847 -10.3188786506653 -10.2473757266998 -10.2643721103668 -10.7467017173767 -11.2753224372864 -11.5762331485748 -11.4501440525055 -11.5767216682434 -11.4761326313019 -11.3582098484039 -11.1282875537872 -11.6138651371002 -11.5899426937103 -11.2851867675781 -10.9477646350861 -10.9853420257568 -11.3870182037354 -11.1512932777405 -11.2397339344025 -11.8231756687164
-8.56064653396606 -8.80789029598236 -9.11430072784424 -9.48054480552673 -9.54245567321777 -9.34886646270752 -9.2617769241333 -9.29452085494995 -9.28468632698059 -9.36410713195801 -9.71352863311768 -9.87328290939331 -9.58237075805664 -9.19662499427795 -9.28121256828308 -9.06330037117004 -8.95755434036255 -8.9491423368454 -9.1723964214325 -9.44498419761658 -9.56844830513 -9.59095549583435 -9.70812964439392 -9.94947004318237 -10.2019772529602 -10.4829843044281 -10.6299915313721 -10.587498664856 -10.5641725063324 -10.6193466186523 -10.4856872558594 -10.7736942768097 -11.1851360797882 -11.3565118312836 -11.2940549850464 -11.629597902298 -11.7976405620575 -12.2633502483368 -11.9897260665894 -12.1252691745758 -12.0414786338806 -11.7730214595795 -11.2953975200653 -10.8879404067993 -11.4362192153931 -11.8887326717377 -11.8650803565979 -12.091260433197
-9.3896644115448 -10.2371070384979 -10.4855494499207 -10.38099193573 -10.2007675170898 -9.85737657546997 -9.66081929206848 -9.62109518051147 -9.63017749786377 -10.1528995037079 -10.499121427536 -10.2348437309265 -9.86189937591553 -9.69212102890015 -9.61284327507019 -9.69539856910706 -9.57528781890869 -9.33050990104675 -9.55606579780579 -9.87395405769348 -10.3771572113037 -10.3713417053223 -9.96635985374451 -9.85021090507507 -10.083062171936 -10.3930795192719 -10.563264131546 -10.6487822532654 -10.8899667263031 -10.8724842071533 -10.7750022411346 -10.9438533782959 -11.3164496421814 -11.3514575958252 -11.7156329154968 -11.7391407489777 -11.5579824447632 -11.5778238773346 -11.4789984226227 -11.3380064964294 -11.5900142192841 -11.4188559055328 -11.1435308456421 -11.0542793273926 -11.3422527313232 -11.1803388595581 -11.4499254226685 -11.8220119476318
-8.57354319095612 -9.15895462036133 -9.7193660736084 -10.2332775592804 -10.3531894683838 -9.92643427848816 -9.66451239585876 -9.71459054946899 -9.74034643173218 -10.0239453315735 -9.83454513549805 -9.77597761154175 -9.85140991210938 -9.92200970649719 -9.68077564239502 -9.57304120063782 -9.93464088439941 -10.2667405605316 -10.255006313324 -10.2357726097107 -10.2264022827148 -10.5373954772949 -10.9427223205566 -10.9215493202209 -10.8445432186127 -10.639369726181 -10.5135300159454 -10.7431900501251 -10.8378500938416 -10.8040103912354 -11.103170633316 -11.4543306827545 -11.3483831882477 -11.5298278331757 -11.9259393215179 -11.8353841304779 -11.7483284473419 -11.81693983078 -11.9500510692596 -11.9883291721344 -11.8337738513947 -11.9353847503662 -11.9489963054657 -12.2302746772766 -12.2378761768341 -12.4788017272949 -11.8920602798462 -11.2451527118683
-8.73411500453949 -9.16926622390747 -9.39208459854126 -9.60806918144226 -9.77955389022827 -9.78737187385559 -9.6356897354126 -9.95717477798462 -10.3483598232269 -10.1102459430695 -10.0312986373901 -10.15518450737 -10.2300708293915 -10.2951233386993 -10.2588424682617 -10.4577283859253 -10.3964478969574 -10.6081671714783 -11.0778868198395 -10.829772233963 -10.6658494472504 -10.6667833328247 -10.8357179164886 -11.0938189029694 -11.1402530670166 -10.9601874351501 -10.7814555168152 -10.6728894710541 -10.5530307292938 -10.8572578430176 -11.2371926307678 -11.454793214798 -11.594269990921 -11.6029555797577 -11.2271413803101 -11.0946607589722 -11.2291796207428 -11.6561987400055 -12.1288847923279 -12.3605706691742 -12.6367559432983 -12.4477751255035 -12.1944608688354 -12.0616462230682 -11.8577551841736 -11.9741196632385 -11.8931515216827 -11.4350161552429
-7.78520798683167 -7.78023886680603 -8.0386039018631 -8.4079681634903 -8.72791838645935 -9.12580966949463 -9.47753381729126 -9.9237585067749 -10.5388734340668 -10.8072128295898 -10.956218957901 -10.8578915596008 -11.0312306880951 -10.9757368564606 -10.7045760154724 -10.5679156780243 -10.5050880908966 -10.4675943851471 -10.7054336071014 -10.777272939682 -10.8157966136932 -10.8358383178711 -10.8833801746368 -10.9955887794495 -11.1074635982513 -11.1000053882599 -11.1023800373077 -10.8815889358521 -10.6275131702423 -10.7164463996887 -11.1097140312195 -11.4930894374847 -11.4089901447296 -11.3294169902802 -11.3626775741577 -11.3572707176208 -11.0172936916351 -11.1136305332184 -11.6938848495483 -12.2096447944641 -12.2200720310211 -12.2368326187134 -12.3114256858826 -12.1740193367004 -11.9843010902405 -11.6951048374176 -11.5240752696991 -11.518711566925
-8.79375910758972 -8.74805700778961 -8.29894971847534 -8.0832976102829 -8.41076719760895 -9.09074711799622 -9.43971133232117 -9.55367565155029 -9.87705397605896 -10.1628465652466 -10.337306022644 -10.4132649898529 -10.4897246360779 -10.667683839798 -10.5848095417023 -10.4914357662201 -10.5340614318848 -10.5025207996368 -10.6799802780151 -10.9886062145233 -11.2015771865845 -11.2037262916565 -11.2355425357819 -11.2498581409454 -11.285507440567 -11.2716567516327 -11.1913058757782 -10.8356211185455 -10.690661907196 -10.6062133312225 -10.9765686988831 -11.1370513439178 -11.149543762207 -11.0612154006958 -11.0114912986755 -11.2323808670044 -11.0881500244141 -10.9839458465576 -11.143931388855 -11.3185827732086 -11.437064409256 -11.4857096672058 -11.6060209274292 -11.6809995174408 -11.7150979042053 -11.7146501541138 -11.7062022686005 -11.6680879592896
-8.96949791908264 -8.80550980567932 -8.78962910175323 -8.91308188438416 -9.21098065376282 -9.60768485069275 -10.0128886699677 -10.170759677887 -9.98590064048767 -9.96498036384583 -10.0010597705841 -10.136305809021 -10.1078848838806 -10.0937781333923 -10.3833823204041 -10.5523204803467 -10.7247018814087 -10.6892809867859 -10.8760271072388 -11.0637726783752 -11.1408574581146 -11.08744764328 -11.1713709831238 -11.2102942466736 -11.3082180023193 -11.3491411209106 -11.2393977642059 -11.0799877643585 -10.8068108558655 -10.6532275676727 -10.8190097808838 -11.4308474063873 -11.4627633094788 -11.4613394737244 -11.2849152088165 -11.0957198143005 -10.9963350296021 -10.9581096172333 -10.9635500907898 -11.0586581230164 -11.2024323940277 -11.3812067508698 -11.5354807376862 -11.6782550811768 -11.8239331245422 -11.8843486309052 -11.8020963668823 -11.7086782455444
-8.8925701379776 -8.76918065547943 -8.95497536659241 -9.21056771278381 -9.51217842102051 -9.92045569419861 -10.1078989505768 -10.0908432006836 -10.0694146156311 -10.0862805843353 -9.93351197242737 -9.66776776313782 -9.67602276802063 -9.96261215209961 -10.3552007675171 -10.5564565658569 -10.595712184906 -10.8218746185303 -11.126407623291 -11.2091071605682 -11.3736383914948 -11.3250029087067 -11.1485331058502 -11.0393970012665 -11.0767614841461 -11.265291929245 -11.475656747818 -11.3248536586761 -11.1015508174896 -10.9784517288208 -10.7870142459869 -10.8461198806763 -11.0828139781952 -11.6848006248474 -11.6876177787781 -11.5221014022827 -11.4632513523102 -11.363569021225 -11.1747214794159 -11.1362338066101 -11.2696301937103 -11.4518609046936 -11.5959241390228 -11.6406545639038 -11.7358555793762 -11.8330278396606 -11.7870337963104 -11.8118727207184
-8.45730841159821 -8.69549238681793 -9.17950892448425 -9.53252601623535 -9.65470957756042 -9.77072644233704 -10.3687431812286 -10.3805937767029 -10.2692618370056 -10.2862474918365 -10.1063935756683 -10.0786333084106 -10.2718389034271 -10.3655066490173 -10.4293410778046 -10.4528424739838 -10.6134986877441 -10.8694679737091 -11.206120967865 -11.1779398918152 -11.2350857257843 -11.3287241458893 -11.2541947364807 -11.0030000209808 -11.0884716510773 -11.2429430484772 -11.5500810146332 -11.643886089325 -11.4521911144257 -11.3121626377106 -11.2084655761719 -11.1012802124023 -11.0361711978912 -10.9978573322296 -11.0650434494019 -11.0815629959106 -11.0570831298828 -11.1661021709442 -11.1347887516022 -11.1948087215424 -11.3426613807678 -11.5048480033875 -11.7492008209229 -11.8758873939514 -11.74161195755 -11.8182079792023 -11.8518040180206 -11.8864002227783
-8.40238058567047 -8.62963736057281 -9.26339387893677 -9.5128173828125 -9.6181697845459 -9.76375389099121 -9.75467205047607 -9.84792327880859 -9.91516065597534 -10.0067181587219 -10.1349422931671 -10.277824640274 -10.5223896503448 -10.632613658905 -10.6525046825409 -10.5693383216858 -10.4385499954224 -10.3780953884125 -10.6906404495239 -10.8543524742126 -10.8940010070801 -10.9988670349121 -11.2778568267822 -11.3934361934662 -11.27334856987 -11.0789279937744 -11.1968603134155 -11.453919172287 -11.690664768219 -11.6469104290009 -11.6289896965027 -11.6080682277679 -11.5290906429291 -11.3757228851318 -11.1483385562897 -11.0824811458588 -11.1297903060913 -11.1194326877594 -11.1370751857758 -11.2988841533661 -11.5016927719116 -11.6621685028076 -11.8586440086365 -11.9294531345367 -11.7170343399048 -11.6988883018494 -11.758241891861 -11.7597620487213
-10.127286195755 -10.1707828044891 -9.75977897644043 -9.94960880279541 -10.2507719993591 -10.3229348659515 -10.0582647323608 -9.83192777633667 -9.68007397651672 -9.61628246307373 -9.70015716552734 -10.1263120174408 -10.4852344989777 -10.553323507309 -10.5539128780365 -10.4685018062592 -10.5690908432007 -10.8646800518036 -10.8632690906525 -10.8896968364716 -10.8976600170135 -10.9137117862701 -10.9137575626373 -10.956832408905 -11.1691994667053 -11.2339179515839 -11.1655580997467 -11.2012996673584 -11.364738702774 -11.5303249359131 -11.7565112113953 -11.8606977462769 -11.8373107910156 -11.6755182743073 -11.4220578670502 -11.2320654392242 -11.2224977016449 -11.2545957565308 -11.3621942996979 -11.5472922325134 -11.6873912811279 -11.7503225803375 -11.8270874023438 -11.8060190677643 -11.6429569721222 -11.6494014263153 -11.7253453731537 -11.7911229133606
-10.5290246009827 -10.4144279956818 -10.3729975223541 -10.1117334365845 -9.99163627624512 -10.3590388298035 -10.3491089344025 -10.4425115585327 -10.3624696731567 -10.3144817352295 -10.3433718681335 -10.506564617157 -10.6580898761749 -10.7462823390961 -10.8088080883026 -10.8503334522247 -10.9141931533813 -10.9605977535248 -10.9247310161591 -10.8788640499115 -10.6688797473907 -10.8439445495605 -10.9450097084045 -10.901575088501 -10.8941395282745 -10.9877047538757 -11.0156028270721 -11.0426676273346 -11.1952328681946 -11.3992977142334 -11.5116970539093 -11.7603261470795 -11.8413643836975 -11.6821455955505 -11.6392607688904 -11.6883754730225 -11.5159904956818 -11.3800921440125 -11.4271464347839 -11.6338677406311 -11.8307549953461 -11.8913097381592 -11.9491968154907 -11.958918094635 -11.866712808609 -11.842747926712 -11.893449306488 -12.0769844055176
-10.5605971813202 -10.3894064426422 -10.079882144928 -10.1495246887207 -10.1668338775635 -10.1666433811188 -10.3981194496155 -10.72576212883 -10.9609832763672 -11.1969487667084 -11.0864148139954 -10.8922140598297 -10.8218462467194 -10.8543121814728 -11.0072777271271 -11.0912437438965 -11.0475430488586 -11.1140089035034 -11.3089745044708 -11.1954407691956 -11.0925409793854 -11.0550670623779 -11.1358242034912 -11.143248796463 -11.0950376987457 -11.0859260559082 -11.1503143310547 -11.1560351848602 -11.149423122406 -11.2481443881989 -11.2848656177521 -11.380753993988 -11.4262034893036 -11.5606069564819 -11.6582963466644 -11.4866740703583 -11.5500075817108 -11.482284784317 -11.497932434082 -11.5677762031555 -11.7011196613312 -11.8441302776337 -11.9456408023834 -11.9988176822662 -12.0256357192993 -12.0525946617126 -12.0423867702484 -12.1481790542603
-9.82819747924805 -9.97629141807556 -10.1587183475494 -10.2721452713013 -10.3285377025604 -10.5897479057312 -10.8724637031555 -11.0295126438141 -11.0846633911133 -11.198082447052 -11.2855017185211 -11.3057544231415 -11.2091736793518 -11.0617597103119 -11.0378453731537 -11.0372641086578 -11.0843501091003 -11.0059268474579 -11.4938552379608 -11.7304406166077 -11.5234882831573 -11.2546637058258 -11.2225060462952 -11.1915147304535 -11.1660761833191 -11.1960203647614 -11.2806305885315 -11.2615699768066 -11.2959473133087 -11.2856588363647 -11.2890365123749 -11.3517475128174 -11.361752986908 -11.4098856449127 -11.4641861915588 -11.5133187770844 -11.6054518222809 -11.7234184741974 -11.800384759903 -11.8253517150879 -11.8614842891693 -11.9349510669708 -11.9982500076294 -12.0282168388367 -12.0563912391663 -12.0204410552979 -11.9716572761536 -11.975040435791
-10.0824644565582 -10.1087155342102 -10.18794465065 -10.4185073375702 -10.6696496009827 -10.5826330184937 -10.6451954841614 -10.9382464885712 -10.9949140548706 -11.0333268642426 -11.204240322113 -11.3836534023285 -11.382066488266 -11.2666466236115 -11.2562263011932 -11.1691393852234 -11.0838615894318 -11.048526763916 -11.0718379020691 -11.2582919597626 -11.419214963913 -11.5113139152527 -11.4672458171844 -11.3778443336487 -11.3025252819061 -11.2241339683533 -11.3085286617279 -11.5397398471832 -11.4558386802673 -11.3884530067444 -11.4034399986267 -11.4170005321503 -11.4300274848938 -11.4105186462402 -11.529176235199 -11.727000951767 -11.8559923171997 -11.894150018692 -11.9599742889404 -11.9549663066864 -11.9596242904663 -12.0197820663452 -12.0797736644745 -12.1109313964844 -12.1468887329102 -12.1528117656708 -12.1614019870758 -12.1553249359131
-10.5309827327728 -10.532742023468 -10.3081679344177 -10.2194976806641 -10.3952980041504 -10.6017544269562 -10.6665441989899 -10.5723423957825 -10.7052476406097 -10.8958473205566 -11.0899631977081 -11.3185784816742 -11.3263597488403 -11.2453072071075 -11.1532168388367 -11.1135740280151 -11.0897107124329 -11.0931437015533 -11.1904096603394 -11.2663354873657 -11.3270885944366 -11.2854664325714 -11.2847375869751 -11.3381757736206 -11.4430193901062 -11.4363853931427 -11.3846569061279 -11.511467218399 -11.7057583332062 -11.6922628879547 -11.5039150714874 -11.4495139122009 -11.4460253715515 -11.4386105537415 -11.6020286083221 -11.5249474048615 -11.5315318107605 -11.5274505615234 -11.8875353336334 -12.0764541625977 -12.0393726825714 -12.0841243267059 -12.1395425796509 -12.096293926239 -12.0556268692017 -12.0648736953735 -12.1537871360779 -12.2477006912231
-10.7078342437744 -10.753098487854 -10.65536236763 -10.5401260852814 -10.5241923332214 -10.4454617500305 -10.4510867595673 -10.6498782634735 -10.6954987049103 -10.9022800922394 -11.1170616149902 -11.2721695899963 -11.4844853878021 -11.5473012924194 -11.4631175994873 -11.3661005496979 -11.2743334770203 -11.2448663711548 -11.2358150482178 -11.2632632255554 -11.3313946723938 -11.3510432243347 -11.4246916770935 -11.5000061988831 -11.5398211479187 -11.5548031330109 -11.4637846946716 -11.5164334774017 -11.587965965271 -11.6070785522461 -11.6376657485962 -11.5479714870453 -11.4625232219696 -11.4858689308167 -11.6812143325806 -11.7663927078247 -11.7492389678955 -11.677250623703 -11.9070963859558 -12.0612754821777 -12.0124537944794 -12.0592994689941 -12.1376447677612 -12.1529903411865 -12.16219830513 -12.1717686653137 -12.269505739212 -12.3840761184692
-10.3451862335205 -10.5546214580536 -10.39089012146 -10.4794919490814 -10.5929272174835 -10.5543313026428 -10.5490419864655 -10.6550815105438 -10.8215825557709 -10.9232132434845 -11.1215100288391 -11.1526408195496 -11.257444858551 -11.4589624404907 -11.5438132286072 -11.4846637248993 -11.448014497757 -11.4411981105804 -11.4562177658081 -11.4051837921143 -11.3762617111206 -11.331619977951 -11.398145198822 -11.4563374519348 -11.5321960449219 -11.6087210178375 -11.5969133377075 -11.4826054573059 -11.4587967395782 -11.518488407135 -11.5538475513458 -11.5842056274414 -11.6385221481323 -11.6496276855469 -11.7094004154205 -11.8608391284943 -11.9294452667236 -11.9115512371063 -11.8876571655273 -11.6269295215607 -11.4178688526154 -11.6346414089203 -11.9869139194489 -12.2280201911926 -12.3244364261627 -12.3143298625946 -12.3083908557892 -12.3966181278229
