data/spatiotemp/temp1/bio14_norsw_test_2003_2006.asc
NCOLS 654 
NROWS 380 
XLLCORNER 3.91666666666667 
YLLCORNER 55.3333333333333 
CELLSIZE 0.0416666666666666 
NODATA_value -9999 
[rows 242 to 263 of 380, columns 300 to 349 of 654]
20.0027031898499 19.972907781601 19.8781352043152 19.9069681167603 19.1692113876343 18.1866853237152 17.2763457298279 17.78941655159 18.1294229030609 17.6710834503174 17.4979991912842 17.4477257728577 17.8009803295135 17.5631058216095 17.5117781162262 17.2466335296631 16.797331571579 16.4139931201935 16.3659403324127 16.0446307659149 15.8440353870392 -9999 -9999 -9999 -9999 -9999 -9999 -9999 -9999 -9999 -9999 -9999 -9999 -9999 -9999 -9999 -9999 -9999 -9999 -9999 -9999 -9999 -9999 -9999 -9999 -9999 -9999 -9999 -9999 -9999
19.4405195713043 19.5171461105347 19.1922059059143 19.1004614830017 18.9038400650024 17.9215552806854 17.3003051280975 17.4029560089111 17.4601349830627 17.4770333766937 17.6502032279968 17.8214554786682 17.7726504802704 17.3841626644135 17.3997588157654 17.0733132362366 16.6265740394592 16.2451822757721 16.1373126506805 15.8812050819397 -9999 -9999 -9999 -9999 -9999 -9999 -9999 -9999 -9999 -9999 -9999 -9999 -9999 -9999 -9999 -9999 -9999 -9999 -9999 -9999 -9999 -9999 -9999 -9999 -9999 -9999 -9999 -9999 -9999 -9999
18.0090634822845 19.2488448619843 19.3445613384247 18.6029191017151 17.4937229156494 17.8234493732452 17.8597130775452 17.5488460063934 17.075014591217 17.3170158863068 17.2726693153381 17.2283227443695 17.0615544319153 17.1396296024323 16.9406855106354 16.4952871799469 16.2368824481964 16.0104269981384 15.968902349472 -9999 -9999 -9999 -9999 -9999 -9999 -9999 -9999 -9999 -9999 -9999 -9999 -9999 -9999 -9999 -9999 -9999 -9999 -9999 -9999 -9999 -9999 -9999 -9999 -9999 -9999 -9999 -9999 -9999 -9999 -9999
19.4359107017517 18.2622246742249 17.9869999885559 18.210654258728 17.5189189910889 17.2054653167725 17.4711010456085 17.9193243980408 17.8540782928467 17.4659535884857 17.4239504337311 17.2595825195312 17.2176570892334 16.9560406208038 16.7927470207214 16.5335078239441 16.0915389060974 15.8355836868286 15.7350215911865 -9999 -9999 -9999 -9999 -9999 -9999 -9999 -9999 -9999 -9999 -9999 -9999 -9999 -9999 -9999 -9999 -9999 -9999 -9999 -9999 -9999 -9999 -9999 -9999 -9999 -9999 -9999 -9999 -9999 -9999 -9999
20.1439571380615 19.7478847503662 18.3891155719757 18.7795171737671 18.7529118061066 17.6447694301605 17.7856774330139 18.0458393096924 17.8786787986755 17.9013707637787 17.4526796340942 17.4130868911743 17.3734953403473 16.9908874034882 16.9520547389984 16.5717272758484 16.1311259269714 15.8757271766663 15.7778259515762 15.7074093818665 15.6852151155472 15.6689977645874 -9999 -9999 -9999 -9999 -9999 -9999 -9999 -9999 -9999 -9999 -9999 -9999 -9999 -9999 -9999 -9999 -9999 -9999 -9999 -9999 -9999 -9999 -9999 -9999 -9999 -9999 -9999 -9999
18.9603643417358 19.2292969226837 18.9610838890076 18.3266744613647 18.2376391887665 18.085104227066 17.7049322128296 17.7404458522797 17.9032788276672 17.7430944442749 17.7053370475769 17.6675786972046 17.4692134857178 17.4318149089813 17.1727874279022 16.7316677570343 16.3536381721497 16.0373876094818 16.0029220581055 15.9684557914734 15.910736322403 15.7087142467499 -9999 -9999 -9999 -9999 -9999 -9999 -9999 -9999 -9999 -9999 -9999 -9999 -9999 -9999 -9999 -9999 -9999 -9999 -9999 -9999 -9999 -9999 -9999 -9999 -9999 -9999 -9999 -9999
19.72660779953 18.5459718704224 18.5060758590698 18.539368391037 18.8044517040253 19.2519133090973 18.1430613994598 18.0533783435822 17.9907264709473 17.4226830005646 17.3880226612091 17.5374507904053 17.5024242401123 17.0605828762054 17.0264005661011 16.7697191238403 16.5139942169189 16.480770111084 16.0449594259262 16.2331650257111 16.2945945262909 16.0873708724976 16.2177057266235 -9999 -9999 -9999 -9999 -9999 -9999 -9999 -9999 -9999 -9999 -9999 -9999 -9999 -9999 -9999 -9999 -9999 -9999 -9999 -9999 -9999 -9999 -9999 -9999 -9999 -9999 -9999
18.9008297920227 18.3848912715912 17.8094096183777 18.3304719924927 18.660662651062 18.3838603496552 17.8152251243591 17.9544818401337 17.5439991950989 17.5114688873291 17.4168610572815 17.3846218585968 17.1272864341736 17.0954306125641 17.0635743141174 17.0317175388336 16.9998617172241 16.744823217392 16.4905512332916 16.5189192295074 16.3985171318054 16.5274492502213 16.0383721590042 -9999 -9999 -9999 -9999 -9999 -9999 -9999 -9999 -9999 -9999 -9999 -9999 -9999 -9999 -9999 -9999 -9999 -9999 -9999 -9999 -9999 -9999 -9999 -9999 -9999 -9999 -9999
19.3375961780548 18.5161190032959 17.8163855075836 18.0272636413574 17.9378092288971 17.9708096981049 17.8811855316162 17.7287859916687 17.5466198921204 17.3317353725433 17.301370382309 17.1049356460571 17.0750925540924 17.0452494621277 17.0154066085815 16.9855629205704 16.9557193517685 16.98566365242 16.852575302124 16.8818130493164 16.418421626091 16.2070747613907 16.1162617206573 -9999 15.4466497898102 -9999 -9999 -9999 -9999 -9999 -9999 -9999 -9999 -9999 -9999 -9999 -9999 -9999 -9999 -9999 -9999 -9999 -9999 -9999 -9999 -9999 -9999 -9999 -9999 -9999
17.8601167201996 17.9577867984772 17.8686277866364 17.7160995006561 17.5048797130585 17.647748708725 17.6790261268616 17.3600907325745 17.1169052124023 17.1311523914337 17.2235455513 16.9684059619904 16.8350322246552 16.6856119632721 16.5965783596039 16.5685530900955 16.721327662468 16.8125104904175 16.7834827899933 16.5310046672821 16.5315492153168 16.1057214736938 -9999 -9999 -9999 -9999 -9999 -9999 -9999 -9999 -9999 -9999 -9999 -9999 -9999 -9999 -9999 -9999 -9999 -9999 -9999 -9999 -9999 -9999 -9999 -9999 -9999 -9999 -9999 -9999
18.2790632247925 17.7617981433868 17.6715738773346 17.5813493728638 17.2576005458832 17.3378729820251 17.2478106021881 17.0365915298462 16.9152870178223 16.6608617305756 16.5717895030975 16.2570806741714 16.2308192253113 16.4911113977432 16.584756731987 16.5577858686447 16.7113115787506 16.7437896728516 16.612508058548 16.8086552619934 16.7521412372589 16.3257749080658 16.2420704364777 16.2156620025635 15.9146835803986 15.7756620645523 15.5353546142578 15.279772400856 14.9882441759109 14.7360852956772 -9999 -9999 -9999 -9999 -9999 -9999 -9999 -9999 -9999 -9999 -9999 -9999 -9999 -9999 -9999 -9999 -9999 -9999 -9999 -9999
18.2707812786102 18.1769795417786 17.3016290664673 17.2119836807251 17.1223380565643 17.264568567276 16.8802132606506 16.7907359600067 16.7952163219452 16.5858728885651 16.4357761144638 16.242446064949 16.2172129154205 16.1919807195663 16.6931163072586 16.6671417951584 16.8213618993759 16.8548820018768 16.8282730579376 16.8016638755798 16.5247931480408 16.1035078763962 16.0247656106949 16.003338098526 15.9240803718567 15.8448232412338 15.8213295936584 15.3543603420258 15.2218863964081 14.7615239620209 -9999 -9999 -9999 -9999 -9999 13.3519122600555 13.3221708536148 13.1243764162064 13.0951517820358 -9999 -9999 -9999 -9999 -9999 -9999 -9999 -9999 -9999 -9999 -9999
17.8996822834015 17.5674545764923 17.2909512519836 17.199919462204 16.9878902435303 16.954877614975 16.9737749099731 16.8814277648926 16.5325920581818 16.2804434299469 16.4824500083923 16.5157624483109 16.4296669960022 16.3602539300919 16.7416436672211 16.7164620161057 16.8110319375992 16.8456721305847 16.87974858284 16.6302797794342 16.8018591403961 16.901159286499 16.6016302108765 16.3474087715149 16.2081954479218 15.8577127456665 15.8377139568329 15.373699426651 15.1812173128128 14.841165304184 14.7687627077103 14.4340131282806 14.3815466165543 14.2305865287781 13.9892030954361 13.6952946186066 13.6006083488464 13.3081612586975 13.1086772680283 -9999 -9999 -9999 -9999 -9999 -9999 -9999 -9999 -9999 -9999 -9999
17.8915905952454 17.7332696914673 17.5176277160645 17.1878545284271 17.0954358577728 17.0030155181885 16.8478262424469 16.6358687877655 16.6972954273224 16.6729514598846 16.7063302993774 16.5011962652206 16.4774047136307 16.6340796947479 16.7294640541077 16.7053650617599 16.7414186000824 16.8364629745483 16.8120710849762 16.7876799106598 16.5742752552032 16.5590732097626 16.484947681427 16.41082239151 16.3366968631744 15.8706020116806 15.7983294725418 15.6081137657166 15.3220934867859 15.1335878372192 14.7975016832352 14.517878651619 14.4654552936554 14.3755357265472 14.0140402317047 13.7697725296021 13.5662895441055 13.3238923549652 13.1757355928421 -9999 -9999 -9999 -9999 -9999 -9999 -9999 10.4455424547195 10.5781803131104 -9999 -9999
18.124490737915 18.2114543914795 17.9288232326508 17.7790832519531 17.3159217834473 17.2203528881073 16.8943719863892 16.9198043346405 16.9232883453369 16.6562554836273 16.4060444831848 16.321572303772 16.2988858222961 16.621196269989 16.3726246356964 16.6942673921585 16.7314147949219 16.932653427124 16.6848390102386 16.840042591095 16.7927460670471 16.7801303863525 16.7085604667664 16.4169061183929 16.3463613986969 16.2195144891739 15.8147110939026 15.4123768806458 15.3448318243027 15.2772862911224 14.8262401819229 14.8135784864426 14.7074801921844 14.4568308591843 14.0919886827469 14.0535019636154 13.8063243627548 13.6011387109756 13.3026218414307 13.1527508497238 13.1162513494492 -9999 -9999 -9999 -9999 -9999 10.9181880950928 11.2103867530823 11.1924639940262 11.1740674972534
18.3015115261078 18.3225150108337 17.8643555641174 17.7663323879242 17.365665435791 17.2056128978729 17.2277510166168 17.1304507255554 16.8427014350891 16.8202111721039 16.3903071880341 16.3683969974518 16.2852544784546 16.3245775699615 16.3607187271118 16.6248302459717 16.5424267053604 16.699211359024 16.5720458030701 16.490273475647 16.6238820552826 16.7792963981628 16.4899544715881 16.7009184360504 16.4128715991974 16.2890632152557 15.8868684768677 15.548921585083 15.3675700426102 15.0883717536926 15.2392781972885 15.0588285923004 14.7926642894745 14.7497825622559 14.4428224563599 14.0757085084915 13.9813067913055 13.7312483787537 13.5775878429413 13.2765109539032 12.9766457080841 12.8260582685471 -9999 -9999 -9999 -9999 -9999 11.7335339784622 11.9094918966293 12.0289202928543
18.4140567779541 18.3124477863312 18.2743058204651 18.1724998950958 17.3005955219269 16.6071228981018 16.512678861618 16.827821969986 16.4785478115082 16.1118295192719 16.0292689800262 16.0087027549744 16.3328437805176 16.3119807243347 16.2911176681519 16.4956285953522 16.4280745983124 16.4070007801056 16.4455997943878 16.766902923584 16.7241158485413 16.8369393348694 16.7142741680145 16.4864726066589 16.4225494861603 15.9655864238739 15.9032526016235 15.6231300830841 15.561600446701 15.5000717639923 15.2688158750534 15.2080689668655 15.1542237997055 14.8943582773209 14.5214717388153 14.4234297275543 14.0542031526566 13.9570969343185 13.9132785797119 13.548966884613 13.2992726564407 13.4100197553635 13.3673502206802 13.0659991502762 13.2620866298676 -9999 -9999 12.4551913738251 12.3766230344772 12.5460798740387
18.4693322181702 18.6692752838135 18.2627511024475 17.8575026988983 17.2236454486847 16.5926172733307 16.4968140125275 16.1720888614655 16.1151785850525 15.6882004737854 16.0755953788757 15.7675137519836 15.7483174800873 15.9552655220032 15.8176817893982 15.9161853790283 16.0750257968903 16.5048387050629 16.6624388694763 16.7602233886719 16.7198400497437 16.6596028804779 16.4351537227631 16.3750672340393 16.0942006111145 16.0348091125488 15.7560293674469 15.6973340511322 15.4677376747131 15.4098459482193 15.3519543409348 15.2940628528595 15.2402555942535 14.9234400987625 14.6613508462906 14.4994770288467 14.4519258737564 14.4043749570847 14.3033341169357 14.0471912622452 13.888498544693 13.7883588075638 13.6880021095276 13.6414600610733 13.6298594474792 13.6012390851974 13.569695353508 13.1768491268158 13.093651175499 13.2056928873062
18.0990750789642 18.2361781597137 18.1318144798279 17.9642102718353 16.8568618297577 16.3455405235291 16.1324255466461 16.037454366684 15.7525949478149 15.7340924739838 15.6539041996002 15.6356477737427 15.6173913478851 15.8253629207611 15.8067622184753 16.0237112045288 16.0052862167358 16.2716791629791 16.3707048892975 16.187096118927 16.2681760787964 16.2128171920776 16.1574575901031 16.1595304012299 16.1605036258698 16.0477137565613 15.9918057918549 15.935896396637 15.5451538562775 15.435972571373 15.1636347770691 15.1097234487534 15.0569947957993 14.9525218009949 14.9008667469025 14.6359597444534 14.5853646993637 14.6329904794693 14.6942428350449 14.4767969846725 14.4253838062286 14.3739718198776 14.0628126859665 14.2171157598495 14.3114372491837 14.2222110033035 14.496128320694 14.2060772180557 13.7576574087143 13.3666526079178
17.6653292179108 17.5000655651093 17.3986740112305 17.7153303623199 17.2589013576508 16.7441148757935 16.1169204711914 15.7915148735046 15.5566956996918 15.5393376350403 15.5219783782959 15.5046195983887 15.4260773658752 15.4089584350586 15.9131712913513 16.2992119789124 16.3987987041473 16.2632884979248 16.1385102272034 16.1805109977722 16.0867385864258 15.8709182739258 15.8198165893555 15.7112658023834 15.774505853653 15.8955066204071 15.7872169017792 15.6800343990326 15.2931756973267 15.2425482273102 15.1919209957123 15.1412943601608 14.8182555437088 14.7650073766708 14.7117590904236 14.6585111618042 14.6052632331848 14.7639021873474 14.7094769477844 14.655051112175 14.5469323396683 14.4923946857452 14.6438574790955 14.6421728134155 14.6792100667953 14.8993958234787 14.9687741994858 14.7654166221619 14.4746860265732 14.026266336441
16.8258969783783 16.7272913455963 16.8669798374176 16.7665684223175 16.8471939563751 16.0999927520752 15.823504447937 15.6107766628265 15.4376676082611 15.4198586940765 15.7461583614349 15.728099822998 15.7100415229797 15.8088912963867 16.1948208808899 15.9506213665009 16.1579308509827 16.2567825317383 16.2982833385468 16.0553364753723 16.1389486789703 16.0893273353577 15.816547870636 15.7673387527466 15.7181305885315 15.7253134250641 15.6755399703979 15.625766992569 15.3553116321564 15.3059520721436 15.2565913200378 15.2072316408157 14.8802423477173 14.8195402622223 14.7588387727737 14.6981366872787 14.6966166496277 14.8473685979843 14.7848751544952 14.9316329956055 14.7032294273376 14.5859279632568 14.6863279342651 14.6763341426849 14.9127476215363 14.9861863851547 15.1490052938461 14.8594841957092 14.4122805595398 14.0222359895706
16.6138432025909 16.3952326774597 16.4717009067535 16.3714051246643 16.3342869281769 16.170814037323 15.7220931053162 15.6241230964661 15.6774334907532 15.6576299667358 15.6378252506256 15.6180205345154 15.9418120384216 15.9217095375061 16.0792598724365 16.0589818954468 15.9299299716949 15.9100546836853 15.9502053260803 15.9301009178162 16.0719773769379 16.022469997406 15.8566839694977 15.6428391933441 15.3717405796051 15.661200761795 15.3906095027924 15.3421932458878 15.3485186100006 15.299521446228 15.0303388834 14.9817388057709 14.9208920001984 14.7949550151825 14.7217725515366 14.8628457784653 14.5222899913788 14.6602277755737 14.6959409713745 14.5672889947891 14.4919352531433 14.6216995716095 14.5984827280045 14.6298688650131 14.5516163110733 14.8324136734009 14.8044408559799 14.7229837179184 14.3403321504593 14.2606645822525
