data/spatiotemp/temp1/bio1_norsw_test_2003_2006.asc
NCOLS 654 
NROWS 380 
XLLCORNER 3.91666666666667 
YLLCORNER 55.3333333333333 
CELLSIZE 0.0416666666666666 
NODATA_value -9999 
[rows 264 to 285 of 380, columns 50 to 99 of 654]
6.82928490638733 7.97327864170074 7.34593415260315 5.8888384103775 4.72218990325928 5.82414388656616 6.75909304618835 5.2108496427536 3.17568951845169 1.11919617652893 0.0558694279752672 -0.209957394748926 4.61738264560699 4.90425944328308 3.19156259298325 2.23106914758682 1.53674244880676 0.929582312703133 -0.101057901978493 -0.50501167960465 -0.826132044196129 -0.927419126033783 -0.658372867852449 -0.647993307560682 -0.860947005450726 -0.829900793731213 -0.627021253108978 -0.48697501886636 -0.324095375835896 -0.610215842723846 -0.701475813984871 -0.754708632826805 -0.700774766504765 -0.849007613956928 -0.641907144337893 -0.353806629776955 -0.335039434954524 -0.249938931316137 -0.254838421940804 -0.344737876206636 -0.249137490987778 -0.178870294243097 -0.0700324438512325 -0.214457262307405 -0.262548822909594 -0.370640265755355 -0.341231681406498 -0.311823172494769 -0.385248017497361 -0.322672752663493
7.64412367343903 -9999 7.28189706802368 6.63740432262421 5.86923396587372 3.9895002245903 5.29404330253601 2.99745339155197 1.35998430848122 -0.206116586923599 -0.602384243160486 0.873514801263809 5.24274718761444 3.87392765283585 1.99028453230858 1.7979444861412 0.5326769053936 1.62124264240265 0.51007729023695 -0.224652368575335 -0.353048775345087 -0.458278453908861 -0.448841504752636 -0.778904549777508 -0.877800934016705 -0.499363938346505 -0.225926924496889 -0.231156658381224 -0.377719591371715 -0.274116054177284 -0.286698989570141 -0.46046849200502 -0.509237922728062 -0.356007413938642 -0.336776925250888 -0.510713016614318 -0.457815791014582 -0.206585332751274 -0.182021450251341 -0.315124345943332 -0.308727201074362 0.175503451027907 -0.004873001947999 -0.119689486920834 -0.0155059210956097 -0.0728225484490395 -0.138472311198711 -0.197288822382689 -0.183771941810846 -0.140088524669409
6.36651301383972 5.12455475330353 5.70744323730469 4.45636677742004 3.25470679998398 1.47804683446884 2.31736272573471 0.552154272794724 -1.15188753604889 -1.37826262414455 0.43119552731514 1.92565369606018 5.24836194515228 4.42559778690338 0.811361685395241 0.170653244480491 -0.211388606578112 0.152069575502537 -0.411287457973231 -0.714959800243378 -0.284298781305552 -0.684804484248161 -1.13464345037937 -1.32714904844761 -1.37732139229774 -0.808493658900261 -0.456332672387362 -0.0786715969443321 -0.0760106630623341 -0.148682951927185 -0.124422162771225 0.00127170793712139 0.0377988256514072 0.142826113238698 0.240353341214359 0.0823804563842714 -0.0530922710895538 -0.042398490011692 -0.193204563111067 -0.0431773252785206 -0.0621501505374908 0.342710305005312 0.162786495871842 0.176411701133475 0.280203463509679 -0.160838052630424 -0.231546211987734 0.324912197887897 0.536204047501087 0.575829200446606
6.40944504737854 4.45550143718719 3.33815604448318 3.10447722673416 2.2341320514679 0.159453368978575 -1.34612731635571 -1.73244342207909 -1.81559261679649 -1.32590875029564 0.828608557581902 2.20562595129013 4.08714324235916 4.78866040706635 2.08551117777824 0.860028579831123 0.678212478756905 0.359063141047955 0.179847655352205 -0.235933925956488 -0.524882161989808 -1.02199712395668 -1.31961196660995 -0.757727012038231 -0.48634184896946 -0.737123444676399 -1.20223842561245 -0.971186563372612 -0.798468232154846 -0.396916437894106 0.0400212798267603 -0.0323214903473854 -0.0716642662882805 -0.206173747777939 0.0329836066812277 0.137473996728659 0.302131263539195 0.237621762789786 0.0991124156862497 0.330936297774315 0.410926777869463 0.539250694215298 0.756779283285141 0.961346164345741 1.10924625396729 0.934312999248505 0.802879929542542 0.589113265275955 0.647846795618534 0.734913513064384
7.47818052768707 5.18048298358917 3.10945218801498 2.63575476408005 1.35205724835396 0.196193125564605 -0.749284110963345 -1.01320767402649 -1.09746457636356 -1.04572138190269 0.271854937076569 1.03476473689079 2.85600787401199 5.03075098991394 3.52332735061646 1.82223716378212 2.11264690756798 2.74505668878555 1.27998286485672 0.00342534482479095 -0.54913217574358 -0.182023093104362 0.470919385552406 1.081528455019 -0.075695738196373 -0.762753203511238 -1.26881068944931 -0.981368243694305 -0.433759137988091 -0.108316738158464 0.0824647569097579 -0.090414572507143 -0.330294109880924 -0.583173479884863 -0.513386243954301 -0.312432363629341 -0.308645125478506 -0.258191276341677 -0.178570710122585 0.125383195118047 -0.242329686880112 -0.389042343944311 -0.321727901697159 0.0407805852591991 0.318288927897811 0.324630785733461 0.930472657084465 1.58548092842102 0.665322810411453 -0.220002122223377
6.19284749031067 4.81763124465942 3.42491495609283 3.23219877481461 2.61148238182068 2.24676614999771 1.40005913376808 0.813694700598717 1.65299686789513 2.63229912519455 1.84510138630867 1.97240364551544 2.64870584011078 4.33817481994629 4.63564372062683 2.86194574832916 2.27291464805603 0.761550307273865 -0.105048626661301 -0.758048705756664 -0.420382225187495 0.57428427785635 2.03995078802109 0.878617256879807 -0.359716165810823 -1.01454962790012 -1.50521647930145 -1.43754991889 -0.730550117790699 -0.183883607387543 0.0197416134178638 0.307158889248967 0.194076115032658 0.55315999686718 0.449577275663614 -0.0911721177399158 -0.300754863768816 -0.344170991331339 0.180579607840627 -0.0656698383390903 -0.566919311881065 -0.582501947879791 -0.622568394988775 -0.542618291452527 -0.220668233931065 -0.285884831100702 -0.172934710979462 0.00401543267071247 1.23096543550491 1.63541549444199
5.77218127250671 3.97894620895386 4.08704447746277 3.78064280748367 2.99290770292282 2.85183918476105 2.75156897306442 3.55259698629379 4.61295855045319 4.18098652362823 3.92468106746674 4.53670907020569 3.8534038066864 2.87059843540192 3.32545977830887 3.35848778486252 2.22984927892685 1.64521056413651 0.403086580336094 0.147143762325868 1.09320105612278 1.98992490768433 1.12948215007782 -0.0187938846647739 -0.327070036903024 -0.864512734115124 -1.3237889111042 -1.44256496429443 -0.656341057270765 -0.0729505158960819 0.343018408864737 0.270898956805468 0.475612923502922 0.563326917588711 0.593374200165272 1.13942132890224 0.553801968693733 0.486849278211594 0.637896373867989 -0.233222868293524 -0.664342291653156 -0.732628382742405 -0.562575556337833 -0.207517221570015 0.0975412838160992 0.862766325473785 0.530158020555973 1.06354974210262 2.17410817742348 1.75133329629898
5.89784836769104 5.09376108646393 4.15484064817429 3.25192004442215 3.18983280658722 4.51457905769348 6.19666242599487 6.25639390945435 5.37700319290161 4.34434020519257 4.15959417819977 3.71101456880569 1.92143508791924 1.55868890881538 1.47194272279739 1.57686319947243 1.10161691904068 0.398704089224339 0.857388332486153 2.36533641815186 2.97245103120804 1.8048988878727 1.16518028080463 0.221461464650929 -0.305090477690101 -0.193142458796501 0.210972043918446 0.517586678266525 0.296367986127734 0.261482647620142 0.684295184910297 0.664805866777897 0.295149812474847 0.375993750989437 0.684504345059395 1.37451502680779 1.49035876989365 1.73286950588226 1.38038009405136 0.798390701413155 -0.156265314668417 -0.452921371906996 -0.313249429687858 -0.469249456189573 -0.291582684963942 -0.189415950328112 0.220250753685832 1.49791753292084 2.25675094127655 2.4600841999054
5.70301556587219 5.22040963172913 5.35213685035706 5.01013493537903 6.10142469406128 6.09545028209686 4.47758877277374 3.33640164136887 2.76888132095337 1.96886098384857 1.16734051704407 2.00832009315491 1.98779964447021 0.976279363036156 1.1339256465435 0.591238580644131 1.15138484537601 1.65169769525528 3.48169028759003 3.88652896881104 2.15820094943047 1.48787301778793 0.314211666584015 0.308550303801894 0.119222352281213 -0.398105731699616 0.196733002900146 0.556905001401901 1.39624363183975 1.29208245873451 1.20090538263321 1.4912126660347 1.57068660855293 1.69882717728615 1.34280121326447 0.820941850543022 1.05924911797047 1.84538969397545 1.66486358642578 1.17450432479382 0.668978340923786 0.751452192664146 0.706243380904198 0.35118512250483 0.0226268619298935 -0.0685982517898083 0.0843434784328565 1.18211859464645 1.89406019449234 2.24450194835663
6.17482554912567 6.69530785083771 7.5773378610611 5.58004879951477 5.11451649665833 4.15139162540436 3.09709864854813 2.39963740110397 2.22500944137573 1.64521479606628 1.42742019891739 2.77495884895325 1.67099770903587 2.2178698182106 1.03374175727367 0.817947328090668 1.57931923866272 1.40669137239456 3.57199198007584 2.46788817644119 0.756784185767174 -0.0288197547197342 0.125243027228862 0.0614724196493626 0.137868561476353 0.380264598876238 -0.653839394450188 -0.361443303525448 0.784786090254784 0.642015501856804 1.29418233036995 2.0184528529644 1.93089014291763 2.08466073870659 2.36026477813721 1.98603540658951 2.17530596256256 2.58024322986603 2.00818061828613 1.96628469228745 2.00188854336739 2.22749263048172 1.7424028813839 1.24595299363136 0.813669592142105 0.0422196025028825 0.448102854192257 1.0728195309639 2.21853640675545 2.42425292730331
6.15211760997772 6.4079327583313 7.20096981525421 6.56268763542175 5.62679445743561 3.49040102958679 2.0477913916111 3.17413234710693 3.96197330951691 3.24798101186752 3.12448865175247 3.77149617671967 3.46750378608704 3.02067822217941 2.63335245847702 2.40135997533798 1.83703431487083 3.50054204463959 2.98174583911896 1.31281265616417 0.616379447281361 0.454279541969299 0.470513083040714 0.116913128644228 1.00314663350582 0.231713292654604 -0.115386512130499 0.214680243894691 0.380080364644527 0.430147122591734 0.679078310728073 1.08737374842167 1.70216929912567 1.90846472978592 2.35976010560989 2.31105560064316 2.63318455219269 2.82547986507416 2.81510877609253 2.48257100582123 2.44403302669525 2.33982849121094 2.04656478762627 2.23640820384026 2.65675187110901 1.24876204133034 1.25560563802719 1.68494915962219 3.05795949697495 2.82096970081329
6.86857032775879 6.6303254365921 5.70908069610596 4.62233579158783 3.96225774288177 3.45551306009293 3.10750049352646 3.45472002029419 5.39343988895416 4.98365938663483 4.89354562759399 4.27559852600098 4.94381809234619 3.94353777170181 2.88725739717484 2.09731036424637 1.97936335206032 3.15024960041046 3.97611826658249 3.01096904277802 2.42448645830154 1.42067056894302 1.24485483765602 2.35703903436661 1.1880564391613 0.905074045062065 1.00309155881405 1.19460901618004 0.994293302297592 1.11064407229424 1.02042695879936 0.851975455880165 1.0520239174366 1.07973901927471 1.46412089467049 1.3848360478878 1.8123844563961 2.34026622772217 2.05131480097771 1.90786319971085 2.06157845258713 2.02262684702873 2.63306212425232 3.42005121707916 2.7927069067955 3.39752912521362 3.20918482542038 3.65234059095383 3.67716282606125 3.28581845760345
6.84727299213409 5.97234344482422 5.18574714660645 4.16798424720764 3.48288798332214 3.49629175662994 5.62087619304657 6.47639107704163 6.99244773387909 6.03983747959137 5.18743586540222 4.67636752128601 3.1449658870697 1.94789746403694 1.58399572968483 2.03376069664955 2.10235902667046 2.70962399244308 4.89382386207581 5.64062547683716 4.64942693710327 4.22822856903076 4.15236341953278 2.93933165073395 2.1936331987381 1.62543469667435 0.787402868270874 0.791871145367622 1.09233935177326 1.28580757975578 1.3377757370472 1.45324391126633 1.28987863659859 1.72268009185791 2.08014819025993 1.87228292226791 1.81558439135551 1.79505261778831 1.10018745064735 1.11065547168255 1.54295688867569 1.83759179711342 2.86655968427658 3.71236085891724 3.20182865858078 3.50512969493866 3.07826417684555 3.59556525945663 3.51286643743515 2.52183419466019
5.14580905437469 4.93486154079437 4.74841356277466 4.27579927444458 3.43551826477051 4.14357054233551 5.73408508300781 7.57250666618347 5.85420560836792 4.21834921836853 3.50199300050735 3.37163650989532 3.1544468998909 3.19975709915161 3.19590073823929 3.5783776640892 4.60885465145111 4.82299816608429 5.96052956581116 4.5149484872818 2.38670068979263 2.51528632640839 2.03370526432991 1.63395747542381 1.38904312252998 1.02462872862816 1.03771430253983 1.12779994308949 1.3580521941185 1.5281378030777 1.22212451696396 1.37351226806641 2.0602333843708 2.27378785610199 1.94850885868073 1.42506325244904 1.00928443670273 0.855672299861908 0.604393348097801 0.728781118988991 0.980835556983948 1.6772233247757 2.65155708789825 4.16867053508759 3.84111684560776 3.96223014593124 3.39667689800262 3.7461234331131 3.73123663663864 2.46034979820251
6.23934507369995 5.95354604721069 5.10391354560852 4.19178104400635 3.59948176145554 4.9411826133728 6.73427653312683 6.82326400279999 5.74283862113953 4.62422466278076 4.45975565910339 5.53119707107544 5.36776113510132 4.90241229534149 4.9726390838623 5.85016143321991 5.61885023117065 3.89603912830353 2.87823522090912 2.47810488939285 2.82097452878952 1.79217749834061 1.179213732481 0.78991673886776 1.33495298027992 1.51865601539612 1.66152572631836 1.94139543175697 1.87326502799988 2.1656346321106 2.34980648756027 2.52161395549774 2.73575478792191 2.21822881698608 1.66836968064308 1.26367703080177 0.250484450254589 0.168625225313008 0.359765939414501 0.808240056037903 1.36738088726997 2.19252166152 2.54805475473404 4.23281335830688 3.22690534591675 3.60749733448029 4.34192264080048 4.68951463699341 4.28627347946167 3.43969863653183
6.30454802513123 5.23623073101044 4.83157992362976 4.54292929172516 5.98611199855804 6.64318943023682 7.42729473114014 6.71369588375092 6.03603422641754 6.17804861068726 4.98800265789032 4.0451745390892 4.42540895938873 5.34030985832214 6.49804401397705 6.16894495487213 3.52067929506302 2.82424694299698 1.24494087696075 0.545594617724419 0.388581577688456 0.685235276818275 0.391555700451136 0.512042723596096 0.799529671669006 1.39168336987495 1.89417043328285 1.66182404756546 1.34297785162926 1.27879810333252 1.27165529131889 1.51904907822609 2.51660948991776 2.75433659553528 2.0420635342598 1.20945736765862 0.706017784774303 0.263244868256152 0.0849720079568215 0.757198974490166 1.68559277057648 2.45915311574936 2.06388539075851 3.5097895860672 3.70402699708939 3.1502645611763 3.85950195789337 4.84190607070923 4.14231044054031 3.82938092947006
7.2961231470108 6.96629762649536 7.13656210899353 7.51841104030609 7.38622462749481 7.72085130214691 7.14489269256592 6.55682504177094 5.71877133846283 6.13621771335602 6.70133054256439 6.40877687931061 5.7713897228241 4.79633605480194 4.09111577272415 3.93439519405365 3.29167503118515 1.50578799843788 0.902479887008667 1.14258429408073 1.08368864655495 1.04895980656147 1.00106416642666 0.764335244894028 0.860272973775864 0.834044098854065 0.936481848359108 1.10675284266472 2.04319059848785 2.1296284198761 1.73283734917641 1.65998408198357 2.21896407008171 3.1606108546257 2.8222576379776 1.8695710003376 1.14271777868271 0.879197806119919 0.596177883446217 1.0174912661314 2.33413803577423 2.87128484249115 3.53038293123245 3.29859924316406 4.53814888000488 4.23619830608368 4.73941457271576 4.70396423339844 4.06451374292374 3.80723005533218
7.52463757991791 6.90209984779358 6.46707952022552 6.77708315849304 7.1864492893219 6.56653821468353 5.24025452136993 4.83491277694702 5.05157101154327 5.17672908306122 5.05505430698395 3.93121260404587 3.1158709526062 3.58986240625381 3.23085397481918 3.18551230430603 2.52800381183624 2.03649550676346 1.64385223388672 1.54657405614853 1.5899623632431 1.49285095930099 1.19807274639606 0.935461178421974 0.867182865738869 0.800571441650391 0.762459889054298 0.881514951586723 0.779736787080765 1.07679191231728 1.33535268902779 1.6074190735817 2.44265216588974 3.27238517999649 2.91411834955215 2.15701803565025 1.1619176864624 0.946150809526443 1.06255054473877 1.04345026612282 1.76401668787003 2.91924983263016 3.56988054513931 4.03974223136902 4.11027073860168 4.12529891729355 4.70582723617554 5.16402244567871 5.48255062103271 5.02224552631378
7.96166586875916 7.88728439807892 7.6782021522522 7.24113953113556 7.15650272369385 6.2843554019928 5.16613018512726 5.39216709136963 4.90120387077332 4.37624108791351 4.8374445438385 4.49531495571136 4.73118507862091 4.60405540466309 3.86359226703644 3.41229599714279 2.77333295345306 2.34253656864166 1.89472454786301 1.55673044919968 1.60373625159264 1.67874214053154 1.62874794006348 1.27042052149773 0.973592892289162 0.832265481352806 0.656937927007675 0.775777086615562 1.22278295457363 1.42245548963547 2.23520141839981 1.78318738937378 1.87917351722717 3.26315951347351 2.60914558172226 1.13746501505375 1.1651177406311 1.27477052807808 1.80242314934731 1.3240759074688 1.66806200146675 3.06688147783279 3.44287800788879 3.28188508749008 2.9612255692482 3.05223262310028 3.56840664148331 4.10374701023102 4.70142090320587 4.16776126623154
8.02960884571075 7.35330235958099 7.59454751014709 6.73902261257172 7.15508210659027 7.1517037153244 6.08933925628662 5.35008811950684 4.79483711719513 4.63708591461182 5.93050158023834 5.53691720962524 4.53499960899353 4.35291516780853 3.50716388225555 2.93824625015259 2.11149519681931 1.68024414777756 1.56543028354645 1.69455355405807 1.59600991010666 1.65129992365837 1.78425645828247 1.59937968850136 1.34016954898834 1.08412608504295 0.870415940880775 1.14820590615273 1.94149574637413 2.72278565168381 3.30638349056244 3.85562241077423 3.50902819633484 3.00876730680466 1.91583967208862 1.93174538016319 2.47048437595367 1.96422347426414 2.13096246123314 2.42670154571533 2.52294057607651 2.95284628868103 3.20820879936218 3.16036134958267 3.29901403188705 3.52349996566772 3.69065243005753 3.72530490159988 3.77279096841812 4.66661024093628
-9999 7.94123673439026 7.80902338027954 7.20646274089813 6.80292963981628 6.23148000240326 7.06479811668396 6.54127430915833 6.37311291694641 6.32105016708374 6.59041571617126 5.84192442893982 5.25098049640656 4.77374577522278 4.48556911945343 2.99369663000107 2.18382421135902 1.74728518724442 1.61163592338562 1.65187644958496 1.59861713647842 1.70485776662827 1.91726502776146 1.86583885550499 1.71124616265297 2.41765344142914 2.69206058979034 2.82863473892212 3.16270864009857 2.94994926452637 3.16573226451874 3.78889089822769 4.31771636009216 3.43504154682159 3.11003357172012 3.41002553701401 2.87751775979996 2.20234310626984 2.11300188302994 2.63449382781982 2.42398583889008 2.75731134414673 3.02537286281586 2.80317097902298 3.25730240345001 3.75460028648376 4.07206505537033 3.80619645118713 3.49532783031464 3.81929260492325
7.15843105316162 7.01404666900635 7.56357884407043 7.59460139274597 6.85040366649628 6.32845830917358 5.89447939395905 6.37615239620209 6.51093626022339 6.03410935401917 5.05394887924194 4.58762192726135 4.10512810945511 3.23330104351044 2.5638073682785 2.75981360673904 1.9871532022953 1.74549281597137 1.69600823521614 1.61486625671387 1.64305758476257 2.09591555595398 2.12127354741096 1.5307981967926 1.49465617537498 1.5746808052063 0.948205426335335 1.29989671707153 2.4067547917366 2.50744599103928 2.96724772453308 3.62082588672638 3.83207094669342 4.35164928436279 4.18822765350342 4.56563949584961 3.33471775054932 2.38829606771469 1.90470775961876 2.75295275449753 3.36436450481415 3.09410947561264 3.59853708744049 3.63864731788635 3.59125727415085 3.46403425931931 3.23331105709076 3.37758785486221 4.48569798469543 5.47014141082764
