data/spatiotemp/temp1/bio15_norsw_test_2003_2006.asc
NCOLS 654 
NROWS 380 
XLLCORNER 3.91666666666667 
YLLCORNER 55.3333333333333 
CELLSIZE 0.0416666666666666 
NODATA_value -9999 
[rows 220 to 241 of 380, columns 50 to 99 of 654]
53.247652053833 53.2613925933838 53.4951887130737 52.4281587600708 52.5369968414307 51.7450637817383 52.2017831802368 51.9248075485229 51.9340171813965 51.6909532546997 53.1688594818115 53.334921836853 54.1181802749634 52.9137954711914 51.6600341796875 51.4892873764038 51.2273483276367 50.6043996810913 49.8309679031372 50.5132722854614 49.7911310195923 49.459114074707 49.6799573898315 48.6338214874268 49.9361410140991 49.1162719726562 47.70241355896 49.0259399414062 47.6435146331787 49.0105228424072 47.7315149307251 47.3129377365112 46.970458984375 47.1505794525146 47.0519456863403 46.7469091415405 46.9285116195679 47.1533756256104 47.1795167922974 47.4869031906128 47.4447803497314 47.1831483840942 47.3883075714111 47.8392505645752 47.8301544189453 46.065224647522 44.8018951416016 43.8476676940918 43.3192338943481 42.8437976837158
53.5711240768433 54.0257406234741 54.2755765914917 54.2738046646118 53.5952396392822 55.2011260986328 54.9193830490112 54.8569679260254 54.7207136154175 54.9117431640625 55.3515520095825 55.0048704147339 54.0296077728271 53.0209426879883 51.7959508895874 51.762788772583 51.0746459960938 50.2886228561401 50.1399431228638 51.0811605453491 52.0396995544434 52.6729764938354 52.965612411499 53.1572675704956 53.4226694107056 50.7498292922974 50.3219747543335 48.906849861145 48.202446937561 49.3807067871094 47.5637283325195 46.8379907608032 46.2682981491089 45.8572521209717 45.3736886978149 45.2674217224121 45.734824180603 44.7318410873413 43.7762203216553 44.0766630172729 44.4477558135986 45.0121784210205 45.0659580230713 45.8688116073608 48.0885448455811 46.7927513122559 45.3463611602783 45.105185508728 43.9047946929932 42.0199394226074
55.8649930953979 54.7628526687622 54.3279829025269 54.3429327011108 54.1522302627563 53.9388065338135 53.2737274169922 52.5758323669434 51.6582927703857 51.7326173782349 51.7758693695068 51.8925476074219 52.6427097320557 53.9393100738525 54.6032085418701 53.7596769332886 54.5564889907837 53.4268941879272 52.5830945968628 51.8718061447144 49.9431819915771 49.6504964828491 49.0633153915405 48.4948329925537 50.9042558670044 52.5894060134888 53.7570323944092 49.4375658035278 50.3034296035767 49.2660207748413 48.693675994873 46.4796857833862 45.8538455963135 46.0208044052124 46.0811700820923 46.0403213500977 45.7883129119873 45.6058521270752 45.6348838806152 45.7402811050415 45.0506258010864 45.4190979003906 46.2799673080444 47.3237810134888 47.2851915359497 46.0700445175171 44.556715965271 44.3873891830444 44.4574279785156 43.2960271835327
58.4631443023682 58.5810689926147 55.6090936660767 52.6664047241211 53.4587345123291 54.7661457061768 54.5360870361328 54.9925079345703 53.6515951156616 52.4842290878296 52.2031955718994 52.5693092346191 54.269006729126 54.7240257263184 55.4387044906616 53.8190383911133 52.0048923492432 52.0754661560059 54.2869453430176 54.2244834899902 52.5910634994507 53.7235689163208 50.2406053543091 48.1031227111816 47.4604740142822 47.261625289917 48.0894079208374 49.789942741394 47.5132331848145 45.9108867645264 46.2554359436035 46.3747520446777 45.3913440704346 45.3605890274048 44.7809391021729 44.7993230819702 43.8646373748779 43.3275833129883 43.5303726196289 44.0164966583252 44.1147708892822 45.7119274139404 46.3725204467773 43.8653049468994 43.2901124954224 42.5640478134155 41.8425874710083 42.3940143585205 41.4840536117554 40.2607336044312
54.0277757644653 55.6428356170654 59.2830104827881 57.8278493881226 55.0181484222412 53.3161382675171 52.5296354293823 52.839015007019 54.1573944091797 53.7486009597778 54.6603622436523 54.9755373001099 55.2699537277222 53.5406799316406 51.8802185058594 51.3435459136963 50.5281934738159 49.5291385650635 50.5387859344482 54.284294128418 49.1743936538696 48.4227294921875 51.5193109512329 53.5022754669189 49.8327713012695 48.475061416626 47.5655250549316 46.5301065444946 46.8537473678589 46.4403200149536 45.6536016464233 45.58567237854 45.4078598022461 46.1750507354736 44.9531602859497 45.3596658706665 45.3588781356812 45.0672168731689 45.2788429260254 44.8466424942017 45.6388530731201 46.1143112182617 43.5081844329834 42.061182975769 42.2249574661255 42.3507490158081 42.2223634719849 40.7731781005859 39.1420307159424 38.4089479446411
51.3976888656616 53.2151489257812 57.42458152771 57.338680267334 58.4563322067261 56.2294998168945 54.2695407867432 53.0310478210449 52.6123304367065 52.5565404891968 52.1344470977783 52.38161277771 52.3347311019897 51.6678552627563 51.1670417785645 50.3939123153687 50.0845022201538 48.8426704406738 49.3605995178223 54.4144859313965 50.1109170913696 47.1097764968872 48.5594415664673 50.0487537384033 51.37034034729 47.0534267425537 46.4768981933594 45.682336807251 45.1232852935791 46.8364639282227 45.5508737564087 45.9177560806274 45.1344623565674 45.5985670089722 45.9444332122803 45.031156539917 44.7960796356201 45.292555809021 45.4490003585815 45.2018909454346 44.6637783050537 42.9612169265747 42.5624952316284 42.6237373352051 41.3752822875977 40.0548725128174 39.7868881225586 39.4905805587769 39.3075590133667 38.8285617828369
51.385009765625 51.9183645248413 52.2874517440796 53.2701539993286 53.3804969787598 53.3720960617065 53.4206132888794 53.2251033782959 55.0615577697754 55.4410314559937 53.613076210022 53.4051523208618 53.3807439804077 51.3729276657104 51.5370464324951 49.0777759552002 48.3883514404297 48.8560390472412 52.1153564453125 52.7792434692383 48.5307455062866 47.1520967483521 47.9661531448364 47.1140556335449 48.9344053268433 46.6524829864502 45.9315662384033 45.7231178283691 45.3630390167236 45.8547506332397 46.3348054885864 47.1598863601685 48.879711151123 46.6583099365234 45.7119569778442 44.687873840332 44.2311515808105 43.3632564544678 43.5307426452637 42.4230213165283 41.6393594741821 42.2858667373657 42.1333484649658 41.1700706481934 40.2888536453247 40.2494640350342 40.075364112854 39.1795406341553 37.8593349456787 37.4482355117798
52.5754547119141 52.710410118103 52.9689559936523 52.2303218841553 51.5870332717896 51.1060848236084 50.9171657562256 51.4739961624146 52.9487619400024 54.6501293182373 51.8773078918457 50.3599643707275 51.6906986236572 50.2441158294678 50.5987768173218 49.7603101730347 48.4400911331177 48.410436630249 49.9682321548462 54.0788764953613 50.0673036575317 47.7989168167114 47.0712366104126 46.3404216766357 45.8301134109497 45.6486368179321 46.118935585022 47.5215520858765 47.9427967071533 46.8994131088257 47.0109844207764 49.4891595840454 46.7764139175415 45.2118644714355 44.8128814697266 45.3145875930786 45.2921962738037 45.4072523117065 44.0768671035767 43.0914916992188 42.9509534835815 43.9076070785522 43.0682468414307 42.2880153656006 42.1123199462891 41.1631603240967 40.3333387374878 39.8345069885254 39.3521347045898 39.0787181854248
52.8873434066772 52.6344118118286 51.9024410247803 51.3102827072144 51.2091770172119 51.1518821716309 50.7827978134155 50.3670196533203 51.4821147918701 51.5918989181519 52.8212995529175 50.5105009078979 50.6484975814819 50.1183500289917 49.8173246383667 49.5788660049438 48.6841335296631 49.6759815216064 48.7127180099487 49.7524461746216 48.7432994842529 47.1001358032227 46.5550708770752 46.1897869110107 46.0830430984497 47.1724863052368 48.760311126709 49.2457342147827 49.2676515579224 50.3295125961304 51.6874694824219 48.4372043609619 45.664176940918 45.247447013855 44.4266338348389 44.476713180542 45.2342128753662 46.1296272277832 44.1781158447266 43.55601978302 43.0944137573242 43.081657409668 44.0404148101807 42.2689952850342 41.3364877700806 40.8922157287598 40.7847146987915 41.1797542572021 41.1202077865601 40.667384147644
53.0557889938354 52.6538877487183 52.2771472930908 52.0168190002441 51.6283187866211 51.4864702224731 51.3859634399414 51.2262878417969 51.1982574462891 51.1463451385498 51.4860029220581 51.318211555481 51.6228084564209 51.027928352356 51.1472511291504 51.3647985458374 50.6671857833862 51.0095272064209 48.8981828689575 47.1835699081421 46.8091440200806 46.9059753417969 47.4892520904541 48.4468975067139 47.0186653137207 47.2294521331787 47.8391351699829 47.4284696578979 47.7280445098877 48.3400936126709 51.3215570449829 49.1860828399658 46.4802589416504 44.7175025939941 44.2741270065308 44.2636499404907 44.8337812423706 45.7012538909912 45.7606515884399 44.474949836731 42.5772924423218 42.9533538818359 43.2331066131592 41.0494823455811 41.0464572906494 41.1131687164307 40.7878837585449 40.3019504547119 39.6284885406494 38.5265417098999
51.7280836105347 51.9225854873657 51.8925361633301 51.4628982543945 51.2245645523071 51.9145908355713 51.9227991104126 51.93874168396 52.1772775650024 52.2124500274658 52.1152286529541 52.2374296188354 51.4740438461304 50.2416086196899 49.4983701705933 50.2027978897095 48.7223281860352 49.0120840072632 47.7870626449585 47.3369579315186 49.6493835449219 51.37415599823 49.7395753860474 51.5427837371826 47.7879400253296 46.7010774612427 48.3917903900146 48.2097244262695 46.4270973205566 47.5375709533691 50.4657077789307 48.5250177383423 45.1590223312378 45.6725130081177 45.2597341537476 44.5522794723511 45.6424713134766 46.2750654220581 44.7410354614258 44.7679996490479 43.6960983276367 42.3311929702759 43.0861797332764 42.7546100616455 42.1320924758911 40.9137287139893 40.3032379150391 39.5389709472656 39.0948305130005 38.0491571426392
53.1741514205933 52.7505826950073 52.1532793045044 52.5565071105957 52.7580423355103 53.3186187744141 53.2258958816528 52.7777156829834 53.1852159500122 52.2428255081177 51.7835607528687 51.1097803115845 50.9556636810303 51.4748554229736 50.6499910354614 49.7904024124146 48.4628582000732 47.8751602172852 47.7102012634277 47.7580509185791 48.3708848953247 48.4215450286865 50.2566223144531 52.7966642379761 47.5522022247314 47.0728769302368 48.2062473297119 49.8471612930298 47.4242525100708 47.475305557251 50.5361270904541 47.8438348770142 47.4400424957275 46.4217205047607 46.4666357040405 45.7753858566284 45.4386415481567 45.4553318023682 44.8448762893677 44.8299055099487 42.9519300460815 43.3579254150391 42.1136379241943 41.9250564575195 40.667670249939 39.6643238067627 39.2138843536377 39.2893724441528 39.489706993103 37.9199705123901
53.000075340271 53.3542003631592 52.9651794433594 52.9994926452637 52.0144758224487 51.8785820007324 51.8783903121948 51.0715274810791 50.8066997528076 50.1544389724731 49.7464799880981 49.210111618042 48.7112636566162 49.3937206268311 49.5134763717651 49.2312927246094 48.7042140960693 50.9216508865356 49.8280849456787 49.5426683425903 49.7747364044189 47.8010473251343 48.8248252868652 51.069073677063 53.3739547729492 49.6176481246948 46.6859350204468 48.2920837402344 50.9836368560791 50.3196020126343 49.8207092285156 47.0996494293213 46.2814025878906 46.5415496826172 48.0332717895508 46.0476818084717 44.7488870620728 44.6454362869263 46.026798248291 45.4848175048828 45.2889766693115 43.2825422286987 42.8356523513794 41.2927551269531 40.2553100585938 39.6040058135986 39.5018939971924 40.3532199859619 40.2299909591675 39.0832414627075
54.0558128356934 53.0487670898438 52.1002550125122 52.0036840438843 51.5845575332642 50.9447383880615 50.7655582427979 50.8886070251465 51.2892923355103 51.1745805740356 50.8697662353516 50.7898693084717 50.1558313369751 49.4739961624146 49.3032903671265 49.5090770721436 49.9163246154785 51.7482719421387 52.2941150665283 51.0252361297607 47.8835382461548 47.9733171463013 48.6473922729492 48.6740016937256 48.7010908126831 52.9380254745483 50.7144660949707 47.1627149581909 49.6157112121582 51.6562452316284 50.4906673431396 47.8649473190308 46.8164596557617 46.4897689819336 47.5880908966064 47.4906587600708 46.8627901077271 45.1506881713867 43.4734125137329 42.9752531051636 42.94606590271 42.5060167312622 40.540602684021 40.2575979232788 39.7944202423096 39.8359518051147 39.7569046020508 40.3526458740234 39.6199731826782 38.593111038208
52.0426626205444 52.4111433029175 52.3958139419556 52.54248046875 52.2208585739136 52.3345470428467 52.5000505447388 51.858325958252 51.5978574752808 51.2285633087158 50.5475063323975 49.8596649169922 49.2899026870728 50.0459012985229 49.6248569488525 49.7595319747925 51.0885810852051 52.0995082855225 51.9125862121582 49.0401725769043 48.2352628707886 48.2968854904175 47.7059297561646 48.1624937057495 48.3033618927002 52.0061149597168 50.6521644592285 47.6462202072144 48.6181917190552 50.2114238739014 50.9133310317993 49.848726272583 48.8815050125122 48.0912532806396 48.3847742080688 46.5777597427368 44.5561017990112 43.9526777267456 43.1875152587891 42.6229572296143 43.5024766921997 43.1176624298096 42.1819200515747 41.6342458724976 40.5284261703491 40.4051036834717 40.2526617050171 40.9379482269287 39.0531730651855 37.9272975921631
51.6143360137939 51.3689851760864 51.8603086471558 52.7762508392334 52.2496223449707 52.0156402587891 51.6197719573975 51.4953298568726 51.139949798584 50.8877267837524 50.6957988739014 50.3757905960083 50.6864795684814 51.113133430481 48.9680595397949 50.4049186706543 50.2203350067139 51.9845733642578 49.9146299362183 47.9436492919922 49.006160736084 50.76540184021 48.4366083145142 48.8602104187012 49.8011102676392 51.9205150604248 51.6065158843994 48.6165189743042 48.7678689956665 50.1676473617554 50.2515602111816 49.3620767593384 48.9844026565552 49.1529722213745 46.6827898025513 44.9726238250732 44.5699701309204 44.0422325134277 43.4282255172729 42.7913980484009 43.3764352798462 43.5196504592896 42.4879789352417 41.5899076461792 40.9726371765137 40.4961681365967 41.5550174713135 41.0166263580322 39.4850826263428 38.4470453262329
52.8744611740112 52.2387065887451 51.8813629150391 51.9642724990845 52.4855442047119 52.3261651992798 51.8434171676636 51.2753829956055 51.5391159057617 50.9743375778198 50.6840152740479 49.9666948318481 50.3115692138672 51.7515935897827 49.6504716873169 50.3977670669556 51.1801748275757 50.9819774627686 48.0719184875488 47.9888296127319 48.5910501480103 49.3729181289673 50.6203088760376 51.2982788085938 49.3627119064331 50.1480398178101 52.436411857605 51.3395328521729 50.7881870269775 50.7145671844482 49.9763250350952 49.4005146026611 48.2261238098145 46.8212671279907 45.4937934875488 44.2684135437012 43.6164016723633 43.7474164962769 43.5962476730347 43.9791984558105 43.9847526550293 41.9431047439575 40.9155721664429 40.6655721664429 41.352445602417 41.1007966995239 39.6093673706055 39.1311845779419 38.5174884796143 37.8336057662964
51.4097051620483 51.3199300765991 51.3478031158447 51.042519569397 51.3451547622681 51.1303234100342 51.0216264724731 50.6245489120483 49.995979309082 49.9753170013428 49.8653039932251 51.645414352417 51.9890565872192 52.4427223205566 51.1054840087891 51.3187055587769 49.9150724411011 49.2485198974609 48.7340602874756 48.6217918395996 49.3647050857544 49.2449741363525 49.8324327468872 50.9257345199585 50.6018943786621 48.9771451950073 49.5319309234619 50.8608236312866 50.4893827438354 48.332103729248 48.4423704147339 48.2988357543945 48.9163885116577 47.0436563491821 44.9011325836182 44.5238447189331 44.2886610031128 44.4580564498901 43.5521154403687 42.6564683914185 42.186562538147 40.4805688858032 42.8161468505859 41.3092823028564 40.5923681259155 40.3785285949707 40.1267232894897 39.8713207244873 39.5251111984253 38.7716131210327
51.8393983840942 51.8224945068359 51.6180267333984 51.3018760681152 51.4003505706787 51.4967555999756 51.2486047744751 50.7782316207886 50.0243473052979 49.6225690841675 50.2609548568726 51.4523248672485 52.0475072860718 53.2271976470947 52.2722158432007 51.0636901855469 49.4647655487061 50.1714067459106 50.0954856872559 49.9013204574585 50.6503219604492 49.8648662567139 50.5296478271484 50.8781652450562 50.884804725647 50.6981916427612 49.9302644729614 49.8549995422363 49.1856212615967 48.2989616394043 47.0242900848389 47.1611566543579 48.0022068023682 47.7166051864624 45.5211782455444 45.0248136520386 44.7336263656616 44.2256546020508 42.9713325500488 41.5431203842163 41.2316703796387 42.1733484268188 41.2048044204712 40.5208644866943 39.608190536499 39.3907909393311 38.9082908630371 38.7189102172852 38.7230920791626 38.3318033218384
52.0633134841919 52.851508140564 52.4281406402588 51.4781055450439 50.9528846740723 51.5120229721069 50.9255714416504 51.0111789703369 50.4731216430664 50.2476425170898 50.4702425003052 51.5329217910767 52.8623399734497 -9999 -9999 53.4268655776978 51.8377828598022 52.262336730957 52.1543483734131 51.4716033935547 51.4343700408936 50.2815256118774 49.4177761077881 49.3036460876465 50.2564554214478 50.6946315765381 49.0884218215942 48.9145812988281 49.9283599853516 49.2364892959595 48.5222759246826 47.9553499221802 48.2721080780029 47.9784908294678 46.1114435195923 45.493444442749 45.4004430770874 43.6506023406982 43.390814781189 43.497841835022 41.5368518829346 40.6514120101929 40.102445602417 39.6235294342041 39.3349027633667 38.4989576339722 38.2590312957764 38.6890659332275 39.8365812301636 38.924901008606
53.159592628479 52.939248085022 52.9171018600464 52.9323921203613 53.0128755569458 52.9922399520874 53.000901222229 52.5034456253052 52.0835657119751 51.4356498718262 51.0678882598877 51.6978492736816 52.7745151519775 -9999 54.1884841918945 53.6877899169922 52.7240858078003 53.1012086868286 52.6789827346802 51.6868810653687 52.7249593734741 50.2713222503662 51.0835399627686 51.0839872360229 49.6689348220825 48.4626092910767 48.7638282775879 49.5030384063721 48.8398637771606 49.563684463501 49.3613977432251 48.7337083816528 48.0436305999756 46.4623403549194 45.6302471160889 44.1410999298096 43.2038078308105 42.2586622238159 41.6636943817139 41.5760698318481 41.0391645431519 40.6686153411865 40.3152322769165 39.7162942886353 39.4031066894531 38.7486543655396 38.4398508071899 39.1263332366943 39.509090423584 38.099328994751
52.4113082885742 53.1302795410156 53.6121587753296 52.8790426254272 52.7347736358643 53.7576465606689 54.455620765686 54.498948097229 54.0736980438232 53.5696249008179 53.8423290252686 54.102725982666 54.2400846481323 53.9190492630005 53.0738649368286 50.6177959442139 49.8461713790894 50.1763744354248 50.609546661377 47.6372785568237 49.3679304122925 49.5284538269043 51.3119640350342 50.8501958847046 51.19358253479 51.067081451416 49.9819869995117 48.7041330337524 46.3266668319702 45.1770658493042 45.0720729827881 46.3270616531372 44.5765409469604 44.4996690750122 45.4237108230591 44.6092977523804 43.2534341812134 41.7027587890625 40.813666343689 40.6658506393433 40.3073787689209 39.8455476760864 39.7657079696655 39.288125038147 38.526216506958 38.1233654022217 37.6436414718628 37.5698070526123 38.5784215927124 37.3327283859253
