data/spatiotemp/temp1/bio19_norsw_test_2003_2006.asc
NCOLS 654 
NROWS 380 
XLLCORNER 3.91666666666667 
YLLCORNER 55.3333333333333 
CELLSIZE 0.0416666666666666 
NODATA_value -9999 
[rows 88 to 109 of 380, columns 300 to 349 of 654]
159.569499969482 157.268547058105 155.337417602539 154.746019363403 152.245325088501 150.735313415527 148.65994644165 146.731121063232 145.766056060791 145.832883834839 143.981517791748 141.689895629883 141.320533752441 142.744577407837 144.666576385498 147.216220855713 142.863523483276 136.083255767822 133.283521652222 137.316728591919 142.050382614136 143.584331512451 140.509717941284 137.628530502319 139.069551467896 161.277719497681 171.536643981934 172.508167266846 158.303747177124 148.166734695435 140.492530822754 135.852054595947 133.032331466675 137.483484268188 151.655941009521 157.221687316895 155.686092376709 143.776971817017 139.02600479126 139.681577682495 135.234359741211 119.881814956665 113.631074905396 113.094909667969 114.081739425659 107.065168380737 104.214561462402 106.152715682983 115.150053024292 123.271421432495
144.298175811768 142.722816467285 141.221202850342 140.786598205566 139.213871002197 143.533843994141 148.100149154663 149.019956588745 150.526319503784 146.378316879272 137.77586555481 137.643129348755 142.479221343994 141.541631698608 135.089767456055 133.218894958496 133.273250579834 130.838672637939 130.891590118408 133.801162719727 139.640937805176 150.683832168579 152.967121124268 157.723833084106 151.808769226074 140.378717422485 151.854671478271 154.040710449219 162.281381607056 180.722427368164 178.130058288574 186.041114807129 162.096647262573 140.917284011841 132.564552307129 147.055498123169 167.063962936401 161.665287017822 152.545101165771 144.851160049438 132.381889343262 122.711862564087 120.849414825439 117.472805023193 119.421642303467 113.211727142334 108.810977935791 103.656093597412 104.238763809204 104.738540649414
136.587575912476 138.511758804321 138.501377105713 140.344547271729 140.704950332642 140.693445205688 140.251041412354 140.799980163574 138.719718933105 135.929447174072 135.423206329346 136.95648765564 137.939149856567 136.071166992188 133.527137756348 129.80548286438 128.853139877319 127.898921966553 134.208051681519 142.263648986816 141.281093597412 137.492656707764 143.378858566284 156.806896209717 157.889127731323 165.413862228394 161.715543746948 154.88256072998 134.380220413208 143.910043716431 154.983982086182 172.700824737549 185.770641326904 173.776271820068 145.625534057617 130.245750427246 127.351680755615 128.762022018433 126.400676727295 127.102750778198 124.214374542236 126.644166946411 133.633474349976 134.079437255859 127.703273773193 119.714160919189 116.006879806519 116.504182815552 108.416624069214 99.3943901062012
133.84370803833 132.555480957031 133.683048248291 136.518892288208 136.318887710571 135.315452575684 131.469234466553 129.989440917969 133.224710464478 131.905628204346 130.041728973389 130.090160369873 142.991451263428 157.013185501099 149.453472137451 141.331247329712 133.097772598267 129.741975784302 129.890171051025 138.220436096191 151.943880081177 161.043201446533 157.178541183472 158.000328063965 150.825576782227 142.278825759888 134.639278411865 154.21036529541 153.19044303894 141.799058914185 132.380548477173 132.996877670288 145.411998748779 134.822057723999 134.550796508789 151.861421585083 157.975652694702 152.768243789673 144.985271453857 125.107883453369 125.756223678589 121.844011306763 136.121356964111 147.554574966431 155.990837097168 145.095785140991 138.716117858887 130.098188400269 119.800632476807 108.365026473999
150.639051437378 136.614608764648 136.984785079956 132.669733047485 128.456462860107 129.576286315918 130.504390716553 129.126558303833 128.146827697754 128.192136764526 128.237445831299 130.67720413208 134.489019393921 136.002904891968 135.132026672363 133.253578186035 131.824436187744 132.785121917725 128.053047180176 130.754198074341 143.179351806641 147.324201583862 141.640077590942 153.583486557007 158.995393753052 181.406158447266 164.873012542725 173.411869049072 171.161623001099 155.374858856201 141.507371902466 129.023412704468 141.395524978638 153.810136795044 148.745801925659 154.537887573242 159.82444190979 162.092945098877 146.794092178345 149.376850128174 130.364492416382 118.478361129761 129.579137802124 136.221187591553 129.482494354248 136.540054321289 139.84387588501 131.67831993103 122.2991065979 113.228483200073
153.290191650391 144.196889877319 140.074405670166 141.345651626587 133.386371612549 125.684593200684 127.962253570557 133.187925338745 145.480585098267 140.673328399658 127.455709457397 125.393026351929 127.266088485718 129.691862106323 129.91340637207 130.320755004883 136.04287147522 135.07371711731 128.324644088745 132.672998428345 146.922178268433 144.640447616577 157.877128601074 156.515321731567 145.966812133789 148.526237487793 143.926448822021 137.320714950562 147.854948043823 140.222141265869 129.168413162231 129.44739151001 132.319972991943 126.087804794312 140.075811386108 153.875301361084 161.436180114746 164.555786132812 163.435775756836 162.086320877075 155.663831710815 143.236831665039 134.524534225464 130.721364974976 121.329103469849 114.085369110107 117.557733535767 124.089408874512 116.445503234863 114.977447509766
142.711317062378 142.711099624634 134.759826660156 128.524726867676 137.4114818573 145.92067527771 137.412906646729 135.132902145386 133.323602676392 143.882625579834 158.109212875366 153.860153198242 149.152214050293 137.840061187744 127.44270324707 130.319078445435 131.357280731201 128.552076339722 135.102100372314 149.354898452759 144.246334075928 152.325101852417 166.372434616089 157.381494522095 152.069313049316 147.618358612061 148.096555709839 150.468284606934 141.344837188721 143.671125411987 144.219701766968 157.062990188599 159.020973205566 171.707040786743 145.554847717285 126.004812240601 128.879842758179 131.284496307373 140.248903274536 154.862730026245 154.274284362793 145.14949798584 135.210741043091 133.75994682312 128.93359375 120.420803070068 111.732641220093 111.86083984375 111.290105819702 111.251665115356
147.417936325073 147.987386703491 145.154535293579 150.274219512939 145.723285675049 150.575666427612 169.977537155151 151.131072998047 140.736457824707 136.006963729858 139.437940597534 148.545656204224 150.416360855103 140.484594345093 132.656744003296 127.563386917114 128.441370010376 127.170547485352 135.735670089722 145.400846481323 152.575910568237 153.502809524536 134.515239715576 129.743837356567 132.596858978271 143.619106292725 153.547719955444 159.1783618927 173.903297424316 166.873941421509 156.4603099823 152.698434829712 144.027744293213 154.460569381714 153.464530944824 132.831144332886 127.955783843994 134.982133865356 134.364772796631 129.399953842163 134.1243724823 136.887317657471 132.041524887085 129.86475944519 126.986631393433 125.678424835205 118.429355621338 113.256147384644 109.856113433838 108.418697357178
179.794452667236 172.182409286499 154.834945678711 147.970567703247 142.861928939819 135.628108978271 137.576137542725 134.746608734131 132.308462142944 130.962913513184 131.554748535156 131.966617584229 135.395833969116 138.275819778442 142.431716918945 133.948072433472 127.923320770264 127.982374191284 134.980030059814 148.400743484497 138.980159759521 133.66453742981 132.588565826416 132.964067459106 127.094633102417 129.402368545532 143.737609863281 162.756662368774 161.343021392822 158.831548690796 161.657722473145 156.865341186523 148.3034324646 137.2255859375 130.087314605713 128.06752204895 130.322717666626 138.768913269043 133.036375045776 124.829418182373 122.875690460205 125.432657241821 125.166919708252 119.534399032593 115.842853546143 116.707731246948 118.058826446533 117.501302719116 110.395627975464 106.480142593384
150.363269805908 153.214120864868 144.154167175293 135.65690612793 131.385301589966 126.657205581665 127.132061004639 134.092390060425 139.620115280151 136.48048210144 135.132520675659 132.884992599487 135.766212463379 136.356712341309 136.946184158325 124.963499069214 127.151935577393 129.716690063477 130.178028106689 126.019403457642 124.650243759155 126.129009246826 132.411808013916 133.80447769165 129.825096130371 130.634071350098 138.997634887695 144.121189117432 137.536020278931 137.242965698242 136.976030349731 135.153835296631 133.779584884644 133.762470245361 133.774812698364 132.106283187866 132.442949295044 135.348815917969 132.71125793457 133.162227630615 132.634237289429 130.400863647461 130.512149810791 127.391761779785 113.808752059937 113.810207366943 114.720775604248 109.838157653809 106.662990570068 101.735290527344
141.570455551147 143.924650192261 140.458660125732 135.397008895874 129.867124557495 125.607887268066 129.023653030396 135.274013519287 137.301563262939 133.485322952271 135.994047164917 134.117740631104 136.822288513184 138.258428573608 132.615173339844 127.884662628174 124.019828796387 128.699787139893 132.958658218384 142.265584945679 140.353607177734 138.36997795105 127.359245300293 127.673824310303 131.357517242432 127.524507522583 127.750440597534 127.975994110107 128.85284614563 131.067247390747 132.340755462646 133.48469543457 134.484203338623 134.624109268188 136.597623825073 136.607460021973 133.480266571045 133.232160568237 133.372495651245 132.437858581543 130.35443687439 127.325372695923 125.204853057861 124.307016372681 121.29386138916 119.329942703247 117.404243469238 108.579824447632 107.412883758545 104.678853988647
148.097465515137 143.390031814575 137.688405990601 133.232194900513 130.413045883179 126.044925689697 134.590744018555 135.72513961792 142.330017089844 139.536390304565 128.769247055054 124.597389221191 126.079233169556 131.803155899048 141.771913528442 133.651342391968 125.156887054443 127.125366210938 129.069900512695 133.595478057861 135.166143417358 157.384830474854 151.153240203857 142.440925598145 140.332290649414 133.736835479736 131.134851455688 129.81495475769 127.822395324707 128.044841766357 130.127265930176 130.220649719238 131.451137542725 132.501111984253 133.325979232788 134.515760421753 135.470165252686 130.909191131592 130.889169692993 124.929437637329 123.607809066772 125.858436584473 128.07159614563 123.76887512207 118.569103240967 120.48476600647 119.415616989136 119.065212249756 115.585842132568 111.514915466309
152.538606643677 148.821109771729 145.040843963623 141.307216644287 130.88689994812 133.402130126953 144.320871353149 136.015249252319 136.428274154663 141.124767303467 133.126804351807 121.83056640625 124.711418151855 129.034664154053 143.840799331665 151.560708999634 136.61750793457 126.540090560913 126.28938293457 129.184247970581 127.591953277588 127.805868148804 136.279350280762 136.247013092041 135.428674697876 143.40843963623 135.362176895142 129.300601959229 129.391708374023 128.315847396851 129.354991912842 129.445604324341 129.364665985107 129.496091842651 131.594877243042 132.762329101562 134.747930526733 137.792003631592 138.953121185303 137.099731445312 131.920124053955 133.30788230896 128.945003509521 133.769090652466 129.84645652771 126.889190673828 123.894102096558 121.962697982788 118.836320877075 115.709184646606
138.996171951294 135.173309326172 132.735544204712 138.444309234619 136.738605499268 135.977308273315 134.262716293335 133.366510391235 133.607732772827 127.867521286011 132.716199874878 135.083654403687 127.084259033203 127.935768127441 126.266962051392 134.387857437134 145.413599014282 137.826866149902 130.588598251343 127.778873443604 125.316030502319 121.932245254517 129.527807235718 124.768268585205 124.855056762695 122.859313964844 122.944005966187 124.189737319946 125.329570770264 126.49352645874 127.615671157837 129.797929763794 130.791618347168 130.916212081909 131.947954177856 132.755325317383 130.531383514404 130.52972984314 133.698236465454 134.975652694702 131.928131103516 128.755987167358 127.85285949707 124.807722091675 121.786018371582 118.786138534546 114.763721466064 109.735551834106 106.852527618408 104.74037361145
147.981424331665 145.29128074646 143.339986801147 138.53044128418 135.819219589233 132.973173141479 132.20874786377 126.245979309082 124.301156997681 123.482057571411 127.791809082031 130.105802536011 130.062637329102 125.971160888672 126.106094360352 128.422655105591 131.941829681396 134.215194702148 137.444435119629 136.403007507324 136.964128494263 136.090551376343 127.005586624146 128.278860092163 128.366418838501 127.525766372681 124.623666763306 124.454303741455 125.59651184082 124.620983123779 125.5299949646 126.550666809082 127.874727249146 129.8401927948 130.910364151001 131.808195114136 132.869625091553 132.661651611328 131.956111907959 130.754711151123 127.703323364258 124.652637481689 121.602672576904 118.677013397217 115.652523040771 113.601097106934 109.648241043091 106.887170791626 105.727310180664 103.919630050659
137.654962539673 134.863948822021 132.06925201416 129.270887374878 126.672843933105 130.171367645264 128.19965171814 127.587188720703 127.548460006714 124.890995025635 124.984066009521 123.910413742065 124.127527236938 124.344758987427 124.436763763428 122.59276008606 122.74418258667 126.936367034912 129.726909637451 139.533941268921 141.863983154297 132.241426467896 131.703750610352 138.834239959717 128.320255279541 130.358276367188 125.445117950439 122.701110839844 124.886531829834 126.156572341919 126.238550186157 127.024286270142 128.00385093689 126.841724395752 127.735595703125 129.749402999878 129.740446090698 129.731479644775 129.722522735596 129.836709976196 127.677555084229 126.649431228638 123.595176696777 118.635042190552 117.638912200928 116.725790023804 116.772075653076 119.866333007812 118.067934036255 117.030389785767
135.63941192627 132.885332107544 132.948892593384 133.567811965942 127.398197174072 126.421585083008 133.578384399414 125.116714477539 121.45693397522 121.449632644653 122.396675109863 121.580415725708 125.181190490723 124.229745864868 122.442781448364 120.599184036255 120.690910339355 121.030870437622 121.24688911438 125.383443832397 132.674861907959 134.825819015503 137.29808807373 130.93669128418 135.162553787231 131.649164199829 131.945024490356 127.963638305664 125.955268859863 123.111379623413 122.041347503662 122.950029373169 122.982067108154 125.066865921021 126.12929725647 127.0686378479 126.933135986328 126.920345306396 127.029706954956 127.01672744751 127.003755569458 124.836242675781 123.809488296509 121.763004302979 121.780405044556 121.948390960693 121.106941223145 122.042669296265 119.996471405029 123.331310272217
149.297359466553 136.60968208313 130.528738021851 129.361711502075 130.357133865356 127.638635635376 150.000032424927 158.426952362061 143.729402542114 127.260438919067 124.501159667969 122.576835632324 123.723407745361 122.382953643799 125.180879592896 125.643669128418 122.71858215332 119.911357879639 118.058309555054 118.349052429199 118.555061340332 119.644714355469 119.843170166016 119.796195983887 120.82954788208 120.782485961914 120.858018875122 122.960754394531 121.965675354004 124.070516586304 124.024703979492 127.277442932129 127.428926467896 129.386270523071 132.298105239868 130.057552337646 128.067451477051 125.950813293457 126.053783416748 126.03560256958 124.945520401001 124.037858963013 121.982709884644 121.965702056885 121.093990325928 118.980701446533 119.146259307861 120.195558547974 123.408897399902 119.402460098267
151.734449386597 146.145738601685 141.967863082886 131.938499450684 129.856510162354 124.106363296509 130.743690490723 132.674070358276 141.247785568237 144.463207244873 135.263191223145 127.321767807007 123.710657119751 122.566162109375 128.823587417603 133.205862045288 124.531595230103 122.736204147339 124.028562545776 119.028961181641 117.164772033691 114.573261260986 114.590431213379 114.730836868286 115.691850662231 115.88557434082 119.000360488892 124.085266113281 125.119630813599 125.197031021118 125.274425506592 127.266090393066 127.297861099243 127.282651901245 127.388416290283 128.386339187622 129.26146697998 127.342147827148 127.326719284058 128.160192489624 126.168548583984 126.03505897522 124.064918518066 122.009338378906 121.023710250854 121.072689056396 123.076681137085 121.170652389526 118.2848072052 115.280490875244
143.580348968506 138.366983413696 134.585689544678 131.434156417847 132.083129882812 126.267086029053 128.23631477356 125.01095199585 124.2308177948 127.887140274048 126.237258911133 130.46901512146 126.495447158813 125.629789352417 120.545125961304 125.991907119751 135.875465393066 134.49827003479 125.591348648071 128.060092926025 125.129432678223 117.205863952637 113.306499481201 112.432472229004 112.749570846558 112.698644638062 113.603719711304 116.838035583496 118.998540878296 120.029420852661 120.10488319397 125.200353622437 130.382030487061 128.405281066895 128.401620864868 126.236627578735 127.387596130371 127.265012741089 127.262508392334 130.307777404785 130.305074691772 129.350624084473 128.228399276733 126.131275177002 125.085327148438 125.132459640503 125.296112060547 123.249845504761 122.223382949829 117.242218017578
146.839809417725 145.502700805664 140.117231369019 134.05082321167 130.513135910034 128.875164031982 121.184328079224 119.576642990112 126.669862747192 127.898258209229 127.973819732666 124.962726593018 124.080678939819 120.128805160522 117.477489471436 125.654666900635 128.491586685181 132.711332321167 132.013242721558 128.971988677979 125.081590652466 118.173645019531 115.304841995239 112.354202270508 111.35499382019 109.473775863647 110.547101974487 114.734010696411 113.728364944458 111.960094451904 111.909759521484 111.981246948242 114.944623947144 117.877170562744 119.095409393311 123.151803970337 124.251758575439 127.187887191772 130.125011444092 129.30193901062 127.219131469727 128.325265884399 129.216707229614 129.344989776611 131.423238754272 132.464200973511 132.393527984619 131.561990737915 130.649421691895 129.479278564453
141.260179519653 150.348741531372 153.236457824707 147.100542068481 140.964036941528 133.483072280884 133.442558288574 127.079479217529 122.442687988281 116.706148147583 114.936670303345 116.02984046936 119.131929397583 121.054000854492 120.173454284668 121.233266830444 120.517307281494 116.676910400391 118.851810455322 123.909616470337 128.922399520874 125.123106002808 117.099885940552 114.159572601318 113.1605052948 112.36404800415 107.377628326416 106.367383956909 106.559761047363 104.547382354736 106.655544281006 106.725280761719 109.688711166382 110.678417205811 115.708393096924 121.100028991699 125.117120742798 130.272312164307 135.311254501343 136.288782119751 135.243473052979 135.268754959106 138.455961227417 129.344081878662 128.384893417358 127.443065643311 129.577856063843 132.554588317871 133.701154708862 131.655807495117
