data/spatiotemp/temp1/bio18_norsw_test_2003_2006.asc
NCOLS 654 
NROWS 380 
XLLCORNER 3.91666666666667 
YLLCORNER 55.3333333333333 
CELLSIZE 0.0416666666666666 
NODATA_value -9999 
[rows 44 to 65 of 380, columns 300 to 349 of 654]
-9999 -9999 -9999 -9999 -9999 -9999 -9999 -9999 -9999 -9999 -9999 260.799163818359 255.90983581543 258.985401153564 262.071849822998 265.796810150146 262.922454833984 266.933689117432 267.041065216064 266.69787979126 271.641826629639 275.834415435791 279.104541778564 280.981136322021 263.128124237061 258.239452362061 223.818977355957 230.420516967773 236.160564422607 225.260120391846 224.144504547119 221.919940948486 219.862228393555 215.510860443115 207.970199584961 203.619583129883 201.640979766846 203.823589324951 213.725982666016 222.667324066162 235.142803192139 224.261039733887 210.872615814209 199.067134857178 201.279300689697 207.949424743652 202.697158813477 236.096820831299 247.349487304688 203.415046691895
-9999 -9999 -9999 -9999 -9999 -9999 -9999 -9999 308.634582519531 266.299118041992 -9999 -9999 248.468154907227 254.930618286133 255.953460693359 257.125522613525 260.175373077393 263.21183013916 270.162017822266 279.783638000488 287.097408294678 284.909286499023 270.352802276611 266.583469390869 278.341083526611 232.187438964844 218.144664764404 224.750308990479 219.427951812744 213.953639984131 213.086875915527 211.023677825928 212.081554412842 212.192573547363 207.926826477051 204.771446228027 201.614444732666 208.033390045166 220.245971679688 237.183322906494 246.072883605957 227.540969848633 207.826900482178 210.032135009766 237.889892578125 229.169502258301 205.995220184326 211.690441131592 218.548522949219 190.326507568359
-9999 -9999 -9999 -9999 -9999 -9999 -9999 -9999 -9999 -9999 -9999 256.910793304443 261.034008026123 270.936031341553 267.592208862305 260.796138763428 271.774089813232 272.341014862061 271.979393005371 270.009380340576 265.74568939209 230.016139984131 233.245555877686 224.52445602417 216.900253295898 214.68677520752 213.575080871582 211.511989593506 210.500324249268 208.437515258789 212.982524871826 215.137775421143 211.981536865234 208.834884643555 205.686515808105 204.686405181885 202.497940063477 203.724578857422 210.367343902588 210.481716156006 205.182483673096 200.907550811768 205.41077041626 208.794277191162 209.111923217773 203.665279388428 197.242134094238 189.839168548584 186.681762695312 185.818416595459
-9999 -9999 -9999 -9999 -9999 -9999 -9999 -9999 -9999 -9999 -9999 251.792503356934 257.807308197021 262.867218017578 260.912147521973 258.22110748291 269.049663543701 276.573383331299 266.400146484375 236.002899169922 238.364025115967 230.855930328369 218.774593353271 214.403305053711 211.236793518066 208.069049835205 210.206928253174 213.547698974609 216.889682769775 215.781715393066 217.932624816895 215.001106262207 217.16780090332 217.283397674561 217.398994445801 210.994918823242 204.587497711182 204.699745178223 -9999 205.892448425293 211.356674194336 214.738346099854 219.444149017334 214.050983428955 208.756690979004 212.145595550537 211.291065216064 201.602390289307 187.66019821167 183.523315429688
-9999 -9999 -9999 -9999 -9999 -9999 -9999 -9999 -9999 -9999 -9999 270.569980621338 264.097438812256 261.708553314209 255.871124267578 255.510208129883 233.612731933594 273.854907989502 270.507053375244 232.786796569824 225.144969940186 224.135925292969 219.763492584229 209.003574371338 236.149574279785 236.713684082031 236.830486297607 208.123065948486 210.260040283203 211.300968170166 204.877597808838 -9999 205.19787979126 208.562038421631 206.378421783447 215.074825286865 218.446754455566 220.638904571533 214.236927032471 206.927051544189 209.121898651123 205.972099304199 209.346473693848 218.276340484619 219.561580657959 218.702617645264 214.575511932373 206.994045257568 202.862266540527 202.975131988525
-9999 -9999 -9999 -9999 -9999 -9999 -9999 -9999 265.702541351318 276.721797943115 277.243251800537 275.325660705566 269.521728515625 270.738998413086 259.018413543701 255.707500457764 232.271842956543 242.57559967041 232.629001617432 223.89139175415 214.216571807861 209.8410987854 -9999 -9999 -9999 233.731384277344 237.767585754395 235.381980895996 -9999 238.11109161377 211.396389007568 210.515327453613 218.074699401855 228.16773223877 241.51354598999 251.527050018311 247.277141571045 227.424884796143 218.523994445801 225.152160644531 225.266479492188 214.429523468018 205.934558868408 210.421688079834 211.5110206604 208.554878234863 208.66792678833 208.926132202148 208.060089111328 209.329200744629
-9999 263.510753631592 262.283702850342 263.502372741699 -9999 -9999 -9999 -9999 263.174354553223 264.415050506592 270.86372756958 267.550956726074 261.320255279541 254.625003814697 253.331283569336 252.06050491333 250.764625549316 219.229644775391 214.957378387451 241.0426902771 -9999 -9999 -9999 252.405765533447 247.105476379395 221.822723388672 212.158996582031 205.739391326904 213.267292022705 216.726226806641 216.802280426025 214.591110229492 224.431747436523 232.228092193604 238.839618682861 245.591213226318 234.627464294434 241.246082305908 241.359321594238 246.041316986084 257.371646881104 239.55387878418 218.814685821533 222.128700256348 222.244426727295 213.747749328613 206.362113952637 203.173084259033 197.922229766846 188.42081451416
-9999 271.629707336426 268.400451660156 265.605545043945 -9999 -9999 -9999 -9999 -9999 -9999 256.512660980225 255.230587005615 -9999 -9999 251.711944580078 252.454429626465 223.502811431885 219.117088317871 215.938179016113 241.789764404297 -9999 -9999 246.665096282959 248.777862548828 215.145481109619 209.686790466309 221.776054382324 227.143520355225 233.7080078125 237.258678436279 227.366119384766 220.947380065918 241.839614868164 235.320224761963 225.464984893799 225.573474884033 234.464015960693 244.534893035889 241.186248779297 239.016487121582 254.755825042725 249.271003723145 238.511528015137 252.162528991699 241.199451446533 226.929527282715 218.24596786499 210.679618835449 205.392387390137 188.258613586426
276.487640380859 275.148685455322 273.295879364014 272.087249755859 274.115406036377 -9999 268.300075531006 265.07107925415 -9999 -9999 -9999 -9999 -9999 -9999 -9999 -9999 -9999 -9999 -9999 -9999 -9999 -9999 250.492290496826 241.756687164307 -9999 239.520915985107 246.035015106201 222.578395843506 234.659111022949 238.201995849609 225.168441772461 219.618522644043 229.661670684814 230.732860565186 245.136024475098 257.393711090088 247.420928955078 237.656150817871 244.466232299805 236.768898010254 242.402961730957 253.697032928467 250.492542266846 247.292640686035 234.258953094482 224.471801757812 217.888103485107 214.875122070312 209.627799987793 193.488395690918
298.694255828857 297.78685760498 292.298629760742 287.960655212402 277.269428253174 271.624992370605 272.417919158936 266.257987976074 -9999 -9999 -9999 -9999 -9999 -9999 -9999 -9999 251.276947021484 250.441112518311 250.118335723877 249.794925689697 251.940746307373 248.64875793457 239.446857452393 -9999 -9999 259.009986877441 247.57292175293 245.716884613037 234.745590209961 239.240535736084 238.341464996338 216.236541748047 226.047245025635 234.914474487305 242.775089263916 246.333267211914 246.35425567627 235.418479919434 224.407249450684 228.861381530762 233.387817382812 236.937049865723 236.065692901611 237.275913238525 233.942470550537 235.335498809814 234.45475769043 234.728710174561 211.889232635498 193.454944610596
294.17423248291 295.283622741699 296.08740234375 287.470283508301 278.276290893555 276.017520904541 272.398666381836 270.550964355469 -9999 -9999 -9999 -9999 -9999 -9999 -9999 -9999 259.086475372314 259.69344329834 249.899616241455 253.889354705811 237.468120574951 243.040328979492 243.337268829346 258.916069030762 254.318069458008 215.957302093506 212.780139923096 208.51745223999 212.796844482422 212.858997344971 207.408554077148 206.381870269775 212.941009521484 216.067573547363 219.412689208984 219.517772674561 219.622848510742 216.485221862793 214.519432067871 222.010662078857 229.777370452881 228.908462524414 226.870895385742 225.81270980835 226.101406097412 231.71516418457 222.069610595703 205.797435760498 211.534370422363 227.185806274414
290.2744140625 285.127540588379 -9999 282.195686340332 282.371044158936 -9999 274.052581787109 275.145687103271 -9999 -9999 -9999 -9999 -9999 260.030780792236 257.85803604126 256.485191345215 -9999 260.334758758545 267.47518157959 239.556900024414 239.869846343994 245.193050384521 249.55952835083 271.78006362915 224.639659881592 213.798011779785 236.616237640381 243.488105773926 245.591796875 249.969673156738 234.572925567627 231.393745422363 221.546028137207 211.841976165771 212.91185760498 216.252479553223 213.115615844727 213.2174949646 213.319374084473 214.395854949951 216.572048187256 220.896747589111 225.347026824951 224.476940155029 221.33659362793 214.947128295898 209.713455200195 208.826488494873 207.937393188477 209.306709289551
291.395679473877 290.087089538574 289.858493804932 285.621360778809 282.932998657227 -9999 -9999 -9999 -9999 -9999 -9999 -9999 269.348075866699 267.623355865479 265.941555023193 260.725074768066 228.14236831665 222.854152679443 250.534114837646 227.352672576904 237.358741760254 234.299308776855 219.151172637939 223.391914367676 254.965183258057 251.667785644531 245.219425201416 235.56575012207 256.109554290771 246.349815368652 243.272567749023 235.558410644531 238.868980407715 225.818336486816 228.945644378662 242.403057098389 242.621143341064 238.192901611328 240.360824584961 237.225509643555 234.874225616455 221.832313537598 219.795421600342 225.404529571533 224.525882720947 222.538967132568 220.666873931885 215.427742004395 202.425395965576 193.933345794678
294.479339599609 292.969890594482 292.891941070557 290.470432281494 285.927570343018 -9999 -9999 -9999 -9999 -9999 276.272262573242 274.801292419434 273.061107635498 243.920593261719 274.048122406006 271.743553161621 261.62141418457 251.165752410889 246.498683929443 -9999 219.792537689209 228.565418243408 228.61254119873 237.385513305664 242.07933807373 266.046943664551 235.484436035156 227.661678314209 223.294162750244 218.928848266602 217.796829223633 212.567512512207 208.43994140625 215.759010314941 233.198387145996 244.491458892822 255.608715057373 272.035842895508 266.041519165039 245.971839904785 241.551910400391 226.071178436279 229.527221679688 237.38451385498 245.527458190918 246.886089324951 248.069568634033 246.067707061768 239.670883178711 212.290298461914
296.215888977051 295.34285736084 295.779628753662 292.935073852539 291.261116027832 289.100666046143 288.370838165283 -9999 -9999 278.014389038086 277.505672454834 276.433353424072 273.510990142822 266.985771179199 260.69255065918 257.584831237793 255.522445678711 262.176658630371 268.965419769287 262.228092193604 254.548561096191 246.253673553467 218.424118041992 214.283885955811 215.519077301025 220.830623626709 233.999656677246 251.578022003174 274.76974105835 235.006820678711 234.08910369873 230.702701568604 218.83776473999 220.98380279541 230.763492584229 241.917182922363 257.602481842041 265.189136505127 256.464653015137 236.735538482666 230.185565948486 243.687969207764 250.471435546875 247.335514068604 255.097843170166 256.108791351318 259.545211791992 267.315349578857 260.94034576416 249.127147674561
295.810298919678 299.487880706787 299.007553100586 296.792285919189 295.116176605225 293.812492370605 -9999 286.431526184082 255.270626068115 253.129806518555 253.243057250977 250.253547668457 245.962760925293 246.311973571777 243.211238861084 237.854663848877 230.578247070312 265.094581604004 271.242786407471 272.551441192627 263.535274505615 258.725162506104 252.950126647949 220.402862548828 210.804347991943 206.568119049072 211.876708984375 217.188861846924 224.858051300049 232.42565536499 233.656074523926 231.460796356201 241.300445556641 250.188701629639 252.33228302002 243.627754211426 233.758323669434 231.606674194336 238.254558563232 240.595592498779 229.755569458008 235.318962097168 244.385990142822 249.007171630859 263.245250701904 267.388427734375 258.797454833984 247.18620300293 247.54231262207 253.097434997559
304.372165679932 302.356712341309 299.285682678223 299.721725463867 297.471290588379 265.122276306152 264.163928985596 261.062568664551 259.973052978516 260.08536529541 257.578922271729 258.158916473389 254.59154510498 249.248458862305 245.92008972168 245.06884765625 238.763942718506 227.003131866455 223.897201538086 220.789451599121 231.775997161865 268.337215423584 270.735321044922 264.443904876709 274.951503753662 260.715194702148 221.210372924805 220.097389221191 227.752223968506 219.146583557129 212.582992553711 219.068584442139 233.160160064697 248.831142425537 241.030319213867 232.263561248779 243.25915145874 259.835941314697 282.415229797363 279.813488006592 251.267677307129 242.657062530518 229.510566711426 229.542541503906 238.669361114502 242.239765167236 263.976448059082 258.478630065918 242.532283782959 235.280799865723
302.091552734375 305.302978515625 303.089088439941 303.776039123535 300.86584854126 266.607040405273 264.701553344727 264.794189453125 263.707138061523 262.048698425293 259.430480957031 283.627872467041 281.880115509033 281.889030456543 278.263160705566 278.239860534668 280.536842346191 276.083164215088 232.071876525879 218.193012237549 217.309375762939 224.836231231689 231.402179718018 230.402629852295 235.905437469482 233.733280181885 237.202373504639 237.166080474854 220.91316986084 220.977840423584 235.126350402832 246.071136474609 266.435386657715 236.317165374756 238.447212219238 251.477600097656 281.702537536621 281.8297996521 287.479137420654 271.034790039062 248.703964233398 251.016208648682 240.038879394531 247.880794525146 257.891895294189 247.175258636475 256.060642242432 243.074501037598 254.136413574219 278.861083984375
308.772777557373 306.077800750732 305.427467346191 305.205341339111 270.125762939453 270.218494415283 270.311233520508 267.220935821533 262.239456176758 257.259593963623 259.001800537109 279.47847366333 277.636402130127 281.004402160645 278.109840393066 269.639389038086 269.641128540039 263.436935424805 230.837215423584 220.180507659912 217.917285919189 217.985252380371 215.920417785645 212.794662475586 213.828670501709 221.452224731445 218.521003723145 205.802848815918 206.741546630859 212.042739868164 214.240829467773 218.664855957031 223.97717666626 232.677223205566 237.025291442871 238.176467895508 264.832416534424 274.546127319336 287.75023651123 291.124507904053 283.893936157227 253.520084381104 237.441551208496 250.85099029541 277.158367156982 284.9446144104 263.383346557617 239.511081695557 254.557987213135 252.549873352051
274.760845184326 304.483989715576 269.776165008545 267.631549835205 271.836589813232 272.87020111084 272.960132598877 270.821166992188 263.719688415527 258.645015716553 259.696128845215 255.666831970215 250.581508636475 252.904052734375 241.233192443848 236.018741607666 231.972122192383 227.92155456543 221.644439697266 215.253917694092 211.093654632568 209.037353515625 204.865234375 200.783847808838 202.879886627197 194.355358123779 191.23755645752 201.936408996582 211.576293945312 217.059532165527 213.943511962891 214.903514862061 217.103691101074 220.371509552002 227.90051651001 226.833461761475 230.269939422607 232.397678375244 232.385070800781 236.794158935547 242.425151824951 236.949466705322 229.42066192627 225.319423675537 228.776714324951 233.236125946045 232.435092926025 215.427589416504 214.491104125977 207.108993530273
271.559356689453 273.2795753479 274.305637359619 268.058067321777 274.243244171143 274.331329345703 274.419418334961 271.338539123535 266.268112182617 263.198246002197 258.955905914307 253.883316040039 248.805934906006 243.606475830078 234.487316131592 230.445602416992 226.193950653076 224.158824920654 221.0705909729 217.981101989746 213.923072814941 206.59024810791 193.95231628418 -9999 -9999 188.869129180908 191.154067993164 199.618488311768 210.209175109863 207.104595184326 207.005107879639 208.148681640625 210.344287872314 221.035301208496 222.085357666016 223.300178527832 223.214965820312 223.136573791504 228.604274749756 234.279598236084 233.280670166016 227.911262512207 225.78844833374 220.566528320312 212.039993286133 208.094093322754 202.896259307861 198.815216064453 195.811515808105 190.644641876221
275.459991455078 -9999 276.704265594482 276.789455413818 275.599876403809 275.686538696289 274.828407287598 274.914077758789 -9999 -9999 -9999 -9999 -9999 -9999 234.005939483643 228.808082580566 220.350490570068 -9999 -9999 -9999 -9999 192.432891845703 191.444835662842 189.502067565918 199.965515136719 220.318195343018 220.580635070801 232.476543426514 230.355842590332 207.951629638672 205.657703399658 196.211242675781 207.852840423584 219.817806243896 226.396286010742 230.699565887451 228.412757873535 226.135795593262 226.063026428223 229.457874298096 232.845821380615 228.534763336182 224.309272766113 219.097461700439 216.009227752686 214.128635406494 206.880035400391 204.876235961914 201.910625457764 193.655723571777
