data/spatiotemp/temp1/bio11_norsw_test_2003_2006.asc
NCOLS 654 
NROWS 380 
XLLCORNER 3.91666666666667 
YLLCORNER 55.3333333333333 
CELLSIZE 0.0416666666666666 
NODATA_value -9999 
[rows 330 to 351 of 380, columns 96 to 143 of 654]
-9999 -9999 -9999 -9999 -9999 -9999 -9999 -9999 -9999 -9999 -9999 -9999 -9999 -9999 -9999 -9999 -9999 -9999 -9999 -9999 -9999 -9999 -9999 -9999 -9999 -9999 -9999 -9999 -9999 -9999 -9999 -9999 -9999 -9999 -9999 -9999 -9999 -9999 -9999 -9999 -9999 -9999 -9999 0.144943492487073 0.105758959427476 0.108392657712102 0.12235957942903 0.124993277713656
-9999 -9999 -9999 -9999 -9999 -9999 -9999 -9999 -9999 -9999 -9999 -9999 -9999 -9999 -9999 -9999 -9999 -9999 -9999 -9999 -9999 -9999 -9999 -9999 -9999 -9999 -9999 -9999 -9999 -9999 -9999 -9999 -9999 -9999 -9999 -9999 -9999 -9999 -9999 -9999 -9999 -9999 0.188174016773701 0.167579735629261 0.135786153376102 0.120853854343295 0.115921543911099 0.10165592841804
-9999 -9999 -9999 -9999 -9999 -9999 -9999 -9999 -9999 -9999 -9999 -9999 -9999 -9999 -9999 -9999 -9999 -9999 -9999 -9999 -9999 -9999 -9999 -9999 -9999 -9999 -9999 -9999 -9999 -9999 -9999 -9999 -9999 -9999 -9999 -9999 -9999 -9999 -9999 -9999 -9999 0.134072629734874 0.153068548068404 0.142397835850716 0.149146638810635 0.12331504561007 0.0741500817239285 0.0496518649160862
-9999 -9999 -9999 -9999 -9999 -9999 -9999 -9999 -9999 -9999 -9999 -9999 -9999 -9999 -9999 -9999 -9999 -9999 -9999 -9999 -9999 -9999 -9999 -9999 -9999 -9999 -9999 -9999 -9999 -9999 -9999 -9999 -9999 -9999 -9999 -9999 -9999 -9999 -9999 0.252628698945045 0.175799270160496 0.150589084252715 0.11323575116694 0.109215943142772 0.113173931837082 0.101776381954551 0.0890453681349754 0.0696478374302387
-9999 -9999 -9999 -9999 -9999 -9999 -9999 -9999 -9999 -9999 -9999 -9999 -9999 -9999 -9999 -9999 -9999 -9999 -9999 -9999 -9999 -9999 -9999 -9999 -9999 -9999 -9999 -9999 -9999 -9999 -9999 -9999 -9999 -9999 -9999 -9999 -9999 -9999 0.242274339077994 0.218813647748902 0.201519720256329 0.193059082143009 0.175931759178638 0.135471096262336 0.0865873247385025 0.0879471264779568 0.0893068201839924 0.0919999442994595
-9999 -9999 -9999 -9999 -9999 -9999 -9999 -9999 -9999 -9999 -9999 -9999 -9999 -9999 -9999 -9999 -9999 -9999 -9999 -9999 -9999 -9999 -9999 -9999 -9999 -9999 -9999 -9999 -9999 -9999 -9999 -9999 -9999 -9999 -9999 -9999 0.310364635661244 0.286973354406655 0.259128535632044 0.221135377883911 0.219142290530726 0.205815931316465 0.199822862632573 0.173163199797273 0.113386949524283 0.106493923813105 0.114267671480775 0.116041412577033
-9999 -9999 -9999 -9999 -9999 -9999 -9999 -9999 -9999 -9999 -9999 -9999 -9999 -9999 -9999 -9999 -9999 -9999 -9999 -9999 -9999 -9999 -9999 0.813850745558739 0.777284160256386 0.759959980845451 0.724681302905083 0.654610842466354 0.631017714738846 0.608845040202141 0.581066273152828 0.529954262077808 0.474786929786205 0.335404140874743 0.333917753770947 0.312943153083324 0.265533544123173 0.292674754746258 0.28981598932296 0.266957190819085 0.250098330434412 0.234572837754968 0.22371406853199 0.203521992079914 0.180853034369648 0.147040775045753 0.135228609666228 0.156749444082379
-9999 -9999 -9999 -9999 -9999 -9999 -9999 -9999 -9999 -9999 -9999 -9999 -9999 -9999 -9999 1.02517800778151 0.975748017430305 0.916595764458179 0.872680470347404 0.91432673484087 0.907228499650955 0.889671601355076 0.831188775599003 0.815224446356297 0.782889738678932 0.777221754193306 0.788220375776291 0.749885722994804 0.674217693507671 0.620549730956554 0.57488165050745 0.522546991705894 0.421517375856638 0.309126123785973 0.279401630163193 0.233010428666603 0.249952537473291 0.268894721753895 0.292503503151238 0.29811224527657 0.279720954596996 0.272754080593586 0.254875138401985 0.244547419250011 0.270700206048787 0.225469969213009 0.194467154331505 0.27745770663023
-9999 -9999 -9999 -9999 -9999 -9999 -9999 -9999 -9999 -9999 -9999 -9999 -9999 -9999 1.02573927491903 1.0176692828536 0.991154782474041 0.913029216229916 0.92957030236721 0.930111393332481 0.895936600863934 0.871045999228954 0.848155327141285 0.825264684855938 0.810374110937119 0.802150189876556 0.805259585380554 0.815035566687584 0.726144939661026 0.633254401385784 0.56903051584959 0.498139806091785 0.412065949290991 0.364142406731844 0.330218790099025 0.307628521695733 0.291038185358047 0.268447902984917 0.307190904393792 0.289267390966415 0.294936388731003 0.328420141711831 0.259126151446253 0.241936539609014 0.26286892592907 0.262991681694984 0.284691770561039 0.35708643309772
-9999 -9999 -9999 -9999 -9999 -9999 -9999 -9999 -9999 -9999 -9999 -9999 1.02431858330965 1.00663629919291 0.987176135182381 0.992605060338974 0.912033878266811 0.858129307627678 0.862224861979485 0.910986945033073 0.922978065907955 0.905059292912483 0.908751614391804 0.911971688270569 0.837646335363388 0.731189727783203 0.722965434193611 0.743709281086922 0.71207220852375 0.592736765742302 0.505808718502522 0.477065857499838 0.461281202733517 0.480316575616598 0.461035866290331 0.416371520608664 0.405734945088625 0.389637544751167 0.398449990898371 0.41375582292676 -9999 0.201510469429195 0.155236193910241 0.145931800827384 0.170585229992867 0.189348171465099 0.258111084345728 0.319540685042739
-9999 -9999 -9999 -9999 -9999 -9999 -9999 -9999 -9999 -9999 -9999 1.03141345828772 1.0021744966507 0.981963321566582 0.926279835402966 0.875929705798626 0.842246264219284 0.823896177113056 0.880879275500774 0.881195835769176 0.878686271607876 0.862683720886707 0.915157429873943 0.888345323503017 0.815342888236046 -9999 -9999 -9999 -9999 -9999 -9999 0.525992043316364 0.482591804116964 0.433508098125458 0.415853057056665 0.424197912216187 0.367876078933477 0.327554440125823 0.301899234764278 0.36938139423728 0.284589159302413 0.146426061168313 0.105278935283422 0.0429572053253651 0.0767180919647217 0.0912283323705196 0.17440521158278 0.180248756892979
-9999 -9999 -9999 -9999 -9999 -9999 -9999 -9999 -9999 1.40936205349863 1.09751357510686 1.05977052822709 1.02497490495443 0.976179279386997 0.935383528470993 0.935921020805836 0.897791989147663 0.889056794345379 0.935533843934536 0.898071438074112 0.875727705657482 0.94183599203825 0.825199022889137 0.814885601401329 0.813493892550468 -9999 -9999 -9999 -9999 -9999 0.473476465791464 0.455418068915606 0.432378429919481 0.423857633024454 0.394670072942972 0.376815933734179 0.302295222878456 0.247107719420455 0.300225759856403 0.338732739910483 0.219545140862465 0.135024333372712 0.0411701239645481 -0.00201744586229324 0.0695176832377911 0.0277751721441746 0.0520325936377048 0.144956842064857
-9999 -9999 -9999 -9999 -9999 -9999 -9999 -9999 -9999 1.19816730357707 1.10745225846767 1.11687770113349 1.05230302736163 0.997061781585217 0.960487045347691 0.94324566423893 0.962004326283932 0.9887630417943 0.950855016708374 0.896280415356159 0.814102545380592 0.891358502209187 0.86628645658493 0.8536481782794 -9999 -9999 -9999 0.7356351390481 0.742520660161972 -9999 0.495339564979076 0.52584420889616 0.554260358214378 0.508207149803638 0.433487217873335 0.374767389148474 0.328714082017541 0.279327511787415 0.265941018704325 0.297887737862766 0.194501121528447 0.147114634513855 0.0710613429546356 -0.00499190390110016 0.00231726095080376 0.0503221340477467 0.144993543624878 0.112331632524729
-9999 -9999 -9999 -9999 -9999 -9999 -9999 -9999 1.17947403527796 1.10469184815884 1.10900492966175 1.11998469755054 1.06163111329079 1.01327755302191 0.975590623915195 0.960570342838764 0.969725482165813 1.02324778586626 0.928176201879978 0.891155935823917 0.877144031226635 0.932807005941868 0.970025561749935 0.937132924795151 -9999 0.844125710427761 0.769407674670219 0.858340598642826 -9999 -9999 0.579107396304607 0.508770354092121 0.532142333686352 0.513223260641098 0.402971141040325 0.39671877399087 0.335133155807853 0.262214134214446 0.255295197130181 0.271042754407972 0.180790463462472 0.161204928532243 0.0982859283685684 0.0107003338634968 -0.046883262693882 0.0475356094539165 0.049954354763031 0.0310399234294891
-9999 -9999 -9999 -9999 -9999 -9999 -9999 1.42055566981435 1.27682266617194 1.19202356040478 1.14122435078025 1.06909185275435 1.05895927548409 1.04389929026365 1.04356922954321 1.02678391337395 1.0624291524291 1.01890771090984 0.954830758273602 0.93669817596674 0.930185548961163 0.937959216535091 1.00518397986889 -9999 0.899613745510578 0.842845752835274 0.848945461213589 0.863268218934536 -9999 -9999 0.57120843231678 0.508363090455532 0.544024303555489 0.522906213998795 0.469121497124434 0.446003451943398 0.372218767181039 0.322434077039361 0.293982625007629 0.282864511013031 0.21174653340131 0.160628428682685 0.104177106171846 0.0323923341929913 -0.0134169310331345 -0.00325082242488861 -0.0417514517903328 0.0277480073273182
-9999 -9999 -9999 -9999 -9999 -9999 -9999 1.51500007510185 1.34926659334451 1.17474397085607 1.07011027261615 1.01953212171793 1.05762073397636 1.14589974284172 1.14379780367017 1.07051788643003 1.03864147514105 0.94539675116539 0.863485224545002 0.894907094538212 0.889226906001568 0.965778060257435 1.030995875597 1.04405971616507 0.972070276737213 0.885315887629986 0.891490139067173 0.869084790349007 0.84414567053318 -9999 0.634738184511662 0.562903270125389 0.549239486455917 0.511922471225262 0.487271964550018 0.4666215069592 0.427304308861494 0.38465391471982 0.340670108795166 0.306019589304924 0.216702535748482 0.139385456219316 0.0634017325937748 0.0167511664330959 -0.00328405946493149 -0.0693706795573235 -0.0194572955369949 0.0957894884049892
-9999 -9999 -9999 -9999 -9999 -9999 -9999 1.69353494793177 -9999 1.15453709289432 1.05008336529136 1.0696296878159 1.14917590841651 1.25727130938321 1.22837971709669 1.10502309724689 1.09486110880971 1.03782404214144 0.998453788459301 0.988000065088272 0.992604598402977 0.999093391001225 1.03586189448833 1.03273255378008 0.915006659924984 0.839280813932419 0.847554825246334 0.842495657503605 0.838103137910366 0.816582307219505 0.787984624505043 0.625470899045467 0.59001363068819 0.54858236759901 0.523151323199272 0.473053470253944 0.454955711960793 0.411524508148432 0.363426744937897 0.319995591416955 0.235231220722198 0.137800106778741 0.0490357279777527 0.0222710929811001 0.0130911506712437 -0.0185043513774872 -0.00409985333681107 0.00763797760009766
-9999 -9999 -9999 -9999 -9999 -9999 1.77942999452353 1.83433167636395 -9999 -9999 1.48414354026318 1.2415509717539 1.23248784244061 1.24072848819196 1.27043979335576 1.25162933301181 1.19192127324641 1.17000325396657 1.12969906255603 1.10664345696568 1.10747333988547 1.0323574244976 1.01353735476732 1.0016882866621 0.926006026566029 0.832282148301601 0.794558212161064 0.789500817656517 0.832026898860931 0.819136209785938 0.763537272810936 0.710319295525551 0.684536784887314 0.611636139452457 0.514092825353146 0.496632810682058 0.467172712087631 0.444379333406687 0.393585909157991 0.329459110274911 0.285999173764139 0.227872436400503 0.167745715007186 0.118952199816704 0.10370859503746 0.0860147327184677 0.0483208410441875 0.0432936958968639
-9999 -9999 -9999 -9999 -9999 1.7554562613368 1.75155686587095 1.73318383842707 -9999 -9999 -9999 -9999 1.17407413944602 1.20143036544323 1.20194451510906 1.25845527648926 1.32092595589347 1.34791660308838 -9999 1.08662036433816 1.05339361727238 1.00217162817717 0.997116170823574 0.958727464079857 0.872338727116585 0.885770663619041 0.884228125214577 0.89968067407608 0.926672957837582 0.840173088014126 -9999 0.794951289892197 -9999 0.623606815934181 0.505701020359993 0.464212030172348 0.446056347340345 0.4079006947577 0.360411709174514 0.307589416392148 0.250100389122963 0.225278084632009 0.185789009556174 0.132966691628098 0.186992758885026 0.209978272207081 0.156074941158295 0.124116018414497
-9999 -9999 -9999 -9999 -9999 1.65175448358059 1.66739525645971 1.65019404143095 1.6073380112648 1.59363427013159 -9999 -9999 -9999 -9999 1.27789358794689 1.34030089294538 1.39020830951631 1.42067128419876 1.2236342728138 1.08059715107083 1.04488531500101 1.07916518673301 1.04944502562284 0.971521720290184 0.900488995015621 0.908789522945881 0.989898048341274 0.991844639182091 0.848275981843472 0.788000792264938 0.724350892007351 0.716630823910236 0.780493333935738 0.649234682321548 0.555309303104877 0.489791315048933 0.479606751352549 0.410088766366243 0.377904271706939 0.32105297781527 0.28086830675602 0.308017055504024 0.233832383994013 0.212314441800117 0.148276904597878 0.12505291774869 0.129829030483961 0.097938384860754
-9999 -9999 -9999 -9999 -9999 1.52558891475201 1.50330395996571 1.52655497565866 1.50398151576519 1.43333328142762 1.27365750586614 1.24064816534519 1.32319438969716 1.41462966240942 1.39995370805264 1.40333338081837 1.41226851381361 1.34592592716217 -9999 1.15990740433335 1.10730126127601 1.17149229347706 1.17407585307956 1.11693112924695 1.04428651183844 1.03379083424807 1.06599706411362 1.00384987145662 0.872404396533966 0.819229729473591 0.748585022985935 0.774310410022736 0.763094529509544 0.701166085898876 0.686028569936752 0.602037377655506 0.507157109677792 0.443610224872828 0.400729987770319 0.344516456127167 0.324302872642875 0.250756089924835 0.197209169156849 0.219662244431674 0.190894434228539 0.170238703489304 0.100249711424112 0.0749273002147675
-9999 -9999 -9999 -9999 1.36748941242695 1.36168419849128 1.38587903417647 1.38607397675514 1.37734735012054 1.38569906353951 1.33271768689156 1.29506947100163 1.29675458872225 1.34377317130566 1.40145836770535 1.42711450718343 1.46071755513549 1.44673611223698 -9999 1.22155098058283 1.12886874377728 1.15315247699618 1.17726373299956 1.13750720024109 1.08295748755336 1.02913168072701 0.977305851876736 0.955813325941563 0.872057721018791 0.811467833817005 0.801211252808571 0.758454695343971 0.706343993544579 0.690768241882324 0.601581320166588 0.544283308088779 0.446707475930452 0.357131576165557 0.342889169231057 0.28997993003577 0.25907075899886 0.188828343525529 0.171919161453843 0.135676696896553 0.0748451538383961 0.0687577091157436 0.160003757104278 0.124583054333925
