data/spatiotemp/temp1/bio18_norsw_test_2003_2006.asc
NCOLS 654 
NROWS 380 
XLLCORNER 3.91666666666667 
YLLCORNER 55.3333333333333 
CELLSIZE 0.0416666666666666 
NODATA_value -9999 
[rows 330 to 351 of 380, columns 550 to 599 of 654]
248.935123443604 251.111656188965 252.292911529541 252.846008300781 254.024784088135 255.956844329834 252.341930389404 250.997989654541 250.284122467041 248.435443878174 248.360641479492 248.170417785645 247.348487854004 247.9137840271 246.969234466553 245.659187316895 245.472137451172 245.285095214844 242.601089477539 242.416973114014 242.232856750488 242.048751831055 243.210262298584 241.018573760986 240.840900421143 242.244396209717 242.542892456055 242.841384887695 243.901935577393 244.546051025391 244.500480651855 244.799751281738 246.208293914795 246.508110046387 246.588088989258 248.969127655029 248.826599121094 251.199542999268 251.054306030273 252.006698608398 251.859214782715 251.711715698242 251.564212799072 251.416728973389 252.355529785156 254.389125823975 254.470947265625 254.941303253174 253.550632476807 253.556133270264
248.960926055908 248.380962371826 250.7063331604 251.510047912598 250.170238494873 252.109237670898 250.765830993652 249.676876068115 248.969062805176 246.487518310547 248.905765533447 246.870635986328 247.732833862305 246.344276428223 244.68835067749 243.31078338623 243.051532745361 242.792266845703 240.385669708252 240.88298034668 242.014503479004 241.75524520874 240.401969909668 239.641223907471 241.066535949707 241.398822784424 243.133785247803 243.468948364258 243.042190551758 243.376560211182 243.710914611816 244.809543609619 246.24499130249 246.580947875977 247.014137268066 249.064575195312 248.924549102783 248.784519195557 248.644493103027 249.594177246094 250.873420715332 251.816242218018 251.671489715576 252.298145294189 253.232913970947 254.810211181641 255.353256225586 253.965137481689 254.733337402344 254.42338180542
244.82515335083 246.019588470459 248.223258972168 246.885883331299 247.438285827637 247.492031097412 246.90355682373 248.091274261475 247.008666992188 247.061214447021 246.917789459229 247.333923339844 246.716506958008 245.255046844482 244.916149139404 242.068778991699 241.734813690186 239.544582366943 241.066879272461 241.039375305176 241.465869903564 238.982795715332 239.001476287842 240.44994354248 240.817886352539 241.185836791992 240.793643951416 241.160797119141 241.52795791626 241.895107269287 243.025573730469 243.393527984619 243.761459350586 245.561382293701 249.297527313232 249.160007476807 249.7897605896 248.884971618652 247.979270935059 248.923065185547 249.552169799805 251.151187896729 251.778774261475 254.140048980713 251.49479675293 252.422428131104 254.689044952393 255.145286560059 255.902141571045 256.992504119873
243.456722259521 245.414661407471 245.477317810059 244.89567565918 244.692142486572 245.507572174072 246.702518463135 245.35563659668 245.413070678711 247.360282897949 246.047794342041 245.632808685303 245.217803955078 243.688446044922 244.035049438477 243.625503540039 240.712024688721 240.308406829834 239.904777526855 239.501152038574 239.09753036499 237.623081207275 237.624446868896 239.095474243164 240.569217681885 240.213706970215 239.198387145996 241.019309997559 241.42211151123 241.824928283691 242.990905761719 243.394519805908 243.033340454102 245.285446166992 246.864406585693 247.813220977783 249.120433807373 250.063110351562 248.082710266113 249.021175384521 249.955833435059 252.025287628174 252.954189300537 252.813041687012 252.671894073486 254.363506317139 254.134727478027 256.311374664307 257.057075500488 256.738674163818
241.515182495117 242.310741424561 242.838611602783 244.280384063721 244.802619934082 244.838802337646 243.466331481934 244.257411956787 244.292285919189 243.670707702637 243.482681274414 242.316814422607 241.907253265381 242.253952026367 240.741565704346 240.337596893311 239.933616638184 239.199813842773 238.470897674561 238.403022766113 236.594276428223 235.132568359375 237.594139099121 238.273700714111 240.470180511475 240.087959289551 239.397621154785 241.600021362305 240.546501159668 241.591293334961 242.729858398438 243.106479644775 244.556407928467 246.37992477417 246.50984954834 247.461132049561 247.338222503662 248.284000396729 248.538646697998 248.713359832764 250.418682098389 251.737400054932 251.224533081055 251.095874786377 252.791687011719 252.661510467529 254.172515869141 254.638854980469 255.762554168701 255.452205657959
238.880554199219 240.000919342041 239.61304473877 240.079002380371 241.191486358643 241.175361633301 240.504573822021 239.731273651123 240.469951629639 239.334171295166 241.034851074219 241.460399627686 240.819766998291 238.627784729004 237.957862854004 240.138107299805 238.062419891357 237.736675262451 238.826908111572 236.329238891602 234.937984466553 234.617218017578 236.412448883057 235.938705444336 237.280784606934 237.563896179199 238.907741546631 238.889957427979 239.475131988525 241.19421005249 242.242435455322 242.529388427734 245.323581695557 245.61364364624 246.772850036621 246.670875549316 247.629516601562 247.525714874268 247.421932220459 248.765434265137 249.715084075928 249.609577178955 249.504070281982 251.494361877441 251.385215759277 252.043361663818 254.34107208252 254.062839508057 253.784595489502 255.980892181396
238.028877258301 236.187435150146 238.006671905518 236.534187316895 238.345420837402 239.396533966064 239.327350616455 240.013889312744 239.944801330566 239.875694274902 238.29573059082 238.794013977051 238.536346435547 237.942428588867 237.689064025879 239.275012969971 239.017292022705 237.684768676758 237.431381225586 236.422233581543 236.168880462646 235.550445556641 235.51770401001 236.467121124268 237.330909729004 237.228275299072 238.478942871094 241.163162231445 241.360462188721 240.797130584717 241.755023956299 243.007526397705 243.204795837402 244.457263946533 245.961669921875 247.696933746338 246.850276947021 247.816356658936 247.7317237854 248.692428588867 247.562454223633 247.885524749756 248.843082427979 251.600444793701 251.512825012207 251.425212860107 252.291584014893 252.044586181641 253.233722686768 255.450271606445
235.398620605469 233.878227233887 235.640727996826 236.280574798584 236.920673370361 239.329883575439 238.906066894531 238.785049438477 237.562580108643 236.782688140869 237.727813720703 237.207553863525 237.782279968262 237.601276397705 238.500568389893 238.724838256836 238.886806488037 238.702083587646 235.270179748535 235.088233947754 234.906307220459 234.72437286377 234.686157226562 237.274768829346 237.381042480469 238.244876861572 238.643440246582 239.507846832275 237.416492462158 238.960414886475 239.066074371338 241.375213623047 242.528999328613 243.681541442871 246.194839477539 246.895698547363 247.111862182617 247.811180114746 249.196830749512 249.134017944336 248.307910919189 248.245002746582 248.18208694458 251.364208221436 250.109645843506 251.068119049072 250.661926269531 250.437973022461 251.654705047607 253.889881134033
235.303821563721 237.015361785889 236.850666046143 238.551418304443 235.861480712891 235.695987701416 235.530498504639 234.702827453613 234.536544799805 233.706493377686 234.989925384521 236.721862792969 237.368774414062 238.335952758789 238.224250793457 238.112560272217 238.000869750977 235.39575958252 235.285778045654 235.175785064697 235.065807342529 234.200504302979 235.959274291992 234.928241729736 236.384300231934 234.96480178833 238.224548339844 238.242931365967 237.862327575684 239.320457458496 239.3376121521 239.354778289795 241.85319519043 242.905799865723 242.893424987793 244.647499084473 246.053554534912 247.041835784912 246.999187469482 249.433502197266 249.390193939209 250.038341522217 248.975593566895 248.49821472168 249.216953277588 249.173656463623 249.051616668701 249.867603302002 250.68675994873 252.694644927979
235.209018707275 236.865615844727 235.235298156738 235.773357391357 234.802989959717 235.019950866699 233.707065582275 234.245193481445 231.525726318359 233.146335601807 233.775299072266 237.308689117432 235.844318389893 236.559215545654 237.947959899902 235.415454864502 235.377429962158 235.339389801025 235.301368713379 235.263328552246 235.225299835205 233.745880126953 236.180061340332 235.064819335938 235.75212097168 236.72444152832 237.058364868164 238.02725982666 236.513481140137 237.476680755615 238.848651885986 239.80659866333 241.177387237549 242.130084991455 243.528118133545 243.509838104248 244.512577056885 244.492584228516 246.684341430664 247.681602478027 247.661266326904 247.640937805176 247.620609283447 248.609279632568 249.347690582275 250.331184387207 249.471656799316 250.304237365723 251.902584075928 253.177062988281
235.114227294922 233.436588287354 235.032585144043 235.519752502441 235.253299713135 233.567268371582 233.300071716309 232.366508483887 232.098793029785 232.58618927002 233.225521087646 235.750476837158 236.174755096436 233.716915130615 233.748672485352 233.78044128418 233.812213897705 233.843982696533 233.875751495361 233.907516479492 233.93928527832 233.971057891846 236.112670898438 236.242221832275 236.839500427246 235.92497253418 234.732803344727 235.607730865479 236.206619262695 236.316764831543 239.383525848389 240.665382385254 240.501586914062 241.354354858398 241.27169418335 242.719573974609 244.492851257324 243.734287261963 243.735240936279 243.736198425293 246.197143554688 246.95719909668 245.498996734619 249.716464996338 249.713882446289 249.711315155029 250.339496612549 249.724124908447 252.028961181641 252.639560699463
236.129947662354 234.042327880859 233.73095703125 235.266143798828 233.528221130371 233.210651397705 234.722961425781 234.399837493896 234.076705932617 233.084320068359 232.675735473633 232.782772064209 233.266418457031 233.369735717773 233.473049163818 233.576354980469 232.238536834717 233.782981872559 233.886299133301 232.540790557861 232.641551971436 233.153907775879 234.126651763916 233.884155273438 236.884246826172 235.88224029541 236.66389465332 236.414402008057 237.943878173828 237.691692352295 238.886711120605 238.633590698242 239.138721466064 241.337215423584 242.224075317383 242.24377822876 243.264682769775 243.734241485596 242.997913360596 244.773956298828 244.794033050537 246.273456573486 248.278038024902 249.054153442383 248.315628051758 249.320655822754 249.267490386963 250.131546020508 250.009502410889 249.88745880127
235.676853179932 233.894676208496 232.111415863037 232.502738952637 233.221984863281 232.854038238525 234.307708740234 232.508808135986 232.134113311768 230.040069580078 229.943550109863 231.918037414551 232.092922210693 233.022567749023 231.75798034668 232.972137451172 233.143527984619 233.314914703369 233.486309051514 232.617420196533 231.749546051025 231.921932220459 232.883338928223 235.048698425293 234.715919494629 235.138610839844 235.828784942627 235.492652893066 238.380020141602 238.294219970703 238.706146240234 238.804187774658 239.462554931641 239.874053955078 239.957664489746 242.435497283936 242.474094390869 243.964462280273 243.24861907959 244.276226043701 245.072177886963 245.111522674561 245.150863647461 247.636119842529 247.676204681396 247.716285705566 247.686248779297 247.09708404541 249.222179412842 250.104713439941
234.829818725586 233.747009277344 230.82311630249 230.075275421143 230.416370391846 231.071716308594 229.226818084717 230.98811340332 229.142658233643 227.012622833252 227.962818145752 229.240604400635 230.238296508789 230.481353759766 231.478939056396 231.721965789795 231.964984893799 231.790718078613 232.451042175293 230.479957580566 230.437896728516 232.143886566162 233.094776153564 235.930648803711 235.51082611084 235.090999603271 236.44367980957 236.019832611084 238.05924987793 237.629070281982 237.198886871338 238.216892242432 238.776439666748 238.339912414551 238.151504516602 240.641277313232 243.133228302002 241.742691040039 241.801864624023 241.105751037598 242.625793457031 242.687973022461 244.476303100586 245.506679534912 247.036769866943 247.098136901855 246.583877563477 246.51286315918 249.634292602539 248.097469329834
232.209964752197 231.756645202637 230.628509521484 229.823474884033 230.429466247559 228.532344818115 228.815952301025 229.100227355957 226.166412353516 226.45923614502 227.409645080566 227.723091125488 228.790962219238 227.661888122559 228.999279022217 229.309692382812 231.403686523438 231.71484375 232.026008605957 231.305519104004 231.615894317627 230.893089294434 233.029224395752 233.560768127441 234.082622528076 235.043399810791 235.548065185547 236.043048858643 236.983421325684 237.461212158203 235.94441986084 236.180423736572 234.905410766602 236.807640075684 236.584255218506 238.393005371094 240.892902374268 240.972682952881 241.052433013916 241.132194519043 242.674182891846 242.756977081299 243.801742553711 244.843338012695 245.881725311279 245.95975112915 245.975395202637 248.156341552734 249.06721496582 247.55004119873
233.211559295654 231.271633148193 229.68236541748 228.502208709717 229.812808990479 227.872257232666 227.72806930542 227.208671569824 226.689273834229 225.90584564209 226.856475830078 227.240432739258 226.183078765869 227.317028045654 227.696765899658 226.622619628906 226.998153686523 230.614490509033 229.969688415527 231.376705169678 231.7578125 231.108779907227 233.517658233643 234.708526611328 235.590263366699 236.007610321045 235.407707214355 235.808727264404 236.198860168457 236.34260559082 236.20068359375 236.571315765381 235.95735168457 236.786991119385 237.493202209473 237.591747283936 240.102325439453 241.162734985352 240.303009033203 241.360279083252 241.459049224854 241.55782699585 241.656593322754 245.881633758545 244.502880096436 247.026317596436 245.366901397705 245.344455718994 243.84508895874 246.250564575195
233.266250610352 231.302154541016 231.525146484375 229.560981750488 229.033206939697 227.82067489624 225.856151580811 222.864143371582 224.116634368896 223.589138031006 225.285087585449 225.686195373535 225.830921173096 226.230201721191 226.1872215271 226.584213256836 228.752014160156 228.397254943848 228.796058654785 230.402080535889 230.803157806396 232.230537414551 233.148555755615 235.027412414551 235.150566101074 234.520198822021 235.36149597168 235.723083496094 237.302303314209 236.181499481201 236.016708374023 236.345993041992 235.697402954102 236.009281158447 236.693328857422 238.252426147461 238.363117218018 239.932159423828 241.74976348877 241.862037658691 242.171443939209 242.282703399658 243.144695281982 243.255577087402 243.559585571289 244.61120223999 244.664203643799 246.145412445068 246.141033172607 245.601661682129
235.628616333008 232.582366943359 231.001152038574 230.844360351562 227.831230163574 228.070915222168 226.110809326172 227.371074676514 225.402774810791 225.635803222656 227.315704345703 227.691398620605 226.357864379883 225.722183227539 227.098350524902 227.468585968018 228.850646972656 229.222862243652 231.073974609375 231.449695587158 231.825408935547 232.953952789307 233.110794067383 233.995998382568 233.391460418701 234.541641235352 236.162246704102 235.7861328125 235.91967010498 236.995441436768 234.900592803955 236.492084503174 236.824417114258 236.190414428711 238.340618133545 238.45853805542 239.328647613525 240.913143157959 241.228900909424 241.348670959473 241.468444824219 242.532123565674 243.401760101318 243.711502075195 244.579689025879 244.697208404541 245.698928833008 248.135982513428 246.655349731445 248.149333953857
236.564044952393 235.341735839844 233.779247283936 231.815658569336 229.852069854736 230.099639892578 228.136299133301 227.633743286133 228.886692047119 228.376480102539 229.048500061035 226.93896484375 226.568870544434 226.912376403809 225.782001495361 228.351173400879 228.694744110107 230.777542114258 231.126087188721 232.487396240234 231.823165893555 232.171703338623 233.07303237915 232.490978240967 231.908916473389 233.566184997559 233.972507476807 236.601135253906 236.002044677734 237.853271484375 237.245716094971 237.598766326904 236.030612945557 235.423057556152 238.539516448975 238.66463470459 239.733581542969 239.858039855957 239.982494354248 241.587158203125 240.231414794922 242.237003326416 244.787628173828 243.97331237793 244.849784851074 245.913257598877 248.23046875 248.433498382568 248.449523925781 249.218383789062
237.498394012451 235.531543731689 234.744457244873 232.785499572754 230.826698303223 229.617561340332 230.144298553467 231.12377166748 229.908081054688 227.942668914795 227.85684967041 226.702217102051 227.77173614502 228.84147644043 229.160625457764 226.244983673096 228.046955108643 229.114814758301 230.172649383545 232.250865936279 233.58243560791 233.154670715332 233.035274505615 232.472831726074 233.405765533447 232.841358184814 234.013862609863 236.663326263428 237.057819366455 235.50553894043 238.332324981689 236.988380432129 237.145919799805 236.552711486816 237.260688781738 239.809730529785 239.941761016846 240.073780059814 240.20580291748 241.27564239502 241.407375335693 243.227428436279 244.852825164795 244.427104949951 245.119884490967 245.253410339355 245.332653045654 246.294700622559 246.320446014404 248.038318634033
237.683547973633 235.721340179443 234.507743835449 235.057102203369 232.818481445312 230.108852386475 230.381469726562 230.902881622314 229.684459686279 227.717422485352 228.372718811035 226.197555541992 226.488292694092 225.790775299072 226.079078674316 227.360496520996 229.14656829834 229.439029693604 228.731075286865 231.524486541748 231.818687438965 231.362014770508 232.246635437012 233.957260131836 233.412921905518 232.868579864502 234.055206298828 234.47875213623 234.889717102051 235.819869995117 235.255001068115 235.639266967773 235.817676544189 236.733852386475 237.449813842773 240.010334014893 240.149929046631 240.289516448975 239.868946075439 240.568698883057 241.642112731934 241.781764984131 245.289566040039 246.182487487793 244.820713043213 244.960723876953 245.048671722412 246.588954925537 246.623928070068 246.658897399902
240.689968109131 236.941307067871 235.725151062012 235.258975982666 233.295867919922 231.077625274658 230.618648529053 231.897644042969 229.935955047607 227.746162414551 227.649887084961 226.418327331543 227.431629180908 224.465732574463 224.726749420166 227.477306365967 229.245204925537 229.511085510254 229.77698135376 230.042858123779 231.066421508789 232.842098236084 232.209533691406 234.939109802246 234.408409118652 233.877708435059 233.347007751465 235.288974761963 233.248271942139 234.212631225586 235.37313079834 235.7717628479 238.404384613037 237.845561981201 238.56649017334 238.712493896484 240.358093261719 241.434104919434 240.079772949219 239.296508789062 240.946708679199 242.954998016357 243.103015899658 245.510540008545 245.083099365234 243.547058105469 245.153156280518 246.883197784424 246.927402496338 247.726535797119
