data/spatiotemp/temp1/bio10_norsw_test_2003_2006.asc
NCOLS 654 
NROWS 380 
XLLCORNER 3.91666666666667 
YLLCORNER 55.3333333333333 
CELLSIZE 0.0416666666666666 
NODATA_value -9999 
[rows 330 to 351 of 380, columns 550 to 599 of 654]
16.3283321857452 16.2354862689972 16.2019736766815 16.2204616069794 16.2502820491791 16.2447693347931 16.2539236545563 16.2450776100159 16.3075652122498 16.4000535011292 16.4494609832764 16.4524571895599 16.406120300293 16.3877825737 16.428778886795 16.4597742557526 16.5114378929138 16.5597667694092 16.56476354599 16.5857594013214 16.5887558460236 16.6030852794647 16.637232542038 16.6645307540894 16.723162651062 16.7424621582031 16.7324271202087 16.7190589904785 16.7250242233276 16.7943229675293 16.8456220626831 16.8835864067078 16.8942193984985 16.8315172195435 16.7701301574707 16.7393894195557 16.7333154678345 16.7739090919495 16.7725019454956 16.7557611465454 16.7310209274292 16.7282810211182 16.7568736076355 16.7454662322998 16.7540593147278 16.8046531677246 16.8651528358459 16.8542284965515 16.8366370201111 16.7990455627441
16.3431651592255 16.2883093357086 16.243453502655 16.2585980892181 16.320408821106 16.2915534973145 16.3386976718903 16.3805091381073 16.4583206176758 16.534131526947 16.5415623188019 16.4926121234894 16.4536623954773 16.4360456466675 16.469762802124 16.5074796676636 16.5538630485535 16.576913356781 16.5939629077911 16.6050133705139 16.6507308483124 16.6624474525452 16.6649985313416 16.6723856925964 16.7117714881897 16.7324914932251 16.7598781585693 16.7679314613342 16.7946510314941 16.8367047309875 16.8540921211243 16.873477935791 16.8788652420044 16.8589177131653 16.830461025238 16.8701591491699 16.8931913375854 16.8722233772278 16.851254940033 16.8142871856689 16.7673192024231 16.7456836700439 16.7600493431091 16.765748500824 16.8034472465515 16.8644795417786 16.8831834793091 16.8248929977417 16.8019361495972 16.7976460456848
16.4093301296234 16.4171316623688 16.3936002254486 16.4287343025208 16.467869758606 16.5130045413971 16.5314726829529 16.5319409370422 16.5537421703339 16.5788764953613 16.5616631507874 16.5421004295349 16.4985377788544 16.4923090934753 16.4914131164551 16.5171840190887 16.5536208152771 16.5860590934753 16.6024961471558 16.6396009922028 16.6633715629578 16.6644759178162 16.6860978603363 16.6935727596283 16.7470469474792 16.7651886940002 16.7999963760376 16.834804058075 16.8496122360229 16.8324203491211 16.8025612831116 16.8173694610596 16.8648443222046 16.8676509857178 16.8514580726624 16.9482622146606 16.9890666007996 16.8965382575989 16.8460087776184 16.8214797973633 16.7949504852295 16.7764220237732 16.8018937110901 16.8320298194885 16.8415012359619 16.9029731750488 16.8818802833557 16.8428912162781 16.7959017753601 16.787579536438
16.4794962406158 16.4952876567841 16.4797461032867 16.5188710689545 16.5686631202698 16.609121799469 16.612913608551 16.580039024353 16.5591635704041 16.5349555015564 16.5037643909454 16.4975893497467 16.502081155777 16.5079057216644 16.5170638561249 16.5248882770538 16.5813803672791 16.6025381088257 16.6236958503723 16.6361885070801 16.6453454494476 16.6998376846313 16.7518639564514 16.786093711853 16.793655872345 16.7998852729797 16.8174476623535 16.8690099716187 16.8565731048584 16.8088021278381 16.783031463623 16.8065938949585 16.8408231735229 16.8403854370117 16.8517880439758 16.909031867981 16.8896083831787 16.8461852073669 16.8020958900452 16.8346724510193 16.8172492980957 16.8071594238281 16.8244028091431 16.8549795150757 16.8682227134705 16.8607983589172 16.7965769767761 16.7188897132874 16.7165350914001 16.7288475036621
16.5330853462219 16.5707399845123 16.548394203186 16.6087145805359 16.6070351600647 16.610023021698 16.6043434143066 16.5699973106384 16.5716512203217 16.550637960434 16.5287852287292 16.5187568664551 16.5447297096252 16.5553684234619 16.5753409862518 16.6233131885529 16.6006188392639 16.6039252281189 16.6258978843689 16.6418690681458 16.6871752738953 16.739147901535 16.7991819381714 16.8079462051392 16.8087096214294 16.8061399459839 16.8075709342957 16.8210005760193 16.8397650718689 16.8165283203125 16.8072924613953 16.8260560035706 16.834153175354 16.8235836029053 16.8288750648499 16.8226938247681 16.8265137672424 16.7896666526794 16.7901530265808 16.8406386375427 16.8624582290649 16.8209443092346 16.7907638549805 16.8132500648499 16.8704023361206 16.831554889679 16.7467427253723 16.7146315574646 16.7145195007324 16.6910758018494
16.5807678699493 16.6108224391937 16.6342096328735 16.6409311294556 16.6729853153229 16.6930396556854 16.6577606201172 16.6338150501251 16.6298699378967 16.6485910415649 16.6593914031982 16.6416051387787 16.6158182621002 16.6193656921387 16.6229119300842 16.5971267223358 16.6000056266785 16.5948860645294 16.6197664737701 16.6999800205231 16.8181934356689 16.804407119751 16.7747192382812 16.7724652290344 16.7782092094421 16.808620929718 16.8403658866882 16.8587765693665 16.8585214614868 16.832266330719 16.8273448944092 16.8304224014282 16.8281674385071 16.8092460632324 16.8067173957825 16.8065824508667 16.8204488754272 16.7903151512146 16.7815136909485 16.8520460128784 16.8945779800415 16.872444152832 16.8443102836609 16.8448424339294 16.837375164032 16.829240322113 16.8030424118042 16.8014497756958 16.7658576965332 16.7035975456238
16.5857830047607 16.6302382946014 16.6540262699127 16.6751470565796 16.6776020526886 16.7000572681427 16.6665122509003 16.6516332626343 16.6594216823578 16.749876499176 16.8186650276184 16.7984523773193 16.7062406539917 16.6493625640869 16.6171498298645 16.6109385490417 16.6033933162689 16.5725138187408 16.6216359138489 16.7374229431152 16.809211730957 16.7963328361511 16.7782564163208 16.7589821815491 16.7963752746582 16.8257675170898 16.8584933280945 16.9072189331055 16.8966126441956 16.8726711273193 16.8393969535828 16.8241233825684 16.8208494186401 16.8089079856873 16.8045597076416 16.813805103302 16.8170509338379 16.8222961425781 16.8282084465027 16.8281202316284 16.8593649864197 16.8799438476562 16.8845224380493 16.8631014823914 16.8530135154724 16.906259059906 16.8840098381042 16.8182687759399 16.768527507782 16.7301197052002
16.6501312255859 16.6776533126831 16.6978418827057 16.7233643531799 16.7022197246552 16.6937413215637 16.6659300327301 16.6421184539795 16.6643075942993 16.7291626930237 16.7652716636658 16.7199673652649 16.6593301296234 16.6246922016144 16.6233885288239 16.6274170875549 16.5927798748016 16.568808555603 16.6481716632843 16.7515335083008 16.7935628890991 16.7955923080444 16.7611265182495 16.7835006713867 16.8632073402405 16.9229140281677 16.9059548377991 16.8689947128296 16.8560352325439 16.856409072876 16.8254489898682 16.8111567497253 16.8148632049561 16.7959041595459 16.802402973175 16.8616943359375 16.8643193244934 16.8716111183167 16.8575692176819 16.8275279998779 16.8268194198608 16.8694438934326 16.892068862915 16.8993611335754 16.893319606781 16.9412775039673 16.9149775505066 16.921754360199 16.8711977005005 16.8893074989319
16.6678125858307 16.7070689201355 16.7143244743347 16.7295801639557 16.7028360366821 16.6667585372925 16.6720144748688 16.6386034488678 16.6278591156006 16.6631152629852 16.6652119159698 16.6388154029846 16.6064190864563 16.6353557109833 16.6696262359619 16.6772291660309 16.6441655158997 16.6371028423309 16.7060403823853 16.794310092926 16.8519139289856 16.8275179862976 16.7899966239929 16.8113512992859 16.8687071800232 16.9173941612244 16.919415473938 16.8741040229797 16.8447914123535 16.8448133468628 16.8408350944519 16.8395228385925 16.833544254303 16.8008995056152 16.8262453079224 16.9115829467773 16.8802542686462 16.8069262504578 16.7975974082947 16.7949357032776 16.8269395828247 16.891610622406 16.9322814941406 16.9256200790405 16.9089584350586 16.8969631195068 16.8986124992371 16.9412403106689 16.969868183136 17.0238289833069
16.6908278465271 16.7271506786346 16.7041409015656 16.6851303577423 16.6907858848572 16.7097759246826 16.7007656097412 16.6897549629211 16.6500782966614 16.6504013538361 16.6398184299469 16.6229968070984 16.6675074100494 16.738685131073 16.7445306777954 16.7217087745667 16.7322196960449 16.6980648040771 16.7352428436279 16.8077545166016 16.8782653808594 16.864109992981 16.8388671875 16.8398699760437 16.8628726005554 16.8752083778381 16.8542103767395 16.8358793258667 16.8375487327576 16.8425517082214 16.8695540428162 16.8658895492554 16.8235583305359 16.7898945808411 16.7514209747314 16.7841386795044 16.8128561973572 16.7942404747009 16.7796244621277 16.7823419570923 16.8543934822083 16.9091100692749 16.8678283691406 16.8712124824524 16.8752641677856 16.8733148574829 16.8949136734009 16.9520592689514 17.0018715858459 16.9610180854797
16.6885097026825 16.6905670166016 16.6966228485107 16.7220129966736 16.7487363815308 16.7287936210632 16.7241830825806 16.7195734977722 16.6916303634644 16.6583533287048 16.6204245090485 16.6318445205688 16.6739296913147 16.7373490333557 16.7627682685852 16.7688536643982 16.74493932724 16.739025592804 16.7644443511963 16.8505306243896 16.907949924469 16.8733692169189 16.8384046554565 16.8390545845032 16.8450374603271 16.8383550643921 16.8096714019775 16.8156552314758 16.7989726066589 16.8242893218994 16.8409390449524 16.887589931488 16.9382395744324 16.9255566596985 16.7985978126526 16.7740273475647 16.7827916145325 16.7495551109314 16.7683191299438 16.8130836486816 16.8585138320923 16.8819441795349 16.880708694458 16.8688058853149 16.8949027061462 16.904333114624 16.9112138748169 16.9535446166992 16.9372086524963 16.9075393676758
16.6761913299561 16.688648223877 16.7217726707458 16.77889585495 16.8033537864685 16.7518105506897 16.7536010742188 16.7353916168213 16.703182220459 16.6763062477112 16.6410317420959 16.6406919956207 16.675018787384 16.7020125389099 16.7303395271301 16.7799997329712 16.7656602859497 16.7413201332092 16.7736468315125 16.8506412506104 16.8609690666199 16.8312954902649 16.8159408569336 16.8309059143066 16.8558702468872 16.8535017967224 16.7904663085938 16.7480969429016 16.7343950271606 16.7820267677307 16.8023247718811 16.8672890663147 16.9022545814514 16.8805522918701 16.8151059150696 16.8272500038147 16.8507261276245 16.8035368919373 16.7810139656067 16.85649061203 16.8973002433777 16.8381109237671 16.8589210510254 16.898398399353 16.911208152771 16.9340176582336 16.9381809234619 16.9436964988708 16.9145455360413 16.901394367218
16.7378726005554 16.7327303886414 16.7555885314941 16.7577795982361 16.8219704627991 16.7821617126465 16.7730197906494 16.7705435752869 16.7200675010681 16.6675910949707 16.6503052711487 16.6402063369751 16.6981081962585 16.7433423995972 16.7419109344482 16.7278122901917 16.7103800773621 16.7109479904175 16.7301831245422 16.7960844039917 16.7806529998779 16.7432208061218 16.7374773025513 16.7847571372986 16.8413691520691 16.8039817810059 16.7212605476379 16.7032060623169 16.7358183860779 16.7630982398987 16.7523770332336 16.7556562423706 16.7689352035522 16.778881072998 16.7996153831482 16.7711386680603 16.7679953575134 16.7755179405212 16.7657084465027 16.7665643692017 16.807421207428 16.8382778167725 16.8451342582703 16.8879904747009 16.9175138473511 16.9130368232727 16.9058151245117 16.9258489608765 16.8938822746277 16.8472499847412
16.8182215690613 16.7474799156189 16.7274050712585 16.7399964332581 16.8392539024353 16.848512172699 16.8131036758423 16.7723612785339 16.7522859573364 16.7135443687439 16.712911605835 16.7237205505371 16.7445297241211 16.7693395614624 16.7401490211487 16.6962904930115 16.6917672157288 16.7025761604309 16.7313852310181 16.7641944885254 16.7456703186035 16.7251467704773 16.7276811599731 16.7586078643799 16.7822017669678 16.7524619102478 16.6807217597961 16.7089824676514 16.7372417449951 16.7548351287842 16.7364292144775 16.7266893386841 16.7236161231995 16.7452096939087 16.7727913856506 16.7436943054199 16.6732635498047 16.6741666793823 16.7004027366638 16.7273049354553 16.767541885376 16.7991108894348 16.8293466567993 16.8595838546753 16.89448595047 16.8893885612488 16.8501167297363 16.8186683654785 16.7178869247437 16.7457714080811
16.9079036712646 16.8435616493225 16.7178869247437 16.7288784980774 16.8352036476135 16.8221955299377 16.7778544425964 16.7675132751465 16.7498383522034 16.7348303794861 16.7461848258972 16.7505683898926 16.7562851905823 16.7746691703796 16.7550525665283 16.7254362106323 16.7084875106812 16.7282042503357 16.7385883331299 16.7596383094788 16.7660217285156 16.7644057273865 16.7665514945984 16.7677927017212 16.7597007751465 16.7376089096069 16.7308492660522 16.7547574043274 16.75199842453 16.7259063720703 16.7051482200623 16.7083892822266 16.7309646606445 16.753538608551 16.7993011474609 16.8042502403259 16.7358660697937 16.712815284729 16.6950969696045 16.6920461654663 16.7249956130981 16.7999444007874 16.8748936653137 16.8898425102234 16.8814573287964 16.8257403373718 16.811083316803 16.7974863052368 16.7278904914856 16.7349600791931
17.0629177093506 16.996310710907 16.8543696403503 16.7944288253784 16.8264880180359 16.835214138031 16.7806053161621 16.7606649398804 16.7453904151917 16.7367825508118 16.7587919235229 16.7534160614014 16.7433743476868 16.7479991912842 16.7559576034546 16.7365827560425 16.6938738822937 16.7211656570435 16.7817907333374 16.794415473938 16.8250403404236 16.8209981918335 16.7974214553833 16.7803106307983 16.7845330238342 16.7720890045166 16.7769775390625 16.7598671913147 16.7180891036987 16.6536445617676 16.6538665294647 16.682755947113 16.6983122825623 16.7625341415405 16.7711429595947 16.7701392173767 16.7558007240295 16.692129611969 16.6964583396912 16.7227873802185 16.750449180603 16.7994441986084 16.8691058158875 16.8674349784851 16.8504300117493 16.8860926628113 16.8600506782532 16.7696385383606 16.7218933105469 16.6981482505798
17.0530819892883 17.0390510559082 16.9296865463257 16.867654800415 16.8116226196289 16.8289241790771 16.8155598640442 16.7855281829834 16.7414960861206 16.7534651756287 16.7587804794312 16.6961107254028 16.6574411392212 16.6454377174377 16.6547679901123 16.6794309616089 16.6487612724304 16.6667580604553 16.7054214477539 16.713418006897 16.7727475166321 16.7947449684143 16.7639718055725 16.7257595062256 16.7268829345703 16.7813391685486 16.7617936134338 16.7249174118042 16.7220392227173 16.7098274230957 16.7209506034851 16.7827401161194 16.7798619270325 16.754985332489 16.757116317749 16.7975907325745 16.7993993759155 16.7772068977356 16.752347946167 16.7528219223022 16.7866291999817 16.8004374504089 16.8489112854004 16.8733859062195 16.8411927223206 16.8390011787415 16.8249502182007 16.7223744392395 16.7271327972412 16.7158894538879
16.8990631103516 16.930449962616 16.909836769104 16.896556854248 16.8119430541992 16.7986626625061 16.7673835754395 16.7481031417847 16.7241559028625 16.6628761291504 16.5688190460205 16.5106515884399 16.4904854297638 16.5209846496582 16.5868163108826 16.6473164558411 16.6324825286865 16.6236486434937 16.6174812316895 16.6286473274231 16.6784801483154 16.7163133621216 16.7535338401794 16.7108082771301 16.6714162826538 16.727358341217 16.7259659767151 16.7059078216553 16.7258491516113 16.7897906303406 16.868399143219 16.9043402671814 16.8422827720642 16.742223739624 16.7798871994019 16.8319396972656 16.8213257789612 16.8060460090637 16.7814311981201 16.7901511192322 16.8182034492493 16.8135895729065 16.7989754676819 16.7950282096863 16.7457475662231 16.7137999534607 16.6904482841492 16.654360294342 16.6756052970886 16.6915159225464
16.8343772888184 16.8211817741394 16.8399863243103 16.8487920761108 16.8529295921326 16.7984013557434 16.7498736381531 16.7026786804199 16.6388154029846 16.5802872180939 16.5188579559326 16.487193107605 16.5008618831635 16.5098638534546 16.5515327453613 16.5965352058411 16.6088705062866 16.555205821991 16.572874546051 16.5825433731079 16.5888793468475 16.6425471305847 16.7457628250122 16.7391896247864 16.6779503822327 16.6700439453125 16.7341380119324 16.7835655212402 16.7909922599792 16.752420425415 16.8458471298218 16.8646078109741 16.7947010993958 16.7427954673767 16.7593245506287 16.7876224517822 16.7399201393127 16.7035508155823 16.7098488807678 16.7241463661194 16.782443523407 16.7914080619812 16.7410383224487 16.6453371047974 16.5336349010468 16.6012654304504 16.5592801570892 16.5596790313721 16.6187438964844 16.6431431770325
16.8530254364014 16.8439149856567 16.8508043289185 16.8410272598267 16.8379168510437 16.7841396331787 16.7236967086792 16.5945863723755 16.5868089199066 16.5896990299225 16.5142295360565 16.473067522049 16.4945728778839 16.4874103069305 16.5209155082703 16.5930867195129 16.6299247741699 16.5940964221954 16.6109342575073 16.5471057891846 16.5452783107758 16.6187825202942 16.7186570167542 16.7669048309326 16.7251505851746 16.6833968162537 16.7349762916565 16.8045563697815 16.8248028755188 16.7637157440186 16.7426285743713 16.7362079620361 16.7251210212708 16.698034286499 16.6914291381836 16.6973042488098 16.690514087677 16.6810564994812 16.6935992240906 16.6894750595093 16.7253513336182 16.7345604896545 16.6891031265259 16.5903124809265 16.5375218391418 16.5807309150696 16.5854454040527 16.5603308677673 16.6152167320251 16.6574358940125
16.8370056152344 16.8313136100769 16.8489542007446 16.8032627105713 16.7989039421082 16.7765445709229 16.696852684021 16.6751613616943 16.6021354198456 16.5877764225006 16.5562670230865 16.5862748622894 16.6269497871399 16.6302895545959 16.5876307487488 16.5629725456238 16.6156458854675 16.6549868583679 16.736328125 16.6423349380493 16.7030091285706 16.8050169944763 16.7775530815125 16.6772856712341 16.6903505325317 16.7287497520447 16.7298150062561 16.728214263916 16.7479462623596 16.7656779289246 16.7367434501648 16.7071418762207 16.6988735198975 16.7192735671997 16.7221989631653 16.7216534614563 16.7784414291382 16.7605619430542 16.6853504180908 16.6221373081207 16.646924495697 16.6577119827271 16.6031670570374 16.5626215934753 16.5220754146576 16.5335299968719 16.5676097869873 16.5663170814514 16.5863571166992 16.5910630226135
16.9016532897949 16.8373789787292 16.8217720985413 16.7661647796631 16.7325572967529 16.6902832984924 16.6573424339294 16.6297354698181 16.5807945728302 16.5825207233429 16.6356391906738 16.730149269104 16.7166595458984 16.679169178009 16.6330132484436 16.6081902980804 16.5553677082062 16.5518779754639 16.5930542945862 16.6335644721985 16.6687417030334 16.7325854301453 16.7857823371887 16.7016668319702 16.621551990509 16.5961022377014 16.6439867019653 16.6898713111877 16.6924223899841 16.7309727668762 16.7668581008911 16.7474093437195 16.6906270980835 16.6978440284729 16.6716361045837 16.6893353462219 16.7430357933044 16.7187347412109 16.6537671089172 16.6114664077759 16.6324992179871 16.6028652191162 16.5672311782837 16.5342628955841 16.5346298217773 16.4996619224548 16.5057754516602 16.5196361541748 16.5461630821228 16.5360236167908
