data/spatiotemp/temp1/bio15_norsw_test_2003_2006.asc
NCOLS 654 
NROWS 380 
XLLCORNER 3.91666666666667 
YLLCORNER 55.3333333333333 
CELLSIZE 0.0416666666666666 
NODATA_value -9999 
[rows 154 to 175 of 380, columns 300 to 349 of 654]
43.6835165023804 43.7665901184082 43.7884082794189 43.7135009765625 43.7726068496704 44.0274276733398 44.274787902832 44.4195318222046 44.2495183944702 45.0223426818848 44.9512252807617 44.695948600769 44.4674663543701 44.5682029724121 44.4331789016724 44.0681343078613 43.428427696228 43.2649726867676 42.9531850814819 43.0025424957275 43.1140947341919 42.5792360305786 42.4249029159546 42.7877807617188 42.9121942520142 42.9997224807739 43.970440864563 45.2726001739502 45.88551902771 46.2279214859009 45.7574424743652 46.3262882232666 46.6668138504028 46.7688608169556 46.209623336792 46.1903429031372 46.878212928772 47.1213188171387 47.4423675537109 47.0876331329346 47.0167722702026 47.432861328125 47.7649955749512 47.7410497665405 47.591046333313 47.4528474807739 47.6187772750854 47.6126937866211 47.7779293060303 47.7363529205322
44.8450546264648 44.6213979721069 44.2496089935303 44.5268516540527 45.0299844741821 44.7271757125854 44.9958190917969 44.8641500473022 45.9712495803833 46.3044605255127 46.2123537063599 46.3096942901611 46.1255798339844 45.6847162246704 45.3654870986938 45.0171232223511 44.5104198455811 43.8972082138062 43.725510597229 43.5839157104492 43.1315088272095 43.5582971572876 42.9917678833008 42.9259738922119 43.0935640335083 43.434889793396 43.6431617736816 44.6135301589966 45.6146879196167 46.2445278167725 46.3481998443604 47.0125160217285 47.1678915023804 46.7573919296265 46.7467975616455 47.0722789764404 47.1517133712769 47.0902271270752 47.3571681976318 47.7875528335571 47.7388410568237 47.791446685791 47.8982267379761 47.6982746124268 47.7384967803955 47.6840963363647 47.9471416473389 48.3228731155396 48.5048027038574 47.9456872940063
44.9474897384644 45.0264902114868 45.394082069397 45.2754707336426 45.2086877822876 45.4413661956787 45.5417404174805 45.3022546768188 46.8575067520142 47.6030426025391 48.2505464553833 47.3019857406616 46.8461723327637 46.1947603225708 45.3592262268066 44.6663455963135 45.3372316360474 44.6290435791016 43.9061012268066 43.1696252822876 43.6103601455688 43.1423616409302 43.3826608657837 43.2251586914062 43.4217615127563 43.7937183380127 44.0278997421265 44.4023656845093 45.1390180587769 45.8137435913086 46.1516542434692 46.492262840271 46.6534280776978 46.4022397994995 46.7734956741333 47.1754884719849 47.2650175094604 47.3210983276367 47.9527072906494 48.1135520935059 47.6165523529053 47.7209329605103 47.9420890808105 47.7835302352905 47.7618970870972 48.2326364517212 47.9660482406616 47.8834800720215 48.4993963241577 48.3630723953247
45.5825071334839 45.474365234375 45.178994178772 45.9145307540894 45.7714328765869 46.1041088104248 46.5201854705811 47.0512628555298 47.85608959198 48.2373704910278 49.1718196868896 48.5755672454834 47.496919631958 46.4236717224121 45.3551959991455 45.5050525665283 45.736141204834 45.3018579483032 44.595757484436 44.6583728790283 43.8737287521362 44.3352470397949 44.207221031189 43.7439317703247 43.6688184738159 43.7385225296021 44.0450162887573 44.2348299026489 44.7056283950806 44.9047231674194 45.7065963745117 46.0175046920776 46.2534189224243 46.3727140426636 46.7270097732544 46.5933237075806 46.846887588501 47.4901084899902 47.7353677749634 48.0701112747192 47.8909273147583 47.9735088348389 48.3924598693848 48.0791263580322 48.5998077392578 48.6069717407227 48.1300287246704 48.370246887207 48.3384914398193 48.7582883834839
45.3516874313354 45.0941276550293 45.4595632553101 46.2505664825439 46.4574136734009 46.8823747634888 47.3296346664429 47.7670392990112 47.9059753417969 48.935938835144 49.2503852844238 48.8939428329468 48.5310907363892 47.8884038925171 46.8801536560059 46.4480495452881 45.6381864547729 45.6521997451782 45.1440553665161 44.8782835006714 44.6226797103882 44.7112216949463 44.4090404510498 44.1042604446411 44.0905857086182 44.2835569381714 44.0608530044556 44.5393085479736 44.9444313049316 44.9233074188232 45.2323780059814 45.7747325897217 46.3313760757446 46.7116680145264 46.9935531616211 47.0811939239502 47.4031553268433 47.6731309890747 47.7465219497681 47.8651561737061 47.682861328125 47.8553581237793 48.3172054290771 48.3658962249756 48.7511978149414 48.7364454269409 48.3836259841919 48.3275852203369 48.257568359375 49.0556421279907
44.9811229705811 45.0514650344849 45.7351007461548 46.4199142456055 46.6867275238037 47.1924095153809 47.8477048873901 48.726375579834 49.1337127685547 49.20654296875 48.3796644210815 47.6912841796875 47.5097208023071 47.3343925476074 47.4978666305542 47.1646432876587 47.2017755508423 46.5343217849731 46.2289772033691 45.82603931427 45.7480316162109 45.3741617202759 45.4071006774902 44.9308462142944 44.7227010726929 44.9776287078857 44.9471616744995 44.9689464569092 45.3622331619263 45.6277866363525 45.6176071166992 45.9437847137451 46.5225076675415 47.0404920578003 46.9135665893555 46.72447681427 47.3309268951416 47.6473474502563 47.5945692062378 47.8455724716187 47.683012008667 47.5163383483887 48.0674476623535 48.2647314071655 48.7711896896362 49.1145610809326 48.4234247207642 49.0185575485229 48.8815307617188 48.8028593063354
45.2491064071655 44.7604122161865 45.8929719924927 46.7646102905273 47.1837873458862 47.8672351837158 48.0820569992065 47.7859725952148 49.497878074646 48.8178558349609 48.5272655487061 48.5394620895386 48.4919519424438 48.1932725906372 47.4445352554321 47.2092342376709 46.8284120559692 46.4532155990601 45.8183069229126 45.8019962310791 45.7879762649536 45.5886917114258 45.6906137466431 45.9132957458496 45.7783737182617 45.6007642745972 45.8295278549194 45.5142278671265 45.6651210784912 46.4286851882935 46.5044603347778 46.4292583465576 46.5025730133057 46.6747312545776 46.6027727127075 46.8576068878174 46.7946281433105 47.3696737289429 47.3921775817871 47.237078666687 47.6503429412842 47.71413230896 48.1776885986328 48.3618230819702 48.3988018035889 48.3778171539307 48.6048460006714 49.0172653198242 48.9533452987671 48.8949890136719
45.2642965316772 45.539158821106 45.2915439605713 45.4799404144287 46.6725540161133 47.8945980072021 48.4020690917969 49.1131935119629 49.4826803207397 49.2624044418335 49.3171834945679 48.3591661453247 47.3625774383545 47.8064041137695 48.1088647842407 47.4633665084839 47.3007316589355 47.2363862991333 47.0071592330933 46.6079559326172 46.0199480056763 45.658579826355 45.9930591583252 46.0641679763794 45.6369981765747 46.1532888412476 45.8057765960693 45.9318313598633 46.5897455215454 46.8295202255249 46.5856533050537 47.5238656997681 47.4964628219604 46.8867197036743 47.0529155731201 47.0295028686523 46.8696327209473 47.3119020462036 47.35964012146 47.4413747787476 47.5519018173218 47.8104906082153 47.7971830368042 48.0545587539673 48.0799570083618 48.1784582138062 48.3211545944214 48.3823270797729 48.9380378723145 48.2662534713745
45.7282409667969 46.3073902130127 46.5945568084717 46.2284088134766 46.571551322937 46.8489294052124 48.4708471298218 49.2542457580566 49.143310546875 48.9503698348999 48.9552745819092 48.3567934036255 45.908016204834 47.2389516830444 47.7568922042847 46.9177570343018 47.3314657211304 47.2887926101685 47.0710544586182 47.0449304580688 46.7227754592896 46.164155960083 46.3776302337646 46.3094358444214 46.6494245529175 46.9833984375 47.1032810211182 46.5998277664185 47.3360271453857 47.2138586044312 47.0620946884155 47.2881946563721 47.9484119415283 47.8317098617554 46.9894981384277 47.3052053451538 47.2201366424561 47.503077507019 47.8517808914185 47.7160816192627 47.686375617981 47.857274055481 47.6777038574219 48.0528211593628 47.9746208190918 48.1990594863892 47.8941431045532 48.2831134796143 48.6557064056396 49.2732696533203
46.4066343307495 46.831000328064 46.6963367462158 46.8685884475708 47.6198749542236 48.2152633666992 49.1481513977051 49.1933078765869 48.7838649749756 48.1984348297119 48.0944128036499 48.555004119873 48.2434425354004 48.0270586013794 48.0701894760132 47.2886018753052 46.4306287765503 46.4359321594238 47.001805305481 47.2077770233154 46.6188058853149 46.3479089736938 46.1781663894653 46.5259494781494 47.0002965927124 47.9669160842896 47.7126636505127 47.2535095214844 47.4059181213379 47.5007286071777 47.5223293304443 47.445032119751 47.5456876754761 47.6727676391602 48.3178386688232 48.2532749176025 47.9171915054321 48.1684999465942 48.6052951812744 48.6753587722778 48.3318777084351 48.0482444763184 47.7428359985352 48.0989990234375 48.1505165100098 47.9840440750122 48.0441427230835 48.5003261566162 48.7022371292114 49.4878368377686
46.993369102478 47.0989894866943 47.5130090713501 47.6966600418091 48.0060205459595 48.3058242797852 48.8375949859619 49.0079965591431 49.1957063674927 48.4392642974854 48.2674226760864 48.2708396911621 48.3116626739502 47.7672634124756 47.748272895813 47.1164140701294 47.1334543228149 47.0507831573486 47.4865942001343 47.555890083313 47.0866069793701 47.0945329666138 46.9446296691895 47.033371925354 47.4485111236572 47.9604148864746 47.8949155807495 48.0381145477295 47.9132127761841 47.7927627563477 48.1740922927856 47.5882396697998 47.9138345718384 48.0522336959839 48.186429977417 48.470685005188 48.359658241272 48.549243927002 48.9479131698608 49.1359891891479 49.0815258026123 48.9009008407593 48.8741617202759 48.7385892868042 48.7230663299561 48.8262615203857 48.5863513946533 48.7369508743286 49.2449474334717 49.2414751052856
47.0871601104736 47.3715381622314 47.4861860275269 47.9805908203125 48.6329832077026 49.032341003418 48.755392074585 48.9298686981201 48.8970384597778 48.7546939849854 48.6616382598877 48.6525163650513 47.9728708267212 48.2902822494507 47.946647644043 47.0130634307861 46.736346244812 46.6517314910889 46.487998008728 47.2068815231323 47.7019701004028 47.3357057571411 47.6771841049194 47.8135738372803 47.8072576522827 47.9238929748535 47.8626642227173 48.380747795105 48.2722949981689 48.4591569900513 48.2606725692749 48.3652639389038 48.6533842086792 49.0220327377319 48.8243713378906 48.9550809860229 48.6563806533813 49.2881965637207 49.4310111999512 49.5348587036133 49.5132684707642 49.4869070053101 49.3558168411255 49.817289352417 49.1712999343872 48.5994291305542 48.9907722473145 48.8663167953491 49.0895318984985 50.119457244873
46.8700084686279 47.4612627029419 47.3084487915039 47.5916700363159 47.9110708236694 47.773886680603 48.5113067626953 48.5165119171143 48.4927539825439 48.207124710083 48.3343648910522 48.2516288757324 48.185435295105 48.5155172348022 48.3148984909058 47.0795803070068 46.5816793441772 47.2097110748291 47.0011081695557 47.2535457611084 47.9985494613647 47.6912384033203 47.6194496154785 47.7157163619995 48.0196962356567 47.9216547012329 48.3082885742188 48.517204284668 48.7881593704224 48.998987197876 48.1577548980713 49.0608968734741 48.8705072402954 49.0606145858765 49.5676155090332 49.4423789978027 49.4844169616699 49.7481527328491 49.523383140564 49.7836923599243 49.8401765823364 49.8266735076904 49.9431562423706 50.0763883590698 49.9092054367065 48.9773778915405 48.4945297241211 48.2818737030029 48.615161895752 49.3322973251343
46.3548212051392 46.9028100967407 47.7601490020752 47.9333391189575 48.2387361526489 48.3272705078125 48.3958311080933 48.0624809265137 47.8531284332275 47.9286041259766 47.8444423675537 47.9369964599609 47.9901285171509 47.605541229248 47.6670246124268 48.3068284988403 47.9899873733521 47.7389268875122 47.4680433273315 47.3240842819214 47.7003087997437 47.885913848877 48.1060600280762 47.6437358856201 47.9017791748047 48.0514602661133 47.960168838501 47.8133029937744 47.8405199050903 48.0681228637695 48.8061571121216 48.6822452545166 49.1901636123657 49.2196702957153 48.6429986953735 48.354362487793 48.6667041778564 49.258129119873 49.5644817352295 49.8277111053467 50.2785081863403 49.6441774368286 49.4746341705322 49.5809087753296 50.3199701309204 50.4797639846802 49.4225254058838 49.369912147522 49.0759696960449 49.369104385376
46.3724365234375 46.4392423629761 47.0999422073364 47.4918527603149 47.6391077041626 47.7892637252808 47.7903938293457 47.6247158050537 47.5786104202271 47.5241117477417 47.6482801437378 47.4668941497803 47.3198661804199 47.0553369522095 47.3497896194458 47.8388433456421 48.0093364715576 48.0283737182617 47.2335252761841 47.3665590286255 47.5094480514526 47.883152961731 47.6094074249268 47.8940391540527 48.0274438858032 48.2074890136719 47.9228219985962 47.5503168106079 47.5230617523193 47.3664064407349 48.1621561050415 47.9582481384277 48.1832637786865 48.624439239502 48.9789934158325 49.2743091583252 49.7252645492554 49.6803302764893 49.8073968887329 49.7464599609375 49.8718280792236 49.6349954605103 49.8838520050049 49.5759181976318 49.4791641235352 50.2987594604492 50.8450946807861 51.1854705810547 50.4797677993774 50.7422313690186
46.6425333023071 46.80735206604 46.7980451583862 47.0092487335205 46.7950000762939 47.6154203414917 47.4822387695312 47.5434236526489 47.5407829284668 47.5390558242798 47.4911279678345 47.0905723571777 47.1575870513916 47.5879011154175 46.9973297119141 46.9287204742432 47.4100503921509 47.5538625717163 47.71169090271 47.7666387557983 47.8852376937866 48.1195344924927 47.495062828064 47.9530954360962 47.9189558029175 47.9872808456421 48.4398632049561 48.3917474746704 47.9088020324707 48.4620981216431 48.1674222946167 48.2715272903442 48.5397386550903 48.1328163146973 48.6775102615356 48.5396509170532 49.4214353561401 49.6782217025757 49.558895111084 48.8419227600098 49.6604776382446 50.0899124145508 50.0934686660767 50.7235717773438 50.4449453353882 50.6168813705444 51.1381740570068 51.2687454223633 51.3368034362793 51.1815271377563
47.067852973938 47.3694200515747 46.9642963409424 46.9686832427979 47.1394414901733 46.9012041091919 46.9708833694458 47.1363582611084 47.0467109680176 46.5817356109619 46.1958723068237 46.1044683456421 46.5759572982788 46.8999490737915 46.971809387207 47.3129377365112 47.7505388259888 47.4049510955811 47.5282573699951 47.8734693527222 48.1812200546265 47.8530750274658 48.3778276443481 48.277307510376 48.4499521255493 48.6689052581787 48.8042278289795 48.8228368759155 49.1192016601562 48.919394493103 49.4018964767456 49.3884830474854 49.2086267471313 48.7262420654297 49.2724637985229 49.211236000061 49.1715936660767 48.9565944671631 48.9802808761597 49.0738849639893 49.2113990783691 49.4436082839966 50.1040468215942 50.0106067657471 50.5094261169434 50.3846626281738 51.0610971450806 51.1696405410767 51.4192008972168 51.0858783721924
47.2003936767578 47.4577417373657 47.2882118225098 46.865234375 46.7679357528687 46.3420057296753 46.047287940979 46.1412963867188 46.4878997802734 45.9995279312134 45.7769184112549 45.8540000915527 46.6348762512207 46.7764158248901 46.8710680007935 47.1459102630615 47.5329236984253 47.4080896377563 47.2579851150513 47.6770620346069 47.6622552871704 48.1053457260132 48.0058526992798 48.2716798782349 48.4257154464722 48.6989698410034 48.782509803772 48.7930030822754 48.9470701217651 49.1478137969971 49.2146406173706 49.0475511550903 49.4747858047485 49.6048078536987 49.3599224090576 49.1839189529419 49.082818031311 49.8326921463013 49.3311262130737 49.3668375015259 48.8619804382324 48.8849496841431 49.5635089874268 50.1252241134644 50.0603580474854 51.1476583480835 51.2502040863037 51.0638370513916 51.7840442657471 51.3248872756958
46.9692544937134 47.1337776184082 47.3756999969482 47.1092758178711 46.7470235824585 46.7351493835449 46.1132411956787 46.2524671554565 46.4065647125244 46.0966014862061 46.1720571517944 46.4831581115723 46.3419218063354 46.8556346893311 46.9063482284546 47.0246810913086 47.3241777420044 47.3442506790161 47.2788925170898 47.3264532089233 47.2946882247925 47.8195600509644 47.2896509170532 47.8599309921265 47.5165138244629 47.4461059570312 48.0689086914062 48.7092962265015 48.6235322952271 48.5542573928833 48.0102338790894 48.5253763198853 49.1552581787109 49.3452405929565 49.2724514007568 49.1490488052368 49.1354703903198 49.0475263595581 49.3197860717773 50.1355838775635 49.7552556991577 49.5389413833618 49.8028163909912 50.3835391998291 51.193263053894 51.2590389251709 51.3279066085815 51.6099119186401 51.7140731811523 52.0392894744873
46.9766063690186 46.9989233016968 47.3564043045044 46.775354385376 46.8358783721924 46.5383100509644 46.7932472229004 46.9770183563232 46.687575340271 46.2857933044434 46.0853624343872 46.3901033401489 46.5661497116089 46.474588394165 46.4356517791748 46.9787855148315 47.0616750717163 47.2320985794067 47.4364318847656 47.3941173553467 47.7010173797607 47.4009628295898 47.6548595428467 47.594367980957 47.6633863449097 47.5841217041016 47.8010759353638 48.3593320846558 48.7848768234253 48.735161781311 48.8923273086548 48.6764945983887 48.7112493515015 49.1069440841675 48.80712890625 49.0346879959106 48.7739887237549 49.2043600082397 49.6069593429565 49.7774658203125 49.8992681503296 50.0900583267212 50.3155488967896 51.2062320709229 51.5837631225586 51.3216848373413 51.2674932479858 52.047776222229 52.1793298721313 52.2864780426025
46.8712205886841 47.0035600662231 46.8622016906738 46.9849672317505 46.8309326171875 46.6719636917114 46.4365644454956 46.6979303359985 47.023006439209 46.3802013397217 46.1695280075073 46.4515581130981 46.5423917770386 47.0398750305176 47.2955455780029 47.5852384567261 47.45055103302 47.6610260009766 47.6134395599365 47.1076231002808 47.7911071777344 47.9261274337769 47.6467809677124 47.1823644638062 47.3018054962158 47.7469921112061 48.1927671432495 48.5090274810791 48.0638198852539 48.0923290252686 48.2991409301758 48.53151512146 48.8830213546753 48.93337059021 48.5247707366943 48.8004064559937 49.1046075820923 48.8166837692261 49.2361316680908 49.8835945129395 49.7717323303223 49.6128444671631 49.6898641586304 50.8559999465942 50.6188678741455 51.1136884689331 51.136118888855 51.8621253967285 52.1359415054321 52.1369924545288
47.4551935195923 47.4835824966431 47.4297256469727 47.0714225769043 47.2941875457764 47.3463506698608 46.7050838470459 46.4718160629272 47.144024848938 47.4236965179443 46.8938102722168 46.6487159729004 46.4918775558472 46.3017520904541 47.0136394500732 47.5477657318115 47.8841123580933 47.9530305862427 47.9661378860474 47.3393459320068 47.7041654586792 47.6094207763672 47.8964147567749 47.7987899780273 47.4886884689331 47.6434993743896 47.4104423522949 48.088399887085 48.4692115783691 48.4856481552124 48.5195760726929 48.4056596755981 48.5422687530518 48.6792516708374 48.5713882446289 48.7222518920898 48.8139486312866 49.1003398895264 48.9630575180054 49.5142459869385 49.4410772323608 49.5331707000732 50.1846656799316 50.3915815353394 50.8898849487305 51.3742227554321 51.3989534378052 51.7046737670898 52.2489423751831 52.4870748519897
