data/spatiotemp/temp1/bio13_norsw_test_2003_2006.asc
NCOLS 654 
NROWS 380 
XLLCORNER 3.91666666666667 
YLLCORNER 55.3333333333333 
CELLSIZE 0.0416666666666666 
NODATA_value -9999 
[rows 88 to 109 of 380, columns 600 to 649 of 654]
86.4498596191406 86.1137504577637 86.7280216217041 88.0834980010986 89.3834266662598 88.6791706085205 89.347827911377 89.3300285339355 90.3677101135254 91.4575004577637 91.8556499481201 91.9410495758057 91.708625793457 91.7940902709961 92.1949577331543 92.9753665924072 93.3791618347168 94.4772415161133 94.1863594055176 94.2723999023438 92.9675388336182 92.9361133575439 93.5399971008301 93.1896915435791 92.8391494750977 91.7962875366211 91.070104598999 91.6736869812012 91.3231735229492 91.2918758392334 92.588680267334 92.5569915771484 92.454231262207 92.9149475097656 94.0638618469238 94.1990509033203 93.696590423584 93.2099876403809 92.0475826263428 91.8741092681885 89.7175750732422 88.0251693725586 87.7699966430664 87.0090808868408 86.9756698608398 87.1838340759277 88.0330505371094 88.7401866912842 86.7775726318359 85.789026260376
87.0070571899414 87.6743316650391 88.3415184020996 88.6363945007324 89.9336414337158 90.916187286377 91.8965530395508 91.5624599456787 91.5932292938232 91.6748828887939 91.7565307617188 91.5222187042236 90.9141159057617 92.0014820098877 93.7231292724609 94.4982318878174 94.8986396789551 94.9827156066895 94.0548801422119 93.1248054504395 93.1501770019531 94.1302433013916 93.0879783630371 92.0437812805176 91.6938934326172 91.9818630218506 92.2660522460938 91.5415630340576 91.5106048583984 92.8063201904297 94.1012649536133 94.0695323944092 94.5907020568848 94.0758247375488 94.204662322998 95.0047473907471 93.1665153503418 90.9785995483398 89.4765243530273 89.6179161071777 88.7956943511963 87.9388637542725 87.7536754608154 88.868070602417 88.0329532623291 86.3626861572266 87.4289951324463 88.5054531097412 89.0883731842041 87.716703414917
89.9377422332764 88.9150047302246 88.8934555053711 89.8745727539062 91.1690826416016 92.1471061706543 91.8090686798096 91.7869033813477 92.1882209777832 91.5795135498047 91.3411407470703 91.735315322876 93.1333694458008 93.5293769836426 93.6086311340332 93.6878871917725 95.4070701599121 95.1697483062744 94.2414665222168 94.0025577545166 94.3427486419678 94.3114795684814 92.9526481628418 92.2288360595703 91.8791999816895 91.848461151123 91.8177185058594 93.4269981384277 94.7208728790283 93.997688293457 93.9661827087402 93.6212482452393 93.1234111785889 93.601203918457 93.69895362854 92.8032836914062 91.9596366882324 90.743673324585 89.2261238098145 89.6914749145508 88.8114395141602 87.6371650695801 88.0991821289062 87.7714157104492 87.4231147766113 87.4223117828369 88.491060256958 88.4904823303223 88.2032833099365 88.2026977539062
87.5386810302734 87.5213947296143 88.8145809173584 89.1664276123047 89.4544353485107 90.11745262146 91.0911998748779 91.0673122406006 91.7208728790283 91.4841442108154 91.5582962036133 92.3204898834229 93.0256462097168 93.7898941040039 93.8655815124512 93.2511711120605 93.3263416290283 93.401517868042 93.7916965484619 94.1827049255371 94.2051753997803 93.1667804718018 92.8173217773438 92.4676685333252 92.4413909912109 92.7252941131592 93.008731842041 92.9778232574463 93.2605609893799 93.8685150146484 94.1507415771484 95.122091293335 93.9809055328369 92.7526512145996 92.8330764770508 93.2842960357666 92.3735103607178 91.8159446716309 90.2802143096924 88.7498989105225 88.5240745544434 88.6318416595459 88.6618461608887 88.534912109375 88.4724502563477 88.4744682312012 89.5523719787598 89.8393535614014 88.4805202484131 88.7674961090088
86.8406677246094 89.1286354064941 89.4126281738281 89.0779228210449 89.0525646209717 90.4002494812012 91.0025157928467 91.296085357666 91.3183689117432 92.0755558013916 92.146369934082 92.2171821594238 92.2879943847656 92.3588085174561 92.4296226501465 92.5004348754883 92.2005424499512 93.2745742797852 93.6601066589355 94.0467853546143 94.4397621154785 93.4031524658203 92.6819877624512 92.3324718475342 92.6210670471191 92.9044208526611 93.8767910003662 94.1650371551514 94.1276073455811 93.7270679473877 93.3833312988281 93.0327472686768 93.524881362915 92.2692604064941 93.3340454101562 94.4479942321777 95.2455348968506 94.5332546234131 92.6291236877441 92.3760414123535 91.7905864715576 90.2435302734375 88.083438873291 88.8377227783203 88.4459075927734 87.5908908843994 88.1670265197754 88.4549884796143 89.5339374542236 89.8221549987793
88.0691032409668 89.3573932647705 89.3298969268799 89.9892768859863 89.9616107940674 90.6204776763916 90.2865657806396 90.9014549255371 91.9130058288574 91.9799633026123 92.0469188690186 92.1138763427734 92.1808319091797 91.8801879882812 91.6266860961914 92.3817024230957 93.0801486968994 92.1393222808838 92.8959712982178 93.2777900695801 93.2967510223389 91.9437770843506 91.5946140289307 91.8835487365723 92.1669483184814 92.4559078216553 92.7387275695801 92.7082595825195 92.6777896881104 91.9599361419678 92.5615997314453 92.5312385559082 92.0737495422363 92.1213912963867 93.4751739501953 93.5107707977295 95.3985939025879 94.270544052124 93.3696880340576 92.4279537200928 91.8643035888672 91.2616958618164 89.0448799133301 88.2104663848877 89.1954574584961 89.2031955718994 90.2829132080078 90.2806625366211 87.8726596832275 89.2341480255127
86.670108795166 87.3115577697754 88.6114177703857 89.5732841491699 90.1703968048096 91.1477966308594 90.8126602172852 90.800651550293 91.5013465881348 91.5611705780029 91.9268989562988 92.2941589355469 92.0343399047852 91.4090824127197 92.478235244751 91.5425148010254 91.6028728485107 91.3434143066406 91.4040470123291 91.7774887084961 91.1053142547607 91.0763092041016 92.0477428436279 91.6501884460449 91.3015480041504 91.2723350524902 91.5549564361572 91.8452739715576 92.1273460388184 92.0977916717529 91.757251739502 91.7279033660889 91.8920230865479 90.6239833831787 90.9898529052734 91.7286510467529 91.7907276153564 92.4985027313232 94.4929904937744 94.5485916137695 92.9849910736084 93.0635452270508 91.2364768981934 89.7028102874756 89.329252243042 89.3348236083984 90.8248672485352 90.3701820373535 90.3557300567627 89.0633678436279
88.510721206665 88.8527774810791 89.1258335113525 89.7918014526367 90.0638256072998 89.7252025604248 89.7104835510254 91.6733703613281 91.3795299530029 91.4121875762939 92.4131450653076 92.4652805328369 92.1958026885986 91.9268455505371 92.3005962371826 92.3529949188232 91.3984470367432 89.8251266479492 90.5064754486084 90.558069229126 91.2009582519531 91.4844169616699 91.1369590759277 91.4292144775391 93.0281562805176 92.3698329925537 91.3464164733887 91.6284866333008 91.6006927490234 91.882173538208 92.1746978759766 91.8261871337891 92.6812210083008 93.0616302490234 92.1854057312012 92.564323425293 91.9890232086182 90.7693099975586 91.8183650970459 90.9016494750977 90.0320434570312 91.0724086761475 91.8200130462646 92.4368114471436 91.4295349121094 89.6174774169922 90.5396251678467 90.834005355835 90.9615631103516 88.9938125610352
86.8018646240234 86.4567737579346 87.4097347259521 88.6838645935059 89.3294429779053 89.2928485870361 90.26243019104 91.2331485748291 90.9346542358398 91.280065536499 90.9614791870117 91.6885643005371 91.351526260376 92.0629940032959 90.8106861114502 90.8536262512207 91.8887996673584 91.2471370697021 91.2906684875488 91.3341999053955 91.6518859863281 91.6254959106445 91.5991077423096 91.572717666626 92.1751518249512 92.8331260681152 92.1221790313721 92.4034194946289 92.4007167816162 92.3500785827637 92.6305809020996 92.6037254333496 92.4765758514404 92.5531787872314 93.3260650634766 92.0944919586182 91.8651466369629 90.9637088775635 91.7355155944824 90.8392295837402 90.657018661499 91.0511150360107 91.2636775970459 91.8752746582031 91.7341442108154 88.8429698944092 87.9483051300049 87.4661922454834 86.5176334381104 86.4780349731445
84.7254276275635 85.3637371063232 86.0032329559326 86.643913269043 87.6085071563721 88.5747852325439 88.8403224945068 89.1252517700195 90.1072559356689 90.443380355835 90.175931930542 90.2102718353271 90.5670890808105 90.6011810302734 91.3190269470215 91.6580467224121 91.6927680969238 91.364616394043 91.3989696502686 91.419376373291 91.4244976043701 91.3996467590332 91.3747901916504 91.3499336242676 91.6313781738281 91.9274940490723 91.2196197509766 91.1949138641357 91.47580909729 92.4386196136475 93.1186027526855 92.7779293060303 93.256856918335 91.3859596252441 91.857967376709 91.6509895324707 89.4728870391846 89.2701225280762 90.360013961792 89.8249492645264 88.6618347167969 89.4557762145996 88.2563095092773 88.14870262146 89.1277084350586 89.0786304473877 88.2163791656494 89.5066909790039 89.1635360717773 87.8485565185547
84.3201427459717 85.2617378234863 85.5385208129883 86.5432395935059 87.503231048584 88.445987701416 89.0301055908203 89.9926776885986 89.984525680542 90.0100116729736 90.0354919433594 90.060977935791 90.4093704223633 90.4346141815186 92.0704212188721 93.7075901031494 95.0425548553467 92.7739276885986 91.4911499023438 91.2121696472168 92.5224895477295 91.4950733184814 92.4590377807617 91.4486274719238 91.7297115325928 91.6888084411621 92.6685886383057 91.9633846282959 92.2617931365967 91.5573635101318 90.8898525238037 90.86643409729 91.3876724243164 89.9002323150635 88.7418746948242 88.5623111724854 89.3825263977051 88.8747386932373 88.6935653686523 88.8039531707764 88.6212406158447 88.1500434875488 87.6819229125977 86.2216663360596 86.0916709899902 86.1609077453613 87.5995864868164 87.297945022583 86.412181854248 86.3428554534912
83.9148330688477 83.8657302856445 84.8008518218994 85.7503032684326 86.3972797393799 87.6575355529785 88.291467666626 88.5710372924805 89.5375423431396 88.8976383209229 88.9138832092285 89.2303333282471 89.5702533721924 89.5865936279297 89.9041290283203 93.2138404846191 93.2308750152588 92.5662364959717 92.2612419128418 90.6692714691162 90.6668128967285 91.2697219848633 92.2319145202637 91.5288257598877 91.1849040985107 91.4651470184326 91.4430618286133 91.4209842681885 90.7189693450928 90.3745250701904 89.0701961517334 88.3694801330566 88.2791957855225 88.1198463439941 87.9604988098145 87.8011493682861 89.2628078460693 90.3610935211182 88.613597869873 87.4928550720215 87.334342956543 87.1758308410645 87.0173168182373 87.1443786621094 85.4502811431885 85.0683250427246 84.9953174591064 84.9567546844482 86.059196472168 86.2990684509277
83.8312702178955 83.7782497406006 84.7078704833984 84.3467922210693 85.2942523956299 86.2450294494629 86.5207710266113 87.4769344329834 87.7556800842285 88.4696865081787 88.7756328582764 88.7831420898438 90.0939311981201 90.4008769989014 89.4286460876465 89.4361801147461 91.0472621917725 92.0358695983887 91.743350982666 90.447624206543 90.7636470794678 91.3666648864746 91.6472339630127 92.6072616577148 92.2641315460205 92.543701171875 91.2209606170654 91.2004356384277 90.8568916320801 89.1797275543213 88.1819229125977 87.5394878387451 87.7837677001953 87.6452312469482 87.5066986083984 87.0422878265381 86.5247936248779 86.7129173278809 87.5722217559814 87.1044998168945 86.5668354034424 86.4823513031006 88.0314903259277 87.9920387268066 85.1852798461914 83.7925910949707 84.3880290985107 84.616174697876 86.028844833374 86.2552833557129
83.0794944763184 84.3251991271973 85.2602729797363 86.183614730835 87.7978229522705 86.4409599304199 87.0121192932129 87.6616592407227 87.6354084014893 87.6344108581543 88.3127460479736 88.6361560821533 89.9097766876221 89.9088439941406 89.9079132080078 88.9295024871826 89.2518005371094 90.8499546051025 90.8487529754639 92.1483039855957 92.1382427215576 93.1210594177246 92.1005687713623 92.3802108764648 92.6596012115479 92.3172950744629 91.9999923706055 91.3033351898193 89.9856853485107 88.9662303924561 88.6500854492188 87.9549407958984 87.5888748168945 87.1449813842773 87.350715637207 85.938835144043 85.8212432861328 86.9934768676758 86.874397277832 86.7553176879883 86.9651584625244 86.2714385986328 84.8082237243652 85.9983673095703 86.2451133728027 86.1834621429443 86.1218070983887 84.5986366271973 85.9985027313232 85.662202835083
83.3485546112061 86.5309162139893 86.1469841003418 89.3598918914795 88.32151222229 88.9359035491943 92.1040325164795 93.0180816650391 87.4858169555664 87.1801834106445 87.4957294464111 88.7854995727539 90.7248802185059 92.0141048431396 91.0293922424316 88.7459392547607 89.0598831176758 89.0497913360596 91.312557220459 91.9223556518555 92.5285091400146 91.8912334442139 91.5505485534668 90.8560123443604 92.1357669830322 91.7946319580078 91.1006145477295 89.7869987487793 89.4458255767822 88.4569187164307 87.4400405883789 87.1276531219482 88.0393295288086 87.2634906768799 85.9024658203125 86.1301956176758 86.0322799682617 85.6433486938477 85.8364562988281 85.73854637146 86.2838668823242 86.8262310028076 85.4448070526123 83.7797908782959 83.7258892059326 84.7271919250488 83.1915893554688 83.1197719573975 82.7737102508545 82.7023162841797
85.8670635223389 86.4693984985352 86.7195873260498 87.9563808441162 89.5164089202881 90.1253070831299 90.3885116577148 90.0305919647217 89.665994644165 88.6746387481689 88.3608722686768 87.9599380493164 90.8879909515381 92.4608287811279 91.4693927764893 89.8587455749512 90.1346435546875 88.8490619659424 89.15407371521 91.4015674591064 91.6787796020508 90.3683319091797 90.6473789215088 90.6317481994629 90.6161136627197 90.6004772186279 90.260461807251 89.5696849822998 89.2295169830322 88.539234161377 86.9369144439697 86.2475261688232 86.8738975524902 86.7933883666992 85.7485046386719 85.9955596923828 85.9167423248291 85.837926864624 84.9548034667969 86.5619621276855 88.4579734802246 87.7726554870605 86.3156623840332 85.1844367980957 84.404956817627 83.6608734130859 84.3745708465576 83.1024284362793 83.4231815338135 82.9343967437744
86.7618255615234 88.3125991821289 87.9340286254883 87.8700752258301 87.806116104126 88.7382946014404 89.6494045257568 89.9132499694824 91.1654300689697 89.8405361175537 88.516471862793 88.7826805114746 87.4597587585449 88.4338817596436 89.350025177002 91.5851097106934 90.2628402709961 90.2345943450928 90.2063484191895 89.5028038024902 89.1576633453369 89.1437454223633 90.1289882659912 90.4074764251709 91.3601360321045 91.3457679748535 89.0414638519287 87.7693099975586 88.0476093292236 87.3604202270508 87.3467769622803 86.7158203125 85.7144145965576 85.0375194549561 85.3039436340332 85.2444705963135 84.5145435333252 84.4556007385254 85.3930168151855 85.6220417022705 85.2744922637939 85.2412490844727 85.4428749084473 84.8825302124023 83.7543182373047 84.4674053192139 83.1812915802002 83.4857215881348 83.3961925506592 84.3502998352051
86.6716861724854 88.2184352874756 86.5378246307373 87.1359748840332 87.3958778381348 88.3269233703613 88.8900985717773 90.0907726287842 90.3648147583008 90.3275547027588 89.9640045166016 88.9592247009277 88.5965614318848 88.5600051879883 90.1412563323975 91.2544574737549 92.4120330810547 91.9641895294189 90.6706066131592 89.9210987091064 88.9315891265869 88.6285591125488 88.6162433624268 89.8927173614502 90.17067527771 89.8328323364258 88.8572483062744 87.5566349029541 86.2563171386719 86.244213104248 86.2321090698242 86.8359680175781 86.8093109130859 86.478609085083 85.1514225006104 85.110990524292 84.1119651794434 84.8813514709473 85.3163909912109 84.2803077697754 83.9527702331543 84.8757381439209 85.4419097900391 85.0741386413574 83.7685317993164 83.668701171875 83.1761436462402 83.0677337646484 82.9593181610107 82.8509063720703
86.1422843933105 87.0139389038086 86.9525203704834 86.8869075775146 87.1460437774658 88.0731620788574 88.0114078521729 88.5704097747803 89.8111915588379 90.3889446258545 90.990421295166 89.6612682342529 89.9494037628174 90.5278816223145 93.0888214111328 90.7292709350586 89.4984169006348 88.4338684082031 88.4320850372314 89.9691886901855 89.3295974731445 88.3205699920654 88.6340465545654 88.9477691650391 87.9392604827881 88.2720794677734 88.8744258880615 87.577615737915 87.2774486541748 86.3075885772705 86.2959899902344 85.0002040863037 85.3088397979736 85.2840366363525 85.2592296600342 85.2344264984131 84.7451763153076 84.762451171875 84.7797260284424 84.7970027923584 84.8142757415771 84.8315525054932 84.8488292694092 84.8661041259766 85.7937030792236 85.0155773162842 84.9035949707031 83.4072227478027 81.9141178131104 82.7536087036133
85.7175922393799 85.6540565490723 86.5683269500732 86.5080051422119 86.447681427002 86.0259075164795 86.9501419067383 87.5071220397949 88.1264915466309 89.3815078735352 89.9676151275635 89.9187164306641 92.4839725494385 89.8513031005859 90.7500247955322 91.1057929992676 89.0257015228271 88.1583843231201 88.3967685699463 90.5382709503174 90.9017696380615 89.3081836700439 87.3567352294922 87.9575881958008 87.9451427459717 87.6059226989746 86.9799213409424 87.2537975311279 88.848575592041 87.8829040527344 86.5904197692871 86.2506618499756 85.2856636047363 85.9387950897217 86.5392932891846 85.9127292633057 85.2337303161621 85.2207489013672 85.8642559051514 84.6910266876221 84.7084445953369 83.7045078277588 84.7432842254639 85.1092205047607 85.0517578125 84.5741271972656 84.4439334869385 82.5764865875244 82.728723526001 84.0533580780029
84.528621673584 85.5947418212891 85.5383720397949 86.1132869720459 86.0540046691895 86.3209209442139 86.2623329162598 85.7857227325439 86.2996196746826 87.3375911712646 89.2757549285889 89.6539974212646 89.237211227417 89.6151142120361 91.6574440002441 90.1640472412109 88.7094707489014 88.662467956543 88.6154708862305 89.027515411377 89.0081272125244 88.5177345275879 87.5297718048096 88.3029041290283 88.5744247436523 87.3264007568359 86.6586685180664 87.6369323730469 87.9080772399902 87.2311382293701 87.5910682678223 87.2045097351074 86.2502098083496 87.1961631774902 87.195032119751 87.7071647644043 87.8570003509521 86.3072605133057 86.0291385650635 84.9585990905762 84.9773273468018 84.9960517883301 83.6270847320557 84.6553020477295 84.5944194793701 83.4569892883301 84.3157501220703 84.1764240264893 84.037088394165 83.8977584838867
85.0399894714355 84.8793811798096 84.7187633514404 84.8833408355713 85.4465923309326 85.2870635986328 85.422269821167 86.8923034667969 86.9919490814209 86.9818916320801 88.0874786376953 88.4736137390137 88.4634380340576 89.2611694335938 90.0923175811768 90.0474586486816 89.6554145812988 88.5521907806396 88.1799545288086 88.1356544494629 88.1027374267578 88.0142936706543 87.5904636383057 87.5889549255371 88.2494258880615 88.0058898925781 87.3505992889404 87.6041851043701 87.6310615539551 88.1782379150391 88.1639976501465 87.8226509094238 87.63157081604 86.888240814209 86.1182193756104 85.8674812316895 86.1549320220947 87.3631076812744 86.194974899292 85.9392871856689 85.5311985015869 84.8988380432129 83.5418319702148 83.0887145996094 83.5140590667725 83.3715267181396 83.2289924621582 84.0390968322754 83.6196994781494 83.4715919494629
