data/spatiotemp/temp1/bio16_norsw_test_2003_2006.asc
NCOLS 654 
NROWS 380 
XLLCORNER 3.91666666666667 
YLLCORNER 55.3333333333333 
CELLSIZE 0.0416666666666666 
NODATA_value -9999 
[rows 22 to 43 of 380, columns 350 to 399 of 654]
-9999 -9999 -9999 -9999 -9999 -9999 -9999 -9999 -9999 -9999 -9999 -9999 -9999 -9999 368.844703674316 369.51424407959 369.270324707031 356.778198242188 -9999 -9999 -9999 -9999 -9999 -9999 341.763282775879 349.337585449219 358.104927062988 346.43091583252 336.08935546875 329.65966796875 323.658470153809 -9999 -9999 -9999 -9999 -9999 -9999 -9999 -9999 -9999 300.741668701172 290.200042724609 274.36780166626 -9999 -9999 -9999 -9999 -9999 265.758640289307 265.809467315674
-9999 -9999 -9999 -9999 -9999 -9999 -9999 397.882850646973 389.436058044434 376.910697937012 372.546424865723 373.682029724121 371.735260009766 -9999 379.844421386719 378.464797973633 378.691207885742 367.915107727051 357.580467224121 -9999 -9999 -9999 -9999 -9999 -9999 -9999 338.625816345215 344.747650146484 347.73250579834 342.23526763916 333.428932189941 332.160980224609 326.068183898926 315.373870849609 309.990676879883 309.573715209961 302.488777160645 -9999 -9999 -9999 -9999 -9999 -9999 -9999 -9999 256.865459442139 262.297882080078 263.618793487549 252.276668548584 269.936187744141
-9999 -9999 -9999 378.055717468262 376.756340026855 -9999 385.116271972656 391.66609954834 391.832336425781 382.916282653809 -9999 372.579238891602 381.098533630371 386.709297180176 388.582427978516 390.44947052002 381.651885986328 368.766143798828 -9999 -9999 368.617530822754 370.361320495605 365.935600280762 364.868522644043 369.697814941406 -9999 -9999 -9999 346.486610412598 345.387916564941 341.663963317871 336.413719177246 336.115272521973 330.183944702148 317.490135192871 306.243148803711 302.71891784668 294.862106323242 -9999 -9999 -9999 -9999 -9999 -9999 -9999 268.246173858643 278.441482543945 277.324756622314 258.447128295898 262.816082000732
-9999 -9999 -9999 -9999 -9999 401.195320129395 396.164855957031 390.101181030273 385.815353393555 388.357803344727 386.856971740723 382.129707336426 379.899452209473 -9999 386.050193786621 385.859001159668 375.631973266602 370.189727783203 -9999 -9999 365.766990661621 368.57642364502 368.747734069824 368.272178649902 364.719985961914 362.830451965332 -9999 -9999 358.819511413574 351.210113525391 353.611045837402 350.32999420166 344.981842041016 345.838966369629 337.356307983398 316.126739501953 306.007781982422 298.211311340332 286.134895324707 -9999 -9999 -9999 -9999 -9999 -9999 281.677303314209 268.938117980957 271.003475189209 252.654384613037 261.86922454834
-9999 388.480850219727 -9999 395.736755371094 405.257522583008 406.580337524414 403.12043762207 395.332229614258 397.175994873047 392.888557434082 387.284812927246 382.663291931152 386.429527282715 385.607597351074 387.034530639648 387.363639831543 383.842674255371 381.65633392334 375.407386779785 366.720283508301 369.833877563477 368.699058532715 381.417785644531 380.636001586914 383.662086486816 -9999 -9999 -9999 -9999 354.079322814941 350.65453338623 342.39981842041 336.86939239502 332.24195098877 323.159721374512 309.682312011719 -9999 -9999 -9999 -9999 -9999 -9999 -9999 -9999 -9999 280.834495544434 270.057682037354 249.308837890625 253.705078125 255.084911346436
392.701858520508 386.000396728516 -9999 401.243721008301 397.103622436523 394.518005371094 396.402740478516 394.493934631348 396.495651245117 392.055213928223 392.354095458984 395.770706176758 391.593002319336 389.694183349609 390.734153747559 392.120491027832 392.452140808105 389.331214904785 384.057395935059 383.245994567871 -9999 382.033782958984 382.472602844238 374.365676879883 380.167388916016 393.705604553223 377.459976196289 379.669448852539 -9999 -9999 349.846565246582 -9999 330.568954467773 325.149803161621 316.113227844238 308.446876525879 -9999 -9999 -9999 -9999 -9999 -9999 -9999 -9999 -9999 -9999 -9999 -9999 246.211360931396 246.159473419189
382.336532592773 -9999 -9999 -9999 389.930648803711 390.031066894531 -9999 398.386650085449 400.97486114502 400.409172058105 400.269729614258 399.150062561035 398.191131591797 394.187965393066 389.704612731934 392.10196685791 391.438941955566 389.300743103027 385.955902099609 385.236587524414 386.822494506836 386.495742797852 380.056625366211 372.322692871094 383.479568481445 382.218368530273 377.009284973145 372.055038452148 370.55689239502 352.897720336914 341.281097412109 338.112846374512 331.64949798584 -9999 314.337600708008 306.658714294434 -9999 -9999 -9999 -9999 -9999 -9999 268.457660675049 256.700271606445 -9999 -9999 -9999 -9999 -9999 -9999
-9999 -9999 -9999 -9999 -9999 401.39282989502 399.658599853516 401.429054260254 401.040435791016 402.218132019043 403.246139526367 401.449485778809 396.852981567383 400.043655395508 393.56591796875 390.055397033691 390.693313598633 391.228080749512 391.689071655273 388.45352935791 384.122451782227 381.581146240234 382.551696777344 389.569999694824 391.516929626465 369.76342010498 382.958038330078 368.730613708496 358.167190551758 356.190040588379 348.139854431152 342.845443725586 332.107215881348 -9999 -9999 -9999 -9999 -9999 -9999 279.879505157471 275.592945098877 278.015071868896 276.79768371582 263.599361419678 253.051376342773 -9999 -9999 -9999 -9999 -9999
-9999 386.223136901855 388.156845092773 -9999 395.690856933594 405.227058410645 404.452606201172 403.819519042969 405.721702575684 406.806747436523 403.784233093262 405.157150268555 398.341789245605 398.503326416016 388.945617675781 393.575096130371 395.00675201416 394.390953063965 387.130012512207 382.878341674805 387.633758544922 386.268829345703 386.712303161621 379.695327758789 362.918251037598 360.473327636719 358.927864074707 353.941947937012 354.807426452637 346.781936645508 347.70238494873 -9999 -9999 -9999 -9999 -9999 -9999 -9999 284.572803497314 277.307060241699 279.696437835693 303.059692382812 303.768501281738 291.075260162354 270.696323394775 246.20796585083 -9999 -9999 -9999 237.722129821777
402.679702758789 395.165740966797 390.300109863281 400.035362243652 404.935096740723 405.748443603516 403.856903076172 402.99732208252 404.366920471191 406.644775390625 407.22575378418 405.824043273926 403.262489318848 396.179847717285 387.204444885254 389.081367492676 394.16968536377 391.15885925293 387.959182739258 387.094047546387 385.861030578613 388.256912231445 381.058708190918 376.651840209961 371.389434814453 363.21061706543 360.478996276855 367.876304626465 347.006622314453 347.873313903809 -9999 -9999 -9999 -9999 -9999 299.34733581543 289.552696228027 290.657707214355 291.036315917969 286.718173980713 275.035396575928 295.545116424561 323.819999694824 303.139461517334 270.107036590576 244.718326568604 -9999 -9999 238.88049697876 256.693035125732
403.087226867676 398.815330505371 396.208343505859 394.107696533203 404.267044067383 406.107521057129 404.588684082031 405.515319824219 406.463310241699 409.428688049316 411.719985961914 411.177352905273 406.842727661133 403.026718139648 397.64119720459 392.117790222168 389.070747375488 393.596733093262 384.199745178223 385.322280883789 385.335586547852 380.841033935547 -9999 -9999 374.050582885742 374.170837402344 343.039566040039 338.283378601074 334.979759216309 345.938438415527 -9999 -9999 -9999 309.57056427002 305.839088439941 299.058418273926 292.801040649414 293.328720092773 302.059127807617 307.926197052002 299.954856872559 280.992980957031 299.15283203125 289.42170715332 256.493453979492 -9999 -9999 -9999 233.182506561279 248.493076324463
400.523719787598 402.130348205566 398.313209533691 392.909614562988 396.697929382324 398.62183380127 399.344741821289 404.848022460938 402.896789550781 403.491371154785 402.06787109375 400.941352844238 403.194442749023 401.075950622559 398.009658813477 397.05207824707 389.899124145508 385.86735534668 387.426490783691 383.915260314941 383.135147094727 376.640502929688 368.883438110352 361.535713195801 369.724082946777 366.185485839844 356.56681060791 348.079467773438 345.151298522949 341.737281799316 -9999 -9999 316.037628173828 310.080230712891 304.952331542969 300.114105224609 302.593482971191 308.92749786377 314.57555770874 327.815483093262 319.793239593506 308.445652008057 274.728538513184 252.176559448242 -9999 -9999 -9999 226.401817321777 226.935153961182 238.826797485352
410.126853942871 409.160888671875 398.007713317871 391.278831481934 398.207817077637 396.649971008301 391.732856750488 392.255630493164 396.545753479004 405.890350341797 409.63549041748 406.507888793945 402.904235839844 -9999 396.224586486816 392.004302978516 392.470191955566 385.347236633301 377.110328674316 373.808395385742 377.535469055176 370.315757751465 362.561096191406 360.69750213623 357.487022399902 357.439590454102 340.396003723145 338.339775085449 341.818542480469 -9999 -9999 319.05379486084 313.752227783203 306.495758056641 302.548446655273 303.879020690918 312.635314941406 327.495330810547 335.182022094727 328.60945892334 319.959484100342 315.569522857666 268.720058441162 245.487632751465 -9999 -9999 -9999 225.649208068848 231.742710113525 261.785148620605
403.036849975586 393.870300292969 395.297058105469 393.47533416748 395.339179992676 397.648597717285 400.405227661133 399.51602935791 404.025108337402 409.805023193359 406.990104675293 405.642417907715 403.416801452637 398.218353271484 386.046653747559 376.657943725586 380.834411621094 376.494682312012 368.482772827148 368.108848571777 362.874618530273 358.119354248047 359.814735412598 355.244445800781 350.81559753418 346.31413269043 341.376159667969 337.450668334961 -9999 -9999 319.639854431152 315.519424438477 310.800300598145 304.198928833008 303.457443237305 317.259338378906 332.2841796875 327.486740112305 320.495357513428 308.485816955566 303.405368804932 281.549491882324 258.690414428711 -9999 231.54468536377 -9999 -9999 224.733303070068 235.458938598633 259.73904800415
396.280410766602 394.493263244629 393.53742980957 391.354385375977 392.067413330078 390.195556640625 393.176612854004 397.430229187012 398.053733825684 404.247856140137 403.298492431641 394.997039794922 396.882705688477 377.945083618164 373.754531860352 370.409461975098 366.474945068359 365.803199768066 365.025161743164 361.053199768066 362.655548095703 361.280708312988 362.886238098145 362.415901184082 357.489570617676 350.088768005371 343.994621276855 333.870643615723 325.338264465332 318.533096313477 -9999 307.379981994629 304.603134155273 300.305122375488 310.387161254883 319.436874389648 308.213134765625 308.424472808838 293.957344055176 284.575595855713 276.616237640381 256.947734832764 243.6145362854 234.864479064941 229.485424041748 -9999 -9999 235.542987823486 268.792713165283 274.072853088379
391.308410644531 387.114196777344 385.645530700684 385.932304382324 384.510238647461 385.998977661133 389.568672180176 391.705444335938 392.259605407715 -9999 388.750396728516 374.232841491699 374.815933227539 377.179985046387 370.196273803711 369.263893127441 372.61808013916 370.061065673828 371.898109436035 371.852996826172 361.320671081543 352.003189086914 351.099166870117 344.76203918457 338.816307067871 340.934219360352 328.861145019531 331.048561096191 323.495132446289 312.028549194336 303.471122741699 298.643737792969 295.75666809082 292.075073242188 303.521156311035 300.005603790283 299.808849334717 301.686340332031 320.315433502197 305.905197143555 283.931179046631 257.547393798828 238.715099334717 232.050010681152 228.175712585449 220.1926612854 227.842575073242 228.522087097168 236.781452178955 244.269348144531
383.105934143066 380.815422058105 375.799797058105 379.62232208252 381.563323974609 382.47078704834 382.635711669922 383.211166381836 384.068710327148 -9999 392.101570129395 380.464454650879 375.692070007324 376.331069946289 377.352577209473 380.302764892578 375.925445556641 363.436988830566 361.799087524414 351.509048461914 353.433769226074 349.65234375 343.899894714355 338.917785644531 342.412963867188 335.747825622559 327.341972351074 323.465026855469 319.234466552734 302.616256713867 298.72957611084 300.742431640625 307.15901184082 313.791957855225 331.474731445312 341.388137817383 313.607967376709 309.207698822021 290.806678771973 266.292453765869 247.482456207275 239.091163635254 231.704341888428 -9999 -9999 238.875091552734 249.976654052734 236.061321258545 215.444324493408 -9999
377.444152832031 378.516540527344 386.312507629395 382.127746582031 378.63606262207 380.210876464844 380.058067321777 379.714965820312 376.522918701172 -9999 -9999 380.955673217773 377.99341583252 365.54899597168 356.675315856934 351.778411865234 361.978096008301 366.228172302246 354.434944152832 351.218170166016 346.626327514648 340.917373657227 339.597534179688 345.462745666504 342.754119873047 335.226150512695 322.403915405273 314.365249633789 298.600723266602 300.448997497559 304.583557128906 342.253059387207 338.806594848633 331.969955444336 329.480690002441 330.149841308594 313.45569229126 284.841041564941 277.493587493896 259.134342193604 241.323570251465 230.889831542969 226.733264923096 -9999 224.333877563477 249.032875061035 256.015495300293 231.989711761475 212.17342376709 232.486019134521
389.823051452637 382.735969543457 376.61213684082 375.220703125 376.344108581543 377.560165405273 374.913192749023 374.056358337402 372.540840148926 368.902763366699 -9999 370.82787322998 367.114738464355 369.302154541016 363.364791870117 350.099136352539 346.305572509766 362.368507385254 346.762367248535 339.613731384277 333.912658691406 337.205352783203 341.526878356934 334.093521118164 326.987236022949 317.486595153809 310.648590087891 303.371192932129 299.207824707031 302.44548034668 327.988998413086 340.222274780273 344.66820526123 350.670616149902 322.620616912842 310.475803375244 294.846122741699 308.724731445312 290.943695068359 258.410690307617 233.277690887451 226.159656524658 -9999 218.05749130249 240.296009063721 276.583591461182 285.949108123779 246.48055267334 217.770069122314 265.010406494141
369.969696044922 369.469024658203 373.931762695312 371.865844726562 369.738182067871 366.563377380371 365.751533508301 365.430328369141 363.554946899414 364.367263793945 362.423194885254 363.90576171875 367.223922729492 359.137107849121 352.454933166504 351.20246887207 346.040794372559 353.266700744629 346.761215209961 338.89575958252 343.040542602539 336.976913452148 327.682312011719 321.010734558105 315.294700622559 311.029930114746 304.316734313965 298.031303405762 296.884780883789 304.999397277832 310.974536895752 336.843124389648 345.006126403809 319.962211608887 307.024349212646 300.434150695801 306.229438781738 284.049091339111 255.63846206665 236.135261535645 -9999 -9999 222.335510253906 231.534049987793 248.560009002686 278.535316467285 291.746376037598 298.672275543213 252.523231506348 224.542255401611
-9999 355.513763427734 354.291870117188 353.093559265137 353.415176391602 356.639671325684 359.963584899902 360.128372192383 354.982414245605 350.713455200195 354.991989135742 355.551292419434 352.692924499512 360.018096923828 350.104789733887 347.991630554199 343.361129760742 339.605567932129 346.114242553711 330.732238769531 332.688323974609 326.871475219727 321.823516845703 316.121528625488 310.332679748535 304.422019958496 298.033012390137 292.690353393555 297.719745635986 321.47412109375 318.417739868164 326.673664093018 325.795463562012 317.14469909668 295.723094940186 280.346862792969 269.853000640869 255.078807830811 240.703300476074 229.458526611328 222.193428039551 214.402912139893 216.269660949707 225.467456817627 240.899250030518 266.357574462891 289.927268981934 303.109710693359 267.031524658203 225.756618499756
335.451713562012 335.451904296875 331.651916503906 343.389961242676 341.756126403809 343.326789855957 343.258285522461 345.716278076172 346.836380004883 346.261962890625 345.868423461914 341.136192321777 341.350662231445 343.641189575195 342.129814147949 342.474967956543 325.95938873291 326.339385986328 333.643272399902 330.43595123291 327.291343688965 315.758941650391 310.970947265625 306.815841674805 305.714179992676 299.273513793945 291.714393615723 283.636810302734 284.744129180908 302.039779663086 305.651378631592 297.206024169922 278.283184051514 281.289813995361 266.851112365723 249.482383728027 236.867485046387 234.875026702881 252.746189117432 272.209716796875 270.355312347412 230.171310424805 213.123111724854 212.044853210449 217.148002624512 236.727764129639 275.71590423584 309.571228027344 296.79411315918 273.245410919189
