data/spatiotemp/temp1/bio13_norsw_test_2003_2006.asc
NCOLS 654 
NROWS 380 
XLLCORNER 3.91666666666667 
YLLCORNER 55.3333333333333 
CELLSIZE 0.0416666666666666 
NODATA_value -9999 
[rows 198 to 219 of 380, columns 50 to 99 of 654]
-9999 -9999 -9999 -9999 -9999 -9999 -9999 -9999 -9999 -9999 -9999 -9999 -9999 -9999 -9999 -9999 -9999 -9999 -9999 -9999 -9999 291.577445983887 299.581336975098 303.738830566406 312.111473083496 326.22639465332 343.95189666748 343.243728637695 349.896545410156 358.100929260254 363.094841003418 367.943435668945 380.835426330566 386.375122070312 379.2568359375 366.831314086914 354.839401245117 344.796333312988 333.667381286621 338.275283813477 325.149353027344 312.251121520996 307.30443572998 296.384963989258 288.515419006348 279.196269989014 271.766639709473 262.160480499268 252.229476928711 244.191162109375
-9999 -9999 -9999 -9999 -9999 -9999 -9999 -9999 -9999 -9999 -9999 -9999 -9999 -9999 -9999 -9999 -9999 -9999 274.835266113281 280.438449859619 282.978218078613 290.884246826172 294.573211669922 300.941467285156 309.571548461914 320.502792358398 324.542610168457 333.933906555176 339.856506347656 349.029067993164 360.084922790527 358.780471801758 359.376197814941 356.151054382324 355.217796325684 347.45352935791 342.374382019043 343.743110656738 340.578514099121 328.773025512695 318.902565002441 307.584671020508 299.323585510254 291.870109558105 282.592914581299 271.132675170898 263.783485412598 256.468479156494 252.4953956604 245.610057830811
-9999 -9999 -9999 -9999 -9999 -9999 -9999 -9999 -9999 -9999 -9999 250.955299377441 -9999 252.787433624268 253.907627105713 -9999 -9999 -9999 277.479312896729 279.933410644531 286.594039916992 289.03649520874 295.306976318359 305.768211364746 314.650596618652 315.540313720703 332.639450073242 326.838920593262 346.020866394043 342.718612670898 355.18864440918 356.551879882812 357.136444091797 352.400947570801 346.170555114746 344.121681213379 343.586242675781 337.414863586426 334.648399353027 325.534408569336 319.084617614746 308.361930847168 294.044952392578 283.321342468262 274.854011535645 267.168216705322 260.629360198975 252.284740447998 245.808898925781 237.168312072754
-9999 -9999 -9999 -9999 -9999 -9999 -9999 -9999 -9999 -9999 254.057849884033 253.64587020874 -9999 -9999 -9999 262.7204246521 -9999 -9999 -9999 -9999 284.468734741211 289.496994018555 -9999 300.666748046875 320.853271484375 322.778076171875 343.307029724121 342.551597595215 345.237358093262 346.390235900879 346.116920471191 348.620399475098 349.220245361328 347.539604187012 346.231056213379 343.054504394531 333.149780273438 328.52099609375 320.930114746094 312.625389099121 304.749137878418 295.777648925781 286.530197143555 276.276432037354 264.614074707031 258.849456787109 249.09398651123 239.7502784729 228.626888275146 223.724269866943
-9999 -9999 -9999 -9999 -9999 -9999 -9999 -9999 -9999 258.459865570068 258.774627685547 256.812705993652 -9999 -9999 -9999 -9999 272.597049713135 274.060791015625 305.949295043945 324.243278503418 319.265151977539 321.523681640625 293.023475646973 313.525039672852 316.921752929688 319.167068481445 320.26554107666 317.872268676758 318.60474395752 321.233840942383 322.50479888916 323.550712585449 326.093536376953 332.381561279297 328.884284973145 326.531585693359 323.435478210449 315.890830993652 306.89916229248 299.057060241699 293.458183288574 283.486045837402 271.408023834229 267.467288970947 259.543354034424 247.281814575195 233.620880126953 242.861167907715 229.269069671631 216.817237854004
-9999 -9999 -9999 -9999 252.797527313232 247.888515472412 271.935539245605 284.411590576172 256.125591278076 261.363704681396 259.366207122803 -9999 -9999 -9999 286.719184875488 272.54386138916 296.741920471191 296.252510070801 298.300842285156 314.986991882324 313.090476989746 293.077590942383 283.669803619385 -9999 -9999 -9999 -9999 -9999 -9999 324.759506225586 327.918525695801 308.323257446289 313.90665435791 313.484970092773 319.770172119141 315.245651245117 311.114044189453 297.385925292969 297.364738464355 291.087059020996 277.504535675049 273.490242004395 270.992702484131 266.367782592773 256.670124053955 242.666801452637 234.87423324585 222.423564910889 228.024799346924 223.54700088501
-9999 -9999 -9999 272.991725921631 258.790916442871 250.897338867188 254.403915405273 258.061595916748 258.685470581055 -9999 -9999 -9999 -9999 271.972801208496 290.703079223633 281.486400604248 315.664817810059 314.745422363281 299.785858154297 294.161079406738 275.420215606689 278.862102508545 287.921531677246 294.701889038086 301.097290039062 294.769760131836 285.472427368164 289.996227264404 -9999 313.979156494141 324.629737854004 319.365829467773 307.799354553223 -9999 314.823905944824 281.926486968994 295.972610473633 302.229919433594 294.153450012207 287.94416809082 279.567775726318 272.33101272583 262.605075836182 259.10697555542 250.923698425293 250.709457397461 238.626968383789 233.770812988281 219.624099731445 211.973556518555
-9999 238.28039932251 237.028087615967 256.924816131592 273.391014099121 247.951606750488 270.642902374268 284.786220550537 289.863807678223 296.440216064453 283.809921264648 308.059516906738 342.034538269043 294.462951660156 286.743309020996 296.291526794434 314.447677612305 342.351570129395 322.924957275391 305.002006530762 294.582489013672 294.624122619629 300.641647338867 313.69913482666 307.404975891113 306.154502868652 284.859195709229 308.834495544434 318.175689697266 306.663719177246 307.993576049805 301.720207214355 287.339637756348 277.817401885986 305.860816955566 282.387767791748 253.535404205322 287.272186279297 285.866683959961 276.463996887207 270.002975463867 254.52513885498 249.600116729736 242.194679260254 241.640819549561 239.653656005859 231.953002929688 221.071582794189 223.767627716064 225.028717041016
245.978160858154 241.579189300537 237.176368713379 238.059852600098 -9999 258.559272766113 281.431140899658 324.734764099121 321.071022033691 321.166923522949 299.171691894531 315.359741210938 313.210739135742 304.721633911133 289.896018981934 306.784446716309 307.996795654297 313.301971435547 315.233261108398 323.46654510498 309.02018737793 301.653167724609 321.342590332031 327.326805114746 328.843223571777 315.512573242188 289.981483459473 289.677082061768 314.893104553223 323.43546295166 326.594955444336 319.975921630859 308.239326477051 304.256607055664 266.28239440918 276.253456115723 259.621501922607 250.686340332031 259.899673461914 235.091300964355 206.431846618652 245.53345489502 232.056571960449 209.690410614014 201.709613800049 213.372161865234 221.776126861572 215.592761993408 220.05940246582 233.333827972412
250.72900390625 249.328899383545 253.910499572754 247.297653198242 255.927665710449 282.526180267334 291.745384216309 299.65705871582 299.716026306152 299.403709411621 301.692344665527 291.693000793457 297.704055786133 291.445442199707 292.984237670898 294.150817871094 289.394180297852 290.193565368652 298.388221740723 296.251220703125 305.543411254883 306.390411376953 309.042442321777 322.028717041016 329.824028015137 321.762619018555 282.120944976807 297.965629577637 326.320991516113 324.899139404297 317.06526184082 313.828636169434 301.117492675781 286.635971069336 278.754543304443 280.329444885254 256.220775604248 260.71854019165 273.832538604736 245.215179443359 214.563137054443 219.464767456055 223.617137908936 238.06946182251 233.627582550049 213.598075866699 215.240787506104 233.106822967529 229.759113311768 212.024532318115
268.22966003418 -9999 262.152828216553 -9999 266.099105834961 274.9674949646 288.164489746094 293.388328552246 301.940353393555 311.950950622559 316.747680664062 315.984329223633 313.375396728516 306.343544006348 300.06356048584 294.165367126465 282.398246765137 286.450805664062 290.17423248291 280.0087890625 284.876514434814 305.980255126953 318.903755187988 321.906021118164 316.846580505371 316.551254272461 308.950630187988 297.709457397461 309.107696533203 329.592880249023 317.096534729004 310.273223876953 305.653747558594 299.604927062988 294.657905578613 289.728736877441 249.243881225586 250.521324157715 275.409286499023 238.413913726807 261.435192108154 248.089023590088 215.61657333374 227.173622131348 247.508892059326 237.084636688232 238.310009002686 227.594390869141 228.830924987793 205.257652282715
-9999 291.248268127441 334.164878845215 329.48518371582 307.360565185547 300.106575012207 299.422569274902 304.547744750977 311.13591003418 319.921073913574 318.729843139648 318.277404785156 317.824951171875 312.6025390625 315.454544067383 324.150703430176 308.343193054199 302.794326782227 291.149711608887 327.611381530762 322.584548950195 275.489929199219 290.50129699707 299.192405700684 313.107299804688 325.545555114746 330.343154907227 322.442161560059 313.470832824707 306.32576751709 310.954643249512 306.021560668945 299.666137695312 294.769622802734 290.251197814941 275.011772155762 277.68537902832 278.921340942383 282.9951171875 257.943984985352 259.205593109131 261.874221801758 251.088722229004 214.267581939697 200.791748046875 197.892154693604 199.198558807373 199.454219818115 220.587146759033 225.994129180908
296.657432556152 -9999 313.824005126953 359.020599365234 330.534767150879 311.346481323242 309.832458496094 315.225555419922 309.928810119629 323.600410461426 328.93391418457 327.83863067627 324.02466583252 312.661605834961 312.789642333984 307.923980712891 318.359970092773 328.345558166504 317.785598754883 317.527557373047 314.375183105469 277.293163299561 286.809425354004 292.668830871582 294.599395751953 313.1083984375 308.894660949707 308.642608642578 299.762763977051 300.954559326172 312.041854858398 301.077934265137 300.879341125488 291.758567810059 291.215278625488 297.075065612793 278.073249816895 270.828102111816 261.124980926514 258.167991638184 254.865055084229 250.166988372803 248.95874786377 242.807006835938 227.947811126709 226.397701263428 223.110816955566 192.777351379395 166.380725860596 219.895404815674
320.740135192871 299.196701049805 296.546577453613 -9999 312.608009338379 343.783058166504 330.016891479492 355.823272705078 336.526145935059 332.213745117188 337.081771850586 355.48380279541 337.769409179688 319.584594726562 313.556915283203 323.819717407227 330.790641784668 326.208389282227 312.46851348877 300.009994506836 303.380432128906 284.482864379883 256.97554397583 316.67652130127 322.886993408203 291.511291503906 292.721084594727 305.00952911377 317.279022216797 308.47859954834 305.600944519043 291.199981689453 273.292663574219 273.169609069824 275.875434875488 282.807693481445 266.798625946045 257.526916503906 262.690738677979 252.76053237915 257.91138458252 253.612106323242 253.106502532959 232.712448120117 230.8088722229 217.477191925049 206.283031463623 183.404804229736 149.268455505371 161.987060546875
308.105857849121 304.971885681152 343.061584472656 359.706428527832 361.598350524902 367.89289855957 356.598106384277 387.632934570312 358.475028991699 338.156852722168 342.183975219727 369.038291931152 365.059326171875 347.653343200684 319.956771850586 318.223411560059 322.584922790527 305.832275390625 315.761169433594 326.605804443359 319.252449035645 283.050258636475 264.536094665527 277.886913299561 283.893821716309 271.617332458496 286.696357727051 303.886619567871 306.867172241211 273.358646392822 256.405715942383 244.68172454834 260.856060028076 276.976318359375 273.706565856934 262.379699707031 263.345012664795 253.116134643555 253.046520233154 250.878555297852 255.336608886719 247.962196350098 248.18278503418 237.603023529053 237.080348968506 222.781726837158 210.945987701416 198.481540679932 196.672534942627 159.699481964111
399.84888458252 383.887153625488 367.246841430664 356.18480682373 376.576683044434 379.376998901367 359.269630432129 390.078941345215 370.046348571777 348.333984375 341.428817749023 348.582252502441 351.067039489746 378.63370513916 350.986480712891 320.601768493652 318.730529785156 347.449523925781 335.614799499512 309.21223449707 284.257446289062 286.905715942383 297.325614929199 269.332168579102 243.021865844727 308.053016662598 293.766120910645 261.534210205078 251.870983123779 240.459350585938 287.278480529785 278.065269470215 240.512794494629 255.181838989258 278.534858703613 274.963188171387 267.575801849365 262.989772796631 261.192115783691 258.01322555542 249.658420562744 235.455089569092 229.151363372803 213.86642074585 214.771339416504 220.470741271973 209.053470611572 171.086803436279 169.348651885986 167.959365844727
369.782264709473 386.172706604004 386.348823547363 386.519592285156 372.805686950684 362.435333251953 351.777503967285 361.521614074707 372.297508239746 368.223411560059 362.357666015625 348.665397644043 345.361343383789 331.718292236328 333.46044921875 349.804039001465 364.852119445801 341.021942138672 333.086387634277 319.095680236816 314.282180786133 284.820068359375 319.115112304688 298.130897521973 241.565662384033 317.373085021973 301.705047607422 270.97594833374 297.416519165039 273.041114807129 272.040859222412 283.155158996582 281.682907104492 235.642414093018 244.677360534668 265.130218505859 265.424945831299 272.289672851562 267.727935791016 261.798934936523 267.256664276123 251.367202758789 244.03243637085 231.510162353516 212.537651062012 192.970973968506 191.182445526123 193.816692352295 195.082344055176 187.887413024902
350.701759338379 348.411849975586 351.629013061523 347.500564575195 348.861724853516 347.295387268066 373.448936462402 377.001602172852 348.629821777344 345.178352355957 359.151931762695 360.851081848145 333.900283813477 333.14599609375 362.340003967285 322.29418182373 318.740646362305 330.139533996582 348.333068847656 321.871780395508 338.144706726074 315.970840454102 317.428863525391 305.870552062988 243.085865020752 312.65266418457 308.495872497559 278.421752929688 315.953659057617 295.718154907227 307.220275878906 274.319396972656 278.068695068359 269.993698120117 253.954998016357 251.134662628174 241.05562210083 239.643447875977 236.507961273193 256.108592987061 258.454521179199 254.27392578125 245.22102355957 232.021095275879 241.389186859131 229.956371307373 222.988414764404 228.24210357666 216.909503936768 198.88357925415
347.466102600098 358.086639404297 358.73445892334 362.31063079834 357.795837402344 347.080215454102 350.685325622559 348.11986541748 359.36792755127 361.50439453125 360.738052368164 381.972633361816 362.451293945312 329.577262878418 328.848350524902 346.532638549805 351.195510864258 314.261260986328 344.50715637207 318.653442382812 348.625534057617 318.242378234863 281.235549926758 282.303085327148 307.611740112305 316.011497497559 308.974243164062 298.801574707031 284.458717346191 305.759956359863 309.51261138916 290.569679260254 284.893898010254 259.458572387695 258.004375457764 271.768852233887 263.044609069824 272.617820739746 255.658428192139 269.332901000977 242.481060028076 234.212596893311 240.932834625244 227.758960723877 236.083740234375 228.749328613281 225.850875854492 219.580593109131 213.337196350098 206.452163696289
389.747482299805 374.444885253906 365.138160705566 369.435821533203 374.463012695312 361.154098510742 380.100021362305 389.887924194336 375.622589111328 402.410652160645 358.84383392334 353.39232635498 322.036727905273 328.863349914551 340.397071838379 364.406455993652 366.86563873291 311.846824645996 317.646553039551 332.404518127441 290.948608398438 281.710006713867 310.537391662598 281.603469848633 300.513290405273 287.10213470459 262.173675537109 270.533657073975 245.005828857422 278.46842956543 290.91463470459 300.513977050781 284.756240844727 264.893184661865 277.249313354492 266.778545379639 271.164291381836 266.931640625 257.89928817749 250.611930847168 254.645435333252 230.638275146484 215.511821746826 220.790977478027 219.929092407227 226.862815856934 220.920097351074 220.395412445068 224.243068695068 229.748134613037
409.158424377441 369.048545837402 391.454216003418 418.551712036133 374.645927429199 376.361572265625 350.70002746582 335.021820068359 348.908386230469 355.842208862305 339.495071411133 347.117378234863 361.597511291504 393.313285827637 374.874420166016 352.201866149902 348.612236022949 336.456398010254 294.618881225586 290.232765197754 309.891944885254 293.490829467773 280.315757751465 318.180404663086 300.792098999023 298.527626037598 310.270782470703 319.87247467041 299.101737976074 272.139297485352 286.273712158203 290.30094909668 277.343383789062 271.34196472168 268.120166778564 255.607582092285 250.014717102051 245.467697143555 260.818241119385 256.265338897705 240.452541351318 233.562026977539 231.719631195068 199.590255737305 218.754405975342 212.820728302002 209.947608947754 208.430488586426 215.972129821777 220.1305809021
404.877319335938 386.944442749023 413.457870483398 428.771438598633 406.477722167969 420.972808837891 423.401954650879 395.495208740234 357.48461151123 361.519393920898 354.988273620605 377.858177185059 352.126976013184 319.274978637695 342.070091247559 306.118728637695 299.024307250977 295.925010681152 293.909736633301 323.825424194336 347.964836120605 326.115646362305 289.547096252441 300.593475341797 287.377700805664 320.453308105469 319.830253601074 302.811012268066 305.355697631836 300.588073730469 287.545188903809 278.735328674316 279.633544921875 268.450714111328 258.337009429932 252.383544921875 238.210773468018 224.08618927002 219.931339263916 213.057952880859 209.955459594727 195.632488250732 190.128326416016 180.178218841553 168.923442840576 187.719245910645 195.324115753174 196.853454589844 201.048377990723 199.212284088135
