data/spatiotemp/temp1/bio17_norsw_test_2003_2006.asc
NCOLS 654 
NROWS 380 
XLLCORNER 3.91666666666667 
YLLCORNER 55.3333333333333 
CELLSIZE 0.0416666666666666 
NODATA_value -9999 
[rows 22 to 43 of 380, columns 450 to 499 of 654]
87.7165069580078 86.4058895111084 88.568302154541 84.3631381988525 75.1478004455566 82.5570812225342 89.6552925109863 85.0170440673828 79.0195388793945 -9999 -9999 -9999 80.0593433380127 90.2551231384277 95.483959197998 92.9557456970215 93.812068939209 93.1971759796143 98.2377777099609 102.398326873779 105.507694244385 109.279928207397 109.743021011353 109.962648391724 110.80891418457 110.913463592529 110.916917800903 109.818145751953 110.533567428589 108.900747299194 107.842895507812 107.438940048218 107.155920028687 106.319892883301 104.714658737183 103.68988609314 104.634204864502 103.786981582642 103.814767837524 101.578256607056 101.318338394165 100.307428359985 99.3232593536377 98.709192276001 97.190954208374 97.0399436950684 97.5482349395752 98.2026271820068 96.7488746643066 95.0547370910645
97.3039798736572 94.8528823852539 101.874485015869 103.119773864746 99.7884769439697 93.0785140991211 84.9196872711182 74.0783243179321 -9999 -9999 -9999 -9999 79.9796104431152 89.064697265625 91.6849994659424 99.8143253326416 99.1379776000977 99.1344833374023 99.931095123291 102.734127044678 105.282197952271 107.163455963135 108.898887634277 110.659246444702 109.845788955688 109.367626190186 107.726823806763 107.019046783447 105.457824707031 105.060718536377 104.965677261353 104.017425537109 102.174530029297 102.692295074463 102.095878601074 101.178379058838 102.100095748901 102.259376525879 101.358392715454 100.167070388794 100.05982208252 99.3694362640381 98.1402893066406 97.3723297119141 97.0837879180908 96.2902240753174 96.2917213439941 96.397762298584 94.190860748291 90.699893951416
102.030662536621 104.588306427002 103.430002212524 105.04062461853 96.5744781494141 81.9272346496582 75.4995059967041 68.4313631057739 67.2666845321655 -9999 -9999 -9999 72.5283069610596 74.6070766448975 75.6080455780029 89.3254547119141 96.1677360534668 100.353204727173 102.920440673828 104.663648605347 106.620935440063 105.697525024414 104.830860137939 103.246208190918 103.23791885376 103.767030715942 103.566688537598 104.213043212891 103.84140586853 102.905307769775 101.347320556641 100.138729095459 98.3729686737061 98.8863716125488 98.7923221588135 98.7288284301758 99.3316478729248 98.6154670715332 98.3499011993408 96.9078922271729 96.8540687561035 96.3511276245117 95.3371047973633 93.2427806854248 92.6311531066895 94.4256820678711 94.7507781982422 93.0208301544189 86.8545207977295 82.6219673156738
84.5076332092285 82.1503295898438 82.202033996582 78.0292320251465 83.8479957580566 87.1506366729736 83.6929492950439 72.2295436859131 -9999 -9999 -9999 70.0339546203613 79.413215637207 82.3571586608887 87.5086727142334 85.305871963501 82.6127376556396 86.64426612854 91.9798431396484 92.6924209594727 95.0597400665283 95.1076698303223 96.3224964141846 99.8378467559814 102.737369537354 103.807445526123 102.395036697388 102.217069625854 102.340433120728 102.463184356689 103.399572372437 101.991563796997 99.3784980773926 97.7123069763184 97.4299964904785 96.2650146484375 93.7021770477295 93.0022716522217 93.8527050018311 91.7070560455322 93.0519313812256 93.7236385345459 93.482873916626 92.859582901001 95.389928817749 95.2686500549316 93.6850566864014 91.2823009490967 91.3704109191895 87.9486846923828
89.4086971282959 94.9759197235107 99.4098205566406 98.6432819366455 95.075834274292 89.3117485046387 82.5047588348389 72.2206516265869 -9999 60.0892419815063 -9999 72.7702541351318 82.8182048797607 86.433614730835 89.1261177062988 88.9241981506348 89.8948631286621 92.4568195343018 94.1038398742676 94.6948108673096 90.541862487793 92.503231048584 96.0363292694092 98.9481678009033 99.274450302124 98.7569828033447 98.8677749633789 100.558164596558 101.397130966187 101.49963760376 100.816806793213 98.9075145721436 96.9998378753662 97.6235752105713 96.0252456665039 94.584939956665 93.5604000091553 93.6817512512207 95.3702087402344 93.3286876678467 94.1973285675049 97.0235424041748 97.4060153961182 97.7585105895996 97.2232437133789 94.881856918335 93.1185607910156 91.5928783416748 91.5232276916504 90.0387001037598
91.1308784484863 92.675537109375 93.4066162109375 92.3248348236084 84.0726871490479 75.1895694732666 75.5197925567627 74.9882049560547 70.6689825057983 69.1806221008301 62.8868160247803 -9999 -9999 -9999 74.9094066619873 86.0748748779297 87.1230335235596 79.0282096862793 80.6719970703125 83.2292366027832 79.6638298034668 83.1396293640137 91.6141014099121 95.3677253723145 96.064811706543 96.4661026000977 98.953104019165 98.8479137420654 100.311006546021 102.099315643311 99.8123207092285 97.0697498321533 94.7042903900146 93.5388278961182 92.9934005737305 93.541784286499 92.9790668487549 91.7301368713379 93.6940593719482 93.9143619537354 93.7309188842773 96.3082847595215 99.9506187438965 100.683855056763 98.404972076416 95.6963653564453 93.9450721740723 95.2561874389648 93.4280567169189 93.6802921295166
90.8841934204102 86.0552730560303 82.7640991210938 82.6259899139404 88.0014896392822 93.3791370391846 97.6551094055176 89.7604446411133 85.2143573760986 76.527738571167 63.6081495285034 58.8053607940674 -9999 62.8583574295044 63.8428955078125 63.524245262146 61.941125869751 64.3057308197021 66.4622220993042 68.9059286117554 80.098316192627 84.1646785736084 85.9145126342773 89.0620021820068 90.5645370483398 93.2297420501709 92.7974071502686 95.4843502044678 95.1860485076904 95.9621601104736 95.4089221954346 94.3595008850098 93.4934310913086 93.020133972168 92.4598484039307 92.080680847168 90.4223937988281 89.6106643676758 90.9783248901367 93.2336235046387 93.8653831481934 94.0611934661865 96.1962299346924 101.104276657104 104.731014251709 103.391031265259 99.8110866546631 99.8520278930664 96.3426990509033 90.9573936462402
91.6600685119629 94.4147891998291 103.236421585083 104.244068145752 102.911457061768 101.470802307129 95.7064838409424 86.7209815979004 74.3850593566895 69.7550506591797 63.7829618453979 69.9860925674438 67.1221809387207 63.4703874588013 63.2792768478394 65.2421627044678 69.5753955841064 67.7862339019775 71.1405143737793 76.1444187164307 83.0415306091309 86.8747081756592 89.3470191955566 89.2241172790527 88.4626445770264 87.0522212982178 87.9128723144531 89.4361190795898 90.9778118133545 91.3671531677246 90.8083057403564 90.6559963226318 90.6513557434082 90.0564441680908 89.4895038604736 88.1241970062256 87.559383392334 88.2798194885254 89.9315948486328 90.7782154083252 93.937126159668 96.9240913391113 101.679553985596 99.6877365112305 98.9082126617432 100.340337753296 96.0883483886719 95.9399642944336 93.6532497406006 91.1385746002197
94.1902198791504 95.4560127258301 94.0597152709961 92.9049301147461 90.142162322998 87.378532409668 78.7513885498047 71.1529378890991 69.6788530349731 74.9318904876709 72.6302099227905 71.2998085021973 70.9348258972168 63.4638729095459 64.337721824646 78.8038578033447 80.8826179504395 78.9001235961914 72.1667737960815 71.3914737701416 79.0640106201172 76.6065311431885 83.1677150726318 85.716329574585 88.4295482635498 88.3368911743164 89.2572860717773 89.4892692565918 88.7972373962402 88.1722640991211 86.208646774292 86.1101322174072 86.2295665740967 88.7634963989258 87.1158695220947 85.959192276001 86.5902214050293 85.7316856384277 86.8708686828613 87.240119934082 88.4650745391846 90.2823581695557 92.8737907409668 92.8461723327637 94.162748336792 97.9884185791016 93.4233798980713 92.2161865234375 93.2634563446045 97.1476001739502
90.8847999572754 87.8642768859863 89.8823223114014 89.9090099334717 82.9427394866943 75.9801368713379 72.6321983337402 74.4185943603516 76.6736526489258 76.5804004669189 70.0346574783325 64.4693794250488 63.1081829071045 72.4698066711426 68.930004119873 65.2557878494263 67.7055702209473 68.6854591369629 67.8976058959961 68.8541498184204 77.3832874298096 82.1042404174805 82.0911407470703 83.2983322143555 83.0958423614502 86.2758960723877 86.5725650787354 88.0713424682617 87.3635444641113 88.2818489074707 88.9296054840088 88.1949806213379 89.6594409942627 89.1508350372314 86.985050201416 84.6396675109863 83.7984142303467 83.6112098693848 84.8261184692383 86.6889781951904 87.4610862731934 88.1333198547363 86.7090644836426 85.0898628234863 85.0650825500488 85.0495719909668 88.8915767669678 97.1261463165283 100.070198059082 95.4710350036621
87.4661312103271 85.3433227539062 80.964054107666 75.9460678100586 75.3817043304443 75.9791812896729 76.86448097229 76.8814105987549 76.8983402252197 75.3009338378906 72.0721321105957 68.8415603637695 67.0811538696289 68.749454498291 74.4724960327148 75.3729591369629 75.5975093841553 76.5712966918945 73.0901937484741 67.2429523468018 74.8989315032959 77.5538520812988 75.5658798217773 76.1327533721924 81.0390014648438 82.1893768310547 82.1866874694824 82.8853607177734 83.3479480743408 85.5101490020752 86.1598014831543 86.2651023864746 86.2614307403564 86.8020725250244 84.9798679351807 83.9455814361572 82.7233905792236 80.8819103240967 81.428316116333 83.1395053863525 83.2218627929688 84.2247886657715 83.6206150054932 84.4321937561035 86.3414402008057 88.826000213623 84.221321105957 80.996524810791 80.6438732147217 79.2155570983887
82.8423404693604 81.148229598999 78.5656719207764 79.3433227539062 80.1335105895996 79.1664733886719 80.0544910430908 78.4621562957764 78.3725147247314 74.2555618286133 78.5035762786865 81.2884864807129 75.5983371734619 72.8746919631958 77.4130115509033 78.1731357574463 82.1789417266846 82.2772846221924 79.755407333374 77.7702407836914 76.7762107849121 79.9007053375244 80.1286334991455 76.7995452880859 75.8084201812744 78.0485248565674 81.2239685058594 79.6695365905762 81.3261871337891 82.5517845153809 84.7013568878174 85.6823463439941 85.4870891571045 84.3813171386719 83.0520877838135 80.7879619598389 79.2353553771973 79.7003803253174 79.2848834991455 78.7005767822266 78.5730400085449 79.5438671112061 79.1913013458252 80.0744361877441 79.1499710083008 78.9030914306641 78.4085903167725 78.8627853393555 77.8349952697754 74.6829223632812
83.0894546508789 81.9699573516846 79.5860137939453 80.2376670837402 78.8123264312744 79.7015914916992 78.7345600128174 80.200101852417 76.9717845916748 76.0996246337891 78.8859577178955 76.3620719909668 75.8131484985352 71.3871660232544 72.9586429595947 78.1608219146729 77.3495788574219 73.7989921569824 77.6278190612793 78.2079124450684 77.599760055542 80.0898704528809 82.1976184844971 80.8282623291016 82.670919418335 79.9262943267822 72.2145042419434 76.5954418182373 78.6330490112305 79.2070064544678 79.6607856750488 80.2311019897461 79.4169330596924 79.3955745697021 78.9474010467529 78.837381362915 77.4294624328613 77.0829467773438 76.5786037445068 75.5505428314209 75.652925491333 76.741662979126 76.2882385253906 76.8590202331543 76.481086730957 76.4431781768799 76.0760917663574 76.0382995605469 75.739351272583 75.7012348175049
86.0388774871826 87.3151550292969 86.2624835968018 84.9685764312744 86.1011543273926 88.8685550689697 84.8327159881592 80.4231357574463 77.7562484741211 79.778829574585 77.9846343994141 77.8911609649658 77.3328323364258 72.7839469909668 71.3548936843872 77.0576190948486 77.4331817626953 71.5253448486328 75.6267738342285 76.7938098907471 78.2501354217529 78.8100566864014 79.4565734863281 80.8321418762207 79.7321548461914 75.3276119232178 75.2186412811279 71.5099954605103 76.054651260376 78.0864009857178 78.0786838531494 77.2878551483154 76.1108665466309 75.3531017303467 75.5397472381592 74.1483116149902 74.5344276428223 74.5225868225098 74.0343399047852 73.7076416015625 74.3840732574463 73.5468101501465 73.5812244415283 75.3549861907959 76.5593376159668 77.3136348724365 75.6297912597656 75.2590408325195 74.2546081542969 73.2340450286865
86.8924884796143 88.0246772766113 88.1586666107178 89.2010669708252 90.2333946228027 89.5391483306885 84.8648147583008 82.061128616333 82.9759979248047 84.1385307312012 81.5338497161865 77.5593280792236 74.3279323577881 73.2204284667969 70.9770536422729 69.9847822189331 72.9797592163086 72.3612899780273 69.6143798828125 73.352650642395 75.02268409729 76.7633762359619 76.5137405395508 77.2417602539062 76.4998455047607 76.3717041015625 70.588041305542 75.4067058563232 76.8191528320312 76.8139610290527 74.963903427124 75.1767539978027 73.3710346221924 72.973690032959 72.1023597717285 72.0441398620605 72.2205486297607 71.6406211853027 71.6234321594238 71.3779010772705 72.0544090270996 72.1348075866699 71.6233139038086 70.9452934265137 70.6429862976074 70.9308109283447 70.8208045959473 70.7793083190918 70.7378120422363 70.9106540679932
83.9580211639404 84.4213695526123 85.095724105835 84.5459861755371 86.5500831604004 84.0403785705566 81.9892749786377 82.6677837371826 83.3292179107666 79.1360645294189 77.2521438598633 75.9836349487305 77.4080448150635 76.9607810974121 74.3749217987061 71.618727684021 69.0688877105713 70.13743019104 70.1233501434326 69.0883865356445 71.3068370819092 73.1813354492188 73.1787719726562 73.1762065887451 73.1736431121826 72.3100814819336 68.9713296890259 72.8190116882324 73.5180320739746 74.2804756164551 73.4495658874512 72.8599662780762 71.0827331542969 70.8979816436768 70.1748313903809 70.3219985961914 69.8860149383545 69.472056388855 69.4563789367676 68.9636735916138 68.8213405609131 68.0065059661865 67.9858436584473 67.907940864563 67.8653192520142 66.9150238037109 67.0354976654053 66.987621307373 68.1953372955322 68.1533241271973
82.5185565948486 82.5360527038574 82.5508575439453 81.3255519866943 80.60595703125 79.2158603668213 79.9348068237305 82.5302886962891 83.2257022857666 79.7175540924072 75.6598129272461 74.693904876709 72.7497386932373 72.1608648300171 70.142804145813 68.580361366272 69.2305889129639 69.0757427215576 67.6045608520508 66.6927661895752 67.3669605255127 67.3709716796875 68.8380794525146 69.0270185470581 68.1696376800537 67.2567253112793 67.7537155151367 71.1542940139771 71.7765665054321 70.8542575836182 70.0016250610352 69.72216796875 68.3366403579712 68.2055950164795 67.9250316619873 68.1612396240234 66.670503616333 66.751558303833 66.2202644348145 66.1757297515869 64.874321937561 65.2955179214478 64.6767768859863 64.633526802063 64.6861343383789 65.9085245132446 66.7674579620361 66.2553329467773 66.8188142776489 66.7699251174927
80.8049602508545 80.8189582824707 80.8248767852783 79.6802539825439 78.4977893829346 79.208028793335 78.1095962524414 74.4774074554443 77.0542011260986 77.5996246337891 74.5318717956543 70.1800899505615 68.4014511108398 68.4158754348755 68.1708946228027 68.1642799377441 67.6290998458862 68.9639358520508 67.7376432418823 65.7599172592163 66.2160129547119 65.474217414856 67.0825672149658 67.1995220184326 63.6905498504639 67.796950340271 73.1683616638184 73.1379222869873 71.0800437927246 70.461540222168 68.3993186950684 68.0473909378052 68.0197601318359 66.2873773574829 66.9067792892456 66.0719013214111 65.4071025848389 65.697075843811 64.8621234893799 64.2504110336304 62.0779142379761 62.9356241226196 62.913987159729 62.8675127029419 61.9204626083374 64.1959285736084 64.1479749679565 64.1000204086304 64.9510173797607 64.0041084289551
77.5671100616455 78.8855457305908 78.0880336761475 77.3900489807129 79.043004989624 81.743989944458 77.3585319519043 71.3701705932617 68.9459934234619 66.93017578125 66.047721862793 66.7187538146973 69.1779613494873 69.1950254440308 68.2964324951172 68.0383014678955 68.0335731506348 67.6642847061157 67.1229162216187 65.959379196167 65.6677684783936 64.7254543304443 65.2914400100708 65.191915512085 63.7693395614624 65.253755569458 68.7505722045898 70.1847372055054 70.4979333877563 67.7622137069702 66.6679677963257 66.2594032287598 66.2330894470215 65.7273378372192 64.4756345748901 63.6108484268188 61.8200969696045 63.0254802703857 62.6586942672729 60.2878284454346 60.2424383163452 60.1970462799072 60.1516571044922 61.5296812057495 61.4827222824097 61.4357624053955 61.3888025283813 60.3928127288818 61.294882774353 61.2479248046875
73.1354846954346 73.4055156707764 76.4588489532471 78.2665786743164 76.1442756652832 76.2843284606934 76.9885520935059 73.8940105438232 67.8928852081299 64.106595993042 62.9996109008789 62.1158800125122 63.0379190444946 63.6897573471069 64.2005929946899 64.8631753921509 65.4980535507202 64.0983800888062 64.09947681427 65.2006778717041 65.1062030792236 63.8474903106689 63.0781469345093 61.8084392547607 62.6029682159424 65.2530288696289 66.0486631393433 67.250864982605 66.8936891555786 65.7489671707153 64.5733451843262 64.2088527679443 63.5467414855957 63.6599607467651 60.9487619400024 60.8718461990356 59.4253025054932 59.3816814422607 59.3369054794312 57.5312223434448 58.2934370040894 58.2481288909912 57.3985052108765 57.8270149230957 59.0613212585449 59.0153923034668 57.6911773681641 57.1773052215576 57.6006164550781 58.4467334747314
68.6026487350464 69.1436347961426 73.5999507904053 73.6260643005371 71.2211685180664 71.247350692749 70.150484085083 72.6700916290283 70.6790599822998 64.8524971008301 62.849907875061 61.9739236831665 61.1136884689331 60.885573387146 59.7491674423218 60.6606912612915 60.6707754135132 60.6808605194092 60.6909437179565 61.3773183822632 60.4844045639038 60.4908599853516 59.3456382751465 60.5037670135498 61.4028205871582 62.2978620529175 62.2845182418823 62.8991832733154 64.3269052505493 64.1782331466675 62.7744579315186 61.7852210998535 61.7619762420654 61.2579889297485 59.415548324585 59.3719453811646 59.3283452987671 58.804705619812 57.4784822463989 55.5925350189209 56.0209980010986 55.0282163619995 54.9851732254028 54.9421291351318 56.2607755661011 56.2741317749023 54.8130035400391 54.7699604034424 56.1397590637207 56.5617551803589
68.0609340667725 69.18687915802 69.2067718505859 73.689884185791 77.5084533691406 77.2983894348145 68.443868637085 66.6210327148438 64.9369897842407 63.1866111755371 61.9991912841797 60.9677896499634 59.2023591995239 59.2270317077637 57.2208862304688 58.3736066818237 59.5327186584473 61.1291084289551 57.9183740615845 58.9157457351685 60.0210247039795 58.6830034255981 57.7962741851807 59.9332761764526 60.6747455596924 62.210807800293 62.199836730957 59.5729141235352 59.5502490997314 59.5275850296021 58.8693962097168 59.1782732009888 59.405707359314 59.3621263504028 58.4293584823608 56.9523735046387 56.5799684524536 56.5383758544922 55.6080026626587 54.1345510482788 54.0909595489502 52.769305229187 52.2504978179932 52.2087478637695 52.6403102874756 54.4273986816406 55.2685070037842 54.3397674560547 56.0381641387939 55.992504119873
