data/spatiotemp/temp1/bio19_norsw_test_2003_2006.asc
NCOLS 654 
NROWS 380 
XLLCORNER 3.91666666666667 
YLLCORNER 55.3333333333333 
CELLSIZE 0.0416666666666666 
NODATA_value -9999 
[rows 154 to 175 of 380, columns 200 to 249 of 654]
440.677780151367 440.085906982422 432.468048095703 392.302925109863 392.07666015625 389.896362304688 385.884216308594 380.662414550781 375.099311828613 392.303352355957 384.699317932129 378.324966430664 374.629539489746 369.637886047363 363.916831970215 355.423095703125 344.311195373535 335.704376220703 321.702735900879 303.511222839355 293.900196075439 286.666114807129 279.546920776367 267.494441986084 256.78971862793 248.275672912598 240.148330688477 229.543888092041 220.209030151367 212.639129638672 212.268627166748 203.990867614746 202.447044372559 202.227973937988 195.370532989502 207.141590118408 238.22518157959 242.03833770752 247.69123840332 256.079723358154 284.059909820557 293.842926025391 293.16393661499 259.549884796143 247.706062316895 248.002487182617 250.606147766113 236.370124816895 231.58345413208 209.627269744873
448.801132202148 435.066596984863 426.096412658691 410.827117919922 383.789672851562 382.046607971191 379.023887634277 389.784187316895 390.406517028809 385.24055480957 377.540283203125 370.754669189453 366.852172851562 362.632934570312 354.775772094727 342.20580291748 320.938751220703 312.066467285156 304.003219604492 295.074768066406 288.244152069092 278.882278442383 268.713710784912 259.023197174072 249.654663085938 241.14196395874 230.061267852783 223.288471221924 213.951946258545 206.173252105713 199.796661376953 194.302394866943 189.795150756836 213.55489730835 220.299606323242 220.811290740967 230.445556640625 235.543483734131 241.305912017822 258.65193939209 268.251441955566 281.13094329834 286.913414001465 274.636432647705 252.721050262451 245.529579162598 243.109504699707 231.994609832764 228.515281677246 218.203273773193
435.785087585449 422.116767883301 418.116920471191 404.131530761719 379.599212646484 374.009696960449 397.613586425781 389.014251708984 378.095756530762 373.878211975098 370.324203491211 366.370956420898 360.580169677734 354.463325500488 347.607330322266 333.882255554199 327.137962341309 304.586071014404 298.000381469727 290.487693786621 282.09351348877 272.153686523438 261.77986907959 254.213153839111 249.712978363037 243.562183380127 235.716770172119 227.382907867432 215.096900939941 206.431552886963 204.158584594727 215.925411224365 207.182460784912 199.089469909668 202.629501342773 214.728317260742 225.761688232422 235.722061157227 248.562446594238 251.036449432373 246.778953552246 244.27991104126 255.964317321777 261.772579193115 256.531879425049 240.923976898193 223.983741760254 222.228202819824 221.899509429932 219.589347839355
420.365180969238 416.860984802246 411.845458984375 408.604705810547 403.287544250488 391.034301757812 380.249336242676 374.640350341797 372.47721862793 365.973457336426 341.646003723145 338.995140075684 333.296455383301 327.804004669189 320.75350189209 314.919036865234 308.423175811768 300.578369140625 294.532279968262 287.241172790527 278.843265533447 269.78800201416 263.029144287109 255.770843505859 252.759132385254 244.00439453125 234.250560760498 224.867786407471 218.091602325439 208.369041442871 217.744937896729 211.122840881348 202.128890991211 204.678974151611 202.342372894287 207.847103118896 215.573974609375 225.516876220703 239.573490142822 239.21549987793 227.343841552734 251.889072418213 243.503002166748 243.184906005859 243.810455322266 230.202159881592 220.364063262939 218.609580993652 215.661464691162 213.479850769043
412.722915649414 408.090850830078 397.485733032227 392.082931518555 385.648864746094 375.108291625977 371.71418762207 368.417137145996 364.48567199707 363.272842407227 359.203628540039 357.062225341797 329.940933227539 339.463943481445 317.358726501465 307.486068725586 299.192909240723 293.738456726074 287.118026733398 280.503311157227 272.683990478516 266.082069396973 260.531024932861 254.29211807251 242.777008056641 234.910778045654 226.178108215332 217.326290130615 209.886138916016 217.821041107178 212.440334320068 206.849334716797 193.881156921387 203.131080627441 205.276035308838 206.573986053467 209.446128845215 213.209480285645 217.821376800537 229.369037628174 240.663303375244 214.773750305176 213.245048522949 235.511486053467 231.919860839844 223.761451721191 214.60969543457 208.504341125488 206.981914520264 205.640777587891
392.072509765625 396.759246826172 384.686378479004 376.188568115234 372.802795410156 375.312835693359 369.977912902832 367.700675964355 365.835609436035 356.032638549805 349.842338562012 349.012626647949 343.491989135742 314.889831542969 307.927528381348 303.589904785156 299.572395324707 292.715362548828 283.626884460449 278.729892730713 270.235645294189 263.412811279297 253.476993560791 244.124141693115 252.100387573242 242.126358032227 235.157806396484 225.529609680176 212.211894989014 204.396301269531 209.033092498779 206.78942489624 204.157970428467 198.442569732666 199.764133453369 202.508399963379 206.594055175781 211.221218109131 215.981925964355 219.973258972168 219.615413665771 219.110855102539 219.900005340576 220.583312988281 220.428855895996 216.039569854736 206.280517578125 201.407508850098 200.338096618652 196.087409973145
390.967277526855 380.241653442383 384.377250671387 371.321434020996 371.238342285156 362.791053771973 355.440307617188 354.112007141113 349.829475402832 345.609382629395 342.589706420898 341.283645629883 336.27237701416 324.190093994141 304.430820465088 299.19860458374 292.922294616699 285.775741577148 276.91625213623 269.763286590576 262.938701629639 253.213813781738 256.756721496582 255.869857788086 246.792221069336 238.913715362549 231.217914581299 223.370937347412 216.741039276123 209.648002624512 206.035690307617 202.976459503174 200.312934875488 198.882751464844 195.636489868164 196.800388336182 198.440418243408 203.080173492432 209.007301330566 213.815383911133 214.409748077393 215.446479797363 213.185531616211 210.230888366699 207.692646026611 205.297283172607 200.223857879639 195.410888671875 193.04630279541 192.082145690918
367.615203857422 365.496078491211 367.861724853516 363.015380859375 367.42896270752 357.448715209961 351.003677368164 352.913124084473 348.649169921875 344.394081115723 332.345779418945 309.933082580566 306.775703430176 303.936363220215 298.119915008545 291.841068267822 285.816593170166 280.219284057617 274.299606323242 269.927951812744 262.644199371338 251.798164367676 244.370708465576 233.608268737793 228.920745849609 225.533340454102 211.070491790771 220.587673187256 212.588642120361 206.937507629395 202.26830291748 197.78698348999 194.908424377441 193.734867095947 194.495292663574 195.153621673584 193.817741394043 196.303203582764 197.013858795166 197.724266052246 195.067409515381 193.07018661499 192.582439422607 193.691509246826 193.255779266357 192.70915222168 191.586853027344 189.454158782959 187.302879333496 185.133365631104
348.410465240479 363.605537414551 352.35205078125 348.083778381348 343.823753356934 339.571922302246 336.497734069824 336.531280517578 340.527084350586 311.501205444336 309.721786499023 307.249362945557 304.650619506836 299.183662414551 292.467750549316 287.24365234375 282.023960113525 273.830337524414 267.890678405762 261.983741760254 253.268390655518 247.213642120361 239.729640960693 231.579982757568 227.049346923828 225.218139648438 214.231502532959 200.51343536377 203.624267578125 196.783142089844 198.719017028809 194.051834106445 190.600467681885 187.253997802734 186.654460906982 184.28498840332 185.185012817383 183.739616394043 185.072902679443 174.548137664795 179.137092590332 173.351219177246 173.517101287842 174.737743377686 178.52165222168 183.049457550049 182.409896850586 177.679649353027 176.144779205322 176.226463317871
353.797546386719 351.687370300293 350.159713745117 352.124435424805 352.421226501465 344.645080566406 325.54158782959 328.574859619141 330.5517578125 330.874687194824 328.578926086426 324.212425231934 319.138748168945 317.952056884766 304.869575500488 282.932136535645 295.102951049805 288.64720916748 265.02091217041 257.227142333984 252.515964508057 244.671115875244 238.075458526611 229.920234680176 225.015850067139 219.011409759521 209.230728149414 197.72945022583 200.735801696777 201.788074493408 197.203216552734 190.329162597656 186.821823120117 182.779430389404 181.275215148926 178.844665527344 177.730182647705 173.927223205566 168.01411819458 171.953350067139 183.240917205811 189.03394317627 181.177234649658 179.481822967529 174.36869430542 169.449047088623 180.01806640625 174.429553985596 167.426582336426 164.178531646729
343.205261230469 339.684730529785 334.02001953125 336.021850585938 331.549942016602 320.878028869629 314.453071594238 312.321434020996 315.649024963379 320.967697143555 326.194259643555 294.482124328613 292.930583953857 286.920230865479 302.287261962891 295.817398071289 299.539497375488 291.96622467041 285.398948669434 270.594463348389 262.844543457031 240.037525177002 234.146484375 227.881343841553 219.68049621582 210.75089263916 202.18473815918 195.536624908447 191.510486602783 182.126354217529 177.975833892822 186.816921234131 185.899166107178 177.979591369629 175.762729644775 173.548480987549 167.967834472656 168.978042602539 161.828273773193 173.474601745605 180.471965789795 196.730567932129 186.606357574463 176.169647216797 168.870643615723 166.853363037109 173.876384735107 173.177845001221 165.571895599365 161.804935455322
317.634071350098 323.916229248047 321.519424438477 314.883369445801 308.203964233398 302.714126586914 300.867218017578 301.734405517578 311.119232177734 321.930435180664 320.995559692383 318.095512390137 314.216209411621 312.875640869141 308.320327758789 303.041313171387 297.350738525391 290.504470825195 281.784839630127 245.143936157227 239.766265869141 232.791263580322 225.851909637451 220.291633605957 215.393177032471 209.929550170898 202.374000549316 198.871250152588 188.921672821045 180.936603546143 176.047229766846 179.094379425049 184.02433013916 186.275485992432 179.326965332031 169.640670776367 166.658275604248 162.434116363525 166.928524017334 162.099376678467 158.036331176758 166.235229492188 175.486026763916 176.704761505127 175.341144561768 179.796558380127 168.200393676758 165.335742950439 169.048812866211 171.772388458252
318.702507019043 313.741584777832 310.053062438965 304.710327148438 300.031921386719 304.160972595215 310.60791015625 318.495475769043 320.90486907959 322.05216217041 322.141052246094 315.509307861328 311.469581604004 306.178955078125 302.79402923584 299.413070678711 292.817962646484 287.567543029785 250.2568359375 244.402626037598 240.927757263184 233.620601654053 226.162563323975 221.121299743652 214.810859680176 206.545135498047 197.838523864746 200.317878723145 200.173805236816 193.342529296875 185.78634262085 180.380142211914 175.886756896973 174.80704498291 172.176025390625 174.138961791992 175.350975036621 170.923439025879 164.190940856934 159.641906738281 160.712940216064 158.352401733398 161.642181396484 160.855888366699 169.248085021973 171.137809753418 169.779228210449 166.90922164917 164.877201080322 167.918453216553
314.238334655762 309.304870605469 305.643821716309 320.85425567627 315.60619354248 312.744758605957 315.778961181641 309.156204223633 310.603950500488 315.369918823242 316.284439086914 302.77660369873 301.164360046387 273.628269195557 292.272972106934 287.58325958252 257.937088012695 287.013977050781 265.224040985107 241.921337127686 237.22830581665 228.347515106201 220.390087127686 214.138423919678 206.965923309326 211.334945678711 203.09395980835 195.044025421143 185.672008514404 180.831184387207 178.411296844482 175.317981719971 174.122615814209 175.469245910645 174.87088394165 168.692398071289 163.725765228271 173.929672241211 164.085048675537 158.489845275879 154.570835113525 157.342128753662 159.076759338379 158.40482711792 160.641990661621 166.625751495361 167.533630371094 169.055721282959 165.946266174316 167.462940216064
296.388702392578 291.335823059082 315.007514953613 298.662979125977 286.765232086182 291.221866607666 304.210098266602 302.437881469727 279.870212554932 281.380432128906 280.717144012451 278.138137817383 298.148582458496 309.792068481445 306.478088378906 300.282615661621 256.344856262207 284.229877471924 274.594444274902 267.918403625488 259.468921661377 239.235885620117 217.024486541748 210.447364807129 202.243541717529 195.787288665771 187.359062194824 189.423976898193 188.523593902588 185.699634552002 166.76037979126 165.251396179199 161.914878845215 154.138454437256 152.677291870117 157.763874053955 164.114856719971 164.254043579102 167.980812072754 163.808666229248 156.738452911377 153.134338378906 157.566257476807 156.556358337402 155.841659545898 155.01441192627 157.258636474609 160.438442230225 166.617683410645 170.684478759766
313.444732666016 300.24600982666 299.672401428223 277.610084533691 282.585216522217 285.170082092285 288.05590057373 287.069412231445 286.302516937256 286.069385528564 280.680969238281 276.871124267578 272.142402648926 291.976409912109 302.76929473877 296.785957336426 292.217346191406 283.555786132812 274.100219726562 266.174282073975 256.554512023926 246.075790405273 215.492889404297 208.357215881348 207.850986480713 206.944519042969 201.685050964355 191.720676422119 180.341361999512 168.864028930664 161.422351837158 159.182390213013 147.549688339233 146.989601135254 143.91276550293 140.280614852905 137.653873443604 138.73486328125 147.358169555664 157.78307723999 158.618225097656 158.848876953125 156.619892120361 151.43684387207 154.006381988525 153.211528778076 151.36754989624 153.891929626465 156.597297668457 159.454261779785
301.065101623535 303.893707275391 283.116165161133 284.42253112793 284.367328643799 283.96452331543 282.504943847656 283.477096557617 282.319225311279 280.86039352417 278.868896484375 273.33850479126 267.587917327881 263.389820098877 302.57740020752 296.097431182861 287.61051940918 282.852771759033 274.65625 264.148147583008 252.307331085205 230.835742950439 210.432247161865 209.261920928955 200.511524200439 190.889598846436 189.498558044434 187.386085510254 179.862426757812 172.351669311523 166.462226867676 162.603313446045 155.334890365601 148.937927246094 147.041240692139 138.989013671875 137.715826034546 133.772218704224 134.666088104248 138.51607131958 144.630355834961 150.285720825195 153.406879425049 153.471035003662 154.021430969238 154.082691192627 151.119087219238 151.651931762695 154.545207977295 154.091819763184
274.937305450439 273.498725891113 272.53829574585 273.554496765137 275.798221588135 281.363716125488 280.641304016113 278.446807861328 301.911010742188 316.258666992188 314.597106933594 295.779251098633 267.906341552734 264.384674072266 282.699089050293 296.757057189941 287.08430480957 258.548126220703 231.348125457764 224.707557678223 234.894950866699 211.332111358643 207.239280700684 202.929027557373 195.808433532715 189.117599487305 184.773624420166 180.935619354248 179.174999237061 173.066143035889 169.074890136719 162.803993225098 154.317695617676 146.369459152222 139.928756713867 132.980373382568 136.262510299683 138.21462059021 139.004161834717 136.625576019287 147.624408721924 151.708324432373 147.593364715576 146.608242034912 150.235118865967 151.055749893188 148.848085403442 148.644525527954 148.688228607178 150.893981933594
270.32738494873 264.644645690918 263.939018249512 268.991310119629 275.499122619629 275.099063873291 273.856994628906 298.960678100586 298.510536193848 295.461608886719 294.517204284668 311.991241455078 266.625587463379 261.351203918457 256.983268737793 250.315971374512 243.377185821533 235.393753051758 229.044708251953 225.966064453125 219.549205780029 214.560684204102 211.315433502197 201.375389099121 192.515808105469 186.369873046875 178.682437896729 173.126171112061 175.575088500977 175.895393371582 165.435089111328 156.268388748169 143.101938247681 135.649070739746 130.25813293457 123.250783920288 125.238538742065 127.900218963623 133.260982513428 142.441287994385 148.965225219727 148.57621383667 145.694705963135 143.770664215088 146.414674758911 148.220335006714 148.098733901978 148.832088470459 148.875099182129 148.887056350708
263.408645629883 264.791526794434 267.069744110107 267.978176116943 267.966846466064 267.755348205566 292.136665344238 264.548278808594 264.880325317383 268.552925109863 268.700302124023 290.308532714844 260.480491638184 284.635429382324 279.948070526123 248.871208190918 242.051723480225 232.69815826416 244.374103546143 220.650951385498 214.264434814453 210.684383392334 201.300849914551 195.246440887451 199.719009399414 195.489044189453 176.96257019043 175.959648132324 176.291030883789 179.914257049561 171.40071105957 165.520160675049 163.064628601074 142.271028518677 131.544498443604 127.831813812256 136.761489868164 132.498945236206 127.5189037323 133.441589355469 140.843059539795 144.853351593018 143.878833770752 143.689064025879 143.577783584595 144.326108932495 144.208446502686 145.802778244019 146.133031845093 146.148897171021
257.553825378418 255.822578430176 255.827114105225 256.885181427002 258.287509918213 259.210517883301 260.240203857422 263.584938049316 263.394435882568 254.940467834473 253.16019821167 251.230693817139 248.904426574707 276.974128723145 293.071910858154 267.70352935791 236.825263977051 230.015693664551 241.325614929199 217.842758178711 212.453914642334 220.426067352295 210.401187896729 192.459457397461 194.815952301025 182.539447784424 175.181865692139 178.579139709473 171.411026000977 161.840850830078 159.942409515381 156.648536682129 158.039176940918 149.899715423584 152.684995651245 141.619062423706 129.786371231079 126.646165847778 130.55609703064 130.008380889893 131.669910430908 134.754650115967 137.139629364014 139.049928665161 140.095684051514 141.781881332397 141.384698867798 143.26294708252 143.964202880859 143.981382369995
271.864128112793 269.446029663086 269.47486114502 271.032051086426 249.019863128662 278.469108581543 286.363105773926 283.707893371582 254.518047332764 256.815662384033 261.231887817383 257.191524505615 250.23868560791 270.135887145996 284.798313140869 275.175495147705 268.881526947021 246.787445068359 239.374000549316 243.691650390625 230.674976348877 213.777240753174 205.352607727051 191.074813842773 191.816459655762 183.267757415771 183.403244018555 168.101524353027 169.711261749268 162.215419769287 153.166976928711 150.948862075806 149.949954986572 139.303049087524 140.051380157471 142.342132568359 133.255290985107 130.735464096069 131.063032150269 130.912811279297 137.87780380249 138.748620986938 135.085859298706 137.165212631226 137.931423187256 140.25411605835 141.92794418335 142.458459854126 144.508396148682 144.017999649048
