data/spatiotemp/temp1/bio14_norsw_test_2003_2006.asc
NCOLS 654 
NROWS 380 
XLLCORNER 3.91666666666667 
YLLCORNER 55.3333333333333 
CELLSIZE 0.0416666666666666 
NODATA_value -9999 
[rows 110 to 131 of 380, columns 400 to 449 of 654]
15.295471906662 15.3563942909241 15.5651435852051 15.5489220619202 15.2969570159912 14.7340536117554 14.3954648971558 14.1372060775757 14.4002680778503 14.3631970882416 14.0270657539368 13.9903519153595 13.9536383152008 14.4292690753937 14.8178296089172 15.0749504566193 15.5233974456787 15.7831599712372 16.4141080379486 16.3349874019623 16.2558662891388 16.2178909778595 16.4611277580261 16.8646585941315 16.7803828716278 17.0129325389862 17.2413358688354 17.4655952453613 17.5654902458191 17.2947034835815 17.1346220970154 16.9738659858704 16.917489528656 16.8089230060577 16.5960302352905 16.1927006244659 16.1412801742554 15.744570016861 15.8317379951477 15.7279541492462 15.7613394260406 15.5430042743683 15.1464030742645 15.133465051651 15.0285513401031 14.6990070343018 14.5016210079193 14.6138925552368 14.6980400085449 14.5887587070465
14.2175567150116 14.5052423477173 14.4913184642792 14.4773943424225 14.9740216732025 14.7093486785889 14.1469366550446 13.886908531189 13.8480920791626 13.8092753887177 13.987476348877 13.9476113319397 13.9077463150024 14.3784396648407 15.0589582920074 15.5226073265076 15.8122975826263 15.7301330566406 15.8564262390137 16.0587146282196 16.5049135684967 17.1095426082611 16.6486864089966 16.7610766887665 17.1867740154266 17.2043561935425 17.3076772689819 17.6292338371277 17.8350629806519 17.8406293392181 17.6645822525024 17.3472867012024 17.1058351993561 17.163711309433 16.959107875824 16.9482491016388 17.1048986911774 16.9027864933014 16.2255675792694 15.83509516716 15.5911803245544 15.3893311023712 15.0971901416779 14.8973441123962 14.6964712142944 14.3090591430664 14.2008056640625 13.8145725727081 14.0853991508484 14.4473803043365
13.1430571079254 13.6566760540009 14.470144033432 14.7580335140228 14.5062544345856 14.4626953601837 13.8990752696991 14.155769109726 14.1132805347443 13.7732365131378 13.731290102005 14.2013404369354 14.1577820777893 14.1142230033875 14.2829802036285 15.0381970405579 15.1848363876343 15.4682314395905 15.8744692802429 15.8488867282867 16.2215721607208 17.0207850933075 17.2388207912445 17.1370856761932 17.2356569766998 17.0789563655853 17.2821025848389 17.3722248077393 17.5757899284363 17.8908543586731 18.0958027839661 17.8390941619873 17.6406722068787 17.8079371452332 17.6104879379272 17.7628674507141 17.6671574115753 17.7272868156433 16.5230226516724 16.0562934875488 15.630410194397 15.6166462898254 15.2292113304138 14.9385542869568 14.5523459911346 14.1668181419373 14.2455313205719 14.3257353305817 13.9414975643158 13.3761878013611
13.4223067760468 12.8871684074402 13.4009220600128 14.5142016410828 14.1853065490723 13.9175021648407 13.8724255561829 13.8273494243622 14.0795323848724 14.0338208675385 13.7719316482544 13.9423980712891 14.8698670864105 14.3579614162445 14.2340252399445 14.4738037586212 15.0906252861023 15.2077288627625 15.3221685886383 15.9226791858673 16.3103213310242 16.7291777133942 16.8255174160004 17.0305943489075 17.120183467865 16.8450038433075 17.0379827022552 17.2254495620728 17.0682275295258 18.1004390716553 17.6601858139038 17.8702292442322 18.4878497123718 18.0490913391113 18.1520590782166 18.2221851348877 18.1317911148071 17.5683274269104 17.014880657196 16.27459192276 15.6674149036407 15.3730220794678 15.2693734169006 15.1618530750275 14.6857054233551 14.4886825084686 14.2905566692352 13.9076912403107 13.8967387676239 13.5148713588715
14.4130504131317 13.8617196083069 13.1578898429871 13.1485695838928 14.1646268367767 14.1153070926666 13.8457765579224 13.7975702285767 13.7493636608124 13.9968500137329 13.7321588993073 13.6843383312225 13.7986981868744 13.5886976718903 14.0442357063293 14.2047653198242 14.5495300292969 14.9486258029938 15.0574612617493 15.2792162895203 15.8641786575317 16.7542562484741 17.1520631313324 17.261326789856 17.2147767543793 17.0684971809387 16.5253632068634 16.5828504562378 16.6690883636475 17.2030322551727 17.4227204322815 17.6401000022888 18.0158362388611 17.9391131401062 17.8847222328186 18.0972619056702 18.5881586074829 17.8504571914673 17.684051990509 16.7677736282349 15.9813830852509 15.5970175266266 15.3986625671387 15.2953245639801 15.0985331535339 14.6215479373932 14.3342933654785 14.1374082565308 13.7566921710968 13.5622999668121
14.6940801143646 14.671498298645 14.1835379600525 13.1303265094757 13.4007897377014 13.8704631328583 13.8191268444061 14.0641913414001 14.012035369873 13.4486463069916 13.1831071376801 13.2790803909302 13.2094073295593 13.1397345066071 13.4852473735809 14.381400346756 15.0010278224945 14.6130743026733 14.7168500423431 15.0984053611755 15.621917963028 16.5539212226868 17.1796004772186 17.7248096466064 17.4652652740479 17.6033761501312 16.9439606666565 16.2054092884064 16.101099729538 16.4304485321045 16.6622288227081 16.9369850158691 17.4068069458008 17.5340900421143 17.4728257656097 17.5987801551819 18.0995187759399 17.9438486099243 17.6030745506287 17.3545439243317 16.5720453262329 16.0976574420929 15.7151551246643 15.6118910312653 14.8580229282379 14.8468992710114 14.4667499065399 14.0872354507446 13.9832501411438 13.7897927761078
14.5892395973206 14.3451538085938 14.1626727581024 13.633513212204 12.8609104156494 12.5131039619446 13.4959104061127 13.738011598587 13.4663140773773 13.1969304084778 12.851861000061 12.6887266635895 13.1641762256622 13.0963916778564 13.5636057853699 14.3423759937286 14.4628806114197 14.5631256103516 14.7750422954559 15.0333917140961 15.4342651367188 16.300164937973 16.8429796695709 16.7807149887085 17.2074890136719 16.6451497077942 16.3829016685486 15.5482625961304 15.4470012187958 15.7838180065155 15.7390327453613 16.1695554256439 16.7844657897949 16.7365715503693 16.8751282691956 17.1084859371185 17.3404757976532 17.4762721061707 17.6113719940186 17.4698157310486 16.9748690128326 16.4087526798248 16.0276761054993 15.738466501236 15.4488101005554 15.0695488452911 14.506388425827 14.3128817081451 14.1198289394379 14.1096115112305
15.3953013420105 14.8484890460968 14.6627626419067 13.8368055820465 13.0636072158813 12.7888104915619 12.7355806827545 13.4901995658875 13.2169275283813 13.3773641586304 13.1064486503601 12.6434881687164 12.7017016410828 13.1736810207367 13.8808062076569 14.0298073291779 14.1492002010345 13.7498159408569 14.3996608257294 14.962016582489 15.5118882656097 15.1059970855713 15.7137906551361 15.6557943820953 16.0773940086365 15.2308464050293 14.7743680477142 14.7120509147644 14.8977398872375 14.9602255821228 15.4888665676117 15.7357339859009 16.2632691860199 17.0661373138428 17.1231830120087 16.7140159606934 16.7679369449615 16.6393592357635 16.8807058334351 17.1211540699005 17.1866002082825 16.4386019706726 15.7828714847565 15.4955115318298 15.3932461738586 15.2894985675812 15.2784903049469 14.9016492366791 14.1616249084473 13.7864501476288
14.5879883766174 14.3528251647949 14.8614065647125 14.626674413681 14.0718607902527 12.9805021286011 12.1922566890717 12.6529638767242 12.5996189117432 13.3450734615326 12.7832143306732 13.0181114673615 12.9589223861694 13.0149235725403 14.3291685581207 14.0898623466492 15.0712747573853 14.6734278202057 14.2884728908539 14.3703155517578 14.7229053974152 14.5964844226837 14.3959445953369 14.9416024684906 15.2727384567261 15.6895780563354 15.2349588871002 14.5943186283112 14.5009865760803 15.0371372699738 15.1037299633026 15.4507296085358 15.9827792644501 16.3269367218018 16.6706550121307 17.1056797504425 16.7035908699036 16.5815088748932 16.45849609375 16.5219304561615 16.6841597557068 16.2071709632874 15.8239097595215 15.4413928985596 15.4271023273468 15.5052297115326 15.1240906715393 15.0178685188293 14.7295994758606 13.9848668575287
15.5945007801056 15.0838053226471 14.0215163230896 13.7755064964294 13.7372312545776 13.167270898819 12.6014654636383 12.5506348609924 12.4998049736023 13.0270807743073 12.7578356266022 13.2087082862854 13.4411652088165 13.5657234191895 13.9918465614319 14.4129357337952 14.6478016376495 14.7468616962433 15.006991147995 15.2086482048035 15.7655065059662 15.1089682579041 14.6612820625305 14.9171366691589 14.4745028018951 14.8200552463531 15.3457040786743 14.7120428085327 14.6241836547852 14.6942238807678 15.1422083377838 15.683397769928 15.6565024852753 16.0062999725342 16.3550500869751 16.4223644733429 16.487993478775 16.3666245937347 16.6199624538422 16.4064333438873 16.0089955329895 15.9874687194824 15.407975435257 15.0164818763733 14.9043698310852 15.2542424201965 14.8643090724945 14.4754209518433 14.4559133052826 14.1607174873352
16.1125707626343 16.0610239505768 15.5543434619904 14.7755999565125 13.4077093601227 13.6469020843506 12.5713078975677 12.5231359004974 12.762665271759 13.0003933906555 12.4465572834015 13.1173431873322 15.2942736148834 14.8375589847565 14.1540102958679 14.3952224254608 14.3141181468964 14.5942177772522 15.2796618938446 15.3243298530579 15.0897150039673 15.2644255161285 14.7232208251953 14.6916315555573 14.8562300205231 14.6215250492096 14.4848101139069 14.2527635097504 14.1738164424896 14.2480137348175 15.0842261314392 15.1550960540771 15.0366907119751 15.4863967895508 16.1262428760529 15.9127027988434 16.0780694484711 16.1459035873413 16.0269160270691 16.0988349914551 15.9787881374359 16.0435371398926 15.7335088253021 15.1432325839996 14.3700566291809 14.2522699832916 14.599237203598 14.2021548748016 13.899275302887 13.7820312976837
15.7040586471558 15.5184390544891 15.0115826129913 14.4491291046143 13.3720445632935 12.8112015724182 12.5411496162415 12.2094087600708 12.7355115413666 12.9737060070038 12.6428055763245 13.0402872562408 14.7442631721497 15.1642088890076 14.2176342010498 15.0107817649841 14.5232944488525 14.7661535739899 14.9387776851654 15.465164899826 15.5460109710693 15.3183789253235 15.3985078334808 14.4638249874115 14.9412586688995 14.715912103653 14.0030145645142 14.0735800266266 14.1004915237427 14.0794568061829 15.1197588443756 15.0030837059021 15.1753203868866 15.2465689182281 15.2238101959229 15.8712561130524 16.2295587062836 15.8240172863007 15.8937284946442 15.8699960708618 15.9404134750366 15.812890291214 15.4940893650055 15.1765415668488 14.8608200550079 14.0778090953827 14.4220974445343 14.2977452278137 13.8935894966125 13.9562830924988
15.803405046463 15.4995090961456 14.906387090683 14.6424200534821 13.5631232261658 13.2908005714417 12.7357881069183 12.6919617652893 12.9087595939636 12.8866019248962 13.06090259552 13.4934890270233 13.6449325084686 15.441545009613 14.8732717037201 15.1742169857025 15.3041689395905 14.728410243988 14.7972586154938 14.8726615905762 15.0751988887787 15.7835168838501 15.0556218624115 14.840080499649 14.5262627601624 14.2161493301392 14.0062875747681 13.9918482303619 14.1242866516113 14.0079641342163 14.6713409423828 15.0389831066132 15.0180909633636 14.7999703884125 14.9763071537018 15.341370344162 15.5165839195251 14.9136309623718 15.0889549255371 15.6382660865784 15.5132837295532 15.3809082508087 15.341760635376 15.1098849773407 14.978214263916 14.5612273216248 14.2405412197113 14.2042486667633 13.7925846576691 14.0382225513458
16.6759471893311 16.2335772514343 15.7091119289398 15.1228160858154 14.6074893474579 14.4207735061646 13.6165378093719 13.5501999855042 13.8735635280609 13.4175236225128 13.2386240959167 13.1729006767273 13.4390349388123 13.8629224300385 14.2818727493286 14.3686466217041 14.6165144443512 14.2098293304443 14.5002784729004 15.0164873600006 14.7119500637054 14.6099634170532 14.5079772472382 14.0993273258209 14.2049508094788 14.3078742027283 14.5044393539429 14.0994880199432 14.0385937690735 14.1269156932831 14.3092880249023 14.38774061203 14.5598666667938 14.15056681633 14.4282820224762 14.6090834140778 14.4941346645355 14.5688421726227 14.5499393939972 15.2105989456177 15.2718408107758 14.9370748996735 14.8937375545502 14.7555973529816 14.3302097320557 14.4809849262238 14.5322036743164 14.2040259838104 13.5005662441254 13.3664743900299
16.6704497337341 15.9274210929871 16.1144659519196 16.1284718513489 15.1839122772217 14.751074552536 14.3043689727783 14.2350249290466 14.1656808853149 14.2598142623901 14.026992559433 14.1191096305847 14.540855884552 14.3086023330688 13.7496166229248 13.4645895957947 13.984593629837 14.2844436168671 14.6202507019043 14.4284589290619 14.1347961425781 14.7741298675537 14.5701842308044 13.8687944412231 13.5818517208099 13.591331243515 14.4130859375 14.3185822963715 13.8667032718658 13.8501861095428 14.3231408596039 15.0014486312866 15.186491727829 14.477870464325 14.2580058574677 14.2408747673035 14.2237439155579 14.2066123485565 14.0930864810944 14.277637720108 14.5397214889526 14.2920355796814 14.1494929790497 14.1965737342834 13.8601751327515 13.7196214199066 13.7737579345703 13.821432352066 13.4894065856934 13.3494560718536
17.1889860630035 16.2625119686127 15.915141582489 16.0839569568634 15.9884412288666 15.6829509735107 15.4968106746674 14.4165420532227 15.3474636077881 14.6655230522156 14.3685047626495 14.4059345722198 14.9409937858582 14.4859619140625 14.3070108890533 13.752063035965 13.8393878936768 14.2511413097382 14.876029253006 14.3591268062592 13.8612883090973 14.6145567893982 14.4309105873108 13.8371596336365 13.4597761631012 12.9755575656891 13.3030142784119 13.724241733551 13.6761510372162 13.5668232440948 14.6494243144989 15.1296260356903 14.7153198719025 14.2079119682312 14.1922731399536 14.176634311676 14.1609952449799 14.1453566551208 14.6183259487152 14.5051112174988 14.5641872882843 14.7138648033142 13.8781654834747 13.4376685619354 13.5861649513245 13.3385508060455 13.2889919281006 13.2394325733185 13.094883441925 13.0455594062805
16.0192229747772 16.0105912685394 15.8855023384094 16.2721467018127 15.3196160793304 14.7409749031067 14.7146708965302 14.5352537631989 14.963520526886 14.3942186832428 14.5504879951477 14.4791896343231 15.002946138382 14.8232190608978 14.2652947902679 14.5712130069733 14.0231359004974 14.438686132431 14.154999256134 14.2919471263885 14.3215816020966 14.883508682251 15.1227509975433 14.6306269168854 13.4364011287689 13.1705272197723 13.2973737716675 13.7311098575592 13.78728723526 13.6791424751282 13.5666289329529 13.6517486572266 13.9450929164886 13.9310896396637 14.1093609333038 14.0951566696167 14.2885930538177 13.875077009201 13.9545819759369 14.2409372329712 13.9014716148376 13.7527322769165 13.6003479957581 13.4485139846802 13.2994616031647 13.2445299625397 13.3803844451904 13.229649066925 12.9808490276337 12.73703789711
16.0155074596405 16.2308268547058 15.3411552906036 15.6096172332764 16.0124609470367 15.0935478210449 14.288679599762 14.2202045917511 14.6489436626434 14.1887938976288 14.5071556568146 14.9262173175812 14.9571232795715 14.2944724559784 14.1202394962311 14.5300641059875 14.8406109809875 14.7817957401276 14.5012843608856 14.2245545387268 14.0611231327057 13.6795215606689 13.5180857181549 13.1588621139526 13.4159090518951 13.4517967700958 13.3863406181335 13.3298139572144 13.2984063625336 13.3858320713043 13.5852754116058 13.5729327201843 13.9651045799255 14.2625403404236 14.0387530326843 14.4293577671051 14.3172769546509 13.9015316963196 13.8888163566589 13.5676381587982 13.5319135189056 13.6800999641418 13.3160421848297 13.3516457080841 13.1959927082062 14.5695450305939 13.0797333717346 13.0216035842896 12.9634735584259 12.6156032085419
14.4420206546783 15.346010684967 16.2308242321014 15.8435137271881 14.9323770999908 14.6517760753632 14.4777910709381 13.6791892051697 14.1091582775116 14.3751173019409 13.972992181778 14.2904953956604 14.7064189910889 14.7359616756439 14.0802142620087 14.0101203918457 14.8030095100403 15.700718164444 16.1182916164398 15.1087515354156 15.4744970798492 14.3731074333191 13.8965528011322 13.3256888389587 13.1738679409027 12.9059176445007 13.4586281776428 13.6212899684906 13.5001614093781 13.3947832584381 13.3838489055634 13.6869919300079 13.7698996067047 13.7586231231689 13.9608912467957 14.456013917923 14.3503873348236 13.9323925971985 13.7022390365601 14.096483707428 13.6474826335907 13.3909873962402 13.4215514659882 13.3582208156586 -9999 17.8155293464661 12.8704268932343 12.7135860919952 12.6521263122559 12.3954451084137
14.4611768722534 14.1914401054382 14.5494923591614 14.89541888237 14.7728133201599 14.0975515842438 13.4213571548462 13.3594398498535 13.4481682777405 13.8390712738037 14.1624019145966 13.607182264328 13.6951589584351 14.2102320194244 14.2688381671906 14.1984684467316 14.7654089927673 15.1933364868164 15.8438873291016 15.6961314678192 15.3230121135712 15.1734750270844 15.222455739975 14.3312048912048 13.766743183136 13.6271359920502 13.2637205123901 13.2210285663605 13.607470035553 13.7205083370209 13.7105050086975 13.8010513782501 14.1082246303558 13.9974730014801 13.987238407135 14.0708663463593 13.8663852214813 13.8561835289001 13.5301566123962 13.3048756122589 13.2663671970367 13.1991229057312 13.1269354820251 13.1593091487885 13.3907296657562 -9999 12.6675081253052 12.4005777835846 12.5288243293762 12.3683066368103
14.2954578399658 14.5003333091736 14.9965269565582 15.0150430202484 15.0969905853271 15.13148021698 13.853718996048 13.7909030914307 13.6202955245972 12.9239227771759 13.5018301010132 13.4393472671509 13.37686419487 14.3938746452332 14.2271702289581 14.1600921154022 14.7904806137085 15.429238319397 16.0280663967133 15.7765643596649 15.7298681735992 15.5929100513458 15.0235269069672 14.6549251079559 14.0906844139099 14.3678269386292 13.9080264568329 13.2300817966461 13.4242751598358 13.5116312503815 13.7173664569855 13.703272819519 13.8843853473663 14.0639772415161 13.9565062522888 13.8990163803101 13.7126195430756 13.6053664684296 13.3804807662964 13.2611484527588 13.22434425354 12.941419839859 12.8740649223328 12.4980356693268 12.3380107879639 -9999 -9999 -9999 -9999 -9999
14.9131295681 14.6356551647186 14.4618437290192 14.385822057724 14.2672681808472 14.515114068985 13.9464240074158 13.4775490760803 13.3237314224243 12.6714234352112 13.1127078533173 13.5495915412903 13.3890562057495 13.819676399231 14.2458958625793 15.1538019180298 15.7784380912781 16.5208356380463 16.2885329723358 16.3441479206085 15.9957692623138 16.1834263801575 15.8766491413116 15.3034887313843 14.7332031726837 14.2678079605103 13.900496006012 13.758401632309 13.8478155136108 13.9257102012634 13.8005974292755 13.6769535541534 13.7679071426392 13.8309595584869 13.7471220493317 13.7367289066315 13.6253826618195 13.521247625351 13.2802700996399 13.0536863803864 12.8146138191223 12.4337306022644 12.2692482471466 12.3040449619293 12.3380107879639 12.3637280464172 -9999 -9999 12.4414882659912 12.0079674720764
