data/spatiotemp/temp1/bio2_norsw_test_2003_2006.asc
NCOLS 654 
NROWS 380 
XLLCORNER 3.91666666666667 
YLLCORNER 55.3333333333333 
CELLSIZE 0.0416666666666666 
NODATA_value -9999 
[rows 132 to 153 of 380, columns 550 to 599 of 654]
8.64262199401855 8.70116662979126 8.70871138572693 8.71725606918335 8.73180079460144 8.73801255226135 8.6902232170105 8.70143461227417 8.69597911834717 8.65419054031372 8.60754799842834 8.6057186126709 8.58455634117126 8.52739381790161 8.42589807510376 8.30506920814514 8.31890606880188 8.40974402427673 8.47358155250549 8.52808570861816 8.46558976173401 8.4484269618988 8.3551778793335 8.24517440795898 8.32417154312134 8.4585018157959 8.51149821281433 8.53349494934082 8.60749220848083 8.60348892211914 8.66181921958923 8.72814917564392 8.70114588737488 8.73714303970337 8.80262589454651 8.78092789649963 8.76423025131226 8.76053261756897 8.74050140380859 8.7001371383667 8.70343947410583 8.68240833282471 8.61437749862671 8.54967951774597 8.57898187637329 8.6196174621582 8.60236597061157 8.54022622108459 8.50275373458862 8.50428056716919
8.65158796310425 8.68192172050476 8.68225598335266 8.65425586700439 8.67125654220581 8.65059065818787 8.62092423439026 8.65025806427002 8.65925860404968 8.65992569923401 8.65741157531738 8.6390495300293 8.59968781471252 8.56899261474609 8.51829767227173 8.45893597602844 8.46924066543579 8.43121266365051 8.44618391990662 8.50215530395508 8.47846031188965 8.47376537322998 8.41699314117432 8.3781430721283 8.4066264629364 8.48044347763062 8.55092692375183 8.54841041564941 8.60156083106995 8.61604428291321 8.60786128044128 8.72101140022278 8.76816153526306 8.80964493751526 8.84317684173584 8.78542304039001 8.72566914558411 8.68224883079529 8.66682863235474 8.69174122810364 8.68432140350342 8.57590079307556 8.53414702415466 8.51672697067261 8.52797341346741 8.55621957778931 8.48551034927368 8.45251393318176 8.49685001373291 8.49685311317444
8.63488721847534 8.64300990104675 8.61313343048096 8.62258958816528 8.64404582977295 8.62383580207825 8.63829183578491 8.67741465568542 8.68253779411316 8.68399405479431 8.65194177627563 8.57071352005005 8.54681968688965 8.53792500495911 8.51303029060364 8.44246959686279 8.39424204826355 8.39934778213501 8.48478627204895 8.45389246940613 8.32899785041809 8.28543663024902 8.38047432899475 8.40044474601746 8.44641518592834 8.49605226516724 8.54435563087463 8.57665944099426 8.50329566001892 8.49826622009277 8.56890320777893 8.65620684623718 8.71984314918518 8.76581382751465 8.740394115448 8.66958403587341 8.61977458000183 8.5932981967926 8.58648872375488 8.62801265716553 8.60586953163147 8.57039332389832 8.54458355903625 8.52844071388245 8.50663113594055 8.49815511703491 8.47665596008301 8.46680188179016 8.49094700813293 8.44775867462158
8.62052011489868 8.60209894180298 8.58034443855286 8.60592317581177 8.63016843795776 8.62408089637756 8.63432645797729 8.64257168769836 8.61948347091675 8.6073956489563 8.5991382598877 8.52704453468323 8.49595069885254 8.54752373695374 8.5347638130188 8.48000335693359 8.44557595252991 8.43548250198364 8.45438885688782 8.42896199226379 8.3648681640625 8.36177468299866 8.43195629119873 8.44907999038696 8.48753714561462 8.50966048240662 8.53878402709961 8.52857446670532 8.4976978302002 8.4511547088623 8.52227807044983 8.61106824874878 8.67152547836304 8.72731590270996 8.71261143684387 8.69241285324097 8.65254688262939 8.60434818267822 8.56048250198364 8.56728315353394 8.5584180355072 8.52921891212463 8.53602004051208 8.5501549243927 8.567955493927 8.58042359352112 8.54646825790405 8.51642203330994 8.50970983505249 8.50133085250854
8.61181926727295 8.59652066230774 8.58588814735413 8.60125637054443 8.61295795440674 8.61565923690796 8.60369372367859 8.61272835731506 8.59643006324768 8.58046436309814 8.56166815757751 8.49937534332275 8.49874925613403 8.52678990364075 8.50616359710693 8.45620346069336 8.41857767105103 8.43328428268433 8.45165824890137 8.40836524963379 8.36007237434387 8.3417797088623 8.35943841934204 8.39638185501099 8.46632552146912 8.52060198783875 8.53554606437683 8.51448941230774 8.47309970855713 8.37970972061157 8.39498662948608 8.45659732818604 8.56420755386353 8.62548470497131 8.61349558830261 8.62224102020264 8.60031938552856 8.55939769744873 8.51414275169373 8.49622106552124 8.53063321113586 8.51737833023071 8.46579003334045 8.41086864471436 8.35361409187317 8.34802579879761 8.3779468536377 8.39871025085449 8.4148063659668 8.38856983184814
8.63378548622131 8.6369423866272 8.62376570701599 8.6072564125061 8.59341406822205 8.59223771095276 8.59306144714355 8.58555173873901 8.54937553405762 8.53886580467224 8.51886534690857 8.51037287712097 8.5062141418457 8.48638844490051 8.44322919845581 8.41240406036377 8.35524559020996 8.35308623313904 8.33726096153259 8.2747688293457 8.18927645683289 8.25778412818909 8.35358667373657 8.43968343734741 8.46311402320862 8.41287755966187 8.45830798149109 8.45040440559387 8.39283466339111 8.32559871673584 8.34802865982056 8.39745903015137 8.43055605888367 8.46098637580872 8.47471261024475 8.49673509597778 8.49642467498779 8.47811388969421 8.47946977615356 8.4644923210144 8.46118140220642 8.43687057495117 8.37355995178223 8.32658243179321 8.29627203941345 8.31829476356506 8.3720920085907 8.39133095741272 8.39223647117615 8.38347601890564
8.61308431625366 8.54736399650574 8.51131057739258 8.5475902557373 8.58753609657288 8.590815782547 8.57276201248169 8.55104184150696 8.50432133674622 8.46726751327515 8.48239493370056 8.47303676605225 8.4733452796936 8.45298743247986 8.41762924194336 8.38827109336853 8.35257959365845 8.25622129440308 8.28753018379211 8.2558388710022 8.2151472568512 8.25612258911133 8.31040191650391 8.34598517417908 8.32556891441345 8.26748585700989 8.28740262985229 8.27198624610901 8.29690361022949 8.3174877166748 8.33673763275146 8.36398768424988 8.38823795318604 8.39015507698059 8.40326333045959 8.43456339836121 8.4368634223938 8.42516326904297 8.40946340560913 8.37542986869812 8.37772989273071 8.38769698143005 8.31299662590027 8.23796367645264 8.24826335906982 8.32589650154114 8.35890364646912 8.3696186542511 8.39833307266235 8.43271470069885
8.56671690940857 8.50011873245239 8.45352149009705 8.49159002304077 8.55599164962769 8.57739448547363 8.55746269226074 8.52286505699158 8.46460008621216 8.34566950798035 8.32525825500488 8.37036752700806 8.40181016921997 8.42525267601013 8.3636953830719 8.3461377620697 8.32991409301758 8.32335638999939 8.34413242340088 8.33224153518677 8.28201770782471 8.24612712860107 8.20521688461304 8.14062070846558 8.17102384567261 8.06876087188721 8.06383156776428 8.1615686416626 8.26963877677917 8.32270884513855 8.32944631576538 8.33418345451355 8.32192015647888 8.33232378959656 8.34881448745728 8.36939167976379 8.38363575935364 8.36387991905212 8.30212354660034 8.22703433036804 8.27061176300049 8.32385563850403 8.28543329238892 8.23467755317688 8.23658800125122 8.29716539382935 8.37438225746155 8.38923954963684 8.36909651756287 8.38895344734192
8.53901648521423 8.54054117202759 8.5417320728302 8.52158999443054 8.53478121757507 8.55497241020203 8.52649712562561 8.50468873977661 8.44787955284119 8.28240418434143 8.16512131690979 8.22303152084351 8.35260891914368 8.36818480491638 8.3800950050354 8.36467146873474 8.32658171653748 8.33482503890991 8.32573509216309 8.26031184196472 8.18488836288452 8.17346525192261 8.14136528968811 8.13525581359863 8.1104793548584 8.00003635883331 8.00792682170868 8.14448380470276 8.28104066848755 8.3339307308197 8.34882140159607 8.31571173667908 8.28860211372375 8.26482582092285 8.19636487960815 8.18555307388306 8.20774102210999 8.24059581756592 8.234450340271 8.24497175216675 8.25282692909241 8.27134799957275 8.28753638267517 8.32172441482544 8.30991268157959 8.3237669467926 8.36152744293213 8.33886027336121 8.33385968208313 8.37119269371033
8.54164910316467 8.57296276092529 8.57560992240906 8.53359031677246 8.53323721885681 8.53121781349182 8.51753115653992 8.50251173973083 8.45849227905273 8.3808057308197 8.26131868362427 8.21702861785889 8.33707308769226 8.42911720275879 8.40282821655273 8.37420558929443 8.32991600036621 8.31929349899292 8.24033761024475 8.15004849433899 8.1210925579071 8.15580344200134 8.17018032073975 8.16622424125671 8.10293436050415 8.03464508056641 8.11635518074036 8.20639872550964 8.25610947608948 8.26248645782471 8.26653003692627 8.23724031448364 8.17495059967041 8.08732771873474 8.11224889755249 8.19804787635803 8.24851322174072 8.19297862052917 8.19044423103333 8.22990989685059 8.21804189682007 8.21684074401855 8.26163935661316 8.29110479354858 8.33790397644043 8.3593692779541 8.31567311286926 8.3218150138855 8.36462306976318 8.38376474380493
8.58926868438721 8.54729962348938 8.55666422843933 8.56136155128479 8.57839274406433 8.57675719261169 8.53778839111328 8.5114860534668 8.45918369293213 8.43888163566589 8.42671298980713 8.41267824172974 8.43664383888245 8.44660925865173 8.3792417049408 8.35287404060364 8.33217263221741 8.30047154426575 8.24210357666016 8.0710688829422 8.175701379776 8.21033334732056 8.1686897277832 8.15010380744934 8.12385153770447 8.10859870910645 8.14201354980469 8.117427110672 8.07884156703949 8.03792214393616 8.0506694316864 8.03675055503845 8.03283143043518 7.99624574184418 8.06185066699982 8.17231464385986 8.25377821922302 8.23690843582153 8.23237204551697 8.24583530426025 8.20196604728699 8.19742918014526 8.21022582054138 8.23235630989075 8.27015328407288 8.29628324508667 8.27793407440186 8.31177115440369 8.32860898971558 8.36644577980042
8.60120868682861 8.55755162239075 8.57489466667175 8.58723783493042 8.59191465377808 8.56792426109314 8.5399341583252 8.51761054992676 8.51928734779358 8.51863050460815 8.51597237586975 8.4903130531311 8.43532085418701 8.41199469566345 8.35933566093445 8.30434370040894 8.26668429374695 8.23202514648438 8.21869921684265 8.11670684814453 8.03171455860138 8.10138845443726 8.13189339637756 8.11689519882202 8.12523007392883 8.1362316608429 8.09023356437683 8.03556859493256 8.02957022190094 7.9649053812027 7.93890738487244 7.99924218654633 8.04891073703766 7.99457895755768 8.05983746051788 8.14735317230225 8.20320248603821 8.20538449287415 8.18123364448547 8.19574928283691 8.16459798812866 8.1344473361969 8.12229609489441 8.1474781036377 8.21632742881775 8.25550985336304 8.23131060600281 8.25706362724304 8.30114960670471 8.3385694026947
8.6178150177002 8.60013699531555 8.57945895195007 8.57178115844727 8.5434365272522 8.52509140968323 8.52541351318359 8.53273558616638 8.51772427558899 8.49237942695618 8.42823195457458 8.38294816017151 8.37366485595703 8.37738084793091 8.33043026924133 8.27481341362 8.20486259460449 8.15024590492249 8.12829542160034 7.95201134681702 8.01872777938843 8.0851104259491 8.0940967798233 8.02235269546509 7.93094182014465 7.90953123569489 7.60745406150818 7.70804297924042 7.89896595478058 7.88555538654327 7.84314477443695 7.91906714439392 7.92465662956238 7.91157925128937 7.99915778636932 8.02739226818085 8.04229331016541 8.07019412517548 8.10276174545288 8.11866283416748 8.1415638923645 8.13979840278625 8.13069939613342 8.12493395805359 8.15950179100037 8.17040276527405 8.18668746948242 8.26402258872986 8.30502414703369 8.32402610778809
8.60942196846008 8.58338975906372 8.55902338027954 8.51332402229309 8.42162489891052 8.40592551231384 8.48489332199097 8.49019360542297 8.45882821083069 8.43746185302734 8.43049120903015 8.38924956321716 8.36200761795044 8.37609958648682 8.36285805702209 8.31828284263611 8.2407078742981 8.16379952430725 8.10422444343567 7.88764929771423 7.83407425880432 7.95649921894073 8.0152999162674 7.85147726535797 7.72598719596863 7.66116440296173 7.50200760364532 7.70685148239136 7.84669506549835 7.86287188529968 7.8113819360733 7.75355887413025 7.79573571681976 7.88491308689117 7.84481120109558 7.84943044185638 7.92238402366638 8.0173374414444 8.06962358951569 8.11390995979309 8.08053028583527 8.09181618690491 8.13176965713501 8.18838953971863 8.19200897216797 8.18629550933838 8.202064037323 8.23198103904724 8.26256513595581 8.27048206329346
8.61902856826782 8.57330822944641 8.54058766365051 8.52820038795471 8.5028133392334 8.43675947189331 8.42470574378967 8.44031858444214 8.46393132209778 8.47221088409424 8.45275044441223 8.44721794128418 8.41368508338928 8.35815191268921 8.31428575515747 8.29775261878967 8.25155305862427 8.16101980209351 8.09815359115601 8.04195427894592 8.00842094421387 8.00022125244141 7.9648369550705 7.82960164546967 7.73969948291779 7.55013060569763 7.56889510154724 7.70999264717102 7.77042388916016 7.81285512447357 7.80561947822571 7.83405065536499 7.86114835739136 7.87857961654663 7.84279799461365 7.85180306434631 7.90414142608643 7.94214653968811 8.01881873607635 8.08382368087769 8.11082887649536 8.13416743278503 8.10750603675842 8.13684463500977 8.13751649856567 8.1875216960907 8.24677395820618 8.28727340698242 8.2694399356842 8.24160552024841
8.63763546943665 8.59289360046387 8.55981874465942 8.55074334144592 8.50433492660522 8.4595935344696 8.46551823616028 8.48677682876587 8.47936820983887 8.4576268196106 8.43801021575928 8.43185257911682 8.31969499588013 8.25353765487671 8.30471277236938 8.30555558204651 8.26406478881836 8.19790720939636 8.17341613769531 8.09525835514069 8.0307674407959 7.95694351196289 7.87104058265686 7.7973929643631 7.61641144752502 7.41843008995056 7.49578237533569 7.59613454341888 7.6178195476532 7.62717187404633 7.6275235414505 7.70654225349426 7.7798947095871 7.78324639797211 7.77678465843201 7.82550847530365 7.81256580352783 7.78195643424988 7.87568020820618 7.92173767089844 7.94312834739685 7.97951889038086 7.98057615756989 8.00263321399689 8.04135715961456 8.11541438102722 8.18515110015869 8.19823241233826 8.13798069953918 8.20106267929077
8.62924194335938 8.5921459197998 8.57438325881958 8.55195355415344 8.51785683631897 8.50276064872742 8.47999787330627 8.47023463249207 8.44647192955017 8.44204258918762 8.43426990509033 8.42082095146179 8.35903882980347 8.30158948898315 8.3004744052887 8.25569152832031 8.20990991592407 8.14012765884399 8.04434549808502 7.99489629268646 7.94378101825714 7.90999865531921 7.8935774564743 7.85151720046997 7.64945662021637 7.49639618396759 7.41466915607452 7.42760896682739 7.46921527385712 7.47582149505615 7.54442811012268 7.60303425788879 7.65797388553619 7.60957980155945 7.67910444736481 7.76988053321838 7.79899001121521 7.838099360466 7.86154222488403 7.83131837844849 7.87542748451233 7.98253703117371 7.99797904491425 8.02475547790527 8.05386471748352 8.09264063835144 8.14786076545715 8.15619158744812 8.12285542488098 8.18585181236267
8.62551498413086 8.57673096656799 8.53761339187622 8.52149605751038 8.50571179389954 8.48759460449219 8.47847700119019 8.44535946846008 8.41890859603882 8.41679120063782 8.41686272621155 8.4094557762146 8.37604880332947 8.34064173698425 8.2982349395752 8.25382804870605 8.22975492477417 8.13001465797424 8.0982745885849 8.02920126914978 7.91379427909851 7.8300541639328 7.8397810459137 7.69530808925629 7.52116882801056 7.32202935218811 7.28122329711914 7.39575004577637 7.41661095619202 7.42980444431305 7.47633194923401 7.55952608585358 7.57438659667969 7.61891341209412 7.71075809001923 7.69858598709106 7.6770806312561 7.70590889453888 7.76207029819489 7.78223192691803 7.83605992794037 7.91788804531097 7.89338278770447 7.84987783432007 7.89637243747711 7.99153399467468 8.09890460968018 8.09548342227936 8.05706310272217 8.0693085193634
8.6641218662262 8.61198258399963 8.57384467124939 8.54370594024658 8.53323411941528 8.51676154136658 8.51028943061829 8.46381759643555 8.44067907333374 8.42154049873352 8.4077889919281 8.37042379379272 8.34005880355835 8.33436107635498 8.27032947540283 8.19663119316101 8.20559978485107 8.15690183639526 8.10420334339142 8.0481721162796 7.9164742231369 7.858442902565 7.78098475933075 7.6160991191864 7.33021438121796 7.22099530696869 7.3017772436142 7.38522481918335 7.37967312335968 7.38445436954498 7.34356963634491 7.3836841583252 7.4414656162262 7.54291367530823 7.63874435424805 7.69395840167999 7.69617187976837 7.74138522148132 7.76526546478271 7.76081216335297 7.81102573871613 7.86623930931091 7.91745281219482 7.91299986839294 7.97354662418365 8.06742691993713 8.13661432266235 8.14377570152283 8.0952707529068 8.0507652759552
8.70572853088379 8.68690204620361 8.62807559967041 8.53791570663452 8.48942232131958 8.47859525680542 8.48376893997192 8.48527574539185 8.46444916725159 8.46862292289734 8.44071435928345 8.38139176368713 8.3390691280365 8.31407999992371 8.25009059906006 8.13910102844238 8.12477827072144 8.11478924751282 8.09546625614166 8.03514301776886 7.93015420436859 7.84983122348785 7.73318779468536 7.64922344684601 7.38859283924103 7.36596155166626 7.34099733829498 7.3073662519455 7.13106882572174 7.04977142810822 7.17147374153137 7.24484241008759 7.39354467391968 7.51791417598724 7.62106490135193 7.71333014965057 7.72959566116333 7.70819473266602 7.77646028995514 7.81272602081299 7.85732483863831 7.90359055995941 7.95752286911011 7.97112190723419 8.06172060966492 8.08965301513672 8.16299080848694 8.2070677280426 8.17481160163879 8.13688850402832
8.70600175857544 8.68515396118164 8.62963962554932 8.54845857620239 8.48961043357849 8.49342966079712 8.50358176231384 8.52173376083374 8.49088621139526 8.4217050075531 8.39130735397339 8.3873598575592 8.3154125213623 8.21313238143921 8.21685123443604 8.14957070350647 8.09962332248688 8.09300923347473 8.11472880840302 8.07711458206177 7.92716765403748 7.88188672065735 7.84005796909332 7.68534767627716 7.55863797664642 7.507927775383 7.39655101299286 7.16617441177368 7.00579786300659 7.02008783817291 7.12771093845367 7.27000105381012 7.32862436771393 7.28524744510651 7.49138474464417 7.64303576946259 7.69502007961273 7.72767090797424 7.80398869514465 7.84830629825592 7.90229082107544 7.96294188499451 7.99159288406372 8.04724371433258 8.09756147861481 8.12321257591248 8.12936758995056 8.18736004829407 8.20001935958862 8.20401167869568
8.64460825920105 8.6090726852417 8.57386994361877 8.538001537323 8.52146601676941 8.46592998504639 8.44906115531921 8.50519204139709 8.47198987007141 8.36845421791077 8.28490018844604 8.27566123008728 8.28308963775635 8.26485109329224 8.25427937507629 8.19104027748108 8.09746849536896 8.06156325340271 8.10065805912018 8.09808576107025 7.96684753894806 7.89494180679321 7.84859466552734 7.64647257328033 7.6130166053772 7.46856069564819 7.34410500526428 7.20498275756836 7.1001935005188 7.14007103443146 7.22394835948944 7.32182598114014 7.31837022304535 7.20858108997345 7.43570482730865 7.59040784835815 7.71211099624634 7.77381420135498 7.81551718711853 7.83622014522552 7.83025658130646 7.82562637329102 7.92566287517548 8.059366106987 8.11940264701843 8.14110541343689 8.11507749557495 8.15098547935486 8.17056035995483 8.20646858215332
