data/spatiotemp/temp1/bio2_norsw_test_2003_2006.asc
NCOLS 654 
NROWS 380 
XLLCORNER 3.91666666666667 
YLLCORNER 55.3333333333333 
CELLSIZE 0.0416666666666666 
NODATA_value -9999 
[rows 242 to 263 of 380, columns 150 to 199 of 654]
7.81894707679749 7.75076711177826 7.73792397975922 7.86208462715149 7.96124505996704 7.99640595912933 8.3028998374939 8.0520601272583 8.06588768959045 8.06938123703003 8.10687565803528 8.12870240211487 8.15486335754395 8.10969066619873 8.21810936927795 8.36645340919495 8.4931309223175 8.60280823707581 8.63848567008972 8.70349597930908 8.85850667953491 8.94218420982361 9.00219511985779 9.0562059879303 9.01788306236267 9.0478937625885 9.09122252464294 9.75486874580383 10.2465145587921 10.1911602020264 9.91280674934387 9.75911974906921 10.0367658138275 10.5284118652344 10.6763916015625 10.6953704357147 10.4976832866669 10.1703298091888 10.2090892791748 10.2599620819092 10.2288353443146 10.1130414009094 10.2795813083649 10.4617874622345 10.4683272838593 10.4398665428162 10.4954061508179 10.4639458656311 10.5128185749054 10.5450248718262
7.77736914157867 7.84298324584961 7.84642720222473 7.75603425502777 7.72797405719757 7.8185807466507 8.05018782615662 8.19612789154053 8.13940119743347 8.14467477798462 8.14294791221619 8.19888830184937 8.20682859420776 8.23710155487061 8.29493141174316 8.44064998626709 8.53503561019897 8.61175465583801 8.67447328567505 8.76952528953552 8.89457750320435 8.88262987136841 8.88634848594666 8.81740093231201 8.94778633117676 8.93950533866882 9.05295181274414 9.24445939064026 9.84130096435547 10.2061419487 9.96198296546936 10.022490978241 10.3773317337036 10.2371730804443 10.0966811180115 10.1985223293304 10.3480298519135 10.5368711948395 10.4686737060547 10.2744374275208 10.2478682994843 10.2829654216766 10.4157295227051 10.5044939517975 10.6379241943359 10.6466879844666 10.554785490036 10.4868829250336 10.2986466884613 10.4347438812256
7.91445767879486 7.92553305625916 7.91526389122009 7.90431678295135 7.85903632640839 7.8337562084198 7.83947563171387 7.88519525527954 8.04258131980896 8.22063422203064 8.31468749046326 8.28740692138672 8.07312667369843 8.10884594917297 8.295086145401 8.19451332092285 8.2412736415863 8.33436703681946 8.4747941493988 8.68455457687378 8.86798143386841 8.8424084186554 8.91016888618469 9.01859569549561 9.07468962669373 9.00944972038269 9.03068137168884 9.22238421440125 9.41642022132874 9.87412309646606 10.1608259677887 10.3351957798004 10.230565071106 10.1389343738556 10.0383038520813 10.0646734237671 10.3267095088959 10.4254124164581 10.4012579917908 10.2729132175446 9.97156810760498 10.0952227115631 10.3315446376801 10.4715330600739 10.6131880283356 10.6531763076782 10.6391644477844 10.5121531486511 10.4144742488861 10.4784626960754
8.15221285820007 8.11808252334595 8.01143372058868 7.87326622009277 7.82209873199463 7.70059764385223 7.67276358604431 7.70692932605743 7.78242838382721 7.90992772579193 8.13176012039185 8.39659237861633 8.4867582321167 8.3762571811676 8.33157444000244 8.28870987892151 8.35051155090332 8.51231360435486 8.54978156089783 8.76758360862732 8.82105183601379 8.75085353851318 8.94298887252808 8.95845723152161 8.87625908851624 9.01172780990601 9.17374420166016 9.25997519493103 9.30287289619446 9.51877045631409 9.87066864967346 10.2205665111542 10.3017976284027 10.1386957168579 10.1422603130341 10.2888247966766 10.4513895511627 10.379620552063 10.3401756286621 10.404721736908 10.3796012401581 10.2698140144348 10.1563596725464 10.18390583992 10.3644514083862 10.5463311672211 10.6515438556671 10.4847564697266 10.2626357078552 10.402848482132
8.01930093765259 8.09929871559143 8.06427013874054 8.04154884815216 7.95249402523041 7.95343971252441 7.90371811389923 7.82933008670807 7.83727526664734 7.86588740348816 7.95749914646149 8.1714448928833 8.42105674743652 8.5370020866394 8.51706290245056 8.59223937988281 8.72408270835876 8.88459277153015 8.97843599319458 8.74094581604004 8.72878909111023 8.77596569061279 8.90414237976074 8.85598564147949 9.00816226005554 9.19767189025879 9.41213989257812 9.58423328399658 9.67865967750549 9.80341863632202 9.98484492301941 10.1962714195251 10.3913643360138 10.440456867218 10.4168832302094 10.5029759407043 10.5414025783539 10.4788284301758 10.3504266738892 10.2061970233917 10.2243008613586 10.3774044513702 10.4178414344788 10.351945400238 10.4533824920654 10.5158195495605 10.4065897464752 10.4713599681854 10.3407969474792 10.3045673370361
8.13272285461426 8.14418148994446 8.03577351570129 7.95483160018921 7.83922290802002 7.84161460399628 7.89200615882874 7.891397356987 7.86878895759583 7.83684718608856 7.88723886013031 7.86729681491852 8.19402194023132 8.39274597167969 8.43955135345459 8.42043614387512 8.40698719024658 8.588538646698 8.81875705718994 8.823974609375 8.97852659225464 9.17341113090515 9.25729560852051 9.26318049430847 9.34739828109741 9.47694993019104 9.62686967849731 9.78615736961365 9.90744543075562 9.94873332977295 9.97802138328552 9.98964262008667 10.0949301719666 10.2815515995026 10.2625062465668 10.272794008255 10.490082025528 10.4327032566071 10.1953446865082 10.0443391799927 10.083000421524 10.1303286552429 10.2603232860565 10.3946511745453 10.4276461601257 10.3413074016571 10.3496358394623 10.2139632701874 10.2272915840149 10.4599530696869
8.35147833824158 8.30006456375122 8.00027668476105 7.92611408233643 7.85895204544067 7.80445623397827 7.84629392623901 7.88379836082458 7.90796899795532 7.95214009284973 7.9859778881073 8.05514895915985 8.32898688316345 8.29882431030273 8.2710394859314 8.1912989616394 8.2015585899353 8.26148509979248 8.41641116142273 8.70733714103699 8.85026335716248 9.21285581588745 9.49211597442627 9.51604199409485 9.59296798706055 9.65822768211365 9.75993251800537 9.89141535758972 9.9598982334137 9.95071482658386 9.90786385536194 9.87334728240967 9.92016339302063 10.0556464195251 10.2051291465759 10.2782785892487 10.4150950908661 10.3785781860352 10.2052626609802 9.98681473731995 10.1053671836853 10.0122530460358 9.95147180557251 10.1316909790039 10.3465764522552 10.3857953548431 10.3170149326324 10.3235669136047 10.1864528656006 10.3613383769989
8.23590064048767 8.40694761276245 8.01977980136871 7.93839704990387 7.98468041419983 7.91696488857269 7.88591551780701 7.87719905376434 7.87714946269989 7.87443351745605 8.07971715927124 8.10933470726013 8.12095141410828 8.35690212249756 8.49386167526245 8.4171621799469 8.30046319961548 8.18043065071106 8.26806545257568 8.49603271484375 8.66233396530151 8.86230182647705 9.15026926994324 9.41257047653198 9.63653779029846 9.71917247772217 9.743328332901 9.7213397026062 9.75401782989502 9.75069570541382 9.76870727539062 9.78938484191895 9.84839606285095 9.85707426071167 9.82975196838379 9.87943005561829 10.0744411945343 10.2041192054749 10.1925134658813 10.1926233768463 10.2310664653778 10.1855101585388 10.0689537525177 9.9780638217926 10.1015069484711 10.1856169700623 10.3020603656769 10.3455040454865 10.2949471473694 10.3843903541565
8.05542123317719 8.22073745727539 8.19842195510864 7.98047316074371 7.93819105625153 7.86757552623749 7.79929339885712 7.79467821121216 7.78239607810974 7.81378078460693 8.01516568660736 7.97221672534943 7.89160132408142 7.90498578548431 8.06465125083923 8.34159827232361 8.41721105575562 8.34049105644226 8.26143717765808 8.16138362884521 8.35733008384705 8.36094355583191 8.64655661582947 9.07316970825195 9.35578274726868 9.50306272506714 9.59241342544556 9.55216813087463 9.44858932495117 9.42634391784668 9.54743218421936 9.56685328483582 9.58427500724792 9.49936294555664 9.58978486061096 9.60020565986633 9.62462711334229 9.91338157653809 10.056978225708 10.2247488498688 10.3448529243469 10.3189573287964 10.0993950366974 10.092499256134 10.0606036186218 10.0950412750244 10.236145734787 10.1872498989105 10.1703538894653 10.2907915115356
8.19003963470459 7.97743451595306 7.98286867141724 8.16267538070679 8.01448237895966 7.88628900051117 7.8167622089386 7.83023548126221 7.72904253005981 7.83551585674286 7.95898914337158 7.95712912082672 7.93593597412109 7.97740912437439 8.11007714271545 8.19193959236145 8.18113565444946 8.2509982585907 8.34986066818237 8.33105683326721 8.25791907310486 8.28444838523865 8.42031049728394 8.67184019088745 8.99003601074219 9.20256543159485 9.39418649673462 9.52856659889221 9.35727953910828 9.36932611465454 9.34070587158203 9.38441920280457 9.37413263320923 9.37684631347656 9.43922543525696 9.50793886184692 9.48731875419617 9.73003220558167 9.89698958396912 10.1248581409454 10.2657265663147 10.3242609500885 10.2814629077911 10.1989982128143 10.2305331230164 10.3274013996124 10.404269695282 10.3154716491699 10.249340057373 10.2912077903748
8.28365874290466 8.02413141727448 7.8679826259613 8.05121123790741 8.07643985748291 7.79633522033691 7.79756438732147 7.81245994567871 7.8100221157074 7.81791734695435 7.81147933006287 7.88504147529602 8.00593721866608 8.10783243179321 8.09250259399414 8.0212813615799 8.04372656345367 8.13850522041321 8.27128410339355 8.30239605903625 8.32384133338928 8.37595343589783 8.4407320022583 8.38684368133545 8.59595561027527 8.9624011516571 9.19129276275635 9.36863160133362 9.25497007369995 9.30764174461365 9.28031349182129 9.25498509407043 9.24232363700867 9.28599548339844 9.29100036621094 9.37100577354431 9.48234438896179 9.45001602172852 9.71200108528137 9.94296717643738 10.0829329490662 10.1685650348663 10.0861976146698 10.0448303222656 10.2681293487549 10.3820950984955 10.2227275371552 10.0686931610107 10.1183254718781 10.2846248149872
8.16227746009827 8.194495677948 8.09909629821777 8.04274713993073 7.93773126602173 7.75671553611755 7.75869941711426 7.76568388938904 7.69033467769623 7.72365248203278 7.73263621330261 7.78295409679413 7.89827167987823 7.97758913040161 7.93626177310944 7.8696231842041 7.85198450088501 7.80901277065277 7.81237387657166 7.76006877422333 7.83343029022217 7.98445808887482 8.25515294075012 8.56151437759399 8.57020902633667 8.79823708534241 9.06873273849487 8.98869657516479 8.91199326515198 9.11362385749817 9.26158761978149 9.31321811676025 9.23984813690186 9.21981191635132 9.15777540206909 9.23673939704895 9.35770273208618 9.46533298492432 9.59801268577576 9.6770761013031 9.84947276115417 10.0462028980255 10.1832659244537 10.2543292045593 10.3223919868469 10.263121843338 10.0898518562317 9.99091529846191 9.88597798347473 9.88370800018311
8.06056320667267 7.89752602577209 7.99054348468781 8.01094973087311 7.69168937206268 7.77709555625916 7.76650190353394 7.69624125957489 7.67131423950195 7.70572078227997 7.70446014404297 7.76286613941193 7.79593932628632 7.82867896556854 7.82402062416077 7.84663128852844 7.82657563686371 7.72918653488159 7.78413069248199 7.83574151992798 7.93868565559387 7.9729630947113 8.11557412147522 8.30851817131042 8.6731288433075 8.76007294654846 8.69117307662964 8.64142823219299 8.77701735496521 8.98427295684814 9.12786149978638 9.29311680793762 9.29703903198242 9.23896145820618 9.22321701049805 9.32247257232666 9.21372771263123 9.3626503944397 9.53969120979309 9.60918498039246 9.59801244735718 9.79050660133362 10.0090007781982 10.1694946289062 10.2469880580902 10.2031490802765 10.0479762554169 10.0201365947723 9.97629714012146 9.89045763015747
8.31084871292114 8.12588930130005 8.09565734863281 7.9718189239502 7.88931393623352 7.87114226818085 7.7183039188385 7.72613215446472 7.78396058082581 7.66945540904999 7.64195024967194 7.727778673172 7.72627341747284 7.77743518352509 7.72244620323181 7.66830658912659 7.70949995517731 7.8076936006546 7.84055411815643 7.95008087158203 8.04194128513336 8.13780164718628 8.21366143226624 8.46152186393738 8.78671503067017 8.80690860748291 8.6642792224884 8.6784930229187 8.93704104423523 9.10558795928955 9.02113556861877 9.14901638031006 9.18222999572754 9.2314441204071 9.4306583404541 9.44353866577148 9.34175300598145 9.35630059242249 9.33803606033325 9.37062764167786 9.51388573646545 9.69947695732117 9.85340189933777 9.99832677841187 10.1349174976349 10.1598422527313 10.125433921814 10.0460255146027 9.96595001220703 9.88154101371765
8.13680076599121 8.04925334453583 7.89643788337708 7.68568813800812 7.62793850898743 7.85285556316376 7.76777243614197 7.80368959903717 7.72927331924438 7.64885711669922 7.58410751819611 7.64035761356354 7.64027464389801 7.63319182395935 7.62487208843231 7.6053147315979 7.65875792503357 7.62753415107727 7.73797714710236 7.91475355625153 8.23852944374084 8.32697296142578 8.22508239746094 8.50319194793701 8.71463537216187 8.70574498176575 8.58405256271362 8.78055858612061 8.92806458473206 9.16690325737 9.12840938568115 9.10924863815308 9.09442138671875 9.12926030158997 9.37343311309814 9.41393876075745 9.20011162757874 9.25428414344788 9.32771492004395 9.2984037399292 9.33075881004333 9.34144735336304 9.64413642883301 9.87649178504944 10.0271804332733 10.0075361728668 9.83189153671265 9.75691342353821 9.85860252380371 9.77962422370911
8.05808627605438 8.05228316783905 7.9112184047699 7.85989081859589 7.76322984695435 7.83456885814667 7.73190808296204 7.88191401958466 7.975252866745 7.83092546463013 7.71726453304291 7.58727014064789 7.5149427652359 7.57828164100647 7.65963077545166 7.72432351112366 7.81868243217468 7.8103746175766 7.83306729793549 7.9827595949173 8.31678509712219 8.52247786521912 8.34083700180054 8.29752922058105 8.64822149276733 8.76824760437012 8.70115923881531 8.65062379837036 8.68975472450256 8.9152193069458 9.14334988594055 9.29648113250732 9.22561240196228 9.22341012954712 9.36020803451538 9.38800549507141 9.20780301094055 9.2582676410675 9.30172634124756 9.23951244354248 9.28896546363831 9.37075161933899 9.57953763008118 9.75632381439209 9.89644360542297 9.96756291389465 9.89501595497131 9.83080172538757 9.76492142677307 9.68737435340881
8.19837212562561 8.05664718151093 7.97233211994171 7.92409312725067 7.92685461044312 7.78528213500977 7.77337682247162 8.00680470466614 8.14956593513489 8.08432686328888 7.78575479984283 7.5881826877594 7.5062769651413 7.54537153244019 7.54538989067078 7.66633152961731 7.72660684585571 7.69288194179535 7.76649057865143 7.90176594257355 8.24404096603394 8.47431612014771 8.27625751495361 8.22353291511536 8.72080826759338 8.89408326148987 8.82359910011292 8.73435544967651 8.73711156845093 8.6922013759613 8.92195773124695 9.09571409225464 9.19647002220154 9.20855951309204 9.19198274612427 9.1590723991394 9.22482848167419 9.22558498382568 9.19007134437561 9.20695519447327 9.19517183303833 9.30072212219238 9.37893915176392 9.54515600204468 9.77103924751282 9.74525666236877 9.60714030265808 9.56169056892395 9.57057404518127 9.57745766639709
8.22932457923889 8.02367746829987 7.99377918243408 7.89996254444122 7.96014547348022 7.73066234588623 7.76984548568726 7.90036189556122 7.94087839126587 8.06306195259094 7.92291176319122 7.6650949716568 7.57361173629761 7.65246164798737 7.65448212623596 7.60767328739166 7.64886474609375 7.76072251796722 7.81758058071136 8.09977173805237 8.36829614639282 8.3068208694458 8.32901215553284 8.50453686714172 8.74639463424683 8.97358584403992 8.98937249183655 8.95275402069092 8.89846873283386 8.88318347930908 8.77823138237 8.68461346626282 8.83899450302124 9.01570916175842 9.02909064292908 8.96113896369934 8.95818734169006 8.97323513031006 8.98608326911926 9.01873087882996 9.05837845802307 9.24835920333862 9.36067390441895 9.46132111549377 9.60363578796387 9.45995044708252 9.32759785652161 9.38691234588623 9.41289305686951 9.54387450218201
8.2639434337616 8.03937482833862 8.03555965423584 7.89183163642883 7.9031035900116 7.68170893192291 7.78164744377136 7.82125270366669 7.82719135284424 7.92846345901489 7.9630686044693 7.76867401599884 7.60761296749115 7.66421818733215 7.74924111366272 7.72434830665588 7.78212225437164 7.73189628124237 7.70367050170898 7.90377759933472 8.11455154418945 8.39899277687073 8.44610023498535 8.64620733261108 8.95331454277039 9.04742193222046 9.02747893333435 9.01881885528564 8.91449236869812 8.899165391922 8.8215057849884 8.81117916107178 8.77851891517639 8.73985910415649 8.95653223991394 9.09120559692383 9.0205454826355 9.00155234336853 9.00376176834106 8.94417333602905 8.93625116348267 8.96899652481079 9.02374196052551 9.35215353965759 9.4845654964447 9.43431067466736 9.24405550956726 9.25246715545654 9.33154559135437 9.54929065704346
8.25989532470703 7.97373831272125 7.91134011745453 7.77903401851654 7.76606154441833 7.7607558965683 7.74078297615051 7.7208104133606 7.65283751487732 7.61719810962677 7.65389227867126 7.67991983890533 7.52561366558075 7.55430781841278 7.68700003623962 7.75802302360535 7.91804659366608 7.97807037830353 8.10276055335999 8.26411724090576 8.37214064598083 8.63649749755859 8.66852068901062 8.76054430007935 9.01656746864319 8.98592448234558 8.87458562850952 8.98221778869629 8.89684915542603 8.77948117256165 8.83144617080688 8.99641156196594 8.95804333686829 8.85567498207092 8.86430716514587 9.08427214622498 9.11857080459595 9.08053588867188 9.11677312850952 9.09861588478088 9.06079149246216 9.03630089759827 8.98680973052979 9.24465203285217 9.42416143417358 9.41167044639587 9.43984651565552 9.43302226066589 9.43219828605652 9.44070768356323
8.27015161514282 8.14360523223877 8.08891022205353 7.98906588554382 7.93455481529236 7.72337710857391 7.54919922351837 7.39968848228455 7.41584384441376 7.41466617584229 7.4024885892868 7.53497755527496 7.64546656608582 7.59428882598877 7.53644919395447 7.60861396789551 7.71611189842224 7.88527643680573 8.11410784721375 8.49960589408875 8.74443745613098 8.88326930999756 8.94743371009827 8.96226525306702 9.00976347923279 8.85992789268494 8.78043031692505 8.92727065086365 8.97077751159668 8.89161801338196 8.85012435913086 9.00996470451355 9.07113838195801 9.08331179618835 9.07948565483093 9.1279923915863 9.06516575813293 9.0220057964325 9.13209557533264 9.15943360328674 9.09710550308228 8.98144340515137 9.03644847869873 9.12678670883179 9.30845832824707 9.33013033866882 9.41613531112671 9.29547381401062 9.15814542770386 9.24281692504883
8.28437900543213 8.28830909729004 8.28726959228516 8.11392617225647 7.79391646385193 7.47123968601227 7.4195636510849 7.36788713932037 7.36154365539551 7.37086689472198 7.37252378463745 7.47618079185486 7.63817059993744 7.60116076469421 7.51225507259369 7.62845277786255 7.76298439502716 7.95951545238495 8.11371302604675 8.45357775688171 8.72944235801697 8.90697360038757 8.98917198181152 9.00070285797119 8.99923419952393 8.93243217468262 8.92201352119446 8.96797871589661 9.02294373512268 9.02124190330505 8.97787380218506 9.01817154884338 9.06080389022827 9.02676868438721 8.98606705665588 9.01703214645386 8.93033027648926 8.81096220016479 8.79272747039795 8.93662667274475 8.95185971260071 8.96209192276001 8.92899107933044 8.98422408103943 9.12778997421265 9.20568895339966 9.21025514602661 9.16082119941711 9.10605382919312 9.10861968994141
