data/spatiotemp/temp1/bio2_norsw_test_2003_2006.asc
NCOLS 654 
NROWS 380 
XLLCORNER 3.91666666666667 
YLLCORNER 55.3333333333333 
CELLSIZE 0.0416666666666666 
NODATA_value -9999 
[rows 110 to 131 of 380, columns 550 to 599 of 654]
8.76362133026123 8.80932831764221 8.82770204544067 8.82007527351379 8.83678221702576 8.8741557598114 8.89852929115295 8.88156938552856 8.88994336128235 8.8866503238678 8.87337422370911 8.87211585044861 8.67219066619873 8.51593232154846 8.572674036026 8.66674900054932 8.70882391929626 8.60523271560669 8.60597348213196 8.67538213729858 8.78045725822449 8.81553173065186 8.81951570510864 8.8187415599823 8.84996771812439 8.85619378089905 8.88908648490906 8.94997906684875 9.02453804016113 9.1310977935791 9.0926570892334 8.97554922103882 8.87410879135132 8.87133526802063 8.92785310745239 8.94066381454468 8.93747448921204 8.91328549385071 8.88476300239563 8.94090676307678 8.98105096817017 8.99219489097595 9.02333950996399 9.0344831943512 9.06362771987915 9.12077188491821 9.22415256500244 9.27277064323425 9.26238870620728 9.29267334938049
8.72818160057068 8.76695466041565 8.77972888946533 8.77250194549561 8.80594158172607 8.84404850006104 8.87115502357483 8.8522617816925 8.86270213127136 8.86047530174255 8.86558055877686 8.82901668548584 8.73945307731628 8.70255565643311 8.75799179077148 8.76476192474365 8.78819799423218 8.79396748542786 8.71340346336365 8.72383952140808 8.73360896110535 8.76704573631287 8.79139351844788 8.75165343284607 8.84591341018677 8.9001727104187 8.89476609230042 8.88235902786255 8.93895220756531 8.95787835121155 8.94113850593567 8.86139798164368 8.89999127388 8.90258383750916 8.93171167373657 8.91870713233948 8.89836955070496 8.85936498641968 8.87269401550293 8.92868971824646 8.98368453979492 8.99101424217224 9.0046763420105 9.04400539398193 9.06866765022278 9.18099641799927 9.27665209770203 9.31263399124146 9.33994960784912 9.41759872436523
8.67574143409729 8.74424767494202 8.78742122650146 8.78192782402039 8.76076793670654 8.77794122695923 8.8267810344696 8.83162093162537 8.8377947807312 8.88230109214783 8.89378643035889 8.88658380508423 8.8633816242218 8.85851240158081 8.88197660446167 8.86210775375366 8.8272385597229 8.82136964797974 8.82850027084351 8.77129793167114 8.73876214027405 8.8098931312561 8.78793859481812 8.82956528663635 8.89352536201477 8.95515203475952 8.90577912330627 8.87540555000305 8.91036629676819 8.93799257278442 8.95495271682739 8.90457987785339 8.88753938674927 8.91216683387756 8.92523717880249 8.9044177532196 8.87726449966431 8.88744497299194 8.88629150390625 8.92413926124573 8.96131944656372 8.95216631889343 8.857013463974 8.87219381332397 8.94337368011475 9.09955430030823 9.20848441123962 9.2794976234436 9.34917712211609 9.45485734939575
8.58363437652588 8.68187427520752 8.75744771957397 8.7553539276123 8.72392702102661 8.7218337059021 8.7447407245636 8.84364676475525 8.90355348587036 8.93345999717712 8.95865917205811 8.94248461723328 8.85931015014648 8.83313584327698 8.82896113395691 8.81512045860291 8.79594564437866 8.74177098274231 8.71059679985046 8.73108911514282 8.76558136940002 8.84007334709167 8.81748294830322 8.70814371109009 8.77513742446899 8.83113145828247 8.88545870780945 8.87378597259521 8.91577982902527 8.92043995857239 8.92176747322083 8.88242816925049 8.85875535011292 8.89574933052063 8.94809603691101 8.94212770462036 8.98782587051392 9.01652431488037 9.00455617904663 8.94492149353027 8.96095299720764 8.96565175056458 8.95601725578308 8.95571541786194 8.99074745178223 9.06411242485046 9.16164994239807 9.21002769470215 9.31307172775269 9.40011548995972
8.536860704422 8.56716728210449 8.69414067268372 8.69111347198486 8.61841988563538 8.6133930683136 8.7113664150238 8.76633954048157 8.86097931861877 8.90361881256104 8.91753220558167 8.8663854598999 8.79390597343445 8.79409241676331 8.81194591522217 8.75979924201965 8.75798606872559 8.71550703048706 8.65235996246338 8.65054726600647 8.65606689453125 8.79358720779419 8.82736086845398 8.77538871765137 8.72174954414368 8.71411085128784 8.73847222328186 8.76816606521606 8.79919362068176 8.80555462837219 8.80958247184753 8.80160999298096 8.81230473518372 8.87699866294861 8.93962097167969 8.96950435638428 8.98205375671387 8.96827077865601 8.94348740577698 8.95603728294373 8.96658706665039 8.98580384254456 8.97602081298828 8.95290398597717 8.97245383262634 9.06100392341614 9.15181660652161 9.19955778121948 9.29496622085571 9.3713743686676
8.576420545578 8.57279372215271 8.61616683006287 8.6692066192627 8.68057942390442 8.72128534317017 8.77199196815491 8.82669830322266 8.75640463829041 8.703777551651 8.69273805618286 8.72028684616089 8.78850102424622 8.76371574401855 8.72626399993896 8.79281234741211 8.82802700996399 8.80290865898132 8.70545673370361 8.66367149353027 8.62421941757202 8.66910123825073 8.76090550422668 8.75496697425842 8.71969532966614 8.69842314720154 8.73481822013855 8.7952127456665 8.79894089698792 8.76133561134338 8.70573019981384 8.68112516403198 8.71485352516174 8.83291435241699 8.90914630889893 8.92954754829407 8.93494939804077 8.94168376922607 8.93441891670227 8.91182017326355 8.91955494880676 8.9346227645874 9.00169062614441 9.05275917053223 9.08649373054504 9.12156176567078 9.17598223686218 9.18008804321289 9.16386008262634 9.21163272857666
8.6373143196106 8.65875315666199 8.66385960578918 8.64429903030396 8.62807178497314 8.65717840194702 8.75128436088562 8.82572388648987 8.73983025550842 8.72860312461853 8.76227784156799 8.77718734741211 8.76709651947021 8.79300594329834 8.81458187103271 8.83249115943909 8.81206727027893 8.75397706031799 8.74755334854126 8.7357964515686 8.67770552635193 8.67094802856445 8.75511693954468 8.77721214294434 8.84864068031311 8.83840274810791 8.80849814414978 8.78659272193909 8.77968788146973 8.74111652374268 8.71887850761414 8.70530700683594 8.75706887245178 8.83216404914856 8.93433833122253 8.96825790405273 8.95217728614807 8.94409704208374 8.92234969139099 8.91426944732666 8.912189245224 8.88877487182617 8.90102815628052 8.95561456680298 9.02353382110596 9.07878661155701 9.09981465339661 9.08295106887817 9.04175472259521 9.00889134407043
8.59420728683472 8.63637971878052 8.70988583564758 8.6613917350769 8.63023161888123 8.66540431976318 8.73291039466858 8.80208349227905 8.84192252159119 8.81642866134644 8.81548357009888 8.80942106246948 8.8163583278656 8.77062940597534 8.67256665229797 8.63617086410522 8.68277525901794 8.6860454082489 8.67331624031067 8.72258734703064 8.75385761260986 8.72046208381653 8.80499482154846 8.85645747184753 8.87458658218384 8.84538149833679 8.79084420204163 8.75963950157166 8.71610164642334 8.66123080253601 8.68902659416199 8.72082233428955 8.77928423881531 8.83007979393005 8.91819643974304 8.96330142021179 8.94907236099243 8.93884348869324 8.92161440849304 8.88771891593933 8.82682275772095 8.81026029586792 8.81803154945374 8.88280272483826 8.9582405090332 9.01767826080322 9.03031396865845 9.06081485748291 9.07864880561829 8.98414969444275
8.57310700416565 8.59156489372253 8.67868900299072 8.73447966575623 8.75493693351746 8.76006054878235 8.72718501091003 8.74330925941467 8.79343318939209 8.78955698013306 8.76625919342041 8.78687262535095 8.83915281295776 8.84309887886047 8.79771208763123 8.72699189186096 8.72093868255615 8.73355174064636 8.69483160972595 8.74911141395569 8.75772476196289 8.7770049571991 8.79350519180298 8.79355955123901 8.81061339378357 8.79666757583618 8.77472186088562 8.75210952758789 8.72083020210266 8.65988445281982 8.64427161216736 8.64632606506348 8.67738032341003 8.77010107040405 8.84617280960083 8.89992833137512 8.88335037231445 8.79743981361389 8.67586183547974 8.71395063400269 8.72703981399536 8.68612909317017 8.7672176361084 8.86397337913513 8.88639569282532 8.92548418045044 8.95240139961243 8.95981311798096 8.92422437667847 8.90530276298523
8.42968153953552 8.43997478485107 8.54193472862244 8.66222834587097 8.70585489273071 8.73581504821777 8.75710821151733 8.77806854248047 8.81136226654053 8.77132201194763 8.69527053833008 8.71154093742371 8.75114440917969 8.81308150291443 8.83168506622314 8.75895524024963 8.71455860137939 8.74349594116211 8.72643232345581 8.73136973381042 8.72697329521179 8.75190997123718 8.80631446838379 8.82851839065552 8.82405591011047 8.81959366798401 8.82113099098206 8.81000185012817 8.80520606040955 8.75541043281555 8.79428124427795 8.7784857749939 8.8173565864563 8.79889416694641 8.78126621246338 8.723473072052 8.6923463344574 8.66455316543579 8.7030930519104 8.80763292312622 8.87250590324402 8.86837911605835 8.80491900444031 8.69579267501831 8.59066557884216 8.5508725643158 8.55307674407959 8.59861254692078 8.68648147583008 8.79668378829956
8.64158868789673 8.61471796035767 8.58318042755127 8.5486433506012 8.50277304649353 8.53790259361267 8.59769868850708 8.67749452590942 8.76695704460144 8.76775360107422 8.76694846153259 8.75187587738037 8.73547005653381 8.76439690589905 8.76399087905884 8.69558501243591 8.71051216125488 8.7537727355957 8.73803353309631 8.71262741088867 8.72388815879822 8.71548223495483 8.72945618629456 8.74914383888245 8.78849840164185 8.7761857509613 8.75754046440125 8.79589462280273 8.82658195495605 8.80393671989441 8.78795742988586 8.80764555931091 8.84566617012024 8.7853536605835 8.73469352722168 8.6663510799408 8.73100852966309 8.81899952888489 8.84365725517273 8.84264779090881 8.80030560493469 8.71296358108521 8.6172878742218 8.51961207389832 8.45226907730103 8.46226024627686 8.48208594322205 8.54607844352722 8.75340461730957 8.85473108291626
8.76582908630371 8.71546125411987 8.63442659378052 8.55639219284058 8.50669121742249 8.48798966407776 8.54928827285767 8.64658713340759 8.66055274009705 8.62718486785889 8.69695997238159 8.72854423522949 8.73512840270996 8.75771331787109 8.73163080215454 8.72954797744751 8.77179932594299 8.8000500202179 8.78796720504761 8.76888513565063 8.74480271339417 8.71238732337952 8.68093132972717 8.68876910209656 8.69360709190369 8.69877815246582 8.77128267288208 8.82745409011841 8.83462476730347 8.75979590415955 8.68029999732971 8.69980454444885 8.75530934333801 8.76581358909607 8.71712017059326 8.72089552879333 8.73367094993591 8.77144575119019 8.79155445098877 8.69666361808777 8.63177180290222 8.59454751014709 8.56732249259949 8.51976442337036 8.53320622444153 8.6159815788269 8.70342779159546 8.76254439353943 8.87666130065918 8.91577863693237
8.7387363910675 8.68253755569458 8.60767292976379 8.58747386932373 8.60094237327576 8.61341047286987 8.62054538726807 8.59001326560974 8.47114825248718 8.37494993209839 8.45630478858948 8.60421204566956 8.69612050056458 8.7043616771698 8.72526979446411 8.80017781257629 8.82741904258728 8.81232714653015 8.78356862068176 8.77747678756714 8.80438470840454 8.79162573814392 8.75940704345703 8.75239491462708 8.7470498085022 8.74070382118225 8.80769181251526 8.84967970848083 8.84600067138672 8.72098875045776 8.57330989837646 8.54163098335266 8.6079523563385 8.64093995094299 8.58721327781677 8.52010679244995 8.50499963760376 8.5628924369812 8.62478518486023 8.63401198387146 8.57657122612 8.53946471214294 8.52902412414551 8.54291701316833 8.60714316368103 8.71236968040466 8.83443641662598 8.87734436988831 8.86291837692261 8.84249305725098
8.75797700881958 8.72361445426941 8.66658544540405 8.6545557975769 8.70986032485962 8.71549773216248 8.66813516616821 8.5477728843689 8.31707715988159 8.23138093948364 8.36698269844055 8.57321429252625 8.67077922821045 8.7016773223877 8.71590948104858 8.73980760574341 8.74703907966614 8.77760457992554 8.79083585739136 8.77706789970398 8.80329966545105 8.74386429786682 8.76121592521667 8.72235369682312 8.69915843009949 8.75062966346741 8.80743432044983 8.82290577888489 8.80571007728577 8.7285144329071 8.6069860458374 8.61412358283997 8.60892844200134 8.55873322486877 8.55597424507141 8.53865170478821 8.55732870101929 8.5923388004303 8.64901614189148 8.68236041069031 8.66703748703003 8.68138146400452 8.69272565841675 8.66673636436462 8.67174696922302 8.71809077262878 8.75977849960327 8.74014377593994 8.73684215545654 8.72320699691772
8.71221780776978 8.68502426147461 8.69983100891113 8.73797178268433 8.74544501304626 8.70891904830933 8.67805910110474 8.52219891548157 8.3713390827179 8.35747909545898 8.48532724380493 8.62788248062134 8.70110487937927 8.73666024208069 8.73288202285767 8.71310424804688 8.70599269866943 8.73588180541992 8.7357702255249 8.72265863418579 8.74788093566895 8.75676941871643 8.7543580532074 8.7156457901001 8.74860072135925 8.76855540275574 8.71117639541626 8.68513154983521 8.69808626174927 8.68904066085815 8.62766218185425 8.57261657714844 8.57557153701782 8.62652611732483 8.69340085983276 8.73486304283142 8.74999094009399 8.72278571128845 8.73458075523376 8.77304244041443 8.72083735466003 8.72696590423584 8.72809386253357 8.72988891601562 8.68768382072449 8.6718122959137 8.70045399665833 8.67427682876587 8.63876557350159 8.64658832550049
8.67845749855042 8.6577672958374 8.65907716751099 8.65772032737732 8.68902969360352 8.70933938026428 8.71264910697937 8.63662552833557 8.60793471336365 8.6189112663269 8.66033887863159 8.72555136680603 8.77276349067688 8.79630947113037 8.7958550453186 8.75306749343872 8.707279920578 8.69549226760864 8.65837144851685 8.65758323669434 8.66779613494873 8.65500855445862 8.63250041007996 8.68693828582764 8.73770952224731 8.72314834594727 8.68625259399414 8.67735743522644 8.71546196937561 8.69456696510315 8.62900519371033 8.60810995101929 8.65754795074463 8.69098615646362 8.72716093063354 8.7450737953186 8.76165342330933 8.78889918327332 8.83381175994873 8.86005759239197 8.82763695716858 8.77454972267151 8.74746203422546 8.74370813369751 8.69295430183411 8.68319988250732 8.71279621124268 8.68207573890686 8.65335583686829 8.65330243110657
8.66803216934204 8.63751101493835 8.60932302474976 8.59480237960815 8.68094730377197 8.7490930557251 8.77857208251953 8.77438497543335 8.77953028678894 8.82567572593689 8.83701682090759 8.82755303382874 8.83775544166565 8.85695838928223 8.82782769203186 8.78703045845032 8.6818995475769 8.67676949501038 8.68897199630737 8.60017466545105 8.58871078491211 8.58624720573425 8.56497573852539 8.625563621521 8.7218189239502 8.78340697288513 8.77799510955811 8.77358341217041 8.78783798217773 8.75575947761536 8.71134781837463 8.75226902961731 8.80252408981323 8.77744579315186 8.71525478363037 8.69828510284424 8.7129819393158 8.75134587287903 8.78437638282776 8.79307293891907 8.74876999855042 8.66480016708374 8.73149728775024 8.72919416427612 8.69255781173706 8.70258831977844 8.71847176551819 8.7338752746582 8.72394585609436 8.69301676750183
8.62693929672241 8.59592056274414 8.64156913757324 8.68921732902527 8.71153259277344 8.75651431083679 8.79349565505981 8.79581046104431 8.80879235267639 8.84577393531799 8.84736156463623 8.82622098922729 8.82474756240845 8.82360744476318 8.80280041694641 8.77599358558655 8.68485331535339 8.62204623222351 8.61257290840149 8.64443302154541 8.66829252243042 8.51381897926331 8.45678472518921 8.52818965911865 8.60426092147827 8.68799924850464 8.72073745727539 8.74247598648071 8.75588059425354 8.71928572654724 8.69369053840637 8.75876212120056 8.83683371543884 8.84057235717773 8.77934861183167 8.70749592781067 8.6123104095459 8.6707923412323 8.64527368545532 8.60742115974426 8.63256931304932 8.61938405036926 8.65786504745483 8.70401334762573 8.68649411201477 8.70130920410156 8.66448044776917 8.64567494392395 8.64553618431091 8.64673089981079
8.64584636688232 8.63733077049255 8.65748190879822 8.69129920005798 8.73778367042542 8.77093482017517 8.79208540916443 8.79290342330933 8.79472136497498 8.8028724193573 8.793372631073 8.77788972854614 8.77340626716614 8.78858995437622 8.77543997764587 8.7186233997345 8.57280683517456 8.53165698051453 8.53584027290344 8.51435732841492 8.5378737449646 8.45405745506287 8.42825961112976 8.46881508827209 8.54503655433655 8.57759141921997 8.58714699745178 8.53803515434265 8.59959006309509 8.65514492988586 8.71370005607605 8.73992156982422 8.7434766292572 8.74503183364868 8.70977520942688 8.66204118728638 8.678307056427 8.63057208061218 8.47050452232361 8.36677002906799 8.48603582382202 8.62363433837891 8.69556713104248 8.69083261489868 8.63976502418518 8.66036415100098 8.60648918151855 8.58380818367004 8.6314594745636 8.63744473457336
8.65308690071106 8.70140719413757 8.72072744369507 8.71704792976379 8.7307014465332 8.73035550117493 8.72934222221375 8.76099610328674 8.76531672477722 8.73863697052002 8.73371744155884 8.72989153862 8.73739862442017 8.74190545082092 8.71441292762756 8.62292003631592 8.49876046180725 8.41526746749878 8.40577459335327 8.36028146743774 8.47145557403564 8.52329611778259 8.56440210342407 8.59944033622742 8.60881233215332 8.52751755714417 8.52455544471741 8.52959418296814 8.5252993106842 8.60067105293274 8.55870962142944 8.54074811935425 8.5317862033844 8.52282452583313 8.55920219421387 8.64291882514954 8.66163563728333 8.64635229110718 8.5307354927063 8.43478560447693 8.53550171852112 8.699551820755 8.73693561553955 8.71498513221741 8.69503545761108 8.63741850852966 8.61849808692932 8.61294102668762 8.64204955101013 8.59349250793457
8.5966899394989 8.6749894618988 8.71928977966309 8.70192241668701 8.70722198486328 8.70285511016846 8.73548793792725 8.76178765296936 8.76242065429688 8.73138689994812 8.69082117080688 8.70805740356445 8.7166268825531 8.66786336898804 8.56576561927795 8.5213348865509 8.48657131195068 8.4481406211853 8.38537693023682 8.40827894210815 8.48518180847168 8.56175136566162 8.6072142124176 8.61057066917419 8.60792779922485 8.61161756515503 8.58397483825684 8.52733135223389 8.56068825721741 8.63271164894104 8.66473531723022 8.66442537307739 8.67478251457214 8.61847257614136 8.63719129562378 8.67960476875305 8.69268608093262 8.6931004524231 8.73284792900085 8.71526193618774 8.65700936317444 8.71275687217712 8.72317123413086 8.68291902542114 8.64666628837585 8.64141392707825 8.64174175262451 8.63598442077637 8.62122654914856 8.58646893501282
8.56298923492432 8.60507798194885 8.66816711425781 8.70558929443359 8.72101163864136 8.73043346405029 8.72918891906738 8.7232780456543 8.7330334186554 8.69945549964905 8.6786847114563 8.6427218914032 8.61909151077271 8.55412817001343 8.36149859428406 8.25020170211792 8.22090554237366 8.34194231033325 8.50964570045471 8.5596821308136 8.58171892166138 8.55842280387878 8.48736238479614 8.44320583343506 8.45904970169067 8.52322626113892 8.50507020950317 8.39024662971497 8.5054235458374 8.59060049057007 8.66844391822815 8.71928691864014 8.7137975692749 8.68897438049316 8.70274138450623 8.74409985542297 8.75945782661438 8.78914952278137 8.80950808525085 8.74053287506104 8.68855762481689 8.7179160118103 8.68627405166626 8.55596566200256 8.55799031257629 8.62501549720764 8.619220495224 8.58227181434631 8.53565645217896 8.51070809364319
