data/spatiotemp/temp1/bio2_norsw_test_2003_2006.asc
NCOLS 654 
NROWS 380 
XLLCORNER 3.91666666666667 
YLLCORNER 55.3333333333333 
CELLSIZE 0.0416666666666666 
NODATA_value -9999 
[rows 242 to 263 of 380, columns 300 to 349 of 654]
9.73438668251038 9.73194360733032 9.74583435058594 9.6303915977478 9.55394887924194 9.63983941078186 9.68672966957092 9.52862048149109 9.41265654563904 9.35083794593811 9.2480194568634 9.15186715126038 9.06838250160217 8.94789719581604 8.8384120464325 8.79292702674866 8.68344163894653 8.49584054946899 8.34047079086304 7.95198559761047 7.87834668159485 -9999 -9999 -9999 -9999 -9999 -9999 -9999 -9999 -9999 -9999 -9999 -9999 -9999 -9999 -9999 -9999 -9999 -9999 -9999 -9999 -9999 -9999 -9999 -9999 -9999 -9999 -9999 -9999 -9999
9.78945541381836 9.82242321968079 9.82005786895752 9.74769306182861 9.62866115570068 9.66529583930969 9.64726376533508 9.44023251533508 9.34796953201294 9.32680869102478 9.2676477432251 9.17381954193115 9.02165865898132 8.91183090209961 8.82433652877808 8.76450896263123 8.66234850883484 8.51293730735779 8.31647062301636 8.03653216362 -9999 -9999 -9999 -9999 -9999 -9999 -9999 -9999 -9999 -9999 -9999 -9999 -9999 -9999 -9999 -9999 -9999 -9999 -9999 -9999 -9999 -9999 -9999 -9999 -9999 -9999 -9999 -9999 -9999 -9999
9.95652389526367 9.76190304756165 9.67361569404602 9.70666170120239 9.77404022216797 9.72441911697388 9.65513134002686 9.52851057052612 9.45028162002563 9.38011169433594 9.25794172286987 9.12643837928772 8.93860197067261 8.86876511573792 8.87526178359985 8.82009124755859 8.70392155647278 8.54830718040466 8.34858155250549 -9999 -9999 -9999 -9999 -9999 -9999 -9999 -9999 -9999 -9999 -9999 -9999 -9999 -9999 -9999 -9999 -9999 -9999 -9999 -9999 -9999 -9999 -9999 -9999 -9999 -9999 -9999 -9999 -9999 -9999 -9999
9.67492628097534 9.7197163105011 9.73383927345276 9.66429615020752 9.79408597946167 9.85354256629944 9.79166603088379 9.61678910255432 9.47026085853577 9.38241529464722 9.27523612976074 9.15339040756226 8.9625449180603 8.90736603736877 8.93385338783264 8.80734062194824 8.66316175460815 8.49511218070984 8.18972015380859 -9999 -9999 -9999 -9999 -9999 -9999 -9999 -9999 -9999 -9999 -9999 -9999 -9999 -9999 -9999 -9999 -9999 -9999 -9999 -9999 -9999 -9999 -9999 -9999 -9999 -9999 -9999 -9999 -9999 -9999 -9999
9.53532862663269 9.53352904319763 9.63839673995972 9.57259750366211 9.56913161277771 9.79099893569946 9.79220008850098 9.68740057945251 9.52724051475525 9.3660523891449 9.2541971206665 9.1413426399231 9.03715467453003 8.96763300895691 8.91711139678955 8.77092337608337 8.55873513221741 8.39588022232056 8.20273351669312 8.13865566253662 8.04067289829254 7.83653211593628 -9999 -9999 -9999 -9999 -9999 -9999 -9999 -9999 -9999 -9999 -9999 -9999 -9999 -9999 -9999 -9999 -9999 -9999 -9999 -9999 -9999 -9999 -9999 -9999 -9999 -9999 -9999 -9999
9.70939755439758 9.63967609405518 9.58162069320679 9.60823249816895 9.58684420585632 9.58278894424438 9.58006739616394 9.49667930603027 9.38855266571045 9.31835579872131 9.2448251247406 9.13562798500061 9.01509785652161 8.96623349189758 8.90370321273804 8.75583934783936 8.59997534751892 8.48177766799927 8.36191391944885 8.26038312911987 8.13565278053284 7.879110455513 -9999 -9999 -9999 -9999 -9999 -9999 -9999 -9999 -9999 -9999 -9999 -9999 -9999 -9999 -9999 -9999 -9999 -9999 -9999 -9999 -9999 -9999 -9999 -9999 -9999 -9999 -9999 -9999
9.59079957008362 9.61882209777832 9.59884476661682 9.54486727714539 9.46888971328735 9.36424589157104 9.44726800918579 9.44262409210205 9.34619903564453 9.29632592201233 9.18311977386475 9.0935800075531 9.03304052352905 8.98383450508118 8.89362788200378 8.75375509262085 8.63821530342102 8.55600905418396 8.46746921539307 8.37801289558411 8.19418478012085 8.03335511684418 7.94654095172882 -9999 -9999 -9999 -9999 -9999 -9999 -9999 -9999 -9999 -9999 -9999 -9999 -9999 -9999 -9999 -9999 -9999 -9999 -9999 -9999 -9999 -9999 -9999 -9999 -9999 -9999 -9999
9.52786827087402 9.58630204200745 9.68073582649231 9.61550211906433 9.55360269546509 9.48036885261536 9.50446915626526 9.49423599243164 9.43751168251038 9.31096243858337 9.04941391944885 8.96453213691711 9.00265002250671 8.9851016998291 8.87888598442078 8.76633739471436 8.65778875350952 8.57690668106079 8.47735786437988 8.34780955314636 8.2043342590332 8.10437083244324 7.95569920539856 -9999 -9999 -9999 -9999 -9999 -9999 -9999 -9999 -9999 -9999 -9999 -9999 -9999 -9999 -9999 -9999 -9999 -9999 -9999 -9999 -9999 -9999 -9999 -9999 -9999 -9999 -9999
9.48139214515686 9.57028484344482 9.70984411239624 9.7347366809845 9.71462965011597 9.62485527992249 9.5637481212616 9.51564049720764 9.44697570800781 9.30608654022217 9.01853036880493 8.94530773162842 9.020751953125 9.01319575309753 8.91630673408508 8.82408404350281 8.75019454956055 8.66697239875793 8.51441621780396 8.35586047172546 8.26597857475281 8.10128283500671 7.90354609489441 -9999 7.67751693725586 -9999 -9999 -9999 -9999 -9999 -9999 -9999 -9999 -9999 -9999 -9999 -9999 -9999 -9999 -9999 -9999 -9999 -9999 -9999 -9999 -9999 -9999 -9999 -9999 -9999
9.67770385742188 9.68710350990295 9.68417072296143 9.68757104873657 9.72597122192383 9.70170474052429 9.63410449028015 9.57617115974426 9.49725723266602 9.37102961540222 9.16613459587097 9.13857340812683 9.15167880058289 9.11245036125183 9.04122304916382 8.92832803726196 8.85310029983521 8.79720544815063 8.65973711013794 8.51074957847595 8.43116092681885 8.19627833366394 -9999 -9999 -9999 -9999 -9999 -9999 -9999 -9999 -9999 -9999 -9999 -9999 -9999 -9999 -9999 -9999 -9999 -9999 -9999 -9999 -9999 -9999 -9999 -9999 -9999 -9999 -9999 -9999
9.64001536369324 9.68825626373291 9.72783088684082 9.75607180595398 9.72664570808411 9.65422034263611 9.62146139144897 9.60303616523743 9.57853960990906 9.46263957023621 9.25673937797546 9.19017267227173 9.18927240371704 9.22303938865662 9.16913914680481 9.00457239151001 8.86867260932922 8.82010579109192 8.72920560836792 8.60597205162048 8.52620792388916 8.44335722923279 8.33495140075684 8.38987827301025 8.4259672164917 8.35075831413269 8.3024377822876 8.23597598075867 8.09436249732971 7.84555268287659 -9999 -9999 -9999 -9999 -9999 -9999 -9999 -9999 -9999 -9999 -9999 -9999 -9999 -9999 -9999 -9999 -9999 -9999 -9999 -9999
9.58766055107117 9.66974186897278 9.77515721321106 9.81057286262512 9.74298787117004 9.55006980895996 9.39848494529724 9.37890005111694 9.43148803710938 9.27591609954834 9.03201079368591 9.03143882751465 9.19786667823792 9.24396085739136 9.12605571746826 9.00714993476868 8.90257811546326 8.82800579071045 8.75910019874573 8.68419480323792 8.62302470207214 8.57458925247192 8.53848767280579 8.54571843147278 8.53061652183533 8.49251461029053 8.45474576950073 8.37497782707214 8.203129529953 7.96210658550262 -9999 -9999 -9999 -9999 -9999 8.1489565372467 8.16545748710632 8.09249687194824 8.03956973552704 -9999 -9999 -9999 -9999 -9999 -9999 -9999 -9999 -9999 -9999 -9999
9.61930513381958 9.69989466667175 9.70348405838013 9.60174012184143 9.52699637413025 9.36325192451477 9.15450835227966 9.04276418685913 9.13777041435242 9.20452547073364 9.13061499595642 9.17170453071594 9.30879354476929 9.31688284873962 9.22830486297607 9.13206100463867 9.0141499042511 8.91157221794128 8.85266160964966 8.81075072288513 8.72250747680664 8.62093210220337 8.53868985176086 8.49678087234497 8.49620532989502 8.52329659461975 8.48672103881836 8.40114569664001 8.28047466278076 8.27866148948669 8.37208580970764 8.13773226737976 8.19953680038452 8.25102424621582 8.24094772338867 8.25270485877991 8.28012871742249 8.2212188243866 8.10772585868835 -9999 -9999 -9999 -9999 -9999 -9999 -9999 -9999 -9999 -9999 -9999
9.67994999885559 9.74038052558899 9.66547703742981 9.56257438659668 9.48767113685608 9.46476817131042 9.48153162002563 9.44829559326172 9.5320520401001 9.51880288124084 9.45088672637939 9.46363711357117 9.5090537071228 9.41847109794617 9.30255484580994 9.1996386051178 9.08305549621582 9.00747227668762 8.96922302246094 8.8923065662384 8.80032348632812 8.67994141578674 8.45722579956055 8.30350995063782 8.42812776565552 8.56341218948364 8.57269644737244 8.53731393814087 8.46726441383362 8.42063236236572 8.38880753517151 8.27866625785828 8.32985806465149 8.36338996887207 8.40158891677856 8.42145347595215 8.39898538589478 8.28386402130127 8.16814351081848 -9999 -9999 -9999 -9999 -9999 -9999 -9999 7.62031853199005 7.56757533550262 -9999 -9999
9.589928150177 9.56819939613342 9.47680401802063 9.44807505607605 9.45601320266724 9.45495104789734 9.61155533790588 9.62315940856934 9.63433432579041 9.66307973861694 9.62715792655945 9.59656953811646 9.57364749908447 9.49405908584595 9.40380430221558 9.29321575164795 9.17262768745422 9.0690393447876 8.99211764335632 8.9091956615448 8.7888069152832 8.65428423881531 8.51309514045715 8.37490606307983 8.46804976463318 8.55852746963501 8.57433795928955 8.55081534385681 8.54329252243042 8.55910325050354 8.54991388320923 8.52205753326416 8.49728298187256 8.40458917617798 8.41056227684021 8.42586851119995 8.40917468070984 8.36914801597595 8.28445434570312 8.19877910614014 8.16439986228943 -9999 -9999 -9999 -9999 -9999 7.69531869888306 7.72947323322296 7.79394114017487 7.58986687660217
9.51523995399475 9.51468515396118 9.50013041496277 9.52657556533813 9.59735441207886 9.62046670913696 9.653244972229 9.66169047355652 9.64961647987366 9.65702247619629 9.68976211547852 9.68450212478638 9.65390825271606 9.57931447029114 9.48572063446045 9.36979365348816 9.24419975280762 9.11560559272766 8.99534559249878 8.85875177383423 8.68662333488464 8.59062743186951 8.59563088417053 8.6159679889679 8.65030550956726 8.62864232063293 8.56064629554749 8.55864977836609 8.55365419387817 8.51165747642517 8.49899482727051 8.50899839401245 8.52104091644287 8.43912148475647 8.4255359172821 8.41528344154358 8.38903093338013 8.38877892494202 8.36452651023865 8.29594135284424 8.22774767875671 8.21076965332031 -9999 -9999 -9999 -9999 -9999 7.83395266532898 7.86807310581207 7.77736687660217
9.40888500213623 9.42317128181458 9.44979071617126 9.53374338150024 9.61869621276855 9.71164965629578 9.74060201644897 9.74122142791748 9.75056505203247 9.83663272857666 9.8670334815979 9.84410095214844 9.79383516311646 9.77156925201416 9.67630314826965 9.45303797721863 9.18010520935059 8.90383911132812 8.7322404384613 8.75930762290955 8.72443962097168 8.75863671302795 8.77983379364014 8.79403066635132 8.76456069946289 8.70342421531677 8.61828804016113 8.59581828117371 8.58034825325012 8.52521181106567 8.49174189567566 8.4936056137085 8.4791316986084 8.41598701477051 8.3928427696228 8.37603211402893 8.34188747406006 8.36107683181763 8.33793234825134 8.30145454406738 8.29497742652893 8.24564456939697 8.13725733757019 8.04057490825653 7.97673034667969 -9999 -9999 7.90226185321808 7.93161475658417 7.84820008277893
9.33819675445557 9.36632370948792 9.45778369903564 9.50991129875183 9.57970476150513 9.69183158874512 9.73629212379456 9.77908611297607 9.85584688186646 9.87457585334778 9.87430500984192 9.90736722946167 9.87076234817505 9.68249106407166 9.47021985054016 9.27928185462952 9.0583438873291 8.78307271003723 8.65046811103821 8.75919699668884 8.87592315673828 8.90864634513855 8.93136954307556 8.91442632675171 8.84414935112 8.77853941917419 8.74626302719116 8.65565228462219 8.57504296302795 8.53376626968384 8.49382281303406 8.48587918281555 8.45122218132019 8.40551972389221 8.39115047454834 8.3294472694397 8.34807753562927 8.38837456703186 8.39800500869751 8.41563582420349 8.447265625 8.39222979545593 8.26852655410767 8.14847540855408 8.04465961456299 8.00460064411163 7.96865200996399 7.91364014148712 7.92243826389313 7.8823276758194
9.27050852775574 9.34147596359253 9.42911052703857 9.465411901474 9.53171300888062 9.63434791564941 9.70831561088562 9.76828360557556 9.8584623336792 9.88851928710938 9.91024231910706 9.93763256072998 9.91435599327087 9.57341265678406 9.34646940231323 9.37685918807983 9.25824928283691 9.03230619430542 8.93969631195068 8.96875286102295 9.02340626716614 8.98965573310852 8.97457218170166 8.97482228279114 8.95840525627136 8.87332129478455 8.7565712928772 8.6541543006897 8.56807088851929 8.47532057762146 8.41256999969482 8.46981954574585 8.44131374359131 8.4343855381012 8.40245699882507 8.35019564628601 8.36826729774475 8.41300582885742 8.42541074752808 8.47214937210083 8.50288772583008 8.48262667655945 8.43869829177856 8.37843656539917 8.27684187889099 8.18957948684692 8.15331840515137 8.07605671882629 8.0264618396759 7.92200970649719
9.37915349006653 9.40962862968445 9.43677067756653 9.42924618721008 9.45338821411133 9.52586364746094 9.63500547409058 9.68948101997375 9.7000777721405 9.66346263885498 9.68051385879517 9.73989844322205 9.8089497089386 9.6916675567627 9.57305216789246 9.54343700408936 9.41315507888794 9.22953939437866 9.10225749015808 9.05330872535706 9.03822231292725 8.9929986000061 8.95444130897522 8.92555117607117 8.94599413871765 8.87210321426392 8.70821285247803 8.60732197761536 8.59276509284973 8.53554153442383 8.4866509437561 8.45676016807556 8.39040517807007 8.38658452033997 8.39909744262695 8.4029438495636 8.41679072380066 8.43630361557007 8.45615029335022 8.48933005332947 8.50884342193604 8.53535628318787 8.55453586578369 8.52071571350098 8.46484160423279 8.36891317367554 8.31498503684998 8.21505665779114 8.13579487800598 8.02853357791901
9.51133584976196 9.46684241294861 9.46901535987854 9.46618843078613 9.42502808570862 9.49820065498352 9.59904050827026 9.60354685783386 9.47393202781677 9.36019659042358 9.43379426002502 9.62105894088745 9.77632308006287 9.79992127418518 9.71885228157043 9.63511681556702 9.51504755020142 9.35397911071777 9.20557689666748 9.11484098434448 9.04312825202942 8.99677062034607 8.93107962608337 8.87005567550659 8.85603165626526 8.81767416000366 8.6589834690094 8.58495950698853 8.5972683429718 8.60091090202332 8.58955359458923 8.52719640731812 8.42671465873718 8.43877649307251 8.48350477218628 8.48690009117126 8.42596125602722 8.40868973731995 8.44141840934753 8.48548007011414 8.5142080783844 8.5379364490509 8.58299803733826 8.56105971336365 8.51956725120544 8.42218732833862 8.34647417068481 8.21609473228455 8.11074256896973 8.06025147438049
9.38272333145142 9.42178416252136 9.44351148605347 9.49357175827026 9.48696565628052 9.46435952186584 9.50641989707947 9.52181363105774 9.41402554512024 9.3530547618866 9.49175119400024 9.67711400985718 9.78181004524231 9.82517290115356 9.78953576087952 9.72456526756287 9.61692810058594 9.48129081726074 9.35998702049255 9.22701668739319 8.99945592880249 8.76363801956177 8.66815400123596 8.69166922569275 8.74051833152771 8.73603367805481 8.67088294029236 8.64006519317627 8.62291431427002 8.55276298522949 8.52427887916565 8.49512791633606 8.4559109210968 8.45696139335632 8.43601202964783 8.41272926330566 8.41244649887085 8.43683075904846 8.45854830741882 8.47693181037903 8.49498271942139 8.54069995880127 8.55341720581055 8.50646829605103 8.43701887130737 8.38673567771912 8.33045244216919 8.24383616447449 8.14330291748047 8.08651256561279
