data/spatiotemp/temp1/bio3_norsw_test_2003_2006.asc
NCOLS 654 
NROWS 380 
XLLCORNER 3.91666666666667 
YLLCORNER 55.3333333333333 
CELLSIZE 0.0416666666666666 
NODATA_value -9999 
[rows 330 to 351 of 380, columns 400 to 449 of 654]
-9999 -9999 -9999 -9999 -9999 -9999 -9999 -9999 -9999 -9999 -9999 -9999 -9999 -9999 -9999 -9999 -9999 -9999 -9999 -9999 -9999 -9999 19.9282083511353 20.0067200660706 20.2395625114441 20.4250435829163 20.4783458709717 20.3779287338257 20.2425909042358 20.2186160087585 20.3671817779541 20.5300345420837 20.6150350570679 20.5664396286011 20.8007230758667 21.0586643218994 21.1213417053223 21.1584177017212 21.3294363021851 21.4952864646912 21.5952868461609 21.7221121788025 21.8959455490112 22.0528697967529 22.2458066940308 22.4461498260498 22.6861176490784 22.8636045455933 22.9173793792725 22.9136500358582
-9999 -9999 -9999 -9999 -9999 -9999 -9999 -9999 -9999 -9999 -9999 -9999 -9999 -9999 -9999 -9999 -9999 -9999 -9999 -9999 -9999 20.3429293632507 20.358907699585 20.6136388778687 20.9520564079285 21.1000008583069 20.9395952224731 20.6578960418701 20.4064373970032 20.3965911865234 20.4393625259399 20.4892525672913 20.5461416244507 20.5562539100647 20.9883589744568 21.3271961212158 21.3456196784973 21.3654189109802 21.5433130264282 21.6897187232971 21.7981305122375 22.0236792564392 22.1213102340698 22.1895594596863 22.4551486968994 22.6564245223999 22.9083323478699 23.0283126831055 22.9053754806519 22.8770594596863
-9999 -9999 -9999 -9999 -9999 -9999 -9999 -9999 -9999 -9999 -9999 -9999 -9999 -9999 -9999 -9999 -9999 -9999 -9999 -9999 20.22532081604 20.3534717559814 20.6166200637817 20.929856300354 21.2377119064331 21.3243231773376 21.0975284576416 20.7475814819336 20.539532661438 20.5154123306274 20.5504765510559 20.5891194343567 20.7559032440186 20.9513363838196 21.2551951408386 21.5302138328552 21.5497846603394 21.5919532775879 21.6661930084229 21.7490634918213 21.9126138687134 22.147246837616 22.2807507514954 22.361572265625 22.5297179222107 22.7014751434326 22.9128122329712 23.0922417640686 23.0346608161926 22.9764404296875
-9999 -9999 -9999 -9999 -9999 -9999 -9999 -9999 -9999 -9999 -9999 -9999 -9999 -9999 -9999 -9999 -9999 -9999 -9999 -9999 20.5545163154602 20.7693676948547 20.8640322685242 21.1298456192017 21.3632121086121 21.403223991394 21.1998529434204 20.7949047088623 20.6686253547668 20.6949453353882 20.7857737541199 20.9279747009277 21.2609133720398 21.4397292137146 21.438081741333 21.632951259613 21.6787204742432 21.6421976089478 21.6152868270874 21.7136359214783 21.8976488113403 22.0400242805481 22.2971601486206 22.439305305481 22.554877281189 22.734320640564 22.873676776886 23.0668783187866 23.0873889923096 22.946569442749
-9999 -9999 -9999 -9999 -9999 -9999 -9999 -9999 -9999 -9999 -9999 -9999 -9999 -9999 -9999 -9999 -9999 -9999 -9999 -9999 20.9602928161621 21.3746109008789 21.4731512069702 21.5847306251526 21.5474672317505 21.4479322433472 21.266815662384 20.9175620079041 20.8323340415955 20.8456997871399 21.0296792984009 21.3199872970581 21.5593571662903 21.584171295166 21.5553822517395 21.6391882896423 21.5623412132263 21.2638916969299 21.3289370536804 21.7461361885071 22.0135827064514 22.124885559082 22.3170285224915 22.4372200965881 22.6142506599426 22.8121008872986 22.9888796806335 23.1180281639099 22.9764904975891 22.7993493080139
-9999 -9999 -9999 -9999 -9999 -9999 -9999 -9999 -9999 -9999 -9999 -9999 -9999 -9999 -9999 -9999 -9999 -9999 -9999 21.0248937606812 21.0463466644287 21.5914974212646 21.8973612785339 21.8701348304749 21.5093607902527 21.2260828018188 21.1558542251587 20.9912090301514 21.0618472099304 21.1182899475098 21.3525166511536 21.6491537094116 21.6801466941833 21.6796135902405 21.8101963996887 21.8110795021057 21.563600063324 21.0260763168335 21.1861639022827 21.8723998069763 22.1652612686157 22.284848690033 22.3971366882324 22.512056350708 22.5941028594971 22.7133650779724 22.9097175598145 23.0493693351746 23.0664000511169 23.0971293449402
-9999 -9999 -9999 -9999 -9999 -9999 -9999 -9999 -9999 -9999 -9999 -9999 -9999 -9999 -9999 -9999 -9999 -9999 -9999 21.1205711364746 21.0996537208557 21.4740166664124 21.7978439331055 21.7535705566406 21.3695597648621 21.0908622741699 21.0800204277039 21.1235628128052 21.3238091468811 21.4408559799194 21.6209473609924 21.7965412139893 21.8297719955444 21.8162651062012 21.9476075172424 22.0063490867615 21.9812026023865 21.7486305236816 21.720597743988 21.9519987106323 22.1218428611755 22.325174331665 22.5368061065674 22.6655926704407 22.7392816543579 22.853931427002 22.9363713264465 23.0412421226501 23.2032570838928 23.3837060928345
-9999 -9999 -9999 -9999 -9999 -9999 -9999 -9999 -9999 -9999 -9999 -9999 -9999 -9999 -9999 -9999 -9999 -9999 -9999 -9999 21.4738383293152 21.4418158531189 21.3046221733093 21.4007873535156 21.4310350418091 21.3631715774536 21.3072361946106 21.3102488517761 21.3838686943054 21.5298671722412 21.6446108818054 21.7875003814697 21.8885073661804 21.9575757980347 21.9831314086914 22.0490927696228 22.1231622695923 22.1245732307434 22.1476049423218 22.2239742279053 22.3962411880493 22.554319858551 22.6826882362366 22.8361053466797 22.9639096260071 23.006817817688 23.0374121665955 23.2004427909851 23.4612665176392 23.4975872039795
-9999 -9999 -9999 -9999 -9999 -9999 -9999 -9999 -9999 -9999 -9999 -9999 -9999 -9999 -9999 -9999 -9999 -9999 -9999 21.2917056083679 21.3330192565918 21.1862025260925 21.2023110389709 21.4520139694214 21.567277431488 21.4605717658997 21.5282826423645 21.614758014679 21.517397403717 21.7005896568298 21.8620038032532 21.9826383590698 22.0828914642334 22.0621891021729 22.0646839141846 22.0931706428528 22.189350605011 22.3342294692993 22.3842997550964 22.486138343811 22.6654071807861 22.7187314033508 22.7728533744812 22.9438576698303 23.1779298782349 23.3172955513 23.350034236908 23.4476833343506 23.6143193244934 23.580867767334
-9999 -9999 -9999 -9999 -9999 -9999 -9999 -9999 -9999 -9999 -9999 -9999 -9999 -9999 -9999 -9999 -9999 -9999 -9999 21.2958178520203 21.1798577308655 21.1594748497009 21.4046020507812 21.8494153022766 21.7747330665588 21.5089507102966 21.5590801239014 21.6027250289917 21.7431039810181 22.0888876914978 22.1748776435852 22.1831560134888 22.2032647132874 22.1568965911865 22.2048044204712 22.2385878562927 22.4633507728577 22.708532333374 22.5178451538086 22.2669014930725 22.4238972663879 22.5763788223267 22.6972241401672 22.8845801353455 23.0705809593201 23.3086528778076 23.4902863502502 23.581081867218 23.6314163208008 23.6383137702942
-9999 -9999 -9999 -9999 -9999 -9999 -9999 -9999 -9999 -9999 -9999 -9999 -9999 -9999 -9999 -9999 -9999 21.4465093612671 21.3665442466736 21.4329876899719 21.3381867408752 21.3996953964233 21.7637991905212 22.0263423919678 21.8436632156372 21.5030107498169 21.4059672355652 21.5099859237671 21.8046541213989 22.1127896308899 22.1794533729553 22.3294696807861 22.4860544204712 22.5083932876587 22.5457644462585 22.6776623725891 22.7633833885193 22.6377258300781 22.3449325561523 22.1976866722107 22.2756133079529 22.4597420692444 22.6777009963989 22.9189991950989 23.1496682167053 23.2694520950317 23.4361319541931 23.5719861984253 23.6857848167419 23.5940842628479
-9999 -9999 -9999 -9999 -9999 -9999 -9999 -9999 -9999 -9999 -9999 -9999 -9999 -9999 -9999 -9999 21.3693013191223 21.3217525482178 21.3309993743896 21.3722834587097 21.433084487915 21.527868270874 21.9073605537415 22.0691866874695 21.9211006164551 21.6283073425293 21.5276784896851 21.7264475822449 21.9503331184387 22.1152935028076 22.1308131217957 22.2460374832153 22.3951325416565 22.6473197937012 22.8064746856689 22.8928275108337 22.9050087928772 22.7495427131653 22.5287003517151 22.3799786567688 22.469208240509 22.792564868927 23.0355505943298 23.1568813323975 23.2022933959961 23.2947859764099 23.4793019294739 23.6503248214722 23.6998815536499 23.6184048652649
-9999 -9999 -9999 -9999 -9999 -9999 -9999 -9999 -9999 -9999 -9999 -9999 -9999 21.3070869445801 21.4432072639465 21.5577030181885 21.5226902961731 21.5617804527283 21.5501112937927 21.7094144821167 21.8190989494324 21.8312673568726 21.9715881347656 22.1305332183838 22.1495685577393 22.0186858177185 21.9433369636536 22.0646295547485 22.1866159439087 22.1133489608765 22.1240983009338 22.2734599113464 22.4543280601501 22.695493221283 22.9523530006409 23.0059127807617 22.8694033622742 22.7188572883606 22.611988067627 22.5737013816833 22.6967444419861 22.8861856460571 23.0461974143982 23.21258020401 23.2328009605408 23.2621855735779 23.3948879241943 23.6120114326477 23.6073622703552 23.3752374649048
-9999 -9999 -9999 -9999 -9999 -9999 -9999 -9999 -9999 -9999 -9999 21.1479382514954 21.2363634109497 21.3180441856384 21.544047832489 21.8241968154907 21.8170742988586 21.7310423851013 21.6381459236145 21.6541566848755 21.7699370384216 21.8026485443115 22.080066204071 22.2527117729187 22.278263092041 22.3831300735474 22.4678010940552 22.4454970359802 22.3904709815979 22.2797927856445 22.3132219314575 22.3482441902161 22.5382218360901 22.795768737793 22.9355497360229 22.840163230896 22.6150517463684 22.512170791626 22.6696939468384 22.8965859413147 22.9590501785278 23.03626537323 23.1489100456238 23.2917723655701 23.3308525085449 23.2813987731934 23.3391795158386 23.502049446106 23.4527750015259 23.2221918106079
-9999 -9999 -9999 -9999 -9999 -9999 -9999 -9999 -9999 -9999 -9999 21.2194418907166 21.3624210357666 21.4641833305359 21.6003332138062 21.7782521247864 21.6978216171265 21.6999659538269 21.5980839729309 21.5394988059998 21.6255350112915 21.7624220848083 21.9926190376282 22.0806131362915 22.2656683921814 22.5669322013855 22.6859121322632 22.5975317955017 22.5344586372375 22.4266319274902 22.2997550964355 22.4151682853699 22.7103934288025 22.933009147644 22.9384551048279 22.6861696243286 22.5312142372131 22.4967765808105 22.7313919067383 22.9984760284424 23.0819010734558 23.1459064483643 23.3246998786926 23.51407289505 23.5266437530518 23.4764151573181 23.4867024421692 23.5319337844849 23.4068274497986 23.2332077026367
-9999 -9999 -9999 -9999 -9999 -9999 -9999 -9999 -9999 -9999 -9999 21.5788350105286 21.58669090271 21.6207714080811 21.6800217628479 21.7454867362976 21.6872825622559 21.6167578697205 21.6044993400574 21.7140922546387 21.8805046081543 21.9576020240784 22.0175304412842 22.0376501083374 22.3090562820435 22.6606798171997 22.8021879196167 22.738100528717 22.5950498580933 22.3829779624939 22.3026180267334 22.5841064453125 22.9077005386353 23.082022190094 22.9925131797791 22.684054851532 22.4871301651001 22.5341897010803 22.6702575683594 22.8892846107483 23.0376167297363 23.2013897895813 23.4447450637817 23.596312046051 23.5375533103943 23.5974435806274 23.6956062316895 23.649564743042 23.4797129631042 23.3466601371765
-9999 -9999 -9999 -9999 -9999 -9999 -9999 -9999 -9999 -9999 -9999 21.659791469574 21.651948928833 21.7749090194702 21.971697807312 22.0352373123169 22.0646624565125 21.9835081100464 21.9297733306885 21.9297890663147 22.0072746276855 22.0147047042847 22.0293445587158 22.0821914672852 22.2718644142151 22.4376549720764 22.5623784065247 22.5548143386841 22.4385461807251 22.2878437042236 22.2953343391418 22.6297254562378 22.8065900802612 22.7352437973022 22.8141431808472 22.6959381103516 22.5138201713562 22.537549495697 22.7451982498169 22.9227571487427 23.0343327522278 23.1660099029541 23.4378094673157 23.5742702484131 23.5918402671814 23.7643485069275 23.8266253471375 23.6540374755859 23.4814190864563 23.3331899642944
-9999 -9999 -9999 -9999 -9999 -9999 -9999 -9999 -9999 -9999 -9999 21.9215054512024 21.9510726928711 22.1129989624023 22.343861579895 22.3162341117859 22.3194308280945 22.3421583175659 22.2396492958069 22.0393552780151 22.0099754333496 22.0034885406494 21.988468170166 22.0632438659668 22.1100544929504 22.1016483306885 22.1565322875977 22.2198362350464 22.2426462173462 22.2744512557983 22.294497013092 22.4808225631714 22.4625759124756 22.3351516723633 22.6456074714661 22.7320456504822 22.6282143592834 22.6926679611206 22.9415607452393 23.1070232391357 23.0934324264526 23.0863962173462 23.2586922645569 23.4885764122009 23.690007686615 23.9175987243652 23.867714881897 23.5694780349731 23.4301109313965 23.2416472434998
-9999 -9999 -9999 -9999 -9999 -9999 -9999 -9999 -9999 -9999 22.178201675415 22.2444639205933 22.3234739303589 22.3696813583374 22.385046005249 22.2892718315125 22.2465620040894 22.2885127067566 22.0452489852905 21.9629058837891 22.1045475006104 22.0672931671143 22.0903329849243 22.1596412658691 22.1186676025391 22.0100250244141 22.0321068763733 22.1033525466919 22.1563363075256 22.2386155128479 22.3291401863098 22.3918991088867 22.3104710578918 22.4073781967163 22.6365537643433 22.7690091133118 22.78595495224 22.7741541862488 22.8604612350464 23.0318441390991 23.0712203979492 22.9824147224426 23.0966963768005 23.3813290596008 23.5876989364624 23.7972540855408 23.726402759552 23.5014371871948 23.4253182411194 23.2781457901001
-9999 -9999 -9999 -9999 -9999 -9999 -9999 -9999 -9999 -9999 22.139289855957 22.2402338981628 22.3633623123169 22.3690066337585 22.2961449623108 22.2404980659485 22.2322998046875 22.0849657058716 21.8321766853333 21.9658064842224 22.1757898330688 22.2358088493347 22.2690258026123 22.2582001686096 22.1395750045776 22.015163898468 21.9727153778076 22.0189118385315 22.0725603103638 22.1729187965393 22.2403869628906 22.2858519554138 22.3275060653687 22.4949507713318 22.6170816421509 22.7211723327637 22.7560257911682 22.6834383010864 22.7156629562378 22.8773255348206 22.8957509994507 22.9251613616943 23.1546339988708 23.3804650306702 23.5006046295166 23.5441699028015 23.5214490890503 23.4371013641357 23.320520401001 23.2518172264099
-9999 -9999 -9999 -9999 -9999 -9999 -9999 -9999 -9999 -9999 22.049364566803 22.2142162322998 22.3227434158325 22.2499589920044 22.3267059326172 22.3996238708496 22.3850035667419 22.2620444297791 22.265332698822 22.3840708732605 22.5147571563721 22.543116569519 22.4952359199524 22.3060312271118 22.1118607521057 21.961531162262 21.8923501968384 21.8954339027405 21.9441690444946 22.079448223114 22.1911182403564 22.1663370132446 22.3008337020874 22.3551955223083 22.3879995346069 22.4504661560059 22.4995369911194 22.5761976242065 22.7773909568787 22.926655292511 22.9231820106506 23.0261931419373 23.2171378135681 23.4085397720337 23.4399642944336 23.3396315574646 23.3141198158264 23.2426843643188 23.1889038085938 23.126718044281
-9999 -9999 -9999 -9999 -9999 -9999 -9999 -9999 -9999 20.9848713874817 21.6362171173096 21.9961848258972 22.4207162857056 22.489266872406 22.5414896011353 22.500156879425 22.3325080871582 22.1737637519836 22.1167616844177 22.3150668144226 22.4939932823181 22.5807166099548 22.6225543022156 22.5013852119446 22.2864532470703 22.0518651008606 21.9085569381714 21.845269203186 21.790328502655 21.9204249382019 21.9645023345947 22.0780897140503 22.2247200012207 22.2755160331726 22.2966275215149 22.3732161521912 22.5015525817871 22.6463289260864 22.8674612045288 23.0493311882019 23.0203137397766 23.0570859909058 23.2503910064697 23.4421195983887 23.3553166389465 23.2820138931274 23.178759098053 23.0746421813965 22.9710364341736 22.8557176589966
