data/spatiotemp/temp1/bio3_norsw_test_2003_2006.asc
NCOLS 654 
NROWS 380 
XLLCORNER 3.91666666666667 
YLLCORNER 55.3333333333333 
CELLSIZE 0.0416666666666666 
NODATA_value -9999 
[rows 242 to 263 of 380, columns 0 to 49 of 654]
-9999 -9999 -9999 -9999 -9999 -9999 -9999 -9999 -9999 -9999 -9999 -9999 -9999 -9999 -9999 -9999 -9999 19.3857927322388 19.3671255111694 19.8131632804871 19.8635568618774 20.5183887481689 20.686607837677 21.0265431404114 21.5873608589172 -9999 -9999 22.2371983528137 22.5664258003235 21.4385471343994 21.5804753303528 21.6500597000122 22.0047273635864 24.6820440292358 -9999 22.6228232383728 25.5256910324097 20.3598494529724 22.1727890968323 22.5848245620728 20.4631781578064 22.3509750366211 20.1764421463013 18.025447845459 19.2189612388611 22.8757209777832 18.5247087478638 20.8063111305237 18.1399834156036 16.8303389549255
-9999 -9999 -9999 -9999 -9999 -9999 -9999 -9999 -9999 -9999 -9999 -9999 -9999 -9999 -9999 -9999 -9999 19.4378452301025 19.5990333557129 19.7312707901001 20.0681495666504 -9999 -9999 -9999 21.5750036239624 22.2182097434998 22.1803708076477 21.818305015564 20.134907245636 19.4028677940369 21.8281054496765 19.6134972572327 19.8438534736633 21.1101169586182 21.8699517250061 21.7516551017761 23.5618848800659 24.5608353614807 19.8377718925476 19.9128732681274 17.8816840648651 17.8910901546478 17.6551876068115 17.3306365013123 17.4768204689026 17.9751167297363 17.9045097827911 17.0926258563995 16.1746680736542 16.2809636592865
-9999 -9999 -9999 -9999 -9999 -9999 -9999 -9999 -9999 -9999 -9999 -9999 -9999 -9999 -9999 -9999 -9999 -9999 19.8894324302673 19.8247494697571 -9999 20.6268749237061 20.9190435409546 21.8245372772217 22.0628094673157 22.0698442459106 22.7294950485229 22.695375919342 23.0757474899292 22.4436206817627 22.2227473258972 21.6928787231445 21.9885816574097 21.0434279441833 19.987847328186 19.461353302002 19.6621952056885 21.7189564704895 18.4288098812103 17.3707888126373 17.1931853294373 17.1030671596527 17.74875664711 17.4556319713593 16.6277077198029 16.2895991802216 16.580423116684 16.0988011360168 16.766800403595 16.6156525611877
-9999 -9999 -9999 -9999 -9999 -9999 -9999 -9999 -9999 -9999 -9999 -9999 -9999 -9999 -9999 -9999 -9999 -9999 -9999 -9999 20.7257556915283 20.8995122909546 21.4033074378967 21.8222050666809 22.2617073059082 22.5138545036316 22.1965570449829 22.2681970596313 23.4600429534912 23.2810134887695 21.5720324516296 21.4687495231628 20.3608407974243 21.791316986084 22.225962638855 20.9392910003662 18.9972867965698 20.2401695251465 19.2530794143677 18.1973226070404 17.7507405281067 18.2700510025024 18.1671032905579 17.6297755241394 17.0572144985199 16.4014766216278 16.3215720653534 15.9741063117981 17.2139432430267 19.7690649032593
-9999 -9999 -9999 -9999 -9999 -9999 -9999 -9999 -9999 -9999 -9999 -9999 -9999 -9999 -9999 -9999 -9999 -9999 -9999 -9999 -9999 21.0988059043884 21.5721678733826 22.127899646759 22.8070383071899 22.7843012809753 23.465443611145 23.5198378562927 23.7937393188477 22.5829172134399 23.0305094718933 23.3704714775085 23.301745891571 22.9161224365234 21.3962750434875 22.4554061889648 23.9228515625 24.0071411132812 22.4102163314819 20.34130859375 20.8382964134216 19.0191259384155 18.0831909179688 16.9485535621643 16.6740701198578 16.6622791290283 16.3864359855652 16.0413513183594 17.3639395236969 20.4433431625366
-9999 -9999 -9999 -9999 -9999 -9999 -9999 -9999 -9999 -9999 -9999 -9999 -9999 -9999 -9999 -9999 -9999 -9999 -9999 -9999 20.6934723854065 20.8287053108215 21.6661581993103 22.2907385826111 22.8906402587891 23.31178855896 23.7166018486023 23.7189812660217 24.0728521347046 24.2064146995544 24.6871356964111 24.8720564842224 24.2175374031067 23.6394786834717 24.5462317466736 22.6406512260437 19.2222146987915 20.6845121383667 22.5495848655701 20.3380937576294 19.7932729721069 18.6019902229309 18.0677897930145 17.3460884094238 17.0508952140808 17.4922389984131 20.1123523712158 19.3220200538635 19.8856816291809 20.4761805534363
-9999 -9999 -9999 -9999 -9999 -9999 -9999 -9999 -9999 -9999 -9999 -9999 -9999 -9999 -9999 -9999 -9999 -9999 -9999 -9999 19.8717885017395 20.884343624115 21.514139175415 22.0814061164856 22.7733340263367 23.4878082275391 23.8760471343994 24.3029599189758 -9999 24.8283576965332 24.9676337242126 25.0286812782288 25.2225022315979 24.9477467536926 23.2175345420837 22.9767637252808 19.9424819946289 19.4703731536865 19.7590475082397 19.7904834747314 19.4388818740845 19.0278902053833 17.6421620845795 19.0933375358582 21.7169580459595 20.711371421814 20.8252563476562 20.1875343322754 19.0309438705444 18.4407606124878
-9999 -9999 -9999 -9999 -9999 -9999 -9999 -9999 -9999 -9999 -9999 -9999 -9999 -9999 -9999 -9999 -9999 -9999 19.2499942779541 19.5928544998169 -9999 21.0644998550415 21.2041535377502 21.9655146598816 22.8878288269043 23.5399265289307 23.9163656234741 24.0886359214783 24.6168155670166 24.3887124061584 25.0675897598267 25.0659785270691 24.7469763755798 24.3592495918274 24.2406363487244 23.816876411438 21.4955034255981 20.5132098197937 20.3521881103516 20.6741285324097 21.7802557945251 21.4125466346741 21.629358291626 22.4091858863831 20.2356600761414 21.7463669776917 21.1447610855103 19.5961585044861 19.9292311668396 19.1889324188232
-9999 -9999 -9999 -9999 -9999 -9999 -9999 -9999 -9999 -9999 -9999 -9999 -9999 -9999 -9999 -9999 -9999 -9999 -9999 -9999 -9999 -9999 21.8650031089783 22.7722158432007 23.2794618606567 23.7529582977295 24.1595516204834 24.1533999443054 24.5437073707581 24.8160734176636 25.2218432426453 25.3306522369385 25.9087996482849 25.8691539764404 26.246102809906 25.1080369949341 22.7785620689392 20.1083078384399 22.2012095451355 22.3578414916992 23.998939037323 25.0211901664734 22.947765827179 21.8408198356628 23.5911026000977 22.4661302566528 19.4374184608459 17.9285748004913 18.3739161491394 18.989492893219
-9999 -9999 -9999 -9999 -9999 -9999 -9999 -9999 -9999 -9999 -9999 -9999 -9999 -9999 -9999 -9999 -9999 -9999 -9999 19.6890478134155 -9999 20.9457950592041 -9999 22.841094493866 23.3509216308594 23.9105930328369 24.2200522422791 24.4834733009338 24.9120349884033 25.1416869163513 25.505156993866 25.3871650695801 24.7955198287964 25.3349356651306 26.2804265022278 26.1206402778625 23.9095821380615 21.117579460144 21.4230880737305 24.9736189842224 26.0247311592102 24.0369172096252 24.5497875213623 24.7410116195679 23.9387784004211 21.9360523223877 19.8770418167114 19.2026324272156 20.6510286331177 20.9121775627136
-9999 -9999 -9999 -9999 -9999 -9999 -9999 -9999 -9999 -9999 -9999 -9999 -9999 -9999 -9999 -9999 -9999 -9999 -9999 -9999 -9999 21.4011855125427 22.0044655799866 22.7116856575012 23.3447403907776 23.8334574699402 24.3634204864502 24.5616173744202 24.9559307098389 25.3318357467651 25.4242339134216 25.7810525894165 25.8658790588379 25.7937602996826 26.1642923355103 25.8552198410034 25.8118109703064 25.7678437232971 24.2216658592224 25.6150689125061 25.4963278770447 23.0847730636597 22.8680753707886 24.6384363174438 22.9983558654785 24.0900883674622 22.5693845748901 23.7847805023193 23.4926977157593 23.0724034309387
-9999 -9999 -9999 -9999 -9999 -9999 -9999 -9999 -9999 -9999 -9999 -9999 -9999 -9999 -9999 -9999 -9999 -9999 -9999 -9999 21.4221820831299 21.6633429527283 22.1306810379028 -9999 23.0980849266052 23.5713911056519 23.7625093460083 24.2842807769775 24.7062644958496 25.1512379646301 25.797972202301 25.5123081207275 25.7626142501831 25.2520003318787 26.2716908454895 26.5318851470947 26.3482356071472 26.1395473480225 26.2467713356018 25.411792755127 23.7902364730835 21.3558239936829 21.6009893417358 23.3319578170776 20.8737268447876 23.6962113380432 21.9884390830994 20.5279393196106 20.9804039001465 20.7766423225403
-9999 -9999 -9999 -9999 -9999 -9999 -9999 -9999 -9999 -9999 -9999 -9999 -9999 -9999 -9999 -9999 -9999 -9999 -9999 -9999 -9999 21.8166546821594 22.3018388748169 22.6739130020142 23.1624331474304 23.6194539070129 24.0560698509216 24.5593566894531 24.7084107398987 24.9915390014648 25.5756711959839 26.1731953620911 26.0194978713989 25.4477524757385 26.275899887085 26.3315472602844 26.5097241401672 25.7930135726929 24.876184463501 25.6990842819214 25.0727972984314 23.8496875762939 24.423415184021 24.6263718605042 23.2330346107483 21.098051071167 20.2323880195618 20.9081125259399 20.6920719146729 20.713369846344
-9999 -9999 -9999 -9999 -9999 -9999 -9999 -9999 -9999 -9999 -9999 -9999 -9999 -9999 -9999 -9999 -9999 -9999 -9999 -9999 -9999 -9999 22.3888077735901 22.7681875228882 23.0200343132019 23.7928023338318 24.2871074676514 24.7125973701477 25.145272731781 25.3309807777405 25.4643154144287 26.1560163497925 25.5484910011292 25.6073317527771 26.2081265449524 25.6177816390991 26.3786687850952 26.6677989959717 26.6938529014587 24.4039015769958 24.1407718658447 23.7939558029175 24.0748739242554 22.2576303482056 21.1615896224976 20.0266966819763 19.5756974220276 19.402886390686 18.4942665100098 18.9774198532104
-9999 -9999 -9999 -9999 -9999 -9999 -9999 -9999 -9999 -9999 -9999 -9999 -9999 -9999 -9999 -9999 -9999 -9999 -9999 -9999 -9999 -9999 -9999 -9999 23.3178606033325 23.6214413642883 -9999 24.9612588882446 25.1931467056274 25.5413317680359 25.7738370895386 26.2804317474365 25.7579765319824 25.984203338623 26.583598613739 26.6243257522583 26.4487781524658 25.0217733383179 25.7729992866516 24.9419279098511 23.5426788330078 24.443461894989 25.406102180481 24.7789335250854 23.327446937561 21.1756415367126 20.2349853515625 21.2173533439636 20.0824995040894 19.3129706382751
-9999 -9999 -9999 -9999 -9999 -9999 -9999 -9999 -9999 -9999 -9999 -9999 -9999 -9999 -9999 -9999 -9999 -9999 -9999 -9999 -9999 -9999 -9999 22.6716818809509 23.1880068778992 23.8473219871521 24.1657485961914 25.1301846504211 25.5179042816162 25.9736762046814 26.1315808296204 26.5720987319946 26.664192199707 26.287754535675 25.3883748054504 24.9887933731079 26.3319840431213 26.48237657547 26.4166035652161 25.1242661476135 25.2772264480591 23.8706560134888 23.422251701355 24.0806407928467 23.2381525039673 23.6485013961792 23.2813138961792 21.9101185798645 20.7197041511536 20.043936252594
-9999 -9999 -9999 -9999 -9999 -9999 -9999 -9999 -9999 -9999 -9999 -9999 -9999 -9999 -9999 -9999 -9999 -9999 -9999 -9999 -9999 -9999 -9999 -9999 23.6121578216553 24.1158900260925 24.4244990348816 24.9034953117371 25.6860113143921 26.1569566726685 26.6582436561584 26.4421381950378 26.4739570617676 26.6258935928345 24.8509221076965 23.2775077819824 25.7391662597656 24.8937501907349 23.4545440673828 21.8318362236023 22.3997869491577 25.1489071846008 25.7213597297668 26.6520733833313 26.0775527954102 25.1878862380981 23.9195709228516 22.7978506088257 22.2545785903931 22.084894657135
-9999 -9999 -9999 -9999 -9999 -9999 -9999 -9999 -9999 -9999 -9999 -9999 -9999 -9999 -9999 -9999 -9999 -9999 -9999 -9999 -9999 -9999 -9999 -9999 23.4712858200073 24.1306028366089 24.4336609840393 24.9743375778198 25.5011525154114 26.3296508789062 26.8265480995178 26.9322896003723 26.7018013000488 26.5203585624695 27.1122446060181 25.3086833953857 25.883056640625 24.7196311950684 23.1065092086792 22.8749198913574 23.9422812461853 26.8342514038086 25.6267886161804 24.7541270256042 23.2814722061157 22.7932434082031 20.8949723243713 20.6681609153748 20.8107938766479 22.3914623260498
-9999 -9999 -9999 -9999 -9999 -9999 -9999 -9999 -9999 -9999 -9999 -9999 -9999 -9999 -9999 -9999 -9999 -9999 -9999 -9999 -9999 -9999 -9999 -9999 23.3280930519104 23.7976922988892 24.5879836082458 25.0265669822693 24.7955617904663 26.2360777854919 26.7953219413757 27.2600507736206 27.4404854774475 27.4674215316772 27.2106008529663 26.5514135360718 25.4773659706116 25.7647819519043 24.5933794975281 24.2500624656677 26.1534738540649 26.8620328903198 25.6362190246582 22.9658966064453 21.6136255264282 21.5841388702393 19.5467824935913 19.8917675018311 20.9813179969788 23.3253588676453
-9999 -9999 -9999 -9999 -9999 -9999 -9999 -9999 -9999 -9999 -9999 -9999 -9999 -9999 -9999 -9999 -9999 -9999 -9999 -9999 -9999 -9999 -9999 -9999 -9999 23.4463829994202 24.1989812850952 24.7612657546997 25.3003263473511 26.006854057312 27.1086802482605 27.5073442459106 27.5384979248047 27.25217628479 26.5281157493591 26.6549043655396 26.4142150878906 26.4674792289734 25.3577418327332 26.0550651550293 26.7497124671936 27.0991950035095 25.3240160942078 23.3961839675903 23.6423306465149 24.3663182258606 24.4244332313538 23.4009170532227 24.1329793930054 24.8788857460022
-9999 -9999 -9999 -9999 -9999 -9999 -9999 -9999 -9999 -9999 -9999 -9999 -9999 -9999 -9999 -9999 -9999 -9999 -9999 -9999 -9999 -9999 -9999 -9999 -9999 23.5792579650879 23.9128308296204 24.3323445320129 24.4664878845215 25.3730149269104 26.0504069328308 27.0223016738892 26.6827058792114 26.2950620651245 26.3921556472778 26.280041217804 26.7472033500671 25.4887347221375 25.5936717987061 26.7687168121338 27.157874584198 25.0663409233093 26.2444982528687 26.0032587051392 25.6604232788086 26.1013088226318 26.7961473464966 26.0114765167236 24.2778468132019 26.3428411483765
-9999 -9999 -9999 -9999 -9999 -9999 -9999 -9999 -9999 -9999 -9999 -9999 -9999 -9999 -9999 -9999 -9999 -9999 -9999 -9999 -9999 -9999 -9999 -9999 -9999 -9999 23.777473449707 23.7827305793762 24.1075148582458 24.9043598175049 -9999 -9999 -9999 -9999 26.3838424682617 26.2827854156494 26.5907416343689 26.6966576576233 26.8104801177979 -9999 26.3010678291321 25.0870108604431 26.3661971092224 26.2306399345398 26.3729639053345 25.2560758590698 25.3119592666626 25.6385908126831 26.2643237113953 27.2818722724915
