data/spatiotemp/temp1/bio3_norsw_test_2003_2006.asc
NCOLS 654 
NROWS 380 
XLLCORNER 3.91666666666667 
YLLCORNER 55.3333333333333 
CELLSIZE 0.0416666666666666 
NODATA_value -9999 
[rows 154 to 175 of 380, columns 350 to 399 of 654]
23.9262652397156 24.1065030097961 24.0806183815002 23.994372844696 23.9987354278564 23.9894113540649 24.0359125137329 24.1082553863525 24.0581583976746 23.944607257843 23.9993939399719 24.1110372543335 24.1122903823853 24.143150806427 24.1130404472351 24.0107073783875 24.0558700561523 24.037718296051 24.020601272583 23.929027557373 23.8021678924561 23.8294882774353 23.863124370575 23.7557091712952 23.6703677177429 23.840892791748 23.7763185501099 23.5495414733887 23.6071209907532 23.6166658401489 23.7810373306274 23.8385396003723 23.7311120033264 23.7063121795654 23.7900400161743 23.9526925086975 24.0009799003601 23.8839478492737 23.7747583389282 23.691198348999 23.7004790306091 23.7222242355347 23.7620797157288 23.7692723274231 23.7793292999268 23.81822681427 23.7355618476868 23.6572985649109 23.666736125946 23.6672987937927
24.0906748771667 24.1164965629578 24.1216540336609 23.9299082756042 23.9877467155457 24.0213537216187 24.0438919067383 24.1384167671204 24.1231389045715 24.096866607666 24.0607056617737 23.9953279495239 24.0182771682739 24.0377793312073 24.0418953895569 23.8835730552673 23.9244828224182 24.0792770385742 24.0365285873413 24.0089683532715 23.9654664993286 23.9775056838989 24.0331273078918 23.9688239097595 23.8180203437805 23.8057508468628 23.8729023933411 23.8212661743164 23.752552986145 23.8676352500916 23.9772052764893 24.0258851051331 23.9618926048279 24.006272315979 24.0968227386475 24.0820302963257 23.9698691368103 23.9149751663208 23.8363695144653 23.8281259536743 23.8229212760925 23.7499861717224 23.6792039871216 23.6988825798035 23.738007068634 23.7913889884949 23.7973747253418 23.7131733894348 23.6201338768005 23.5522847175598
24.1250519752502 24.0864520072937 24.0051584243774 23.9940528869629 23.8580164909363 23.9695534706116 24.1691884994507 24.1618938446045 24.2078886032104 24.1313242912292 24.0087523460388 23.9660596847534 24.0021963119507 23.9324541091919 23.9205875396729 23.9855461120605 23.9205312728882 24.0829944610596 24.2269787788391 24.1097288131714 24.1528873443604 24.0235114097595 23.9708046913147 23.9695754051208 23.8778796195984 23.9541440010071 23.985285282135 23.9457111358643 23.7970871925354 23.669116973877 23.9446887969971 23.9943494796753 24.093523979187 24.1115694046021 24.0971846580505 24.1034398078918 24.0106201171875 23.9395394325256 23.846830368042 23.8113989830017 23.7971858978271 23.587703704834 23.3755879402161 23.4403009414673 23.5414009094238 23.5601177215576 23.5111694335938 23.4399485588074 23.3805222511292 23.3067259788513
24.1026926040649 24.1013994216919 23.9806385040283 24.0313587188721 24.0497150421143 24.0636682510376 24.2174634933472 24.2121500968933 24.2059588432312 24.1558384895325 24.051070690155 24.0993995666504 24.1746745109558 23.9611806869507 24.0437412261963 24.2072615623474 24.1158304214478 24.2295508384705 24.38995885849 24.2899971008301 24.2289423942566 24.1310086250305 24.107168674469 24.1886649131775 24.0930509567261 24.1496767997742 24.1785707473755 24.044614315033 23.8792934417725 23.882200717926 23.9565696716309 24.0182499885559 24.0998778343201 24.0982255935669 24.0886702537537 24.0403733253479 23.9367475509644 23.8069748878479 23.6997447013855 23.6861324310303 23.6878337860107 23.6094837188721 23.476731300354 23.4436779022217 23.4721508026123 23.3911380767822 23.308886051178 23.3071212768555 23.2866268157959 23.2651538848877
24.1260509490967 24.0719223022461 24.0768384933472 24.1508312225342 24.2456202507019 24.1286249160767 24.105185508728 24.0977606773376 24.135621547699 24.1686997413635 24.1669964790344 24.125657081604 24.1152410507202 24.0695958137512 24.2740426063538 24.3511753082275 24.3929901123047 24.4623126983643 24.4776101112366 24.3997983932495 24.1693224906921 23.9856462478638 24.0475478172302 24.1418447494507 24.176851272583 24.097996711731 24.125768661499 24.0525941848755 23.9753546714783 23.995331287384 23.9945058822632 24.0690078735352 24.0689249038696 23.9284200668335 23.9191145896912 23.8385376930237 23.744215965271 23.6808958053589 23.6440501213074 23.584246635437 23.5871658325195 23.4973883628845 23.466064453125 23.4658479690552 23.4800362586975 23.5070371627808 23.3666172027588 23.3017907142639 23.2273259162903 23.1056671142578
23.9323530197144 24.0450644493103 24.0681562423706 24.0638961791992 24.2265610694885 24.1344566345215 24.0754351615906 24.0817031860352 24.1354928016663 24.1569919586182 24.2795629501343 24.3029532432556 24.2689371109009 24.3836240768433 24.4801115989685 24.5200271606445 24.503764629364 24.4866337776184 24.5268130302429 24.4309258460999 24.2097611427307 24.0881805419922 24.1367588043213 24.1787376403809 24.2823247909546 24.2933259010315 24.3037099838257 24.188515663147 24.0761704444885 23.9969663619995 23.9073586463928 23.9207000732422 23.9389619827271 23.8477215766907 23.7409982681274 23.6149458885193 23.5354328155518 23.5145239830017 23.5525918006897 23.5287117958069 23.5025343894958 23.5188326835632 23.5178108215332 23.5530958175659 23.5178151130676 23.4492249488831 23.3008584976196 23.1387605667114 23.0628023147583 23.0469903945923
23.911988735199 23.9271388053894 24.0049414634705 23.9138164520264 24.0193357467651 24.0603394508362 24.2143096923828 24.2727313041687 24.3543810844421 24.3432593345642 24.3218212127686 24.2380900382996 24.226420879364 24.222550868988 24.2947540283203 24.4525651931763 24.5030131340027 24.4407801628113 24.4431748390198 24.3971199989319 24.2854323387146 24.1831974983215 24.1243877410889 24.1624822616577 24.3110337257385 24.2564764022827 24.3290796279907 24.3612122535706 24.2933483123779 24.2000784873962 24.0506706237793 24.0306243896484 24.0771179199219 24.0145559310913 23.8783121109009 23.7995262145996 23.7432060241699 23.6926550865173 23.5022315979004 23.3026366233826 23.2524456977844 23.3760814666748 23.3659257888794 23.3952584266663 23.3747563362122 23.2666816711426 22.9715256690979 22.7523236274719 22.6112699508667 22.6496024131775
23.9477500915527 24.3724675178528 24.3897862434387 24.3062720298767 24.1311640739441 24.0834460258484 24.2391748428345 24.3922581672668 24.2868881225586 24.3914203643799 24.4078917503357 24.3639373779297 24.1921601295471 24.1518988609314 24.3758592605591 24.4625821113586 24.5388116836548 24.5536713600159 24.5026450157166 24.4467802047729 24.4473676681519 24.2517032623291 24.2660393714905 24.198588848114 24.4134664535522 24.4250679016113 24.4933395385742 24.5303602218628 24.4739437103271 24.3657727241516 24.1887784004211 24.1707048416138 24.2096405029297 24.0607981681824 23.8373255729675 23.7337031364441 23.6533613204956 23.6611204147339 23.5348916053772 23.4707074165344 23.3678441047668 23.40403175354 23.3482551574707 23.3412861824036 23.2766537666321 23.1223511695862 22.6709485054016 22.2333240509033 22.2510342597961 22.3589458465576
24.2962288856506 24.4515681266785 24.5377411842346 24.4210529327393 24.2002167701721 24.1474976539612 24.3482055664062 24.4767656326294 24.4062285423279 24.4243030548096 24.4442162513733 24.3216919898987 24.4832315444946 24.4920525550842 24.6158165931702 24.6563320159912 24.6342387199402 24.5791153907776 24.569317817688 24.6297645568848 24.6961488723755 24.6382465362549 24.6563639640808 24.7263860702515 24.733606338501 24.7384734153748 24.6794104576111 24.5782251358032 24.4233384132385 24.311863899231 24.1636095046997 24.1984338760376 24.1847133636475 24.0555105209351 23.9558615684509 23.7527227401733 23.6332559585571 23.6483330726624 23.6922278404236 23.6039628982544 23.4814348220825 23.3808617591858 23.2135953903198 23.1738877296448 23.1430683135986 22.9783244132996 22.5206661224365 22.1468725204468 22.2351622581482 22.3094673156738
24.3380184173584 24.5186553001404 24.5455298423767 24.5221228599548 24.4883666038513 24.3655610084534 24.5350956916809 24.6595411300659 24.7100071907043 24.6510691642761 24.5345144271851 24.4638872146606 24.5482740402222 24.5471453666687 24.6431789398193 24.6198258399963 24.5901250839233 24.4495453834534 24.3923316001892 24.4118328094482 24.6562247276306 24.6841478347778 24.7433280944824 24.7762341499329 24.9088578224182 24.8892908096313 24.6916766166687 24.5496320724487 24.2901229858398 24.2433795928955 24.2644424438477 24.2924675941467 24.2838263511658 24.1909708976746 24.0626006126404 23.8949608802795 23.707558631897 23.55406665802 23.4891300201416 23.618706703186 23.5499820709229 23.4164600372314 23.1845808029175 23.0482707023621 22.9139699935913 22.7824673652649 22.4934086799622 22.3846173286438 22.4404630661011 22.3138995170593
24.2370634078979 24.4262499809265 24.5098233222961 24.4857592582703 24.4243197441101 24.5130949020386 24.6412749290466 24.6645355224609 24.63401222229 24.5509834289551 24.5775108337402 24.5322842597961 24.3955497741699 24.5433592796326 24.6300530433655 24.6357712745667 24.5801815986633 24.5474071502686 24.4543166160583 24.503146648407 24.680392742157 24.6743693351746 24.6410269737244 24.7649760246277 24.7808308601379 24.7676272392273 24.7296752929688 24.436824798584 24.2656402587891 24.1998391151428 24.2078719139099 24.3208036422729 24.3654336929321 24.166898727417 24.0019693374634 23.8727135658264 23.773425579071 23.6820483207703 23.6005144119263 23.6541223526001 23.4873251914978 23.4146189689636 23.1554236412048 22.9048070907593 22.7605504989624 22.7127861976624 22.6960744857788 22.6582298278809 22.6000156402588 22.4485807418823
24.1688938140869 24.3098511695862 24.4109745025635 24.5320687294006 24.4446358680725 24.5291743278503 24.6258478164673 24.7074756622314 24.6993021965027 24.6404132843018 24.6355762481689 24.5113277435303 24.4554600715637 24.5865683555603 24.6273527145386 24.6421804428101 24.5977897644043 24.6550459861755 24.5645961761475 24.5747184753418 24.7725615501404 24.7174053192139 24.6146240234375 24.7019577026367 24.5006031990051 24.641900062561 24.8527970314026 24.7024540901184 24.5217337608337 24.2756609916687 24.3283133506775 24.4175262451172 24.318030834198 24.2403120994568 24.1280813217163 24.073175907135 23.9718675613403 23.8172988891602 23.7715392112732 23.7697167396545 23.6512703895569 23.5326952934265 23.1218748092651 22.9882044792175 22.9619512557983 22.8923988342285 22.7814764976501 22.6470370292664 22.5251774787903 22.3466882705688
24.0585398674011 24.2286920547485 24.4207320213318 24.4234948158264 24.4269423484802 24.6127433776855 24.7448091506958 24.7622141838074 24.7898354530334 24.7871999740601 24.613214969635 24.5412545204163 24.4682588577271 24.4882988929749 24.6087865829468 24.6224975585938 24.6081871986389 24.5799331665039 24.5574941635132 24.656448841095 24.7285933494568 24.6788654327393 24.6195969581604 24.6605925559998 24.719021320343 24.7697587013245 24.863564491272 24.8841404914856 24.832483291626 24.7201743125916 24.7054362297058 24.6557607650757 24.50395154953 24.3393831253052 24.3157849311829 24.2752733230591 24.1392860412598 23.9515767097473 23.77405834198 23.7815465927124 23.758852481842 23.5963635444641 23.4189977645874 23.3035774230957 23.2369413375854 23.0779452323914 22.8732800483704 22.6753497123718 22.4624943733215 22.2665019035339
23.9432621002197 24.1401257514954 24.2166428565979 24.1601886749268 24.3119316101074 24.49675989151 24.5849838256836 24.7364001274109 24.9089784622192 24.7965135574341 24.4729633331299 24.4190440177917 24.4185609817505 24.3181715011597 24.4305686950684 24.4822969436646 24.6796164512634 24.7040605545044 24.735164642334 24.629168510437 24.5210776329041 24.534294128418 24.543258190155 24.5586686134338 24.615469455719 24.7078909873962 24.8148579597473 24.8440184593201 24.7983570098877 24.6913871765137 24.6829380989075 24.5820374488831 24.6347556114197 24.4914035797119 24.1933455467224 24.2536826133728 24.0951437950134 23.907434463501 23.7869834899902 23.8062753677368 23.7615151405334 23.6418409347534 23.5459537506104 23.4802174568176 23.3924736976624 23.179162979126 22.9162998199463 22.6471881866455 22.4552841186523 22.2364015579224
24.2518973350525 24.2196044921875 24.2390584945679 24.2114849090576 24.3766689300537 24.5164470672607 24.6765823364258 24.7994818687439 24.8572726249695 24.7476930618286 24.4851179122925 24.2680978775024 24.3148045539856 24.3029956817627 24.1564464569092 24.4204611778259 24.6396436691284 24.6156678199768 24.595103263855 24.5574736595154 24.5094599723816 24.4894638061523 24.409565448761 24.5121698379517 24.5863165855408 24.547025680542 24.6268773078918 24.6813998222351 24.7126331329346 24.56010389328 24.519847869873 24.5852618217468 24.6141204833984 24.5768475532532 24.2578887939453 24.2027564048767 24.0280990600586 23.8971724510193 23.9250960350037 23.8254590034485 23.6524176597595 23.5803370475769 23.5434527397156 23.4940638542175 23.3932728767395 23.196647644043 22.8969225883484 22.6258773803711 22.450635433197 22.202805519104
24.302182674408 24.30464220047 24.258065700531 24.3928117752075 24.5181751251221 24.5638251304626 24.5770978927612 24.6175851821899 24.7185850143433 24.6990728378296 24.5398254394531 24.4149107933044 24.4080629348755 24.3820118904114 24.3542575836182 24.3530230522156 24.4633345603943 24.4577918052673 24.3674387931824 24.4388947486877 24.4914712905884 24.603111743927 24.5297141075134 24.4774370193481 24.5932598114014 24.5680193901062 24.657377243042 24.678448677063 24.6717596054077 24.5393223762512 24.5393300056458 24.5532574653625 24.5761704444885 24.4869060516357 24.3313403129578 24.1907753944397 24.0643410682678 24.1386761665344 24.1383175849915 24.0149521827698 23.758731842041 23.5885257720947 23.5497918128967 23.5210165977478 23.417875289917 23.2342953681946 22.8735466003418 22.6143579483032 22.4171772003174 22.1046471595764
24.5094137191772 24.5214605331421 24.4703831672668 24.398576259613 24.4850487709045 24.59610414505 24.5044884681702 24.4047403335571 24.447988986969 24.5635952949524 24.5143060684204 24.3568744659424 24.5740895271301 24.6297364234924 24.6659970283508 24.6555309295654 24.5602989196777 24.3944282531738 24.3169326782227 24.3761291503906 24.4273943901062 24.4292960166931 24.5210499763489 24.5994110107422 24.5814528465271 24.43883228302 24.5613522529602 24.6590156555176 24.5927348136902 24.4697775840759 24.3950934410095 24.4410467147827 24.4422640800476 24.4234623908997 24.1928009986877 24.0795674324036 23.9436612129211 23.9759750366211 24.0019164085388 24.0451731681824 23.8022298812866 23.5705938339233 23.4258046150208 23.4346528053284 23.3639583587646 23.2004480361938 22.950957775116 22.6586966514587 22.32524061203 22.002781867981
24.7324004173279 24.619158744812 24.6512694358826 24.6170539855957 24.4747114181519 24.6014666557312 24.7089295387268 24.5773119926453 24.452926158905 24.3906779289246 24.4985394477844 24.4298996925354 24.5546655654907 24.640175819397 24.6293253898621 24.5100831985474 24.381462097168 24.2206802368164 24.0736970901489 24.1892170906067 24.4228820800781 24.4049711227417 24.4822845458984 24.4914755821228 24.4508285522461 24.4319396018982 24.41761302948 24.5104446411133 24.4971742630005 24.4185271263123 24.2728991508484 24.2930254936218 24.4182991981506 24.3241548538208 24.0876607894897 23.9010200500488 23.9088592529297 23.7487950325012 23.7758188247681 23.844181060791 23.8377156257629 23.7206864356995 23.5830078125 23.4333252906799 23.3030133247375 23.1336617469788 22.8340239524841 22.5240144729614 22.1904664039612 21.849479675293
25.0221719741821 24.8633251190186 24.8093395233154 24.6772541999817 24.5327415466309 24.5358653068542 24.7133383750916 24.7477583885193 24.6115040779114 24.4979863166809 24.5578112602234 24.3790483474731 24.214123249054 24.330849647522 24.4550185203552 24.4497952461243 24.3122100830078 24.2093467712402 24.1538572311401 24.1963310241699 24.3660387992859 24.4701838493347 24.4012818336487 24.3654832839966 24.3424205780029 24.3701658248901 24.3659372329712 24.3908934593201 24.3697266578674 24.3339152336121 24.2644205093384 24.2673134803772 24.2104592323303 24.0691676139832 23.8010549545288 23.8076076507568 23.7977533340454 23.7315268516541 23.7471671104431 23.8161592483521 23.8777027130127 23.899486541748 23.7449750900269 23.4229564666748 23.1618838310242 22.9330153465271 22.6665315628052 22.3843655586243 22.1239228248596 21.777382850647
24.9215941429138 24.8299059867859 24.7927889823914 24.7593660354614 24.6088175773621 24.5751252174377 24.6322999000549 24.6390476226807 24.6642918586731 24.514883518219 24.4007601737976 24.3087916374207 24.193573474884 24.0348320007324 24.1287522315979 24.2134404182434 24.1952881813049 24.0975089073181 24.0809922218323 24.0366024971008 24.133143901825 24.3053193092346 24.2449488639832 24.1295976638794 24.0704035758972 24.0611605644226 24.1871185302734 24.1436057090759 24.1000165939331 24.1938061714172 24.1516737937927 24.16863489151 24.0742168426514 23.8616404533386 23.8465847969055 23.9928293228149 23.9783806800842 23.8734312057495 24.0347480773926 24.0984783172607 24.0652832984924 23.9409737586975 23.8364343643188 23.4616041183472 23.1030278205872 22.6793022155762 22.473931312561 22.2955040931702 21.9848704338074 21.6982450485229
25.1046714782715 25.0289025306702 24.9115772247314 24.9176106452942 24.8381180763245 24.744574546814 24.7160229682922 24.672089099884 24.6569495201111 24.5905675888062 24.372015953064 24.1249885559082 23.9585237503052 23.9531536102295 23.9358820915222 24.0834999084473 24.0702652931213 24.0280442237854 23.9457120895386 23.9413933753967 23.9325389862061 24.0151414871216 24.0392255783081 24.0538759231567 23.9836993217468 23.9007925987244 23.9248933792114 23.9854683876038 23.9313974380493 23.8850498199463 23.891960144043 23.868616104126 23.873122215271 23.8327159881592 23.8810353279114 23.9051966667175 23.9576244354248 23.9642987251282 23.9937314987183 24.0368056297302 23.9882521629333 23.93381690979 23.8120307922363 23.5315680503845 23.1749467849731 22.7939829826355 22.4596214294434 22.1258716583252 21.796724319458 21.4923520088196
25.4409856796265 25.4561719894409 25.2753715515137 25.1341099739075 25.1121706962585 24.9014930725098 24.7965326309204 24.7858395576477 24.7109575271606 24.6043176651001 24.3191866874695 24.0798282623291 23.8584852218628 23.7202157974243 23.7871103286743 23.8198165893555 23.8043260574341 23.8291635513306 23.7907333374023 23.798632144928 23.798267364502 23.7587676048279 23.7611017227173 23.8314003944397 23.7265548706055 23.6593055725098 23.6896042823792 23.6231064796448 23.4885029792786 23.5259199142456 23.6519951820374 23.582790851593 23.7389330863953 23.7834143638611 23.7374119758606 23.706732749939 23.8108410835266 23.8700394630432 23.9856476783752 24.0781564712524 24.1270899772644 24.0396122932434 23.6684246063232 23.3598527908325 22.971462726593 22.617130279541 22.2301836013794 21.8305993080139 21.4602174758911 21.0885691642761
