data/spatiotemp/temp1/bio3_norsw_test_2003_2006.asc
NCOLS 654 
NROWS 380 
XLLCORNER 3.91666666666667 
YLLCORNER 55.3333333333333 
CELLSIZE 0.0416666666666666 
NODATA_value -9999 
[rows 176 to 197 of 380, columns 200 to 249 of 654]
24.6634335517883 24.495135307312 24.358528137207 24.7334184646606 24.8274464607239 24.7204270362854 24.380645275116 23.8207836151123 23.2509479522705 22.8008947372437 22.847882270813 23.1876058578491 24.1169419288635 24.0824489593506 24.0839614868164 24.3529810905457 24.4891386032104 23.940098285675 23.8864440917969 23.7759609222412 23.7759699821472 23.6319389343262 23.3157939910889 23.105236530304 23.3869414329529 23.4635915756226 23.908203125 24.1655020713806 24.0551223754883 23.9610662460327 23.9633226394653 23.6236019134521 24.1268997192383 24.1968789100647 24.362557888031 24.2762327194214 24.3422107696533 24.3301448822021 24.168158531189 24.0629005432129 24.1033182144165 24.1709251403809 24.3451700210571 24.3947834968567 23.9823684692383 24.0248746871948 24.18598985672 24.3757929801941 24.2700152397156 24.34148645401
23.9213261604309 24.4183568954468 24.7093000411987 24.5763592720032 24.7585005760193 24.569420337677 24.599892616272 24.3178381919861 23.6593537330627 22.7807307243347 22.921612739563 22.9688310623169 22.9970736503601 23.5636401176453 24.6876177787781 24.8661503791809 24.7767810821533 24.2306008338928 23.8746681213379 24.0163998603821 23.9423398971558 23.908567905426 24.1489086151123 23.9027190208435 23.8021521568298 23.8197073936462 23.8965759277344 24.3740034103394 24.6239371299744 24.2959837913513 24.2706995010376 24.2571921348572 24.5311665534973 24.7813682556152 24.6913275718689 24.7411351203918 24.7751092910767 24.5304646492004 24.2246069908142 24.0857200622559 23.9907493591309 24.0695304870605 24.528715133667 24.5573515892029 24.4484391212463 24.1796832084656 23.9341802597046 24.0498671531677 24.2074122428894 24.5501098632812
23.8462958335876 24.000922203064 24.1941509246826 24.4613404273987 24.7575063705444 24.9059281349182 24.8811345100403 24.9826016426086 24.85666847229 24.1761159896851 23.782820224762 24.2542009353638 24.2847123146057 24.1468505859375 24.4009256362915 24.3822464942932 24.6898679733276 24.7637233734131 24.5889453887939 24.6430125236511 24.582896232605 24.4638628959656 24.6855173110962 24.9325046539307 24.8151345252991 24.888445854187 24.8505511283875 24.9151110649109 25.0978555679321 25.0932102203369 25.0720643997192 25.3004851341248 25.5898180007935 25.5140438079834 25.4765014648438 25.4359879493713 25.4140629768372 25.1476845741272 24.9220752716064 24.7167129516602 24.44145154953 24.1754560470581 24.1604871749878 24.4414248466492 24.6231913566589 24.2333679199219 24.054105758667 24.0367341041565 24.3680949211121 24.6359734535217
23.9649777412415 23.9330530166626 24.2225098609924 24.4580578804016 24.5031962394714 24.5072703361511 24.5579419136047 25.0058846473694 25.2025566101074 25.3532648086548 25.4111595153809 25.4504270553589 25.3459410667419 25.0752754211426 24.8711528778076 25.0223746299744 25.257595539093 25.187168598175 24.8516912460327 24.8205132484436 24.5952281951904 24.5776104927063 24.520848274231 24.6568193435669 25.2339396476746 25.285168170929 25.0829877853394 25.2052073478699 25.2657861709595 25.4300465583801 25.9022469520569 26.0529012680054 26.1053652763367 26.2391238212585 26.2093057632446 26.1427044868469 26.051691532135 25.7448387145996 25.6650514602661 25.564670085907 25.2921671867371 24.9603271484375 24.5704488754272 24.1917662620544 24.2871909141541 24.6080284118652 24.7110090255737 24.6051597595215 24.43656873703 24.5240569114685
24.1043395996094 23.9612460136414 24.194176197052 24.4848852157593 24.5362062454224 24.6369833946228 24.9334740638733 24.9858345985413 24.9314565658569 24.8767056465149 24.7676429748535 24.3046860694885 24.2138428688049 24.6298971176147 25.1732115745544 25.8014101982117 25.7420921325684 25.6381011009216 25.6008152961731 25.4084405899048 25.0219178199768 24.7698698043823 24.7655668258667 25.1965985298157 25.2261199951172 25.3956527709961 25.0810966491699 25.0502452850342 25.1246991157532 25.3118090629578 25.5925998687744 26.0032911300659 26.1055397987366 26.1447420120239 26.2802548408508 26.2984209060669 26.2785120010376 26.1400332450867 26.0050234794617 25.9228773117065 25.8099665641785 25.4907741546631 25.029167175293 24.6594667434692 24.5431666374207 24.5476484298706 24.6872100830078 24.7234058380127 24.7734498977661 24.6995124816895
23.8614649772644 23.8737549781799 24.0235710144043 24.2065749168396 24.0679140090942 24.4722828865051 24.8688178062439 25.1166105270386 25.3228917121887 25.396595954895 25.0063457489014 25.0049781799316 25.2640552520752 25.0741157531738 24.7487230300903 25.4282712936401 26.1882319450378 26.0790581703186 26.0120849609375 26.0253777503967 25.8804969787598 25.6163287162781 25.4979758262634 25.377336025238 25.7810854911804 25.7246656417847 25.8194146156311 25.7743787765503 25.8740696907043 26.0002222061157 26.0477089881897 26.1380343437195 26.1590533256531 25.9944882392883 26.0467505455017 26.0734529495239 26.1749696731567 26.2258677482605 26.0687866210938 25.8391227722168 25.7174735069275 25.6415395736694 25.5533223152161 25.4210453033447 25.3227028846741 25.0353617668152 24.7776575088501 24.7972588539124 24.8919425010681 25.032901763916
24.087583065033 24.3627014160156 24.6035604476929 24.5453596115112 24.6486210823059 24.718101978302 24.7369484901428 25.0082793235779 25.5685496330261 25.5830917358398 25.374391078949 25.2734894752502 25.3948721885681 25.3239045143127 25.2529063224792 25.4228186607361 26.4170360565186 26.6415686607361 26.5007243156433 25.84889793396 25.768768787384 25.5324168205261 25.1964612007141 25.2497625350952 25.4410090446472 26.1233186721802 26.5570735931396 26.4242420196533 26.5706243515015 26.6896448135376 26.6628041267395 26.7318682670593 26.6191139221191 26.5788469314575 26.4960379600525 26.4181776046753 26.4291706085205 26.5054750442505 26.4254570007324 26.1473670005798 25.9411625862122 25.9579348564148 25.7578635215759 25.4734411239624 25.2764081954956 25.1913461685181 25.0661234855652 25.0341038703918 25.0690293312073 25.1484727859497
23.8556618690491 24.4907779693604 24.5058560371399 24.7552161216736 25.1480779647827 25.223611831665 25.1736907958984 25.3367314338684 25.8370800018311 26.3057909011841 26.3510737419128 26.4177026748657 25.7664818763733 24.9317555427551 24.6828594207764 25.4823546409607 25.8889174461365 26.0739631652832 26.5532884597778 26.6376976966858 26.6664457321167 26.2171297073364 26.1137180328369 26.1568188667297 26.1596450805664 26.2277307510376 26.4559469223022 26.2678418159485 26.4795026779175 26.678204536438 26.9027724266052 26.9561800956726 26.9274425506592 26.9306292533875 26.9241828918457 26.7424330711365 26.6805195808411 26.7774844169617 26.6548285484314 26.3559446334839 26.0908517837524 25.8974123001099 25.5373482704163 25.2559385299683 25.2534165382385 25.2102255821228 25.1718559265137 25.2184000015259 25.1702184677124 25.115843296051
23.7496161460876 23.9125871658325 23.9811811447144 24.5625185966492 25.2032375335693 25.4889979362488 25.7887511253357 26.2533621788025 26.5417790412903 26.3161010742188 26.7452745437622 27.0155539512634 27.1582789421082 26.428825378418 25.6302857398987 25.2434706687927 25.2615604400635 25.5913825035095 25.5916700363159 25.6276564598083 26.1567802429199 26.9468989372253 27.2570223808289 27.2418060302734 27.2193489074707 27.248655796051 26.8596348762512 26.6233897209167 26.5830373764038 26.7183585166931 26.8788924217224 26.9250903129578 27.0052871704102 27.1656665802002 27.2475709915161 26.9321465492249 26.7886366844177 26.8507723808289 26.829514503479 26.6145768165588 26.3520884513855 26.2106261253357 26.0591306686401 25.7713642120361 25.2499861717224 25.0613617897034 25.2162232398987 25.3822975158691 25.2793340682983 25.1770658493042
23.7019448280334 23.7866115570068 24.0582690238953 24.4728364944458 24.6798372268677 24.9900732040405 25.4933285713196 26.0957117080688 26.8958015441895 26.9668440818787 26.969066619873 27.1930303573608 27.6049551963806 27.3331079483032 26.7175631523132 25.8935256004333 25.1491484642029 25.7494535446167 25.5356822013855 24.3491930961609 24.788932800293 25.9872303009033 26.9884662628174 27.6024522781372 27.6893706321716 27.5724711418152 27.5304956436157 27.2528691291809 27.2613663673401 27.4386067390442 27.4825277328491 27.2763390541077 27.2205023765564 27.3637475967407 27.5161595344543 27.4531636238098 27.1863732337952 27.059901714325 26.8860330581665 26.4696397781372 26.1543126106262 26.1152439117432 26.2612280845642 26.1142430305481 25.907639503479 25.6292414665222 25.4267959594727 25.2546663284302 25.1409268379211 24.998984336853
24.2087168693542 24.4204058647156 24.6263408660889 24.7238802909851 25.0308413505554 25.4562125205994 26.0236730575562 26.5607724189758 26.9420003890991 26.8984189033508 26.5634641647339 26.9303975105286 27.6349568367004 27.5566048622131 27.5002579689026 27.5298128128052 27.276674747467 27.4049925804138 27.4669156074524 27.327308177948 27.2005662918091 27.2338118553162 27.3046684265137 27.4873132705688 27.3814668655396 27.3701014518738 27.7815971374512 27.8307456970215 27.8416929244995 27.6835904121399 27.6791729927063 27.8315010070801 27.7112302780151 27.5671806335449 27.6405529975891 27.826135635376 27.6040353775024 27.4247374534607 27.2548089027405 26.9549231529236 26.6890916824341 26.3620820045471 26.1940789222717 26.0495038032532 25.7757086753845 25.4471669197083 25.1825575828552 24.8876175880432 24.6724891662598 24.5441102981567
24.5725450515747 24.7115797996521 24.9326648712158 25.2781462669373 25.7352299690247 26.1436114311218 26.5694875717163 26.9841799736023 27.1266956329346 26.8254456520081 26.8970489501953 27.1450304985046 27.0503225326538 26.9978609085083 26.8991613388062 26.7142038345337 26.8982710838318 26.8294734954834 26.3406558036804 26.171718120575 27.0014615058899 28.0180277824402 28.0991654396057 27.9954690933228 27.9546275138855 27.85604429245 27.8877534866333 28.0983247756958 28.5989470481873 28.3862743377686 28.1689219474792 28.1107234954834 28.0498661994934 28.0332155227661 28.0494318008423 28.0790147781372 27.9126529693604 27.6734662055969 27.41779088974 27.1693243980408 26.9354500770569 26.6875824928284 26.3963866233826 26.109224319458 25.842517375946 25.5665936470032 25.3923764228821 25.1678161621094 24.7802085876465 24.4659862518311
25.1852412223816 25.3519554138184 25.4708318710327 26.022716999054 26.5508499145508 26.8401679992676 26.8405156135559 26.7554469108582 26.8764977455139 26.9949040412903 27.1367673873901 27.3079738616943 27.1681027412415 27.0670738220215 26.9133825302124 26.5459280014038 26.6240048408508 26.8887057304382 27.3770213127136 27.6767764091492 27.8880472183228 28.2556538581848 28.6746277809143 28.722677230835 28.4494829177856 28.3381447792053 28.7468962669373 28.8458065986633 28.5863447189331 28.3476972579956 28.4029335975647 28.4726166725159 28.4714608192444 28.438093662262 28.4795241355896 28.3666181564331 28.2333998680115 28.0390725135803 27.7696542739868 27.4742588996887 27.2227845191956 26.914279460907 26.5842790603638 26.1882901191711 25.8716773986816 25.6670565605164 25.4781503677368 25.3761787414551 25.1894106864929 24.9365863800049
25.7609071731567 26.0009250640869 26.3453669548035 26.6914777755737 26.7782154083252 26.6399645805359 26.4686594009399 26.6027212142944 26.7706260681152 27.1768360137939 27.5554313659668 27.577118396759 27.2532849311829 27.2812781333923 27.0799264907837 27.3961749076843 27.1708807945251 27.1182322502136 27.0569858551025 27.1077394485474 26.8830642700195 27.2036919593811 28.0848970413208 28.293173789978 28.1451730728149 28.5649070739746 28.6459374427795 28.265643119812 28.1043386459351 28.0369086265564 28.1089882850647 28.2995080947876 28.608461856842 28.5484843254089 28.4365673065186 28.4609456062317 28.3114733695984 28.0656900405884 27.8760800361633 27.6957473754883 27.438494682312 27.0980854034424 26.6897406578064 26.2667436599731 25.7837409973145 25.3502011299133 25.0795998573303 24.9087982177734 24.821587562561 24.7015910148621
24.5496907234192 24.3094344139099 24.8988981246948 26.1276626586914 26.4865279197693 26.5573687553406 26.7283620834351 26.7526564598083 26.8463273048401 27.04620885849 27.313280582428 27.2541093826294 27.2546358108521 27.1966285705566 26.7689805030823 27.2704510688782 28.1047577857971 28.0819487571716 28.2397508621216 28.4022150039673 28.5846543312073 28.6700220108032 28.728844165802 28.6509132385254 28.7080044746399 28.7912392616272 28.724883556366 28.5596122741699 28.5916819572449 28.6071171760559 28.6985464096069 28.7119584083557 28.7298827171326 28.589476108551 28.6062269210815 28.3983335494995 28.1626691818237 28.0073075294495 27.8873581886292 27.7950372695923 27.6241021156311 27.3119220733643 26.8883638381958 26.3799910545349 25.8864278793335 25.4937324523926 25.1056985855103 24.7922110557556 24.4909672737122 24.2768201828003
24.6881685256958 24.5062279701233 25.3999309539795 25.9064865112305 25.5413837432861 25.836688041687 25.8687319755554 25.9918146133423 25.0592379570007 25.5911707878113 25.856427192688 25.8676319122314 26.3716721534729 27.6564707756042 28.3865804672241 27.2890219688416 26.4256935119629 26.810357093811 28.363926410675 28.946985244751 29.0240416526794 28.9217958450317 28.8183841705322 28.6069602966309 28.1474652290344 27.5747737884521 27.7265462875366 28.428195476532 28.6656723022461 28.7918238639832 28.7735013961792 28.640781879425 28.603232383728 28.6443948745728 28.650146484375 28.5757956504822 28.5054769515991 28.3230776786804 28.0895237922668 27.81640625 27.7462658882141 27.3826432228088 26.9026274681091 26.5133442878723 26.1108589172363 25.5831770896912 25.1908936500549 24.8549857139587 24.570324420929 24.279260635376
25.1706261634827 25.41827917099 25.7001786231995 25.9509606361389 25.4038410186768 24.9944729804993 24.697473526001 25.5712213516235 25.3609066009521 25.6114182472229 25.8686628341675 26.513090133667 26.8366198539734 27.7200045585632 28.6034107208252 28.8639822006226 28.5925135612488 28.5324440002441 28.4517240524292 28.5742869377136 28.746310710907 28.5594654083252 28.4352116584778 28.1289858818054 28.0406160354614 27.9848289489746 27.8451581001282 27.9348678588867 27.9806036949158 27.8562035560608 28.1116604804993 27.9144840240479 27.8877835273743 28.1443243026733 27.5504755973816 26.6992726325989 27.0262022018433 27.8739767074585 28.3597741127014 28.1475067138672 27.8384585380554 27.6129593849182 27.2395009994507 26.8215370178223 26.3709464073181 25.8897309303284 25.4784736633301 25.1172504425049 24.8069477081299 24.4945230484009
25.2188177108765 25.4654731750488 25.4669780731201 26.155478477478 26.3512725830078 25.8860964775085 25.5693821907043 25.9027190208435 25.9012541770935 25.9842028617859 25.9497728347778 26.1203298568726 27.2112641334534 27.8343548774719 28.3795428276062 28.8724637031555 28.9556465148926 28.8559408187866 28.5988068580627 28.3796696662903 28.2133359909058 27.9674277305603 27.0288424491882 26.4168877601624 26.7949151992798 27.6852855682373 27.816113948822 27.7475337982178 27.6351923942566 27.6989030838013 27.8011140823364 27.8245940208435 27.7716698646545 27.8374638557434 27.8083534240723 27.5119824409485 27.3614072799683 26.9810371398926 27.9303741455078 28.2548089027405 27.9935121536255 27.7522554397583 27.5518975257874 27.175865650177 26.7964878082275 26.4006690979004 26.0592122077942 25.7539420127869 25.3375511169434 24.994029045105
25.3174576759338 25.4707961082458 25.7429685592651 26.3217725753784 26.4890375137329 26.1555867195129 25.489755153656 25.5129146575928 25.4860687255859 25.5423159599304 25.7543520927429 26.0815138816833 26.6405897140503 27.5102195739746 27.8159246444702 28.3440985679626 28.1734561920166 28.3036208152771 28.2022109031677 27.7747182846069 26.7559809684753 26.6047325134277 25.8901376724243 26.1069421768188 26.8162450790405 27.4467239379883 27.7156958580017 27.8625798225403 27.8365621566772 27.7084188461304 27.7223119735718 27.6533632278442 27.3705415725708 27.4242658615112 27.5669627189636 27.4942727088928 26.3619170188904 26.3912215232849 26.6710081100464 27.2886118888855 27.5103096961975 27.7256684303284 27.5099039077759 27.2209730148315 26.8727402687073 26.651385307312 26.4173069000244 26.1743607521057 25.8797850608826 25.5386509895325
24.7681107521057 25.465235710144 26.3743271827698 26.6097526550293 26.309362411499 26.1427683830261 26.1490759849548 25.6784415245056 25.0048384666443 25.4777569770813 26.1510272026062 26.7684116363525 27.0614619255066 27.149866104126 26.7493572235107 27.2331132888794 26.6858921051025 26.516402721405 26.1144738197327 27.6291298866272 26.9011068344116 26.1580348014832 26.4203033447266 26.754177570343 27.2985577583313 27.4648990631104 27.7357563972473 27.6208310127258 27.6193432807922 27.3185229301453 27.353289604187 27.6905732154846 27.4092922210693 26.976532459259 26.6438708305359 26.9285135269165 25.900812625885 25.2606949806213 25.460620880127 26.0315403938293 27.1808271408081 27.444375038147 27.2306151390076 27.059485912323 26.9195232391357 26.7094969749451 26.5257034301758 26.2972464561462 26.0701284408569 25.8285093307495
24.9663100242615 25.7054738998413 26.375515460968 26.398533821106 26.2830739021301 26.3231730461121 26.3178148269653 26.5169267654419 26.633104801178 26.6597743034363 26.9300093650818 26.9573464393616 26.5583386421204 25.732837677002 25.5535597801208 26.1213994026184 26.0539655685425 26.2270317077637 25.8095788955688 26.5942387580872 27.3875923156738 28.0051770210266 27.7383246421814 27.9867877960205 27.6421980857849 27.1704182624817 27.7519664764404 27.43785572052 27.6854305267334 27.3014698028564 27.2828135490417 27.750795841217 27.5645833015442 26.8952240943909 26.2499856948853 26.0430378913879 26.1674795150757 25.815737247467 26.1889638900757 26.8325061798096 27.2374238967896 27.2467951774597 27.1087002754211 26.8906083106995 26.5904297828674 26.3016309738159 26.3462891578674 26.3549752235413 26.1875805854797 25.9251804351807
25.525830745697 25.5506782531738 25.7506742477417 25.6309285163879 25.969268321991 26.4574770927429 26.3713297843933 26.7441830635071 26.9242568016052 27.1620936393738 27.316162109375 27.4616317749023 26.5937919616699 25.9952793121338 26.2309460639954 26.1315712928772 26.4661736488342 26.642725944519 27.3560037612915 27.3672699928284 28.0720639228821 28.6341648101807 28.6878662109375 28.4916963577271 28.1755514144897 28.2464799880981 28.242386341095 28.2974920272827 28.2683477401733 28.1246957778931 27.9570994377136 27.6806263923645 28.0362191200256 27.8393712043762 26.7319450378418 26.1112699508667 26.3457107543945 26.7999515533447 26.9842972755432 27.1341338157654 27.1032094955444 26.9376316070557 26.818660736084 26.7446866035461 26.5825433731079 26.3552665710449 26.0869297981262 25.8620529174805 25.9124298095703 26.0035772323608
