data/spatiotemp/temp1/bio4_norsw_test_2003_2006.asc
NCOLS 654 
NROWS 380 
XLLCORNER 3.91666666666667 
YLLCORNER 55.3333333333333 
CELLSIZE 0.0416666666666666 
NODATA_value -9999 
[rows 44 to 65 of 380, columns 350 to 399 of 654]
697.09782409668 716.368927001953 739.723480224609 708.549911499023 714.342239379883 726.507125854492 738.223419189453 741.360092163086 733.115661621094 721.412414550781 716.905395507812 721.239181518555 730.397277832031 735.673049926758 736.773910522461 736.7763671875 733.147338867188 734.20442199707 733.904754638672 712.890518188477 689.111602783203 690.425582885742 715.181594848633 744.350769042969 751.523391723633 749.218368530273 741.412994384766 731.67805480957 735.999298095703 735.644409179688 739.849487304688 753.42463684082 761.499588012695 761.201019287109 746.963806152344 745.065322875977 760.173950195312 766.813751220703 766.919097900391 767.113067626953 761.166122436523 763.560470581055 764.516235351562 781.443725585938 789.808532714844 796.621047973633 810.314971923828 821.520874023438 821.198837280273 822.366012573242
778.711181640625 756.714965820312 745.451522827148 755.363861083984 759.890151977539 748.36735534668 750.348785400391 748.55598449707 744.052917480469 739.608367919922 740.728164672852 743.513702392578 745.639770507812 746.426986694336 750.722549438477 755.626724243164 757.140548706055 753.520278930664 748.988037109375 728.188430786133 -9999 701.353698730469 721.240112304688 744.723281860352 749.79963684082 748.037033081055 745.308334350586 741.924865722656 743.86865234375 739.573196411133 750.375595092773 757.573593139648 763.290573120117 763.562164306641 766.342056274414 770.524703979492 780.518920898438 779.626708984375 765.809982299805 761.119003295898 774.204147338867 774.252136230469 765.866836547852 780.912216186523 794.516143798828 807.851181030273 815.495590209961 826.883026123047 838.756408691406 847.044311523438
787.920989990234 778.345184326172 776.375305175781 784.819396972656 771.818984985352 723.650207519531 713.228622436523 716.935806274414 729.560821533203 733.538162231445 732.501068115234 736.526763916016 745.998138427734 752.275527954102 757.021896362305 759.651947021484 761.865112304688 763.566665649414 771.519256591797 758.299102783203 735.168701171875 731.871078491211 731.692169189453 737.718978881836 746.073852539062 753.14909362793 760.821548461914 763.295806884766 760.747772216797 759.364135742188 763.889373779297 768.583267211914 771.502990722656 772.473495483398 775.634979248047 780.540512084961 781.016464233398 783.825668334961 790.694671630859 787.070495605469 796.079986572266 797.98356628418 794.633209228516 786.812210083008 793.240417480469 806.914337158203 819.679290771484 833.160186767578 831.553726196289 846.585922241211
802.17626953125 801.606735229492 798.904876708984 790.374969482422 784.772216796875 757.255920410156 729.390869140625 715.091262817383 722.235015869141 729.360824584961 743.737808227539 756.439651489258 766.198532104492 773.335418701172 775.404418945312 771.960662841797 772.491302490234 772.970397949219 775.633682250977 768.843292236328 753.171447753906 743.642623901367 732.08659362793 739.123336791992 735.145935058594 744.828872680664 756.692138671875 761.554443359375 765.693344116211 768.829940795898 772.953079223633 774.786697387695 761.732833862305 772.677108764648 781.480331420898 786.516189575195 786.424453735352 785.137649536133 789.117523193359 792.787124633789 798.071990966797 806.364196777344 814.965362548828 818.798751831055 811.421508789062 804.435897827148 811.123992919922 802.485549926758 795.012481689453 814.098098754883
783.452209472656 806.428176879883 809.120941162109 797.907287597656 784.7099609375 766.612976074219 759.063888549805 758.913375854492 767.846603393555 774.820770263672 782.000503540039 783.592651367188 782.809036254883 774.126083374023 767.96142578125 770.444381713867 772.631698608398 774.801574707031 778.170944213867 776.859939575195 760.016876220703 754.491989135742 760.581695556641 748.396331787109 740.786437988281 747.079864501953 753.807434082031 758.406326293945 765.908752441406 771.850540161133 777.997970581055 778.936676025391 771.131652832031 765.145492553711 771.936416625977 790.957000732422 798.891250610352 803.702545166016 804.149383544922 794.412002563477 792.133453369141 800.824768066406 805.885147094727 820.600494384766 835.366073608398 829.817108154297 830.402389526367 829.412994384766 826.360443115234 828.19514465332
780.809112548828 812.385818481445 825.934722900391 806.329483032227 793.184371948242 790.522811889648 786.335357666016 785.496063232422 786.33821105957 787.959823608398 787.047927856445 781.274230957031 775.69548034668 769.194793701172 766.799118041992 767.030242919922 771.838180541992 782.89094543457 788.573348999023 789.622482299805 781.945251464844 775.075622558594 763.507049560547 743.947601318359 756.202651977539 770.362930297852 775.806579589844 777.880416870117 784.078598022461 789.492630004883 786.80012512207 784.683151245117 778.854370117188 770.256500244141 764.781707763672 771.091049194336 784.735702514648 802.377777099609 811.030563354492 812.547760009766 818.155227661133 826.883056640625 834.382583618164 835.892639160156 846.422393798828 864.395858764648 871.010787963867 867.357299804688 860.066345214844 854.838684082031
834.967056274414 843.148513793945 845.697906494141 839.031509399414 833.090469360352 812.397201538086 789.78434753418 779.885269165039 774.154983520508 770.13508605957 758.095520019531 753.498321533203 744.93896484375 755.435760498047 768.019729614258 775.976715087891 787.930465698242 796.992950439453 801.510147094727 797.08186340332 788.17024230957 784.679672241211 789.509628295898 791.263595581055 790.467712402344 783.551483154297 771.898773193359 767.170989990234 765.54817199707 769.456192016602 780.354736328125 779.997970581055 784.107177734375 783.937835693359 773.51237487793 784.489486694336 785.165481567383 797.012191772461 813.733901977539 826.861434936523 835.75325012207 843.904815673828 851.290374755859 856.267074584961 863.447006225586 870.61457824707 885.164840698242 894.462203979492 894.050399780273 896.067306518555
837.445587158203 832.261962890625 837.525985717773 840.615692138672 837.513076782227 836.690063476562 838.147491455078 831.812149047852 824.614837646484 818.095932006836 813.626922607422 804.1416015625 789.068161010742 780.986404418945 789.162033081055 793.519393920898 792.84114074707 797.753814697266 805.571365356445 806.116012573242 804.27653503418 799.994293212891 801.50651550293 799.334274291992 794.686630249023 787.358505249023 776.638259887695 779.096298217773 780.221069335938 778.144271850586 771.888519287109 781.809234619141 794.076187133789 799.718414306641 796.572326660156 792.288467407227 776.661422729492 793.694259643555 798.378234863281 805.808944702148 817.810241699219 825.480041503906 842.844879150391 858.711364746094 862.315383911133 857.558044433594 865.078048706055 872.675888061523 872.859680175781 874.747421264648
815.371734619141 775.680648803711 775.003189086914 782.296676635742 804.017547607422 811.208267211914 811.614929199219 802.261871337891 807.155395507812 827.15168762207 829.20637512207 808.375076293945 802.735092163086 801.499771118164 794.629150390625 795.787460327148 802.333938598633 801.653060913086 805.386810302734 808.315521240234 808.42724609375 805.58317565918 803.059341430664 801.177520751953 792.502151489258 788.298812866211 786.164489746094 786.036285400391 789.105361938477 792.785308837891 794.171127319336 796.748611450195 803.862442016602 807.290023803711 801.925872802734 792.858993530273 786.875381469727 800.004348754883 809.759170532227 791.107040405273 796.939712524414 812.131469726562 834.848129272461 861.632858276367 878.122482299805 879.994934082031 882.660186767578 887.364776611328 887.913162231445 888.683380126953
768.587356567383 728.475723266602 739.109344482422 774.086715698242 761.408981323242 752.686309814453 776.822738647461 790.046661376953 795.257629394531 813.662780761719 825.205200195312 792.386856079102 751.675750732422 747.159332275391 753.562881469727 753.692169189453 760.981552124023 772.085876464844 773.254135131836 785.84130859375 788.644714355469 787.382888793945 792.637023925781 798.765487670898 796.871490478516 795.309753417969 794.827484130859 794.661636352539 798.363464355469 799.551788330078 792.825775146484 790.452819824219 784.936477661133 793.547973632812 799.882217407227 807.163848876953 812.655517578125 820.447616577148 829.981033325195 827.33137512207 822.92024230957 828.628768920898 842.834381103516 863.517456054688 882.228363037109 891.337112426758 887.814178466797 890.45588684082 908.220672607422 920.108184814453
758.642059326172 742.050735473633 724.577041625977 742.181213378906 742.993637084961 739.931243896484 759.739730834961 769.218658447266 794.9287109375 798.24153137207 761.964736938477 794.822235107422 805.574142456055 790.60090637207 767.972274780273 753.574981689453 748.473052978516 751.045501708984 760.845291137695 758.313598632812 765.289505004883 780.576034545898 790.754684448242 798.176879882812 802.718612670898 799.297317504883 799.363876342773 801.918319702148 805.219741821289 808.510848999023 805.885833740234 800.109725952148 796.067321777344 794.90380859375 797.583984375 806.809936523438 818.709411621094 823.310256958008 829.584228515625 836.438079833984 841.746673583984 849.136001586914 857.051574707031 865.4921875 872.992706298828 878.269027709961 882.597625732422 886.475463867188 893.786895751953 901.526901245117
769.107330322266 744.939590454102 765.260360717773 762.850936889648 754.428726196289 740.395919799805 752.371932983398 754.29411315918 749.087112426758 794.81086730957 752.540649414062 752.013977050781 762.846466064453 799.302795410156 803.060089111328 784.509674072266 784.933990478516 779.322891235352 771.432876586914 784.233795166016 778.856643676758 772.330276489258 780.165817260742 790.940063476562 804.746765136719 807.868530273438 806.953460693359 810.966232299805 815.694885253906 816.930755615234 816.102951049805 817.240844726562 818.712326049805 817.625595092773 813.291259765625 809.201248168945 809.744003295898 812.058990478516 819.59001159668 826.410629272461 832.914093017578 842.215255737305 860.432464599609 865.355682373047 865.983367919922 863.749801635742 870.527267456055 881.33740234375 889.18000793457 897.315231323242
827.36491394043 805.837417602539 779.526382446289 762.772109985352 757.658935546875 753.455947875977 767.113708496094 762.489990234375 753.691467285156 757.817474365234 764.087188720703 764.170028686523 784.18147277832 788.081909179688 769.739151000977 749.995788574219 760.060897827148 777.312561035156 789.866577148438 795.700607299805 806.951232910156 804.346008300781 794.645736694336 794.681503295898 796.014373779297 799.790817260742 807.537979125977 811.396423339844 816.248382568359 820.158020019531 820.408050537109 821.354675292969 823.371459960938 827.402603149414 830.113784790039 828.29052734375 825.813354492188 827.641693115234 829.538146972656 833.707489013672 838.067825317383 843.390197753906 856.300903320312 866.67854309082 872.502136230469 875.648834228516 878.436782836914 883.913604736328 892.732147216797 900.150024414062
826.980239868164 828.583114624023 806.013565063477 809.434371948242 810.461608886719 814.930572509766 783.55094909668 774.665298461914 773.708709716797 793.107223510742 790.136428833008 814.645462036133 800.742233276367 792.037948608398 777.877059936523 755.51057434082 756.240447998047 771.879257202148 784.786972045898 802.920211791992 819.725540161133 812.932250976562 798.826919555664 782.379241943359 786.971908569336 797.141967773438 800.123107910156 803.545318603516 805.073577880859 812.867385864258 819.85481262207 819.445266723633 820.644775390625 827.042877197266 834.694717407227 837.317672729492 838.138107299805 837.768112182617 835.104995727539 835.076461791992 838.316665649414 840.908081054688 850.034210205078 859.032165527344 870.831817626953 881.225067138672 887.431228637695 894.919494628906 902.464111328125 907.279907226562
815.173797607422 818.613403320312 803.636169433594 834.339614868164 804.450088500977 803.920944213867 801.759765625 779.647689819336 786.059158325195 817.122863769531 840.677764892578 843.400085449219 819.391906738281 829.308013916016 812.038879394531 794.815093994141 796.479782104492 787.842163085938 786.0693359375 805.619674682617 819.924072265625 812.598861694336 798.475921630859 791.765243530273 788.494140625 797.27897644043 797.906600952148 807.259262084961 814.804595947266 816.257354736328 826.250793457031 832.926086425781 827.904907226562 824.91276550293 824.871658325195 828.103744506836 838.05647277832 841.431350708008 844.721496582031 847.389175415039 849.316040039062 849.142395019531 852.167068481445 856.117980957031 862.714920043945 873.25065612793 889.822265625 902.401992797852 907.540588378906 910.987365722656
796.726196289062 819.477966308594 773.345367431641 800.821563720703 823.184555053711 827.649780273438 824.149261474609 795.272247314453 812.027801513672 832.89631652832 859.351852416992 849.349197387695 825.213638305664 839.640335083008 832.225616455078 834.474380493164 823.282379150391 808.186386108398 802.325759887695 794.648040771484 797.706634521484 808.680114746094 827.120742797852 834.528259277344 835.693298339844 835.861480712891 834.545684814453 831.82698059082 831.90966796875 833.412643432617 835.223602294922 838.024719238281 827.882263183594 825.94841003418 824.625747680664 829.218948364258 840.386306762695 848.155700683594 852.994338989258 853.690139770508 854.747116088867 853.762161254883 855.038360595703 854.227172851562 857.500579833984 864.508651733398 883.571395874023 901.815292358398 909.481628417969 914.323272705078
764.733856201172 811.075607299805 765.833053588867 760.936019897461 755.354705810547 787.068466186523 831.624603271484 833.627044677734 846.292922973633 838.917129516602 829.893096923828 842.898742675781 849.413986206055 858.734466552734 866.721893310547 859.02033996582 836.986450195312 825.779083251953 819.713943481445 823.03434753418 828.676071166992 825.299209594727 814.72346496582 818.071563720703 825.198577880859 830.077560424805 829.607894897461 827.757995605469 828.603851318359 829.259399414062 836.811782836914 848.464248657227 853.98420715332 850.879608154297 849.443237304688 852.195999145508 849.932723999023 846.410293579102 846.924102783203 848.591369628906 853.207244873047 862.095077514648 863.502990722656 858.857055664062 857.190582275391 863.510787963867 882.496887207031 894.65168762207 900.453552246094 911.959686279297
731.469284057617 800.302490234375 770.494781494141 746.925903320312 743.439117431641 757.20915222168 768.564926147461 787.364440917969 814.988952636719 809.31819152832 786.435577392578 787.548904418945 802.349380493164 826.875228881836 850.263381958008 871.55387878418 876.918014526367 866.998519897461 852.699768066406 845.656372070312 846.207336425781 843.367767333984 834.353622436523 817.945373535156 809.027145385742 796.398803710938 797.013214111328 810.560440063477 819.184158325195 828.073272705078 841.137878417969 857.032135009766 865.476608276367 863.39599609375 861.493682861328 864.120040893555 866.258331298828 865.892730712891 862.8681640625 864.193862915039 866.738662719727 868.537124633789 875.968353271484 879.659027099609 879.309310913086 885.474807739258 896.464141845703 901.056365966797 903.035934448242 912.807907104492
755.073577880859 794.871551513672 804.992401123047 766.201080322266 751.304473876953 763.568664550781 778.879699707031 786.799072265625 788.380386352539 790.132415771484 796.840179443359 805.561370849609 825.957946777344 821.620559692383 827.551116943359 845.912857055664 868.617401123047 875.820709228516 844.308578491211 811.431930541992 801.728149414062 829.651397705078 839.541595458984 838.702972412109 828.592361450195 822.461013793945 823.783462524414 826.391448974609 829.119735717773 837.294876098633 849.921676635742 863.788452148438 877.038558959961 878.880844116211 873.492050170898 871.031997680664 867.819458007812 869.701568603516 878.152526855469 884.341598510742 888.024932861328 892.583221435547 899.531890869141 902.605819702148 904.300704956055 908.513671875 914.629913330078 921.780685424805 926.730819702148 931.42138671875
799.46955871582 809.061584472656 838.17008972168 825.776138305664 808.994918823242 812.071899414062 824.906921386719 819.661483764648 820.73583984375 823.197631835938 828.90071105957 828.842910766602 840.674377441406 838.730514526367 826.146392822266 825.009490966797 823.022735595703 837.682342529297 862.627593994141 857.063812255859 841.659088134766 837.814529418945 839.162490844727 836.270202636719 833.242263793945 831.662994384766 838.090759277344 838.176818847656 844.390899658203 851.177932739258 858.962539672852 872.659423828125 886.082397460938 891.496780395508 890.011367797852 886.367385864258 881.950408935547 880.485794067383 883.991439819336 885.527359008789 887.375564575195 895.137802124023 904.422775268555 910.469970703125 914.949569702148 916.126342773438 913.624786376953 917.55632019043 926.630142211914 934.927124023438
843.596893310547 860.010482788086 874.99153137207 869.126266479492 856.287826538086 857.530471801758 872.789489746094 874.575469970703 849.492584228516 833.537246704102 829.330093383789 831.064147949219 848.148452758789 855.295135498047 841.519088745117 845.502655029297 858.342651367188 866.610931396484 868.945892333984 857.246383666992 839.153610229492 844.366928100586 841.693206787109 838.581787109375 835.591705322266 842.99739074707 849.83415222168 857.157287597656 864.805358886719 869.427612304688 866.08349609375 868.802993774414 873.409271240234 874.270233154297 875.048797607422 877.777359008789 881.75390625 885.849426269531 888.331298828125 889.609848022461 893.184204101562 899.429458618164 908.433547973633 914.624389648438 916.420196533203 910.635726928711 896.315658569336 901.819732666016 912.570861816406 920.403091430664
842.998275756836 852.778594970703 865.942810058594 872.079238891602 859.659652709961 841.459854125977 841.364273071289 853.245712280273 859.256698608398 858.403396606445 847.184265136719 844.48193359375 842.961639404297 850.464065551758 862.035263061523 873.300201416016 878.280380249023 862.771911621094 844.910705566406 814.577667236328 796.502731323242 806.121215820312 803.739456176758 811.097534179688 815.532791137695 828.499481201172 847.607498168945 862.252639770508 870.704208374023 877.126998901367 878.982711791992 878.337112426758 878.522750854492 875.625366210938 867.227798461914 863.081634521484 868.879425048828 877.727508544922 885.522430419922 892.790557861328 896.88330078125 902.09211730957 909.53857421875 916.20817565918 920.6220703125 921.091445922852 916.207061767578 913.957366943359 916.795120239258 919.70817565918
