data/spatiotemp/temp1/bio4_norsw_test_2003_2006.asc
NCOLS 654 
NROWS 380 
XLLCORNER 3.91666666666667 
YLLCORNER 55.3333333333333 
CELLSIZE 0.0416666666666666 
NODATA_value -9999 
[rows 330 to 351 of 380, columns 100 to 149 of 654]
-9999 -9999 -9999 -9999 -9999 -9999 -9999 -9999 -9999 -9999 -9999 -9999 -9999 -9999 -9999 -9999 -9999 -9999 -9999 -9999 -9999 -9999 -9999 -9999 -9999 -9999 -9999 -9999 -9999 -9999 -9999 -9999 -9999 -9999 -9999 -9999 -9999 -9999 -9999 648.991119384766 651.557647705078 654.70002746582 656.021408081055 656.216567993164 656.246490478516 657.722763061523 658.930816650391 657.774978637695 655.947341918945 654.187774658203
-9999 -9999 -9999 -9999 -9999 -9999 -9999 -9999 -9999 -9999 -9999 -9999 -9999 -9999 -9999 -9999 -9999 -9999 -9999 -9999 -9999 -9999 -9999 -9999 -9999 -9999 -9999 -9999 -9999 -9999 -9999 -9999 -9999 -9999 -9999 -9999 -9999 -9999 648.343612670898 651.026428222656 654.047317504883 654.556823730469 654.953414916992 655.671401977539 656.773880004883 657.471664428711 657.021957397461 656.400527954102 655.381011962891 652.56999206543
-9999 -9999 -9999 -9999 -9999 -9999 -9999 -9999 -9999 -9999 -9999 -9999 -9999 -9999 -9999 -9999 -9999 -9999 -9999 -9999 -9999 -9999 -9999 -9999 -9999 -9999 -9999 -9999 -9999 -9999 -9999 -9999 -9999 -9999 -9999 -9999 -9999 651.867752075195 651.482437133789 653.954666137695 655.421447753906 655.081130981445 655.797485351562 656.57160949707 659.925552368164 660.754196166992 658.429138183594 656.538818359375 655.558090209961 652.970794677734
-9999 -9999 -9999 -9999 -9999 -9999 -9999 -9999 -9999 -9999 -9999 -9999 -9999 -9999 -9999 -9999 -9999 -9999 -9999 -9999 -9999 -9999 -9999 -9999 -9999 -9999 -9999 -9999 -9999 -9999 -9999 -9999 -9999 -9999 -9999 648.476333618164 651.246871948242 654.30712890625 656.068923950195 655.182312011719 655.379135131836 655.864791870117 656.321990966797 657.254287719727 659.94987487793 659.942489624023 658.175384521484 656.919494628906 655.975509643555 654.878555297852
-9999 -9999 -9999 -9999 -9999 -9999 -9999 -9999 -9999 -9999 -9999 -9999 -9999 -9999 -9999 -9999 -9999 -9999 -9999 -9999 -9999 -9999 -9999 -9999 -9999 -9999 -9999 -9999 -9999 -9999 -9999 -9999 -9999 -9999 647.674957275391 648.92366027832 651.358535766602 655.076614379883 657.190368652344 655.456619262695 655.329315185547 655.63623046875 656.690689086914 655.840133666992 657.186813354492 657.663040161133 656.456283569336 655.490249633789 655.512878417969 655.953399658203
-9999 -9999 -9999 -9999 -9999 -9999 -9999 -9999 -9999 -9999 -9999 -9999 -9999 -9999 -9999 -9999 -9999 -9999 -9999 -9999 -9999 -9999 -9999 -9999 -9999 -9999 -9999 -9999 -9999 -9999 -9999 -9999 645.464111328125 646.50537109375 648.493423461914 649.928283691406 651.306518554688 652.919174194336 655.132522583008 655.731918334961 656.677932739258 657.3095703125 657.039505004883 655.854782104492 656.684127807617 658.349594116211 656.139312744141 655.009826660156 655.282302856445 656.328186035156
-9999 -9999 -9999 -9999 -9999 -9999 -9999 -9999 -9999 -9999 -9999 -9999 -9999 -9999 -9999 -9999 -9999 -9999 -9999 629.305786132812 631.227554321289 632.98258972168 634.704650878906 635.886077880859 636.763778686523 637.481460571289 638.723876953125 639.787460327148 641.842330932617 641.456481933594 642.830322265625 643.819686889648 645.081481933594 647.8544921875 650.502075195312 651.751281738281 651.488845825195 652.220687866211 653.775634765625 656.190811157227 656.901596069336 657.172653198242 657.146087646484 656.595886230469 657.1962890625 656.919174194336 653.352554321289 653.504028320312 654.250869750977 653.499694824219
-9999 -9999 -9999 -9999 -9999 -9999 -9999 -9999 -9999 -9999 -9999 623.26953125 625.587707519531 626.348403930664 627.528701782227 626.70263671875 627.646072387695 627.738464355469 628.824630737305 629.506713867188 632.663330078125 635.678604125977 636.94841003418 637.54541015625 639.292388916016 639.776260375977 641.854034423828 643.398910522461 645.513031005859 645.882369995117 645.989364624023 645.499740600586 647.28938293457 650.000610351562 651.621887207031 652.141326904297 652.48112487793 652.891555786133 653.404388427734 653.900772094727 654.042541503906 656.575607299805 658.370147705078 657.623764038086 658.055191040039 658.070404052734 655.515441894531 655.562362670898 655.016525268555 652.540313720703
-9999 -9999 -9999 -9999 -9999 -9999 -9999 -9999 -9999 -9999 621.86865234375 623.15690612793 625.616104125977 626.854873657227 629.307525634766 629.366973876953 629.650009155273 630.35090637207 631.557693481445 631.912414550781 634.834976196289 636.880416870117 636.732955932617 637.046356201172 638.988616943359 641.101989746094 643.752883911133 646.679122924805 648.141036987305 648.798416137695 649.002182006836 649.509628295898 649.992904663086 650.684951782227 652.053207397461 652.346069335938 652.592468261719 651.088272094727 652.178375244141 652.850814819336 653.818069458008 654.333557128906 655.820220947266 659.939025878906 663.473785400391 661.414138793945 657.597473144531 655.379104614258 655.765228271484 655.036254882812
-9999 -9999 -9999 -9999 -9999 -9999 -9999 -9999 620.073654174805 621.33869934082 622.278701782227 623.785705566406 626.66259765625 628.884567260742 631.328552246094 631.732406616211 631.405181884766 632.230514526367 634.337356567383 634.980194091797 636.741714477539 639.155349731445 639.561584472656 640.579071044922 641.180374145508 642.928115844727 645.354034423828 646.724945068359 649.162994384766 649.759887695312 649.791152954102 649.694793701172 649.592239379883 648.834777832031 650.188690185547 651.026824951172 -9999 653.254028320312 652.958419799805 655.230163574219 655.313507080078 655.525161743164 656.721542358398 663.037078857422 666.024948120117 664.91194152832 661.61100769043 655.987503051758 651.198837280273 650.7734375
-9999 -9999 -9999 -9999 -9999 -9999 -9999 619.180297851562 620.600006103516 623.447967529297 625.076538085938 625.42951965332 627.667861938477 630.885314941406 633.266906738281 634.082336425781 634.489730834961 634.117813110352 634.956390380859 635.549468994141 635.958938598633 -9999 -9999 -9999 -9999 -9999 -9999 645.499298095703 648.585021972656 650.090408325195 651.036819458008 650.155242919922 650.363510131836 651.395248413086 651.213745117188 651.787048339844 651.821441650391 653.535598754883 655.080307006836 655.390899658203 655.214157104492 656.199127197266 658.400604248047 659.259338378906 658.724060058594 657.12336730957 655.884002685547 653.605514526367 651.399383544922 649.58674621582
-9999 -9999 -9999 -9999 -9999 611.311019897461 619.75927734375 622.294006347656 624.269409179688 626.478698730469 627.977722167969 628.574829101562 630.131530761719 631.135803222656 632.81672668457 633.851379394531 633.154693603516 632.48193359375 633.348754882812 636.300323486328 638.045883178711 -9999 -9999 -9999 -9999 -9999 639.96826171875 644.755157470703 649.256729125977 651.298431396484 652.02961730957 652.386459350586 651.65007019043 651.942077636719 651.478103637695 649.987228393555 650.92658996582 652.161224365234 652.464828491211 652.670440673828 653.020584106445 653.638610839844 655.314910888672 656.505889892578 655.408950805664 654.242935180664 653.12158203125 652.739929199219 649.261795043945 647.645126342773
-9999 -9999 -9999 -9999 -9999 614.619400024414 619.280319213867 622.683792114258 624.518157958984 627.56022644043 629.625427246094 630.200485229492 630.973602294922 630.872482299805 629.581588745117 630.962326049805 631.351211547852 632.268753051758 634.345001220703 636.980178833008 -9999 -9999 -9999 636.816879272461 638.441787719727 -9999 642.083374023438 646.92497253418 648.179977416992 649.222869873047 650.464019775391 650.010482788086 649.535232543945 650.979629516602 651.160781860352 650.897521972656 650.929885864258 651.68537902832 652.850524902344 653.120361328125 654.373184204102 655.987777709961 658.152648925781 655.389678955078 654.041915893555 653.382553100586 653.267456054688 653.031723022461 649.877639770508 647.77587890625
-9999 -9999 -9999 -9999 611.409469604492 616.990875244141 620.480484008789 623.477783203125 625.836074829102 628.419311523438 630.679672241211 631.063171386719 631.966247558594 632.482360839844 633.36491394043 634.858489990234 635.248641967773 634.899780273438 635.230270385742 637.270004272461 -9999 634.764877319336 635.094299316406 635.423309326172 -9999 -9999 640.470993041992 645.295166015625 647.175659179688 648.391723632812 649.161834716797 649.937774658203 650.254287719727 650.775207519531 650.333786010742 651.274002075195 652.004257202148 652.634094238281 654.257064819336 654.264144897461 654.310836791992 655.752395629883 655.08821105957 653.979232788086 654.108200073242 653.292068481445 653.951858520508 652.49397277832 650.941589355469 648.740386962891
-9999 -9999 -9999 604.535263061523 610.33984375 618.553634643555 622.791275024414 624.824325561523 626.7041015625 628.375350952148 629.953018188477 631.587341308594 631.384262084961 632.126739501953 635.357025146484 637.580810546875 638.024063110352 638.152359008789 639.175384521484 -9999 636.226760864258 636.210037231445 638.041900634766 638.279602050781 -9999 -9999 639.991394042969 643.752624511719 645.038040161133 646.805877685547 648.155868530273 648.724365234375 649.351623535156 650.490020751953 650.586730957031 651.271270751953 652.227767944336 653.807769775391 654.630920410156 653.559646606445 652.031707763672 651.462753295898 649.703582763672 649.5068359375 651.877502441406 652.130264282227 653.110946655273 653.878707885742 651.90837097168 648.249374389648
-9999 -9999 -9999 605.973022460938 611.64289855957 618.280380249023 623.064407348633 626.085586547852 627.279708862305 627.30810546875 627.274169921875 629.832260131836 631.801010131836 633.126861572266 635.273864746094 637.854858398438 638.909164428711 639.482543945312 639.744766235352 636.597778320312 636.363815307617 638.180389404297 639.193222045898 638.297866821289 637.149719238281 -9999 641.280258178711 644.65592956543 646.753753662109 648.019302368164 649.120101928711 648.550247192383 648.505783081055 649.396942138672 650.378723144531 650.961380004883 652.049072265625 653.798446655273 654.377319335938 653.372528076172 651.845275878906 650.722396850586 650.613830566406 650.60237121582 651.796524047852 652.846542358398 653.742492675781 654.377410888672 652.6064453125 649.183212280273
-9999 -9999 -9999 607.556350708008 -9999 617.991638183594 621.770202636719 625.831390380859 627.12890625 627.328536987305 628.409622192383 630.884475708008 632.507308959961 634.249786376953 636.391159057617 637.03662109375 636.524200439453 637.866088867188 635.969192504883 635.767364501953 637.677825927734 640.081909179688 640.741104125977 640.56559753418 638.75862121582 637.761657714844 639.767562866211 644.416259765625 645.206298828125 646.836166381836 650.239486694336 649.100372314453 648.40119934082 649.363464355469 650.205856323242 650.103775024414 650.623443603516 652.133712768555 653.864196777344 654.736221313477 654.406951904297 654.637878417969 655.288208007812 654.181243896484 654.324783325195 654.52375793457 653.60139465332 653.339294433594 652.355682373047 650.779022216797
-9999 -9999 604.351974487305 605.200988769531 -9999 -9999 618.478256225586 626.810440063477 627.824356079102 628.755508422852 631.634948730469 633.389129638672 631.174697875977 631.947738647461 632.705139160156 633.198532104492 633.496063232422 636.109436035156 637.09521484375 637.386489868164 639.687057495117 641.933349609375 641.893997192383 640.753540039062 638.76448059082 638.431533813477 639.014343261719 641.555923461914 641.668914794922 643.319274902344 648.303680419922 649.51774597168 648.925842285156 650.00471496582 650.417663574219 650.895477294922 651.560913085938 652.913436889648 654.339065551758 656.213729858398 657.58317565918 658.690368652344 657.097396850586 656.214889526367 655.307571411133 655.344436645508 653.771560668945 653.067474365234 653.137100219727 652.139556884766
-9999 607.636856079102 608.296508789062 611.44108581543 -9999 -9999 -9999 -9999 628.637573242188 630.033248901367 631.558471679688 632.548065185547 631.625122070312 629.64306640625 -9999 635.158447265625 635.501571655273 637.736450195312 638.588027954102 638.855880737305 640.025192260742 641.407852172852 641.50617980957 639.348831176758 637.524169921875 641.570999145508 -9999 644.419525146484 -9999 644.62629699707 648.214126586914 649.692840576172 649.202346801758 649.807434082031 650.677597045898 652.178131103516 652.880233764648 653.46549987793 654.741592407227 655.672210693359 658.456665039062 660.832977294922 657.023910522461 655.597244262695 655.888442993164 656.543914794922 655.698333740234 654.178115844727 654.053527832031 654.122116088867
-9999 612.225677490234 615.280609130859 618.074417114258 621.398986816406 622.807464599609 -9999 -9999 -9999 -9999 628.502853393555 629.481033325195 627.997894287109 625.849868774414 628.941558837891 633.079574584961 636.19319152832 637.138153076172 637.55712890625 638.989959716797 639.891998291016 641.448776245117 642.504730224609 639.736511230469 641.033447265625 643.181045532227 644.964996337891 644.918533325195 645.932479858398 646.045333862305 648.215911865234 649.029754638672 649.887985229492 649.991790771484 652.11882019043 652.492416381836 653.197280883789 654.715560913086 655.090103149414 656.465850830078 657.570617675781 659.302062988281 659.462203979492 658.91487121582 658.488479614258 658.668914794922 658.067077636719 657.989364624023 656.485946655273 655.551788330078
-9999 618.31575012207 620.25178527832 623.515563964844 625.011795043945 628.734848022461 628.447830200195 628.375274658203 628.642578125 629.857849121094 628.359817504883 630.194030761719 629.954681396484 629.261627197266 -9999 630.197998046875 634.400680541992 636.428863525391 636.996139526367 637.874893188477 639.916625976562 643.433120727539 645.669067382812 643.357574462891 642.16357421875 643.410415649414 643.751159667969 644.720733642578 645.254318237305 645.884994506836 646.793731689453 648.387603759766 650.660842895508 652.156387329102 652.823440551758 653.272521972656 654.055709838867 654.094360351562 655.166427612305 657.273315429688 658.553863525391 659.657577514648 660.707778930664 660.065093994141 660.143661499023 659.924560546875 659.67253112793 659.142959594727 657.510925292969 656.305877685547
621.81916809082 622.300338745117 624.676712036133 626.899765014648 628.454681396484 630.442779541016 631.592987060547 631.487579345703 631.724411010742 632.493591308594 634.102584838867 634.591735839844 634.458480834961 630.147720336914 -9999 632.041656494141 636.678421020508 639.579650878906 638.628021240234 637.270446777344 638.732833862305 641.923065185547 643.376831054688 642.375625610352 641.777862548828 642.803771972656 643.627746582031 644.494964599609 644.997909545898 645.891418457031 647.101013183594 649.477630615234 650.895736694336 652.00569152832 653.596954345703 654.466049194336 655.22998046875 655.428619384766 656.007385253906 657.652404785156 658.298431396484 659.897994995117 660.351150512695 660.675247192383 662.330978393555 662.801452636719 662.970275878906 661.869140625 659.724853515625 657.261978149414
