data/spatiotemp/temp1/bio4_norsw_test_2003_2006.asc
NCOLS 654 
NROWS 380 
XLLCORNER 3.91666666666667 
YLLCORNER 55.3333333333333 
CELLSIZE 0.0416666666666666 
NODATA_value -9999 
[rows 88 to 109 of 380, columns 250 to 299 of 654]
-9999 -9999 -9999 -9999 -9999 -9999 -9999 548.758178710938 579.109268188477 617.079940795898 634.162124633789 638.157073974609 640.16943359375 641.380813598633 647.1064453125 648.31330871582 650.127792358398 643.523635864258 659.526748657227 670.358047485352 668.734161376953 657.428604125977 679.831039428711 705.311462402344 705.72785949707 701.867080688477 703.916320800781 703.40934753418 682.495544433594 693.291717529297 714.956848144531 723.27278137207 738.488342285156 749.942428588867 757.51399230957 759.724258422852 755.490295410156 753.24006652832 755.184799194336 760.468688964844 761.021469116211 750.297088623047 739.481964111328 725.127716064453 730.147613525391 744.259094238281 752.459930419922 764.545532226562 774.709106445312 748.291107177734
560.498947143555 570.303359985352 576.67692565918 484.696136474609 -9999 515.039680480957 -9999 549.064697265625 588.535720825195 624.554168701172 632.302551269531 633.192596435547 641.81689453125 635.550888061523 641.275802612305 637.401763916016 644.959579467773 658.101806640625 663.623748779297 685.461441040039 655.210662841797 663.29850769043 672.123687744141 700.915786743164 720.19514465332 723.750305175781 708.224838256836 713.519775390625 700.764892578125 697.071182250977 697.731918334961 729.593856811523 743.727478027344 750.990173339844 749.344650268555 745.257278442383 757.687881469727 760.935577392578 753.740966796875 738.844757080078 723.701934814453 714.234756469727 711.070068359375 716.91242980957 736.298126220703 757.906677246094 765.99674987793 772.754791259766 778.273696899414 768.590896606445
581.653244018555 584.713470458984 -9999 -9999 -9999 530.786186218262 546.062454223633 577.470336914062 613.32307434082 639.462158203125 647.741500854492 656.398681640625 653.225875854492 641.491088867188 653.320007324219 652.727752685547 662.903259277344 673.244842529297 675.723846435547 666.409866333008 674.260131835938 688.305526733398 704.593215942383 729.383499145508 731.653625488281 731.014297485352 724.172958374023 704.785995483398 717.196075439453 717.956344604492 709.025543212891 730.75032043457 744.838607788086 751.975601196289 723.11457824707 709.894302368164 704.41081237793 700.370208740234 700.460494995117 704.73957824707 706.50048828125 709.676910400391 717.560150146484 738.915985107422 756.447860717773 770.779876708984 779.029632568359 781.589645385742 781.218658447266 757.608413696289
-9999 -9999 -9999 549.637298583984 546.921524047852 567.545776367188 587.285232543945 612.788192749023 638.331893920898 651.554611206055 665.187789916992 672.03385925293 667.994018554688 670.677474975586 670.094055175781 660.809585571289 659.693145751953 656.764572143555 667.642486572266 681.331024169922 698.705108642578 721.109848022461 734.529815673828 727.743072509766 718.76985168457 715.152603149414 721.343551635742 736.570358276367 743.636322021484 737.939392089844 743.92919921875 722.885650634766 746.691802978516 760.874771118164 738.435211181641 718.872222900391 701.211853027344 700.640045166016 717.192001342773 721.810287475586 722.141296386719 716.362899780273 724.978240966797 729.920562744141 730.116821289062 735.178894042969 749.011001586914 767.924667358398 770.66438293457 765.304565429688
534.609786987305 557.361419677734 567.474517822266 571.198532104492 585.23762512207 603.421630859375 618.551742553711 626.959213256836 629.518081665039 644.276504516602 658.637588500977 662.029693603516 664.126770019531 666.038543701172 678.249786376953 688.992477416992 684.792053222656 694.243026733398 700.103164672852 698.169082641602 709.122650146484 727.769653320312 729.149353027344 718.630187988281 720.320449829102 737.352005004883 754.478851318359 757.266067504883 746.161407470703 734.66455078125 743.696990966797 750.221878051758 737.375335693359 704.285583496094 700.886245727539 697.013626098633 702.740844726562 701.683441162109 702.089630126953 712.615081787109 704.68701171875 687.563522338867 687.720504760742 695.615447998047 709.383819580078 728.348419189453 744.40217590332 749.747283935547 738.344848632812 728.912536621094
560.091400146484 583.760147094727 583.194488525391 581.839981079102 593.721908569336 606.063079833984 616.873947143555 621.421905517578 594.648193359375 616.977462768555 640.366455078125 653.778411865234 657.048568725586 -9999 -9999 -9999 -9999 660.749801635742 676.898956298828 690.741744995117 702.376373291016 716.080017089844 718.141052246094 726.178451538086 734.884170532227 746.815689086914 745.03874206543 736.201553344727 740.032623291016 728.502655029297 735.854522705078 734.798797607422 720.916000366211 727.073989868164 744.631652832031 738.312042236328 737.483505249023 707.652923583984 673.811950683594 651.525299072266 652.714492797852 657.167861938477 661.820388793945 669.498580932617 684.035354614258 701.756713867188 726.820343017578 721.837631225586 708.370147705078 716.890670776367
555.65364074707 568.226776123047 579.868072509766 586.158447265625 586.420135498047 585.285140991211 587.353897094727 590.619873046875 598.282073974609 611.606155395508 632.168029785156 642.333267211914 652.172164916992 651.898910522461 651.050872802734 643.18586730957 662.148818969727 666.17643737793 678.065475463867 679.262283325195 666.675323486328 663.4765625 689.917587280273 695.220855712891 692.316802978516 705.101898193359 719.301818847656 731.506484985352 740.921997070312 749.477996826172 750.384628295898 754.482559204102 761.72590637207 742.267684936523 718.953735351562 722.033569335938 741.939544677734 741.758544921875 721.638458251953 700.363616943359 682.385452270508 668.576995849609 665.438568115234 674.064392089844 688.093902587891 711.180709838867 728.890014648438 734.854583740234 747.402267456055 755.54460144043
558.128479003906 574.792846679688 589.661041259766 594.200973510742 590.206924438477 585.00471496582 592.880645751953 604.296813964844 619.927505493164 637.99382019043 649.575119018555 651.205139160156 658.086700439453 670.074951171875 662.683883666992 657.932998657227 664.131881713867 675.538635253906 691.494018554688 698.491653442383 689.753219604492 678.088562011719 684.933609008789 684.302719116211 683.877517700195 688.77522277832 708.43701171875 716.812942504883 733.591949462891 737.663116455078 737.132019042969 730.219161987305 747.169479370117 763.638519287109 761.071716308594 760.701446533203 760.222686767578 749.13330078125 731.531219482422 715.002227783203 711.003707885742 711.229766845703 704.474380493164 702.082366943359 713.788070678711 712.866836547852 698.310256958008 718.167877197266 736.116149902344 749.515075683594
566.486968994141 602.013580322266 618.138580322266 619.886627197266 620.172821044922 617.755294799805 621.548858642578 624.89714050293 636.145004272461 657.196899414062 667.866195678711 674.153656005859 680.627899169922 686.20719909668 684.581527709961 686.055816650391 685.310791015625 701.331848144531 711.811950683594 721.434829711914 712.402587890625 720.299194335938 722.849365234375 713.929107666016 706.224319458008 701.921951293945 694.350540161133 705.751739501953 720.711959838867 720.194808959961 724.513397216797 723.420471191406 723.144317626953 738.634536743164 755.386672973633 761.261734008789 766.711700439453 775.722564697266 778.551544189453 781.425888061523 778.36457824707 771.270065307617 764.374664306641 755.625503540039 747.33512878418 730.44841003418 692.17008972168 677.907699584961 684.179931640625 701.461608886719
600.858428955078 629.05485534668 633.006713867188 629.909057617188 631.882781982422 633.382476806641 634.687454223633 649.001678466797 656.23274230957 658.28108215332 666.504440307617 676.027069091797 683.248184204102 689.338302612305 691.302810668945 706.62646484375 706.071243286133 712.791061401367 719.178817749023 720.944137573242 727.508987426758 736.858352661133 740.056198120117 736.691940307617 747.581878662109 748.679946899414 735.731475830078 745.547378540039 747.343292236328 741.096755981445 744.014953613281 739.571670532227 732.990707397461 734.236343383789 736.916397094727 744.076049804688 755.580841064453 760.081283569336 768.597183227539 777.28352355957 802.259567260742 813.718276977539 803.917938232422 780.335998535156 771.64501953125 771.219467163086 752.916137695312 741.675811767578 743.436065673828 748.684539794922
623.184722900391 633.252548217773 645.868408203125 652.322937011719 650.096649169922 652.312072753906 645.034133911133 655.792678833008 670.423812866211 669.560485839844 666.095855712891 678.218139648438 693.074630737305 702.980880737305 709.190963745117 722.231307983398 714.816436767578 716.712951660156 718.276229858398 724.11848449707 734.675872802734 745.581192016602 745.507446289062 746.901504516602 770.373504638672 761.75276184082 748.463562011719 745.670791625977 751.368621826172 741.613372802734 736.246673583984 741.261779785156 735.356002807617 734.004470825195 738.919555664062 759.979354858398 771.833724975586 778.820892333984 788.20344543457 806.943374633789 815.689514160156 808.164108276367 791.461059570312 774.783752441406 758.222991943359 752.993957519531 771.016372680664 784.857681274414 796.451080322266 785.731719970703
621.488433837891 644.550704956055 658.275390625 660.404861450195 662.215835571289 668.86247253418 666.402908325195 668.435348510742 681.994491577148 689.943313598633 690.955520629883 697.196578979492 702.717849731445 707.380004882812 713.155548095703 720.480026245117 719.953842163086 729.726287841797 729.49072265625 730.595184326172 737.281936645508 744.339874267578 744.890167236328 761.461471557617 767.346557617188 741.963745117188 749.846374511719 749.158676147461 732.478820800781 717.354019165039 714.062835693359 725.731597900391 739.358810424805 748.983825683594 768.056976318359 780.416091918945 779.713882446289 774.385223388672 781.809020996094 799.617263793945 806.000915527344 797.48616027832 781.547515869141 763.041763305664 759.742034912109 765.907760620117 777.235427856445 790.786804199219 816.619277954102 824.72184753418
633.919006347656 649.129623413086 661.713592529297 645.869232177734 629.938980102539 632.716278076172 649.795562744141 670.329483032227 678.882522583008 697.773818969727 708.938766479492 713.777801513672 713.584716796875 717.403518676758 720.396331787109 718.217636108398 722.12922668457 734.344528198242 727.81803894043 725.126876831055 729.318557739258 739.59748840332 752.453796386719 766.582122802734 764.691192626953 757.273483276367 768.111923217773 766.619598388672 757.796188354492 737.822830200195 724.752868652344 728.165267944336 735.145889282227 747.842041015625 767.088592529297 775.500503540039 770.34814453125 759.142318725586 755.347534179688 766.099670410156 784.142791748047 786.479598999023 788.307083129883 785.73551940918 752.575241088867 763.535629272461 781.825134277344 791.185485839844 818.994857788086 845.70475769043
645.819305419922 658.629791259766 654.756576538086 639.560852050781 623.409545898438 618.524185180664 624.13264465332 644.614883422852 680.497985839844 699.836990356445 711.795822143555 710.926284790039 711.483139038086 715.627380371094 719.697937011719 720.698013305664 722.77409362793 735.540222167969 737.998077392578 742.929962158203 745.748519897461 754.577514648438 759.938705444336 765.333587646484 757.735015869141 761.802261352539 767.272827148438 762.248443603516 747.95085144043 732.612976074219 729.754653930664 729.997253417969 731.071823120117 727.924819946289 740.884887695312 755.328674316406 749.398406982422 732.062759399414 733.586837768555 750.695892333984 779.589370727539 804.397705078125 818.824279785156 815.146514892578 810.95002746582 815.301025390625 821.900848388672 826.661224365234 830.442947387695 850.26513671875
642.162261962891 652.011947631836 640.294036865234 626.201049804688 617.130737304688 613.996353149414 636.601196289062 674.645477294922 697.282363891602 714.492782592773 713.458999633789 706.427474975586 710.608489990234 715.51286315918 717.761459350586 713.613342285156 720.413040161133 727.158843994141 725.441223144531 727.034774780273 731.111099243164 748.417373657227 765.747451782227 760.414642333984 757.925033569336 755.965530395508 754.07258605957 741.508911132812 726.298141479492 714.070404052734 712.521194458008 727.517532348633 753.877746582031 740.280853271484 738.266723632812 762.007537841797 747.080062866211 730.734954833984 724.618713378906 728.037628173828 765.926544189453 770.990112304688 765.821594238281 763.915786743164 773.645538330078 791.391464233398 808.405334472656 820.459243774414 829.882827758789 852.124938964844
657.443283081055 641.069046020508 621.517150878906 609.877151489258 609.545196533203 636.990051269531 670.414947509766 693.638900756836 710.697326660156 709.252151489258 698.869140625 701.063171386719 715.852554321289 733.415130615234 738.62776184082 725.004730224609 718.472061157227 714.927459716797 714.939758300781 715.240249633789 724.889282226562 745.031372070312 763.791763305664 769.430480957031 755.070831298828 745.63688659668 725.921279907227 736.714691162109 722.929946899414 705.123764038086 730.511856079102 759.976547241211 762.967971801758 754.52555847168 767.607345581055 763.034545898438 741.720886230469 731.118591308594 722.139068603516 734.279205322266 741.555236816406 766.086334228516 784.658172607422 767.547027587891 785.499130249023 794.655319213867 810.13703918457 821.160049438477 831.982940673828 843.572937011719
653.912582397461 639.247634887695 627.628112792969 635.660339355469 649.712524414062 656.499786376953 683.87092590332 699.555587768555 683.508087158203 686.638412475586 703.586715698242 704.658996582031 717.034378051758 727.396408081055 715.189651489258 714.012512207031 718.44856262207 712.197158813477 703.454254150391 699.655181884766 693.761047363281 688.111373901367 721.220825195312 751.497909545898 776.400253295898 779.746368408203 777.21044921875 769.525283813477 784.570587158203 787.864593505859 773.594512939453 787.243103027344 794.765777587891 772.490921020508 745.391250610352 727.614501953125 721.52116394043 730.599548339844 733.212997436523 751.605850219727 784.792617797852 795.204010009766 805.749206542969 800.825057983398 803.459396362305 803.487503051758 794.770736694336 776.950164794922 784.964447021484 807.902572631836
630.580688476562 634.164794921875 637.497192382812 630.368804931641 639.403427124023 681.645401000977 683.010940551758 662.088897705078 664.139862060547 668.931564331055 683.714050292969 703.222961425781 725.001586914062 734.441040039062 724.354782104492 717.124313354492 728.864395141602 725.90348815918 714.627822875977 694.170211791992 684.514999389648 683.563018798828 694.725021362305 720.59455871582 751.669387817383 767.010391235352 780.270095825195 795.001541137695 783.89485168457 800.715866088867 816.225234985352 808.472915649414 810.880844116211 802.305953979492 783.730728149414 773.561569213867 771.165588378906 789.238677978516 799.842712402344 808.329193115234 817.150207519531 825.654266357422 835.441055297852 818.259384155273 809.750183105469 816.504028320312 819.322067260742 805.663421630859 794.069625854492 782.494186401367
634.01806640625 619.929992675781 612.63395690918 634.796630859375 673.787841796875 675.576171875 660.518173217773 664.44953918457 658.562377929688 663.704238891602 684.066864013672 691.842956542969 710.047958374023 731.832412719727 733.392272949219 733.757400512695 745.194702148438 735.886337280273 725.392242431641 716.262298583984 705.159973144531 694.541244506836 708.379867553711 728.357833862305 752.695129394531 763.439376831055 785.441452026367 801.870681762695 793.532287597656 787.035339355469 788.671295166016 788.541946411133 785.274810791016 800.329605102539 808.464721679688 806.352828979492 807.836456298828 803.570281982422 800.551254272461 816.005264282227 830.966888427734 824.462844848633 812.151550292969 829.959365844727 838.961669921875 824.039855957031 830.739196777344 832.087707519531 815.553512573242 798.778411865234
597.486862182617 612.179840087891 634.861465454102 651.63005065918 650.414367675781 658.307861328125 675.901748657227 673.693969726562 673.902725219727 687.429672241211 695.181030273438 696.428573608398 700.023361206055 701.923706054688 704.202880859375 710.498077392578 742.071762084961 750.218276977539 731.39208984375 725.871215820312 716.939575195312 706.594314575195 719.672714233398 730.397537231445 747.137512207031 775.402725219727 786.246063232422 767.389114379883 759.461517333984 766.53205871582 753.106781005859 746.126007080078 745.21484375 754.589660644531 778.415267944336 802.84375 796.474487304688 777.126312255859 777.95979309082 783.812225341797 809.505035400391 835.91471862793 834.251556396484 826.957092285156 830.125289916992 861.691864013672 870.314971923828 859.333206176758 839.351654052734 818.338485717773
609.016189575195 630.929656982422 649.65837097168 663.779510498047 663.217849731445 678.004241943359 668.617477416992 673.350433349609 694.153900146484 688.209335327148 687.86979675293 700.568420410156 687.400588989258 694.44465637207 711.521102905273 723.276123046875 744.85107421875 762.878402709961 735.369522094727 716.173309326172 714.659072875977 717.168655395508 722.275405883789 738.819458007812 764.12434387207 783.811340332031 777.297927856445 756.474914550781 742.844161987305 732.176971435547 741.327133178711 749.782730102539 755.759414672852 764.268676757812 775.485229492188 802.848022460938 800.591781616211 782.457305908203 776.314590454102 773.636611938477 780.716918945312 798.63005065918 813.487579345703 839.91291809082 864.439025878906 865.577590942383 887.151245117188 887.43293762207 858.591720581055 835.204833984375
624.948196411133 662.223098754883 692.518890380859 697.790176391602 688.979370117188 667.838897705078 676.281768798828 704.758972167969 698.06672668457 682.688812255859 677.581832885742 697.399398803711 719.842269897461 721.388046264648 738.063079833984 738.101135253906 756.99885559082 768.569580078125 742.173278808594 715.944091796875 703.861114501953 706.658248901367 735.315444946289 767.49397277832 785.609222412109 782.94548034668 772.961791992188 766.011199951172 760.169692993164 748.452285766602 728.250076293945 738.962554931641 751.070846557617 761.031921386719 765.657852172852 765.343612670898 785.827453613281 791.973693847656 793.349700927734 784.604568481445 802.646835327148 803.614776611328 803.696716308594 820.703155517578 853.110015869141 882.240158081055 895.481033325195 910.537948608398 890.460052490234 860.280517578125
