data/spatiotemp/temp1/bio4_norsw_test_2003_2006.asc
NCOLS 654 
NROWS 380 
XLLCORNER 3.91666666666667 
YLLCORNER 55.3333333333333 
CELLSIZE 0.0416666666666666 
NODATA_value -9999 
[rows 154 to 175 of 380, columns 250 to 299 of 654]
793.795074462891 792.894760131836 783.636901855469 775.508605957031 789.694259643555 799.773483276367 806.680374145508 798.471694946289 791.075790405273 790.992263793945 798.592132568359 802.700866699219 812.451354980469 811.834854125977 805.347961425781 811.042388916016 822.41389465332 829.361312866211 836.119064331055 845.445602416992 854.805679321289 856.598510742188 843.139129638672 843.551345825195 855.304489135742 857.156890869141 848.773651123047 859.928298950195 873.50732421875 881.656066894531 872.746612548828 873.460235595703 881.740310668945 882.234619140625 883.471572875977 878.639129638672 880.488189697266 888.140014648438 894.144836425781 896.431274414062 898.013931274414 905.597290039062 913.30061340332 921.961288452148 926.403579711914 922.455444335938 913.554702758789 914.334838867188 932.401748657227 945.467712402344
781.440139770508 767.535919189453 775.848297119141 782.487915039062 782.724151611328 778.068313598633 775.846572875977 781.194732666016 802.978485107422 816.440505981445 819.313903808594 818.58708190918 807.297180175781 795.080230712891 802.574432373047 796.899810791016 794.951812744141 806.263854980469 820.207107543945 833.821044921875 840.429260253906 846.257263183594 846.968521118164 844.672790527344 848.317642211914 852.97917175293 858.539611816406 877.410125732422 884.646392822266 879.695999145508 860.22624206543 862.235321044922 879.668319702148 891.121612548828 895.117797851562 892.189697265625 890.777145385742 890.284423828125 887.08332824707 887.364334106445 891.473068237305 896.783172607422 905.710296630859 914.890502929688 921.98876953125 924.045150756836 926.630889892578 914.252548217773 914.869125366211 933.83918762207
804.78401184082 803.125747680664 802.852874755859 802.286590576172 800.748733520508 806.05549621582 806.304641723633 807.727844238281 807.872177124023 814.967010498047 821.479736328125 820.378784179688 824.342102050781 814.225479125977 816.866760253906 801.966384887695 807.616897583008 814.276443481445 818.097381591797 825.555282592773 839.916137695312 842.614334106445 835.633605957031 842.494079589844 851.081726074219 851.206619262695 855.227874755859 860.847122192383 855.916427612305 851.45832824707 868.374801635742 880.192306518555 889.3876953125 899.215133666992 905.877258300781 910.627868652344 903.941452026367 895.615264892578 889.530853271484 884.489898681641 888.85075378418 895.63117980957 905.458709716797 913.271377563477 914.684646606445 908.633163452148 912.845108032227 921.129104614258 923.39533996582 935.909683227539
802.055526733398 795.903106689453 803.811080932617 810.900299072266 802.488540649414 807.834838867188 809.267074584961 812.893905639648 812.302291870117 817.746765136719 822.779190063477 823.53205871582 828.324310302734 826.524520874023 831.149047851562 819.529663085938 825.790023803711 829.011703491211 834.023864746094 831.286437988281 833.013549804688 832.709838867188 836.888824462891 845.334243774414 853.549591064453 862.797668457031 871.125610351562 872.930313110352 870.345108032227 872.071182250977 878.581848144531 882.780624389648 884.229873657227 889.660446166992 900.161636352539 913.53369140625 917.297149658203 902.121368408203 885.937637329102 889.366714477539 890.409255981445 886.920639038086 892.007446289062 900.550689697266 904.633453369141 902.15901184082 905.903762817383 910.92790222168 920.487228393555 936.17822265625
806.193603515625 801.176727294922 809.186233520508 819.684936523438 823.659423828125 820.758193969727 814.429779052734 802.46208190918 804.183410644531 807.376861572266 818.366302490234 821.914245605469 823.37141418457 824.138961791992 824.600494384766 829.135787963867 827.492340087891 829.206100463867 835.323715209961 843.509429931641 837.993835449219 834.639404296875 836.593185424805 844.116989135742 853.212829589844 861.26057434082 866.56005859375 871.917709350586 880.112533569336 884.24674987793 886.906311035156 888.429962158203 886.792922973633 887.605621337891 894.315032958984 902.369232177734 915.952072143555 908.209777832031 901.198501586914 894.436065673828 876.651962280273 876.557144165039 883.19416809082 884.770660400391 885.421859741211 888.741729736328 895.27165222168 898.9853515625 907.702850341797 927.025283813477
793.206527709961 802.712844848633 803.498886108398 808.676300048828 813.73616027832 801.355316162109 797.392135620117 792.057220458984 804.274719238281 812.608337402344 818.930862426758 822.056945800781 821.659255981445 822.236801147461 814.475006103516 817.146240234375 819.189575195312 823.991622924805 830.99674987793 838.170074462891 842.991470336914 840.919906616211 839.85807800293 846.960388183594 848.573593139648 852.639312744141 857.035614013672 866.006805419922 879.701522827148 883.149749755859 887.125045776367 897.417617797852 898.200836181641 889.932083129883 886.356628417969 889.126831054688 902.349670410156 912.119079589844 908.831619262695 909.580856323242 899.930130004883 890.530014038086 883.666198730469 884.189682006836 879.461761474609 881.003067016602 885.444778442383 887.36474609375 895.900161743164 912.56657409668
810.746871948242 809.169128417969 802.482788085938 806.511657714844 820.175567626953 813.521362304688 806.693481445312 796.900405883789 799.77619934082 807.107162475586 810.548522949219 815.970245361328 817.928405761719 815.433670043945 815.782455444336 817.787811279297 816.324798583984 812.753311157227 817.701568603516 832.415283203125 832.404754638672 838.584213256836 829.878326416016 830.285568237305 832.887771606445 846.357986450195 862.797668457031 865.685485839844 871.283065795898 886.092407226562 886.914825439453 888.905975341797 897.644775390625 901.674880981445 900.069030761719 894.810302734375 890.262985229492 900.350982666016 921.931167602539 924.904708862305 919.813690185547 912.304183959961 906.609924316406 899.237564086914 892.127197265625 890.807266235352 890.154937744141 884.641662597656 883.573852539062 909.142486572266
820.671783447266 830.678726196289 831.018997192383 822.643325805664 821.107223510742 829.146041870117 825.7001953125 825.772003173828 828.64616394043 827.796478271484 821.091278076172 822.379760742188 817.463394165039 810.897277832031 807.24201965332 806.531723022461 813.646728515625 822.126342773438 828.621139526367 838.182571411133 839.74543762207 842.442581176758 832.064056396484 819.008941650391 826.045227050781 837.678665161133 852.483520507812 866.19352722168 878.457260131836 889.450576782227 890.029113769531 889.212112426758 899.86750793457 902.319290161133 899.660797119141 898.866104125977 900.912002563477 906.427490234375 919.767654418945 925.577041625977 914.765258789062 909.74072265625 898.211410522461 895.479049682617 892.422088623047 901.582931518555 911.026672363281 909.070602416992 895.834045410156 904.803924560547
810.538116455078 818.555191040039 820.620040893555 825.700637817383 817.473785400391 815.193984985352 817.820526123047 813.931900024414 819.038589477539 830.366409301758 831.441055297852 827.224868774414 813.526184082031 804.447509765625 799.10107421875 797.113479614258 805.092895507812 822.245910644531 834.941177368164 840.346542358398 831.298889160156 835.180786132812 838.016418457031 830.844955444336 828.656219482422 825.179260253906 838.766250610352 850.712020874023 862.052215576172 876.055908203125 889.549331665039 897.768463134766 902.075134277344 899.513153076172 892.193725585938 893.40461730957 896.436828613281 898.295944213867 905.234786987305 915.385528564453 916.616226196289 913.419799804688 912.292633056641 917.7060546875 915.735046386719 910.170974731445 904.859603881836 911.334854125977 920.839508056641 925.823867797852
808.272384643555 815.054122924805 815.823684692383 814.452285766602 810.871551513672 810.756088256836 811.70524597168 812.331817626953 812.986221313477 816.653656005859 826.877059936523 826.035675048828 814.974960327148 815.993240356445 813.135009765625 809.840362548828 816.933776855469 830.829681396484 834.391937255859 847.084762573242 835.865188598633 827.83024597168 836.963607788086 850.813385009766 850.802337646484 849.256210327148 853.27326965332 854.302261352539 852.928161621094 856.543243408203 867.522842407227 883.649841308594 898.127899169922 899.522705078125 893.924743652344 894.64176940918 893.428024291992 890.683776855469 894.281311035156 896.936386108398 904.421340942383 918.416015625 928.287734985352 941.758178710938 948.55094909668 946.02587890625 929.372131347656 921.749725341797 926.964797973633 931.498840332031
805.947998046875 800.66520690918 778.091522216797 763.841934204102 770.14030456543 790.742340087891 796.186935424805 789.492141723633 785.150390625 799.390762329102 802.676666259766 801.348876953125 807.707412719727 810.400299072266 814.754272460938 824.73600769043 827.58447265625 837.219039916992 841.125900268555 844.594161987305 845.345489501953 846.111953735352 852.632019042969 860.40168762207 865.755584716797 869.094802856445 866.836715698242 864.973129272461 861.314437866211 856.580627441406 856.150833129883 864.748077392578 885.370162963867 893.677703857422 887.721038818359 890.20947265625 886.702377319336 882.878753662109 877.295272827148 874.595092773438 896.17008972168 910.818466186523 932.498245239258 948.742141723633 952.347473144531 954.542221069336 957.33854675293 955.044357299805 942.764587402344 941.517288208008
786.928329467773 801.415237426758 791.358764648438 784.05046081543 783.246032714844 785.211883544922 793.928802490234 796.301025390625 793.364532470703 790.64094543457 796.381057739258 801.760665893555 801.541152954102 816.175094604492 815.629821777344 819.635284423828 820.770141601562 812.428863525391 824.718383789062 825.845886230469 832.363876342773 842.851287841797 851.791015625 865.87858581543 870.695953369141 872.289794921875 874.135269165039 865.807846069336 865.887771606445 866.571823120117 863.299667358398 862.90217590332 869.006866455078 884.725021362305 895.346832275391 892.983993530273 887.609161376953 880.346206665039 873.365295410156 871.598587036133 885.999053955078 912.568466186523 935.691711425781 950.662948608398 942.994323730469 931.156631469727 940.546691894531 952.52571105957 947.99462890625 941.238082885742
775.984634399414 782.875244140625 785.693054199219 780.380889892578 776.60986328125 784.386169433594 777.548538208008 771.160522460938 768.563842773438 782.577331542969 788.719696044922 796.478851318359 800.151290893555 804.941970825195 810.241577148438 808.723892211914 807.437728881836 805.22802734375 812.335494995117 823.146591186523 812.580505371094 824.511947631836 833.316329956055 847.375335693359 856.506210327148 861.936019897461 864.297485351562 866.25146484375 871.263793945312 877.34733581543 877.587188720703 871.941925048828 863.549072265625 869.047897338867 880.931457519531 888.106842041016 898.392166137695 889.309860229492 869.177444458008 867.5810546875 874.681823730469 904.732894897461 924.697021484375 933.058242797852 936.853790283203 934.106246948242 939.116622924805 943.767074584961 927.768051147461 925.59765625
767.879333496094 769.922241210938 770.79768371582 771.042144775391 774.703872680664 776.924362182617 775.183364868164 773.977020263672 763.160400390625 760.993194580078 773.85986328125 781.698913574219 782.469192504883 780.913925170898 784.36799621582 788.539001464844 788.875442504883 787.25260925293 803.315551757812 818.738052368164 819.198165893555 820.316909790039 826 829.974166870117 833.156982421875 840.211807250977 849.363906860352 852.333343505859 862.695419311523 870.272262573242 870.400604248047 875.03044128418 868.024078369141 866.067657470703 863.477905273438 857.99382019043 873.719512939453 892.602203369141 904.608108520508 903.488922119141 901.423721313477 907.344757080078 911.487930297852 906.54524230957 916.211715698242 937.189849853516 950.284103393555 936.630706787109 927.521774291992 923.575759887695
765.366241455078 759.583450317383 761.183822631836 764.495880126953 761.663635253906 766.461868286133 768.40950012207 768.428665161133 760.560928344727 757.785614013672 764.614883422852 763.46875 777.598205566406 779.79084777832 779.96549987793 785.207595825195 781.967407226562 780.324325561523 799.276580810547 808.582977294922 810.832290649414 825.929153442383 830.145095825195 816.301635742188 824.632629394531 832.852828979492 837.893936157227 849.558578491211 855.354095458984 854.133804321289 861.803024291992 871.100448608398 872.354125976562 864.925201416016 863.339492797852 861.190460205078 866.072280883789 883.121536254883 901.042190551758 911.981781005859 921.158966064453 923.45622253418 914.071166992188 912.116455078125 929.295791625977 942.228591918945 944.385452270508 929.677093505859 933.814849853516 931.122421264648
779.677658081055 767.037933349609 768.103851318359 761.112106323242 760.748504638672 758.801467895508 758.556915283203 758.495941162109 753.720886230469 749.922729492188 756.589141845703 759.611206054688 771.455657958984 775.641479492188 777.02214050293 788.677627563477 790.714309692383 787.323867797852 804.222290039062 810.58821105957 815.248474121094 817.982208251953 825.983291625977 828.889678955078 827.826202392578 827.139541625977 841.115905761719 847.746307373047 839.269195556641 845.262344360352 853.469009399414 856.546890258789 848.058609008789 841.174163818359 855.139511108398 870.146606445312 875.276168823242 882.574859619141 897.444183349609 906.315139770508 916.890975952148 924.590744018555 917.151885986328 917.036682128906 930.815093994141 939.462066650391 935.082580566406 942.151412963867 946.054809570312 947.575973510742
789.509811401367 776.174697875977 775.717086791992 774.954864501953 768.745468139648 763.239654541016 760.103012084961 755.541732788086 751.375595092773 748.814834594727 745.345138549805 749.208755493164 763.424758911133 770.215530395508 779.587112426758 784.935653686523 778.1494140625 798.212326049805 820.209899902344 824.622268676758 812.037521362305 818.552688598633 826.780822753906 828.816589355469 830.749374389648 836.240768432617 846.056533813477 841.78515625 845.130599975586 855.068328857422 855.212951660156 855.613815307617 854.304016113281 850.568572998047 856.611145019531 876.753479003906 880.85383605957 886.398666381836 899.876281738281 905.13883972168 910.572311401367 918.272323608398 911.527481079102 902.262557983398 902.285552978516 923.105041503906 927.095764160156 929.412139892578 939.931488037109 950.84928894043
795.086715698242 781.073699951172 773.226608276367 774.545501708984 775.217971801758 769.008209228516 758.629837036133 751.645874023438 744.35823059082 743.055191040039 744.681442260742 748.548721313477 759.524536132812 768.259140014648 776.485473632812 794.689849853516 800.995758056641 807.813369750977 813.548919677734 819.979461669922 823.744155883789 829.33479309082 828.511764526367 832.047576904297 833.468032836914 832.842803955078 844.738311767578 852.866714477539 854.732574462891 850.508926391602 858.922805786133 859.527603149414 865.017852783203 857.615585327148 865.030487060547 879.196701049805 886.294647216797 893.777359008789 902.691604614258 896.844299316406 895.657913208008 904.701843261719 915.932418823242 915.77668762207 910.249496459961 916.498458862305 928.030334472656 924.906875610352 932.785980224609 944.287933349609
800.328033447266 790.193283081055 769.88508605957 769.110992431641 763.244979858398 752.962738037109 745.742294311523 741.943145751953 739.517364501953 749.364318847656 747.486450195312 746.323928833008 764.271820068359 769.412414550781 779.30744934082 796.694137573242 810.378158569336 816.804473876953 808.477935791016 810.182632446289 819.910217285156 836.749237060547 841.884323120117 835.338684082031 840.018356323242 844.614242553711 843.107131958008 846.945724487305 844.771102905273 846.755813598633 850.862747192383 858.90446472168 863.562545776367 867.130569458008 877.905578613281 889.195083618164 894.617553710938 893.023529052734 893.705383300781 894.278594970703 897.215316772461 904.414901733398 905.251083374023 909.647506713867 904.086029052734 914.785461425781 928.108993530273 932.931610107422 942.942520141602 948.788757324219
801.782043457031 782.642868041992 770.998046875 769.459365844727 766.378326416016 754.56721496582 746.703002929688 734.637496948242 734.019226074219 743.589172363281 758.744506835938 771.458770751953 778.926422119141 778.510848999023 782.576507568359 793.052230834961 809.402038574219 819.236785888672 810.826110839844 807.205337524414 814.309265136719 835.661499023438 841.501190185547 840.133407592773 846.882369995117 844.62873840332 838.864517211914 841.723190307617 852.282562255859 853.229614257812 858.258178710938 865.347579956055 865.909133911133 867.111801147461 879.988433837891 893.187911987305 900.098205566406 896.845169067383 892.975570678711 892.365493774414 900.911117553711 914.787322998047 912.980438232422 914.139297485352 915.147598266602 920.490036010742 930.873641967773 937.749069213867 943.604965209961 939.728454589844
796.058258056641 796.766754150391 781.290725708008 783.285766601562 772.155792236328 761.935424804688 758.981643676758 756.955108642578 760.704620361328 770.080276489258 781.793319702148 790.409240722656 793.603286743164 795.015258789062 790.600341796875 790.72966003418 803.65461730957 817.490829467773 816.603134155273 814.481002807617 816.765090942383 826.086578369141 839.550903320312 852.194854736328 854.57048034668 851.664825439453 851.775405883789 855.888732910156 858.679290771484 862.253479003906 870.192459106445 868.282089233398 875.55387878418 881.588043212891 891.798706054688 900.400482177734 898.629531860352 892.669342041016 893.447463989258 882.97021484375 899.085968017578 901.196975708008 905.189392089844 908.29296875 908.391143798828 916.700271606445 923.850234985352 919.309326171875 929.498657226562 939.218399047852
798.257919311523 800.392852783203 795.989227294922 800.8955078125 796.548889160156 784.974517822266 778.009307861328 778.52522277832 775.486633300781 775.650329589844 781.018493652344 783.358688354492 796.707672119141 809.691940307617 813.279296875 809.951568603516 808.367492675781 819.007400512695 824.953353881836 822.978713989258 825.019989013672 828.965194702148 833.095748901367 840.526779174805 851.534164428711 856.187927246094 861.250595092773 862.588638305664 866.733612060547 864.223251342773 866.771728515625 876.124633789062 879.202346801758 887.355972290039 893.513427734375 897.585266113281 897.218856811523 891.791839599609 894.668334960938 897.392166137695 902.810882568359 904.504211425781 904.763717651367 893.650634765625 898.900894165039 918.273773193359 921.300735473633 913.289672851562 920.051849365234 932.533798217773
