data/spatiotemp/temp1/bio5_norsw_test_2003_2006.asc
NCOLS 654 
NROWS 380 
XLLCORNER 3.91666666666667 
YLLCORNER 55.3333333333333 
CELLSIZE 0.0416666666666666 
NODATA_value -9999 
[rows 44 to 65 of 380, columns 500 to 549 of 654]
19.7594709396362 20.0299940109253 19.9605188369751 19.855043888092 19.7615666389465 19.9800925254822 20.0426158905029 19.9771404266357 19.9596648216248 19.7621893882751 19.7007131576538 19.4792380332947 19.274377822876 19.3021349906921 19.2098927497864 19.2696485519409 19.2774052619934 19.6451625823975 19.8529195785522 19.7686772346497 19.82843542099 19.8601913452148 19.819947719574 20.1237058639526 19.7430791854858 19.4140739440918 19.4850649833679 19.5680599212646 19.6590518951416 19.6100444793701 19.5290379524231 19.604031085968 19.5150246620178 19.5820164680481 19.6490111351013 19.6520037651062 19.6276826858521 19.7280464172363 19.7604112625122 19.8207764625549 19.825140953064 19.9335055351257 20.0058689117432 19.9382338523865 19.9745984077454 19.958963394165 19.9273266792297 19.9356927871704 19.9560122489929 19.952290058136
19.9333243370056 20.1042761802673 19.7072281837463 19.7421813011169 19.7491335868835 19.7280859947205 19.8150396347046 19.7859926223755 19.6929440498352 19.7958960533142 19.8668494224548 19.7098021507263 19.5691900253296 19.497015953064 19.5888433456421 19.6646699905396 19.7964963912964 19.9443235397339 20.1361494064331 20.2359757423401 20.1078023910522 20.0156273841858 20.0034551620483 20.2672815322876 19.8786559104919 19.8015789985657 19.9045028686523 19.8314280509949 19.6623511314392 19.4052739143372 19.1761984825134 19.2591214179993 19.4940452575684 19.7329688072205 19.6998934745789 19.7188172340393 19.7304310798645 19.8827390670776 19.9470443725586 19.9113512039185 19.8556575775146 19.8759641647339 19.7722702026367 19.9125776290894 19.7848839759827 19.8131909370422 19.8414974212646 19.6458044052124 19.7980971336365 19.8503751754761
19.9767875671387 19.7479205131531 19.6110529899597 19.4021849632263 19.4613161087036 19.5804471969604 19.7915802001953 19.8147130012512 19.7138442993164 19.6849761009216 19.66410779953 19.6992387771606 19.7146754264832 19.7184143066406 19.7221546173096 19.7378950119019 19.9256339073181 20.1173725128174 20.1611132621765 20.2088532447815 20.1645922660828 20.1523303985596 20.2440710067749 19.9798102378845 19.7391428947449 19.786066532135 19.8569903373718 19.6759142875671 19.7068376541138 19.6737613677979 19.5086832046509 19.3716073036194 19.5505313873291 19.6774554252625 19.8483781814575 19.8553032875061 19.8669633865356 19.9673628807068 19.8277630805969 19.5921621322632 19.5085620880127 19.8409595489502 19.8773584365845 19.5857582092285 19.7941570281982 19.7065563201904 19.6189565658569 19.6873550415039 19.8157920837402 19.6962676048279
19.9178643226624 19.6769275665283 19.6279897689819 19.5630526542664 19.5461144447327 19.4571776390076 19.5042400360107 19.5913019180298 19.6423649787903 19.6334276199341 19.7164897918701 19.8075513839722 19.9028310775757 20.0143270492554 19.9938235282898 20.0133204460144 20.0328178405762 20.0963129997253 20.0638103485107 20.0673065185547 20.1428031921387 20.1383004188538 20.2617969512939 20.0492939949036 19.8045372962952 19.8995313644409 19.8665246963501 19.7775182723999 19.6525106430054 19.6515040397644 19.4704966545105 19.5974898338318 19.6364822387695 19.6554751396179 19.80246925354 19.8334622383118 19.8252806663513 19.8859224319458 19.7665657997131 19.6872057914734 19.895848274231 19.8404908180237 19.6131324768066 19.6337752342224 19.4904184341431 19.6950616836548 19.8917026519775 19.8163442611694 19.4570994377136 19.5539679527283
20.050940990448 19.6619338989258 19.5769267082214 19.4999198913574 19.4829139709473 19.3819065093994 19.3528995513916 19.4358921051025 19.5508842468262 19.6818776130676 19.792872428894 20.0038647651672 20.1029868125916 20.1582417488098 20.1254935264587 20.1527490615845 20.2000007629395 20.2712545394897 20.1945080757141 20.2217617034912 20.1650152206421 20.1642684936523 20.0915212631226 20.2307767868042 19.9019331932068 19.7529969215393 19.8000597953796 19.7711224555969 19.7741847038269 19.6932473182678 19.5603079795837 19.3433709144592 19.36643409729 19.533495426178 19.712559223175 19.8036222457886 19.6395964622498 19.7004804611206 19.5693664550781 19.8182506561279 19.6591367721558 19.6440229415894 19.5249075889587 19.5097942352295 19.4706783294678 19.5635628700256 19.4564485549927 19.381335735321 19.382408618927 19.455668926239
19.9040184020996 19.7029414176941 19.5578641891479 19.3367881774902 19.3117117881775 19.4266362190247 19.4735584259033 19.4444823265076 19.5114064216614 19.6823287010193 19.8652548789978 20.0281758308411 20.0951433181763 20.1021528244019 20.1491646766663 20.2481751441956 20.1831865310669 20.0981950759888 20.2012071609497 20.2402176856995 20.1192269325256 20.1142373085022 20.1852478981018 20.2162580490112 19.89532995224 19.6824617385864 19.6175937652588 19.7927255630493 19.8438568115234 19.7749905586243 19.5701217651367 19.4972529411316 19.4483847618103 19.4395174980164 19.5706491470337 19.6217813491821 19.5179114341736 19.3670392036438 19.4801692962646 19.4452962875366 19.6024250984192 19.6755537986755 19.5566816329956 19.513810634613 19.5149393081665 19.4920678138733 19.5211963653564 19.6063237190247 19.5557160377502 19.4853706359863
19.7410936355591 19.7399477958679 19.622802734375 19.5256562232971 19.6245112419128 19.7673659324646 19.886218547821 19.9410729408264 19.9999260902405 20.0027804374695 19.8896350860596 19.8124890327454 19.855299949646 19.762068271637 19.768835067749 19.8196024894714 19.9823694229126 20.1331377029419 20.1999053955078 20.2066721916199 20.2774395942688 20.3322072029114 20.2509746551514 20.2857418060303 20.048725605011 19.9119277000427 19.8951287269592 19.846330165863 19.6695313453674 19.6647334098816 19.563934803009 19.3471364974976 19.6943368911743 19.6535377502441 19.5047407150269 19.5479397773743 19.3882265090942 19.3655982017517 19.6509704589844 19.6883425712585 19.6577129364014 19.6990852355957 19.608455657959 19.5498280525208 19.5912003517151 19.7405705451965 19.7739434242249 19.8233156204224 19.6090235710144 19.559072971344
19.7021713256836 19.5729556083679 19.5957403182983 19.6585245132446 19.7133083343506 19.8440952301025 19.9868793487549 20.0296626091003 19.948447227478 19.9152326583862 19.9900169372559 19.9768033027649 19.8034563064575 19.7819800376892 19.8125061988831 19.8830289840698 19.9695544242859 20.0440773963928 20.1626019477844 20.2211275100708 20.17165184021 20.206175327301 20.2086992263794 20.2552242279053 20.2181220054626 19.9173922538757 19.9806623458862 19.9639339447021 19.9872045516968 19.9824757575989 19.8937454223633 19.7450180053711 19.6082892417908 19.6795582771301 19.6308307647705 19.7020998001099 19.6425437927246 19.5881581306458 19.4817733764648 19.5313882827759 19.5930018424988 19.5706162452698 19.5922312736511 19.6338448524475 19.5994601249695 19.6530747413635 19.7546892166138 19.884304523468 19.8023309707642 19.8167748451233
19.7072477340698 19.6939616203308 19.7526783943176 19.8273940086365 19.9021072387695 20.0328226089478 20.0675392150879 19.6422543525696 19.4489679336548 19.7356853485107 19.9103989601135 19.9651141166687 19.9796133041382 20.0218930244446 20.0561757087708 20.1024570465088 20.1807389259338 20.2310194969177 20.2013010978699 20.1915807723999 20.2058629989624 20.2201447486877 20.3744239807129 20.3847064971924 20.1595163345337 20.1988577842712 20.1141982078552 20.0535373687744 20.1328792572021 20.1122193336487 20.0475578308105 19.8429002761841 19.6742391586304 19.8655786514282 19.8609194755554 19.7442603111267 19.7288603782654 19.5907163619995 19.592574596405 19.5704317092896 19.5282888412476 19.5621461868286 19.6920056343079 19.6778626441956 19.7517204284668 19.8295788764954 20.0394344329834 20.1412925720215 19.8836393356323 19.5944747924805
19.7683229446411 19.758969783783 19.733615398407 19.93226146698 20.0189065933228 20.1175532341003 20.0761981010437 19.9148435592651 19.6214900016785 19.808135509491 19.9947810173035 20.0734267234802 20.1477689743042 20.1738066673279 20.1998448371887 20.257884979248 20.3759212493896 20.4339590072632 20.443998336792 20.4060368537903 20.3920745849609 20.4541139602661 20.4401512145996 20.2341885566711 20.2009124755859 20.2563223838806 20.063732624054 20.1711421012878 20.230553150177 20.2419619560242 20.1053719520569 19.9887804985046 19.7481904029846 19.7996001243591 19.9310097694397 19.922420501709 19.9471759796143 20.0132756233215 19.9833765029907 20.0054779052734 20.039577960968 20.1016778945923 20.1277794837952 20.2018799781799 20.1199812889099 20.2580819129944 20.3281831741333 20.3022842407227 20.0329480171204 19.7961769104004
19.6973991394043 19.7639760971069 19.8905534744263 19.9131293296814 19.9797048568726 19.9222812652588 19.9448580741882 20.0714344978333 20.0740103721619 20.1445870399475 20.1831631660461 20.2417402267456 20.291925907135 20.3857216835022 20.4435167312622 20.4093117713928 20.4071049690247 20.4169015884399 20.4106969833374 20.4204907417297 20.5062856674194 20.4320821762085 20.3538765907288 20.2676720619202 20.2823104858398 20.3057870864868 20.3652663230896 20.32874584198 20.3282251358032 20.3037042617798 20.4111833572388 20.3906636238098 20.3101434707642 20.2696208953857 20.1250996589661 20.0565795898438 20.0694904327393 20.2078356742859 20.1981782913208 20.0725221633911 20.1628670692444 20.2612090110779 20.2475543022156 20.0338969230652 20.1002411842346 20.2145848274231 20.2209281921387 20.2552738189697 20.0822563171387 19.7338781356812
19.6824765205383 19.8089838027954 19.8554911613464 19.9019985198975 19.8925042152405 19.9230103492737 20.0735177993774 20.2800250053406 20.3145327568054 20.2770385742188 20.1635465621948 20.2380533218384 20.1600823402405 20.1336340904236 20.1191849708557 20.1887373924255 20.1902890205383 20.1718430519104 20.2053942680359 20.2189469337463 20.2284979820251 20.2620511054993 20.3116035461426 20.3531546592712 20.3477048873901 20.3232531547546 20.2908024787903 20.2143507003784 20.2059001922607 20.0294480323792 19.9449973106384 20.0245456695557 20.0280938148499 20.0356416702271 20.0511908531189 19.9987397193909 20.1078071594238 20.2343945503235 20.2969808578491 20.3275675773621 20.4101543426514 20.2927422523499 20.2193284034729 20.0819144248962 19.9205017089844 19.975088596344 20.1496758460999 20.1682620048523 20.1035642623901 19.8995804786682
19.6755542755127 19.7339911460876 19.7004284858704 19.6708664894104 19.8413028717041 20.1077399253845 20.2701787948608 20.3446164131165 20.2430534362793 20.2094893455505 20.1679277420044 20.1143651008606 20.128237247467 20.2415475845337 20.2428560256958 20.228166103363 20.1454749107361 20.1347827911377 20.1520924568176 20.1974015235901 20.2667107582092 20.3840188980103 20.3173289299011 20.1746382713318 19.9050998687744 19.8847179412842 19.8723368644714 19.8199543952942 19.8315720558167 19.7711906433105 19.7908091545105 19.7544279098511 19.6700439453125 19.7056632041931 19.777280330658 19.9968996047974 20.1221237182617 20.2329535484314 20.1157827377319 20.0426125526428 20.101441860199 20.016273021698 19.8471031188965 19.73393201828 19.7247629165649 19.8595929145813 19.9144206047058 19.8932523727417 20.0448713302612 20.0772805213928
19.8086304664612 19.9549970626831 19.9973659515381 20.0157341957092 20.0141019821167 20.0124683380127 20.106837272644 20.1572051048279 20.2315731048584 20.15394115448 19.7123103141785 19.9586777687073 20.2123951911926 20.2774600982666 20.2585272789001 20.0395913124084 19.9286575317383 20.145724773407 20.2867894172668 20.3158569335938 20.1969223022461 19.8699889183044 19.8230538368225 19.892119884491 19.7544975280762 19.798182964325 19.8818702697754 19.7175583839417 19.8932466506958 20.0969343185425 20.1286220550537 19.9483089447021 19.8599967956543 19.8796825408936 20.0993714332581 20.2470602989197 20.2124381065369 19.995512008667 19.9065842628479 19.9536581039429 20.0447306632996 20.1038036346436 20.022876739502 19.7139492034912 19.6290225982666 19.5480961799622 19.5871682167053 19.7702412605286 19.6741800308228 19.7749829292297
19.9056386947632 19.9759440422058 19.9702482223511 20.1125516891479 20.1548571586609 19.9931616783142 20.0034651756287 20.07776927948 20.1760740280151 19.9623780250549 19.6286816596985 19.9869871139526 20.1527209281921 20.2258849143982 20.0630497932434 19.9042143821716 20.0813784599304 20.2865424156189 20.2597079277039 20.2008719444275 20.0340361595154 19.9711990356445 19.9763650894165 20.0735297203064 20.1000185012817 19.8878345489502 19.8036470413208 19.9434633255005 19.803277015686 20.1150913238525 20.3269071578979 20.2907218933105 19.9705376625061 19.9743518829346 19.9861674308777 19.9219813346863 19.851375579834 20.0423498153687 20.253324508667 20.2123003005981 20.223274230957 20.1782488822937 19.9772229194641 19.7561984062195 19.5911712646484 19.450147151947 19.5651211738586 19.6560974121094 19.5719842910767 19.2967891693115
19.8785820007324 19.9368281364441 20.0670742988586 20.1133217811584 20.0675673484802 19.909815788269 20.0000610351562 20.0703082084656 20.1405553817749 19.8388004302979 19.8410468101501 20.0352945327759 20.1852202415466 20.242823600769 19.9924268722534 20.038031578064 20.1236362457275 20.1532402038574 20.1748447418213 20.1484484672546 19.9580526351929 19.9076566696167 20.0532593727112 19.9948635101318 19.9656658172607 19.933666229248 19.9136662483215 20.0016670227051 20.2736663818359 20.3056664466858 20.0536670684814 19.9016666412354 19.929666519165 19.921667098999 19.8656678199768 19.9376659393311 20.066933631897 20.325469493866 20.3000040054321 20.1225380897522 20.1490726470947 19.9756073951721 19.8861427307129 19.6046772003174 19.5952110290527 19.7737464904785 19.7522807121277 19.8068156242371 19.7262878417969 19.5306973457336
19.8715262413025 19.9737148284912 20.0439019203186 20.0780916213989 20.0002799034119 19.9384694099426 19.9526572227478 20.1228466033936 20.1610341072083 20.0352215766907 19.9734110832214 20.0756001472473 20.1497163772583 20.095760345459 19.9298048019409 20.0358486175537 20.1898922920227 20.1799364089966 20.1699795722961 20.144024848938 20.0060677528381 19.9921126365662 19.926155090332 19.8281998634338 19.9953141212463 20.0674996376038 20.0156850814819 19.7718706130981 19.5440549850464 19.8242411613464 20.084424495697 20.1286101341248 20.148796081543 20.0369815826416 19.801167011261 19.825352191925 20.0024909973145 20.0325865745544 19.850682258606 19.8527774810791 19.8908720016479 19.7489657402039 19.5470600128174 19.5531573295593 19.8312501907349 19.8693466186523 19.8234415054321 19.7335357666016 19.6805906295776 19.8086075782776
19.8924694061279 19.8906002044678 19.9207310676575 19.962860584259 20.0529923439026 20.0951218605042 20.0772533416748 20.1713848114014 20.1895146369934 20.1356453895569 20.1737766265869 20.2679080963135 20.2702150344849 20.088698387146 20.0151815414429 19.9456667900085 20.0281496047974 20.1186327934265 20.1811170578003 20.2156000137329 20.2220859527588 20.1445693969727 20.019052028656 20.1175365447998 19.90496301651 20.0413336753845 19.7377033233643 19.8380737304688 19.9424443244934 19.8228135108948 20.1631846427917 20.2755560874939 20.1559257507324 19.8802971839905 19.8086671829224 19.7970361709595 19.9060487747192 19.7397046089172 19.8533596992493 19.5830149650574 19.7366704940796 19.6143250465393 19.719979763031 19.7616367340088 19.8152918815613 19.8449449539185 19.6706008911133 19.7202563285828 19.7708950042725 19.8025178909302
19.997410774231 19.9354848861694 19.8855586051941 19.8876314163208 20.037703037262 20.1797761917114 20.2178492546082 20.2039227485657 20.2099947929382 19.9880685806274 20.0341420173645 20.200213432312 20.2547116279602 20.1496353149414 20.1405591964722 20.0794816017151 20.058406829834 20.0373296737671 20.1122536659241 20.2031779289246 20.2421007156372 20.1770248413086 20.0239481925964 19.8628716468811 19.9946103096008 20.1271667480469 19.9917206764221 19.8962779045105 19.8888335227966 19.8053894042969 19.957944393158 20.2025008201599 20.1990547180176 20.1796116828918 19.948166847229 19.7767219543457 19.7656078338623 19.8788228034973 19.8840374946594 19.8932542800903 19.7984685897827 19.807683467865 19.8288998603821 19.8621144294739 19.7673311233521 19.5005440711975 19.5017600059509 19.5989761352539 19.8811984062195 19.8524260520935
19.9743542671204 19.9443712234497 19.9223856925964 19.9844002723694 20.1144151687622 20.1244311332703 20.1144442558289 20.1324605941772 20.182475566864 20.0164909362793 19.9305057525635 20.2285203933716 20.3072099685669 20.2225728034973 20.2699375152588 20.2292990684509 20.1926636695862 20.2200264930725 20.1553907394409 20.0987524986267 20.1461162567139 20.181480884552 20.1808438301086 20.1042075157166 20.0842595100403 20.1890001296997 20.1697406768799 20.0064811706543 19.8912224769592 20.007963180542 20.1407036781311 20.1414442062378 20.0381855964661 19.9869256019592 19.9476652145386 19.8444085121155 19.7491660118103 19.8339405059814 19.8427176475525 19.9074926376343 19.7842674255371 19.6650438308716 19.5538177490234 19.7665929794312 20.0033683776855 19.7761449813843 19.6889200210571 19.7816958427429 19.9635019302368 20.0703377723694
19.9872984886169 20.0492548942566 20.0792136192322 20.105170249939 20.2511281967163 20.2410840988159 20.2030420303345 20.2089986801147 20.0909547805786 19.884913444519 19.9628705978394 20.1448273658752 20.1077084541321 20.0795097351074 20.1513133049011 20.2551164627075 20.3029198646545 20.3547234535217 20.2745265960693 20.1663298606873 20.1101331710815 20.1459360122681 20.2337403297424 20.2175426483154 20.2419075965881 20.3148345947266 20.3357605934143 20.2766852378845 20.2576107978821 20.2385382652283 20.0834617614746 20.1283888816833 20.0533146858215 19.8942399024963 19.779167175293 19.780092716217 19.8847236633301 19.9370594024658 20.0133934020996 19.9137306213379 19.6740660667419 19.7584013938904 19.8747363090515 19.9950733184814 19.8794093132019 19.687744140625 19.6800799369812 19.6884150505066 19.6898040771484 19.8802456855774
20.0722408294678 20.0581412315369 20.1200394630432 20.2259387969971 20.3238387107849 20.3577389717102 20.3636384010315 20.2175364494324 19.979434967041 19.9013347625732 19.9832334518433 20.0091328620911 20.0082054138184 20.0404481887817 20.0326900482178 20.1089334487915 20.1451773643494 20.2214202880859 20.2856631278992 20.2419066429138 20.1301484107971 20.0783910751343 20.0186347961426 19.9948778152466 20.0675549507141 20.160665512085 20.1897764205933 20.2188897132874 20.2960004806519 20.2771110534668 20.2022228240967 20.1273341178894 20.1444435119629 20.0575556755066 20.0306668281555 19.9997782707214 19.9922823905945 20.0241775512695 19.9840722084045 19.7959685325623 19.8678646087646 20.0077600479126 20.1036567687988 20.0795521736145 19.9754476547241 19.8913440704346 19.9032387733459 19.8191351890564 19.7521085739136 19.6981554031372
