data/spatiotemp/temp1/bio5_norsw_test_2003_2006.asc
NCOLS 654 
NROWS 380 
XLLCORNER 3.91666666666667 
YLLCORNER 55.3333333333333 
CELLSIZE 0.0416666666666666 
NODATA_value -9999 
[rows 176 to 197 of 380, columns 600 to 649 of 654]
22.2439427375793 22.3447728157043 22.2536025047302 22.1424326896667 22.2352623939514 22.4560933113098 22.5129218101501 22.4177522659302 22.346444606781 22.4110012054443 22.3635559082031 22.26811170578 22.1446657180786 22.1772217750549 22.2737770080566 22.1983327865601 22.110888004303 22.2154445648193 22.3319983482361 22.3885564804077 22.4367275238037 22.3765201568604 22.3523111343384 22.3161044120789 22.2718954086304 22.1916871070862 22.1634788513184 22.1472692489624 22.1110620498657 22.0708527565002 22.0266442298889 21.974437713623 21.9416656494141 22.1043286323547 22.2229905128479 22.2656540870667 22.2243165969849 22.2469801902771 22.2176432609558 22.1363067626953 22.1509709358215 22.2576336860657 22.3042974472046 22.2469611167908 22.2318696975708 22.0910263061523 22.0101823806763 21.9893379211426 21.9844937324524 22.0316495895386
22.2762026786804 22.3413686752319 22.2265343666077 22.0996990203857 22.2448649406433 22.4780311584473 22.6311960220337 22.5883617401123 22.5011763572693 22.4376382827759 22.282103061676 22.3065657615662 22.2390279769897 22.2834916114807 22.2839546203613 22.2404165267944 22.2208790779114 22.1893424987793 22.2498049736023 22.3142690658569 22.3584642410278 22.4223957061768 22.5223245620728 22.4982552528381 22.4541869163513 22.2741169929504 22.0260467529297 22.1059770584106 22.1659097671509 22.2298398017883 22.2297697067261 22.2097020149231 22.0568418502808 21.9951915740967 22.1375432014465 22.1238927841187 22.1502437591553 22.1965942382812 22.1189455986023 22.0372958183289 22.1316475868225 22.2859978675842 22.2643485069275 22.0786995887756 22.0316319465637 22.0711469650269 22.0226616859436 21.9541773796082 21.8936920166016 21.9252076148987
22.5033006668091 22.5052061080933 22.4191126823425 22.2890205383301 22.3789253234863 22.5608310699463 22.6547379493713 22.5766439437866 22.4498238563538 22.4022750854492 22.4227271080017 22.4391765594482 22.339629650116 22.2480792999268 22.1525301933289 22.2289819717407 22.1974339485168 22.2818846702576 22.2863359451294 22.3147883415222 22.4429173469543 22.4427261352539 22.478536605835 22.5783438682556 22.5421538352966 22.4179625511169 22.3937711715698 22.3695821762085 22.3053903579712 22.2851991653442 22.3170099258423 22.2808170318604 22.1957316398621 22.1897540092468 22.1957740783691 22.069794178009 22.1678152084351 22.1178359985352 22.0598568916321 22.1298789978027 22.1719002723694 22.2299203872681 22.1999411582947 22.1419625282288 22.0549254417419 22.0348353385925 22.0787444114685 21.9426531791687 21.9185605049133 21.9104695320129
22.553234577179 22.5602860450745 22.6553378105164 22.6743907928467 22.657443523407 22.7324957847595 22.7075476646423 22.6265993118286 22.54838514328 22.4209060668945 22.3254280090332 22.3579483032227 22.3824691772461 22.3749904632568 22.3555107116699 22.4600319862366 22.5005512237549 22.4090723991394 22.2935924530029 22.3861145973206 22.4620885848999 22.5335140228271 22.60094165802 22.6523694992065 22.6757960319519 22.6352229118347 22.6106495857239 22.506076335907 22.4655046463013 22.3729329109192 22.292359828949 22.1877851486206 22.1463360786438 22.2640109062195 22.161684513092 22.0873579978943 22.1970310211182 22.2067055702209 22.2443780899048 22.2460513114929 22.167724609375 22.1373982429504 22.1310725212097 21.9647469520569 21.977753162384 22.0260877609253 22.1584258079529 22.1587619781494 22.0310983657837 21.9554343223572
22.5111694335938 22.5113677978516 22.7315640449524 22.8437633514404 22.8399615287781 22.8281579017639 22.7443561553955 22.6085538864136 22.5469484329224 22.4075393676758 22.3561296463013 22.4327192306519 22.4653096199036 22.4299001693726 22.4384903907776 22.5030794143677 22.5716686248779 22.5482606887817 22.4688506126404 22.4054398536682 22.3972582817078 22.5203042030334 22.5313477516174 22.5943927764893 22.7254395484924 22.7564845085144 22.7435283660889 22.7345747947693 22.6616187095642 22.444664478302 22.2877097129822 22.1827545166016 22.1729407310486 22.2222676277161 22.2435936927795 22.1809186935425 22.0942454338074 22.2195725440979 22.1568989753723 22.1982264518738 22.2675518989563 22.2928805351257 22.1902060508728 21.9515323638916 21.9365773200989 22.0333423614502 22.042106628418 21.9948735237122 22.047637462616 22.0644016265869
22.7971024513245 22.630446434021 22.7277903556824 22.8731346130371 22.8664789199829 22.7758212089539 22.7651658058167 22.6825094223022 22.6015110015869 22.5901699066162 22.4628286361694 22.4874887466431 22.4001498222351 22.4368085861206 22.4334683418274 22.3821277618408 22.5747871398926 22.7234473228455 22.6761069297791 22.4847664833069 22.4044280052185 22.3670926094055 22.4737553596497 22.5644173622131 22.6550793647766 22.7537441253662 22.8244071006775 22.811071395874 22.6457324028015 22.4683976173401 22.2230610847473 22.3137235641479 22.2955460548401 22.204523563385 22.2215037345886 22.2144832611084 22.2034606933594 22.2364416122437 22.1254210472107 22.1823992729187 22.1713795661926 22.1203579902649 22.2213373184204 22.162317276001 22.1994023323059 22.1285948753357 22.0577893257141 22.1589822769165 22.2721767425537 22.3093690872192
22.855037689209 22.8175263404846 22.7800164222717 22.8625059127808 22.9689950942993 22.8794851303101 22.7179746627808 22.7164645195007 22.732072353363 22.7288017272949 22.5895314216614 22.4022607803345 22.3789896965027 22.503719329834 22.6444478034973 22.6091775894165 22.7099051475525 22.7866339683533 22.6673650741577 22.5080938339233 22.4875984191895 22.3818793296814 22.4241614341736 22.5384421348572 22.6607217788696 22.7270045280457 22.7692861557007 22.8275671005249 22.8058495521545 22.6921291351318 22.5624103546143 22.472692489624 22.3541502952576 22.3027815818787 22.3474144935608 22.2480454444885 22.2486772537231 22.2813105583191 22.253942489624 22.1985740661621 22.1952066421509 22.159836769104 22.1484689712524 22.2251009941101 22.2062273025513 22.199848651886 22.1334710121155 22.099091053009 22.1527142524719 22.270336151123
22.8009715080261 22.9046068191528 22.7882413864136 22.6158776283264 22.7075123786926 22.8551483154297 22.8467841148376 22.8184194564819 22.8906354904175 22.7834343910217 22.8082323074341 22.7130308151245 22.5138301849365 22.5946283340454 22.7594270706177 22.8882250785828 22.9250254631042 22.9498238563538 22.8706212043762 22.6834197044373 22.5467691421509 22.4246668815613 22.3305673599243 22.5284657478333 22.6743659973145 22.7802648544312 22.8701648712158 22.9360637664795 22.9419641494751 22.8318638801575 22.7577624320984 22.5756616592407 22.5207538604736 22.5250377655029 22.5013217926025 22.3016076087952 22.0618920326233 22.2141771316528 22.2864623069763 22.2747478485107 22.2630314826965 22.2593159675598 22.1916017532349 22.1598868370056 22.3050527572632 22.3471031188965 22.277153968811 22.1592025756836 22.1372518539429 22.0993022918701
22.5709047317505 22.7036862373352 22.8124675750732 22.8692502975464 22.7380294799805 22.7508115768433 22.7995934486389 22.8003745079041 22.7931981086731 22.8860669136047 22.9229340553284 22.8638024330139 22.7566709518433 22.7815389633179 22.8944063186646 22.9512739181519 22.9721422195435 22.9330110549927 22.8698787689209 22.7307443618774 22.7059373855591 22.6034545898438 22.5249733924866 22.3624911308289 22.5000076293945 22.6815252304077 22.8430438041687 22.9165616035461 22.8780784606934 22.8435959815979 22.8291125297546 22.8146305084229 22.7073578834534 22.5312943458557 22.4992322921753 22.4711694717407 22.5271067619324 22.4910449981689 22.4629821777344 22.4069218635559 22.3868579864502 22.4147953987122 22.3787331581116 22.3666710853577 22.4758787155151 22.4663553237915 22.3968348503113 22.2993116378784 22.2497916221619 22.2042684555054
22.3448400497437 22.4667658805847 22.7046933174133 22.8586206436157 22.8645477294922 22.7664742469788 22.7324018478394 22.7023296356201 22.8557620048523 22.8566994667053 22.8696360588074 22.8305726051331 22.9275102615356 22.9284477233887 22.8213858604431 22.6263213157654 22.8552598953247 22.8801975250244 22.8851346969604 22.8100719451904 22.6771082878113 22.5422439575195 22.4473805427551 22.5685143470764 22.5576500892639 22.5507864952087 22.7279214859009 22.7610559463501 22.7661914825439 22.7593269348145 22.7684631347656 22.7855997085571 22.669960975647 22.57355260849 22.4491419792175 22.5487327575684 22.7003231048584 22.707914352417 22.6195025444031 22.5190925598145 22.45068359375 22.4542756080627 22.4978642463684 22.549455165863 22.5547037124634 22.5536103248596 22.5085163116455 22.4514222145081 22.3703284263611 22.3532333374023
22.298773765564 22.4538469314575 22.6689176559448 22.9079928398132 22.8630657196045 22.8061389923096 22.7852115631104 22.7722840309143 22.8023233413696 22.8433308601379 22.7883362770081 22.785343170166 22.7903499603271 22.7913570404053 22.8603644371033 22.6733713150024 22.5183777809143 22.695384979248 22.9443917274475 22.9013996124268 22.7802791595459 22.7330317497253 22.6977858543396 22.7745389938354 22.7552919387817 22.6000471115112 22.5887999534607 22.5695543289185 22.7343068122864 22.68306016922 22.6878128051758 22.7245674133301 22.756564617157 22.7998085021973 22.6990528106689 22.6382937431335 22.6935381889343 22.7007808685303 22.6640248298645 22.5632672309875 22.574511051178 22.4977531433105 22.5209965705872 22.5282406806946 22.5415287017822 22.5408625602722 22.6001968383789 22.6275329589844 22.6268668174744 22.5862007141113
22.4247078895569 22.5609259605408 22.6611437797546 22.8053636550903 22.9175825119019 22.9658017158508 22.9540200233459 22.894238948822 22.808886051178 22.7819619178772 22.7830386161804 22.7761149406433 22.7851910591125 22.8062677383423 22.8033442497253 22.7764210700989 22.5934963226318 22.782573223114 22.867648601532 22.9167256355286 22.9234490394592 22.8278217315674 22.8321924209595 22.8845639228821 22.8249354362488 22.7173070907593 22.8016781806946 22.6540503501892 22.7304220199585 22.7427926063538 22.7391638755798 22.7635354995728 22.7551693916321 22.8140668869019 22.8489608764648 22.8278584480286 22.8347535133362 22.7856512069702 22.6685447692871 22.5794410705566 22.6383366584778 22.58123254776 22.5681290626526 22.5470237731934 22.5163536071777 22.5561170578003 22.5678787231445 22.5396413803101 22.5394039154053 22.4871668815613
22.4626407623291 22.4320058822632 22.4213700294495 22.5667362213135 22.7600994110107 22.9214644432068 22.9748296737671 22.9921932220459 22.9474487304688 22.8165946006775 22.7897400856018 22.7068858146667 22.6000318527222 22.8411769866943 22.818323135376 22.815468788147 22.7606148719788 22.8137607574463 22.8429064750671 22.8840508460999 22.9266195297241 22.8586096763611 22.8625993728638 22.8785891532898 22.8785781860352 22.862566947937 22.9185581207275 22.9505467414856 22.8945364952087 22.8265266418457 22.8665151596069 22.8025054931641 22.8777747154236 22.7883234024048 22.7268724441528 22.5974206924438 22.6359677314758 22.7025170326233 22.5810670852661 22.4236149787903 22.3701634407043 22.416711807251 22.4672603607178 22.3538098335266 22.3471794128418 22.3553714752197 22.3995614051819 22.2677526473999 22.1759438514709 22.1961331367493
22.4445762634277 22.363085269928 22.3735971450806 22.3601069450378 22.6386170387268 22.8891267776489 22.8996381759644 23.0901474952698 23.0820107460022 22.9592256546021 22.8844423294067 22.8696570396423 22.8228716850281 22.8920874595642 22.8813018798828 22.810516834259 22.7917327880859 22.8009476661682 22.8061628341675 22.8033781051636 22.8177881240845 22.8293972015381 22.8770041465759 22.8366131782532 22.8122200965881 22.7438268661499 22.70343542099 22.7750430107117 22.7266502380371 22.6262588500977 22.7578663825989 22.6774735450745 22.760377407074 22.7745800018311 22.6247801780701 22.4589834213257 22.5571837425232 22.5393857955933 22.4815878868103 22.3837890625 22.3179898262024 22.360191822052 22.3463931083679 22.4085941314697 22.4580044746399 22.4826235771179 22.3872437477112 22.291862487793 22.2004804611206 22.1771016120911
22.5858840942383 22.5167064666748 22.423529624939 22.4783520698547 22.6211757659912 22.8599982261658 23.0148215293884 23.1496434211731 23.1537637710571 23.0631818771362 22.952600479126 22.8980183601379 22.8474359512329 22.8888549804688 22.8262710571289 22.7836890220642 22.7971076965332 22.8145241737366 22.7559423446655 22.7893595695496 22.7757921218872 22.7352361679077 22.7386837005615 22.7221279144287 22.7055749893188 22.7130193710327 22.6964659690857 22.7079105377197 22.603355884552 22.5468029975891 22.6022486686707 22.5816931724548 22.5524849891663 22.4066233634949 22.5247611999512 22.3828997612 22.2170372009277 22.2871737480164 22.3933134078979 22.4194507598877 22.4255886077881 22.4037261009216 22.3378643989563 22.4440021514893 22.5254554748535 22.5382242202759 22.5589938163757 22.5597639083862 22.3565325737 22.3413033485413
22.6505670547485 22.6328711509705 22.4711713790894 22.4014754295349 22.5757761001587 22.7420792579651 22.9043807983398 22.8306832313538 22.7587103843689 22.9444637298584 22.8862180709839 22.931972026825 22.929723739624 22.8074769973755 22.8092303276062 22.8709845542908 22.8967385292053 22.8224921226501 22.7762451171875 22.7819972038269 22.6646270751953 22.6361298561096 22.6956324577332 22.6911363601685 22.6306400299072 22.6541438102722 22.6936473846436 22.7851495742798 22.8006539344788 22.7721571922302 22.6036610603333 22.6231651306152 22.6620945930481 22.5924530029297 22.4988112449646 22.3131685256958 22.2515263557434 22.2538833618164 22.2922415733337 22.3866004943848 22.4929575920105 22.5593137741089 22.5896725654602 22.5840301513672 22.5975294113159 22.6901721954346 22.734815120697 22.6514573097229 22.5720982551575 22.5127415657043
22.6432514190674 22.5650324821472 22.4948139190674 22.4925956726074 22.294376373291 22.6241588592529 22.6059398651123 22.7037200927734 22.7676563262939 22.7817449569702 22.7678327560425 22.8059234619141 22.8760132789612 22.9341020584106 22.8921904563904 22.8262786865234 22.9043679237366 22.8344569206238 22.6725459098816 22.5866360664368 22.665461063385 22.709023475647 22.74458360672 22.6841449737549 22.6717066764832 22.6792669296265 22.7268285751343 22.8263902664185 22.8659520149231 22.8855137825012 22.8650741577148 22.7966365814209 22.7037043571472 22.6302833557129 22.4368605613708 22.3154382705688 22.3340153694153 22.4005937576294 22.431170463562 22.2857489585876 22.3403258323669 22.5269031524658 22.6294803619385 22.6680588722229 22.6216044425964 22.6541209220886 22.7106356620789 22.7271513938904 22.6676654815674 22.592179775238
22.5719361305237 22.5011968612671 22.4464569091797 22.4757180213928 22.4169793128967 22.526237487793 22.7154979705811 22.7207584381104 22.740602016449 22.85502576828 22.7574501037598 22.695876121521 22.9303007125854 23.0847244262695 22.9951500892639 22.8935742378235 22.8600001335144 22.8304233551025 22.6808495521545 22.5952725410461 22.6622953414917 22.6819152832031 22.749532699585 22.6851530075073 22.6527719497681 22.6483912467957 22.6240096092224 22.7436294555664 22.8272500038147 22.7148675918579 22.6144881248474 22.5741062164307 22.6053156852722 22.4441132545471 22.3949103355408 22.2977089881897 22.2845039367676 22.4353022575378 22.5420994758606 22.6448969841003 22.7036957740784 22.7624936103821 22.8332896232605 22.864089012146 22.8576812744141 22.8020696640015 22.8424558639526 22.9148440361023 22.8752312660217 22.7556200027466
22.7286205291748 22.4613599777222 22.378098487854 22.5508375167847 22.6035766601562 22.680317401886 22.7810578346252 22.8297972679138 22.9175472259521 22.908308506012 22.9110684394836 22.7498273849487 22.9645881652832 23.0993490219116 23.0701093673706 22.9568705558777 22.8876309394836 22.906391620636 22.8371515274048 22.5239119529724 22.4231300354004 22.5148057937622 22.6424827575684 22.6261610984802 22.7458386421204 22.6895155906677 22.5771927833557 22.6128687858582 22.7165455818176 22.6762237548828 22.539900302887 22.4275779724121 22.302924156189 22.2779431343079 22.2849597930908 22.2919778823853 22.3589940071106 22.4420137405396 22.5730309486389 22.708046913147 22.8030648231506 22.8660831451416 22.8570985794067 22.824116230011 22.7937550544739 22.7740178108215 22.798276424408 22.8705368041992 22.7947969436646 22.6630573272705
22.7253036499023 22.7335228919983 22.6017413139343 22.6459593772888 22.7341794967651 22.8463978767395 22.9146156311035 22.9908351898193 23.0304913520813 23.0495882034302 23.0926833152771 23.0477809906006 23.0308766365051 23.1539711952209 23.1770677566528 22.9921646118164 22.9232616424561 22.9143567085266 22.9134531021118 22.8645491600037 22.6439638137817 22.4836988449097 22.5834336280823 22.7191696166992 22.6189041137695 22.7346396446228 22.6863737106323 22.5741090774536 22.6338429450989 22.6975784301758 22.705313205719 22.6010475158691 22.4885358810425 22.3557705879211 22.3310103416443 22.4622468948364 22.4534850120544 22.5727205276489 22.679958820343 22.7111964225769 22.6704339981079 22.7336702346802 22.7009072303772 22.6441445350647 22.5738315582275 22.5619630813599 22.6020975112915 22.6382298469543 22.6583638191223 22.6064963340759
22.8179883956909 22.8576860427856 22.7133827209473 22.5850811004639 22.796778678894 22.8804783821106 23.0361752510071 23.1358733177185 23.1914381980896 23.162868976593 23.2063016891479 23.3377332687378 23.3291659355164 23.3085980415344 23.2960286140442 23.2114591598511 23.1068906784058 23.050323009491 22.9857559204102 22.9451870918274 22.9007987976074 22.8485932350159 22.7883834838867 22.696177482605 22.8799700737 22.7957634925842 22.8155555725098 22.7433476448059 22.7591409683228 22.7989339828491 22.758725643158 22.6785187721252 22.7941446304321 22.7176008224487 22.4730582237244 22.4365162849426 22.4439749717712 22.4914298057556 22.6868877410889 22.7223463058472 22.7138018608093 22.6812586784363 22.6727166175842 22.5881743431091 22.5859055519104 22.5899114608765 22.6339178085327 22.6619229316711 22.7139291763306 22.6299352645874
22.9146728515625 22.9618482589722 22.9090256690979 22.7562026977539 22.7713813781738 22.854558467865 22.937735080719 23.0809111595154 23.1683831214905 23.2241501808167 23.2799181938171 23.3356857299805 23.3914523124695 23.3832206726074 23.4429879188538 23.3827548027039 23.2385234832764 23.1302890777588 23.0220575332642 22.9418244361877 22.9656343460083 22.9574847221375 22.8733358383179 22.7771854400635 22.6450352668762 22.676887512207 22.636736869812 22.7725882530212 22.8324389457703 22.8282895088196 22.8281393051147 22.8719906806946 22.98375415802 22.8794326782227 22.6831083297729 22.5187859535217 22.4944624900818 22.4861397743225 22.6418166160583 22.6934952735901 22.6451721191406 22.6408491134644 22.6445260047913 22.5882029533386 22.5819811820984 22.669858455658 22.737738609314 22.8856172561646 22.8894958496094 22.8453731536865
