data/spatiotemp/temp1/bio5_norsw_test_2003_2006.asc
NCOLS 654 
NROWS 380 
XLLCORNER 3.91666666666667 
YLLCORNER 55.3333333333333 
CELLSIZE 0.0416666666666666 
NODATA_value -9999 
[rows 352 to 373 of 380, columns 200 to 249 of 654]
-9999 -9999 -9999 -9999 -9999 -9999 -9999 -9999 -9999 -9999 22.5863289833069 22.3422255516052 22.6271805763245 -9999 -9999 -9999 22.8776788711548 23.0767464637756 23.2642602920532 23.324773311615 23.2712874412537 23.1788005828857 23.0393133163452 22.8208270072937 22.7869281768799 22.7206168174744 22.7023057937622 22.7119941711426 22.7246823310852 22.7243704795837 22.8500590324402 23.0067486763 23.0174369812012 22.8271260261536 22.7948145866394 22.8425025939941 22.8656229972839 22.8671741485596 22.8677258491516 22.9572768211365 22.8878283500671 22.8263807296753 22.770932674408 22.7644834518433 22.8530349731445 22.8865857124329 22.882137298584 22.9476895332336 22.9182100296021 22.8497004508972
-9999 -9999 -9999 -9999 -9999 -9999 -9999 22.1206140518188 22.6751308441162 22.6895203590393 22.6585674285889 22.3985366821289 22.2367143630981 22.2740406990051 22.5783648490906 22.643669128418 22.8313050270081 23.0122756958008 23.1032462120056 23.1722164154053 23.1801867485046 23.0961565971375 22.9201273918152 22.8200988769531 22.7732138633728 22.7324743270874 22.7337341308594 22.7989945411682 22.8132557868958 22.7895159721375 22.8367762565613 23.0010356903076 23.0162973403931 22.883556842804 22.8078174591064 22.7850780487061 22.7837781906128 22.7609195709229 22.8510589599609 22.9641995429993 22.9253406524658 22.8614811897278 22.9176211357117 22.8817615509033 22.8309030532837 22.8110432624817 22.8401851654053 22.8763251304626 22.8514289855957 22.857497215271
-9999 -9999 -9999 -9999 -9999 -9999 -9999 -9999 -9999 22.7022881507874 22.7800498008728 22.7543487548828 22.535665512085 22.3120932579041 22.0565204620361 21.9189491271973 21.9863758087158 22.0428032875061 22.289231300354 22.6146593093872 22.8350868225098 22.8785133361816 22.7699418067932 22.8143692016602 22.7915000915527 22.7093315124512 22.6651639938354 22.7129955291748 22.749828338623 22.8086609840393 22.800491809845 22.743323802948 22.7941575050354 22.7909893989563 22.7528214454651 22.7096529006958 22.7329339981079 22.8206629753113 22.9383926391602 22.9881234169006 23.0208525657654 23.1505842208862 23.2433123588562 23.0820426940918 22.9127712249756 22.8785018920898 22.8432307243347 22.8489599227905 22.8636479377747 22.9462938308716
-9999 -9999 -9999 -9999 -9999 -9999 -9999 -9999 -9999 -9999 22.7405481338501 22.7876605987549 22.7479085922241 22.7707939147949 22.3846783638 22.0995626449585 22.0344462394714 21.9683318138123 21.8972163200378 21.9621019363403 22.0769863128662 22.236870765686 22.4677557945251 22.6796407699585 22.7497849464417 22.7371892929077 22.7415933609009 22.6739964485168 22.7104005813599 22.7498049736023 22.7342081069946 22.7046127319336 22.7720160484314 22.7944207191467 22.7978234291077 22.7532291412354 22.8500895500183 22.9764094352722 23.0267281532288 23.0610466003418 23.0563654899597 23.1396832466125 23.1440033912659 23.1283226013184 22.989640712738 22.9499592781067 22.8952784538269 22.8675966262817 22.8908686637878 22.9440913200378
-9999 -9999 -9999 -9999 22.0218482017517 21.8868670463562 22.0118837356567 -9999 -9999 -9999 -9999 -9999 22.766508102417 22.9054932594299 22.9578347206116 22.8781757354736 22.6025176048279 22.4238595962524 22.3922019004822 22.3885431289673 22.3678851127625 22.362229347229 22.3485698699951 22.3329129219055 22.4950704574585 22.560046672821 22.6620225906372 22.6489973068237 22.5939736366272 22.6399493217468 22.6489253044128 22.6919007301331 22.7278761863708 22.7688527107239 22.8418273925781 22.8688020706177 22.9042444229126 22.9721527099609 23.0610604286194 23.0089688301086 23.0848779678345 23.0457854270935 23.0766930580139 23.073600769043 23.0815100669861 23.0444173812866 22.9153251647949 22.8862338066101 22.8200869560242 22.9218878746033
-9999 -9999 -9999 -9999 -9999 22.0537462234497 22.2093968391418 22.4557032585144 22.5002417564392 22.5229368209839 -9999 -9999 -9999 22.9671921730042 22.9219908714294 23.0527906417847 23.0055894851685 22.745388507843 22.6021876335144 22.5219869613647 22.5127854347229 22.4615845680237 22.5113844871521 22.6281833648682 22.7603578567505 22.7619047164917 22.6414518356323 22.6389994621277 22.5595455169678 22.625093460083 22.647641658783 22.6061882972717 22.6147346496582 22.8012838363647 22.8988313674927 23.0453786849976 23.0274004936218 23.1068983078003 23.0763955116272 23.057891368866 23.1523885726929 23.1348872184753 23.0703825950623 23.1078810691833 23.1023783683777 23.0018754005432 22.9623718261719 22.9008688926697 22.7673077583313 22.867684841156
-9999 -9999 -9999 -9999 -9999 -9999 22.5108914375305 22.6476316452026 22.6893720626831 22.695113658905 22.9155225753784 22.7958459854126 22.7204785346985 22.5721688270569 22.7942838668823 23.0858111381531 23.1133365631104 22.9918637275696 22.8133926391602 22.646918296814 22.3894472122192 22.4089736938477 22.5434999465942 22.540027141571 22.6370415687561 22.6275424957275 22.6240434646606 22.6035451889038 22.5680465698242 22.614547252655 22.6880493164062 22.6645503044128 22.6480512619019 22.7845516204834 22.9480533599854 23.0305542945862 23.0684523582458 23.0277471542358 23.1400423049927 23.1783361434937 23.1176319122314 23.0779252052307 23.0422201156616 23.2235150337219 23.2238087654114 23.0461044311523 22.9363989830017 22.7926931381226 22.7780890464783 22.7115893363953
-9999 -9999 -9999 -9999 -9999 -9999 -9999 22.7187561988831 22.8384943008423 22.8444666862488 22.9164385795593 22.8354096412659 22.7636594772339 22.7271852493286 22.8587107658386 22.9712381362915 23.001763343811 23.0182890892029 23.0398144721985 22.9503412246704 22.7558670043945 22.6433930397034 22.5839190483093 22.5554447174072 22.5691261291504 22.6089634895325 22.6788005828857 22.5986366271973 22.6304740905762 22.6663103103638 22.6511478424072 22.7409834861755 22.7988209724426 22.9076581001282 23.1594944000244 23.2213306427002 23.3043999671936 23.2496995925903 23.275999546051 23.3093004226685 23.3076009750366 23.2189011573792 23.1162028312683 23.2135019302368 23.35480260849 23.2511034011841 23.089403629303 22.9097037315369 22.973436832428 22.962601184845
22.6309833526611 -9999 -9999 -9999 -9999 -9999 -9999 22.6377429962158 22.5454053878784 22.6168165206909 22.7750205993652 22.8672246932983 22.9250898361206 22.9326138496399 23.0271382331848 23.0976643562317 23.1181888580322 22.99871301651 22.9412384033203 23.0487627983093 23.0572876930237 22.9988126754761 22.9323377609253 22.8498630523682 22.7302117347717 22.7293829917908 22.7195568084717 22.6667280197144 22.6639003753662 22.7010726928711 22.6032452583313 22.5574178695679 22.7375903129578 22.9727630615234 23.1539354324341 23.2071075439453 23.179347038269 23.1976532936096 23.3149590492249 23.3402647972107 23.4075717926025 23.3888773918152 23.2921843528748 23.3524894714355 23.3407964706421 23.3571028709412 23.1684083938599 23.0637159347534 23.2847828865051 23.2166142463684
22.5802526473999 22.5996880531311 22.5250697135925 22.5025572776794 22.4139938354492 22.3654294013977 22.3693647384644 -9999 22.1559829711914 22.2561688423157 22.5436038970947 22.9730396270752 23.0695190429688 22.9970436096191 23.0515670776367 23.1650905609131 23.2156133651733 22.851137638092 22.4886612892151 22.6021842956543 22.8397078514099 23.0142312049866 23.110755443573 23.0612797737122 23.0322952270508 22.861804485321 22.7363119125366 22.6528196334839 22.5943284034729 22.5328364372253 22.394344329834 22.3858528137207 22.538360118866 22.6378679275513 22.7963771820068 22.9738841056824 22.6522951126099 22.6426067352295 22.9859180450439 23.2162303924561 23.3775420188904 23.4208545684814 23.4861669540405 23.5114774703979 23.4587903022766 23.4651026725769 23.3924145698547 23.402726650238 23.4601306915283 23.4656262397766
22.4135212898254 22.4041867256165 22.3308548927307 22.3715209960938 22.31418800354 22.2638545036316 22.3025212287903 22.3788552284241 22.5905208587646 22.4205222129822 22.675938129425 23.185854434967 23.1299495697021 22.9194712638855 22.8539953231812 22.8960404396057 22.9849328994751 22.8895621299744 22.587082862854 22.2606067657471 22.0831279754639 22.1216506958008 22.5401740074158 22.9246964454651 22.959379196167 22.9332232475281 22.8390674591064 22.7259106636047 22.6167550086975 22.4155974388123 22.4594416618347 22.5002851486206 22.5741305351257 22.7179741859436 22.8738179206848 22.917661190033 22.595242023468 22.4715604782104 22.5318765640259 22.615195274353 22.8045134544373 23.0368299484253 23.3201479911804 23.551465511322 23.6437840461731 23.7551016807556 23.7754182815552 23.6097364425659 23.5374760627747 23.5526390075684
22.3437895774841 22.0336875915527 21.9705858230591 22.2194838523865 22.2823824882507 22.254280090332 22.3511781692505 22.4604511260986 22.6250576972961 -9999 23.0334362983704 23.1734528541565 23.0723786354065 22.9259009361267 22.8086004257202 22.7041845321655 22.6797690391541 22.6539855003357 22.6485071182251 22.641028881073 22.3575506210327 22.142071723938 22.2255926132202 22.2721138000488 22.6514639854431 22.8746438026428 22.8358225822449 22.7420020103455 22.7111821174622 22.6633610725403 22.523540019989 22.4507188796997 22.5038990974426 22.6950788497925 22.7982578277588 22.8524379730225 22.7411890029907 22.5205130577087 22.47083568573 22.5661611557007 22.6444840431213 22.7248067855835 22.8721303939819 23.2964539527893 23.6687774658203 23.7800998687744 23.6324234008789 23.5447483062744 23.6168236732483 23.6286497116089
22.3940587043762 22.0851874351501 22.154317855835 22.2544469833374 22.3655767440796 22.4077062606812 22.4818367958069 22.4928231239319 -9999 -9999 -9999 22.9134845733643 22.7053737640381 22.7377762794495 22.7860531806946 22.7763290405273 22.7486062049866 22.7048826217651 22.6549305915833 22.6874504089355 22.6929702758789 22.4584908485413 22.4540114402771 22.531530380249 22.6195483207703 22.7510643005371 22.795578956604 22.7220940589905 22.7366094589233 22.6071248054504 22.4666390419006 22.4591541290283 22.4566679000854 22.5921840667725 22.6766991615295 22.6422142982483 22.5621356964111 22.583466053009 22.6677961349487 22.8121247291565 22.949453830719 23.0807838439941 23.1531119346619 23.3444414138794 23.5077719688416 23.4931015968323 23.3574290275574 23.3997578620911 23.6561698913574 23.656662940979
22.6123266220093 22.5356864929199 22.3230481147766 22.3444108963013 22.4863233566284 22.6121315956116 22.5858678817749 -9999 -9999 -9999 22.1178650856018 -9999 22.4298191070557 22.4519534111023 22.7375059127808 22.872474193573 22.9074425697327 22.8944115638733 22.8813810348511 22.8943490982056 22.9173908233643 22.7659106254578 22.6844301223755 22.6499485969543 22.5476326942444 22.6064829826355 22.7393345832825 22.9081854820251 22.9920353889465 22.8248867988586 22.8937373161316 22.8975887298584 22.5544385910034 22.5632901191711 22.5171399116516 22.3959903717041 22.2840843200684 22.3794198036194 22.4337530136108 22.6030893325806 22.9294247627258 23.1487598419189 23.2310948371887 23.3894290924072 23.4907650947571 23.4591007232666 23.4924354553223 23.6117701530457 23.6425166130066 23.3859243392944
22.4643812179565 22.4031872749329 22.2747797966003 22.2913732528687 22.4539651870728 22.6325569152832 22.57515001297 22.3852443695068 -9999 -9999 21.9586625099182 22.0240926742554 -9999 22.7880473136902 23.0829586982727 23.1426181793213 23.1002798080444 23.1299390792847 23.0456008911133 23.0672616958618 23.1369228363037 23.0605840682983 22.9362449645996 22.8563652038574 22.8007183074951 22.8519048690796 22.8550915718079 22.9252762794495 22.9664630889893 22.8356499671936 22.7658357620239 22.8860220909119 22.83420753479 22.6113958358765 22.4715809822083 22.4127669334412 22.3370323181152 22.225371837616 22.1807136535645 22.2140536308289 22.2453951835632 22.4617352485657 22.9100766181946 23.1384181976318 23.333758354187 23.396098613739 23.3684401512146 23.3847804069519 23.2982206344604 23.1476874351501
22.3625779151917 22.3984003067017 22.3685126304626 22.3823356628418 22.3441610336304 22.2539839744568 22.3628077507019 22.2599654197693 -9999 -9999 -9999 -9999 -9999 22.9436168670654 23.2140412330627 23.2292342185974 23.1141648292542 23.1494688987732 23.2158226966858 23.2221755981445 23.2385287284851 23.2088813781738 23.1392340660095 23.0935873985291 23.1268019676208 23.2283248901367 22.9698462486267 22.7773690223694 22.8158917427063 22.8944125175476 22.8459343910217 22.783456325531 22.8989782333374 23.0014996528625 22.8420224189758 22.5805439949036 22.3909778594971 22.2533259391785 22.2346720695496 22.1700186729431 22.1413655281067 22.2377114295959 22.3900594711304 22.7894053459167 23.1367526054382 23.2400994300842 23.1794447898865 23.1132030487061 -9999 -9999
22.2667751312256 22.2189898490906 22.2922434806824 22.3112988471985 22.3236355781555 22.4014105796814 22.4634652137756 22.2060089111328 22.1544961929321 -9999 -9999 -9999 -9999 -9999 -9999 -9999 22.8154859542847 23.0241060256958 23.3040442466736 23.3450880050659 23.3776550292969 23.3171792030334 23.2222237586975 23.1632690429688 23.1508860588074 23.2397446632385 23.1296029090881 22.9964590072632 22.9753179550171 22.9461750984192 22.8720321655273 22.7698912620544 22.6897478103638 22.7606062889099 22.7164635658264 22.542320728302 22.4369263648987 22.322277545929 22.221631526947 22.2059831619263 22.0773367881775 22.1226892471313 22.2340407371521 22.5333933830261 22.854745388031 23.1560978889465 23.0834512710571 22.9133033752441 -9999 -9999
22.4989714622498 22.4695801734924 22.4281897544861 22.3267974853516 22.4314060211182 22.7278347015381 22.7721228599548 22.5132331848145 22.4078416824341 -9999 -9999 -9999 -9999 -9999 -9999 22.0530524253845 22.4332900047302 23.0435309410095 23.4022641181946 23.364001750946 23.3657383918762 23.3274760246277 23.2432131767273 23.1596169471741 23.1779704093933 23.2191648483276 23.2353577613831 23.101550579071 22.8967452049255 22.7699389457703 22.7421321868896 22.7063250541687 22.6855177879333 22.682710647583 22.6869049072266 22.6110982894897 22.4588732719421 22.2922329902649 22.24059009552 22.2199482917786 22.0883069038391 22.0446643829346 22.2070226669312 22.4223818778992 22.787739276886 23.0140986442566 23.0901927947998 -9999 -9999 -9999
22.4554195404053 22.5440921783447 22.6987638473511 22.8830533027649 23.0842347145081 23.1404142379761 23.1285939216614 23.0937724113464 23.055953502655 -9999 -9999 -9999 -9999 -9999 -9999 -9999 22.3403043746948 22.9930911064148 23.3035130500793 23.3264045715332 23.369770526886 23.4211373329163 23.4777011871338 23.2758083343506 23.1100282669067 23.1893634796143 23.4126977920532 23.3810338973999 23.3073682785034 23.1847047805786 22.9410390853882 22.6863737106323 22.6357078552246 22.6760444641113 22.7013788223267 22.7307147979736 22.7445840835571 22.6729850769043 22.5503873825073 22.4127879142761 22.3581895828247 22.4005908966064 22.4759917259216 22.6313943862915 22.8237957954407 23.0961971282959 23.2038335800171 -9999 -9999 -9999
22.4881196022034 22.5165257453918 22.616931438446 22.9766745567322 23.3584098815918 23.4421429634094 23.5138778686523 23.5364456176758 23.1521062850952 22.8537764549255 -9999 -9999 21.938759803772 -9999 -9999 -9999 -9999 -9999 -9999 23.2559370994568 23.4342308044434 23.4981865882874 23.6794786453247 23.6137709617615 23.3270578384399 23.1563401222229 23.038622379303 23.0869069099426 23.229190826416 23.2394733428955 23.1007552146912 22.8980383872986 22.8323225975037 22.8786039352417 22.7988891601562 22.8571720123291 22.9300532341003 22.9315371513367 22.8710188865662 22.8035020828247 22.6989846229553 22.6034679412842 22.5939502716064 22.4634323120117 22.4429149627686 22.7283968925476 22.9430470466614 22.8131484985352 22.5794396400452 -9999
22.7248201370239 22.846960067749 22.8971004486084 23.0462951660156 23.3005847930908 23.4518723487854 23.4959235191345 23.4612765312195 23.2667388916016 23.0320801734924 22.9232220649719 22.0443596839905 22.1156268119812 -9999 -9999 -9999 -9999 23.4348721504211 23.4367246627808 23.3805394172668 23.4973020553589 23.4451899528503 23.5702557563782 23.614734172821 23.384087562561 23.2643184661865 23.1605496406555 23.022780418396 22.9870119094849 23.1282429695129 23.1234745979309 22.9287047386169 22.8919343948364 23.0331664085388 23.1283979415894 23.0986280441284 23.0465250015259 23.0800886154175 23.0486526489258 23.0292158126831 22.8927783966064 22.799343585968 22.7259073257446 22.5304703712463 22.4330344200134 22.5105981826782 22.5931611061096 22.6687250137329 22.6310343742371 -9999
22.8195209503174 22.8693943023682 23.0240044593811 23.138916015625 23.2982878684998 23.4176034927368 23.0921754837036 22.6726369857788 22.7425107955933 22.6843852996826 22.7962589263916 22.0421314239502 22.2304372787476 -9999 -9999 -9999 22.9569187164307 23.492018699646 23.721387386322 23.6810483932495 23.489709854126 23.3022179603577 23.2310342788696 23.1706972122192 23.1381163597107 23.0792956352234 23.0994744300842 23.0286531448364 22.6728320121765 22.5930118560791 22.6821899414062 22.8563690185547 22.9995484352112 23.0917282104492 23.1029062271118 23.0040836334229 22.9189949035645 22.9166398048401 22.9672856330872 23.0739307403564 23.1685757637024 23.1292204856873 23.0288648605347 22.8855075836182 22.8131542205811 22.7997975349426 22.8034424781799 22.8060865402222 22.842001914978 23.0340662002563
