data/spatiotemp/temp1/bio5_norsw_test_2003_2006.asc
NCOLS 654 
NROWS 380 
XLLCORNER 3.91666666666667 
YLLCORNER 55.3333333333333 
CELLSIZE 0.0416666666666666 
NODATA_value -9999 
[rows 0 to 21 of 380, columns 500 to 549 of 654]
-9999 -9999 -9999 -9999 -9999 -9999 -9999 -9999 -9999 -9999 -9999 -9999 -9999 -9999 14.001651763916 14.1221170425415 -9999 -9999 14.208514213562 13.7664794921875 13.253612279892 13.1259117126465 13.1570439338684 13.132271528244 13.1454067230225 13.1867744922638 -9999 -9999 -9999 13.7284994125366 13.9842441082001 -9999 -9999 -9999 -9999 -9999 -9999 -9999 -9999 -9999 -9999 -9999 -9999 -9999 -9999 -9999 -9999 -9999 -9999 -9999
13.43470287323 13.3862490653992 -9999 -9999 -9999 -9999 -9999 -9999 -9999 -9999 -9999 -9999 13.2720766067505 13.8455345630646 14.4325633049011 14.2866160869598 14.2509076595306 13.928427696228 13.9244012832642 14.4066967964172 13.987238407135 13.8106954097748 13.8582155704498 14.2111113071442 14.5381519794464 14.2814707756042 13.9413177967072 13.5840148925781 13.0464911460876 13.0788288116455 13.6688992977142 -9999 -9999 -9999 -9999 -9999 -9999 -9999 -9999 -9999 -9999 -9999 -9999 -9999 -9999 -9999 -9999 -9999 -9999 -9999
13.7931380271912 13.8680474758148 -9999 -9999 13.3916413784027 13.6870059967041 -9999 -9999 -9999 -9999 -9999 -9999 13.3376004695892 13.7010235786438 13.8946664333344 14.0767822265625 14.1358985900879 14.0050151348114 14.0551311969757 13.9562473297119 13.8373637199402 14.0904793739319 14.596887588501 14.3861331939697 14.2810232639313 14.3065283298492 14.1219809055328 14.3079235553741 14.032044172287 13.9915499687195 -9999 -9999 -9999 13.5583207607269 13.4865756034851 14.1885809898376 -9999 -9999 -9999 -9999 -9999 -9999 -9999 -9999 -9999 -9999 -9999 -9999 -9999 -9999
13.4689965248108 -9999 -9999 -9999 13.0459644794464 13.528538942337 13.9886147975922 -9999 -9999 -9999 -9999 -9999 13.5584270954132 13.8212502002716 14.2253403663635 14.2806148529053 14.3201761245728 13.9132099151611 13.9892172813416 14.1222145557404 14.1809890270233 14.2437636852264 14.2325389385223 14.0973136425018 14.0111441612244 14.1130301952362 14.310916185379 14.4965527057648 14.2425222396851 14.2289080619812 14.4269604682922 13.9072353839874 13.6878845691681 13.7547550201416 13.9650049209595 14.3472242355347 -9999 -9999 -9999 -9999 -9999 -9999 -9999 -9999 -9999 -9999 -9999 -9999 -9999 -9999
14.4968571662903 -9999 -9999 -9999 -9999 13.9569473266602 14.444858789444 -9999 -9999 -9999 -9999 -9999 -9999 13.3627479076385 14.1610143184662 14.224161863327 13.9754962921143 14.0222625732422 14.0747480392456 14.0521817207336 14.2606143951416 14.5390479564667 14.7158980369568 14.8704147338867 14.2486493587494 14.2330949306488 14.1907365322113 14.1180655956268 14.5357072353363 14.0641827583313 14.3124496936798 14.0536332130432 14.2985663414001 -9999 -9999 -9999 -9999 -9999 -9999 -9999 -9999 -9999 -9999 -9999 -9999 -9999 15.0873954296112 -9999 -9999 -9999
14.4512069225311 14.6848704814911 14.8706176280975 14.5313637256622 14.2046105861664 14.1818566322327 14.6973531246185 15.0743496417999 15.1600954532623 -9999 -9999 -9999 13.8550047874451 13.819596529007 14.0506358146667 14.2627809047699 14.524831533432 14.6047506332397 14.2600569725037 13.9104816913605 14.573823928833 14.6613321304321 14.4284238815308 14.6155159473419 -9999 -9999 15.1106812953949 -9999 -9999 -9999 -9999 -9999 -9999 -9999 -9999 -9999 -9999 -9999 -9999 -9999 -9999 14.3259382247925 14.4115629196167 14.6515731811523 14.5140626430511 14.7181038856506 15.2415618896484 15.6021876335144 -9999 -9999
14.2391040325165 14.2793118953705 14.2805182933807 14.6747252941132 14.9950442314148 15.1681394577026 14.7917220592499 14.5351257324219 14.7467615604401 15.2954452037811 15.2238183021545 15.4783828258514 -9999 -9999 -9999 14.6051654815674 14.5908641815186 14.6410233974457 14.8956153392792 14.2004907131195 13.933655500412 14.4058659076691 14.7963671684265 15.2314503192902 14.8997793197632 14.8512015342712 14.8242559432983 14.5885920524597 -9999 -9999 -9999 -9999 -9999 -9999 -9999 -9999 -9999 -9999 -9999 14.2463548183441 14.6111459732056 14.5378942489624 14.6062297821045 14.4675209522247 14.6438126564026 15.0571038722992 15.4153957366943 15.6289730072021 -9999 -9999
14.576584815979 14.3567523956299 14.7129201889038 15.1300880908966 15.4702553749084 15.0998821258545 15.0735914707184 14.8247590065002 14.8809268474579 14.8290944099426 15.0402629375458 15.4177639484406 15.5568857192993 15.2916276454926 14.9680366516113 15.2694463729858 15.6297833919525 15.4797637462616 14.8913815021515 14.3840818405151 14.7494914531708 15.0939004421234 15.3123097419739 15.472384929657 15.3386278152466 15.2290368080139 14.9012923240662 14.5730223655701 -9999 -9999 -9999 -9999 -9999 -9999 -9999 -9999 -9999 14.8967714309692 14.3940627574921 14.2623546123505 14.334645986557 14.3769378662109 14.6742296218872 15.071521282196 15.3568124771118 15.7590620517731 15.7873952388763 15.481353521347 15.4909026622772 -9999
14.9130651950836 14.7991931438446 14.838321685791 14.9684505462646 14.880578994751 14.5807075500488 14.4898352622986 14.4149641990662 14.5920920372009 14.9262211322784 15.1393494606018 15.7556858062744 15.6015758514404 15.5470881462097 15.1967113018036 15.2027788162231 15.357846736908 15.5129141807556 15.1209814548492 15.1380491256714 15.2181169986725 15.2521846294403 15.2232527732849 15.5413196086884 15.6450817584991 15.3075382709503 -9999 -9999 -9999 -9999 -9999 -9999 -9999 -9999 -9999 14.3604390621185 14.533597946167 14.8117718696594 14.8830628395081 14.8073546886444 14.7746465206146 15.0649380683899 15.3872292041779 15.5715205669403 15.4338121414185 15.5091037750244 15.7551040649414 15.8111157417297 -9999 -9999
15.3845450878143 15.0196344852448 14.7347230911255 14.6238126754761 14.585901260376 14.6379907131195 14.6140797138214 14.4911687374115 14.7062582969666 15.1583476066589 15.4674360752106 15.4075255393982 15.28493309021 15.1236596107483 15.1023855209351 15.3541116714478 15.4878368377686 15.5255646705627 15.4542908668518 15.5590159893036 15.713479757309 15.4551823139191 15.5594809055328 15.7759211063385 -9999 14.5807068347931 14.5425443649292 -9999 -9999 -9999 -9999 -9999 -9999 15.1049525737762 14.8690149784088 14.7081398963928 14.8064804077148 14.6607718467712 14.7250633239746 14.6993548870087 14.7386462688446 14.6459374427795 14.4272298812866 14.432520866394 14.6288125514984 15.3221035003662 16.0707287788391 16.0271873474121 -9999 -9999
14.9199769496918 14.7993874549866 14.5027973651886 14.3242077827454 14.0936176776886 14.428028345108 14.5664384365082 14.6098484992981 14.6912591457367 14.9206686019897 15.0230801105499 15.0834896564484 15.1680796146393 15.1708488464355 15.3046183586121 15.8203887939453 15.9931576251984 16.0529277324677 16.0276975631714 16.1036405563354 16.1709864139557 15.7744348049164 15.5823471546173 -9999 -9999 -9999 15.1423001289368 -9999 -9999 -9999 15.4470920562744 15.49453997612 15.7344882488251 14.9236030578613 14.4838840961456 14.3228321075439 13.9994020462036 13.9915914535522 13.9547817707062 13.8259720802307 14.2921624183655 15.1323528289795 15.4525434970856 14.736775636673 14.8916738033295 15.8014781475067 16.1048040390015 -9999 -9999 -9999
14.7393589019775 14.2624509334564 14.2205429077148 14.1306352615356 14.2507269382477 14.7728183269501 15.0259108543396 14.9190022945404 14.8370950222015 15.0111873149872 15.2182786464691 15.1663711071014 14.9330155849457 15.0152139663696 15.6724116802216 16.0126094818115 15.9908072948456 16.1864173412323 16.4832029342651 -9999 -9999 -9999 -9999 -9999 15.6623518466949 15.5722458362579 15.4488456249237 15.6977162361145 -9999 -9999 15.3295104503632 14.984203338623 15.4513244628906 15.2154471874237 14.9375684261322 14.6116900444031 14.6252443790436 15.1112320423126 15.638219833374 15.1194584369659 15.2568621635437 15.4194557666779 16.0691711902618 16.383659362793 15.9925909042358 -9999 -9999 -9999 -9999 -9999
15.926741361618 15.6795156002045 15.3432886600494 15.1850628852844 15.1388370990753 15.0696098804474 14.9283838272095 15.0511574745178 15.2709317207336 15.2067043781281 15.2604787349701 15.2252521514893 15.1969525814056 15.5765786170959 16.2729547023773 16.3108308315277 -9999 -9999 -9999 -9999 -9999 -9999 -9999 -9999 -9999 -9999 -9999 -9999 -9999 15.0737760066986 14.8190712928772 14.9823665618896 15.489661693573 16.0859565734863 16.1852517127991 16.2555477619171 16.2640879154205 16.2318727970123 15.9914088249207 15.8631935119629 15.7940862178802 15.8823609352112 16.217798948288 16.5384023189545 16.3433697223663 16.3701555728912 -9999 -9999 -9999 -9999
16.1801235675812 15.7645795345306 15.5250344276428 15.2704904079437 15.2859461307526 15.5534012317657 15.7258565425873 15.6293120384216 15.461767911911 15.4252226352692 15.4336783885956 15.7871334552765 15.7071385383606 15.9004430770874 16.6399970054626 -9999 -9999 -9999 -9999 -9999 -9999 -9999 -9999 -9999 -9999 -9999 -9999 -9999 15.9891238212585 15.9984810352325 16.2710611820221 16.3605296611786 16.3249988555908 16.3304677009583 16.2699360847473 16.3954055309296 16.2009305953979 16.1625134944916 16.0710961818695 15.8386790752411 15.4622611999512 15.423844575882 15.4074273109436 15.8160095214844 16.4549558162689 -9999 -9999 -9999 -9999 -9999
16.0775067806244 16.4256439208984 16.4947810173035 16.3089184761047 16.167055606842 16.1531920433044 16.1263291835785 16.0814664363861 15.7206037044525 15.784740447998 16.2781553268433 16.6290152072906 -9999 -9999 -9999 -9999 -9999 -9999 -9999 -9999 -9999 -9999 -9999 -9999 -9999 16.8628387451172 17.0318138599396 16.8110678195953 16.2867655754089 16.3444080352783 16.6060509681702 16.5326926708221 16.1443355083466 15.6309781074524 15.4896199703217 15.7222616672516 15.5867733955383 15.4131536483765 15.2205340862274 15.2509145736694 15.4642946720123 15.7266743183136 15.8840544223785 16.153434753418 16.8538150787354 17.3051960468292 -9999 -9999 -9999 -9999
16.0538890361786 16.2577078342438 16.5355265140533 16.7353453636169 16.6421644687653 16.6429829597473 16.8908019065857 16.996621131897 16.6039392948151 15.9214253425598 15.8065388202667 16.5438959598541 -9999 -9999 -9999 -9999 -9999 -9999 -9999 -9999 -9999 -9999 -9999 17.1027801036835 16.9521443843842 16.9865021705627 16.8997757434845 16.7795920372009 16.7904078960419 16.730224609375 16.2260401248932 15.793426990509 15.5646719932556 15.4814879894257 15.532303571701 15.2891199588776 15.1046166419983 15.1127943992615 15.2179725170135 15.5101492404938 15.7043273448944 16.0615046024323 16.4156830310822 16.7609374523163 16.9640376567841 -9999 -9999 -9999 -9999 -9999
16.3402714729309 16.45077252388 16.4612722396851 16.5697729587555 16.6082735061646 16.9907746315002 17.1802749633789 17.2610614299774 17.0109126567841 16.7261099815369 16.59827709198 16.9880633354187 16.5090301036835 16.2540364265442 16.3323752880096 -9999 -9999 -9999 -9999 -9999 -9999 17.0869994163513 17.1309633255005 17.1804275512695 17.0400919914246 16.978081703186 16.9160711765289 16.9110608100891 17.0590507984161 16.6440401077271 16.0961258411407 15.666072845459 15.4800190925598 15.4259662628174 15.4769876003265 15.4159781932831 15.3414602279663 15.464435338974 15.7084095478058 16.0323853492737 16.4813604354858 16.7163352966309 17.037309885025 17.1045353412628 -9999 -9999 -9999 -9999 16.913717508316 17.0557715892792
16.1326541900635 16.2578358650208 16.5560185909271 16.6912004947662 16.6963829994202 16.7405648231506 16.9027471542358 16.6779298782349 16.5911121368408 16.7672941684723 17.0843584537506 17.17240858078 -9999 -9999 -9999 -9999 -9999 -9999 -9999 16.8320055007935 16.8964867591858 17.0845394134521 17.1283068656921 16.861074924469 17.1080403327942 16.9902031421661 16.8023662567139 17.0595297813416 17.1706929206848 16.6668558120728 16.4930195808411 16.3211827278137 16.137336730957 15.9915082454681 16.0666716098785 16.1838352680206 16.2843027114868 16.445075750351 16.5338478088379 16.7266201972961 16.480393409729 16.8121657371521 17.3098609447479 16.9622821807861 16.9428164958954 17.1602559089661 17.4360282421112 16.9826350212097 16.8813478946686 16.9025263786316
16.7870359420776 16.6649000644684 16.5477643013 16.5806279182434 16.6664922237396 16.9103562831879 17.1142201423645 17.1150839328766 17.2419028282166 17.4373836517334 17.3936760425568 17.2002067565918 16.9855694770813 -9999 -9999 -9999 -9999 16.9440474510193 17.2448341846466 17.2624385356903 17.0911340713501 17.0203304290771 17.2945261001587 17.3877215385437 17.0259883403778 16.8263249397278 17.0426621437073 17.4019980430603 17.238335609436 16.9996721744537 17.0120091438293 17.0513453483582 16.6206820011139 16.3560194969177 16.4172325134277 16.7246925830841 16.8161466121674 16.9017164707184 16.8512864112854 16.985856294632 17.3004260063171 17.4199965000153 17.4873161315918 17.0858025550842 16.9901609420776 17.1132760047913 17.0520958900452 16.9158234596252 16.7528192996979 16.3880572319031
16.7184190750122 16.5659646987915 16.5235092639923 16.5820558071136 16.7126016616821 16.9741475582123 17.5936932563782 17.5971822738647 17.4897842407227 17.5393300056458 -9999 -9999 -9999 -9999 -9999 16.8293781280518 16.8072156906128 16.9698755741119 17.2272493839264 17.2548727989197 17.1244974136353 17.503121137619 17.6987447738647 17.5703692436218 17.6579360961914 17.6794464588165 17.6079564094543 17.5844671726227 17.3641285896301 17.4800887107849 17.4669981002808 17.3665091991425 17.2080192565918 16.6705296039581 16.5838921070099 16.8318529129028 16.9899694919586 16.9902412891388 17.0985128879547 17.3560910224915 17.698459148407 17.9788265228271 17.6151313781738 17.1795611381531 17.5161445140839 17.8924164772034 17.7566893100739 17.3929607868195 17.1205403804779 16.8274297714233
16.5768008232117 16.6640286445618 16.7022562026978 16.8624832630157 16.9767107963562 17.4049386978149 17.6261653900146 17.6452031135559 17.3956208229065 17.4538481235504 17.4940750598907 -9999 16.8954422473907 17.1504945755005 -9999 16.9939317703247 17.1429233551025 17.3440356254578 17.7670590877533 17.8698070049286 17.8578596115112 17.7399113178253 17.7299628257751 17.5650162696838 17.6442334651947 17.7648644447327 17.8072512149811 17.7359356880188 17.3566203117371 16.8433926105499 17.1960244178772 17.6006560325623 17.7252879142761 17.6680402755737 17.2585518360138 17.1551835536957 17.4975247383118 17.5975773334503 17.9456300735474 17.7336814403534 17.4137334823608 17.9137859344482 17.7898380756378 17.8298900127411 17.7379426956177 17.7019944190979 17.9980463981628 17.818098783493 17.3415687084198 17.1764578819275
16.5818407535553 16.9199662208557 17.2060906887054 17.1919112205505 17.1628203392029 17.6097297668457 17.6265552043915 17.520968914032 17.6931238174438 17.8003659248352 -9999 -9999 17.2621433734894 17.4071748256683 17.5363395214081 17.1751532554626 17.34730052948 17.5340301990509 17.6262607574463 17.6507406234741 17.3742220401764 17.0689339637756 16.7043716907501 16.3198094367981 16.4721801280975 17.0134832859039 17.5147864818573 17.7720892429352 17.769392490387 17.3186960220337 17.0439989566803 17.4453010559082 17.6626045703888 17.747908115387 17.9452114105225 18.0625145435333 18.1250829696655 18.0329144001007 17.6447470188141 17.3365783691406 17.5084104537964 17.5522439479828 17.4480752944946 17.4479076862335 17.5157396793365 17.6835715770721 17.9474041461945 17.987236738205 17.7985968589783 17.753485918045
