data/spatiotemp/temp1/bio6_norsw_test_2003_2006.asc
NCOLS 654 
NROWS 380 
XLLCORNER 3.91666666666667 
YLLCORNER 55.3333333333333 
CELLSIZE 0.0416666666666666 
NODATA_value -9999 
[rows 154 to 175 of 380, columns 528 to 575 of 654]
-17.0356891155243 -17.097238779068 -17.0397889614105 -16.9793376922607 -16.9918880462646 -17.0104379653931 -17.0779876708984 -17.1905372142792 -17.2432084083557 -17.2380006313324 -17.2197930812836 -17.2395846843719 -17.2493772506714 -17.2411694526672 -17.2409620285034 -17.2347540855408 -17.2615466117859 -17.2733383178711 -17.2801306247711 -17.2979230880737 -17.3209738731384 -17.2752833366394 -17.214592218399 -17.1849012374878 -17.1622109413147 -17.0975193977356 -17.0278282165527 -16.9431374073029 -16.9834463596344 -17.1247556209564 -17.1230645179749 -17.0763738155365 -17.0494713783264 -17.047358751297 -17.1242456436157 -17.201132774353 -17.1690204143524 -17.098906993866 -17.0637946128845 -17.0626814365387 -16.9765682220459 -16.8034555912018 -16.7233424186707 -16.7042298316956 -16.684196472168 -16.6032423973083 -16.4942879676819 -16.329333782196
-16.9299011230469 -16.9838836193085 -16.9948663711548 -16.9808490276337 -17.028831243515 -17.089813709259 -17.1427962779999 -17.2267789840698 -17.2625563144684 -17.2521271705627 -17.2416987419128 -17.232269525528 -17.2488408088684 -17.2184126377106 -17.1599831581116 -17.1045551300049 -17.1111259460449 -17.1706969738007 -17.1832683086395 -17.1868398189545 -17.192227602005 -17.1434326171875 -17.1026375293732 -17.1198422908783 -17.1000471115112 -17.0332515239716 -16.9754564762115 -16.9926614761353 -16.9668662548065 -16.9710712432861 -16.9962766170502 -16.993480682373 -17.0223867893219 -17.0779922008514 -17.1295983791351 -17.1582040786743 -17.1508097648621 -17.1014165878296 -17.0810210704803 -17.1006276607513 -17.0032329559326 -16.8908388614655 -16.8554453849792 -16.8060510158539 -16.7391867637634 -16.6248512268066 -16.5515162944794 -16.4431812763214
-16.7411124706268 -16.8315281867981 -16.9029438495636 -16.9233593940735 -16.9567749500275 -17.016190290451 -17.0786054134369 -17.1730208396912 -17.2039036750793 -17.2032542228699 -17.2036044597626 -17.2409543991089 -17.2603044509888 -17.2166550159454 -17.1520044803619 -17.0293555259705 -16.9857046604156 -17.0220556259155 -17.0754060745239 -17.1547555923462 -17.1654810905457 -17.0615816116333 -16.9396824836731 -16.9047830104828 -16.9108839035034 -16.9389843940735 -16.9860849380493 -16.9681859016418 -16.8922865390778 -16.882387638092 -16.975487947464 -16.9975883960724 -17.0563018321991 -17.1546263694763 -17.1989507675171 -17.1292750835419 -17.0415995121002 -17.0189244747162 -17.0302486419678 -17.0445735454559 -17.0668981075287 -17.0182225704193 -16.9935472011566 -16.9238722324371 -16.8191764354706 -16.6984605789185 -16.5997450351715 -16.5290293693542
-16.6873247623444 -16.7771725654602 -16.8070211410522 -16.8518693447113 -16.9457175731659 -17.0085663795471 -17.0864150524139 -17.1542630195618 -17.1632516384125 -17.180380821228 -17.2185101509094 -17.2526392936707 -17.1867678165436 -17.0878977775574 -17.0180263519287 -16.9641544818878 -16.9062838554382 -16.8874132633209 -16.9065425395966 -16.9606714248657 -16.9667341709137 -16.920731306076 -16.8557279109955 -16.8097240924835 -16.7897202968597 -16.8387174606323 -16.9187135696411 -16.9347102642059 -16.9157066345215 -16.8947038650513 -16.8866999149323 -16.9646964073181 -17.0802166461945 -17.183260679245 -17.1643033027649 -17.0583465099335 -16.9873900413513 -17.0034332275391 -17.0674767494202 -17.0845196247101 -17.1305630207062 -17.0596060752869 -17.0596494674683 -17.0066936016083 -16.9211671352386 -16.8390700817108 -16.7149732112885 -16.6058766841888
-16.7415359020233 -16.7838172912598 -16.8290994167328 -16.8973805904388 -16.9716613292694 -17.0039427280426 -17.0412240028381 -17.0925049781799 -17.1245994567871 -17.1555073261261 -17.2554156780243 -17.3323230743408 -17.2452311515808 -17.0801396369934 -16.9786202907562 -16.9552760124207 -16.9169321060181 -16.8445892333984 -16.8136804103851 -16.8195877075195 -16.8269882202148 -16.781879901886 -16.7387731075287 -16.7856647968292 -16.8365576267242 -16.7954502105713 -16.7733421325684 -16.7792344093323 -16.766126871109 -16.7690196037292 -16.7459115982056 -16.9068040847778 -17.0391314029694 -17.1258933544159 -17.0836555957794 -16.993417263031 -16.9971799850464 -17.0199420452118 -17.0597043037415 -17.0394661426544 -17.1292285919189 -17.1309905052185 -17.1537523269653 -17.1145148277283 -17.0431568622589 -16.9386792182922 -16.7982020378113 -16.7267246246338
-16.6187481880188 -16.7334616184235 -16.8241763114929 -16.9148898124695 -16.992604970932 -17.0793180465698 -17.1050329208374 -17.1117463111877 -17.1409471035004 -17.1816344261169 -17.299320936203 -17.3810081481934 -17.3686945438385 -17.26438164711 -17.1470694541931 -17.0877559185028 -16.9994430541992 -16.9302515983582 -16.8782484531403 -16.856504201889 -16.8122415542603 -16.6370296478271 -16.480818271637 -16.5176062583923 -16.5493946075439 -16.5021829605103 -16.4979710578918 -16.4807591438293 -16.5165474414825 -16.5583353042603 -16.6561236381531 -16.8059122562408 -16.9050455093384 -16.9270408153534 -16.9710910320282 -17.0174889564514 -17.0549700260162 -17.1074502468109 -17.1259317398071 -17.0634121894836 -17.1268932819366 -17.1043741703033 -17.1408550739288 -17.2023360729218 -17.1671476364136 -17.0832893848419 -16.9964306354523 -16.9735727310181
-16.5489599704742 -16.6781067848206 -16.7722539901733 -16.7954008579254 -16.8495481014252 -16.9456951618195 -17.0178413391113 -17.0749888420105 -17.1182951927185 -17.1247613430023 -17.1612267494202 -17.2346928119659 -17.2451584339142 -17.1596238613129 -17.1030905246735 -17.0755565166473 -17.0190229415894 -16.9264883995056 -16.8499541282654 -16.819420337677 -16.603494644165 -16.4171788692474 -16.4098634719849 -16.4155471324921 -16.4212312698364 -16.3949151039124 -16.3625993728638 -16.3292837142944 -16.3379671573639 -16.4216511249542 -16.4933354854584 -16.6810202598572 -16.8298225402832 -16.8697299957275 -16.9586379528046 -16.9755594730377 -16.9617590904236 -17.0419592857361 -17.0261595249176 -16.955358505249 -17.0115580558777 -17.1247577667236 -17.1879575252533 -17.2081570625305 -17.1971371173859 -17.0998978614807 -17.0346591472626 -17.0654199123383
-16.5031719207764 -16.5527515411377 -16.5883309841156 -16.6219110488892 -16.6554908752441 -16.7500705718994 -16.8406512737274 -16.8752310276031 -16.8656430244446 -16.8518877029419 -16.9021329879761 -17.0293776988983 -17.0716226100922 -17.0608675479889 -17.0221123695374 -16.9313571453094 -16.8476014137268 -16.7808465957642 -16.7190914154053 -16.712336063385 -16.5527486801147 -16.394327878952 -16.3519084453583 -16.2924883365631 -16.2940680980682 -16.2876477241516 -16.2832281589508 -16.2828071117401 -16.2953877449036 -16.4159672260284 -16.4712717533112 -16.647937297821 -16.7446541786194 -16.8294193744659 -16.9731850624084 -16.9649505615234 -16.8385496139526 -16.8504822254181 -16.887247800827 -16.9060127735138 -17.0112228393555 -17.1481409072876 -17.2080595493317 -17.2299780845642 -17.2091274261475 -17.1555080413818 -17.1438875198364 -17.1852676868439
-16.3253839015961 -16.3943967819214 -16.4124093055725 -16.4874215126038 -16.5122139453888 -16.545316696167 -16.6534206867218 -16.7035238742828 -16.7040843963623 -16.7430145740509 -16.8200380802155 -16.8480615615845 -16.8470854759216 -16.8651096820831 -16.8791337013245 -16.8051571846008 -16.7231812477112 -16.6932411193848 -16.7192587852478 -16.6902763843536 -16.4280018806458 -16.2244772911072 -16.2039532661438 -16.180428981781 -16.1719045639038 -16.1823806762695 -16.2378559112549 -16.335590839386 -16.4191641807556 -16.4327387809753 -16.4433128833771 -16.4958868026733 -16.5654857158661 -16.7071087360382 -16.8147315979004 -16.8763551712036 -16.9479782581329 -16.9536011219025 -17.0082247257233 -17.0952506065369 -17.192887544632 -17.2425248622894 -17.3521625995636 -17.3777985572815 -17.3151173591614 -17.2741167545319 -17.3101160526276 -17.3081157207489
-16.3028566837311 -16.3600413799286 -16.3884871006012 -16.4003167152405 -16.4691369533539 -16.5029566287994 -16.5257766246796 -16.5525965690613 -16.5976855754852 -16.6550431251526 -16.6574006080627 -16.657746553421 -16.6865491867065 -16.6704738140106 -16.6718311309814 -16.6341893672943 -16.6035470962524 -16.6479043960571 -16.6802620887756 -16.6396198272705 -16.3825397491455 -16.214626789093 -16.2019989490509 -16.0843698978424 -16.0397415161133 -16.1691133975983 -16.3654289245605 -16.4129102230072 -16.4073913097382 -16.3438725471497 -16.2553541660309 -16.2808361053467 -16.3733167648315 -16.5677983760834 -16.6532793045044 -16.754759311676 -16.9202408790588 -16.9287214279175 -17.0432019233704 -17.1641969680786 -17.1985530853271 -17.2149090766907 -17.309264421463 -17.3816204071045 -17.360107421875 -17.3247258663177 -17.3863451480865 -17.3899636268616
-16.0198075771332 -16.108686208725 -16.2585644721985 -16.2575232982635 -16.294059753418 -16.3595962524414 -16.3881325721741 -16.4196693897247 -16.4712862968445 -16.4999840259552 -16.4966814517975 -16.4623799324036 -16.4980781078339 -16.5157759189606 -16.5124742984772 -16.4791719913483 -16.5218696594238 -16.5835683345795 -16.6022658348083 -16.5149638652802 -16.3655071258545 -16.2758965492249 -16.2642850875854 -16.1516742706299 -15.9340631961823 -16.0694518089294 -16.2928404808044 -16.2662289142609 -16.1426186561584 -16.1110072135925 -16.1093957424164 -16.1637849807739 -16.2676210403442 -16.4006955623627 -16.5068264007568 -16.6451637744904 -16.7405030727386 -16.7878413200378 -16.8880679607391 -17.0051429271698 -17.1032180786133 -17.2762928009033 -17.4703669548035 -17.5584416389465 -17.5830976963043 -17.5363352298737 -17.5225737094879 -17.4828112125397
-15.9010190963745 -15.9743304252625 -16.0654768943787 -16.1057298183441 -16.1349828243256 -16.1592352390289 -16.2224881649017 -16.2987413406372 -16.3228874206543 -16.3269255161285 -16.3309636116028 -16.3040015697479 -16.3150398731232 -16.3350787162781 -16.3291163444519 -16.3041553497314 -16.321192741394 -16.3592307567596 -16.3642690181732 -16.313307762146 -16.2704753875732 -16.2247710227966 -16.2440674304962 -16.2013635635376 -15.9286599159241 -15.9509563446045 -16.1202526092529 -16.0655493736267 -15.9508457183838 -15.9541413784027 -16.0054383277893 -16.0827343463898 -16.1769800186157 -16.2703292369843 -16.3581221103668 -16.4589159488678 -16.5857095718384 -16.7925024032593 -17.0681569576263 -17.1840891838074 -17.258882522583 -17.4876761436462 -17.6394691467285 -17.6282625198364 -17.6280877590179 -17.6029450893402 -17.6008017063141 -17.5336589813232
-15.9153094291687 -15.9522650241852 -16.0003223419189 -16.013329744339 -16.0613367557526 -16.0763437747955 -16.1073501110077 -16.1563572883606 -16.173267364502 -16.1590795516968 -16.1528918743134 -16.159704208374 -16.1845180988312 -16.1773300170898 -16.1451420783997 -16.1349551677704 -16.1527674198151 -16.1625800132751 -16.1893930435181 -16.1682052612305 -16.137619972229 -16.1126365661621 -16.1266529560089 -16.1236701011658 -16.0056865215302 -16.0087037086487 -16.0767209529877 -16.0427372455597 -16.01775431633 -16.0267703533173 -15.9407880306244 -15.9398045539856 -16.1307957172394 -16.2867610454559 -16.3717277050018 -16.4664494991302 -16.593772649765 -16.8330953121185 -17.1325907707214 -17.2645559310913 -17.3155221939087 -17.4694888591766 -17.5534536838531 -17.59241938591 -17.6301281452179 -17.6319971084595 -17.5788650512695 -17.4917342662811
-15.8959269523621 -15.8947257995605 -15.9355247020721 -15.9433233737946 -15.9821219444275 -15.9839193820953 -15.9947183132172 -16.0205175876617 -16.0334274768829 -16.0004472732544 -15.9734687805176 -15.9664897918701 -15.9885101318359 -15.9935312271118 -15.9735522270203 -15.9865725040436 -16.0435936450958 -16.0846149921417 -16.1066353321075 -16.0726566314697 -16.0459423065186 -16.0264921188354 -15.9990427494049 -15.9945931434631 -15.9781436920166 -16.0336940288544 -16.0562446117401 -16.0657947063446 -16.1073451042175 -16.1488955020905 -16.0184459686279 -15.9389960765839 -16.0925951004028 -16.3522424697876 -16.5238904953003 -16.6275372505188 -16.7231848239899 -16.8638324737549 -17.0314800739288 -17.1451272964478 -17.2537753582001 -17.3904228210449 -17.4920701980591 -17.6007180213928 -17.6502194404602 -17.6484913825989 -17.5547642707825 -17.4330365657806
-15.7835450172424 -15.7861356735229 -15.8007249832153 -15.8503155708313 -15.8759062290192 -15.858496427536 -15.8700866699219 -15.8756766319275 -15.8825862407684 -15.8628158569336 -15.8230450153351 -15.8202736377716 -15.821503162384 -15.8017327785492 -15.795961856842 -15.8511912822723 -15.9254202842712 -15.9236495494843 -15.9128785133362 -15.917108297348 -15.9712641239166 -15.9813477993011 -15.9494321346283 -15.9305160045624 -15.8696005344391 -15.9096841812134 -15.928768157959 -15.962851524353 -15.9779357910156 -16.0670194625854 -16.0841038227081 -16.0471880435944 -16.0893940925598 -16.3297233581543 -16.5420527458191 -16.646381855011 -16.7607107162476 -16.8730399608612 -17.0263695716858 -17.1626987457275 -17.2990276813507 -17.4243566989899 -17.4776866436005 -17.574015378952 -17.5924785137177 -17.5569868087769 -17.509663105011 -17.434339761734
-15.6831636428833 -15.6825451850891 -15.7279269695282 -15.7703087329865 -15.7826905250549 -15.7670722007751 -15.7524547576904 -15.7498359680176 -15.7647466659546 -15.7531831264496 -15.7426216602325 -15.7930586338043 -15.8214964866638 -15.7589342594147 -15.6823711395264 -15.7018096446991 -15.7392463684082 -15.7306840419769 -15.7261221408844 -15.7675592899323 -15.8655869960785 -15.9082040786743 -15.8908214569092 -15.8684391975403 -15.7950565814972 -15.8106739521027 -15.857292175293 -15.8509089946747 -15.8095262050629 -15.8851437568665 -15.9637615680695 -16.046379327774 -16.1811928749084 -16.3242042064667 -16.4322147369385 -16.5702257156372 -16.6852371692657 -16.7962477207184 -16.9632594585419 -17.1662695407867 -17.3352806568146 -17.3972916603088 -17.3963029384613 -17.454313993454 -17.465261220932 -17.4514820575714 -17.408561706543 -17.3566427230835
-15.6267807483673 -15.6629545688629 -15.7451283931732 -15.7183017730713 -15.7434749603271 -15.7146489620209 -15.6538226604462 -15.6119961738586 -15.6409060955048 -15.6965517997742 -15.7111976146698 -15.7018435001373 -15.7174892425537 -15.6871354579926 -15.6107814311981 -15.5764272212982 -15.6340727806091 -15.6947190761566 -15.75936460495 -15.8400104045868 -15.8239090442657 -15.8000602722168 -15.7782113552094 -15.7353618144989 -15.6925129890442 -15.7306642532349 -15.7638149261475 -15.7719662189484 -15.7861170768738 -15.8472683429718 -15.9544196128845 -16.0255708694458 -16.1679918766022 -16.2766849994659 -16.3463771343231 -16.4540708065033 -16.5597627162933 -16.6714558601379 -16.8481488227844 -17.07284116745 -17.2125346660614 -17.2972269058228 -17.3079192638397 -17.3296113014221 -17.3460445404053 -17.3292162418365 -17.3023881912231 -17.2415597438812
-15.6393990516663 -15.6663644313812 -15.727329492569 -15.7582948207855 -15.7262601852417 -15.6552259922028 -15.5851912498474 -15.4761564731598 -15.4180662631989 -15.4709203243256 -15.5137736797333 -15.5086286067963 -15.5394830703735 -15.521336555481 -15.4861912727356 -15.5110456943512 -15.5748996734619 -15.6317534446716 -15.6986079216003 -15.733461856842 -15.7032308578491 -15.7039158344269 -15.6916003227234 -15.6262848377228 -15.6239702701569 -15.6716547012329 -15.705338716507 -15.7150235176086 -15.6987080574036 -15.7503929138184 -15.8500776290894 -15.9417614936829 -16.041791677475 -16.1521656513214 -16.2605402469635 -16.3889141082764 -16.5212891101837 -16.6276638507843 -16.7490382194519 -16.916412115097 -17.0727868080139 -17.1691615581512 -17.2715353965759 -17.3179106712341 -17.346827507019 -17.3422873020172 -17.2897477149963 -17.2892074584961
-15.5630178451538 -15.6337740421295 -15.6405308246613 -15.6582884788513 -15.6390452384949 -15.5958023071289 -15.593558549881 -15.5593156814575 -15.4402253627777 -15.3462879657745 -15.3713505268097 -15.3414130210876 -15.410475730896 -15.4375386238098 -15.414600610733 -15.4886634349823 -15.5317258834839 -15.4987888336182 -15.4918508529663 -15.5149133205414 -15.5825536251068 -15.6457715034485 -15.622989654541 -15.5552079677582 -15.6434264183044 -15.5946443080902 -15.5848622322083 -15.6230809688568 -15.6682987213135 -15.7295172214508 -15.779735326767 -15.8479535579681 -15.9505908489227 -16.10564661026 -16.1967029571533 -16.2987589836121 -16.4498152732849 -16.6168713569641 -16.7219269275665 -16.819983959198 -16.9610404968262 -17.1120960712433 -17.1571519374847 -17.1972079277039 -17.2986104488373 -17.3313589096069 -17.2851073741913 -17.2478551864624
-15.469634771347 -15.5091834068298 -15.5347321033478 -15.5292809009552 -15.5318293571472 -15.5263781547546 -15.4919261932373 -15.4474754333496 -15.3673851490021 -15.2786560058594 -15.2559268474579 -15.2171976566315 -15.2944686412811 -15.3777403831482 -15.3100101947784 -15.3172810077667 -15.3905518054962 -15.4208233356476 -15.3960943222046 -15.3873648643494 -15.4718754291534 -15.6006276607513 -15.6233787536621 -15.5871317386627 -15.6138830184937 -15.5946350097656 -15.5453865528107 -15.4881384372711 -15.5218901634216 -15.5696415901184 -15.6223928928375 -15.6951446533203 -15.8683896064758 -16.0681281089783 -16.186865568161 -16.304603099823 -16.4703412055969 -16.5890793800354 -16.6998167037964 -16.8075551986694 -16.9372928142548 -17.0530304908752 -17.0527679920197 -17.1765065193176 -17.2823939323425 -17.268429517746 -17.2364664077759 -17.2345025539398
-15.3732528686523 -15.3875935077667 -15.3699338436127 -15.3742740154266 -15.3686137199402 -15.3689546585083 -15.3942949771881 -15.4146354198456 -15.3685450553894 -15.2830240726471 -15.2415030002594 -15.1949822902679 -15.1694617271423 -15.263941526413 -15.2744204998016 -15.2998995780945 -15.349378824234 -15.4128577709198 -15.3963372707367 -15.3568165302277 -15.4111981391907 -15.5254836082458 -15.5847692489624 -15.5580544471741 -15.5543396472931 -15.4996247291565 -15.4909100532532 -15.4621953964233 -15.4774808883667 -15.4557662010193 -15.4620516300201 -15.5133368968964 -15.6601896286011 -15.8906092643738 -16.1400282382965 -16.3344476222992 -16.4438669681549 -16.5502870082855 -16.6607065200806 -16.7821261882782 -16.8655457496643 -16.941965341568 -17.0033850669861 -17.0828042030334 -17.1401760578156 -17.155501127243 -17.1968259811401 -17.2261500358582
-15.3078711032867 -15.3460030555725 -15.3421347141266 -15.4012672901154 -15.393399477005 -15.3435308933258 -15.3006627559662 -15.282794713974 -15.2877044677734 -15.23939204216 -15.1920795440674 -15.268767118454 -15.296454668045 -15.2441425323486 -15.2138297557831 -15.2465171813965 -15.239205121994 -15.2878925800323 -15.3385798931122 -15.2932674884796 -15.3265209197998 -15.4723393917084 -15.6141583919525 -15.6079773902893 -15.4907958507538 -15.4236149787903 -15.4344336986542 -15.450252532959 -15.4040715694427 -15.4488909244537 -15.4597098827362 -15.4295279979706 -15.5089881420135 -15.7020890712738 -15.9821908473969 -16.2572922706604 -16.4063928127289 -16.4504945278168 -16.536595582962 -16.6466977596283 -16.7227988243103 -16.7679002285004 -16.8470015525818 -16.897102355957 -16.9669594764709 -17.0735719203949 -17.1391851902008 -17.1327981948853
