data/spatiotemp/temp1/bio6_norsw_test_2003_2006.asc
NCOLS 654 
NROWS 380 
XLLCORNER 3.91666666666667 
YLLCORNER 55.3333333333333 
CELLSIZE 0.0416666666666666 
NODATA_value -9999 
[rows 154 to 175 of 380, columns 288 to 335 of 654]
-16.8952531814575 -16.9253807067871 -16.9095089435577 -16.8856360912323 -16.9673547744751 -17.1470768451691 -17.2847986221313 -17.1955211162567 -17.0798120498657 -17.1146724224091 -17.4535336494446 -17.6533937454224 -17.6162538528442 -17.6351146697998 -17.705974817276 -17.6798355579376 -17.5936961174011 -17.3915560245514 -17.2444176673889 -17.2482776641846 -17.1834070682526 -17.0608041286469 -16.8672020435333 -16.6645996570587 -16.5459973812103 -16.4243948459625 -16.2534620761871 -16.1470246315002 -16.0385870933533 -15.8641493320465 -15.8357117176056 -15.719274520874 -15.5689914226532 -15.5508630275726 -15.6227345466614 -15.6726055145264 -15.7344772815704 -15.8143486976624 -15.7902202606201 -15.7560920715332 -15.7519631385803 -15.6978344917297 -15.5517063140869 -15.5755774974823 -15.6386077404022 -15.676796913147 -15.5509850978851 -15.4891736507416
-16.8722603321075 -16.8891983032227 -16.9321355819702 -16.9610731601715 -17.0020108222961 -17.1024370193481 -17.2088541984558 -17.2652716636658 -17.3198952674866 -17.0567264556885 -17.1765584945679 -17.5043895244598 -17.582221031189 -17.5270524024963 -17.46888422966 -17.384715795517 -17.3185477256775 -17.1843793392181 -17.1282110214233 -17.0380415916443 -16.9980261325836 -16.972163438797 -16.9403007030487 -16.8834381103516 -16.7505750656128 -16.4857127666473 -16.1868495941162 -16.0444898605347 -15.9010105133057 -15.6855316162109 -15.5540521144867 -15.46657371521 -15.4701685905457 -15.5928382873535 -15.7215085029602 -15.7601792812347 -15.7748486995697 -15.7935192584991 -15.7461891174316 -15.56085896492 -15.411529302597 -15.4881999492645 -15.6528694629669 -15.6875398159027 -15.5831022262573 -15.3715567588806 -15.3660118579865 -15.384467124939
-16.811267375946 -16.8810155391693 -16.9327630996704 -17.0105104446411 -17.1202578544617 -17.2320058345795 -17.2617530822754 -17.1515016555786 -17.1629772186279 -17.2337808609009 -17.3025827407837 -17.5393853187561 -17.6491885185242 -17.5529909133911 -17.4527928829193 -17.3465957641602 -17.1933989524841 -17.2302012443542 -17.1490042209625 -16.907806634903 -16.8906464576721 -16.8615226745605 -16.8393998146057 -16.7452764511108 -16.5781533718109 -16.2490298748016 -15.950475692749 -15.8379547595978 -15.8834342956543 -15.804913520813 -15.6363925933838 -15.5438714027405 -15.6573460102081 -15.7488143444061 -15.8422832489014 -15.8557522296906 -15.8232204914093 -15.7766890525818 -15.7061581611633 -15.5416264533997 -15.3610951900482 -15.3405640125275 -15.388032913208 -15.4595015048981 -15.3155963420868 -15.0083179473877 -14.9590384960175 -15.0357592105865
-16.6582746505737 -16.8468322753906 -16.949390411377 -16.9519484043121 -16.9965059757233 -17.0910639762878 -17.1616218090057 -17.1241798400879 -17.135059595108 -17.1738340854645 -17.2856078147888 -17.4853811264038 -17.5861558914185 -17.4949293136597 -17.3267028331757 -17.2534761428833 -17.1732506752014 -17.1440238952637 -17.0827972888947 -16.9935708045959 -16.8692660331726 -16.7468822002411 -16.730498790741 -16.7571153640747 -16.6127324104309 -16.2383477687836 -16.0029821395874 -16.0975804328918 -16.1051971912384 -15.9542944431305 -15.7947328090668 -15.8771703243256 -15.8745224475861 -15.90078997612 -15.8170576095581 -15.7813246250153 -15.7975916862488 -15.7898597717285 -15.7221264839172 -15.6183941364288 -15.4926617145538 -15.3689286708832 -15.2911961078644 -15.2874631881714 -15.1980907917023 -15.0170776844025 -14.8980650901794 -14.8750529289246
-16.6652812957764 -16.7606494426727 -16.7500174045563 -16.837385892868 -16.9387538433075 -16.9881212711334 -16.9954895973206 -17.0228571891785 -17.084578037262 -17.0846509933472 -17.1066329479218 -17.3233780860901 -17.4501223564148 -17.3618669509888 -17.2216122150421 -17.1833567619324 -17.090101480484 -17.023845911026 -16.986590385437 -16.8893353939056 -16.7518858909607 -16.7922415733337 -16.7045979499817 -16.6319537162781 -16.4963092803955 -16.3896656036377 -16.3410217761993 -16.3483774662018 -16.2647330760956 -16.0790894031525 -15.9770727157593 -15.9704689979553 -15.8236994743347 -15.7907655239105 -15.7818319797516 -15.7628970146179 -15.7259633541107 -15.6990294456482 -15.7560954093933 -15.7331609725952 -15.6062276363373 -15.4232935905457 -15.2383592128754 -15.1514248847961 -15.1185846328735 -15.0618381500244 -14.9250919818878 -14.7543451786041
-16.5769104957581 -16.7091040611267 -16.6826455593109 -16.692822933197 -16.785001039505 -16.9151794910431 -16.9573574066162 -17.0075356960297 -17.0355865955353 -17.0155086517334 -16.9894318580627 -17.1103732585907 -17.2320897579193 -17.1948051452637 -17.2475214004517 -17.1962370872498 -17.0939531326294 -17.0646681785583 -17.098384141922 -17.0471000671387 -16.9365060329437 -16.8176012039185 -16.6356971263885 -16.4057924747467 -16.2648873329163 -16.2599833011627 -16.3780789375305 -16.4761743545532 -16.3862700462341 -16.1613655090332 -16.0424613952637 -15.9937672615051 -15.8648765087128 -15.8407416343689 -15.8786056041718 -15.8824706077576 -15.7003355026245 -15.5801999568939 -15.6480641365051 -15.6799285411835 -15.5857930183411 -15.3576579093933 -15.147522687912 -15.0793869495392 -15.0430788993835 -14.9285988807678 -14.8061187267303 -14.6536381244659
-16.6197991371155 -16.7736878395081 -16.7955770492554 -16.8034656047821 -16.8303546905518 -16.8682370185852 -16.9132256507874 -16.9522144794464 -16.9965944290161 -16.972366809845 -16.9281387329102 -17.0399105548859 -17.1940567493439 -17.210743188858 -17.13743019104 -17.1001176834106 -17.0698037147522 -17.0424904823303 -17.0121774673462 -16.8318643569946 -16.798125743866 -16.6849610805511 -16.5877957344055 -16.5176310539246 -16.3904662132263 -16.4103012084961 -16.5171363353729 -16.5129718780518 -16.4448065757751 -16.261641740799 -16.1324768066406 -16.0823118686676 -15.9180543422699 -15.7907168865204 -15.89138007164 -15.9740433692932 -15.8827064037323 -15.7513694763184 -15.6260325908661 -15.4246964454651 -15.2853593826294 -15.2620222568512 -15.1246857643127 -14.9993486404419 -14.9135730266571 -14.7973585128784 -14.6691453456879 -14.5749309062958
-16.5196878910065 -16.6222712993622 -16.6438539028168 -16.6864380836487 -16.6754968166351 -16.7412955760956 -16.8270945549011 -16.9428925514221 -17.0713920593262 -17.0610494613647 -16.9368455410004 -16.9913656711578 -17.1310238838196 -17.1776812076569 -17.1313393115997 -16.9999971389771 -16.9786560535431 -17.0123131275177 -17.0839712619781 -16.9836292266846 -16.9077453613281 -16.8303198814392 -16.7328956127167 -16.5724697113037 -16.2690439224243 -16.2756195068359 -16.3721930980682 -16.2517681121826 -16.2073426246643 -16.2229177951813 -16.2504920959473 -16.1590669155121 -15.97722864151 -15.8066926002502 -15.8901541233063 -15.9676170349121 -15.6950781345367 -15.4865400791168 -15.4040017127991 -15.2714631557465 -15.2829246520996 -15.3943865299225 -15.2198486328125 -15.0353107452393 -14.9760675430298 -14.7721202373505 -14.5981714725494 -14.4642238616943
-16.3595769405365 -16.4068541526794 -16.334132194519 -16.3744096755981 -16.6036880016327 -16.7129664421082 -16.7952432632446 -16.8645203113556 -16.8886103630066 -16.9851043224335 -17.1297323703766 -17.197361946106 -17.2269902229309 -17.2786204814911 -17.2482488155365 -17.0668773651123 -16.989506483078 -16.9131355285645 -16.9027647972107 -16.9293942451477 -16.8693652153015 -16.8596796989441 -16.7719941139221 -16.5123081207275 -16.1310594081879 -16.1949362754822 -16.2042508125305 -16.0185656547546 -15.9788794517517 -16.0201935768127 -16.091507434845 -16.1488223075867 -15.9506888389587 -15.8781065940857 -15.9209289550781 -15.9959437847137 -15.8734500408173 -15.6357100009918 -15.5039699077606 -15.4022307395935 -15.4484913349152 -15.4967520236969 -15.3030116558075 -15.1652722358704 -15.1865618228912 -14.9888796806335 -14.6631982326508 -14.4715166091919
-16.2303159236908 -16.258437871933 -16.2854099273682 -16.3573822975159 -16.5663545131683 -16.9043264389038 -17.0192992687225 -17.0492713451385 -16.9545574188232 -16.9351577758789 -17.0587575435638 -17.1493577957153 -17.2679581642151 -17.3935573101044 -17.4131574630737 -17.3507585525513 -17.3163578510284 -17.2139580249786 -17.111558675766 -17.0481579303741 -16.9249858856201 -16.8860392570496 -16.8460927009583 -16.7611467838287 -16.5141997337341 -16.3252546787262 -16.3193082809448 -16.1833617687225 -15.9314155578613 -15.800586938858 -15.8855230808258 -15.9965772628784 -15.9871487617493 -15.8822367191315 -15.7857029438019 -15.7547624111176 -15.64382147789 -15.6468801498413 -15.6339392662048 -15.4929978847504 -15.5100572109222 -15.557115316391 -15.3221752643585 -15.0592341423035 -14.9790561199188 -14.8476407527924 -14.7562248706818 -14.7328095436096
-16.1313228607178 -16.1015527248383 -16.1626875400543 -16.3273544311523 -16.5580208301544 -16.8956873416901 -17.0073540210724 -17.023021697998 -17.0756397247314 -17.1002113819122 -17.0367825031281 -17.0793540477753 -17.2469246387482 -17.3314952850342 -17.336067199707 -17.3096387386322 -17.3152093887329 -17.2757811546326 -17.1983523368835 -17.1639232635498 -17.1186048984528 -17.0173981189728 -16.9201920032501 -16.8899853229523 -16.7297790050507 -16.4665725231171 -16.2853651046753 -16.1181585788727 -15.9789516925812 -15.8887460231781 -15.9655389785767 -15.9253323078156 -15.8986086845398 -15.7806196212769 -15.7184774875641 -15.6063356399536 -15.5621929168701 -15.6380503177643 -15.7419078350067 -15.7357647418976 -15.713623046875 -15.6734809875488 -15.4373385906219 -15.1211965084076 -14.8955502510071 -14.846400976181 -14.8032515048981 -14.8181021213531
-16.0183300971985 -15.9733698368073 -16.0024082660675 -16.2413265705109 -16.5296881198883 -16.7800486087799 -16.7914094924927 -16.7067708969116 -16.823723077774 -16.9882650375366 -16.9468071460724 -16.9143493175507 -17.0468912124634 -17.2014343738556 -17.276976108551 -17.2575190067291 -17.2650618553162 -17.244603395462 -17.1761448383331 -17.1086876392365 -17.082225561142 -17.0477576255798 -17.0172910690308 -16.9638237953186 -16.7353572845459 -16.5418901443481 -16.300422668457 -16.1029560565948 -16.0564892292023 -15.9800217151642 -15.8695542812347 -15.9140875339508 -16.021068572998 -15.846497297287 -15.8399262428284 -15.8173549175262 -15.7407839298248 -15.6492204666138 -15.6998763084412 -15.7485325336456 -15.715188741684 -15.571845293045 -15.3545017242432 -15.151157617569 -15.0080440044403 -14.9531614780426 -14.8342781066895 -14.7433955669403
-15.8984913825989 -15.9477331638336 -15.9589745998383 -16.154196023941 -16.4157254695892 -16.5252544879913 -16.5437831878662 -16.5773122310638 -16.7412610054016 -16.8146295547485 -16.7259986400604 -16.7033672332764 -16.8387355804443 -17.0471043586731 -17.1694736480713 -17.1678419113159 -17.1172103881836 -17.0635788440704 -17.0719475746155 -16.9463160037994 -16.8308577537537 -16.7835731506348 -16.8572885990143 -16.8460047245026 -16.6967189311981 -16.5244340896606 -16.3811495304108 -16.1848647594452 -16.1325795650482 -16.1352951526642 -16.0260107517242 -15.997725725174 -16.1617143154144 -16.0739753246307 -16.0402359962463 -16.0324966907501 -15.9907579421997 -15.8220186233521 -15.6903684139252 -15.5930361747742 -15.4717042446136 -15.3363716602325 -15.1810400485992 -15.1297075748444 -15.0771231651306 -15.0212876796722 -14.8434526920319 -14.6916170120239
-15.8074531555176 -15.9456231594086 -16.0047934055328 -16.1149642467499 -16.221134185791 -16.2133042812347 -16.3544745445251 -16.6036446094513 -16.7452540397644 -16.6283049583435 -16.557354927063 -16.5764055252075 -16.6924562454224 -16.8605060577393 -17.0335566997528 -17.0976076126099 -17.0316572189331 -17.0177075862885 -16.9947583675385 -16.7918093204498 -16.6835036277771 -16.5728435516357 -16.6501841545105 -16.6745247840881 -16.6658644676208 -16.489205121994 -16.34654545784 -16.3618857860565 -16.3852252960205 -16.369565486908 -16.2499063014984 -16.1742458343506 -16.2645444869995 -16.3107995986938 -16.2450542449951 -16.1433095932007 -16.0615649223328 -15.9188203811646 -15.7253830432892 -15.4612765312195 -15.2631683349609 -15.1830608844757 -15.1689531803131 -15.1108458042145 -15.0807876586914 -14.9867811203003 -14.7787744998932 -14.6407670974731
-15.7462973594666 -15.8741080760956 -16.0239200592041 -16.1037309169769 -16.0585427284241 -16.0823533535004 -16.3191649913788 -16.5389766693115 -16.5502481460571 -16.4569799900055 -16.5277121067047 -16.5714437961578 -16.6361763477325 -16.7739088535309 -16.8836410045624 -16.9003729820251 -16.8801045417786 -16.9828364849091 -16.9885683059692 -16.8393008708954 -16.8321492671967 -16.6421144008636 -16.6080799102783 -16.5980448722839 -16.6110103130341 -16.4689755439758 -16.3069412708282 -16.2869064807892 -16.3518714904785 -16.3568367958069 -16.2518017292023 -16.1487672328949 -16.2443747520447 -16.362624168396 -16.2258739471436 -16.0661227703094 -15.9123721122742 -15.8526213169098 -15.7203984260559 -15.4415154457092 -15.2606329917908 -15.2377495765686 -15.2108659744263 -15.1659829616547 -15.050452709198 -14.9602742195129 -14.8960962295532 -14.7779178619385
-15.6101408004761 -15.7165930271149 -15.8710460662842 -15.9724984169006 -15.9499509334564 -15.9454038143158 -16.135856628418 -16.3363080024719 -16.365241765976 -16.4676554203033 -16.6180694103241 -16.6724834442139 -16.6958968639374 -16.742311000824 -16.7127249240875 -16.6431381702423 -16.6465518474579 -16.745965719223 -16.8443787097931 -16.8897931575775 -16.9047951698303 -16.6963856220245 -16.5769753456116 -16.548565864563 -16.5221567153931 -16.450747013092 -16.2533366680145 -16.1829271316528 -16.2345175743103 -16.2881078720093 -16.3556978702545 -16.3252880573273 -16.2952046394348 -16.3184487819672 -16.1336920261383 -16.0459365844727 -15.872180223465 -15.7730722427368 -15.7074134349823 -15.5757548809052 -15.4200971126556 -15.4204382896423 -15.3307797908783 -15.1671206951141 -15.0821168422699 -14.9937672615051 -14.9534184932709 -14.8910689353943
-15.5289840698242 -15.5940778255463 -15.7041716575623 -15.7902655601501 -15.810359954834 -15.7574536800385 -15.7805473804474 -15.9616413116455 -16.0832359790802 -16.180330991745 -16.3614268302917 -16.541522026062 -16.6626174449921 -16.663712978363 -16.6518082618713 -16.6519041061401 -16.6599996089935 -16.5340948104858 -16.5131900310516 -16.5952854156494 -16.7334415912628 -16.6576569080353 -16.4671618938446 -16.3632760047913 -16.3213906288147 -16.2815053462982 -16.2477326393127 -16.3579480648041 -16.4411630630493 -16.4403784275055 -16.2885935306549 -16.2398092746735 -16.3230354785919 -16.2192735671997 -16.146511554718 -16.1777493953705 -16.1299872398376 -16.0292251110077 -15.8844289779663 -15.7839946746826 -15.7135603427887 -15.6211271286011 -15.4346933364868 -15.252259016037 -15.1157817840576 -15.0332605838776 -15.0287394523621 -14.9742188453674
-15.4118280410767 -15.3935635089874 -15.4372975826263 -15.5860328674316 -15.7577683925629 -15.7985026836395 -15.7422382831573 -15.7689728736877 -15.8732295036316 -15.949006319046 -16.1097838878632 -16.3235607147217 -16.5113382339478 -16.6241154670715 -16.6338920593262 -16.5946695804596 -16.577446937561 -16.3992238044739 -16.2593908309937 -16.3017780780792 -16.5470867156982 -16.5899267196655 -16.4036507606506 -16.3567724227905 -16.3958947658539 -16.353015422821 -16.2301368713379 -16.2599685192108 -16.3888092041016 -16.3896486759186 -16.1764893531799 -16.2143294811249 -16.3728652000427 -16.2630980014801 -16.0773303508759 -16.1175618171692 -16.0537939071655 -15.9260265827179 -15.8432586193085 -15.77623462677 -15.7110249996185 -15.5978155136108 -15.3706057071686 -15.1993961334229 -15.1614458560944 -15.1967539787292 -15.1580619812012 -14.9633691310883
-15.1916718482971 -15.191047668457 -15.2554247379303 -15.4128005504608 -15.4901766777039 -15.5925526618958 -15.5789291858673 -15.6373047828674 -15.7942223548889 -15.938681602478 -16.0961403846741 -16.2235991954803 -16.3290581703186 -16.4915177822113 -16.6359758377075 -16.6074349880219 -16.5358936786652 -16.4213533401489 -16.354811668396 -16.5182707309723 -16.6677331924438 -16.5671980381012 -16.4481410980225 -16.4402689933777 -16.4423971176147 -16.4140589237213 -16.3326544761658 -16.2867829799652 -16.359454870224 -16.456919670105 -16.2663855552673 -16.3128502368927 -16.3976962566376 -16.1639227867126 -15.9783992767334 -15.9484136104584 -15.8644285202026 -15.7324442863464 -15.6124594211578 -15.6104745864868 -15.5844893455505 -15.4285042285919 -15.2145195007324 -15.1265347003937 -15.1351103782654 -15.1522467136383 -15.085382938385 -14.9925198554993
-15.0605156421661 -15.0975332260132 -15.2005507946014 -15.3535676002502 -15.4645850658417 -15.4916024208069 -15.5336198806763 -15.5466370582581 -15.6632163524628 -15.8583571910858 -15.9854969978333 -16.053638458252 -16.1257786750793 -16.2669191360474 -16.4320592880249 -16.4122004508972 -16.3183410167694 -16.3444814682007 -16.4846224784851 -16.6857631206512 -16.6553783416748 -16.5284686088562 -16.5006303787231 -16.5616490840912 -16.6049013137817 -16.5340366363525 -16.4051716327667 -16.3963074684143 -16.4651002883911 -16.508190870285 -16.470281124115 -16.6113712787628 -16.5105266571045 -16.211746931076 -16.1389677524567 -16.0277552604675 -15.942994594574 -15.7722351551056 -15.6574740409851 -15.6067137718201 -15.541953086853 -15.4491925239563 -15.3244326114655 -15.1376719474792 -15.0787744522095 -15.1337401866913 -15.0227053165436 -15.0076706409454
-14.9333591461182 -14.9490201473236 -15.0456759929657 -15.1763353347778 -15.2199935913086 -15.261652469635 -15.2773108482361 -15.3369696140289 -15.4902098178864 -15.5890324115753 -15.6658549308777 -15.8156769275665 -15.9234986305237 -15.9763214588165 -16.0851435661316 -16.1669659614563 -16.1717889308929 -16.3076109886169 -16.4214329719543 -16.4952554702759 -16.6630239486694 -16.6617393493652 -16.6014547348022 -16.6352627277374 -16.5894041061401 -16.5906009674072 -16.6143164634705 -16.5970318317413 -16.5727462768555 -16.6524612903595 -16.6211767196655 -16.4398925304413 -16.4203577041626 -16.2545721530914 -16.1667866706848 -15.9330961704254 -15.8095607757568 -15.7660245895386 -15.7024891376495 -15.644953250885 -15.5194172859192 -15.3638818264008 -15.2503457069397 -15.1088099479675 -15.0224397182465 -15.0032329559326 -14.9580266475677 -14.972820520401
-14.7882030010223 -14.8595032691956 -14.9568026065826 -15.0281021595001 -15.0344023704529 -15.0267019271851 -15.0250015258789 -15.1773014068604 -15.3312036991119 -15.3367078304291 -15.3792116641998 -15.6417157649994 -15.863219499588 -15.9107236862183 -15.9622271060944 -16.0667314529419 -16.2692358493805 -16.3627393245697 -16.3112435340881 -16.2977480888367 -16.4766697883606 -16.711009979248 -16.6453504562378 -16.6396908760071 -16.4699077606201 -16.4370574951172 -16.6187114715576 -16.7980525493622 -16.8263916969299 -16.7107319831848 -16.4190726280212 -16.1079535484314 -16.1453719139099 -16.1370606422424 -16.0827498435974 -15.9504382610321 -15.7981266975403 -15.697815656662 -15.6415040493011 -15.5891923904419 -15.50688123703 -15.3965709209442 -15.3202586174011 -15.1819474697113 -15.0601034164429 -15.0467259883881 -15.041348695755 -15.0079710483551
