data/spatiotemp/temp1/bio6_norsw_test_2003_2006.asc
NCOLS 654 
NROWS 380 
XLLCORNER 3.91666666666667 
YLLCORNER 55.3333333333333 
CELLSIZE 0.0416666666666666 
NODATA_value -9999 
[rows 176 to 197 of 380, columns 192 to 239 of 654]
-8.38863003253937 -8.87036299705505 -9.28209519386292 -9.5358282327652 -9.44356060028076 -9.49329352378845 -9.93902587890625 -10.2487590312958 -10.5091600418091 -10.9282293319702 -11.2172985076904 -11.2283685207367 -11.3894374370575 -11.5625071525574 -11.8775765895844 -12.3626461029053 -12.8977155685425 -13.2867848873138 -13.3318543434143 -13.1629235744476 -12.5742330551147 -12.6657812595367 -12.6633298397064 -12.4468786716461 -12.378427028656 -12.673975944519 -12.3435244560242 -12.3950724601746 -12.9246215820312 -13.6041696071625 -14.0937180519104 -14.3452672958374 -14.1269700527191 -14.0808279514313 -13.7366857528687 -13.624543428421 -13.9024012088776 -14.0502591133118 -13.9681162834167 -14.1619741916656 -13.8658316135406 -13.8916895389557 -13.817547082901 -13.9234044551849 -13.8979914188385 -13.957307100296 -14.074622631073 -14.0899391174316
-9.78982138633728 -10.3218429088593 -10.5538651943207 -10.3058869838715 -10.3599090576172 -10.2499310970306 -10.6479532718658 -10.9319751262665 -11.0183589458466 -10.953104019165 -10.9078497886658 -11.2085952758789 -11.3693408966064 -11.6480853557587 -11.7708311080933 -12.0895764827728 -12.6383218765259 -13.3810670375824 -13.353812456131 -13.476557970047 -13.5239479541779 -13.1319825649261 -12.2200174331665 -12.086051940918 -12.1740870475769 -12.5861213207245 -12.7521562576294 -12.52419090271 -13.0782253742218 -13.5582602024078 -13.444295167923 -13.810329914093 -13.9582586288452 -13.9740810394287 -13.9279050827026 -13.593727350235 -13.5475504398346 -13.885372877121 -13.813196182251 -13.7710189819336 -13.7048420906067 -13.6246650218964 -13.7484881877899 -13.7703108787537 -13.7268400192261 -13.8380749225616 -14.0313098430634 -14.0685451030731
-10.0326125621796 -10.1625888347626 -10.378564119339 -10.6325397491455 -10.9505155086517 -10.8724911212921 -10.6804673671722 -10.9624426364899 -11.1148812770844 -11.2397830486298 -11.2746844291687 -11.2975862026215 -11.3424880504608 -11.3433899879456 -11.4562911987305 -11.6471929550171 -11.9240944385529 -12.5009958744049 -12.9158976078033 -12.6187992095947 -12.6983108520508 -12.8504326343536 -12.5965538024902 -12.5766751766205 -12.3407964706421 -12.2589185237885 -12.3790400028229 -12.4251613616943 -12.5592827796936 -12.7714042663574 -12.8475255966187 -12.8896472454071 -13.1676251888275 -13.1974594593048 -13.2472941875458 -13.2531292438507 -13.2309637069702 -13.3047981262207 -13.3066327571869 -13.1844668388367 -13.1283016204834 -13.322135925293 -13.3539707660675 -13.3858048915863 -13.3823895454407 -13.4977223873138 -13.6190555095673 -13.712388753891
-9.39700508117676 -9.4985990524292 -10.05819272995 -10.4737863540649 -10.6573798656464 -11.0409741401672 -11.0105679035187 -10.7621614933014 -11.1127274036407 -11.336266040802 -11.3778035640717 -11.4113421440125 -11.5228800773621 -11.6644186973572 -11.7759568691254 -11.6814947128296 -11.6890332698822 -11.7045710086823 -11.8121094703674 -11.8596472740173 -11.9933216571808 -12.2271304130554 -12.358939409256 -12.1867487430573 -11.8605570793152 -11.9123666286469 -12.4281752109528 -12.6259846687317 -12.8197937011719 -12.9396023750305 -13.2354114055634 -13.3892207145691 -12.9790706634521 -13.0309636592865 -13.2548558712006 -13.2007479667664 -13.2366409301758 -13.1485328674316 -12.8484256267548 -12.7923181056976 -12.8662102222443 -12.8851597309113 -12.9367296695709 -12.9662983417511 -13.0133213996887 -13.1187965869904 -13.1512725353241 -13.1994721889496
-10.0633971691132 -9.94860911369324 -10.1198213100433 -10.3530330657959 -10.6242451667786 -10.7834565639496 -10.7906687259674 -10.853880405426 -11.1465737819672 -11.5327484607697 -11.6129233837128 -11.5810978412628 -11.6652729511261 -11.7074475288391 -11.5296220779419 -11.5357966423035 -11.6479716300964 -11.992146730423 -12.4543211460114 -12.9924962520599 -13.1623315811157 -12.8498282432556 -12.3733243942261 -11.7768213748932 -11.4463179111481 -11.3138139247894 -11.5813105106354 -12.0588073730469 -12.6283040046692 -13.1518001556396 -13.3452973365784 -13.090793132782 -13.1285161972046 -13.1384665966034 -13.5844175815582 -13.7003674507141 -13.662317276001 -13.5382680892944 -13.3502180576324 -13.0701684951782 -13.0181186199188 -13.024069070816 -12.9620189666748 -12.9399693012238 -12.8923172950745 -12.9078979492188 -12.9364776611328 -12.8590571880341
-11.0957899093628 -10.6386196613312 -10.7334496974945 -10.8462796211243 -11.2151098251343 -11.4199390411377 -11.220769405365 -11.1595993041992 -11.5144200325012 -11.9172308444977 -11.9880421161652 -12.032853603363 -12.3556654453278 -12.1004762649536 -11.7792875766754 -11.680098772049 -11.6609103679657 -11.8937220573425 -12.5745327472687 -12.7073442935944 -12.5053422451019 -12.7345261573792 -13.0657103061676 -12.4228940010071 -11.3620779514313 -11.0952620506287 -11.3424460887909 -11.8416302204132 -12.2928140163422 -12.8619983196259 -13.1351816654205 -13.2763662338257 -12.9299621582031 -13.1359705924988 -13.2599782943726 -13.4279863834381 -13.3619947433472 -13.2580029964447 -13.2280111312866 -13.2100195884705 -13.2080271244049 -13.2520351409912 -13.094043970108 -13.0720517635345 -13.0391390323639 -12.9713056087494 -12.9954724311829 -12.9256386756897
-10.0741822719574 -10.576630115509 -11.3030779361725 -11.8995261192322 -12.1299741268158 -11.5504217147827 -11.0968699455261 -11.1713175773621 -11.450266122818 -11.6257138252258 -11.56716132164 -11.8926095962524 -12.2020576000214 -12.311505317688 -12.4349534511566 -12.3944010734558 -12.0958487987518 -12.1752970218658 -12.4547448158264 -12.7721929550171 -12.6403524875641 -12.7772235870361 -12.9640951156616 -12.8229670524597 -11.7798388004303 -11.4207098484039 -11.7395811080933 -12.7504527568817 -13.0893242359161 -13.5481963157654 -13.9950675964355 -13.9319386482239 -13.6954076290131 -13.1274738311768 -12.9135401248932 -13.1336061954498 -13.0036718845367 -12.8877379894257 -12.981803894043 -12.9798700809479 -13.0619359016418 -12.9640016555786 -12.8900678157806 -12.8981337547302 -12.9753887653351 -12.8778331279755 -12.8942778110504 -12.8787221908569
-10.3385746479034 -11.1026401519775 -11.8767063617706 -11.3227729797363 -11.2928385734558 -11.9109046459198 -11.6629705429077 -11.6990368366241 -11.652111530304 -11.474196434021 -11.628280878067 -11.780365228653 -11.9464497566223 -12.1345343589783 -12.392618894577 -12.3947033882141 -12.1127874851227 -11.8028721809387 -11.8349568843842 -12.0970411300659 -12.7513630390167 -13.5359220504761 -13.8644814491272 -13.233039855957 -12.8975989818573 -12.6861579418182 -12.1647169589996 -12.177276134491 -12.4138350486755 -13.0123937129974 -13.3269526958466 -13.3695123195648 -13.4048533439636 -13.4369776248932 -13.3631012439728 -13.5872251987457 -13.4393491744995 -13.2854723930359 -13.1695966720581 -13.0877206325531 -13.0038440227509 -13.0059678554535 -13.054092168808 -13.1362156867981 -13.0376391410828 -12.8263614177704 -12.7990832328796 -12.7838056087494
-10.5049669742584 -10.9906508922577 -10.9723353385925 -10.7720191478729 -11.2817034721375 -11.7113871574402 -11.8250710964203 -12.0807552337646 -11.9119579792023 -12.1006791591644 -12.3714003562927 -12.164121389389 -11.9928419589996 -12.0695633888245 -12.0722839832306 -11.9090054035187 -11.8797264099121 -12.1664476394653 -11.9971685409546 -11.9378895759583 -11.8763732910156 -12.6406197547913 -13.4888660907745 -13.8951125144958 -13.9153592586517 -13.6616055965424 -13.6618523597717 -13.5600986480713 -13.1163449287415 -12.4585919380188 -12.4348382949829 -12.5870847702026 -12.7082989215851 -12.8064806461334 -13.2186622619629 -13.5568444728851 -13.6950259208679 -13.6132075786591 -13.4593894481659 -13.3595707416534 -13.2697525024414 -13.1359343528748 -13.0281162261963 -13.1522982120514 -13.0798890590668 -12.9168889522552 -12.8038890361786 -12.730889081955
-10.7433593273163 -10.9946615695953 -11.2459635734558 -11.4272658824921 -12.2325675487518 -11.8078699111938 -11.4671723842621 -12.0244739055634 -12.3618037700653 -12.6171615123749 -12.6005191802979 -12.4718773365021 -12.6212346553802 -12.6545920372009 -12.489949464798 -12.2413074970245 -11.8066649436951 -11.8700225353241 -12.0553803443909 -11.9827377796173 -11.7673833370209 -12.1653175354004 -12.8892512321472 -13.7211856842041 -14.3331191539764 -13.9230537414551 -14.0869874954224 -14.7489216327667 -14.4448556900024 -13.7307903766632 -13.0407238006592 -12.6886577606201 -12.6757447719574 -12.5959839820862 -12.6162240505219 -13.1924629211426 -13.4327032566071 -13.3649425506592 -13.281182050705 -13.3454217910767 -13.3476612567902 -13.2019011974335 -12.9941408634186 -12.9703803062439 -12.978138923645 -12.923416852951 -12.9086945056915 -12.9419722557068
-10.7157514095306 -10.9786717891693 -11.1995918750763 -11.7945122718811 -12.0374321937561 -12.0243525505066 -11.9832730293274 -11.7281932830811 -11.8576502799988 -12.1436445713043 -12.3616383075714 -12.5936329364777 -12.641627073288 -12.6136207580566 -12.4536151885986 -12.3036093711853 -12.1236033439636 -12.0635976791382 -12.6315920352936 -12.5535864830017 -12.1423943042755 -12.3460156917572 -12.533637046814 -12.5912582874298 -12.884880065918 -12.7465019226074 -12.6381227970123 -12.7917444705963 -13.0273661613464 -13.1409878730774 -13.2006089687347 -13.1682307720184 -13.3051903247833 -13.3494880199432 -13.0137853622437 -13.0300822257996 -13.1543796062469 -13.3086774349213 -13.312974691391 -13.2012724876404 -13.2415699958801 -13.2218673229218 -13.0461645126343 -12.8304626941681 -12.8563888072968 -12.8259444236755 -12.7374997138977 -12.7350552082062
-10.6701438426971 -10.5146822929382 -10.6312203407288 -11.3097589015961 -11.7202970981598 -11.8668353557587 -11.9093735218048 -11.9459118843079 -11.8874962329865 -12.0821270942688 -12.3447577953339 -12.4853887557983 -12.4360189437866 -12.4586498737335 -12.3952810764313 -12.3279113769531 -12.3365423679352 -12.5591733455658 -12.7438035011292 -12.8944342136383 -13.2014045715332 -13.350713968277 -13.4740226268768 -13.6033310890198 -13.5806407928467 -13.6999495029449 -14.0332586765289 -14.1745674610138 -13.5478761196136 -12.7371854782104 -12.824494600296 -13.0018036365509 -13.0266354084015 -13.1949911117554 -13.2213461399078 -13.1057021617889 -12.6800570487976 -12.7624123096466 -12.994767665863 -13.1611232757568 -13.1754791736603 -13.0338342189789 -12.9101891517639 -12.8365442752838 -12.8666386604309 -12.8784720897675 -12.8143057823181 -12.7781386375427
-11.1385366916656 -11.4726929664612 -11.5968489646912 -11.2850053310394 -11.3031616210938 -11.4033176898956 -11.5954742431641 -11.6416306495667 -11.8213419914246 -12.0406091213226 -12.3858766555786 -12.3011441230774 -12.1804115772247 -12.1796789169312 -12.2429459095001 -12.2762134075165 -12.4014811515808 -12.8107483386993 -13.1420156955719 -13.1752827167511 -13.3424150943756 -13.5714113712311 -13.8164079189301 -14.1774044036865 -14.1924011707306 -14.011397600174 -13.6403934955597 -13.471390247345 -13.3183872699738 -13.0533835887909 -12.7723803520203 -12.8133766651154 -13.0320811271667 -13.1504948139191 -12.8769080638885 -12.8533208370209 -12.9917340278625 -12.9421472549438 -12.6905603408813 -12.7049734592438 -12.8413867950439 -12.7998003959656 -12.6682138442993 -12.7306265830994 -12.8148884773254 -12.8810000419617 -12.8491108417511 -12.8332221508026
-12.2269289493561 -12.5347030162811 -11.9224772453308 -11.9102520942688 -11.7360260486603 -11.5478005409241 -11.5715749263763 -11.6813492774963 -11.9351880550385 -12.0970919132233 -12.1489961147308 -12.0968997478485 -12.0708041191101 -12.0167078971863 -11.9766118526459 -12.2385156154633 -12.3124196529388 -12.6323232650757 -13.0322277545929 -13.1541314125061 -13.2214250564575 -13.5341093540192 -13.93479347229 -13.8094773292542 -14.0801613330841 -14.1848449707031 -14.257529258728 -14.242213010788 -14.3348977565765 -14.1355812549591 -13.6202652454376 -13.562949180603 -13.6735270023346 -13.4279983043671 -13.3964688777924 -13.6169400215149 -13.7114114761353 -13.6558821201324 -13.4963533878326 -13.3228242397308 -13.0272958278656 -12.9697663784027 -12.8522374629974 -12.6647083759308 -12.6231389045715 -12.6535279750824 -12.6819167137146 -12.6383054256439
-12.6296372413635 -12.6420135498047 -12.5223896503448 -11.880765914917 -11.9671421051025 -12.2075178623199 -12.4198939800262 -12.7482705116272 -13.7623817920685 -14.2322273254395 -13.7200734615326 -12.7859199047089 -12.799765586853 -12.7796115875244 -12.531457901001 -12.5393037796021 -12.7131497859955 -13.292995929718 -13.5948424339294 -13.7526876926422 -13.751692533493 -13.9878559112549 -14.430018901825 -14.0641825199127 -13.4883451461792 -13.680508852005 -13.7586715221405 -13.6868350505829 -13.612998008728 -13.5511610507965 -13.6033244132996 -13.6454873085022 -13.5978419780731 -13.5363883972168 -13.4989349842072 -13.5774810314178 -13.6780273914337 -13.7045738697052 -13.5691201686859 -13.4536664485931 -13.344212770462 -13.2447588443756 -12.9993052482605 -13.0258512496948 -13.0527303218842 -12.9659411907196 -12.8511517047882 -12.726361989975
-12.8386616706848 -12.6106233596802 -12.6525855064392 -12.5445473194122 -12.4865086078644 -13.4784705638885 -13.9284329414368 -14.0003941059113 -14.0609221458435 -14.4700157642365 -13.611109495163 -13.3762035369873 -14.1192970275879 -14.0383911132812 -14.0814845561981 -14.0905783176422 -14.8136720657349 -14.7547657489777 -14.7538597583771 -14.8689532279968 -14.6932168006897 -14.1066510677338 -13.7920846939087 -14.5295193195343 -14.9069533348083 -14.6283869743347 -13.6678211688995 -13.3552556037903 -13.5166893005371 -13.6961228847504 -13.8055572509766 -13.8649914264679 -14.1450273990631 -14.4016664028168 -14.198305606842 -13.8269443511963 -13.6775832176208 -13.6362221240997 -13.5388612747192 -13.499499797821 -13.49613904953 -13.4027781486511 -13.2214167118073 -13.1240558624268 -13.1216628551483 -13.0782399177551 -13.0288155078888 -12.9793918132782
-13.0016860961914 -12.9092328548431 -13.0107805728912 -13.0763282775879 -13.0918753147125 -13.5514235496521 -13.6589705944061 -13.8165185451508 -13.9794628620148 -13.9678039550781 -13.8681454658508 -13.918487071991 -14.6668281555176 -15.0131695270538 -15.295511007309 -14.9598524570465 -15.1821937561035 -15.1445350646973 -15.084876537323 -14.8592178821564 -14.7767415046692 -14.4194462299347 -14.0321507453918 -13.9688556194305 -14.2095603942871 -14.1842656135559 -14.1249701976776 -14.1056756973267 -14.1983799934387 -14.3930850028992 -14.4477891921997 -14.5284941196442 -14.6002125740051 -14.6489443778992 -14.6536757946014 -14.5084075927734 -14.3591392040253 -14.2878704071045 -14.1346018314362 -14.1133332252502 -14.0500643253326 -13.8787961006165 -13.8295276165009 -13.7902598381042 -13.5545959472656 -13.2345380783081 -13.0164806842804 -12.956422328949
-12.9387099742889 -12.94784283638 -13.0089762210846 -13.5061092376709 -13.8472425937653 -13.8523757457733 -13.8075087070465 -14.1986420154572 -14.4880034923553 -14.3875923156738 -14.5831809043884 -14.3007705211639 -14.428359746933 -14.9119491577148 -15.2275383472443 -15.1551265716553 -15.2647161483765 -15.2903051376343 -15.3318943977356 -15.2914831638336 -14.8702657222748 -14.6162414550781 -14.4522166252136 -14.3001928329468 -14.3981688022614 -14.5221445560455 -14.6481196880341 -14.7960956096649 -14.878071308136 -14.9760472774506 -15.1980226039886 -15.2879986763 -15.1793985366821 -14.9402215480804 -14.8890461921692 -14.8578701019287 -14.806694984436 -14.7075188159943 -14.6363427639008 -14.5831668376923 -14.4979906082153 -14.3708148002625 -14.2336390018463 -14.0604629516602 -13.7835290431976 -13.4848365783691 -13.1481447219849 -12.9334523677826
-13.6037340164185 -13.3584532737732 -13.1931717395782 -13.5858907699585 -14.1746098995209 -14.6413280963898 -14.8200466632843 -14.8307657241821 -14.7065436840057 -14.7573809623718 -14.7702171802521 -14.627053976059 -14.7778904438019 -15.1487271785736 -15.6015648841858 -15.6944010257721 -15.7692384719849 -15.744074344635 -15.6689116954803 -15.5437483787537 -15.367790222168 -15.0630369186401 -15.010283946991 -14.8655295372009 -15.0727760791779 -15.0920226573944 -15.1692690849304 -15.3165154457092 -15.5657622814178 -15.5730090141296 -15.6622548103333 -15.529501914978 -15.2945833206177 -15.1035006046295 -15.0224173069 -14.9933333396912 -14.9842503070831 -14.9591672420502 -14.9240829944611 -14.8869993686676 -14.8259167671204 -14.6808331012726 -14.5177500247955 -14.3206663131714 -14.1444618701935 -13.8571352958679 -13.5458087921143 -13.2264823913574
-13.6467587947845 -13.4870631694794 -13.4913673400879 -14.1776719093323 -14.6319763660431 -15.3502810001373 -15.8585855960846 -15.6988897323608 -15.489084482193 -15.1091682910919 -14.6992526054382 -14.8193373680115 -15.2074217796326 -15.4435067176819 -15.5855915546417 -15.9076752662659 -16.171760559082 -16.0078446865082 -15.7999296188354 -15.6220138072968 -15.5353143215179 -15.553831577301 -15.6943492889404 -15.6208662986755 -15.8213839530945 -15.8719010353088 -15.9124186038971 -15.5069355964661 -15.6534535884857 -15.8019707202911 -15.7284882068634 -15.5710060596466 -15.3997683525085 -15.2927782535553 -15.1897873878479 -15.2047963142395 -15.1978054046631 -15.2028150558472 -15.1418244838715 -15.0348331928253 -14.9378423690796 -14.7908523082733 -14.6418604850769 -14.4328706264496 -14.3293945789337 -14.2274339199066 -13.8994736671448 -13.4715127944946
-13.771782875061 -13.6356728076935 -13.655562877655 -13.8734531402588 -14.4373433589935 -14.7712333202362 -15.2271237373352 -15.6130137443542 -15.7496247291565 -15.3429570198059 -15.0782887935638 -15.2736213207245 -15.4929533004761 -15.6202855110168 -15.7576177120209 -15.8029494285583 -15.8402826786041 -15.9016144275665 -15.8809466362 -15.9202785491943 -16.0288391113281 -16.2306275367737 -16.2904155254364 -16.2002036571503 -16.1619913578033 -16.0837795734406 -16.0575678348541 -15.8093554973602 -15.6011443138123 -15.5409333705902 -15.614720582962 -15.5565085411072 -15.5729537010193 -15.5820562839508 -15.4751572608948 -15.4662594795227 -15.4093611240387 -15.4104633331299 -15.3255650997162 -15.1886668205261 -15.0277688503265 -14.8508703708649 -14.73597240448 -14.5290739536285 -14.2423276901245 -14.0697329044342 -13.7511374950409 -13.4845430850983
-13.9088072776794 -14.2662823200226 -14.8237590789795 -15.0412347316742 -14.720710515976 -14.7081854343414 -14.8916618824005 -15.2431371212006 -15.702164888382 -15.7847452163696 -15.7493252754211 -15.8759047985077 -15.8584849834442 -15.7930645942688 -15.8756439685822 -15.8562240600586 -15.9008040428162 -15.9573836326599 -16.017963886261 -16.0345437526703 -16.2383637428284 -16.3874220848083 -16.3364810943604 -16.2615404129028 -16.1485991477966 -16.0576581954956 -15.9027173519135 -15.8317763805389 -15.6988348960876 -15.6398944854736 -15.6549530029297 -15.6960127353668 -15.7141387462616 -15.7193336486816 -15.7025282382965 -15.6577224731445 -15.5989170074463 -15.5401108264923 -15.4253051280975 -15.2684998512268 -15.0916945934296 -14.9008893966675 -14.7240834236145 -14.5232779979706 -14.2172603607178 -13.9520316123962 -13.7748019695282 -13.6855733394623
