data/spatiotemp/temp1/bio6_norsw_test_2003_2006.asc
NCOLS 654 
NROWS 380 
XLLCORNER 3.91666666666667 
YLLCORNER 55.3333333333333 
CELLSIZE 0.0416666666666666 
NODATA_value -9999 
[rows 286 to 307 of 380, columns 240 to 287 of 654]
-6.58414244651794 -6.6473902463913 -6.75863790512085 -7.02888572216034 -7.44113314151764 -7.76338064670563 -7.8206285238266 -7.87287604808807 -7.94551837444305 -7.99955475330353 -7.99859142303467 -7.9396276473999 -7.93566417694092 -7.99970066547394 -8.0097371339798 -8.07477378845215 -8.13280999660492 -8.20984649658203 -8.19688320159912 -8.14191961288452 -8.0894627571106 -7.97651243209839 -7.95956206321716 -7.99961197376251 -8.02266144752502 -8.03071165084839 -8.03476119041443 -8.03681087493896 -8.00986075401306 -8.00591027736664 -8.00695991516113 -8.01400995254517 -8.03282523155212 -8.09940624237061 -8.12698721885681 -8.17756843566895 -8.21614933013916 -8.2427304983139 -8.27731156349182 -8.26589250564575 -8.19947338104248 -8.13705456256866 -8.0776355266571 -8.08521664142609 -8.12674283981323 -8.17521369457245 -8.19268465042114 -8.19015574455261
-6.35955214500427 -6.39310073852539 -6.58664965629578 -6.98319792747498 -7.38374662399292 -7.63829517364502 -7.71184384822845 -7.76539242267609 -7.83437418937683 -7.85478913784027 -7.83220410346985 -7.77461910247803 -7.85703408718109 -7.87444889545441 -7.95886385440826 -7.99127852916718 -8.00369369983673 -8.01010894775391 -8.01952373981476 -7.93593835830688 -7.88424837589264 -7.88845324516296 -7.93865823745728 -7.96186304092407 -7.97506809234619 -7.99127280712128 -8.00247752666473 -7.96468222141266 -7.94888722896576 -7.951092004776 -8.00529670715332 -8.03950190544128 -8.08948957920074 -8.17226052284241 -8.1700314283371 -8.20780193805695 -8.26457285881042 -8.28234386444092 -8.2691148519516 -8.26688551902771 -8.2496565580368 -8.09042727947235 -8.0431981086731 -8.12396919727325 -8.07485258579254 -8.03384900093079 -8.12084567546844 -8.2448422908783
-6.244961977005 -6.44581139087677 -6.80766093730927 -7.1395103931427 -7.38936007022858 -7.51920962333679 -7.52905905246735 -7.66190838813782 -7.70123028755188 -7.73402345180511 -7.68481683731079 -7.68861067295074 -7.78840374946594 -7.79919731616974 -7.84899044036865 -7.86478400230408 -7.83857750892639 -7.83937096595764 -7.81216418743134 -7.80195784568787 -7.83603405952454 -7.86339449882507 -7.91075420379639 -7.90811407566071 -7.9204740524292 -7.91183412075043 -7.89619374275208 -7.87655389308929 -7.87491357326508 -7.8882737159729 -7.92463374137878 -7.96999359130859 -8.03815376758575 -8.10111463069916 -8.1270751953125 -8.15603578090668 -8.2149965763092 -8.22695708274841 -8.19391775131226 -8.18887853622437 -8.18983924388885 -8.12479972839355 -8.0697603225708 -8.08272135257721 -8.07396280765533 -8.03548467159271 -8.14200639724731 -8.30152869224548
-6.29937160015106 -6.75352215766907 -7.07767271995544 -7.21382296085358 -7.36597347259521 -7.42112386226654 -7.42027425765991 -7.51542472839355 -7.58208608627319 -7.59525775909424 -7.53442978858948 -7.62960183620453 -7.72477388381958 -7.73594558238983 -7.72211754322052 -7.70828926563263 -7.74646127223969 -7.69263315200806 -7.72580480575562 -7.80397701263428 -7.79682052135468 -7.81433534622192 -7.84685027599335 -7.89636516571045 -7.88688039779663 -7.85939526557922 -7.82291030883789 -7.79842531681061 -7.78394055366516 -7.81645548343658 -7.88097047805786 -7.9554854631424 -7.98481833934784 -8.01896870136261 -8.05911922454834 -8.12626945972443 -8.13242042064667 -8.14857053756714 -8.13672113418579 -8.16987180709839 -8.20102226734161 -8.20617270469666 -8.20632302761078 -8.18247354030609 -8.16907250881195 -8.14111995697021 -8.21816742420197 -8.31321489810944
-6.28178143501282 -6.85223281383514 -7.09368419647217 -7.15613555908203 -7.22658693790436 -7.28003823757172 -7.30748987197876 -7.32994103431702 -7.32394170761108 -7.27049219608307 -7.44204258918762 -7.58159303665161 -7.66714358329773 -7.66469383239746 -7.65624392032623 -7.5497944355011 -7.57134485244751 -7.61289536952972 -7.7054455280304 -7.77099597454071 -7.7486058473587 -7.75727641582489 -7.81794631481171 -7.86461651325226 -7.89928650856018 -7.84395694732666 -7.79362678527832 -7.78129696846008 -7.76696693897247 -7.82763719558716 -7.91530728340149 -7.97797751426697 -8.0154824256897 -8.03782284259796 -8.01316285133362 -8.00550317764282 -8.01284372806549 -8.02818405628204 -8.08752429485321 -8.12086462974548 -8.15620517730713 -8.17454564571381 -8.16988563537598 -8.14922595024109 -8.15318250656128 -8.19375550746918 -8.22932815551758 -8.24390089511871
-6.09519112110138 -6.49994325637817 -6.87669587135315 -7.05144786834717 -7.09020042419434 -7.12795269489288 -7.0667051076889 -6.93845725059509 -6.80279791355133 -6.82272660732269 -7.1286553144455 -7.4525842666626 -7.52551305294037 -7.58044171333313 -7.59337079524994 -7.53729963302612 -7.51322829723358 -7.63315725326538 -7.670086145401 -7.67401492595673 -7.69139218330383 -7.70421719551086 -7.79004263877869 -7.85586762428284 -7.90169286727905 -7.8995178937912 -7.88834309577942 -7.88416838645935 -7.83799362182617 -7.86481916904449 -7.90864431858063 -7.92846930027008 -7.95014715194702 -7.97867715358734 -7.95220720767975 -7.94573736190796 -7.96826732158661 -7.99279737472534 -8.05032777786255 -8.10285782814026 -8.08838784694672 -8.05291795730591 -8.04744791984558 -8.10097801685333 -8.16129219532013 -8.22039091587067 -8.23448896408081 -8.19158756732941
-5.91860091686249 -6.13465392589569 -6.64470732212067 -6.99576079845428 -7.09481382369995 -7.0578670501709 -6.92492043972015 -6.61397349834442 -6.4046539068222 -6.55196106433868 -6.87926840782166 -7.26857566833496 -7.42088270187378 -7.49419021606445 -7.49749779701233 -7.55880486965179 -7.62211179733276 -7.66941952705383 -7.69072675704956 -7.72903406620026 -7.81417775154114 -7.80415821075439 -7.83913850784302 -7.85511898994446 -7.83709943294525 -7.85007965564728 -7.89305949211121 -7.91103994846344 -7.92602026462555 -7.95900058746338 -8.01298069953918 -8.00796115398407 -7.99481129646301 -7.99353110790253 -7.95925116539001 -7.9729710817337 -8.03169095516205 -8.03541088104248 -8.08313083648682 -8.11385083198547 -8.14057075977325 -8.08629047870636 -8.04601049423218 -8.09173047542572 -8.1074024438858 -8.10002613067627 -8.13464999198914 -8.15427398681641
-5.89501047134399 -6.06936478614807 -6.52171874046326 -6.97807288169861 -7.14542698860168 -7.16178143024445 -7.05413556098938 -6.77448987960815 -6.59950959682465 -6.77419543266296 -7.0628809928894 -7.25056684017181 -7.33225274085999 -7.48093855381012 -7.50362420082092 -7.53031003475189 -7.67599594593048 -7.67768144607544 -7.72336733341217 -7.80105304718018 -7.8359637260437 -7.8180992603302 -7.79723453521729 -7.83237028121948 -7.81950545310974 -7.82764089107513 -7.89977622032166 -7.94591152667999 -7.95204699039459 -7.94918251037598 -7.96331787109375 -7.95745325088501 -7.95347595214844 -7.94938516616821 -7.94029533863068 -7.95820486545563 -7.96711444854736 -7.98402428627014 -8.00393390655518 -8.03384375572205 -8.0457535982132 -8.02266335487366 -8.02457296848297 -8.03448283672333 -8.0265120267868 -8.05366158485413 -8.087810754776 -8.10896015167236
-5.98542022705078 -6.15707540512085 -6.62873041629791 -6.99038565158844 -7.18104076385498 -7.19269585609436 -7.13535070419312 -7.06300592422485 -7.11336541175842 -7.26342964172363 -7.34849381446838 -7.38555824756622 -7.44162249565125 -7.44568657875061 -7.496750831604 -7.52281534671783 -7.6338791847229 -7.63594353199005 -7.69000792503357 -7.71707201004028 -7.74374949932098 -7.73404002189636 -7.73133027553558 -7.76362097263336 -7.7839115858078 -7.82920241355896 -7.84249269962311 -7.89178287982941 -7.92007350921631 -7.88836407661438 -7.90865445137024 -7.87994515895844 -7.89514005184174 -7.91623961925507 -7.89433932304382 -7.89843893051147 -7.892538189888 -7.91463792324066 -7.91773724555969 -7.93283689022064 -7.94693660736084 -7.99603593349457 -8.00313532352448 -8.00123512744904 -7.98762214183807 -8.00629711151123 -7.99097192287445 -8.0396466255188
-6.24982988834381 -6.51778590679169 -6.85274195671082 -7.0306978225708 -7.14465415477753 -7.19261026382446 -7.22356593608856 -7.20852196216583 -7.2372213602066 -7.27866435050964 -7.27210688591003 -7.28254961967468 -7.22599232196808 -7.24543499946594 -7.3108776807785 -7.50132060050964 -7.64276337623596 -7.65520596504211 -7.68364858627319 -7.68909120559692 -7.66553544998169 -7.6549813747406 -7.64842641353607 -7.6798722743988 -7.65931785106659 -7.70876359939575 -7.77120912075043 -7.85765445232391 -7.92910015583038 -7.90354585647583 -7.82799136638641 -7.81643688678741 -7.8128045797348 -7.84809398651123 -7.838383436203 -7.82867252826691 -7.82496201992035 -7.83125126361847 -7.83654069900513 -7.86982989311218 -7.91111946105957 -7.94540870189667 -7.94169795513153 -7.95098745822906 -7.96373224258423 -7.94993257522583 -7.96913278102875 -8.04133296012878
-6.68723964691162 -6.84449672698975 -6.94075357913971 -7.01301050186157 -7.1022675037384 -7.19252467155457 -7.23678123950958 -7.23803818225861 -7.23107707500458 -7.19289827346802 -7.0727196931839 -6.77854096889496 -6.59736239910126 -6.67618334293365 -7.04300439357758 -7.44882559776306 -7.62664699554443 -7.68146800994873 -7.68628931045532 -7.63811039924622 -7.62932157516479 -7.57592213153839 -7.51852262020111 -7.4921236038208 -7.55072402954102 -7.64732480049133 -7.72592532634735 -7.830526471138 -7.90712690353394 -7.84872770309448 -7.80132806301117 -7.82492923736572 -7.78146874904633 -7.77494812011719 -7.73242747783661 -7.71890616416931 -7.69238555431366 -7.7418646812439 -7.76134407520294 -7.77782297134399 -7.78830218315125 -7.81878113746643 -7.84126055240631 -7.88873958587646 -7.90984201431274 -7.92756772041321 -7.97029364109039 -8.0150191783905
-6.88764941692352 -6.93320751190186 -6.97476506233215 -6.97132289409637 -7.06088078022003 -7.16343867778778 -7.20899653434753 -7.23155426979065 -7.21693301200867 -7.17813277244568 -7.06933236122131 -6.73653221130371 -6.57273197174072 -6.52293121814728 -6.97613131999969 -7.48033058643341 -7.65353047847748 -7.69973039627075 -7.64792990684509 -7.5761296749115 -7.46910727024078 -7.29386270046234 -7.15961861610413 -7.00437462329865 -7.13413023948669 -7.48088586330414 -7.72464179992676 -7.78839766979218 -7.82115340232849 -7.74990916252136 -7.78166508674622 -7.78042078018188 -7.76513302326202 -7.68080222606659 -7.67247092723846 -7.62114012241364 -7.60380899906158 -7.6254780292511 -7.66714715957642 -7.69881629943848 -7.71548497676849 -7.76615405082703 -7.78182303905487 -7.80049192905426 -7.81795227527618 -7.85920321941376 -7.9284542798996 -8.00770568847656
-6.8983473777771 -6.93068063259125 -6.94401395320892 -6.9943470954895 -7.0616809129715 -7.121013879776 -7.1653470993042 -7.1906806230545 -7.19964683055878 -7.15324568748474 -7.13984477519989 -7.13144373893738 -7.02004253864288 -6.78064155578613 -7.2652405500412 -7.51383948326111 -7.58243846893311 -7.63603758811951 -7.51063644886017 -7.31423532962799 -7.10935473442078 -6.73699498176575 -6.54163491725922 -6.53727495670319 -6.79491519927979 -7.40355515480042 -7.71319496631622 -7.7818351984024 -7.76947522163391 -7.7131153345108 -7.69875526428223 -7.71639513969421 -7.66091823577881 -7.61532354354858 -7.58772945404053 -7.55713510513306 -7.5755410194397 -7.56394636631012 -7.57635223865509 -7.63275790214539 -7.66416347026825 -7.67156934738159 -7.68297481536865 -7.71238052845001 -7.71561503410339 -7.76367807388306 -7.82474112510681 -7.9198043346405
-6.90933334827423 -6.87091660499573 -6.9504998922348 -7.02808344364166 -7.02466666698456 -7.08125007152557 -7.10083341598511 -7.09541666507721 -7.09921777248383 -7.09323704242706 -7.15125608444214 -7.23827505111694 -7.24729430675507 -7.18831348419189 -7.37733256816864 -7.4523514509201 -7.34237086772919 -7.2693897485733 -6.92640900611877 -6.59942817687988 -6.54806458950043 -6.48631775379181 -6.37357127666473 -6.54482436180115 -7.07607817649841 -7.55633163452148 -7.68558526039124 -7.68883872032166 -7.67809200286865 -7.6863454580307 -7.67559909820557 -7.64685249328613 -7.62382376194 -7.57251298427582 -7.59420216083527 -7.56289148330688 -7.52758073806763 -7.51926982402802 -7.51395893096924 -7.55164837837219 -7.59133756160736 -7.61302673816681 -7.62371623516083 -7.63940513134003 -7.64683079719543 -7.66099226474762 -7.71115386486053 -7.78731501102448
-6.89031946659088 -6.87715268135071 -6.93198621273041 -6.9838193655014 -7.02165269851685 -7.05248618125916 -7.05431938171387 -7.02015292644501 -6.96678948402405 -7.0512284040451 -7.08966779708862 -7.26310682296753 -7.34754610061646 -7.30798530578613 -7.30342447757721 -7.17986381053925 -6.91130292415619 -6.59474217891693 -6.32418167591095 -6.22562074661255 -6.24577391147614 -6.28264093399048 -6.32150745391846 -6.55337452888489 -7.17724120616913 -7.57910859584808 -7.60797536373138 -7.60884213447571 -7.62270903587341 -7.63257598876953 -7.60444271564484 -7.56430959701538 -7.52872955799103 -7.53070211410522 -7.50967514514923 -7.48264813423157 -7.4786205291748 -7.47759342193604 -7.516566157341 -7.52253890037537 -7.53451180458069 -7.57148468494415 -7.60445737838745 -7.62043023109436 -7.63304662704468 -7.61430633068085 -7.55256628990173 -7.57082605361938
-6.86630582809448 -6.87438917160034 -6.91447257995605 -6.95655560493469 -7.00763893127441 -7.00572228431702 -6.97880601882935 -6.92388904094696 -7.06336033344269 -7.14321970939636 -7.17907893657684 -7.21093833446503 -7.26679766178131 -7.23165702819824 -7.10951697826385 -6.60437595844269 -6.29623532295227 -6.1470947265625 -6.13095426559448 -6.15981364250183 -6.19548332691193 -6.2369636297226 -6.43244397640228 -6.89292430877686 -7.38940465450287 -7.57288503646851 -7.61236536502838 -7.59784579277039 -7.5983259677887 -7.54680621623993 -7.49628639221191 -7.48176693916321 -7.4826352596283 -7.46089148521423 -7.41714775562286 -7.40440440177917 -7.40766048431396 -7.42691719532013 -7.48517322540283 -7.51842951774597 -7.53268599510193 -7.55094242095947 -7.59619867801666 -7.5814551115036 -7.54726254940033 -7.56562066078186 -7.48197901248932 -7.34233725070953
-6.76329183578491 -6.85862493515015 -6.91895866394043 -6.92929172515869 -6.95562505722046 -6.99995851516724 -7.04429173469543 -7.04462516307831 -7.14093160629272 -7.2172110080719 -7.30149078369141 -7.19976997375488 -7.16804945468903 -7.10532915592194 -6.91960859298706 -6.36088812351227 -6.0591676235199 -6.03544723987579 -6.10472679138184 -6.15400624275208 -6.20019280910492 -6.2462865114212 -6.4023802280426 -6.77047395706177 -7.15056788921356 -7.30566167831421 -7.49875521659851 -7.49484896659851 -7.42794275283813 -7.39603662490845 -7.36813020706177 -7.38222396373749 -7.4085408449173 -7.39308071136475 -7.33762061595917 -7.37216091156006 -7.38170063495636 -7.39524054527283 -7.41578042507172 -7.44832026958466 -7.45186030864716 -7.46540021896362 -7.51894021034241 -7.53147971630096 -7.53147828578949 -7.50893497467041 -7.4793918132782 -7.44384825229645
-6.78327810764313 -6.88186132907867 -6.92444443702698 -6.94902801513672 -7.00061118602753 -7.04719471931458 -7.12277817726135 -7.16936123371124 -7.18950283527374 -7.26320230960846 -7.26190209388733 -7.18560194969177 -7.18430113792419 -7.03600108623505 -6.90070068836212 -6.31440043449402 -6.03709971904755 -6.02679979801178 -6.09049904346466 -6.14319896697998 -6.1939023733139 -6.23360955715179 -6.29631674289703 -6.46302402019501 -6.73173093795776 -7.09943830966949 -7.45114529132843 -7.53685259819031 -7.53355956077576 -7.52526676654816 -7.49997413158417 -7.48668122291565 -7.44644641876221 -7.39527022838593 -7.38309383392334 -7.35791683197021 -7.34174036979675 -7.31556391716003 -7.29938757419586 -7.24521100521088 -7.14903438091278 -7.15985786914825 -7.209681391716 -7.29050481319427 -7.36069393157959 -7.41924905776978 -7.45480406284332 -7.48535931110382
-6.80226397514343 -6.87409734725952 -6.9459308385849 -7.00376427173615 -7.06759762763977 -7.11843073368073 -7.17726397514343 -7.18009757995605 -7.17907392978668 -7.16419363021851 -7.16331362724304 -7.09343338012695 -6.84855306148529 -6.58967292308807 -6.41979265213013 -6.11791229248047 -5.99503231048584 -6.01315188407898 -6.10427188873291 -6.30039179325104 -6.62261176109314 -6.82393229007721 -6.84225308895111 -6.93257355690002 -7.09789419174194 -7.3732146024704 -7.55553531646729 -7.59685587882996 -7.61817646026611 -7.63849711418152 -7.63481760025024 -7.57813847064972 -7.52535235881805 -7.43245935440063 -7.37256610393524 -7.32567358016968 -7.29478061199188 -7.2198873758316 -7.1979945898056 -7.16810154914856 -7.09420871734619 -7.16331577301025 -7.21942269802094 -7.28952980041504 -7.35890996456146 -7.44856357574463 -7.5262166261673 -7.57087004184723
-6.84525001049042 -6.95133352279663 -7.02641677856445 -7.09050023555756 -7.14458358287811 -7.19066691398621 -7.21475028991699 -7.23083341121674 -7.32564496994019 -7.37318503856659 -7.1927250623703 -6.84026503562927 -6.35580515861511 -6.06134486198425 -5.96188461780548 -5.96042460203171 -5.98496443033218 -6.04550445079803 -6.32404458522797 -6.81158423423767 -7.23932123184204 -7.45925498008728 -7.47018909454346 -7.57412338256836 -7.67505753040314 -7.69899141788483 -7.73192548751831 -7.68485951423645 -7.63179337978363 -7.6137273311615 -7.59066152572632 -7.57959568500519 -7.50425791740417 -7.42464852333069 -7.32903921604156 -7.27042984962463 -7.26282048225403 -7.2392110824585 -7.23260152339935 -7.21399223804474 -7.15838265419006 -7.19177353382111 -7.29616415500641 -7.38955461978912 -7.49012577533722 -7.55087757110596 -7.62162959575653 -7.67338109016418
-6.95623636245728 -7.03456950187683 -7.12190318107605 -7.14923632144928 -7.17956972122192 -7.19290292263031 -7.24823617935181 -7.34656965732574 -7.36021625995636 -7.28317630290985 -6.94813680648804 -6.42809665203094 -6.01205670833588 -5.93501687049866 -5.94297659397125 -5.97393679618835 -6.02589690685272 -6.1608567237854 -6.71781706809998 -7.26577711105347 -7.41403067111969 -7.45457792282104 -7.48412549495697 -7.61967301368713 -7.73822057247162 -7.75376784801483 -7.72031545639038 -7.7018631696701 -7.64941012859344 -7.58895778656006 -7.57750523090363 -7.56905293464661 -7.4961633682251 -7.42883765697479 -7.35751187801361 -7.31018602848053 -7.31586050987244 -7.32853436470032 -7.34120881557465 -7.32188284397125 -7.26255702972412 -7.20023131370544 -7.28390550613403 -7.39057958126068 -7.46834194660187 -7.52619183063507 -7.58504199981689 -7.63589239120483
-7.01722240447998 -7.04180574417114 -7.12238919734955 -7.18297255039215 -7.21755588054657 -7.22013914585114 -7.28772258758545 -7.3143059015274 -7.27778780460358 -7.03316783905029 -6.54054796695709 -6.06792807579041 -5.94030833244324 -5.94468855857849 -5.95706886053085 -6.02444899082184 -6.07682907581329 -6.49020934104919 -7.16758954524994 -7.38296973705292 -7.39574003219604 -7.43290090560913 -7.43706214427948 -7.55622279644012 -7.70438361167908 -7.75354421138763 -7.69470572471619 -7.6708664894104 -7.66902720928192 -7.62918829917908 -7.59534919261932 -7.55951011180878 -7.52906942367554 -7.48702692985535 -7.44998502731323 -7.43894243240356 -7.41090023517609 -7.39885795116425 -7.41881573200226 -7.45077323913574 -7.39673101902008 -7.33268892765045 -7.34464657306671 -7.37760472297668 -7.40755760669708 -7.46050620079041 -7.50945472717285 -7.56540298461914
