data/spatiotemp/temp1/bio7_norsw_test_2003_2006.asc
NCOLS 654 
NROWS 380 
XLLCORNER 3.91666666666667 
YLLCORNER 55.3333333333333 
CELLSIZE 0.0416666666666666 
NODATA_value -9999 
[rows 198 to 219 of 380, columns 450 to 499 of 654]
37.0921125411987 37.2078924179077 37.3413095474243 37.4623603820801 37.4664106369019 37.5814619064331 37.7015132904053 37.6915636062622 37.5126152038574 37.3791246414185 37.43092918396 37.5217313766479 37.5778198242188 37.7098693847656 37.7922258377075 37.7168874740601 37.6571702957153 37.6655406951904 37.7059087753296 37.8572797775269 37.8306503295898 37.669020652771 37.6113910675049 37.6077613830566 37.7111310958862 37.6735019683838 37.7013263702393 37.7456035614014 37.7608842849731 37.7361621856689 37.7424421310425 37.8047180175781 37.8619966506958 37.8262748718262 37.8435516357422 37.8638315200806 37.8581104278564 37.864387512207 37.9129676818848 38.0478448867798 38.0957221984863 38.0766019821167 38.0454797744751 37.9373569488525 37.8702344894409 37.8581113815308 37.9119892120361 37.9688682556152 37.9587450027466 37.8606262207031
37.0829801559448 37.2617464065552 37.4009799957275 37.4716806411743 37.5853805541992 37.7020788192749 37.7047777175903 37.5664749145508 37.4863548278809 37.3805646896362 37.4827747344971 37.5949831008911 37.5461912155151 37.5416717529297 37.6506004333496 37.6247587203979 37.5709180831909 37.6325845718384 37.6704664230347 37.7943420410156 37.7882223129272 37.7181043624878 37.6719837188721 37.6758623123169 37.703742980957 37.738621711731 37.7407388687134 37.7500925064087 37.6984453201294 37.7087993621826 37.7271528244019 37.7765054702759 37.8258600234985 37.9882164001465 38.0455675125122 37.8549203872681 37.8132762908936 37.8836288452148 37.9973649978638 38.066478729248 38.0555925369263 38.0907077789307 38.14182472229 38.0229406356812 37.8740549087524 37.8411693572998 37.8662843704224 37.9244003295898 37.9965162277222 37.9686298370361
37.2358465194702 37.2336025238037 37.2896509170532 37.5459985733032 37.7753458023071 37.7826948165894 37.6930418014526 37.4973878860474 37.3943891525269 37.3120050430298 37.3466215133667 37.4992351531982 37.5188503265381 37.4734630584717 37.4904651641846 37.470853805542 37.4222431182861 37.4846324920654 37.5490198135376 37.6374092102051 37.7517967224121 37.7851886749268 37.7945766448975 37.7769651412964 37.7493534088135 37.7407417297363 37.8121519088745 37.8075799942017 37.7220087051392 37.6764392852783 37.6568660736084 37.7972946166992 37.873724937439 37.927152633667 37.9365825653076 37.8910131454468 37.9084396362305 37.9518690109253 38.087760925293 38.1651124954224 38.0614643096924 37.98681640625 38.0121688842773 38.0545225143433 38.0548753738403 37.9912271499634 37.8885803222656 37.9049320220947 37.8652839660645 37.8986368179321
37.2047119140625 37.0974550247192 37.1313238143921 37.345326423645 37.6133489608765 37.6223669052124 37.4993877410889 37.40540599823 37.4014272689819 37.3754472732544 37.3934640884399 37.6444835662842 37.6515026092529 37.5045232772827 37.5159845352173 37.5408811569214 37.5667819976807 37.5346784591675 37.5345773696899 37.6911191940308 37.7442712783813 37.6154251098633 37.7821702957153 37.8280687332153 37.7499628067017 37.7968654632568 37.8495645523071 37.8420686721802 37.8155698776245 37.778076171875 37.7545776367188 37.8810834884644 37.9425868988037 37.9510927200317 37.9315967559814 37.9211015701294 37.9546060562134 38.053111076355 38.1881551742554 38.2037477493286 37.9893360137939 37.9159240722656 37.974515914917 38.0441055297852 38.1016941070557 38.0262842178345 37.9268741607666 37.9504652023315 37.7940511703491 37.7396430969238
37.0534830093384 37.0377616882324 37.0173139572144 37.06223487854 37.2332277297974 37.3562164306641 37.4182081222534 37.3821964263916 37.3121900558472 37.3471803665161 37.4331722259521 37.5801601409912 37.5941514968872 37.5171451568604 37.5615968704224 37.5495166778564 37.483434677124 37.5153532028198 37.587272644043 37.7118291854858 37.7581081390381 37.6190271377563 37.6679449081421 37.6938629150391 37.7377815246582 37.8116998672485 37.8404321670532 37.7839727401733 37.7835130691528 37.7970561981201 37.8295965194702 37.865138053894 37.9486808776855 37.9482221603394 38.0507650375366 37.9743051528931 38.0378465652466 38.0323896408081 38.0578680038452 38.0162811279297 37.9586944580078 37.9471101760864 37.9675226211548 37.9819412231445 38.0263547897339 38.0037679672241 37.9101819992065 37.8745965957642 37.934009552002 38.0084266662598
36.9941577911377 37.0495233535767 37.1215143203735 37.1590414047241 37.2515707015991 37.4090957641602 37.4986248016357 37.5201530456543 37.4336795806885 37.4512071609497 37.5587358474731 37.5832624435425 37.5897912979126 37.5473194122314 37.5093078613281 37.563756942749 37.6542062759399 37.65065574646 37.6211061477661 37.5575551986694 37.684006690979 37.7334537506104 37.6939058303833 37.7593555450439 37.7258043289185 37.7532529830933 37.6747484207153 37.659291267395 37.7818336486816 37.8473749160767 37.8409156799316 37.8434572219849 37.8509998321533 37.7575407028198 38.0120830535889 38.10462474823 38.1041660308838 37.9667091369629 37.9278917312622 37.9897174835205 38.0475454330444 38.0563716888428 38.0271978378296 37.9510231018066 37.9028511047363 37.899676322937 37.9345045089722 37.9493284225464 37.8901567459106 37.9439840316772
36.977970123291 37.028489112854 37.1277847290039 37.2108469009399 37.3469123840332 37.4779758453369 37.580041885376 37.5541048049927 37.4121713638306 37.4412364959717 37.5752992630005 37.5983638763428 37.6014289855957 37.5654954910278 37.5230188369751 37.604998588562 37.6929798126221 37.6859579086304 37.6369409561157 37.6179218292236 37.6629018783569 37.7688827514648 37.8388643264771 37.8138465881348 37.7298278808594 37.7468090057373 37.7750682830811 37.8736114501953 37.9541530609131 37.9596948623657 37.8962364196777 37.8637771606445 37.8103199005127 37.7878589630127 37.9604024887085 38.0699443817139 38.0094861984253 37.9760265350342 38.0599184036255 38.0691566467285 38.0923938751221 38.0986337661743 38.1058712005615 38.0581092834473 37.9523487091064 37.9145860671997 37.915825843811 37.942063331604 38.0003042221069 37.9755401611328
37.2983741760254 37.2769556045532 37.2130498886108 37.320652961731 37.4912557601929 37.4918556213379 37.5354585647583 37.491060256958 37.4616622924805 37.3972625732422 37.4588651657104 37.5754680633545 37.6310691833496 37.6006689071655 37.6467275619507 37.666241645813 37.6707525253296 37.6792640686035 37.6807765960693 37.7212886810303 37.634801864624 37.7263126373291 37.9608249664307 37.9473371505737 37.8528499603271 37.9243593215942 38.0033864974976 37.9609298706055 37.9584722518921 37.917013168335 37.9465551376343 37.8800964355469 37.8046379089355 37.7781801223755 37.9317207336426 38.0452642440796 38.0558052062988 38.127347946167 38.1479444503784 38.1455945968628 38.0922470092773 38.0668954849243 38.0875473022461 38.1201963424683 38.0438470840454 37.9394960403442 37.9281482696533 37.9567985534668 38.0514488220215 38.0451002120972
37.364185333252 37.3478107452393 37.2613210678101 37.2514591217041 37.3655977249146 37.5087366104126 37.6058750152588 37.5630149841309 37.5411539077759 37.4862909317017 37.3464307785034 37.301570892334 37.4487085342407 37.5458469390869 37.6184377670288 37.6014814376831 37.6655244827271 37.7125654220581 37.7386102676392 37.7746534347534 37.66969871521 37.695743560791 37.9387855529785 37.8818292617798 37.8038730621338 37.8479166030884 37.8797092437744 37.9162502288818 37.8567924499512 37.8183345794678 37.8128747940063 37.8074159622192 37.8329591751099 37.8504991531372 37.967041015625 38.1265840530396 38.1281251907349 38.0926675796509 38.1419696807861 38.1280307769775 38.092095375061 38.043155670166 38.1372175216675 38.1262807846069 38.0113458633423 37.8954067230225 37.9144697189331 38.0685319900513 38.2185945510864 38.1886568069458
37.2128601074219 37.2505750656128 37.2215871810913 37.2212629318237 37.3019390106201 37.4656143188477 37.6522932052612 37.7749691009521 37.8606433868408 37.7233200073242 37.4419946670532 37.3006706237793 37.4393482208252 37.5390214920044 37.5821485519409 37.6567239761353 37.6842966079712 37.6758718490601 37.7154455184937 37.7580194473267 37.7245960235596 37.7601709365845 37.8327436447144 37.8443183898926 37.8158931732178 37.8374700546265 37.845027923584 37.8575706481934 37.8741111755371 37.8346529006958 37.7791938781738 37.8087377548218 37.9272775650024 37.9528198242188 38.0413618087769 38.1269016265869 38.2024450302124 38.1999864578247 38.1309938430786 38.1524686813354 38.0819444656372 38.0874176025391 38.1738929748535 38.0933666229248 37.9738426208496 37.9263162612915 38.0157909393311 38.2062664031982 38.3227415084839 38.1852159500122
37.2575883865356 37.237361907959 37.1988563537598 37.2250699996948 37.2452821731567 37.353494644165 37.5017080307007 37.6899213790894 37.7711334228516 37.6173486709595 37.5135593414307 37.4237728118896 37.4689846038818 37.4871988296509 37.5858583450317 37.74196434021 37.6940689086914 37.5811767578125 37.6182813644409 37.6813879013062 37.7274923324585 37.7285995483398 37.7587051391602 37.8328113555908 37.7949161529541 37.7760219573975 37.796347618103 37.7508878707886 37.775429725647 37.8189716339111 37.862512588501 37.9240550994873 37.9645986557007 37.9241399765015 37.9826822280884 38.0022230148315 38.0407638549805 38.0383052825928 38.0370197296143 38.123908996582 38.1117925643921 38.1776790618896 38.2035655975342 38.0654544830322 37.9623394012451 37.9232263565063 37.9651126861572 38.1500005722046 38.2368860244751 38.1017723083496
37.222993850708 37.1358308792114 37.1421241760254 37.1318740844727 37.1346235275269 37.2193737030029 37.405125617981 37.4838743209839 37.4716234207153 37.4893741607666 37.4601249694824 37.4268741607666 37.4676246643066 37.4983749389648 37.6255664825439 37.6922025680542 37.6118412017822 37.5004796981812 37.5701169967651 37.6187543869019 37.6953897476196 37.6540279388428 37.6616659164429 37.7643013000488 37.7299404144287 37.7095794677734 37.6916656494141 37.7062082290649 37.7397508621216 37.8392934799194 37.8688354492188 37.8863744735718 37.9059162139893 37.9284582138062 37.92799949646 37.9025411605835 37.873083114624 37.8946237564087 37.9340448379517 38.0283451080322 38.1886434555054 38.2269430160522 38.1842412948608 38.0975389480591 37.9588384628296 37.8731365203857 37.802433013916 37.9737329483032 38.1660299301147 38.0953302383423
37.0663967132568 37.0402975082397 37.1013927459717 37.1716785430908 37.1829662322998 37.2662534713745 37.3995409011841 37.5118274688721 37.5051126480103 37.5254020690918 37.4516887664795 37.5199766159058 37.6342620849609 37.6015501022339 37.5742769241333 37.5434455871582 37.4366149902344 37.4257841110229 37.5069513320923 37.6341199874878 37.6652879714966 37.6054573059082 37.583625793457 37.6197919845581 37.6209630966187 37.6241321563721 37.6559867858887 37.7365283966064 37.8220691680908 37.7716131210327 37.6631546020508 37.6876945495605 37.7192354202271 37.8427791595459 37.8803195953369 37.8758611679077 37.8074026107788 37.8889436721802 37.9150695800781 37.9277820587158 38.0704917907715 38.1372041702271 38.1209154129028 37.9656257629395 37.8913345336914 37.8060464859009 37.8147573471069 37.9794664382935 38.172176361084 38.1668891906738
37.0968008041382 37.0627679824829 37.0676641464233 37.1564874649048 37.2473115921021 37.2851333618164 37.286958694458 37.3477821350098 37.3086061477661 37.3444299697876 37.4682512283325 37.5550775527954 37.6569032669067 37.5847263336182 37.4439868927002 37.380687713623 37.3553895950317 37.3510866165161 37.4677886962891 37.5294857025146 37.5471849441528 37.5298862457275 37.4325857162476 37.4682855606079 37.4089860916138 37.4876861572266 37.5923051834106 37.7038469314575 37.6603889465332 37.5789308547974 37.5734710693359 37.6560134887695 37.6775560379028 37.7660980224609 37.8236389160156 37.8861808776855 37.8267230987549 37.842264175415 37.741096496582 37.7782182693481 37.8883428573608 37.9484634399414 37.9565877914429 37.8717107772827 37.9228324890137 37.996955871582 37.8810777664185 38.0271997451782 38.1743230819702 38.1844472885132
37.0302066802979 37.0362358093262 37.0159301757812 37.0642929077148 37.1206531524658 37.2150135040283 37.2073755264282 37.1967372894287 37.149097442627 37.123459815979 37.3098182678223 37.3151807785034 37.3275413513184 37.3209018707275 37.2916975021362 37.3059282302856 37.2811613082886 37.2673921585083 37.2876214981079 37.3878545761108 37.4750852584839 37.5313138961792 37.4215450286865 37.3297777175903 37.3230075836182 37.2352390289307 37.3766260147095 37.5061674118042 37.5187091827393 37.5132513046265 37.5507898330688 37.7043361663818 37.8108749389648 37.8144187927246 37.8199596405029 37.8465013504028 37.7110433578491 37.5825824737549 37.5861206054688 37.6556549072266 37.7451906204224 37.8587255477905 37.8302593231201 37.7647943496704 37.8033304214478 37.9808645248413 38.0773992538452 38.1119318008423 38.2024698257446 38.1850023269653
36.9716100692749 36.9997043609619 37.0472011566162 37.1560974121094 37.1879949569702 37.2438936233521 37.1977920532227 37.1256895065308 37.1055870056152 37.0934839248657 37.1333847045898 37.2032823562622 37.1941804885864 37.1870784759521 37.1684064865112 37.2611694335938 37.304931640625 37.1496925354004 37.0454559326172 37.1322212219238 37.1519832611084 37.2397432327271 37.3525075912476 37.3242683410645 37.3190298080444 37.3247928619385 37.3999462127686 37.4574861526489 37.5210275650024 37.4615707397461 37.5641117095947 37.7226524353027 37.8431930541992 37.7677354812622 37.6642789840698 37.6528186798096 37.5963611602783 37.4529008865356 37.4941473007202 37.5770950317383 37.7480392456055 37.9789886474609 37.9459342956543 37.7808818817139 37.7378282546997 37.8647756576538 38.0277194976807 38.1576700210571 38.2606143951416 38.1995630264282
36.7975735664368 36.8967981338501 37.1608591079712 37.3787565231323 37.3296546936035 37.2735528945923 37.1384506225586 37.0853500366211 37.1542472839355 37.1481466293335 37.1170434951782 37.0879421234131 37.167839050293 37.1807374954224 37.1015214920044 37.1881885528564 37.2768573760986 37.1895246505737 37.0441923141479 37.0848617553711 37.1285285949707 37.1301956176758 37.2788639068604 37.3155326843262 37.4051990509033 37.3758668899536 37.4404697418213 37.5650081634521 37.6395502090454 37.5890893936157 37.6916255950928 37.7541646957397 37.736704826355 37.5112428665161 37.542781829834 37.6693201065063 37.6678590774536 37.5773963928223 37.4964399337769 37.5849866867065 37.6875352859497 37.9050827026367 38.0286293029785 37.9421787261963 37.816725730896 37.7882738113403 37.8978214263916 37.8623676300049 38.0019149780273 38.006462097168
36.8150939941406 36.9485168457031 37.0699100494385 37.2032718658447 37.2076330184937 37.1519937515259 37.0783557891846 37.0707149505615 37.064076423645 37.0994367599487 37.0687980651855 37.0201597213745 37.0355195999146 37.0498819351196 37.0060348510742 36.9839839935303 36.9749307632446 36.9708805084229 36.9878273010254 37.0597772598267 37.0717258453369 37.1406717300415 37.1756200790405 37.2155694961548 37.3685159683228 37.3494644165039 37.3452033996582 37.5137357711792 37.4532699584961 37.4968042373657 37.6033372879028 37.4688701629639 37.5434036254883 37.3799352645874 37.4204683303833 37.5360012054443 37.6265335083008 37.7120656967163 37.5850019454956 37.6513376235962 37.7736749649048 37.9070119857788 37.8833503723145 37.8146848678589 37.7460241317749 37.8083600997925 37.8806982040405 37.7780342102051 37.7023677825928 37.8387069702148
36.9296159744263 37.1012372970581 37.0979604721069 37.0757846832275 37.0246095657349 37.0274324417114 37.02525806427 36.959080696106 36.9009056091309 36.9497299194336 37.0275545120239 36.9673767089844 36.9302005767822 36.8310241699219 36.7435507774353 36.748779296875 36.8540077209473 36.9152345657349 36.9804611206055 37.0286893844604 37.045919418335 37.0791482925415 37.2483768463135 37.3306035995483 37.3398332595825 37.36305809021 37.4359378814697 37.4814653396606 37.4629926681519 37.4795188903809 37.4990472793579 37.3685731887817 37.4111003875732 37.3716287612915 37.486156463623 37.5376815795898 37.6652088165283 37.6847352981567 37.5365619659424 37.5596904754639 37.5528154373169 37.6469411849976 37.7390661239624 37.7951946258545 37.8283195495605 37.8004455566406 37.8335695266724 37.7076978683472 37.626823425293 37.852952003479
36.7741360664368 36.89195728302 36.9190139770508 37.0233001708984 37.0595855712891 36.9598731994629 36.9961585998535 37.0234470367432 36.984733581543 37.0390224456787 36.9693069458008 36.852593421936 36.8328824043274 36.7511672973633 36.6760654449463 36.7075729370117 36.8340826034546 36.8455905914307 36.9080982208252 36.8296060562134 36.8101148605347 36.8896236419678 37.004132270813 37.1286401748657 37.190146446228 37.206657409668 37.3486709594727 37.4081935882568 37.4107131958008 37.4682350158691 37.4587574005127 37.4032783508301 37.3338003158569 37.3883209228516 37.3758411407471 37.4803647994995 37.5738830566406 37.509407043457 37.4591236114502 37.5830402374268 37.6219549179077 37.5868711471558 37.6167850494385 37.6637010574341 37.650616645813 37.7215328216553 37.7724475860596 37.7693643569946 37.7292785644531 37.7641935348511
36.7776565551758 36.8026790618896 36.821063041687 36.8548135757446 36.8435640335083 36.8943128585815 36.9390630722046 36.890811920166 36.8705644607544 36.9073133468628 36.8760614395142 36.9118127822876 36.920560836792 36.9123106002808 36.8075799942017 36.7163686752319 36.7471575737 36.7549448013306 36.6897349357605 36.6725225448608 36.7273116111755 36.8690977096558 36.9708871841431 36.9376735687256 36.9584627151489 37.1052522659302 37.1354036331177 37.0789184570312 37.1384372711182 37.2879524230957 37.4004688262939 37.4129819869995 37.4064979553223 37.3840141296387 37.3565292358398 37.4250440597534 37.428560256958 37.3410758972168 37.4226875305176 37.4933910369873 37.3910970687866 37.4077987670898 37.5395040512085 37.5052108764648 37.4679155349731 37.5656185150146 37.7023248672485 37.6910285949707 37.7017335891724 37.6784400939941
36.6551795005798 36.6883993148804 36.6561145782471 36.665328502655 36.6525406837463 36.7107539176941 36.7449660301208 36.7871789932251 36.8963918685913 36.8326053619385 36.8438158035278 36.9100303649902 36.8912420272827 36.8554553985596 36.713095664978 36.6191649436951 36.5782322883606 36.6323008537292 36.5633697509766 36.5544395446777 36.6475081443787 36.8145751953125 36.9696416854858 36.8977108001709 36.9267797470093 37.0348491668701 37.1421375274658 37.0936470031738 37.0511589050293 37.1086654663086 37.1951751708984 37.320686340332 37.4991960525513 37.4227066040039 37.4062166213989 37.3177242279053 37.3872337341309 37.4097461700439 37.4432468414307 37.4607419967651 37.5202360153198 37.4787292480469 37.5352220535278 37.5917186737061 37.5972127914429 37.66370677948 37.7072019577026 37.6716947555542 37.637188911438 37.5326852798462
