data/spatiotemp/temp1/bio7_norsw_test_2003_2006.asc
NCOLS 654 
NROWS 380 
XLLCORNER 3.91666666666667 
YLLCORNER 55.3333333333333 
CELLSIZE 0.0416666666666666 
NODATA_value -9999 
[rows 286 to 307 of 380, columns 100 to 149 of 654]
29.9814805984497 29.303050994873 29.2068724632263 29.6086921691895 29.4585380554199 29.3594059944153 29.5002722740173 29.461142539978 29.9279708862305 30.300036907196 29.8971028327942 29.5476098060608 29.7564783096313 30.1773009300232 30.3483681678772 30.1874341964722 30.2851595878601 29.4155468940735 29.0481553077698 29.2970108985901 29.7657074928284 29.5000948905945 29.4434823989868 29.7418694496155 29.8282566070557 29.6016421318054 29.2170300483704 29.2054166793823 29.0978207588196 28.7292475700378 28.4886713027954 28.3940949440002 28.096519947052 27.6917204856873 27.812801361084 28.3689694404602 28.3440065383911 27.6774415969849 27.4411163330078 27.4801959991455 27.5431699752808 27.6536545753479 27.6616249084473 27.5635943412781 27.7285628318787 27.8295316696167 27.5223870277405 27.5614709854126 27.6904397010803 27.8014097213745
29.8260560035706 29.0085935592651 29.0079483985901 29.974301815033 29.4190168380737 29.547091960907 29.4611659049988 29.5642409324646 29.9373693466187 30.3627076148987 30.0740442276001 29.5145406723022 29.6256122589111 29.566689491272 29.6167640686035 29.5537281036377 29.6739768981934 29.9841389656067 29.4193000793457 29.3434610366821 29.7696237564087 29.6717848777771 29.481945514679 29.7471075057983 29.5692691802979 29.0594305992126 28.9545907974243 28.9147515296936 28.5737881660461 28.3797006607056 28.3484416007996 28.2095260620117 27.854434967041 27.6327729225159 27.6774559020996 27.8648366928101 28.3339529037476 28.1630373001099 27.5454039573669 27.2518677711487 27.3178734779358 27.3622035980225 27.3415551185608 27.4032692909241 27.3419818878174 27.695695400238 27.6554088592529 27.5341229438782 27.550835609436 27.622549533844
29.2826294898987 29.356743812561 29.2260241508484 29.5139102935791 29.4184951782227 29.4387769699097 29.5920586585999 30.1141624450684 30.3747692108154 30.4363770484924 30.2179841995239 29.778468132019 29.6657509803772 29.767032623291 29.5213141441345 29.7740240097046 30.0577945709229 30.4507322311401 30.407666683197 30.0186018943787 29.8225374221802 29.8994722366333 29.718409538269 29.8153438568115 29.4752807617188 28.9072155952454 28.7371516227722 28.8410873413086 28.6367545127869 28.2321543693542 28.0581021308899 28.1042351722717 27.7963671684265 27.432578086853 27.3385953903198 27.2776165008545 27.5786347389221 28.1173424720764 27.7957429885864 27.2525382041931 27.0885763168335 27.0983672142029 27.1511564254761 27.2939419746399 27.1914005279541 27.2328577041626 27.3443150520325 27.4437732696533 27.4232301712036 27.6176886558533
28.8362622261047 29.3629207611084 28.8231019973755 28.997519493103 28.9699730873108 29.2264642715454 29.2459516525269 29.3604397773743 29.5479302406311 30.1660470962524 30.447925567627 29.6323986053467 29.8158860206604 29.956374168396 30.0068650245667 29.9513182640076 29.7916121482849 29.981321811676 30.1870331764221 30.151743888855 30.0984511375427 29.9921631813049 29.7978730201721 29.8005838394165 29.4572920799255 28.8630027770996 28.5557126998901 28.611421585083 28.4297204017639 28.2195820808411 28.0037608146667 27.8569421768188 27.6638479232788 27.3460311889648 27.2222127914429 27.0906548500061 27.2105441093445 27.4084324836731 27.4918913841248 27.1224694252014 26.8962769508362 27.0190715789795 26.9817805290222 27.0390319824219 27.0652828216553 26.9785346984863 26.9467859268188 27.2294235229492 27.3886260986328 27.5398278236389
28.7002744674683 28.5252265930176 29.0341773033142 29.8467354774475 29.4944524765015 29.3631496429443 29.9988441467285 29.4735417366028 29.2252373695374 30.2577176094055 30.1418657302856 29.4133262634277 29.875020980835 29.987717628479 30.0104155540466 30.1666126251221 30.1054291725159 29.9989156723022 29.8553991317749 29.6758842468262 29.6093678474426 29.2438516616821 29.2883362770081 29.5108213424683 29.4143042564392 28.9887890815735 28.6592726707458 28.3937568664551 28.1496868133545 28.0521941184998 27.862446308136 27.6687922477722 27.5241370201111 27.3704833984375 27.1038284301758 26.7521743774414 26.6414065361023 26.8678965568542 26.9781379699707 26.8868780136108 26.7815370559692 26.8478288650513 26.9144048690796 26.9441161155701 26.8928294181824 26.790539264679 26.9078607559204 27.1959505081177 27.3960208892822 27.3879671096802
29.0902857780457 28.806770324707 28.5422530174255 29.0697379112244 29.9432849884033 29.5008339881897 29.975736618042 29.8086409568787 29.3945455551147 29.9763865470886 30.5008063316345 30.3202261924744 30.5626473426819 30.5820670127869 30.3604884147644 29.9589085578918 30.023247718811 29.8445072174072 29.7437644004822 29.7150235176086 29.3802814483643 29.110541343689 29.1217994689941 29.2350583076477 29.1363162994385 28.990574836731 28.7528324127197 28.4310936927795 28.1056532859802 27.9655122756958 27.739372253418 27.4669194221497 27.2944293022156 27.1639847755432 26.9454445838928 26.8409538269043 26.6672668457031 26.5023622512817 26.4754543304443 26.354549407959 26.643684387207 26.480712890625 26.815779209137 26.9102010726929 26.9343729019165 26.8945446014404 26.9196548461914 27.276948928833 27.424774646759 27.2622323036194
29.2992968559265 29.2103142738342 28.8833289146423 29.4443459510803 30.0286030769348 30.3602938652039 30.1129841804504 29.7607412338257 30.075364112854 30.4430561065674 30.9547486305237 30.9024391174316 30.2141304016113 30.4228210449219 30.0915126800537 30.0462036132812 29.8460659980774 29.8390989303589 29.89413022995 29.6541652679443 29.2841973304749 29.1942300796509 29.2352623939514 29.1082963943481 28.9403285980225 28.9583625793457 28.6353936195374 28.2804284095764 28.0606184005737 27.7939648628235 27.5479435920715 27.3536415100098 27.2283382415771 27.0690360069275 26.8237342834473 26.68843126297 26.6311283111572 26.4974179267883 26.3777003288269 26.1722211837769 -9999 26.0040192604065 26.6154022216797 26.9726185798645 27.1009669303894 27.0671992301941 26.9438514709473 26.9223175048828 -9999 25.2534174919128
29.3123092651367 29.118857383728 29.5304055213928 29.5189538002014 29.199887752533 29.7158794403076 30.4518423080444 30.3648037910461 30.4397654533386 30.7847285270691 30.9826898574829 30.5236511230469 30.6526117324829 30.2995743751526 29.7895369529724 29.8274998664856 29.7588834762573 29.8076906204224 29.6224985122681 29.4693031311035 29.4541125297546 29.1349186897278 29.00572681427 28.8735337257385 28.8603405952454 28.6821489334106 28.2449545860291 27.9259629249573 27.8055863380432 27.8064179420471 27.5762534141541 27.46409034729 27.2297892570496 27.0388159751892 26.6651549339294 26.4384174346924 26.4516749382019 26.4502902030945 -9999 -9999 -9999 -9999 26.7612776756287 -9999 25.2184629440308 -9999 -9999 -9999 -9999 -9999
29.0313205718994 28.6634030342102 28.8734831809998 29.696563243866 29.669234752655 29.164891242981 29.429416179657 29.7429423332214 30.0741658210754 30.3823962211609 30.520631313324 30.6828632354736 30.4440956115723 30.3943281173706 30.0885610580444 30.0227937698364 29.7836999893188 29.4632830619812 29.3838634490967 29.1624450683594 29.0350255966187 28.9546089172363 28.9991888999939 28.8327717781067 28.5533528327942 28.3289351463318 28.1465177536011 27.9600982666016 27.8155498504639 27.6752195358276 27.4711947441101 27.3619389533997 27.1173820495605 26.8314938545227 26.440318107605 26.057831287384 25.7758522033691 25.2880887985229 -9999 -9999 -9999 -9999 -9999 -9999 -9999 -9999 -9999 -9999 -9999 -9999
29.2773327827454 28.8739461898804 28.8205585479736 29.0001721382141 29.6825494766235 30.2540535926819 29.9525570869446 29.6720609664917 29.6955637931824 29.860068321228 30.1735706329346 30.4340739250183 30.4555778503418 30.2410817146301 30.0645842552185 29.9510879516602 29.5565176010132 29.2878746986389 29.3262305259705 28.9795870780945 28.8029417991638 28.6552968025208 28.6746525764465 28.684009552002 28.5393657684326 28.1867213249207 27.9580760002136 27.891432762146 27.6335153579712 27.5203247070312 27.2670645713806 27.1600041389465 26.9250206947327 26.7395477294922 26.3323163986206 25.9069576263428 25.8099632263184 -9999 -9999 -9999 -9999 -9999 -9999 -9999 -9999 -9999 -9999 -9999 -9999 -9999
29.0203437805176 29.3901510238647 29.2306346893311 28.9717812538147 28.9813237190247 29.381263256073 29.4744143486023 30.0581893920898 29.9459624290466 29.8687376976013 30.1615118980408 30.2392854690552 30.0040607452393 29.7308340072632 29.7466087341309 29.6053824424744 29.5163354873657 29.2534651756287 29.1365971565247 28.9207258224487 28.7888569831848 28.6339864730835 28.4931168556213 28.5192465782166 28.4543766975403 28.1045083999634 27.8466372489929 27.7617673873901 27.5304818153381 27.3617787361145 27.2299203872681 27.1412553787231 26.9606375694275 26.7902464866638 -9999 -9999 -9999 -9999 -9999 -9999 -9999 -9999 -9999 -9999 -9999 -9999 -9999 -9999 -9999 -9999
29.3817958831787 28.9840316772461 29.3548612594604 29.9243936538696 29.1438016891479 28.9819483757019 28.7330956459045 29.2843189239502 29.8683624267578 29.9184083938599 29.9104528427124 29.8904976844788 29.7625436782837 29.5865888595581 29.5816340446472 29.4586782455444 29.1401529312134 29.0210576057434 28.9519624710083 28.8208661079407 28.665771484375 28.5756754875183 28.4255805015564 28.2794852256775 28.1313896179199 27.9542946815491 27.6821994781494 27.5511040687561 27.3994479179382 27.2732310295105 27.2165956497192 27.1558742523193 -9999 -9999 -9999 -9999 -9999 -9999 -9999 -9999 -9999 -9999 -9999 -9999 -9999 -9999 -9999 -9999 -9999 -9999
29.3761291503906 29.4566926956177 29.214259147644 29.8118214607239 29.6953978538513 29.6269869804382 29.3625741004944 29.8331613540649 30.0327501296997 30.0343375205994 29.9029259681702 29.8535141944885 29.7241005897522 29.4676895141602 28.9192771911621 28.7918648719788 28.8158884048462 28.7393484115601 28.7678060531616 28.6172652244568 28.4237236976624 28.2921829223633 28.2336416244507 28.1705293655396 27.9507827758789 27.6433124542236 27.4295835494995 27.2037010192871 27.0978851318359 27.0239582061768 -9999 -9999 -9999 -9999 -9999 -9999 -9999 -9999 -9999 -9999 -9999 -9999 -9999 -9999 -9999 -9999 -9999 -9999 -9999 -9999
28.7245321273804 29.5132484436035 29.8272733688354 29.426299571991 29.5235142707825 29.7339162826538 29.911319732666 29.7867226600647 29.5081243515015 29.2745265960693 29.3199300765991 29.6083340644836 29.6147365570068 29.0161375999451 28.7715420722961 28.7989439964294 28.6865425109863 28.6723351478577 28.494128704071 28.3489217758179 28.1997165679932 28.1505084037781 28.1103029251099 27.8760962486267 27.6631803512573 27.4419736862183 27.1753811836243 26.9822697639465 -9999 -9999 -9999 -9999 -9999 -9999 -9999 -9999 -9999 -9999 -9999 -9999 -9999 -9999 -9999 -9999 -9999 -9999 -9999 -9999 -9999 -9999
29.1283135414124 29.4018006324768 29.8052897453308 29.8417773246765 29.6236300468445 29.7448468208313 29.8200659751892 29.7352819442749 29.3035006523132 29.2177171707153 29.2579355239868 29.2771520614624 29.0203704833984 28.9025874137878 28.8248047828674 28.7010221481323 28.6011962890625 28.5143237113953 28.3904523849487 28.2325801849365 28.1227078437805 27.9318342208862 27.7639632225037 27.64009141922 27.4657192230225 27.364917755127 27.1144757270813 -9999 -9999 -9999 -9999 -9999 -9999 -9999 -9999 -9999 -9999 -9999 -9999 -9999 -9999 -9999 -9999 -9999 -9999 -9999 -9999 -9999 -9999 -9999
28.8874063491821 29.1183547973633 29.6203045845032 29.6412553787231 29.6787452697754 29.7917795181274 29.7698106765747 29.5778422355652 29.286874294281 29.0899066925049 28.7799401283264 28.7149724960327 28.7410044670105 28.6880373954773 28.6600689888 28.6071009635925 28.3708481788635 28.3453121185303 28.2807731628418 28.1182360649109 27.9459366798401 27.6369113922119 27.3520526885986 27.0364193916321 27.0819759368896 -9999 -9999 -9999 -9999 -9999 -9999 -9999 -9999 -9999 -9999 -9999 -9999 -9999 -9999 -9999 -9999 -9999 -9999 -9999 -9999 -9999 -9999 -9999 -9999 -9999
28.7954978942871 29.2199082374573 29.4793200492859 29.5967321395874 29.418860912323 29.5067086219788 29.623556137085 29.3074021339417 28.9172496795654 28.8710975646973 28.7409434318542 28.4887919425964 28.504638671875 28.6104850769043 28.5693335533142 28.4191789627075 28.29350233078 28.2842993736267 28.1600971221924 28.006893157959 27.6616907119751 27.2648391723633 27.1192836761475 26.8235802650452 -9999 -9999 -9999 -9999 -9999 -9999 -9999 -9999 -9999 -9999 -9999 -9999 -9999 -9999 -9999 -9999 -9999 -9999 -9999 -9999 -9999 -9999 -9999 -9999 -9999 -9999
28.7355899810791 29.0954623222351 29.3223357200623 29.3722085952759 29.0559759140015 29.0966386795044 29.183301448822 28.7739629745483 28.5626249313354 28.6332864761353 28.6179490089417 28.4776105880737 28.4352722167969 28.5389361381531 28.3815970420837 28.2352585792542 28.1721549034119 28.1412868499756 27.9914178848267 27.8382997512817 27.4812698364258 27.1118116378784 -9999 -9999 -9999 -9999 -9999 -9999 -9999 -9999 -9999 -9999 -9999 -9999 -9999 -9999 -9999 -9999 -9999 -9999 -9999 -9999 -9999 -9999 -9999 -9999 -9999 -9999 -9999 -9999
28.5796809196472 28.8990163803101 28.8123517036438 28.5796866416931 28.5140924453735 28.5735692977905 28.6550464630127 28.2935237884521 28.3259992599487 28.3964762687683 28.3109545707703 28.1944298744202 28.309907913208 28.2753839492798 28.1938610076904 28.0983362197876 27.9023494720459 27.7347288131714 27.5761036872864 27.3949675559998 27.3906712532043 -9999 -9999 -9999 -9999 -9999 -9999 -9999 -9999 -9999 -9999 -9999 -9999 -9999 -9999 -9999 -9999 -9999 -9999 -9999 -9999 -9999 -9999 -9999 -9999 -9999 -9999 -9999 -9999 -9999
28.7317743301392 28.4525699615479 28.2343678474426 28.1301646232605 28.1892085075378 28.3745002746582 28.2777919769287 28.1710834503174 27.9693746566772 27.9496665000916 27.9949588775635 27.9622497558594 28.023540019989 27.9728331565857 27.9571242332458 27.7574167251587 27.6214618682861 27.4045963287354 27.237729549408 27.1958632469177 -9999 -9999 -9999 -9999 -9999 -9999 -9999 -9999 -9999 -9999 -9999 -9999 -9999 -9999 -9999 -9999 -9999 -9999 -9999 -9999 -9999 -9999 -9999 -9999 -9999 -9999 -9999 -9999 -9999 -9999
28.4488663673401 28.3381237983704 28.055383682251 28.05464220047 28.2243232727051 27.9564304351807 27.9365382194519 28.003643989563 27.9087510108948 27.8648567199707 27.8479633331299 27.8250699043274 27.7451758384705 27.7152819633484 27.5747218132019 27.3397445678711 -9999 -9999 -9999 -9999 -9999 -9999 -9999 -9999 -9999 -9999 -9999 -9999 -9999 -9999 -9999 -9999 -9999 -9999 -9999 -9999 -9999 -9999 -9999 -9999 -9999 -9999 -9999 -9999 -9999 -9999 -9999 -9999 -9999 -9999
27.8489584922791 27.7876782417297 27.8713994026184 28.0631194114685 27.8954396247864 27.7343621253967 27.6272830963135 27.5472030639648 27.6461253166199 27.7040467262268 27.6609673500061 27.6408891677856 27.421492099762 27.1164813041687 27.0871529579163 -9999 -9999 -9999 -9999 -9999 -9999 -9999 -9999 -9999 -9999 -9999 -9999 -9999 -9999 -9999 -9999 -9999 -9999 -9999 -9999 -9999 -9999 -9999 -9999 -9999 -9999 -9999 -9999 -9999 -9999 -9999 -9999 -9999 -9999 -9999
