data/spatiotemp/temp1/bio7_norsw_test_2003_2006.asc
NCOLS 654 
NROWS 380 
XLLCORNER 3.91666666666667 
YLLCORNER 55.3333333333333 
CELLSIZE 0.0416666666666666 
NODATA_value -9999 
[rows 286 to 307 of 380, columns 450 to 499 of 654]
-9999 -9999 -9999 -9999 -9999 -9999 -9999 -9999 -9999 -9999 -9999 -9999 -9999 -9999 -9999 -9999 -9999 -9999 -9999 -9999 32.1860990524292 32.675507068634 33.1052317619324 33.249125957489 33.4713497161865 33.5535750389099 33.6469941139221 33.8844337463379 34.0958781242371 34.0883173942566 34.0737619400024 34.2102022171021 34.2526445388794 34.0990858078003 34.1075291633606 34.0739717483521 33.9974136352539 34.0128545761108 33.9826283454895 33.9497337341309 33.8718395233154 33.8309459686279 33.8030519485474 33.8681554794312 33.9222602844238 33.9003667831421 33.7634716033936 33.6525764465332 33.7556810379028 33.8287858963013
-9999 -9999 -9999 -9999 -9999 -9999 -9999 -9999 -9999 -9999 -9999 -9999 -9999 -9999 -9999 -9999 -9999 -9999 -9999 32.5587277412415 32.6474189758301 32.9728574752808 33.2779207229614 33.5619869232178 33.8510503768921 34.0871133804321 34.3147416114807 34.5189266204834 34.5241169929504 34.4353022575378 34.4334902763367 34.5456771850586 34.4528641700745 34.2390508651733 34.1812391281128 34.0624284744263 33.9306144714355 33.9278011322021 34.0018873214722 33.9928712844849 33.9928522109985 33.9268341064453 33.9018173217773 33.7958011627197 33.6947827339172 33.6927661895752 33.7567481994629 33.8057312965393 33.7537117004395 33.863694190979
-9999 -9999 -9999 -9999 -9999 -9999 -9999 -9999 -9999 -9999 -9999 -9999 -9999 -9999 -9999 -9999 -9999 -9999 -9999 -9999 33.0167708396912 33.274206161499 33.6014995574951 33.935791015625 34.2490825653076 34.5183744430542 34.5904884338379 34.6634206771851 34.7093544006348 34.7512860298157 34.7412190437317 34.6581516265869 34.5160837173462 34.3280172348022 34.1819500923157 34.0988836288452 33.9828162193298 34.047749042511 34.0741457939148 34.0190057754517 33.9988656044006 33.9267234802246 33.9095859527588 33.8284459114075 33.723304271698 33.6971645355225 33.8290247917175 33.9328846931458 33.9987449645996 34.013605594635
-9999 -9999 -9999 -9999 -9999 -9999 -9999 -9999 -9999 -9999 -9999 -9999 -9999 -9999 -9999 -9999 -9999 -9999 -9999 -9999 33.3360347747803 33.5035538673401 33.8560748100281 34.0975952148438 34.3961153030396 34.7546358108521 34.8552360534668 34.8269138336182 34.8325929641724 34.9642691612244 34.9719491004944 34.7436275482178 34.4943046569824 34.3189821243286 34.2096614837646 34.2083396911621 34.2170186042786 34.1846961975098 34.1814036369324 34.1661396026611 34.0378766059875 33.9346151351929 33.844352722168 33.8380889892578 33.7798247337341 33.7435631752014 33.7913012504578 33.9230380058289 34.0797758102417 34.1055130958557
29.5999341011047 -9999 -9999 -9999 -9999 -9999 -9999 -9999 -9999 -9999 -9999 31.3037033081055 31.3268890380859 -9999 -9999 -9999 -9999 -9999 32.8959674835205 33.1763620376587 33.5831565856934 33.8409023284912 34.2046527862549 34.3644013404846 34.5981492996216 34.7968969345093 34.9099826812744 34.9904069900513 34.9088315963745 34.9482555389404 35.0156788825989 34.8590998649597 34.5435228347778 34.379946231842 34.2913703918457 34.2487959861755 34.28821849823 34.245641708374 34.2756624221802 34.2852773666382 34.1228904724121 33.9455046653748 33.8941192626953 33.8827338218689 33.813346862793 33.7609643936157 33.7725782394409 33.921190738678 34.1178073883057 34.1854214668274
29.9914345741272 30.3650960922241 30.4624285697937 -9999 -9999 -9999 -9999 -9999 -9999 -9999 30.8901839256287 31.6019868850708 31.7678728103638 32.1616625785828 32.5384187698364 32.729868888855 32.9252891540527 33.0893487930298 33.2166013717651 33.459300994873 33.8762764930725 34.1216268539429 34.3632287979126 34.5042066574097 34.7501821517944 34.933159828186 35.1467313766479 35.2639012336731 35.1870694160461 35.0432372093201 34.9784073829651 34.9295749664307 34.7637434005737 34.6629114151001 34.6100835800171 34.4362502098083 34.3214206695557 34.226589679718 34.2069191932678 34.2014131546021 34.0429019927979 33.8793950080872 33.8928871154785 33.8893790245056 33.8178691864014 33.8153619766235 33.8708543777466 34.0203456878662 34.1698403358459 34.2443308830261
30.4146184921265 30.5247559547424 30.6293268203735 30.7843308448792 30.9277682304382 31.0998358726501 31.1731719970703 -9999 31.2073459625244 -9999 -9999 31.9023542404175 32.1219005584717 32.370466709137 32.6038384437561 32.8163771629333 33.0094270706177 33.1897840499878 33.5302381515503 33.7274255752563 34.0654735565186 34.2382674217224 34.3415751457214 34.5033421516418 34.7922143936157 35.1494197845459 35.4934778213501 35.6333932876587 35.5143070220947 35.1992216110229 35.0701351165771 35.0960493087769 35.0479645729065 34.9108786582947 34.8857927322388 34.6867065429688 34.4506206512451 34.205536365509 34.0941772460938 34.1435461044312 33.9989156723022 33.838285446167 33.9176530838013 33.9490242004395 33.9063940048218 33.947762966156 34.0671319961548 34.1505002975464 34.1578702926636 34.1772389411926
30.5579609870911 30.6724185943604 30.7892251014709 30.9513874053955 31.1385502815247 31.2477121353149 31.3658723831177 31.4080333709717 31.4551954269409 -9999 -9999 -9999 -9999 -9999 31.5858817100525 -9999 -9999 33.315221786499 33.6316537857056 33.8553595542908 34.0871505737305 34.3064270019531 34.4283828735352 34.6258153915405 34.8412475585938 35.0786800384521 35.3132257461548 35.4728851318359 35.3815450668335 35.1762046813965 35.1368656158447 35.2605228424072 35.1291851997375 34.8918437957764 34.8125028610229 34.6561632156372 34.449821472168 34.2584838867188 34.2454357147217 34.2746815681458 34.0559272766113 33.9151749610901 33.9924221038818 34.067666053772 34.0629143714905 34.0681610107422 34.1414065361023 34.1936550140381 34.1569013595581 34.2031469345093
30.8183035850525 30.8170776367188 30.9171257019043 31.1424450874329 31.3017663955688 31.3910875320435 31.465407371521 31.564727306366 31.6617951393127 -9999 -9999 -9999 -9999 -9999 -9999 -9999 -9999 -9999 33.737500667572 33.9209804534912 34.179639339447 34.34730052948 34.5279598236084 34.7416205406189 34.7892827987671 34.8499402999878 34.9949741363525 35.132378578186 35.2107844352722 35.2111902236938 35.0685939788818 35.0149989128113 34.9764051437378 34.8668088912964 34.7512130737305 34.4496183395386 34.2750244140625 34.3664288520813 34.2856931686401 34.2078166007996 34.0779395103455 34.0790657997131 34.08118724823 34.1433115005493 34.1734371185303 34.0965595245361 34.1136837005615 34.1358070373535 34.1209306716919 34.2000560760498
30.8546462059021 30.9767379760742 31.1840229034424 31.4235033988953 31.5059814453125 31.518461227417 31.5831565856934 31.7688279151917 31.9199862480164 31.9930896759033 31.4226245880127 -9999 -9999 -9999 -9999 -9999 -9999 31.8988609313965 -9999 34.0107307434082 34.2573962211609 34.4206495285034 34.6155376434326 34.6524252891541 34.6003141403198 34.6962003707886 34.9917221069336 35.1788721084595 35.1720209121704 35.1541728973389 35.1563243865967 35.1404733657837 35.0186233520508 34.8537750244141 34.5929226875305 34.2950754165649 34.2372245788574 34.326376914978 34.2349524497986 34.138952255249 34.1139531135559 34.037956237793 34.041955947876 34.095956325531 34.143958568573 34.1469593048096 34.1179609298706 34.0909624099731 34.1089649200439 34.1149659156799
31.0579881668091 31.0841116905212 31.2101378440857 31.4526662826538 31.5526180267334 31.5379953384399 31.5814714431763 31.692608833313 31.7537469863892 31.5773825645447 30.4260206222534 31.5496592521667 -9999 -9999 -9999 -9999 -9999 33.3665332794189 33.6253633499146 33.8846392631531 34.1942138671875 34.3779978752136 34.4821147918701 34.5302314758301 34.6903467178345 34.7584629058838 34.9764699935913 35.0903649330139 35.0682616233826 35.0031566619873 34.9410514831543 34.9479484558105 34.9258441925049 34.755738735199 34.5176343917847 34.3705310821533 34.3454275131226 34.443323135376 34.4662103652954 34.3060879707336 34.202965259552 34.1118431091309 34.0287227630615 34.0676021575928 34.1394805908203 34.2253584861755 34.2212371826172 34.043116569519 34.0169959068298 34.0748734474182
30.9783301353455 31.0312252044678 31.3251552581787 31.4062552452087 31.4934139251709 31.5942091941833 -9999 -9999 -9999 30.3723907470703 30.5731887817383 -9999 30.7747793197632 -9999 -9999 -9999 31.1888852119446 -9999 -9999 33.9099316596985 34.1055011749268 34.3256196975708 34.358690738678 34.5676050186157 34.6968784332275 34.6922235488892 34.7252173423767 34.7698583602905 34.8664989471436 35.0261406898499 35.0797805786133 35.0494227409363 35.0240640640259 34.7387051582336 34.5223445892334 34.3859882354736 34.3976287841797 34.5112700462341 34.5004682540894 34.3302230834961 34.1919794082642 34.1037349700928 33.9514904022217 33.9512462615967 33.9560031890869 33.9517588615417 33.9925155639648 33.9072699546814 33.8720259666443 33.8847808837891
30.9206380844116 -9999 -9999 -9999 -9999 -9999 -9999 -9999 -9999 -9999 -9999 -9999 -9999 -9999 -9999 -9999 -9999 -9999 -9999 -9999 34.192400932312 34.3191161155701 34.4088869094849 34.6109342575073 34.6890382766724 34.5857701301575 34.646632194519 34.7442150115967 34.905797958374 35.045382976532 35.109965801239 35.1125497817993 35.0611319541931 34.8447151184082 34.5872955322266 34.4628820419312 34.5324640274048 34.5920486450195 34.5921277999878 34.54070520401 34.4072818756104 34.2268590927124 33.9734325408936 33.7590103149414 33.7245860099792 33.8191647529602 33.9227390289307 33.9423151016235 34.0748929977417 34.072470664978
-9999 -9999 -9999 -9999 -9999 -9999 -9999 -9999 -9999 -9999 -9999 32.8936815261841 33.0074996948242 33.1088194847107 -9999 -9999 -9999 31.4393329620361 -9999 -9999 34.2499103546143 34.3664374351501 34.3710851669312 34.4095911979675 34.5490980148315 34.5616016387939 34.6407141685486 34.7964363098145 34.9241590499878 35.0188837051392 35.0046043395996 34.926326751709 34.8110466003418 34.5947709083557 34.364492893219 34.4312152862549 34.5439381599426 34.4346609115601 34.421190738678 34.5745310783386 34.4068713188171 34.1712112426758 33.9575519561768 33.8668932914734 33.8682336807251 33.9355735778809 33.8959145545959 33.9062542915344 34.0085945129395 34.1759347915649
-9999 -9999 -9999 -9999 -9999 -9999 -9999 -9999 32.0799999237061 -9999 -9999 32.9252667427063 33.0984029769897 33.2963514328003 33.4376831054688 33.3688578605652 33.1874923706055 -9999 31.5816230773926 -9999 34.131311416626 34.4101548194885 34.5508246421814 34.4986934661865 34.4925637245178 34.5654344558716 34.5347981452942 34.5236611366272 34.588520526886 34.7963814735413 34.8892431259155 34.8071045875549 34.6299643516541 34.468825340271 34.3126878738403 34.3655481338501 34.3234095573425 34.1392698287964 34.0682525634766 34.0613570213318 34.0064616203308 33.9045667648315 33.8636698722839 33.8847742080688 33.9138784408569 33.9629831314087 33.8870873451233 33.9681911468506 34.1912956237793 34.4363985061646
30.6923837661743 30.8143362998962 31.0729503631592 31.2699308395386 31.4964027404785 31.7190046310425 31.9820852279663 32.0347456932068 32.1519904136658 32.5669589042664 32.8203988075256 32.9359765052795 33.1115565299988 33.3681349754333 33.5829677581787 33.5000534057617 33.2808089256287 -9999 -9999 -9999 34.0522661209106 34.2065734863281 34.4316625595093 34.4837970733643 34.4360303878784 34.4662647247314 34.4338817596436 34.472882270813 34.4928817749023 34.6578817367554 34.7098817825317 34.5918807983398 34.4708824157715 34.4178824424744 34.3458824157715 34.2758822441101 34.2738828659058 34.2068810462952 34.2113161087036 34.0711832046509 33.9630527496338 33.9289216995239 33.9667873382568 33.9266567230225 33.8785247802734 33.891393661499 33.8652606010437 33.9421291351318 34.2609958648682 34.7518658638
30.975492477417 31.094961643219 31.2527079582214 31.5058336257935 31.7520413398743 31.9582509994507 32.1794586181641 32.318666934967 32.4914579391479 32.6973972320557 32.8335418701172 32.9358329772949 33.1902089118958 33.3209166526794 33.3963689804077 33.4323215484619 33.3563451766968 33.2854270935059 33.1670055389404 -9999 33.9751658439636 34.0818829536438 34.2498474121094 34.3498983383179 34.4264974594116 34.5520963668823 34.5259656906128 34.5151038169861 34.5022435188293 34.5803813934326 34.6515197753906 34.5756597518921 34.4767999649048 34.4389367103577 34.4140768051147 34.3792142868042 34.2963533401489 34.1764931678772 34.2043800354004 34.2430090904236 34.326642036438 34.3062734603882 34.2729072570801 34.0155391693115 33.8151712417603 33.7768039703369 33.7304353713989 33.8060674667358 34.0876979827881 34.4683303833008
31.1559343338013 31.3850207328796 31.5594816207886 31.7763199806213 32.0351552963257 32.19899559021 32.4038343429565 32.6496710777283 32.8175086975098 32.9103484153748 32.9681844711304 32.9850239753723 33.0948615074158 33.1732711791992 33.1524047851562 33.3704786300659 33.3735518455505 33.3641233444214 -9999 -9999 -9999 -9999 34.2093720436096 34.2157506942749 34.3207426071167 34.3659286499023 34.4380493164062 34.4453258514404 34.3656044006348 34.3418807983398 34.3351593017578 34.3554368019104 34.4857149124146 34.5119924545288 34.4322690963745 34.3995485305786 34.2658257484436 34.1871023178101 34.1474413871765 34.1978373527527 34.2152328491211 34.2026286125183 34.2110261917114 34.0184202194214 33.8698167800903 33.8872113227844 33.8866081237793 33.9200043678284 34.0874013900757 34.2177953720093
31.3043775558472 31.408863067627 31.6073379516602 31.8418064117432 32.0462737083435 32.188738822937 32.3312072753906 32.6026773452759 32.7771425247192 32.8156099319458 32.8500800132751 32.8696899414062 33.0240154266357 32.9832191467285 32.8917694091797 32.9249382019043 33.325756072998 -9999 -9999 -9999 -9999 -9999 -9999 -9999 33.9278926849365 34.0527601242065 34.296133518219 34.265549659729 34.0969657897949 34.0893812179565 34.1167993545532 34.2592163085938 34.4936323165894 34.6460471153259 34.6344656944275 34.4948825836182 34.1872982978821 34.0257148742676 33.956503868103 33.9496631622314 33.8608222007751 33.8229827880859 33.9321417808533 33.9273028373718 33.8974628448486 33.9006223678589 33.8907814025879 33.9919404983521 34.147102355957 34.2602605819702
31.4198217391968 31.4287028312683 31.6181955337524 31.8892917633057 32.0353889465332 32.1944856643677 32.229585647583 32.4126796722412 32.5407786369324 32.4766659736633 32.4582443237305 32.5956954956055 32.8673315048218 32.8328104019165 32.785840511322 32.837733745575 -9999 -9999 -9999 -9999 -9999 -9999 -9999 -9999 33.4999604225159 33.7365913391113 34.0332155227661 34.0937714576721 33.9753255844116 33.9478821754456 34.144437789917 34.3259935379028 34.2995481491089 34.3741035461426 34.4906597137451 34.4042158126831 33.9997725486755 33.8223276138306 33.7475652694702 33.7474908828735 33.653413772583 33.6313371658325 33.7052607536316 33.819185256958 33.8631081581116 33.8020310401917 33.8239555358887 34.0538787841797 34.3138017654419 34.4767265319824
31.4222640991211 31.5235471725464 31.6950516700745 31.9007782936096 32.0665044784546 32.1482305526733 32.1249575614929 32.1985197067261 32.2566208839417 32.297013759613 32.1738653182983 -9999 -9999 -9999 -9999 -9999 -9999 -9999 -9999 -9999 -9999 -9999 -9999 -9999 -9999 33.3805589675903 33.5952987670898 33.8579936027527 33.9266886711121 33.9373826980591 34.096076965332 34.2027721405029 34.0484657287598 33.8981609344482 33.9158535003662 33.9065494537354 33.6842441558838 33.6739363670349 33.7326288223267 33.7371783256531 33.6680026054382 33.6251907348633 33.6273789405823 33.7456078529358 33.7877535820007 33.6794414520264 33.7821288108826 34.0838179588318 34.3225030899048 34.4621915817261
31.4557070732117 31.6153893470764 31.6999073028564 31.7652645111084 31.8916192054749 31.8959760665894 31.8661904335022 31.9616894721985 32.0650458335876 -9999 -9999 -9999 -9999 -9999 -9999 -9999 -9999 -9999 -9999 -9999 -9999 -9999 -9999 -9999 -9999 33.2637548446655 33.4211711883545 33.7064924240112 33.9461660385132 33.9128837585449 33.8977146148682 33.9665479660034 33.9913821220398 33.7822160720825 33.6460499763489 33.543881893158 33.5777158737183 33.6285500526428 33.743691444397 33.7631425857544 -9999 -9999 -9999 -9999 33.7466497421265 33.5826935768127 33.6303033828735 33.8877534866333 34.0462064743042 34.1886577606201
