data/spatiotemp/temp1/bio7_norsw_test_2003_2006.asc
NCOLS 654 
NROWS 380 
XLLCORNER 3.91666666666667 
YLLCORNER 55.3333333333333 
CELLSIZE 0.0416666666666666 
NODATA_value -9999 
[rows 22 to 43 of 380, columns 550 to 599 of 654]
33.7015204429626 33.7347655296326 33.8180103302002 33.9892563819885 34.1594996452332 34.2717461585999 34.3169913291931 34.3942341804504 34.3974800109863 34.3897252082825 34.3165650367737 34.297999382019 34.2704358100891 34.2768712043762 34.3693060874939 34.4557404518127 34.5691766738892 34.6646103858948 34.6560473442078 34.6114811897278 34.7039170265198 34.8403515815735 34.9721269607544 35.0752425193787 35.3393626213074 35.3124775886536 35.5935955047607 35.4027109146118 35.2888288497925 35.2509455680847 35.7370634078979 36.4283828735352 36.3573741912842 36.0163660049438 35.7375230789185 35.5218443870544 35.6731672286987 35.8614902496338 35.5078134536743 34.9061336517334 34.8534564971924 34.5897789001465 34.2461009025574 33.9864249229431 33.8447461128235 33.5920691490173 33.2930421829224 33.0096645355225 32.7802891731262 32.6279129981995
34.1940784454346 34.1796193122864 34.1655778884888 34.1819715499878 34.3072381019592 34.4807777404785 34.6153192520142 34.7828588485718 34.657398223877 34.6069393157959 34.7255549430847 34.7982516288757 34.8499460220337 34.8736386299133 34.8863344192505 34.9610280990601 35.0737233161926 35.0944151878357 35.0131120681763 35.0158052444458 35.1064977645874 35.246196269989 35.3065357208252 35.4055261611938 35.5955142974854 35.6995029449463 35.4634943008423 35.2304854393005 35.3974738121033 35.5304627418518 35.8264532089233 36.2874412536621 36.6414127349854 36.1069717407227 35.8442726135254 35.8399868011475 35.7521829605103 35.7249555587769 35.7247266769409 35.7105007171631 35.4512710571289 35.2290444374084 34.796567440033 34.4373397827148 34.1031126976013 33.7282299995422 33.2034993171692 32.9594535827637 32.9394087791443 32.9043641090393
34.3636355400085 34.4224715232849 34.3323063850403 34.3701410293579 34.4549760818481 34.6338124275208 34.851646900177 35.0204815864563 35.0233178138733 35.1161527633667 35.1615476608276 35.3245005607605 35.4294543266296 35.5134072303772 35.4193601608276 35.495316028595 35.5402674674988 35.6082220077515 35.5671753883362 35.5701289176941 35.6590843200684 35.7810373306274 35.8969459533691 36.045804977417 35.9876708984375 35.7605323791504 35.6283941268921 35.707257270813 35.8811178207397 36.0359811782837 36.2848443984985 36.663703918457 36.7545680999756 36.5665788650513 36.6077508926392 36.4769725799561 36.3871955871582 36.1664190292358 36.0456409454346 35.9728651046753 35.7580871582031 35.3593111038208 34.8493247032166 34.3860058784485 33.8374786376953 33.1852025985718 30.8839554786682 32.5862412452698 32.806028842926 32.8187303543091
34.2345361709595 34.4373235702515 34.6024541854858 34.8345832824707 35.0027136802673 35.2108454704285 35.419976234436 35.5161032676697 35.5832352638245 35.536365032196 35.5055375099182 35.5147504806519 35.6059646606445 35.8721752166748 35.9193878173828 35.9546031951904 35.974814414978 36.042028427124 35.9062385559082 35.9084548950195 35.9876680374146 36.0918779373169 36.2533531188965 36.3480892181396 36.2398233413696 36.2365579605103 36.2352933883667 36.054027557373 35.9557638168335 36.2804985046387 36.6232328414917 36.5239696502686 36.0297040939331 36.1884393692017 36.3445730209351 36.1521043777466 35.9766359329224 36.0871658325195 35.9835586547852 35.7832298278809 35.6439027786255 35.2945766448975 34.6674246788025 34.2409219741821 33.4405951499939 33.0152683258057 32.1619129180908 31.9586548805237 31.5566458702087 -9999
35.0477504730225 35.1551766395569 35.3045997619629 35.3380265235901 35.3924512863159 35.5458779335022 35.6593027114868 35.7427291870117 35.7791528701782 35.7555799484253 35.5825281143188 35.6550006866455 35.9474725723267 36.00794506073 36.1914157867432 36.2918891906738 36.4173612594604 36.3768329620361 36.0273036956787 36.043776512146 36.1622476577759 36.2877197265625 36.2627601623535 36.2073698043823 36.1599769592285 36.1815853118896 36.2401943206787 36.3757991790771 36.6704092025757 36.7110157012939 36.5056219100952 36.4322309494019 36.2858381271362 36.1514472961426 36.0872201919556 36.0681629180908 36.1931028366089 36.2620429992676 36.1139841079712 36.0479278564453 35.7208671569824 35.2628407478333 34.7709641456604 34.30508852005 33.9862112998962 33.7333340644836 33.2967443466187 33.0435667037964 32.6179242134094 32.4973454475403
35.4753079414368 35.6020283699036 35.6757478713989 35.7624702453613 35.9381885528564 36.0669097900391 36.006630897522 36.1813507080078 36.356071472168 36.4667930603027 36.3435182571411 36.3242502212524 36.4259824752808 36.5217123031616 36.3634452819824 36.4321746826172 36.4249076843262 36.2456388473511 36.0653686523438 35.962100982666 35.8938331604004 35.9375629425049 36.0011692047119 36.0076503753662 36.1681308746338 36.3496122360229 36.480092048645 36.5685720443726 36.5770540237427 36.115532875061 36.0170125961304 36.160493850708 36.2439756393433 36.4604568481445 36.5098714828491 36.4652223587036 36.52357006073 36.5029230117798 36.4322719573975 36.257622718811 35.859974861145 35.4763259887695 34.8906764984131 34.6130256652832 34.4033770561218 34.2097268104553 34.1863255500793 33.8296070098877 33.4958853721619 33.04616355896
36.3178644180298 36.3708810806274 36.5258979797363 36.5769109725952 36.7379283905029 36.5719413757324 36.5779590606689 36.6169748306274 36.7369899749756 36.8260059356689 37.1535091400146 37.1885004043579 36.8624906539917 36.5374794006348 36.3644733428955 36.1204624176025 36.2414531707764 36.328444480896 36.3844347000122 36.2414255142212 36.2294178009033 36.0194053649902 36.1175785064697 36.2899312973022 36.5142850875854 36.7886390686035 36.9079923629761 36.9863452911377 36.7866973876953 36.5220508575439 36.6154050827026 36.5887565612793 36.4921092987061 36.5614633560181 36.6745195388794 36.5262794494629 36.427041053772 36.2848024368286 36.1805610656738 36.3073205947876 36.4050817489624 36.0458431243896 35.5796041488647 35.1793618202209 34.8491230010986 34.7348837852478 34.4602589607239 34.2302470207214 33.9622368812561 33.6302256584167
37.1544227600098 37.2387342453003 37.4409589767456 37.59641456604 37.3488740921021 37.4033327102661 37.5297908782959 37.4935970306396 37.483907699585 37.4802198410034 37.2814998626709 37.3247499465942 37.46399974823 37.1502504348755 36.9084987640381 36.8527507781982 36.8019990921021 36.8712511062622 36.7504997253418 36.5547494888306 36.4569997787476 36.3982486724854 36.5479888916016 36.7052154541016 36.9154396057129 36.9616651535034 37.1918897628784 37.3141164779663 37.519341468811 37.3315687179565 37.3867921829224 37.3040199279785 37.1862440109253 37.0254735946655 36.8491706848145 36.5303401947021 36.3565073013306 36.1516790390015 36.3478498458862 36.4110193252563 36.5181894302368 36.2013607025146 35.8535299301147 35.4876985549927 35.2798686027527 35.0310401916504 34.8376436233521 34.624680519104 34.3407158851624 33.9617519378662
37.1499786376953 37.4735870361328 37.7981901168823 37.9801864624023 38.3229665756226 37.6070079803467 37.477614402771 37.2852220535278 37.1748266220093 37.2054309844971 37.2824897766113 37.4049987792969 37.8195085525513 37.8060178756714 37.6025276184082 37.3830366134644 37.2305450439453 37.2110557556152 37.1685647964478 37.0230751037598 36.8325815200806 36.8310928344727 36.8193960189819 36.942494392395 36.993595123291 37.0046911239624 37.2287893295288 37.567889213562 37.8189859390259 37.5430870056152 37.6851854324341 37.5302820205688 37.4073810577393 37.2244806289673 37.1838178634644 37.1183967590332 36.975977897644 36.67555809021 36.3591356277466 36.2667150497437 36.0972967147827 35.892876625061 35.7424573898315 35.545036315918 35.5186157226562 35.4191961288452 35.3050284385681 35.1851134300232 35.0091953277588 34.7822804450989
37.562536239624 37.8604364395142 38.2678480148315 38.6529541015625 38.7480583190918 37.7310419082642 37.3579416275024 37.4348449707031 37.4597463607788 37.4936466217041 37.5064811706543 37.6352500915527 37.9610185623169 38.0157871246338 37.7265548706055 37.4873247146606 37.3260927200317 37.3798599243164 37.3196287155151 37.1543979644775 36.9741678237915 36.9029350280762 36.87180519104 36.8677749633789 36.8867473602295 36.9937200546265 37.3496894836426 37.7496585845947 37.8856325149536 37.7496023178101 37.8725728988647 37.8885459899902 37.7155160903931 37.472487449646 37.3204679489136 37.0944576263428 36.9184474945068 36.7914371490479 36.6744260787964 36.5074167251587 36.3024053573608 36.2203941345215 36.1773862838745 36.0513734817505 35.9293632507324 35.8253517150879 35.714412689209 35.5015430450439 35.1786737442017 35.0078082084656
38.0490942001343 38.4412899017334 38.6852912902832 39.0107231140137 39.02015209198 38.2430763244629 38.1172714233398 37.9474658966064 37.9806642532349 37.8728590011597 37.7334718704224 37.8335008621216 38.0465269088745 38.1215543746948 37.9505834579468 37.800609588623 37.7316389083862 37.7176656723022 37.6086931228638 37.4427213668823 37.242751121521 37.1057777404785 36.8082132339478 36.6930561065674 36.8508996963501 37.0067443847656 37.353590965271 37.7924327850342 37.7762756347656 37.9221200942993 37.9389629364014 37.8958072662354 37.8546514511108 37.7014951705933 37.5181179046631 37.4635162353516 37.2759160995483 37.1593160629272 37.2337131500244 37.0231132507324 36.6495122909546 36.4369096755981 36.4383115768433 36.3367099761963 36.3181085586548 36.2155094146729 36.0767984390259 35.9099760055542 35.6361541748047 35.4913339614868
38.6086511611938 38.9649810791016 38.9537372589111 39.443489074707 39.3842449188232 38.7839994430542 38.500599861145 38.1610898971558 37.9385814666748 37.7900724411011 37.9524612426758 38.0927486419678 38.2590370178223 38.265323638916 38.1296100616455 37.9758977890015 37.8881845474243 37.8574714660645 37.7587614059448 37.5820474624634 37.3863325119019 37.2326202392578 37.0006217956543 36.7893381118774 36.8350553512573 37.0467700958252 37.4864892959595 37.7572040557861 37.673921585083 37.8126373291016 37.6873540878296 37.6440706253052 37.7587871551514 37.8295030593872 37.7807664871216 37.8945760726929 37.9433860778809 37.8181934356689 37.5810012817383 37.1968116760254 36.7066192626953 36.5254306793213 36.4932374954224 36.5380458831787 36.56285572052 36.5816669464111 36.3941822052002 36.2114095687866 36.0466356277466 35.9138631820679
38.9442358016968 39.1918716430664 39.5425071716309 39.5571432113647 39.6427793502808 39.1864147186279 38.7760486602783 38.7124109268188 38.4018278121948 38.1602420806885 38.2685413360596 38.3887243270874 38.4399099349976 38.3360900878906 38.2242746353149 38.0874576568604 37.996639251709 37.9268245697021 37.882007598877 37.8621892929077 37.7593717575073 37.5975542068481 37.3338136672974 37.1781492233276 37.2194843292236 37.4548196792603 37.6211576461792 37.5594921112061 37.6278295516968 37.7331638336182 37.6805000305176 37.6908349990845 37.8221712112427 38.0545053482056 38.1307382583618 38.2468585968018 38.212984085083 38.0591049194336 37.7692289352417 37.43235206604 37.1834745407104 37.0855979919434 36.9997215270996 36.916844367981 36.942967414856 36.9460887908936 36.8116073608398 36.5205173492432 36.3004245758057 36.0493335723877
39.1914567947388 39.3345308303833 39.685604095459 39.54368019104 39.4727573394775 39.7778301239014 39.2179050445557 39.0204267501831 38.8013973236084 38.5883684158325 38.4727125167847 38.5144290924072 38.4851427078247 38.3948574066162 38.3015747070312 38.1962852478027 38.1730041503906 38.0837173461914 37.9594373703003 37.8941497802734 37.7828645706177 37.4555807113647 37.3047885894775 37.3574895858765 37.4591903686523 37.7128934860229 37.6655931472778 37.5742959976196 37.5869979858398 37.7106990814209 37.8663997650146 38.0501003265381 38.1798028945923 38.3715028762817 38.4540271759033 38.4483680725098 38.4677095413208 38.4080505371094 38.1363916397095 37.911735534668 37.7770767211914 37.640419960022 37.2477607727051 37.0401048660278 37.1584453582764 37.2467861175537 37.0430698394775 36.835560798645 36.5981273651123 36.2636947631836
39.245677947998 39.6151914596558 39.3517036437988 39.3552169799805 39.4657325744629 39.7112455368042 39.3757572174072 38.9942722320557 38.8469686508179 38.7914943695068 38.7588806152344 38.7731285095215 38.6083765029907 38.540623664856 38.5138692855835 38.4311199188232 38.2463674545288 38.174614906311 38.0528612136841 37.9411087036133 37.8363552093506 37.7366046905518 37.764762878418 37.7478303909302 37.8808975219727 37.9649658203125 37.9860324859619 37.9820995330811 37.9511661529541 37.9922361373901 38.0922994613647 38.2713661193848 38.4194345474243 38.5765008926392 38.6713171005249 38.7698774337769 38.7924385070801 38.5859966278076 38.5365591049194 38.5121173858643 38.3776807785034 38.2782411575317 38.1868009567261 37.9863605499268 37.7539224624634 37.5416479110718 37.3222827911377 36.9853773117065 36.6454706192017 36.3245658874512
39.4059076309204 39.1979856491089 39.2740659713745 39.2981452941895 39.4957084655762 39.6086893081665 39.5386123657227 39.4747114181519 39.4842224121094 39.2027292251587 39.0630512237549 38.9428300857544 38.8676109313965 38.823390007019 38.7601680755615 38.6029500961304 38.4427318572998 38.2705097198486 38.1462888717651 38.0850696563721 38.0328502655029 38.0376310348511 38.0217370986938 38.0881690979004 38.1916027069092 38.2200365066528 38.2234687805176 38.2689018249512 38.3493356704712 38.3387670516968 38.3991994857788 38.5446329116821 38.7010669708252 38.90149974823 39.0446062088013 39.1816921234131 39.2481298446655 39.178563117981 39.1360006332397 38.9384365081787 38.7758703231812 38.6760625839233 38.5268411636353 38.3286209106445 37.9896097183228 37.6370458602905 37.3725728988647 37.0631942749023 36.7188167572021 36.3984375
39.1620426177979 39.1236753463745 38.9243087768555 39.1789436340332 39.4375782012939 39.548210144043 39.3848438262939 39.3734798431396 39.4244747161865 39.4474630355835 39.0922183990479 39.0295305252075 38.9638433456421 38.8661575317383 38.7354688644409 38.5817832946777 38.5330953598022 38.5044059753418 38.3577194213867 38.1950311660767 38.1243448257446 38.206657409668 38.2677125930786 38.3555088043213 38.3873100280762 38.4041080474854 38.4159069061279 38.4057054519653 38.4385042190552 38.5333023071289 38.6381015777588 38.7599010467529 38.8816986083984 39.0544967651367 39.2128953933716 39.3035001754761 39.3811941146851 39.4338874816895 39.3595838546753 39.1502771377563 38.9039735794067 38.7956657409668 38.6798810958862 38.501877784729 37.9208765029907 37.2308750152588 36.9744653701782 36.8630123138428 36.5691614151001 36.3703079223633
38.7241792678833 38.6423645019531 38.7505559921265 39.0667419433594 39.3809309005737 39.3291187286377 39.2503070831299 39.4044961929321 39.5997276306152 39.1818733215332 38.9073886871338 38.7862329483032 38.7090787887573 38.6659240722656 38.5417699813843 38.514612197876 38.5994567871094 38.6943035125732 38.4871463775635 38.3759899139404 38.332836151123 38.4076814651489 38.4936876296997 38.5698490142822 38.6270141601562 38.7031812667847 38.6863431930542 38.6305084228516 38.6996736526489 38.8308362960815 38.9650030136108 39.001166343689 38.985330581665 39.1514949798584 39.2321853637695 39.3843069076538 39.4662609100342 39.4852123260498 39.4100532531738 39.2622699737549 39.1800727844238 39.0650281906128 38.9059810638428 38.5441360473633 37.8203535079956 37.5605716705322 37.4329319000244 37.1634302139282 36.8399305343628 36.4314308166504
38.9533138275146 38.8520565032959 38.812798500061 39.0335416793823 39.221284866333 39.3470268249512 39.4827671051025 39.3875131607056 39.2182550430298 39.0269975662231 38.8885583877563 38.7859363555908 38.6333131790161 38.5696907043457 38.4770660400391 38.5234441757202 38.5968217849731 38.647198677063 38.6635751724243 38.5959539413452 38.5813293457031 38.6207084655762 38.6816596984863 38.8051900863647 38.8287191390991 38.5992527008057 38.4247798919678 38.5063104629517 38.7468414306641 38.9713726043701 39.0439023971558 39.0604314804077 39.15696144104 39.1884937286377 39.2794742584229 39.4089117050171 39.4923238754272 39.4515380859375 39.2992162704468 39.277961730957 39.2631750106812 39.1313877105713 38.9876022338867 38.7218170166016 38.5110292434692 38.1522655487061 37.9283962249756 37.6332149505615 37.2850332260132 36.8638515472412
39.1054496765137 39.2217454910278 39.2390451431274 39.1113414764404 39.1236381530762 39.2729368209839 39.2462320327759 39.1425294876099 39.1208248138428 39.0401239395142 38.9937267303467 38.9606370925903 38.7285461425781 38.3974561691284 38.313364982605 38.4192752838135 38.6291837692261 38.7320928573608 38.8310031890869 38.8169107437134 38.8188228607178 38.7707300186157 38.5766334533691 38.4015302658081 38.3364276885986 38.1093254089355 37.8942203521729 38.0951147079468 38.5900106430054 38.9399061203003 39.1288032531738 39.2496967315674 39.3475933074951 39.4004898071289 39.449764251709 39.5549154281616 39.5693893432617 39.5568609237671 39.3913326263428 39.2618045806885 39.0822792053223 39.0107488632202 39.0202207565308 38.9686937332153 38.6921691894531 38.2339639663696 37.9048595428467 37.7179985046387 37.4961347579956 37.3372707366943
39.164587020874 39.3164386749268 39.3152885437012 39.33314037323 39.3899927139282 39.2698450088501 39.205696105957 39.1315450668335 39.116397857666 39.0882501602173 39.0138940811157 38.9833374023438 38.7667789459229 38.5392217636108 38.4846630096436 38.561107635498 38.7065477371216 38.8649892807007 38.9714317321777 39.0238733291626 39.0373163223267 38.9087581634521 38.6356086730957 38.3598699569702 38.3851327896118 38.3993940353394 38.3206567764282 38.3769159317017 38.7978591918945 39.0675449371338 39.1742296218872 39.2819137573242 39.4705991744995 39.5572834014893 39.578989982605 39.5777225494385 39.5814561843872 39.4221839904785 39.3169164657593 39.1486482620239 39.0073795318604 39.0791110992432 39.105842590332 39.0095720291138 38.8783044815063 38.547661781311 38.1383237838745 38.0067806243896 37.9002361297607 37.7366895675659
39.4977235794067 39.4651279449463 39.4365367889404 39.4459409713745 39.393346786499 39.2927522659302 39.168158531189 39.097562789917 39.0729684829712 39.0333757400513 38.958065032959 38.9330377578735 38.9400119781494 38.9959897994995 38.9439611434937 38.859935760498 38.7469100952148 38.778883934021 38.8378601074219 38.897834777832 38.9048080444336 38.9207820892334 38.9682216644287 38.878212928772 38.8588390350342 38.9244680404663 39.0102910995483 39.1360597610474 39.2518253326416 39.3375911712646 39.2763586044312 39.2861242294312 39.4508905410767 39.5956592559814 39.6425361633301 39.4445276260376 39.2245206832886 39.1615104675293 38.976713180542 38.9378051757812 39.0734806060791 39.1844720840454 39.1044616699219 38.9941730499268 38.9172620773315 38.7093563079834 38.4957876205444 38.3765640258789 38.2553358078003 38.0521106719971
