data/spatiotemp/temp1/bio8_norsw_test_2003_2006.asc
NCOLS 654 
NROWS 380 
XLLCORNER 3.91666666666667 
YLLCORNER 55.3333333333333 
CELLSIZE 0.0416666666666666 
NODATA_value -9999 
[rows 176 to 197 of 380, columns 100 to 149 of 654]
-9999 -9999 -9999 -9999 -9999 -9999 -9999 -9999 -9999 -9999 -9999 5.51256954669952 -9999 4.77576392889023 5.32451409101486 5.01416659355164 4.96061354875565 5.04322922229767 -9999 -9999 -9999 -9999 -9999 -9999 -9999 -9999 -9999 -9999 -9999 -9999 4.69545137882233 5.29078602790833 5.18319195508957 5.32904690504074 5.49781823158264 -9999 4.81006371974945 5.19996511936188 4.89517366886139 3.79597346484661 3.70682221651077 3.68268889188766 3.55822215229273 3.41092198714614 3.32662209589034 3.33532199729234 3.19518851488829 2.86438851803541 2.70108845829964 2.64662165939808
-9999 -9999 -9999 -9999 -9999 -9999 -9999 6.00284731388092 -9999 -9999 -9999 5.40715277194977 4.72182875871658 4.66775107383728 4.33902776241302 3.94904160499573 4.53022456169128 4.55239582061768 4.91450655460358 5.04052406549454 -9999 -9999 -9999 -9999 -9999 -9999 -9999 -9999 -9999 -9999 5.57749420404434 5.35063087940216 -9999 -9999 -9999 4.82095474004745 5.0757292509079 3.80820026993752 4.56266099214554 3.82094174623489 4.42900989949703 3.60334067046642 3.41730869933963 3.11844315752387 3.07491102814674 3.22689353860915 3.17078198865056 3.23674327135086 2.98844926059246 2.80991707742214
-9999 -9999 -9999 -9999 -9999 -9999 -9999 -9999 -9999 -9999 4.83332419395447 4.47189372777939 4.80724877119064 4.077820956707 3.72611647844315 3.44628345966339 3.36284530162811 3.50813537836075 4.46993279457092 4.99393582344055 5.15752243995667 -9999 -9999 -9999 -9999 -9999 -9999 -9999 -9999 -9999 -9999 -9999 -9999 -9999 5.09274196624756 5.42736116051674 5.10713276267052 4.89078786969185 4.73379622399807 3.70592778921127 3.41255806013942 3.62540733069181 3.60079104453325 3.51557244360447 4.21687352657318 4.53067472577095 3.69586452841759 3.25040668528527 2.64048075675964 2.25293481349945
-9999 -9999 -9999 -9999 6.24947547912598 6.19318354129791 6.0130028128624 4.99404829740524 4.21691131591797 4.88903707265854 4.9256677031517 4.11220932006836 3.84750783443451 3.67932146787643 3.46871089935303 3.38417881727219 3.33443856239319 3.48189234733582 -9999 -9999 -9999 -9999 4.94258171319962 4.67637372016907 4.83683240413666 5.37562441825867 -9999 -9999 -9999 -9999 -9999 5.41182947158813 5.42782348394394 -9999 -9999 4.70637804269791 4.45530918240547 4.30223739147186 4.20295366644859 4.01866969466209 3.9162108451128 4.37224394083023 3.9376817792654 3.55676606297493 3.28911270201206 3.15187594294548 2.58057545125484 2.42277517914772 2.12397485971451 1.82450789213181
-9999 -9999 -9999 -9999 -9999 6.2181995511055 6.16072237491608 -9999 -9999 4.26307821273804 4.83773308992386 -9999 -9999 3.61960977315903 3.43252742290497 3.31641733646393 3.25537419319153 3.24373263120651 3.94370234012604 3.84090638160706 3.74925884604454 4.31723457574844 4.59213465452194 4.43788021802902 4.56819719076157 5.1310887336731 5.45854091644287 -9999 -9999 5.19237208366394 5.81315553188324 5.61500215530396 5.51108300685883 -9999 -9999 4.71121448278427 -9999 -9999 3.75850239396095 4.00091174244881 -9999 4.11314475536346 3.86662279069424 3.33082518354058 2.88903434574604 2.5630771368742 2.4987864792347 2.62966237962246 2.4837050139904 2.68774750828743
-9999 -9999 -9999 -9999 -9999 -9999 6.32899731397629 5.59064298868179 6.12833845615387 5.54578268527985 4.15889436006546 4.08422881364822 3.59868639707565 3.42027693986893 2.5374564230442 2.36959812045097 2.19841685891151 2.19224599003792 3.73718178272247 3.63419020175934 3.63803195953369 3.91458803415298 3.78904876112938 3.81297385692596 3.96042454242706 4.05790722370148 -9999 -9999 -9999 -9999 5.57846182584763 5.57884442806244 -9999 -9999 4.53311663866043 4.0199573636055 3.95957584679127 3.6856388002634 3.14931297302246 3.46429020166397 3.90168362855911 4.01273579895496 3.34753810614347 2.95213211886585 3.15891353785992 3.16894501168281 3.15233055315912 2.87171610444784 2.58660174906254 2.61065405607224
-9999 -9999 -9999 -9999 -9999 -9999 6.27748048305511 6.07297956943512 5.68755060434341 4.70008993148804 3.61141550540924 3.3618221282959 3.198879301548 3.00060331821442 2.2856453359127 2.22046059370041 2.03618809580803 2.0974947810173 1.98380154371262 3.46939077973366 3.42142406105995 3.51779067516327 3.33932387828827 3.33269050717354 3.72905725240707 4.30309963226318 4.60330080986023 5.61558091640472 -9999 5.43490678071976 4.86835145950317 4.74771875143051 4.52086585760117 4.4283792078495 3.55015674233437 3.43231843411922 2.61276974529028 2.50608956813812 2.57657587528229 2.92972895130515 3.28968506678939 3.7843506783247 -9999 4.34843897819519 3.83191752433777 3.06914611160755 2.6813747882843 2.6806033924222 2.55599865317345 2.42639377713203
-9999 -9999 -9999 -9999 6.51747524738312 6.38088607788086 5.78950536251068 4.65027350187302 4.28716635704041 4.03286498785019 4.04389679431915 3.00641509890556 2.21002399921417 2.14167910814285 2.05716767907143 1.96648949384689 1.59995925426483 3.28814166784286 2.01186129450798 3.46709123253822 3.687982827425 3.99753397703171 3.81676572561264 4.001788854599 4.37742847204208 4.73914867639542 3.963831782341 3.81622320413589 4.676129758358 2.76328779757023 3.62494933605194 4.19342860579491 3.64271347224712 3.50117880105972 1.55917450785637 2.82444281876087 2.55057490617037 1.96904027462006 1.82983898371458 1.97713772207499 2.5829893797636 3.49406103044748 -9999 -9999 3.5912908166647 3.4133472442627 3.23575210571289 2.65699043869972 2.65839534252882 2.8032218515873
6.02635884284973 6.0110285282135 -9999 6.56370091438293 5.93784296512604 5.62117904424667 4.94108480215073 4.38826131820679 4.15510445833206 3.0363245010376 3.19766035676003 3.33232975006104 2.36386606097221 2.39255973696709 2.40715488791466 2.47307413816452 2.46208944916725 2.51224246621132 2.52290830016136 3.83929187059402 4.20654153823853 -9999 4.63583254814148 4.66245728731155 4.8880403637886 5.68368083238602 3.88617610931396 3.15612280368805 4.33015856146812 4.2339363694191 3.6582138389349 3.65082496404648 3.38306295871735 3.68031078577042 3.07682468183339 2.82876892015338 2.80021318793297 2.79449108242989 2.77726875990629 2.78187969326973 2.66330923140049 2.67489041388035 2.96554179675877 3.53902897238731 -9999 4.06377065181732 3.77179631590843 3.35871106386185 3.41437547281384 -9999
5.43175560235977 5.63108295202255 -9999 -9999 -9999 5.78555113077164 5.23656690120697 4.65772128105164 4.43012589216232 4.38419723510742 3.85609602928162 3.7106876373291 3.66704222559929 -9999 -9999 3.26304763555527 3.07316839694977 2.95488709211349 2.87264758348465 5.22121465206146 5.74036663770676 5.46474611759186 4.90945369005203 4.66037976741791 5.0378839969635 -9999 3.4135394692421 4.63415250182152 4.28463178873062 3.30330516397953 2.76063592243008 1.33302897587419 2.70882514491677 3.04224832542241 2.22817182540894 2.07926177978516 2.06618502736092 2.38327506184578 2.31986512243748 2.29328843951225 2.00196203589439 2.09555298089981 2.42731046676636 2.78023457527161 2.97790494561195 3.80903550982475 -9999 -9999 3.32177237421274 3.06947026902344
5.25481921434402 5.4443666934967 5.74241423606873 5.45058357715607 -9999 -9999 -9999 -9999 -9999 4.72244638204575 4.51194816827774 4.41647505760193 4.27248996496201 4.59130257368088 3.99899512529373 3.56444376707077 3.2670025229454 3.17648231983185 2.82796210050583 3.27378496527672 4.79553598165512 4.60404258966446 4.0269541144371 2.13939083367586 2.05452351272106 4.4210544526577 4.69612348079681 4.46169126033783 3.72160510718822 2.94734067097306 2.62124302238226 2.480145201087 2.63763079792261 2.8970559835434 2.79235219582915 2.57875457406044 2.31149014830589 2.07939251512289 2.26262803375721 1.84519699215889 1.86944836378098 1.81254894286394 2.25014936923981 1.82774994522333 2.71753209084272 3.66878429055214 -9999 3.13913338631392 2.9095856808126 2.60668627917767
5.48604965209961 4.87404155731201 5.01770532131195 5.9831086397171 6.95847654342651 -9999 -9999 -9999 5.07313883304596 4.7022402882576 4.38405025005341 3.43511205911636 3.12829494476318 3.45349726080894 3.95531749725342 2.98743999004364 2.84326711297035 2.82818776369095 2.39127506315708 2.51919591426849 4.08817756175995 3.67656107246876 3.83894476294518 3.21999491006136 3.78787845373154 4.6485955119133 5.09622889757156 4.64302930235863 4.0589325428009 3.52043192088604 2.88305963203311 3.0857220813632 2.28253397345543 1.78831809014082 1.92503273487091 1.99808056652546 1.61046176217496 1.86850979924202 1.77605770528316 1.62827242538333 1.43443470820785 1.70554487220943 2.25966946780682 2.58947104215622 3.20879194885492 3.41226324439049 3.2347621396184 3.42337232083082 2.97236134111881 2.7712871208787
5.56263035535812 5.89511287212372 5.97065114974976 6.05174481868744 -9999 5.97259116172791 5.76223534345627 5.5777473449707 5.45161116123199 4.79476791620255 4.52930718660355 3.81628686189651 3.20727288722992 2.71924528479576 2.65254361927509 2.16564447432756 2.22003148496151 1.98972657322884 1.65075483731925 1.7976165805012 1.69314491469413 1.91750667616725 3.48565982282162 4.04936498403549 4.43158534169197 4.22038245201111 3.91323807835579 3.45868566632271 2.25971842557192 1.93157862871885 1.2546054944396 1.48779905494303 2.10699273645878 1.33968627825379 1.72937978804111 1.93024002760649 1.61610022257082 1.9501271918416 1.59782080957666 1.88451443612576 2.10408766567707 1.16732207685709 2.84156685322523 2.19834174215794 2.41373334825039 2.2423532307148 2.26930643618107 2.89100266247988 2.37146264314651 2.64605472236872
6.02863907814026 6.10736787319183 -9999 5.8106586933136 5.75915378332138 5.83014273643494 5.58792114257812 4.61565983295441 4.16845232248306 4.5903160572052 4.57718974351883 3.56990131735802 2.56604780256748 2.01052794605494 1.40967463701963 0.693488046526909 0.933296017348766 0.878765419125557 1.18306792341173 1.37237061932683 1.46117328107357 3.57184828817844 4.37504154443741 3.95306837558746 3.20483813434839 3.03278857469559 2.58881518989801 2.27934196591377 1.89019164443016 1.8005308508873 1.59136998280883 1.30804258584976 1.05788177251816 0.719054415822029 1.08739353716373 1.74189945496619 0.735926195979118 0.754845857620239 0.640931978821754 0.541351564228535 0.904295936226845 1.19959809631109 2.15133272111416 1.73946220055223 1.60025843698531 1.96922110766172 2.38551729917526 2.15364674478769 1.66677612578496 1.67840556660667
4.84659641981125 5.71189612150192 5.90298998355865 5.11923110485077 4.87900722026825 4.58014380931854 4.04622513055801 4.33480614423752 2.85888740420341 3.34663534164429 4.28198128938675 3.99213123321533 2.74104556441307 1.38229345157743 1.3195412941277 1.25662258639932 1.30455055227503 0.797158539295197 0.635099843144417 0.966374590992928 1.29481597617269 1.67275741696358 4.22882488369942 3.7641739398241 2.91385618411005 2.14770512282848 1.99305413663387 1.739402981475 1.81201183050871 1.80954669415951 2.00624835863709 1.77161674946547 1.65131844393909 1.45235343649983 1.5540551058948 0.311682008206844 0.535233899950981 0.424285762012005 0.282171063125134 0.553389690816402 1.07019993662834 1.85889172926545 1.58409864641726 1.44113907590508 1.52067947387695 2.06822001188993 2.00409378111362 2.00613401830196 1.99484105408192 2.35721480846405
2.92945620417595 3.50420194864273 4.05362331867218 3.57069304585457 3.18239814043045 4.45630651712418 3.49159875512123 3.38889080286026 3.04741245508194 1.9551003947854 2.78378850221634 4.20123291015625 4.08283126354218 3.02246403694153 3.18684783577919 2.85839548707008 2.30621625483036 2.05873073637486 2.84223958849907 2.18996182084084 2.16213545948267 1.74619153386448 1.89546176791191 0.953906267881393 0.0521840481087565 1.31652523577213 1.44053038954735 0.0208506342023611 1.66917871963233 -0.249825485050678 0.904573991894722 1.16618822515011 1.67930253874511 1.55008339881897 0.094957422465086 0.562414065003395 0.457870751619339 0.431327283382416 0.219283863902092 0.636073753237724 0.759173735976219 0.266917120665312 1.52995817363262 1.06797750294209 0.981330275535583 1.05134969949722 1.30303578078747 1.70772171707358 2.11507447063923 2.35559403896332
3.58182090520859 3.50464189052582 4.6128888130188 4.4939758181572 4.51346117258072 4.24661207199097 4.5454306602478 4.48733925819397 4.43763172626495 4.0923433303833 4.41649925708771 4.21412044763565 3.27278369665146 2.12374523282051 2.0212067887187 1.24833511809629 1.55987299978733 0.34798726439476 1.32093485072255 0.490715645253658 0.652496412396431 0.129277466330677 0.54205821454525 1.14933907240629 0.0707866111770272 -0.544099226593971 -0.952818304300308 -0.500037416815758 -0.0627163350582123 -0.212355084717274 0.067339550703764 0.287200827151537 0.232562290504575 -0.0790764093399048 0.187784934416413 0.201479369774461 0.258340761065483 0.513702072203159 0.525063432753086 0.260591365396976 0.281480945646763 0.0592322461307049 1.59281773492694 1.49064940214157 1.23198102414608 1.16047933697701 1.33647787570953 1.53314282000065 1.90230787917972 1.85263951122761
4.83791172504425 4.89574867486954 4.40571874380112 3.89528393745422 4.38480579853058 4.56474471092224 4.07049173116684 3.32072708010674 2.55512870848179 2.20936384797096 3.02993243932724 3.0196675658226 3.7052638232708 2.30513787269592 1.47487299889326 0.559274844825268 0.200284307822585 0.678234964609146 0.694185525178909 0.803636103868484 0.769753441214561 0.522704102098942 0.453654736280441 0.387605294585228 -0.211610741913319 -0.357493475079536 -0.112542893737555 0.292741142213345 0.522849477827549 2.30295206606388 1.94322489947081 0.227647485211492 -0.140919849276543 -0.133653853088617 0.0824455618858337 0.393711529672146 0.722144201397896 0.000743547454476357 0.204509578645229 1.29351403564215 1.36338896304369 1.31436646729708 1.35234386473894 1.26332116127014 1.37013178318739 1.34394255280495 1.29075311124325 1.25956376641989 1.08887445926666 1.21768515557051
4.36320185661316 5.03477215766907 4.69239801168442 4.44546043872833 3.76519525051117 3.22761970758438 2.85263630747795 2.54481160640717 2.14548695832491 1.75732902437449 1.5250042565167 1.21501304861158 1.51002169027925 2.02369704842567 2.07370571047068 1.87754771672189 1.6491955704987 1.21848262473941 1.01693649590015 0.969889961183071 0.738343745470047 0.531130768358707 0.413751095533371 0.382704742252827 0.448991917073727 0.791112259030342 1.27156588248909 2.61493320018053 0.552248604595661 0.111085953656584 -0.665410131216049 -0.483239382505417 -0.707901909947395 -0.949897855520248 -0.627727210521698 -0.346723131835461 0.242947593331337 0.164951661601663 0.229289088398218 0.862053096294403 0.545790642499924 0.672246977686882 0.912536665797234 0.824159502983093 0.68694931268692 0.667738974094391 0.792361885309219 0.843984872102737 0.771107733249664 0.828064054250717
3.43967270851135 2.70924893021584 3.46614083647728 4.84834712743759 2.74171632528305 2.84855115413666 3.37876325845718 3.28177136182785 3.43484526872635 3.25779402256012 2.99290955066681 2.77902519702911 2.86314085125923 2.66175624728203 2.07053856551647 1.80232066428289 1.31894012045814 1.11356367170811 1.07785376906395 0.951977252960205 0.942100711166859 1.11939077824354 1.1623476408422 0.956970945000648 1.14709444344044 0.767384693026543 0.384008020162582 0.270298205316067 0.183480932377279 0.145723136141896 0.028631741181016 -0.256626069545746 -0.477717265486717 -0.855641916394234 -1.17806655168533 -0.185466885566711 -0.181535512208939 0.49139592051506 0.0812353181536309 0.299310714006424 0.809025570750237 0.435794144868851 0.266729444265366 0.309498071670532 0.316433280706406 0.341035306453705 2.18527096509933 1.97400739789009 2.01707696914673 2.28514665365219
2.6965274810791 2.43037463724613 2.67810568213463 3.75650370121002 3.36653605103493 3.81679534912109 2.89729708433151 3.08805513381958 3.74523377418518 4.24681466817856 3.52434262633324 3.32398602366447 3.05578756332397 3.19932425022125 3.35420459508896 2.4870936870575 2.1123515740037 1.47747791558504 1.31127116573043 1.40289773605764 1.26069104485214 0.724650830030441 -0.116222653537989 -0.570096164941788 0.0758638149127364 -0.694342941045761 -1.37888318300247 -0.891423285007477 -1.4599532186985 -1.26480638980865 -0.884659603238106 -0.593512833118439 -0.791032731533051 -0.839219197630882 -1.1245724260807 -0.167244970798492 0.0334324836730957 0.476776570081711 -0.438985168933868 0.114161578472704 1.69959379266948 0.618341326713562 0.0515889525413513 -0.183996796607971 1.30873638391495 1.31186583638191 1.41549548506737 1.34162482619286 4.63460060954094 5.27588713169098
4.53686410188675 4.35962027311325 3.86073744297028 3.54646566510201 3.68641126155853 4.35715711116791 -9999 -9999 3.66539496183395 3.01573160290718 1.80388689599931 0.85454948246479 0.979045435786247 1.76937467139214 2.69320386648178 1.28503320226446 0.452762745320797 0.393559075891972 0.407021947205067 -0.529348284006119 -0.88571885228157 0.479744136333466 -1.27979290485382 -1.93482977151871 -0.443866863846779 -0.951737314462662 -2.10160771012306 -2.19014474749565 -2.24555417895317 -0.640396267175674 -1.42395108938217 -1.43173289299011 -0.313959628343582 -1.53229662775993 -1.33074504137039 -1.50402694940567 -1.27464205026627 -1.03675717115402 -0.899872422218323 0.794836968183517 -0.0393163971602917 0.453388541936874 1.78679615259171 0.898151963949203 0.137341275811195 0.609863843768835 4.52157066762447 4.96138244867325 8.90141496062279 9.18239092826843
