data/spatiotemp/temp1/bio8_norsw_test_2003_2006.asc
NCOLS 654 
NROWS 380 
XLLCORNER 3.91666666666667 
YLLCORNER 55.3333333333333 
CELLSIZE 0.0416666666666666 
NODATA_value -9999 
[rows 308 to 329 of 380, columns 200 to 249 of 654]
9.37470579147339 13.082034945488 13.1876044273376 12.8931745290756 12.5912441015244 12.6346470117569 14.5167253017426 14.7599446773529 14.7743306159973 14.8425495624542 14.9042682647705 14.9234879016876 14.9264557361603 14.9063401222229 14.8722245693207 14.9491086006165 15.0304930210114 15.0905437469482 15.1069281101227 15.1188125610352 15.0968632698059 15.0804142951965 15.0421319007874 14.9600162506104 14.871613740921 14.6725916862488 14.5024025440216 14.4390470981598 14.4063582420349 14.4853358268738 14.6321465969086 14.6704580783844 14.497935295105 14.2089130878448 14.1858909130096 14.4910352230072 14.4992687702179 14.7045919895172 14.8720812797546 14.8844044208527 14.8843941688538 14.8852167129517 14.9055397510529 14.9320292472839 14.9121856689453 14.7946751117706 14.7364985942841 14.796820640564 14.9129955768585 14.8466877937317
12.906946182251 13.0713844299316 13.1184892654419 13.0185941457748 12.8900330066681 12.8536381721497 14.6167712211609 14.6211066246033 14.6862754821777 14.7669439315796 14.8329458236694 14.8859481811523 14.8837954998016 14.8163213729858 14.884681224823 14.9873740673065 15.0605671405792 15.0910935401917 15.0841195583344 15.0788123607635 15.0416719913483 14.9970316886902 14.9383912086487 14.869250535965 14.7521634101868 14.5272970199585 14.4232633113861 14.4570627212524 14.4643621444702 14.4924952983856 14.5142948627472 14.4779281616211 14.4195609092712 14.2193608283997 14.3551604747772 14.5144598484039 14.4959816932678 14.6755585670471 14.7309684753418 14.7797119617462 14.7832887172699 14.7918655872345 14.8262755870819 14.8491859436035 14.7934288978577 14.5350058078766 14.4189159870148 14.5581593513489 14.7567324638367 14.6708009243011
12.8045827150345 12.8357752561569 12.8639678955078 12.8533277511597 12.836687207222 12.8213796615601 12.8454061746597 14.6215288639069 14.6890921592712 14.7184886932373 14.7917182445526 14.8627822399139 14.8445158004761 14.8359208106995 14.9196591377258 14.9665639400482 15.0068023204803 15.0222072601318 15.0432789325714 15.0421838760376 14.9885885715485 14.9001605510712 14.7713985443115 14.6576368808746 14.560332775116 14.4228208065033 14.3384754657745 14.3689630031586 14.3582844734192 14.1896057128906 14.132926940918 14.118914604187 14.1875691413879 14.3050570487976 14.383044719696 14.2056994438171 14.1335561275482 14.396781206131 14.6381731033325 14.6750648021698 14.6794564723969 14.7176821231842 14.7129073143005 14.7339661121368 14.6695249080658 14.4009170532227 14.5304756164551 14.7108678817749 14.6371338367462 14.521607875824
12.8877083063126 12.802041053772 12.7513741254807 12.7630405426025 12.8078737258911 12.8203737735748 12.8170397281647 14.60671210289 14.5929481983185 14.6578505039215 14.7652530670166 14.8649892807007 14.8757846355438 14.8971378803253 14.9139909744263 14.9156785011292 14.9366986751556 14.963219165802 14.9559061527252 14.9392595291138 14.8937795162201 14.7678000926971 14.6158201694489 14.5441737174988 14.4104552268982 14.305163860321 14.2622065544128 14.2234148979187 13.9734575748444 13.6868331432343 13.6978752613068 13.997584104538 13.9964599609375 14.1721684932709 14.2705438137054 14.0074193477631 13.8159914016724 14.1939268112183 14.5586955547333 14.5704636573792 14.6463992595673 14.7026679515839 14.6716027259827 14.589704990387 14.4456400871277 14.3942415714264 14.5845105648041 14.6094453334808 14.4773669242859 14.4159409999847
12.8185007572174 12.8076401948929 12.7942800521851 12.8507534265518 12.7875601053238 12.798367023468 12.8568398952484 14.6447279453278 14.6694703102112 14.6735460758209 14.7164552211761 14.7671971321106 14.848052740097 14.8975217342377 14.9123239517212 14.8877928256989 14.8594288825989 14.8658976554871 14.8271999359131 14.7555019855499 14.6803040504456 14.5382733345032 14.4727425575256 14.4133775234222 14.3345775604248 14.2548408508301 14.1706039905548 14.03453373909 13.9349637031555 13.9022266864777 13.9248239994049 13.924920797348 13.8441832065582 14.0999464988708 14.1112101078033 13.8553068637848 13.9717614650726 14.1717391014099 14.4033844470978 14.3966963291168 14.4626746177673 14.4384865760803 14.4514648914337 14.3534429073334 14.1275882720947 14.1530668735504 14.2780451774597 14.4891901016235 14.3849332332611 14.3552742004395
12.8526264429092 12.765406370163 12.8523527383804 12.7741330862045 12.6485800743103 12.7878603935242 14.6399958133698 14.622077703476 12.8567010164261 12.8728142976761 14.6313228607178 14.7375712394714 14.8224875926971 14.8632388114929 14.8418228626251 14.8230741024017 14.8099915981293 14.7762427330017 14.7283265590668 14.6180779933929 14.5389950275421 14.4017460346222 14.3636639118195 14.3654148578644 14.2206995487213 14.1346838474274 14.0540010929108 13.9381523132324 13.8939700126648 13.8799543380737 13.8934388160706 13.8660893440247 13.8694076538086 13.9842257499695 13.9610431194305 13.9610271453857 14.0123636722565 14.133885383606 14.2110733985901 14.226095199585 14.2887833118439 14.0914719104767 13.9016597270966 13.8670148849487 14.0225367546082 14.1050579547882 14.2479128837585 14.3829345703125 14.279333114624 14.2892742156982
12.9137519598007 12.8135054111481 12.7340925931931 12.6200134754181 12.6291002035141 12.9698541164398 13.0269410610199 12.9468613862991 12.7969484329224 12.8195357322693 12.9164563417435 14.7531123161316 14.8280892372131 14.8727889060974 14.8476552963257 14.8176884651184 14.8232214450836 14.7719209194183 14.7241208553314 14.6864869594574 14.5403535366058 14.3373863697052 14.335086107254 14.2824523448944 14.1406545639038 14.0700266361237 13.9955651760101 13.5490684509277 13.8901431560516 13.8658485412598 13.8440539836884 13.8284261226654 13.8607976436615 13.8843367099762 13.8572089672089 13.8955812454224 13.9331331253052 14.0260310173035 14.0910956859589 13.9909942150116 13.9410588741302 13.7809569835663 13.7460219860077 13.8755865097046 13.9798178672791 14.0405495166779 14.2199478149414 14.2461791038513 14.209566116333 14.2782742977142
12.9115443229675 12.7517713308334 12.6494990587234 12.5915596485138 12.778453707695 14.7132546901703 12.9039081335068 12.7254691123962 12.7478629350662 12.917090177536 12.992817401886 13.0512115955353 14.8386912345886 14.8925061225891 13.0502424240112 12.9673094749451 14.6516177654266 14.609099149704 14.5495810508728 14.4742293357849 14.4373776912689 14.2735259532928 14.2431743144989 14.1249895095825 14.0961105823517 14.0372030735016 13.9847967624664 13.9660561084747 13.9069831371307 13.8575761318207 13.8445026874542 13.8439285755157 13.8313553333282 13.8074481487274 13.7687084674835 13.7884681224823 13.8429021835327 13.8718435764313 13.9141182899475 13.6455595493317 13.6115009784698 13.595109462738 13.8052172660828 13.8889915943146 13.9699332714081 14.0967078208923 14.2091491222382 14.1094236373901 14.1464657783508 14.2174406051636
12.8365029096603 12.6673709154129 12.6770715713501 14.4562251567841 14.6188249588013 12.7016743421555 12.6692086458206 14.510125875473 14.7377264499664 14.7733268737793 12.9611787796021 12.9548803567886 12.878321647644 12.920171380043 12.8695213794708 12.7820378541946 12.7795541286469 12.7357374429703 12.6799203157425 12.6836034059525 14.3499019145966 14.2373325824738 14.2504296302795 14.1396932601929 14.0785658359528 14.0283801555634 13.9680273532867 13.9358413219452 13.8523223400116 13.8189697265625 13.8484513759613 13.7870984077454 13.7105791568756 13.7003936767578 13.6722083091736 13.7373557090759 13.7921712398529 13.8366558551788 13.706974029541 13.5891251564026 13.5086100101471 13.6305947303772 13.8349120616913 13.9258968830109 13.6298580169678 13.7059011459351 13.5546114444733 14.0223350524902 14.0791988372803 14.1694405078888
12.8422952890396 12.805136680603 14.5469431877136 14.709216594696 14.7928230762482 14.7977628707886 14.8783693313599 14.9161422252655 14.7557487487793 12.8718662261963 12.8120408058167 12.7572149038315 12.7077015638351 12.6948342323303 12.7378001213074 12.7485990524292 12.7447320222855 12.6261974573135 12.651997089386 12.613462805748 12.4169286489487 14.2084722518921 14.1546847820282 14.0757305622101 13.9718542098999 13.9247231483459 13.8660914897919 13.8519604206085 13.7869954109192 13.4484841823578 13.7122328281403 13.5861015319824 13.6689701080322 13.7048389911652 13.6277077198029 13.675409078598 13.6224405765533 13.7391355037689 13.8454961776733 13.780690908432 13.7298851013184 13.7845795154572 13.8881077766418 14.0214686393738 13.625483751297 14.0118579864502 13.9217183589935 13.4368307590485 13.5013961791992 14.0397741794586
12.8749214410782 14.5929825305939 14.7954287528992 14.8313744068146 14.8641538619995 14.8607668876648 14.8530461788177 14.7884919643402 14.5644378662109 12.6189203262329 12.4704018831253 12.4438834190369 12.4655812978745 12.4949969053268 12.6747456789017 12.8151608705521 12.7277425527573 12.6344915628433 12.582239985466 12.3294885158539 12.2955706119537 11.9685801267624 13.6051926612854 13.6088449954987 13.5626101493835 13.9163997173309 13.8816556930542 13.8149123191833 13.9231688976288 13.8095917701721 13.2627093791962 13.6001045703888 13.6365275382996 13.6911172866821 13.5758731365204 13.5644629001617 13.7122101783752 13.7557811737061 13.8986854553223 13.8284232616425 13.6979942321777 13.8440647125244 13.5287880897522 13.9913742542267 14.070778131485 14.0273492336273 13.8810861110687 13.9133241176605 13.5396521091461 13.8974411487579
14.6223430633545 14.7362952232361 14.8282475471497 14.7665328979492 14.7576515674591 14.6576039791107 14.6697225570679 14.5443413257599 12.7228535413742 12.5196413993835 12.3847631216049 12.3512179851532 12.4062950611115 12.5131593942642 9.8836173415184 9.9709460735321 12.3972474336624 12.2425751686096 12.2779030799866 11.9660643339157 11.9207258224487 12.0260546207428 11.7967162132263 13.6800417900085 13.6819055080414 13.6710603237152 13.6215486526489 13.5317034721375 13.7236909866333 13.6974856853485 13.5794634819031 13.6141076087952 13.4852509498596 13.595228433609 13.4458725452423 13.4451832771301 13.6558125019073 13.7215938568115 13.8073744773865 13.8408217430115 13.7707695960999 13.8465504646301 13.9351646900177 13.967111825943 14.084892988205 13.9525074958801 13.8651213645935 13.9007358551025 13.9405641555786 13.9731073379517
14.7359826564789 14.8124413490295 14.7397327423096 14.7560243606567 14.5321490764618 14.4012742042542 12.7672438621521 12.6153389215469 12.60726749897 12.6203627586365 12.5169579982758 12.4740533828735 12.4931747913361 12.4523224830627 9.70779383182526 9.70233333110809 9.68237286806107 9.92691242694855 12.3226126432419 12.1180288791656 12.0697785615921 12.0410284996033 11.8652778863907 13.6715722084045 13.6257016658783 13.4688005447388 13.9626173973083 14.0388159751892 13.6442620754242 13.6200466156006 13.4904115200043 13.5239436626434 13.5111420154572 13.4823403358459 13.4288725852966 13.3990702629089 13.6435823440552 13.6860728263855 13.8458967208862 13.8203876018524 13.6968779563904 13.8408694267273 13.9408595561981 13.9676840305328 14.0051743984222 14.0443322658539 14.0836565494537 14.0884802341461 14.028297662735 13.798107624054
14.9144558906555 14.749920129776 14.5915515422821 14.5556824207306 12.7247402667999 12.7339752912521 12.6657106876373 12.5252797603607 12.6733484268188 12.6560842990875 12.5568194389343 12.5247215032578 12.5467211008072 9.68971920013428 9.43980312347412 9.52838754653931 9.80397146940231 9.89272266626358 11.8233221769333 11.822993516922 11.9414979219437 11.6776691675186 11.6178399324417 11.8371782302856 13.4799978733063 13.6654286384583 13.8465151786804 13.830290555954 13.8516879081726 13.5494406223297 13.3956933021545 13.3457794189453 13.4383656978607 13.4456186294556 13.4968717098236 13.4662911891937 13.6916847229004 13.7973852157593 13.8782525062561 13.8362865447998 13.814487695694 13.823520898819 13.8843882083893 13.9724223613739 14.0906229019165 14.2778236865997 14.3020241260529 14.0505583286285 14.0908639431 13.9747741222382
12.5513175725937 14.6141443252563 14.5814568996429 12.7827471494675 12.6063798666 12.7946795225143 12.7891449928284 12.6479443311691 12.7329103946686 12.6100429296494 12.563675403595 12.4326410293579 12.438712477684 12.6187222003937 9.72521805763245 9.82811856269836 10.1648524999619 12.4276075363159 12.021071434021 12.1086142063141 11.8351657390594 11.7002960443497 11.6304260492325 11.7032231092453 13.4911453723907 13.4636814594269 13.6992182731628 13.8882539272308 13.9084463119507 13.5726201534271 13.4916269779205 13.3731341362 13.4279747009277 13.3984820842743 13.4263226985931 13.462662935257 13.5852222442627 13.7640006542206 13.9022791385651 13.7748908996582 13.7598359584808 13.7412807941437 13.7875590324402 13.8586709499359 13.966616153717 14.0392277240753 13.8601727485657 13.7156174182892 13.7810683250427 13.8645243644714
14.6134426593781 12.8792804479599 12.8470669984818 12.6975201368332 12.6111397743225 12.783759355545 12.7250454425812 12.8784992694855 12.7227858304977 12.6905722618103 12.621858716011 12.5493121147156 12.6909816265106 12.7922006845474 10.0062046051025 12.4596463441849 12.8161919116974 12.6937447786331 12.4977970123291 12.3405164480209 12.2585691213608 11.9934079647064 11.9327019453049 12.3550599813461 14.2294456958771 14.3115739822388 14.314368724823 14.2418293952942 13.9792904853821 13.7985851764679 13.6057133674622 13.5286746025085 13.5766355991364 13.4127633571625 13.4417247772217 13.4670197963715 13.5646953582764 13.8217525482178 13.8656430244446 13.7263667583466 13.6337575912476 13.6631479263306 13.6840388774872 13.7757630348206 13.8944866657257 13.9235441684723 13.841267824173 13.7581589221954 13.7850778102875 13.7748577594757
12.8093047142029 12.7460787296295 12.7746855020523 12.7806258201599 12.8033995628357 12.9830069541931 12.9201138019562 12.7808873653412 12.6459943056107 12.6967684030533 12.6563758850098 12.6093158721924 12.5807507038116 12.669512629509 12.7812747955322 12.7920370101929 12.7599657773972 12.6733945608139 12.1221492290497 12.4042522907257 12.4591804742813 12.5496098995209 12.4980387687683 14.3007533550262 14.388307094574 14.4087226390839 14.3049712181091 14.2683863639832 14.1704680919647 13.9380505084991 13.7717990875244 13.713047504425 13.6099634170532 13.4575448036194 13.4882938861847 13.575208902359 13.7773349285126 13.8646712303162 13.8333404064178 13.79700922966 13.6558456420898 13.6375153064728 13.6650185585022 13.7688553333282 13.8105247020721 13.8293607234955 13.814530134201 13.817866563797 13.7739200592041 13.7355256080627
12.8854489326477 12.8323763608932 12.8499705791473 12.8727320432663 13.0094927549362 12.9977540969849 12.7640147209167 12.7112755775452 12.730536699295 12.6702980995178 12.7103923559189 12.709820151329 12.7846859693527 12.8411582708359 12.8297958374023 12.8516011238098 12.8469064235687 12.7042111158371 12.5085157155991 12.3419877290726 12.5281261205673 12.5705977678299 12.5922356843948 14.3478283882141 14.3105013370514 14.2613711357117 14.3005743026733 14.1686100959778 14.1138126850128 13.9885156154633 14.078218460083 13.9139204025269 13.8024568557739 13.7294931411743 13.7323622703552 13.9013986587524 13.9488077163696 13.8979227542877 13.8217046260834 13.8308200836182 13.7332682609558 13.651549577713 13.7348318099976 13.7716135978699 13.7947285175323 13.8196773529053 13.8167924880981 13.8305740356445 13.8019297122955 13.6858587265015
12.7642594575882 12.7268408536911 12.8274228572845 12.9300042390823 13.168585896492 13.0451679229736 12.9395825862885 12.8631638288498 12.8184123039246 12.8753273487091 12.8980754613876 12.8541572093964 12.941955447197 12.8778034448624 12.783317565918 12.7611652612686 12.7545130252838 12.7131942510605 12.5357084274292 12.4782232046127 12.567237496376 12.5565853118896 14.2659754753113 14.3612368106842 14.3461964130402 14.2823529243469 14.3111765384674 14.1665005683899 14.1468236446381 14.1369805335999 14.1173038482666 14.0667943954468 14.0869510173798 14.0169413089752 14.0710983276367 14.0429215431213 13.9262802600861 13.8841745853424 13.8090686798096 13.8126292228699 13.7005231380463 13.7039172649384 13.7579786777496 13.7633724212646 13.8452663421631 13.8464937210083 13.8378877639771 13.936115026474 13.8802721500397 13.7015254497528
14.5148890018463 14.5666542053223 12.8958749771118 13.0884437561035 13.1615124940872 12.9390813112259 12.9576501846313 12.9218858480453 12.8346211910248 12.8901903629303 13.0422593355179 13.0616616010666 12.7850575447083 12.6034481525421 12.5623393058777 12.5030627250671 12.4841200113297 12.4975106716156 12.5240683555603 12.6304587125778 12.6736825704575 14.3622198104858 14.3262658119202 14.2754788398743 14.1632249355316 14.2250020503998 14.3347795009613 14.2702236175537 14.2316677570343 14.1752789020538 14.0765569210052 14.1070008277893 14.2159452438354 14.1688892841339 14.1776671409607 14.0377781391144 13.9065866470337 13.949259519577 13.8172659873962 13.694105386734 13.7044451236725 13.7502851486206 13.7114579677582 13.8367977142334 13.9619705677032 14.0028104782104 13.9604833126068 13.976322889328 13.9516153335571 13.8085260391235
14.9043335914612 14.8057901859283 14.7647461891174 13.0982166528702 12.9394388198853 12.9671621322632 13.0560505390167 12.9176074266434 13.0178307294846 13.1340532302856 13.141775727272 12.9131653308868 12.6796602010727 12.5239272117615 12.4483603239059 12.4076269865036 12.4215605258942 12.4379941225052 12.526761174202 12.5408608913422 14.3907282352448 14.3213927745819 14.3147234916687 14.1308875083923 14.1399190425873 14.2208170890808 14.3502156734467 14.2659471035004 14.1143460273743 14.055077791214 14.0473093986511 14.1393740177155 14.2562725543976 14.2756705284119 14.2167356014252 14.0173008441925 13.9887261390686 13.838844537735 13.7214629650116 13.74658203125 13.759533405304 13.7258188724518 13.7937710285187 13.8433892726898 14.0396747589111 14.045459985733 13.9089121818542 13.8483643531799 13.9424579143524 13.9626922607422
14.7117786407471 14.6462578773499 14.5582389831543 14.4580523967743 12.8543655872345 12.9162422418594 13.1134524345398 13.0788292884827 13.0490391254425 12.9784154891968 12.9436260461807 12.6910030841827 12.5139294862747 12.4004056453705 12.3388817310333 12.3000246286392 12.3558343648911 12.4528107643127 12.4467866420746 14.2161681652069 14.355949640274 14.306232213974 14.2928473949432 14.2177965641022 14.1641137599945 14.2426328659058 14.189651966095 14.1863377094269 14.1060237884521 14.0735425949097 13.9983949661255 14.0867471694946 14.2904334068298 14.2971186637878 14.1709711551666 14.0269906520844 13.9506986141205 13.7822625637054 13.7836606502533 13.8102247714996 13.9002890586853 13.8140203952789 13.8794174194336 13.8976483345032 14.0955457687378 14.0772767066956 13.9056742191315 13.8037388324738 13.9233005046844 14.0091931819916
