data/spatiotemp/temp1/bio8_norsw_test_2003_2006.asc
NCOLS 654 
NROWS 380 
XLLCORNER 3.91666666666667 
YLLCORNER 55.3333333333333 
CELLSIZE 0.0416666666666666 
NODATA_value -9999 
[rows 198 to 219 of 380, columns 250 to 299 of 654]
13.1297945976257 13.1878759860992 13.2524566650391 13.2422044277191 13.0146186351776 12.9413664340973 12.9971139431 12.9470281600952 12.7847757339478 12.696357011795 12.7205128669739 12.5645761489868 12.4914741516113 12.589704990387 12.6326024532318 12.3224999904633 12.1562309265137 12.2616281509399 12.5813591480255 12.6194229125977 12.6371538639069 12.7770504951477 12.619570016861 12.4917085170746 12.6041808128357 12.6068196296692 12.7332923412323 12.2922644615173 12.1282365322113 12.4518756866455 12.8103477954865 12.4359867572784 12.3616256713867 12.3322649002075 12.3146271705627 12.4375457763672 12.5059645175934 12.3113832473755 12.2598016262054 12.372554063797 12.8259727954865 12.7730581760406 12.5874764919281 12.650562286377 12.8624806404114 12.9978992938995 12.6895518302917 12.7732713222504 12.6346578598022 12.5692102909088
12.8385508060455 13.1097297668457 13.1495764255524 13.186755657196 12.9557685852051 12.8862812519073 12.9006280899048 12.9684739112854 12.7974860668182 12.7949998378754 12.8333086967468 12.6154148578644 12.5086877346039 12.4514601230621 12.6710665225983 12.6538388729095 12.5314450263977 12.554217338562 12.7149901390076 12.6402628421783 12.6335353851318 12.5113084316254 12.7357375621796 12.6401579380035 12.547411441803 12.7628314495087 12.834751367569 12.6035046577454 12.5790913105011 12.6666779518127 12.8009316921234 12.7130181789398 12.6126048564911 12.4885246753693 12.7602841854095 12.7687163352966 13.0034816265106 12.8477468490601 12.7056789398193 12.9774444103241 12.9975428581238 12.7521412372589 12.5585737228394 12.6741721630096 12.9431040287018 13.1173694133759 12.9323916435242 12.8141710758209 12.7341170310974 12.561229467392
12.7139732837677 12.9074175357819 13.0013618469238 13.1193072795868 12.958251953125 12.9343633651733 13.0014746189117 13.0459198951721 12.8921973705292 12.8008091449738 12.8037722110748 12.7774198055267 12.7014007568359 12.6870486736298 12.7396965026855 12.724011182785 12.4624924659729 12.3451399803162 12.360621213913 12.484602689743 12.6812508106232 12.6813986301422 12.7769060134888 12.7894403934479 12.6938083171844 12.737842798233 12.5097105503082 12.1542446613312 12.2469456195831 12.3064804077148 12.3911817073822 12.9368824958801 12.9810838699341 12.961118221283 12.9429411888123 12.7648866176605 12.7314987182617 12.7744438648224 12.798722743988 13.1703345775604 13.192613363266 12.9093918800354 12.6950039863586 12.6601159572601 12.9960610866547 13.0760066509247 13.0658984184265 12.908570766449 12.8634095191956 12.6100816726685
12.5490617752075 12.8304386138916 12.9961483478546 12.5971920490265 12.5675687789917 12.7684452533722 13.000988483429 13.077365398407 12.9209084510803 12.6987850666046 12.7470688819885 12.6144244670868 12.4811146259308 12.3514709472656 12.4169940948486 12.6568503379822 12.4272067546844 12.310896396637 12.3120858669281 12.3301088809967 12.4392988681793 12.5338215827942 12.6649074554443 12.7528898715973 12.8088719844818 12.7016878128052 12.4586696624756 12.2079854011536 11.9353008270264 12.247282743454 12.4714317321777 12.5462470054626 12.5662293434143 12.832377910614 12.9259314537048 12.8090572357178 12.7903487682343 12.79847407341 12.6679332256317 12.8843910694122 12.9795169830322 13.0653085708618 13.0632674694061 12.9603924751282 12.9923515319824 13.2364761829376 13.1735718250275 13.1639699935913 12.8390352725983 12.8724336624146
12.4293704032898 12.7638733386993 12.8890426158905 12.4905452728271 12.3853816986084 12.381551027298 12.7178874015808 13.004890203476 12.797226190567 12.5893955230713 12.6101248264313 12.5562469959259 12.4602024555206 12.3621580600739 12.396947145462 12.4572358131409 12.4223582744598 12.5871467590332 12.4827694892883 12.3553912639618 12.488846540451 12.5398027896881 12.5744843482971 12.5448927879333 12.4838008880615 12.6290426254272 12.594117641449 12.4053595066071 12.2151010036469 12.1861763000488 12.358250617981 12.3704929351807 12.3099009990692 12.4366431236267 12.5575721263885 12.7198553085327 12.5698046684265 12.3150880336761 12.1568713188171 12.2033212184906 12.2977712154388 12.3210542201996 12.4508376121521 12.4512875080109 12.7007372379303 13.0161871910095 12.9180002212524 13.267510175705 12.8868536949158 13.0781970024109
12.5617322921753 12.8032214641571 12.7100448608398 12.5318677425385 12.5431909561157 12.3991811275482 12.3663380146027 12.5243277549744 12.7654838562012 12.7504742145538 12.6129412651062 12.3305532932281 12.2739989757538 12.1957776546478 12.3785557746887 12.3351683616638 12.2642800807953 12.5230579376221 12.390837430954 12.2952823638916 12.3408944606781 12.4421734809875 12.3689692020416 12.379115819931 12.3500955104828 12.4319081306458 12.6817212104797 12.5933675765991 12.3315141201019 12.2979938983917 12.4301400184631 12.284286737442 12.2595996856689 12.2124128341675 12.3871955871582 12.4696147441864 12.4003667831421 12.3316190242767 12.2197048664093 12.146790266037 12.2967092990875 12.5162947177887 12.5182139873505 12.7036333084106 12.909551858902 13.1151375770569 13.1086840629578 13.2208573818207 13.3473644256592 13.4368712902069
12.7634260654449 12.8752362728119 12.679046869278 12.5833570957184 12.5943341255188 12.5223107337952 12.3619544506073 12.3252649307251 12.5149083137512 12.6517186164856 12.6544246673584 12.5018601417542 12.3306283950806 12.2155635356903 12.2621650695801 12.2929329872131 12.310534954071 12.5026369094849 12.585072517395 12.2480075359344 12.1052756309509 12.2558777332306 12.2046203613281 12.3193380832672 12.1445560455322 12.1097738742828 12.2038249969482 12.6313765048981 12.4619271755219 12.0768122673035 12.287029504776 12.2745804786682 12.2909648418427 12.3383495807648 12.6554853916168 12.4860401153564 12.4407618045807 12.2843172550201 12.2965378761292 12.1354265213013 12.306981086731 12.5592021942139 12.4987573623657 12.40931224823 12.6933665275574 12.894921541214 12.9658672809601 13.1680381298065 13.3425414562225 13.5732123851776
12.7996203899384 12.8647513389587 12.9087154865265 12.755512714386 12.6088106632233 12.4522743225098 12.3517382144928 12.3975353240967 12.5196664333344 12.4176301956177 12.6090748310089 12.5293333530426 12.3630912303925 12.3553493022919 12.3592739105225 12.3396987915039 12.2896234989166 12.3150486946106 12.4601399898529 12.5062317848206 12.2073233127594 12.1642482280731 12.1714384555817 12.3588948249817 12.3215169906616 12.132306098938 12.1749284267426 12.5520508289337 12.7591731548309 12.3986294269562 12.7164182662964 13.0508742332458 13.0279972553253 12.7697861194611 12.9331090450287 13.093466758728 12.679990530014 12.4283475875854 12.5097045898438 12.5257287025452 12.7225859165192 12.9762761592865 12.8408002853394 12.6228249073029 12.6436812877655 12.5650391578674 12.4818844795227 12.5532186031342 12.9053862094879 13.4290537834167
12.7359819412231 12.6890995502472 12.8790512084961 12.8745024204254 12.4561197757721 12.3980710506439 12.403021812439 12.3929731845856 12.5324244499207 12.4753754138947 12.4415578842163 12.4676394462585 12.6140537261963 12.4081354141235 12.2092168331146 12.406298160553 12.2810456752777 12.2872939109802 12.2208755016327 12.6241233348846 12.3107047080994 12.069118976593 11.9889233112335 12.2726171016693 12.5953109264374 12.7031717300415 12.6733655929565 12.8545596599579 13.0375864505768 12.8851137161255 12.9509742259979 13.1911680698395 13.4340288639069 13.4387228488922 13.3560655117035 13.5757255554199 13.4163854122162 12.9695451259613 12.9228715896606 12.5926976203918 12.5706906318665 13.1933505535126 13.1776766777039 13.1326701641083 13.2329964637756 13.0358226299286 12.8119013309479 12.5747327804565 12.9018967151642 13.2802278995514
12.6491761207581 12.7787811756134 12.9842193126678 12.9271578788757 12.7489287853241 12.5635340213776 12.580638885498 12.6662435531616 12.7945151329041 12.4249534606934 12.4860417842865 12.7546126842499 12.7391829490662 12.9212548732758 12.537159204483 12.4802305698395 12.2041342258453 12.2080385684967 12.3664436340332 12.8216807842255 12.8634192943573 12.7914896011353 12.6284079551697 12.4741735458374 12.5501048564911 12.8942036628723 13.0644690990448 13.1677339076996 13.3169996738434 13.4749314785004 13.5715298652649 13.5314617156982 13.6075603961945 13.6068255901337 13.5053563117981 13.4553182125092 13.4322805404663 13.5509090423584 13.5143721103668 13.5990002155304 13.3504629135132 13.3882577419281 13.6835534572601 13.7615156173706 13.8091444969177 13.5092732906342 13.3744184970856 13.1364130973816 13.2460741996765 13.3599026203156
12.6972043514252 12.835129737854 12.717554807663 12.7338132858276 12.9309055805206 12.8628306388855 12.7459223270416 12.847514629364 12.9551062583923 12.9190318584442 12.9145247936249 13.037585735321 12.9538130760193 13.1305406093597 13.1407680511475 13.0364956855774 12.5480568408966 12.2307844161987 12.4393448829651 12.8870723247528 13.0859663486481 13.2143609523773 13.2620594501495 13.2725627422333 13.0135660171509 13.0545692443848 13.2235722541809 13.2310757637024 13.2305793762207 13.3190822601318 13.266419172287 13.1600890159607 12.9960923194885 12.7950956821442 12.6083126068115 12.5340774059296 12.8160090446472 13.1669404506683 13.3423719406128 13.4194695949554 13.505234003067 13.6558320522308 13.5685966014862 13.4700284004211 13.7119598388672 13.7092237472534 13.7056019306183 13.7845938205719 13.7507519721985 13.5350768566132
12.5388987064362 12.8066446781158 12.5695571899414 12.3978028297424 12.5572147369385 12.8232941627502 12.8223729133606 12.4877848625183 12.3968644142151 12.4084432125092 12.7340083122253 13.078891992569 13.1051094532013 13.2123265266418 13.2973771095276 13.3625943660736 13.229811668396 13.0350291728973 12.9465796947479 12.6752967834473 12.8955142498016 13.1445651054382 13.3863780498505 13.4597852230072 13.4258606433868 13.3292684555054 13.3026764392853 13.0392510890961 12.6529922485352 12.9007332324982 12.9434747695923 12.7635495662689 12.6436240673065 12.4791986942291 12.3741030693054 12.5221698284149 12.7240707874298 12.865471124649 12.7723715305328 12.5411052703857 12.7983391284943 13.0179059505463 12.6484732627869 12.5912072658539 12.9812746047974 13.1675081253052 13.1081192493439 13.2119410037994 13.488929271698 13.7334177494049
12.4517602920532 12.632826089859 12.8027257919312 12.830625295639 12.8280239105225 12.77459025383 12.8311564922333 12.9603891372681 13.0847885608673 13.0225214958191 12.9873247146606 13.0525317192078 13.160572052002 13.1816124916077 13.2809865474701 13.3643600940704 13.3112335205078 13.2962741851807 13.2969813346863 13.2803552150726 13.2443954944611 13.2307693958282 12.9131960868835 12.9536752700806 13.1966545581818 13.2159671783447 13.1239469051361 13.2009263038635 12.873738527298 12.710884809494 12.7288641929626 12.8593430519104 12.7091555595398 12.4691352844238 12.4403929710388 12.5487627983093 12.6701323986053 12.7478349208832 12.6413714885712 12.5024077892303 12.5676107406616 12.7241468429565 12.6663498878479 12.5728859901428 12.9145891666412 13.0972919464111 13.0756361484528 13.0492882728577 13.2239398956299 13.2579255104065
12.3416211605072 12.389007806778 12.4138944149017 12.3969476222992 12.7293343544006 12.9553871154785 13.0517735481262 13.0246601104736 12.9365463256836 12.5622661113739 12.4596412181854 12.7208383083344 12.8770351409912 12.8598990440369 13.0175952911377 13.3066256046295 13.3869893550873 13.321852684021 13.3930494785309 13.1152460575104 13.0721099376678 13.1328063011169 12.9773471355438 12.6573977470398 12.6636152267456 12.6691663265228 12.5142166614532 12.8372676372528 12.8734846115112 12.8213691711426 12.8092532157898 12.7403035163879 12.7070212364197 12.5344052314758 12.5493497848511 12.5781888961792 12.6018607616425 12.5400326251984 12.6037044525146 12.4055433273315 12.3495490550995 12.5432212352753 12.557559967041 12.5080649852753 12.5732374191284 12.5899093151093 12.5564866065979 12.5621354579926 12.8591175079346 13.0769331455231
11.9674828052521 11.9886894226074 12.0337297916412 12.056770324707 12.3624770641327 12.5690171718597 12.5948905944824 12.6397638320923 12.777637720108 13.0596783161163 12.9821248054504 13.138477563858 13.2138311862946 13.1196844577789 12.9338710308075 13.1202244758606 13.3897445201874 13.4622645378113 13.5136177539825 13.1618044376373 13.0223240852356 13.0670108795166 12.9933319091797 12.8999538421631 12.7484097480774 12.5520312786102 12.6413204669952 12.7121090888977 12.5422315597534 12.5653529167175 12.6346423625946 12.8787639141083 12.9875531196594 12.8510086536407 12.5756402015686 12.403947353363 12.5310893058777 12.4845635890961 12.5792045593262 12.6678459644318 12.5984869003296 12.7191286087036 12.55876994133 12.4600775241852 12.3963849544525 12.4165263175964 12.2726702690125 12.3483154773712 12.462128162384 12.7111077308655
11.9325108528137 11.8998711109161 11.994565486908 12.1204259395599 12.2581195831299 12.1969804763794 12.2320077419281 12.3013682365417 12.4407291412354 12.7762560844421 13.0464413166046 13.2382838726044 13.1962940692902 13.2679703235626 12.9754798412323 13.0658233165741 13.3654997348785 13.3640093803406 13.5253527164459 13.4070289134979 13.0880389213562 13.0535483360291 12.9111497402191 12.7058432102203 12.7310366630554 12.8853969573975 13.0650904178619 13.0222842693329 12.8218109607697 12.802670955658 12.7595310211182 12.9347248077393 13.0470848083496 12.8799448013306 12.6950967311859 12.4937074184418 12.3591504096985 12.5019283294678 12.6572046279907 12.7149820327759 12.6930918693542 12.7267026901245 12.585479259491 12.5029232501984 12.4267003536224 12.3664772510529 12.4051866531372 12.4223296642303 12.4701392650604 12.5994484424591
12.0956418514252 11.9938902854919 11.971305847168 12.0382211208344 11.9956367015839 12.037052154541 12.0269675254822 12.1837162971497 12.0962982177734 12.3233802318573 13.0128164291382 13.3567740917206 13.4387307167053 13.4790215492249 13.3186450004578 13.3227694034576 13.4537262916565 13.1635167598724 13.344140291214 13.4769313335419 13.340888261795 13.2860119342804 13.2038910388947 12.9155251979828 12.8006596565247 13.0594601631165 13.0984280109406 13.3515622615814 13.301696062088 13.2746639251709 13.2741310596466 13.1699321269989 13.1147332191467 12.9127006530762 12.7875506877899 12.7371187210083 12.6996855735779 12.4879190921783 12.4938199520111 12.6543869972229 12.8152875900269 12.9681882858276 12.7717552185059 12.5999894142151 12.5130565166473 12.4537899494171 12.5692064762115 12.6449718475342 12.5855700969696 12.5983352661133
12.2383763790131 12.4684138298035 12.2354519367218 12.1168234348297 12.0550274848938 12.0372323989868 12.1726036071777 12.3311409950256 12.601012468338 12.5125503540039 12.7707507610321 13.1629462242126 13.4151418209076 13.5261704921722 13.5896990299225 13.5718953609467 13.5774247646332 13.3244531154633 13.2339823246002 13.4653441905975 13.3277065753937 13.2730691432953 13.2247219085693 13.1456661224365 12.9387772083282 12.9590547084808 13.026998758316 13.2262759208679 13.3517203330994 13.4169976711273 13.5081083774567 13.6370527744293 13.3679971694946 13.0347745418549 13.0728356838226 13.0190143585205 12.9073593616486 12.8407049179077 12.8708829879761 12.9647281169891 13.1424069404602 13.236918926239 13.1287641525269 12.9827756881714 12.8921208381653 12.8087995052338 12.7962288856506 12.937908411026 12.9872543811798 12.8702676296234
12.3692774772644 12.2679376602173 12.8102650642395 12.7800912857056 12.4617519378662 12.2652459144592 12.3100731372833 12.7077331542969 12.8193938732147 12.9113876819611 12.9783511161804 13.0947849750519 13.2145528793335 13.5058195590973 13.6449208259583 13.6071877479553 13.6914558410645 13.384889125824 12.9548234939575 13.4509239196777 13.3721916675568 13.2709589004517 13.1188867092133 13.0203070640564 12.9987282752991 12.9533154964447 13.0805695056915 13.0756571292877 12.7780778408051 12.8556652069092 13.2310860157013 13.5883402824402 13.5727610588074 13.2718489170074 13.1597874164581 13.2140774726868 12.8213672637939 12.7568233013153 12.9831132888794 13.074569940567 13.2010266780853 13.2888162136078 13.2401056289673 13.1875624656677 13.1025190353394 13.0479755401611 12.9285840988159 12.8906786441803 12.9592726230621 13.0783665180206
12.9533452987671 12.8902947902679 12.9102442264557 12.8966937065125 13.0609767436981 12.978592634201 12.9160425662994 12.9999921321869 12.785275220871 12.5978910923004 12.401951789856 12.4771249294281 12.7152972221375 13.1526358127594 13.5543084144592 13.6528143882751 13.557653427124 13.6489923000336 13.4876646995544 13.3218371868134 13.4630098342896 13.0266823768616 13.0632169246674 12.9421150684357 13.0586788654327 13.0984098911285 13.2294738292694 13.1027045249939 12.6172688007355 12.6168332099915 12.8372302055359 13.1736280918121 13.4206919670105 13.5285894870758 13.5077390670776 13.4748065471649 13.1262075901031 13.0744423866272 13.0910098552704 13.0982446670532 13.1626455783844 12.9460465908051 12.8524477481842 12.945348739624 13.1892502307892 13.2474846839905 13.039439201355 12.9509482383728 12.7672901153564 12.9044659137726
13.1424126625061 13.1841514110565 13.1840569972992 13.0486288070679 13.117368221283 13.2187733650208 13.2286784648895 13.1934173107147 13.0713224411011 13.1145613193512 12.9837193489075 12.9724633693695 13.0838742256165 13.2984519004822 13.3363630771637 13.4497735500336 13.526517868042 13.5764288902283 13.7336728572845 13.7092509269714 13.4351618289948 13.2909054756165 13.1757144927979 13.2204225063324 13.1017963886261 13.3566706180573 13.5383780002594 13.0615854263306 12.804792881012 12.7366673946381 12.6497077941895 12.7329156398773 13.1759562492371 13.1389973163605 13.3606903553009 13.7722027301788 13.5523817539215 13.4692277908325 13.682906627655 13.5702524185181 13.3699316978455 13.2602770328522 13.2297892570496 13.1303024291992 13.3174810409546 13.6264936923981 13.3754613399506 13.1505515575409 13.143807888031 13.1832315921783
13.0844807624817 13.0870084762573 13.2890362739563 13.2110643386841 13.0935924053192 13.2399535179138 13.2109813690186 13.2783422470093 13.1977038383484 13.1185648441315 13.0476534366608 13.2176361083984 13.2509517669678 13.0927679538727 12.9960839748383 13.1923995018005 13.1532158851624 13.169531583786 13.480681180954 13.692830324173 13.8469798564911 13.7512958049774 13.6747126579285 13.450229883194 13.2327473163605 13.1259319782257 13.5276157855988 13.503133058548 13.3169839382172 13.0430009365082 12.9133520126343 13.0318694114685 13.2182202339172 13.1927375793457 13.1903083324432 13.5892651081085 13.868889093399 13.8600132465363 13.9733033180237 13.9679269790649 13.6140508651733 13.3998413085938 13.2217984199524 13.11492228508 13.290712594986 13.6055028438568 13.8863170146942 13.6651546955109 13.2869930267334 13.6263301372528
