data/spatiotemp/temp1/bio8_norsw_test_2003_2006.asc
NCOLS 654 
NROWS 380 
XLLCORNER 3.91666666666667 
YLLCORNER 55.3333333333333 
CELLSIZE 0.0416666666666666 
NODATA_value -9999 
[rows 264 to 285 of 380, columns 300 to 349 of 654]
15.1066427230835 15.1462070941925 15.2852721214294 15.3081696033478 15.3370678424835 15.3211319446564 15.3641963005066 15.4094281196594 15.4797163009644 15.4957301616669 15.4834110736847 15.5075912475586 15.5192713737488 15.5674517154694 15.5647988319397 15.5596461296082 15.510326385498 15.4643409252167 15.4636878967285 15.4918677806854 15.5278589725494 15.5168263912201 15.3571276664734 15.1805953979492 15.1112294197083 15.097697019577 15.1374981403351 15.1682991981506 15.1784338951111 15.0880680084229 14.9938697814941 15.0146703720093 15.0744500160217 15.0350422859192 14.9593002796173 15.0278925895691 15.0351514816284 15.0977435112 15.0833351612091 15.1027603149414 15.1443526744843 15.1851100921631 15.2185351848602 15.128794670105 15.1116394996643 15.1052384376526 15.1270043849945 15.1441028118134 15.1600351333618 15.2193002700806
15.1603014469147 15.2834494113922 15.3672652244568 15.3970801830292 15.290894985199 15.3452117443085 15.4186928272247 15.4271745681763 15.4037022590637 15.4126086235046 15.4210147857666 15.4520881175995 15.4623267650604 15.5075669288635 15.5518069267273 15.5468802452087 15.4644525051117 15.4235258102417 15.4654326438904 15.4715049266815 15.4057478904724 15.3081612586975 15.2180743217468 15.1434874534607 15.1087336540222 15.0998136997223 15.1000604629517 15.1448063850403 15.1527197360992 15.1254661083221 15.0732126235962 15.0642924308777 15.0498476028442 14.9697105884552 14.9634063243866 15.0041024684906 15.0307984352112 15.0768287181854 15.1208581924438 15.2243876457214 15.3000838756561 15.2834467887878 15.2564761638641 15.2151727676392 15.1817495822906 15.1858730316162 15.1933298110962 15.2039532661438 15.1989102363586 15.2113664150238
15.2101271152496 15.3385260105133 15.4465923309326 15.4158248901367 15.4150574207306 15.3939571380615 15.4385223388672 15.4380886554718 15.4258544445038 15.4463200569153 15.460284948349 15.4769175052643 15.4843833446503 15.5260155200958 15.4781477451324 15.4141132831573 15.3682453632355 15.3230445384979 15.3128433227539 15.3188087940216 15.2819707393646 15.2071628570557 15.1671884059906 15.1257126331329 15.1134049892426 15.134929895401 15.1471216678619 15.1903138160706 15.2071726322174 15.2070305347443 15.1627225875854 15.1562478542328 15.029411315918 14.979877948761 15.028678894043 14.9984796047211 15.0809466838837 15.1870808601379 15.2357144355774 15.3125152587891 15.3449823856354 15.3346164226532 15.3260841369629 15.2732176780701 15.232025384903 15.2816739082336 15.2223219871521 15.2136368751526 15.2037851810455 15.2155992984772
15.2477853298187 15.261435508728 15.35125207901 15.3347351551056 15.3768856525421 15.4167025089264 15.4501860141754 15.4716691970825 15.4741730690002 15.512864112854 15.5148894786835 15.5189139842987 15.48677277565 15.4584639072418 15.3626556396484 15.3053467273712 15.279705286026 15.2550632953644 15.2347548007965 15.2481126785278 15.2728607654572 15.2698309421539 15.2681353092194 15.2214388847351 15.1814088821411 15.175713300705 15.207850933075 15.2504880428314 15.2152919769287 15.224595785141 15.2197327613831 15.1962032318115 15.092474937439 15.0898795127869 15.1836180686951 15.1873564720154 15.2219276428223 15.3114998340607 15.3412380218506 15.354975938797 15.374214887619 15.3271191120148 15.3015241622925 15.3135960102081 15.2726354598999 15.312308549881 15.3099811077118 15.2503201961517 15.2629930973053 15.2458329200745
14.7376661300659 15.2875113487244 15.3149120807648 15.3008134365082 15.4082140922546 15.5272812843323 15.5161824226379 15.4597504138947 15.4339923858643 15.5244097709656 15.4906606674194 15.515077829361 15.4888281822205 15.4290790557861 15.3448293209076 15.2782468795776 15.2208309173584 15.183248758316 15.1934986114502 15.2119164466858 15.1757500171661 15.1596655845642 15.2059154510498 15.2031645774841 15.1665806770325 15.1489963531494 15.2017455101013 15.2478287220001 15.2247440814972 15.2051603794098 15.1910758018494 15.1714925765991 15.113872051239 15.1173810958862 15.2113907337189 15.2707328796387 15.2759087085724 15.2909183502197 15.281760931015 15.3362700939178 15.3684463500977 15.3529558181763 15.3079650402069 15.3153076171875 15.3802444934845 15.3526089191437 15.334639787674 15.2803373336792 15.2600347995758 15.2568991184235
14.8777620792389 15.3637537956238 15.4122388362885 15.5062243938446 15.645875453949 15.6176941394806 15.5531785488129 15.5193305015564 15.4709784984589 15.4116215705872 15.5612645149231 15.5789074897766 15.5118842124939 15.4155278205872 15.3248369693756 15.2734804153442 15.1792905330658 15.1797668933868 15.2424099445343 15.2503867149353 15.2054724693298 15.1605005264282 15.1383616924286 15.2210569381714 15.235417842865 15.2534463405609 15.262140750885 15.3045017719269 15.3681974411011 15.3458917140961 15.2252531051636 15.1339478492737 15.1591024398804 15.2605488300323 15.3191628456116 15.3576099872589 15.3342232704163 15.3326704502106 15.3339512348175 15.3848977088928 15.4213449954987 15.4211254119873 15.3610725402832 15.3426864147186 15.4480209350586 15.4037432670593 15.3884654045105 15.3323547840118 15.3017432689667 15.3006327152252
15.417094707489 15.4066634178162 15.4935660362244 15.5389683246613 15.6377041339874 15.6596064567566 15.6030082702637 15.521244764328 15.477463722229 15.42999958992 15.4193687438965 15.49640417099 15.4927735328674 15.5181424617767 15.5166778564453 15.3918807506561 15.309916973114 15.3281188011169 15.3506546020508 15.3033576011658 15.3136949539185 15.2463357448578 15.2103087902069 15.2414486408234 15.2224225997925 15.231062412262 15.2743692398071 15.4081761837006 15.5269830226898 15.5369563102722 15.436763048172 15.342236995697 15.2609989643097 15.2693836688995 15.3594355583191 15.3496534824371 15.3537044525146 15.3572559356689 15.366307258606 15.4036917686462 15.4067432880402 15.4259617328644 15.4315135478973 15.4457309246063 15.4262969493866 15.4048771858215 15.3896238803864 15.4252045154572 15.398951292038 15.4186985492706
15.4174196720123 15.4909057617188 15.5282258987427 15.5433795452118 15.6100327968597 15.653685092926 15.632171869278 15.6163246631622 15.5051159858704 15.4708776473999 15.4266393184662 15.4577343463898 15.5153293609619 15.4919245243073 15.4938523769379 15.3696143627167 15.3535423278809 15.3553040027618 15.3738994598389 15.3133277893066 15.3620843887329 15.3595035076141 15.3187556266785 15.3261744976044 15.3087601661682 15.2791788578033 15.276597738266 15.4250166416168 15.6971023082733 15.8573548793793 15.8327732086182 15.6325254440308 15.4640629291534 15.456885099411 15.506041765213 15.4163632392883 15.3825187683105 15.4125080108643 15.412663936615 15.4544870853424 15.4816422462463 15.4444644451141 15.3966207504272 15.3994433879852 15.4282398223877 15.4433445930481 15.3732831478119 15.4102215766907 15.449492931366 15.5172650814056
15.0258836746216 15.5244822502136 15.5647194385529 15.5852904319763 15.5861940383911 15.6455976963043 15.6635019779205 15.6299059391022 15.6076011657715 15.5224232673645 15.4745764732361 15.536230802536 15.621551990509 15.6047058105469 15.5551936626434 15.5651814937592 15.5871686935425 15.5336563587189 15.4748096466064 15.3422980308533 15.3023076057434 15.3441712856293 15.3660356998444 15.3673996925354 15.3492641448975 15.3139617443085 15.2933266162872 15.3396909236908 15.4967215061188 15.6079189777374 15.5789501667023 15.5334813594818 15.5291264057159 15.5757203102112 15.4811470508575 15.4152400493622 15.3574998378754 15.3689270019531 15.3958535194397 15.4237811565399 15.440541267395 15.4451341629028 15.442227602005 15.4548213481903 15.4866828918457 15.4803125858307 15.3831088542938 15.405905008316 15.4428677558899 15.4596638679504
15.5529034137726 15.5765585899353 15.5900461673737 15.6185345649719 15.6148555278778 15.6658434867859 15.6386649608612 15.6399862766266 15.6059203147888 15.6236336231232 15.6903474330902 15.6947281360626 15.749773979187 15.7513206005096 15.7063677310944 15.7237477302551 15.6799612045288 15.587507724762 15.4895544052124 15.4261014461517 15.3395297527313 15.3351728916168 15.4156494140625 15.4631254673004 15.4536018371582 15.4220781326294 15.4243884086609 15.4445312023163 15.4958415031433 15.3733174800873 15.2077939510345 15.2684364318848 15.3945236206055 15.4515550136566 15.5445854663849 15.5199506282806 15.5043148994446 15.4530124664307 15.4668769836426 15.5329086780548 15.5561063289642 15.5323040485382 15.4905021190643 15.5941994190216 15.6682925224304 15.609112739563 15.5476012229919 15.4962549209595 15.4959096908569 15.4975643157959
15.6688640117645 15.5978448390961 15.6539936065674 15.746307849884 15.6747891902924 15.6692707538605 15.6577525138855 15.6599006652832 15.6323945522308 15.653068780899 15.7265753746033 15.706582069397 15.7140879631042 15.7617626190186 15.7457690238953 15.7442762851715 15.7729496955872 15.6927897930145 15.6359632015228 15.6218032836914 15.5825502872467 15.5582036972046 15.5733575820923 15.582177400589 15.5681645870209 15.5741517543793 15.6004724502563 15.602126121521 15.5559458732605 15.4425992965698 15.3949198722839 15.4854073524475 15.5635793209076 15.5779387950897 15.574963092804 15.5064878463745 15.5556795597076 15.6155383586884 15.674896478653 15.674587726593 15.6556129455566 15.6918048858643 15.6511631011963 15.6046876907349 15.6302976608276 15.6218249797821 15.6598536968231 15.6385481357574 15.6129093170166 15.616436958313
15.7371251583099 15.6825096607208 15.6945602893829 15.8204441070557 15.8693289756775 15.7942128181458 15.8024308681488 15.7583146095276 15.7380247116089 15.7230589389801 15.7789261341095 15.7716269493103 15.7691617012024 15.8043630123138 15.8258972167969 15.8257651329041 15.7501330375671 15.676167011261 15.6818685531616 15.6489026546478 15.6572012901306 15.6615977287292 15.6659939289093 15.6505565643311 15.6274528503418 15.6513488292694 15.6375782489777 15.5166413784027 15.5325374603271 15.5074336528778 15.4749958515167 15.625559091568 15.6827948093414 15.6193699836731 15.5802779197693 15.5855195522308 15.5557615756989 15.6533358097076 15.7445771694183 15.7694857120514 15.7858936786652 15.7816355228424 15.7343771457672 15.6906192302704 15.6720316410065 15.6502816677094 15.664032459259 15.6366164684296 15.5970335006714 15.5887846946716
15.748720407486 15.8848412036896 15.9372940063477 16.0459146499634 15.9840347766876 15.8753216266632 15.8496086597443 15.8308956623077 15.8193202018738 15.8102157115936 15.8411107063293 15.7883398532867 15.7772355079651 15.8504638671875 15.9363594055176 15.9895877838135 15.8999834060669 15.717045545578 15.6601073741913 15.6753356456757 15.6856861114502 15.6279916763306 15.6147971153259 15.6766023635864 15.57524061203 15.6430463790894 15.6985182762146 15.6593227386475 15.6442952156067 15.5749335289001 15.5579051971436 15.7132108211517 15.7036759853363 15.7354679107666 15.8450925350189 15.8547172546387 15.9413418769836 15.8671338558197 15.7884247303009 15.7560498714447 15.7316753864288 15.7798001766205 15.8294250965118 15.7700502872467 15.6437654495239 15.6059052944183 15.5930452346802 15.5285179615021 15.5466582775116 15.5411310195923
15.8768153190613 16.0301711559296 16.157860994339 16.2638838291168 16.0982403755188 15.9915974140167 15.9041202068329 15.8731439113617 15.8712830543518 15.8918733596802 15.8349623680115 15.8732187747955 15.8713085651398 15.918398141861 15.9903206825256 16.0329098701477 15.8714997768402 15.7854232788086 15.7300128936768 15.7581026554108 15.7956702709198 15.7783849239349 15.7365996837616 15.718980550766 15.5851953029633 15.6110761165619 15.7489573955536 15.6320052146912 15.5992193222046 15.6552670001984 15.6504817008972 15.7205293178558 15.7055578231812 15.7832319736481 15.8572406768799 15.9749162197113 16.092756986618 16.0499320030212 15.939439535141 15.9079477787018 15.8616228103638 15.8426311016083 15.8594727516174 15.7833139896393 15.6808331012726 15.6760284900665 15.5935580730438 15.562753200531 15.5917825698853 15.5738115310669
15.9974095821381 16.0713360309601 16.1609289646149 16.206520318985 16.1051132678986 16.0423731803894 15.9181327819824 15.9370579719543 15.9749126434326 16.0748631954193 15.9648134708405 15.9545981884003 15.9608817100525 15.9409985542297 15.9594492912292 15.9452333450317 15.8435170650482 15.832300901413 15.7969183921814 15.7990350723267 15.8033218383789 15.8179447650909 15.8134024143219 15.8201923370361 15.7119829654694 15.6431066989899 15.773063659668 15.7155208587646 15.6264777183533 15.6652677059174 15.660391330719 15.6645143032074 15.711439371109 15.8486635684967 15.8202216625214 16.0407798290253 16.1725046634674 16.1268963813782 16.1171214580536 16.0448460578918 16.01407122612 15.9282953739166 15.8735203742981 15.8790786266327 15.8349006175995 15.6824855804443 15.6225697994232 15.6398224830627 15.6570737361908 15.6551585197449
16.0020048618317 16.0944998264313 16.1643283367157 16.1808245182037 16.1068193912506 16.0743148326874 16.0551435947418 16.0274720191956 16.1143760681152 16.1353540420532 16.0329983234406 16.0006432533264 16.0649545192719 16.0254328250885 15.978244304657 15.9853892326355 15.9425337314606 15.8925120830536 15.8439903259277 15.790967464447 15.7654731273651 15.7945055961609 15.8100385665894 15.8432383537292 15.8667709827423 15.8533041477203 15.781503200531 15.7833690643311 15.8319017887115 15.8382678031921 15.7458009719849 15.7971663475037 15.8763203620911 15.8737616539001 15.8490369319916 16.104644536972 16.2285859584808 16.1770277023315 16.1628019809723 16.1722438335419 16.061851978302 15.9641268253326 15.8467347621918 15.8495097160339 15.9373013973236 15.8449416160583 15.7502491474152 15.7268898487091 15.7486979961395 15.7694737911224
16.0834333896637 16.1339976787567 16.182062625885 16.1589605808258 16.0946917533875 16.033257484436 16.088987827301 16.1215529441833 16.1140053272247 16.0576777458191 15.9681832790375 16.0168552398682 16.0736947059631 15.9817006587982 15.9745390415192 15.9933779239655 15.9500508308411 15.9192230701447 15.8838949203491 15.8505675792694 15.8506243228912 15.8379004001617 15.7950086593628 15.8194506168365 15.8728926181793 15.8983337879181 15.8854424953461 15.8692181110382 15.897159576416 15.9069347381592 15.8512103557587 15.9159848690033 15.939201593399 15.8103604316711 15.8750176429749 16.094176530838 16.2186672687531 16.2118256092072 16.2369832992554 16.1979751586914 16.1589665412903 16.0481240749359 15.8019490242004 15.8616077899933 16.0656538009644 16.0769743919373 15.9024293422699 15.860716342926 15.8711562156677 15.8639004230499
16.0960276126862 16.177994966507 16.11829662323 16.0635974407196 16.1000649929047 16.0250322818756 16.0078332424164 16.0661344528198 16.0703015327454 16.0190019607544 15.9658679962158 15.9562344551086 16.0066006183624 15.9101345539093 15.9335007667542 16.0018680095673 15.8970677852631 15.8657677173615 15.8813004493713 15.9236669540405 15.8707761764526 15.929126739502 15.9006450176239 15.856329202652 15.8981802463531 15.8963649272919 15.8837153911591 15.9140665531158 15.9284174442291 15.9624345302582 15.9549522399902 15.9276371002197 15.931750535965 15.877124786377 16.0193333625793 16.0808742046356 16.3177487850189 16.3297901153564 16.2128314971924 16.2600395679474 16.283519744873 16.0720162391663 15.9156634807587 15.8910386562347 15.9302461147308 15.9302787780762 15.9170153141022 15.9394717216492 15.8310420513153 15.8169078826904
16.2082889080048 16.3491594791412 16.2808637619019 16.1335666179657 16.0666041374207 16.0448079109192 16.0353448390961 16.0233821868896 16.0394306182861 16.0808258056641 16.0525531768799 15.9559471607208 15.9740078449249 16.0252349376678 15.9837961196899 15.947523355484 15.9387512207031 15.8336455821991 15.856705904007 15.8357677459717 15.8420941829681 15.8833549022675 15.9579484462738 15.9375412464142 15.9074685573578 15.7377278804779 15.7628216743469 15.8644151687622 15.9685082435608 15.9861018657684 15.9813623428345 15.9636220932007 15.8826315402985 15.9680562019348 16.1988136768341 16.3039054870605 16.3834965229034 16.3720886707306 16.3563461303711 16.2952778339386 16.2155840396881 16.0262589454651 15.8326942920685 15.8198304176331 15.8736238479614 15.9092965126038 15.9166662693024 15.8900492191315 15.8796684741974 15.8344497680664
16.0252175331116 16.1396577358246 16.075430393219 15.8995370864868 15.7538104057312 15.7277503013611 15.7713565826416 15.8002963066101 15.818060874939 15.8273158073425 15.8222374916077 15.8384926319122 15.8349146842957 15.8253357410431 15.9689247608185 15.9633464813232 15.7997679710388 15.8246898651123 15.8922781944275 15.9121997356415 15.8679122924805 15.9397478103638 15.9647507667542 15.923919916153 15.9322555065155 15.8782589435577 15.8005945682526 15.8595976829529 15.8714334964752 15.9311027526855 15.937438249588 16.0047740936279 15.9640128612518 15.943487405777 16.034628868103 16.1482701301575 16.2814114093781 16.418053150177 16.4771943092346 16.4655168056488 16.3986947536469 16.1564033031464 15.9493432044983 15.8955373764038 15.9341583251953 15.9447386264801 15.9688000679016 15.9749677181244 15.9948623180389 15.9095983505249
15.8843121528625 15.8684875965118 15.830331325531 15.8243403434753 15.749016046524 15.7211925983429 15.7118685245514 15.7258770465851 15.7490234375 15.7618064880371 15.7525887489319 15.7238709926605 15.7003209590912 15.7336032390594 15.772885799408 15.8171689510345 15.8189516067505 15.7649009227753 15.8415172100067 15.8679661750793 15.9242298603058 15.9406418800354 15.9318871498108 15.8426322937012 15.8947107791901 15.9366230964661 15.9512004852295 15.9127788543701 15.8616914749146 15.8126027584076 15.9450144767761 15.9655933380127 15.9632275104523 15.9207525253296 15.9346103668213 15.9674680233002 15.997659444809 16.1085176467896 16.2735424041748 16.308066368103 16.2588517665863 16.0482914447784 15.8740532398224 15.9439978599548 16.0014710426331 16.0169749259949 15.9990208148956 16.0512328147888 16.0934400558472 15.9731538295746
15.7467410564423 15.7629857063293 15.8157317638397 15.8001434803009 15.7505552768707 15.7369673252106 15.7433793544769 15.718291759491 15.7314858436584 15.7454626560211 15.7169399261475 15.7020833492279 15.7103939056396 15.726371049881 15.6958472728729 15.8268246650696 15.9584684371948 15.8619453907013 15.8650894165039 15.9588994979858 15.9362146854401 15.9508693218231 15.8971898555756 15.7655112743378 15.8168318271637 15.8594861030579 15.8784737586975 15.8696274757385 15.7601153850555 15.7631032466888 15.8704242706299 15.9672451019287 15.9911091327667 15.9531836509705 15.97092461586 15.8533329963684 15.8607409000397 15.9459812641144 16.058723449707 16.0914647579193 16.0452058315277 15.8922793865204 15.7293548583984 15.8169288635254 15.9550378322601 16.0452647209167 12.5291195511818 12.4985073804855 12.4661553502083 12.4730567932129
