data/spatiotemp/temp1/bio9_norsw_test_2003_2006.asc
NCOLS 654 
NROWS 380 
XLLCORNER 3.91666666666667 
YLLCORNER 55.3333333333333 
CELLSIZE 0.0416666666666666 
NODATA_value -9999 
[rows 126 to 146 of 380, columns 196 to 244 of 654]
8.76748061180115 8.88386994600296 8.89147931337357 8.88294315338135 8.93891912698746 8.95333129167557 -9999 8.82770478725433 8.57625529170036 8.09084066748619 8.49680078029633 8.67473465204239 -9999 7.14710066467524 7.13982511311769 7.87618869543076 7.49660354107618 6.9317367374897 6.27787011861801 7.19383683800697 6.56413659453392 5.60760325193405 5.59673634171486 6.92831362783909 6.95116931200027 7.81708010658622 7.55493584740907 7.26556903123856 6.96605876088142 6.73540467023849 7.05458423495293 7.20376363396645 7.23860991001129 6.30162262916565 4.22296887636185 3.52598166465759 3.80749452114105 3.27934068441391 3.79985344409943 5.05286622047424 5.46085667610168 5.48415726423264 5.42762488126755 4.83559226989746 3.82339298725128 3.77952724695206 3.48566150665283 3.75346225500107 3.89659631252289
8.99260812997818 8.99142837524414 8.98434543609619 8.90613180398941 8.96047616004944 9.00294494628906 8.97676783800125 8.96737307310104 8.94249379634857 8.95713782310486 8.99445486068726 8.88025677204132 8.40272551774979 7.58311072736979 8.10485009849072 7.90838153660297 6.62999776005745 6.04917818307877 6.17369186878204 6.82587251067162 6.08338615298271 5.03523343801498 4.78308045864105 6.0609275996685 5.26210796833038 6.06720516085625 7.81874362379313 7.44648288190365 7.30767461657524 6.28471168875694 6.09224876761436 6.26928558945656 6.53115582466125 6.99502623081207 5.78306317329407 5.27793323993683 4.4603037238121 3.48584073781967 3.70154422521591 4.36824780702591 4.80835950374603 4.84954577684402 4.40489900112152 4.35875225067139 4.50043869018555 4.1291252374649 -0.0288360118865967 -0.217560350894928 2.24823844432831
8.91055333614349 -9999 9.11679470539093 9.00699871778488 9.10734575986862 8.96533632278442 9.00957703590393 8.95250791311264 8.90674835443497 8.93410378694534 8.68665772676468 8.82374784350395 8.11470678448677 7.6749372035265 8.51072281599045 7.37690775282681 5.7683918774128 5.80661931633949 5.82551383972168 6.39057487249374 6.92313578724861 5.50436371564865 4.77009135484695 4.70081907510757 5.70254671573639 5.81727451086044 7.55300221592188 7.70523000508547 7.2424578666687 6.6955187022686 6.30191317200661 5.62614077329636 5.07420182228088 5.94392967224121 6.23615735769272 5.57555168867111 4.40311288833618 4.24034065008163 4.33856809139252 3.8724627494812 3.77319568395615 4.37493467330933 4.91617321968079 4.81774520874023 4.10798406600952 4.02588927745819 3.23515589535236 3.51017244160175 3.66218879073858
-9999 -9999 -9999 -9999 -9999 -9999 -9999 8.8025649189949 8.80002927780151 8.91984513401985 8.8780671954155 8.56185722351074 6.99814706295729 5.97524273395538 7.10152068734169 6.3458394408226 4.54878586530685 4.54189389944077 5.40233582258224 5.91727712750435 6.08771896362305 6.52099403738976 5.51760214567184 4.68171072006226 4.73881894350052 6.55009394884109 7.44120210409164 7.57014367729425 7.30074052512646 6.23799231648445 5.71974420547485 4.63816273212433 4.39591467380524 5.20883321762085 4.84125179052353 4.58233672380447 3.34408831596375 -2.72939255833626 -0.850631773471832 -1.40089800953865 -2.46661362051964 -1.966677069664 -1.70857365429401 2.99808263778687 3.85380249470472 3.78218940272927 3.66140926256776 3.5946292206645 3.47368271648884
9.23999798297882 -9999 -9999 -9999 -9999 -9999 -9999 8.93443983793259 8.89486983418465 8.04780000448227 7.07048500329256 7.85430161654949 7.44200728461146 6.77352051436901 6.25128415226936 5.5858810544014 4.42318516969681 4.88919693231583 5.95337495207787 5.46505326032639 5.45606476068497 6.13340976834297 5.29508799314499 4.15659987926483 3.9389443397522 5.62878954410553 7.26346763968468 7.48014578223228 7.30066795647144 6.14570021629333 4.29889893531799 4.0204313993454 4.45813059806824 5.10099601745605 4.22786152362823 4.12389397621155 3.24259293079376 3.25545859336853 4.10199105739594 3.28535676002502 0.620633542537689 1.91487067937851 2.26829522848129 2.76555332541466 3.64097782224417 3.81873562932014 3.74282706901431 3.60208477079868 2.26191663742065
8.93199652433395 8.97116321325302 -9999 -9999 -9999 8.22608536481857 8.5145515203476 8.85501459240913 7.79287330806255 5.7924507856369 5.73119500279427 7.49843934178352 8.14425349235535 8.20742797851562 6.92870658636093 5.61008262634277 6.25025707483292 6.20736113190651 5.66329872608185 4.9735694527626 5.20784020423889 4.56677794456482 4.37654882669449 4.81015300750732 5.5200902223587 6.6106943488121 6.54196530580521 7.37673607468605 7.22290596365929 5.91880851984024 3.96571111679077 4.60344702005386 5.04268288612366 4.72558534145355 5.04082101583481 4.58005702495575 4.71779274940491 4.5973619222641 4.04743123054504 4.38933348655701 4.80634415149689 3.00373578071594 2.75486493110657 3.90951821953058 3.92981513589621 3.84461218118668 3.68140888214111 3.78870578855276 3.77816924452782
-9999 8.89446568489075 8.95945054292679 -9999 -9999 8.36918091773987 8.73400354385376 6.34836386144161 5.00671011209488 5.79843503236771 6.88482658565044 7.59138492122293 7.98907369747758 7.75383458286524 7.37072639912367 7.75245135650039 7.25749562680721 6.76702561974525 5.79405558109283 5.30375248193741 4.77478265762329 3.96681255102158 4.35817587375641 5.71653938293457 6.05240285396576 6.83276605606079 5.07396304607391 6.03365957736969 7.30364456772804 5.74508357048035 4.80568993091583 5.63879591226578 5.48790198564529 5.05484116077423 4.72611373662949 4.80888652801514 4.46182554960251 3.84476524591446 1.53091907501221 1.9521182179451 1.91107922792435 2.7529784142971 2.48619246482849 3.83765002340078 3.82131918519735 3.67398846149445 3.82699082791805 3.8341601639986 3.71832925081253
-9999 8.91249048709869 8.96120971441269 -9999 -9999 8.94943010807037 8.32119119167328 6.33350786566734 5.82638004422188 6.02791923284531 7.26545820385218 7.39233056455851 6.41303613781929 5.38624185323715 4.83711403608322 6.48481956124306 7.61023402959108 7.54685671627522 7.12164595723152 6.54343518614769 5.98205798864365 4.33434736728668 4.3894699215889 6.05209243297577 5.77121526002884 6.65733793377876 5.1616273522377 4.71808344125748 6.6227160692215 7.14785888791084 6.66833519935608 6.81997805833817 4.96662068367004 4.49459683895111 4.25807332992554 4.00554955005646 4.33302569389343 4.32533514499664 2.15151703357697 2.07804596424103 2.39155220985413 2.72186934947968 2.78568661212921 3.4276704788208 3.78282088041306 3.73363846540451 4.64173962920904 4.40594764612615 3.8064891397953
-9999 -9999 -9999 8.89278358221054 8.7101309299469 8.80082470178604 -9999 6.83396677672863 5.42021697759628 6.4365171790123 7.98827609419823 7.91828996688128 6.15512931346893 4.88731545209885 4.56933522224426 6.70018807053566 7.11613915860653 5.98752099275589 4.66006946563721 3.98061817884445 4.35716676712036 4.69321525096893 3.6144306063652 4.22964596748352 4.78019458055496 6.50474312901497 5.35362482070923 3.79550701379776 4.18745446205139 5.64830076694489 6.65948048233986 7.19082695245743 5.84133988618851 4.98668646812439 4.44086575508118 4.65021246671677 5.30855888128281 5.23973846435547 3.22844845056534 5.18209791183472 3.6276918053627 3.79793626070023 3.72118073701859 3.20659196376801 1.67025737464428 3.69841426610947 4.80732148885727 2.92993246018887 2.71331429481506
8.89860141277313 8.89603966474533 -9999 8.89952719211578 8.35971876978874 8.45697626471519 8.64403438568115 8.68844214081764 7.80738691985607 7.67466524988413 7.51029447093606 7.86074973642826 6.75896020233631 5.56755608320236 4.49755620956421 5.86138999462128 6.76737731695175 5.30051851272583 4.19165986776352 4.49030101299286 4.45027536153793 3.93158334493637 3.35555791854858 4.8205326795578 5.31017363071442 5.19064837694168 5.65378934144974 5.44843059778214 4.45469284057617 5.08624273538589 6.66212576627731 7.19834253191948 6.50105911493301 6.02994209527969 6.15849202871323 6.41420865058899 6.26825851202011 4.28535825014114 4.38171327114105 4.44973468780518 3.88599801063538 1.67248201370239 -0.486014045774937 -1.11384753882885 -0.707847643643618 3.50519007444382 4.867236956954 4.34152295254171 4.18847551755607
8.8909472823143 8.99469321966171 9.11752915382385 9.05180943012238 8.9441329240799 8.98328995704651 8.48132434487343 7.91040979325771 8.4844531416893 -9999 -9999 7.23966742074117 7.53718774020672 6.81617580354214 5.77261048555374 6.51457610726357 6.72473683953285 5.0361829996109 5.14675009250641 6.17748376727104 5.72621762752533 4.17195129394531 3.25351864099503 3.53208589553833 3.92865294218063 0.982113718986511 1.67898446321487 4.82068753242493 5.25576436519623 5.5438511967659 6.09660464525223 6.9260245859623 5.52111154794693 4.99536448717117 4.86395138502121 2.95559108257294 3.33644217252731 3.75095999240875 4.22547787427902 3.77049571275711 1.56109209358692 -1.16472544521093 -1.47920221090317 -2.09180241823196 -1.35523608326912 3.69249381124973 4.23698545992374 2.28977258503437 1.95812244713306
8.97771990299225 9.03477436304092 9.10852479934692 8.09682446718216 7.44209465384483 7.7048501521349 6.92730400338769 7.71176556497812 8.65128627419472 8.57035601139069 8.07752625644207 8.52874934673309 8.43199890851974 7.22306412085891 5.22099834680557 5.55680930614471 6.88385418057442 6.53968048095703 6.82367372512817 5.66016691923141 5.07582652568817 4.29065299034119 3.70614582300186 3.51130563020706 2.72229850292206 0.250794678926468 0.42148095369339 1.28500068187714 0.0803411304950714 4.30712634325027 5.63341665267944 6.85137313604355 5.68616378307343 4.11128735542297 -1.21626251935959 2.15436673164368 2.7715477347374 3.25439518690109 3.57524245977402 0.90390557795763 -1.67195126414299 -1.65799298882484 -1.34547454118729 -0.720789387822151 2.7418392598629 3.94037000089884 2.52111504971981 2.14852590858936 1.94960346072912
8.9092178940773 9.00178062915802 8.42174217104912 8.38481459021568 8.59046077728271 8.35890334844589 7.04201257228851 6.76162196695805 8.1775643825531 8.64762583374977 8.56285506486893 8.39671781659126 8.29350140690804 7.99777694046497 6.69971938431263 5.66449505090714 6.07992604374886 5.0803450345993 5.40109729766846 4.75984942913055 3.63576859235764 3.9378542304039 3.64710652828217 3.51619225740433 1.11214023828506 1.24514210224152 3.65144920349121 1.13714605569839 1.43523579835892 4.76923501491547 6.32439506053925 5.86172211170197 2.29994428157806 -1.38624981045723 -1.65648281574249 0.692445173859596 2.7019864320755 3.12899696826935 0.831082094460726 -1.59031412005424 -1.86768817901611 -2.17238420248032 -2.12491342425346 0.456058844923973 1.59453075192869 3.76091293990612 3.49531623721123 2.81638553738594 1.43741796351969
-9999 8.49924957752228 8.9247955083847 8.76828071475029 8.32320833206177 7.22346468409523 7.81155474483967 8.01782098412514 8.19124639034271 8.24545612931252 8.24724772572517 7.57800425216556 7.47676076740026 8.01701710745692 7.70327381044626 6.9978634417057 5.53766459226608 4.43817615509033 4.59935426712036 5.32736599445343 6.01621088385582 6.36088919639587 3.96073371171951 3.35141223669052 3.46092373132706 4.35643541812897 5.23611342906952 5.5971252322197 5.37331300973892 6.33617657423019 6.65854072570801 5.83557116985321 2.32673096656799 0.200908303260803 1.81024491786957 2.92891842126846 3.04725849628448 -1.4368272125721 -3.09575736522675 -2.64872296154499 -3.62569834291935 -1.3931637108326 -0.285630851984024 -1.03709642589092 1.05710132420063 1.55330074299127 0.0231721568852663 -0.145905172452331 -0.362148888409138
8.75720477104187 8.80111247301102 8.59839954972267 8.71637174487114 8.61478894948959 8.51724809408188 7.80193008482456 7.55008415877819 7.91684907674789 7.6193082134705 7.82354567572474 7.95961659215391 7.75818690657616 7.86192425619811 7.23132838308811 6.83923217654228 5.79856956005096 5.44684028625488 6.37583327293396 7.26645350456238 6.60965293645859 5.84325706958771 5.61719447374344 3.86313194036484 1.62753760814667 4.42667359113693 5.31711143255234 5.45538210868835 5.85705107450485 6.55845189094543 6.37251937389374 5.0667536854744 1.95251786708832 2.52818751335144 3.26202422380447 3.06936061382294 1.77686393260956 0.258846521377563 1.45537066459656 -0.171830713748932 -0.733703106641769 -0.577776044607162 -2.27962493896484 -1.654416680336 -1.30604177713394 -1.03316655755043 -1.52162498235703 0.115119814872742 -1.79620838165283
8.84455072879791 8.80902168154716 7.84445017576218 8.10253021121025 8.82745331525803 8.69905960559845 7.83015736937523 8.47709491848946 7.85161158442497 6.2584593296051 7.03567752242088 8.19306220859289 8.19494657218456 8.19483134895563 7.48438253998756 6.73493403196335 6.82780781388283 7.51196752488613 6.44795140624046 5.17856496572495 4.17209500074387 1.41355693340302 1.88817238807678 4.15335196256638 3.44738191366196 1.91864988207817 2.37840655446053 2.30958259105682 5.5642893910408 6.21956026554108 5.55866479873657 4.48443579673767 3.0646378993988 3.45847070217133 2.14947021007538 0.129845827817917 0.481016512960196 0.674868260510266 -1.67330668866634 -1.84070467948914 -0.316043078899384 -0.275055021047592 -0.233066886663437 0.0455877482891083 0.353242367506027 0.583897203207016 0.815551906824112 0.90120667219162 0.608861282467842
8.68310770392418 8.72852963209152 8.75950512290001 8.80550634860992 8.80783885717392 8.90823173522949 8.63892734050751 7.97772490978241 7.76750636100769 7.18268152326345 6.69233587384224 5.77632355690002 6.29876911640167 7.37854847311974 7.16516122221947 7.42124176025391 8.1100841537118 6.31806433200836 5.16480392217636 4.09762686491013 3.81261646747589 3.74493938684464 3.91759562492371 2.03202161192894 2.58850541710854 4.42339766025543 4.70022052526474 4.95137685537338 3.17289090156555 5.82666450738907 3.71854722499847 3.44095873832703 3.54353684186935 2.27428162097931 -0.0818906724452972 0.986086785793304 0.335139513015747 -0.752178847789764 -0.818497121334076 -0.293815284967422 -1.5374493226409 -1.49973241239786 -0.416682034730911 0.129034996032715 -1.11880367994308 -1.36184227466583 -1.60338109731674 -2.89520698785782 -1.95345848798752
8.48752018809319 7.96515721082687 7.690772742033 8.48458650708199 8.6958703994751 8.94337457418442 8.61703637242317 7.10201965738088 7.18901281058788 6.85656896233559 5.86558836698532 5.86290082335472 6.67257171869278 7.11603777110577 7.05156843364239 5.99272364377975 6.80299472808838 5.80210244655609 4.95108509063721 4.25906771421432 3.57955038547516 4.3228662610054 4.21518230438232 3.72449827194214 2.1559793651104 2.2072828412056 3.05925306677818 4.83526241779327 5.36659061908722 5.91393095254898 3.86390328407288 3.58430868387222 3.24938106536865 0.434811785817146 2.23786693811417 0.899026066064835 0.414432346820831 -0.11116150021553 -0.527088552713394 0.0419844388961792 -0.132588803768158 -0.251141488552094 0.18030571937561 0.190086454153061 -1.83805683255196 -0.546685457229614 -0.934904903173447 -1.38579094409943 -1.09234349429607
8.13531565666199 7.31560823321342 7.80040121078491 7.99802742898464 8.19622275233269 8.70560124516487 8.20798230171204 7.23692294582725 6.81173405051231 6.82306088507175 7.0078199505806 7.93158232793212 7.23426273465157 7.4278117492795 6.6641663312912 5.49372917413712 5.03258156776428 4.22439086437225 3.97886645793915 3.73234218358994 3.92031788825989 5.18828617036343 4.09676921367645 4.58175265789032 2.2497866153717 2.12774300575256 5.04467183351517 6.66351868212223 4.79998105764389 4.83967468142509 3.62609243392944 3.55665910243988 4.79815495014191 4.53508532047272 -1.10183386784047 -1.35846957564354 0.104058414697647 0.620522513985634 0.169653326272964 0.824117496609688 0.915938377380371 0.725782737135887 0.456626936793327 -0.01186203956604 -0.306017726659775 -0.533840030431747 -0.756662368774414 -1.10215128958225 -0.898640245199203
6.97778661362827 6.25379937887192 6.11752977594733 7.0538572371006 6.58763265609741 8.10833731293678 7.17362552881241 8.40241894125938 8.39702478051186 8.19886024296284 7.18351735174656 6.795888453722 7.17175976932049 6.45763099193573 5.19400203227997 4.13987362384796 3.92287695407867 4.64634567499161 4.66614747047424 5.16561651229858 5.31575161218643 4.93672072887421 4.38968932628632 4.63704940676689 4.33579325675964 4.75880074501038 4.64806431531906 5.70469975471497 6.75278204679489 5.72429710626602 4.13528168201447 3.43234235048294 5.17885714769363 2.62483775615692 -1.55765688419342 0.726495996117592 -1.12694463133812 1.10853992402554 1.18972855806351 -1.05363492667675 0.683798968791962 2.28389656543732 1.22028158605099 0.464522898197174 -1.96341115236282 -0.689661115407944 -0.735753178596497 -0.941845238208771 -0.571270614862442
6.30338770151138 6.63982379436493 6.70540797710419 5.7226775623858 7.22857069224119 7.48121166136116 7.73956731334329 6.18091350793839 7.18937377631664 8.30010634660721 7.92861949279904 7.55429921299219 6.57831224799156 6.21765860915184 5.19250476360321 4.22601795196533 4.20983850955963 5.57763361930847 6.03659534454346 4.75722420215607 3.89851933717728 3.46464747190475 3.90610957145691 4.50707143545151 5.53303295373917 5.25682806968689 4.8867900967598 5.17925190925598 5.91545420885086 6.25156396627426 5.57450693845749 3.04935002326965 2.90728425979614 2.99538516998291 -0.921313218772411 -1.16191143658943 -0.163175940513611 2.49720257520676 -0.345190183725208 1.46171695832163 2.68376767635345 2.30308198928833 -0.602082684636116 -1.55441576242447 -1.90441533923149 0.0645176470279694 -2.08308145403862 -2.31541457772255 -0.242567449808121
