data/spatiotemp/temp1/bio9_norsw_test_2003_2006.asc
NCOLS 654 
NROWS 380 
XLLCORNER 3.91666666666667 
YLLCORNER 55.3333333333333 
CELLSIZE 0.0416666666666666 
NODATA_value -9999 
[rows 252 to 272 of 380, columns 490 to 538 of 654]
-2.24561589956284 -2.22835469245911 -2.22342681884766 -2.24649930000305 -2.28540480136871 -2.2859770655632 -2.31221604347229 -2.33762156963348 -2.32319384813309 -2.34059929847717 -2.32934176921844 -2.30908811092377 -2.35400104522705 -2.3592472076416 -2.40066015720367 -2.43423992395401 -2.44715261459351 -2.43589890003204 -2.42981177568436 -2.45189136266708 -2.46063750982285 -2.45921719074249 -2.45747596025467 -2.43891441822052 -2.47551918029785 -2.48645716905594 -2.47356206178665 -2.49333363771439 -2.51877176761627 -2.47237658500671 -2.46848148107529 -2.47075313329697 -2.44402438402176 -2.43762940168381 -2.41689509153366 -2.3853212594986 -2.40808081626892 3.92315673828125 3.9204335808754 3.93921089172363 3.9106547832489 3.90509879589081 3.90737581253052 3.94315278530121 3.93159699440002 3.93904083967209 3.88313502073288 3.84121370315552 3.8094590306282
-2.24997276067734 -2.24564701318741 -2.25148802995682 -2.25549566745758 -2.26266980171204 -2.24667751789093 -2.23135185241699 -2.24835950136185 -2.27003371715546 -2.27520805597305 -2.31342250108719 -2.30851083993912 -2.28559905290604 -2.32502067089081 -2.36827564239502 -2.41353052854538 -2.40178549289703 -2.42304027080536 -2.40962868928909 -2.43305015563965 -2.4316383600235 -2.44222658872604 -2.4694539308548 -2.47082024812698 -2.47068643569946 -2.46288585662842 -2.45475226640701 -2.45178514719009 -2.44365131855011 -2.41485106945038 -2.37871694564819 -2.38508349657059 -2.39328283071518 -2.38698244094849 -2.37716299295425 3.3178334236145 3.93493431806564 3.95104384422302 3.96765321493149 3.93092888593674 3.94953852891922 3.91298091411591 3.91392397880554 3.93903332948685 3.9419761300087 3.9314187169075 3.90495151281357 3.87007415294647 3.84303015470505
-2.18066310882568 -2.18877279758453 -2.20438241958618 -2.25465875864029 -2.20560187101364 -2.23271155357361 -2.23515450954437 -2.22409725189209 -2.20887386798859 -2.27581667900085 3.87848323583603 -2.2657670378685 -2.27436393499374 -2.30812746286392 -2.32155764102936 -2.31348794698715 -2.34275168180466 -2.36468201875687 -2.40611207485199 -2.43337571620941 3.17374819517136 3.15320765972137 3.15796613693237 3.75431299209595 -2.48252034187317 -2.46898144483566 3.17702853679657 3.22208589315414 3.24630987644196 -2.42032510042191 3.24059110879898 3.24548155069351 -2.39787483215332 3.32892966270447 -2.36493122577667 3.31693744659424 3.31909012794495 3.38007640838623 3.44422906637192 4.01681381464005 3.98358887434006 3.98903036117554 3.93930506706238 3.9265803694725 3.94935464859009 3.31596511602402 3.89210081100464 3.87010127305984 3.84893530607224
-2.05702018737793 -2.12456512451172 -2.15111023187637 -2.18248856067657 -2.17953360080719 -2.19007861614227 -2.19095712900162 -2.19916862249374 -2.2235472202301 -2.16942548751831 3.95714747905731 3.96260738372803 3.96240013837814 3.94402629137039 3.90348613262177 -2.26544553041458 3.90923827886581 3.93753135204315 3.34935200214386 3.30361318588257 3.82257699966431 3.17463546991348 3.16304504871368 3.1681028008461 3.13249355554581 3.11388474702835 3.13360923528671 3.18116682767868 3.21789067983627 3.23578184843063 3.21167296171188 3.22923076152802 3.25812172889709 3.28884613513947 3.30826395750046 3.30920833349228 3.34098595380783 3.39843052625656 3.45204138755798 3.39581948518753 3.34709709882736 3.33687478303909 3.32831937074661 3.33726364374161 3.34437471628189 3.91400760412216 3.26374012231827 3.22197049856186 3.81717348098755
-1.93421030044556 -2.0393573641777 -2.07383781671524 -2.07815158367157 -2.10763198137283 -2.11994588375092 -2.12392628192902 -2.08773994445801 -2.11388695240021 3.96825736761093 4.0124785900116 4.01388245820999 4.04828613996506 3.97952330112457 3.97309356927872 3.98333078622818 4.02140122652054 4.06197172403336 4.05737578868866 3.32677096128464 3.24000054597855 3.20756340026855 3.17212396860123 3.1723484992981 3.18707340955734 3.16796481609344 3.15585613250732 3.1519141793251 3.18647229671478 3.22919708490372 3.21342134475708 3.2066462635994 3.23603773117065 3.26309591531754 3.24990952014923 3.25981247425079 3.30971509218216 3.3639515042305 3.43502068519592 3.39909040927887 3.33499306440353 3.30306243896484 3.34129852056503 3.332868039608 3.35527068376541 3.30467337369919 3.25200289487839 3.24259179830551 3.21518051624298
-1.88240066170692 -1.94631654024124 -1.98339885473251 -2.06964808702469 -2.05906385183334 -2.07164639234543 -1.99022871255875 -2.01897788047791 -2.06189382076263 4.02423083782196 -2.06574553251266 -2.034035384655 4.0991724729538 4.05952072143555 4.0232018828392 4.01738327741623 4.04623132944107 4.03974616527557 4.00409442186356 3.32109552621841 3.26379334926605 3.27849113941193 3.23286944627762 3.20159447193146 3.22798651456833 3.23637825250626 3.20476996898651 3.18149507045746 3.16838669776917 3.21094524860382 3.23533695936203 3.21956205368042 3.21328735351562 3.240179002285 3.2857221364975 3.28591638803482 3.31511104106903 3.33013892173767 3.36116635799408 3.40986120700836 3.38419193029404 3.36517840623856 3.33411109447479 3.31430548429489 3.31583315134048 3.32323384284973 3.21671777963638 3.19471263885498 3.19165998697281
-1.92859101295471 -1.98544228076935 -1.97962671518326 -2.02164453268051 -2.0189955830574 -2.03418016433716 -2.02136468887329 -1.99021589756012 -1.96940004825592 4.13403832912445 -1.91615951061249 4.14376565814018 -1.90058958530426 4.09485071897507 4.06247615814209 4.08060187101364 4.08189427852631 4.08318650722504 3.44758707284927 3.3359197974205 3.284419298172 3.2760859131813 3.27294826507568 3.23484057188034 3.22923254966736 3.23412483930588 3.24201732873917 3.25590926408768 3.24180120229721 3.24669361114502 3.2834187746048 3.34197789430618 3.31836992502213 3.25626200437546 3.23103481531143 3.27368724346161 3.33649951219559 3.32087886333466 3.32131236791611 3.36029839515686 3.37540239095688 3.37510430812836 3.23663187026978 3.2705209851265 3.3077198266983 3.32156240940094 3.29952776432037 3.17420876026154 3.2001394033432
-1.94044798612595 -1.97140127420425 -1.97252106666565 -2.00964099168777 -1.99792742729187 -2.02771407365799 -2.04733383655548 -1.9751204252243 -1.91040697693825 -1.87569352984428 -1.83707368373871 4.21287429332733 4.16377794742584 4.13551425933838 4.12975087761879 4.13265427947044 3.50934049487114 3.49464160203934 3.4236096739769 3.32074451446533 3.25171250104904 3.28151351213455 3.29052722454071 3.23041975498199 3.20364546775818 3.21387159824371 3.25209754705429 3.27499002218246 3.29921597242355 3.29394870996475 3.31616759300232 3.32445830106735 3.32628607749939 3.22951179742813 3.21268033981323 3.25262475013733 3.29623585939407 3.34597206115723 3.33098214864731 3.3785611987114 3.34563690423965 3.32386016845703 3.28590261936188 -9999 3.20361113548279 3.13090264797211 -9999 3.35112112760544 3.25353533029556
-1.91563814878464 -1.9451932311058 -1.99191546440125 -1.99830389022827 -1.95569264888763 -2.01974791288376 -2.01563638448715 -1.99002504348755 -1.89724695682526 -1.85130229592323 -1.78498762845993 4.1884828209877 -1.75261920690536 -1.75293493270874 4.34969228506088 3.78415673971176 3.72175964713097 3.56852924823761 3.39379906654358 3.29256868362427 3.24450504779816 3.24844139814377 3.3097727894783 3.29633224010468 3.30339205265045 3.30745184421539 3.29334443807602 3.32073736190796 3.4267692565918 3.47735667228699 3.39959836006165 3.21994566917419 3.22670209407806 3.28300458192825 3.25690948963165 3.24072897434235 3.30829858779907 3.36717736721039 3.28052073717117 3.27784019708633 3.34607630968094 3.31952530145645 3.29724079370499 3.29336798191071 3.11697906255722 3.06663167476654 3.23330295085907 -9999 -9999
-1.88466185331345 -1.93381929397583 -1.95464313030243 -1.96496719121933 -1.95062452554703 -1.91694837808609 -1.9656058549881 -1.90009647607803 3.49806800484657 -1.7794109582901 -1.69390180706978 -1.61639285087585 -1.54905053973198 -1.61920842528343 -1.63186597824097 3.80444115400314 3.83667895197868 3.64125055074692 3.46948853135109 3.36455982923508 3.31946444511414 3.32082056999207 3.32697665691376 3.34980285167694 3.34758925437927 3.31771332025528 3.30120742321014 3.33875316381454 3.42243391275406 3.29210495948792 3.22620850801468 3.19384014606476 3.23361825942993 3.29532641172409 3.32079827785492 3.33788454532623 3.29902762174606 3.30888867378235 3.22569447755814 3.2661110162735 3.30618041753769 3.32333320379257 3.29902756214142 3.26597219705582 -9999 -9999 -9999 -9999 -9999
-1.8846772313118 -1.9228281378746 -1.91697907447815 -1.88813000917435 -1.89361447095871 -1.88226529955864 -1.82791629433632 3.5471522808075 3.5452693104744 3.63888600468636 -1.61544224619865 -1.49760431051254 -1.41459956765175 -1.51376169919968 3.74986115098 3.8439165353775 3.85980561375618 3.69969460368156 3.5995831489563 3.50863873958588 3.44657644629478 3.33386892080307 3.33822613954544 3.35426217317581 3.315853536129 3.3384171128273 3.28431403636932 3.29583603143692 3.25348901748657 -9999 3.19479596614838 3.18845194578171 3.23969602584839 -9999 3.29182893037796 3.20277845859528 3.24740844964981 3.30245512723923 3.27989786863327 3.2872017621994 -9999 -9999 -9999 -9999 -9999 -9999 -9999 -9999 -9999
-1.85968437790871 -1.85555374622345 -1.86558982729912 -1.8419594168663 -1.79566219449043 -1.73169845342636 -1.75190109014511 3.63584384322166 -1.68447363376617 -1.62534326314926 -1.51994225382805 -1.44453600049019 -1.42120385169983 3.7870834171772 3.82869437336922 3.96833336353302 3.90896242856979 3.72727334499359 3.63499990105629 3.58472222089767 3.54069447517395 -9999 -9999 -9999 3.26795417070389 -9999 3.23828971385956 3.23491591215134 3.19265335798264 -9999 -9999 3.22836488485336 -9999 -9999 -9999 3.15885615348816 3.24094104766846 -9999 -9999 -9999 -9999 -9999 -9999 -9999 -9999 -9999 -9999 -9999 -9999
-1.8421913087368 -1.78344592452049 -1.78286728262901 -1.79512214660645 -1.77887678146362 -1.77496486902237 -1.72106027603149 3.58492755889893 -1.69619429111481 3.66168144345284 -1.578090518713 -1.63468766212463 3.49847209453583 3.45236092805862 3.70069414377213 3.83583319187164 3.71097221970558 3.51973307132721 3.29958340525627 -9999 -9999 -9999 -9999 -9999 -9999 3.35879918932915 3.36379316449165 -9999 -9999 -9999 -9999 -9999 -9999 -9999 -9999 -9999 -9999 -9999 -9999 -9999 -9999 -9999 -9999 -9999 -9999 -9999 -9999 -9999 -9999
-1.75215283036232 -1.76183831691742 -1.73081144690514 -1.75561815500259 -1.78775814175606 -1.75773137807846 -1.72157970070839 -1.76098561286926 3.45161372423172 -1.81412455439568 3.36013892292976 -9999 -9999 -9999 -9999 -9999 -9999 3.56027778983116 -9999 -9999 -9999 -9999 -9999 -9999 -9999 -9999 -9999 -9999 -9999 -9999 -9999 -9999 -9999 -9999 -9999 -9999 -9999 -9999 -9999 -9999 -9999 -9999 -9999 -9999 -9999 -9999 -9999 -9999 -9999
-1.69709423184395 -1.76573058962822 -1.76458904147148 -1.74704295396805 -1.75997281074524 -1.73874786496162 -1.70680513978004 -1.80854830145836 -9999 -9999 -9999 -9999 -9999 -9999 -9999 -9999 -9999 -9999 -9999 -9999 -9999 -9999 -9999 -9999 -9999 -9999 -9999 -9999 -9999 -9999 -9999 -9999 -9999 -9999 -9999 -9999 -9999 -9999 -9999 -9999 -9999 -9999 -9999 -9999 -9999 -9999 -9999 -9999 -9999
-1.6638790667057 -1.71875911951065 -1.73004695773125 -1.76361048221588 -1.68331831693649 -1.59093108773232 -9999 -9999 -9999 -9999 -9999 -9999 -9999 -9999 -9999 -9999 -9999 -9999 -9999 -9999 -9999 -9999 -9999 -9999 -9999 -9999 -9999 -9999 -9999 -9999 -9999 -9999 -9999 -9999 -9999 -9999 -9999 -9999 -9999 -9999 -9999 -9999 -9999 -9999 -9999 -9999 -9999 -9999 -9999
-1.61621940135956 -1.6865149140358 -1.71521976590157 -1.55585631728172 -1.55129089951515 -0.683530747890472 -9999 -9999 -9999 -9999 -9999 -9999 -9999 -9999 -9999 -9999 -9999 -9999 -9999 -9999 -9999 -9999 -9999 -9999 -9999 -9999 -9999 -9999 -9999 -9999 -9999 -9999 -9999 -9999 -9999 -9999 -9999 -9999 -9999 -9999 -9999 -9999 -9999 -9999 -9999 -9999 -9999 -9999 -9999
-0.878559678792953 -0.557490646839142 -0.560588032007217 -0.557435676455498 -9999 -9999 -9999 -9999 -9999 -9999 -9999 -9999 -9999 -9999 -9999 -9999 -9999 -9999 -9999 -9999 -9999 -9999 -9999 -9999 -9999 -9999 -9999 -9999 -9999 -9999 -9999 -9999 -9999 -9999 -9999 -9999 -9999 -9999 -9999 -9999 -9999 -9999 -9999 -9999 -9999 -9999 -9999 -9999 -9999
-0.497566789388657 -9999 -9999 -9999 -9999 -9999 -9999 -9999 -9999 -9999 -9999 -9999 -9999 -9999 -9999 -9999 -9999 -9999 -9999 -9999 -9999 -9999 -9999 -9999 -9999 -9999 -9999 -9999 -9999 -9999 -9999 -9999 -9999 -9999 -9999 -9999 -9999 -9999 -9999 -9999 -9999 -9999 -9999 -9999 -9999 -9999 -9999 -9999 -9999
-9999 -9999 -9999 -9999 -9999 -9999 -9999 -9999 -9999 -9999 -9999 -9999 -9999 -9999 -9999 -9999 -9999 -9999 -9999 -9999 -9999 -9999 -9999 -9999 -9999 -9999 -9999 -9999 -9999 -9999 -9999 -9999 -9999 -9999 -9999 -9999 -9999 -9999 -9999 -9999 -9999 -9999 -9999 -9999 -9999 -9999 -9999 -9999 -9999
-9999 -9999 -9999 -9999 -9999 -9999 -9999 -9999 -9999 -9999 -9999 -9999 -9999 -9999 -9999 -9999 -9999 -9999 -9999 -9999 -9999 -9999 -9999 -9999 -9999 -9999 -9999 -9999 -9999 -9999 -9999 -9999 -9999 -9999 -9999 -9999 -9999 -9999 -9999 -9999 -9999 -9999 -9999 -9999 -9999 -9999 -9999 -9999 -9999
