data/spatiotemp/temp1/bio9_norsw_test_2003_2006.asc
NCOLS 654 
NROWS 380 
XLLCORNER 3.91666666666667 
YLLCORNER 55.3333333333333 
CELLSIZE 0.0416666666666666 
NODATA_value -9999 
[rows 168 to 188 of 380, columns 98 to 146 of 654]
-9999 -9999 -9999 -9999 -9999 -9999 -9999 -9999 -9999 -9999 -9999 -9999 -9999 -9999 -9999 -9999 -9999 -9999 -9999 -9999 -9999 -9999 -9999 -9999 -9999 -9999 -9999 -9999 -9999 -9999 -9999 -9999 -9999 -9999 -9999 -9999 -9999 -9999 -9999 -9999 -9999 -9999 -9999 -9999 -9999 -9999 -9999 -9999 -9999
-9999 -9999 -9999 -9999 -9999 -9999 -9999 -9999 -9999 -9999 -9999 -9999 -9999 -9999 -9999 -9999 -9999 -9999 -9999 -9999 -9999 -9999 -9999 -9999 -9999 -9999 -9999 -9999 -9999 -9999 -9999 -9999 -9999 -9999 -9999 -9999 -9999 -9999 -9999 -9999 -9999 -9999 -9999 -9999 -9999 8.21662890911102 -9999 7.96617090702057 7.79719167947769
-9999 -9999 -9999 -9999 -9999 -9999 -9999 -9999 -9999 -9999 -9999 -9999 -9999 -9999 -9999 -9999 -9999 -9999 -9999 -9999 -9999 -9999 -9999 -9999 -9999 -9999 -9999 7.52612841129303 7.61206603050232 7.58550333976746 7.63026607036591 -9999 -9999 -9999 -9999 -9999 -9999 -9999 -9999 -9999 -9999 -9999 -9999 -9999 -9999 7.95106410980225 7.85019743442535 7.55937916040421 7.79171097278595
-9999 -9999 -9999 -9999 -9999 -9999 -9999 -9999 -9999 -9999 -9999 -9999 -9999 -9999 -9999 -9999 -9999 -9999 -9999 -9999 -9999 -9999 -9999 -9999 -9999 -9999 7.54296875 7.61946165561676 7.58289933204651 -9999 -9999 -9999 -9999 -9999 -9999 -9999 -9999 -9999 -9999 -9999 -9999 -9999 -9999 -9999 7.92790615558624 7.77609288692474 7.97302311658859 8.02499139308929 7.75695914030075
-9999 -9999 -9999 -9999 -9999 -9999 -9999 -9999 -9999 -9999 -9999 -9999 -9999 -9999 -9999 -9999 -9999 -9999 -9999 -9999 -9999 -9999 -9999 -9999 -9999 8.17488408088684 7.53769099712372 7.68677651882172 7.62456607818604 -9999 -9999 -9999 -9999 -9999 -9999 -9999 -9999 -9999 -9999 -9999 -9999 -9999 -9999 -9999 8.10443735122681 8.01576805114746 -9999 7.65046614408493 7.58100992441177
-9999 -9999 -9999 -9999 -9999 -9999 -9999 -9999 -9999 -9999 -9999 -9999 -9999 -9999 -9999 -9999 -9999 -9999 -9999 8.55312514305115 8.39780128002167 8.47476863861084 8.5829861164093 -9999 8.33900451660156 -9999 -9999 -9999 -9999 -9999 -9999 -9999 -9999 -9999 -9999 -9999 -9999 -9999 -9999 -9999 -9999 -9999 7.99840235710144 -9999 -9999 -9999 7.9162500500679 7.89186698198318 7.81485170125961
-9999 -9999 -9999 -9999 -9999 -9999 -9999 -9999 -9999 -9999 -9999 -9999 8.62894725799561 -9999 -9999 -9999 -9999 -9999 -9999 -9999 -9999 -9999 -9999 -9999 -9999 -9999 -9999 -9999 -9999 -9999 -9999 -9999 -9999 -9999 -9999 -9999 -9999 -9999 -9999 -9999 7.78281259536743 -9999 8.08752775192261 7.9817498922348 7.83284682035446 7.71811085939407 7.90876829624176 7.66141623258591 7.10239773988724
-9999 -9999 -9999 -9999 -9999 -9999 -9999 -9999 -9999 -9999 9.23362839221954 9.32199668884277 9.2173091173172 9.24623286724091 9.28571212291718 9.07894086837769 9.12842071056366 -9999 -9999 -9999 -9999 -9999 -9999 -9999 -9999 -9999 -9999 -9999 -9999 -9999 -9999 -9999 -9999 -9999 -9999 7.41070592403412 7.38929378986359 -9999 -9999 -9999 7.84651041030884 7.86650866270065 7.86938488483429 7.90879702568054 7.76316618919373 7.56707388162613 7.37626975774765 7.25646525621414 6.77866101264954
-9999 -9999 -9999 -9999 -9999 -9999 -9999 -9999 -9999 -9999 -9999 -9999 -9999 9.21748304367065 -9999 9.09213554859161 9.08734893798828 9.10828149318695 9.11875021457672 9.05916666984558 -9999 -9999 -9999 -9999 -9999 -9999 -9999 -9999 -9999 -9999 -9999 -9999 7.43327534198761 6.61350989341736 7.44432032108307 7.43778932094574 7.40804398059845 -9999 7.22355312108994 7.74946182966232 7.66421860456467 7.34276270866394 7.34711241722107 7.38089275360107 7.42150658369064 7.37628710269928 7.28623402118683 7.3213477730751 7.20729476213455
-9999 -9999 -9999 -9999 -9999 -9999 -9999 -9999 -9999 9.36470532417297 -9999 -9999 -9999 9.30623281002045 9.20098984241486 9.15388798713684 9.12112855911255 9.13359415531158 9.1371203660965 9.12828707695007 9.11497056484222 9.08717596530914 -9999 -9999 -9999 -9999 -9999 -9999 -9999 -9999 -9999 -9999 6.63984382152557 7.45491886138916 -9999 -9999 -9999 7.24496519565582 7.07688647508621 7.31897222995758 7.63779848814011 7.68555635213852 7.71993958950043 7.66676998138428 7.54880177974701 7.23349988460541 7.17903172969818 7.34426653385162 7.28945624828339
-9999 -9999 -9999 -9999 -9999 -9999 -9999 -9999 -9999 -9999 -9999 -9999 9.16825652122498 9.1795836687088 9.16481935977936 9.1139805316925 9.14153742790222 9.13233685493469 9.12895482778549 9.19122552871704 9.29560673236847 9.13086318969727 9.10987019538879 -9999 -9999 -9999 -9999 -9999 -9999 -9999 -9999 -9999 -9999 -9999 -9999 -9999 6.54200923442841 6.5464403629303 7.36634355783463 7.9067360162735 7.90799260139465 7.67585849761963 7.44907915592194 7.75980699062347 7.74293661117554 7.6836234331131 7.83337891101837 7.98105108737946 7.44791519641876
-9999 -9999 -9999 -9999 -9999 -9999 7.7832248210907 7.79724383354187 7.8058465719223 9.26900279521942 9.28505754470825 9.2543979883194 9.22590065002441 9.27528500556946 9.24518442153931 9.23959517478943 9.25093758106232 9.29837107658386 9.24014890193939 9.30740475654602 -9999 -9999 -9999 -9999 7.71364283561707 7.62203991413116 7.69460320472717 6.98563718795776 -9999 -9999 -9999 -9999 -9999 6.70331513881683 6.73497188091278 -9999 -9999 6.56832683086395 7.41037356853485 7.44370883703232 7.45280176401138 7.99638378620148 8.00524652004242 7.92525386810303 7.6675032377243 7.40275371074677 7.01150578260422 6.83072739839554 6.36751249432564
-9999 -9999 -9999 -9999 -9999 -9999 -9999 7.82110106945038 7.85783791542053 -9999 -9999 9.40707564353943 9.39912819862366 -9999 -9999 9.42153573036194 9.37706053256989 9.35175144672394 9.29592394828796 9.27425050735474 9.28989070653915 9.17429310083389 9.00462698936462 9.20023810863495 7.76315867900848 9.07236707210541 7.64144968986511 6.99301826953888 7.11893606185913 -9999 -9999 7.74876236915588 7.60569167137146 6.73792541027069 6.71269607543945 -9999 -9999 6.57225179672241 -9999 -9999 7.55784004926682 7.78107565641403 -9999 7.58873665332794 7.60141158103943 7.26196891069412 6.90306144952774 6.67265376448631 6.70591261982918
-9999 -9999 -9999 -9999 -9999 -9999 -9999 -9999 8.03705167770386 8.00885832309723 8.03582334518433 8.03208410739899 8.03945529460907 9.34774339199066 9.27082359790802 9.30679059028625 9.22390496730804 9.16045939922333 9.01396089792252 9.06424248218536 9.20535826683044 9.07730668783188 9.0462554693222 9.24351340532303 9.00781935453415 9.03176832199097 8.29497051239014 7.02227419614792 -9999 -9999 -9999 -9999 6.74030530452728 6.74924039840698 -9999 -9999 7.86878997087479 7.5430783033371 7.64374059438705 7.52280968427658 7.05220508575439 7.40156316757202 7.92341512441635 7.76198118925095 7.12033945322037 6.80015540122986 7.25111764669418 7.4622465968132 7.5341460108757
-9999 -9999 -9999 -9999 -9999 -9999 -9999 -9999 8.04022431373596 8.02524471282959 9.40066909790039 9.38008546829224 9.36244034767151 9.35088920593262 9.31836104393005 9.14816677570343 9.22897243499756 9.17444443702698 8.94246250391006 9.06702619791031 9.00558990240097 9.09098696708679 8.98838382959366 9.07411414384842 8.90017759799957 8.29539662599564 8.45732808113098 8.37433671951294 6.96786236763 6.95728540420532 -9999 6.72382593154907 6.40806615352631 7.45503729581833 7.88140392303467 7.72437822818756 7.01527553796768 7.26061069965363 6.4948405623436 6.52149134874344 6.63997527956963 7.03545933961868 7.32555478811264 7.75784492492676 -9999 7.96409225463867 7.72413218021393 7.20433938503265 6.95037943124771
-9999 -9999 -9999 -9999 -9999 -9999 8.0603506565094 8.06176960468292 9.48870766162872 9.44993841648102 9.23653000593185 9.07925415039062 9.21664476394653 9.32336807250977 9.33625864982605 9.28881573677063 9.15270608663559 8.97226315736771 8.42596441507339 8.74847608804703 8.99965488910675 9.00416702032089 8.93834567070007 9.0429755449295 9.02703595161438 8.52557951211929 8.42992317676544 7.05995261669159 6.54371458292007 6.5406014919281 6.52444344758987 6.34173548221588 6.45248019695282 7.80958420038223 6.61415165662766 7.12604904174805 7.15905201435089 6.78369414806366 6.51793333888054 5.93500596284866 5.81241190433502 7.02732175588608 7.69463768601418 7.59850060939789 -9999 -9999 7.27569073438644 7.40026557445526 7.51477974653244
8.5489387512207 7.19175207614899 7.96976387500763 8.03478515148163 -9999 7.94816064834595 8.06623518466949 9.48380780220032 9.38880407810211 9.3444459438324 9.1549214720726 8.71973013877869 9.0628719329834 9.37184727191925 9.49798953533173 9.5585834980011 9.49381697177887 9.43880414962769 9.28759449720383 9.3726766705513 9.35352772474289 9.29768061637878 9.33059912919998 -9999 7.80045807361603 7.81399035453796 7.78458750247955 7.08347928524017 7.36510837078094 7.7530043721199 7.32672798633575 7.79306465387344 7.30639243125916 7.44663679599762 7.16267502307892 7.56452196836472 7.0275371670723 6.90103170275688 6.89185944199562 7.84666693210602 7.84406992793083 7.99847212433815 6.92758432030678 6.8910725414753 7.09442037343979 7.68488216400146 -9999 7.9715803861618 7.85784673690796
8.50592947006226 7.09682548046112 8.569993019104 8.71643102169037 -9999 -9999 -9999 9.51600706577301 10.2467267513275 9.51351535320282 9.3834376335144 9.34966444969177 8.92417728900909 8.99502873420715 9.81716406345367 -9999 -9999 7.94122552871704 7.84813368320465 7.70544278621674 7.68691819906235 7.99408853054047 8.02486979961395 7.88898456096649 7.55145752429962 7.3635675907135 7.82855045795441 -9999 6.58664047718048 8.25771498680115 7.8600332736969 7.21796590089798 6.73100394010544 6.874511256814 7.47966402769089 6.99820321798325 7.13286647200584 7.13405141234398 7.19673573970795 7.639753729105 7.58677184581757 7.57662287354469 6.24814081192017 6.36393597722054 6.73139816522598 7.09686052799225 7.19475120306015 7.91237998008728 -9999
8.57066965103149 8.59702062606812 8.65420484542847 8.76372230052948 8.21412003040314 8.2982337474823 -9999 -9999 -9999 -9999 -9999 9.74709856510162 8.67301380634308 8.8458297252655 8.91668140888214 8.16060709953308 8.61833035945892 8.45132946968079 8.27876055240631 8.16302996873856 7.78196561336517 7.46785759925842 7.57252621650696 7.57201486825943 7.03555577993393 7.00614440441132 6.84091350436211 7.37795627117157 7.21817415952682 6.56494510173798 8.3228075504303 7.07980525493622 6.8336047232151 7.34304070472717 7.52084058523178 7.78708729147911 7.8181072473526 7.76340717077255 7.5297070145607 7.32950684428215 7.58280700445175 6.1190600246191 6.16669718921185 6.13963314890862 6.65706950426102 5.57715821266174 7.02138075232506 7.89504420757294 -9999
8.67591023445129 8.70724701881409 8.76341700553894 8.8479562997818 8.27395558357239 8.28577053546906 8.46456003189087 -9999 -9999 -9999 8.3226113319397 9.00837528705597 8.89726686477661 8.22037214040756 8.080257833004 8.42428052425385 9.52658605575562 7.76476740837097 7.90635651350021 8.08412647247314 7.67606347799301 7.95600020885468 8.14710396528244 7.74270761013031 8.04747813940048 7.37191450595856 7.96451842784882 6.84520518779755 7.73824942111969 7.44061237573624 6.9761209487915 5.74038416147232 5.98696956038475 7.82385179400444 7.07636418938637 6.67659901082516 6.9633476883173 7.11926281452179 6.74151156097651 7.09659379720688 7.02584232389927 5.87691859900951 6.67364302277565 6.03783045709133 6.66126203536987 6.9899640083313 7.46906054019928 7.57969278097153 5.98083806037903
8.73062133789062 8.78120243549347 8.83096206188202 8.13051807880402 8.18049001693726 8.27191865444183 -9999 8.38001322746277 9.08818078041077 9.04542231559753 8.21440291404724 9.15342819690704 8.99050784111023 8.43100041151047 8.08797520399094 7.65352213382721 7.66307318210602 7.17774230241776 7.42678505182266 7.31605648994446 7.0496611893177 7.39626601338387 7.40970399975777 7.73414206504822 7.7725802063942 7.44288384914398 7.77099722623825 7.31773513555527 6.99861824512482 6.6104439496994 6.34114173054695 6.68476819992065 5.96863215789199 6.26499634981155 6.10050302743912 6.29772410541773 6.78992162644863 7.06178545951843 6.81648267060518 7.29218035936356 6.34735222160816 7.27057507634163 7.55943658947945 8.39976787567139 7.48391133546829 5.06570196151733 6.78651279211044 6.67489641904831 5.29494750499725
