data/spatiotemp/temp1/bio9_norsw_test_2003_2006.asc
NCOLS 654 
NROWS 380 
XLLCORNER 3.91666666666667 
YLLCORNER 55.3333333333333 
CELLSIZE 0.0416666666666666 
NODATA_value -9999 
[rows 210 to 230 of 380, columns 490 to 538 of 654]
-4.79821574687958 -4.83354872465134 -4.84638166427612 -4.84771460294724 -4.7850478887558 -4.8460476398468 -4.84288030862808 -4.77354723215103 -4.74487978219986 -4.8132129907608 -4.86428272724152 -4.85108888149261 -4.93372792005539 -4.93220090866089 -4.92300689220428 -4.86297959089279 -4.8949521780014 -4.93575823307037 -4.9965643286705 -4.95537048578262 -4.97950994968414 -5.05914896726608 -5.09788084030151 -5.13587212562561 -5.13619643449783 -5.12202060222626 -5.10267812013626 -5.13283622264862 -5.13166052103043 -5.04448467493057 -4.94964236021042 -4.77680033445358 -4.62895798683167 -4.62944906949997 -4.68118238449097 -4.69799095392227 -4.67863303422928 -4.62560850381851 -4.61941701173782 -4.65922576189041 -4.7617010474205 -4.80384302139282 -4.88365209102631 -4.89729398488998 -4.93460261821747 -4.93774485588074 -4.995276927948 -5.0521993637085 -5.11395472288132
-4.74713331460953 -4.76540076732635 -4.82266855239868 -4.79226940870285 -4.69137066602707 -4.70063847303391 -4.81340575218201 -4.74017351865768 -4.73860800266266 -4.74737536907196 -4.81962198019028 -4.84718060493469 -4.90690577030182 -4.95996409654617 -4.92818933725357 -4.87408125400543 -4.81847310066223 -4.84736484289169 -4.84609019756317 -4.87964874505997 -4.93670725822449 -4.95809924602509 -5.04214513301849 -5.08484542369843 -5.06154495477676 -5.08507812023163 -5.1024449467659 -5.1491447687149 -5.12084472179413 -5.03237783908844 -4.87907814979553 -4.73994469642639 -4.65714460611343 -4.65834426879883 -4.65140283107758 -4.68381977081299 -4.61440372467041 -4.6384871006012 -4.66190391778946 -4.72932100296021 -4.78707128763199 -4.84848815202713 -4.83790504932404 -4.88582217693329 -4.99490582942963 -4.98248940706253 -4.97535598278046 -5.03350549936295 -5.06265503168106
-4.66805082559586 -4.68141955137253 -4.76245534420013 -4.75615727901459 -4.69752645492554 -4.67439544200897 -4.701764523983 -4.73929977416992 -4.72683560848236 -4.7335376739502 -4.80462789535522 -4.80727243423462 -4.89508295059204 -4.93739420175552 -4.9310387969017 -4.84851622581482 -4.83566081523895 -4.81330519914627 -4.786949634552 -4.81826049089432 -4.84607154130936 -4.8772160410881 -4.99240934848785 -5.01131838560104 -4.9835604429245 -5.07780265808105 -5.12204486131668 -5.05328702926636 -5.01152914762497 -4.98993796110153 -4.83618021011353 -4.68725562095642 -4.61049789190292 -4.58007335662842 -4.58512383699417 -4.6474820971489 -4.57500731945038 -4.6361990571022 -4.6940575838089 -4.75858289003372 -4.8279412984848 -4.84446638822556 -4.79849171638489 -4.82818365097046 -4.93620878458023 -5.02606707811356 -4.97143477201462 -5.01131159067154 -5.10435497760773
-4.65230166912079 -4.6216054558754 -4.70657539367676 -4.76721221208572 -4.68184924125671 -4.64031940698624 -4.65012282133102 -4.68242633342743 -4.67706310749054 -4.72053372859955 -4.7469670176506 -4.79536384344101 -4.8482608795166 -4.79732429981232 -4.78455460071564 -4.84645140171051 -4.88701474666595 -4.84841173887253 -4.75914216041565 -4.74070554971695 -4.78926920890808 -4.83683276176453 -4.85517352819443 -4.921291410923 -4.96874243021011 -4.97469347715378 -4.86314457654953 -4.87392896413803 -4.8878800868988 -4.94633108377457 -4.75994896888733 -4.63889992237091 -4.54801779985428 -4.50313556194305 -4.51917773485184 -4.58314442634583 -4.60727798938751 -4.60074460506439 -4.66071140766144 -4.80617815256119 -4.86631143093109 -4.85511153936386 -4.85341167449951 -4.80871152877808 -4.90084511041641 -4.95581167936325 -4.98234695196152 -4.99478447437286 -5.00422191619873
-4.64914947748184 -4.6045104265213 -4.62903791666031 -4.66423177719116 -4.65025919675827 -4.64895325899124 -4.60898071527481 -4.67334121465683 -4.64003527164459 -4.7408961057663 -4.70173174142838 -4.72354227304459 -4.77601963281631 -4.72983002662659 -4.77880722284317 -4.84928464889526 -4.85626167058945 -4.77440559864044 -4.74921637773514 -4.76419323682785 -4.7761709690094 -4.79631447792053 -4.80977892875671 -4.84123057126999 -4.89951550960541 -4.84046721458435 -4.81725192070007 -4.75420349836349 -4.77698862552643 -4.79827332496643 -4.73239159584045 -4.66484320163727 -4.46129477024078 -4.36291313171387 -4.39247578382492 -4.49731588363647 -4.51815593242645 -4.61132961511612 -4.69133639335632 -4.82000982761383 -4.83435016870499 -4.82819026708603 -4.79786372184753 -4.85753732919693 -4.91354411840439 -4.87005096673965 -4.89943277835846 -4.94785577058792 -4.99461233615875
-4.4915943145752 -4.55013501644135 -4.62067538499832 -4.5880491733551 -4.60558956861496 -4.60429686307907 -4.5741708278656 -4.59421116113663 -4.63825160264969 -4.71779215335846 -4.72042179107666 -4.76830744743347 -4.80202603340149 -4.72007817029953 -4.77913022041321 -4.80984896421432 -4.8044011592865 -4.77611976861954 -4.73383837938309 -4.68289041519165 -4.71527588367462 -4.73916155099869 -4.76939260959625 -4.78613632917404 -4.74321341514587 -4.66129010915756 -4.68436723947525 -4.64461088180542 -4.66885423660278 -4.67409819364548 -4.68934166431427 -4.63575208187103 -4.53266251087189 -4.47807270288467 -4.50068378448486 -4.57599610090256 -4.58697497844696 -4.64962029457092 -4.68243283033371 -4.76824516057968 -4.77939051389694 -4.7627027630806 -4.80134797096252 -4.91032707691193 -4.88863903284073 -4.82545131444931 -4.86252492666245 -4.9388592839241 -4.99519371986389
-4.4673724770546 -4.47359281778336 -4.49231308698654 -4.52653330564499 -4.52675348520279 -4.54314070940018 -4.54169422388077 -4.57274794578552 -4.61230158805847 -4.72202181816101 -4.6946120262146 -4.63790559768677 -4.64886593818665 -4.61582618951797 -4.65478658676147 -4.60991334915161 -4.71420705318451 -4.70050066709518 -4.67746096849442 -4.69342130422592 -4.66838133335114 -4.69500827789307 -4.72683930397034 -4.7460418343544 -4.78724443912506 -4.7264466881752 -4.61664915084839 -4.62435120344162 -4.60555380582809 -4.63758945465088 -4.59612518548965 -4.49482733011246 -4.49052977561951 -4.49839866161346 -4.50522541999817 -4.55984300374985 -4.70412749052048 -4.63274484872818 -4.62819582223892 -4.72281330823898 -4.74709731340408 -4.76604843139648 -4.82316583395004 -4.89161676168442 -4.8927344083786 -4.92468547821045 -4.97445034980774 -4.98869609832764 -4.96227520704269
-4.44865071773529 -4.47405081987381 -4.44078403711319 -4.46235078573227 -4.51075100898743 -4.45531785488129 -4.51138442754745 -4.54878461360931 -4.61201792955399 -4.65175133943558 -4.59380227327347 -4.61450392007828 -4.65087246894836 -4.60207432508469 -4.52960938215256 -4.52497780323029 -4.56234633922577 -4.6312147974968 -4.66258323192596 -4.67311817407608 -4.65498685836792 -4.71802192926407 -4.73012000322342 -4.74544775485992 -4.76844203472137 -4.77910327911377 -4.75059753656387 -4.69142520427704 -4.57975292205811 -4.62991404533386 -4.53557515144348 -4.51073634624481 -4.44489735364914 -4.49839162826538 -4.50726699829102 -4.59935665130615 -4.72027957439423 -4.65003579854965 -4.72179216146469 -4.67721486091614 -4.70380461215973 -4.80006086826324 -4.83898371458054 -4.90874010324478 -4.93199616670609 -4.98658585548401 -5.02470934391022 -4.98919969797134 -4.90919005870819
-4.50376200675964 -4.42650860548019 -4.39775514602661 -4.44666838645935 -4.43574833869934 -4.43582808971405 -4.47407472133636 -4.54332095384598 -4.60056757926941 -4.56248080730438 -4.53949230909348 -4.55976897478104 -4.61521250009537 -4.57465577125549 -4.50459909439087 -4.47070890665054 -4.54465234279633 -4.64192891120911 -4.67353874444962 -4.62731540203094 -4.64842540025711 -4.70386856794357 -4.72790038585663 -4.75185334682465 -4.69563978910446 -4.76642638444901 -4.80104595422745 -4.70566552877426 -4.61328560113907 -4.5585720539093 -4.46719175577164 -4.58864486217499 -4.45776474475861 -4.3970513343811 -4.39447540044785 -4.51553672552109 -4.67409843206406 -4.66599333286285 -4.65055519342422 -4.74761664867401 -4.74051183462143 -4.86207324266434 -4.94163477420807 -4.95286321640015 -4.96792483329773 -4.98831987380981 -4.97530144453049 -4.88736969232559 -4.87077128887177
-4.42554032802582 -4.39079993963242 -4.34605985879898 -4.36431932449341 -4.35707899928093 -4.35983863472939 -4.41709840297699 -4.46669125556946 -4.47828412055969 -4.50337725877762 -4.47118282318115 -4.46170085668564 -4.47355228662491 -4.45240372419357 -4.44858855009079 -4.47843998670578 -4.52912503480911 -4.55730974674225 -4.56249451637268 -4.53884613513947 -4.60136395692825 -4.65371549129486 -4.65901380777359 -4.6140923500061 -4.6448375582695 -4.64174926280975 -4.71299421787262 -4.69340640306473 -4.53865170478821 -4.41539654135704 -4.40380844473839 -4.46872043609619 -4.4724657535553 -4.43421065807343 -4.39851677417755 -4.51805031299591 -4.56558412313461 -4.5492844581604 -4.64365136623383 -4.77201843261719 -4.85721898078918 -4.93041908740997 -4.94178593158722 -4.98715299367905 -4.88585335016251 -4.83838725090027 -4.79789370298386 -4.77287322282791 -4.80851948261261
-4.49781852960587 -4.41559135913849 -4.36153048276901 -4.39246988296509 -4.4102429151535 -4.40034908056259 -4.4261217713356 -4.42689460515976 -4.43600064516068 -4.41843998432159 -4.39253950119019 -4.4279659986496 -4.43489223718643 -4.44698512554169 -4.45291119813919 -4.50983780622482 -4.48743098974228 -4.51052409410477 -4.50595021247864 -4.47554308176041 -4.5254693031311 -4.57172900438309 -4.55662739276886 -4.5858314037323 -4.56486850976944 -4.55773890018463 -4.58310979604721 -4.56931358575821 -4.43718409538269 -4.39922133088112 -4.38559198379517 -4.44196254014969 -4.43766629695892 -4.47253692150116 -4.49572503566742 -4.58239716291428 -4.66206985712051 -4.67540889978409 -4.722247838974 -4.64742022752762 -4.71425890922546 -4.81909829378128 -4.89410406351089 -4.91594296693802 -4.84828191995621 -4.76295435428619 -4.70998603105545 -4.68271005153656 -4.69126743078232
-4.38626337051392 -4.3848825097084 -4.39966833591461 -4.43495446443558 -4.49007368087769 -4.45085954666138 -4.42797881364822 -4.42726457118988 -4.40371710062027 -4.37300288677216 -4.42989647388458 -4.44656425714493 -4.49073207378387 -4.48223310709 -4.52206766605377 -4.4829021692276 -4.48123663663864 -4.49957120418549 -4.43773892521858 -4.44007354974747 -4.49024128913879 -4.49274253845215 -4.55724096298218 -4.44140377640724 -4.41006621718407 -4.42372906208038 -4.4503915309906 -4.4873873591423 -4.38304990530014 -4.28421264886856 -4.3220419883728 -4.42970454692841 -4.54820042848587 -4.60269629955292 -4.56976634263992 -4.60591095685959 -4.67055535316467 -4.74369990825653 -4.73117756843567 -4.70282191038132 -4.752132833004 -4.76877737045288 -4.7932550907135 -4.80456608533859 -4.76221036911011 -4.72368824481964 -4.67041158676147 -4.62138026952744 -4.64501577615738
-4.41754168272018 -4.35734057426453 -4.41247272491455 -4.40943837165833 -4.44240415096283 -4.43053632974625 -4.44450205564499 -4.40863442420959 -4.33576679229736 -4.33739921450615 -4.37958660721779 -4.43382930755615 -4.52423846721649 -4.55748116970062 -4.59839057922363 -4.56413322687149 -4.53537601232529 -4.55211853981018 -4.44886136054993 -4.39093738794327 -4.38851362466812 -4.41708946228027 -4.41468819975853 -4.45297592878342 -4.43676391243935 -4.38538530468941 -4.32367327809334 -4.2786278128624 -4.24841594696045 -4.22770416736603 -4.30865854024887 -4.38527995347977 -4.45123463869095 -4.42385601997375 -4.55064129829407 -4.59175801277161 -4.66854095458984 -4.69482392072678 -4.66327381134033 -4.67455691099167 -4.71983993053436 -4.76612317562103 -4.78323948383331 -4.68985611200333 -4.67163908481598 -4.65775537490845 -4.64183700084686 -4.61738353967667 -4.65926367044449
-4.39982002973557 -4.40129846334457 -4.41561061143875 -4.39725613594055 -4.3770680129528 -4.3772135078907 -4.40702575445175 -4.43817102909088 -4.4196497797966 -4.41746181249619 -4.37244355678558 -4.38909411430359 -4.52541190385818 -4.54222923517227 -4.54254686832428 -4.55553096532822 -4.54768180847168 -4.4168327152729 -4.3991502225399 -4.3961346745491 -4.39011853933334 -4.36360287666321 -4.44430166482925 -4.47371512651443 -4.54462867975235 -4.49670827388763 -4.43645495176315 -4.31453514099121 -4.2356154024601 -4.22152876853943 -4.34410864114761 -4.48068869113922 -4.50126874446869 -4.43851536512375 -4.50551629066467 -4.47577166557312 -4.54036009311676 -4.59744811058044 -4.59903717041016 -4.65695869922638 -4.61371368169785 -4.65963566303253 -4.68955743312836 -4.62964576482773 -4.64090090990067 -4.63265597820282 -4.60709583759308 -4.62955397367477 -4.63551187515259
-4.40526449680328 -4.36225634813309 -4.41391491889954 -4.3274068236351 -4.38539886474609 -4.36555749177933 -4.38671588897705 -4.34687450528145 -4.38253301382065 -4.42285817861557 -4.37896689772606 -4.31952595710754 -4.42825174331665 -4.47731083631516 -4.47453671693802 -4.49876242876053 -4.53932118415833 -4.48554682731628 -4.3927726149559 -4.35716506838799 -4.34589067101479 -4.34228301048279 -4.36858180165291 -4.48112058639526 -4.45982605218887 -4.45703160762787 -4.353237003088 -4.227608948946 -4.2584810256958 -4.23185330629349 -4.35239219665527 -4.44176423549652 -4.40263622999191 -4.39434134960175 -4.4730578660965 -4.4546183347702 -4.45067894458771 -4.47007262706757 -4.52729958295822 -4.63002705574036 -4.62142080068588 -4.66964811086655 -4.62854188680649 -4.60826897621155 -4.61599630117416 -4.60922336578369 -4.57768797874451 -4.59839046001434 -4.55092656612396
-4.40954291820526 -4.3598812520504 -4.31755259633064 -4.3140577673912 -4.33272922039032 -4.33123451471329 -4.36407282948494 -4.29041093587875 -4.34774929285049 -4.29808783531189 -4.30982404947281 -4.42045772075653 -4.32725822925568 -4.42689216136932 -4.46385949850082 -4.48115998506546 -4.49429380893707 -4.37492761015892 -4.38022819161415 -4.37302869558334 -4.37582927942276 -4.29729649424553 -4.29486209154129 -4.35735967755318 -4.31969058513641 -4.32818782329559 -4.30401888489723 -4.25051632523537 -4.24968045949936 -4.32951140403748 -4.45034199953079 -4.41583946347237 -4.4200034737587 -4.35450109839439 -4.47943294048309 -4.47146505117416 -4.47683101892471 -4.47553050518036 -4.44539612531662 -4.4654286801815 -4.55046147108078 -4.62199395895004 -4.59869319200516 -4.53939229249954 -4.54442453384399 -4.53795713186264 -4.52628016471863 -4.54489409923553 -4.49617472290993
-4.28934580087662 -4.4066059589386 -4.30286622047424 -4.24962621927261 -4.3147197663784 -4.27814683318138 -4.31390663981438 -4.25483328104019 -4.30059376358986 -4.2368538081646 -4.27309039235115 -4.30680328607559 -4.32834991812706 -4.35439637303352 -4.41377580165863 -4.44448888301849 -4.45203542709351 -4.38274836540222 -4.37096133828163 -4.33267444372177 -4.37088763713837 -4.30376744270325 -4.34627369046211 -4.32107296586037 -4.30670583248138 -4.3231720328331 -4.39980489015579 -4.30460429191589 -4.33573710918427 -4.38203653693199 -4.34966933727264 -4.38696873188019 -4.38810148835182 -4.37840098142624 -4.52481651306152 -4.46034759283066 -4.43787890672684 -4.42257648706436 -4.45927459001541 -4.43980547785759 -4.48716986179352 -4.5090343952179 -4.54156577587128 -4.4542635679245 -4.41946139931679 -4.44482603669167 -4.44344657659531 -4.50965660810471 -4.42703294754028
-4.1975077688694 -4.28076502680779 -4.32652217149734 -4.30494606494904 -4.25053650140762 -4.23596033453941 -4.26488447189331 -4.25047487020493 -4.27123209834099 -4.23798948526382 -4.2435998916626 -4.29106304049492 -4.34685945510864 -4.39498949050903 -4.36878606677055 -4.37758269906044 -4.42021250724792 -4.41684243083 -4.44647231698036 -4.45626896619797 -4.44906556606293 -4.35269546508789 -4.31664949655533 -4.33576104044914 -4.28137218952179 -4.34198379516602 -4.31392824649811 -4.22953960299492 -4.26198461651802 -4.31692898273468 -4.36137399077415 -4.37631872296333 -4.42592996358871 -4.40287488698959 -4.39570876955986 -4.37759840488434 -4.37015476822853 -4.42754471302032 -4.44260078668594 -4.427824229002 -4.4708805680275 -4.45277017354965 -4.48899346590042 -4.36971667408943 -4.34143987298012 -4.41482946276665 -4.4296866953373 -4.38734415173531 -4.41233539581299
-4.11533629894257 -4.25025716423988 -4.27951142191887 -4.26009923219681 -4.1761865913868 -4.17510774731636 -4.24836218357086 -4.27828308939934 -4.24187085032463 -4.27812501788139 -4.23444217443466 -4.31082254648209 -4.32936924695969 -4.34841617941856 -4.34146291017532 -4.38200986385345 -4.38172313570976 -4.43776988983154 -4.4928166270256 -4.47353023290634 -4.43757677078247 -4.42145693302155 -4.38519203662872 -4.40328204631805 -4.37303847074509 -4.47529542446136 -4.34871858358383 -4.19380837678909 -4.21606516838074 -4.29182174801826 -4.42391186952591 -4.40966838598251 -4.48159176111221 -4.42351499199867 -4.37976759672165 -4.3666827082634 -4.40476447343826 -4.41284593939781 -4.44192773103714 -4.41817632317543 -4.49242436885834 -4.42617273330688 -4.41342109441757 -4.35266962647438 -4.32591789960861 -4.37266659736633 -4.36559304594994 -4.33186519145966 -4.32313758134842
-4.15016442537308 -4.12024939060211 -4.13583424687386 -4.14275228977203 -4.22283685207367 -4.2060883641243 -4.22433972358704 -4.22709143161774 -4.25234270095825 -4.25142741203308 -4.27111846208572 -4.26424857974052 -4.30337890982628 -4.35017624497414 -4.3669730424881 -4.37743678689003 -4.4447335600853 -4.45736372470856 -4.47782754898071 -4.44945797324181 -4.42692133784294 -4.38238513469696 -4.33156794309616 -4.33863651752472 -4.3375381231308 -4.31877332925797 -4.18067556619644 -4.17974418401718 -4.21981260180473 -4.34188133478165 -4.39094963669777 -4.40835145115852 -4.37942028045654 -4.39632207155228 -4.40032655000687 -4.38176697492599 -4.37004047632217 -4.37214732170105 -4.39475464820862 -4.37486121058464 -4.44246852397919 -4.41724202036858 -4.39434912800789 -4.32045605778694 -4.31106287240982 -4.29766994714737 -4.28166669607162 -4.29421997070312 -4.30827286839485
-4.09149307012558 -4.04807478189468 -4.06849002838135 -4.10857185721397 -4.14565369486809 -4.2082357108593 -4.20031756162643 -4.24056619405746 -4.2434815466404 -4.30989643931389 -4.2449609041214 -4.2431748509407 -4.31938874721527 -4.37976938486099 -4.37848311662674 -4.40686357021332 -4.42374411225319 -4.38529127836227 -4.37183845043182 -4.30271887779236 -4.31026607751846 -4.35647994279861 -4.2724437713623 -4.17815768718719 -4.25337156653404 -4.25108537077904 -4.17463240027428 -4.20701295137405 -4.27139326930046 -4.33160731196404 -4.42348748445511 -4.40136823058128 -4.37091508507729 -4.34196239709854 -4.3365521132946 -4.35168439149857 -4.34148341417313 -4.33328211307526 -4.32174763083458 -4.32238006591797 -4.35367888212204 -4.32597795128822 -4.30344331264496 -4.30874222517014 -4.32187455892563 -4.27450689673424 -4.27507340908051 -4.29040756821632 -4.26007506251335
