data/spatiotemp/temp2/bio11_norsw_test_2007_2010.asc
NCOLS 654 
NROWS 380 
XLLCORNER 3.91666666666667 
YLLCORNER 55.3333333333333 
CELLSIZE 0.0416666666666667 
NODATA_value -9999 
[rows 110 to 131 of 380, columns 528 to 575 of 654]
-10.4966779947281 -10.5157006978989 -10.5492230653763 -10.5680788755417 -10.6556017398834 -10.8062903881073 -10.9316465854645 -11.0045025348663 -11.0162683725357 -10.9887772798538 -10.9961203336716 -11.0532960891724 -11.1186388731003 -11.1669814586639 -11.188657283783 -11.2200001478195 -11.2025090456009 -11.2463519573212 -11.2825276851654 -11.3010369539261 -11.291415810585 -11.3281635046005 -11.3892441987991 -11.3746584653854 -11.35140645504 -11.3523203134537 -11.3200677633286 -11.2988158464432 -11.3195641040802 -11.3929778337479 -11.4650591611862 -11.4939733743668 -11.427071928978 -11.4196889400482 -11.1399719715118 -10.9347553253174 -11.0995386838913 -11.1491546630859 -11.2411050796509 -11.2667218446732 -11.1303380727768 -11.1052883863449 -11.2865717411041 -11.2583549022675 -11.2638839483261 -11.3511583805084 -11.5587661266327 -11.7807075977325
-10.4666727781296 -10.5583021640778 -10.6139316558838 -10.5655609369278 -10.5941902399063 -10.7051535844803 -10.7742826938629 -10.8572450876236 -10.9222993850708 -10.9376111030579 -10.9632560014725 -10.9874013662338 -10.9758793115616 -10.9715247154236 -11.0385030508041 -11.0891481637955 -11.0519595146179 -11.0279381275177 -11.1595829725266 -11.2703948020935 -11.3001316785812 -11.3217930793762 -11.362287402153 -11.3217817544937 -11.3157764673233 -11.3087712526321 -11.3040993213654 -11.3110934495926 -11.3339214324951 -11.3495826721191 -11.3367441892624 -11.3267385959625 -11.3411353826523 -11.3957678079605 -11.2627332210541 -11.1995322704315 -11.3321642875671 -11.37746322155 -11.4490957260132 -11.5003941059113 -11.5855268239975 -11.5279916524887 -11.4959577322006 -11.3307569026947 -11.2623435258865 -11.3580515384674 -11.4822593927383 -11.6724677085876
-10.4070008993149 -10.4737371206284 -10.551139831543 -10.5863761901855 -10.5912793874741 -10.6005158424377 -10.6630852222443 -10.7219884395599 -10.7888303995132 -10.8181111812592 -10.8528916835785 -10.8636727333069 -10.8124535083771 -10.7875682115555 -10.8453489542007 -10.9504630565643 -10.922410607338 -10.8700249195099 -10.9943052530289 -11.0889194011688 -11.1546809673309 -11.272922039032 -11.3241637945175 -11.3334056138992 -11.318480014801 -11.2788885831833 -11.2744635343552 -11.3023717403412 -11.309112906456 -11.3020210266113 -11.2495958805084 -11.2203373908997 -11.2785322666168 -11.3415130376816 -11.3448276519775 -11.3579754829407 -11.4169564247131 -11.4797716140747 -11.5690863132477 -11.6340672969818 -11.6057152748108 -11.6115297079086 -11.631844162941 -11.6061588525772 -11.6329703330994 -11.5784451961517 -11.5782532691956 -11.6565608978271
-10.3004956245422 -10.3418387174606 -10.4301818609238 -10.4966915845871 -10.5753682851791 -10.5905448198318 -10.5925550460815 -10.636897444725 -10.7126948833466 -10.7652779817581 -10.7956943511963 -10.8177777528763 -10.7961943149567 -10.787277340889 -10.8283612728119 -10.8717776536942 -10.9030276536942 -10.8547780513763 -10.8770275115967 -10.9229444265366 -10.978729724884 -11.0270520448685 -11.0963736772537 -11.1715288162231 -11.246350646019 -11.2140055894852 -11.170160651207 -11.1773159503937 -11.2594714164734 -11.279626250267 -11.2664480209351 -11.2696031332016 -11.2827619314194 -11.275425195694 -11.2932559251785 -11.3470858335495 -11.4537492990494 -11.4952462911606 -11.533910036087 -11.590406537056 -11.617403626442 -11.641233921051 -11.6613969802856 -11.7442274093628 -11.8052632808685 -11.7883381843567 -11.7142461538315 -11.762654542923
-10.3116571903229 -10.3029404878616 -10.3293904066086 -10.3706740140915 -10.4437906742096 -10.5334074497223 -10.5633572340012 -10.579807639122 -10.6438918113708 -10.6991113424301 -10.6914970874786 -10.6868824958801 -10.689267873764 -10.7071542739868 -10.7455406188965 -10.757759809494 -10.741644859314 -10.723864197731 -10.7594166994095 -10.805135846138 -10.8416126966476 -10.8856815099716 -10.8960835933685 -10.9706521034241 -11.0228878259659 -11.0744563341141 -11.0683583021164 -11.0622607469559 -11.0896620750427 -11.192231297493 -11.159633398056 -11.1765351295471 -11.1913254261017 -11.1935043334961 -11.2868502140045 -11.3976955413818 -11.4457088708878 -11.5118880271912 -11.5529001951218 -11.6324130296707 -11.676924943924 -11.7252712249756 -11.7314503192902 -11.7022956609726 -11.7912228107452 -11.850564956665 -11.8582394123077 -11.8699145317078
-10.337651848793 -10.3625422716141 -10.3719321489334 -10.3996562957764 -10.4198797941208 -10.4752695560455 -10.4996597766876 -10.4817168712616 -10.4904230833054 -10.5496110916138 -10.6021322011948 -10.6281542778015 -10.6476759910583 -10.6743642091751 -10.6840523481369 -10.676740527153 -10.6574289798737 -10.61911714077 -10.6558055877686 -10.6904935836792 -10.6906627416611 -10.7341443300247 -10.8096269369125 -10.9176090955734 -10.9825912714005 -10.9849067926407 -10.9605555534363 -10.9872043132782 -11.0468534231186 -11.0546694993973 -11.0629843473434 -11.1226334571838 -11.1703886985779 -11.2172503471375 -11.2597787380219 -11.3531398773193 -11.4320012331009 -11.5175296068192 -11.630224108696 -11.703919172287 -11.7366135120392 -11.7594749927521 -11.7846696376801 -11.7218647003174 -11.743349313736 -11.7959582805634 -11.7500660419464 -11.7591743469238
-10.368980050087 -10.3829771280289 -10.3664743900299 -10.3924715518951 -10.4068018198013 -10.4171326160431 -10.4099626541138 -10.3846263885498 -10.4186203479767 -10.4394444227219 -10.4886019229889 -10.569259762764 -10.6415833234787 -10.6817407608032 -10.6598982810974 -10.6575554609299 -10.7400459051132 -10.7793705463409 -10.7536944150925 -10.7491853237152 -10.7300449609756 -10.7734410762787 -10.8521695137024 -10.9212327003479 -10.9574612379074 -10.9388573169708 -10.9370867013931 -10.964982509613 -11.009544968605 -11.061107635498 -11.1465030908585 -11.1867324113846 -11.2337855100632 -11.3073292970657 -11.3668730258942 -11.3744168281555 -11.4079602956772 -11.4651706218719 -11.5438810586929 -11.6509250402451 -11.7508015632629 -11.8041789531708 -11.8052225112915 -11.7370994091034 -11.7621424198151 -11.8710176944733 -11.9148931503296 -11.9242684841156
-10.3328084945679 -10.3522455692291 -10.3495162725449 -10.3654536008835 -10.3990573883057 -10.4428284168243 -10.4427652359009 -10.4338694810867 -10.4803181886673 -10.5361109972 -10.5915706157684 -10.6610310077667 -10.7373239994049 -10.7559504508972 -10.7995767593384 -10.8562034368515 -10.895663022995 -10.8964568376541 -10.8530830144882 -10.8485432863235 -10.856761097908 -10.8889039754868 -10.8912131786346 -10.9003561735153 -10.9431649446487 -10.9978079795837 -11.0287840366364 -11.0314269065857 -11.0454031229019 -11.1165460348129 -11.1726888418198 -11.2136646509171 -11.2426823377609 -11.3052418231964 -11.3538004159927 -11.3743603229523 -11.3867529630661 -11.397812128067 -11.4668716192245 -11.6040976047516 -11.6779899597168 -11.7307164669037 -11.7886090278625 -11.7815017700195 -11.7782688140869 -11.874077796936 -11.9210526943207 -11.891695022583
-10.3502584695816 -10.3310760259628 -10.3273931741714 -10.3570438623428 -10.4361945390701 -10.497345328331 -10.5469958782196 -10.601979970932 -10.648873925209 -10.6470119953156 -10.6661493778229 -10.7167863845825 -10.7580908536911 -10.7963948249817 -10.8818655014038 -10.9450032711029 -10.9851404428482 -11.0109446048737 -11.0052486658096 -11.017385840416 -11.0048480033875 -10.9628022909164 -10.9212559461594 -10.9185434579849 -11.0051639080048 -11.0409511327744 -11.0869052410126 -11.1145259141922 -11.1394795179367 -11.163266658783 -11.2103875875473 -11.2628412246704 -11.2696729898453 -11.2653834819794 -11.2912602424622 -11.3819698095322 -11.4395136833191 -11.4917236566544 -11.5711004734039 -11.6666435003281 -11.6770203113556 -11.6603969335556 -11.7194403409958 -11.7409845590591 -11.7443791627884 -11.7799600362778 -11.7970395088196 -11.8302867412567
-10.4033304452896 -10.3566346168518 -10.3637721538544 -10.366242647171 -10.4517133235931 -10.5366843938828 -10.574821472168 -10.5931255817413 -10.6019557714462 -10.6034796237946 -10.6583364009857 -10.6960264444351 -10.7195498943329 -10.7684065103531 -10.8509302139282 -10.9509537220001 -11.01864361763 -11.0488333702087 -11.0406904220581 -11.0190472602844 -11.0068068504333 -10.9046363830566 -10.7862986326218 -10.8586279153824 -11.0257906913757 -11.0364532470703 -11.1006157398224 -11.1114447116852 -11.1277743577957 -11.1677706241608 -11.2119328975677 -11.2557623386383 -11.2585917711258 -11.2537540197372 -11.3069169521332 -11.3380796909332 -11.3485753536224 -11.408071398735 -11.5407338142395 -11.6435630321503 -11.6753922700882 -11.7142217159271 -11.7407176494598 -11.7540471553802 -11.7744734287262 -11.8131630420685 -11.846019744873 -11.8610424995422
-10.3372356891632 -10.2911931276321 -10.3019840717316 -10.3072746992111 -10.4022320508957 -10.4811897277832 -10.5294803380966 -10.5286046266556 -10.5127044916153 -10.5526142120361 -10.628857254982 -10.6729333400726 -10.6645090579987 -10.6999185085297 -10.7424943447113 -10.8155707120895 -10.9104800224304 -10.9570561647415 -10.9419658184052 -10.9235419034958 -10.9754323959351 -11.0269700288773 -11.0345078706741 -11.0808796882629 -11.1307507753372 -11.0784555673599 -10.8789933919907 -10.9578649997711 -11.1049023866653 -11.13727414608 -11.1856451034546 -11.2446835041046 -11.266676902771 -11.2664587497711 -11.3125739097595 -11.390522480011 -11.4264706373215 -11.4404194355011 -11.4772007465363 -11.5806496143341 -11.6759312152863 -11.7132132053375 -11.7508288621902 -11.7662773132324 -11.7865674495697 -11.8213672637939 -11.8006665706635 -11.827965259552
-10.4096411466599 -10.3619184494019 -10.3676962852478 -10.4366405010223 -10.4820845127106 -10.5341950654984 -10.5809725522995 -10.5652505159378 -10.5652868747711 -10.5972487926483 -10.6382112503052 -10.658673286438 -10.6683017015457 -10.6837637424469 -10.7118928432465 -10.7718546390533 -10.8863168954849 -10.9142789840698 -10.8814074993134 -10.8095365762711 -10.9068909883499 -11.0346373319626 -11.0822175741196 -11.0887970924377 -11.0848774909973 -11.0924574136734 -11.025704741478 -11.0284507274628 -11.0563645362854 -11.0776110887527 -11.0771909952164 -11.0426045656204 -11.1887617111206 -11.3083298206329 -11.3502304553986 -11.3699653148651 -11.4051997661591 -11.4586004018784 -11.5536679029465 -11.6220693588257 -11.6063033342361 -11.6262047290802 -11.6801056861877 -11.6903396844864 -11.7201614379883 -11.7584040164948 -11.7628130912781 -11.7187216281891
-10.4297134876251 -10.4643108844757 -10.4714084863663 -10.5105056762695 -10.4964362382889 -10.5077006816864 -10.5192981958389 -10.524729013443 -10.5343683958054 -10.533383846283 -10.5743983983994 -10.6294128894806 -10.6722608804703 -10.693608880043 -10.7359571456909 -10.7759720087051 -10.8479866981506 -10.8846681118011 -10.8168493509293 -10.7711975574493 -10.8718495368958 -11.0031378269196 -11.0332602262497 -11.0193817615509 -11.0390042066574 -11.0752931833267 -11.0952484607697 -11.1117033958435 -11.0884928703308 -11.1141146421432 -11.0162365436554 -10.8240257501602 -11.0233466625214 -11.248700261116 -11.2637202739716 -11.2724071741104 -11.3520948886871 -11.4439480304718 -11.5376347303391 -11.5954881906509 -11.5868420600891 -11.5858625173569 -11.588049530983 -11.5909029245377 -11.6045894622803 -11.6717739105225 -11.7046259641647 -11.6913112401962
-10.4094519615173 -10.4327028989792 -10.4791204929352 -10.4902040958405 -10.4546219110489 -10.4420396089554 -10.4407904148102 -10.4445412158966 -10.4789502620697 -10.5023512840271 -10.5755853652954 -10.6661524772644 -10.6908867359161 -10.6869541406631 -10.698854804039 -10.7085890769958 -10.781989812851 -10.833390712738 -10.827458024025 -10.8211923837662 -10.874974489212 -10.9473053216934 -10.9918026924133 -10.9906333684921 -11.0062977075577 -11.0207951068878 -11.0436257123947 -11.0737901926041 -11.0667873620987 -11.0776184797287 -10.8341153860092 -10.747279882431 -10.9564316272736 -11.1480711698532 -11.2162111997604 -11.2280169725418 -11.3013232946396 -11.3961292505264 -11.4414356946945 -11.4719079732895 -11.5175474882126 -11.5195206403732 -11.5486600399017 -11.5802992582321 -11.5798496007919 -11.5973113775253 -11.5954390764236 -11.6112340688705
-10.3780237436295 -10.3642613887787 -10.4016659259796 -10.416069984436 -10.3859740495682 -10.3872117996216 -10.4191157817841 -10.4630200862885 -10.4705324172974 -10.5046528577805 -10.5749393701553 -10.6267259120941 -10.6350127458572 -10.6306326389313 -10.6407527923584 -10.6390396356583 -10.7319929599762 -10.8119467496872 -10.8544000387192 -10.8666865825653 -10.8802663087845 -10.8993062973022 -10.9071789979935 -10.9228850603104 -10.9250912666321 -10.9544645547867 -10.9551705121994 -10.9253762960434 -10.9392493963242 -10.9714549779892 -10.908828496933 -10.9128680229187 -11.0020169019699 -11.1349424123764 -11.1817007064819 -11.1721264123917 -11.2195513248444 -11.3028107881546 -11.3514020442963 -11.3706612586975 -11.3840864896774 -11.3961782455444 -11.4257704019547 -11.4518622159958 -11.4777768850327 -11.4745149612427 -11.5039192438126 -11.5841566324234
-10.3699291944504 -10.3801530599594 -10.3940442800522 -10.3791023492813 -10.393492937088 -10.4215505123138 -10.4551086425781 -10.5016659498215 -10.5122811794281 -10.5399534702301 -10.5937929153442 -10.6042991876602 -10.5751385688782 -10.5804780721664 -10.6044842004776 -10.6391570568085 -10.6878296136856 -10.7198356389999 -10.7425087690353 -10.7750144004822 -10.7958917617798 -10.8219734430313 -10.7968879938126 -10.7348028421402 -10.7345513105392 -10.7932994365692 -10.8127148151398 -10.8422962427139 -10.9203777313232 -10.9309591054916 -10.9833737611771 -11.0116223096848 -11.0704354047775 -11.1273128986359 -11.1625247001648 -11.1702357530594 -11.1834466457367 -11.1806579828262 -11.1668694019318 -11.1969140768051 -11.2452919483185 -11.1620028018951 -11.1955478191376 -11.3319259881973 -11.4213715791702 -11.4333853721619 -11.5428993701935 -11.6655803918839
-10.3655012845993 -10.4000452756882 -10.3702566623688 -10.3569675683975 -10.3881788253784 -10.450389623642 -10.491600394249 -10.5474781990051 -10.5855296850204 -10.6035882234573 -10.6211471557617 -10.5988727807999 -10.5490982532501 -10.5498235225677 -10.5825484991074 -10.6277742385864 -10.6774991750717 -10.703390955925 -10.6692836284637 -10.7033426761627 -10.7121835947037 -10.7059733867645 -10.6677639484406 -10.6245545148849 -10.6580109596252 -10.6991349458694 -10.690425157547 -10.801048874855 -10.9310057163239 -10.9236294031143 -10.8965866565704 -10.925043463707 -10.9990205764771 -11.0365173816681 -11.0936813354492 -11.1341784000397 -11.1156756877899 -11.0418392419815 -10.9633363485336 -10.970666885376 -11.0458306074142 -11.0944942235947 -11.1668248176575 -11.198822259903 -11.2702988386154 -11.369588971138 -11.4670461416245 -11.5413360595703
-10.3579065799713 -10.3671040534973 -10.2991350889206 -10.2546662092209 -10.3276973962784 -10.4267283678055 -10.4930927753448 -10.5536235570908 -10.5856117010117 -10.5857228040695 -10.5386677980423 -10.4962788820267 -10.5003905296326 -10.5226686000824 -10.5522803068161 -10.5740580558777 -10.6653362512589 -10.7052806615829 -10.6730589866638 -10.6440035104752 -10.6424754858017 -10.6523073911667 -10.6094732284546 -10.6319724321365 -10.6856379508972 -10.7229704856873 -10.7116361856461 -10.7528020143509 -10.8604674339294 -10.8682998418808 -10.8394654989243 -10.8772976398468 -10.9027720689774 -10.9137217998505 -10.9456715583801 -10.9647877216339 -10.9399040937424 -10.9026871919632 -10.8358037471771 -10.8484199047089 -10.9397028684616 -11.0474859476089 -11.142768740654 -11.155385017395 -11.1572263240814 -11.2436261177063 -11.3263593912125 -11.4090920686722
-10.3581455945969 -10.3601629734039 -10.3078478574753 -10.2928651571274 -10.3383827209473 -10.3970670700073 -10.4779181480408 -10.5536025762558 -10.5733600854874 -10.5550241470337 -10.4861880540848 -10.4591857194901 -10.4743493795395 -10.5325133800507 -10.600844502449 -10.589341878891 -10.5738393068314 -10.5851701498032 -10.5683344602585 -10.5593314170837 -10.5859336853027 -10.6058084964752 -10.6073496341705 -10.6198906898499 -10.6607648134232 -10.7109725475311 -10.7298471927643 -10.7647217512131 -10.8032623529434 -10.8254702091217 -10.8006780147552 -10.7972190380096 -10.8225237131119 -10.8409261703491 -10.8723285198212 -10.8917305469513 -10.8719661235809 -10.8020350933075 -10.7644370794296 -10.8030058145523 -10.8955748081207 -10.9876438379288 -11.0230460166931 -11.0911147594452 -11.1269873380661 -11.1641631126404 -11.1991722583771 -11.2913482189178
-10.3787176609039 -10.3872219324112 -10.3837261199951 -10.3608971834183 -10.3755682706833 -10.3950724601746 -10.4895768165588 -10.5795814990997 -10.6211085319519 -10.5761587619781 -10.5262088775635 -10.5069254636765 -10.5158089399338 -10.575025677681 -10.5965757369995 -10.5479590892792 -10.4696758985519 -10.4440590143204 -10.4637757539749 -10.4786592721939 -10.5160595178604 -10.5063095092773 -10.5337253808975 -10.6066418886185 -10.6427246332169 -10.650141119957 -10.6403911113739 -10.6408077478409 -10.6835572719574 -10.7301404476166 -10.7467237710953 -10.737473487854 -10.7294422388077 -10.7771302461624 -10.8369853496552 -10.8711733818054 -10.8091949224472 -10.7237161397934 -10.7109042406082 -10.8202594518661 -10.925280213356 -10.9804685115814 -10.9643231630325 -11.044844865799 -11.0732481479645 -11.1425333023071 -11.2356522083282 -11.3102707862854
-10.3648805618286 -10.3946107625961 -10.3731741905212 -10.3584046363831 -10.3783016204834 -10.3996984958649 -10.477429151535 -10.5854927301407 -10.6086633205414 -10.5981075763702 -10.55621778965 -10.5379952192307 -10.5334396362305 -10.5922167301178 -10.6071609258652 -10.501771569252 -10.4157153367996 -10.3864929676056 -10.4057704210281 -10.4472144842148 -10.4574325084686 -10.4550914764404 -10.4779164791107 -10.5334080457687 -10.6329001188278 -10.6515583992004 -10.582217335701 -10.5717092752457 -10.5952010154724 -10.6330258846283 -10.6815177202225 -10.6731761693954 -10.6446655988693 -10.6511523723602 -10.7218060493469 -10.7032923698425 -10.6402790546417 -10.6065994501114 -10.6674193143845 -10.7390724420547 -10.8303927183151 -10.8483791351318 -10.8996990919113 -10.9716862440109 -11.0307866334915 -11.1270008087158 -11.2327152490616 -11.3027628660202
-10.2071336507797 -10.2716627120972 -10.3026914596558 -10.3165538311005 -10.3375829458237 -10.3787786960602 -10.4623074531555 -10.5130029916763 -10.5188573598862 -10.5382034778595 -10.5347160100937 -10.5070620775223 -10.4777411222458 -10.5077538490295 -10.5156003236771 -10.423112988472 -10.4007924795151 -10.3833049535751 -10.3854843378067 -10.4126641750336 -10.3820538520813 -10.3568214178085 -10.4327553510666 -10.5078558921814 -10.551956653595 -10.595890879631 -10.5499912500381 -10.5329252481461 -10.5590262413025 -10.5781269073486 -10.6047273874283 -10.6016618013382 -10.5673611164093 -10.5656589269638 -10.5722900629044 -10.4944216012955 -10.4677195549011 -10.5466841459274 -10.6279819011688 -10.6254469156265 -10.7330784797668 -10.8460434675217 -10.9113405942917 -10.9486391544342 -10.9417692422867 -10.9772317409515 -11.0248608589172 -11.1244897842407
