data/spatiotemp/temp2/bio18_norsw_test_2007_2010.asc
NCOLS 654 
NROWS 380 
XLLCORNER 3.91666666666667 
YLLCORNER 55.3333333333333 
CELLSIZE 0.0416666666666667 
NODATA_value -9999 
[rows 66 to 87 of 380, columns 450 to 499 of 654]
206.817729949951 205.976955413818 206.239917755127 208.409374237061 208.405223846436 209.576927185059 210.564540863037 210.558898925781 210.553256988525 207.197040557861 207.191944122314 205.997482299805 206.165035247803 206.157691955566 207.167068481445 208.371936798096 211.762294769287 209.447326660156 209.657390594482 208.50325012207 207.549095153809 210.940719604492 212.177494049072 213.415382385254 214.617099761963 217.016250610352 220.468971252441 221.784557342529 225.342105865479 226.863826751709 230.386989593506 232.912605285645 236.44327545166 240.13264465332 244.879596710205 246.258884429932 249.805816650391 253.561317443848 259.533931732178 264.518100738525 270.675216674805 273.513549804688 277.314540863037 281.125030517578 287.334186553955 291.374263763428 297.403034210205 301.465805053711 305.462715148926 308.172187805176
208.784732818604 209.352592468262 209.62580871582 209.60436630249 209.582927703857 210.545383453369 210.521335601807 207.147655487061 208.31078338623 208.095836639404 208.072311401367 207.054737091064 207.031513214111 208.168678283691 206.987148284912 208.190574645996 209.228454589844 207.085079193115 208.322196960449 209.524227142334 210.72571182251 210.769027709961 215.318675994873 216.558898925781 218.957008361816 222.393375396729 225.850234985352 227.172260284424 227.338039398193 227.705635070801 230.230651855469 233.7607421875 239.656524658203 242.191272735596 245.734569549561 248.274707794189 250.816947937012 256.593784332275 260.410285949707 264.40775680542 269.43200302124 274.404808044434 278.43782043457 281.254707336426 286.331283569336 290.190692901611 295.295234680176 301.573398590088 302.037986755371 303.661888122559
213.295726776123 210.557350158691 211.838344573975 210.628387451172 210.590507507324 210.536598205566 209.311859130859 209.270866394043 208.04362487793 205.843456268311 206.963989257812 206.729396820068 207.876300811768 208.990535736084 208.992767333984 209.04052734375 210.243114471436 210.290672302246 211.492668151855 214.883876800537 214.93185043335 217.287502288818 217.335083007812 219.732303619385 222.130256652832 234.615894317627 242.626335144043 233.907939910889 232.882873535156 233.257915496826 234.584331512451 234.758651733398 239.501762390137 242.038150787354 246.735305786133 250.285907745361 255.052341461182 259.825950622559 262.705875396729 267.680809020996 269.347461700439 276.585243225098 281.801166534424 284.648975372314 286.349857330322 292.42045211792 294.137592315674 296.808517456055 299.778381347656 302.462768554688
215.461380004883 214.94361114502 211.873210906982 211.815380096436 210.574520111084 209.332118988037 212.61971282959 209.213375091553 211.31209564209 207.907745361328 207.847606658936 208.942176818848 208.880546569824 209.814521789551 209.808750152588 211.010314941406 214.399272918701 214.450588226318 216.845272064209 215.857315063477 217.102222442627 218.303714752197 219.504978179932 220.751926422119 224.147434234619 235.430080413818 245.786594390869 242.579181671143 241.764904022217 239.600177764893 236.628749847412 236.811073303223 239.346996307373 242.892826080322 245.434276580811 248.988224029541 253.893016815186 258.668636322021 264.733730316162 267.568698883057 270.282203674316 276.525852203369 279.389083862305 283.488391876221 288.546680450439 292.467044830322 292.977111816406 292.335502624512 294.088619232178 299.17317199707
214.898281097412 214.541282653809 214.833595275879 213.59774017334 213.542640686035 209.964550018311 210.909687042236 210.853778839111 208.613483428955 209.708869934082 208.653736114502 207.409385681152 209.536712646484 209.479335784912 209.478084564209 211.673873901367 214.064998626709 213.124362945557 214.324718475342 215.524990081787 218.915382385254 220.116275787354 218.030101776123 219.230670928955 220.482055664062 227.216228485107 235.219276428223 243.446273803711 243.649303436279 241.705532073975 241.848129272461 241.042629241943 237.885601043701 240.431842803955 247.351245880127 249.973670959473 253.674659729004 257.249614715576 262.171867370605 266.143798828125 270.001045227051 271.703170776367 276.926151275635 279.671184539795 281.310405731201 288.630947113037 285.717750549316 287.458240509033 289.204433441162 290.751518249512
215.28503036499 215.88166809082 217.16650390625 214.989128112793 213.782173156738 213.755073547363 212.545703887939 210.189468383789 211.306011199951 207.95267868042 206.7392578125 207.706512451172 209.008548736572 209.974540710449 209.990100860596 213.373107910156 210.253993988037 210.314426422119 214.837860107422 213.903049468994 217.290786743164 218.490867614746 218.694145202637 218.755889892578 223.34228515625 228.929161071777 228.013526916504 230.562892913818 234.177829742432 237.873794555664 238.094604492188 240.656898498535 246.572082519531 241.229949951172 244.80638885498 246.240104675293 249.82670211792 253.419044494629 260.686904907227 263.485942840576 268.532890319824 270.126407623291 269.556022644043 273.405330657959 275.094715118408 277.729793548584 277.158630371094 278.754367828369 280.461524963379 280.930183410645
220.128684997559 218.227333068848 216.332328796387 214.015586853027 214.016864776611 212.83825302124 213.975879669189 213.975437164307 211.796829223633 209.477924346924 208.481796264648 207.296089172363 208.289119720459 208.287281036377 209.506565093994 209.572731018066 210.769859313965 210.836128234863 211.038238525391 209.913909912109 212.301818847656 212.368015289307 215.889587402344 213.767143249512 220.539150238037 226.256679534912 225.214462280273 232.302509307861 231.34451675415 232.783760070801 233.151950836182 237.863746643066 255.099197387695 253.143402099609 244.479885101318 245.937610626221 247.398742675781 249.994693756104 253.687950134277 256.449054718018 261.458011627197 266.392772674561 268.044731140137 270.730155944824 273.528842926025 273.869472503662 273.268402099609 272.564136505127 274.037139892578 274.471607208252
221.309818267822 218.529193878174 216.628658294678 215.528575897217 214.381549835205 212.10408782959 211.139060974121 209.98828125 210.016712188721 211.171360015869 210.016399383545 208.91833114624 208.945865631104 212.276203155518 212.326438903809 210.088642120361 207.978973388672 210.362186431885 210.434051513672 211.630332946777 209.51717376709 210.713077545166 209.788570404053 210.984714508057 214.369972229004 216.76070022583 221.432426452637 224.006622314453 228.711112976074 233.496761322021 237.0915184021 242.016937255859 251.295654296875 257.331428527832 246.372814178467 243.298233032227 244.781757354736 247.395164489746 248.849529266357 251.576694488525 255.331272125244 260.318325042725 266.448253631592 263.466751098633 266.224018096924 265.395042419434 269.194984436035 269.599479675293 268.871704101562 269.275623321533
221.626789093018 220.97327041626 217.950103759766 216.835456848145 215.718914031982 215.777252197266 212.546829223633 211.425888061523 211.482624053955 211.539360046387 211.596096038818 211.463104248047 211.709564208984 210.582065582275 210.64884185791 209.610012054443 208.693943023682 208.771167755127 215.376205444336 213.272762298584 210.049671173096 209.131729125977 209.331508636475 210.526798248291 211.722591400146 212.991760253906 215.475437164307 222.369026184082 224.960090637207 229.756866455078 232.360164642334 240.505336761475 255.335056304932 263.637817382812 253.936389923096 241.880218505859 246.73560333252 248.156711578369 250.82621383667 250.170375823975 251.752735137939 253.239452362061 254.727325439453 257.347995758057 258.841781616211 260.246696472168 262.975364685059 263.349765777588 263.724174499512 265.33443069458
221.799709320068 218.949531555176 218.090324401855 218.180446624756 217.096374511719 217.12015914917 216.218055725098 214.019092559814 214.105995178223 212.022830963135 212.108478546143 213.185668945312 213.271587371826 211.065467834473 207.981281280518 208.063709259033 209.139106750488 210.331924438477 208.235012054443 208.317115783691 208.399211883545 208.598178863525 208.680290222168 211.063991546631 212.337306976318 212.537933349609 213.914722442627 217.508262634277 221.306324005127 223.914768218994 230.850330352783 235.59400177002 240.437061309814 243.07640838623 251.275821685791 247.254192352295 241.906135559082 243.339721679688 247.119415283203 249.795269012451 252.475135803223 252.819400787354 255.505256652832 256.97046661377 258.4368019104 258.784191131592 259.131580352783 258.357776641846 260.870052337646 262.453243255615
220.003787994385 219.197696685791 216.181823730469 216.300430297852 215.246471405029 214.190460205078 214.307022094727 214.423583984375 212.262603759766 212.377983093262 210.213459014893 211.429008483887 210.552486419678 211.848159790039 210.768016815186 208.682075500488 207.586555480957 209.851573944092 207.762050628662 206.663909912109 209.041820526123 209.129962921143 208.223812103271 210.605575561523 211.800262451172 213.079341888428 215.660865783691 217.0803565979 218.589084625244 222.211879730225 224.839908599854 229.784175872803 235.746360778809 239.306610107422 249.835414886475 251.299629211426 247.300743103027 247.649208068848 246.872192382812 248.302642822266 250.954452514648 253.609699249268 255.045761108398 254.255474090576 255.692653656006 258.279026031494 259.833415985107 258.933395385742 256.986427307129 256.19282913208
223.406532287598 221.575057983398 219.65629196167 218.637401580811 217.616371154785 216.674243927002 215.649597167969 214.70516204834 214.852119445801 214.999076843262 215.146045684814 210.853401184082 208.827739715576 211.244632720947 210.18274307251 210.277606964111 208.094066619873 207.195701599121 207.289096832275 206.302017211914 207.3879737854 209.765216827393 212.144710540771 211.052730560303 212.335605621338 215.908374786377 222.891189575195 224.427688598633 222.579032897949 222.920906066895 225.564811706543 229.416820526123 228.562065124512 231.220310211182 239.429943084717 242.108791351318 245.808502197266 248.500732421875 251.074340820312 257.049789428711 254.005756378174 253.282150268555 252.361133575439 252.661224365234 254.185024261475 255.59557723999 255.897083282471 255.087886810303 254.277603149414 254.578018188477
223.657524108887 221.778072357178 220.834365844727 219.937213897705 221.20051574707 221.383586883545 218.141315460205 216.253730773926 216.432418823242 216.52046585083 214.437793731689 212.540481567383 211.537227630615 209.634300231934 211.848819732666 209.871608734131 208.79077911377 206.717102050781 206.816143035889 209.091007232666 207.014225006104 206.026653289795 208.304119110107 210.682357788086 214.155891418457 216.539535522461 220.241729736328 222.889282226562 224.253070831299 222.522266387939 228.480884552002 227.847358703613 228.324680328369 229.794471740723 231.26537322998 232.850749969482 235.456707000732 240.471801757812 246.458568572998 252.39656829834 254.920890808105 253.982421875 252.012271881104 251.187400817871 251.46529006958 251.743183135986 252.021076202393 252.298957824707 251.351940155029 250.522701263428
218.450046539307 215.353694915771 214.491737365723 216.937511444092 215.980804443359 215.021785736084 214.157409667969 214.365177154541 212.416595458984 211.546337127686 211.751007080078 212.942764282227 212.160350799561 212.176048278809 211.342399597168 208.198997497559 208.304744720459 205.156356811523 204.078659057617 205.265396118164 208.628536224365 211.002628326416 210.116847991943 211.309215545654 211.515983581543 213.896892547607 216.41491317749 219.073112487793 227.212837219238 226.607345581055 231.492931365967 231.89478302002 233.585166931152 231.771492004395 232.169857025146 233.780807495117 239.816627502441 245.870025634766 247.225982666016 249.797145843506 251.273494720459 249.212608337402 247.216442108154 247.469131469727 247.721824645996 246.752853393555 247.005237579346 247.257614135742 246.409244537354 247.76237487793
212.300197601318 211.290172576904 211.484321594238 213.757778167725 212.935375213623 212.090045928955 210.094387054443 211.498439788818 210.667728424072 211.969573974609 211.031860351562 211.266223907471 210.429595947266 210.662784576416 210.835975646973 210.949153900146 209.883129119873 207.930145263672 207.936767578125 208.048160552979 210.418796539307 212.792190551758 211.914127349854 212.027919769287 211.148704528809 215.707210540771 217.152629852295 218.637813568115 221.317523956299 226.201385498047 228.900466918945 231.606727600098 234.320182800293 231.443504333496 230.65453338623 232.285694122314 240.636703491211 241.070728302002 240.311489105225 242.782512664795 243.077716827393 243.305702209473 242.313568115234 242.541526794434 242.769485473633 242.997444152832 242.182609558105 243.453365325928 243.681312561035 245.005294799805
211.495494842529 210.548908233643 208.598892211914 207.699600219727 209.98929977417 211.308139801025 210.408153533936 210.785884857178 212.109046936035 211.316947937012 212.642986297607 211.736797332764 210.939151763916 210.13862991333 209.152923583984 208.282241821289 207.22204208374 208.439514160156 209.625923156738 207.573444366455 207.690586090088 210.060523986816 211.361480712891 213.736553192139 214.930767059326 216.23681640625 217.696250915527 219.198963165283 225.357036590576 226.872955322266 228.510498046875 231.233238220215 230.671669006348 231.115505218506 232.641143798828 236.526519775391 240.29564666748 243.058109283447 240.067440032959 240.274017333984 240.480587005615 242.860382080078 242.035514831543 242.187938690186 245.740245819092 245.950382232666 243.898399353027 246.370677947998 245.490585327148 249.060718536377
211.094360351562 210.013084411621 209.216529846191 208.2057762146 210.495548248291 212.909545898438 213.184936523438 213.460330963135 212.68452835083 211.905776977539 211.006855010986 211.278038024902 211.549240112305 211.703941345215 216.301582336426 215.366863250732 212.263694763184 210.218650817871 207.108604431152 207.228614807129 210.584392547607 211.887508392334 211.018188476562 211.140411376953 213.513198852539 214.89571762085 218.422744750977 220.04857635498 222.750835418701 224.389617919922 227.106498718262 229.831108093262 226.999038696289 228.521842956543 231.2565574646 237.243389129639 237.767086029053 238.230075836182 238.560085296631 237.731578826904 236.846122741699 238.120086669922 238.314338684082 238.508590698242 239.784736633301 241.021629333496 240.174331665039 240.199424743652 239.346973419189 238.45751953125
210.057964324951 208.981719970703 208.053108215332 208.303703308105 210.572341918945 212.846290588379 215.313304901123 218.765693664551 215.76485824585 214.975032806396 214.060600280762 214.316543579102 214.572479248047 214.828411102295 214.0295753479 214.154113769531 214.278656005859 212.168319702148 210.121105194092 207.013671875 211.545593261719 213.908832550049 212.973125457764 212.103088378906 214.470886230469 214.662654876709 216.124828338623 219.805599212646 220.433334350586 222.999168395996 223.437252044678 225.134571075439 224.507179260254 227.220405578613 229.746150970459 232.473567962646 232.922698974609 238.97310256958 248.1803855896 242.968437194824 236.52428817749 242.296932220459 245.825241088867 247.102165222168 246.087265014648 238.398708343506 236.332695007324 237.74617767334 238.993625640869 236.897457122803
210.063598632812 208.992092132568 210.189117431641 210.296478271484 211.568691253662 211.803852081299 214.186622619629 216.447437286377 217.856880187988 218.097972869873 219.324493408203 218.520725250244 218.761943817139 219.003150939941 215.972099304199 213.930374145508 212.013458251953 211.085918426514 213.252384185791 210.151515960693 210.333301544189 212.630710601807 213.808052062988 216.169834136963 215.429222106934 216.609954833984 220.316883087158 220.752246856689 221.187606811523 220.618305206299 221.102451324463 222.592433929443 227.50431060791 229.004989624023 228.428592681885 228.867031097412 233.667888641357 238.600612640381 245.743831634521 242.478576660156 234.982860565186 235.178840637207 236.412670135498 241.155796051025 240.138538360596 235.790111541748 234.940849304199 236.354824066162 237.60404586792 238.873203277588
210.069236755371 210.164665222168 210.189487457275 211.438121795654 211.654041290283 213.88623046875 214.104270935059 215.490985870361 219.886703491211 217.954013824463 219.161735534668 218.396533966064 216.401237487793 215.577136993408 213.582107543945 213.70662689209 212.786125183105 212.910144805908 212.041255950928 209.937881469727 209.066082000732 212.41170501709 214.765964508057 217.12283706665 221.66283416748 220.794929504395 221.076179504395 220.50955581665 220.988521575928 220.366603851318 220.838512420654 222.317543029785 223.797451019287 228.709278106689 228.126335144043 227.3473777771 230.018836975098 236.029792785645 240.903644561768 234.300815582275 231.165267944336 232.581165313721 232.777606964111 231.755268096924 231.951934814453 234.414196014404 237.942333221436 237.09204864502 236.073787689209 233.992401123047
213.243633270264 213.345748901367 212.332599639893 212.530586242676 213.759666442871 215.972522735596 217.205806732178 216.238189697266 218.5940284729 218.796504974365 215.803421020508 217.176277160645 216.202545166016 215.226676940918 215.526264190674 215.652168273926 214.600040435791 212.69185256958 210.642440795898 210.904792785645 212.069183349609 212.19270324707 213.49925994873 215.850025177002 217.160331726074 219.515674591064 225.256359100342 222.501106262207 221.927158355713 220.30297088623 220.574577331543 219.984024047852 222.653881072998 225.141731262207 227.82409286499 231.537006378174 243.056282043457 251.150104522705 238.291374206543 230.654006958008 230.851463317871 228.959217071533 230.027442932129 230.225082397461 233.740531921387 231.838802337646 232.036266326904 232.233734130859 230.157501220703 230.354354858398
211.243171691895 210.186599731445 211.309013366699 212.514106750488 213.720409393311 214.92794418335 215.107940673828 214.258533477783 217.484539031982 216.635482788086 214.655433654785 212.813037872314 213.980903625488 214.159259796143 212.101081848145 212.225242614746 213.527568817139 212.473560333252 210.568145751953 211.726608276367 211.850151062012 214.192066192627 215.500122070312 217.846454620361 219.158283233643 218.286998748779 219.600009918213 219.020626068115 218.404029846191 217.657958984375 219.272365570068 218.675777435303 220.129993438721 219.524997711182 222.000549316406 223.629039764404 223.008304595947 223.248382568359 223.552474975586 224.781799316406 226.195468902588 225.170860290527 226.408958435059 228.869255065918 229.066795349121 229.264331817627 231.7272605896 230.877685546875 233.181285858154 231.114234924316
