data/spatiotemp/temp2/bio10_norsw_test_2007_2010.asc
NCOLS 654 
NROWS 380 
XLLCORNER 3.91666666666667 
YLLCORNER 55.3333333333333 
CELLSIZE 0.0416666666666667 
NODATA_value -9999 
[rows 198 to 219 of 380, columns 200 to 249 of 654]
10.0248186588287 9.86042428016663 9.76402950286865 8.58830165863037 8.30523991584778 8.76217865943909 9.4264509677887 9.74538969993591 9.96966171264648 10.0739333629608 10.1548721790314 10.5991439819336 9.7999312877655 9.28190040588379 9.65920305252075 10.1705052852631 10.2698078155518 10.4431104660034 10.3990795612335 10.720381975174 10.8490180969238 10.9876532554626 11.2529559135437 11.336258649826 11.2479028701782 11.2625558376312 11.2925419807434 11.299861907959 11.289181470871 11.2751679420471 11.0771541595459 10.8898069858551 10.9497935771942 11.2184462547302 10.8984327316284 10.8730857372284 10.938095331192 11.1201286315918 11.3601615428925 11.5575277805328 11.7568950653076 11.9649279117584 12.1129612922668 12.3183279037476 12.514360666275 12.7243943214417 12.8317604064941 13.0137934684753 13.0402734279633 13.693199634552
9.62156772613525 9.52534699440002 9.9431254863739 9.86490440368652 9.77068376541138 9.79579615592957 9.90424108505249 9.99268698692322 9.94379901885986 10.0535781383514 10.2406907081604 10.5924692153931 10.8762958049774 10.8821687698364 10.4987089633942 10.6619157791138 11.0031228065491 11.0389959812164 10.9848697185516 11.112743139267 11.3979496955872 11.505156993866 11.4236969947815 11.5509037971497 11.7313737869263 11.7251074314117 11.9081742763519 12.0412414073944 11.9829747676849 11.8313751220703 11.740442276001 11.6048421859741 11.6372425556183 11.8309762477875 11.7007095813751 11.5397770404816 11.4675807952881 11.6001217365265 11.6459958553314 11.6785366535187 11.8457443714142 12.0302851200104 12.2201595306396 12.3880333900452 12.5859079360962 12.7124485969543 12.8303225040436 13.0741970539093 13.3704280853271 13.6416821479797
8.94031667709351 8.97226905822754 9.62888836860657 9.7855076789856 9.65012693405151 9.51474618911743 9.6233651638031 9.56198406219482 9.82060360908508 10.2918894290924 10.5838420391083 10.6544613838196 10.7819926738739 10.9024374485016 11.0255486965179 11.169992685318 11.3364374637604 11.5068819522858 11.5886600017548 11.6684377193451 11.7642149925232 11.8073265552521 11.5631041526794 11.6108818054199 11.6488447189331 11.9829924106598 12.0464732646942 12.0399539470673 12.1761016845703 12.1789155006409 12.1363964080811 12.0712113380432 12.1633589267731 12.236839056015 12.1356537342072 12.1851346492767 12.1337327957153 12.1461148262024 12.1224966049194 12.1022114753723 12.0505938529968 12.0963091850281 12.3233575820923 12.5330729484558 12.6787881851196 12.7331702709198 12.8888852596283 13.044600725174 13.3412494659424 13.5394985675812
9.14773201942444 9.12252497673035 9.46131801605225 9.75744414329529 9.9602370262146 9.7203631401062 9.25782227516174 9.33861494064331 9.87274169921875 10.0235342979431 9.92032718658447 10.1617863178253 10.4016904830933 10.5767059326172 10.5850546360016 10.6020703315735 10.5237526893616 10.5427677631378 10.9511163234711 11.1014649868011 11.2611472606659 11.5014960765839 11.6251780986786 11.6275267601013 11.6069822311401 11.6048769950867 11.5581052303314 11.4519996643066 11.5332281589508 11.7751231193542 11.8370180130005 12.0829131603241 12.3128077983856 12.3287031650543 12.2272644042969 12.1851592063904 12.4245517253876 12.6867744922638 12.5589973926544 12.5932207107544 12.5601096153259 12.5449993610382 12.6078894138336 12.7101125717163 12.8270020484924 12.9638912677765 12.9981145858765 13.1343383789062 13.3947374820709 13.3866477012634
10.2831506729126 10.3407764434814 10.3157348632812 9.96402668952942 9.87298560142517 10.454610824585 10.4342362880707 10.1838617324829 10.3094868659973 10.3837795257568 10.2254047393799 10.2730298042297 10.3510720729828 10.3101987838745 10.1993246078491 10.3811182975769 10.6369111537933 10.6953706741333 10.7218306064606 10.848956823349 10.9280831813812 11.0032098293304 11.1670024394989 11.1887955665588 11.3010096549988 11.2263107299805 10.7682790756226 10.7015810012817 11.0222156047821 11.0228505134583 11.2741520404816 11.611453294754 11.861421585083 11.9460570812225 11.8413579463959 12.0286600589752 12.4719576835632 12.5599193572998 12.5672144889832 12.8225092887878 12.8378038406372 12.9124326705933 12.9823939800262 12.8923561573029 12.9663171768188 13.0116121768951 13.2769072055817 13.4222018718719 13.4078390598297 13.3331530094147
9.70590567588806 9.89302277565002 10.0814731121063 10.5745902061462 10.2290396690369 10.1661570072174 10.5466072559357 10.6890575885773 10.7501742839813 10.8912909030914 10.9430749416351 10.8935251235962 10.9194719791412 10.9195823669434 10.8583598136902 10.8351368904114 10.7699143886566 10.9313580989838 11.0534682273865 11.126912355423 11.0643558502197 10.9824664592743 11.0812442302704 11.0026876926422 10.9309267997742 11.0072944164276 10.7923285961151 11.0040292739868 11.1957302093506 11.3034307956696 11.3897984027863 11.4581661224365 11.575199842453 11.7935674190521 11.9759349822998 12.0856356620789 12.2512848377228 12.3688831329346 12.4798140525818 12.6880786418915 12.8936760425568 13.0639407634735 13.1362051963806 13.0544693470001 13.0207340717316 13.1303317546844 13.3825962543488 13.4175274372101 13.4498896598816 13.1570165157318
9.85066103935242 9.85393595695496 10.0885443687439 10.7524857521057 10.8477611541748 10.5303695201874 10.4569780826569 10.6242532730103 10.77286195755 10.7888031005859 10.6754117012024 10.4986863136292 10.5932047367096 10.9242997169495 11.044727563858 11.0624887943268 11.2855834960938 11.1373450756073 10.9984395503998 11.1795346736908 11.3766288757324 11.3310573101044 11.0941519737244 10.8332467079163 10.6815106868744 10.4689438343048 10.2457110881805 10.5631442070007 10.8532445430756 11.1393449306488 11.2914445400238 11.1702115535736 11.3809781074524 11.4410784244537 11.5005118846893 11.7399456501007 11.9846127033234 12.1765134334564 12.3017470836639 12.3956475257874 12.5422148704529 12.8107826709747 13.05801653862 13.1805837154388 13.1238179206848 13.1743848323822 13.2229521274567 13.250853061676 13.4292728900909 13.5128796100616
10.0520827770233 9.98084902763367 9.76028227806091 10.4763822555542 10.8704817295074 11.1499156951904 11.1133487224579 10.7067821025848 10.8015484809875 10.253648519516 9.87841486930847 10.12251496315 9.78893780708313 9.87901639938354 10.5470955371857 11.0145075321198 11.092586517334 11.3246653079987 11.0127444267273 10.6301567554474 10.807569026947 11.0669808387756 11.4777264595032 11.5271384716034 11.3874280452728 11.3132603168488 11.2297601699829 11.2022595405579 11.1607587337494 11.2225918769836 11.3530912399292 11.4462571144104 11.4187567234039 11.6025893688202 11.7144219875336 11.8189215660095 11.9712731838226 12.1874768733978 12.1963467597961 11.8518834114075 11.6667537689209 11.9242906570435 11.9831612110138 12.732697725296 13.1915678977966 13.0237712860107 13.0653080940247 13.1948449611664 13.0906562805176 13.4154090881348
10.2795042991638 10.3964288234711 10.0720200538635 10.3816120624542 11.014536857605 11.3154609203339 11.0017192363739 11.4319775104523 11.3462357521057 10.9358267784119 10.7634181976318 10.7756764888763 10.6786704063416 10.6744003295898 10.3847966194153 10.1705265045166 10.4815893173218 11.1113195419312 11.1417155265808 10.8174448013306 11.2391748428345 11.1695713996887 11.3446342945099 11.7130308151245 11.5180115699768 11.4109108448029 11.7084760665894 11.8853747844696 11.9009401798248 11.9238386154175 11.8934044837952 11.7723033428192 11.8125348091125 11.7234334945679 11.761666059494 11.9358978271484 12.0932672023773 12.2391066551208 12.3249471187592 12.0314526557922 11.5652928352356 11.6677985191345 11.6156389713287 12.052145242691 13.006650686264 13.2164912223816 12.9269976615906 12.6715037822723 12.8060398101807 13.2739384174347
10.0229256153107 10.4053423404694 10.7817585468292 10.9781746864319 10.8719239234924 10.8963408470154 11.2067573070526 11.4931728839874 11.7209227085114 11.6420056819916 11.5557556152344 11.1008381843567 10.6424028873444 10.6144504547119 10.3604979515076 10.6185450553894 10.7825922966003 11.124639749527 11.2320201396942 11.2814011573792 11.4481146335602 11.595495223999 11.7595422267914 11.7635898590088 11.7725954055786 11.9078936576843 12.0145251750946 12.0131561756134 12.1051213741302 12.2944192886353 12.2730507850647 12.1383481025696 12.1503129005432 12.2142779827118 12.0575761795044 12.0062079429626 11.947261095047 11.9607372283936 12.0788798332214 12.3236887454987 11.7258315086365 11.6966404914856 11.7954499721527 12.1029255390167 12.4244017601013 13.0532109737396 13.184020280838 12.7048292160034 12.8507564067841 13.1991348266602
10.109680891037 9.87692189216614 10.0981628894806 10.5787377357483 10.9973120689392 11.2418866157532 11.2464606761932 11.0457017421722 11.2029430866241 11.3921842575073 11.6794257164001 11.8033335208893 11.3908023834229 11.0331673622131 10.8721990585327 10.8425636291504 10.9582619667053 11.1932933330536 11.3069913387299 11.4726896286011 11.699054479599 11.9667527675629 12.2951173782349 11.9041483402252 11.3358464241028 11.4575436115265 12.0352408885956 12.3189384937286 11.9699687957764 12.2303333282471 12.5413639545441 12.3523938655853 12.1294252872467 12.1384561061859 12.3201529979706 12.6918504238129 12.5565884113312 12.401034116745 12.610812664032 12.6039245128632 12.0910365581512 11.9088156223297 12.2652606964111 12.3430397510529 12.5268182754517 12.5825972557068 12.9490427970886 13.2041547298431 13.2408061027527 13.4056639671326
11.0237693786621 10.8478350639343 10.4359011650085 10.4773006439209 10.5946996212006 10.5274324417114 10.7028322219849 11.211564540863 11.5402970314026 11.6443626880646 11.6170952320099 11.8264949321747 11.8258693218231 11.8338847160339 11.6999001502991 11.3399157524109 11.4219310283661 11.6899466514587 11.81462931633 11.942645072937 12.4586608409882 12.554009437561 12.0553584098816 12.1987071037292 12.3450965881348 12.3025269508362 12.4679570198059 12.6607201099396 12.7508165836334 12.8169136047363 12.884343624115 12.6997737884521 12.4845366477966 12.4086334705353 12.4607300758362 12.7194933891296 12.9539158344269 13.1026639938354 13.2127456665039 13.0654938220978 12.2735755443573 11.7476572990417 11.5744054317474 12.0991537570953 12.5199024677277 12.6486501693726 12.773398399353 12.8621468544006 13.1175227165222 13.2808604240417
11.1698572635651 11.2147483825684 11.1483056545258 10.9711966514587 11.0040872097015 11.1683113574982 11.1305360794067 11.1947598457336 11.2929837703705 11.4245417118073 11.4140992164612 11.0776565074921 10.9702684879303 11.1579346656799 11.3829350471497 11.6352677345276 11.8316009044647 11.9459340572357 12.0116009712219 12.0926005840302 12.0542666912079 12.1646001338959 11.8342666625977 11.8265993595123 11.6923472881317 11.5448431968689 11.6200058460236 11.985835313797 12.2283310890198 12.55016040802 12.8799903392792 12.935152053833 13.0376484394073 13.0494778156281 13.0639736652374 13.1391358375549 12.9552433490753 12.6756277084351 12.8873455524445 13.2103962898254 13.3234477043152 12.7404990196228 12.3442168235779 12.1506009101868 12.4816520214081 12.4773697853088 12.6124212741852 12.8401391506195 13.0822396278381 13.2300562858582
11.1206123828888 11.1169953346252 11.2260439395905 11.1944265365601 11.1314754486084 11.2285242080688 11.2635734081268 11.313955783844 11.3443377017975 11.3653872013092 11.2504358291626 11.2008180618286 11.1066677570343 11.1279854774475 11.281968832016 11.355286359787 11.4559373855591 11.5125875473022 11.5765719413757 11.4878888130188 11.3852062225342 11.4098567962646 11.4165079593658 11.5878250598907 11.2482643127441 11.2684934139252 11.5520551204681 11.876284122467 12.0658457279205 12.1647410392761 12.3589694499969 12.5898652076721 12.5694267749786 12.5629887580872 12.70121717453 12.9821128845215 13.1465704441071 12.4412579536438 12.489278793335 12.9292988777161 13.2119867801666 13.4993407726288 13.4986944198608 13.0693821907043 12.5667357444763 12.4840896129608 12.6341104507446 12.8014640808105 12.966956615448 13.129919052124
11.208701133728 11.0559079647064 11.0824484825134 11.0643224716187 11.0775299072266 11.0187366008759 11.170610666275 11.2638173103333 11.2930250167847 11.3035657405853 11.326105594635 11.30131316185 11.2904005050659 11.3447022438049 11.4016704559326 11.4193050861359 11.2656066417694 11.147908449173 11.2615427970886 11.382511138916 11.4081456661224 11.2384474277496 11.2634153366089 11.4090504646301 11.4988484382629 11.2901430130005 11.5081040859222 11.8027319908142 11.6100268363953 11.3979878425598 10.8679492473602 11.2285771369934 12.181205034256 12.6858332157135 12.6531271934509 12.7537558078766 13.0992317199707 12.5335547924042 12.2532112598419 12.3828685283661 12.9591917991638 13.3108489513397 13.5951724052429 13.6108288764954 13.3484854698181 12.8481423854828 12.7291331291199 12.7947900295258 12.8390066623688 12.8191156387329
11.2507894039154 11.1514880657196 11.2181866168976 11.1122183799744 11.01225066185 11.2122828960419 11.1543145179749 11.0570132732391 10.9797122478485 11.0517439842224 11.165776014328 11.4231412410736 11.4381337165833 11.1654191017151 11.2420382499695 11.1659908294678 11.1392760276794 11.1625618934631 11.1338477134705 11.122466802597 11.5510857105255 11.5577044487 11.589656829834 11.6476094722748 11.9347658157349 11.7344591617584 11.7614867687225 11.8791809082031 11.5048747062683 10.9859020709991 10.6022620201111 11.1892898082733 11.8269834518433 12.586677312851 12.9710376262665 12.7520649433136 12.8745584487915 13.2871851921082 13.0064780712128 12.6651043891907 12.8457300662994 13.1450235843658 13.5056500434875 13.6969435214996 13.5729031562805 13.3675291538239 13.2234892845154 13.0334489345551 12.8190557956696 12.8083117008209
10.7749660015106 10.9570035934448 11.3270416259766 10.6737461090088 10.6551172733307 10.8764879703522 11.1391925811768 11.1118969917297 10.9612681865692 11.1753058433533 11.2746772766113 11.4987151622772 11.5830068588257 11.0855522155762 11.3027646541595 11.3599767684937 11.2525227069855 11.1004018783569 10.8496141433716 11.0474932193756 11.1173720359802 11.2772510051727 11.3357968330383 11.4550094604492 11.6582746505737 12.0602595806122 12.4435787200928 12.3975636959076 11.9702150821686 12.081533908844 12.1448521614075 12.2055044174194 12.4188227653503 12.6301412582397 12.8001263141632 13.0841119289398 13.2380840778351 13.3020434379578 13.4026701450348 13.257963180542 13.3692560195923 13.3492164611816 13.6218428611755 13.7831349372864 13.8817610740662 13.8170549869537 13.5270142555237 13.1609740257263 12.8819398880005 12.7059128284454
10.6692306995392 10.6297881603241 10.9336800575256 11.227570772171 11.0107953548431 11.2166862487793 10.8912441730499 11.1298019886017 11.313693523407 11.566251039505 11.5494754314423 11.5120334625244 11.5850200653076 11.5357682704926 11.4605164527893 11.5132646560669 11.5473461151123 11.3314278125763 11.0761759281158 11.1702575683594 11.2343394756317 11.2690877914429 11.3465023040771 11.3192505836487 11.3633761405945 11.326877117157 11.473712682724 12.0778810977936 12.5187160968781 12.6782176494598 12.614385843277 12.4658877849579 12.2453896999359 11.8262248039246 11.7030601501465 11.8132283687592 12.493807554245 13.2694640159607 13.5471210479736 13.3301117420197 13.5711014270782 13.2294247150421 13.5017488002777 13.7514057159424 13.9263956546783 13.9113857746124 13.8330430984497 13.8100328445435 13.3489911556244 12.9605844020844
10.8894953727722 10.3325731754303 10.6076512336731 10.8760623931885 11.0278069972992 11.2962181568146 11.5312960147858 11.5730404853821 11.4107849597931 11.5171966552734 11.5536074638367 11.6193523406982 11.5883665084839 11.5846502780914 11.5696015357971 11.5205523967743 11.6908366680145 11.5791203975677 11.1840715408325 11.1323556900024 11.2853059768677 11.4469239711761 11.4918744564056 11.4134924411774 11.0758097171783 11.180828332901 11.4691803455353 11.8941984176636 12.2185502052307 12.3675682544708 11.8519198894501 11.1882717609406 11.5186233520508 12.1083083152771 12.2393271923065 12.3956785202026 12.504864692688 13.1175525188446 13.4895722866058 13.5982601642609 13.7309470176697 13.7616345882416 13.8116550445557 13.8883423805237 13.9316966533661 13.8530502319336 13.7650711536407 13.8070917129517 13.7900424003601 13.6592562198639
11.1617600917816 10.8113577365875 10.5449557304382 10.7492203712463 10.5254850387573 11.0097498893738 11.2553477287292 11.2909455299377 11.9245438575745 11.8488085269928 11.6230731010437 11.592670917511 11.6697130203247 11.5135333538055 11.5600202083588 11.5865066051483 11.7203271389008 11.6408133506775 11.3886332511902 11.3651196956635 11.45760679245 11.6194264888763 11.8492465019226 11.8970665931702 11.849577665329 11.8394455909729 11.9466474056244 12.1171824932098 12.1930506229401 12.1889188289642 12.1714534759521 12.154655456543 12.1565232276917 12.1257252693176 12.3749270439148 12.7034616470337 12.8632547855377 12.5989723205566 12.9766900539398 13.4670746326447 13.6461255550385 13.7645101547241 13.8615612983704 13.9592795372009 14.0136637687683 14.0113816261292 13.919766664505 13.6728174686432 13.7164268493652 13.9699285030365
11.2053577899933 11.468142747879 11.0662605762482 10.8623785972595 10.8124969005585 11.060614824295 11.5593993663788 11.7315173149109 11.730968952179 12.1344201564789 11.9872052669525 11.6913228034973 11.5637266635895 11.3484160900116 11.5237715244293 11.331794500351 11.6431500911713 11.6785063743591 11.5785284042358 11.6418843269348 11.6032402515411 11.5452630519867 11.2726187705994 10.6293077468872 10.7533450126648 11.4160633087158 11.9434478282928 12.1314997673035 12.3075511455536 12.0842695236206 12.2403209209442 12.4457054138184 12.4964237213135 12.525141954422 12.5325269699097 12.4899117946625 12.7723119258881 12.9557268619537 12.9431416988373 13.2512230873108 13.1633048057556 12.9527199268341 13.2794678211212 13.700216293335 13.9362981319427 13.9983797073364 14.0117948055267 14.0118761062622 13.8974781036377 13.977933883667
11.3449556827545 11.2709274291992 11.5122320652008 11.5122036933899 11.3655083179474 11.2781462669373 11.4434509277344 11.6867558956146 11.9487268924713 12.2820320129395 12.2153367996216 11.8753085136414 11.6364064216614 11.3946318626404 11.4428570270538 11.4457485675812 11.5606400966644 11.7755320072174 11.4690907001495 11.6793158054352 11.6342072486877 11.1697659492493 10.9173243045807 10.8055493831635 10.8911130428314 11.3113474845886 11.7249157428741 11.8384838104248 12.1273851394653 12.2716200351715 12.2638547420502 12.2887558937073 12.5116572380066 12.6318924427032 12.7327935695648 12.8656949996948 12.9773685932159 13.053147315979 12.8382592201233 13.0440385341644 13.1538171768188 12.7949290275574 12.6327075958252 13.1784863471985 13.7709319591522 13.9453775882721 14.0131566524506 14.0949349403381 14.0325291156769 14.0346055030823
