data/spatiotemp/temp2/bio16_norsw_test_2007_2010.asc
NCOLS 654 
NROWS 380 
XLLCORNER 3.91666666666667 
YLLCORNER 55.3333333333333 
CELLSIZE 0.0416666666666667 
NODATA_value -9999 
[rows 176 to 197 of 380, columns 300 to 349 of 654]
271.884662628174 279.26000213623 282.822364807129 283.074798583984 278.684768676758 276.47541809082 273.141651153564 285.769981384277 292.259643554688 272.520542144775 264.862407684326 272.156425476074 279.454658508301 282.350463867188 274.20588684082 267.438575744629 267.299613952637 270.186546325684 273.296363830566 283.375358581543 289.844947814941 291.375030517578 295.119171142578 296.649276733398 292.086059570312 283.656509399414 281.574974060059 288.074920654297 296.81201171875 299.715881347656 286.271759033203 288.639152526855 289.55445098877 288.70783996582 292.331008911133 294.568008422852 294.335426330566 294.342262268066 289.626029968262 292.179786682129 286.637359619141 281.422752380371 277.000549316406 272.04972076416 272.016925811768 272.649555206299 270.114910125732 261.670516967773 269.115272521973 265.690738677979
273.337596893311 276.294624328613 280.122375488281 281.232627868652 277.88362121582 276.181304931641 275.596961975098 265.60375213623 270.45299911499 266.129600524902 258.159736633301 263.266407012939 273.935073852539 266.829936981201 262.768577575684 264.269306182861 266.631767272949 271.44384765625 277.952713012695 286.679267883301 284.833999633789 287.460563659668 290.093955993652 288.252281188965 287.265571594238 285.164581298828 285.562370300293 288.19474029541 280.803886413574 286.196113586426 282.703353881836 284.802764892578 285.393379211426 280.624992370605 291.235626220703 287.601989746094 292.610855102539 288.698722839355 290.93359375 293.963218688965 288.73169708252 290.137825012207 288.988128662109 288.408317565918 283.64225769043 281.325210571289 274.819332122803 267.487483978271 265.135345458984 263.040012359619
283.55517578125 284.660846710205 283.826190948486 284.06128692627 272.397808074951 271.751857757568 272.23087310791 265.479396820068 262.275074005127 260.414096832275 252.43936920166 253.68302154541 264.634525299072 264.474765777588 262.098293304443 269.974105834961 268.716339111328 272.687965393066 272.78246307373 280.668106079102 283.577041625977 286.195556640625 287.164985656738 283.93342590332 281.809524536133 281.054267883301 279.181434631348 277.884735107422 281.90811920166 278.378105163574 276.498802185059 274.948463439941 275.843505859375 278.605812072754 282.761749267578 279.958343505859 280.195518493652 282.421531677246 284.649124145508 289.663871765137 288.520698547363 288.275062561035 279.016357421875 278.167388916016 279.509971618652 286.630531311035 279.000587463379 269.385265350342 265.901081085205 267.402507781982
284.456531524658 282.197505950928 276.066116333008 273.004940032959 273.22013092041 270.068901062012 267.19718170166 264.909454345703 260.270332336426 258.86254119873 253.357624053955 253.44221496582 256.965633392334 260.425018310547 261.919231414795 265.380165100098 269.096458435059 274.477752685547 279.859802246094 277.176368713379 283.713768005371 279.301010131836 279.133270263672 276.130683898926 273.438652038574 275.181518554688 278.329238891602 277.291198730469 274.854446411133 275.480140686035 279.203735351562 284.041229248047 273.140838623047 278.174736022949 280.645431518555 280.618919372559 279.453018188477 282.21501159668 283.586730957031 284.166572570801 286.393493652344 286.628463745117 283.229988098145 279.323783874512 275.613754272461 276.884620666504 275.907878875732 277.146713256836 280.949745178223 273.784038543701
275.371017456055 275.834716796875 276.043411254883 277.670265197754 274.04243850708 270.616111755371 272.491329193115 268.182426452637 261.552993774414 263.847095489502 260.827571868896 263.668125152588 263.811603546143 264.757923126221 262.353286743164 264.095695495605 267.010162353516 268.751693725586 273.012626647949 271.978584289551 272.300971984863 276.302833557129 272.723854064941 268.03023147583 273.149719238281 271.23087310791 271.038383483887 272.508811950684 275.354217529297 274.553825378418 278.518745422363 285.624877929688 284.777870178223 282.479423522949 277.412811279297 274.867523193359 272.83610534668 276.451164245605 275.536117553711 288.677833557129 290.041641235352 281.339164733887 273.778762817383 275.155029296875 275.323310852051 280.215476989746 285.079544067383 294.716148376465 290.342750549316 277.903541564941
283.157054901123 280.327323913574 275.811012268066 276.007495880127 278.96753692627 279.165874481201 279.700233459473 277.929180145264 266.862339019775 265.501686096191 269.721599578857 268.657131195068 273.794448852539 269.956077575684 268.91975402832 270.150733947754 264.03747177124 264.647640228271 267.25407409668 268.987895965576 267.930656433105 274.664306640625 278.108238220215 274.753601074219 274.544479370117 272.350563049316 265.086238861084 263.142612457275 269.373859405518 273.871963500977 271.638702392578 273.093566894531 272.841590881348 270.531242370605 269.362819671631 269.59642791748 267.022632598877 274.539184570312 279.540832519531 282.041137695312 278.610801696777 284.469436645508 276.889984130859 273.465301513672 264.695880889893 275.716480255127 280.344696044922 286.83863067627 284.191711425781 290.441474914551
273.722923278809 284.842193603516 287.803123474121 283.007881164551 283.198120117188 274.993347167969 285.050415039062 279.610443115234 271.906478881836 266.073024749756 278.704605102539 280.187675476074 277.681800842285 276.380996704102 276.687408447266 278.421028137207 272.325679779053 268.969661712646 270.699661254883 265.979068756104 268.56672668457 273.618133544922 275.319793701172 279.556396484375 283.242126464844 278.184692382812 268.644451141357 263.884082794189 262.491153717041 266.472244262695 265.627269744873 268.44469833374 263.359130859375 258.790218353271 255.090660095215 261.502426147461 260.053840637207 274.908004760742 276.250228881836 272.551761627197 271.649265289307 273.856906890869 266.514659881592 270.122856140137 263.832565307617 263.924194335938 278.876884460449 280.093559265137 276.030975341797 269.743301391602
279.064502716064 277.278491973877 284.771141052246 293.40550994873 291.365867614746 283.433120727539 280.200050354004 289.148078918457 273.236469268799 269.102737426758 281.756538391113 280.445301055908 277.99959564209 279.728244781494 276.099353790283 273.854179382324 273.270179748535 277.233589172363 278.958221435547 276.203262329102 272.808792114258 273.369018554688 273.628158569336 269.723220825195 274.823364257812 275.944450378418 275.634429931641 270.292217254639 266.876232147217 265.75997543335 267.43669128418 262.354396820068 263.496028900146 259.164283752441 259.36812210083 255.65544128418 257.857753753662 264.267566680908 265.628002166748 259.628368377686 262.984275817871 276.951416015625 274.634300231934 274.582832336426 275.609638214111 261.943935394287 261.775959014893 270.539093017578 269.508716583252 267.933139801025
290.305625915527 275.252815246582 274.074310302734 287.157524108887 289.654121398926 283.03995513916 278.182975769043 278.694229125977 277.439373016357 270.829513549805 274.283306121826 281.669345855713 285.002685546875 281.605960845947 283.327331542969 283.861824035645 287.569160461426 303.378898620605 292.368927001953 282.470573425293 287.610176086426 284.16756439209 284.15119934082 280.456893920898 281.007987976074 277.000755310059 276.419425964355 286.30233001709 282.853485107422 275.486511230469 266.993869781494 272.029769897461 270.868598937988 265.713905334473 257.441837310791 255.09797668457 255.333225250244 266.279594421387 263.93920135498 259.951801300049 257.617988586426 265.139186859131 268.742462158203 256.299320220947 271.357685089111 271.17073059082 258.631359100342 260.103313446045 278.687381744385 277.348052978516
289.763275146484 284.901443481445 271.580635070801 278.211692810059 287.181701660156 288.790046691895 287.59651184082 286.400405883789 281.916328430176 287.703567504883 285.228290557861 281.051128387451 281.322082519531 285.787727355957 284.067825317383 285.700096130371 283.725769042969 283.995712280273 287.954139709473 282.035255432129 289.654800415039 294.997467041016 287.837829589844 285.804023742676 279.275001525879 275.553451538086 277.203689575195 283.402244567871 286.16820526123 278.765281677246 274.168334960938 273.002059936523 269.520709991455 272.253124237061 280.961540222168 272.112907409668 263.272743225098 268.551509857178 263.392692565918 261.909801483154 256.7610206604 254.697570800781 257.167224884033 252.027206420898 251.905994415283 253.382026672363 256.854328155518 249.611930847168 255.869632720947 270.552490234375
285.62574005127 284.067470550537 272.404430389404 275.353168487549 288.286567687988 287.080535888672 286.089431762695 284.880146026611 294.065185546875 290.120933532715 288.516082763672 288.270301818848 272.121849060059 275.448482513428 277.071262359619 277.584426879883 276.707870483398 280.117462158203 281.593421936035 276.453216552734 279.010200500488 280.575248718262 282.215538024902 274.770126342773 269.904262542725 270.101879119873 272.604721069336 273.987236022949 275.619331359863 274.113151550293 268.367248535156 272.802993774414 275.288116455078 263.845821380615 270.564041137695 269.057933807373 265.300487518311 269.779457092285 273.0061378479 276.603286743164 271.428527832031 268.801364898682 267.853443145752 266.361865997314 262.55562210083 260.60347366333 258.149032592773 257.949275970459 244.246128082275 254.279674530029
294.478073120117 290.709167480469 290.848640441895 271.371383666992 274.953155517578 281.967765808105 278.142013549805 280.624809265137 286.114967346191 284.971405029297 282.145172119141 282.461456298828 277.037330627441 264.95743560791 263.209663391113 270.875022888184 267.417053222656 277.015232086182 277.601676940918 270.205741882324 273.872707366943 286.615737915039 290.572746276855 275.120105743408 267.874145507812 274.895378112793 278.770126342773 280.135208129883 281.497917175293 284.229118347168 284.383491516113 286.876655578613 291.810729980469 286.568618774414 270.886035919189 264.800231933594 264.475322723389 257.27409362793 262.254539489746 273.517955780029 276.233966827393 274.973293304443 274.002433776855 273.844535827637 280.701595306396 275.748439788818 266.715370178223 266.761859893799 260.926013946533 248.59330368042
301.961959838867 291.850852966309 286.909561157227 279.608058929443 270.306449890137 271.06209564209 279.197425842285 277.958759307861 274.293628692627 279.467193603516 276.845195770264 287.351745605469 289.05396270752 282.743499755859 270.113502502441 265.521064758301 264.618942260742 253.708492279053 249.980041503906 261.707370758057 263.364334106445 262.157432556152 263.521820068359 266.275699615479 267.886211395264 259.48783493042 258.508644104004 283.14372253418 286.791450500488 283.016456604004 285.442169189453 280.513801574707 285.261260986328 282.367301940918 278.87264251709 271.802883148193 272.789142608643 272.173637390137 271.360385894775 273.574340820312 277.781848907471 274.910663604736 263.210178375244 260.398708343506 256.836502075195 261.637657165527 261.68087387085 258.071201324463 257.14575958252 250.819061279297
306.655166625977 305.884803771973 305.480201721191 296.426414489746 290.56623840332 282.975715637207 279.14176940918 271.542049407959 271.58540725708 271.56184387207 286.707061767578 276.967178344727 283.760116577148 283.986083984375 266.439800262451 257.748039245605 259.444511413574 251.104858398438 238.788692474365 256.843589782715 269.662677764893 269.551277160645 269.78003692627 271.376209259033 280.404373168945 269.137805938721 251.570339202881 257.998184204102 272.805541992188 271.771324157715 269.638626098633 278.519592285156 282.118743896484 275.167087554932 278.777885437012 288.48104095459 289.243194580078 287.024917602539 285.082061767578 281.222702026367 280.071063995361 277.488151550293 271.843715667725 264.645084381104 258.314224243164 266.070606231689 266.101367950439 262.460094451904 253.403114318848 250.379261016846
298.834526062012 305.252021789551 300.525932312012 299.489074707031 295.867660522461 293.466621398926 293.575317382812 285.101264953613 281.40336227417 268.692935943604 271.2548828125 272.117752075195 266.020198822021 263.092636108398 273.872524261475 257.447330474854 251.328460693359 254.741580963135 231.857334136963 244.485164642334 257.313762664795 256.390502929688 263.100875854492 278.431846618652 276.927177429199 261.915584564209 266.318466186523 249.871040344238 257.735759735107 273.164207458496 263.238117218018 265.921859741211 271.185138702393 271.01135635376 272.96110534668 282.676208496094 289.018920898438 294.598487854004 287.493560791016 285.728553771973 282.196586608887 280.236309051514 280.413261413574 280.919967651367 267.43433380127 262.696697235107 255.609775543213 251.974002838135 252.377941131592 245.681865692139
281.377185821533 308.257713317871 307.468521118164 305.315795898438 302.798843383789 295.437484741211 290.439445495605 290.539176940918 289.935089111328 276.748905181885 270.366367340088 267.749923706055 273.180034637451 252.916473388672 249.413204193115 246.387393951416 238.262088775635 251.245403289795 238.911266326904 231.427341461182 241.484790802002 252.877616882324 245.887844085693 248.107494354248 238.270202636719 239.509578704834 248.767959594727 241.427677154541 245.00777053833 266.815898895264 254.755084991455 250.805553436279 257.799049377441 263.446670532227 266.075344085693 271.407707214355 282.404266357422 297.245643615723 287.866172790527 282.539516448975 283.046058654785 292.386528015137 292.878242492676 294.960426330566 287.664577484131 272.728576660156 273.701385498047 263.052803039551 255.99365234375 251.058990478516
271.373687744141 301.330429077148 305.47705078125 307.300140380859 307.106109619141 307.820663452148 304.185173034668 288.760856628418 285.056411743164 274.71520614624 273.7936668396 268.558788299561 268.784061431885 260.967655181885 255.100780487061 266.844005584717 270.255790710449 268.214305877686 270.795017242432 263.305370330811 240.846855163574 235.952152252197 234.783309936523 236.10018157959 241.608081817627 246.884330749512 255.531932830811 249.521759033203 239.214847564697 238.384117126465 233.804306030273 231.938777923584 246.873161315918 271.609954833984 265.65234375 271.308418273926 269.687480926514 294.398208618164 295.496780395508 288.245613098145 289.368133544922 287.14705657959 285.511238098145 281.971996307373 283.836917877197 274.722278594971 266.225856781006 259.864273071289 258.635116577148 258.341972351074
260.476337432861 291.88981628418 293.444282531738 298.73078918457 297.669639587402 307.80606842041 300.429977416992 298.513244628906 288.483757019043 284.46363067627 276.639305114746 291.480506896973 282.290103912354 272.496204376221 262.896560668945 271.158596038818 274.568237304688 285.180274963379 274.210178375244 267.61408996582 261.771217346191 255.611763000488 246.629955291748 256.822807312012 271.101440429688 259.723812103271 253.794212341309 262.929489135742 252.63614654541 266.149951934814 256.053188323975 232.963237762451 237.230930328369 259.226505279541 245.335884094238 263.257984161377 273.759399414062 292.976852416992 287.63809967041 290.872909545898 292.946212768555 289.405143737793 277.999298095703 274.817909240723 269.464511871338 274.261425018311 277.036262512207 277.426750183105 275.005676269531 270.619010925293
268.534687042236 262.654510498047 274.486850738525 281.447383880615 283.886817932129 281.957565307617 280.02795791626 282.689884185791 282.712562561035 282.68119430542 281.432312011719 278.816570281982 277.316905975342 270.972019195557 265.745151519775 275.472328186035 280.891441345215 280.217956542969 283.365859985352 274.755550384521 274.984889984131 276.754867553711 272.209396362305 250.462142944336 268.776966094971 264.279537200928 248.425788879395 251.403514862061 243.706047058105 244.947898864746 255.379722595215 231.951324462891 233.116214752197 238.656185150146 258.375011444092 275.301193237305 288.685653686523 275.496982574463 272.560760498047 281.260833740234 285.097179412842 282.16109085083 276.124328613281 275.33224105835 266.65372467041 255.541187286377 255.960838317871 255.068351745605 254.843376159668 248.773094177246
276.373680114746 277.905815124512 264.777690887451 262.835594177246 262.898891448975 265.545303344727 272.797080993652 290.106491088867 299.066558837891 297.304718017578 301.003662109375 296.021064758301 287.308944702148 275.509246826172 266.551246643066 264.513050079346 275.128810882568 284.527572631836 287.926094055176 287.646339416504 280.706016540527 286.731872558594 284.603988647461 258.267135620117 253.041297912598 269.819225311279 253.594139099121 268.270915985107 260.88224029541 244.90966796875 241.998203277588 249.380138397217 231.134735107422 236.340892791748 257.973556518555 280.395568847656 276.709705352783 267.667064666748 272.115871429443 271.666465759277 270.044910430908 260.318798065186 260.830833435059 266.321544647217 259.401260375977 255.154373168945 250.458541870117 248.406147003174 242.015850067139 241.629016876221
298.636810302734 296.12476348877 287.836627960205 283.313758850098 275.020053863525 253.225364685059 275.974990844727 300.488433837891 301.873199462891 295.521011352539 292.009223937988 304.641647338867 295.673828125 285.242691040039 281.480487823486 281.703521728516 276.825859069824 267.00870513916 280.447685241699 298.329536437988 301.787094116211 299.632354736328 286.614524841309 281.715660095215 288.19554901123 275.513843536377 271.203811645508 258.080146789551 262.302062988281 256.358833312988 245.195873260498 236.690795898438 234.933040618896 238.337600708008 239.53377532959 260.446666717529 272.234699249268 261.792346954346 260.865383148193 272.18851852417 272.613555908203 262.314472198486 270.408580780029 267.131641387939 260.558700561523 259.975891113281 266.534889221191 260.736957550049 254.325428009033 248.796199798584
299.265235900879 300.790000915527 289.918880462646 281.622581481934 276.480876922607 254.044868469238 258.915241241455 283.134899139404 290.358726501465 296.677711486816 294.278121948242 307.802925109863 304.069793701172 300.845596313477 301.380302429199 300.448265075684 292.892448425293 289.459396362305 280.858543395996 284.407287597656 300.603164672852 306.082023620605 305.992546081543 301.117881774902 302.854103088379 301.672950744629 306.055480957031 293.224510192871 275.896175384521 271.533710479736 276.101833343506 257.317710876465 240.042129516602 238.747489929199 246.750705718994 247.16760635376 272.193302154541 261.035636901855 265.704620361328 255.088260650635 260.411235809326 269.419437408447 271.768070220947 258.595531463623 254.750885009766 263.438369750977 257.631786346436 259.212455749512 248.244777679443 253.509590148926
