data/spatiotemp/temp2/bio13_norsw_test_2007_2010.asc
NCOLS 654 
NROWS 380 
XLLCORNER 3.91666666666667 
YLLCORNER 55.3333333333333 
CELLSIZE 0.0416666666666667 
NODATA_value -9999 
[rows 88 to 109 of 380, columns 450 to 499 of 654]
93.3916244506836 92.7473964691162 92.8176860809326 92.9185600280762 92.7498779296875 93.267297744751 93.6530723571777 93.7557735443115 93.8584766387939 93.9611778259277 93.3775215148926 93.4799785614014 93.1613636016846 92.2878150939941 93.0515003204346 93.1036014556885 93.0223731994629 93.0745887756348 93.5493869781494 94.0015907287598 94.0541229248047 95.2199897766113 95.963960647583 96.0174598693848 96.8951015472412 96.5256671905518 97.6675281524658 97.6660747528076 97.7940483093262 96.3854141235352 96.5102825164795 97.2005882263184 99.0210285186768 99.7277965545654 97.9014835357666 96.9089126586914 95.3705883026123 94.800895690918 95.5176944732666 96.6470203399658 96.6670799255371 96.983226776123 98.1130542755127 98.1334743499756 98.4509220123291 98.749755859375 98.7700443267822 97.7989177703857 98.2355651855469 97.5629234313965
92.6529865264893 92.0111389160156 91.6724700927734 92.8550910949707 93.356517791748 92.759069442749 92.8443794250488 93.2141284942627 93.2999801635742 91.9971885681152 91.817310333252 91.9021492004395 92.2507553100586 91.6504497528076 92.8262882232666 92.4586734771729 92.512752532959 93.964183807373 94.01904296875 94.7613220214844 94.5271034240723 95.2705059051514 95.3260345458984 96.0707855224609 97.239070892334 97.2955913543701 97.0227470397949 97.692554473877 96.3980846405029 96.796257019043 97.1925659179688 95.4754486083984 95.8691215515137 95.1543884277344 93.7307834625244 93.7323207855225 94.2086639404297 94.3907470703125 95.7583141326904 95.7999782562256 95.8313045501709 96.2751712799072 97.2940292358398 97.325870513916 97.3577079772949 96.9759578704834 96.7306156158447 96.7624816894531 96.7943439483643 96.8262062072754
91.6470050811768 91.2891979217529 92.4402809143066 92.7916202545166 92.59765625 92.6669178009033 92.0551452636719 93.0899848937988 94.1261825561523 94.1965847015381 93.2991466522217 91.9801368713379 92.0487976074219 92.1174564361572 92.1798667907715 93.2073268890381 93.2642021179199 93.7425670623779 93.5108947753906 93.8311958312988 94.9957637786865 96.1614437103271 95.7977104187012 96.9649620056152 97.7112045288086 97.0823059082031 97.4890651702881 97.534273147583 96.1580276489258 95.1156482696533 94.0940322875977 93.0718841552734 92.7561855316162 92.0067443847656 92.1156826019287 93.5756587982178 93.751106262207 94.2217102050781 96.8785171508789 97.8412532806396 96.8108158111572 95.7816562652588 96.7431125640869 96.9335231781006 97.2738647460938 97.3175983428955 96.6734313964844 96.7170181274414 96.4628505706787 96.5062026977539
92.1681880950928 91.2493114471436 92.6749439239502 92.4683284759521 91.5595817565918 90.5147361755371 90.5669536590576 90.6191673278809 91.6356658935547 92.3679447174072 92.4209442138672 91.794038772583 91.8468341827393 91.8996257781982 92.6358222961426 93.4027862548828 93.4618682861328 93.5209484100342 93.9744052886963 95.4264125823975 96.1700897216797 96.6257228851318 96.2651176452637 97.2009372711182 98.2691555023193 98.3671894073486 98.2163982391357 97.1308345794678 96.0406398773193 94.9458179473877 93.8463611602783 92.7600555419922 92.6183757781982 91.8004283905029 91.9672889709473 92.4285755157471 92.5958862304688 94.0526752471924 95.1176948547363 95.3837451934814 95.3541641235352 96.6139259338379 98.1693305969238 97.5429649353027 96.8930854797363 96.263744354248 96.3187770843506 96.3738136291504 96.1313533782959 96.1862010955811
91.1680011749268 91.2094287872314 91.2485389709473 91.2853393554688 91.3221321105957 90.6824531555176 90.0423736572266 90.498628616333 90.5350799560547 90.8568134307861 91.5710163116455 92.0280055999756 92.0649852752686 91.6817989349365 93.1157512664795 92.8899955749512 93.6303157806396 95.079626083374 95.1418895721436 95.2041549682617 95.947811126709 95.3011169433594 96.0458850860596 97.0899524688721 98.1602649688721 99.2326183319092 99.3719062805176 98.2833728790283 97.1903667449951 95.8013038635254 93.719352722168 92.6106872558594 92.7735977172852 91.6582202911377 91.8188991546631 92.2740726470947 93.7202339172363 94.8754043579102 94.2484188079834 94.2231597900391 95.4854583740234 95.4598731994629 95.7306575775146 95.7646732330322 95.6797847747803 95.6543483734131 95.2819805145264 96.0306034088135 96.0970859527588 96.1635665893555
90.1709003448486 90.8859024047852 90.243501663208 89.8433952331543 90.2851066589355 89.2109203338623 89.2316493988037 89.5371971130371 88.8832359313965 89.99924659729 90.3054256439209 90.3264179229736 91.4429092407227 92.1397933959961 92.6016216278076 94.3340835571289 95.2085971832275 94.8530941009521 94.9174995422363 94.56174659729 95.0173416137695 95.0818748474121 94.857873916626 96.9789638519287 98.0513763427734 99.1258735656738 99.2633991241455 98.1695823669434 97.0714511871338 95.9689998626709 94.8622283935547 93.751148223877 92.6357402801514 91.8095436096191 92.9490356445312 93.4002532958984 93.5574283599854 93.7145977020264 94.078332901001 95.3425121307373 96.6061420440674 96.5841045379639 96.5620632171631 95.5519046783447 95.8267993927002 95.5085792541504 94.5248718261719 94.6017894744873 94.6787071228027 95.1619834899902
90.7501220703125 90.0886573791504 89.4452533721924 89.4592266082764 89.0852108001709 88.8470439910889 89.1454010009766 88.7389488220215 89.4260673522949 89.4401550292969 90.8328056335449 90.8470401763916 90.861270904541 91.2945384979248 92.0094413757324 93.0381984710693 93.5255432128906 93.5938339233398 93.6621208190918 93.9883670806885 94.6935234069824 94.9358100891113 94.6190242767334 95.9821376800537 98.0279064178467 98.1382217407227 97.9867038726807 96.8890933990479 95.7872123718262 94.9724063873291 94.8402214050293 93.727653503418 92.6108112335205 91.783203125 91.9364986419678 93.3700790405273 93.8206443786621 93.9766178131104 95.3302898406982 95.3104019165039 95.5866622924805 94.282112121582 94.5588645935059 95.8236274719238 95.5074405670166 94.5004482269287 94.480978012085 94.4615058898926 94.4420356750488 94.6021499633789
89.8994884490967 89.97926902771 89.5906085968018 89.6064987182617 89.9069690704346 89.9230213165283 89.9390735626221 90.2402076721191 90.6752853393555 90.6913318634033 91.1258811950684 91.8458290100098 91.8616924285889 91.1734924316406 91.8915252685547 91.9656047821045 92.0396842956543 92.1137619018555 92.8639335632324 93.641902923584 93.8212985992432 93.896520614624 94.6623153686523 95.745532989502 96.8312149047852 95.9778518676758 96.8009357452393 95.9934349060059 94.8917694091797 94.762903213501 93.946117401123 92.5411510467529 91.7167282104492 91.8727340698242 92.0287418365479 91.1977367401123 91.3520946502686 93.0879669189453 93.1568202972412 93.1374626159668 93.1181125640869 93.3948936462402 93.3756160736084 93.6526355743408 93.3370666503906 94.6028747558594 94.583345413208 94.5638179779053 94.5442905426025 95.5120639801025
90.17209815979 89.1338996887207 90.1216373443604 90.8424949645996 91.1450252532959 91.1630592346191 90.51051902771 90.528377532959 91.2493743896484 90.9816627502441 90.7454891204834 90.7628498077393 91.3208885192871 91.0524501800537 91.1013126373291 92.2714080810547 92.3522968292236 92.4331912994385 93.8649158477783 94.3646602630615 94.8645629882812 93.5354118347168 93.4494228363037 95.7976417541504 95.9221878051758 95.7572250366211 94.6401634216309 95.7802810668945 93.9943714141846 93.866584777832 94.0297203063965 91.9372806549072 91.8035469055176 93.2406959533691 92.414981842041 91.5858745574951 91.7434139251709 90.9092235565186 91.970142364502 92.2468891143799 92.2278079986572 92.2087306976318 93.4768657684326 93.4575290679932 94.7248954772949 94.7053089141846 94.6857223510742 95.655553817749 95.6356315612793 95.9123764038086
88.9394931793213 88.9924716949463 88.3598461151123 88.6634578704834 88.6826934814453 88.2848873138428 89.0063362121582 89.7278995513916 89.7473907470703 91.1390781402588 90.872838973999 90.8923587799072 91.3279190063477 91.347297668457 92.0715618133545 92.1591930389404 92.2468185424805 92.0468921661377 92.1342658996582 92.6091938018799 93.4018421173096 93.4625854492188 93.4921417236328 93.3327732086182 93.7515773773193 93.8812923431396 93.739631652832 92.6398658752441 91.8265819549561 91.697546005249 91.8594741821289 90.7462520599365 91.1989059448242 91.3590908050537 92.507194519043 91.6794662475586 92.134614944458 92.2952976226807 92.3660736083984 92.3469409942627 92.3278045654297 93.5974960327148 93.5781097412109 93.5587139129639 94.8273868560791 95.7992725372314 94.7880878448486 95.7593154907227 96.7298831939697 97.0061416625977
89.4617767333984 89.8025779724121 89.1741142272949 88.1113891601562 88.1325206756592 88.1536483764648 87.5064830780029 87.9430522918701 88.9182567596436 90.7249660491943 89.6620807647705 90.3525543212891 90.7890090942383 90.8103580474854 89.9105453491211 90.6737079620361 90.7667655944824 91.9479427337646 92.4281272888184 91.8479423522949 91.5265426635742 92.4302158355713 92.2775268554688 91.1543865203857 91.2885856628418 92.3959369659424 92.5472888946533 91.4470138549805 90.3421859741211 90.5045318603516 90.6668853759766 90.8292388916016 91.2845497131348 91.4473876953125 91.6102256774902 91.7730560302734 91.9358940124512 93.6840744018555 93.7571506500244 93.7376976013184 93.7182464599609 93.9946842193604 93.9753112792969 93.9559326171875 93.9365577697754 94.9101657867432 94.8904590606689 96.15940284729 97.1314334869385 97.1111469268799
88.6500053405762 88.9938583374023 88.3688201904297 87.0252723693848 87.9995307922363 87.6406192779541 87.6635570526123 88.1009712219238 88.1237964630127 87.4789333343506 88.4557952880859 88.606294631958 89.584020614624 90.6893119812012 90.4635963439941 90.2757968902588 90.37526512146 90.4747371673584 91.2475929260254 92.4367942810059 91.1600780487061 91.2604179382324 91.0716514587402 91.2039012908936 90.0842456817627 89.9346580505371 90.1446876525879 89.2745933532715 88.1672763824463 88.3281345367432 89.4720897674561 89.9272842407227 89.1036777496338 90.2536296844482 91.4072608947754 91.8666515350342 93.3211231231689 93.488920211792 93.85862159729 95.1311817169189 95.1114196777344 96.3832035064697 95.0718898773193 94.0570316314697 93.7415790557861 95.0125980377197 94.9928302764893 95.9668426513672 96.243049621582 96.9197788238525
87.4271430969238 87.9031181335449 86.8673801422119 86.2260761260986 87.2008609771729 86.5594673156738 86.8693065643311 86.8938388824463 85.5527076721191 85.5769157409668 86.9674339294434 87.118127822876 87.8093681335449 88.9137172698975 90.7269325256348 90.8342628479004 90.3962306976318 89.8010883331299 90.8678703308105 90.974983215332 91.0919723510742 89.9858303070068 89.8448486328125 90.1458415985107 89.1679973602295 88.291187286377 86.9488048553467 85.9597911834717 85.988338470459 86.1475410461426 86.5987892150879 87.744514465332 88.1990242004395 90.6341342926025 91.0942573547363 93.5425300598145 92.423168182373 92.5917625427246 92.9619178771973 93.9405326843262 94.2166175842285 92.904203414917 92.8849697113037 94.158130645752 92.8464965820312 95.4110221862793 97.6784439086914 97.6581020355225 96.346658706665 97.3211479187012
87.2848339080811 86.0734119415283 86.7319602966309 85.6809940338135 86.1192970275879 85.7657775878906 85.7916431427002 85.1524505615234 85.1781482696533 85.2038440704346 85.2295398712158 85.6339836120605 87.0245532989502 88.7943820953369 89.9417209625244 91.1344089508057 89.8791351318359 89.7033576965332 89.2623596191406 89.4182319641113 89.7515449523926 89.8637294769287 88.626781463623 88.7804985046387 88.9342136383057 86.8640556335449 86.7134056091309 85.2578868865967 84.1607723236084 85.2376937866211 86.3827056884766 86.8369235992432 87.988187789917 88.4456748962402 90.8900489807129 92.3481273651123 92.5193519592285 92.690580368042 91.7668914794922 92.0433578491211 92.0243911743164 92.3010578155518 91.9864540100098 91.9674854278564 93.242015838623 95.5133609771729 96.490550994873 98.7598094940186 98.7390785217285 98.4221782684326
89.1948146820068 87.906946182251 85.9334564208984 85.9609699249268 84.9137992858887 85.3524112701416 85.379753112793 85.0292663574219 84.6457195281982 84.6732387542725 85.7760524749756 86.8790702819824 86.6193065643311 88.0101184844971 89.1587009429932 89.6556739807129 89.4865589141846 89.3170604705811 89.1471920013428 89.2658824920654 89.3102989196777 88.2164402008057 88.3776988983154 87.5667552947998 87.4360599517822 85.6423606872559 85.910665512085 85.2373027801514 85.1479206085205 85.310131072998 85.472339630127 86.9153861999512 88.3632717132568 89.8159847259521 89.9854469299316 90.4491519927979 90.6190433502197 90.7889308929443 91.8655605316162 92.1418876647949 92.4183444976807 90.1036567687988 91.0850410461426 92.3614559173584 93.3416023254395 93.3223190307617 95.2999420166016 96.5740756988525 98.8454990386963 100.118265151978
89.3330478668213 86.6950607299805 85.4113235473633 85.4825344085693 85.1953830718994 84.814432144165 84.1809463500977 84.2099132537842 84.2388801574707 83.1949005126953 84.2968120574951 85.3989486694336 86.5013217926025 87.6039218902588 88.7542495727539 88.5902481079102 89.5033168792725 89.3401985168457 90.1363487243652 89.9742221832275 90.3903255462646 90.1857414245605 90.6487693786621 89.5597515106201 88.7559909820557 86.6805362701416 85.8774948120117 84.7623825073242 84.9266204833984 84.3971996307373 84.5598201751709 86.0044174194336 88.7383499145508 88.9083251953125 90.3676338195801 89.5424823760986 90.7124881744385 88.8816108703613 91.2569942474365 91.2382316589355 90.2176132202148 89.9037036895752 89.8852043151855 92.1640663146973 91.8493194580078 93.1261234283447 95.4023113250732 97.6773281097412 98.6560001373291 99.6340236663818
88.2429084777832 86.2726917266846 87.9651317596436 87.0509128570557 85.7268466949463 84.6876544952393 84.0570297241211 84.087718963623 84.1184101104736 83.2001190185547 82.9430179595947 84.3315029144287 85.1449890136719 86.2463607788086 87.1088161468506 88.600154876709 89.1088371276855 91.2755508422852 92.176607131958 91.2575588226318 89.7481021881104 90.2189235687256 89.4292812347412 88.6350193023682 88.8117637634277 88.0105667114258 86.9139785766602 85.1207942962646 85.2878971099854 84.4686050415039 84.6336212158203 85.0911922454834 87.8278217315674 89.2863063812256 91.7465839385986 90.9251346588135 88.8039627075195 87.9716892242432 89.0510406494141 89.3280639648438 90.3131923675537 90.29469871521 91.2788524627686 91.9668464660645 92.9496421813965 92.9301128387451 94.2076320648193 95.4846248626709 96.4652805328369 96.4448947906494
86.7479591369629 85.7599754333496 86.5567436218262 86.916109085083 87.9366493225098 85.9146175384521 84.9675788879395 84.7548866271973 83.5948390960693 83.667272567749 83.487756729126 83.5243072509766 84.3319854736328 85.4325790405273 86.2964572906494 88.167552947998 90.5512351989746 92.9509239196777 93.1478633880615 91.8017177581787 89.5160217285156 89.7219944000244 89.1801013946533 88.3929882049561 88.8675384521484 89.3423824310303 87.2714595794678 85.4793491363525 84.6639957427979 84.5400104522705 84.9996032714844 85.1674060821533 86.6219882965088 89.0775718688965 91.8361949920654 92.3103427886963 91.4883995056152 89.067907333374 89.1453742980957 88.1220092773438 90.1135292053223 91.3946361541748 91.0803928375244 92.0652275085449 94.6438331604004 93.325366973877 94.3086490631104 95.5869407653809 95.566822052002 96.2527618408203
86.6458435058594 87.6721687316895 87.7633895874023 85.7483234405518 85.781135559082 84.8761692047119 84.9510765075684 84.7400608062744 84.5283813476562 83.6547832489014 84.6768779754639 85.4132385253906 85.2003345489502 85.043155670166 85.9047317504883 87.1077136993408 89.2973442077637 90.2197875976562 91.6328029632568 91.8428821563721 90.8417434692383 89.945333480835 90.1326198577881 88.3716869354248 88.8437652587891 89.3161334991455 87.5376663208008 85.4611778259277 84.9424114227295 84.8253402709961 85.9891452789307 86.1651344299316 86.6336460113525 87.8066577911377 89.5707664489746 91.0471649169922 92.5287857055664 91.4156455993652 90.4954147338867 89.1826400756836 89.171085357666 90.1652088165283 90.1534214019775 91.1468524932861 93.4400501251221 94.7276878356934 94.7151050567627 94.7025241851807 94.3944492340088 96.6850318908691
87.285249710083 87.6727886199951 87.7644424438477 87.0300731658936 85.7464199066162 85.8227233886719 85.8990287780762 85.9753303527832 84.533353805542 83.3737716674805 84.112060546875 85.1865005493164 84.9295673370361 85.6665573120117 86.7423839569092 87.5825748443604 88.9269924163818 89.1173191070557 90.5145111083984 91.9168395996094 92.1123161315918 92.3077869415283 91.2861137390137 89.2551765441895 87.475902557373 86.954610824585 87.4218139648438 85.3572254180908 84.8473281860352 86.0187606811523 85.9142093658447 86.3910503387451 90.1437110900879 89.048828125 88.2410507202148 89.7242889404297 91.2130470275879 92.7073154449463 91.8000030517578 90.500768661499 89.2014675140381 90.2102088928223 91.5135192871094 91.5154819488525 92.5240573883057 92.5259780883789 97.1439228057861 94.8378086090088 94.5445766448975 95.552770614624
87.5680885314941 85.5323925018311 86.5387020111084 86.6164436340332 85.7475109100342 85.5418243408203 84.6701946258545 85.6951026916504 85.4881935119629 84.3300075531006 84.1210765838623 83.9115314483643 84.6544246673584 84.4444541931152 85.5147228240967 86.6293201446533 87.8384132385254 89.2177810668945 90.6019096374512 90.7803916931152 92.1716632843018 92.3525257110596 90.0982990264893 90.4252758026123 89.6130886077881 87.8187236785889 88.2862186431885 86.5239448547363 85.7372131347656 84.9457683563232 85.1392917633057 85.3328151702881 89.0911197662354 90.5809059143066 88.4953880310059 88.4022769927979 90.1908664703369 91.3992767333984 93.8182220458984 90.2238922119141 89.2318553924561 89.2473773956299 90.2708625793457 90.5808410644531 92.6130599975586 91.6207122802734 93.9482097625732 94.6784057617188 94.6946964263916 95.7199001312256
87.848424911499 85.2230758666992 85.3130073547363 86.6181774139404 86.6965827941895 84.3147678375244 85.3405628204346 85.4175567626953 86.7279968261719 86.2411327362061 83.8473091125488 83.9226016998291 84.6690483093262 84.4611988067627 85.5276622772217 86.6321697235107 87.9515495300293 89.3182430267334 90.6893138885498 90.8533782958984 92.2310104370117 91.1815090179443 90.1276359558105 90.6187343597412 88.8194675445557 87.0125999450684 87.1901149749756 86.7052593231201 85.6418056488037 84.8603439331055 86.0530395507812 86.5479793548584 87.7485980987549 88.2478179931641 88.4570999145508 89.9598617553711 88.8756618499756 90.3845252990723 91.5133838653564 90.2414436340332 89.2622413635254 89.2913017272949 90.6233768463135 92.6719455718994 94.0059242248535 93.7423629760742 93.7728061676025 93.803243637085 94.8448181152344 97.0656337738037
