data/spatiotemp/temp2/bio12_norsw_test_2007_2010.asc
NCOLS 654 
NROWS 380 
XLLCORNER 3.91666666666667 
YLLCORNER 55.3333333333333 
CELLSIZE 0.0416666666666667 
NODATA_value -9999 
[rows 286 to 307 of 380, columns 100 to 149 of 654]
982.983901977539 1071.94160461426 1132.36744689941 1113.59455871582 1148.60581970215 1173.72514343262 1164.51997375488 1152.56396484375 1079.19384765625 1013.03396606445 1115.58560180664 1207.9546661377 1211.09248352051 1171.0023651123 1153.23266601562 1168.27348327637 1145.82298278809 1231.62322998047 1260.40859985352 1240.41952514648 1172.84434509277 1219.49407958984 1219.59101867676 1110.87789916992 1035.20762634277 1020.48220825195 1053.79643249512 989.059906005859 969.77783203125 983.849197387695 966.640365600586 928.710830688477 924.895965576172 964.953033447266 980.713897705078 958.792587280273 961.765045166016 1024.12983703613 1100.6286315918 1098.58100891113 1068.16833496094 1060.97146606445 1072.25619506836 1106.63145446777 1094.14767456055 1079.28617858887 1111.5415802002 1080.20185852051 1060.16319274902 1038.24858093262
1007.23443603516 1112.04496765137 1163.13983154297 1074.98196411133 1153.24220275879 1163.94221496582 1176.91665649414 1156.16734313965 1096.35134887695 1033.98147583008 1120.71464538574 1222.1681060791 1240.52871704102 1242.05816650391 1235.22213745117 1231.35823059082 1207.58627319336 1147.79244995117 1238.8366394043 1250.84957885742 1149.78857421875 1136.02331542969 1172.47515869141 1075.74070739746 1066.58316040039 1128.74215698242 1073.94674682617 1010.22212219238 1063.51620483398 1038.10552978516 977.369567871094 973.535385131836 994.278991699219 983.380950927734 972.622955322266 987.28564453125 975.17529296875 983.981872558594 1033.97592163086 1072.8377532959 1061.49490356445 1085.30426025391 1098.49806213379 1084.5962677002 1114.36822509766 1085.08030700684 1088.02633666992 1080.1890411377 1058.69998168945 1031.3738861084
1023.75997924805 1057.98455810547 1115.07403564453 1114.60595703125 1141.36212158203 1155.27613830566 1143.673828125 1103.376953125 1078.09129333496 1058.5558013916 1123.20373535156 1219.46202087402 1261.41079711914 1262.32391357422 1268.8251953125 1239.87911987305 1194.45924377441 1111.32597351074 1105.4797668457 1157.75184631348 1162.11071777344 1087.12603759766 1117.03411865234 1061.64361572266 1081.44645690918 1139.41082763672 1122.76208496094 1031.86514282227 1019.64939880371 1062.50082397461 1024.36213684082 980.021789550781 999.964660644531 1021.36460876465 1005.15348815918 1014.35269165039 1016.81091308594 991.192489624023 1022.90664672852 1066.55610656738 1097.67272949219 1092.35702514648 1098.74655151367 1079.80918884277 1102.96562194824 1106.56527709961 1100.51527404785 1071.10432434082 1069.51145935059 1039.16352844238
1081.74717712402 1045.45590209961 1126.63301086426 1165.83018493652 1210.91007995605 1214.94143676758 1214.80520629883 1196.73634338379 1170.30891418457 1112.02275085449 1109.17420959473 1240.07955932617 1268.20648193359 1272.51751708984 1272.50521850586 1265.76309204102 1268.18753051758 1230.63836669922 1165.8392791748 1135.51582336426 1112.51106262207 1086.80172729492 1107.33708190918 1079.86883544922 1077.42489624023 1134.1076965332 1133.28547668457 1074.36614990234 1067.72312927246 1037.7599029541 1030.3529510498 1023.73973083496 1022.96095275879 1031.47555541992 1008.43716430664 1003.75305175781 983.739562988281 1005.03746032715 1034.97386169434 1061.77551269531 1101.04527282715 1082.53239440918 1111.50039672852 1111.73796081543 1103.65698242188 1100.19648742676 1104.8818359375 1076.96990966797 1066.77203369141 1035.22854614258
1174.40010070801 1159.16044616699 1102.24415588379 1048.10144042969 1128.56396484375 1214.19259643555 1194.03469848633 1233.02201843262 1235.84777832031 1132.34204101562 1152.65336608887 1268.56158447266 1273.74551391602 1285.24713134766 1292.94055175781 1271.64904785156 1247.18923950195 1228.67593383789 1237.45495605469 1255.66940307617 1230.65386962891 1232.17025756836 1193.2414855957 1123.34591674805 1085.88252258301 1099.19006347656 1090.45471191406 1105.73699951172 1109.39756774902 1067.44738769531 1076.3409576416 1048.38795471191 1037.06008911133 1033.6456451416 1035.16738891602 1059.28942871094 1042.17680358887 1018.22711181641 1029.2328338623 1030.68609619141 1059.88687133789 1073.52201843262 1092.83152770996 1104.97148132324 1114.17742919922 1116.9621887207 1092.80583190918 1070.90362548828 1051.87591552734 1016.48947143555
1202.08840942383 1232.49327087402 1223.82942199707 1153.55082702637 1103.01374816895 1195.02670288086 1194.90132141113 1220.06086730957 1245.44079589844 1191.6822052002 1172.3697052002 1220.67192077637 1226.82809448242 1245.79156494141 1273.51608276367 1298.96301269531 1276.63082885742 1271.70837402344 1270.61938476562 1260.18716430664 1251.25616455078 1239.75958251953 1215.09619140625 1178.06187438965 1152.65351867676 1119.80169677734 1094.14904785156 1091.66592407227 1095.75254821777 1074.70791625977 1066.41276550293 1076.84945678711 1081.56747436523 1081.689453125 1090.49241638184 1058.62054443359 1065.70750427246 1057.86026000977 1043.02981567383 1038.65995788574 1027.14907836914 1047.79853820801 1065.42245483398 1092.48411560059 1096.37002563477 1095.94398498535 1079.88241577148 1046.55751037598 1023.69903564453 994.193649291992
1222.03938293457 1236.07710266113 1263.17517089844 1217.06855773926 1168.57650756836 1150.84585571289 1185.56829833984 1231.1944732666 1213.72584533691 1197.49075317383 1173.22778320312 1188.4439239502 1250.29525756836 1252.77554321289 1291.00466918945 1299.16827392578 1305.88607788086 1293.16412353516 1259.87841796875 1259.81069946289 1271.37103271484 1245.93399047852 1210.82429504395 1204.49291992188 1196.75410461426 1147.49099731445 1135.27255249023 1125.76602172852 1102.38667297363 1106.39099121094 1104.54837036133 1099.20219421387 1087.3077545166 1086.52520751953 1088.29974365234 1068.15464782715 1051.14158630371 1039.9083404541 1027.84094238281 1019.68408203125 -9999 1032.09390258789 1042.82417297363 1061.56407165527 1058.09683227539 1055.78717041016 1047.57595825195 1029.3331451416 -9999 1047.08137512207
1250.50665283203 1260.01336669922 1222.89010620117 1223.10231018066 1255.51422119141 1218.97125244141 1175.12733459473 1198.07154846191 1205.6134185791 1185.57569885254 1177.75994873047 1227.65148925781 1224.31845092773 1259.48931884766 1302.67779541016 1306.15637207031 1304.10302734375 1277.13305664062 1277.82559204102 1273.19607543945 1235.00845336914 1250.00680541992 1245.38049316406 1237.36999511719 1205.26800537109 1188.25189208984 1206.16975402832 1198.24856567383 1153.69892883301 1103.20611572266 1099.55683898926 1079.3011932373 1074.21263122559 1053.9582824707 1062.39686584473 1045.34899902344 1025.01513671875 1013.17230224609 -9999 -9999 -9999 -9999 1029.50189208984 -9999 1059.68182373047 -9999 -9999 -9999 -9999 -9999
1300.65347290039 1340.54086303711 1316.6044921875 1233.10961914062 1227.39125061035 1267.48654174805 1271.92825317383 1264.40023803711 1252.58447265625 1244.62921142578 1234.74557495117 1223.46276855469 1252.24368286133 1257.37432861328 1283.36325073242 1291.11428833008 1304.49719238281 1309.31439208984 1295.08825683594 1295.91723632812 1272.85260009766 1243.22540283203 1227.64517211914 1234.36911010742 1236.13482666016 1228.92782592773 1216.45056152344 1195.02624511719 1163.44438171387 1123.9928894043 1102.48767089844 1074.70301818848 1057.79000854492 1040.5238494873 1037.30195617676 1021.17263793945 1013.7287902832 1008.9561920166 -9999 -9999 -9999 -9999 -9999 -9999 -9999 -9999 -9999 -9999 -9999 -9999
1289.04098510742 1324.2956237793 1333.88223266602 1304.06024169922 1249.62115478516 1217.4630279541 1249.04586791992 1283.65182495117 1294.24649047852 1285.06173706055 1270.99966430664 1252.21334838867 1255.11944580078 1271.14254760742 1291.33880615234 1299.42535400391 1317.67578125 1312.95275878906 1280.0944519043 1301.37606811523 1282.25726318359 1268.67242431641 1249.02825927734 1246.94442749023 1239.03213500977 1241.12097167969 1230.12637329102 1191.31909179688 1171.76794433594 1111.15484619141 1104.4889831543 1093.24320983887 1063.65657043457 1032.47444152832 1024.47312927246 1012.13223266602 1013.91284179688 -9999 -9999 -9999 -9999 -9999 -9999 -9999 -9999 -9999 -9999 -9999 -9999 -9999
1324.62619018555 1304.12878417969 1321.28823852539 1333.92962646484 1328.22045898438 1302.07345581055 1291.65219116211 1260.66271972656 1276.42974853516 1292.91143798828 1272.76748657227 1269.52746582031 1288.3440246582 1302.13714599609 1299.09359741211 1303.52709960938 1282.40643310547 1281.78689575195 1273.30023193359 1284.31167602539 1276.97775268555 1267.20291137695 1265.97055053711 1250.55804443359 1243.94760131836 1237.55383300781 1221.18771362305 1185.61378479004 1165.40780639648 1137.75036621094 1111.1474609375 1071.07334899902 1048.85948181152 1030.72714233398 -9999 -9999 -9999 -9999 -9999 -9999 -9999 -9999 -9999 -9999 -9999 -9999 -9999 -9999 -9999 -9999
1339.91656494141 1352.28924560547 1319.24008178711 1284.88073730469 1325.60467529297 1340.51950073242 1357.27813720703 1315.80230712891 1281.9567565918 1281.78036499023 1285.97842407227 1296.25186157227 1311.09216308594 1309.7405090332 1291.93197631836 1287.61328125 1298.10266113281 1288.18258666992 1278.42684936523 1272.59103393555 1268.05520629883 1251.80548095703 1246.28637695312 1228.30249023438 1222.4635925293 1197.75238037109 1195.82302856445 1171.17279052734 1144.05426025391 1109.44535827637 1076.46170043945 1050.7257232666 -9999 -9999 -9999 -9999 -9999 -9999 -9999 -9999 -9999 -9999 -9999 -9999 -9999 -9999 -9999 -9999 -9999 -9999
1360.11471557617 1342.05502319336 1346.80685424805 1303.41058349609 1302.50927734375 1302.58181762695 1325.18124389648 1300.13412475586 1283.251953125 1281.81192016602 1293.49645996094 1299.95822143555 1309.03387451172 1307.84298706055 1327.02093505859 1323.02362060547 1304.98107910156 1299.173828125 1269.90170288086 1265.91687011719 1257.65240478516 1237.43109130859 1204.27001953125 1176.75390625 1147.57861328125 1163.65319824219 1154.38250732422 1135.69682312012 1094.30209350586 1070.80166625977 -9999 -9999 -9999 -9999 -9999 -9999 -9999 -9999 -9999 -9999 -9999 -9999 -9999 -9999 -9999 -9999 -9999 -9999 -9999 -9999
1418.02444458008 1359.94171142578 1332.95132446289 1342.60003662109 1324.80819702148 1303.65029907227 1296.81246948242 1311.59967041016 1333.49127197266 1349.5227355957 1341.77548217773 1316.5849609375 1300.89715576172 1327.61376953125 1329.6178894043 1313.20812988281 1296.70727539062 1256.068359375 1251.52230834961 1232.64263916016 1225.98156738281 1188.73686218262 1133.71017456055 1130.89738464355 1119.25782775879 1099.10363769531 1077.21098327637 1059.65908813477 -9999 -9999 -9999 -9999 -9999 -9999 -9999 -9999 -9999 -9999 -9999 -9999 -9999 -9999 -9999 -9999 -9999 -9999 -9999 -9999 -9999 -9999
1408.99765014648 1382.78384399414 1348.89807128906 1334.97668457031 1338.95999145508 1319.75915527344 1317.42874145508 1316.38412475586 1342.18313598633 1346.01193237305 1336.48635864258 1322.64996337891 1323.72198486328 1315.67102050781 1304.20162963867 1289.83459472656 1271.18240356445 1230.16687011719 1199.9899597168 1175.74220275879 1139.07397460938 1132.34536743164 1114.27375793457 1067.60064697266 1049.00814819336 986.052444458008 1012.92698669434 -9999 -9999 -9999 -9999 -9999 -9999 -9999 -9999 -9999 -9999 -9999 -9999 -9999 -9999 -9999 -9999 -9999 -9999 -9999 -9999 -9999 -9999 -9999
1449.23278808594 1423.92300415039 1372.14505004883 1356.4143371582 1341.79504394531 1334.90423583984 1331.34384155273 1329.49530029297 1335.61108398438 1340.83352661133 1349.93682861328 1341.05804443359 1322.85317993164 1312.25473022461 1291.99377441406 1254.62042236328 1252.0104675293 1202.74505615234 1166.36009216309 1149.61120605469 1092.37451171875 1068.32518005371 1028.63500976562 990.899429321289 969.488861083984 -9999 -9999 -9999 -9999 -9999 -9999 -9999 -9999 -9999 -9999 -9999 -9999 -9999 -9999 -9999 -9999 -9999 -9999 -9999 -9999 -9999 -9999 -9999 -9999 -9999
1470.66479492188 1429.8893737793 1401.73080444336 1373.2802734375 1366.99783325195 1352.53829956055 1338.17419433594 1339.79968261719 1351.50482177734 1339.98760986328 1325.60949707031 1330.47567749023 1310.54376220703 1273.50231933594 1249.56729125977 1235.73944091797 1216.02307128906 1161.30335998535 1131.80302429199 1082.37019348145 1050.69541931152 1015.88516235352 994.007247924805 971.081832885742 -9999 -9999 -9999 -9999 -9999 -9999 -9999 -9999 -9999 -9999 -9999 -9999 -9999 -9999 -9999 -9999 -9999 -9999 -9999 -9999 -9999 -9999 -9999 -9999 -9999 -9999
1478.9079284668 1443.98181152344 1421.69555664062 1394.88647460938 1386.51522827148 1364.48348999023 1350.07931518555 1364.21011352539 1359.51617431641 1339.66119384766 1313.02816772461 1293.97555541992 1262.83975219727 1222.88189697266 1222.72439575195 1199.42840576172 1168.78031921387 1121.80743408203 1072.1273651123 1023.83038330078 1006.6272277832 1001.23149108887 -9999 -9999 -9999 -9999 -9999 -9999 -9999 -9999 -9999 -9999 -9999 -9999 -9999 -9999 -9999 -9999 -9999 -9999 -9999 -9999 -9999 -9999 -9999 -9999 -9999 -9999 -9999 -9999
1502.6135559082 1460.21990966797 1449.24017333984 1442.60897827148 1410.94354248047 1384.95922851562 1365.02334594727 1377.80157470703 1348.91357421875 1305.57052612305 1298.89596557617 1276.84634399414 1207.75762939453 1200.52288818359 1169.61032104492 1156.93534851074 1127.2772064209 1065.86431884766 1010.33818054199 988.206832885742 977.908004760742 -9999 -9999 -9999 -9999 -9999 -9999 -9999 -9999 -9999 -9999 -9999 -9999 -9999 -9999 -9999 -9999 -9999 -9999 -9999 -9999 -9999 -9999 -9999 -9999 -9999 -9999 -9999 -9999 -9999
1500.52755737305 1491.53283691406 1479.61599731445 1454.53005981445 1420.21301269531 1374.62405395508 1367.86666870117 1356.44808959961 1353.31796264648 1313.30407714844 1254.11373901367 1217.1823425293 1169.53958129883 1161.07106018066 1111.20709228516 1063.29981994629 1036.07623291016 1005.09918212891 971.172790527344 958.964813232422 -9999 -9999 -9999 -9999 -9999 -9999 -9999 -9999 -9999 -9999 -9999 -9999 -9999 -9999 -9999 -9999 -9999 -9999 -9999 -9999 -9999 -9999 -9999 -9999 -9999 -9999 -9999 -9999 -9999 -9999
1507.63101196289 1479.52685546875 1468.87466430664 1441.17291259766 1382.44927978516 1390.90075683594 1368.49365234375 1331.48233032227 1309.50088500977 1262.66351318359 1204.99024963379 1162.0710144043 1144.46127319336 1091.23631286621 1041.23797607422 1000.88159179688 -9999 -9999 -9999 -9999 -9999 -9999 -9999 -9999 -9999 -9999 -9999 -9999 -9999 -9999 -9999 -9999 -9999 -9999 -9999 -9999 -9999 -9999 -9999 -9999 -9999 -9999 -9999 -9999 -9999 -9999 -9999 -9999 -9999 -9999
1534.34356689453 1492.04000854492 1439.71667480469 1383.45166015625 1380.60256958008 1371.56652832031 1350.16751098633 1331.53012084961 1269.59167480469 1194.26434326172 1163.36065673828 1127.19189453125 1086.5224609375 1054.11531066895 990.011611938477 -9999 -9999 -9999 -9999 -9999 -9999 -9999 -9999 -9999 -9999 -9999 -9999 -9999 -9999 -9999 -9999 -9999 -9999 -9999 -9999 -9999 -9999 -9999 -9999 -9999 -9999 -9999 -9999 -9999 -9999 -9999 -9999 -9999 -9999 -9999
