data/spatiotemp/temp2/bio15_norsw_test_2007_2010.asc
NCOLS 654 
NROWS 380 
XLLCORNER 3.91666666666667 
YLLCORNER 55.3333333333333 
CELLSIZE 0.0416666666666667 
NODATA_value -9999 
[rows 242 to 263 of 380, columns 450 to 499 of 654]
44.9478163719177 45.1489968299866 45.4285416603088 46.0387916564941 45.9690308570862 45.9020609855652 46.3274755477905 46.5505766868591 46.7072491645813 47.1673154830933 47.6637268066406 47.6240301132202 47.7707366943359 47.5322618484497 47.4241046905518 47.4845905303955 47.031439781189 46.9894609451294 46.5813159942627 46.4286389350891 46.6515426635742 46.3294081687927 46.6235408782959 46.1333918571472 45.6263580322266 45.6938557624817 45.40687084198 45.1486887931824 44.7411422729492 44.4579558372498 44.7619228363037 44.8488969802856 45.0294618606567 45.5338640213013 45.7647833824158 45.7565870285034 45.9697222709656 46.2751240730286 46.6451830863953 46.6306853294373 46.8450183868408 46.9547066688538 46.9265298843384 46.7558798789978 46.4584941864014 46.4270000457764 46.4931569099426 46.4301090240479 46.4637312889099 46.5789265632629
44.9920492172241 45.3420629501343 45.7017550468445 45.7227005958557 46.32461977005 46.3366808891296 46.804780960083 46.7348604202271 46.7916703224182 47.3248472213745 47.4417858123779 47.3853702545166 47.3246002197266 47.4513425827026 47.2405157089233 47.3679866790771 47.0753307342529 46.7515535354614 46.7900533676147 46.6882839202881 46.6270446777344 46.5392718315125 46.5375390052795 46.2439060211182 45.728358745575 44.9714970588684 44.8517560958862 44.3112969398499 44.0418219566345 43.5874180793762 43.6107687950134 44.2257809638977 44.4818577766418 44.6874613761902 45.2479972839355 45.3016171455383 45.7145638465881 45.8299074172974 45.7505435943604 45.934826374054 46.3967218399048 46.4200277328491 46.1648297309875 46.3122038841248 46.2788877487183 45.9715805053711 46.063111782074 46.1083407402039 46.2875208854675 46.3809003829956
45.0698747634888 45.5219125747681 45.3739652633667 45.2968902587891 45.4736733436584 45.787585735321 46.3167309761047 46.437566280365 46.8157958984375 47.0203294754028 47.2073163986206 47.4565887451172 47.1469020843506 47.0736598968506 47.2083435058594 47.2896060943604 47.1368732452393 46.7679195404053 46.9221887588501 46.7339124679565 46.8158254623413 46.2714776992798 46.1451168060303 45.7381734848022 45.4719171524048 44.8879084587097 44.5255212783813 43.8984041213989 43.7981162071228 43.5009579658508 43.4179081916809 43.7554378509521 44.1789984703064 44.2036457061768 44.567599773407 44.9858169555664 44.949339389801 45.2027363777161 45.9388852119446 46.0803489685059 46.1407551765442 46.1305723190308 45.9031977653503 45.9569616317749 45.7178835868835 45.5243277549744 45.8285021781921 45.8561320304871 45.8359351158142 45.9107756614685
44.5923342704773 44.9479441642761 45.0358624458313 45.2998485565186 45.633047580719 45.3922066688538 45.5038537979126 45.9008913040161 46.2002153396606 46.5065250396729 46.8467130661011 47.0903759002686 47.337212562561 47.508620262146 47.0404005050659 47.0375061035156 47.2024803161621 47.123441696167 47.0510902404785 47.1255350112915 46.7875185012817 46.1896929740906 46.1295547485352 45.3152723312378 45.3440217971802 44.7749609947205 44.6030106544495 44.0864748954773 43.6939511299133 43.3930916786194 43.2209053039551 43.531964302063 43.6184120178223 43.9589161872864 44.2335858345032 44.4455308914185 44.6507678031921 45.1330490112305 45.2063446044922 45.5918335914612 45.4108853340149 45.7685656547546 45.781334400177 45.6629228591919 45.5950284004211 45.5723195075989 45.7744255065918 45.9554724693298 45.6160311698914 45.6843667030334
44.4908590316772 44.9338474273682 44.9870219230652 44.9148273468018 44.8638615608215 45.1694149971008 45.3082408905029 45.4375009536743 45.758638381958 45.9556550979614 46.3672904968262 47.1221990585327 47.5119514465332 47.1723051071167 47.1262435913086 47.1363544464111 47.3023357391357 47.1738309860229 46.6809034347534 47.0196771621704 46.7088136672974 46.4805064201355 45.9438161849976 45.5935554504395 45.1199717521667 44.7752771377563 44.5266451835632 44.1908993721008 43.4427480697632 43.4642457962036 43.4338855743408 43.3608856201172 43.6103301048279 44.297730922699 44.2037239074707 44.4282655715942 44.5347166061401 44.7803268432617 44.6938896179199 44.6868333816528 45.0300054550171 44.9578747749329 45.1977334022522 45.1714186668396 45.0750951766968 44.7773733139038 44.8658056259155 45.2786474227905 45.1590943336487 45.4141125679016
44.4732022285461 44.6329231262207 44.9500942230225 44.841977596283 44.7511954307556 45.0379505157471 45.1441984176636 45.3713521957397 45.9056262969971 46.1157531738281 46.5746183395386 46.9353809356689 47.1180219650269 46.6193952560425 47.3198137283325 47.1405515670776 46.8026819229126 46.9652242660522 46.771092414856 46.9005527496338 46.6983633041382 46.2851133346558 45.5867958068848 45.4404668807983 44.9019117355347 44.6036515235901 44.3083825111389 44.0618705749512 43.5870132446289 43.3128061294556 43.4500370025635 43.4035482406616 43.6811528205872 44.0896077156067 44.2584862709045 44.5886483192444 44.477698802948 44.4786772727966 44.3588981628418 44.5308613777161 44.7390623092651 44.8550729751587 44.4892454147339 44.6935610771179 44.9231052398682 44.7812204360962 44.5915350914001 44.805691242218 44.947464466095 45.0963277816772
44.5914921760559 44.6482486724854 44.4330492019653 44.7684230804443 44.6777052879333 44.7313265800476 44.8855471611023 45.0104513168335 45.3240189552307 45.7661738395691 45.8803367614746 46.2931790351868 46.3169951438904 46.1863193511963 46.6055727005005 46.3323802947998 46.0720825195312 46.5107660293579 46.588219165802 46.7440657615662 46.6738262176514 46.3720345497131 45.7758102416992 45.1679902076721 44.9367508888245 44.62965965271 44.0723767280579 43.7979435920715 43.6492071151733 43.2631392478943 43.5916047096252 43.664315700531 43.8875465393066 43.9490141868591 44.2939586639404 44.1619849205017 44.300920009613 44.2338032722473 44.0244383811951 44.2787752151489 44.2456793785095 44.3347783088684 44.3494925498962 44.3008308410645 44.5866918563843 44.429407119751 44.7218623161316 44.2480473518372 44.5720362663269 44.8797078132629
44.3047246932983 44.5096802711487 44.3194861412048 44.4548745155334 44.730917930603 44.615870475769 44.7271590232849 44.6338491439819 45.2625241279602 45.5076942443848 46.0297584533691 46.1865901947021 46.2751836776733 45.9733209609985 46.0006709098816 45.9351949691772 45.9131407737732 46.2805004119873 46.1700406074524 46.3349671363831 46.0754351615906 45.4292364120483 45.2818512916565 44.9114236831665 44.4221630096436 44.2753658294678 43.9295134544373 43.7564563751221 43.5664296150208 43.3015518188477 43.4217090606689 43.5428819656372 43.9204125404358 43.7582874298096 43.5219802856445 43.9735608100891 43.9140429496765 43.9081406593323 44.0173230171204 43.7399768829346 43.6888484954834 43.8415689468384 43.7181787490845 43.9483823776245 43.7957530021667 44.0965638160706 44.0322251319885 44.0611982345581 43.8049969673157 43.8814597129822
44.0772886276245 44.108781337738 44.1975359916687 44.265709400177 44.419668674469 44.8774313926697 44.7369933128357 44.6609025001526 44.995180606842 45.3407273292542 45.683783531189 45.9460515975952 45.9064431190491 45.8483486175537 46.1338768005371 46.0707092285156 45.9798288345337 46.083233833313 46.0085039138794 45.9239802360535 45.6264405250549 45.3595108985901 45.1471924781799 44.6560869216919 44.7485084533691 44.3858184814453 43.9790258407593 44.1084713935852 43.6855220794678 43.7461462020874 43.442994594574 43.6717629432678 43.3915033340454 43.4332461357117 43.4580726623535 43.3914670944214 43.6567611694336 43.8678412437439 44.0148711204529 43.8013978004456 43.5756797790527 43.6429233551025 43.6210899353027 43.690357208252 43.7049651145935 43.84983253479 43.6952085494995 43.6352281570435 43.6456170082092 43.3825035095215
43.9805335998535 44.0398330688477 44.1303973197937 44.1603164672852 44.1492066383362 44.4539232254028 44.751953125 44.8675980567932 45.0953545570374 45.4776449203491 45.7787404060364 45.7837157249451 45.8369131088257 45.4272131919861 45.7017374038696 46.0465183258057 45.7734785079956 45.5497932434082 45.381016254425 45.5530920028687 45.5110878944397 45.1840238571167 45.0951437950134 44.8432402610779 44.3771867752075 44.2720394134521 44.1180639266968 43.9307174682617 43.7573437690735 43.5986995697021 43.234760761261 43.0952572822571 43.5741834640503 43.363808631897 43.249885559082 43.3236527442932 43.2892436981201 43.4867610931396 43.3725295066833 43.2941560745239 43.465229511261 43.2429008483887 42.8164324760437 43.4579873085022 43.2871766090393 43.1882076263428 43.3439464569092 43.2262296676636 43.2065587043762 43.1444311141968
43.8521475791931 43.4161396026611 43.6731719970703 43.8134860992432 44.1709876060486 44.3649377822876 44.5641746520996 44.7942667007446 45.1104459762573 45.3690943717957 45.3445062637329 45.0878643989563 45.5568618774414 45.7944750785828 45.3981404304504 45.2932114601135 45.3222351074219 45.0377779006958 44.9937958717346 44.7573895454407 45.0866298675537 45.2046551704407 44.8858528137207 44.6889934539795 44.1116886138916 43.9556894302368 43.9939112663269 43.908191204071 43.5244140625 43.3269720077515 43.2553944587708 43.1404609680176 43.1585488319397 43.1464872360229 43.262423992157 43.2104744911194 43.1182651519775 43.1414976119995 43.030047416687 43.1756343841553 42.9720158576965 42.8606481552124 42.8820209503174 42.8495879173279 42.920196056366 43.0687694549561 42.7247800827026 43.0554575920105 42.8851728439331 42.9191632270813
43.7031383514404 43.7937741279602 43.7126207351685 43.5750508308411 43.9269909858704 44.1642618179321 44.4424867630005 44.6148805618286 45.0939002037048 45.3268914222717 45.4080142974854 45.3576807975769 45.3087267875671 45.3885717391968 45.2910070419312 45.4583630561829 45.064414024353 44.8423919677734 44.854407787323 44.7482995986938 44.5861582756042 44.7003645896912 44.3371386528015 44.2502355575562 44.0034375190735 43.603949546814 43.6584205627441 43.2190518379211 43.3849272727966 43.2145433425903 43.2032318115234 43.0627841949463 42.9429106712341 42.8496670722961 42.7731585502625 42.9246683120728 43.2291531562805 43.0708436965942 42.9519624710083 42.6954550743103 42.7021465301514 42.6421957015991 42.6357803344727 42.6868228912354 42.728723526001 42.491551399231 42.546217918396 42.1117877960205 42.3924446105957 42.3577661514282
43.8282151222229 43.9032073020935 43.7458086013794 43.568519115448 43.8256816864014 44.0328931808472 44.281641960144 44.970808506012 44.833263874054 44.7696251869202 45.0572781562805 45.0994954109192 44.9473376274109 45.2474317550659 44.9534983634949 44.9461789131165 44.9825110435486 44.649115562439 44.4632663726807 44.5726542472839 44.1350717544556 44.0050911903381 43.77889585495 43.8588228225708 43.7178478240967 43.3736534118652 43.3638868331909 42.8582639694214 42.8995819091797 42.93488073349 42.8231000900269 42.9409050941467 42.8730406761169 42.6896004676819 43.0320172309875 42.9975419044495 42.8957042694092 42.9354338645935 42.7568707466125 42.6221528053284 42.7716450691223 42.857105255127 42.7428617477417 42.4347333908081 42.3721804618835 42.4272437095642 42.7230887413025 42.7400617599487 42.452968120575 42.0023770332336
43.6497664451599 43.7731227874756 43.8076028823853 43.8059086799622 44.0354785919189 44.1489400863647 44.4956431388855 44.4427056312561 44.4754590988159 44.5769710540771 44.7900543212891 44.938581943512 45.0276017189026 44.8336019515991 44.6456007957458 44.8118414878845 44.7462024688721 44.4548707008362 44.4293918609619 44.1666870117188 44.1242251396179 43.9987564086914 43.907723903656 43.551600933075 43.5322246551514 43.0514950752258 43.1726226806641 42.7707762718201 42.6931595802307 43.1250176429749 42.8731589317322 42.9448986053467 42.8606705665588 42.6741409301758 42.8705911636353 42.9844751358032 42.7773308753967 42.8705835342407 42.8593149185181 43.000057220459 42.7487597465515 42.7814292907715 42.7313351631165 42.5009293556213 42.3564891815186 42.232922077179 42.3514194488525 42.5615735054016 42.3406367301941 42.1861367225647
43.7154631614685 43.4828939437866 43.6512007713318 44.0343608856201 44.0068922042847 44.3064832687378 44.3267869949341 44.1307096481323 44.3647975921631 44.5536255836487 44.3909792900085 44.6377034187317 44.444486618042 44.8761863708496 44.6264147758484 44.3080339431763 44.4628305435181 44.2358560562134 43.9400429725647 43.9409017562866 43.8658204078674 43.5492420196533 43.8279337882996 43.6052165031433 43.6023063659668 43.300847530365 43.0657753944397 42.9116644859314 43.0891137123108 43.0365676879883 42.9644265174866 42.7731051445007 42.8418345451355 42.6149997711182 42.5117125511169 42.5730848312378 42.7490940093994 42.7326893806458 42.671112537384 42.8703684806824 42.7775182723999 42.7056035995483 42.6943125724792 42.6342897415161 42.5963644981384 42.8014488220215 42.6325240135193 42.5537576675415 42.1439571380615 42.1497650146484
43.6125235557556 43.8812742233276 43.7618370056152 43.9542474746704 44.0122599601746 43.9695806503296 44.237370967865 44.1057243347168 44.1726589202881 44.2714219093323 44.2634282112122 44.5627551078796 44.3601508140564 44.7082214355469 44.4234509468079 44.1924114227295 44.1925435066223 44.0688953399658 43.8579483032227 43.7616119384766 43.6705594062805 43.6928825378418 43.4107542037964 43.6520218849182 43.388026714325 43.3649935722351 43.3429827690125 42.9083662033081 42.7907309532166 42.9295825958252 42.6382474899292 42.6572337150574 42.8746318817139 42.7433862686157 42.6847553253174 42.9345979690552 42.9847354888916 42.6515493392944 42.923602104187 42.7478094100952 42.6789274215698 42.6779308319092 42.5719738006592 42.5697774887085 42.7137222290039 42.4981164932251 42.5141019821167 42.4137005805969 42.261411190033 42.1583065986633
43.7044649124146 44.0773186683655 43.9300928115845 43.6632189750671 43.8974914550781 43.9567828178406 44.0676665306091 43.9232954978943 44.5029211044312 44.4838976860046 44.5023865699768 44.4765868186951 44.3465552330017 44.6773409843445 44.5401701927185 44.0899448394775 44.0228686332703 43.8815474510193 43.8066596984863 43.6745643615723 43.6749348640442 43.6887798309326 43.57501745224 43.5268483161926 43.2897262573242 43.3851943016052 43.1246566772461 43.2573809623718 43.245982170105 43.057774066925 42.6580152511597 42.9734196662903 42.9605550765991 42.8717894554138 42.8343806266785 42.7916932106018 43.0468788146973 42.8610615730286 42.8643913269043 42.6818046569824 42.7023701667786 42.7781300544739 42.7496271133423 42.8318204879761 42.646936416626 42.4415383338928 42.2188167572021 42.4644165039062 42.4687623977661 42.2308263778687
43.8061933517456 44.1264395713806 43.7059078216553 43.9003858566284 43.9506106376648 44.0343146324158 43.9431538581848 44.3506507873535 43.979859828949 44.3063688278198 44.3358755111694 44.3998613357544 44.3233761787415 44.1916656494141 43.9219436645508 43.9752635955811 43.6963520050049 43.8733892440796 43.5845313072205 43.5642590522766 43.5806050300598 43.6267952919006 43.4364194869995 43.4509491920471 43.6140279769897 43.486243724823 43.5057759284973 43.2852449417114 43.3193464279175 43.1694235801697 43.2477068901062 43.0146679878235 43.0979571342468 43.2580952644348 43.2065086364746 43.0026807785034 43.2635226249695 42.9851851463318 42.8348870277405 43.0149564743042 42.7412281036377 42.917929649353 43.1707677841187 43.208568572998 42.6938605308533 42.6709971427917 42.6186156272888 42.6704840660095 42.5240902900696 42.3481950759888
43.7022933959961 43.9081945419312 43.6654381752014 43.8185257911682 43.6848697662354 43.7178974151611 43.810911655426 43.8792161941528 43.9913473129272 44.2601733207703 44.2196311950684 44.5315108299255 44.1339926719666 43.9747023582458 43.8875250816345 43.8620648384094 43.614643573761 43.5561308860779 43.8463563919067 43.9061861038208 44.0675792694092 43.7400007247925 43.8041105270386 43.8459539413452 43.8589305877686 43.8319520950317 43.5897479057312 43.5384559631348 43.3096446990967 43.4821333885193 43.4341979026794 43.5041193962097 43.401177406311 43.2967014312744 43.5420174598694 43.1313667297363 43.1163554191589 43.4078783988953 43.3408312797546 43.2002415657043 42.9187874794006 43.1561007499695 42.9448246955872 42.9566354751587 42.9754061698914 42.6692843437195 42.4735379219055 42.5299677848816 42.5153050422668 42.3607807159424
43.98508644104 43.8948450088501 43.8588132858276 43.7513809204102 43.5928568840027 43.9840722084045 43.9751257896423 43.6755919456482 43.8965187072754 44.1601643562317 44.142795085907 44.1803960800171 44.238588809967 43.8917088508606 43.8425140380859 43.8442602157593 43.6756763458252 43.9599590301514 43.7634220123291 43.7992305755615 43.5828800201416 43.7756576538086 43.5816688537598 43.9739465713501 43.9146957397461 43.9181699752808 43.9380178451538 44.0992116928101 43.924693107605 43.5843391418457 43.4282941818237 43.4878282546997 43.5744528770447 43.2762870788574 43.3858342170715 43.3848133087158 43.3361282348633 43.5345215797424 43.2415637969971 43.2452616691589 43.1199069023132 42.8804955482483 42.7941722869873 42.5853271484375 42.4401726722717 42.5371527671814 42.8347835540771 42.5477576255798 42.3824005126953 42.2079296112061
43.8703212738037 43.9530258178711 44.140233039856 43.9577875137329 43.8823099136353 43.8149037361145 43.6447386741638 43.6129765510559 43.9511580467224 43.9482598304749 43.9518418312073 44.0767440795898 43.9518156051636 43.8201847076416 43.8481636047363 43.8101444244385 43.9931745529175 43.6505327224731 43.6706628799438 43.9973678588867 43.797812461853 43.7774629592896 44.0196390151978 44.007568359375 44.0107259750366 44.1945734024048 44.052544593811 43.9469623565674 43.8561878204346 43.9239902496338 43.7094068527222 43.4830346107483 43.8261704444885 43.3910126686096 43.5607209205627 43.6420373916626 43.6578049659729 43.7763514518738 43.2115273475647 43.1621670722961 42.9774475097656 42.5946736335754 42.6608352661133 42.7416806221008 42.6182103157043 42.7402749061584 42.4035501480103 42.4161167144775 42.5507473945618 42.4730734825134
44.0017242431641 44.0713701248169 43.8378219604492 43.7107095718384 43.7832927703857 43.8524580001831 43.7207975387573 43.7854642868042 43.6154890060425 43.8068799972534 43.7475137710571 43.7677698135376 43.8408231735229 43.9333257675171 43.72998046875 43.660099029541 43.6195602416992 43.7031116485596 43.70458984375 44.0225353240967 43.6960420608521 44.2296333312988 43.8797206878662 44.1096115112305 44.3425340652466 44.2866849899292 44.0041809082031 43.7842206954956 44.0440893173218 43.7020492553711 43.4640598297119 43.4164781570435 43.4249572753906 43.3370599746704 43.2045798301697 43.4525928497314 43.4557328224182 43.6421670913696 43.3945169448853 43.2509121894836 42.8250570297241 42.8317847251892 42.67347240448 42.5815653800964 42.4362788200378 42.6831803321838 42.6158547401428 42.5099883079529 42.7623310089111 42.6156959533691
