data/spatiotemp/temp2/bio18_norsw_test_2007_2010.asc
NCOLS 654 
NROWS 380 
XLLCORNER 3.91666666666667 
YLLCORNER 55.3333333333333 
CELLSIZE 0.0416666666666667 
NODATA_value -9999 
[rows 0 to 21 of 380, columns 550 to 599 of 654]
-9999 -9999 -9999 -9999 -9999 -9999 -9999 -9999 -9999 -9999 -9999 -9999 -9999 -9999 -9999 -9999 -9999 -9999 -9999 -9999 -9999 -9999 -9999 -9999 -9999 -9999 -9999 -9999 -9999 -9999 -9999 -9999 -9999 -9999 -9999 -9999 -9999 -9999 -9999 -9999 -9999 -9999 -9999 -9999 -9999 -9999 -9999 -9999 -9999 -9999
-9999 -9999 -9999 -9999 -9999 -9999 -9999 -9999 -9999 -9999 -9999 -9999 -9999 -9999 -9999 -9999 162.934276580811 158.596878051758 155.804569244385 157.764381408691 159.119564056396 148.593181610107 -9999 -9999 -9999 -9999 -9999 -9999 -9999 -9999 -9999 152.761262893677 152.86478805542 152.047346115112 -9999 -9999 -9999 -9999 -9999 -9999 -9999 -9999 -9999 -9999 -9999 -9999 -9999 -9999 -9999 -9999
-9999 -9999 -9999 -9999 -9999 -9999 -9999 -9999 -9999 -9999 -9999 -9999 -9999 -9999 -9999 153.421520233154 161.692031860352 170.584575653076 167.326854705811 167.235660552979 157.160907745361 153.687065124512 150.852649688721 144.849742889404 143.130229949951 155.972702026367 150.366807937622 150.431264877319 149.872690200806 146.893058776855 156.88321685791 152.495712280273 149.513792037964 153.067771911621 152.11895942688 -9999 -9999 -9999 -9999 -9999 -9999 -9999 -9999 -9999 -9999 -9999 -9999 -9999 -9999 -9999
-9999 -9999 -9999 -9999 -9999 -9999 -9999 -9999 -9999 164.647979736328 164.111877441406 160.861652374268 154.934753417969 161.210250854492 164.801933288574 162.527008056641 154.884208679199 162.809104919434 168.586315155029 168.029823303223 168.437660217285 164.706268310547 158.941677093506 152.755825042725 156.065769195557 159.853645324707 159.005187988281 159.62389755249 157.604755401611 159.446544647217 155.690376281738 154.535930633545 149.518901824951 153.070669174194 -9999 -9999 -9999 -9999 -9999 -9999 -9999 -9999 -9999 -9999 -9999 -9999 -9999 -9999 -9999 -9999
-9999 -9999 -9999 -9999 -9999 -9999 -9999 167.899120330811 166.400650024414 159.310146331787 163.619583129883 160.365154266357 163.488494873047 167.090885162354 169.498561859131 164.7917137146 152.508487701416 163.635562896729 167.717781066895 170.784019470215 165.69221496582 166.999824523926 160.758338928223 160.884254455566 164.19624710083 165.794013977051 163.776653289795 161.448459625244 162.55447769165 164.20556640625 163.853733062744 157.09415435791 147.491277694702 163.653629302979 187.215236663818 181.348793029785 171.23571395874 161.677532196045 155.790321350098 157.025588989258 153.173435211182 -9999 -9999 -9999 -9999 -9999 -9999 -9999 -9999 -9999
-9999 -9999 -9999 -9999 -9999 -9999 162.075191497803 163.031631469727 162.517238616943 162.98611831665 162.956623077393 161.894828796387 160.861167907715 158.113742828369 159.034133911133 162.644180297852 167.442253112793 164.212688446045 164.645729064941 168.721927642822 170.831882476807 161.415016174316 160.852546691895 160.91674041748 160.353916168213 158.594837188721 165.06697845459 158.099048614502 158.584465026855 156.618225097656 159.731670379639 152.104228973389 172.50386428833 191.495418548584 209.952327728271 209.087921142578 194.692035675049 170.204174041748 172.065410614014 168.214225769043 156.430690765381 -9999 -9999 -9999 -9999 -9999 -9999 -9999 -9999 -9999
-9999 -9999 -9999 -9999 -9999 -9999 -9999 152.508880615234 155.66121673584 158.304473876953 160.961322784424 160.432838439941 157.212432861328 153.017082214355 156.630802154541 159.247047424316 162.86775970459 165.306999206543 169.399185180664 172.000480651855 171.948265075684 170.456043243408 163.684600830078 163.933162689209 161.970729827881 162.035171508789 160.899227142334 160.337551116943 157.356636047363 164.574314117432 170.292743682861 181.142429351807 183.121784210205 178.22583770752 172.156898498535 168.721164703369 164.071723937988 164.893974304199 161.062446594238 157.008808135986 -9999 -9999 -9999 -9999 -9999 -9999 -9999 -9999 -9999 167.138900756836
-9999 -9999 -9999 -9999 -9999 -9999 -9999 -9999 -9999 -9999 -9999 -9999 -9999 -9999 -9999 157.828987121582 161.46231842041 164.614234924316 166.041114807129 166.4951171875 167.665340423584 166.433166503906 164.973308563232 165.091415405273 165.701137542725 169.016250610352 168.664661407471 170.767482757568 171.857940673828 175.483570098877 180.846855163574 168.69807434082 165.125022888184 165.188007354736 165.02758026123 169.061595916748 166.884338378906 163.911792755127 150.876899719238 -9999 -9999 -9999 -9999 -9999 -9999 168.609432220459 167.398265838623 170.14363861084 168.934722900391 168.946067810059
-9999 -9999 -9999 -9999 -9999 -9999 -9999 -9999 154.398872375488 -9999 155.34635925293 162.65747833252 168.475082397461 165.766819000244 165.271472930908 161.575130462646 165.204429626465 167.344116210938 165.643539428711 165.616214752197 165.588886260986 163.584693908691 163.625423431396 161.049438476562 160.188373565674 160.294574737549 156.725574493408 158.809829711914 161.559616088867 161.192096710205 161.297805786133 167.813049316406 167.924098968506 162.161460876465 156.341617584229 158.996070861816 157.290733337402 -9999 -9999 -9999 -9999 -9999 -9999 -9999 167.386577606201 170.589328765869 169.401496887207 170.167655944824 171.693641662598 174.441371917725
-9999 -9999 -9999 -9999 -9999 -9999 -9999 -9999 154.412117004395 -9999 157.02564239502 163.862579345703 168.016193389893 170.678405761719 174.345523834229 174.821392059326 174.802097320557 175.276477813721 174.77742767334 174.744228363037 175.217128753662 170.547760009766 165.422931671143 167.501522064209 171.750225067139 177.740238189697 171.006561279297 168.679309844971 156.960403442383 173.494506835938 -9999 -9999 -9999 149.3743019104 -9999 -9999 -9999 -9999 -9999 -9999 -9999 -9999 170.071571350098 175.278175354004 168.367858886719 171.103206634521 172.624248504639 175.85884475708 179.094257354736 179.570655822754
-9999 -9999 -9999 -9999 -9999 -9999 160.909603118896 161.875663757324 161.369682312012 169.399925231934 166.703968048096 167.678707122803 171.844799041748 174.505596160889 174.992290496826 177.16845703125 179.856670379639 181.349727630615 179.357543945312 177.671932220459 176.160755157471 179.80884552002 187.905410766602 190.182056427002 183.732227325439 179.679885864258 175.604930877686 172.019763946533 167.460269927979 162.1628074646 156.384544372559 153.275909423828 -9999 162.80078125 163.589828491211 -9999 -9999 -9999 -9999 -9999 168.723091125488 179.253776550293 185.423519134521 194.298641204834 193.338829040527 182.335960388184 178.651069641113 181.888214111328 188.768653869629 185.678237915039
-9999 -9999 -9999 -9999 -9999 154.726448059082 155.205661773682 158.382488250732 163.251350402832 168.619331359863 176.495140075684 176.995056152344 176.996128082275 177.011329650879 176.515228271484 175.508373260498 177.014991760254 179.704853057861 180.202289581299 184.073139190674 190.444129943848 189.434703826904 180.442539215088 175.1715965271 175.261058807373 172.159870147705 162.176898956299 161.762073516846 157.675819396973 157.495761871338 167.621822357178 170.455116271973 180.171508789062 189.352767944336 182.021923065186 157.904308319092 -9999 -9999 -9999 -9999 169.28311920166 171.129898071289 169.420234680176 171.432907104492 176.649063110352 181.590496063232 182.555625915527 190.690689086914 187.682552337646 189.764297485352
-9999 -9999 -9999 -9999 -9999 152.187427520752 165.162788391113 164.647762298584 167.146991729736 169.34513092041 169.851306915283 170.361457824707 171.39421081543 177.289321899414 177.798603057861 176.827209472656 176.838325500488 176.321338653564 174.649055480957 168.484554290771 165.819446563721 163.119892120361 162.169376373291 158.552249908447 156.442707061768 165.107112884521 168.87760925293 169.431171417236 175.41219329834 186.570743560791 199.493068695068 192.914283752441 186.894515991211 185.960189819336 165.773803710938 -9999 -9999 -9999 -9999 169.914184570312 176.855419158936 191.178146362305 191.697238922119 178.898616790771 177.185939788818 178.148223876953 178.13138961792 185.079936981201 191.468105316162 183.211486816406
-9999 151.804141998291 -9999 154.517318725586 165.30012512207 163.633949279785 166.338901519775 168.051567077637 162.168071746826 165.389778137207 166.39453125 168.635375976562 167.161483764648 169.176910400391 168.712604522705 167.021789550781 169.753231048584 168.278701782227 168.812145233154 166.118534088135 173.031536102295 182.627410888672 185.872753143311 173.166793823242 174.443691253662 187.30436706543 192.597999572754 185.767059326172 192.753486633301 195.539070129395 193.123184204102 186.281898498535 175.00821685791 160.53258895874 -9999 -9999 -9999 -9999 184.456920623779 174.817481994629 183.010200500488 190.898914337158 195.136463165283 194.193988800049 196.378559112549 197.898998260498 192.97798538208 186.073951721191 195.000774383545 203.112560272217
-9999 -9999 -9999 155.849327087402 160.582229614258 165.504241943359 172.948459625244 170.282382965088 169.804359436035 165.122421264648 166.660491943359 165.178901672363 162.008987426758 165.738639831543 176.386425018311 188.725002288818 193.662506103516 190.009544372559 183.637710571289 185.666835784912 190.107692718506 190.122756958008 190.172481536865 192.255840301514 201.924896240234 202.167507171631 199.028400421143 186.274433135986 176.727771759033 167.672145843506 160.585090637207 154.927215576172 -9999 -9999 -9999 -9999 -9999 164.699382781982 187.471473693848 200.335422515869 196.176719665527 198.366596221924 201.583061218262 205.270984649658 206.769844055176 206.274238586426 209.524803161621 203.108470916748 200.426696777344 199.244567871094
152.701301574707 152.22830581665 -9999 158.206127166748 161.442756652832 166.889850616455 168.441806793213 179.545822143555 174.228141784668 175.48161315918 177.536487579346 175.073246002197 169.177513122559 171.430797576904 181.582546234131 195.452072143555 207.006816864014 201.359840393066 192.109443664551 190.916721343994 192.16690826416 186.806228637695 177.704830169678 175.771076202393 172.611530303955 165.713809967041 160.353908538818 155.681640625 152.512546539307 152.341018676758 -9999 159.636516571045 158.467208862305 162.957004547119 163.961025238037 159.241809844971 159.718608856201 157.252258300781 165.892070770264 176.555641174316 186.743438720703 185.73851776123 190.981674194336 201.613006591797 207.556365966797 209.31177520752 215.997711181641 217.220226287842 218.770111083984 210.113700866699
168.323684692383 160.273891448975 154.92403793335 168.60294342041 172.883457183838 161.666248321533 168.433078765869 178.913867950439 180.521602630615 173.503112792969 174.772323608398 175.326663970947 172.167892456055 171.225032806396 180.396678924561 184.649646759033 185.205024719238 184.770610809326 181.626792907715 178.94815826416 176.488941192627 170.582416534424 169.550857543945 165.412746429443 155.093490600586 159.565250396729 157.908748626709 164.350280761719 160.729476928711 160.770206451416 160.810939788818 159.870727539062 165.337844848633 176.06290435791 175.106376647949 164.315837860107 162.783203125 168.339492797852 164.415229797363 159.711776733398 176.366355895996 176.865425109863 177.363418579102 177.362617492676 178.332206726074 185.302398681641 188.536380767822 188.555519104004 188.103187561035 185.391284942627
165.922115325928 165.9856300354 162.84663772583 174.809020996094 173.556407928467 172.494121551514 175.485374450684 170.098762512207 176.379837036133 179.192665100098 174.720443725586 175.775253295898 175.851867675781 180.137294769287 180.198204040527 179.050148010254 179.110446929932 179.67603302002 181.452297210693 181.007919311523 174.634143829346 172.559265136719 171.469184875488 169.626876831055 165.354663848877 167.858985900879 176.545810699463 171.736888885498 162.979724884033 164.200099945068 161.796138763428 166.515464782715 172.141216278076 167.594863891602 163.985382080078 163.935062408447 170.527759552002 176.898086547852 177.650478363037 168.1162109375 168.062782287598 171.325050354004 174.164836883545 177.421058654785 175.390766143799 175.389541625977 176.624027252197 180.371871948242 180.889083862305 182.44165802002
170.261913299561 168.84224319458 167.402980804443 172.201560974121 184.429573059082 185.214191436768 179.375385284424 178.453395843506 180.539608001709 181.125259399414 182.91442489624 181.777408599854 182.844577789307 185.138557434082 184.702835083008 184.285667419434 180.627326965332 180.697593688965 180.787487030029 176.617805480957 179.984729766846 182.035690307617 181.215633392334 173.726020812988 173.450736999512 169.562622070312 175.19087600708 170.770351409912 165.95121383667 165.39315032959 166.610240936279 164.304447174072 160.694328308105 162.833721160889 171.738777160645 176.085159301758 178.13009262085 178.074733734131 176.731742858887 178.515033721924 181.778774261475 179.690887451172 177.376903533936 181.924133300781 183.331390380859 187.560237884521 185.868923187256 187.590934753418 193.542984008789 196.633899688721
175.598602294922 177.89168548584 178.695236206055 188.218681335449 188.447128295898 187.744407653809 186.675346374512 187.621337890625 180.283504486084 181.382759094238 181.97611618042 181.044544219971 181.124214172363 183.430187225342 184.509231567383 185.11792755127 181.463668823242 183.247409820557 189.697406768799 182.22774887085 181.154151916504 177.020133972168 178.24250793457 174.895164489746 172.842300415039 171.706691741943 171.730270385742 168.652465820312 168.375175476074 167.382919311523 165.156360626221 164.096660614014 160.785675048828 169.588249206543 182.420753479004 186.294654846191 186.709583282471 177.964412689209 177.652530670166 184.246429443359 188.576862335205 190.357421875 191.103134155273 186.920909881592 185.849281311035 190.559623718262 193.807106018066 198.067237854004 199.816486358643 198.137722015381
179.381187438965 179.908603668213 179.151885986328 182.287422180176 186.699043273926 189.071590423584 184.837539672852 184.501316070557 186.774501800537 185.227905273438 185.497505187988 185.529361724854 179.376312255859 186.142086029053 186.174266815186 185.38009262085 182.076431274414 180.89232635498 178.803428649902 180.250755310059 176.12251663208 171.994258880615 171.730854034424 174.295394897461 172.785461425781 171.853385925293 170.842681884766 168.55029296875 166.454566955566 164.163177490234 165.262348175049 166.306697845459 166.322860717773 176.34867477417 181.991436004639 180.744411468506 178.466510772705 174.035999298096 178.427173614502 188.27713394165 188.478435516357 185.097724914551 186.6259765625 186.360252380371 189.349914550781 188.11803817749 189.831916809082 195.303146362305 195.827411651611 193.173355102539
178.98889541626 180.303413391113 179.977081298828 178.914726257324 181.211360931396 182.298240661621 183.275588989258 184.352161407471 184.31888961792 182.589115142822 185.644760131836 183.742336273193 186.107189178467 186.149303436279 183.870487213135 181.592887878418 180.339817047119 179.361324310303 178.450267791748 176.302154541016 177.291831970215 173.441463470459 172.22872543335 172.202507019043 170.963466644287 172.000072479248 170.980567932129 170.989116668701 169.914367675781 166.585964202881 167.676837921143 164.296642303467 172.061847686768 179.82527923584 175.253025054932 170.821601867676 174.142734527588 171.822555541992 174.110069274902 178.502632141113 178.484973907471 178.573406219482 184.918548583984 184.442489624023 186.675971984863 189.518283843994 190.631561279297 191.886489868164 190.684650421143 190.234970092773
