data/spatiotemp/temp2/bio1_norsw_test_2007_2010.asc
NCOLS 654 
NROWS 380 
XLLCORNER 3.91666666666667 
YLLCORNER 55.3333333333333 
CELLSIZE 0.0416666666666667 
NODATA_value -9999 
[rows 66 to 87 of 380, columns 450 to 499 of 654]
-1.18313427269459 -1.18432021141052 -1.16996133327484 -1.17439112067223 -1.17565414309502 -1.18875049054623 -1.24568022787571 -1.28327663242817 -1.28287287056446 -1.22496935725212 -1.24789883196354 -1.2793286293745 -1.3132583796978 -1.37552127242088 -1.44283038377762 -1.48385229706764 -1.60954110324383 -1.5697296410799 -1.56775157153606 -1.5731068700552 -1.5511287599802 -1.5801507383585 -1.54933930933475 -1.62369465827942 -1.58121657371521 -1.61140514910221 -1.58652305603027 -1.60323730111122 -1.62928478419781 -1.63199880719185 -1.65521293878555 -1.68192714452744 -1.68997451663017 -1.71018877625465 -1.71623614430428 -1.73311695456505 -1.75066435337067 -1.76187843084335 -1.77180245518684 -1.77826949954033 -1.78490343689919 -1.79003709554672 -1.79900428652763 -1.80313795804977 -1.82327175140381 -1.82007223367691 -1.82820597290993 -1.82067307829857 -1.84097364544868 -1.83427402377129
-1.11443067342043 -1.11763671785593 -1.12144657969475 -1.10936067998409 -1.08694134652615 -1.10702234506607 -1.10926951467991 -1.08751712739468 -1.0907644033432 -1.11234517395496 -1.15442569553852 -1.21583995223045 -1.24725399911404 -1.31033477187157 -1.30008427798748 -1.33383622765541 -1.37708792090416 -1.38717298209667 -1.40509150922298 -1.4346766024828 -1.46609501540661 -1.48351331055164 -1.55693189799786 -1.54335038363934 -1.63826884329319 -1.71918734908104 -1.76368767023087 -1.61960308253765 -1.53268522024155 -1.48226737976074 -1.52201625704765 -1.61726506054401 -1.63968060910702 -1.63442938029766 -1.63917830586433 -1.66909377276897 -1.68417596817017 -1.71209126710892 -1.68914613127708 -1.720673173666 -1.76470038294792 -1.79856073856354 -1.79758784174919 -1.78861501812935 -1.79747551679611 -1.84200251102448 -1.88736289739609 -1.87172341346741 -1.85808381438255 -1.87677758932114
-1.19822722673416 -1.08928624540567 -1.09143184870481 -1.03616359829903 -1.02456207573414 -0.996793851256371 -1.02835898846388 -1.03525745868683 -0.992989204823971 -0.971387714147568 -1.04495269805193 -1.13868451863527 -1.17241644859314 -1.19281478226185 -1.21767143905163 -1.23615312576294 -1.28330132365227 -1.36061637103558 -1.40576469898224 -1.50024628639221 -1.55306121706963 -1.60254293680191 -1.61652447283268 -1.59933939576149 -1.69565439224243 -2.00146928429604 -2.19935193657875 -1.67846876382828 -1.45475247502327 -1.41470265388489 -1.41865275800228 -1.42943640053272 -1.48088657855988 -1.56167005002499 -1.63178700208664 -1.65807071328163 -1.72335416078568 -1.74730452895164 -1.74215650558472 -1.79224348068237 -1.7971638739109 -1.91908439993858 -1.91267147660255 -1.85575845837593 -1.81351226568222 -1.86876598000526 -1.79335311055183 -1.78894025087357 -1.82786059379578 -1.85078099370003
-1.17635691165924 -1.13093619793653 -1.00441704690456 -0.981133215129375 -0.977682620286942 -0.960898786783218 -1.02528167515993 -0.989831335842609 -0.976713977754116 -0.926096715033054 -0.975979559123516 -1.05569586157799 -1.09457871317863 -1.11612816900015 -1.17742522060871 -1.22447007894516 -1.3896815776825 -1.39039306342602 -1.51377105712891 -1.40264920890331 -1.52202740311623 -1.57573898136616 -1.54345032572746 -1.56166177988052 -1.67337322235107 -2.00508478283882 -2.26218289136887 -1.98633447289467 -1.78165289759636 -1.66097114980221 -1.47062268853188 -1.35977439582348 -1.33742597699165 -1.44557748734951 -1.52422927320004 -1.52221435308456 -1.58303251862526 -1.66601738333702 -1.76883342862129 -1.77114719152451 -1.73529431223869 -1.76110789179802 -1.77625522017479 -1.82840222120285 -1.82871595025063 -1.84102964401245 -1.75751000642776 -1.70399051904678 -1.75280421972275 -1.85961788892746
-1.07099861651659 -1.02737874537706 -1.00923343747854 -1.00756244361401 -1.05972483754158 -0.917387239634991 -0.955716378986835 -0.911545284092426 -0.852040972560644 -0.834370028227568 -0.862365890294313 -0.882694903761148 -0.931857146322727 -0.984352998435497 -1.01047609746456 -1.0715599283576 -1.19131031632423 -1.17239439487457 -1.20264491438866 -1.26789534091949 -1.41397926211357 -1.4962297976017 -1.43098029494286 -1.42739747464657 -1.5066479742527 -1.69206517934799 -1.9516986310482 -2.11021488904953 -1.93789777159691 -1.80974754691124 -1.67443042993546 -1.52978011965752 -1.27629645168781 -1.25914599001408 -1.42682890594006 -1.52817872166634 -1.54202811419964 -1.60087777674198 -1.65362346172333 -1.67943173646927 -1.68140670657158 -1.57604822516441 -1.63518984615803 -1.66599822044373 -1.62647303938866 -1.71378129720688 -1.60408954322338 -1.57923109829426 -1.60987283289433 -1.64484766125679
-0.980318918824196 -0.980947710573673 -0.974380776286125 -0.97828433662653 -0.988521553575993 -0.939592219889164 -0.896995887160301 -0.82889961451292 -0.845970049500465 -0.853707160800695 -0.803111180663109 -0.829014860093594 -0.87175216153264 -0.958322659134865 -0.890157226473093 -1.13475604355335 -0.972854547202587 -0.979953527450562 -1.07971918582916 -1.12281806766987 -1.21558330953121 -1.29034885764122 -1.23894758522511 -1.27787972986698 -1.45097859203815 -1.64574402570724 -1.54423232376575 -1.56194324791431 -1.70415404438972 -1.75669836997986 -1.60190922021866 -1.61878678202629 -1.51816442608833 -1.17187544703484 -1.14458625763655 -1.23263071477413 -1.34934166073799 -1.40255253016949 -1.56036004424095 -1.5202639400959 -1.63583469390869 -1.49707193672657 -1.47547583281994 -1.46987956762314 -1.46511691808701 -1.44885416328907 -1.43142484128475 -1.43849547207355 -1.44223274290562 -1.42030341923237
-1.02163925766945 -0.909516878426075 -0.859194681048393 -0.869839873164892 -0.831485074013472 -0.829296890646219 -0.847942158579826 -0.819587338715792 -0.765232624486089 -0.76037791185081 -0.744023000821471 -0.76050172559917 -0.795313600450754 -0.808458831161261 -0.824171483516693 -0.819951940327883 -0.875898908823729 -0.9576795399189 -0.964126646518707 -0.930407039821148 -1.05035418272018 -1.07413448393345 -1.17758156359196 -1.08152882009745 -1.306475892663 -1.41225622594357 -1.30426596105099 -1.58933815360069 -1.49924379587173 -1.50564920902252 -1.41838817298412 -1.42729371786118 -1.94869926571846 -1.56543824076653 -1.1301771402359 -1.15891599655151 -1.16915492713451 -1.18922728300095 -1.2227631509304 -1.30776274204254 -1.40709559619427 -1.43776178359985 -1.45976136624813 -1.46659454703331 -1.43942733108997 -1.3509271889925 -1.28992669284344 -1.28192636370659 -1.30609269440174 -1.29592563211918
-1.01029294729233 -0.871752452105284 -0.811175424605608 -0.784228593111038 -0.756615333259106 -0.709668513387442 -0.693055114708841 -0.705441841855645 -0.713661707937717 -0.739881610497832 -0.760601803660393 -0.692488160915673 -0.712208402343094 -0.884928341954947 -0.883852623403072 -0.78364815749228 -0.775943621993065 -0.86290542781353 -0.913534104824066 -0.957829505205154 -0.883958283811808 -0.965586893260479 -0.966715589165688 -0.992177620530128 -1.04930632561445 -1.14660163223743 -1.19879943132401 -1.28723303973675 -1.31883335113525 -1.4419334679842 -1.55370032787323 -1.55513392388821 -1.73106744885445 -1.75500103831291 -1.15126786381006 -1.05586812645197 -1.12846836447716 -1.15256851166487 -1.17533302307129 -1.15526171773672 -1.18102368712425 -1.28478544950485 -1.31938074529171 -1.18614293634892 -1.23407131433487 -1.19983316957951 -1.18576176464558 -1.18169060349464 -1.16661915183067 -1.17188106477261
-0.961446687579155 -0.87698794901371 -0.841322727501392 -0.783784177154303 -0.737745394930243 -0.723706813529134 -0.651168212876655 -0.671129601541907 -0.716757724061608 -0.738718854263425 -0.78051371127367 -0.747308431193233 -0.710603326559067 -0.678064626641572 -0.731700453907251 -0.769510874524713 -0.756821189075708 -0.793631549924612 -1.12177500128746 -0.979585342109203 -0.879562400281429 -0.89353945851326 -0.892183072865009 -0.944993332028389 -0.98847021907568 -1.01711390912533 -1.06216648966074 -1.20529466867447 -1.19908963143826 -1.26738451421261 -1.3358459174633 -1.48897404968739 -1.89960241317749 -1.98806381225586 -1.48052528500557 -1.01698683202267 -1.06128173321486 -1.16057659685612 -1.17623615264893 -1.14392703026533 -1.08611802756786 -1.07247577607632 -1.08683346956968 -1.0973577350378 -1.10504855960608 -1.0704060792923 -1.06993048638105 -1.07412146776915 -1.07097903639078 -1.08217016607523
-0.916766941547394 -0.800556976348162 -0.757136764004827 -0.736839381977916 -0.688375566154718 -0.67141169635579 -0.671947787050158 -0.604150602594018 -0.593353373929858 -0.621056302450597 -0.634592298883945 -0.700628519058228 -0.779331276193261 -0.705034157261252 -0.636714845895767 -0.662040150418761 -0.749698789790273 -0.775857428088784 -0.739849293604493 -0.757841251790524 -0.768833197653294 -0.798825174570084 -0.85715027153492 -0.951642267405987 -0.968467704951763 -0.952626101672649 -0.95870029181242 -1.03818952292204 -1.09684579819441 -1.08933535963297 -1.20115824043751 -1.29448106884956 -1.37930364906788 -1.35512660443783 -1.37328281998634 -1.1497722491622 -0.873428389430046 -0.907584525644779 -1.09330594539642 -1.11692593991756 -1.06771252304316 -1.0763326510787 -1.1036191880703 -1.08290598541498 -1.08135922253132 -1.04281245172024 -1.00326585769653 -0.994552440941334 -0.989672340452671 -1.03295911848545
-0.819420680403709 -0.688125940971076 -0.629950650734827 -0.567061647772789 -0.563839009031653 -0.560616610571742 -0.580060798674822 -0.576005026698112 -0.513782616704702 -0.491060134023428 -0.501837752759457 -0.512948594987392 -0.559892741963267 -0.599503749981523 -0.606396053917706 -0.596902878955007 -0.64707636507228 -0.706416568718851 -0.670756646781228 -0.64676376665011 -0.72210390586406 -0.737277438864112 -0.76428428851068 -0.825457762926817 -0.849464725703001 -0.88363840430975 -0.930400490760803 -0.88641794770956 -0.938768841326237 -0.999119587242603 -1.02497040480375 -1.08565449714661 -1.18783847987652 -1.29768927395344 -1.59837354719639 -1.48872426152229 -1.18390852212906 -1.1432593241334 -1.11770915985107 -1.09425818920135 -1.13497370481491 -1.15452273190022 -1.07623834162951 -1.04728738963604 -1.02883636206388 -1.06838528066874 -1.05543436855078 -0.961316734552383 -0.915699146687984 -0.898248225450516
-0.780407566577196 -0.66519478475675 -0.620264721568674 -0.616283660754561 -0.58146932721138 -0.545488193631172 -0.546173848211765 -0.519859299063683 -0.566211652010679 -0.586897410452366 -0.550249688327312 -0.478268660604954 -0.430120855569839 -0.487473085522652 -0.478910479694605 -0.523265395313501 -0.561953911557794 -0.558475727215409 -0.584164310246706 -0.594519522041082 -0.614541307091713 -0.721896539442241 -0.784084990620613 -0.715939947403967 -0.770628541707993 -0.878317188471556 -1.07793410122395 -1.11164610087872 -0.963691629469395 -0.971570551395416 -1.00644924491644 -1.03182795643806 -1.0145400762558 -1.05841879546642 -1.17446413636208 -1.16184291243553 -1.29505524039268 -1.30410049855709 -1.34711229801178 -1.40392352640629 -1.18690170347691 -1.05887973308563 -1.00585762411356 -0.997002251446247 -0.985146969556808 -0.979291491210461 -0.944103009998798 -0.929747670888901 -0.9103924036026 -0.871537022292614
-0.842894472181797 -0.650097286328673 -0.598245308734477 -0.571672352030873 -0.620266066398472 -0.596359688788652 -0.498953524976969 -0.429880617186427 -0.525307610630989 -0.530901243910193 -0.504495073109865 -0.461755391210318 -0.467682294547558 -0.427109312266111 -0.481758080422878 -0.476294819265604 -0.515331603586674 -0.567368399351835 -0.570905262604356 -0.651275131851435 -0.535478752106428 -0.561348926275969 -0.643052244093269 -0.735755599103868 -0.803625993430614 -0.877995926886797 -0.961467862129211 -0.959041148424149 -0.963114574551582 -0.925187978893518 -1.03142808377743 -0.983501590788364 -1.07690820097923 -1.04698149859905 -1.03338838368654 -0.944461725652218 -0.986701816320419 -1.22110860049725 -1.30268202722073 -1.30342242121696 -1.32849605381489 -1.16673655807972 -1.05647695064545 -1.00838385522366 -0.977624222636223 -0.928197853267193 -0.894104845821857 -0.863678652793169 -0.802252292633057 -0.762659303843975
-0.449881434440613 -0.336666156537831 -0.334059350192547 -0.436227813363075 -0.383896220941097 -0.25706475158222 -0.226566472556442 -0.288068324327469 -0.27923671528697 -0.29040517564863 -0.330740251265524 -0.369742121547461 -0.395410556346178 -0.432745730504394 -0.430605733767152 -0.457990776747465 -0.456375759094954 -0.491760984063148 -0.451146028935909 -0.431364435702562 -0.549416115507483 -0.630967988632619 -0.591519556939602 -0.638404713012278 -0.716956480406225 -0.765508014708757 -0.82183475792408 -0.881102629005909 -1.16587090492249 -1.01897205412388 -1.14207348972559 -1.16384163498878 -1.18377639353275 -1.07454437762499 -1.05747901648283 -1.0482471883297 -1.1835151463747 -1.26728320121765 -1.25375187397003 -1.29258792102337 -1.1592572927475 -1.03726004064083 -0.890429250895977 -0.853432148694992 -0.84410135447979 -0.810104299336672 -0.775440257042646 -0.733442952856421 -0.694279010407627 -0.667615074198693
-0.258035239414312 -0.231068403925747 -0.186373472213745 -0.150949835777283 -0.0915263593196869 -0.0859362632036209 -0.0740128643810749 -0.133255979046226 -0.15933240018785 -0.203908951021731 -0.188485602848232 -0.233062160521513 -0.293805418070406 -0.331881789024919 -0.388786915689707 -0.481020200997591 -0.443920105695724 -0.45265357196331 -0.449886970221996 -0.426120385527611 -0.560520233586431 -0.660420277388766 -0.612153629772365 -0.637720453552902 -0.6732869737898 -0.760853681713343 -0.835868395864964 -0.840497706085443 -0.893293753266335 -1.00792324542999 -1.0503857806325 -1.1126818433404 -1.16814458370209 -1.03927385807037 -1.02073642611504 -1.03536585718393 -1.18199527263641 -1.03262447565794 -0.982655182480812 -0.996753513813019 -0.923851877450943 -0.852783598005772 -0.797715287655592 -0.73864708840847 -0.705745455808938 -0.700010432861745 -0.693275541998446 -0.668707266449928 -0.658972293138504 -0.655904074432328
-0.196688803844154 -0.166304156184196 -0.0456873178482056 0.0536613389849663 0.0605100467801094 0.00252539664506912 -0.0242925100028515 -0.0624437741935253 -0.0970949195325375 -0.0817463248968124 -0.114230858162045 -0.155715566128492 -0.21253346465528 -0.257351366337389 -0.277134518139064 -0.258716242853552 -0.31529785010207 -0.382379438728094 -0.424627793952823 -0.376709420233965 -0.482291035354137 -0.538372717797756 -0.611787554807961 -0.721035989932716 -0.741950940340757 -0.759199164807796 -0.825568795204163 -0.889892634004354 -1.06138338893652 -1.10320734977722 -1.10969789326191 -1.15835540741682 -1.08434601128101 -1.0176697820425 -1.0288273319602 -1.14098450541496 -1.174475222826 -1.12129919230938 -0.933391563594341 -0.84125230461359 -0.849446434527636 -0.868973795324564 -0.811834637075663 -0.770861955359578 -0.866555888205767 -0.794416662305593 -0.67594405123964 -0.741638123989105 -0.724332079291344 -0.745526114478707
-0.0945005118846893 -0.0326733849942684 0.0143522173166275 0.0944093093276024 0.0511333793401718 -0.0396427027881145 -0.0710852481424809 -0.0286947749555111 -0.0544708073139191 -0.10141359269619 -0.0945229008793831 -0.106465626507998 -0.142908399924636 -0.211184243205935 -0.399529425427318 -0.440776264294982 -0.374356864020228 -0.34243713086471 -0.312517543090507 -0.322264793940121 -0.549345247447491 -0.631259027868509 -0.621505948714912 -0.660086357966065 -0.682166845770553 -0.742580665275455 -0.802603967487812 -0.80523694306612 -0.900036569684744 -0.876836061477661 -1.00880248844624 -1.01043560355902 -0.982401758432388 -0.94353473931551 -0.945167675614357 -1.13896735757589 -1.00693372637033 -0.910399947315454 -0.851518366485834 -0.76912235468626 -0.747226323932409 -0.768163545057178 -0.712267451919615 -0.66237132716924 -0.675975132267922 -0.641745950328186 -0.575183065608144 -0.543787045404315 -0.514390936121345 -0.497328266501427
0.0475296750664711 0.0783236250281334 0.104911684989929 0.146294228732586 0.118676841259003 0.0427259653806686 -0.0602248348295689 -0.197675622999668 -0.147959792986512 -0.126577265560627 -0.124694833531976 -0.151978796347976 -0.228596352040768 -0.215047186240554 -0.20247084274888 -0.310533716809005 -0.387430254369974 -0.346659942064434 -0.326223015435971 -0.260619388893247 -0.468349277973175 -0.572745520621538 -0.543308651074767 -0.583538414910436 -0.616768120788038 -0.655164491385221 -0.689974133390933 -0.774863822385669 -0.744420157745481 -0.773309543728828 -0.801865927875042 -0.791422221809626 -0.819978535175323 -0.85236831381917 -0.868757799267769 -0.842480760067701 -0.761537108570337 -0.906260043382645 -1.18170213699341 -0.888196878135204 -0.68119150144048 -0.89918614923954 -1.08701402693987 -1.05084198713303 -0.881670046597719 -0.544331206008792 -0.484992530196905 -0.493654139339924 -0.470648625865579 -0.442476683994755
0.144393384456635 0.133653879165649 0.122471272945404 0.142179071903229 0.136886961758137 0.0959277898073196 0.0623024180531502 -0.0426565036177635 -0.131282180547714 -0.147074332460761 -0.260200040414929 -0.22532557323575 -0.287617749534547 -0.302243320271373 -0.257079039234668 -0.254958051722497 -0.262337093241513 -0.319382819812745 -0.312761848792434 -0.278307459317148 -0.310186667367816 -0.39089882094413 -0.441777897998691 -0.514823656529188 -0.513869307935238 -0.55741523206234 -0.694844473153353 -0.679323930991814 -0.671803596720565 -0.672783260524739 -0.698429565876722 -0.735742431133986 -0.821388781070709 -0.822868209332228 -0.754514811560512 -0.697160992771387 -0.81764067709446 -0.891120117157698 -1.07521933317184 -0.715604575350881 -0.599823404103518 -0.645375350955874 -0.729094166308641 -0.885479439049959 -0.791531525552273 -0.549583526328206 -0.483968887478113 -0.491687711328268 -0.501406330615282 -0.589291648007929
0.218590155243874 0.207317404448986 0.161697760224342 0.143397256731987 0.122263498604298 0.123963244259357 0.0734960585832596 -0.00947069749236107 -0.148271212354302 -0.0565715208649635 -0.153038481250405 -0.105505503714085 -0.150805946439505 -0.180772920139134 -0.151353882625699 -0.207048998679966 -0.206077316310257 -0.264272121712565 -0.255633723922074 -0.233162217540666 -0.234857231844217 -0.329718902241439 -0.416247257962823 -0.511775638908148 -0.666637203947175 -0.66499903301883 -0.575881255790591 -0.52328422293067 -0.553187105804682 -0.580756789073348 -0.603659664280713 -0.605895949527621 -0.572965564206243 -0.714868440292776 -0.608271475881338 -0.545840909704566 -0.628910630010068 -0.730980142951012 -0.736569713801146 -0.499845881015062 -0.544288547709584 -0.579064754769206 -0.585507463663816 -0.612783438526094 -0.567559668794274 -0.620502374134958 -0.627278424333781 -0.560554636642337 -0.518330598250031 -0.423440180951729
0.201953776180744 0.19114775955677 0.190090574324131 0.19161531329155 0.157807007431984 0.0499985218048096 0.00135685876011848 0.0160483941435814 -0.116926791146398 -0.0780685469508171 -0.004043810069561 -0.0946854688227177 -0.109160689637065 -0.176302454434335 -0.199795473366976 -0.197472943458706 -0.167150820605457 -0.157661706209183 -0.151006022468209 -0.184183672070503 -0.234527991618961 -0.277038973756135 -0.326049937866628 -0.398727449588478 -0.433572014793754 -0.558916196227074 -0.718418184667826 -0.602577848359942 -0.442904103547335 -0.379063597880304 -0.459556518122554 -0.505382914096117 -0.519375685602427 -0.54653537645936 -0.613861543126404 -0.71902125608176 -0.999014019966125 -1.09134035557508 -0.551253704354167 -0.455087060108781 -0.48575371876359 -0.500253979116678 -0.507754137739539 -0.533087598159909 -0.584920983761549 -0.520921172574162 -0.502087941393256 -0.398754868190736 -0.356421645730734 -0.325255244970322
0.306317448616028 0.280978068709373 0.274983420968056 0.261333577334881 0.224183611571789 0.178200528025627 0.152217298746109 0.119067400693893 -0.00424914807081223 0.0587677732110023 0.111284382641315 0.0658012703061104 0.00965129211544991 -0.0326652303338051 -0.0357371009886265 -0.0578972063958645 -0.10039097070694 -0.0990512650460005 -0.12104494869709 -0.21653850376606 -0.23136546346359 -0.288359036669135 -0.274685901589692 -0.291179645806551 -0.3406732538715 -0.327666841447353 -0.394288455601782 -0.324538057669997 -0.327787567861378 -0.346703709103167 -0.39328669058159 -0.391869673971087 -0.45128577016294 -0.450868893414736 -0.432785074226558 -0.490534698590636 -0.426950739696622 -0.378033860004507 -0.358437101822346 -0.356994844507426 -0.415885651949793 -0.440443085506558 -0.462667369283736 -0.458391649648547 -0.434282435104251 -0.409173363819718 -0.444230777211487 -0.436955143581145 -0.430012671975419 -0.345736902207136
