data/spatiotemp/temp2/bio14_norsw_test_2007_2010.asc
NCOLS 654 
NROWS 380 
XLLCORNER 3.91666666666667 
YLLCORNER 55.3333333333333 
CELLSIZE 0.0416666666666667 
NODATA_value -9999 
[rows 132 to 153 of 380, columns 250 to 299 of 654]
37.6825304031372 36.2615036964417 34.8448920249939 34.3489003181458 34.7516832351685 33.3439040184021 32.8531270027161 32.3643550872803 34.1423172950745 35.8447842597961 36.5132117271423 34.8948965072632 34.5351057052612 32.9548673629761 30.951621055603 30.2863674163818 30.2220139503479 28.5569052696228 24.8975086212158 24.8445081710815 26.5830998420715 28.3139524459839 29.0573167800903 29.1141304969788 29.2732434272766 27.4545750617981 27.2151346206665 28.261932849884 29.0409255027771 32.1580834388733 34.2980265617371 32.6276268959045 31.7981247901917 31.0742144584656 30.3954186439514 30.3746638298035 28.7738761901855 28.5514426231384 29.6817860603333 29.4149308204651 29.0231041908264 29.92830991745 30.1102652549744 29.5516743659973 29.0440964698792 28.4918942451477 27.7546896934509 26.2391705513 26.0538582801819 25.4299917221069
35.7875084877014 35.7389941215515 35.6904788017273 36.5395340919495 35.5759344100952 35.9734649658203 34.1209282875061 34.073872089386 33.5829873085022 33.072781085968 33.0226655006409 33.972704410553 32.3586144447327 31.3995833396912 30.5694818496704 29.1866769790649 29.6038541793823 29.865195274353 27.1120738983154 24.5715293884277 24.5204286575317 25.5615367889404 27.2949237823486 29.5796685218811 30.884991645813 31.4356827735901 32.4075655937195 30.153552532196 29.2693829536438 32.1883788108826 34.2834887504578 34.3820381164551 34.4364223480225 34.7041993141174 33.9646286964417 32.5442500114441 30.1895060539246 29.1607775688171 27.9416995048523 27.3132767677307 27.457763671875 28.1761174201965 29.0941190719604 29.5779285430908 29.8888163566589 29.7073683738708 29.4960813522339 29.169497013092 29.1400389671326 28.8144583702087
34.268096446991 33.852659702301 35.1694984436035 36.4658012390137 34.1450119018555 31.8311543464661 30.4329509735107 30.3909330368042 30.3489122390747 30.3068909645081 29.3584690093994 28.410099029541 28.8036198616028 28.3206977844238 28.738733291626 27.7973837852478 27.1412539482117 25.6968650817871 24.7509574890137 24.701229095459 24.4510278701782 25.2905049324036 25.2441520690918 26.2881803512573 27.8144125938416 28.6612801551819 31.9662594795227 31.2998585700989 29.450786113739 31.3739762306213 32.826162815094 34.5190753936768 34.2679882049561 33.3631997108459 34.1855053901672 34.7626705169678 33.056046962738 31.789361000061 30.7879953384399 28.8110313415527 27.9773411750793 27.9600214958191 27.1276879310608 27.1108193397522 28.5471277236938 29.0296249389648 29.1823482513428 28.5462093353271 28.550356388092 28.7051177024841
38.8536443710327 35.5967574119568 35.5468368530273 35.4969143867493 34.0749816894531 32.6729283332825 32.626796245575 31.693253993988 30.2832765579224 28.8764100074768 28.8538517951965 28.8102192878723 27.8676314353943 27.2158575057983 27.1630787849426 26.4146151542664 28.1537399291992 28.0989294052124 27.152400970459 29.6435008049011 30.7574424743652 29.9630570411682 27.2709054946899 26.2116761207581 27.0474801063538 27.8801836967468 28.9078378677368 31.3268613815308 32.0420179367065 30.7639465332031 30.4737620353699 31.5987496376038 33.2316031455994 31.8413515090942 30.4576120376587 31.1786432266235 30.5419135093689 29.3703546524048 29.3166842460632 28.6631445884705 28.6290593147278 28.8491616249084 27.5920262336731 26.7762060165405 26.6411848068237 26.5955681800842 26.6629300117493 26.5357584953308 27.0859889984131 27.8051838874817
34.2517585754395 36.4503860473633 37.2949705123901 37.1829199790955 36.7271938323975 37.0741624832153 35.2558679580688 36.0336880683899 33.8088774681091 32.8773922920227 33.2692718505859 30.9831781387329 28.9759469032288 28.9216303825378 29.7631363868713 31.2564301490784 28.758683681488 28.7043676376343 27.7609829902649 27.9079141616821 27.8549952507019 27.8020758628845 27.8606905937195 27.1959414482117 27.9278149604797 28.8317980766296 28.7637505531311 29.3104729652405 30.0289416313171 30.1537852287292 30.51793384552 30.4449019432068 30.1765027046204 29.5203452110291 29.458270072937 29.4271059036255 29.373969078064 28.7418026924133 27.7468800544739 27.1894979476929 27.0029330253601 27.632378578186 28.1450219154358 27.8313312530518 27.1050248146057 26.1159982681274 26.8276190757751 26.2474689483643 26.8352336883545 26.5396046638489
36.8780918121338 35.9156827926636 34.5085625648499 33.8004479408264 33.5041670799255 32.5518126487732 32.5049753189087 32.4581384658813 32.3942728042603 32.3468461036682 31.8595128059387 29.1234822273254 27.086464881897 26.8144488334656 26.0953369140625 27.8304629325867 30.4487562179565 32.7956738471985 31.9111170768738 29.3971409797668 26.8923234939575 27.0412831306458 30.4245176315308 32.2798533439636 32.2440099716187 32.7836585044861 33.0245642662048 32.450840473175 32.3930773735046 34.7742605209351 35.4360380172729 34.937774181366 34.307110786438 34.5336594581604 34.0984110832214 32.7835173606873 32.7699208259583 31.3706736564636 28.6708116531372 26.8510947227478 26.1927466392517 26.0071740150452 25.8221535682678 26.4500818252563 25.6243948936462 24.7971453666687 24.7292318344116 25.3158621788025 25.4500980377197 25.8687033653259
40.3049726486206 39.2974157333374 37.1310348510742 36.1842794418335 36.5757598876953 33.8145661354065 32.4353432655334 32.3878173828125 30.5436115264893 30.4987254142761 30.4547419548035 28.8320932388306 28.7817015647888 30.3142709732056 27.5909652709961 25.7655162811279 25.9194307327271 25.6747436523438 25.6293578147888 26.4661769866943 27.497926235199 29.306875705719 29.5457653999329 30.3599276542664 32.2289633750916 32.6786684989929 33.429340839386 34.0591297149658 35.2154603004456 36.0127048492432 36.6896686553955 37.2673277854919 37.6464004516602 37.3838052749634 37.1345548629761 36.1081733703613 34.8927354812622 32.488917350769 29.1456046104431 28.1424808502197 26.6695322990417 26.484218120575 26.2994685173035 25.6435503959656 26.1856632232666 26.0436248779297 24.4729986190796 23.9274196624756 23.9284977912903 23.929575920105
34.9170951843262 33.9595365524292 33.9090585708618 34.2715158462524 34.2523484230042 33.7576327323914 33.7071571350098 33.656681060791 34.9339761734009 33.9915761947632 31.260235786438 29.8900618553162 30.7393441200256 30.6961169242859 27.9864816665649 26.5689697265625 26.1347708702087 26.0977187156677 25.5525379180908 26.3885569572449 28.4945964813232 31.5793075561523 31.569215297699 31.9377317428589 33.3584794998169 33.5965867042542 34.0317215919495 34.8380270004272 35.4769749641418 36.2564082145691 37.0298933982849 36.3980112075806 34.9147758483887 34.6971926689148 34.6274747848511 33.7031450271606 32.9128432273865 32.202232837677 31.6669082641602 29.3780660629272 28.2960476875305 27.8329391479492 27.5175213813782 26.656539440155 27.3662734031677 25.9592328071594 24.9328680038452 23.6680221557617 23.6686701774597 23.6693181991577
30.3389644622803 31.0541253089905 31.7066769599915 31.6625599861145 31.6184453964233 31.5743308067322 31.3281192779541 30.896586894989 30.3483142852783 29.6151666641235 28.4802503585815 28.4341106414795 28.3879728317261 30.3123526573181 28.4945201873779 25.601158618927 24.8761577606201 26.595287322998 26.7492136955261 27.4527325630188 29.1912908554077 29.6329650878906 30.4469456672668 33.2704381942749 34.259792804718 34.0034937858582 35.8728775978088 36.6146421432495 37.7643966674805 38.6583271026611 38.254545211792 38.9650497436523 38.5612802505493 36.4686059951782 35.7344789505005 34.165162563324 30.3711895942688 29.4660258293152 29.9530544281006 29.4286727905273 28.0119867324829 28.0028691291809 29.2175660133362 27.8374953269958 27.6580362319946 27.2741088867188 26.0587086677551 25.3936862945557 24.675036907196 24.6759324073792
34.5931205749512 34.3396944999695 33.3940997123718 32.4510326385498 33.2995066642761 32.3589668273926 30.7306432723999 32.4680376052856 31.5320196151733 31.9747719764709 33.7009110450745 33.6484608650208 32.0267567634583 30.4098954200745 28.4013214111328 26.5968861579895 26.3575377464294 27.1933355331421 30.6538429260254 32.7475991249084 34.9108905792236 35.4931535720825 32.7864761352539 31.7300982475281 31.4715666770935 33.9980225563049 36.1656613349915 37.9658794403076 37.3830871582031 37.1180167198181 36.6609482765198 34.9794783592224 33.3746752738953 32.4949431419373 32.429018497467 32.9154481887817 32.4641599655151 29.4962911605835 28.0607395172119 27.4821915626526 27.3786520957947 28.0973057746887 29.1171045303345 27.7283210754395 26.6540122032166 26.6074094772339 27.0024261474609 26.1700925827026 24.9357867240906 23.9968748092651
40.5499095916748 36.8957543373108 34.5963006019592 33.9057488441467 31.5891284942627 32.9190731048584 33.9616136550903 35.2324585914612 33.3960561752319 30.2761297225952 30.0315804481506 29.9852585792542 29.938937664032 29.4098143577576 29.1663060188293 28.0470309257507 26.4503636360168 28.1566295623779 29.8574466705322 31.9449934959412 34.4324026107788 34.7335419654846 34.0148558616638 33.5767760276794 34.3495826721191 35.9821534156799 36.5575046539307 35.8140263557434 35.5128374099731 35.0598230361938 33.5280694961548 32.6630148887634 32.2097210884094 32.0713672637939 31.2729935646057 30.5511746406555 30.0091776847839 29.1181035041809 28.4046578407288 27.5484118461609 26.7801008224487 27.3648762702942 28.4200444221497 27.6288957595825 26.5218486785889 25.8987445831299 25.8891658782959 25.5388135910034 25.1536273956299 24.3668184280396
37.7795543670654 35.935179233551 34.5393362045288 34.4403524398804 32.8190150260925 31.4033288955688 31.3573870658875 31.1109223365784 32.8292589187622 36.3036508560181 36.2484550476074 32.6796979904175 31.073269367218 32.7741212844849 33.3981890678406 31.6004376411438 28.0663890838623 28.0215935707092 31.6454482078552 33.9930620193481 35.0382013320923 35.6072926521301 36.750732421875 36.6839666366577 36.1052622795105 37.3973469734192 36.4490985870361 36.3807282447815 36.1350860595703 36.32346534729 35.3833532333374 34.6218223571777 33.6742191314697 32.6095929145813 31.696629524231 30.9766297340393 30.261212348938 29.3900046348572 29.2125382423401 28.5180997848511 27.5171723365784 27.1781425476074 26.8460369110107 26.5289649963379 26.4810471534729 25.1186714172363 24.8081727027893 24.3317313194275 24.387197971344 24.4798202514648
38.1569962501526 34.5360536575317 33.4497585296631 33.9891991615295 32.8736009597778 32.8254084587097 32.7772183418274 33.6081833839417 35.3144397735596 39.0762395858765 38.9465131759644 36.500195980072 31.802348613739 32.4240531921387 35.6524119377136 33.8581113815308 29.4692425727844 31.3478698730469 35.9712810516357 32.9702715873718 32.0550584793091 34.0156588554382 37.1086134910583 37.8924713134766 38.1791725158691 37.9161148071289 39.6695175170898 37.2700023651123 37.4817280769348 37.8829889297485 36.4735555648804 34.7055206298828 33.585141658783 32.2956976890564 31.4228854179382 30.8807277679443 30.1651244163513 29.6289086341858 28.9198999404907 28.3033771514893 27.9846086502075 27.4577851295471 27.0660400390625 26.4096617698669 25.2292213439941 24.4459280967712 24.140721321106 23.367386341095 23.8967022895813 23.9898452758789
35.8546457290649 34.4789600372314 33.5305662155151 34.1309380531311 33.4035215377808 32.6776471138 32.8297657966614 38.3069076538086 37.6505661010742 31.8103976249695 32.6314539909363 33.2490224838257 33.1938924789429 31.6022977828979 31.3527507781982 33.8925013542175 33.169463634491 30.3348817825317 31.1437520980835 31.0915026664734 30.1824522018433 34.3379306793213 37.980299949646 39.4432001113892 41.685567855835 40.34983253479 36.7492170333862 36.1961326599121 36.1301741600037 35.3738622665405 35.3086724281311 34.729700088501 33.8054146766663 33.0562009811401 32.6277923583984 31.9779672622681 31.2668437957764 30.3704814910889 29.4895191192627 28.5981311798096 27.7884635925293 27.7648849487305 28.6185832023621 27.7013773918152 25.4512610435486 25.4099984169006 24.8993544578552 24.0025196075439 23.8356142044067 24.1888236999512
36.2496619224548 36.6310262680054 35.6990113258362 35.2070817947388 36.4781684875488 36.4210300445557 32.9531760215759 30.0188965797424 30.8435087203979 30.7969622612 30.0786890983582 28.9640421867371 29.5816507339478 30.5911540985107 30.5390024185181 29.6270055770874 29.3805775642395 28.6687216758728 28.4245972633362 29.2297735214233 29.8379502296448 33.1358933448792 36.3828597068787 39.2054843902588 38.9435691833496 38.0047521591187 37.1420612335205 36.7103605270386 35.0660700798035 33.951099395752 33.0277600288391 32.9531297683716 32.5711808204651 32.1901760101318 31.994348526001 31.5334768295288 30.478720664978 29.4133987426758 29.3665442466736 29.0178709030151 28.0149116516113 27.6676096916199 26.6270151138306 25.8879504203796 25.1179847717285 24.6423454284668 24.3088936805725 24.2744922637939 23.7763204574585 24.4626879692078
36.195641040802 37.0245332717896 36.0744833946228 35.5833330154419 35.9822692871094 36.3599619865417 35.416353225708 34.2874150276184 32.7034516334534 31.3221683502197 31.469322681427 32.2763915061951 31.3601498603821 31.3055634498596 32.3044176101685 33.1035919189453 32.1913919448853 30.6244277954102 30.3759431838989 30.3224139213562 30.0752334594727 32.3691282272339 33.1305136680603 33.8286275863647 32.5986771583557 31.9540848731995 32.4857831001282 32.6053652763367 32.3593845367432 31.9808139801025 31.5466923713684 31.1701507568359 31.096818447113 31.2145476341248 30.848292350769 30.305214881897 29.4960427284241 29.13782787323 28.7623171806335 28.3926005363464 29.0504422187805 28.9265947341919 27.4322667121887 26.8284883499146 27.0362887382507 26.8579697608948 26.5208835601807 25.3438014984131 24.1758236885071 24.313805103302
34.691234588623 33.970458984375 33.9192638397217 34.5352292060852 34.4832286834717 35.9625554084778 36.2419924736023 36.1850910186768 34.7396054267883 34.2232222557068 35.8853282928467 37.2347717285156 35.7295293807983 35.6687893867493 35.9999394416809 35.4992346763611 33.9306554794312 33.0211491584778 32.1146783828735 32.0567026138306 31.8054947853088 32.3976140022278 31.8795757293701 30.9760732650757 31.1048021316528 31.4781470298767 32.0017757415771 31.7527146339417 32.0396680831909 32.1979923248291 32.6185078620911 32.7166304588318 31.9972505569458 31.4347686767578 30.541672706604 29.6599063873291 29.8512377738953 30.3838429450989 29.3433179855347 28.1327114105225 27.7590126991272 27.5018410682678 27.0331239700317 27.5749821662903 27.56680727005 26.9290981292725 26.2948217391968 26.261748790741 25.8196806907654 24.4879422187805
35.4017004966736 34.6830215454102 33.7645139694214 31.3207406997681 31.93541431427 33.8101963996887 34.4192695617676 34.3665208816528 35.1716151237488 35.117546081543 34.8613576889038 35.6520743370056 36.3988189697266 38.3002471923828 40.4672393798828 38.9927082061768 37.2250261306763 36.6301980018616 35.3274402618408 34.6143484115601 35.3898987770081 35.3242516517639 33.5840129852295 32.0401434898376 32.5776805877686 32.329577922821 31.1232924461365 31.4552583694458 32.903012752533 33.553204536438 33.365270614624 31.7576022148132 31.0252132415771 29.9405236244202 29.226496219635 29.3443050384521 28.1538686752319 28.1617631912231 28.1689810752869 27.3594837188721 27.6940383911133 27.3929662704468 26.9708275794983 27.0939984321594 26.4605889320374 25.8291459083557 25.4916801452637 26.9252424240112 27.1415643692017 26.5283055305481
36.1042556762695 34.5245480537415 33.8109469413757 32.8983206748962 32.8474836349487 32.3382453918457 33.1442403793335 32.8936967849731 32.8423681259155 32.9887800216675 32.7350625991821 32.8711996078491 34.3096623420715 35.9386081695557 35.8717007637024 36.6480102539062 38.2566576004028 40.4187288284302 41.1728887557983 38.5417976379395 35.2120766639709 33.8615093231201 34.629602432251 34.3721289634705 34.6987862586975 35.1365752220154 35.1191830635071 33.523992061615 32.257529258728 31.9972867965698 31.6462326049805 31.4064908027649 30.5486607551575 29.4699006080627 29.2782964706421 28.9141712188721 27.563009262085 27.1061897277832 27.2433514595032 26.9985013008118 27.1211290359497 27.4075694084167 27.0670728683472 26.360607624054 25.9035897254944 25.8570561408997 25.5303010940552 25.9182100296021 27.0450973510742 26.3111133575439
35.4816603660583 34.5674533843994 33.6559085845947 33.8039226531982 35.4613599777222 36.6330571174622 36.1673340797424 36.8557553291321 36.2870116233826 34.5326457023621 34.6696271896362 35.4492282867432 33.6940913200378 31.9453392028809 32.5299468040466 32.4677972793579 34.7240567207336 35.686975479126 36.0201797485352 37.2794771194458 37.2713189125061 35.1961178779602 34.2639012336731 34.6956400871277 34.697895526886 35.2059965133667 36.9461097717285 37.2320232391357 35.7386779785156 36.0744152069092 34.2103047370911 32.8215160369873 32.6996331214905 30.3447604179382 28.5186524391174 27.6355223655701 27.4602866172791 26.6382265090942 26.1926383972168 26.3612861633301 25.8522448539734 26.1395297050476 25.6768207550049 25.3862466812134 25.7546110153198 26.4994473457336 25.4291253089905 24.955409526825 24.3458337783813 24.6167478561401
37.226676940918 37.1718158721924 35.627405166626 34.5008859634399 34.646089553833 35.2418413162231 34.3375587463379 35.1302824020386 36.5795741081238 36.524631023407 35.8000798225403 35.0857672691345 37.0631666183472 37.8021535873413 37.524486541748 36.2616882324219 32.4393005371094 33.0141382217407 33.5867719650269 33.076602935791 33.0112767219543 32.9459500312805 32.7581224441528 32.8782057762146 33.7275438308716 34.6817164421082 33.6138114929199 33.5308785438538 33.8339834213257 35.1756768226624 34.6727600097656 32.3729367256165 32.2901105880737 31.6242179870605 29.65260887146 28.7218432426453 27.5860576629639 26.5864653587341 25.3832740783691 25.0499105453491 24.7616262435913 24.4744868278503 24.3039379119873 23.983193397522 24.2154331207275 24.5024852752686 24.7081704139709 23.875922203064 23.7280249595642 23.7836308479309
36.3156771659851 35.8575983047485 36.210515499115 36.1579337120056 36.1053533554077 38.064959526062 36.3326692581177 35.6783933639526 35.1072888374329 34.2103147506714 34.1489834785461 32.2108201980591 32.982825756073 33.5566411018372 34.5169506072998 34.642144203186 31.643150806427 32.6561570167542 33.6088447570801 33.5413274765015 32.8424444198608 32.5244383811951 32.4478430747986 31.0619082450867 31.7404265403748 32.3300294876099 30.7270393371582 29.9540481567383 29.8798608779907 29.2817878723145 29.7890472412109 29.7189064025879 30.8442888259888 31.1055998802185 30.4649891853333 29.9990434646606 28.7525162696838 28.1276164054871 26.760938167572 25.4538850784302 24.5407104492188 23.925546169281 23.756516456604 23.6453328132629 23.8203654289246 23.8439316749573 23.6393980979919 23.618833065033 23.487051486969 23.4530029296875
