data/spatiotemp/temp2/bio19_norsw_test_2007_2010.asc
NCOLS 654 
NROWS 380 
XLLCORNER 3.91666666666667 
YLLCORNER 55.3333333333333 
CELLSIZE 0.0416666666666667 
NODATA_value -9999 
[rows 286 to 307 of 380, columns 600 to 649 of 654]
151.753726959229 151.634895324707 152.810836791992 152.695392608643 153.73265838623 154.740463256836 152.349033355713 152.233581542969 152.149044036865 152.095409393311 152.041767120361 151.988132476807 150.792407989502 149.425483703613 149.372669219971 148.180730819702 148.12890625 148.077072143555 148.025247573853 146.857820510864 145.664482116699 145.59885597229 145.533227920532 144.336669921875 144.272113800049 141.777603149414 141.713212966919 141.64882850647 140.458875656128 140.395561218262 139.012287139893 137.840005874634 136.608070373535 136.450977325439 136.293874740601 136.136777877808 134.865787506104 133.39732170105 133.243349075317 133.089374542236 134.244453430176 132.781427383423 132.62745475769 132.473480224609 131.351417541504 131.462614059448 131.57381439209 131.685012817383 131.79621887207 130.591342926025
151.460296630859 152.652778625488 152.558307647705 152.463836669922 152.369369506836 153.398220062256 153.300941467285 153.203670501709 153.130630493164 153.081817626953 150.77347946167 150.725708007812 150.67794418335 149.317752838135 148.129644393921 148.082572937012 148.035499572754 147.988433837891 145.690168380737 145.644136428833 146.704202651978 145.528520584106 144.333955764771 144.273250579834 142.897176742554 142.836059570312 141.664253234863 140.476020812988 140.416479110718 140.356943130493 139.172849655151 139.114345550537 136.587089538574 136.443460464478 135.180992126465 135.039026260376 134.897060394287 134.755098342896 133.301540374756 133.160634994507 133.019733428955 132.878835678101 131.632385253906 131.493143081665 131.463235855103 130.234159469604 129.208711624146 129.284223556519 130.466934204102 130.544528961182
151.166877746582 152.379264831543 152.305778503418 153.358852386475 152.158794403076 153.206920623779 152.011810302734 151.938312530518 152.995082855225 152.951232910156 151.76416015625 151.721061706543 149.253082275391 148.069034576416 148.026720046997 147.984413146973 147.942098617554 146.761775970459 145.606981277466 145.565626144409 145.516027450562 145.458181381226 144.266679763794 144.209829330444 142.839572906494 141.672050476074 140.485622406006 140.429859161377 139.246421813965 139.191648483276 137.821100234985 137.765926361084 135.442707061768 135.314115524292 135.185525894165 135.056930541992 134.928337097168 133.487558364868 133.359731674194 132.119445800781 131.993171691895 131.866903305054 130.642156600952 131.614364624023 131.57505607605 129.213350296021 128.155824661255 129.302103042603 129.346481323242 130.497707366943
152.158271789551 152.105751037598 152.053249359131 152.000732421875 153.070281982422 153.015625 152.960964202881 152.906311035156 152.859539031982 151.677219390869 151.638961791992 151.600704193115 151.562438964844 150.383251190186 149.232650756836 149.195262908936 148.01880645752 146.672698974609 146.635772705078 145.487115859985 144.305395126343 144.252395629883 144.199407577515 142.835346221924 141.649417877197 140.487680435181 140.435682296753 140.38369178772 139.202980041504 139.151945114136 139.100914001465 137.735807418823 137.651346206665 135.305276870728 135.190053939819 133.762201309204 132.528671264648 132.415374755859 132.302080154419 132.188779830933 132.075475692749 131.962188720703 131.848888397217 130.638549804688 129.48256111145 128.188140869141 128.203010559082 129.530828475952 128.232744216919 128.247610092163
155.425819396973 154.10774230957 154.073417663574 152.891033172607 152.857681274414 152.824329376221 152.790977478027 152.757625579834 152.723991394043 151.547176361084 151.513759613037 151.480346679688 150.334522247314 149.160499572754 149.127872467041 147.955348968506 146.615919113159 146.583623886108 146.551334381104 145.381174087524 144.230409622192 144.181274414062 142.996822357178 141.639488220215 141.590919494629 141.542348861694 140.385746002197 139.206838607788 137.848653793335 137.80099105835 139.064943313599 139.017648696899 136.503986358643 135.296440124512 135.194585800171 132.659418106079 131.456771850586 131.357284545898 132.358444213867 132.258115768433 131.04284286499 130.943881988525 130.844919204712 129.649522781372 128.282299041748 128.266250610352 128.250202178955 128.234144210815 128.218095779419 128.202043533325
155.124710083008 155.114742279053 155.104774475098 153.948360443115 152.645076751709 152.633033752441 152.620990753174 152.608951568604 152.588447570801 152.559490203857 151.388561248779 151.359992980957 151.33141708374 150.162002563477 149.023086547852 146.549861907959 146.522207260132 145.355236053467 145.327964782715 145.300693511963 144.155427932739 141.666616439819 141.621885299683 141.577152252197 140.398057937622 140.354211807251 139.203224182129 139.159658432007 139.116098403931 137.763359069824 137.89994430542 136.547420501709 136.481246948242 135.287601470947 134.074573516846 132.676872253418 132.589519500732 131.401245117188 130.195243835449 130.110000610352 130.024761199951 129.939517974854 129.854270935059 129.769027709961 128.391324996948 128.344356536865 127.189990997314 127.145092010498 127.100185394287 127.055282592773
154.823608398438 154.83504486084 154.819343566895 154.83020401001 152.432476043701 153.55655670166 153.564655303955 152.460266113281 152.452899932861 151.287094116211 151.263362884521 151.239635467529 150.074859619141 150.051391601562 150.027912139893 147.754919052124 146.428491592407 145.265731811523 145.242975234985 144.080989837646 142.941774368286 141.596601486206 141.55570602417 140.378704071045 140.33865737915 140.298612594604 139.152307510376 139.112487792969 137.940803527832 137.901828765869 137.862859725952 137.823883056641 135.353874206543 134.15163230896 134.077672958374 134.003723144531 132.619937896729 130.322721481323 130.250356674194 130.17799949646 130.105628967285 128.72128868103 127.531816482544 127.460186004639 127.386566162109 127.310960769653 127.2353515625 127.159753799438 127.084146499634 127.008543014526
155.639785766602 155.671787261963 154.560161590576 153.304077148438 153.333824157715 154.657321929932 154.68970489502 154.722087860107 154.728645324707 152.267505645752 151.138164520264 151.119274139404 149.959522247314 149.940765380859 148.781425476074 148.762813568115 146.33477973938 145.17622756958 145.157976150513 143.999834060669 141.563650131226 140.387981414795 140.351739883423 140.315504074097 140.27925491333 139.107666015625 137.966867446899 136.627141952515 137.896318435669 137.861042022705 137.82576751709 136.48486328125 136.612400054932 134.141469955444 134.080785751343 132.71177482605 132.834150314331 131.46474647522 130.305475234985 130.245986938477 129.065479278564 130.103384017944 128.948635101318 128.890213012695 128.807846069336 127.387022018433 125.075233459473 124.971334457397 125.962066650391 125.858268737793
154.055881500244 154.107067108154 155.442783355713 155.496520996094 154.40881729126 154.462726593018 154.51664352417 153.273303985596 154.590347290039 152.136524200439 152.122055053711 152.107582092285 150.952419281006 149.830146789551 148.675457000732 148.661449432373 147.506807327271 146.386692047119 145.07299041748 143.918684005737 143.895315170288 140.317178726196 140.284732818604 140.252298355103 139.082794189453 137.946556091309 137.914979934692 137.883405685425 135.41517829895 135.384113311768 135.353038787842 136.625490188599 134.178716659546 134.13130569458 134.08390045166 132.908620834351 131.553890228271 131.506412506104 131.458932876587 131.411460876465 130.267375946045 129.098686218262 129.053039550781 129.007396697998 128.915910720825 126.34748840332 125.120203018188 124.986145019531 124.852087020874 122.29905128479
153.752502441406 153.825523376465 152.758533477783 152.831546783447 154.192687988281 154.268135070801 154.343585968018 154.41902923584 154.452053070068 152.005550384521 151.995880126953 150.845809936523 152.133392333984 149.719528198242 148.569496154785 148.560081481934 147.409729003906 147.400215148926 144.987997055054 143.837532043457 143.818300247192 140.246377944946 139.078285217285 139.050388336182 139.022493362427 138.994596481323 136.562950134277 136.534826278687 135.371692657471 135.344306945801 135.316917419434 134.186038970947 134.155282974243 134.121139526367 132.956754684448 131.617298126221 131.582691192627 131.548082351685 131.513484954834 130.352937698364 129.223173141479 129.190305709839 129.157444000244 128.002094268799 125.493600845337 125.329385757446 125.165166854858 125.000957489014 122.413269042969 122.252613067627
154.726451873779 153.543979644775 153.638828277588 155.017997741699 153.976570129395 154.073547363281 154.170532226562 154.267505645752 154.313751220703 153.169609069824 153.164909362793 153.16019821167 152.015148162842 150.714572906494 148.463527679443 148.458717346191 147.312652587891 146.203939437866 143.761304855347 143.756381988525 142.599599838257 140.175573348999 139.010457992554 138.986324310303 138.962184906006 136.537487030029 136.513076782227 135.351913452148 135.32820892334 135.304504394531 135.280794143677 134.154167175293 132.998657226562 132.978548049927 132.958436965942 132.938325881958 131.611490249634 131.589754104614 130.439403533936 129.322107315063 129.302024841309 129.281936645508 128.136276245117 125.706087112427 125.598875045776 125.40450668335 124.09361076355 123.902400970459 122.396459579468 122.206176757812
154.42200088501 155.645305633545 155.764694213867 155.884082794189 154.866279602051 154.985263824463 155.10425567627 155.223243713379 154.143920898438 154.143486022949 153.03687286377 153.036968231201 151.896900177002 151.89665222168 149.461616516113 148.357349395752 147.215576171875 147.215007781982 146.072191238403 143.675226211548 142.521827697754 142.501110076904 138.942626953125 138.922252655029 138.901887893677 136.446516036987 135.324760437012 135.304738998413 135.28472328186 135.26470375061 135.244680404663 135.224662780762 132.973999023438 132.967058181763 132.960117340088 132.953176498413 131.640285491943 129.402795791626 129.395492553711 129.388177871704 129.380868911743 129.373561859131 128.238456726074 125.820241928101 125.704145431519 124.357891082764 124.136749267578 123.915609359741 122.379652023315 119.966449737549
155.548099517822 155.677093505859 155.806083679199 155.935070037842 156.064067840576 155.054416656494 155.182872772217 155.311325073242 156.665584564209 154.22607421875 154.219730377197 153.107627868652 151.960540771484 150.660747528076 149.512584686279 149.506107330322 147.254322052002 146.105230331421 143.702793121338 142.553249359131 140.106565475464 138.995460510254 138.984998703003 138.974534988403 138.96407699585 137.812881469727 135.404954910278 135.394609451294 135.384260177612 135.373912811279 135.363557815552 135.353212356567 135.345106124878 133.101808547974 133.097499847412 131.788431167603 131.782135009766 130.678178787231 129.5397605896 129.534997940063 127.083894729614 127.07780456543 125.978445053101 125.973234176636 125.853818893433 124.495868682861 124.265619277954 120.513771057129 120.289621353149 120.06547164917
157.180305480957 157.308418273926 157.4365234375 157.564640045166 157.692749023438 157.820861816406 156.806419372559 158.04322052002 156.986339569092 155.668621063232 154.502094268799 154.479183197021 153.312324523926 152.183780670166 149.721614837646 149.699085235596 147.428886413574 146.262525558472 144.944248199463 142.67632484436 140.227247238159 139.131999969482 139.137580871582 137.999496459961 138.005382537842 138.011268615723 138.017162322998 138.02304649353 138.028936386108 135.632127761841 134.495899200439 134.50152015686 134.497793197632 133.382810592651 133.370574951172 133.358339309692 130.899284362793 130.885984420776 129.775020599365 129.762567520142 127.299045562744 127.285533905029 127.272018432617 126.165063858032 124.917278289795 124.698751449585 122.071187973022 120.734167098999 120.521434783936 118.99324798584
158.677192687988 159.91088104248 160.037197113037 160.163524627686 161.580123901367 160.563045501709 159.396572113037 159.522212982178 158.417938232422 157.267639160156 154.784446716309 154.744960784912 153.558963775635 152.413047790527 149.930644989014 148.74585723877 148.707386016846 146.419815063477 146.382303237915 142.799407958984 141.646444320679 140.369806289673 138.144546508789 138.166254043579 138.187959671021 138.209663391113 138.231365203857 138.253074645996 137.171787261963 137.193250656128 136.069696426392 134.787355422974 134.787395477295 133.663805007935 133.64365196228 133.623497009277 131.150733947754 131.12978553772 130.010278701782 129.990139007568 128.832118988037 126.397138595581 126.377017974854 125.221494674683 125.108436584473 124.90163230896 122.246688842773 120.954563140869 120.75325012207 119.433132171631
160.144592285156 160.267948150635 161.680530548096 161.805591583252 161.930648803711 162.055702209473 161.031471252441 159.858047485352 159.890590667725 158.683086395264 155.066806793213 155.010753631592 153.805603027344 152.601039886475 150.139671325684 148.936870574951 148.882568359375 146.577100753784 146.524078369141 144.024057388306 141.768976211548 140.660446166992 139.397294998169 138.333015441895 138.370534896851 138.408060073853 138.445571899414 138.483093261719 137.372434616089 136.306001663208 136.343074798584 136.380155563354 135.076999664307 135.048145294189 133.91672706604 133.88865852356 131.402191162109 131.373586654663 130.245527267456 129.075815200806 129.048896789551 126.603889465332 125.437143325806 125.41047668457 125.299596786499 123.781686782837 122.456798553467 121.174957275391 120.985065460205 119.672367095947
161.793338775635 161.91529083252 162.037254333496 164.565334320068 163.394313812256 163.516700744629 163.639080047607 162.607967376709 160.216342926025 158.988552093506 157.613674163818 155.276531219482 154.052234649658 153.980094909668 152.757297515869 151.579372406006 150.359188079834 147.838441848755 146.665859222412 145.449161529541 141.89150428772 139.494850158691 139.548513412476 140.906524658203 140.960905075073 137.4564037323 138.659780502319 138.713117599487 137.615251541138 136.56383895874 136.616458892822 136.669086456299 136.677661895752 135.329862594604 132.876220703125 131.68989944458 132.969753265381 131.617380142212 130.435050964355 129.300193786621 129.265682220459 129.231161117554 126.775585174561 125.599460601807 124.165718078613 122.846645355225 121.57382774353 121.395353317261 121.216876983643 118.822301864624
165.712024688721 165.833583831787 167.069396972656 166.076705932617 165.044006347656 165.164669036865 165.285331726074 164.104377746582 162.960178375244 159.294021606445 159.202972412109 157.957000732422 157.866653442383 155.513286590576 154.121841430664 152.881198883057 152.793388366699 150.450309753418 149.060966491699 145.574268341064 142.014028549194 142.084999084473 141.005439758301 141.075790405273 138.735685348511 138.804838180542 138.873991012573 138.943141937256 137.858072280884 137.926610946655 136.889841079712 136.958005905151 136.970323562622 136.926784515381 135.566959381104 131.94900894165 131.905094146729 131.861181259155 130.667922973633 129.524580001831 129.482460021973 128.116456985474 128.073249816895 125.788446426392 125.681921005249 121.949857711792 121.782800674438 121.615747451782 121.448694229126 119.060321807861
167.198383331299 168.471630096436 168.591274261475 167.554389953613 168.830539703369 167.791728973389 164.33122253418 165.565135955811 164.449836730957 163.179298400879 160.606117248535 159.383575439453 158.118816375732 158.011772155762 156.749713897705 154.230846405029 152.972763061523 150.61145401001 148.053075790405 145.699371337891 143.238374710083 142.223726272583 141.158735275269 139.936340332031 138.918260574341 139.003225326538 139.088193893433 139.173168182373 138.100894927979 138.185018539429 138.26914024353 137.246938705444 137.262985229492 137.211385726929 134.683506011963 133.528020858765 133.477354049683 132.104982376099 129.798679351807 128.425439834595 128.374814987183 128.324180603027 126.026218414307 125.977434158325 125.873085021973 124.616603851318 121.991779327393 121.836137771606 120.543632507324 119.298351287842
168.727787017822 168.844234466553 171.378528594971 171.496406555176 170.312282562256 169.310020446777 168.263679504395 165.909767150879 165.901386260986 163.491302490234 160.896041870117 160.769691467285 160.790451049805 158.247222900391 156.966293334961 155.735137939453 153.152137756348 150.772602081299 149.502286911011 146.976131439209 145.820478439331 143.464918136597 143.568740844727 141.258289337158 141.360601425171 140.305889129639 139.302400588989 139.403186798096 140.820154190063 138.443418502808 138.543130874634 137.535863876343 137.555654525757 137.495988845825 137.436321258545 133.789653778076 133.731149673462 132.348783493042 130.030673980713 129.973348617554 129.916027069092 128.531917572021 126.222574234009 126.166423797607 126.064245223999 123.442642211914 122.200750350952 122.056533813477 119.447309494019 120.629301071167
170.403827667236 170.336719512939 171.752498626709 173.029838562012 173.145458221436 173.261070251465 172.21053314209 168.729099273682 166.235626220703 164.92223739624 163.658699035645 161.042579650879 158.623157501221 158.482685089111 157.18286895752 153.467842102051 153.331508636475 153.195178985596 150.800342559814 148.205171585083 147.048427581787 146.06876373291 145.035869598389 142.740324020386 142.859899520874 140.504682540894 139.516613006592 139.633211135864 139.749809265137 138.70182800293 137.709987640381 137.824789047241 136.525016784668 136.456733703613 135.223949432373 134.051280975342 133.984954833984 132.592576980591 131.366550445557 130.197731018066 130.132804870605 130.067882537842 127.572732925415 126.355409622192 126.255405426025 123.641305923462 122.409729003906 122.276933670044 122.144132614136 120.868535995483
173.066646575928 173.17896270752 174.413341522217 175.691818237305 177.112201690674 176.058414459229 173.693786621094 170.202056884766 169.050289154053 166.404777526855 165.072135925293 161.315467834473 159.990524291992 158.718143463135 157.399452209473 157.243782043457 153.510883331299 152.201393127441 152.050399780273 149.642423629761 149.639781951904 146.211088180542 145.036226272583 142.911458969116 143.0472240448 141.865159988403 139.730819702148 139.863235473633 139.99564743042 138.960235595703 137.983371734619 138.11371421814 138.140985488892 136.738458633423 135.494169235229 134.312913894653 134.238752365112 132.836376190186 132.761850357056 130.42211151123 130.349590301514 130.277061462402 128.874481201172 126.544395446777 126.446565628052 123.839973449707 122.618701934814 122.497323989868 122.375947952271 122.254566192627
