data/spatiotemp/temp2/bio15_norsw_test_2007_2010.asc
NCOLS 654 
NROWS 380 
XLLCORNER 3.91666666666667 
YLLCORNER 55.3333333333333 
CELLSIZE 0.0416666666666667 
NODATA_value -9999 
[rows 330 to 351 of 380, columns 400 to 449 of 654]
-9999 -9999 -9999 -9999 -9999 -9999 -9999 -9999 -9999 -9999 -9999 -9999 -9999 -9999 -9999 -9999 -9999 -9999 -9999 -9999 -9999 -9999 48.8573455810547 48.780556678772 48.6673545837402 48.4406604766846 48.6735858917236 49.189398765564 49.4050703048706 49.4089279174805 49.5401010513306 49.6741590499878 49.8632154464722 50.5373678207397 50.3648366928101 50.5701589584351 50.8395071029663 51.0025873184204 50.7741250991821 50.7446413040161 50.3867139816284 50.4945831298828 50.006293296814 50.1738634109497 50.1290407180786 50.166410446167 50.1992349624634 50.0718050003052 49.650990486145 49.7290191650391
-9999 -9999 -9999 -9999 -9999 -9999 -9999 -9999 -9999 -9999 -9999 -9999 -9999 -9999 -9999 -9999 -9999 -9999 -9999 -9999 -9999 48.6696500778198 48.6059942245483 48.4339809417725 48.800085067749 48.717472076416 49.1811075210571 49.1430778503418 49.5208511352539 49.7504253387451 49.7167272567749 50.058970451355 50.117112159729 49.8602695465088 49.935583114624 50.5407371520996 50.7259349822998 50.5613279342651 50.5203971862793 50.7589635848999 50.580132484436 50.8635864257812 50.9647846221924 51.059591293335 50.8534603118896 50.4301834106445 50.3607883453369 50.3971042633057 50.3218603134155 50.5623235702515
-9999 -9999 -9999 -9999 -9999 -9999 -9999 -9999 -9999 -9999 -9999 -9999 -9999 -9999 -9999 -9999 -9999 -9999 -9999 -9999 48.6301078796387 48.6993551254272 48.773624420166 48.4161405563354 48.5767488479614 48.5595407485962 49.1172943115234 48.8935737609863 49.472354888916 49.6620006561279 49.6169357299805 49.7921228408813 50.2666893005371 50.4059991836548 50.3244428634644 50.4854345321655 50.5664396286011 50.8175210952759 50.6760931015015 50.7130060195923 50.9358100891113 51.2752380371094 51.7828588485718 51.7334051132202 51.373984336853 51.0062084197998 50.9538478851318 50.9778499603271 50.8674097061157 50.8821287155151
-9999 -9999 -9999 -9999 -9999 -9999 -9999 -9999 -9999 -9999 -9999 -9999 -9999 -9999 -9999 -9999 -9999 -9999 -9999 -9999 48.9621534347534 48.7955007553101 48.7795839309692 48.7847566604614 48.6118354797363 48.7734394073486 48.828351020813 49.1860094070435 49.3430557250977 49.4713840484619 49.5778608322144 49.8463325500488 50.0173921585083 50.2707176208496 50.2428569793701 50.5710535049438 50.6438312530518 50.6798963546753 50.9724426269531 51.3705062866211 51.7380514144897 51.9860582351685 51.947958946228 52.1999101638794 52.3374128341675 51.6149988174438 51.1969966888428 51.0623292922974 50.251145362854 50.7910766601562
-9999 -9999 -9999 -9999 -9999 -9999 -9999 -9999 -9999 -9999 -9999 -9999 -9999 -9999 -9999 -9999 -9999 -9999 -9999 -9999 48.5850915908813 48.5934543609619 48.9826765060425 48.9393434524536 48.7589807510376 48.8546829223633 48.9750833511353 49.517822265625 49.3553113937378 49.581075668335 49.4532098770142 49.5846757888794 49.5965843200684 50.0760545730591 50.4153528213501 50.4449024200439 50.7901945114136 50.5567989349365 50.9549398422241 51.0653524398804 51.3490715026855 51.7112188339233 52.2746105194092 52.2316112518311 52.4154663085938 51.7438173294067 51.5320701599121 51.1960868835449 50.7079515457153 50.2224349975586
-9999 -9999 -9999 -9999 -9999 -9999 -9999 -9999 -9999 -9999 -9999 -9999 -9999 -9999 -9999 -9999 -9999 -9999 -9999 49.3113269805908 49.2814140319824 49.1906814575195 49.4143075942993 49.1883592605591 49.0088243484497 49.15638256073 49.2168970108032 48.9292221069336 49.5131568908691 49.5278911590576 49.6444158554077 49.9368963241577 49.9798851013184 50.06103515625 50.5993347167969 50.4449577331543 50.7002859115601 50.7503938674927 50.9044561386108 51.5273637771606 51.6635723114014 52.0259494781494 52.3963689804077 52.4964742660522 52.2332553863525 51.778172492981 51.4954633712769 51.3015222549438 50.8367414474487 50.8484888076782
-9999 -9999 -9999 -9999 -9999 -9999 -9999 -9999 -9999 -9999 -9999 -9999 -9999 -9999 -9999 -9999 -9999 -9999 -9999 49.2763938903809 49.8394985198975 49.4281053543091 49.4646692276001 49.5835914611816 49.8031435012817 49.5914707183838 49.4207715988159 49.4924030303955 49.4728469848633 49.8279666900635 49.5848121643066 49.849196434021 49.9006061553955 50.4181642532349 50.5582208633423 50.3389406204224 50.7456159591675 50.4767818450928 51.0164947509766 51.5971088409424 51.5220136642456 52.0752506256104 52.1387138366699 52.3997745513916 52.2509317398071 51.9446258544922 51.3791952133179 51.5744285583496 51.1674470901489 51.0161542892456
-9999 -9999 -9999 -9999 -9999 -9999 -9999 -9999 -9999 -9999 -9999 -9999 -9999 -9999 -9999 -9999 -9999 -9999 -9999 -9999 49.7798099517822 49.4679946899414 49.5272979736328 49.4857311248779 49.7343807220459 49.7711982727051 49.7890901565552 49.7143793106079 49.5393085479736 49.7809915542603 50.2045469284058 50.1056232452393 49.9744157791138 50.3590297698975 50.6168489456177 51.0307855606079 51.1294412612915 51.3407754898071 51.1841821670532 51.4045381546021 51.817063331604 51.6294612884521 51.92555809021 52.0679845809937 52.0440759658813 51.8449583053589 51.9186534881592 51.6394529342651 51.2657985687256 51.0576057434082
-9999 -9999 -9999 -9999 -9999 -9999 -9999 -9999 -9999 -9999 -9999 -9999 -9999 -9999 -9999 -9999 -9999 -9999 -9999 49.7700395584106 49.796049118042 49.9934740066528 49.8832721710205 49.8994035720825 49.6997003555298 49.8100919723511 49.8526887893677 49.8563232421875 50.1142654418945 49.7830018997192 49.9729051589966 50.1115989685059 50.4589691162109 50.4258394241333 50.7361755371094 51.0639572143555 51.1352462768555 51.1414394378662 51.2815685272217 51.1159429550171 51.3101139068604 51.5672006607056 51.7387266159058 51.5622863769531 51.3746385574341 51.3620338439941 51.3330583572388 51.3566865921021 50.8372116088867 51.1973600387573
-9999 -9999 -9999 -9999 -9999 -9999 -9999 -9999 -9999 -9999 -9999 -9999 -9999 -9999 -9999 -9999 -9999 -9999 -9999 50.1404418945312 50.3839931488037 50.6133403778076 50.1940507888794 50.0893487930298 49.454517364502 49.764458656311 49.7930784225464 49.6200227737427 49.8557958602905 49.9668731689453 49.8897743225098 50.0354585647583 50.3200254440308 50.7674531936646 50.9913282394409 50.7374849319458 50.709493637085 50.5871200561523 50.594141960144 50.7332916259766 50.9836139678955 51.3168811798096 51.2634468078613 51.3810873031616 51.2917785644531 50.8766603469849 51.1407413482666 50.9328298568726 51.2295837402344 50.9279642105103
-9999 -9999 -9999 -9999 -9999 -9999 -9999 -9999 -9999 -9999 -9999 -9999 -9999 -9999 -9999 -9999 -9999 50.531683921814 50.4433612823486 50.518762588501 50.2947378158569 50.2466506958008 50.1514081954956 49.8111867904663 49.9169130325317 49.9952630996704 49.8896045684814 50.2222414016724 49.6122856140137 49.8254499435425 49.6843795776367 50.051399230957 50.4474687576294 50.2983493804932 50.5181770324707 50.4560537338257 50.6912641525269 50.4780368804932 50.657416343689 50.6894044876099 50.8936452865601 51.0633983612061 50.9148969650269 50.659520149231 50.7895183563232 50.723090171814 50.7509498596191 50.8939371109009 51.0382013320923 50.9356966018677
-9999 -9999 -9999 -9999 -9999 -9999 -9999 -9999 -9999 -9999 -9999 -9999 -9999 -9999 -9999 -9999 50.3155088424683 50.4988651275635 50.7524433135986 50.7879209518433 50.6622877120972 50.4322509765625 50.6928625106812 50.5539979934692 50.0525693893433 50.1654033660889 50.2418203353882 50.2369155883789 50.1431436538696 50.0970878601074 50.2848110198975 50.2979106903076 50.3436403274536 50.7178449630737 50.3687677383423 50.3496942520142 50.2833852767944 50.4157571792603 50.5921936035156 50.7585439682007 50.8168697357178 50.5384044647217 50.169285774231 50.3088665008545 50.3582820892334 50.6145038604736 50.685564994812 51.0585975646973 51.1617240905762 50.9679203033447
-9999 -9999 -9999 -9999 -9999 -9999 -9999 -9999 -9999 -9999 -9999 -9999 -9999 50.1624412536621 50.3384552001953 51.0022754669189 50.7162809371948 50.898491859436 50.4502754211426 50.6849088668823 50.4289503097534 50.6391859054565 50.876636505127 50.653525352478 50.303994178772 50.0782117843628 50.3250331878662 50.259449005127 49.8560647964478 50.3651332855225 49.9291849136353 50.2034225463867 50.2720422744751 50.1755104064941 50.3092069625854 50.5223503112793 50.5523624420166 50.5643367767334 50.5780591964722 50.548225402832 50.5179815292358 50.346489906311 50.4008655548096 50.3426218032837 50.4588031768799 50.6963682174683 50.6762676239014 50.8961973190308 50.8757829666138 50.9980087280273
-9999 -9999 -9999 -9999 -9999 -9999 -9999 -9999 -9999 -9999 -9999 49.8006649017334 50.111891746521 50.5025606155396 50.9441585540771 51.0317039489746 51.3148241043091 51.3722324371338 51.0676050186157 51.0943269729614 50.9665718078613 51.1212434768677 50.5646867752075 50.6246013641357 50.6233730316162 50.2666339874268 50.1204404830933 50.3882818222046 50.5273418426514 50.2758722305298 50.5043983459473 50.2242546081543 50.3857755661011 50.5304203033447 50.8101100921631 50.8179035186768 51.2598247528076 50.634635925293 50.5573434829712 50.2971544265747 50.5663681030273 50.360502243042 50.3721084594727 50.3233184814453 50.4937324523926 50.3248672485352 50.7103519439697 50.1760177612305 50.5608100891113 50.7388286590576
-9999 -9999 -9999 -9999 -9999 -9999 -9999 -9999 -9999 -9999 -9999 50.1554136276245 50.5041465759277 50.8032064437866 51.0564432144165 51.2576751708984 51.3494739532471 51.0856914520264 51.0188779830933 51.1354303359985 50.9688482284546 51.0715560913086 50.8607091903687 50.7872772216797 50.7832202911377 50.7682704925537 50.5817823410034 50.5738716125488 50.2633457183838 50.6178064346313 50.4618167877197 50.5746154785156 50.7856025695801 50.8079128265381 51.0257902145386 51.1206617355347 50.9514617919922 50.7167768478394 50.4998836517334 50.5623722076416 50.4805498123169 50.3553104400635 50.2666664123535 50.2185525894165 50.1778478622437 50.2242622375488 50.0615253448486 50.2042770385742 50.726490020752 50.7655086517334
-9999 -9999 -9999 -9999 -9999 -9999 -9999 -9999 -9999 -9999 -9999 49.6458234786987 50.4865694046021 50.7261095046997 51.2669134140015 51.4480295181274 51.478928565979 51.3569269180298 51.2185363769531 51.3856954574585 51.2741765975952 51.173978805542 51.1669149398804 51.1090087890625 51.1557855606079 51.1434497833252 50.9203872680664 50.6982583999634 50.7907257080078 50.6365833282471 50.5642862319946 50.7972459793091 50.8521423339844 50.8620471954346 50.8270950317383 50.941499710083 50.8697280883789 50.8240013122559 50.3854598999023 50.3676710128784 50.3961200714111 50.4510822296143 50.4602451324463 50.5733261108398 50.4318265914917 49.85853099823 49.9896087646484 50.0931987762451 50.3840169906616 50.8055734634399
-9999 -9999 -9999 -9999 -9999 -9999 -9999 -9999 -9999 -9999 -9999 50.1554327011108 50.4516229629517 50.9744052886963 51.1473016738892 51.4621315002441 51.4167423248291 51.5931797027588 51.3152418136597 51.3024625778198 51.1909170150757 51.4638814926147 51.4234561920166 51.7195920944214 51.5053625106812 51.3256330490112 51.3234958648682 51.2727193832397 50.595630645752 50.8044958114624 50.8596000671387 51.090048789978 50.9737930297852 50.7832565307617 51.0096025466919 50.9576377868652 51.1868085861206 50.7169237136841 50.5011320114136 50.7517547607422 50.2978448867798 50.5458040237427 50.4779481887817 50.0697793960571 50.1263389587402 50.0637712478638 50.1931076049805 50.3875284194946 50.2443923950195 50.287130355835
-9999 -9999 -9999 -9999 -9999 -9999 -9999 -9999 -9999 -9999 -9999 49.9129629135132 50.6237926483154 51.0029973983765 50.8576717376709 51.1750555038452 51.2046928405762 51.3465604782104 51.4224586486816 51.3660926818848 51.3355627059937 51.443021774292 51.3112125396729 51.4024639129639 51.2593946456909 51.4679136276245 51.1281118392944 50.8986902236938 50.7438039779663 50.6081142425537 50.6017665863037 50.6531705856323 50.6218557357788 50.6448860168457 50.8369340896606 50.8898134231567 50.715386390686 50.6400995254517 50.2970943450928 50.4109439849854 50.227087020874 50.0669202804565 50.2337131500244 50.0623397827148 49.8685283660889 49.6290245056152 49.436674118042 50.1224164962769 50.1096658706665 49.9932203292847
-9999 -9999 -9999 -9999 -9999 -9999 -9999 -9999 -9999 -9999 49.9439601898193 49.9860773086548 50.3632659912109 50.5518445968628 50.8267335891724 51.2874059677124 51.4907245635986 51.2920761108398 51.2981748580933 51.3679189682007 50.9520397186279 51.2901744842529 51.1652822494507 51.2836027145386 51.4791898727417 51.1934003829956 51.0630626678467 51.0198411941528 50.6401224136353 50.7717704772949 50.7879314422607 50.8993186950684 50.7005233764648 50.6895589828491 50.7781467437744 50.6702690124512 50.6578683853149 50.1257734298706 49.9033184051514 50.1848096847534 50.1961164474487 49.8241949081421 49.654224395752 49.8600244522095 49.5306129455566 49.5158739089966 49.5360345840454 49.6925745010376 49.4892835617065 50.3120851516724
-9999 -9999 -9999 -9999 -9999 -9999 -9999 -9999 -9999 -9999 50.0356225967407 50.2344741821289 50.5424900054932 50.9784669876099 51.1899385452271 51.2602157592773 51.3767004013062 51.4902105331421 51.4537658691406 51.6513004302979 51.4263620376587 51.6000823974609 51.3051176071167 51.37721824646 51.6237459182739 51.447437286377 51.2665309906006 50.8435144424438 50.6150484085083 50.4461460113525 50.6185884475708 50.6563167572021 50.6381435394287 50.3622713088989 50.5216436386108 50.2653751373291 50.2617092132568 50.271146774292 50.2174682617188 50.2938261032104 50.102897644043 49.9375762939453 49.7020616531372 49.9998302459717 49.7294282913208 49.7833223342896 49.6531572341919 49.8159370422363 50.0111265182495 49.9081125259399
-9999 -9999 -9999 -9999 -9999 -9999 -9999 -9999 -9999 -9999 49.5251054763794 50.0852079391479 50.8854789733887 51.3711748123169 51.6834774017334 51.670464515686 51.8900861740112 51.699031829834 51.8146524429321 51.6586742401123 51.4476804733276 51.6437835693359 51.8490772247314 51.6482887268066 51.5042476654053 51.4856081008911 51.2460088729858 51.119384765625 50.9432239532471 50.7872686386108 50.5996332168579 50.2999706268311 50.3253974914551 50.4580545425415 50.5169229507446 50.2326374053955 50.3766002655029 50.0397605895996 50.0096607208252 49.8143901824951 49.6983118057251 49.7726068496704 49.8765020370483 49.9887638092041 49.5296669006348 49.7945699691772 49.7059469223022 49.6928405761719 49.802393913269 49.8431539535522
-9999 -9999 -9999 -9999 -9999 -9999 -9999 -9999 -9999 49.4227457046509 49.6888275146484 50.2976207733154 50.8876714706421 51.3386363983154 51.6258707046509 51.7930126190186 51.8356475830078 51.8890924453735 52.1605968475342 51.8991994857788 51.7428340911865 51.8106298446655 51.6972570419312 51.6744899749756 51.3639707565308 51.1583890914917 51.1647853851318 50.9929885864258 50.8754167556763 50.8471956253052 50.555703163147 50.5577392578125 50.75075340271 50.3166484832764 50.7660551071167 50.276686668396 50.4268369674683 50.3129377365112 50.2333517074585 50.3481492996216 49.9359855651855 50.2046022415161 50.2034587860107 49.8024005889893 49.8403787612915 49.6301870346069 49.7911252975464 50.0018291473389 50.0775547027588 49.5960025787354
