data/spatiotemp/temp2/bio11_norsw_test_2007_2010.asc
NCOLS 654 
NROWS 380 
XLLCORNER 3.91666666666667 
YLLCORNER 55.3333333333333 
CELLSIZE 0.0416666666666667 
NODATA_value -9999 
[rows 286 to 307 of 380, columns 48 to 95 of 654]
1.07943417131901 0.582567684352398 0.353181719779968 0.597955010831356 0.743549689650536 -0.0250063389539719 -0.258499309420586 -0.958249777555466 -1.48506880551577 -1.96740560233593 -2.04574252292514 -2.1864125803113 -3.21509690582752 -3.9584544301033 -4.10314512252808 -4.63983583450317 -4.91852676868439 -5.28521746397018 -5.49657511711121 -5.74059921503067 -5.8782365322113 -6.2594872713089 -6.56635051965714 -6.49575483798981 -6.11123877763748 -5.94848954677582 -6.08240652084351 -6.21832394599915 -6.14024102687836 -6.77082514762878 -6.8267422914505 -6.84732615947723 -6.7576168179512 -6.40294808149338 -6.39361244440079 -6.16160982847214 -5.89294105768204 -4.74427208304405 -4.38893631100655 -4.74893409013748 -6.06559836864471 -6.11359602212906 -5.70159363746643 -5.70825797319412 -5.85451722145081 -5.49903720617294 -5.21889072656631 -5.16474443674088
1.48202776908875 1.46520972251892 1.11481240391731 0.775412291288376 -0.0818696245551109 -0.622977748513222 -1.56617269665003 -1.96336773317307 -2.32759855687618 -2.8248654777999 -2.62413216009736 -2.05806566029787 -2.86933259386569 -3.77859909832478 -4.4278658926487 -4.65046626329422 -4.79106619954109 -5.00499975681305 -5.25626659393311 -5.54353314638138 -5.806176841259 -6.09419703483582 -6.25500082969666 -5.93692630529404 -5.40401840209961 -5.5354437828064 -5.88629841804504 -6.31498539447784 -6.87033879756927 -7.09514498710632 -6.61571270227432 -6.39239943027496 -6.38504040241241 -6.46296852827072 -6.61289703845978 -6.60749191045761 -6.07275348901749 -5.31468164920807 -4.1252766251564 -5.06053805351257 -6.10780000686646 -6.09639471769333 -5.75298947095871 -5.82225108146667 -5.68389862775803 -5.25726479291916 -5.28929769992828 -5.00133073329926
1.47314736247063 1.58184653520584 1.35105857253075 0.740270629525185 0.212339639663696 -0.418805345892906 -0.414093464612961 -0.709547996520996 -1.0395300835371 -1.23337289690971 -1.77521583065391 -2.72239188849926 -3.35690134763718 -4.02741065621376 -4.43125361204147 -4.8484297990799 -4.58893927931786 -4.84211510419846 -5.57262468338013 -5.8804674744606 -5.9207838177681 -5.75024056434631 -5.41248464584351 -5.17276453971863 -5.22887760400772 -5.41073358058929 -5.88752335309982 -6.62121748924255 -6.88399732112885 -6.51322662830353 -6.29868292808533 -6.17013990879059 -6.37246400117874 -6.36365646123886 -6.50884824991226 -6.40404051542282 -6.00256609916687 -5.12909156084061 -4.05561703443527 -4.95147550106049 -5.51733458042145 -6.10452657938004 -6.07371866703033 -5.84957760572433 -5.98394644260406 -5.82415902614594 -5.65437132120132 -5.35991680622101
1.25127169489861 1.07710281014442 0.530509755015373 -0.51313216984272 -0.685252159833908 -0.826299756765366 -1.1786807179451 -1.73972839489579 -2.12812833115458 -2.35588052868843 -2.61696585640311 -3.02071803435683 -3.44580346345901 -3.60748285055161 -4.20480069518089 -4.53372651338577 -4.22947862744331 -4.71589741110802 -5.37831610441208 -5.5194017291069 -5.51472419500351 -5.39095062017441 -5.09984344244003 -4.95873641967773 -5.14896261692047 -5.22185564041138 -5.94008207321167 -6.41430830955505 -6.4152010679245 -5.87342739105225 -5.72832018136978 -6.06721347570419 -6.48322093486786 -6.41967725753784 -5.91946655511856 -5.45792239904404 -5.06637841463089 -4.61416792869568 -3.68462371826172 -4.43174651265144 -5.23686921596527 -5.64399182796478 -5.84311461448669 -5.75757068395615 -5.86599439382553 -5.97505289316177 -5.81677794456482 -5.47916996479034
1.08393667638302 0.55260156840086 0.284627616405487 -0.333346426486969 -1.20465363562107 -1.69862755388021 -1.9472681011539 -2.43390879780054 -2.91872656717896 -3.08838804811239 -2.98671611025929 -3.15304425358772 -3.45403908193111 -3.41170060634613 -3.39736197888851 -3.23624560981989 -3.61249440908432 -3.13417960703373 -3.45734125375748 -4.15233606100082 -4.84866464138031 -5.03299403190613 -5.0419899225235 -4.87298589944839 -4.99798202514648 -5.16097784042358 -5.7933070063591 -6.04696959257126 -5.96463245153427 -5.58829486370087 -5.70795744657516 -6.01962012052536 -6.17664450407028 -5.91503119468689 -5.50208443403244 -5.37313783168793 -5.35419082641602 -5.16724437475204 -4.47363090515137 -3.72201736271381 -4.85573720932007 -5.41679042577744 -5.68917727470398 -5.85356366634369 -5.85404241085052 -5.72261387109756 -5.63385158777237 -5.52775585651398
0.963546112179756 0.601415023207664 0.36926057562232 0.0125724673271179 -0.908721745014191 -1.54362197965384 -1.90652230847627 -2.14240806177258 -2.20325437188148 -2.3697844222188 -2.08713308721781 -2.06128713302314 -2.67127458192408 -3.37329638004303 -3.63927592337132 -4.2862568795681 -4.71789118647575 -4.59679511189461 -4.62636604905128 -4.81593698263168 -4.96060508489609 -4.85303753614426 -4.56213629245758 -4.59390193223953 -4.46633449196815 -5.13209986686707 -5.46986550092697 -5.41429781913757 -5.52673017978668 -5.48782914876938 -5.72026145458221 -5.93869382143021 -5.9434015750885 -5.90771865844727 -5.8667026758194 -5.70835298299789 -5.52133679389954 -5.3163206577301 -4.61663782596588 -3.77362149953842 -4.59127187728882 -4.65092244744301 -5.05990636348724 -5.35488998889923 -5.59342390298843 -5.57284110784531 -5.33625841140747 -5.33900892734528
1.6508868932724 1.45024546980858 1.16904845833778 0.395006392151117 -0.0461232885718346 -0.616007715463638 -0.870554029941559 -1.07235297560692 -2.00837755110115 -2.49406975507736 -3.22954986989498 -3.645029976964 -3.76451009511948 -4.15732368826866 -4.48880356550217 -4.746950507164 -4.95976394414902 -5.15324401855469 -5.062724173069 -4.92353785037994 -4.99454528093338 -4.80108088254929 -4.57561600208282 -4.16015130281448 -4.45602005720139 -5.4265553355217 -5.61642378568649 -5.52962589263916 -5.31616115570068 -5.40536326169968 -5.51923185586929 -5.6377671957016 -5.85415858030319 -6.01707285642624 -5.75265389680862 -5.5995682477951 -5.46914923191071 -5.22339701652527 -4.60431119799614 -4.06722545623779 -4.03080648183823 -3.81638763844967 -3.94730198383331 -4.62088304758072 -4.93547171354294 -5.37373524904251 -5.32733201980591 -5.09626197814941
0.652566313743591 0.977067500352859 1.14581447839737 0.708764530718327 0.0948284678161144 -0.557035028934479 -0.906363666057587 -2.51178324595094 -2.40918777883053 -2.19991056993604 -3.0306333899498 -3.27935615181923 -3.78541240096092 -4.07213494181633 -3.93419119715691 -4.29958081245422 -4.77897024154663 -4.84502631425858 -4.80641585588455 -4.64647191762924 -4.39648607373238 -4.33712410926819 -4.26642918586731 -4.08640074729919 -4.43437242507935 -5.24767738580704 -5.38031578063965 -5.27295398712158 -5.22159218788147 -5.26623064279556 -5.44953560829163 -5.49484080076218 -5.59624898433685 -5.61576056480408 -5.586605489254 -5.5441170334816 -5.36296188831329 -4.80580684542656 -4.79265174269676 -5.17616313695908 -5.3016744852066 -4.67185312509537 -3.74269786477089 -3.58687607944012 -4.24685335159302 -5.04129588603973 -5.23573869466782 -5.24218142032623
0.56379072368145 -0.0238883197307587 0.337177529931068 0.490808770060539 0.267227753996849 -0.169938482344151 -0.998951017856598 -1.29863035678864 -2.00245262356475 -2.49441804364324 -3.13771694153547 -3.62301574647427 -3.47164782881737 -3.9456133544445 -4.41291218996048 -4.22487765550613 -4.13550978899002 -4.36947524547577 -4.31477397680283 -4.01740622520447 -3.97109284996986 -4.12516754865646 -3.78190889954567 -4.11731672286987 -4.41472482681274 -4.68213272094727 -4.9575406908989 -4.9816153049469 -5.10702329874039 -5.20443117618561 -5.37317264080048 -5.46191400289536 -5.36367243528366 -5.17044788599014 -5.35588997602463 -5.36933213472366 -5.2787743806839 -4.90621638298035 -4.44832530617714 -5.08776718378067 -5.04854297637939 -4.6526517868042 -4.30742692947388 -3.33953589200974 -4.27823454141617 -4.61018991470337 -4.7654789686203 -5.04076766967773
-0.176572047173977 -0.401177510619164 -0.567116409540176 -0.862388610839844 -0.560142293572426 -0.205974727869034 -1.01176071166992 -1.8608106598258 -1.79501904547215 -1.91625893488526 -1.99546711548464 -2.32334180921316 -3.38388352096081 -3.62775826454163 -3.79429969191551 -3.98350781202316 -4.04404923319817 -4.02592411637306 -4.2644656598568 -3.86967372894287 -3.262366771698 -3.54321111738682 -3.85605528950691 -4.32489943504333 -4.56041043996811 -4.82058811187744 -4.9014328122139 -4.67427691817284 -4.89378786087036 -5.24529886245728 -5.38080990314484 -5.33232092857361 -5.19309616088867 -4.93313527107239 -4.84317481517792 -5.0732142329216 -5.01925361156464 -4.6019594669342 -4.19866552948952 -4.92603814601898 -4.85407763719559 -4.39078357815742 -4.28615620732307 -3.73552870750427 -3.59561610221863 -3.51041756570339 -4.21721893548965 -4.72935402393341
-0.32293489575386 -0.279133394360542 -0.221331872045994 -0.865530401468277 -1.5030622035265 -2.1519273146987 -1.8581259213388 -1.48565782606602 -1.46831570565701 -2.35343327373266 -2.93455056101084 -2.98900140821934 -3.08078563958406 -3.21323619782925 -3.72035393118858 -3.93013787269592 -4.01192206144333 -3.80703943967819 -3.74815729260445 -3.55527454614639 -2.97364047169685 -3.75792104005814 -4.20020171999931 -4.31114912033081 -4.38209652900696 -4.5143771469593 -4.35265785455704 -4.6042717397213 -4.97788566350937 -5.15616643428802 -5.21844691038132 -5.20006102323532 -4.97385305166245 -4.86382299661636 -4.75845956802368 -4.88042932748795 -4.72906583547592 -4.07103598117828 -3.92900577187538 -4.32697573304176 -4.77161228656769 -4.64224869012833 -4.75888547301292 -4.5035218000412 -3.13833077996969 -3.25197825580835 -4.28495919704437 -4.72460660338402
0.0807022638618946 -0.211089208722115 -0.566880688071251 -0.936005473136902 -1.41646361351013 -1.96558845881373 -2.08071323484182 -1.86517141759396 -2.45558039098978 -1.95394071191549 -2.33896736800671 -3.05466091632843 -3.43768765032291 -3.32738120853901 -3.42907474935055 -3.47543489933014 -3.50046172738075 -3.63282184302807 -3.63851514458656 -2.80354208871722 -3.29758070409298 -3.42996451258659 -3.92034801840782 -4.26339834928513 -4.13644868135452 -4.09016579389572 -4.10388284921646 -4.54159978032112 -4.90331691503525 -5.07370060682297 -5.178750872612 -5.07580107450485 -4.87861007452011 -4.68051025271416 -4.2524109184742 -4.63564485311508 -4.73754525184631 -4.21344545483589 -3.60134598612785 -3.83657997846603 -4.5798137485981 -4.50238078832626 -4.30694785714149 -4.09351512789726 -3.20371213555336 -2.64887239411473 -3.53136599063873 -4.34519302845001
-0.103739537298679 -0.245292827486992 -0.598179414868355 -1.07773265242577 -1.38261923193932 -1.54950574785471 -1.02839231491089 -1.28061227500439 -2.08690614067018 -2.62927402555943 -2.63630840927362 -2.95467645674944 -3.16237755119801 -2.89407875388861 -3.23711331188679 -3.45281463861465 -3.2851824015379 -2.89221684634686 -2.75191812217236 -2.06028598826379 -2.6962479101494 -3.65780392289162 -4.0006932914257 -3.93558242917061 -3.48247170448303 -3.64869432151318 -4.19691681861877 -4.3678061068058 -4.59202870726585 -4.85891783237457 -4.81247395277023 -4.70136311650276 -4.66677540540695 -4.61404398083687 -4.57731240987778 -4.0819143652916 -4.37451627850533 -3.54511803388596 -3.62305320799351 -3.94498854875565 -4.25559023022652 -4.21619218587875 -4.13012734055519 -4.20139601826668 -3.19167770445347 -2.4256397113204 -3.48026838898659 -4.20556384325027
-0.421593680977821 -0.401744201779366 -0.563227921724319 -0.600045129656792 -0.748862206935883 -0.515012815594673 -0.716496616601944 -1.4913135766983 -1.94829256646335 -2.38743323460221 -2.12790718860924 -2.03371437755413 -2.45352169126272 -2.55532899685204 -2.73846974782646 -3.09961034357548 -2.92541754990816 -2.32589146494865 -2.04503207281232 -1.43350599706173 -2.71230847947299 -3.24143928289413 -3.6745699942112 -3.56036758422852 -3.09683166444302 -3.3746290653944 -3.63642659783363 -4.16289073228836 -4.49468800425529 -4.69848558306694 -4.48494988679886 -4.41941398382187 -4.41101613640785 -4.38909029960632 -4.2631644308567 -3.90190520882607 -3.88397920131683 -3.33205330371857 -3.91612729430199 -3.88220158219337 -3.72694209218025 -3.90034967660904 -3.86975702643394 -4.03716436028481 -3.04089434817433 -2.63761369511485 -3.74833306670189 -4.02238580584526
-0.585447877645493 -0.664862304925919 -0.583609953522682 -0.391024217009544 -0.196438558399677 -0.405852988362312 -0.825267344713211 -1.11201497912407 -1.18634562194347 -1.71892559528351 -2.32950574159622 -2.52808575518429 -2.56266577541828 -2.40657907351851 -2.57915917783976 -2.40440596267581 -2.49631934612989 -2.01423275354318 -1.21414603292942 -1.68872612714767 -2.49570233374834 -3.05440809577703 -3.45911349356174 -3.24181920289993 -2.66585827851668 -3.10789716243744 -3.57060284912586 -3.71064180135727 -4.07068082690239 -4.13271963596344 -4.19075885415077 -4.38679763674736 -4.38792386651039 -4.23746982216835 -4.18234953284264 -3.62722912430763 -3.10410888493061 -3.52165515720844 -3.66920129954815 -3.54074762761593 -3.1356273368001 -3.27317360788584 -3.59538644552231 -3.82426604628563 -3.1801111549139 -2.6815877314657 -3.66773085296154 -3.80054119229317
-0.156635425984859 -0.164647005498409 -0.0326585993170738 0.045996505767107 0.217984919901937 -0.238693289458752 -0.538038223981857 -1.27338315546513 -1.95973187871277 -2.07708476483822 -1.94577092863619 -2.18445701152086 -1.9464766215533 -2.15982935577631 -1.94384885951877 -2.02786825348448 -2.41855446621776 -2.07657397165895 -1.04792676866055 -1.33727972209454 -2.34776290506124 -2.95804335922003 -3.02499051392078 -2.50460446998477 -2.86688477918506 -3.15116538852453 -3.4987791031599 -3.16905964165926 -3.43667343258858 -3.51095405220985 -3.84790104627609 -4.15884819626808 -4.20616430044174 -3.87384951114655 -3.78486806154251 -2.88655337877572 -3.08890521526337 -3.48659029603004 -3.25360875576735 -3.16996070742607 -3.12497915327549 -2.89133105054498 -2.93768291547894 -3.19270140677691 -2.99199422821403 -2.53756154328585 -3.07379569113255 -3.48136299848557
0.333510383963585 0.397568248212337 0.36962616071105 0.449017401784658 0.0224085599184036 -0.472200140357018 -0.466809064149857 -0.589417889714241 -0.869785040616989 -1.23524385690689 -1.33203625679016 -1.42682844400406 -1.45562061667442 -1.18107962608337 -1.76587185263634 -1.96933076623827 -2.110123032704 -1.85158186405897 -0.80304080247879 -1.35449972748756 -2.44715683534741 -2.7623453810811 -2.54620097577572 -2.05338953062892 -2.2332448400557 -2.49376672133803 -2.80762221850455 -2.73347760876641 -2.78933289088309 -3.13518806546926 -3.50637699663639 -3.67289870977402 -3.54040496051311 -3.34222914278507 -3.07605326920748 -2.3952107205987 -2.75903461873531 -3.06085872650146 -3.13534948974848 -3.03984030336142 -3.12166427820921 -3.29548852145672 -2.90331249684095 -2.53113658353686 -2.40721093863249 -2.5375356040895 -3.05119359493256 -3.37285155057907
0.715656250715256 0.703116945922375 0.763910919427872 0.502038180828094 0.124165615066886 -0.0457070991396904 -0.18757988512516 -0.510119169950485 -0.972504675388336 -1.07806973159313 -0.653634771704674 -1.29253304004669 -1.67076481878757 -1.07432971894741 -0.902561455965042 -1.65879313647747 -2.11302469670773 -1.60858973860741 -0.774821490049362 -1.5177198946476 -2.04388399561867 -2.52798091433942 -2.36407782137394 -1.90084128268063 -1.69960481673479 -2.06903495360166 -2.1731317602098 -2.43322871625423 -2.37199221551418 -2.37542223185301 -2.98551912605762 -3.18561592698097 -3.0993125513196 -3.06060889363289 -2.40190511196852 -2.30720130354166 -2.0644977428019 -2.58112730458379 -2.81109029613435 -2.74771991139278 -3.01901622116566 -3.0789792239666 -2.86294223368168 -2.4549051374197 -2.33909430354834 -2.50950959697366 -2.985924936831 -3.14034029841423
1.41380202770233 1.22799879312515 1.05419561266899 0.603725798428059 0.242589232861064 0.160119177773595 -0.135017395019531 -0.0221539512276649 -0.238557748496532 -0.525562331080437 -0.505899965763092 -1.11223769187927 -1.41190874576569 -1.13424672186375 -0.687251061201096 -1.03625547885895 -1.30259326100349 -0.848264425992966 -0.724602177739143 -1.55693988502026 -1.64527793973684 -1.76761628687382 -1.79862129315734 -1.79495965316892 -1.48863141238689 -1.83163633942604 -1.81330804526806 -2.37364645302296 -2.61265154182911 -2.4743231497705 -1.96332809422165 -1.98233314440586 -2.55755327641964 -2.40832185745239 -2.30909036844969 -2.02719206456095 -1.70262730121613 -1.9240624923259 -2.4601643383503 -2.42959959805012 -2.61703477799892 -2.85913653299212 -2.87190530076623 -2.6453402955085 -2.20897741615772 -2.28815019875765 -2.64065616391599 -2.68316220771521
1.81390634179115 1.72513473033905 1.39981362223625 0.778079926967621 0.378346044570208 0.442612271755934 0.240878393233288 0.241144701838493 0.140055859461427 -0.317721322178841 -0.334165170788765 -0.761942446231842 -0.647719576954842 -1.21683007478714 -1.02327397465706 -0.0177178382873535 -0.1308284252882 -0.445272237062454 -0.701716229319572 -1.13082663714886 -1.31200517714024 -1.03791832923889 -1.22316482663155 -1.47574478387833 -1.42499133944511 -1.50157116353512 -1.72815105319023 -2.28339766710997 -2.53731080517173 -2.61455735564232 -2.12913711927831 -1.47105029225349 -1.99112741649151 -2.25870136171579 -1.82560878619552 -1.80584958568215 -1.63075710088015 -1.77499769255519 -1.67990507185459 -2.07881251163781 -2.28505324572325 -2.61462732218206 -2.66753478487954 -2.5217755548656 -2.25819414108992 -1.97945747291669 -2.25205421447754 -2.35198409110308
-9999 2.29402333498001 1.69193908572197 1.30071178078651 0.988102957606316 0.625771977007389 0.440774340182543 0.25244332361035 0.328669434413314 0.0241195410490036 -0.0564304515719414 -0.279647082090378 -0.586197108030319 -0.883413761854172 -0.987963676452637 -0.417846977710724 0.292269756086171 -0.185613468289375 -0.768163502216339 -0.790046870708466 -0.788065850734711 -0.628887102007866 -0.890375196933746 -1.3745298832655 -1.13201794028282 -1.28483940660954 -1.49566063284874 -2.00381544977427 -2.293970040977 -2.37412489950657 -1.82961298152804 -1.49043425917625 -1.87870139628649 -2.10908098518848 -1.52679400146008 -1.37050691246986 -1.79688658565283 -1.87259963154793 -1.50231249630451 -1.82735887169838 -2.19973840937018 -2.36878480762243 -2.26983100920916 -2.20887726917863 -2.0314108482562 -2.04543143231422 -1.94478533603251 -1.93080610223114
-9999 -9999 -9999 -9999 1.24927657842636 0.924068957567215 0.870225712656975 0.857741922140121 0.829949781298637 0.691960357129574 0.315970996394753 -0.0833517238497734 -0.470674529671669 -0.849997192621231 -0.70265319943428 -0.262642577290535 0.197368058376014 0.0460452474653721 -0.195944130420685 -0.385933548212051 -0.552126377820969 -0.415189236402512 -0.695585489273071 -1.1066483259201 -1.16371117532253 -0.869440883398056 -1.00450372695923 -1.47823317348957 -1.97129610739648 -2.32969223707914 -1.96875517908484 -1.4431514441967 -1.91427561640739 -1.72679408639669 -1.18264578282833 -1.30183111131191 -1.80834955722094 -1.58486804366112 -1.28338664770126 -1.63923849910498 -1.96309035178274 -2.12427550181746 -2.07012739777565 -2.167979195714 -2.07662744540721 -1.91407209634781 -1.95751668233424 -1.72296138107777
