data/spatiotemp/temp2/bio15_norsw_test_2007_2010.asc
NCOLS 654 
NROWS 380 
XLLCORNER 3.91666666666667 
YLLCORNER 55.3333333333333 
CELLSIZE 0.0416666666666667 
NODATA_value -9999 
[rows 198 to 219 of 380, columns 200 to 249 of 654]
40.5895385742188 40.4659767150879 40.831684589386 39.3321313858032 39.4011836051941 40.061062335968 41.6781816482544 42.2795724868774 43.3687562942505 43.5470638275146 43.7429246902466 45.0790319442749 42.4569292068481 41.2029495239258 42.519326210022 44.0730323791504 44.3241949081421 44.8512601852417 45.1041927337646 46.3021450042725 47.4272661209106 47.9942302703857 49.5346612930298 50.4284334182739 49.8445711135864 49.7508754730225 49.6168975830078 50.9976797103882 51.5984115600586 51.8013181686401 51.1091337203979 50.216947555542 50.6313037872314 52.7228965759277 51.3882513046265 51.0375576019287 50.7576732635498 51.3109083175659 52.1879587173462 53.3702487945557 54.2707548141479 55.1414566040039 55.5537128448486 56.4268360137939 56.2990264892578 56.1838293075562 56.751368522644 57.0903215408325 56.2876205444336 58.2236223220825
41.1159601211548 40.9048795700073 41.6789226531982 41.4643325805664 41.6199779510498 42.1000242233276 42.4856662750244 43.0115928649902 43.1044397354126 43.6346416473389 44.2456283569336 46.1492681503296 47.7935352325439 47.3593759536743 46.057089805603 47.0977573394775 48.1649370193481 48.512170791626 48.863073348999 49.4337091445923 51.1573972702026 51.6155233383179 51.3164052963257 51.5694313049316 52.3984699249268 53.0108995437622 53.4037351608276 53.8204793930054 53.6426849365234 53.4799604415894 54.2465782165527 53.9588356018066 54.0779438018799 55.5531244277954 55.7429313659668 55.1028480529785 55.0263147354126 55.4440593719482 55.5214729309082 55.6206188201904 56.6807994842529 56.9473638534546 57.4425344467163 57.1838550567627 56.8547067642212 56.6344604492188 56.7373828887939 57.226188659668 57.8606281280518 57.6834259033203
40.3607935905457 40.2851324081421 41.5907497406006 41.5730857849121 41.5488386154175 41.8515596389771 42.2601222991943 42.3543825149536 43.0366697311401 44.3009567260742 46.1057710647583 46.9714994430542 48.3015451431274 49.1877031326294 49.9475231170654 50.4085645675659 51.1056222915649 51.8864784240723 51.7561454772949 51.8135404586792 52.8085908889771 52.439905166626 52.2590360641479 52.7807149887085 52.7714328765869 54.4046125411987 54.2768287658691 54.4282464981079 55.0540447235107 55.4210710525513 56.0069875717163 55.7134122848511 56.7287321090698 57.2731647491455 58.1200933456421 58.8459815979004 58.1189994812012 58.9327173233032 59.0937604904175 58.7012252807617 58.0172777175903 57.7735214233398 58.3060855865479 58.130334854126 57.9713640213013 57.240288734436 56.7014169692993 56.6024751663208 57.0345401763916 57.6608104705811
40.4404096603394 40.4537663459778 41.5662775039673 42.2439126968384 42.2938032150269 41.8692779541016 41.3245525360107 41.8801670074463 43.0671548843384 44.108814239502 44.0564918518066 44.9156637191772 46.1905784606934 47.4353542327881 47.3705043792725 47.8431177139282 47.5360765457153 47.6816692352295 49.3178653717041 49.9551448822021 51.3466281890869 52.4976320266724 52.896861076355 53.6234970092773 53.5480365753174 53.6003942489624 53.6913805007935 52.9363050460815 53.7640371322632 55.2233486175537 55.3334226608276 56.3294887542725 57.4758596420288 58.2835912704468 58.3220806121826 58.7326431274414 60.5441999435425 62.6905126571655 62.0764970779419 61.7101993560791 60.5978946685791 59.9229221343994 58.9767036437988 58.9361095428467 58.6858739852905 58.2385759353638 57.904128074646 57.392523765564 57.2917747497559 56.7032957077026
42.5989322662354 42.9146490097046 42.948486328125 42.3591651916504 42.7397327423096 44.3657903671265 43.81520652771 43.5363464355469 44.2434196472168 44.5861682891846 44.3370542526245 44.4931344985962 44.9559307098389 45.0462875366211 45.24671459198 46.0740966796875 46.7600526809692 47.2774391174316 47.5979452133179 48.3992214202881 48.7312965393066 49.6313753128052 50.8059196472168 51.1370143890381 52.270227432251 51.7607221603394 50.3998794555664 49.8969526290894 52.0797443389893 51.796181678772 53.0829238891602 54.6917381286621 56.6527824401855 57.3075857162476 56.7103300094604 58.5614204406738 61.5025463104248 62.0009984970093 61.8572778701782 62.3490915298462 62.1005783081055 61.3208456039429 60.5786924362183 59.593900680542 59.3936548233032 58.538330078125 58.574089050293 58.4516916275024 56.8890037536621 55.9874629974365
41.4169816970825 42.5498628616333 43.4804067611694 44.6285600662231 44.0789566040039 43.6414575576782 44.6566114425659 45.3390989303589 45.7090721130371 46.7083263397217 47.4656734466553 47.8414058685303 47.6782503128052 47.9778575897217 48.0039653778076 48.4556226730347 48.3773717880249 49.1886863708496 49.7943105697632 49.9510059356689 49.7417573928833 50.1160230636597 50.030198097229 49.661675453186 50.0580539703369 50.8449649810791 50.6089534759521 51.4478626251221 51.8755292892456 52.1158037185669 51.7317981719971 53.0005922317505 54.2535123825073 56.1622486114502 57.6900730133057 58.5771856307983 59.801417350769 60.3057622909546 60.7984495162964 61.8360538482666 62.1122398376465 61.7439260482788 60.6314811706543 59.4473600387573 59.0172634124756 58.1920909881592 58.62806224823 57.9316263198853 57.2673482894897 55.8301410675049
41.5694131851196 42.1164293289185 43.0985240936279 45.6241693496704 45.9105272293091 44.7817468643188 44.6423854827881 45.0420026779175 45.9255075454712 46.2479581832886 46.4179983139038 46.7571029663086 47.3738708496094 48.8226890563965 50.0164470672607 50.4352397918701 51.5941200256348 51.446702003479 50.8945779800415 51.3589906692505 51.3105716705322 51.4186992645264 50.8088645935059 49.7737255096436 49.1817445755005 47.8563508987427 47.2061519622803 48.6769151687622 50.4024248123169 51.306752204895 52.1864223480225 51.8527002334595 53.0596551895142 54.1513996124268 54.9529142379761 55.8826675415039 56.7930564880371 57.7348604202271 58.5130853652954 59.8425006866455 60.3359460830688 60.6345129013062 60.5529222488403 60.3600378036499 59.3408641815186 58.5527896881104 57.5276193618774 57.2685699462891 57.1433696746826 56.5677547454834
41.7513484954834 41.97487449646 42.5183868408203 44.8227014541626 47.018648147583 48.3001508712769 47.7869243621826 46.9040861129761 46.7766437530518 45.3039522171021 44.0970697402954 44.5866661071777 44.0719985961914 44.644024848938 47.7073516845703 50.3188543319702 51.1353969573975 51.8064374923706 51.2397403717041 49.5951414108276 49.7916374206543 50.6776819229126 52.3312940597534 52.3592281341553 52.2697486877441 52.2679080963135 51.3379621505737 51.74538230896 51.9397315979004 52.4164638519287 52.9091205596924 53.2048187255859 53.0362682342529 54.4644393920898 55.0168151855469 55.4288234710693 56.2187967300415 57.0848350524902 56.9303121566772 55.3656921386719 54.3279294967651 55.5828323364258 55.3464670181274 58.1188983917236 59.1825876235962 58.4736490249634 57.4337997436523 56.9941816329956 55.9399929046631 56.4645004272461
42.809868812561 43.1257286071777 42.5624399185181 44.3796491622925 48.1689376831055 49.8404226303101 48.6292066574097 49.1069965362549 49.0262069702148 48.8029289245605 48.0646924972534 47.5741481781006 47.4579515457153 48.2216844558716 47.1319580078125 46.8881368637085 48.1159362792969 51.4017419815063 51.209246635437 50.4113693237305 51.8400049209595 51.2281818389893 51.6102352142334 53.3151884078979 52.5513648986816 52.9743099212646 54.6746606826782 55.8032751083374 55.7743434906006 56.3493623733521 56.6215295791626 55.909441947937 56.2684020996094 55.6326532363892 56.16441822052 56.5907802581787 56.9458675384521 57.7601156234741 58.3293752670288 56.565526008606 53.2586727142334 53.1366767883301 52.5140361785889 54.2092027664185 58.4851846694946 58.3284101486206 56.685037612915 55.6161870956421 55.5481252670288 55.9792785644531
42.6420335769653 43.753173828125 45.2362699508667 46.4615716934204 47.4664974212646 48.8255014419556 49.4090671539307 49.8284273147583 50.6708240509033 50.1557188034058 50.614501953125 50.234769821167 48.084813117981 47.7349424362183 46.5334358215332 47.1668329238892 47.6630744934082 49.9452018737793 51.5469522476196 51.5431709289551 52.1316452026367 52.8127088546753 53.9885091781616 53.8202476501465 53.846661567688 54.6099052429199 55.8441724777222 56.1512498855591 56.4552125930786 57.5368461608887 58.0793762207031 57.2437477111816 57.9480199813843 58.3963050842285 57.0172128677368 57.1359834671021 56.1164436340332 56.1131753921509 56.7634963989258 57.3900156021118 53.9592208862305 52.5413007736206 52.4968118667603 53.9313430786133 55.4644222259521 57.4794692993164 57.4864273071289 55.8457851409912 55.8493995666504 55.9641399383545
42.1246299743652 41.7975301742554 42.7070446014404 44.9179992675781 47.6205797195435 49.2312393188477 49.6846208572388 50.0513401031494 50.5345802307129 51.1877899169922 51.9558439254761 52.4088468551636 51.6337938308716 49.6858997344971 48.9773797988892 49.5239715576172 50.5106620788574 51.5784530639648 51.3680257797241 52.2261343002319 52.8375043869019 53.967303276062 55.4373188018799 53.6686573028564 51.5708570480347 52.632209777832 55.2678899765015 57.3493385314941 54.9236526489258 57.2055053710938 59.0072546005249 58.0237627029419 57.1517906188965 57.3833103179932 58.0972833633423 60.2007999420166 58.8978929519653 57.7896327972412 58.723970413208 58.0589647293091 54.9209203720093 53.0116024017334 54.8605871200562 55.1298580169678 56.4589929580688 56.4630069732666 57.0187015533447 57.175048828125 56.7081899642944 56.7495269775391
44.0667209625244 43.9808435440063 43.4127883911133 43.9433422088623 45.1211643218994 45.8290719985962 47.0882215499878 50.6812257766724 52.4503498077393 52.314902305603 52.4453315734863 53.1127500534058 52.9048643112183 52.792332649231 53.1307592391968 52.1650657653809 52.8452205657959 53.5729846954346 53.7448749542236 53.5564746856689 55.5692844390869 56.1928567886353 54.2357225418091 54.8848361968994 55.7294588088989 56.0387487411499 57.408242225647 58.4759349822998 59.3219804763794 59.6409845352173 60.7915115356445 59.0156755447388 58.1457748413086 57.710147857666 57.7807998657227 59.6164426803589 60.864109992981 60.7818431854248 60.1095447540283 58.4373922348022 54.4004354476929 51.5764389038086 50.8730440139771 52.6248340606689 55.6763687133789 56.4349012374878 56.4394083023071 55.8098382949829 56.3561973571777 55.9619197845459
44.5887575149536 44.8859024047852 45.7986793518066 45.4067430496216 46.4370059967041 48.0806694030762 48.3583478927612 50.0293369293213 51.7643995285034 52.8733806610107 52.4666213989258 51.517671585083 51.283670425415 51.720892906189 52.6005659103394 52.9917516708374 53.8452634811401 53.8822708129883 54.0989446640015 54.1493511199951 53.8934717178345 54.4223394393921 53.2530689239502 53.1070375442505 53.2233839035034 52.9288787841797 53.1201047897339 54.7991209030151 56.031439781189 58.5169229507446 60.5376949310303 60.2251062393188 60.3122930526733 60.7564172744751 60.3865022659302 60.1508188247681 59.4339990615845 57.9769859313965 58.2941131591797 59.5098838806152 58.6394567489624 55.4072999954224 53.5604448318481 52.7450141906738 54.9365205764771 54.9265127182007 55.4119091033936 55.7910757064819 55.8722906112671 55.9634971618652
45.2159194946289 45.5782432556152 46.4977445602417 47.0951881408691 47.2595834732056 49.1578226089478 49.5706377029419 50.758113861084 51.4679346084595 51.907154083252 51.8563346862793 51.8758335113525 51.73619556427 51.6376972198486 51.8869638442993 52.4351167678833 52.37779712677 52.2128276824951 51.8346033096313 51.4969263076782 50.9241895675659 50.9151973724365 50.4618606567383 51.6175661087036 50.6206693649292 50.9128837585449 52.2300119400024 53.7021245956421 54.6999750137329 56.0308628082275 56.8778495788574 58.4369010925293 57.687180519104 57.074161529541 57.6500701904297 58.8039522171021 59.4225721359253 56.0206756591797 56.4256219863892 58.5723915100098 58.4358692169189 58.0732822418213 57.6353921890259 56.0395383834839 54.8561191558838 54.2766456604004 54.4948272705078 55.2321081161499 55.7458553314209 55.9201641082764
45.7130222320557 45.6907138824463 46.6028985977173 47.8856182098389 49.0632514953613 48.8596878051758 49.5541801452637 50.6413946151733 51.1690359115601 51.9300422668457 52.039379119873 51.5785484313965 51.5835094451904 51.4673900604248 52.3221759796143 52.5927972793579 51.2298345565796 50.685977935791 50.7095651626587 51.2830772399902 51.3324785232544 49.9226293563843 48.8623199462891 49.7980279922485 49.8246154785156 48.956524848938 50.1388902664185 52.2603054046631 52.2925395965576 51.1796884536743 49.2790079116821 50.7557888031006 55.9057197570801 57.7772521972656 57.2761926651001 57.5106449127197 57.9830732345581 55.6430244445801 55.082953453064 55.6073865890503 57.4174919128418 57.6083221435547 57.6668529510498 57.5676259994507 56.2908802032471 54.843731880188 54.4889221191406 54.0779008865356 54.2381315231323 54.3328561782837
45.2103681564331 45.1152639389038 46.2986812591553 46.886344909668 47.5869455337524 49.0681524276733 48.3308448791504 48.0898866653442 48.1354970932007 49.2648458480835 50.1278343200684 51.3065528869629 51.7581768035889 50.1902112960815 50.196626663208 49.9903469085693 49.8495054244995 49.9174957275391 50.1504230499268 50.3636064529419 51.7442111968994 51.7372493743896 51.2567472457886 51.2783508300781 52.5539150238037 51.6239013671875 51.4816761016846 52.6517009735107 50.9309148788452 48.4870491027832 47.4145927429199 49.2094774246216 53.3946905136108 57.5150747299194 58.8569011688232 57.167763710022 57.587215423584 58.4182367324829 57.0876750946045 55.449538230896 56.0557661056519 56.91246509552 57.42041015625 57.1852579116821 56.7999181747437 56.0573377609253 55.8501310348511 55.0792922973633 54.3283805847168 53.5075902938843
42.9865741729736 43.9937763214111 46.4748992919922 44.3990592956543 44.83655834198 45.6365528106689 47.9536962509155 48.0397319793701 48.0460758209229 50.2086753845215 50.4362812042236 51.7848653793335 52.5726690292358 49.2640895843506 50.4120225906372 50.8676528930664 49.9886388778687 49.4695997238159 48.10728931427 48.5353355407715 48.9460144042969 49.8095417022705 50.3954973220825 51.0107564926147 51.3132019042969 52.2895698547363 54.1771097183228 54.2779493331909 52.5747289657593 53.7060317993164 53.9217538833618 54.2256736755371 56.1523590087891 57.1501808166504 57.1444835662842 58.2757968902588 57.708423614502 57.6310577392578 57.3020725250244 56.3876628875732 55.9907064437866 56.6306371688843 57.3251495361328 57.1699409484863 57.5517892837524 56.8499126434326 56.2240371704102 54.766827583313 53.7521028518677 53.3089990615845
42.9667329788208 43.084135055542 44.6948757171631 46.8235111236572 46.4700222015381 48.5075807571411 47.1455087661743 48.6533184051514 50.3086032867432 53.0630445480347 52.829963684082 52.0759229660034 52.4540748596191 51.8674793243408 50.7218112945557 51.2929439544678 51.2458744049072 49.7661018371582 49.0477266311646 48.7223167419434 48.5316896438599 48.8316946029663 48.9581165313721 49.5668325424194 50.1124219894409 49.9571533203125 50.5044889450073 53.1762962341309 55.4741067886353 56.3153858184814 56.0346298217773 55.5553388595581 54.748872756958 52.6182842254639 51.8068675994873 52.2909698486328 54.8275327682495 57.3885498046875 57.1831378936768 55.9095144271851 57.1057386398315 55.3856420516968 56.172908782959 56.9768533706665 57.3163547515869 56.7046728134155 56.7474784851074 56.524151802063 55.2805824279785 54.1657819747925
44.3626728057861 42.6584548950195 43.6913766860962 45.3151521682739 47.8603506088257 50.8443069458008 52.5957489013672 52.8500461578369 52.081958770752 53.7593402862549 52.8341856002808 52.7163400650024 52.3803415298462 52.5613269805908 51.7072134017944 51.0695180892944 51.4143533706665 51.0205249786377 50.2554082870483 49.0523357391357 49.8501319885254 49.642183303833 49.6027641296387 49.0395269393921 48.3082237243652 48.7690525054932 50.0279502868652 52.0205249786377 53.2593507766724 53.4931163787842 51.8014421463013 49.4405746459961 50.9605560302734 54.0306882858276 54.2967405319214 54.9463882446289 55.2706327438354 57.217625617981 57.2783117294312 57.4602394104004 57.3375253677368 57.337890625 57.345006942749 57.0572538375854 56.407356262207 56.0951776504517 56.1777515411377 56.4030599594116 56.0594577789307 55.7731676101685
45.3739290237427 45.1678218841553 44.0298538208008 44.7225294113159 44.4786539077759 46.8916845321655 49.3423900604248 50.7403221130371 56.6311531066895 56.8524599075317 55.0244846343994 53.781135559082 53.3606758117676 51.441746711731 51.4248514175415 51.6980743408203 51.6884527206421 51.337963104248 50.7930011749268 50.3076076507568 50.6876201629639 50.4528512954712 50.8086557388306 50.249306678772 50.1952800750732 50.4809694290161 51.2584285736084 51.9036865234375 52.4079217910767 52.5493068695068 53.1162300109863 53.3458375930786 53.6596517562866 53.0626840591431 54.0474090576172 56.2630081176758 56.1929769515991 55.2550897598267 56.1800184249878 57.5286588668823 57.6600952148438 57.7806262969971 57.0939683914185 56.8540830612183 56.2808094024658 55.8023624420166 55.6108779907227 55.0560607910156 55.5474414825439 56.4462852478027
47.664888381958 51.5580148696899 48.5575189590454 46.7311449050903 46.372594833374 48.3727254867554 52.8291749954224 54.8525676727295 55.0042371749878 58.4586915969849 57.3436431884766 54.5732851028442 53.0097017288208 51.1047191619873 51.4021062850952 50.7059183120728 52.0137786865234 51.8758220672607 50.9043493270874 50.7345714569092 50.1830949783325 49.7474803924561 48.4859838485718 46.4181842803955 46.8306446075439 49.1135988235474 51.0523481369019 51.8153162002563 52.2353649139404 51.7371110916138 53.0448160171509 54.5465440750122 54.5961999893188 54.4776458740234 54.6316423416138 54.4060115814209 55.676342010498 56.4283561706543 56.1777677536011 56.6616525650024 55.9909954071045 54.7732172012329 55.853343963623 56.0321235656738 56.1572341918945 55.17005443573 55.1605253219604 55.3493881225586 55.491509437561 56.9808750152588
50.3461847305298 51.0507593154907 53.6753377914429 53.4025554656982 51.2480068206787 49.9661569595337 50.9491863250732 52.6735334396362 55.7634000778198 59.4303417205811 58.9539442062378 55.1221628189087 53.5463304519653 51.8550710678101 51.4848804473877 51.027792930603 51.9589395523071 52.3062038421631 49.9007406234741 50.4180021286011 49.9388723373413 47.9942722320557 46.6364145278931 46.0444688796997 46.5443420410156 47.8591794967651 49.9099397659302 50.6955137252808 51.7093124389648 52.5466270446777 53.2662839889526 53.1004476547241 54.5022706985474 54.535454750061 55.1719646453857 55.553337097168 55.6142330169678 56.1210346221924 55.6195936203003 56.1571445465088 56.168041229248 54.7292938232422 54.1689596176147 55.6672239303589 57.3871793746948 56.7391366958618 55.3961639404297 55.4604949951172 56.0734519958496 57.1074171066284
