data/spatiotemp/temp2/bio19_norsw_test_2007_2010.asc
NCOLS 654 
NROWS 380 
XLLCORNER 3.91666666666667 
YLLCORNER 55.3333333333333 
CELLSIZE 0.0416666666666667 
NODATA_value -9999 
[rows 66 to 87 of 380, columns 450 to 499 of 654]
71.1699724197388 70.5818910598755 70.9014978408813 70.6335124969482 70.3652400970459 70.3749217987061 70.3846025466919 70.3942823410034 70.1253004074097 70.4136428833008 70.4233226776123 70.4330024719238 70.442681312561 70.1729898452759 69.9050798416138 69.9186143875122 70.3155574798584 69.6651306152344 69.6783494949341 70.739574432373 72.0827484130859 71.4506397247314 71.4638919830322 71.4771413803101 70.5240249633789 70.5371513366699 70.5527868270874 69.8047285079956 69.8228902816772 70.5043077468872 70.8063650131226 71.8748359680176 72.8408203125 72.8594627380371 73.5415983200073 74.8954238891602 75.577956199646 75.5969467163086 77.3259115219116 77.7813730239868 78.6125955581665 80.7932939529419 81.259859085083 83.0839195251465 83.9193534851074 85.4640531539917 85.231104850769 87.1373023986816 87.316234588623 87.4951648712158
72.0932369232178 71.8897180557251 70.9751749038696 70.9842081069946 70.609525680542 70.3402166366577 70.7327632904053 70.3581504821777 70.6459140777588 70.6550102233887 70.3850479125977 71.4413661956787 72.1122398376465 73.0856895446777 73.0976724624634 72.8325109481812 72.5667057037354 72.5808973312378 73.9230213165283 71.9470672607422 73.0088005065918 72.459454536438 73.1353254318237 72.1009006500244 72.1144504547119 72.4112176895142 73.0899248123169 72.4481344223022 72.4681224822998 71.5195150375366 72.2010459899902 72.504602432251 72.5242710113525 73.4904079437256 74.5601997375488 75.8362131118774 76.5192346572876 76.5398893356323 77.5893363952637 79.1153526306152 79.9640121459961 79.7516765594482 82.9399871826172 83.1315879821777 83.9795742034912 84.5236663818359 84.7110719680786 86.8661041259766 88.1350336074829 87.5913619995117
75.0063419342041 73.8480129241943 73.8900508880615 72.1860074996948 72.195182800293 72.2043590545654 71.9348411560059 71.9439001083374 72.2318897247314 72.3266019821167 73.018310546875 73.0267000198364 73.6964206695557 74.750111579895 75.0414562225342 75.4412069320679 73.8509035110474 73.585337638855 73.8812370300293 74.5813655853271 74.5963315963745 75.2720746994019 75.2869510650635 75.0191211700439 75.3166990280151 77.8901920318604 81.1527833938599 76.9878311157227 74.7093591690063 73.3983888626099 73.1358261108398 73.4411163330078 73.4624805450439 75.4783411026001 75.5000200271606 76.1828994750977 77.1504192352295 77.1723585128784 78.9174203872681 79.4039993286133 80.263391494751 80.8271455764771 82.3105430603027 84.2330703735352 83.4377756118774 85.2944135665894 85.8034515380859 88.3525295257568 88.5646705627441 88.4631776809692
76.9626417160034 75.7078199386597 73.854941368103 73.8627729415894 73.87060546875 74.1571807861328 73.8862657546997 73.8940992355347 73.6228628158569 73.6305875778198 73.6383104324341 74.6100978851318 75.6636505126953 76.0520305633545 76.0636377334595 76.0791254043579 76.0946130752563 76.1100997924805 77.1709289550781 76.5270175933838 77.5096940994263 77.525710105896 76.5747051239014 75.5437335968018 75.5593233108521 80.8059329986572 84.0687398910522 81.1351928710938 79.5442228317261 77.6558656692505 75.6612138748169 74.7405052185059 75.1388988494873 75.4458751678467 76.4129257202148 77.769287109375 78.3770170211792 78.4008131027222 79.1805248260498 81.1076793670654 81.3243446350098 81.5410089492798 83.4059963226318 84.2791366577148 84.4975938796997 85.3669881820679 85.8920106887817 86.4225301742554 87.2924242019653 89.620096206665
76.904598236084 76.0206289291382 75.783504486084 75.7980194091797 75.8125267028809 76.1075220108032 75.8415489196777 75.5752391815186 76.262490272522 76.9345617294312 76.6671743392944 76.6809415817261 76.6947088241577 76.708475112915 76.723072052002 77.4231176376343 78.0966396331787 78.501501083374 78.5170364379883 78.248950958252 78.2641763687134 78.5636396408081 79.6284494400024 76.9690217971802 76.6993494033813 79.6758937835693 82.2600364685059 85.5321378707886 83.2504053115845 82.3306379318237 81.0180511474609 77.3971300125122 76.4760007858276 76.4985837936401 77.4652967453003 78.1465978622437 79.2201919555664 79.5287895202637 80.3081150054932 81.1830720901489 82.3868312835693 81.9116773605347 83.4820728302002 84.0025100708008 84.8757314682007 85.4402866363525 85.3181486129761 86.1863565444946 86.7206573486328 86.9433393478394
77.6685066223145 78.0194597244263 79.1230382919312 79.1510038375854 79.1789646148682 78.2673845291138 78.0109004974365 77.3597393035889 78.3502025604248 78.3778076171875 77.4401292800903 77.1813125610352 78.1747074127197 79.9119911193848 79.9326314926147 80.6283769607544 79.9608840942383 79.6877470016479 79.7016229629517 78.7719573974609 78.7856569290161 78.7993574142456 77.8434772491455 77.2015533447266 78.5514192581177 79.5094470977783 78.8710746765137 78.8912076950073 79.8561906814575 79.8763980865479 79.607608795166 80.2840671539307 80.3045358657837 77.3488721847534 77.3686494827271 77.6769514083862 79.696496963501 79.4277563095093 81.1768369674683 82.0374145507812 82.2413129806519 83.0390787124634 83.9001455307007 84.1078748703003 84.3156023025513 85.1722249984741 85.68812084198 85.8972063064575 86.1062927246094 86.3153772354126
81.0157794952393 79.4678268432617 79.5194787979126 79.2745027542114 79.3152914047241 79.3560829162598 79.1093473434448 79.1496963500977 79.1900491714478 79.5192499160767 79.2707481384277 80.3711605072021 80.4116897583008 81.4212446212769 83.1626558303833 83.1753234863281 83.4793157577515 82.5469675064087 82.2679681777954 80.6563606262207 80.3766250610352 79.0350723266602 79.339448928833 79.058798789978 79.0706624984741 79.0825300216675 78.8038444519043 79.7674102783203 79.7845878601074 80.0942945480347 80.1112775802612 81.1882362365723 87.0591897964478 83.8012065887451 80.5425300598145 80.5599060058594 80.5772848129272 80.5946617126465 80.6990919113159 81.8388652801514 82.684720993042 83.175087928772 84.3210716247559 84.2132368087769 85.0554838180542 84.5992240905762 85.1018886566162 85.2970924377441 86.1376714706421 86.3319082260132
84.7672500610352 84.1751508712769 82.5950746536255 80.6491823196411 80.1245822906494 79.2148494720459 79.2678918838501 80.3846368789673 81.6964912414551 81.4588088989258 82.1647634506226 83.5789966583252 83.6345901489258 83.3951797485352 85.0504636764526 85.3568210601807 85.783748626709 83.7557678222656 83.4706373214722 82.8299255371094 81.2169847488403 80.9311285018921 80.6449899673462 79.5874824523926 77.9732217788696 79.31090259552 79.6196765899658 79.6332101821899 79.6467437744141 80.3121881484985 83.3172588348389 83.3314123153687 85.9261350631714 87.2998323440552 82.0163917541504 80.7538766860962 81.0620737075806 81.0760698318481 81.8259305953979 82.0038928985596 82.1818532943726 83.3111000061035 84.1403436660767 84.3186006546021 84.4968595504761 84.6751184463501 85.1634426116943 86.7386302947998 85.5238647460938 85.7040748596191
85.8528299331665 84.5532989501953 83.3622417449951 82.782693862915 82.8523559570312 82.628324508667 82.4028692245483 82.7662305831909 83.9041757583618 83.9740610122681 85.3650360107422 85.4350690841675 85.2064218521118 85.2757453918457 85.6146478652954 86.9975719451904 87.0066051483154 87.0156412124634 87.6978416442871 85.7841005325317 84.1699895858765 83.1047716140747 81.4899435043335 81.4983625411987 81.5067749023438 80.5654163360596 80.1498756408691 79.8595705032349 81.5912952423096 82.580415725708 82.8903341293335 84.9193868637085 91.8788032531738 92.1865978240967 87.235876083374 83.9489936828613 83.9604368209839 83.5591630935669 83.6482543945312 83.8139533996582 83.2829008102417 83.4471082687378 83.3076410293579 83.4701566696167 83.9397420883179 85.0597734451294 85.5354528427124 85.3902139663696 85.8692789077759 85.7206478118896
86.6262426376343 86.0283880233765 85.8017692565918 84.8207473754883 84.6094484329224 84.3964519500732 84.4796056747437 84.2640657424927 85.4200983047485 85.5037136077881 85.5873317718506 85.6709461212158 88.7555322647095 88.5383911132812 88.5848636627197 87.275444984436 89.3371324539185 88.2636871337891 86.3447980880737 86.3516550064087 84.7361640930176 84.7427196502686 83.3648614883423 81.7482385635376 81.7545738220215 81.7609090805054 81.7666044235229 81.4678363800049 83.1013240814209 83.1084432601929 82.8132152557373 83.4694156646729 85.4128799438477 85.4218587875366 87.1515598297119 85.4398231506348 85.8270788192749 84.765025138855 85.4969663619995 85.3517713546753 85.808162689209 84.5855512619019 84.7377872467041 85.1965599060059 85.9972305297852 85.8409471511841 85.6575784683228 85.4367723464966 85.9007234573364 85.7372255325317
86.4535579681396 84.4880504608154 84.2610578536987 84.35755443573 84.4540500640869 84.5505418777466 84.6470375061035 85.8203067779541 85.6152324676514 86.0166664123535 86.1148462295532 88.2690439224243 88.6769866943359 89.4233999252319 89.4767913818359 90.569299697876 89.9294700622559 89.6257572174072 87.5675325393677 88.3226985931396 86.9322319030762 85.3148908615112 83.924729347229 83.2844791412354 82.0023727416992 81.6982641220093 83.325927734375 83.3296375274658 83.6402206420898 83.3370685577393 83.9871482849121 84.2962789535522 85.6300945281982 85.6358585357666 89.6095790863037 89.6150283813477 86.3015232086182 86.3076210021973 86.381386756897 85.8264102935791 86.6642427444458 87.7584800720215 85.8144245147705 87.3407163619995 87.4814825057983 86.2279872894287 86.3658428192139 86.5036973953247 86.6415510177612 86.7794027328491
87.2390222549438 86.2085819244385 86.2838659286499 86.395679473877 85.5622634887695 87.0536098480225 87.8101959228516 87.6182298660278 88.7020664215088 89.9009857177734 90.6592082977295 89.4689655303955 89.5849075317383 89.7008476257324 90.5415992736816 90.8573246002197 90.8599758148193 90.5497894287109 89.9099960327148 88.9345932006836 88.2943124771118 86.8916006088257 86.8942346572876 84.1826324462891 83.2301244735718 83.8754549026489 86.5913743972778 86.591480255127 85.1933870315552 85.1955718994141 85.1977605819702 85.844762802124 86.5920009613037 87.2376489639282 88.8773946762085 87.8848638534546 88.4520397186279 88.4561386108398 87.522759437561 89.2981815338135 87.7756757736206 87.9021348953247 88.3365459442139 88.4639263153076 88.5913047790527 87.7024803161621 87.5158843994141 86.5507764816284 86.6733560562134 86.1517457962036
88.964973449707 88.9992198944092 88.4399366378784 88.5685892105103 89.6434764862061 89.4664154052734 88.9545335769653 89.0831851959229 90.9401187896729 91.0711498260498 91.2021827697754 91.3332138061523 91.4642429351807 92.6953983306885 92.7625751495361 92.7634563446045 92.441385269165 92.4420700073242 92.1257953643799 92.1266193389893 89.0912885665894 89.0921411514282 87.4716463088989 87.47203540802 87.1562910079956 87.1568155288696 87.7958841323853 88.4619913101196 87.4742584228516 86.5159378051758 87.4681596755981 87.4651079177856 87.1512966156006 87.7689762115479 88.8487186431885 89.1516647338867 90.4821605682373 89.0931596755981 89.795223236084 90.554666519165 90.668664932251 89.6999416351318 88.1565036773682 88.5772523880005 88.6886253356934 88.7999973297119 88.59934425354 88.7100534439087 86.7051591873169 85.854302406311
87.066424369812 87.0945253372192 86.2097845077515 88.7020483016968 88.8445644378662 88.6768703460693 89.1295986175537 90.3619594573975 91.1454334259033 90.6526317596436 91.7531204223633 91.899772644043 93.8076839447021 93.9566955566406 94.0307750701904 94.3516635894775 93.3708305358887 93.3693428039551 92.4086036682129 92.4072341918945 92.4058609008789 91.1019306182861 90.4619235992432 90.7804279327393 89.3549108505249 89.0338363647461 88.7111864089966 88.7063694000244 91.428129196167 89.3369178771973 90.3244018554688 90.3217830657959 90.3191604614258 89.3194007873535 89.3150234222412 89.621862411499 89.3062629699707 89.9455051422119 89.9924812316895 91.043830871582 90.8321552276611 89.8446273803711 89.2974510192871 90.7931461334229 89.8748474121094 88.881311416626 88.9766788482666 88.115161895752 88.2101011276245 88.3050394058228
87.1830654144287 87.513373374939 88.6791210174561 88.8355093002319 88.9918928146362 89.1482791900635 88.9896249771118 90.5552539825439 90.7148303985596 92.485969543457 92.010669708252 94.2364978790283 94.4016571044922 94.5668163299561 94.6477737426758 95.6062145233154 95.7549571990967 96.0768203735352 96.072811126709 95.7436828613281 95.7399234771729 95.4115428924561 92.9890174865723 92.3494548797607 91.0372943878174 91.0337524414062 91.0266151428223 89.2727632522583 90.8916835784912 91.9866523742676 91.6587696075439 91.9689388275146 92.5996799468994 90.5413589477539 91.942361831665 90.843692779541 91.1652374267578 91.159839630127 90.189733505249 90.2714042663574 89.2658672332764 90.4347438812256 88.7843799591064 88.8649215698242 87.92751121521 88.3192262649536 88.7112369537354 88.4776172637939 88.5568113327026 88.3227548599243
87.2997055053711 87.626745223999 87.7180061340332 87.2504777908325 88.0513744354248 89.626293182373 91.0877227783203 92.3573951721191 92.8538799285889 93.0302314758301 93.2065773010254 94.4957637786865 94.6756801605225 94.8556003570557 94.9428329467773 94.9373874664307 96.6856365203857 97.9926948547363 99.1060905456543 96.9971485137939 98.1088600158691 96.0220489501953 95.6876583099365 95.6819267272949 95.3484516143799 92.6064453125 92.2702236175537 92.8930740356445 93.8735733032227 94.1871299743652 93.8537673950195 93.843864440918 93.833963394165 92.5025577545166 92.4917449951172 92.480936050415 94.4340934753418 94.4246864318848 91.3990364074707 91.7796840667725 91.8462333679199 90.8970985412598 90.9624328613281 91.0277652740479 91.406530380249 91.471752166748 90.1290397644043 90.1935997009277 90.2581691741943 91.419771194458
87.4028186798096 87.7292785644531 87.5090703964233 87.9951629638672 90.2318153381348 92.7736167907715 94.5657901763916 94.4292030334473 93.6356582641602 94.9274253845215 96.0928268432617 95.6476383209229 94.8536911010742 96.6545391082764 99.8191318511963 99.8139839172363 99.8088417053223 98.8189830780029 98.18044090271 97.8436222076416 99.9235057830811 99.9171962738037 97.827169418335 97.4920425415039 95.8647155761719 95.5299301147461 95.5227680206299 94.071891784668 95.5050792694092 95.1714210510254 95.1637172698975 94.0496311187744 94.0440635681152 93.7182331085205 93.7138080596924 94.6663665771484 94.661340713501 93.2470607757568 91.932466506958 91.6690425872803 91.7206497192383 92.0865669250488 91.1190605163574 91.1693916320801 91.2197265625 91.2700576782227 90.2234439849854 91.370719909668 90.7772922515869 91.1396903991699
87.4924030303955 87.5080347061157 87.9143228530884 89.3731689453125 91.2738151550293 94.4745273590088 96.3916893005371 97.5556812286377 97.7438449859619 98.4103755950928 97.1608238220215 96.3657970428467 99.6179332733154 99.1767292022705 99.9038238525391 99.9008140563965 101.354183197021 101.350210189819 101.015596389771 100.024312973022 101.008354187012 100.675144195557 100.037731170654 98.5846652984619 97.5916175842285 97.2603816986084 97.5896072387695 97.5947380065918 97.2746639251709 95.2071857452393 95.2157764434814 95.2243728637695 93.907169342041 94.2343921661377 94.2408885955811 93.9300308227539 92.8373756408691 94.9018135070801 98.3104057312012 95.2783317565918 94.3610515594482 95.0425052642822 97.4500179290771 97.802433013916 95.786075592041 91.721715927124 91.7582874298096 90.8387451171875 90.8753318786621 89.8115978240967
87.5819883346558 88.8831348419189 90.7005729675293 90.8748188018799 92.0231037139893 94.2499885559082 96.0396041870117 97.327938079834 97.8360080718994 98.0224494934082 100.939859390259 99.5148143768311 99.7044696807861 100.224941253662 101.115715026855 101.114242553711 101.112766265869 101.111291885376 101.109817504883 101.10834312439 101.106863021851 101.105390548706 100.775419235229 100.774309158325 99.8101863861084 98.6886692047119 100.4537525177 98.7181205749512 98.413402557373 98.4342498779297 96.4913864135742 96.5105972290039 97.1694221496582 97.1892642974854 95.4604053497314 95.1643619537354 96.1439075469971 97.2686386108398 99.6650238037109 97.6310844421387 94.5763149261475 94.6013145446777 94.626314163208 95.6077136993408 95.6325950622559 92.8856067657471 92.5975856781006 92.6217575073242 92.6459217071533 92.981330871582
88.6414852142334 89.6069297790527 90.7957763671875 92.2573585510254 94.4823894500732 97.3739910125732 97.5587196350098 97.743444442749 100.976192474365 98.1128883361816 101.357643127441 99.6032943725586 99.7910099029541 100.308940887451 100.073213577271 101.532402038574 101.532699584961 101.203363418579 101.204038619995 101.204706192017 101.205379486084 101.206048965454 102.200128555298 101.874086380005 102.20280456543 101.877511978149 101.56888961792 99.4842376708984 98.5554370880127 98.588794708252 98.3006057739258 97.6949920654297 97.7287578582764 98.403938293457 98.4383811950684 95.7034225463867 95.7361850738525 98.5417098999023 98.565092086792 96.91037940979 94.7915859222412 94.8026180267334 94.8136539459229 95.1367626190186 94.8357257843018 94.8467617034912 94.857795715332 92.7352504730225 92.7458190917969 92.1117630004883
90.7729339599609 91.7654819488525 92.8091659545898 92.9834938049316 94.5781078338623 98.7665271759033 99.5850162506104 99.1382846832275 101.071395874023 101.260301589966 99.5059947967529 100.677373886108 100.205791473389 101.381553649902 101.14762878418 101.151733398438 100.164699554443 101.295434951782 100.171497344971 102.294342041016 102.297870635986 102.301397323608 101.97790145874 101.981819152832 101.985734939575 103.624200820923 103.650957107544 102.737344741821 100.339687347412 99.7487487792969 99.4759273529053 98.5152931213379 98.8809013366699 98.9267578125 98.9726142883301 99.0184631347656 104.231267929077 105.235778808594 98.1078281402588 96.0345764160156 96.0323810577393 95.0039234161377 95.0009937286377 94.9980640411377 94.9951324462891 95.3032321929932 95.3000717163086 93.9557018280029 92.5111484527588 92.5079765319824
89.4520816802979 91.8607406616211 91.9585285186768 93.0774898529053 95.3320350646973 96.4600505828857 97.7499256134033 98.2524662017822 100.533369064331 100.720121383667 98.4750499725342 98.0221099853516 98.2030658721924 98.38401222229 99.6074295043945 99.9417877197266 99.6180114746094 99.6233005523682 99.6285915374756 102.720048904419 102.725366592407 102.404005050659 102.409717559814 103.413578033447 103.094564437866 102.776348114014 102.810955047607 102.872915267944 101.490295410156 99.9054946899414 99.9660243988037 99.7075042724609 99.7690906524658 98.1706256866455 98.2292728424072 98.9332141876221 98.6603107452393 96.2619609832764 96.2823028564453 97.6945362091064 96.5614166259766 96.2335948944092 95.4994602203369 95.7932357788086 95.4652156829834 95.4480953216553 95.4309692382812 95.4138488769531 95.3967266082764 94.2721080780029
