data/spatiotemp/temp2/bio12_norsw_test_2007_2010.asc
NCOLS 654 
NROWS 380 
XLLCORNER 3.91666666666667 
YLLCORNER 55.3333333333333 
CELLSIZE 0.0416666666666667 
NODATA_value -9999 
[rows 264 to 285 of 380, columns 50 to 99 of 654]
2722.53668212891 2051.98281860352 2294.02752685547 2686.05847167969 2881.61090087891 2584.15048217773 2208.8518371582 2513.84976196289 2601.55154418945 2602.45040893555 2613.49911499023 2578.68887329102 2095.34362792969 2058.93273925781 2140.67108154297 2119.46539306641 2107.96643066406 2089.55230712891 2095.86370849609 2050.81057739258 2019.26550292969 1973.08581542969 1881.73138427734 1825.8151550293 1811.048828125 1767.03182983398 1693.12158203125 1617.60073852539 1531.58032226562 1540.19195556641 1516.23165893555 1485.82479858398 1430.97265625 1436.94659423828 1361.31204223633 1263.99620056152 1225.75065612793 1188.8571472168 1158.49913024902 1152.84655761719 1127.91485595703 1112.98640441895 1077.41777038574 1088.45402526855 1095.01400756836 1105.85049438477 1092.03080749512 1080.25329589844 1087.19380187988 1078.22119140625
2340.41033935547 -9999 2158.08905029297 2439.86367797852 2514.32995605469 2720.6022644043 2462.90203857422 2680.35693359375 2665.37292480469 2686.01727294922 2654.7834777832 2511.42495727539 2044.79730224609 2152.43646240234 2214.13858032227 2121.77212524414 2186.08480834961 2013.89602661133 2021.3293762207 2017.23406982422 1979.56759643555 1928.05819702148 1851.93240356445 1845.65420532227 1804.49450683594 1703.03768920898 1614.39874267578 1579.37832641602 1554.30368041992 1493.54147338867 1459.04965209961 1447.34771728516 1417.97518920898 1361.07693481445 1325.95454406738 1327.41117858887 1282.6488494873 1206.55432128906 1176.35571289062 1193.51286315918 1187.43670654297 1078.50088500977 1089.33026123047 1098.82725524902 1066.73962402344 1073.30523681641 1080.22171020508 1093.42864990234 1091.4320526123 1085.59875488281
2838.87173461914 2938.08544921875 2660.27423095703 2831.69784545898 2889.85168457031 2860.25158691406 2751.30850219727 2751.56939697266 2774.98501586914 2736.47207641602 2599.14489746094 2439.71124267578 2083.80630493164 2121.70986938477 2335.99371337891 2273.62115478516 2240.95822143555 2131.88436889648 2119.20556640625 2097.4892578125 1961.43478393555 1947.78741455078 1974.26412963867 1960.11120605469 1921.33242797852 1770.52630615234 1650.27093505859 1534.08032226562 1492.94442749023 1467.53259277344 1418.91778564453 1361.44287109375 1319.59523010254 1267.31384277344 1217.11431884766 1222.48100280762 1228.88417053223 1201.8805847168 1205.43048095703 1161.40173339844 1155.87271118164 1061.55133056641 1079.19819641113 1068.27835083008 1050.64120483398 1127.53094482422 1138.86961364746 1042.66914367676 1008.15599060059 1006.73445129395
2862.42834472656 2978.56854248047 2986.76275634766 2926.46423339844 2916.24359130859 2896.71588134766 2883.25061035156 2851.55651855469 2805.32736206055 2714.18978881836 2525.70538330078 2395.54885864258 2209.39065551758 2090.14544677734 2236.49578857422 2246.11996459961 2167.40414428711 2135.31094360352 2093.3518371582 2056.04125976562 2011.98150634766 2033.86740112305 2046.69290161133 1903.21304321289 1799.94418334961 1767.80041503906 1785.19094848633 1693.94937133789 1644.07797241211 1540.18798828125 1413.12606811523 1380.4333190918 1342.64123535156 1329.90141296387 1249.5166015625 1203.61093139648 1155.41374206543 1151.94889831543 1166.12596130371 1110.96112060547 1081.75733947754 1048.57733154297 1001.53918457031 964.353713989258 941.363647460938 974.291687011719 999.284164428711 1021.86880493164 995.55810546875 977.256637573242
2382.46408081055 2944.53857421875 3021.98864746094 2975.10473632812 2917.61010742188 2892.19232177734 2866.36926269531 2822.66833496094 2778.25704956055 2730.92333984375 2580.08853149414 2475.88784790039 2314.68988037109 2106.74255371094 2147.53213500977 2192.66448974609 2091.84487915039 1958.4801940918 1978.42990112305 2026.01583862305 2048.93005371094 1948.02163696289 1814.25903320312 1674.07696533203 1771.67538452148 1801.72592163086 1816.80767822266 1705.34353637695 1581.01065063477 1498.51480102539 1417.81036376953 1416.63925170898 1419.80935668945 1431.46810913086 1382.4430847168 1300.78535461426 1273.25196838379 1252.50225830078 1238.44247436523 1160.22581481934 1203.42272949219 1215.28088378906 1190.00987243652 1116.81478881836 1067.32487487793 1076.01742553711 974.274154663086 896.910949707031 1033.84130859375 1159.52499389648
2810.67242431641 2953.79339599609 2994.81988525391 2948.14050292969 2906.12866210938 2860.05010986328 2816.03317260742 2752.36065673828 2681.92565917969 2586.80676269531 2532.00231933594 2458.43927001953 2345 2175.41119384766 2084.71038818359 2110.37966918945 2067.72241210938 2111.89559936523 2130.91986083984 2145.53387451172 2054.5969543457 1888.09945678711 1657.32174682617 1725.47033691406 1808.29769897461 1847.28302001953 1876.5758972168 1808.44830322266 1640.54180908203 1532.13412475586 1457.05166625977 1360.1506652832 1353.51751708984 1270.29200744629 1263.09674072266 1315.48243713379 1313.41058349609 1292.95062255859 1174.19677734375 1200.38433837891 1285.36582946777 1258.41383361816 1257.5408782959 1246.17070007324 1188.48043823242 1203.84411621094 1167.67863464355 1136.7484588623 973.030578613281 936.477767944336
2946.89959716797 3032.10913085938 2960.48657226562 2917.62524414062 2885.45471191406 2827.07086181641 2774.9375 2689.25860595703 2581.92477416992 2525.75933837891 2465.07659912109 2369.39205932617 2301.0048828125 2260.86450195312 2156.85842895508 2088.47665405273 2083.24642944336 2047.40264892578 2080.79385375977 2059.92004394531 1889.84463500977 1730.85931396484 1770.30606079102 1843.61297607422 1811.71197509766 1853.55590820312 1872.42959594727 1844.57229614258 1651.4931640625 1520.82424926758 1402.25869750977 1374.23773193359 1300.61207580566 1256.45034790039 1236.77857971191 1131.61352539062 1203.32672119141 1208.49917602539 1145.26272583008 1271.88354492188 1319.59999084473 1299.84321594238 1260.75477600098 1199.09951782227 1158.32110595703 1035.95736694336 1105.69790649414 1036.2723236084 892.739440917969 940.530563354492
2962.48956298828 2954.53594970703 2948.80358886719 2918.89581298828 2876.9892578125 2761.39019775391 2586.02801513672 2518.97503662109 2511.82211303711 2491.18548583984 2413.26733398438 2379.43124389648 2386.58047485352 2323.71502685547 2248.10919189453 2174.79470825195 2157.61752319336 2170.66592407227 2064.00204467773 1869.505859375 1745.61874389648 1778.33853149414 1767.10336303711 1820.40014648438 1834.27423095703 1750.22299194336 1637.05068969727 1548.30294799805 1542.4176940918 1500.17346191406 1384.22244262695 1357.16134643555 1380.72134399414 1329.79440307617 1243.01268005371 1102.9506072998 1073.07405090332 1026.90026855469 1050.51391601562 1127.02767944336 1282.98156738281 1308.62579345703 1242.38273620605 1253.54516601562 1213.98377990723 1198.82562255859 1143.83348083496 965.742858886719 891.478851318359 883.991271972656
2968.57550048828 2959.97052001953 2906.640625 2863.97827148438 2742.55053710938 2653.37271118164 2683.83511352539 2670.65524291992 2615.37020874023 2571.16717529297 2547.83511352539 2444.00369262695 2383.05435180664 2372.62844848633 2280.72009277344 2247.17901611328 2145.95623779297 2058.70013427734 1898.43182373047 1788.89077758789 1817.42620849609 1799.40097045898 1883.23916625977 1799.26602172852 1771.07064819336 1799.0673828125 1647.91995239258 1537.78823852539 1377.07232666016 1364.52603149414 1337.68402099609 1256.62539672852 1211.00617980957 1161.25958251953 1183.48194885254 1226.97328186035 1160.47257995605 1026.88357543945 1031.97625732422 1089.15232849121 1155.36784362793 1118.4747467041 1115.42523193359 1175.23109436035 1218.79756164551 1219.15469360352 1192.98942565918 1030.90423583984 950.577102661133 919.060913085938
2939.80395507812 2894.84692382812 2824.79348754883 2822.95956420898 2801.37680053711 2776.11026000977 2740.47033691406 2693.14950561523 2641.80349731445 2591.28314208984 2545.06488037109 2432.17416381836 2425.09259033203 2339.41796875 2320.06475830078 2259.34774780273 2122.85394287109 2092.71670532227 1895.60659790039 1884.17822265625 1946.97631835938 1972.35009765625 1886.85412597656 1837.84045410156 1771.0390625 1693.65243530273 1822.46810913086 1709.40417480469 1469.17379760742 1472.35906982422 1326.79354858398 1197.78559875488 1190.4539642334 1135.56196594238 1061.84913635254 1080.4123840332 1037.84963989258 973.889114379883 1019.60612487793 1011.5950012207 1001.46154785156 979.20263671875 1045.55374145508 1076.51570129395 1120.60469055176 1228.7883605957 1157.07794189453 1068.8783416748 939.164611816406 929.028350830078
2935.28936767578 2866.89392089844 2802.90814208984 2778.39157104492 2775.31372070312 2784.44644165039 2757.33938598633 2676.48541259766 2590.68466186523 2542.06820678711 2483.32781982422 2393.38354492188 2330.48147583008 2287.28994750977 2235.07107543945 2158.17022705078 2128.87350463867 1981.82800292969 1933.57409667969 1994.67828369141 2000.98376464844 1959.79174804688 1866.36352539062 1872.13653564453 1702.95742797852 1738.33197021484 1730.32406616211 1635.28192138672 1555.82043457031 1512.56594848633 1443.43701171875 1338.64553833008 1208.43307495117 1160.55723571777 1073.60453796387 1058.2936706543 1001.8469543457 973.024002075195 968.313766479492 995.330764770508 990.875991821289 992.101837158203 1015.74945068359 989.172775268555 944.077743530273 1112.08329772949 1119.22096252441 1072.15127563477 902.278427124023 916.206329345703
2878.00067138672 2864.21704101562 2856.43334960938 2836.01385498047 2812.15142822266 2774.73556518555 2741.45590209961 2669.43692016602 2549.89065551758 2497.64013671875 2437.34481811523 2386.20358276367 2297.34194946289 2250.87316894531 2211.06369018555 2180.1711730957 2123.31866455078 2000.18731689453 1906.23941040039 1873.76373291016 1819.92868041992 1859.83511352539 1843.48648071289 1639.58602905273 1708.06210327148 1669.72055053711 1579.04107666016 1493.32095336914 1481.54379272461 1414.94683837891 1391.28564453125 1392.0573425293 1332.83862304688 1308.81216430664 1215.18826293945 1202.72225952148 1113.53581237793 1027.69316101074 1053.51792907715 1072.38691711426 1029.18772888184 1015.00537109375 954.06298828125 892.497970581055 942.000762939453 877.153274536133 894.400955200195 871.5810546875 876.731262207031 901.809783935547
2819.06488037109 2846.40209960938 2845.41009521484 2834.953125 2809.41299438477 2769.69421386719 2644.27740478516 2515.00390625 2414.82211303711 2425.07397460938 2420.64700317383 2384.70181274414 2358.29641723633 2350.88128662109 2308.14627075195 2204.18249511719 2144.11248779297 2040.85748291016 1887.05813598633 1810.94467163086 1750.2258605957 1694.4697265625 1614.48648071289 1603.02313232422 1609.89163208008 1599.51718139648 1652.10577392578 1590.39901733398 1483.91592407227 1406.62023925781 1359.26831054688 1316.2745513916 1317.70887756348 1216.39378356934 1133.68838500977 1136.61834716797 1122.91184997559 1108.78894042969 1212.41247558594 1195.54356384277 1115.78593444824 1070.17196655273 956.17057800293 880.496246337891 913.661193847656 890.489166259766 926.115615844727 892.093765258789 906.854919433594 1001.92004394531
2890.92614746094 2868.71734619141 2839.86566162109 2824.69262695312 2794.52575683594 2730.08514404297 2621.11175537109 2386.36102294922 2528.42193603516 2521.01715087891 2477.45565795898 2430.26989746094 2383.11492919922 2323.37884521484 2229.42358398438 2135.0456237793 2037.41723632812 1961.81726074219 1868.8649597168 1831.10110473633 1874.51461791992 1791.88348388672 1769.10903930664 1747.08193969727 1716.14599609375 1711.04385375977 1648.48736572266 1565.37539672852 1478.732421875 1414.83499145508 1435.30679321289 1373.38208007812 1228.47196960449 1159.92065429688 1172.37437438965 1224.30178833008 1264.99645996094 1270.55618286133 1307.35079956055 1277.33834838867 1232.62373352051 1122.39558410645 1005.82759094238 865.483581542969 889.284606933594 876.413497924805 918.791931152344 900.73893737793 916.349761962891 1045.65333557129
2766.53817749023 2773.36242675781 2794.50592041016 2812.5986328125 2800.60852050781 2714.68676757812 2560.73352050781 2505.45260620117 2521.67462158203 2519.80841064453 2468.09838867188 2370.40155029297 2320.60983276367 2258.41744995117 2198.81750488281 2096.93054199219 2007.86932373047 1976.04373168945 1950.80920410156 1906.78082275391 1798.96206665039 1828.62652587891 1839.94802856445 1831.83892822266 1693.80322265625 1634.04339599609 1562.18859863281 1472.32647705078 1434.73101806641 1339.30230712891 1273.8217010498 1228.14088439941 1166.80223083496 1201.03327941895 1248.71633911133 1279.45970153809 1436.23315429688 1413.65646362305 1357.72671508789 1279.87593078613 1198.34812927246 1078.14958190918 1050.31289672852 890.123825073242 947.197998046875 916.580993652344 873.120742797852 870.249801635742 897.59342956543 965.483871459961
2725.64770507812 2817.35461425781 2817.90704345703 2801.56652832031 2685.69454956055 2591.84954833984 2462.71054077148 2484.51272583008 2475.58853149414 2443.15203857422 2448.7878112793 2415.62045288086 2338.37707519531 2244.49154663086 2139.15673828125 2084.89367675781 2080.66677856445 2034.04861450195 2082.73992919922 2086.63922119141 2041.39117431641 1948.16717529297 1935.39447021484 1867.95443725586 1767.86285400391 1628.84481811523 1507.708984375 1519.02893066406 1540.32113647461 1503.14431762695 1455.50344848633 1378.32293701172 1206.30630493164 1152.54678344727 1230.66184997559 1330.31539916992 1390.56344604492 1440.95300292969 1445.57794189453 1319.89068603516 1181.83804321289 1067.36389160156 1141.09719848633 988.464279174805 936.923263549805 992.293823242188 939.426376342773 875.967697143555 919.159591674805 943.846435546875
2521.31875610352 2586.06359863281 2542.98071289062 2486.00646972656 2501.18930053711 2403.06137084961 2451.06549072266 2469.8278503418 2507.67758178711 2439.95001220703 2349.74200439453 2325.31280517578 2286.85577392578 2255.40914916992 2194.33062744141 2136.07830810547 2086.64312744141 2128.5901184082 2119.12823486328 2024.16409301758 1967.29272460938 1920.38412475586 1873.94741821289 1842.28332519531 1760.46923828125 1725.11511230469 1661.52285766602 1592.91729736328 1430.70596313477 1405.6233215332 1440.13247680664 1430.99221801758 1292.56945800781 1101.8603515625 1126.43070983887 1256.50369262695 1340.80563354492 1358.41027832031 1392.33197021484 1305.02870178223 1097.37869262695 1033.70819091797 967.949035644531 1007.67198181152 904.802261352539 933.389862060547 918.323593139648 913.517562866211 952.969802856445 977.628051757812
2366.32400512695 2519.82037353516 2595.83285522461 2546.8869934082 2459.78503417969 2487.30783081055 2596.58435058594 2578.88540649414 2517.42294311523 2467.47653198242 2435.59973144531 2403.70962524414 2363.14392089844 2290.46365356445 2239.75375366211 2159.02438354492 2122.32754516602 2091.36840820312 2052.96603393555 1993.56857299805 1929.92666625977 1884.09521484375 1864.10275268555 1835.85403442383 1786.78921508789 1745.64239501953 1707.37478637695 1645.15350341797 1639.31768798828 1563.99026489258 1500.17568969727 1422.82763671875 1248.63157653809 1098.09481811523 1135.46353149414 1224.21618652344 1367.20779418945 1377.82360839844 1345.30923461914 1337.54119873047 1202.45468139648 1042.48609924316 980.085739135742 953.022674560547 962.889739990234 953.357833862305 926.401443481445 904.537246704102 895.16845703125 930.390258789062
2214.73373413086 2264.87844848633 2322.91131591797 2420.18737792969 2434.53829956055 2537.64144897461 2617.46130371094 2569.71612548828 2556.06042480469 2518.00497436523 2456.1318359375 2405.72085571289 2346.9905090332 2278.63934326172 2218.18206787109 2158.61050415039 2119.75445556641 2071.90719604492 2038.91876220703 2002.28186035156 1935.45095825195 1863.2770690918 1819.98870849609 1814.24475097656 1801.7451171875 1766.05404663086 1747.74374389648 1691.89166259766 1585.5276184082 1547.32952880859 1391.27127075195 1437.86578369141 1380.79364013672 1125.53297424316 1207.09896850586 1431.77944946289 1401.90386962891 1361.35797119141 1262.38066101074 1353.17001342773 1278.1831817627 1059.47236633301 1003.05679321289 1016.17538452148 1059.48919677734 1048.90362548828 997.206512451172 951.892883300781 912.527496337891 972.01237487793
2145.37106323242 2336.77261352539 2278.52014160156 2477.96017456055 2404.39755249023 2389.09683227539 2532.55776977539 2563.73385620117 2551.51715087891 2512.52117919922 2415.71087646484 2382.19323730469 2347.36517333984 2289.24523925781 2247.18194580078 2183.0830078125 2161.38565063477 2120.15756225586 2061.50701904297 1996.7926940918 1946.9267578125 1873.05682373047 1804.3828125 1774.21292114258 1771.2024230957 1776.33050537109 1774.40014648438 1693.54013061523 1544.29058837891 1410.2453918457 1277.43772888184 1156.1898651123 1164.04122924805 1201.43891906738 1360.154296875 1340.56301879883 1225.16369628906 1281.54403686523 1241.76727294922 1190.37492370605 1166.89274597168 1092.49555969238 1052.1202545166 1057.74925231934 1040.09873962402 1015.87014770508 1000.43710327148 1002.11682128906 1011.62622070312 943.976028442383
-9999 2104.28866577148 2177.53988647461 2338.44186401367 2412.27770996094 2489.55834960938 2383.02838134766 2460.01718139648 2443.48461914062 2439.35556030273 2372.39883422852 2386.75280761719 2346.4055480957 2291.10153198242 2230.52886962891 2193.94454956055 2156.7265625 2127.66537475586 2074.49575805664 2005.89163208008 1960.88095092773 1899.46798706055 1819.76922607422 1774.93322753906 1760.24383544922 1626.75201416016 1549.59564208984 1477.41683959961 1380.64404296875 1364.83395385742 1307.64042663574 1206.37124633789 1128.47050476074 1195.23608398438 1214.08641052246 1138.50602722168 1193.84208679199 1281.08135986328 1278.57153320312 1187.25296020508 1218.45617675781 1157.03981018066 1110.09425354004 1138.2218170166 1078.48246765137 1021.38801574707 996.001831054688 1024.92497253418 1077.54069519043 1047.49601745605
2254.1227722168 2325.45724487305 2183.11560058594 2208.80206298828 2410.85766601562 2503.60736083984 2525.6657409668 2464.87850952148 2436.23043823242 2459.26818847656 2450.13418579102 2405.04257202148 2355.89474487305 2314.05883789062 2278.49493408203 2199.26162719727 2181.74087524414 2136.06732177734 2078.78701782227 2032.74087524414 1979.66244506836 1870.49395751953 1822.91961669922 1849.01712036133 1802.72396850586 1750.41760253906 1819.67880249023 1709.85736083984 1488.07196044922 1455.67626953125 1351.64202880859 1225.25067138672 1180.6324005127 1144.48532104492 1154.69259643555 1119.12322998047 1187.88874816895 1303.6522064209 1348.58587646484 1197.84078979492 1116.35403442383 1144.41845703125 1079.90005493164 1077.63401794434 1078.30023193359 1085.65731811523 1115.67567443848 1109.79029846191 995.499938964844 944.656158447266
