data/spatiotemp/temp2/bio17_norsw_test_2007_2010.asc
NCOLS 654 
NROWS 380 
XLLCORNER 3.91666666666667 
YLLCORNER 55.3333333333333 
CELLSIZE 0.0416666666666667 
NODATA_value -9999 
[rows 0 to 21 of 380, columns 450 to 499 of 654]
-9999 -9999 -9999 -9999 -9999 -9999 -9999 -9999 -9999 -9999 -9999 -9999 -9999 -9999 -9999 -9999 -9999 -9999 -9999 -9999 -9999 -9999 -9999 -9999 -9999 -9999 -9999 -9999 -9999 -9999 -9999 -9999 -9999 -9999 -9999 -9999 -9999 -9999 -9999 -9999 -9999 -9999 -9999 -9999 -9999 -9999 -9999 -9999 -9999 -9999
-9999 -9999 -9999 -9999 -9999 -9999 -9999 -9999 -9999 -9999 -9999 -9999 -9999 -9999 -9999 -9999 -9999 -9999 -9999 -9999 -9999 -9999 -9999 -9999 -9999 -9999 -9999 -9999 -9999 -9999 -9999 -9999 -9999 129.722242355347 -9999 129.569746017456 -9999 -9999 -9999 -9999 -9999 -9999 -9999 -9999 -9999 -9999 -9999 142.026374816895 139.553756713867 137.81418800354
-9999 -9999 -9999 -9999 -9999 -9999 -9999 -9999 -9999 -9999 -9999 -9999 -9999 -9999 -9999 -9999 -9999 -9999 -9999 -9999 -9999 -9999 -9999 -9999 -9999 -9999 -9999 -9999 -9999 -9999 141.403648376465 140.289228439331 133.902847290039 135.572671890259 133.279592514038 130.862844467163 -9999 -9999 -9999 -9999 -9999 -9999 -9999 -9999 -9999 -9999 140.113605499268 145.512065887451 141.686929702759 140.442613601685
-9999 -9999 -9999 -9999 -9999 -9999 -9999 -9999 -9999 -9999 -9999 -9999 -9999 -9999 -9999 -9999 -9999 -9999 -9999 -9999 -9999 -9999 -9999 -9999 -9999 -9999 -9999 -9999 -9999 133.589069366455 144.36417388916 141.329309463501 135.211658477783 131.891887664795 133.042852401733 -9999 -9999 -9999 -9999 -9999 -9999 -9999 -9999 -9999 -9999 139.684560775757 140.191686630249 137.332237243652 -9999 140.210571289062
-9999 -9999 -9999 -9999 -9999 -9999 -9999 -9999 -9999 -9999 -9999 -9999 -9999 -9999 -9999 -9999 -9999 -9999 -9999 -9999 -9999 -9999 -9999 -9999 -9999 -9999 -9999 -9999 135.890172958374 138.821901321411 140.536975860596 138.260942459106 135.211658477783 136.118444442749 136.772764205933 137.557708740234 134.448476791382 130.429981231689 -9999 -9999 -9999 -9999 -9999 -9999 -9999 142.271638870239 147.837091445923 141.764106750488 138.761112213135 139.203350067139
-9999 -9999 -9999 -9999 -9999 -9999 -9999 -9999 -9999 -9999 -9999 -9999 -9999 -9999 -9999 -9999 -9999 -9999 -9999 -9999 -9999 -9999 -9999 -9999 -9999 -9999 -9999 -9999 -9999 149.339294433594 140.791292190552 141.713390350342 146.718273162842 142.412590026855 142.94779586792 138.610805511475 136.263624191284 130.476509094238 126.467014312744 -9999 -9999 -9999 130.114301681519 129.396516799927 -9999 141.054986953735 143.923210144043 144.371467590332 148.189971923828 148.358551025391
-9999 -9999 -9999 -9999 -9999 -9999 -9999 -9999 -9999 -9999 -9999 -9999 -9999 -9999 -9999 -9999 -9999 -9999 -9999 -9999 -9999 -9999 -9999 -9999 -9999 -9999 -9999 -9999 -9999 -9999 -9999 -9999 133.536725997925 133.792377471924 -9999 -9999 -9999 129.288677215576 128.518081665039 128.387260437012 128.095401763916 127.625394821167 -9999 -9999 -9999 137.472284317017 137.886680603027 140.998304367065 144.086107254028 147.470737457275
-9999 -9999 -9999 -9999 -9999 120.524890899658 -9999 -9999 132.277965545654 129.646787643433 -9999 -9999 -9999 -9999 -9999 142.854537963867 140.780107498169 -9999 -9999 -9999 -9999 -9999 -9999 -9999 -9999 -9999 -9999 -9999 -9999 -9999 -9999 -9999 -9999 -9999 -9999 -9999 132.912305831909 134.730340957642 142.724998474121 146.96167755127 140.048263549805 134.710948944092 130.422985076904 126.296195983887 -9999 136.65364074707 139.819417953491 140.391819000244 140.306608200073 142.877340316772
-9999 -9999 -9999 -9999 -9999 -9999 -9999 -9999 -9999 131.148294448853 139.130094528198 141.214979171753 131.308156967163 132.744871139526 -9999 136.674602508545 143.298763275146 142.641199111938 138.044605255127 138.360794067383 -9999 -9999 -9999 -9999 -9999 -9999 -9999 -9999 -9999 -9999 -9999 -9999 -9999 128.828372955322 128.699249267578 -9999 -9999 -9999 139.492799758911 143.637781143188 146.227853775024 141.670867919922 139.686361312866 139.459033966064 135.590549468994 131.893188476562 135.151197433472 138.418897628784 140.2975730896 142.251817703247
-9999 136.374794006348 134.178026199341 119.869203567505 -9999 -9999 119.865659713745 -9999 129.532751083374 139.994651794434 138.603590011597 144.443662643433 146.020107269287 146.33842086792 143.428226470947 142.162670135498 146.994655609131 136.277191162109 136.184680938721 138.731079101562 -9999 -9999 -9999 -9999 -9999 -9999 -9999 -9999 -9999 -9999 -9999 -9999 -9999 -9999 -9999 -9999 -9999 -9999 137.840293884277 141.775379180908 140.607217788696 141.257873535156 142.222671508789 140.131288528442 136.121150970459 134.395938873291 138.369178771973 137.249481201172 137.49295425415 138.574550628662
135.876575469971 140.669439315796 140.846622467041 139.717262268066 133.225772857666 135.162548065186 120.211883544922 -9999 125.28981590271 130.854192733765 134.855661392212 140.110090255737 145.009496688843 147.77360534668 144.874965667725 133.96506690979 139.403484344482 139.196563720703 -9999 -9999 -9999 -9999 -9999 148.334800720215 151.164573669434 153.851287841797 149.388145446777 137.181507110596 135.587493896484 -9999 -9999 -9999 -9999 -9999 -9999 -9999 -9999 -9999 -9999 -9999 -9999 -9999 -9999 -9999 131.405799865723 134.76745223999 138.611974716187 140.087753295898 140.900888442993 140.567813873291
-9999 119.650804519653 127.159509658813 137.61720085144 139.068572998047 130.448637008667 124.549024581909 120.97749710083 128.04746055603 136.394407272339 142.914102554321 134.437297821045 141.84362411499 138.186195373535 131.600313186646 -9999 -9999 -9999 -9999 -9999 -9999 -9999 133.340814590454 148.786163330078 152.021617889404 153.195739746094 149.577568054199 152.203243255615 152.283592224121 149.906005859375 144.917255401611 145.8948097229 146.469764709473 138.850793838501 -9999 -9999 -9999 -9999 133.622034072876 135.458444595337 134.05619430542 134.784021377563 132.43470954895 129.799005508423 -9999 -9999 129.32886505127 133.063207626343 134.780132293701 136.905698776245
123.013740539551 129.169496536255 131.264919281006 132.093393325806 134.906488418579 134.599534988403 133.137033462524 133.980537414551 135.394464492798 142.8486328125 136.487003326416 129.571514129639 124.386703491211 -9999 -9999 -9999 -9999 -9999 132.252412796021 -9999 -9999 -9999 -9999 144.216262817383 148.691482543945 153.992443084717 154.819675445557 154.693675994873 155.635185241699 154.36808013916 151.991901397705 150.788478851318 147.725452423096 141.892805099487 138.490194320679 -9999 -9999 136.507225036621 137.041902542114 141.526830673218 144.127733230591 144.411973953247 140.678928375244 137.638385772705 134.182373046875 128.945392608643 -9999 131.998086929321 132.31463432312 133.113710403442
127.880769729614 131.580669403076 135.562395095825 137.644746780396 138.571237564087 138.445724487305 137.939414978027 136.678178787231 137.395080566406 132.833364486694 126.662208557129 -9999 -9999 -9999 -9999 -9999 -9999 131.966617584229 139.337696075439 143.650821685791 143.78454208374 137.118339538574 134.201292037964 142.36678314209 151.501289367676 156.425254821777 158.189395904541 157.986995697021 157.15397644043 156.679370880127 154.206893920898 149.386037826538 146.746919631958 142.643936157227 136.775918960571 129.658452987671 139.270170211792 140.122434616089 143.325328826904 142.498365402222 142.593639373779 144.129865646362 145.001482009888 142.489952087402 136.685508728027 130.675224304199 127.177450180054 127.827241897583 129.609685897827 126.93341255188
129.247678756714 128.504421234131 132.713924407959 136.382480621338 133.138904571533 129.771560668945 133.13338470459 132.283155441284 118.11375617981 120.449377059937 -9999 125.807144165039 -9999 -9999 119.04486656189 -9999 130.734125137329 139.382720947266 145.785755157471 141.103988647461 142.682464599609 138.210262298584 -9999 -9999 148.966075897217 153.179306030273 153.680362701416 153.470497131348 153.280481338501 150.53875541687 148.595348358154 147.663892745972 145.366943359375 135.389873504639 132.912502288818 134.788011550903 140.634670257568 141.721641540527 140.765649795532 143.343290328979 144.622867584229 142.215734481812 140.788570404053 136.946729660034 132.353212356567 128.309915542603 128.045495986938 129.257635116577 130.375465393066 129.232599258423
112.187816619873 111.300329208374 123.624862670898 121.535158157349 130.866073608398 125.3420753479 118.463537216187 -9999 -9999 139.726490020752 126.494621276855 127.686826705933 135.27232170105 130.070796966553 138.271743774414 143.94654083252 138.688083648682 140.594394683838 146.832370758057 149.098838806152 139.857685089111 141.154075622559 137.893356323242 -9999 -9999 141.629570007324 146.012756347656 148.60082244873 147.405582427979 146.551490783691 143.289300918579 136.406637191772 134.366182327271 131.45825958252 129.782518386841 133.787843704224 136.429328918457 140.88489151001 139.554847717285 140.741069793701 140.829494476318 139.55482673645 137.760425567627 134.06489944458 130.546575546265 129.843379974365 127.996181488037 128.212156295776 127.596300125122 126.231046676636
-9999 -9999 -9999 -9999 -9999 -9999 132.090230941772 134.901517868042 141.861471176147 148.52931022644 141.238107681274 137.503385543823 142.080509185791 135.497274398804 136.656885147095 147.900918960571 147.369745254517 147.570611953735 149.804006576538 150.423299789429 149.502670288086 149.246006011963 143.503314971924 -9999 -9999 -9999 140.925731658936 144.295600891113 146.145401000977 144.44352722168 141.439258575439 141.599630355835 142.195672988892 139.752336502075 136.62043762207 135.255378723145 132.603471755981 130.393404006958 128.228456497192 134.161094665527 135.819711685181 136.028734207153 135.609268188477 131.541103363037 129.180292129517 127.64112663269 127.009853363037 126.996915817261 125.550651550293 124.645950317383
-9999 -9999 -9999 -9999 130.981134414673 135.318561553955 139.144876480103 142.13193321228 146.27850151062 150.293834686279 149.23962020874 140.409931182861 141.425239562988 145.990621566772 148.433815002441 147.844661712646 147.013544082642 147.609781265259 148.526504516602 149.096265792847 149.69681930542 149.26602935791 142.858261108398 136.1552734375 146.849590301514 146.321273803711 145.76570892334 148.455963134766 148.092809677124 145.320159912109 143.938816070557 142.611602783203 141.085433959961 141.374675750732 140.232074737549 139.030565261841 137.215593338013 134.021869659424 130.543766021729 128.130912780762 127.438890457153 126.147024154663 125.293655395508 123.457279205322 124.32054901123 123.582565307617 122.320295333862 121.961008071899 121.37575340271 120.123947143555
108.748912811279 113.69970703125 111.881189346313 103.720626831055 110.462297439575 121.36704826355 128.031890869141 130.471296310425 137.181764602661 138.649572372437 130.465509414673 141.802959442139 145.784564971924 145.388076782227 146.505765914917 147.13032913208 145.895214080811 143.825937271118 142.756677627563 144.352802276611 142.409423828125 137.598203659058 143.947973251343 145.556289672852 148.212381362915 147.68696975708 146.1637840271 145.273418426514 145.163789749146 144.247022628784 141.985200881958 140.563222885132 140.528635025024 141.323324203491 141.041217803955 138.724700927734 136.717693328857 134.167936325073 132.769178390503 131.303932189941 129.390968322754 125.92230796814 123.608177185059 121.869049072266 122.40944480896 121.889478683472 120.781478881836 119.024185180664 118.6142578125 117.722822189331
121.673852920532 118.742645263672 113.536800384521 104.877513885498 105.405897140503 115.845966339111 120.498891830444 126.16234588623 130.477151870728 125.690189361572 128.941617965698 132.9660987854 132.619729995728 132.190998077393 132.422719955444 135.881938934326 136.407705307007 133.947214126587 133.589551925659 137.359342575073 142.083425521851 143.394374847412 142.992044448853 142.560094833374 143.247303009033 142.488872528076 141.674070358276 142.018001556396 143.029251098633 141.634693145752 141.462545394897 140.115779876709 139.96263885498 138.107877731323 136.010774612427 133.786516189575 131.102600097656 130.742824554443 128.818138122559 126.63020324707 122.955766677856 122.048635482788 121.479421615601 120.570861816406 119.529672622681 118.596416473389 117.302255630493 116.642227172852 114.029216766357 114.001024246216
121.365503311157 124.30396270752 118.074438095093 112.384471893311 113.398439407349 109.454767227173 106.302110671997 106.004409790039 -9999 117.543594360352 131.104377746582 136.417636871338 137.613584518433 134.702898025513 130.947425842285 129.524242401123 118.359464645386 -9999 127.203300476074 134.178607940674 136.89467048645 138.922737121582 140.021409988403 141.749027252197 141.141330718994 139.752847671509 139.997505187988 139.690731048584 138.445093154907 137.654596328735 136.531860351562 136.445528030396 134.689315795898 133.645133972168 131.838195800781 129.421405792236 126.532562255859 124.712856292725 123.940143585205 123.888042449951 122.010091781616 121.107189178467 120.271953582764 118.504489898682 117.932132720947 116.127183914185 114.642181396484 112.839807510376 111.419483184814 110.591846466064
119.379291534424 122.766920089722 127.313369750977 121.464530944824 118.851949691772 123.426473617554 119.173467636108 109.804586410522 102.576932907104 108.058687210083 115.701366424561 123.639537811279 125.644519805908 121.581623077393 117.994037628174 124.257274627686 119.315954208374 120.502513885498 130.211631774902 131.839962005615 133.221658706665 134.265510559082 135.830381393433 135.354097366333 135.965990066528 136.024705886841 137.206802368164 136.564895629883 135.663908004761 135.263082504272 133.8464012146 131.729875564575 129.606912612915 128.557468414307 126.406841278076 125.572875976562 124.072923660278 123.666473388672 122.564424514771 121.206401824951 119.867734909058 117.922210693359 115.984329223633 114.615016937256 113.470602035522 112.227140426636 110.859531402588 110.120769500732 109.221448898315 107.532636642456
