data/spatiotemp/temp2/bio1_norsw_test_2007_2010.asc
NCOLS 654 
NROWS 380 
XLLCORNER 3.91666666666667 
YLLCORNER 55.3333333333333 
CELLSIZE 0.0416666666666667 
NODATA_value -9999 
[rows 264 to 285 of 380, columns 150 to 199 of 654]
5.59490251541138 5.6204822063446 5.53887277841568 5.44824135303497 4.9337762594223 3.64681115746498 3.47617945075035 3.43188115954399 3.5695828795433 3.64045119285583 3.49781960248947 3.86402118206024 4.14255630970001 4.32225799560547 4.56620657444 4.55406880378723 4.22726440429688 4.29612666368484 4.23982226848602 4.4913512468338 4.89771342277527 4.94940900802612 4.86777138710022 4.81630039215088 4.73082917928696 4.71835827827454 4.77300661802292 4.76577442884445 4.75720870494843 4.84930986166 4.90791094303131 4.88534528017044 4.74294686317444 4.51654779911041 4.41564893722534 4.54791688919067 4.38868451118469 4.15845227241516 3.99104160070419 3.87761896848679 3.73719623684883 3.83760702610016 3.9128509759903 4.09792852401733 4.55883902311325 4.55408304929733 4.24582701921463 4.26657140254974 4.27798187732697 4.11555916070938
5.82608640193939 5.80848616361618 5.78408491611481 5.87271535396576 4.92784589529037 3.76880985498428 3.64010694622993 3.61523732542992 3.70886790752411 4.08066493272781 4.00729548931122 4.00675934553146 4.11455637216568 4.24285358190536 4.2149321436882 4.55329203605652 4.98831880092621 4.67917883396149 4.57787215709686 4.82523196935654 5.02675867080688 5.07478535175323 5.11097848415375 5.00717175006866 4.87669825553894 4.90339171886444 4.95630037784576 4.77309095859528 4.88088178634644 4.96833908557892 4.96329641342163 4.85158687829971 4.7433774471283 4.67616826295853 4.49862557649612 4.28724950551987 4.09754031896591 4.19683086872101 4.223841547966 4.00907218456268 3.93430262804031 4.0533664226532 4.01676374673843 3.97132754325867 4.22589147090912 4.36545521020889 4.58251905441284 4.58641636371613 4.537313580513 4.45004403591156
5.98610353469849 6.11599051952362 5.79696363210678 5.15818959474564 4.19058215618134 4.24497491121292 3.90703421831131 3.70142677426338 3.72465294599533 4.26454567909241 4.18993818759918 4.34166419506073 4.3847234249115 4.40594947338104 4.17082458734512 4.55318230390549 5.00337308645248 5.12639760971069 4.50042176246643 4.72961276769638 5.06497049331665 5.24249464273453 5.22685223817825 5.13371002674103 5.12590086460114 5.11175870895386 4.9322606921196 4.96190756559372 5.05755460262299 5.02236825227737 4.7851814031601 4.64399516582489 4.66464197635651 4.53678905963898 4.31010228395462 4.32608258724213 4.30222922563553 4.30137622356415 4.51797479391098 4.18419188261032 4.20774227380753 4.09712588787079 4.10900962352753 4.2232266664505 4.46127682924271 4.57032740116119 4.70687770843506 4.73276144266129 4.32147842645645 4.56602871417999
6.11578738689423 6.1629946231842 5.01367592811584 4.31483066082001 4.31331878900528 4.67514008283615 4.48029494285583 4.2371164560318 4.67077112197876 4.89909255504608 5.12674760818481 4.67706900835037 4.62039029598236 4.73837852478027 5.19738352298737 4.75473886728287 4.7460942864418 5.22178316116333 5.13697153329849 5.11182695627213 5.16118228435516 5.19220417737961 5.3488929271698 5.1572482585907 5.22110331058502 5.22829216718674 5.14755487442017 5.10705780982971 4.97772741317749 5.01956379413605 4.79840016365051 4.71107000112534 4.79673957824707 4.51657617092133 4.18841224908829 4.28608214855194 4.32608526945114 4.40675485134125 4.6869415640831 4.42547833919525 4.30851519107819 4.24305218458176 4.31642228364944 4.18979233503342 4.62299609184265 4.773532807827 4.91273629665375 4.75643998384476 4.59780991077423 4.66601353883743
4.1226379275322 4.9688321352005 5.78205472230911 5.38280481100082 4.65772169828415 4.84513866901398 4.92338895797729 5.21013939380646 4.88088953495026 4.88347315788269 5.38139009475708 5.0954737663269 4.80055725574493 5.40164107084274 5.70027601718903 5.16962903738022 5.02248203754425 5.09733504056931 5.24435460567474 5.44354099035263 5.51306062936783 5.54391378164291 5.38576680421829 5.0196196436882 5.04980611801147 5.27299225330353 5.11068195104599 5.10070788860321 5.13690054416656 4.88225966691971 4.62961888313293 4.71897804737091 4.85717076063156 4.63036334514618 4.44038915634155 4.34758168458939 4.45227438211441 4.55563348531723 4.75740814208984 4.61576467752457 4.45278823375702 4.44081157445908 4.53633481264114 4.61535811424255 4.76004821062088 4.95157164335251 4.9427615404129 5.01828497648239 5.00064152479172 5.03883165121078
4.07365524768829 4.12083649635315 4.98460012674332 6.02261233329773 4.98029148578644 4.97247058153152 5.43648314476013 5.7088286280632 5.5820078253746 5.83968698978424 6.0188661813736 6.20187854766846 6.44122445583344 6.52090334892273 6.44450175762177 6.04285228252411 5.89786970615387 5.5902202129364 5.51090437173843 5.42592185735703 5.36327254772186 5.41145646572113 5.59547394514084 5.36815804243088 5.37217533588409 5.09402602910995 4.91864240169525 4.95635783672333 5.13590669631958 5.06295537948608 5.09533756971359 5.1013862490654 5.11226838827133 5.13215041160583 4.84903258085251 4.47874790430069 4.51096338033676 4.37467873096466 4.55937474966049 4.77421778440475 4.85972779989243 4.89007085561752 4.7634140253067 4.96442407369614 4.91410046815872 4.95061028003693 4.78328669071198 4.95196342468262 5.04197311401367 5.10931634902954
4.31850564479828 5.09517401456833 5.51464539766312 5.5885865688324 4.76069450378418 4.85513591766357 5.48491042852402 6.12968516349792 6.3609676361084 6.49205017089844 6.62744522094727 6.68439447879791 6.82872462272644 6.9396288394928 6.5980681180954 6.18990921974182 5.76825737953186 5.28560590744019 5.18195414543152 5.28480261564255 5.01281756162643 4.94816607236862 5.47701454162598 5.61869603395462 5.36771124601364 5.06789284944534 4.99376958608627 4.87067449092865 4.77891284227371 4.89181780815125 4.97755604982376 4.84162759780884 4.87003266811371 5.28360432386398 5.05034244060516 4.75624758005142 4.67548567056656 4.53022414445877 4.59167468547821 4.8071711063385 4.92533397674561 5.0406636595726 4.99099344015121 5.09998977184296 5.01465278863907 5.01381576061249 4.98214548826218 4.97430855035782 4.98480474948883 4.89146775007248
4.8996896147728 5.79917812347412 5.60202413797379 4.87622761726379 4.90409749746323 5.27463436126709 5.80517107248306 6.43656301498413 6.63877236843109 6.68309366703033 6.7708181142807 6.48371589183807 6.58230817317963 7.00117838382721 6.51218032836914 6.10896575450897 5.7598118185997 5.40999120473862 5.09100395441055 5.05868327617645 5.15236282348633 5.0643755197525 5.32422167062759 5.66556763648987 5.75608050823212 5.41325968503952 5.02839654684067 4.95349109172821 4.94808560609818 4.85351347923279 4.79594123363495 5.01453596353531 5.28013014793396 5.29872494935989 4.9723191857338 5.01074707508087 5.11284148693085 4.82926934957504 4.65747457742691 4.69379073381424 4.75460696220398 4.98242324590683 5.15057271718979 5.26622205972672 5.03170490264893 4.8536878824234 4.85583740472794 5.08715355396271 5.16980308294296 5.06611919403076
5.08587348461151 6.16684901714325 5.60473614931107 5.37103515863419 5.50233393907547 5.62229961156845 6.00626528263092 6.47210574150085 6.72669637203217 -9999 6.408238530159 6.14883613586426 6.35979330539703 6.34756577014923 6.31217873096466 5.99785578250885 5.76886630058289 5.65287661552429 5.36022043228149 5.17773085832596 5.14290791749954 5.16791838407516 5.00492876768112 5.2174391746521 5.58428293466568 5.60512685775757 5.13369053602219 4.96197456121445 5.02209198474884 5.19337594509125 5.25865995883942 5.41694390773773 5.30939465761185 5.05051189661026 5.03112918138504 5.23074674606323 5.27186405658722 5.08281469345093 4.83160787820816 4.83991062641144 4.73804652690887 4.78134918212891 4.884985268116 5.07928800582886 5.23425734043121 5.07272666692734 4.99936282634735 5.22116529941559 5.35546797513962 5.26093727350235
5.59872400760651 6.20102000236511 6.39228165149689 5.67417603731155 5.57207047939301 5.63813155889511 6.05702579021454 6.3252534866333 6.69864785671234 7.01520907878876 6.32998430728912 6.15099787712097 6.31655871868134 6.36617541313171 6.21073782444 6.08507931232452 5.85008734464645 5.68442875146866 5.60610347986221 5.47194492816925 5.29411959648132 5.33246117830276 5.35130274295807 5.48297739028931 5.61015224456787 5.65566039085388 5.39731758832932 5.15112465620041 5.22309821844101 5.20673823356628 5.3802118897438 5.49885201454163 5.26715892553329 5.0086322426796 4.96760594844818 5.27841275930405 5.31271970272064 5.12035995721817 4.99940794706345 5.10686385631561 4.85465288162231 4.83377540111542 4.85206466913223 4.85818701982498 5.13714283704758 5.17359864711761 5.0315545797348 5.28817713260651 5.48746633529663 5.38492196798325
6.05824065208435 6.41199064254761 6.56303548812866 6.20901417732239 6.08815228939056 5.83658218383789 6.11122715473175 6.30187237262726 6.58103597164154 6.94460725784302 6.60295939445496 6.30011963844299 6.22226476669312 6.40309858322144 6.17768967151642 5.97943723201752 5.91151833534241 5.80743247270584 5.62034660577774 5.60526090860367 5.63050866127014 5.60975617170334 5.50017035007477 5.48775142431259 5.64816570281982 5.73674654960632 5.54974901676178 5.36467337608337 5.28909760713577 5.49935513734818 5.57644611597061 5.53337019681931 5.24862784147263 5.30205231904984 5.29680973291397 5.35106724500656 5.17832511663437 5.1192489862442 5.18027114868164 5.44239091873169 5.19167757034302 4.9401308298111 4.95325058698654 5.01770377159119 4.99565696716309 5.272276699543 5.26906329393387 5.44084990024567 5.43063634634018 5.24858945608139
6.0314234495163 6.22517812252045 6.18999779224396 5.87179899215698 6.26875162124634 6.12185966968536 6.04333889484406 6.02558720111847 6.54406261444092 6.70256853103638 6.69933176040649 6.40971565246582 6.29601001739502 6.34239447116852 6.19403469562531 6.0759299993515 5.98332548141479 5.94855451583862 5.69361680746078 5.56767892837524 5.64607453346252 5.66697007417679 5.65203213691711 5.57909458875656 5.48782348632812 5.76605224609375 5.55548471212387 5.52778744697571 5.37959039211273 5.56272655725479 5.68486267328262 5.59949868917465 5.55530172586441 5.34043782949448 5.10474056005478 5.24037659168243 5.12917929887772 5.0524822473526 5.14986431598663 5.54415905475616 5.37712037563324 5.17808198928833 5.33054322004318 5.03167122602463 4.79229933023453 5.07776063680649 5.41805529594421 5.40151691436768 5.07447826862335 5.14693969488144
5.84527325630188 6.43311583995819 6.0226823091507 5.69230628013611 5.85643017292023 6.3030389547348 6.16503524780273 6.00546884536743 5.93242609500885 5.97438323497772 6.46318674087524 6.4980171918869 6.30958831310272 6.2848789691925 6.24337935447693 6.09425640106201 6.01446628570557 5.99234318733215 5.93005335330963 5.9690967798233 5.87547367811203 5.777184009552 5.84272730350494 5.80427092313766 5.69864755868912 5.69585788249969 5.72205364704132 5.60640180110931 5.55441635847092 5.73193109035492 5.58927911520004 5.61196047067642 5.46714204549789 5.55598992109299 5.34550458192825 5.2231861948967 5.14220076799393 5.20854890346527 5.44512444734573 5.23942714929581 5.55023014545441 5.5060328245163 5.28983587026596 5.11863887310028 4.97544175386429 4.86157792806625 5.30088084936142 5.36651730537415 5.08881998062134 5.06295627355576
6.49812269210815 6.65971982479095 6.17620027065277 5.86723005771637 5.85109353065491 6.58412349224091 6.31937563419342 6.12951683998108 5.83421349525452 5.80890989303589 6.29973649978638 6.55341470241547 6.35716676712036 6.30403017997742 6.26005744934082 6.19158232212067 6.15727376937866 6.136798620224 6.06498992443085 5.89701473712921 5.90620625019073 5.98939764499664 6.00908923149109 6.0152804851532 5.85063874721527 5.7311635017395 5.75078922510147 5.76184928417206 5.58657598495483 5.73963564634323 5.58619552850723 5.48625576496124 5.55014884471893 5.69104224443436 5.78310227394104 5.38732886314392 5.32155525684357 5.28944861888885 5.42688417434692 5.51036196947098 5.57750630378723 5.41681742668152 5.21546179056168 5.23960649967194 5.10775083303452 5.11756199598312 5.2295395731926 5.4156841635704 5.18266195058823 5.08880633115768
6.30913889408112 6.70240724086761 6.70890557765961 6.42525827884674 6.30209004878998 6.79542350769043 6.71379542350769 6.42439842224121 6.19216775894165 6.38170778751373 6.65135908126831 6.6234757900238 6.43307840824127 6.38218128681183 6.34156906604767 6.28857529163361 6.2440812587738 6.17725396156311 6.02559328079224 5.81559944152832 5.86060547828674 6.00027823448181 6.09445095062256 6.12645709514618 6.03229653835297 5.95046925544739 6.00069153308868 5.94429671764374 5.88373512029648 5.80934059619904 5.65427881479263 5.64105075597763 5.58648920059204 5.68859457969666 5.89519971609116 5.64913833141327 5.38324332237244 5.51651525497437 5.51681083440781 5.66312998533249 5.62661612033844 5.38776868581772 5.28025472164154 5.43357402086258 5.26439321041107 5.28171253204346 5.34119838476181 5.31335115432739 5.22017043828964 4.98282313346863
6.52798843383789 6.30559492111206 6.51777756214142 7.00974452495575 6.92799150943756 7.00437319278717 6.78154873847961 6.71775197982788 6.70708012580872 6.92279720306396 -9999 6.8243705034256 6.64539480209351 6.49883246421814 6.41858053207397 6.32340121269226 6.29938840866089 6.22254252433777 6.23652982711792 6.10018408298492 5.97033786773682 5.82082545757294 5.9173127412796 6.09363353252411 6.27062082290649 6.34960830211639 6.20176029205322 5.90607750415802 5.87272787094116 5.7260450720787 5.60052883625031 5.54084581136703 5.53249633312225 5.56664675474167 5.74596387147903 5.89678090810776 5.68126457929611 5.4724149107933 5.68873727321625 5.79523152112961 5.76922541856766 5.45171993970871 5.54704713821411 5.47304147481918 5.52936893701553 5.49736309051514 5.40385735034943 5.37501806020737 5.17434579133987 5.03400653600693
6.64967107772827 6.45936584472656 6.54692041873932 6.74366068840027 6.94025015830994 7.12699830532074 -9999 -9999 -9999 -9999 -9999 6.86135971546173 6.7656706571579 6.48131692409515 6.48209190368652 6.41806066036224 6.43769586086273 6.44116473197937 6.31913328170776 6.1702686548233 6.06673717498779 5.91953909397125 5.97717452049255 6.06097650527954 6.26444530487061 6.46441376209259 6.19632947444916 6.03252506256104 6.03172051906586 5.87491631507874 5.5989453792572 5.52614092826843 5.59367001056671 5.50503218173981 5.66439437866211 5.88509023189545 5.90245246887207 5.6088148355484 5.54583060741425 5.81883281469345 5.96583521366119 5.73850435018539 5.65867334604263 5.56867557764053 5.62067800760269 5.49434715509415 5.49068278074265 5.47251856327057 5.17602097988129 5.15968972444534
6.70868754386902 6.72480320930481 6.68727147579193 6.66675901412964 6.80201745033264 6.87161374092102 7.05052733421326 7.21254277229309 -9999 -9999 7.20094990730286 6.8781965970993 6.82414710521698 6.68396818637848 6.63593661785126 6.56455338001251 6.61000335216522 6.55361986160278 6.39440310001373 6.41068637371063 6.32046985626221 6.25558638572693 6.17920303344727 6.23831963539124 6.52026963233948 6.39705276489258 6.24973177909851 6.21630585193634 6.14204657077789 6.03395426273346 5.95069515705109 5.77676957845688 5.73667699098587 5.68175113201141 5.66499203443527 5.90839970111847 5.97380709648132 5.79521471261978 5.58642381429672 5.94010102748871 6.10477817058563 5.83678871393204 5.85696583986282 5.77431005239487 5.5501537322998 5.46233093738556 5.52400809526443 5.62368547916412 5.32052928209305 5.36403965950012
6.60103702545166 6.86574065685272 6.89178943634033 6.80284976959229 6.79407668113708 6.84513688087463 7.04803061485291 7.14441215991974 7.27131795883179 -9999 -9999 6.93149840831757 6.84722578525543 6.79195249080658 6.67894804477692 6.68837940692902 6.78181064128876 6.67874193191528 6.41933989524841 6.36227118968964 6.2770357131958 6.19413375854492 6.29556477069855 6.41132938861847 6.56259381771088 6.24652516841888 6.12113392353058 6.14441978931427 6.20087289810181 6.21299231052399 6.14727854728699 6.04173111915588 5.94218397140503 5.90546989440918 5.74458938837051 6.02637565135956 6.03166174888611 5.98828125 5.7991835474968 6.04070246219635 6.27138781547546 6.06657314300537 5.90709203481674 5.80877733230591 5.69212937355042 5.56898152828217 5.6565003991127 5.70651906728745 5.57703793048859 5.57255667448044
6.72638642787933 6.89284479618073 7.11197376251221 7.00260698795319 6.96473979949951 6.92637288570404 6.95817267894745 7.11199605464935 7.712522149086 -9999 -9999 6.99850416183472 6.89513719081879 6.88133084774017 6.83295977115631 6.76837229728699 6.76211833953857 6.72286403179169 6.63144338130951 6.56285572052002 6.56243491172791 6.62734746932983 6.68859326839447 6.67333900928497 6.59458494186401 6.39733076095581 6.20086944103241 6.16820073127747 6.19219875335693 6.2713634967804 6.21586155891418 6.18019282817841 6.06852424144745 5.94818902015686 5.83718699216843 6.10885155200958 6.13101649284363 6.04551446437836 6.01494348049164 5.9608039855957 6.22766411304474 6.17669105529785 5.9227180480957 5.81557822227478 5.76543867588043 5.58813214302063 5.89932584762573 5.9246860742569 5.75104629993439 5.98223996162415
7.03340280056 6.96411573886871 7.10949158668518 7.15303087234497 7.20706987380981 7.08277571201324 7.10148143768311 7.18168687820435 7.25719821453094 -9999 -9999 7.12884342670441 7.07784056663513 7.05600464344025 6.91416430473328 6.77942061424255 6.71542537212372 6.8586528301239 6.80471312999725 6.853440284729 6.78966748714447 6.92672789096832 6.86978852748871 6.89551556110382 6.74574279785156 6.67663657665253 6.48543846607208 6.27031493186951 6.20319151878357 6.31723487377167 6.22877812385559 6.03432142734528 5.93203115463257 5.99707448482513 6.04178464412689 6.18082773685455 6.0737042427063 5.99058091640472 6.12337005138397 6.18607187271118 6.04977369308472 6.09730887413025 5.96901059150696 5.9610458612442 5.82374781370163 5.75844937562943 5.8963178396225 6.10101974010468 5.75188821554184 5.82509011030197
7.14541888237 7.09721982479095 7.23150944709778 7.31345474720001 7.30906665325165 7.28609490394592 7.31080567836761 7.31323516368866 -9999 -9999 -9999 -9999 -9999 7.08766508102417 6.93630921840668 6.85469126701355 6.82256627082825 6.89994120597839 6.84048295021057 6.84102487564087 7.10623335838318 7.07627511024475 7.15615010261536 7.07635879516602 6.92540049552917 6.82744216918945 6.65084064006805 6.43476235866547 6.32485091686249 6.20110619068146 6.24102795124054 6.10028314590454 5.92887139320374 5.77712690830231 5.82321530580521 6.1856369972229 6.20172560214996 6.05964744091034 6.03913009166718 6.20884001255035 6.14405000209808 6.13726007938385 6.15547001361847 5.99417996406555 5.94955658912659 5.76276677846909 6.0484766960144 6.2543534040451 5.93923008441925 5.92110681533813
