data/spatiotemp/temp2/bio1_norsw_test_2007_2010.asc
NCOLS 654 
NROWS 380 
XLLCORNER 3.91666666666667 
YLLCORNER 55.3333333333333 
CELLSIZE 0.0416666666666667 
NODATA_value -9999 
[rows 242 to 263 of 380, columns 50 to 99 of 654]
2.21658562123775 2.64600843191147 2.54643136262894 2.00635419785976 1.05461059510708 1.99103333055973 3.51478576660156 6.0747983455658 3.86712509393692 6.03668284416199 4.37706553936005 3.77486175298691 4.61177712678909 5.12935900688171 5.04310739040375 1.80285606533289 -1.00656201317906 0.154686346650124 -0.87426436971873 -0.331748054362833 1.01310162246227 4.28811782598495 4.76353591680527 5.02405977249146 6.406458735466 3.41205841302872 2.11286628991365 0.977216005325317 -0.315100908279419 -1.32058456540108 -0.0767095535993576 0.408024474978447 1.64309168979526 1.01582564413548 -0.195607028901577 2.76329356431961 4.81386089324951 2.36509476602077 1.39316217601299 2.29722931981087 1.58496334403753 2.05919721722603 0.852505192160606 2.25222037732601 0.504602015018463 0.583317220211029 0.986532315611839 0.334580779075623 -0.986870713531971 -2.14482226967812
1.02639177441597 1.11594897508621 2.01100620627403 2.48873010277748 2.16162078082561 1.9286779910326 2.92173266410828 3.20428460836411 4.74595779180527 6.253626704216 2.49694064259529 1.59482579026371 2.39137782156467 3.21859657764435 2.22148178517818 1.69053380563855 0.193585738539696 -1.15852887183428 -1.76386880874634 -0.103100635111332 1.20650085806847 0.177102357149124 1.26387046277523 2.4956386089325 4.96312487125397 3.21048879623413 1.76544326450676 0.224711433053017 -0.659186951816082 -0.638918895274401 -0.547945041209459 -0.174932360649109 -0.250252835452557 -1.79674011468887 -2.04222726821899 2.03628551214933 -0.207534961402416 -0.549188908189535 1.32232397049665 1.64966991357505 0.774349451065063 -0.39430442173034 0.0866547748446465 1.06006006896496 -0.252867797389627 -1.39729568362236 -1.61789037287235 -1.55931811034679 -0.568079430609941 -1.0546739846468
2.46769791841507 2.75988954305649 3.1410810649395 2.43193939328194 1.42963096871972 1.31998929381371 1.23417937010527 1.94853488355875 2.77072361111641 2.9182456433773 2.97743451595306 1.91695652902126 1.39881195127964 0.969167366623878 0.418189525604248 -0.704121746122837 0.137900322675705 0.468089118599892 -0.877306523732841 0.258880153298378 1.51373349502683 2.05342021584511 2.81144019961357 4.02379339933395 4.04370927810669 4.47223621606827 2.45781181752682 0.929540306329727 0.449893563985825 -0.757086478173733 -1.98668065667152 -1.77988901734352 -1.27009734511375 -2.1504724919796 -2.28134748339653 -1.54988919198513 -1.4512642621994 -2.56630599498749 -1.80651435256004 -0.993889428675175 0.610568895936012 -1.58980609476566 -2.0395290851593 -2.05860006809235 -0.821004251018167 -1.61974196135998 -2.05514612793922 -2.07655042409897 -1.78245475888252 -1.62252573668957
2.58933737874031 1.93433010578156 1.5749893585853 1.81498201563954 2.03164122253656 1.62813392002136 1.73129293322563 1.43528520688415 1.14844403415918 0.595269501209259 1.17642842978239 1.13025385141373 0.407912731170654 -0.0182617455720901 0.107063837349415 -0.271277364343405 1.01288160681725 1.43037372082472 -0.0315775871276855 0.0961941555142403 2.47196599841118 3.46657121181488 3.09967640042305 -0.0447184219956398 -1.17144666612148 2.41249190270901 2.66961234807968 5.50581341981888 3.63682028651237 -0.206587415188551 -1.61541625857353 -1.78634570538998 -1.41610860079527 -1.80803813040257 -2.14780098199844 -2.62506383657455 -2.85082674026489 -2.48892298340797 -2.55401918292046 -2.03678202629089 -1.25887820869684 -2.07730782032013 -2.5523796081543 -2.89409360289574 -2.17614081501961 -2.04735481739044 -2.53906878829002 -2.73878264427185 -2.26066336035728 -1.7355439811945
4.25347685813904 2.59360384941101 1.34939757734537 1.55469120992348 1.9111515134573 1.80877850204706 1.29273975640535 1.40770212560892 0.584164381027222 1.07912673056126 1.01592226326466 2.10155131667852 0.935180202126503 0.363642513751984 0.52077142894268 1.20940043777227 1.55052933841944 2.2369916588068 0.407984599471092 0.415674954652786 4.15669858455658 0.757222265005112 -1.16125406697392 -0.79056366533041 0.48929338157177 1.30281701683998 1.45384067296982 5.38719773292542 3.83067792654037 3.51357835531235 0.642848163843155 1.23569752275944 0.746380165219307 -0.951770544983447 -2.30142113566399 -2.71257191896439 -2.60138928890228 -2.40787342190742 -2.56552404165268 -2.76384142041206 -2.38365891575813 -2.49614295363426 -2.86073008179665 -3.03142035007477 -2.75077730417252 -2.33546766638756 -2.78215792775154 -3.06234836578369 -3.28137218952179 -2.76372891664505
3.1499497294426 1.99421115219593 1.43763909488916 2.05573377758265 2.40716184675694 2.1917564868927 1.51618678122759 2.14445234835148 1.31938479095697 1.26598381251097 2.68024960160255 3.56518191099167 2.33761437237263 1.82721334695816 1.26064583659172 2.06624495238066 2.74734383821487 3.0881096124649 2.60254691541195 2.11832239478827 0.0184312462806702 -0.31412654183805 -0.515517745167017 -0.75824224576354 -0.477800009772182 0.747142091393471 4.72075110673904 2.34266409277916 -0.19686470925808 0.475577503442764 2.62544591724873 2.32190747559071 2.09136897325516 0.667163699865341 -0.986208042129874 -1.61157995462418 -1.65795183181763 -2.33599033951759 -2.71369555592537 -2.77606749534607 -2.9396059513092 -2.73581123352051 -2.84458050131798 -2.9935804605484 -2.64541387557983 -1.50591391324997 -1.86624725162983 -1.72024729847908 -2.23908066749573 -2.04274749755859
3.33858919143677 2.88031831383705 2.50271394848824 3.41394308209419 3.11800545454025 2.47256776690483 2.23196682333946 1.96870270371437 1.1246051043272 2.19517436623573 4.12674349546432 4.07397925853729 2.98138186335564 3.37328428030014 3.10418686270714 3.81208938360214 4.13132518529892 2.29939435422421 0.865942433476448 -0.378863444862873 -0.373002765350975 -0.359808784443885 -0.122448071837425 -0.426087460014969 -0.424893447197974 0.607633888721466 3.68982797861099 1.27468846738338 -0.831284141167998 -0.490423548966646 -0.804956356063485 -1.40688259899616 -0.205808967351913 -1.54973535239697 -0.821828367188573 -1.07725474610925 -1.17334777116776 -1.23710751533508 -2.14820051193237 -2.3754600584507 -2.59538650512695 -2.42147952318192 -2.53226429224014 -2.60007399320602 -2.1592170894146 -1.29752680659294 -0.907503208611161 -0.550146395340562 -1.01262274384499 -1.77809910476208
3.61056220531464 3.36609226465225 3.26745554804802 3.11581891775131 1.98384900391102 1.16604577749968 0.924580335617065 0.823453038930893 0.805325552821159 2.78186476230621 4.2079039812088 5.23361015319824 3.68298250436783 3.95535528659821 2.34889435768127 1.65710038412362 2.62797299027443 2.34051214158535 0.92000475525856 0.542950555682182 0.649063050746918 0.451008901000023 0.386954754590988 -0.792932704091072 -1.04448687657714 -0.574207648634911 1.61490480788052 -0.572316061705351 -1.18603689968586 -0.650924414396286 -2.39269196987152 -2.39233946800232 -1.42032032459974 -1.99613428115845 -2.41261529922485 -2.27742943167686 -2.18724364042282 -0.956057830248028 -1.80670535564423 -2.35668608546257 -2.35466700792313 -2.4521479010582 -2.44944804906845 -2.30606761574745 -2.11252021789551 -1.76513966917992 -1.08825916051865 -0.240045294165611 -0.24366470053792 -0.620284207165241
3.14723610877991 2.85334515571594 4.35012078285217 4.1043963432312 2.89167207479477 1.93294780701399 1.49828185886145 1.34184119105339 0.776566937565804 1.62112615758087 3.70435208082199 5.4515780210495 3.08113726973534 3.03736317157745 2.51842238008976 1.76614817045629 1.15987406671047 0.225933387875557 0.486017540097237 1.39346002042294 1.2077357172966 1.03951154649258 -0.0440458878874779 0.143063142895699 -0.0828276872634888 -0.736218526959419 -0.143442675471306 -0.334666943177581 0.197775512933731 -1.0781154371798 -2.22442442178726 -2.65181848406792 -1.97404578328133 -2.34677302837372 -2.79750049114227 -2.72089442610741 -2.30612179636955 -1.25918243825436 -1.74674306809902 -1.9479703605175 -1.68136440217495 -1.22609178721905 -0.901254845317453 -1.25185353308916 -1.19511884450912 -1.16638426110148 -0.850149650126696 -0.459748424123973 -0.0990137979388237 -0.144612472504377
3.55127802491188 3.86724376678467 5.20170962810516 2.77134224772453 2.69797468185425 2.4291072934866 1.77257142961025 1.42003385350108 1.87416286021471 1.41879199445248 4.65442091226578 6.28738331794739 4.31551241874695 4.38030827045441 3.42493724822998 3.26323285698891 3.24602878093719 2.69249105453491 1.79381422325969 2.21183132380247 2.20134857296944 1.31469913572073 1.0437163412571 0.280400216579437 -1.36574923992157 -1.51106531918049 -1.91121484339237 -1.61486423015594 -0.596847087144852 -0.792829867452383 -1.73865409195423 -2.24948662519455 -2.67798578739166 -2.59215146303177 -2.79948404431343 -2.81314966082573 -2.32564887404442 -2.11614805459976 -1.71148048341274 -1.29214621335268 -1.26247880607843 -0.922977843671106 -0.382184464484453 -0.0217654034495354 0.477153763175011 0.174072951078415 0.0471586510539055 0.2930778414011 0.357163548469543 -0.061250627040863
5.62565314769745 5.60180926322937 5.6824654340744 5.47312134504318 5.57994401454926 5.17326688766479 4.58136111497879 5.18939334154129 4.17092549800873 4.91312432289124 6.46815657615662 6.04468882083893 5.83822095394135 3.6585865020752 2.24611867964268 1.41698425263166 1.52318314835429 0.695715308189392 0.779944121837616 0.343536049127579 0.369627997279167 0.501386657357216 -0.705854702740908 0.347403958439827 -0.918670676648617 -0.373578775441274 -1.18332018703222 -1.30406151711941 -1.06130287051201 -1.04354432411492 -1.43421702086926 -1.55898793041706 -1.84159223735332 -1.92336323857307 -2.452133923769 -2.64890506863594 -2.87400931119919 -2.76678025722504 -2.75305125117302 -2.51482200622559 -2.34142643213272 -2.04236397147179 -1.78811424970627 -1.30684395879507 -0.786906957626343 -0.254969986155629 -0.436866306990851 -0.0855960994958878 1.00317424535751 1.00977785885334
3.05552840232849 2.99137470126152 3.05038756132126 4.27823382616043 4.50374692678452 3.80392652750015 4.18648391962051 4.82625252008438 5.48035448789597 5.18112337589264 5.14755880832672 4.58649402856827 4.82826292514801 4.6770316362381 3.73880016803741 3.8514022231102 3.52233764529228 2.348773047328 1.7342407265678 2.2414074242115 2.88557413220406 3.13724085688591 3.20190766453743 2.41974094510078 2.78574112057686 1.86857449263334 -0.0682587996125221 -0.301258846186101 -0.643258843570948 -1.06392538547516 -1.39694670587778 -1.79298943281174 -2.16086557507515 -2.17707496881485 -1.81995098292828 -1.76332698762417 -1.78170301020145 -1.97374585270882 -2.2269552052021 -2.45166444778442 -2.69254070520401 -2.69125002622604 -2.77537724375725 -2.47592249512672 -3.17096781730652 -2.82067954540253 -1.72155809402466 -1.08626990765333 -0.440648474381305 0.281306400895119
3.32340356707573 2.82794010639191 2.71097657084465 3.57267960906029 3.58888280391693 2.63725247979164 1.65294005861506 0.871278584003448 0.687117248773575 1.48978903517127 3.49479416012764 3.62513276934624 2.09497141093016 3.15247654914856 3.66298189759254 3.04415372014046 5.67515867948532 5.1578306555748 4.021704018116 2.7909454703331 4.43252015113831 5.8725950717926 6.36205184459686 5.19348973035812 2.39281956851482 0.556727603077888 -0.150197625160217 -0.630456101149321 -0.701214671134949 -0.858139853924513 -1.62767644226551 -2.27865761518478 -3.19613862037659 -3.85645312070847 -3.47526770830154 -2.74458235502243 -1.87139676511288 -1.51154465973377 -1.68919251859188 -1.63034038245678 -1.37215482443571 -0.958302777260542 -1.02314029075205 -1.04016773961484 -1.30936167389154 -1.76705567538738 -2.26091638207436 -2.85411038994789 -2.62413784861565 -1.05383189767599
2.91961222887039 3.72817206382751 3.84073197841644 2.92695882916451 2.83718547224998 1.77957880869508 1.40089631453156 0.721971347928047 0.307879701256752 0.644788056612015 2.31236316263676 3.73427140712738 2.82801327109337 3.21825495362282 3.96416342258453 3.91323834657669 5.6943131685257 4.8037217259407 3.48483395576477 2.33165036141872 2.57029980421066 5.03896397352219 5.64452940225601 3.73760271072388 1.72873138636351 -0.501452472060919 0.0306970626115799 0.830513224005699 0.967496171593666 1.09814564883709 0.288094058632851 -1.22415896505117 -2.79107868671417 -3.6773316860199 -3.8610845208168 -3.15833765268326 -2.17442393302917 -1.8490101993084 -1.68559658527374 -1.99384945631027 -1.4952692091465 -1.04018883220851 -0.36073681851849 -0.111079573631287 -0.153089120984077 -0.261098643764853 -0.179774831980467 -0.190117634832859 -0.304293844848871 -0.251136558130383
3.01015397906303 2.60907091200352 2.04482109099627 2.44173793494701 4.47615474462509 3.13623827695847 2.01768589764833 1.35466403514147 1.63997559528798 1.59228713624179 1.91193200647831 2.13007687777281 2.92755508422852 3.82919985055923 5.45079928636551 5.66214752197266 3.21473604440689 3.29411265254021 4.06747287511826 4.92866450548172 5.78949582576752 5.20633381605148 4.69836109876633 4.27972829341888 4.2712145447731 5.37077355384827 3.9947150349617 1.65614935010672 0.504373639822006 0.261431261897087 0.141864247620106 0.144006170332432 -0.444018567563035 -1.47687670588493 -1.26890154927969 -0.595092933624983 -1.03428433090448 -1.03914253972471 -1.18616729974747 -1.15102544054389 -0.953550187405199 -0.72124157845974 -0.570166490972042 -0.564158154651523 -0.487816588021815 -0.289808065630496 -0.106633152812719 0.16220860183239 0.0792168974876404 -0.0647748038172722
2.15486255288124 1.99596955627203 3.09157666563988 3.69701689481735 3.79012411832809 6.07656455039978 3.14697539806366 2.35669009387493 3.08507147431374 4.31305688619614 4.60163635015488 4.88718521595001 6.59120798110962 5.80747830867767 6.02235972881317 5.38793540000916 4.48994290828705 6.5521228313446 4.147705078125 2.54078431427479 1.61502532847226 0.69249102473259 0.888456776738167 1.38458921015263 0.783054918050766 2.01852054148912 5.23565292358398 2.62728531658649 1.72725109383464 1.3493834733963 1.19513472914696 0.210838124155998 0.0655416026711464 0.200411632657051 0.174115046858788 -0.0986815765500069 -0.547478152438998 -0.872941267676651 -0.944904612842947 -1.09670121595263 -0.970497784204781 -0.68212765827775 -0.627596162259579 -0.660236772149801 -0.785543862730265 -0.707684364169836 -0.690824825316668 -0.625798638910055 -0.546605763956904 -0.476579603739083
3.64357101917267 3.49720162153244 4.17599880695343 5.64246296882629 6.58426010608673 6.78558778762817 6.41074907779694 5.12340843677521 6.53794503211975 -9999 -9999 6.51018750667572 4.89608609676361 2.94625666737556 3.66970786452293 6.36970520019531 6.73661005496979 3.89997166395187 1.13205726444721 0.226764425635338 -0.172528531402349 -0.852488060481846 -0.174447618424892 0.275592908263206 -0.386033342219889 0.200007185339928 1.95238099992275 2.7980879843235 0.750128611922264 0.687669008970261 1.08090510964394 0.818670019507408 0.772434934973717 0.344866558909416 -0.285701812244952 -0.742436870932579 -0.99117193557322 -0.924906902015209 -1.00214201025665 -0.80421032756567 -0.595612142235041 -0.585180468857288 -0.612026002258062 -0.403815294615924 -0.550437880679965 -0.665227234363556 -0.671849887818098 -0.595805842429399 -0.502595192752779 -0.341217732056975
4.98077952861786 5.64843380451202 5.49458783864975 6.26256787776947 7.26702105998993 7.77971708774567 7.50172114372253 -9999 6.94110941886902 6.28518784046173 4.69936782121658 3.34515962004662 2.04268057644367 1.61970162019134 4.82638919353485 6.5708863735199 3.44175025820732 3.99561905860901 2.79685378074646 0.753469079732895 0.038917563855648 -0.820300478488207 -1.27835191041231 -0.913236750911892 -0.14845484495163 0.251160368323326 0.514942303299904 1.37239079922438 0.361172661185265 -0.612878747284412 -1.0366579387337 -0.965831329114735 -0.66067161038518 -0.429345099255443 -0.324685271189082 -0.506358780898154 -0.713198956102133 -0.96537250559777 -1.07937940210104 -0.982052863575518 -0.673559743911028 -0.654066596180201 -0.460789103060961 -0.340727100614458 -0.346498736646026 -0.332603397546336 -0.220041504129767 -0.314146382035688 -0.38525115698576 0.116310626268387
5.52365481853485 4.6456658244133 4.41001009941101 6.72018778324127 7.27976131439209 7.32791805267334 6.56610596179962 6.16076815128326 5.53369241952896 4.14294987916946 2.80754074454308 2.08729831129313 0.926222562789917 1.43897996842861 5.78679704666138 4.66676771640778 2.48808592557907 1.06534343957901 0.200317174196243 0.872507199645042 0.767697036266327 -0.249446271918714 -0.596089616417885 -0.619399644434452 -0.21287632919848 0.201313614845276 0.306503564119339 0.693193554878235 -0.114116501063108 -0.675259977579117 -1.29822085797787 -1.20433291047812 -1.21161153912544 -1.21239018440247 -1.22066874057055 -1.09244752675295 -0.628059417009354 -0.824171405285597 -0.904116680379957 -1.09539526700974 -1.00450734421611 -0.568285994231701 -0.478552044834942 -0.503472360782325 -0.452725960582029 -0.214812884107232 -0.201233265921474 -0.104986861348152 -0.105573825538158 -0.155160829424858
6.8124281167984 5.98408210277557 6.35593247413635 7.24563348293304 7.60875153541565 5.82778596878052 5.41146701574326 4.52279418706894 3.95645499229431 3.36761558055878 1.17244297266006 -0.00139631330966949 0.480931013822556 4.72392517328262 6.35958552360535 2.5202811062336 0.140073783695698 0.17390101402998 -0.158552877604961 -0.38345474563539 0.134476572275162 0.0629078894853592 -0.228827374055982 -0.577062690630555 -0.566964570432901 -0.122699867933989 0.227398201823235 0.513162910938263 -0.296405799686909 -1.50314094126225 -1.49728398025036 -1.25900094211102 -1.00555139034986 -1.02576849609613 -0.985485621728003 -0.982536107301712 -0.882919952273369 -0.771636970341206 -0.747020814567804 -0.734904456883669 -0.77312171086669 -0.817338764667511 -0.76548184081912 -0.654884338378906 -0.585453379899263 -0.385189112275839 -0.324425040511414 -0.212660716846585 -0.123229827731848 -0.124132342636585
7.51919853687286 -9999 7.60319173336029 7.26463234424591 5.72977721691132 4.00493115186691 3.41079190373421 2.73643371462822 1.82040904462337 1.18505072593689 0.139859341084957 -0.977332221344113 1.28380960971117 5.27056592702866 4.64163506031036 1.21290177851915 -0.343456416390836 -0.606814647093415 -1.27908902615309 -1.42777952551842 -0.82430355809629 -0.910994283854961 -0.397684788331389 -0.739375427365303 -0.883732834365219 -0.484256724477746 -0.100780695676804 0.0311953499913216 -0.0971618741750717 -0.870519240386784 -1.04770795255899 -0.926561273634434 -0.920081337215379 -0.957601401954889 -1.09962149336934 -1.09897497296333 -0.909828290343285 -0.813181670382619 -0.796368397772312 -0.718721807003021 -0.645408477634192 -0.617428604513407 -0.713876433670521 -0.844085505232215 -0.630627773702145 -0.438670142088085 -0.374712543562055 -0.487754843197763 -0.545797163620591 -0.498006242327392
-9999 -9999 6.37061047554016 5.12576109170914 3.39340767264366 2.69422855973244 3.43765258789062 2.92752015590668 2.43522110581398 0.864422097802162 -1.05154358968139 -0.491009311750531 2.83302494883537 5.9421147108078 3.0753156542778 0.562127813696861 0.0373287200927734 -0.566303538158536 -1.11012449115515 -1.27846717834473 -1.12681004032493 -1.34648606926203 -0.775828830897808 -0.901338097406551 -1.2300142198801 -1.30885697901249 -1.09536629170179 -0.968375756405294 -0.493718496058136 -0.650561217218637 -0.997159650549293 -1.20718051493168 -1.08320137858391 -0.906888814177364 -0.845576383173466 -0.912930472288281 -0.91045127203688 -0.854805570095778 -0.745326392352581 -0.712347149848938 -0.628701332956553 -0.627388793975115 -0.567735901102424 -0.558575920760632 -0.528915943577886 -0.510255900211632 -0.553262567147613 -0.635435819625854 -0.588942550122738 -0.309115900367033
