data/spatiotemp/temp2/bio10_norsw_test_2007_2010.asc
NCOLS 654 
NROWS 380 
XLLCORNER 3.91666666666667 
YLLCORNER 55.3333333333333 
CELLSIZE 0.0416666666666667 
NODATA_value -9999 
[rows 286 to 307 of 380, columns 500 to 549 of 654]
16.2856621742249 16.2245073318481 16.1940181255341 16.2048625946045 16.2223737239838 16.2398843765259 16.2760620117188 16.2775731086731 16.2604174613953 16.257928609848 16.2334396839142 16.2082839012146 16.2305114269257 16.2447893619537 16.2764010429382 16.2860126495361 16.263623714447 16.2385683059692 16.2415127754211 16.2167482376099 16.2289459705353 16.2458102703094 16.3016748428345 16.356205701828 16.3311588764191 16.3392007350922 16.3475756645203 16.3394513130188 16.3286595344543 16.3200349807739 16.3055763244629 16.3191184997559 16.3053271770477 16.2535362243652 16.242577791214 16.2639527320862 16.294858455658 16.2997949123383 16.311731338501 16.228667974472 16.2019374370575 16.2862071990967 16.3269772529602 16.3212468624115 16.2708497047424 16.2382862567902 16.2170565128326 16.2073256969452 16.2212946414948 16.2139623165131
16.3678541183472 16.2847847938538 16.2737169265747 16.2713141441345 16.2635788917542 16.2645099163055 16.3054413795471 16.3617055416107 16.3893036842346 16.3769013881683 16.3504991531372 16.3134300708771 16.2973866462708 16.2543685436249 16.246684551239 16.2396664619446 16.2553148269653 16.2644805908203 16.2952306270599 16.3023147583008 16.2785651683807 16.2781484127045 16.3023989200592 16.3579821586609 16.3510551452637 16.3184490203857 16.3283426761627 16.3237369060516 16.2889642715454 16.2781918048859 16.2884192466736 16.3089802265167 16.2773745059967 16.2689352035522 16.3148293495178 16.3298897743225 16.3164339065552 16.2579607963562 16.2079877853394 16.1135141849518 16.0908744335175 16.1807353496552 16.2597622871399 16.3051218986511 16.3109822273254 16.2858424186707 16.2605361938477 16.2218959331512 16.1773343086243 16.1625175476074
16.3920450210571 16.3310632705688 16.3234150409698 16.3011002540588 16.2941179275513 16.2698018550873 16.2928202152252 16.3111715316772 16.3541893959045 16.371874332428 16.3722248077393 16.3619103431702 16.3469288349152 16.3299481868744 16.2896344661713 16.2546539306641 16.2970063686371 16.3026926517487 16.3183786869049 16.3175480365753 16.3395171165466 16.3766534328461 16.3984565734863 16.4034259319305 16.3884506225586 16.3420305252075 16.3147768974304 16.2995233535767 16.283935546875 16.2573490142822 16.2710952758789 16.2835080623627 16.307421207428 16.3125014305115 16.3704137802124 16.4204940795898 16.3923423290253 16.3096261024475 16.2259104251862 16.1456942558289 16.0656452178955 16.1025958061218 16.1642129421234 16.2204976081848 16.2866151332855 16.3067321777344 16.2421827316284 16.2254672050476 16.1807079315186 16.161572933197
16.4009039402008 16.375342130661 16.3251142501831 16.3228855133057 16.3466567993164 16.3397612571716 16.3148665428162 16.327303647995 16.3337419033051 16.358179807663 16.387951374054 16.3803899288177 16.3711373806 16.3908610343933 16.4439175128937 16.3836417198181 16.3433647155762 16.3457548618317 16.3561460971832 16.3506140708923 16.3541362285614 16.4238252639771 16.4626805782318 16.4605360031128 16.4181799888611 16.3689455986023 16.337043762207 16.332142829895 16.3112409114838 16.2981734275818 16.3311049938202 16.360536813736 16.3471353054047 16.3460674285889 16.42799949646 16.4623072147369 16.4328966140747 16.3879594802856 16.3348333835602 16.2723746299744 16.2030827999115 16.1732904911041 16.2058317661285 16.2420392036438 16.2917470932007 16.281788110733 16.2173297405243 16.1920373439789 16.177915096283 16.1816284656525
16.4177620410919 16.3949534893036 16.3808119297028 16.3673374652863 16.3711953163147 16.3997201919556 16.395578622818 16.3847694396973 16.3739609718323 16.3798201084137 16.3723449707031 16.3722031116486 16.3793461322784 16.3997735977173 16.4362008571625 16.4039623737335 16.3957223892212 16.3981511592865 16.4332451820374 16.4190061092377 16.4255883693695 16.472163438797 16.4875719547272 16.4263129234314 16.4269096851349 16.4036931991577 16.388644695282 16.3757617473602 16.3780465126038 16.3789975643158 16.3949475288391 16.4390649795532 16.4319181442261 16.4099667072296 16.4470520019531 16.4432861804962 16.4369926452637 16.4421708583832 16.4093499183655 16.374528169632 16.3517072200775 16.3055531978607 16.2547316551208 16.2705781459808 16.3204226493835 16.3049347400665 16.2601137161255 16.2212927341461 16.2002885341644 16.2161843776703
16.4706208705902 16.453232049942 16.431177854538 16.4357888698578 16.4410672187805 16.4470126628876 16.4429576396942 16.4142348766327 16.4055142402649 16.431459903717 16.4254038333893 16.4166827201843 16.4142208099365 16.409353017807 16.4024848937988 16.4069492816925 16.4254143238068 16.4558801651001 16.4816777706146 16.5014762878418 16.5259416103363 16.5577404499054 16.5442051887512 16.4947564601898 16.4471390247345 16.4334421157837 16.457245349884 16.4353811740875 16.4395174980164 16.472487449646 16.4741654396057 16.5067183971405 16.5186057090759 16.4904918670654 16.4783775806427 16.4415979385376 16.4284210205078 16.4028460979462 16.4172716140747 16.4043641090393 16.3661222457886 16.2985479831696 16.2543067932129 16.2400653362274 16.2571575641632 16.2802488803864 16.2813413143158 16.2777667045593 16.2760345935822 16.273478269577
16.5168118476868 16.4921767711639 16.4948754310608 16.5049076080322 16.5089399814606 16.512971162796 16.4616696834564 16.4503681659698 16.4290671348572 16.4404318332672 16.4804635047913 16.4491624832153 16.4670958518982 16.4649322032928 16.472767829895 16.5059370994568 16.5377731323242 16.5676090717316 16.5694444179535 16.5892803668976 16.6031167507172 16.624285697937 16.6187882423401 16.563957452774 16.517644405365 16.5026898384094 16.5273458957672 16.5066678524017 16.5351357460022 16.5420083999634 16.5448806285858 16.5610871315002 16.5852928161621 16.5568323135376 16.4857051372528 16.4532442092896 16.4225165843964 16.3828547000885 16.3625266551971 16.400865316391 16.3198704719543 16.2808759212494 16.2465476989746 16.2348866462708 16.203891992569 16.2342298030853 16.2572355270386 16.2569072246552 16.2924842834473 16.3126323223114
16.5716698169708 16.545788526535 16.5625739097595 16.5780258178711 16.543478012085 16.5735969543457 16.5117156505585 16.4985008239746 16.4932858943939 16.4554052352905 16.461523771286 16.4809753894806 16.5479712486267 16.5585110187531 16.5717179775238 16.6155917644501 16.6894643306732 16.7300045490265 16.7212107181549 16.7510843276978 16.7276251316071 16.6594977378845 16.6313705444336 16.6239109039307 16.5991101264954 16.5936362743378 16.6034944057465 16.5706868171692 16.5792119503021 16.5970704555511 16.5909297466278 16.5894546508789 16.6106472015381 16.5725057125092 16.5216977596283 16.4835565090179 16.4352788925171 16.41419672966 16.3104491233826 16.3427007198334 16.3409523963928 16.3158705234528 16.3027899265289 16.2970411777496 16.2899599075317 16.2715446949005 16.2984635829926 16.3160474300385 16.3416011333466 16.3677885532379
16.5818610191345 16.5560667514801 16.5636060237885 16.5731444358826 16.5786836147308 16.5788893699646 16.5610942840576 16.5326330661774 16.5261723995209 16.520378112793 16.5299158096313 16.5594549179077 16.636846780777 16.6554245948792 16.6446681022644 16.6952450275421 16.7751564979553 16.8037328720093 16.7976441383362 16.8555545806885 16.8001325130463 16.694709777832 16.684620141983 16.6991975307465 16.6825749874115 16.6740868091583 16.6302654743195 16.5671095848083 16.5499544143677 16.5407996177673 16.5243108272552 16.5131559371948 16.5066683292389 16.5275127887726 16.5583581924438 16.5358691215515 16.4893736839294 16.4562058448792 16.4110369682312 16.3632025718689 16.3553671836853 16.3381993770599 16.3216969966888 16.2951958179474 16.3180270195007 16.3288578987122 16.337690114975 16.3811883926392 16.4033834934235 16.4042763710022
16.5213868618011 16.4810128211975 16.4793047904968 16.5242629051208 16.5685558319092 16.6435146331787 16.6278071403503 16.6034324169159 16.5943911075592 16.5826835632324 16.6076426506042 16.6086015701294 16.6350553035736 16.7223370075226 16.7602849006653 16.7948994636536 16.8455142974854 16.8327951431274 16.7920775413513 16.7540259361267 16.7199730873108 16.6825883388519 16.687869310379 16.7344841957092 16.7153739929199 16.6805381774902 16.6223690509796 16.5582008361816 16.534031867981 16.521194934845 16.4963600635529 16.4815242290497 16.48268866539 16.5158529281616 16.5250170230865 16.5215151309967 16.5481362342834 16.4895474910736 16.4436252117157 16.4070370197296 16.4017813205719 16.3811938762665 16.3646054267883 16.3233497142792 16.3387606143951 16.3675060272217 16.3622510433197 16.3943293094635 16.4171671867371 16.4360983371735
16.5235779285431 16.4786236286163 16.5250029563904 16.5587151050568 16.6050946712494 16.6448068618774 16.6185193061829 16.6102313995361 16.6192774772644 16.648323059082 16.6767022609711 16.6897480487823 16.7025971412659 16.7632489204407 16.8125677108765 16.8985538482666 16.9372053146362 16.8898582458496 16.8418436050415 16.7858290672302 16.7438151836395 16.6931338310242 16.6731190681458 16.6791043281555 16.6808390617371 16.6456563472748 16.6058065891266 16.6032905578613 16.6261076927185 16.5975916385651 16.5410754680634 16.5072257518768 16.5067093372345 16.5008597373962 16.5043435096741 16.5324938297272 16.5508985519409 16.5228898525238 16.508880853653 16.4715383052826 16.4575297832489 16.4308543205261 16.4268455505371 16.4101710319519 16.3801624774933 16.4014868736267 16.4274785518646 16.428802728653 16.4769508838654 16.4572536945343
16.5271027088165 16.5575695037842 16.6207013130188 16.6545007228851 16.6869668960571 16.7067658901215 16.7185657024384 16.6836977005005 16.6608300209045 16.6792960166931 16.6997623443604 16.7002279758453 16.7561392784119 16.8028283119202 16.8141846656799 16.836874961853 16.8502306938171 16.8642535209656 16.841609954834 16.8316335678101 16.804322719574 16.7350120544434 16.6690349578857 16.6923906803131 16.7196378707886 16.6861081123352 16.6385774612427 16.6110475063324 16.6401841640472 16.6479873657227 16.6051239967346 16.5469269752502 16.5333969593048 16.5638666152954 16.5543365478516 16.526139497757 16.502993106842 16.5242319107056 16.5634694099426 16.5980410575867 16.5439453125 16.4298498630524 16.4457542896271 16.4469919204712 16.4288966655731 16.4381351470947 16.4600393772125 16.4052777290344 16.4287333488464 16.4824085235596
16.6135172843933 16.6360793113708 16.6539745330811 16.6845371723175 16.6964330673218 16.7416622638702 16.74889087677 16.708119392395 16.6853492259979 16.681244134903 16.6951401233673 16.7310361862183 16.7864818572998 16.803478717804 16.8298082351685 16.8201379776001 16.7911343574524 16.8041305541992 16.8051271438599 16.8054566383362 16.8084535598755 16.7521159648895 16.6897792816162 16.7327749729156 16.747565984726 16.7188181877136 16.6674036979675 16.6926558017731 16.7032413482666 16.6958272457123 16.6544134616852 16.6196653842926 16.5675842761993 16.5548367500305 16.5647552013397 16.5706748962402 16.5781803131104 16.5879406929016 16.6430335044861 16.670126914978 16.5952203273773 16.5216467380524 16.5040731430054 16.5138335227966 16.4569263458252 16.4520196914673 16.4577796459198 16.4762058258057 16.4842894077301 16.5020287036896
16.7441539764404 16.7421555519104 16.7508234977722 16.7821588516235 16.7474932670593 16.7421624660492 16.7514972686768 16.744832277298 16.75950050354 16.7555024623871 16.7468376159668 16.7568392753601 16.7956261634827 16.7925324440002 16.8001046180725 16.7783436775208 16.7485826015472 16.7448220252991 16.7557282447815 16.7572994232178 16.7808723449707 16.7611110210419 16.7306833267212 16.731588602066 16.7426238059998 16.7537882328033 16.6949517726898 16.6767835617065 16.7072806358337 16.7497787475586 16.7249429225922 16.6794407367706 16.6552715301514 16.6197693347931 16.5822670459747 16.570764541626 16.6044585704803 16.6360168457031 16.6295735836029 16.6244649887085 16.556688785553 16.5249123573303 16.5364694595337 16.5200273990631 16.4942507743835 16.4324750900269 16.4626998901367 16.4842565059662 16.4896166324615 16.5387804508209
16.8387899398804 16.7515640258789 16.7283387184143 16.7357795238495 16.753888130188 16.7939953804016 16.8514366149902 16.8702116012573 16.8803191184998 16.8650937080383 16.8278679847717 16.7866430282593 16.758770942688 16.7609186172485 16.7557346820831 16.7398824691772 16.743364572525 16.7608463764191 16.7776608467102 16.7991423606873 16.822624206543 16.8007726669312 16.7815878391266 16.7697360515594 16.7690145969391 16.7467579841614 16.7425014972687 16.7415776252747 16.7686538696289 16.8077304363251 16.7874736785889 16.7772166728973 16.7622928619385 16.7280354499817 16.649778842926 16.6015219688416 16.6320707798004 16.6274254322052 16.6147799491882 16.5961351394653 16.5674896240234 16.5895113945007 16.6075325012207 16.6015543937683 16.5749087333679 16.5469305515289 16.507618188858 16.5683059692383 16.5962774753571 16.6301984786987
17.0974259376526 16.8916392326355 16.8191876411438 16.7767343521118 16.7996153831482 16.8258295059204 16.8853764533997 16.9029240608215 16.9024705886841 16.8753514289856 16.8168983459473 16.7851123809814 16.7745821475983 16.7566397190094 16.7600305080414 16.7487545013428 16.7521462440491 16.7495367527008 16.7602617740631 16.7876524925232 16.7937097549438 16.79310131073 16.7838253974915 16.7725501060486 16.7520730495453 16.7457280158997 16.7620496749878 16.7903714179993 16.7786931991577 16.777015209198 16.7520031929016 16.7643249034882 16.7639803886414 16.7483019828796 16.7172904014587 16.6942784786224 16.6716828346252 16.6895015239716 16.696653842926 16.6764724254608 16.6189579963684 16.59011054039 16.6445953845978 16.63041472435 16.594233751297 16.6373860836029 16.6605379581451 16.5856902599335 16.5402719974518 16.5876171588898
16.9607286453247 16.8277158737183 16.8107023239136 16.8483557701111 16.8593430519104 16.8476629257202 16.8519830703735 16.8509697914124 16.8366231918335 16.8549432754517 16.9079298973083 16.909583568573 16.8470592498779 16.7716934680939 16.7496607303619 16.7342936992645 16.7375950813293 16.6908950805664 16.672196149826 16.72682929039 16.7787961959839 16.7454299926758 16.7280638217926 16.7173640727997 16.7204644680023 16.7306978702545 16.7749316692352 16.8158326148987 16.7827324867249 16.7542994022369 16.7745332717896 16.8107676506042 16.817667722702 16.8145687580109 16.7701354026794 16.7143695354462 16.7066271305084 16.7309107780457 16.6978604793549 16.6614766120911 16.6310927867889 16.6193759441376 16.6309924125671 16.6332750320435 16.6448912620544 16.6825079917908 16.7201242446899 16.6744074821472 16.5802667140961 16.5703694820404
16.8020324707031 16.7697920799255 16.8222179412842 16.8406434059143 16.8624033927917 16.8641633987427 16.8359227180481 16.842348575592 16.8507747650146 16.8992009162903 16.9822940826416 16.9893865585327 16.8642044067383 16.7387475967407 16.7052907943726 16.697833776474 16.6803770065308 16.6355860233307 16.5947954654694 16.6153388023376 16.6385486125946 16.6870920658112 16.6863014698029 16.7015109062195 16.7288553714752 16.7223348617554 16.7651474475861 16.7772932052612 16.7381052970886 16.7542510032654 16.7797296047211 16.8365430831909 16.8906893730164 16.8781676292419 16.7823135852814 16.7264592647552 16.7222392559052 16.711653470993 16.6757340431213 16.652480840683 16.630560874939 16.5953078269958 16.6147217750549 16.6288030147552 16.6655495166779 16.710296869278 16.726377248764 16.6717910766602 16.6149277687073 16.6137874126434
16.8340020179749 16.8358674049377 16.8130660057068 16.811598777771 16.8421301841736 16.869996547699 16.7938623428345 16.8010606765747 16.8202595710754 16.8554592132568 16.9079909324646 16.9478559494019 16.8846821784973 16.7298016548157 16.678920507431 16.6553726196289 16.6284923553467 16.5629444122314 16.4640629291534 16.4564378261566 16.5018494129181 16.6114203929901 16.6418721675873 16.6569917201996 16.7159132957458 16.7266380786896 16.7146952152252 16.6994194984436 16.7088117599487 16.73086977005 16.7615940570831 16.802318572998 16.8363761901855 16.8184337615967 16.7658247947693 16.7612164020538 16.7745172977448 16.734395980835 16.7022738456726 16.6928179264069 16.6633627414703 16.6612408161163 16.6597850322723 16.6636629104614 16.6915411949158 16.698085308075 16.6946301460266 16.6838409900665 16.6475887298584 16.6625390052795
16.9333052635193 16.8199434280396 16.7719159126282 16.7458870410919 16.8351917266846 16.8904962539673 16.8064684867859 16.7737736701965 16.8217453956604 16.8397164344788 16.8356885910034 16.8229942321777 16.8218264579773 16.7361888885498 16.658549785614 16.616245508194 16.573940038681 16.5076351165771 16.4595372676849 16.4708244800568 16.5226106643677 16.5817487239838 16.6507768630981 16.6344721317291 16.6729710102081 16.7076077461243 16.7055780887604 16.6942143440247 16.7121839523315 16.7701542377472 16.8387899398804 16.8374276161194 16.7960638999939 16.744033575058 16.7486698627472 16.7839734554291 16.7774624824524 16.735805273056 16.7194805145264 16.7111554145813 16.72483086586 16.777839422226 16.7768483161926 16.7598569393158 16.7428658008575 16.7552080154419 16.7955501079559 16.8118913173676 16.7642502784729 16.6892912387848
16.8819417953491 16.781352519989 16.7547643184662 16.7081747055054 16.7635855674744 16.8729977607727 16.8390746116638 16.7811522483826 16.8392305374146 16.8773078918457 16.8187189102173 16.7341306209564 16.7149713039398 16.705242395401 16.680180311203 16.6504514217377 16.6193890571594 16.5536596775055 16.5239305496216 16.567535161972 16.6611394882202 16.6974101066589 16.680347442627 16.6766188144684 16.6920289993286 16.7265770435333 16.7404599189758 16.7176752090454 16.7608897686005 16.9087724685669 17.0079879760742 17.0185360908508 16.9524173736572 16.8389668464661 16.8215160369873 16.8513970375061 16.7977411746979 16.7605471611023 16.7706863880157 16.7788269519806 16.8136329650879 16.8697719573975 16.8392441272736 16.8013842105865 16.7615234851837 16.7716631889343 16.9324688911438 17.0912752151489 16.941577911377 16.7327091693878
16.7765779495239 16.7540953159332 16.7436122894287 16.6771290302277 16.6593134403229 16.7448306083679 16.7550146579742 16.7011985778809 16.7140491008759 16.7515649795532 16.7184159755707 16.6665997505188 16.6421151161194 16.6729626655579 16.6311433315277 16.5573239326477 16.5855045318604 16.6716837882996 16.5891978740692 16.6820447444916 16.7615585327148 16.6964056491852 16.6025862693787 16.6427659988403 16.6630871295929 16.6708812713623 16.6880087852478 16.7411360740662 16.8829298019409 17.058723449707 17.0965170860291 17.0983109474182 17.090772151947 16.9792332649231 16.9370269775391 16.9514875411987 16.8900189399719 16.7819566726685 16.7592265605927 16.7864971160889 16.8511009216309 16.8650379180908 16.792308807373 16.7429113388062 16.7568485736847 16.7627851963043 16.8333885669708 17.0766592025757 17.0295715332031 16.8507945537567
