data/spatiotemp/temp2/bio11_norsw_test_2007_2010.asc
NCOLS 654 
NROWS 380 
XLLCORNER 3.91666666666667 
YLLCORNER 55.3333333333333 
CELLSIZE 0.0416666666666667 
NODATA_value -9999 
[rows 220 to 241 of 380, columns 288 to 335 of 654]
-7.73850572109222 -7.70638936758041 -7.73693937063217 -7.76948964595795 -7.68537324666977 -7.55458980798721 -7.41113996505737 -7.30635702610016 -7.19868749380112 -7.15679800510406 -7.19557529687881 -7.18101954460144 -7.10379701852798 -7.10324090719223 -7.05201840400696 -6.92612892389297 -6.78223961591721 -6.71235036849976 -6.55846112966537 -6.40790522098541 -6.21404975652695 -6.09689480066299 -6.0824066400528 -5.91858515143394 -5.7920968234539 -5.69494178891182 -5.66178715229034 -5.50863233208656 -5.44547724723816 -5.33498913049698 -5.25116744637489 -5.15601280331612 -5.15257906913757 -5.10753360390663 -4.94848811626434 -4.83360922336578 -4.61173051595688 -3.62735154479742 -9999 -9999 -9999 -9999 -9999 -9999 -9999 -9999 -9999 -9999
-7.6261425614357 -7.64293164014816 -7.58172112703323 -7.59051066637039 -7.50529986619949 -7.40408891439438 -7.27421200275421 -7.19433450698853 -7.13842761516571 -7.08115810155869 -6.98588842153549 -6.89728534221649 -6.86734908819199 -6.85541266202927 -6.85480958223343 -6.68353986740112 -6.30760371685028 -6.09366714954376 -6.02639764547348 -5.97112780809402 -6.03648513555527 -6.10913628339767 -6.15045416355133 -5.91177162528038 -5.71508929133415 -5.50440716743469 -5.48905807733536 -5.32704254984856 -5.16769334673882 -5.06101134419441 -5.02566216886044 -5.01031352579594 -5.01067720353603 -4.88542018830776 -4.70023722946644 -4.62557284533978 -9999 -3.25978171825409 -3.36518362164497 -9999 -9999 -9999 -9999 -9999 -9999 -9999 -9999 -9999
-7.35511231422424 -7.45147430896759 -7.47916948795319 -7.47953146696091 -7.45122635364532 -7.38892203569412 -7.32595032453537 -7.17697894573212 -7.10483485460281 -7.04218459129333 -6.91220110654831 -6.80155146121979 -6.7535679936409 -6.71225124597549 -6.64026755094528 -6.37495046854019 -5.94030064344406 -5.72965061664581 -5.57166689634323 -5.5030170083046 -5.57225361466408 -5.89804393053055 -6.05116766691208 -5.89362487196922 -5.62674847245216 -5.3672054708004 -5.1989957690239 -5.1581195294857 -5.01124310493469 -4.93570022284985 -4.87082399427891 -4.8679474145174 -4.82810851931572 -4.70064015686512 -4.45350503176451 -9999 -9999 -9999 -9999 -9999 -9999 -9999 -9999 -9999 -9999 -9999 -9999 -9999
-7.24674880504608 -7.292016685009 -7.38395088911057 -7.46188533306122 -7.46715366840363 -7.43975412845612 -7.39235544204712 -7.29095685482025 -7.15590864419937 -7.06587791442871 -6.82518082857132 -6.65181684494019 -6.62911969423294 -6.65908938646317 -6.60505890846252 -6.52369511127472 -6.22833120822906 -5.88696750998497 -5.5322702229023 -5.38823971152306 -5.42068910598755 -5.68828547000885 -5.92454844713211 -5.80947798490524 -5.53774094581604 -5.22333711385727 -5.05026689171791 -4.96652975678444 -4.82412581145763 -4.76238888502121 -4.74931859970093 -4.74424827098846 -4.71553961932659 -4.58624094724655 -4.3841801956296 -9999 -9999 -9999 -9999 -9999 -9999 -9999 -9999 -9999 -9999 -9999 -9999 -9999
-7.20705193281174 -7.16989207267761 -7.20606625080109 -7.28357297182083 -7.36907982826233 -7.41258698701859 -7.3634272813797 -7.27626764774323 -7.16164880990982 -7.06023788452148 -6.83616030216217 -6.65141630172729 -6.55333882570267 -6.51192784309387 -6.46518361568451 -6.39577269554138 -6.19169497489929 -5.74895080924034 -5.23887315392494 -5.0321289896965 -5.2257913351059 -5.58319339156151 -5.6365958750248 -5.5146646797657 -5.29739987850189 -5.04146891832352 -4.97953787446022 -4.89160692691803 -4.69300906360149 -4.66507779061794 -4.64448015391827 -4.62054890394211 -4.5869709327817 -4.49921875447035 -4.2986054122448 -4.01896412111819 -9999 -9999 -9999 -9999 -9999 -9999 -9999 -9999 -9999 -9999 -9999 -9999
-7.09002196788788 -7.02510166168213 -6.98951435089111 -7.02926033735275 -7.12167328596115 -7.2147530913353 -7.257832467556 -7.19224524497986 -7.10805606842041 -6.95126491785049 -6.82780677080154 -6.68968206644058 -6.52022397518158 -6.41276586055756 -6.2513080239296 -6.15118330717087 -6.07639223337173 -5.91426721215248 -5.72414264082909 -5.54335153102875 -5.33089324831963 -5.33876815438271 -5.33464282751083 -5.28851768374443 -5.05905935168266 -4.90893410146236 -4.82014216482639 -4.68868368864059 -4.57255857437849 -4.50443353503942 -4.50097481906414 -4.47951631247997 -4.51573596894741 -4.50163324922323 -4.28929859399796 -4.08787231636234 -9999 -9999 -9999 -9999 -9999 -9999 -9999 -9999 -9999 -9999 -9999 -9999
-6.91574382781982 -6.85974097251892 -6.83573836088181 -6.88173520565033 -6.94439923763275 -6.98906308412552 -7.09039336442947 -7.06372398138046 -6.98468065261841 -7.00326424837112 -6.92851424217224 -6.79376477003098 -6.64834827184677 -6.55093163251877 -6.39284855127335 -6.24743169546127 -5.96801534295082 -5.86259889602661 -5.78118234872818 -5.66509932279587 -5.65939199924469 -5.3527275621891 -5.11672964692116 -4.98273189365864 -4.91006748378277 -4.81073601543903 -4.66540494561195 -4.48540741205215 -4.36024267971516 -4.33957811072469 -4.33299277350307 -4.38741579651833 -4.41054067760706 -4.42317701876163 -4.23370254971087 -4.08285932755098 -3.99786471389234 -3.91330289840698 -3.46791669726372 -3.31069456040859 -9999 -9999 -9999 -9999 -9999 -9999 -9999 -9999
-6.82888430356979 -6.80314439535141 -6.75540429353714 -6.7783305644989 -6.81059074401855 -6.79351735115051 -6.93044370412827 -6.91603672504425 -6.94419020414352 -6.98690378665924 -7.00761741399765 -6.88299739360809 -6.78037762641907 -6.69242483377457 -6.63647133111954 -6.49051809310913 -6.28723162412643 -5.97661161422729 -5.7386586368084 -5.61337232589722 -5.49995458126068 -5.33107209205627 -5.38352257013321 -4.93664014339447 -4.74909098446369 -4.705541908741 -4.59065920114517 -4.48177685588598 -4.38489458709955 -4.3321279771626 -4.30562938377261 -4.16502460837364 -4.15039938688278 -4.19655620120466 -4.00269117951393 -4.0488785803318 -4.15156607795507 -4.00358700752258 -3.78941727429628 -9999 -9999 -9999 -9999 -9999 -9999 -9999 -9999 -9999
-6.9606921672821 -6.88321441411972 -6.77240395545959 -6.77292633056641 -6.78878235816956 -6.71397143602371 -6.73849421739578 -6.83501672744751 -6.90769958496094 -6.85787630081177 -6.91738700866699 -6.85223031044006 -6.80374056100845 -6.75325065851212 -6.68609428405762 -6.59760445356369 -6.45911461114883 -6.27862507104874 -5.9761349260807 -5.76764521002769 -5.45251670479774 -5.37341621518135 -5.18564888834953 -4.92721527814865 -4.68611453473568 -4.64168082177639 -4.55524724721909 -4.42348010092974 -4.26400267705321 -4.20844557881355 -4.18999697826803 -4.03763369657099 -9999 -9999 -3.39770837128162 -3.77280683070421 -3.95177474617958 -3.83821299672127 -3.66318877786398 -9999 -9999 -9999 -9999 -9999 -9999 -9999 -9999 -9999
-6.95916587114334 -6.99461758136749 -6.9754034280777 -6.93752175569534 -6.80497378110886 -6.711758852005 -6.72054445743561 -6.79532980918884 -6.71054273843765 -6.68884921073914 -6.69915634393692 -6.68879640102386 -6.67043697834015 -6.59874379634857 -6.4757171869278 -6.3820241689682 -6.26299774646759 -6.12330430746078 -5.97227773070335 -5.72391822934151 -5.50574585795403 -5.24442729353905 -5.0711088180542 -4.88779026269913 -4.73247167468071 -4.65982009470463 -4.59716849029064 -4.44451636821032 -4.24354584887624 -4.0503796832636 -3.92898538708687 -3.63048101216555 -9999 -9999 -3.43930557370186 -3.47125016152859 -9999 -9999 -9999 -9999 -9999 -9999 -9999 -9999 -9999 -9999 -9999 -9999
-7.04230678081512 -7.00335437059402 -6.96173584461212 -6.94411718845367 -6.87249851226807 -6.78088009357452 -6.76592797040939 -6.76230943202972 -6.69005209207535 -6.64315551519394 -6.45692574977875 -6.5713626742363 -6.69246631860733 -6.63223642110825 -6.55734014511108 -6.48244380950928 -6.35554713010788 -6.19198393821716 -5.98442116379738 -5.67952448129654 -5.39164161682129 -5.21610483527184 -5.16590195894241 -5.00236538052559 -4.81016220152378 -4.63195924460888 -4.5930892676115 -4.43225146085024 -4.15391372703016 -3.78592466562986 -3.62327691167593 -9999 -3.3475000411272 -3.240069642663 -3.17361123859882 -3.29106484353542 -3.34319457411766 -9999 -9999 -9999 -9999 -9999 -9999 -9999 -9999 -9999 -9999 -9999
-6.96144706010818 -6.97075796127319 -7.00606870651245 -7.00537943840027 -6.97069048881531 -6.89933437108994 -6.83331173658371 -6.76262247562408 -6.63489472866058 -6.50079524517059 -6.46202844381332 -6.5879288315773 -6.6664959192276 -6.62306278944016 -6.50562959909439 -6.43486309051514 -6.32209664583206 -6.09199666976929 -5.8232304751873 -5.64979732036591 -5.43620371818542 -5.26111590862274 -5.11669489741325 -4.86894042789936 -4.7318526506424 -4.66143150627613 -4.6223438680172 -4.4612560197711 -4.17139650322497 -3.8484140150249 -9999 -9999 -9999 -9999 -3.15791679918766 -3.22291685640812 -3.29902775585651 -9999 -9999 -9999 -9999 -9999 -9999 -9999 -9999 -9999 -9999 -9999
-6.82858753204346 -6.91882795095444 -6.95840156078339 -6.96064132452011 -6.91954845190048 -6.76378858089447 -6.68402886390686 -6.62160211801529 -6.5384042263031 -6.41576778888702 -6.40179765224457 -6.48982828855515 -6.53119188547134 -6.47722214460373 -6.36058574914932 -6.2666158080101 -6.12997949123383 -5.8886766731739 -5.65137359499931 -5.60340338945389 -5.45809921622276 -5.27612686157227 -5.04815451800823 -4.82618211209774 -4.72087635099888 -4.72223718464375 -4.6882649064064 -4.56495916098356 -4.29165345802903 -3.92263947799802 -9999 -9999 -9999 -9999 -9999 -9999 -9999 -9999 -9999 -9999 -9999 -9999 -9999 -9999 -9999 -9999 -9999 -9999
-6.64572817087173 -6.71289789676666 -6.7740672826767 -6.79390370845795 -6.7650733590126 -6.67824286222458 -6.52807939052582 -6.44591522216797 -6.38991355895996 -6.34207373857498 -6.40356767177582 -6.42506122589111 -6.43122130632401 -6.31071507930756 -6.21954190731049 -6.13436901569366 -6.02852907776833 -5.84202301502228 -5.61684957146645 -5.46500998735428 -5.32066142559052 -5.20980447530746 -5.09228080511093 -4.95409047603607 -4.81256680190563 -4.78104300796986 -4.72685270011425 -4.58066222071648 -4.36713857203722 -4.10620299493894 -3.69384106248617 -3.28123410046101 -9999 -9999 -9999 -9999 -9999 -9999 -9999 -9999 -9999 -9999 -9999 -9999 -9999 -9999 -9999 -9999
-6.52020221948624 -6.48163455724716 -6.50640034675598 -6.59516590833664 -6.63326495885849 -6.6226971745491 -6.55546289682388 -6.45889496803284 -6.37608975172043 -6.27638018131256 -6.33933728933334 -6.37562710046768 -6.34525114297867 -6.2588746547699 -6.20249807834625 -6.08412170410156 -5.93907877802849 -5.73603543639183 -5.61032599210739 -5.48194950819016 -5.31722396612167 -5.15681564807892 -5.08907374739647 -5.01399907469749 -4.92092394828796 -4.83318220078945 -4.70944039523602 -4.51436567306519 -4.31245718896389 -9999 -9999 -9999 -9999 -9999 -9999 -9999 -9999 -9999 -9999 -9999 -9999 -9999 -9999 -9999 -9999 -9999 -9999 -9999
-6.37200951576233 -6.32837104797363 -6.26339960098267 -6.30509489774704 -6.35545641183853 -6.36381816864014 -6.38017982244492 -6.34654140472412 -6.2669323682785 -6.2726863026619 -6.29443973302841 -6.22352695465088 -6.2019470334053 -6.20703428983688 -6.12278759479523 -5.91387471556664 -5.73629510402679 -5.55738216638565 -5.43380224704742 -5.39488923549652 -5.4151194691658 -5.29049322009087 -5.16053351759911 -5.02790743112564 -4.91928085684776 -4.82398788630962 -4.76536171138287 -4.62740205228329 -4.46544214338064 -4.3744825348258 -4.11796736204997 -3.6208965703845 -9999 -2.08069465309381 -9999 -9999 -9999 -9999 -9999 -9999 -9999 -9999 -9999 -9999 -9999 -9999 -9999 -9999
-6.31315010786057 -6.26844131946564 -6.152399122715 -6.05635672807693 -6.11231470108032 -6.14760589599609 -6.1488966345787 -6.15085464715958 -6.17910867929459 -6.15432560443878 -6.10487592220306 -6.0774262547493 -6.03197655081749 -6.01986035704613 -5.99774372577667 -5.88829413056374 -5.69217789173126 -5.56472814083099 -5.43661174178123 -5.31316202878952 -5.34701529145241 -5.28083762526512 -5.11199331283569 -4.97781579196453 -4.87163785099983 -4.83012683689594 -4.81661614775658 -4.73910504579544 -4.59626081585884 -4.36099983006716 -4.10484657203779 -3.63390941172838 -9999 -9999 -9999 -9999 -9999 -9999 -9999 -9999 -9999 -9999 -9999 -9999 -9999 -9999 -9999 -9999
-6.39295738935471 -6.31651139259338 -6.18606513738632 -6.04095220565796 -6.00317269563675 -6.04339325428009 -6.05828058719635 -6.02916771173477 -6.04661798477173 -6.04596501588821 -5.95397886633873 -5.86799237132072 -5.95200628042221 -5.93135327100754 -5.94070026278496 -5.82004705071449 -5.58406096696854 -5.39540782570839 -5.2307548224926 -5.13876858353615 -5.13157743215561 -5.13984856009483 -5.00945287942886 -4.8830573707819 -4.74532820284367 -4.71759942173958 -4.71587030589581 -4.65947476029396 -4.537079192698 -4.31835016608238 -4.10150003922172 -3.69389221072197 -3.56023731827736 -9999 -9999 -9999 -9999 -9999 -9999 -9999 -9999 -9999 -9999 -9999 -9999 -9999 -9999 -9999
-6.55486106872559 -6.50274688005447 -6.35596615076065 -6.17651873826981 -6.05840450525284 -6.01962351799011 -6.06750923395157 -6.00339543819427 -5.9702630341053 -5.91544556617737 -5.80729511380196 -5.74981129169464 -5.83432757854462 -5.79084396362305 -5.77335992455482 -5.63987612724304 -5.37905886769295 -5.19757509231567 -5.03142458200455 -4.86660751700401 -4.8442288339138 -5.05028893053532 -4.98234875500202 -4.78440821170807 -4.59446831047535 -4.58919462561607 -4.58525456488132 -4.49264772981405 -4.36004067212343 -4.16682519577444 -3.92671582102776 -3.65955340117216 -2.58250340819359 -9999 -9999 -9999 -9999 -9999 -9999 -9999 -9999 -9999 -9999 -9999 -9999 -9999 -9999 -9999
-6.72486102581024 -6.74048149585724 -6.65476870536804 -6.47305566072464 -6.27800935506821 -6.18029630184174 -6.21658366918564 -6.16287058591843 -6.05270969867706 -5.90876743197441 -5.79149210453033 -5.72221645712852 -5.69227430224419 -5.65099877119064 -5.58505690097809 -5.53111428022385 -5.3678392469883 -5.21656361222267 -5.24795481562614 -5.10534602403641 -4.88430261611938 -4.86149117350578 -4.92934654653072 -4.82853515446186 -4.69772407412529 -4.64557932317257 -4.5534343868494 -4.40128980576992 -4.21647863462567 -3.95300047658384 -3.59285578131676 -9999 -9999 -2.54798182845116 -9999 -9999 -9999 -9999 -9999 -9999 -9999 -9999 -9999 -9999 -9999 -9999 -9999 -9999
-6.69152772426605 -6.73888295888901 -6.68823784589767 -6.54492610692978 -6.41161423921585 -6.34296935796738 -6.33365762233734 -6.29634588956833 -6.24248993396759 -6.10808920860291 -5.98835533857346 -5.93395480513573 -5.85955449938774 -5.73382037878036 -5.52942022681236 -5.44835299253464 -5.22995242476463 -5.15021854639053 -5.10048493742943 -5.08941787481308 -4.97570967674255 -4.92869393527508 -4.91101114451885 -4.8639954328537 -4.71897971630096 -4.5492971688509 -4.46761470288038 -4.36459916830063 -4.17224964872003 -3.93459767103195 -3.63621828705072 -9999 -9999 -2.71308299899101 -9999 -9999 -9999 -9999 -9999 -9999 -9999 -9999 -9999 -9999 -9999 -9999 -9999 -9999
-6.64819437265396 -6.65061765909195 -6.59904026985168 -6.47612977027893 -6.37121933698654 -6.34364223480225 -6.33339840173721 -6.19382113218307 -6.13493657112122 -6.15541112422943 -6.10321873426437 -6.08102655410767 -6.0075010061264 -5.89864259958267 -5.74311676621437 -5.48959144949913 -5.18406596779823 -5.05720719695091 -5.06434831023216 -5.03548943996429 -4.91911648213863 -4.87789621949196 -4.88400930166245 -4.84612238407135 -4.74223557114601 -4.6056819409132 -4.46712799370289 -4.32524134963751 -4.12135446071625 -3.91213420033455 -3.65624705702066 -9999 -9999 -9999 -9999 -9999 -9999 -9999 -9999 -9999 -9999 -9999 -9999 -9999 -9999 -9999 -9999 -9999
