data/spatiotemp/temp2/bio14_norsw_test_2007_2010.asc
NCOLS 654 
NROWS 380 
XLLCORNER 3.91666666666667 
YLLCORNER 55.3333333333333 
CELLSIZE 0.0416666666666667 
NODATA_value -9999 
[rows 110 to 131 of 380, columns 550 to 599 of 654]
20.3206119537354 20.1657240390778 20.124489068985 20.0832536220551 19.9041352272034 19.4254052639008 19.2751371860504 19.235232591629 19.1953275203705 19.1554229259491 19.1405947208405 19.4266092777252 19.9769279956818 19.8832955360413 19.1815936565399 19.3302915096283 19.2020926475525 19.3195283412933 19.3297498226166 19.2328412532806 19.3822479248047 19.5319375991821 19.9699177742004 19.9595470428467 19.5119435787201 19.6084520816803 19.5982213020325 19.5879907608032 19.577760219574 19.5675301551819 19.5572991371155 20.2280602455139 20.323203086853 20.7473273277283 20.7421221733093 21.022629737854 21.0233132839203 20.883905172348 21.3196151256561 21.3203256130219 21.4613099098206 21.4620816707611 21.322457075119 21.3231680393219 21.2194550037384 21.2202703952789 21.3537724018097 21.3387470245361 21.1831722259521 21.027645111084
20.9702286720276 20.9313449859619 20.8924612998962 20.2736423015594 20.1246335506439 19.5083036422729 19.4712743759155 19.325234413147 19.2887871265411 19.5286586284637 20.0591201782227 20.0627844333649 20.0664486885071 19.9788670539856 19.2715492248535 19.3872056007385 19.3954842090607 19.9821994304657 20.0980508327484 20.1066408157349 20.1152315139771 19.4368779659271 19.3276174068451 20.0014259815216 19.581967830658 19.6759939193726 19.6632831096649 20.195360660553 20.3221096992493 20.308958530426 20.2958090305328 20.9655938148499 20.9520049095154 20.9384162425995 21.0717537403107 21.0718297958374 20.9316644668579 21.6135892868042 21.6136255264282 21.5088086128235 21.5089492797852 21.5090906620026 21.3686311244965 20.8273456096649 21.2644612789154 20.6868090629578 20.6794211864471 21.241996049881 21.2268352508545 20.5312724113464
21.1801633834839 20.5605688095093 20.386953830719 20.3523511886597 20.3177478313446 20.1731541156769 19.5577068328857 19.5242111682892 19.3822479248047 19.3492603302002 19.3359603881836 19.4811375141144 19.4876484870911 19.3551187515259 19.3615047931671 19.4753239154816 20.0628161430359 20.3163185119629 20.0760750770569 20.1899394989014 20.7788441181183 20.2030999660492 20.1985123157501 20.182758808136 19.6185877323151 19.6033773422241 20.275675535202 20.5064239501953 20.4905560016632 21.0546255111694 20.9325385093689 21.0567033290863 21.1461689472198 21.1299414634705 21.5595228672028 21.6641993522644 21.6636080741882 21.8035264015198 22.2411239147186 22.2406327724457 22.1354908943176 21.801394701004 22.2391617298126 22.2386710643768 22.0972559452057 21.5541431903839 21.4051470756531 21.2858171463013 20.691858291626 20.5733225345612
21.2515499591827 21.0804619789124 20.9094784259796 20.431060552597 20.2898635864258 20.2593388557434 20.2288153171539 19.6141769886017 19.5842134952545 19.4461798667908 19.433641910553 19.4380972385406 19.4425513744354 19.4470064640045 19.5590469837189 20.1474351882935 20.2595310211182 20.4040420055389 20.8533618450165 20.8581643104553 20.4180970191956 20.867769241333 20.4159796237946 20.9489457607269 20.3793950080872 20.3611035346985 20.4832947254181 20.4650063514709 20.4467186927795 20.5343656539917 21.0975778102875 21.2191824913025 21.2002851963043 21.6211776733398 21.7161026000977 21.7148821353912 21.7136628627777 21.7124423980713 21.7112219333649 22.1496732234955 22.2893679141998 22.2882263660431 22.2870836257935 22.2859427928925 22.2848012447357 22.1796116828918 21.5902469158173 21.574595451355 21.3141584396362 21.2986755371094
21.1828572750092 21.1550195217133 20.5370831489563 20.5097696781158 21.0715057849884 20.5949375629425 20.3185694217682 20.2916157245636 19.6777124404907 19.543098449707 19.5313248634338 19.6735475063324 19.5363712310791 20.2334270477295 20.2360558509827 20.3788130283356 20.4890997409821 20.9388916492462 21.1894900798798 21.1922616958618 21.1950314044952 21.0905992984772 21.0813314914703 21.0599536895752 21.1793856620789 21.1580004692078 21.243008852005 21.2214512825012 21.1998932361603 21.178334236145 21.1567771434784 21.135219335556 21.2190244197845 21.6387355327606 21.6266577243805 21.7655653953552 21.7637169361115 21.7618696689606 22.2011926174164 22.3403859138489 22.3385937213898 22.3368008136749 22.3350083827972 22.3332147598267 22.1900901794434 22.0842833518982 21.4929308891296 21.4771313667297 21.3578197956085 21.3421771526337
21.2537348270416 21.3701050281525 21.2054212093353 21.0408625602722 20.5648107528687 20.4317097663879 20.4083254337311 19.6852419376373 19.9113075733185 20.4782090187073 20.3267948627472 20.4675765037537 19.8783979415894 20.469028711319 20.5775501728058 20.5781967639923 20.5788433551788 21.1699736118317 21.2782115936279 21.2788939476013 21.420624256134 21.2802584171295 21.1613991260529 21.2785534858704 21.3956651687622 21.3716127872467 21.4539325237274 21.4296963214874 21.2644031047821 21.8266544342041 21.9428489208221 22.4677255153656 22.3011455535889 21.6915154457092 22.2615151405334 22.3638641834259 22.3612658977509 22.3586673736572 22.3560678958893 22.249011516571 22.3878190517426 22.3853757381439 22.2415099143982 22.0975298881531 22.2365078926086 22.1301400661469 21.6784386634827 21.5208621025085 21.5430805683136 21.5272700786591
21.3246121406555 21.1631064414978 21.1426968574524 20.6671886444092 21.1018807888031 20.6271426677704 20.0441372394562 20.0247092247009 20.4584531784058 20.5791442394257 20.568562746048 20.5672805309296 20.5659980773926 20.5647141933441 20.5634319782257 20.5621490478516 20.8096494674683 21.4018626213074 21.5081763267517 21.506861448288 21.5055465698242 21.5042316913605 21.3485932350159 21.4632680416107 21.4363968372345 21.268084526062 21.3826558589935 21.3557848930359 21.9182360172272 21.9964499473572 22.5566618442535 22.6137363910675 22.5852189064026 22.5763635635376 22.5604569911957 23.0016186237335 22.5540742874146 22.9951436519623 22.9919054508209 22.9886682033539 22.9854304790497 22.9821934700012 22.5349233150482 22.2860760688782 22.2829246520996 22.1759972572327 22.1662373542786 22.1497702598572 22.2635147571564 22.0136699676514
21.6468274593353 21.3786954879761 21.3619027137756 21.3451101779938 21.3283174037933 20.8543961048126 20.8379490375519 20.8214991092682 20.555349111557 20.6800811290741 20.6702766418457 20.6669852733612 20.6636929512024 20.9097340106964 21.3616261482239 21.4661366939545 21.6041169166565 21.6007046699524 21.5972926616669 21.5938806533813 22.0451676845551 22.0416722297668 22.0248050689697 21.5410616397858 21.5115330219269 21.4820075035095 21.9038527011871 22.0152831077576 21.9849998950958 22.6512386798859 22.6199896335602 22.6940393447876 22.6625843048096 23.0775279998779 23.0594913959503 23.0555822849274 23.051673412323 23.1893200874329 23.0438547134399 23.0399463176727 23.2819223403931 23.0321261882782 23.0282173156738 22.578910112381 22.3293430805206 22.3255412578583 22.2116858959198 22.0530319213867 22.0455136299133 22.1745297908783
21.7031900882721 21.6879730224609 21.4216175079346 21.406566619873 20.9321403503418 20.9174199104309 21.5029883384705 20.8879790306091 20.8732581138611 20.8585367202759 20.8489027023315 20.7359609603882 20.7315218448639 20.9768531322479 21.4294607639313 21.6745820045471 22.1268382072449 22.2640013694763 22.2593533992767 22.2547078132629 22.107958316803 22.1032378673553 22.085960149765 21.6009023189545 22.0262911319733 21.9964578151703 22.1086871623993 22.184944152832 22.7485339641571 22.8234272003174 23.2426462173462 23.281111240387 23.960488319397 23.8422646522522 23.8239316940308 23.2304029464722 23.2264385223389 23.6699752807617 23.9123778343201 23.8040370941162 23.8000574111938 23.9383306503296 23.2409687042236 22.6477160453796 22.540114402771 22.3939254283905 22.280041217804 22.2633619308472 22.2466812133789 22.230003118515
22.8911724090576 22.3333084583282 21.7142713069916 21.5568056106567 21.6834518909454 21.5589888095856 21.4018063545227 20.9271678924561 20.9122612476349 20.8973536491394 21.4545159339905 21.3410289287567 21.4779088497162 21.0148501396179 21.0100755691528 21.4632890224457 22.1662464141846 22.161224603653 22.1562020778656 22.2934393882751 22.2884802818298 22.1411380767822 22.2678933143616 22.0991659164429 22.2152945995331 22.1889953613281 22.8659343719482 22.8387961387634 22.9176278114319 23.4485416412354 23.4203610420227 23.8433623313904 23.8145327568054 23.928210735321 24.0170340538025 24.0137333869934 24.6025171279907 24.5992217063904 24.4531273841858 23.7532811164856 23.3008270263672 23.1934068202972 23.3333361148834 23.8183767795563 23.8101599216461 23.8002965450287 23.7815113067627 23.7538068294525 22.8645496368408 22.3214700222015
23.0416488647461 22.8388929367065 22.2768251895905 22.3443355560303 22.3283226490021 21.7089807987213 21.5512089729309 21.5356607437134 21.4113035202026 21.3958551883698 21.5275285243988 21.5223612785339 21.7676720619202 21.762442111969 21.614990234375 21.6097056865692 22.2056539058685 22.2003297805786 22.3026583194733 22.3321712017059 22.291775226593 22.8873732089996 22.8728790283203 22.8493738174438 22.3689343929291 22.8023638725281 23.0280914306641 23.0044474601746 23.4353904724121 23.5169911384583 24.0890235900879 24.064067363739 24.1443800926208 24.5708923339844 24.6616835594177 24.8023343086243 24.6949758529663 24.5490202903748 24.0952854156494 23.9882531166077 23.9858117103577 24.5781316757202 23.9959917068481 24.5937790870667 24.3558070659637 24.0935893058777 23.6907758712769 23.0581293106079 22.3232481479645 22.412938117981
23.0825781822205 23.0654134750366 22.3156297206879 22.3869917392731 22.2823770046234 22.3545701503754 22.1958947181702 21.7183299064636 22.3059391975403 22.28972864151 21.6760511398315 21.6704683303833 21.8072972297668 22.261937379837 21.7962176799774 22.250687122345 22.2450606822968 22.4898471832275 22.3414690494537 22.2281861305237 22.9323139190674 22.9265222549438 23.4800248146057 23.6024160385132 23.581937789917 23.6680631637573 23.647406578064 23.6267509460449 23.606095790863 24.1844625473022 24.8676724433899 24.8459701538086 24.7858572006226 24.9077458381653 25.0009551048279 24.894109249115 25.0364036560059 24.8905158042908 24.6397666931152 24.7822995185852 24.892918586731 24.6237196922302 24.6152505874634 23.9980864524841 23.8855772018433 23.3686263561249 23.1104092597961 23.1215431690216 22.6245956420898 22.5044057369232
23.1235070228577 23.0367980003357 23.0199046134949 22.4296462535858 22.4132392406464 22.3033428192139 22.2376592159271 22.2692835330963 22.2522540092468 22.6968669891357 22.2226433753967 22.171425819397 22.3081767559052 22.410560131073 22.4045028686523 22.3984475135803 22.2844693660736 22.5292148590088 22.9839754104614 22.9778757095337 22.9717748165131 22.9656748771667 23.0616402626038 23.6482882499695 23.7383556365967 23.7214617729187 23.7045693397522 24.1456460952759 24.2344098091125 24.9619522094727 25.6507353782654 25.7767834663391 26.3197979927063 25.8433794975281 26.2792596817017 26.3255014419556 26.2169380187988 25.6949462890625 24.9828743934631 24.8771328926086 24.9552364349365 24.6869373321533 24.67928647995 24.6716356277466 23.9493391513824 23.3317227363586 23.3079035282135 22.7308554649353 22.7053575515747 22.6798586845398
23.0981006622314 23.0809946060181 22.5028262138367 22.5817899703979 22.5650796890259 22.4502153396606 22.4326777458191 22.3060684204102 22.7516527175903 22.8426895141602 22.3270306587219 22.3550183773041 22.348789691925 22.4509057998657 22.5875973701477 22.5812592506409 22.4318172931671 22.8873417377472 22.8809061050415 23.0176472663879 23.0112357139587 23.7169141769409 23.7071328163147 23.8011236190796 24.3922200202942 24.3788623809814 24.4719905853271 24.9178414344788 25.0100951194763 25.1405391693115 25.829957485199 25.8210597038269 26.3696775436401 26.354829788208 26.3472619056702 25.7850294113159 25.7848243713379 25.6796040534973 25.6794805526733 24.9719643592834 24.9718351364136 24.3690037727356 24.1181311607361 24.2640361785889 24.1175608634949 24.1108403205872 23.5334072113037 23.9868528842926 23.6361141204834 23.3515293598175
23.154712677002 23.1362566947937 23.008150100708 22.5237483978271 22.5058064460754 22.447304725647 22.3097953796387 22.2919173240662 22.4340376853943 22.3071796894073 22.2941906452179 22.3612966537476 22.3546137809753 22.491250038147 22.484580039978 23.0842990875244 23.0775790214539 23.0708582401276 23.064138174057 23.1649565696716 23.1580958366394 23.294665813446 23.8563671112061 24.309112071991 24.2994060516357 24.3963689804077 25.0985288619995 25.0884008407593 25.789740562439 25.9109048843384 27.0665326118469 27.1442456245422 27.0555090904236 26.5533094406128 26.4427700042725 26.4433164596558 26.1924314498901 25.7343468666077 25.7348656654358 25.4839029312134 25.025758266449 25.0262498855591 24.921995639801 24.9225640296936 24.923131942749 24.3306078910828 24.2049345970154 24.1835875511169 24.0657517910004 23.4873144626617
23.1955451965332 23.1766710281372 23.1577963829041 23.1389212608337 22.6533584594727 22.5255136489868 22.5071654319763 22.3285889625549 22.470470905304 22.4521245956421 22.4388070106506 22.5455479621887 22.5385713577271 23.0380277633667 23.1379017829895 22.9816942214966 23.1182789802551 23.2190780639648 23.2119035720825 23.2047281265259 23.9123435020447 23.9049692153931 24.6128911972046 24.6071238517761 24.745632648468 25.309522151947 25.3035945892334 25.8662424087524 25.9890089035034 26.6885375976562 27.1236152648926 27.0461869239807 27.033510684967 27.0011744499207 26.8772420883179 26.8727192878723 26.5410375595093 26.2701597213745 25.8237538337708 25.6850981712341 25.0918245315552 25.1220479011536 25.0184564590454 25.0198101997375 24.8609929084778 24.3093748092651 24.3794355392456 24.17942070961 24.068282365799 23.4792733192444
23.2363777160645 23.2170853614807 23.3056163787842 23.287766456604 23.1592035293579 23.030460357666 23.0112738609314 22.9920873641968 22.5069046020508 22.9537148475647 23.100163936615 23.0917706489563 23.1919674873352 23.1834244728088 23.1748814582825 23.1663379669189 23.2669711112976 23.3091659545898 23.3005800247192 23.9607577323914 24.2043051719666 24.6612057685852 24.7634077072144 24.7613863945007 24.7836351394653 25.2247071266174 25.4663934707642 26.0642690658569 26.1464591026306 26.5853362083435 26.666925907135 26.6423215866089 26.6177182197571 27.0554060935974 26.5784392356873 26.7293076515198 26.4635095596313 26.4588308334351 26.3488693237305 25.8818655014038 25.8772211074829 25.6803154945374 25.1149182319641 25.0359673500061 25.0315146446228 24.405330657959 24.339827299118 24.3140723705292 23.6926341056824 23.5431442260742
23.8563561439514 23.888548374176 23.8683266639709 23.8481049537659 23.1983604431152 23.1786465644836 23.1589345932007 23.1392207145691 23.1195087432861 23.2602338790894 23.2102899551392 23.2025003433228 23.1947107315063 23.1869211196899 23.1791305541992 23.2033076286316 23.3076891899109 23.8737196922302 24.0098195075989 24.0017967224121 23.993775844574 24.8100805282593 25.5238366127014 25.525764465332 25.5276937484741 25.5355319976807 25.9784460067749 26.1049318313599 26.1976399421692 26.9028644561768 26.8274507522583 26.6819405555725 27.2951107025146 27.4287524223328 27.2593059539795 27.2150521278381 26.7873611450195 26.5227074623108 26.6740326881409 26.1005349159241 26.0291771888733 26.0321269035339 25.7809271812439 25.1009488105774 25.0973153114319 24.9887681007385 24.509596824646 24.2249274253845 23.7363343238831 23.6070170402527
24.0609712600708 23.993191242218 24.0194458961487 23.8889002799988 23.8682475090027 23.2173838615417 23.1972513198853 23.1771192550659 23.139488697052 23.1368546485901 23.122531414032 23.114013671875 23.2659640312195 23.2282962799072 23.2488403320312 23.2402791976929 24.0678715705872 24.0595278739929 24.1588869094849 24.6752934455872 24.6087698936462 25.3185720443726 25.5685472488403 26.0411820411682 26.0470218658447 26.0528602600098 26.1653432846069 26.8902859687805 26.8961925506592 26.902099609375 27.3741035461426 27.3799233436584 27.4917216300964 27.4974298477173 27.3964114189148 27.4002866744995 26.7891430854797 27.4681792259216 27.2656931877136 27.105055809021 26.627124786377 26.0031743049622 25.7403388023376 25.1659288406372 25.1631174087524 25.1603031158447 24.5746774673462 24.290296792984 23.8000643253326 23.6708881855011
24.2980766296387 24.5021715164185 23.9095664024353 23.7685656547546 23.7475409507751 23.7265152931213 23.2189483642578 23.2004442214966 23.1819410324097 23.1739163398743 23.1593775749207 23.1508531570435 23.1423268318176 23.2943906784058 23.4059963226318 24.0140495300293 24.6337532997131 24.821741104126 25.4597606658936 25.5240001678467 25.3703560829163 25.3612594604492 25.3615145683289 25.4781007766724 26.1009392738342 26.8313388824463 26.9482045173645 27.0521144866943 27.6057929992676 27.58513879776 28.1782011985779 28.2737436294556 28.3049793243408 28.3152351379395 27.6460671424866 27.6043801307678 27.3809385299683 27.4255437850952 27.4194073677063 27.1367049217224 26.6932692527771 26.0684728622437 25.8065466880798 25.3852934837341 25.2289171218872 25.2269239425659 24.4855651855469 24.5098011493683 24.0178713798523 23.8887786865234
24.4774832725525 24.467104434967 24.3851342201233 23.9271430969238 23.908230304718 23.7605934143066 23.7253713607788 23.706437587738 23.2281503677368 23.2077889442444 23.1934323310852 23.3459429740906 23.3375468254089 23.7982039451599 24.058925151825 24.0502924919128 24.2022976875305 24.8651838302612 25.4336123466492 25.4251809120178 25.416748046875 25.4083151817322 25.4096126556396 26.1419806480408 26.2992482185364 27.0329451560974 27.0137529373169 27.6327538490295 27.6447758674622 27.7632932662964 27.7752194404602 28.1826276779175 28.374095916748 28.2107591629028 28.1959557533264 27.7039256095886 27.5475564002991 27.4404444694519 26.9699416160583 26.862922668457 26.1317548751831 26.1305270195007 26.0237874984741 25.5528292655945 25.4461812973022 25.4449796676636 24.7600088119507 24.7471880912781 24.4050621986389 23.8117671012878
24.6224675178528 24.6123905181885 24.4938173294067 24.372462272644 23.8090405464172 23.7889790534973 23.7689180374146 23.7488560676575 23.3916578292847 23.3735718727112 23.2246956825256 23.3777575492859 23.8396162986755 23.831533908844 24.6711730957031 25.5626029968262 25.6389412879944 24.9090981483459 24.7571415901184 24.7505402565002 25.3588719367981 25.5102467536926 26.076404094696 26.3400254249573 26.9272909164429 26.9186410903931 27.3703365325928 27.7247223854065 27.7063407897949 28.28062915802 28.1985292434692 28.1809191703796 28.1583833694458 27.9798502922058 28.1215624809265 27.6047596931458 27.6044397354126 27.498122215271 26.9045152664185 26.9106245040894 26.9167337417603 26.3446779251099 26.1890153884888 26.0830984115601 25.6369194984436 25.3857555389404 24.8101077079773 24.6532983779907 24.6428534984589 23.9019091129303
