data/spatiotemp/temp2/bio12_norsw_test_2007_2010.asc
NCOLS 654 
NROWS 380 
XLLCORNER 3.91666666666667 
YLLCORNER 55.3333333333333 
CELLSIZE 0.0416666666666667 
NODATA_value -9999 
[rows 286 to 307 of 380, columns 600 to 649 of 654]
773.307022094727 775.794692993164 776.491241455078 776.961853027344 775.010604858398 777.76203918457 775.829010009766 778.400360107422 775.479904174805 775.346954345703 775.48876953125 777.061111450195 774.733627319336 775.368865966797 773.310791015625 770.996276855469 771.057830810547 769.530853271484 767.610198974609 765.695434570312 760.573745727539 757.711196899414 757.896728515625 758.647232055664 758.697418212891 753.708145141602 749.39323425293 747.017547607422 748.125061035156 741.748352050781 739.245803833008 735.84211730957 732.769104003906 729.100463867188 726.837753295898 729.198577880859 724.684127807617 720.136489868164 717.870254516602 717.83740234375 714.26530456543 713.157516479492 710.963134765625 710.971328735352 706.316833496094 703.009429931641 704.239944458008 704.711303710938 706.922393798828 700.017395019531
768.458862304688 772.004013061523 774.308441162109 776.847427368164 776.008056640625 780.8125 783.423599243164 777.97087097168 778.39045715332 773.881851196289 772.042327880859 771.984909057617 774.253936767578 767.571792602539 764.201751708984 762.64387512207 763.903182983398 767.863739013672 763.493087768555 762.242233276367 762.588134765625 761.567733764648 757.290939331055 759.362457275391 756.163314819336 754.752807617188 750.440155029297 746.369262695312 744.974822998047 742.100051879883 740.908615112305 740.10319519043 734.266189575195 728.256210327148 725.125747680664 726.04345703125 724.974838256836 723.832702636719 716.990188598633 716.971008300781 712.364349365234 712.853973388672 706.907073974609 709.355728149414 704.903671264648 701.126800537109 702.264831542969 699.884735107422 703.120803833008 701.263671875
768.741195678711 771.967422485352 773.296508789062 778.199890136719 777.597045898438 779.446365356445 775.342193603516 775.752883911133 773.600738525391 775.003112792969 775.333557128906 775.106506347656 772.564315795898 769.546340942383 766.61669921875 766.084243774414 769.274658203125 766.371276855469 764.426742553711 762.193344116211 763.348831176758 761.527633666992 758.250625610352 756.045974731445 753.845092773438 749.822387695312 746.045440673828 744.053268432617 745.725341796875 742.202331542969 737.438247680664 740.052764892578 732.349319458008 730.35368347168 728.852310180664 728.758117675781 724.319030761719 721.953430175781 719.76106262207 714.140975952148 710.535934448242 708.476226806641 703.983688354492 707.454498291016 704.26725769043 701.392349243164 700.188140869141 698.971221923828 699.770263671875 701.172485351562
769.903350830078 773.467590332031 772.970733642578 772.430328369141 777.029434204102 776.276901245117 778.502410888672 779.111099243164 778.353622436523 772.917587280273 770.383834838867 774.566253662109 773.826599121094 773.962493896484 773.120101928711 770.762023925781 769.529022216797 765.129470825195 766.314071655273 764.344497680664 763.129409790039 760.0302734375 759.1171875 755.613067626953 748.141204833984 746.936950683594 746.24494934082 742.796249389648 746.083724975586 741.023483276367 741.079177856445 738.045883178711 731.428619384766 725.830322265625 728.130599975586 724.538101196289 718.856109619141 718.723403930664 718.621765136719 713.037719726562 708.802139282227 704.473052978516 705.783264160156 703.747787475586 703.331420898438 697.362838745117 697.108459472656 700.493133544922 697.083969116211 697.806045532227
781.945449829102 779.77571105957 777.837295532227 777.121292114258 777.978591918945 778.19221496582 778.92399597168 779.014236450195 776.941268920898 772.066009521484 773.530899047852 774.874847412109 770.024353027344 768.028594970703 769.034744262695 767.190124511719 767.750228881836 766.040542602539 765.963958740234 764.461059570312 758.580978393555 756.098709106445 755.659484863281 753.212448120117 749.892669677734 751.099395751953 750.325042724609 744.978500366211 739.816040039062 735.519744873047 736.169662475586 730.415573120117 726.020782470703 727.20915222168 727.10595703125 723.808853149414 717.734893798828 714.751892089844 711.275665283203 711.677536010742 710.700729370117 709.445678710938 707.365921020508 706.504287719727 700.068420410156 696.65446472168 697.31640625 695.04167175293 695.723693847656 696.651504516602
781.867797851562 782.406143188477 780.563293457031 778.554077148438 777.554763793945 779.045669555664 775.926788330078 774.049362182617 772.901763916016 770.924026489258 772.474746704102 774.757827758789 776.849166870117 773.588531494141 774.828689575195 768.367202758789 765.896606445312 765.884460449219 764.012191772461 765.244338989258 757.26823425293 751.352493286133 751.718444824219 752.896057128906 748.524963378906 746.776458740234 749.073501586914 745.114639282227 739.914398193359 735.39533996582 728.146759033203 724.794845581055 725.164703369141 724.14225769043 723.231842041016 721.522186279297 717.013870239258 711.334655761719 705.976791381836 707.378555297852 705.267486572266 705.52018737793 706.499740600586 703.312591552734 699.644897460938 699.653915405273 696.78108215332 695.105621337891 692.542861938477 692.075820922852
776.331359863281 777.736373901367 781.408172607422 779.804611206055 775.481033325195 781.231079101562 780.253295898438 779.448135375977 777.148132324219 774.087310791016 773.062530517578 771.988571166992 775.143753051758 773.514419555664 774.529983520508 769.080764770508 766.465896606445 764.680191040039 760.110702514648 758.887603759766 759.306045532227 754.469940185547 750.232330322266 749.466918945312 747.307510375977 748.017669677734 743.401733398438 739.600173950195 735.226684570312 731.988632202148 727.8251953125 723.704620361328 725.362838745117 719.826843261719 719.976196289062 718.872314453125 715.182891845703 709.801513671875 707.4365234375 706.884780883789 706.990005493164 705.423645019531 704.580520629883 701.382766723633 693.607238769531 694.349868774414 696.033950805664 692.950286865234 693.96418762207 690.145416259766
779.310577392578 777.481491088867 781.142303466797 776.280197143555 774.351425170898 779.228088378906 781.463500976562 781.743576049805 783.121078491211 776.89143371582 775.015686035156 771.569702148438 770.986511230469 771.300262451172 770.305053710938 769.636672973633 766.526123046875 764.022567749023 759.404296875 757.32975769043 751.946914672852 749.909637451172 748.966278076172 753.560165405273 751.432098388672 746.304458618164 741.360549926758 737.331237792969 736.896423339844 737.210571289062 733.723968505859 726.336502075195 726.601638793945 718.647308349609 718.763305664062 714.495849609375 715.791656494141 712.485397338867 711.304885864258 709.16438293457 704.526458740234 704.816223144531 700.490585327148 699.632720947266 699.762237548828 697.320510864258 691.202392578125 687.375701904297 687.655685424805 683.709045410156
777.239654541016 775.122604370117 778.140808105469 778.539306640625 777.285202026367 779.763671875 782.086273193359 781.165496826172 779.976898193359 776.432098388672 774.320022583008 775.622848510742 774.858001708984 770.739059448242 771.892562866211 766.432586669922 767.511596679688 766.164916992188 762.63671875 757.867004394531 753.795776367188 748.404663085938 752.341934204102 749.305221557617 745.158584594727 740.063903808594 739.886840820312 741.679092407227 732.962478637695 732.830459594727 730.025100708008 730.607604980469 723.627014160156 718.128799438477 716.955917358398 714.171005249023 714.862060546875 710.317459106445 712.705383300781 710.565826416016 707.243850708008 704.390106201172 701.183151245117 702.088516235352 698.839202880859 690.297805786133 688.962997436523 684.634262084961 685.139663696289 681.709625244141
779.612045288086 781.76091003418 776.665725708008 776.802886962891 777.230392456055 780.569869995117 779.870819091797 784.457489013672 780.247009277344 775.890151977539 778.9306640625 779.164581298828 781.590515136719 775.298110961914 771.124328613281 766.654846191406 765.444137573242 766.211029052734 762.818344116211 759.168502807617 756.893096923828 749.348922729492 744.093338012695 742.230453491211 741.787017822266 741.136199951172 738.363800048828 735.282836914062 734.532745361328 730.505813598633 727.869003295898 726.115661621094 721.410934448242 716.827087402344 716.845611572266 712.694549560547 711.600509643555 712.948165893555 711.976684570312 708.780349731445 707.078048706055 704.977767944336 701.757446289062 698.235321044922 689.812255859375 687.337524414062 686.715972900391 684.85612487793 678.522964477539 677.968795776367
784.166900634766 784.335113525391 780.237716674805 782.653991699219 780.613662719727 780.385726928711 780.645553588867 782.768981933594 783.810028076172 779.598770141602 779.619537353516 777.106674194336 773.642990112305 776.505981445312 770.926834106445 771.226531982422 768.541061401367 766.693222045898 760.913986206055 759.051239013672 755.798309326172 749.352035522461 745.912796020508 742.332550048828 741.855926513672 735.277404785156 735.58610534668 729.579360961914 727.781799316406 727.440185546875 724.530563354492 722.654418945312 721.785507202148 718.310974121094 719.618499755859 714.304611206055 712.999313354492 709.968399047852 708.067245483398 705.01237487793 705.337707519531 703.952056884766 697.389999389648 691.487045288086 689.044219970703 685.12646484375 682.34423828125 680.919479370117 676.395462036133 676.762084960938
783.034118652344 783.540054321289 788.202529907227 787.437866210938 787.653732299805 787.604568481445 783.376190185547 783.362045288086 782.82080078125 782.362899780273 778.891082763672 777.726303100586 777.967391967773 778.655715942383 776.325454711914 773.127212524414 771.161682128906 769.934585571289 764.639419555664 758.746963500977 757.031982421875 753.152435302734 744.496734619141 738.887573242188 737.227645874023 733.295501708984 729.012344360352 728.711624145508 727.603363037109 725.967437744141 724.959197998047 723.278991699219 722.880020141602 721.190505981445 721.164688110352 720.354019165039 714.679275512695 708.645385742188 705.291137695312 706.603713989258 704.613494873047 702.572937011719 696.823791503906 691.356506347656 687.961791992188 684.646606445312 684.06103515625 682.138092041016 673.31413269043 671.740539550781
788.528381347656 788.798522949219 785.933547973633 788.525177001953 788.368301391602 787.498016357422 783.58576965332 787.045669555664 788.938980102539 783.388122558594 783.522735595703 780.343414306641 777.130096435547 777.277114868164 778.424377441406 778.073211669922 774.864013671875 767.094833374023 762.631118774414 755.406784057617 747.474472045898 743.542861938477 741.524703979492 740.786605834961 742.601638793945 737.362655639648 729.700088500977 727.670883178711 725.904525756836 727.751525878906 729.124359130859 725.604629516602 723.560791015625 722.822418212891 716.123123168945 713.124649047852 712.105331420898 707.810180664062 703.538208007812 703.649154663086 697.84260559082 694.804809570312 691.27604675293 688.410339355469 688.00146484375 682.514404296875 681.790924072266 677.457611083984 673.549865722656 673.295364379883
793.211410522461 791.229537963867 788.994766235352 788.591003417969 789.153594970703 792.320251464844 791.712600708008 791.422698974609 790.259948730469 784.592895507812 784.562850952148 786.041641235352 784.516540527344 782.115936279297 780.664932250977 778.399337768555 772.718978881836 767.221649169922 763.275009155273 758.797546386719 750.866607666016 741.925369262695 740.952041625977 739.435211181641 738.685729980469 735.650970458984 733.548934936523 731.866668701172 731.254028320312 727.905181884766 728.655166625977 728.355590820312 727.599014282227 725.424057006836 721.641998291016 717.934509277344 709.825134277344 710.176788330078 710.586776733398 707.593276977539 700.224746704102 697.307815551758 692.738571166992 689.50927734375 685.824096679688 686.281372070312 679.585113525391 677.83283996582 673.993545532227 668.859222412109
794.922439575195 795.53791809082 795.788009643555 798.631393432617 802.401321411133 800.650985717773 799.143844604492 798.458129882812 794.832275390625 792.216552734375 785.346588134766 781.107666015625 780.853668212891 779.183181762695 777.76692199707 774.285446166992 774.069900512695 768.38069152832 765.207077026367 758.226638793945 751.459533691406 748.267013549805 741.685424804688 737.595855712891 733.551849365234 734.178924560547 733.394515991211 732.747283935547 731.798065185547 733.818603515625 731.19580078125 728.067947387695 725.075927734375 721.72200012207 720.930236816406 718.57975769043 711.802597045898 708.862060546875 706.475311279297 706.647399902344 702.452835083008 695.173156738281 692.987518310547 689.871643066406 689.716552734375 689.183853149414 682.619888305664 677.818557739258 674.819854736328 670.905029296875
802.967193603516 801.678527832031 801.722122192383 806.112213134766 804.306427001953 802.558532714844 802.798599243164 800.676895141602 804.256790161133 798.379669189453 788.512359619141 780.432357788086 780.204895019531 780.709014892578 778.417068481445 775.6748046875 774.568603515625 773.95979309082 769.184661865234 761.753051757812 753.813949584961 750.230316162109 743.447692871094 738.123840332031 734.308700561523 730.257873535156 735.505645751953 734.549163818359 731.988571166992 731.39599609375 729.747848510742 728.052124023438 724.756072998047 723.366027832031 720.191329956055 718.140777587891 714.489120483398 713.249954223633 704.648422241211 699.191802978516 698.014556884766 694.813415527344 692.503601074219 689.056335449219 687.624496459961 685.108932495117 680.142059326172 680.640319824219 674.065734863281 666.97492980957
810.73291015625 810.229476928711 809.565734863281 809.98713684082 812.461196899414 810.589721679688 810.653381347656 809.544921875 803.640502929688 798.855270385742 792.342102050781 786.291946411133 786.575393676758 784.870956420898 785.502243041992 783.656311035156 777.38215637207 774.605499267578 772.198577880859 768.187561035156 757.994918823242 745.716690063477 740.238739013672 741.483551025391 737.612838745117 730.916442871094 733.905136108398 735.040115356445 733.724456787109 729.954605102539 733.637512207031 728.379867553711 729.581954956055 723.035873413086 716.694259643555 715.468109130859 715.198272705078 711.5927734375 705.420425415039 703.19401550293 698.816452026367 696.604232788086 691.002059936523 686.333480834961 686.959671020508 679.556411743164 675.701629638672 674.503524780273 672.128280639648 668.777816772461
817.569686889648 821.824325561523 821.174102783203 817.649566650391 817.25080871582 816.545425415039 812.306350708008 809.071304321289 807.937850952148 803.425811767578 804.369522094727 799.066818237305 800.669357299805 793.183303833008 791.624725341797 786.741577148438 789.434417724609 784.494033813477 778.615447998047 766.758865356445 752.851425170898 748.991027832031 744.858993530273 742.478713989258 740.705032348633 738.764785766602 734.512939453125 732.448135375977 733.255844116211 731.733047485352 725.063232421875 727.850112915039 727.894271850586 727.633392333984 722.182052612305 714.242279052734 710.861862182617 707.386962890625 705.711288452148 703.34912109375 700.274398803711 697.725860595703 691.616470336914 689.531799316406 689.331512451172 682.189239501953 680.357986450195 673.398742675781 672.67626953125 669.444183349609
822.91650390625 827.129867553711 829.602523803711 827.838928222656 825.951568603516 820.790191650391 815.193695068359 816.836120605469 817.190734863281 813.227905273438 806.751525878906 804.425109863281 800.238922119141 800.76237487793 796.648620605469 790.275482177734 786.40251159668 776.292846679688 767.565353393555 759.011444091797 755.654693603516 749.792984008789 746.766479492188 739.715576171875 742.556442260742 739.54248046875 737.550643920898 737.857330322266 735.807388305664 733.872085571289 732.432113647461 730.71418762207 726.056976318359 725.072998046875 722.612106323242 715.298706054688 713.813705444336 709.433456420898 703.580841064453 699.078674316406 696.449417114258 694.519866943359 687.524353027344 688.485244750977 688.384384155273 681.247360229492 676.206115722656 673.423110961914 669.131790161133 667.591613769531
827.498153686523 829.162872314453 839.10090637207 838.289199829102 833.942901611328 826.417907714844 822.538970947266 819.395050048828 815.393295288086 813.506866455078 808.034103393555 805.899658203125 804.473876953125 798.089645385742 792.883972167969 788.724639892578 787.840438842773 777.078536987305 769.547805786133 764.168991088867 759.062347412109 757.626327514648 752.595977783203 745.39453125 744.602294921875 740.399139404297 738.560943603516 736.741851806641 739.342926025391 736.244781494141 731.770950317383 727.896102905273 724.738296508789 725.867492675781 723.886367797852 718.000778198242 712.308441162109 709.941696166992 704.305099487305 703.137496948242 702.001403808594 698.097198486328 691.614379882812 690.299255371094 687.48518371582 677.865264892578 674.648101806641 669.604904174805 664.623413085938 663.176773071289
834.830642700195 832.659805297852 834.544464111328 841.106033325195 841.714233398438 841.730102539062 834.253768920898 824.864608764648 818.715850830078 816.415023803711 813.453414916992 804.442977905273 799.355194091797 799.970520019531 795.58952331543 788.507690429688 786.827972412109 782.859878540039 772.619445800781 766.276885986328 762.263687133789 760.009002685547 757.28630065918 751.282073974609 749.694061279297 741.283721923828 739.194839477539 738.28840637207 736.411361694336 730.950973510742 731.448577880859 729.516448974609 722.320617675781 722.566787719727 718.239013671875 717.429794311523 716.549057006836 710.333526611328 707.67301940918 701.879272460938 702.274398803711 700.887237548828 692.678375244141 688.374267578125 685.26106262207 675.619750976562 671.469543457031 673.014099121094 668.440643310547 663.917251586914
842.264190673828 843.481689453125 846.047790527344 848.646697998047 850.59326171875 851.263702392578 838.563278198242 831.704162597656 825.549758911133 817.722930908203 812.271011352539 806.543518066406 804.425354003906 797.47721862793 796.944366455078 789.907592773438 783.2646484375 783.491592407227 776.201370239258 770.726409912109 766.94580078125 756.766571044922 756.043563842773 753.136520385742 750.413192749023 744.448928833008 738.778839111328 735.599517822266 731.413757324219 730.462799072266 728.443237304688 725.06477355957 725.533538818359 722.769683837891 718.313415527344 715.219955444336 713.13671875 712.65283203125 706.817611694336 699.955154418945 698.671737670898 697.427490234375 695.017959594727 685.769805908203 684.373580932617 674.767288208008 673.360717773438 672.114685058594 671.166046142578 667.686340332031
