data/spatiotemp/temp2/bio11_norsw_test_2007_2010.asc
NCOLS 654 
NROWS 380 
XLLCORNER 3.91666666666667 
YLLCORNER 55.3333333333333 
CELLSIZE 0.0416666666666667 
NODATA_value -9999 
[rows 88 to 109 of 380, columns 240 to 287 of 654]
-9999 -9999 -9999 -9999 -9999 -9999 -9999 -9999 -9999 -9999 -9999 -9999 -9999 -9999 -9999 -9999 -9999 -1.21608068048954 -2.59527339041233 -3.05474378168583 -3.01632804423571 -3.26991480588913 -3.58116838335991 -4.0444218814373 -4.18900856375694 -4.4675954580307 -4.72351562976837 -5.52026915550232 -5.30535572767258 -4.75341874361038 -4.09469604492188 -4.1167274415493 -4.53461426496506 -4.79069006443024 -5.07976579666138 -5.37650835514069 -4.96643930673599 -4.61695158481598 -4.09690248966217 -5.02081149816513 -5.82722079753876 -6.72329652309418 -7.04170560836792 -7.13178133964539 -7.14201712608337 -7.26241195201874 -7.48014044761658 -7.55120205879211
0.380277805030346 0.284027747809887 -9999 1.01968744397163 -9999 -9999 -9999 -1.13972220569849 -1.20414789766073 -1.55855469405651 -1.98821400851011 -1.48153509199619 -1.52455288171768 0.979040771722794 -9999 -0.242330737411976 -9999 -2.63592442125082 -2.92956528812647 -2.90116097033024 -3.05833740532398 -3.57778638601303 -3.21242184937 -3.65747395157814 -4.15533059835434 -4.93496859073639 -5.55894953012466 -5.56446796655655 -5.72485929727554 -4.87312370538712 -6.02179688215256 -6.16722387075424 -6.59025251865387 -6.11196625232697 -5.95301288366318 -6.15372675657272 -6.43310672044754 -5.5366535782814 -4.86581164598465 -5.30820173025131 -6.46129411458969 -6.41834110021591 -6.46905475854874 -6.58943474292755 -6.97310662269592 -7.33573591709137 -7.15069890022278 -7.28732895851135
0.641111135482788 -9999 -9999 -9999 -9999 1.12820601463318 -9999 -1.08324068039656 -1.70726424455643 -2.48832029476762 -2.52007372304797 -1.92714556306601 -9999 -9999 -9999 -0.670629441738129 -1.08477406203747 -2.04309578239918 -3.28015890717506 -3.92127984762192 -3.72055721282959 -3.46765784919262 -3.52792531251907 -4.75572043657303 -5.09796017408371 -5.49006056785583 -5.38616156578064 -5.2985954284668 -5.6776961684227 -6.49013018608093 -6.46823090314865 -6.2699983716011 -6.10055750608444 -5.69813007116318 -6.09226006269455 -6.47761130332947 -6.80229616165161 -7.0533139705658 -5.63541513681412 -4.86328989267349 -5.01915377378464 -5.5086487531662 -6.12270319461823 -6.43575495481491 -7.70919609069824 -8.41405999660492 -8.7509241104126 -9.00512170791626
-9999 -9999 -9999 -9999 -9999 -9999 -9999 -9999 -9999 -9999 -9999 -9999 -9999 -1.1118705868721 -1.1789279282093 -2.05348521471024 -3.09887585043907 -3.7845998108387 -3.88265714049339 -3.98304763436317 -3.49033829569817 -3.50819616019726 -3.97405382990837 -4.3192446231842 -4.89410239458084 -5.7102934718132 -6.09281754493713 -6.63867521286011 -6.48553293943405 -6.27705693244934 -5.90424823760986 -5.48161405324936 -5.429294526577 -5.98528653383255 -6.60850727558136 -7.01249623298645 -6.924485206604 -6.32592052221298 -5.79591262340546 -5.54507112503052 -5.62529826164246 -6.52030515670776 -6.46541929244995 -6.47153860330582 -7.40561890602112 -8.30738425254822 -9.01048314571381 -9.23358154296875
-9999 -9999 -9999 -9999 -9999 1.32195603847504 -9999 -9999 -9999 -0.65187939023599 -0.678873012308031 -1.32467623054981 -1.68593706190586 -2.10477808862925 -2.41384753584862 -2.51717445813119 -2.685168068856 -2.93382834643126 -3.36815543472767 -3.21308559179306 -3.37511983513832 -3.86440092325211 -4.28601559996605 -4.73693573474884 -4.64424473047256 -4.34502601623535 -4.44888418912888 -4.73625153303146 -4.87481331825256 -4.40973761677742 -4.64081677794456 -5.06611007452011 -5.67759639024734 -6.30679422616959 -6.5280876159668 -6.19146800041199 -5.89998096227646 -5.99766021966934 -6.3591730594635 -6.68522119522095 -6.37684798240662 -6.05114132165909 -6.63410151004791 -8.04172837734222 -8.64870834350586 -9.09004139900208 -8.83504152297974 -8.82070851325989
0.373611070215702 -0.0275793820619583 -0.0413889642804861 -9999 -9999 -9999 -9999 -9999 -9999 -0.739700476638973 -1.2251028418541 -1.64033138751984 -1.65562930703163 -1.95700373500586 -2.22893358021975 -2.30586366727948 -2.44707934372127 -2.50472366344184 -2.02248679101467 -2.60881086671725 -3.02690105140209 -3.11938367038965 -3.1574217826128 -9999 -9999 -9999 -9999 -3.46128898859024 -3.85139599442482 -4.27944165468216 -4.79442578554153 -5.19208770990372 -5.70184314250946 -5.64948773384094 -5.42745852470398 -5.56719797849655 -5.81547713279724 -6.41939985752106 -6.68739247322083 -7.3663238286972 -7.30292141437531 -7.36051917076111 -7.92511737346649 -8.00538146495819 -7.82013118267059 -8.25203239917755 -8.42160022258759 -9.19850158691406
-9999 -9999 -9999 -9999 -9999 -9999 -9999 -9999 -9999 -9999 -1.20069637149572 -1.53688962757587 -1.76052875816822 -1.86753933131695 -1.92058832943439 -1.84776531159878 -1.88459686934948 -2.07022539526224 -2.18548033386469 -2.77524499222636 -3.49298247694969 -3.62437921762466 -4.05082502961159 -4.16810417175293 -3.46887546777725 -3.06349916756153 -4.14093622565269 -4.80805402994156 -4.51874056458473 -3.91882848739624 -4.1050468981266 -4.204321205616 -4.52257207036018 -4.55658528208733 -4.41008272767067 -4.92540866136551 -5.63957244157791 -6.07604312896729 -6.27543699741364 -6.36616468429565 -6.66189223527908 -6.74928641319275 -6.6828470826149 -7.61856317520142 -8.71266269683838 -8.94728946685791 -8.6752495765686 -8.85120987892151
-9999 -9999 -9999 -9999 -9999 -9999 -0.0252995491027832 -1.39637306332588 -1.41726279258728 -1.0218229368329 -1.30815397202969 -1.87698502838612 -2.1327099353075 -2.43460724502802 -2.20564475655556 -2.06614234298468 -2.16764009743929 -2.71347108110785 -2.8913019746542 -3.38446635007858 -4.16638398170471 -5.11772125959396 -5.26905852556229 -4.22806286811829 -3.88469117879868 -4.61140415072441 -5.67807495594025 -6.23041218519211 -5.74808293581009 -4.97166550159454 -5.26629364490509 -5.81676191091537 -5.58091825246811 -5.71509081125259 -5.27669477462769 -4.68567332625389 -5.553995013237 -6.01494067907333 -6.52418458461761 -7.0453999042511 -7.41728496551514 -7.83150327205658 -7.4833881855011 -7.20082461833954 -7.7299702167511 -8.15281343460083 -8.47032308578491 -8.97249960899353
0.323800578713417 0.0903911143541336 0.055361126549542 -0.231057651340961 -0.759883875958622 -0.887923007830977 -1.17549922317266 -1.91920962929726 -1.67124536633492 -1.48271416127682 -2.39161148667336 -2.87917547672987 -2.9807395786047 -3.37830364704132 -3.70186769962311 -4.168098539114 -4.72399568557739 -5.15955978631973 -5.18912374973297 -4.50835454463959 -4.75366789102554 -5.47806340456009 -5.32045918703079 -4.60260999202728 -4.12781429290771 -4.63201880455017 -5.980708360672 -6.46743714809418 -6.48683279752731 -6.16133624315262 -6.61262410879135 -6.70774459838867 -6.77432799339294 -6.73112308979034 -6.17025154829025 -4.99744230508804 -4.58039712905884 -6.07999366521835 -7.26766443252563 -8.15152812004089 -8.36139166355133 -8.63592171669006 -8.83711898326874 -8.54898262023926 -8.3932774066925 -8.58567023277283 -8.72306311130524 -8.66545629501343
0.492293171584606 0.338677152991295 0.283138174563646 -1.62575167417526 -2.53750402107835 -2.57378655672073 -2.1660691536963 -1.89190386235714 -1.84748062491417 -2.18443867191672 -3.20790246129036 -3.32453288137913 -3.80749663710594 -4.65246027708054 -4.90275740623474 -5.07672119140625 -5.20668482780457 -5.1586486697197 -5.99761217832565 -6.27490925788879 -5.98761802911758 -6.13440561294556 -6.08852595090866 -5.71297973394394 -5.61610037088394 -5.04521787166595 -5.84799832105637 -6.58812874555588 -6.90591597557068 -7.12370312213898 -7.17749047279358 -7.25523459911346 -7.23553931713104 -7.05470132827759 -6.32103025913239 -5.96831279993057 -6.16800928115845 -6.45068317651749 -7.16917896270752 -7.83965563774109 -8.19783174991608 -8.71634066104889 -9.16418302059174 -9.30235850811005 -9.40958476066589 -9.49352729320526 -9.56980347633362 -9.71507978439331
0.426757775247097 0.284648437052965 0.0939279297599569 -0.752625872381032 -1.23785310983658 -2.89073347300291 -2.95088548958302 -2.14978604763746 -2.77982716262341 -3.66491317749023 -4.11352676153183 -4.79722338914871 -4.21592006087303 -3.78964665532112 -3.78815567493439 -3.5511646270752 -4.3193738758564 -5.34840381145477 -6.11676740646362 -6.82113075256348 -7.25190210342407 -6.92408061027527 -6.50925940275192 -6.32243812084198 -6.38195031881332 -5.79508358240128 -6.23710721731186 -6.74615359306335 -7.1706657409668 -7.34751105308533 -7.46268999576569 -7.41839098930359 -7.11291718482971 -6.75961327552795 -6.34814238548279 -7.13733816146851 -7.99470090866089 -8.24980819225311 -7.90229594707489 -8.27478361129761 -8.78393852710724 -9.04475927352905 -9.53558087348938 -9.80440211296082 -9.89322531223297 -9.70071804523468 -9.78887724876404 -9.87336945533752
-0.344796106219292 -0.532829865813255 -0.373247005045414 -1.72503033280373 -1.77080242335796 -2.09137781709433 -2.6754909940064 -2.65651043318212 -4.62956660985947 -6.25172114372253 -6.34248423576355 -5.67891407012939 -5.30467706918716 -5.24310666322708 -4.73370409011841 -4.1763916015625 -4.58607903122902 -5.4334928393364 -5.5559224486351 -5.81935226917267 -6.33185207843781 -6.52475607395172 -6.8623263835907 -7.04656338691711 -6.92846727371216 -6.58837103843689 -6.70727455615997 -6.63064914941788 -6.92558193206787 -7.22131931781769 -7.39144742488861 -7.42988049983978 -7.15946197509766 -6.4560250043869 -6.67708802223206 -7.91815078258514 -8.17017865180969 -8.39331185817719 -8.94444525241852 -9.47291147708893 -9.75237858295441 -9.7405116558075 -9.70464479923248 -9.80077838897705 -9.64919948577881 -9.62424159049988 -9.84361743927002 -9.94365954399109
-1.62514610588551 -0.986961770802736 -1.44104009866714 -2.47549040336162 -2.85336441546679 -2.6446932181716 -3.70411765575409 -4.69090336561203 -5.86941766738892 -6.4532790184021 -6.18210834264755 -5.93160462379456 -5.37010085582733 -7.0129302740097 -7.41575980186462 -6.92125594615936 -6.03041839599609 -5.40035045146942 -5.97541081905365 -5.48041540384293 -5.04843640327454 -5.27211207151413 -6.12345463037491 -6.7516884803772 -7.10998404026031 -7.37827944755554 -7.36224126815796 -7.0803337097168 -7.49349892139435 -7.77512764930725 -7.74475610256195 -7.49470353126526 -6.90417337417603 -6.42927008867264 -6.83370023965836 -7.51513028144836 -7.66089379787445 -7.96499037742615 -8.40792739391327 -9.1417064666748 -9.7184853553772 -9.92126369476318 -9.95370924472809 -9.872154712677 -9.64250671863556 -9.51876533031464 -9.48402404785156 -9.37428283691406
-2.40949457634997 -2.44677100330591 -3.63247191905975 -3.89417278766632 -3.15087358653545 -3.97357445955276 -4.31294184923172 -4.82097589969635 -5.45994102954865 -5.83783692121506 -5.92073249816895 -5.57362848520279 -6.56019079685211 -7.42242026329041 -7.91664910316467 -7.81721186637878 -7.67710793018341 -7.37933683395386 -6.52189916372299 -6.04418981075287 -5.25992125272751 -5.53617316484451 -6.2067586183548 -6.58948057889938 -7.07116770744324 -7.38885426521301 -7.48754131793976 -7.2715185880661 -7.49410378932953 -7.57102251052856 -7.57927453517914 -7.24552667140961 -6.80938476324081 -6.63634830713272 -7.3514791727066 -7.74944245815277 -8.07740664482117 -8.45753717422485 -8.91440999507904 -9.3711678981781 -9.58325839042664 -9.77368259429932 -10.0494402647018 -10.2715309858322 -10.1164807081223 -9.63595616817474 -9.22676432132721 -9.17523980140686
-4.99082791805267 -5.07946622371674 -4.58077198266983 -3.81341058015823 -3.37204927206039 -4.00368791818619 -5.11365991830826 -6.02129876613617 -6.32043248414993 -6.82372796535492 -6.15169036388397 -6.29165244102478 -7.35661470890045 -7.74757695198059 -7.9612056016922 -8.06550121307373 -7.48446345329285 -6.37351882457733 -5.92057466506958 -5.39946407079697 -5.64573919773102 -6.31406760215759 -6.82856225967407 -7.33993923664093 -7.77635097503662 -8.05709624290466 -7.75450789928436 -7.68491983413696 -8.05033147335052 -8.19740998744965 -8.16182208061218 -7.66334986686707 -6.90109574794769 -7.12759339809418 -7.8420912027359 -8.33442199230194 -8.62941980361938 -9.03982281684875 -9.53089272975922 -9.91796207427979 -10.1083649396896 -9.99810171127319 -9.78683769702911 -10.3795742988586 -10.5177885293961 -10.0111465454102 -10.3085043430328 -10.702862739563
-5.80091863870621 -5.37416177988052 -5.22107189893723 -5.19664859771729 -4.81922507286072 -4.67946839332581 -5.33671164512634 -6.05495476722717 -6.22959071397781 -6.39961940050125 -6.3503143787384 -7.55700969696045 -8.04270470142365 -8.38206672668457 -8.19042861461639 -7.15745711326599 -6.27936810255051 -5.86310249567032 -5.67017030715942 -6.41423815488815 -7.38365387916565 -7.66979086399078 -7.48753309249878 -7.30960416793823 -7.46717512607574 -7.97967135906219 -8.18780815601349 -8.37261128425598 -8.78808116912842 -8.94788467884064 -8.67902171611786 -8.02950584888458 -7.22730708122253 -7.02433860301971 -7.88070344924927 -8.55522990226746 -9.32294464111328 -9.32932639122009 -9.91470837593079 -10.4044234752655 -10.0371388196945 -9.66818714141846 -9.97823560237885 -10.3482838869095 -10.1464287042618 -10.2410031557083 -10.7089114189148 -11.0348193645477
-2.1520094871521 -2.55285738129169 -5.09370517730713 -5.13621950149536 -5.31106728315353 -5.45824837684631 -5.58676308393478 -5.67761075496674 -5.9637491106987 -6.31417691707611 -6.91927218437195 -7.6887001991272 -7.80046188831329 -7.3572233915329 -7.09498476982117 -7.41241312026978 -6.49777376651764 -6.16568660736084 -7.60369789600372 -7.95545947551727 -7.51160442829132 -7.91846632957458 -7.78983700275421 -7.6961510181427 -8.24238443374634 -8.41791296005249 -8.28344106674194 -8.60663616657257 -9.22449803352356 -9.43935978412628 -9.61555457115173 -9.67708277702332 -8.78936088085175 -8.10441720485687 -7.55598223209381 -7.62271392345428 -7.96094596385956 -8.59834432601929 -8.70757615566254 -8.87647438049316 -9.41637301445007 -9.32443833351135 -9.42150318622589 -10.0139936208725 -10.6284024715424 -11.0451936721802 -11.1996514797211 -11.1784429550171
-6.01110035181046 -5.5418860912323 -5.15067166090012 -5.2874573469162 -5.41824322938919 -5.50736206769943 -5.65781474113464 -5.8202668428421 -6.48224037885666 -7.3510684967041 -7.99489629268646 -7.79539084434509 -7.75888538360596 -8.40904653072357 -8.23620784282684 -6.48325455188751 -6.89667928218842 -8.39235842227936 -8.67318642139435 -8.79401457309723 -8.52822148799896 -8.29314160346985 -8.03064107894897 -8.03003096580505 -8.43356812000275 -8.754154920578 -8.58840787410736 -8.94966125488281 -9.42658114433289 -9.93683421611786 -10.1284210681915 -10.0800074338913 -9.80597043037415 -9.29797673225403 -8.79798245429993 -8.72802662849426 -8.55412542819977 -8.41172432899475 -9.13965678215027 -9.10242223739624 -8.91968774795532 -9.14411997795105 -9.23655247688293 -9.63098466396332 -10.1417100429535 -10.4713839292526 -10.6837247610092 -10.6120661497116
-5.21897441148758 -7.19664740562439 -7.4439868927002 -5.90299302339554 -5.45833253860474 -5.7126721739769 -5.26834499835968 -5.70901781320572 -7.48304843902588 -7.45277094841003 -7.70282649993896 -8.53521537780762 -8.76427054405212 -8.0406596660614 -6.81617665290833 -7.38610410690308 -8.56615972518921 -8.82521545886993 -9.18260419368744 -9.18265950679779 -8.88193452358246 -8.90709519386292 -8.57358908653259 -8.21842992305756 -8.42229306697845 -8.60315573215485 -8.52018558979034 -8.95239269733429 -9.3848865032196 -9.70038044452667 -10.0085413455963 -10.1663686037064 -9.84979665279388 -9.57715904712677 -9.249187707901 -9.24489367008209 -9.0031213760376 -8.84434831142426 -9.29874229431152 -9.65566456317902 -9.76169347763062 -9.81905567646027 -9.96908485889435 -9.84744668006897 -9.91758036613464 -10.2409360408783 -10.482586145401 -10.7222363948822
-7.82429873943329 -7.92614126205444 -7.7763170003891 -6.96149301528931 -6.06800240278244 -5.5211780667305 -5.76368737220764 -6.66352999210358 -7.73284041881561 -8.24961805343628 -9.06172955036163 -8.53617334365845 -7.91495144367218 -7.87839579582214 -8.39883995056152 -8.52295124530792 -8.30539560317993 -8.79550695419312 -9.11361801624298 -8.99772930145264 -9.04474341869354 -9.13166081905365 -9.05091118812561 -9.1364951133728 -9.31441247463226 -9.34532976150513 -8.66321182250977 -8.74777722358704 -9.47274768352509 -9.76633191108704 -10.045582652092 -10.2444998025894 -9.97983956336975 -9.87526798248291 -9.64403009414673 -9.31081545352936 -9.39076602458954 -9.84198379516602 -10.0677458047867 -10.0501744747162 -10.4272701740265 -10.6633658409119 -10.7881278991699 -10.7425570487976 -10.5174638032913 -10.4341826438904 -10.8065679073334 -11.2289531230927
-8.93962275981903 -8.74196827411652 -8.6299809217453 -8.11332643032074 -6.91733884811401 -7.00835120677948 -8.14603018760681 -8.5917090177536 -8.46096515655518 -8.36046528816223 -8.01296508312225 -8.06679880619049 -8.12229871749878 -8.17346501350403 -8.48029839992523 -8.22006273269653 -8.98929858207703 -9.12713205814362 -8.8352986574173 -9.41846537590027 -9.54821872711182 -9.29955959320068 -9.72523319721222 -9.57524037361145 -9.36591422557831 -9.29825437068939 -8.88290441036224 -8.73017275333405 -9.59060919284821 -10.1552830934525 -10.2119567394257 -10.1716305017471 -10.1568822860718 -9.92804431915283 -9.59489750862122 -9.52323722839355 -9.89774394035339 -10.4030267000198 -10.7531888484955 -10.9016842842102 -10.7008466720581 -10.6676753759384 -10.7728378772736 -10.8113334178925 -10.7686414718628 -10.5723240375519 -10.8572165966034 -11.3226704597473
-6.91461336612701 -6.75112903118134 -7.46964418888092 -8.00649309158325 -8.81434190273285 -9.13752388954163 -9.37870597839355 -9.34422171115875 -9.05542349815369 -8.39931237697601 -7.81586802005768 -7.36426019668579 -7.11148822307587 -7.59005010128021 -8.25442349910736 -9.15164566040039 -9.02886819839478 -8.5089635848999 -9.14064574241638 -9.72486805915833 -9.84769427776337 -9.4081244468689 -9.11537945270538 -9.26665210723877 -9.02382147312164 -9.25562608242035 -8.9330974817276 -8.88656866550446 -9.59580397605896 -10.2649011611938 -10.5629978179932 -10.4437615871429 -10.0079245567322 -9.71503293514252 -9.64826214313507 -9.92699217796326 -10.2558407783508 -10.5544029474258 -10.8169655799866 -10.9705278873444 -11.2004232406616 -11.0429854393005 -11.0198812484741 -11.0267770290375 -11.070152759552 -11.1206758022308 -10.9275317192078 -11.0077211856842
