data/spatiotemp/temp2/bio10_norsw_test_2007_2010.asc
NCOLS 654 
NROWS 380 
XLLCORNER 3.91666666666667 
YLLCORNER 55.3333333333333 
CELLSIZE 0.0416666666666667 
NODATA_value -9999 
[rows 220 to 241 of 380, columns 100 to 149 of 654]
8.10918974876404 7.8868715763092 7.91322016716003 7.94223546981812 8.12690460681915 8.39056086540222 8.45955097675323 8.18587398529053 7.83219707012177 7.51785373687744 7.47884333133698 6.8978328704834 6.62215602397919 5.91914594173431 5.75346910953522 5.73445880413055 5.64068746566772 5.73748803138733 6.41762220859528 7.6097559928894 8.55389022827148 9.63269090652466 8.84815859794617 8.50029277801514 9.05309343338013 9.39789390563965 10.0500280857086 12.3201625347137 11.5631468296051 10.3189826011658 9.76681780815125 9.60598683357239 9.29648876190186 8.81365728378296 8.16482603549957 8.3386617898941 8.76249718666077 7.70166623592377 7.78750133514404 8.13400363922119 9.30233287811279 9.26582217216492 8.89531135559082 8.79013442993164 9.56028985977173 10.5811126232147 11.5339357852936 9.74809193611145 9.00891470909119 8.85640382766724
10.3282749652863 9.58043670654297 9.4725980758667 9.45475959777832 9.42989659309387 9.70000958442688 9.14212226867676 7.93823540210724 7.15834820270538 6.89779436588287 7.60590708255768 8.13868677616119 8.54746603965759 8.59291243553162 8.85102534294128 8.79113793373108 8.90874075889587 8.76383233070374 9.3422577381134 9.79201650619507 10.0337750911713 10.9922006130219 9.81662559509277 9.45705127716064 9.25880980491638 9.40856862068176 10.0703270435333 10.4900858402252 11.9691653251648 11.7375650405884 10.8046317100525 9.37703156471252 9.25009846687317 9.08783173561096 8.4348977804184 8.00529778003693 7.54903101921082 7.282097697258 7.87916421890259 7.07623064517975 7.88846325874329 7.83652877807617 7.02259433269501 7.43732607364655 7.90139162540436 10.4207901954651 11.6288559436798 10.4342544078827 9.72965312004089 8.30571854114532
11.0153605937958 10.898001909256 11.2873094081879 12.2732839584351 11.1502223014832 11.442791223526 12.1320271492004 11.1685962677002 10.9371657371521 10.2510685920715 9.63430428504944 9.76820707321167 9.96210980415344 10.3240122795105 10.4552478790283 9.89781737327576 9.44279360771179 8.96551036834717 8.55822658538818 9.04227685928345 9.50432682037354 10.7817101478577 11.2750930786133 11.382476568222 11.1685264110565 10.6692433357239 9.86129331588745 8.99934339523315 8.86985039710999 9.96548128128052 11.6017792224884 11.928076505661 10.6097075939178 10.1880052089691 9.59763622283936 9.07860088348389 8.81423139572144 7.8538624048233 7.23816013336182 7.20245802402496 7.86192715167999 7.96456861495972 6.74587643146515 7.63585138320923 8.21382629871368 9.72113418579102 10.9811091423035 11.4877502918243 11.5250582695007 10.9990332126617
5.66777944564819 5.96289992332458 7.11468720436096 9.58114099502563 11.1372139453888 9.96090626716614 9.59593224525452 9.76095819473267 10.2526502609253 11.3750092983246 12.4887018203735 12.0670604705811 12.1814196109772 12.0324447154999 12.1988043785095 12.2311630249023 12.4928462505341 12.4345209598541 11.8715291023254 12.0238704681396 12.195544719696 12.1845526695251 11.9542274475098 11.8352353572845 11.7029097080231 11.5925846099854 12.3549256324768 12.5846004486084 11.5965352058411 11.0980641841888 11.5062599182129 13.0704548358917 11.9333167076111 11.21284532547 10.2290410995483 9.57390308380127 9.76543188095093 10.0296273231506 9.65515613555908 9.65268492698669 9.45605778694153 8.63060879707336 8.48515915870667 8.83437657356262 9.35692739486694 9.64681148529053 9.08936214447021 9.2119128704071 10.1584634780884 11.1756811141968
5.51153159141541 7.02579843997955 8.43673205375671 7.07366538047791 5.56887304782867 5.80168843269348 6.08117020130157 7.63265252113342 10.4694676399231 10.7889499664307 10.9304320812225 9.5265805721283 9.41139626502991 9.30687808990479 8.05635988712311 7.20850884914398 7.81223285198212 8.55219888687134 9.51816463470459 10.4934635162354 10.9907631874084 10.690062046051 10.6953613758087 10.7259936332703 10.7132933139801 10.3599259853363 10.3238918781281 11.0325243473053 12.4485538005829 12.2206470966339 11.9020733833313 11.7801666259766 11.6489262580872 11.3430197238922 12.8651125431061 12.1932055950165 11.2106320858002 11.0533924102783 10.5988185405731 10.4495785236359 9.6395218372345 9.1486485004425 9.25044202804565 9.57756853103638 9.35136198997498 9.56248879432678 9.85761570930481 9.98007559776306 10.2525358200073 10.6036622524261
6.3206170797348 5.77402997016907 5.03810977935791 6.18485593795776 7.19453191757202 7.67913675308228 9.08040857315063 10.9703469276428 10.7576186656952 9.10489106178284 8.14282882213593 7.51276743412018 8.49403929710388 7.27531123161316 5.70858311653137 5.09118807315826 5.98428583145142 6.85254299640656 7.35546672344208 8.30305743217468 10.6833143234253 10.3669047355652 9.84849572181702 10.603419303894 10.0750095844269 10.2799336910248 10.7368574142456 11.2251148223877 11.3619050979614 11.3198962211609 11.3018870353699 11.4332118034363 11.699202299118 12.2071936130524 13.0291843414307 12.0058419704437 10.7398331165314 10.7458236217499 11.1124811172485 11.1491391658783 10.647652387619 10.1780216693878 9.67039132118225 9.97009372711182 10.2357966899872 10.3774993419647 9.74320220947266 9.722904920578 9.75060749053955 10.2243101596832
4.84633648395538 6.1857203245163 8.31643772125244 9.55448865890503 9.91296243667603 10.4191920757294 11.1787550449371 10.6723182201385 9.9138810634613 7.46677732467651 6.65900719165802 7.38590359687805 7.6547999382019 8.23502945899963 7.86259281635284 8.06415593624115 8.30278122425079 9.05180263519287 9.03215718269348 9.46317863464355 10.5008664131165 10.7592208385468 10.4602420330048 10.7552635669708 11.1862845420837 11.7419724464417 11.6343269348145 10.4600148200989 10.6774814128876 11.4993915557861 12.0186357498169 11.3565471172333 10.2611248493195 10.3070352077484 12.6849460601807 12.5401904582977 10.7607681751251 11.5346791744232 11.5952563285828 10.8445007801056 10.1582684516907 10.1278929710388 11.0821843147278 11.5071420669556 11.4634335041046 11.1143915653229 10.6206827163696 10.335640668869 9.92926549911499 10.3608899116516
8.32868921756744 9.92353582382202 10.1050496101379 10.1865627765656 9.50149726867676 7.82185351848602 6.53687572479248 7.41389834880829 9.83425450325012 6.82394349575043 5.15363276004791 4.09998881816864 4.84834444522858 5.99536716938019 6.75372290611267 8.02274584770203 8.37905251979828 8.37131059169769 8.88623547554016 8.80982708930969 8.90675163269043 9.87034296989441 10.4112682342529 11.1535260677338 11.090451002121 11.5400424003601 11.6623003482819 10.2358922958374 9.96261405944824 10.1904668807983 10.1223204135895 10.474839925766 11.4073596000671 12.0778789520264 13.0930655002594 12.886251449585 10.926771402359 11.4512910842896 12.6444776058197 11.5496637821198 11.0027029514313 9.75759553909302 9.76715445518494 11.0047135353088 11.8136060237885 11.8151652812958 10.9713907241821 10.8109495639801 11.0071754455566 10.9474012851715
8.48904263973236 8.40801882743835 8.33699417114258 5.38730382919312 3.71003264188766 2.802514731884 4.34366345405579 7.96547889709473 7.84862756729126 6.23110961914062 4.01825839281082 4.01340705156326 4.68255591392517 7.08437097072601 7.2915198802948 7.25266873836517 6.93199050426483 6.38348543643951 7.28431391716003 8.50580883026123 9.53063726425171 10.4394652843475 10.6522936820984 9.17912220954895 8.90661716461182 9.32144546508789 11.390273809433 11.1857686042786 10.249080657959 8.77554225921631 9.21333742141724 8.89713287353516 8.6475944519043 9.55738949775696 10.8745181560516 12.0489799976349 12.7181081771851 12.8859035968781 12.9443652629852 13.6154935359955 11.6398043632507 11.0379648208618 10.7421247959137 10.5949516296387 11.7944452762604 12.0826053619385 11.0640985965729 11.2409255504608 11.4457521438599 11.6459121704102
4.45272928476334 6.16450130939484 8.13093948364258 5.82004487514496 3.71790134906769 3.55450958013535 5.64711773395538 8.0370591878891 4.58566749095917 4.94694232940674 5.21221733093262 5.73749208450317 6.64010035991669 6.85070860385895 6.03931677341461 5.70392513275146 5.15426182746887 6.07499349117279 7.34172534942627 8.93045735359192 10.4685225486755 9.81925439834595 9.45465278625488 8.86538481712341 9.34611654281616 9.29951524734497 10.5195806026459 11.2929787635803 10.7582137584686 10.3319509029388 10.0190212726593 10.0894258022308 9.75182914733887 9.61356663703918 9.91730380058289 10.2163743972778 10.4461116790771 11.0511825084686 13.1649198532104 14.2679903507233 13.3549065589905 12.5436673164368 11.5064287185669 11.6605234146118 11.5812840461731 12.1853787899017 12.4694731235504 11.7902345657349 11.5823287963867 12.207090139389
3.99374908208847 4.8003169298172 6.52488446235657 6.52945196628571 5.46176993846893 5.63317096233368 6.41323864459991 5.71330642700195 3.93270760774612 2.97344195842743 3.57617610692978 3.9409105181694 5.39964485168457 7.50437903404236 8.08444714546204 8.14051485061646 8.28986620903015 8.86516833305359 9.27780365943909 10.1784391403198 10.5850744247437 9.90904307365417 9.24101209640503 9.25431418418884 9.22094988822937 10.0435853004456 10.6148872375488 11.4148564338684 11.3200135231018 10.7870261669159 10.0267057418823 10.5997180938721 11.1720645427704 11.435076713562 12.207423210144 12.1384358406067 11.8467819690704 11.8777947425842 12.5921409130096 12.649153470993 13.2426738739014 13.3760366439819 13.6893990039825 14.2760946750641 14.0301232337952 13.1041519641876 13.60484790802 13.789543390274 12.9215724468231 13.2269344329834
5.79276907444 6.46546602249146 6.71549618244171 6.44752645492554 5.90697193145752 5.93916583061218 5.45269286632538 4.91688680648804 4.39774733781815 5.24460768699646 6.25213503837585 4.764328956604 5.98918950557709 8.13338327407837 5.97891068458557 7.13443779945374 7.7474707365036 8.73134303092957 9.95321536064148 10.0090878009796 8.23629331588745 8.14749896526337 8.66803812980652 9.08657693862915 10.0091161727905 10.7676548957825 11.0675272941589 11.3587329387665 11.5778133869171 10.6241014003754 10.3590562343597 11.3180110454559 11.5436325073242 10.9645872116089 10.8528754711151 11.0271637439728 11.0647854804993 11.1577398777008 11.3466949462891 11.4503164291382 11.3404424190521 11.0190722942352 11.2063691616058 11.5656657218933 13.0062956809998 13.0429260730743 12.457555770874 12.9161860942841 13.8628158569336 14.6454455852509
7.66045558452606 7.27261483669281 6.76544141769409 6.37293422222137 6.05217385292053 5.43516063690186 6.38681399822235 7.44446730613708 6.79078722000122 6.87310743331909 8.33076047897339 8.78908061981201 8.55873417854309 7.72972083091736 7.75270748138428 8.96969437599182 9.68840861320496 9.86885118484497 9.31529355049133 8.25773632526398 8.40751194953918 8.92528796195984 9.29173016548157 9.3148398399353 10.0332822799683 10.457724571228 10.4341671466827 10.5146098136902 11.0362794399261 11.4131770133972 11.6954071521759 11.7049703598022 11.2412011623383 10.4400975704193 9.23566150665283 9.20455861091614 9.68678879737854 10.3463523387909 11.0272495746613 10.8448128700256 10.9802103042603 11.1594414710999 11.2886726856232 11.1112370491028 11.3078014850616 11.4603662490845 11.3529303073883 11.4501614570618 11.9067256450653 14.0266237258911
7.17147552967072 5.3850976228714 5.74271965026855 6.01834189891815 6.0933758020401 6.03048872947693 6.69360184669495 7.55804789066315 8.36249387264252 8.21960687637329 7.15205311775208 5.82049930095673 4.65894532203674 4.8620582818985 5.86250436306 7.60561728477478 9.12334680557251 9.09302592277527 8.87337183952332 8.00438499450684 8.38806414604187 9.15974354743958 9.39475631713867 9.58710241317749 9.81878209114075 9.23646140098572 10.0761406421661 10.28648686409 10.6347458362579 10.8995852470398 10.5517578125 10.1805965900421 11.0214357376099 11.3142750263214 10.5064470767975 9.72728633880615 10.022792339325 10.2502980232239 10.7151372432709 11.4173095226288 10.9173119068146 10.9731440544128 11.1163096427917 10.9128084182739 11.0673072338104 11.1671397686005 11.2309715747833 11.4841370582581 11.9093027114868 13.385134935379
6.88382840156555 7.27491343021393 6.27133131027222 6.73841595649719 7.51124453544617 7.53648364543915 7.96638917922974 7.4422949552536 6.04486727714539 5.74477279186249 5.44534516334534 5.60591757297516 5.16648983955383 4.88372898101807 5.13630127906799 6.06820702552795 7.7976176738739 8.11453413963318 8.5741171836853 8.95103359222412 8.21194982528687 7.59619927406311 9.0217821598053 9.04403185844421 9.30761480331421 9.7971978187561 10.3021140098572 10.4583640098572 10.5532124042511 10.7786602973938 10.5461084842682 9.88222289085388 9.94300413131714 9.91778564453125 10.0959000587463 11.057347536087 10.6607956886292 10.6155769824982 11.0310244560242 11.8298060894012 11.5350799560547 11.2248463630676 11.2979464530945 11.3677132129669 11.1121463775635 10.8365795612335 10.4396796226501 10.5447797775269 11.0025460720062 11.7876460552216
6.42084848880768 7.05272912979126 8.23460972309113 8.59182381629944 8.55911350250244 7.96781170368195 8.49984359741211 8.83054184913635 8.31324028968811 8.38460576534271 8.31597113609314 8.34266889095306 8.4427011013031 8.11873304843903 8.08476483821869 8.37879657745361 8.34922242164612 8.91470909118652 8.76819562911987 8.50901508331299 8.68516802787781 8.89732146263123 9.79680800437927 10.1362943649292 10.1931145191193 10.2632675170898 10.3420872688293 10.2755739688873 10.4070119857788 10.5964024066925 10.4144587516785 9.90184879302979 9.87790560722351 10.1919622421265 10.2153522968292 10.1140758991241 10.2974660396576 11.0681893825531 11.4755790233612 12.1916360855103 11.9515149593353 11.5998823642731 11.6202504634857 11.6799509525299 11.5656523704529 11.5640199184418 11.3270540237427 11.4427554607391 11.6984560489655 12.0568242073059
7.63786828517914 8.62787818908691 9.23188805580139 9.36989784240723 9.00431513786316 7.99647307395935 8.23263108730316 8.58345580101013 8.60694694519043 8.47177171707153 8.85259628295898 9.09875440597534 9.61224555969238 9.54707026481628 9.56456184387207 9.61405324935913 9.59816026687622 9.97021675109863 10.1156072616577 10.2116637229919 10.1150538921356 10.021110534668 9.74516725540161 9.67789053916931 9.47928094863892 9.50133752822876 9.31872749328613 9.61411738395691 9.43814516067505 9.82814407348633 9.09147620201111 9.14414167404175 9.55947399139404 10.0828061103821 10.42413854599 10.7328038215637 10.4861361980438 10.5568015575409 10.8934671878815 11.2667989730835 11.9886162281036 12.2529182434082 12.4338870048523 12.5835227966309 12.0571582317352 12.4541265964508 11.7550954818726 12.0473973751068 12.3716995716095 13.0546684265137
8.79088830947876 8.85902714729309 9.1751663684845 9.16730523109436 8.43885087966919 8.86246776580811 8.94408535957336 8.66170287132263 8.15532028675079 7.90027117729187 8.16922187805176 8.49017262458801 8.3151239156723 8.26340782642365 9.79169154167175 10.0106430053711 10.4124317169189 10.5937249660492 10.4683523178101 10.4356453418732 10.3756058216095 10.1542327404022 10.0961933135986 10.1448197364807 10.0254468917847 9.84540700912476 9.60136747360229 10.0606610774994 10.2319447994232 10.2445526123047 10.160493850708 10.0851013660431 10.2590420246124 10.1909832954407 10.3942575454712 10.8621981143951 10.8208060264587 10.774747133255 11.0620212554932 11.0552957057953 11.0197172164917 11.2726211547852 11.3461906909943 11.5570936203003 12.2739970684052 12.8928997516632 13.0358030796051 12.5513734817505 13.0962762832642 14.4358460903168
8.28207445144653 8.61424827575684 9.06175565719604 9.71059608459473 9.32239151000977 9.58114147186279 9.24389147758484 8.56597471237183 8.20005822181702 8.10614109039307 7.62622451782227 7.40097463130951 7.82172441482544 7.76047480106354 8.5592246055603 9.9179744720459 10.482045173645 11.2701029777527 11.8461606502533 11.6195514202118 11.402275800705 11.0403332710266 11.0603909492493 10.7891154289246 10.3238399028778 10.5825641155243 10.7612886428833 10.7813460826874 10.8574163913727 10.8134989738464 10.6882486343384 10.797664642334 10.9010808467865 10.7471632957458 10.9232461452484 11.238662481308 11.219411611557 11.2174944877625 11.3322439193726 11.6469931602478 11.6521155834198 11.6296095848083 11.5424380302429 11.5699324607849 11.5794270038605 11.7782554626465 12.3697497844696 13.5732440948486 13.3014059066772 13.84823346138
9.60276055335999 9.35887479782104 9.6523220539093 10.0224359035492 9.85827112197876 10.1598265171051 11.307382106781 10.8082711696625 9.05982637405396 8.91404843330383 9.49293756484985 7.20715987682343 7.80004870891571 10.1936042308807 11.0578262805939 10.8507151603699 10.3836677074432 10.3386833667755 11.1583657264709 11.8027143478394 12.1243968009949 12.1680791378021 11.6904280185699 11.7487766742706 11.3771259784698 11.1454749107361 11.2111573219299 11.1455059051514 10.9638924598694 11.1243166923523 11.0547409057617 11.0271651744843 11.1569225788116 11.0846800804138 10.669771194458 10.7701954841614 10.8419523239136 11.1497104167938 11.1988010406494 11.1438920497894 11.1178088188171 11.4738857746124 11.7899613380432 11.9553713798523 12.0714478492737 11.8775246143341 11.8202676773071 12.1983437538147 13.4764201641083 14.3418297767639
8.84944653511047 8.63883399963379 8.51755547523499 8.70294284820557 8.64015054702759 8.63317847251892 9.31020593643188 9.33123373985291 9.95159482955933 11.1932895183563 12.5243172645569 12.0773448944092 12.2597064971924 12.1034004688263 12.0784285068512 12.3007893562317 12.7266232967377 12.7385969161987 12.4005701541901 12.4218771457672 12.3651843070984 12.3678245544434 12.6377983093262 12.9071049690247 12.1530783176422 10.9310522079468 10.9210255146027 10.8489990234375 10.785035610199 10.7451345920563 10.6919002532959 11.0319993495941 11.434764623642 11.3895304203033 10.9922957420349 10.8950617313385 10.377827167511 10.5392594337463 10.4766919612885 10.878123998642 11.1635022163391 11.6021609306335 11.5874855518341 11.3794775009155 12.1661353111267 12.0901267528534 11.5781188011169 11.5414433479309 12.1287686824799 13.6927599906921
8.13479959964752 7.39412760734558 7.58278846740723 7.31744945049286 7.31469678878784 7.31586372852325 8.02903008460999 9.33286356925964 9.45869708061218 9.56119656562805 9.92969703674316 11.2855303287506 11.0573637485504 10.598530292511 10.7616968154907 10.5308632850647 10.6689124107361 11.0498440265656 11.7274425029755 12.2937071323395 13.3359723091125 12.6542367935181 11.8065016269684 13.0300996303558 12.9303646087646 11.2972965240479 10.6348941326141 10.2664923667908 10.687511920929 10.9146189689636 10.952392578125 10.8535001277924 10.9459402561188 11.3923804759979 11.2948207855225 11.1752610206604 11.1257016658783 11.0241420269012 10.9159159660339 10.7536897659302 10.6058630943298 10.2404363155365 10.7096762657166 11.6989164352417 11.9421563148499 12.1773962974548 11.6866359710693 11.4298763275146 11.8484497070312 12.0643563270569
