data/spatiotemp/temp2/bio19_norsw_test_2007_2010.asc
NCOLS 654 
NROWS 380 
XLLCORNER 3.91666666666667 
YLLCORNER 55.3333333333333 
CELLSIZE 0.0416666666666667 
NODATA_value -9999 
[rows 44 to 65 of 380, columns 600 to 649 of 654]
89.0705146789551 88.7518291473389 90.1734504699707 90.871301651001 90.5524978637695 88.8320121765137 87.8482723236084 87.088529586792 87.1084518432617 86.7895984649658 86.5283279418945 87.6115188598633 86.8506832122803 86.8710403442383 86.8914012908936 86.9117584228516 86.9321212768555 87.7357425689697 87.4161167144775 87.4367065429688 88.6008014678955 90.7301177978516 91.130313873291 91.1897640228271 92.2585487365723 93.1077671051025 94.5754299163818 95.6479206085205 98.2516078948975 99.6694679260254 101.936517715454 103.015636444092 103.387128829956 104.898494720459 106.245397567749 108.099405288696 108.434289932251 108.769645690918 108.417490005493 108.064865112305 108.849775314331 110.194534301758 110.53037071228 110.521518707275 110.528388977051 106.988067626953 104.585464477539 105.678195953369 103.834280014038 103.855525970459
88.2275619506836 89.3095569610596 89.32985496521 88.28857421875 86.9660453796387 86.6475582122803 87.0064525604248 87.0266590118408 87.3860416412354 87.4068965911865 87.4277534484863 87.1093807220459 87.1301288604736 87.9311752319336 88.7329158782959 84.7847423553467 86.8733577728271 88.4573574066162 92.0094738006592 94.5557746887207 92.4138717651367 91.0111560821533 90.7313327789307 91.1326370239258 92.544527053833 94.7984580993652 96.2140884399414 98.4732189178467 98.5384311676025 99.6167907714844 100.816911697388 101.949710845947 102.319835662842 105.182157516479 105.170259475708 105.158351898193 105.146446228027 105.13454246521 105.466421127319 107.877559661865 107.865882873535 108.990222930908 107.84253692627 106.416147232056 106.419847488403 106.885627746582 109.112520217896 109.478200912476 106.282371520996 103.402906417847
87.9396286010742 87.623197555542 86.8713665008545 86.8925533294678 86.9137420654297 86.498083114624 86.6284694671631 88.7153434753418 87.3372821807861 87.0197124481201 87.4796333312988 87.8401622772217 87.8616962432861 87.8832321166992 87.9047698974609 85.8004360198975 85.8212757110596 87.6296539306641 87.6510791778564 93.3842220306396 94.7757339477539 95.9013557434082 93.8935317993164 94.9670486450195 95.0308246612549 96.4987735748291 96.5630645751953 98.0867748260498 98.1524543762207 99.3496932983398 100.772827148438 101.905721664429 101.658975601196 103.052223205566 103.037635803223 102.231594085693 104.296604156494 104.281932830811 105.057975769043 105.386981964111 105.372308731079 105.702056884766 105.342960357666 104.983371734619 104.985872268677 106.140752792358 107.169141769409 106.181367874146 103.996242523193 104.016120910645
86.784200668335 86.8065242767334 86.4904537200928 86.5127010345459 86.8734836578369 85.1165428161621 86.4821758270264 87.2792072296143 85.1812362670898 86.3173904418945 87.0062847137451 87.8045749664307 86.710765838623 87.50950050354 87.5315418243408 87.5535850524902 87.5756282806396 87.9374504089355 91.1478424072266 91.1707744598389 93.7345504760742 93.7976245880127 93.8606986999512 95.3273487091064 95.3390731811523 95.0619335174561 96.9746932983398 98.3942184448242 98.4599628448486 98.8673877716064 100.787544250488 100.805179595947 100.830368041992 101.603719711304 102.652370452881 101.845203399658 101.828323364258 101.811441421509 102.138240814209 103.921455383301 103.903890609741 103.886329650879 103.868768692017 103.851203918457 103.853834152222 103.876657485962 105.757209777832 104.711671829224 105.803640365601 104.757970809937
87.0776824951172 87.1012172698975 88.9556045532227 87.1482830047607 87.1718158721924 87.195348739624 87.2188816070557 86.2364044189453 86.2592468261719 86.9491138458252 86.9716396331787 86.9941711425781 87.0167007446289 87.0392246246338 88.1767864227295 89.2611064910889 89.6239376068115 93.1734504699707 93.1975784301758 93.2217121124268 93.2648220062256 92.9865627288818 93.0484867095947 94.5144329071045 93.1723346710205 95.0292701721191 95.0928535461426 96.5620403289795 96.6260166168213 96.6899948120117 98.1114311218262 98.1761894226074 98.9886512756348 101.051097869873 102.163684844971 100.735744476318 100.716333389282 101.763389587402 100.333829879761 101.38109588623 102.149419784546 102.031042098999 104.152542114258 103.788011550903 103.790948867798 103.816709518433 104.630422592163 104.656520843506 103.548751831055 103.57445526123
88.4301586151123 87.0575923919678 86.7437953948975 86.768383026123 87.4702453613281 86.4890727996826 86.8523292541504 86.5379905700684 87.2296047210693 87.252893447876 86.9369964599609 87.299467086792 87.3227558135986 87.3460426330566 87.0297393798828 89.2282104492188 89.2520122528076 89.6157112121582 90.9888191223145 92.850715637207 92.8939895629883 92.9557704925537 93.0175476074219 93.0793266296387 93.1411056518555 94.2669277191162 94.6195259094238 95.4650039672852 95.5286617279053 96.657018661499 97.7369365692139 98.1434764862061 98.1655139923096 98.932544708252 98.9118518829346 98.8911590576172 98.5272426605225 100.30576133728 100.283863067627 101.67236328125 101.650876998901 101.973768234253 102.616239547729 103.724826812744 104.51421546936 103.094207763672 103.122634887695 104.15934753418 103.842891693115 104.659473419189
86.9881610870361 87.3523921966553 87.3782920837402 86.0600128173828 86.0854644775391 86.1109085083008 87.4818820953369 87.5077800750732 86.8546733856201 86.878511428833 87.2416000366211 86.926197052002 86.9500408172607 87.7457733154297 87.7697486877441 87.7937297821045 89.219820022583 90.3567085266113 90.7215061187744 90.7463474273682 91.5127296447754 91.9140224456787 91.9750270843506 93.0482425689697 93.450834274292 93.1715106964111 94.0132350921631 95.0907287597656 95.1541213989258 95.2175121307373 95.2809047698975 96.3615570068359 97.5583591461182 96.4708881378174 98.5291843414307 98.8490428924561 98.4828815460205 98.1162700653076 99.222095489502 98.0695152282715 100.185571670532 100.505777359009 101.54833984375 101.869367599487 100.806264877319 102.689321517944 101.934829711914 101.96572303772 103.791770935059 104.890819549561
87.7104473114014 86.9703483581543 86.9972972869873 87.0242462158203 87.3899307250977 87.4169731140137 87.4440116882324 87.4710521697998 86.8187160491943 87.61305809021 87.9769554138184 88.0016403198242 87.2562198638916 87.280818939209 88.0757083892822 88.1003932952881 89.5275459289551 91.0034236907959 92.092601776123 92.1187133789062 90.7575531005859 90.8183574676514 91.5505237579346 93.0171546936035 93.0786457061768 93.4813098907471 93.5429649353027 94.3841438293457 94.446964263916 95.5263061523438 95.2477645874023 95.3110637664795 95.3303775787354 95.6482963562012 96.408411026001 96.3838787078857 96.0160999298096 96.6607704162598 98.0440692901611 98.3623867034912 99.1210498809814 100.104671478271 100.422830581665 100.396633148193 100.74525642395 101.845199584961 100.812501907349 101.286029815674 102.731874465942 101.980279922485
87.6646118164062 86.5882320404053 86.95481300354 87.3215885162354 87.0109882354736 87.3779563903809 87.4061470031738 86.0872077941895 87.1219291687012 87.9155254364014 87.940824508667 87.9661178588867 87.9914169311523 88.0167140960693 88.3817844390869 89.4694023132324 90.6040153503418 90.9702320098877 89.8875980377197 89.9137077331543 92.802038192749 91.7984466552734 89.7347869873047 90.5671291351318 91.6414737701416 91.702672958374 91.7638683319092 93.2314472198486 94.0718269348145 93.7447547912598 94.8725814819336 94.9356174468994 95.6384143829346 95.9544219970703 95.2423801422119 94.8725147247314 94.8454818725586 96.6145095825195 97.9952564239502 98.3113422393799 98.2837371826172 98.694543838501 98.6666679382324 98.9835624694824 99.9944305419922 101.503896713257 100.75719833374 102.643671035767 102.680686950684 101.933040618896
86.8538761138916 86.8831024169922 87.2509613037109 87.2802867889404 87.3096141815186 87.0000076293945 87.0292358398438 87.0584659576416 87.4252700805664 87.4512805938721 87.9046897888184 87.9305953979492 87.9565048217773 87.9824142456055 88.3481502532959 89.4365730285645 89.8033084869385 89.8301181793213 89.8569278717041 89.5434036254883 89.5863590240479 89.6455688476562 88.6394100189209 88.6986961364746 91.6098613739014 91.6709785461426 92.0735263824463 91.793212890625 93.3068618774414 93.369722366333 93.4325847625732 93.4954452514648 94.9192295074463 95.23268699646 95.2037124633789 95.1747436523438 96.2706985473633 97.6501483917236 97.9652919769287 97.5930500030518 96.1555671691895 97.1357917785645 98.5153350830078 98.485710144043 98.4900569915771 98.9655113220215 99.0041580200195 99.3878402709961 99.4265403747559 99.465238571167
87.91139793396 88.2806453704834 87.2085132598877 88.0034465789795 88.0341262817383 87.2999305725098 86.9913082122803 87.0216751098633 88.1548252105713 87.7555122375488 87.7822818756104 88.8684825897217 87.4961185455322 87.1829891204834 88.3145179748535 88.3411388397217 88.3677520751953 88.3943691253662 88.7612724304199 89.853759765625 89.8971309661865 89.9563674926758 90.0156059265137 90.1621398925781 91.2370948791504 91.2979679107666 92.4734706878662 92.5357913970947 93.6155395507812 93.6785259246826 93.3993968963623 93.4622268676758 93.8203430175781 93.7890281677246 95.1650505065918 95.9142017364502 95.8830871582031 96.8654842376709 96.8332347869873 96.4570808410645 96.7687320709229 97.5168323516846 98.1130714416504 97.7970809936523 97.4568290710449 97.1531066894531 95.4051685333252 97.2353687286377 96.2674999237061 95.525484085083
88.2040843963623 88.235969543457 88.2678623199463 88.2532615661621 88.6239395141602 88.6557960510254 89.0268020629883 89.8226623535156 89.5135116577148 88.4842262268066 89.5699272155762 89.5981311798096 88.5661926269531 88.253662109375 88.2808876037598 88.3081130981445 87.9951877593994 88.3625621795654 88.7301330566406 89.8237857818604 88.8007659912109 88.1786098480225 88.2375965118408 91.1446418762207 91.2054347991943 91.2662258148193 93.1150188446045 93.1778202056885 92.5645198822021 93.6454105377197 95.5497856140137 95.6138687133789 93.4436016082764 93.4099788665771 95.2194328308105 94.7500095367432 95.495454788208 95.1185245513916 96.4411010742188 96.4064693450928 96.3718376159668 95.3282775878906 95.294849395752 95.6061115264893 95.6109275817871 95.3089141845703 94.2874794006348 94.3300666809082 94.3726577758789 94.415246963501
89.2128753662109 87.7681369781494 87.8011245727539 88.8891201019287 88.9222545623779 88.6162967681885 88.9885292053223 89.7841415405273 89.4758396148682 88.4476146697998 89.5336513519287 88.5034770965576 88.8295879364014 87.7976036071777 87.82568359375 88.2750854492188 87.9627113342285 87.9904479980469 88.3585891723633 88.3864212036133 88.4298763275146 89.5025959014893 91.3932914733887 91.4541606903076 91.5150260925293 91.5758991241455 91.6367645263672 92.4686851501465 92.1890449523926 92.2511234283447 92.6553993225098 93.7381439208984 93.7518405914307 94.4936447143555 93.3378677368164 93.3021411895752 93.2664184570312 92.2167720794678 94.3163795471191 95.3444538116455 95.3089008331299 94.2100276947021 93.8300971984863 93.3610286712646 93.3656997680664 93.4105739593506 94.2345943450928 94.2798748016357 93.980152130127 94.3704280853271
87.3519268035889 87.3859519958496 87.4199714660645 87.4539928436279 87.4880142211914 87.9438247680664 87.9777908325195 88.3511505126953 88.3824615478516 88.411003112793 88.4395389556885 87.7076549530029 87.3965015411377 88.5251579284668 88.5536975860596 88.2420635223389 89.2829666137695 89.3115787506104 89.3401947021484 89.368803024292 90.1724510192871 90.2335605621338 91.3618469238281 91.4226322174072 90.4168758392334 91.5441989898682 90.1974754333496 91.6657752990723 91.7265586853027 91.4452686309814 91.5058994293213 92.6839141845703 92.6968555450439 92.6605434417725 93.2993774414062 93.6046810150146 93.567045211792 92.5152797698975 92.478967666626 93.1102447509766 94.1931324005127 94.1556053161621 92.9967651367188 93.3035926818848 93.6533222198486 93.3561038970947 93.7485275268555 93.7961311340332 93.4987678527832 93.2013053894043
88.081356048584 89.1703262329102 88.1508178710938 89.5787677764893 88.5592269897461 88.2550029754639 89.6838569641113 88.324462890625 88.6957740783691 88.7244396209717 88.4132518768311 88.1018581390381 88.1303291320801 88.4989566802979 88.5275249481201 88.2157402038574 88.2442073822021 89.2861938476562 88.3011493682861 88.3296241760254 90.14528465271 88.4313106536865 89.9248371124268 90.32639503479 90.3867664337158 90.4471378326416 90.5075092315674 91.6330699920654 91.6931381225586 91.7532062530518 92.9275989532471 92.6466464996338 92.6605796813965 91.8527851104736 92.9364337921143 92.5598106384277 92.5262184143066 92.4926300048828 92.4590396881104 92.4254474639893 92.3918609619141 92.0141296386719 91.9803829193115 91.9466381072998 92.2938499450684 92.6774616241455 91.9400520324707 92.7556495666504 92.4503021240234 92.4894123077393
89.4573669433594 89.4925899505615 89.5278129577637 89.5630359649658 89.5982570648193 88.2393398284912 88.3170986175537 88.6912326812744 88.340633392334 88.3686561584473 88.3966732025146 88.0844478607178 88.4527187347412 88.4807376861572 88.5087604522705 88.5367813110352 88.5648021697998 88.2519474029541 88.2798652648926 88.3077793121338 88.6914405822754 88.7485733032227 90.582160949707 90.6412391662598 90.7003116607666 90.759391784668 90.8184700012207 90.5352649688721 90.5941905975342 91.7169513702393 91.7756652832031 91.8343811035156 92.1936321258545 92.1674709320068 92.1413097381592 93.1776866912842 92.0889873504639 92.4923229217529 92.4662284851074 92.783821105957 92.7578201293945 92.7318210601807 92.3618488311768 92.3357563018799 91.2726593017578 93.0423450469971 92.7195472717285 91.3363075256348 91.3575248718262 91.3787403106689
86.2851886749268 88.4204807281494 88.456033706665 88.9061546325684 88.9419021606445 87.2102165222168 87.2450752258301 87.2799434661865 87.310998916626 87.6785717010498 88.762939453125 88.4075756072998 88.4350452423096 88.4625186920166 88.8308582305908 88.8584423065186 88.5449371337891 88.5724105834961 88.2585773468018 88.2859420776367 88.327449798584 88.7248039245605 88.438756942749 88.4944133758545 88.5500659942627 89.6255760192871 90.4451713562012 90.5026473999023 90.5601253509521 90.617603302002 90.6750812530518 91.7954273223877 92.5850105285645 91.5039978027344 91.1422824859619 92.5292110443115 92.510612487793 91.7207908630371 91.7020072937012 92.4548168182373 91.3756484985352 91.3573150634766 91.3389778137207 92.7241115570068 93.0599403381348 93.0627288818359 93.065523147583 93.0683193206787 93.0711116790771 93.4160175323486
87.3523254394531 87.0516204833984 88.4393558502197 88.4752235412598 88.1727333068848 88.2080135345459 88.9956436157227 88.2785720825195 88.6501541137695 87.3210945129395 87.3477764129639 87.3744659423828 87.4011516571045 88.444299697876 88.4712238311768 88.4981498718262 88.1836757659912 88.2104835510254 88.2372951507568 88.2641048431396 89.4014167785645 90.4758834838867 90.5320587158203 90.5882453918457 90.6444263458252 90.7006092071533 90.414005279541 90.4700336456299 90.5260639190674 90.5820922851562 90.6381244659424 91.461877822876 92.5472240447998 92.5361194610596 92.5250148773193 91.4526844024658 92.5028095245361 92.4917068481445 92.4806041717529 91.4094924926758 92.4583969116211 91.3878974914551 91.3770980834961 92.7683982849121 92.7553730010986 91.3396148681641 90.9831886291504 91.3112335205078 93.037073135376 91.9994621276855
86.588794708252 86.6241073608398 87.0682144165039 87.4413890838623 86.730052947998 87.8531856536865 90.30246925354 88.9439334869385 88.6349468231201 88.6614456176758 88.3469486236572 88.0322132110596 87.3423252105713 86.350549697876 87.3941383361816 89.5731506347656 89.5997714996338 91.3980827331543 91.425085067749 90.3568000793457 90.0553340911865 90.4522800445557 90.5070152282715 90.5617523193359 90.6164836883545 91.7325229644775 92.8908386230469 92.6036262512207 91.5979976654053 94.8466529846191 95.2480030059814 96.3675422668457 96.0505771636963 93.8748435974121 93.8711547851562 94.6346912384033 92.8385543823242 92.491397857666 91.4282569885254 91.4249973297119 91.4217357635498 91.4184761047363 91.4152145385742 91.4119548797607 91.0517692565918 91.0204334259033 90.9891052246094 90.9577713012695 90.9264373779297 89.101676940918
86.9771671295166 87.0133380889893 86.3072566986084 86.3420391082764 87.12184715271 87.158016204834 87.194185256958 86.4811706542969 87.6022434234619 88.6456966400146 90.0690860748291 90.0954933166504 88.723560333252 88.7495155334473 89.5266456604004 89.5527992248535 89.5789527893066 90.6251373291016 89.6312675476074 92.0795078277588 92.5300674438477 92.5846900939941 92.6393146514893 90.878246307373 90.9316844940186 92.3886013031006 92.4423561096191 92.9124355316162 96.1568870544434 98.3440284729004 99.8071060180664 94.9206962585449 94.9508171081543 96.0156650543213 94.6152248382568 93.5924758911133 93.1744003295898 92.8345413208008 92.8382778167725 91.7836532592773 91.7877826690674 91.4490566253662 91.7960357666016 94.9964981079102 94.972505569458 94.2374954223633 91.3357563018799 92.6805858612061 91.2365608215332 90.0830860137939
87.6252021789551 90.484130859375 88.3893165588379 88.4261341094971 87.4417762756348 87.4793701171875 89.2821178436279 89.3205699920654 88.6045322418213 88.6299438476562 88.9969139099121 90.0785217285156 89.048002243042 89.0735454559326 89.8488483428955 89.8746681213379 90.9215145111084 90.9476356506348 90.9737567901611 92.8085327148438 92.8484954833984 92.9018383026123 91.5537300109863 91.6066646575928 92.7183952331543 94.8959159851074 98.4795017242432 100.354026794434 95.4751892089844 95.5306644439697 95.241771697998 94.8794765472412 95.2571563720703 94.9245166778564 94.5923004150391 94.6043643951416 94.6164264678955 92.5399742126465 95.7482128143311 96.1033630371094 93.9503707885742 95.784610748291 98.9940814971924 95.8088722229004 95.0136566162109 93.9093685150146 93.8390159606934 92.6655712127686 91.5446453094482 91.1390228271484
89.6925373077393 90.4639110565186 90.5032978057861 89.4838314056396 90.9196491241455 90.9601631164551 89.9176177978516 88.5583190917969 88.5893230438232 88.6141948699951 87.9605312347412 90.403528213501 89.3730316162109 89.3981742858887 91.569803237915 89.8546276092529 92.3007888793945 93.0760402679443 93.1022472381592 93.1284523010254 93.1675853729248 93.2196502685547 96.4488296508789 100.434766769409 101.892524719238 100.203554153442 96.7316818237305 96.7860374450684 95.4369812011719 98.6799793243408 95.8893814086914 98.7911205291748 100.578662872314 99.193904876709 99.2139587402344 97.0975303649902 97.1166362762451 96.0780830383301 94.9918193817139 96.1172466278076 95.7942199707031 95.8140754699707 99.0323143005371 96.8917980194092 97.6210708618164 96.4266452789307 94.1982040405273 94.1110706329346 90.838773727417 91.0910797119141
