data/spatiotemp/temp2/bio19_norsw_test_2007_2010.asc
NCOLS 654 
NROWS 380 
XLLCORNER 3.91666666666667 
YLLCORNER 55.3333333333333 
CELLSIZE 0.0416666666666667 
NODATA_value -9999 
[rows 198 to 219 of 380, columns 200 to 249 of 654]
194.318008422852 194.50887298584 193.530715942383 220.083782196045 222.698570251465 206.291049957275 187.762725830078 178.142967224121 169.371578216553 166.266147613525 160.748865127563 149.898189544678 168.002466201782 182.852226257324 170.761402130127 156.242065429688 155.520732879639 151.208902359009 151.36799621582 142.505735397339 138.115783691406 136.186973571777 129.372341156006 128.609519958496 130.7718334198 132.018928527832 133.267274856567 131.134674072266 131.146753311157 131.158832550049 134.492233276367 140.231784820557 139.326133728027 132.446517944336 138.184276580811 140.597890853882 141.86198425293 139.732542037964 135.283166885376 129.824237823486 125.289442062378 119.907258987427 117.540454864502 112.069801330566 110.943098068237 107.642255783081 104.037197113037 100.735034942627 100.762609481812 90.7931900024414
200.002166748047 199.027183532715 186.184677124023 186.368644714355 184.521186828613 181.433685302734 175.932167053223 169.557050704956 169.725517272949 166.613088607788 160.210649490356 148.097944259644 139.262880325317 139.420059204102 146.52352142334 142.148036956787 135.41072845459 134.672393798828 134.82299041748 130.424306869507 124.838834762573 122.899122238159 125.125881195068 123.179534912109 121.120197296143 121.151082992554 119.090848922729 116.968341827393 119.152950286865 121.599212646484 121.629611968994 124.073902130127 124.103643417358 117.462438583374 119.902458190918 123.267017364502 124.45729637146 122.393005371094 122.418645858765 122.444278717041 117.969480514526 113.720079421997 109.156017303467 109.179342269897 108.044710159302 108.068622589111 104.748931884766 99.9694366455078 94.4547252655029 92.0685424804688
210.204784393311 208.381820678711 192.252586364746 185.901187896729 188.180023193359 186.263889312744 180.754150390625 178.887615203857 170.079458236694 157.970121383667 148.256452560425 145.112018585205 139.554611206055 135.177116394043 132.032022476196 128.880195617676 125.432287216187 123.450042724609 122.701433181763 121.663970947266 118.484447479248 119.864280700684 122.097139358521 121.3317527771 121.427551269531 114.801893234253 114.84902381897 116.139646530151 114.02453994751 113.149530410767 113.193269729614 114.485961914062 111.183654785156 110.300155639648 109.413269042969 106.102066040039 109.483333587646 108.568946838379 108.586706161499 108.604457855225 110.813213348389 110.831954956055 106.243001937866 104.158498764038 103.867504119873 106.299062728882 105.157892227173 102.767049789429 97.0086460113525 92.4015922546387
205.349029541016 205.548450469971 192.655471801758 183.875331878662 177.497386932373 180.953979492188 188.941009521484 184.966144561768 170.433399200439 166.431806564331 166.292810440063 157.73530960083 150.116840362549 144.56178855896 143.490449905396 140.346391677856 141.696144104004 143.105079650879 134.197137832642 131.028726577759 125.425710678101 122.242607116699 119.052539825439 119.19757270813 120.492677688599 120.559825897217 121.872669219971 124.371990203857 121.088422775269 116.877084732056 116.940221786499 113.645118713379 107.312438964844 106.438064575195 106.493337631226 106.548612594604 101.111352920532 93.4519004821777 97.9982986450195 96.8431205749512 100.223266601562 101.179063796997 101.19260597229 101.206144332886 99.9618129730225 98.8124198913574 99.7771453857422 99.7930316925049 95.165807723999 96.1031150817871
180.479545593262 177.377769470215 175.509101867676 180.142845153809 177.895408630371 161.620853424072 160.597227096558 164.049894332886 160.911638259888 157.767353057861 160.346462249756 159.31911277771 156.175256729126 156.350996017456 157.416357040405 150.952596664429 144.475105285645 143.395900726318 143.560493469238 140.390302658081 138.118618011475 134.937324523926 130.50513458252 129.467384338379 127.425094604492 128.75193977356 137.981111526489 140.50365447998 131.433853149414 132.698280334473 127.306018829346 121.830099105835 114.31534576416 112.189386367798 114.453380584717 109.272186279297 98.0099773406982 96.1417369842529 97.0938491821289 92.7851085662842 93.7396068572998 94.6967506408691 94.7093639373779 98.1001091003418 97.801607131958 99.0770244598389 95.4046821594238 94.25465965271 95.4169902801514 97.6069679260254
194.054840087891 185.566543579102 177.982086181641 162.561567306519 166.012300491333 167.414365768433 157.674459457397 152.094669342041 148.936298370361 142.463119506836 140.534677505493 139.425634384155 139.568880081177 138.532962799072 139.870441436768 140.021223068237 140.172010421753 135.451934814453 132.263912200928 132.409908294678 133.747190475464 135.140451431274 135.287229537964 136.680852890015 137.989986419678 134.716089248657 138.158420562744 134.880359649658 131.929010391235 129.827474594116 129.903587341309 127.868268966675 122.379194259644 114.520595550537 110.275896072388 106.960289001465 102.680641174316 100.581607818604 97.2156105041504 93.8488845825195 91.4258594512939 91.4410152435303 93.5754680633545 95.8025875091553 97.9405956268311 96.7877655029297 94.3750419616699 95.5640258789062 95.5638008117676 102.309141159058
189.138996124268 184.834095001221 175.117918014526 157.543188095093 153.202096939087 157.895935058594 158.044136047363 154.88189125061 148.400478363037 145.223718643188 145.360307693481 146.382995605469 143.200601577759 134.250516891479 131.056079864502 131.189693450928 125.54651260376 127.768102645874 129.149343490601 125.93602180481 124.816864013672 124.946489334106 130.875539779663 138.975105285645 142.447738647461 150.787336349487 157.605026245117 148.851661682129 140.945510864258 134.286153793335 130.064458847046 133.513439178467 128.09815788269 124.793079376221 122.664995193481 117.234115600586 112.95557975769 108.413219451904 105.048599243164 102.86029624939 99.4933547973633 97.0712547302246 93.7039089202881 92.5474815368652 95.954568862915 96.9260120391846 98.1212940216064 99.0966148376465 96.6667919158936 96.65305519104
183.008472442627 181.984024047852 182.149360656738 160.039403915405 147.822269439697 141.336166381836 141.468906402588 147.358074188232 144.173526763916 155.525802612305 165.647594451904 157.947553634644 167.19836807251 162.764665603638 143.780132293701 130.197105407715 126.977062225342 122.556612014771 127.218179702759 137.394361495972 134.16868019104 128.48904800415 121.891054153442 122.008075714111 124.55320930481 127.076341629028 131.774374008179 131.850553512573 133.118661880493 131.077938079834 127.775203704834 126.918748855591 126.989179611206 121.558561325073 119.426158905029 117.371225357056 114.028297424316 110.665113449097 110.689750671387 120.882902145386 127.68935585022 120.935546875 120.961864471436 104.029430389404 93.6475887298584 100.457130432129 102.613096237183 99.2450752258301 103.601528167725 98.9379119873047
174.40714263916 169.192029953003 175.094812393188 162.864990234375 142.735282897949 133.783359527588 138.478586196899 130.705951690674 132.076578140259 134.643232345581 139.34956741333 138.27943611145 140.489004135132 137.266761779785 146.165500640869 149.637111663818 141.867582321167 124.876411437988 124.082630157471 131.811641693115 123.952486038208 127.424955368042 125.426641464233 116.632036209106 121.342771530151 124.784412384033 114.73406791687 111.762317657471 111.825546264648 110.964014053345 111.025356292725 114.732439041138 113.6025390625 116.11826133728 116.179500579834 112.850317001343 110.770826339722 107.406517028809 105.307830810547 114.248525619507 131.248739242554 131.280725479126 137.156700134277 126.683820724487 100.572065353394 97.2025012969971 106.161554336548 112.9892578125 109.599452972412 100.3528175354
175.705129623413 163.84188079834 152.831201553345 145.073791503906 143.1286277771 138.678812026978 132.142934799194 127.678260803223 124.458562850952 122.4850730896 121.397241592407 126.050771713257 137.449310302734 137.556167602539 147.716691970825 142.377809524536 139.978038787842 128.811277389526 123.040462493896 123.138519287109 120.779138565063 118.765491485596 115.490438461304 116.784923553467 116.86424446106 112.635772705078 110.579458236694 109.719512939453 107.658700942993 103.408561706543 103.46312713623 106.9049243927 104.837852478027 102.694797515869 108.341218948364 109.588705062866 114.296686172485 114.328842163086 110.963968276978 105.142164230347 126.752878189087 132.641502380371 136.077102661133 129.311748504639 120.092304229736 102.881076812744 99.5103607177734 113.157451629639 109.766477584839 103.912017822266
179.836059570312 183.31294631958 173.486717224121 155.784385681152 140.135887145996 132.336053848267 129.114833831787 129.228719711304 125.99949836731 122.764951705933 116.176635742188 115.077526092529 119.726463317871 127.778373718262 132.12579536438 132.219638824463 131.05654335022 125.324855804443 125.415321350098 122.136821746826 118.853912353516 114.30694770813 106.727161407471 115.734304428101 128.066207885742 123.838752746582 110.717863082886 104.008060455322 114.223554611206 106.584369659424 98.9348468780518 103.643362045288 108.01962852478 107.14476776123 103.80334854126 94.9312782287598 100.833459854126 105.20468711853 100.897867202759 101.872276306152 120.111742019653 130.36047744751 122.401012420654 123.630474090576 116.856670379639 114.438898086548 106.471591949463 100.64621925354 100.664649963379 99.4789352416992
161.170944213867 161.306394577026 168.111650466919 162.457849502563 155.032522201538 151.820043563843 143.165884017944 127.43497467041 117.492528915405 115.133293151855 114.339479446411 111.97642326355 111.163194656372 112.133359909058 114.312051773071 119.010492324829 117.827266693115 115.437112808228 115.511781692505 114.32544708252 105.531167984009 105.599838256836 114.547576904297 110.325403213501 106.090974807739 106.147274017334 100.693399429321 96.4372386932373 94.3627185821533 93.487678527832 90.1410293579102 96.9779090881348 102.553121566772 103.873243331909 103.925336837769 97.1735858917236 91.6794452667236 90.4444828033447 89.2829513549805 96.1300659179688 121.211490631104 140.757066726685 147.622152328491 134.031644821167 117.973443984985 112.144639968872 110.039386749268 110.080106735229 104.230899810791 104.234657287598
155.766473770142 150.469650268555 147.251512527466 150.718757629395 144.147737503052 136.679607391357 133.439138412476 125.629972457886 119.01856803894 114.500318527222 114.596853256226 119.316934585571 121.509113311768 119.108354568481 115.803760528564 113.399465560913 110.088911056519 112.266258239746 112.329957962036 109.922052383423 112.457357406616 111.256175994873 118.090633392334 118.157211303711 119.429454803467 122.882957458496 120.822498321533 111.97222328186 107.713714599609 99.1279563903809 90.2509689331055 90.295804977417 89.4113521575928 89.4544143676758 90.4303131103516 90.4751510620117 93.923318862915 101.71621131897 97.1496601104736 91.5703735351562 93.8218269348145 112.12279510498 126.142332077026 134.216728210449 121.555034637451 120.404781341553 115.768266677856 112.396230697632 106.542261123657 105.357442855835
150.335535049438 146.229158401489 139.647029876709 137.664770126343 137.776514053345 131.172355651855 126.707372665405 122.555416107178 117.182910919189 116.381032943726 117.373006820679 119.58118057251 121.773059844971 121.831272125244 119.415693283081 118.210641860962 118.267503738403 119.2317943573 119.289701461792 121.467750549316 124.914087295532 127.096115112305 128.425483703613 125.094957351685 133.154731750488 133.222089767456 126.495929718018 117.635736465454 112.166833877563 107.899629592896 103.626087188721 98.1398849487305 100.323299407959 102.849132537842 100.42297744751 94.9244022369385 92.494758605957 109.598974227905 106.235559463501 96.0411186218262 94.8835201263428 92.7147674560547 96.1765956878662 106.47868347168 119.256740570068 120.575437545776 119.359474182129 114.786987304688 110.127861022949 107.678405761719
147.34924697876 147.467161178589 142.126949310303 135.518951416016 131.374601364136 131.478855133057 127.000453948975 122.836282730103 118.663509368896 117.541227340698 115.471845626831 117.726856231689 119.917144775391 120.870765686035 119.656248092651 119.704784393311 124.048570632935 126.221746444702 126.273042678833 125.055994033813 127.230314254761 134.070255279541 137.519845962524 134.177639007568 134.238283157349 141.461334228516 134.727151870728 124.584920883179 128.050718307495 134.000993728638 148.901552200317 137.537218093872 110.670377731323 100.491031646729 102.743522644043 100.588735580444 96.015157699585 109.727310180664 116.61502456665 113.252267837524 100.571218490601 95.0500717163086 93.8295116424561 95.1471729278564 102.045267105103 113.579170227051 117.060932159424 118.384046554565 117.152677536011 117.168947219849
148.593343734741 147.823541641235 141.206493377686 139.209089279175 135.946586608887 130.567544937134 133.148811340332 135.366773605347 135.470897674561 130.072418212891 126.787109375 120.109666824341 120.175815582275 127.903089523315 126.679866790771 126.721641540527 128.88942527771 129.841047286987 132.010164260864 132.053066253662 124.026979446411 126.251640319824 127.507108688354 127.547866821289 124.196643829346 130.151597976685 130.214740753174 124.38353729248 133.749444961548 149.938936233521 162.726722717285 145.738018035889 122.898811340332 101.539045333862 94.7565879821777 101.638153076172 100.478595733643 93.6933536529541 100.58783531189 110.910367965698 107.545057296753 100.75168800354 96.1700782775879 95.2742805480957 100.915544509888 104.400928497314 107.889019012451 111.379816055298 117.329364776611 118.31315612793
162.315286636353 155.700754165649 140.224027633667 155.939725875854 153.05242729187 146.410781860352 134.261371612549 134.363466262817 136.95092010498 129.056297302246 126.985084533691 120.295274734497 117.871786117554 132.712112426758 126.86767578125 125.637952804565 129.07527923584 135.914939880371 144.888374328613 142.441440582275 140.299348831177 135.719583511353 134.485227584839 132.032661437988 128.677026748657 121.005561828613 112.110187530518 113.381345748901 123.67527961731 120.320261001587 118.237949371338 116.152570724487 108.443786621094 102.586486816406 100.490131378174 94.6289710998535 94.6813850402832 94.7385940551758 95.7347602844238 101.707223892212 100.824420928955 100.882577896118 96.2961292266846 96.3530502319336 95.4589710235596 98.9498519897461 104.610822677612 111.548305511475 118.472845077515 121.940576553345
164.582378387451 162.597946166992 152.595371246338 137.980037689209 141.837602615356 133.020305633545 143.274351119995 134.487678527832 126.910467147827 116.830688476562 116.918380737305 120.40224647522 117.976163864136 121.416484832764 126.081859588623 125.762084960938 125.805150985718 133.565824508667 141.643611907959 141.691871643066 141.740127563477 141.424480438232 141.472583770752 140.242574691772 136.886171340942 137.866580963135 134.517055511475 119.997064590454 108.940790176392 105.57487487793 106.844158172607 108.172113418579 115.067108154297 128.813325881958 132.295835494995 131.422414779663 113.137634277344 95.7827663421631 95.84543800354 101.831573486328 95.9707870483398 106.611171722412 101.077325820923 97.7009563446045 96.5451068878174 99.0952301025391 101.325437545776 99.21555519104 108.32520866394 117.422523498535
155.88710975647 170.73105430603 160.721794128418 149.475782394409 139.438188552856 127.268358230591 118.468748092651 117.660608291626 121.14147567749 115.343238830566 117.925424575806 118.013694763184 120.211017608643 120.256958007812 123.706922531128 129.291538238525 125.933980941772 126.890962600708 134.615995407104 139.353834152222 136.906597137451 135.681127548218 136.955358505249 140.422540664673 149.816102981567 146.099754333496 138.104867935181 127.906545639038 118.059009552002 114.690587997437 128.439958572388 149.343397140503 137.907363891602 119.609661102295 118.733198165894 114.136610031128 113.266008377075 99.323127746582 95.9561138153076 96.0222434997559 95.1467876434326 95.2110252380371 96.5521450042725 97.8360328674316 97.9001541137695 101.411602020264 102.753631591797 101.543392181396 102.868316650391 105.078367233276
148.018697738647 153.664894104004 161.76741027832 156.386569976807 162.382141113281 143.436088562012 130.872138977051 127.575855255127 105.169780731201 105.249088287354 112.129776000977 116.843772888184 116.911592483521 124.678472518921 125.957870483398 126.917430877686 123.560317993164 125.747352600098 130.122953414917 133.592506408691 132.369981765747 132.42561340332 128.695407867432 132.170026779175 133.453058242798 133.512994766235 130.149150848389 125.863201141357 122.550333023071 121.682704925537 119.588800430298 120.864210128784 120.916374206543 123.178033828735 116.365602493286 107.394857406616 104.954385757446 113.127113342285 104.168109893799 96.1363716125488 96.2059535980225 95.3328170776367 95.4005718231201 96.7477684020996 99.3182640075684 99.3859710693359 101.629558563232 106.435077667236 105.210336685181 98.3300361633301
140.176891326904 123.364995956421 136.999124526978 148.489738464355 151.988792419434 141.92261505127 120.807279586792 114.102195739746 112.060495376587 101.937931060791 104.143375396729 114.440258026123 120.049915313721 129.429960250854 126.077297210693 132.589115142822 124.592353820801 125.878566741943 129.353351593018 128.1324634552 132.522390365601 134.723833084106 142.913631439209 162.612745285034 161.399444580078 145.246086120605 131.594255447388 126.074766159058 122.698598861694 128.692411422729 120.654949188232 112.913576126099 112.961940765381 113.010290145874 113.05864906311 115.613969802856 108.508867263794 104.213245391846 106.510065078735 100.922086715698 105.728357315063 112.706632614136 105.883295059204 100.333881378174 99.4598617553711 100.758943557739 102.112762451172 102.184543609619 103.193012237549 99.7665634155273
130.160146713257 126.868999481201 115.904455184937 118.153520584106 127.148370742798 134.366788864136 129.837129592896 123.130235671997 110.883693695068 98.6199016571045 100.822956085205 111.126564025879 120.152206420898 127.038780212402 128.332572937012 129.30152130127 125.947380065918 122.59009552002 133.823799133301 130.467544555664 132.674789428711 146.444772720337 159.314119338989 164.052055358887 162.892055511475 150.145811080933 138.623676300049 134.016794204712 126.281784057617 122.8980884552 122.02533531189 119.921579360962 114.018417358398 113.138156890869 109.743093490601 107.630924224854 107.694978713989 104.332029342651 111.311172485352 105.780019760132 105.861448287964 115.024337768555 121.084936141968 108.621028900146 99.6014633178711 100.908126831055 103.218544006348 102.344543457031 99.8851375579834 99.9257068634033
