data/spatiotemp/temp2/bio15_norsw_test_2007_2010.asc
NCOLS 654 
NROWS 380 
XLLCORNER 3.91666666666667 
YLLCORNER 55.3333333333333 
CELLSIZE 0.0416666666666667 
NODATA_value -9999 
[rows 220 to 241 of 380, columns 400 to 449 of 654]
-9999 -9999 -9999 -9999 -9999 -9999 -9999 -9999 -9999 -9999 -9999 -9999 -9999 -9999 -9999 -9999 -9999 45.1446657180786 45.3025150299072 45.3630619049072 45.3107013702393 45.4463033676147 45.5043592453003 45.555438041687 45.3256149291992 45.364598274231 45.5800018310547 45.4863224029541 45.6905889511108 45.8985967636108 45.6787557601929 46.205512046814 45.8831577301025 45.7081165313721 45.4549961090088 45.3342895507812 45.4308395385742 45.5682048797607 45.2352628707886 45.3365993499756 45.5323696136475 45.391152381897 45.489953994751 45.7190113067627 45.6495065689087 45.8138542175293 45.6291742324829 45.7632827758789 45.5134782791138 45.2540864944458
-9999 -9999 -9999 -9999 -9999 -9999 -9999 -9999 -9999 -9999 -9999 -9999 -9999 -9999 -9999 -9999 -9999 -9999 44.88010597229 44.974925994873 45.0332679748535 45.2067060470581 45.3727216720581 45.3824377059937 44.9248714447021 44.9319276809692 45.1162538528442 45.0839548110962 45.3579568862915 45.5949020385742 45.5690984725952 46.0002002716064 45.5408906936646 45.7314262390137 45.6059122085571 45.6609592437744 45.9176368713379 45.5667238235474 45.5933475494385 45.5309610366821 45.4556560516357 45.213680267334 45.4171180725098 45.426812171936 45.6159820556641 45.5247526168823 45.7668123245239 45.434720993042 45.4993486404419 45.3986396789551
-9999 -9999 -9999 -9999 -9999 -9999 -9999 -9999 -9999 -9999 -9999 -9999 -9999 -9999 -9999 -9999 -9999 -9999 -9999 -9999 44.7927322387695 44.7888927459717 45.097448348999 44.8796100616455 44.8499212265015 44.5155200958252 44.4278612136841 44.9289560317993 44.9315414428711 45.3265132904053 45.4398031234741 45.5418796539307 45.7994470596313 45.8230619430542 45.7112197875977 45.702356338501 45.5313482284546 45.4427270889282 45.5294551849365 45.3404302597046 45.6390686035156 45.641884803772 45.6687688827515 45.4644861221313 45.6043043136597 45.6068449020386 45.9113922119141 45.3549861907959 45.2338485717773 45.142240524292
-9999 -9999 -9999 -9999 -9999 -9999 -9999 -9999 -9999 -9999 -9999 -9999 -9999 -9999 -9999 -9999 -9999 -9999 -9999 -9999 44.3106908798218 44.5310144424438 44.7398529052734 44.6879625320435 44.610857963562 44.2099456787109 44.1923961639404 44.5934734344482 45.0397090911865 45.1233901977539 45.3704319000244 45.7755823135376 45.7350311279297 45.7820978164673 45.6724271774292 45.9753608703613 45.802565574646 45.624773979187 45.4912204742432 45.5681867599487 45.7038536071777 45.8331985473633 45.6885852813721 45.5670804977417 45.5631828308105 45.5137596130371 45.2661867141724 45.0819311141968 44.9093308448792 44.8146200180054
-9999 -9999 -9999 -9999 -9999 -9999 -9999 -9999 -9999 -9999 -9999 -9999 -9999 -9999 -9999 -9999 -9999 -9999 -9999 -9999 45.1553421020508 45.1845817565918 44.9160823822021 45.0590076446533 44.5277767181396 44.4041013717651 44.4055376052856 44.5676012039185 45.214879989624 45.2784624099731 45.2811374664307 45.4103784561157 45.5306024551392 45.5261945724487 45.2411861419678 45.4968338012695 45.6176090240479 45.5454292297363 45.5111274719238 45.8869619369507 45.6383104324341 45.6210851669312 45.9252338409424 45.6299448013306 45.5606994628906 45.6054344177246 45.6967439651489 45.1077084541321 44.9689564704895 44.4492292404175
-9999 -9999 -9999 -9999 -9999 -9999 -9999 -9999 -9999 -9999 -9999 -9999 -9999 -9999 -9999 -9999 -9999 -9999 -9999 -9999 44.568244934082 45.0781373977661 45.2547855377197 45.2635316848755 45.0355978012085 44.600248336792 44.8999681472778 44.8853988647461 45.0167064666748 45.5657577514648 45.4554920196533 45.5439748764038 45.3993911743164 45.6033611297607 45.6351003646851 45.8441982269287 45.850152015686 45.7029008865356 45.6867532730103 45.8348016738892 45.8108377456665 45.7205400466919 45.7396221160889 45.8383655548096 46.1533012390137 45.8230390548706 45.5620279312134 45.4738054275513 44.9394149780273 44.6988787651062
-9999 -9999 -9999 -9999 -9999 -9999 -9999 -9999 -9999 -9999 -9999 -9999 -9999 -9999 -9999 -9999 -9999 -9999 -9999 -9999 -9999 -9999 44.5062007904053 44.8500709533691 44.9082489013672 44.9518346786499 45.3266553878784 45.0061540603638 45.0949802398682 44.8729476928711 45.2865285873413 45.453125 45.5816030502319 45.6134767532349 45.4893531799316 45.901086807251 45.7959537506104 45.6689262390137 46.053147315979 46.2467041015625 46.1200323104858 46.1728782653809 45.8574275970459 46.3517427444458 46.03821849823 46.2383165359497 46.190465927124 45.7692527770996 45.4616718292236 44.8586721420288
-9999 -9999 -9999 -9999 -9999 -9999 -9999 -9999 -9999 -9999 -9999 -9999 -9999 -9999 -9999 -9999 -9999 -9999 -9999 -9999 44.9211988449097 44.7107362747192 44.7369604110718 45.039665222168 44.9582862854004 45.0952615737915 45.2858276367188 45.4936275482178 45.7347755432129 45.9666957855225 45.9804286956787 45.8483171463013 45.7563829421997 45.8758239746094 46.0439834594727 45.764835357666 46.0325012207031 45.9147329330444 45.7186660766602 45.8524188995361 46.1356582641602 46.1261787414551 46.1098461151123 46.3152294158936 46.3312759399414 46.2967672348022 46.1263227462769 45.7768774032593 45.3923873901367 45.0582704544067
-9999 -9999 -9999 -9999 -9999 -9999 -9999 -9999 -9999 -9999 -9999 -9999 -9999 -9999 -9999 -9999 -9999 -9999 -9999 44.4988040924072 44.5228128433228 44.8876152038574 44.7748155593872 45.1710042953491 45.42444896698 45.4463272094727 45.5763206481934 45.6778707504272 45.8353824615479 46.0137023925781 45.7535705566406 46.1241836547852 46.0640649795532 45.8886413574219 45.8317193984985 45.8853168487549 45.9051742553711 45.9033041000366 46.2207918167114 46.3296031951904 46.0549697875977 46.0863285064697 46.2054901123047 46.4420766830444 46.4359874725342 46.581130027771 46.3604202270508 46.2354869842529 45.5696849822998 45.0811824798584
-9999 -9999 -9999 -9999 -9999 -9999 -9999 -9999 -9999 -9999 -9999 -9999 -9999 -9999 -9999 -9999 -9999 -9999 -9999 -9999 44.5869522094727 44.564980506897 45.0795116424561 45.1750574111938 45.9626512527466 45.8407497406006 46.0302324295044 46.4947357177734 46.5827188491821 46.1411323547363 46.4848976135254 46.225076675415 46.1856422424316 46.1010227203369 45.9501323699951 45.9508075714111 45.8399438858032 45.9305238723755 45.9073581695557 45.9550828933716 45.7893209457397 45.966121673584 46.2495212554932 46.432505607605 46.4848766326904 46.7280254364014 46.7099189758301 46.4611101150513 46.044207572937 45.6243505477905
-9999 -9999 -9999 -9999 -9999 -9999 -9999 -9999 -9999 -9999 -9999 -9999 -9999 -9999 -9999 -9999 -9999 -9999 -9999 -9999 -9999 44.9769659042358 45.4565467834473 45.8352975845337 46.0710420608521 45.9077053070068 46.5825033187866 46.6034059524536 46.9074239730835 46.9580030441284 46.7882022857666 46.6777896881104 46.1619625091553 45.9487552642822 46.1068134307861 45.9985866546631 45.9008378982544 46.0075283050537 45.9110403060913 45.9796304702759 45.9662895202637 46.2464876174927 46.3997659683228 46.4290866851807 46.3092918395996 46.3746919631958 46.2247686386108 46.5779390335083 46.3660440444946 45.7843627929688
-9999 -9999 -9999 -9999 -9999 -9999 -9999 -9999 -9999 -9999 -9999 -9999 -9999 -9999 -9999 -9999 -9999 -9999 -9999 -9999 -9999 45.3299083709717 45.9146575927734 46.1374769210815 46.4790630340576 46.8183698654175 47.0943517684937 47.0108585357666 46.9030523300171 46.8740158081055 47.1318664550781 46.9474716186523 46.5846672058105 46.3634939193726 46.4197406768799 46.0111961364746 46.2713871002197 45.991268157959 45.7863388061523 45.9373054504395 46.120306968689 46.2482585906982 45.9938163757324 45.8991107940674 46.2962770462036 46.616907119751 46.6789588928223 46.4740467071533 46.1574745178223 46.2709798812866
-9999 -9999 -9999 -9999 -9999 -9999 -9999 -9999 -9999 -9999 -9999 -9999 -9999 -9999 -9999 -9999 -9999 -9999 44.671422958374 -9999 -9999 45.7505054473877 45.7704257965088 46.2224740982056 46.695972442627 46.9562950134277 47.2662048339844 47.1414232254028 47.7231464385986 47.208456993103 47.2468614578247 46.822286605835 46.8068332672119 46.8236675262451 46.7872447967529 46.3694629669189 46.1318387985229 46.1969604492188 45.9223337173462 46.2753343582153 45.7649269104004 45.60498046875 45.8930740356445 46.129599571228 45.8848209381104 46.3174896240234 46.4206132888794 46.2841987609863 45.991904258728 45.9859161376953
-9999 -9999 -9999 -9999 -9999 -9999 -9999 -9999 -9999 -9999 -9999 -9999 -9999 -9999 -9999 -9999 -9999 -9999 -9999 -9999 45.0131978988647 45.419713973999 45.8962097167969 46.3367414474487 46.7041311264038 46.9646635055542 47.1785898208618 47.962513923645 47.6284561157227 47.6690940856934 47.3117618560791 47.4505252838135 47.091254234314 46.9343004226685 46.6993007659912 46.4044694900513 46.2399959564209 46.097972869873 45.9058542251587 45.706226348877 45.7704744338989 45.6962738037109 45.7132759094238 45.652862071991 45.8930521011353 46.0394506454468 45.929009437561 46.0724220275879 45.8044710159302 45.7476806640625
-9999 -9999 -9999 -9999 -9999 -9999 -9999 -9999 -9999 -9999 -9999 -9999 -9999 -9999 -9999 -9999 -9999 -9999 -9999 44.5772790908813 45.0869674682617 45.2856931686401 46.1221351623535 46.3308954238892 46.3800449371338 46.8967771530151 47.4755697250366 47.6961822509766 47.7927541732788 47.584002494812 47.2653818130493 46.9406604766846 46.6742086410522 46.506742477417 46.4958190917969 46.1705617904663 45.8611173629761 45.8947105407715 45.7623605728149 45.4669704437256 45.3942852020264 45.2798762321472 45.0769367218018 45.1069965362549 45.2120962142944 45.6841058731079 45.9565305709839 45.9614572525024 45.6046786308289 45.7062482833862
-9999 -9999 -9999 -9999 -9999 -9999 -9999 -9999 -9999 -9999 -9999 -9999 -9999 -9999 -9999 -9999 -9999 -9999 -9999 -9999 44.8639402389526 45.3925504684448 45.9794025421143 46.6214141845703 46.9240646362305 47.1200494766235 47.4628763198853 47.2594146728516 47.0574474334717 47.2895374298096 46.7788391113281 46.5295114517212 46.2230577468872 45.8230314254761 45.9994859695435 46.0044317245483 45.6566553115845 45.6272850036621 45.6606569290161 45.3947525024414 45.2272381782532 45.4777369499207 45.158637046814 45.4296431541443 45.7207531929016 45.8355507850647 45.9305176734924 45.6825070381165 45.829357624054 45.6559209823608
-9999 -9999 -9999 -9999 -9999 -9999 -9999 -9999 -9999 -9999 -9999 -9999 -9999 -9999 -9999 -9999 -9999 -9999 -9999 -9999 44.8047847747803 44.9365463256836 45.6425514221191 46.0246620178223 46.741250038147 47.2973690032959 47.3243036270142 47.3668041229248 47.2550344467163 46.5353450775146 46.4206027984619 46.4203863143921 46.24241065979 45.8239755630493 46.0195779800415 45.5874481201172 45.4274625778198 45.3066325187683 45.3556852340698 44.8887991905212 45.0461053848267 44.8926239013672 45.2411904335022 45.2890424728394 45.6342506408691 45.6879982948303 45.6775612831116 45.6707444190979 45.7220916748047 45.4687833786011
-9999 -9999 -9999 -9999 -9999 -9999 -9999 -9999 -9999 -9999 -9999 -9999 -9999 -9999 -9999 -9999 -9999 -9999 -9999 -9999 -9999 44.9152755737305 45.6161212921143 45.9229917526245 46.155571937561 46.4964809417725 47.0263662338257 46.6371402740479 46.6434526443481 46.1678562164307 46.0233240127563 46.0275497436523 46.0094528198242 45.6412334442139 45.5238227844238 45.3555583953857 45.3176774978638 44.8250026702881 45.0539407730103 44.7513656616211 44.3621206283569 44.5864505767822 44.9819831848145 45.1682696342468 45.4992341995239 45.5371580123901 45.5602283477783 45.5073776245117 45.6834058761597 45.6702065467834
-9999 -9999 -9999 -9999 -9999 -9999 -9999 -9999 -9999 -9999 -9999 -9999 -9999 -9999 -9999 -9999 -9999 -9999 43.9136333465576 44.1013536453247 44.5881757736206 44.756368637085 45.0148887634277 45.4405384063721 45.9854679107666 46.1425170898438 46.2387037277222 46.4658327102661 45.8682165145874 45.7876138687134 45.8709306716919 45.5806312561035 45.3473854064941 45.3307332992554 45.1973276138306 45.0418272018433 44.9431753158569 44.8137464523315 44.73224401474 44.7491044998169 44.5726943016052 44.6960368156433 44.8802947998047 44.9730176925659 45.1490406990051 45.2141652107239 45.2114315032959 45.2131667137146 45.3539118766785 45.6554465293884
-9999 -9999 -9999 -9999 -9999 -9999 -9999 -9999 -9999 -9999 -9999 -9999 -9999 -9999 -9999 -9999 -9999 -9999 43.9521713256836 44.1030797958374 44.2834424972534 44.4243402481079 44.8895034790039 45.1347103118896 45.4429712295532 45.5636014938354 46.0303678512573 45.8160676956177 45.8369674682617 45.5572957992554 45.688666343689 45.3039283752441 44.9960060119629 45.0317621231079 44.6717967987061 44.7217874526978 44.9804782867432 44.767692565918 44.6976747512817 44.4962182044983 44.4718046188354 44.3729305267334 44.5704126358032 44.9192762374878 44.9188079833984 45.0956926345825 45.1802954673767 45.1147699356079 45.4774389266968 45.2461109161377
-9999 -9999 -9999 -9999 -9999 -9999 -9999 -9999 -9999 -9999 -9999 -9999 -9999 -9999 -9999 -9999 -9999 43.497166633606 -9999 -9999 43.7428684234619 44.401927947998 44.6101760864258 44.8565969467163 44.9745206832886 45.2757978439331 45.4049301147461 45.2868566513062 45.6677141189575 45.2969970703125 45.0224485397339 44.5210695266724 44.6178636550903 44.6455717086792 44.3742074966431 44.2564158439636 44.2680130004883 44.3209476470947 44.3981256484985 44.1743488311768 43.875518321991 43.7589330673218 44.2527413368225 44.6889028549194 44.8792052268982 44.6518788337708 45.0524320602417 45.247492313385 45.245433807373 45.2436323165894
-9999 -9999 -9999 -9999 -9999 -9999 -9999 -9999 -9999 -9999 -9999 -9999 -9999 -9999 -9999 -9999 -9999 43.2325782775879 -9999 43.2988653182983 43.8161554336548 44.0455474853516 44.1132612228394 44.5708255767822 44.92063331604 44.9651956558228 45.0536880493164 45.252649307251 44.966287612915 44.4650011062622 44.59690284729 44.337215423584 44.3487777709961 44.3843207359314 44.4264168739319 44.3404817581177 44.1096057891846 44.4035043716431 44.1848931312561 44.0364575386047 44.045126914978 43.9046912193298 44.0164413452148 44.1806082725525 44.2887492179871 44.7682156562805 44.8702549934387 44.8672585487366 45.4210171699524 45.27117395401
