data/spatiotemp/temp2/bio17_norsw_test_2007_2010.asc
NCOLS 654 
NROWS 380 
XLLCORNER 3.91666666666667 
YLLCORNER 55.3333333333333 
CELLSIZE 0.0416666666666667 
NODATA_value -9999 
[rows 220 to 241 of 380, columns 450 to 499 of 654]
84.7838001251221 85.3166465759277 84.7926940917969 86.2461681365967 86.2757148742676 87.0902214050293 87.1196022033691 85.8256340026855 85.7190647125244 86.6645088195801 87.395206451416 86.5404872894287 87.8913249969482 88.4668979644775 88.5565490722656 88.44020652771 88.4124221801758 87.230712890625 87.113468170166 86.8963356018066 86.7646770477295 85.8555755615234 83.6782703399658 84.5359554290771 83.7282409667969 82.8524761199951 81.3742246627808 82.3415031433105 81.8034048080444 81.5775032043457 81.0486669540405 79.3703136444092 79.3131084442139 79.749098777771 78.3603763580322 78.7362909317017 78.0178127288818 78.2728023529053 78.516902923584 76.8609924316406 76.7861795425415 73.9531497955322 72.0975465774536 71.2439756393433 70.6853227615356 69.9088325500488 71.4085702896118 72.004376411438 72.2230415344238 72.9163827896118
86.2252769470215 86.2138004302979 84.9849643707275 86.6291370391846 86.7154655456543 86.8445377349854 86.8720169067383 87.1491374969482 86.6346378326416 86.6618919372559 87.9302577972412 86.5264225006104 87.1876697540283 87.911922454834 87.9156455993652 88.5320625305176 90.1045837402344 89.1097316741943 89.0889759063721 88.8777179718018 88.0510959625244 86.5952548980713 84.4251117706299 84.4058856964111 84.9417915344238 83.4854335784912 82.8955764770508 82.9888458251953 80.8216676712036 80.0996065139771 79.8771419525146 79.2596855163574 78.9428539276123 79.8973541259766 80.0755481719971 81.0155630111694 79.7217216491699 80.0920696258545 80.2191486358643 79.3623027801514 78.6096153259277 76.6888818740845 75.1205129623413 73.5782995223999 74.0041418075562 73.2289657592773 72.6481981277466 71.7885255813599 73.0808153152466 73.5870761871338
86.9646968841553 86.9438648223877 87.9266967773438 87.9535083770752 86.3693656921387 88.0071220397949 87.4928588867188 86.7098140716553 86.6333618164062 86.6592712402344 88.0303573608398 88.2174854278564 88.7889842987061 88.7270584106445 89.3695068359375 89.2533226013184 88.7810516357422 88.0725631713867 87.8680210113525 89.1011505126953 88.2871475219727 87.529203414917 86.9136142730713 85.1279907226562 83.5233554840088 82.6617870330811 82.6972579956055 82.8695011138916 81.6068334579468 79.9011564254761 79.6948413848877 79.208909034729 80.0447082519531 80.1233549118042 80.3946847915649 80.867826461792 83.1124687194824 83.4826574325562 83.4158754348755 81.975775718689 81.2382783889771 78.329231262207 77.456226348877 77.1845331192017 77.1164579391479 74.9710264205933 75.191632270813 74.9355907440186 74.1676549911499 74.0871210098267
87.9779148101807 88.5718593597412 88.7637481689453 88.3392219543457 88.0836601257324 87.8139705657959 86.6852283477783 86.7100124359131 86.4388008117676 87.3030471801758 88.1845436096191 87.5103187561035 87.5351047515869 88.2579135894775 88.8146743774414 88.7059650421143 88.5078411102295 88.5921821594238 88.5875301361084 90.0232181549072 88.5782241821289 86.9747581481934 86.083194732666 85.4758281707764 84.5298023223877 83.0369892120361 81.4398937225342 81.2257318496704 81.9755916595459 82.0618190765381 79.9904441833496 80.8623142242432 81.2484169006348 82.2221946716309 83.1781940460205 83.8367576599121 84.2272539138794 85.2055473327637 85.4630832672119 83.9383306503296 81.8016910552979 80.8614625930786 79.2980241775513 78.1376085281372 76.7036828994751 76.0504493713379 76.180103302002 76.2127475738525 76.3423862457275 76.0716857910156
89.9329624176025 89.8935947418213 90.2710037231445 88.9527416229248 88.3685131072998 88.1978511810303 86.5938854217529 86.7102108001709 86.4358329772949 86.562162399292 86.585636138916 86.60910987854 86.5288486480713 88.1581630706787 87.3663444519043 87.1766242980957 87.8175754547119 88.8183250427246 88.9114017486572 89.611988067627 89.3158874511719 87.8248481750488 87.028938293457 85.2559356689453 83.1099109649658 83.0250701904297 82.5786075592041 82.1123542785645 81.5084505081177 80.9967031478882 81.0876760482788 81.7436590194702 82.1259756088257 83.2174024581909 84.576847076416 85.5735816955566 85.8647537231445 86.9606037139893 86.3332252502441 85.6694602966309 83.8405475616455 81.6070079803467 79.5772504806519 77.8403596878052 78.7727928161621 77.8196258544922 77.2674932479858 76.5082139968872 77.0157833099365 77.1508388519287
90.2476806640625 92.4319553375244 91.1765975952148 89.5940685272217 87.6353397369385 87.7460231781006 86.8749580383301 87.9449596405029 87.0641918182373 86.4547920227051 85.843843460083 85.6684551239014 86.3240756988525 87.693078994751 87.7105579376221 87.9160995483398 88.1251106262207 89.4386901855469 88.8482990264893 89.5012187957764 88.7658672332764 88.6731910705566 86.9052600860596 84.7655811309814 83.9770545959473 82.8017063140869 81.4083852767944 81.5049247741699 81.6935119628906 81.9873733520508 82.6481800079346 82.0501194000244 83.0475749969482 84.6101856231689 85.6134338378906 86.0085277557373 86.1109199523926 86.3129100799561 85.92041015625 83.9869070053101 83.6290187835693 81.4060525894165 79.7689085006714 79.6057424545288 79.7591791152954 78.9926385879517 79.0379133224487 77.4929494857788 78.1152219772339 77.2491073608398
91.1973724365234 91.4316577911377 90.6725940704346 88.4477462768555 88.3563709259033 87.7654895782471 88.120002746582 87.1272830963135 87.8419075012207 86.8048839569092 86.5292778015137 86.2389259338379 86.1611862182617 86.8727016448975 87.2779216766357 87.3855075836182 88.1510982513428 89.3207988739014 88.6911869049072 88.7102603912354 88.8192119598389 87.7478809356689 86.2732925415039 86.0973472595215 83.8725128173828 81.5399169921875 82.6544609069824 81.4971933364868 81.6863260269165 81.7838344573975 82.5387172698975 82.0418825149536 83.0306262969971 83.3288898468018 84.3055877685547 84.4079351425171 86.1120376586914 85.6396884918213 83.734206199646 82.7851161956787 81.3524036407471 82.3033571243286 80.0684032440186 79.9159593582153 79.9618921279907 79.4293584823608 79.3648700714111 77.5018558502197 77.6441736221313 76.7787733078003
87.6332626342773 89.2888145446777 89.1568946838379 89.2485103607178 88.3335990905762 87.7805309295654 88.3133678436279 88.392406463623 87.4454555511475 86.731782913208 86.632396697998 86.3197803497314 86.7681064605713 86.7586631774902 86.8704662322998 87.7929630279541 87.9069919586182 87.9314441680908 87.9558925628662 89.5656814575195 88.7939147949219 87.4166984558105 85.6866035461426 83.464973449707 83.558126449585 82.8792839050293 82.1822547912598 80.1766271591187 80.9582195281982 80.4548501968384 81.2376890182495 82.3360891342163 83.0923585891724 83.3869152069092 83.0207862854004 83.9825382232666 83.982611656189 84.3864946365356 84.0531272888184 83.6221342086792 81.3885822296143 81.4340791702271 80.6785106658936 80.6258392333984 79.8944549560547 79.1252126693726 77.7937059402466 77.5279397964478 77.5712442398071 77.6145544052124
87.4075927734375 87.1283302307129 87.5303363800049 87.8047313690186 87.5580501556396 87.5271854400635 87.4963283538818 87.4654674530029 86.888219833374 86.8567142486572 86.6252632141113 86.4903736114502 86.170223236084 86.2482490539551 86.5497760772705 88.4270896911621 88.5466899871826 87.2794380187988 88.8947887420654 88.327766418457 88.4483661651611 86.5894165039062 85.1629066467285 83.8994483947754 81.7717571258545 82.2088308334351 80.3074989318848 80.0581922531128 78.9779119491577 79.6286764144897 80.417552947998 80.7053356170654 81.4568929672241 82.4492197036743 82.7392311096191 83.9361352920532 83.4554061889648 83.4489011764526 83.5169267654419 82.8589382171631 81.327033996582 81.6799440383911 81.050274848938 80.0807008743286 79.9249610900879 80.5763359069824 79.3368520736694 77.8637189865112 77.8083429336548 77.9485273361206
85.4310302734375 85.4808502197266 85.4356784820557 85.5900859832764 86.3376731872559 87.1931266784668 86.5835571289062 85.9853553771973 85.9337196350098 87.2249870300293 87.1731357574463 86.2810878753662 86.2291526794434 84.686071395874 86.2769470214844 86.3108978271484 86.3448505401611 89.0170497894287 89.7523517608643 90.7375564575195 88.4220523834229 86.6586647033691 84.3379974365234 82.681095123291 81.5610113143921 81.5021228790283 80.1004695892334 79.1781139373779 78.8523101806641 78.934910774231 79.4178247451782 80.174952507019 81.529839515686 83.2080755233765 83.6026926040649 82.3071241378784 81.8200082778931 81.213324546814 81.2769641876221 80.6152057647705 81.9387226104736 81.3089075088501 80.6462211608887 80.1128358840942 80.0577592849731 79.5234985351562 78.0815448760986 78.798285484314 78.9379444122314 79.247350692749
83.2329654693604 83.8001441955566 84.0447750091553 85.0857124328613 85.7670421600342 85.6951217651367 85.4183979034424 85.3471832275391 85.2759647369385 86.6449394226074 85.8205642700195 85.657958984375 86.1374111175537 84.466817855835 84.5093154907227 85.101583480835 87.1348190307617 89.0643138885498 88.2065448760986 89.792875289917 88.5782146453857 86.7279033660889 84.9689178466797 81.9995050430298 79.680006980896 79.4250745773315 79.1907558441162 77.2910003662109 78.3625106811523 78.8050880432129 78.1811485290527 78.5663356781006 80.2113246917725 81.2911825180054 81.4804353713989 81.2656602859497 79.9607772827148 80.2402687072754 80.3119812011719 80.0766515731812 80.5955686569214 80.3394784927368 79.8056526184082 80.0474243164062 80.1864128112793 80.1302728652954 79.3946180343628 79.533350944519 79.6432256698608 79.7820463180542
81.9230690002441 81.8895206451416 83.3906574249268 84.2155799865723 84.1249313354492 84.1251277923584 83.9436321258545 84.4030208587646 84.4038772583008 85.3271389007568 83.5810394287109 84.837215423584 85.6445922851562 84.7640342712402 83.8391571044922 83.3284816741943 85.1692371368408 85.8603191375732 87.5590038299561 88.3055419921875 87.1839542388916 85.1395645141602 83.631555557251 81.7691640853882 80.7723007202148 79.386646270752 77.2948770523071 76.5727310180664 76.6328277587891 77.2711124420166 78.4506673812866 79.4263124465942 79.9625701904297 79.4456996917725 79.6523885726929 80.6342964172363 79.4313144683838 79.5057144165039 80.0396423339844 80.2806596755981 80.4299058914185 79.7983016967773 78.5550489425659 79.2674112319946 80.0164785385132 79.9592399597168 80.0970029830933 79.4273042678833 80.0437545776367 80.1815881729126
80.5446767807007 82.2421894073486 83.715539932251 84.365442276001 83.6326713562012 83.5228881835938 84.1234798431396 84.0124244689941 83.9013748168945 82.7750415802002 83.2191162109375 83.9186515808105 83.8090915679932 83.5954723358154 84.3700275421143 83.6259632110596 83.2102642059326 85.1146125793457 85.1638221740723 84.9074878692627 83.3577728271484 81.247371673584 80.3971738815308 79.6826629638672 78.1282997131348 77.7743139266968 77.0397109985352 76.406720161438 75.9117250442505 76.7473316192627 77.8121738433838 78.7889738082886 78.8601322174072 79.2041006088257 79.4988956451416 78.5139865875244 77.7681541442871 78.6696672439575 78.2203016281128 79.444296836853 79.1104030609131 79.1491136550903 79.3942384719849 80.2092409133911 80.3457889556885 80.3849992752075 79.6157941818237 80.0287561416626 80.0678310394287 79.3950881958008
80.7995262145996 82.5041999816895 82.3348350524902 82.5124645233154 83.8519115447998 83.4075660705566 83.5918254852295 83.1496467590332 82.6794147491455 82.4495067596436 82.519172668457 82.1971645355225 81.6079120635986 82.3759002685547 83.699089050293 83.8451042175293 83.806396484375 83.1662406921387 83.3122520446777 81.7677431106567 81.0593490600586 80.5213527679443 79.5636491775513 77.6535081863403 78.4003429412842 75.9785490036011 76.0356025695801 75.7790040969849 75.2787761688232 75.6393547058105 75.7043313980103 75.7693061828613 78.313458442688 78.5814561843872 78.7558355331421 77.5429353713989 78.3055601119995 78.2050485610962 78.4579124450684 78.1849966049194 78.3308706283569 79.8546266555786 80.094292640686 80.3386135101318 80.3766937255859 80.9894123077393 81.2297286987305 80.4909410476685 79.4066562652588 79.5417108535767
81.1579608917236 81.9545192718506 81.8689498901367 81.6200942993164 82.5080223083496 81.4333095550537 81.3803071975708 80.8291854858398 81.3947658538818 80.5412664413452 80.2573289871216 81.0140714645386 83.1176624298096 81.6228265762329 81.3302621841431 82.7802820205688 82.2510986328125 82.0026512145996 81.4723663330078 81.6229944229126 79.7224082946777 79.7783555984497 78.3400106430054 76.9147853851318 76.969108581543 75.9169006347656 74.3096628189087 74.3698568344116 74.7383947372437 75.5054950714111 75.7681856155396 75.4879665374756 76.3635244369507 77.6291885375977 77.8930397033691 76.8130292892456 77.7553606033325 77.1058683395386 76.5699338912964 77.1896381378174 76.9512586593628 78.2919893264771 78.3280162811279 78.6755504608154 79.2856779098511 80.3351011276245 79.0840501785278 78.9178218841553 78.751501083374 78.2760200500488
81.8623180389404 81.8911876678467 81.2979946136475 79.759373664856 80.9164142608643 80.7089357376099 79.8334283828735 80.2927360534668 80.130931854248 79.6567163467407 78.8821926116943 80.1917676925659 80.7215185165405 81.3192501068115 81.3612689971924 81.2211751937866 81.5785388946533 80.2922019958496 80.3532562255859 78.6151609420776 78.5812997817993 77.9483098983765 75.9383726119995 75.9963083267212 75.4894742965698 74.5328493118286 73.0308465957642 73.7820386886597 73.910044670105 75.2414894104004 76.0909128189087 76.3621435165405 75.8502998352051 75.0895748138428 76.5548639297485 76.7181053161621 76.9775695800781 76.6673259735107 76.6045970916748 76.5419158935547 76.5759916305542 76.0372219085693 77.0528345108032 77.0871725082397 77.1215105056763 77.1558475494385 77.190185546875 77.8190469741821 77.8536920547485 77.8883447647095
80.5259532928467 80.5059099197388 80.6277866363525 80.4947538375854 80.3133382797241 79.6265735626221 80.0038948059082 79.7206964492798 79.5415182113647 79.1526937484741 79.5333023071289 79.4494495391846 79.2722568511963 79.095067024231 79.2414207458496 79.1037645339966 80.8559160232544 80.3376054763794 79.3924999237061 78.0018291473389 77.1828804016113 77.0942602157593 76.1009464263916 75.7600107192993 74.5954790115356 73.6190242767334 73.5797491073608 73.6313400268555 73.5757007598877 73.261869430542 74.1297540664673 74.3845615386963 75.0264358520508 75.1402101516724 76.602240562439 75.9883871078491 76.2440462112427 76.2967195510864 76.4361352920532 76.6722965240479 75.6956281661987 76.9416399002075 75.6438302993774 76.9466485977173 77.1703033447266 77.1833076477051 77.8102207183838 77.2704572677612 77.6737146377563 77.1335926055908
80.2198209762573 79.3310422897339 79.2554235458374 80.4655733108521 80.3170022964478 79.4661846160889 79.2154932022095 78.9435930252075 79.3079109191895 79.8237724304199 79.0577745437622 77.9477319717407 77.1708965301514 78.2428760528564 77.4793739318848 78.4366083145142 77.7403707504272 79.3720321655273 78.8581838607788 78.6190509796143 76.8341073989868 76.9962291717529 74.8025560379028 75.2653903961182 75.2356252670288 74.284010887146 73.6574411392212 72.9338245391846 72.8401212692261 73.028434753418 73.0757360458374 72.5536441802979 74.0701656341553 74.4174423217773 75.2857732772827 76.0320262908936 75.5700464248657 75.9183673858643 75.0868740081787 75.6899375915527 75.7215194702148 75.3849658966064 75.5132160186768 75.5447769165039 76.1689205169678 76.897554397583 77.0389404296875 76.4983329772949 77.1239719390869 77.3603544235229
79.4546518325806 79.4494171142578 79.3727512359619 79.8763704299927 79.1701879501343 78.9179220199585 79.2997188568115 78.509316444397 76.7234573364258 76.5224857330322 76.1212005615234 76.398398399353 76.3037748336792 76.1150417327881 76.1550569534302 77.6861543655396 77.7480754852295 77.810001373291 77.6072616577148 78.2329092025757 77.4309120178223 76.3321533203125 76.392352104187 76.4525527954102 74.9085350036621 74.6682329177856 73.0368146896362 72.1954479217529 72.3360252380371 72.070029258728 70.6575613021851 72.2062110900879 72.8622198104858 73.8074836730957 74.0570125579834 74.4142951965332 75.0499200820923 74.3979377746582 73.514573097229 75.056079864502 75.0860576629639 75.116039276123 75.8638849258423 75.2849006652832 76.1302556991577 76.8605604171753 76.8912553787231 77.1286087036133 77.3640937805176 77.1904764175415
79.5200004577637 79.5125064849854 79.5342178344727 79.3982534408569 79.2622890472412 79.02210521698 77.2644948959351 77.028920173645 76.4371347427368 75.0539484024048 74.9271202087402 75.1126852035522 74.7248916625977 74.2049951553345 74.901463508606 76.347731590271 77.160400390625 78.0177984237671 77.3946666717529 76.2411823272705 75.6252107620239 75.6683158874512 75.7114162445068 75.1880626678467 74.9198808670044 74.1725254058838 74.6887941360474 74.1662902832031 73.1100540161133 71.4475946426392 70.6109266281128 71.6497068405151 73.5129270553589 74.3437643051147 75.4064874649048 76.0416193008423 74.7998418807983 74.8455657958984 74.678014755249 73.5055990219116 74.2406139373779 74.9679336547852 75.9204740524292 75.9491567611694 76.0869083404541 76.1157493591309 76.9417409896851 77.6402006149292 77.6695308685303 77.1264762878418
79.5853471755981 79.5755977630615 79.5087280273438 78.4429159164429 77.7207136154175 78.0551986694336 77.3770055770874 75.5318536758423 76.0693187713623 75.196572303772 74.8206443786621 74.4531412124634 73.6091423034668 74.0428953170776 74.0839529037476 75.7907495498657 76.0270986557007 76.0547456741333 76.8745059967041 76.3172626495361 76.3445453643799 75.806809425354 75.8334608078003 75.293833732605 75.8867626190186 76.4809551239014 76.3625507354736 76.4093294143677 74.8440322875977 74.8897390365601 74.4625196456909 74.4117116928101 74.360800743103 75.1987361907959 75.8011827468872 75.5458650588989 75.4841613769531 74.810507774353 74.8466672897339 72.6788053512573 73.3731660842896 74.4338426589966 75.2562475204468 74.711462020874 76.1404323577881 76.759238243103 76.992223739624 77.019871711731 77.6196279525757 77.8544187545776
80.2080402374268 80.3004093170166 80.332142829895 79.078465461731 78.367992401123 76.5641193389893 76.4582033157349 75.7458324432373 75.4434986114502 74.2102670669556 74.3381175994873 73.415135383606 73.0640363693237 73.1402235031128 74.3270282745361 75.2633905410767 75.2743015289307 76.2568883895874 76.268256187439 76.2796239852905 75.9351024627686 76.530179977417 77.2550649642944 77.9371795654297 78.154369354248 78.1648483276367 79.7889289855957 79.8373908996582 79.1693849563599 78.3361988067627 77.9462327957153 77.2755060195923 76.6561794281006 77.8595552444458 77.3363409042358 76.1171636581421 75.1402006149292 75.7988090515137 74.9072399139404 73.0388059616089 72.9666872024536 73.7683973312378 75.2144565582275 75.2398519515991 74.7905149459839 74.9251279830933 76.4512901306152 77.7378263473511 78.335976600647 77.7902688980103
