data/spatiotemp/temp2/bio17_norsw_test_2007_2010.asc
NCOLS 654 
NROWS 380 
XLLCORNER 3.91666666666667 
YLLCORNER 55.3333333333333 
CELLSIZE 0.0416666666666667 
NODATA_value -9999 
[rows 286 to 307 of 380, columns 250 to 299 of 654]
115.030714035034 114.145038604736 112.472995758057 114.822839736938 114.182193756104 117.373594284058 118.051057815552 120.61791229248 122.97114944458 120.82134437561 120.01727104187 115.631036758423 113.712213516235 112.074861526489 111.240255355835 109.112958908081 108.390617370605 107.566219329834 107.629404067993 106.336610794067 104.221399307251 102.763277053833 99.9989013671875 99.0155258178711 98.956636428833 97.8593864440918 96.0908851623535 96.6102046966553 96.5526733398438 95.91916847229 95.6514930725098 94.5580348968506 93.7164478302002 93.0855751037598 93.2604064941406 92.5540256500244 91.1416969299316 88.6962547302246 86.9622440338135 86.1283512115479 83.6885509490967 83.5682907104492 82.9871158599854 83.8034133911133 84.2719650268555 85.5613460540771 85.6095447540283 86.6927375793457 87.2618350982666 88.5493202209473
111.460990905762 110.393659591675 112.067422866821 112.67858505249 116.074062347412 117.514888763428 118.159513473511 117.094310760498 119.389945983887 115.506704330444 110.730331420898 110.756303787231 110.619504928589 110.007207870483 108.514987945557 107.821573257446 106.415416717529 105.458648681641 105.014944076538 103.140188217163 101.040710449219 98.5597724914551 97.6302375793457 96.4368228912354 96.3765411376953 96.3162593841553 95.6808280944824 97.228630065918 96.5933837890625 95.2933044433594 95.026741027832 94.6001052856445 92.7294120788574 92.8766422271729 93.558967590332 90.3575878143311 89.5398979187012 88.149341583252 87.2200222015381 86.7488670349121 86.7587985992432 85.1666984558105 85.1769561767578 86.7885913848877 86.7005977630615 86.6107730865479 86.8283176422119 88.1120357513428 90.8187961578369 91.721155166626
109.460517883301 108.525190353394 111.639141082764 112.254632949829 113.437866210938 114.681591033936 113.380165100098 112.07622718811 109.268115997314 107.075975418091 108.223262786865 109.061008453369 108.920415878296 108.37593460083 107.96081161499 105.638154983521 105.287422180176 104.47737121582 102.624317169189 101.454532623291 100.611474990845 97.2314720153809 95.2749309539795 96.0333309173584 95.3964900970459 96.9359283447266 95.8442249298096 96.6982650756836 95.5135459899902 94.8781757354736 93.78857421875 94.7536067962646 92.8898601531982 92.1423511505127 91.7538795471191 90.7536659240723 89.3831481933594 89.2981853485107 87.9290542602539 87.9563484191895 86.385498046875 85.3876876831055 87.0132427215576 88.0655384063721 88.9148368835449 90.5397567749023 90.1918296813965 89.1525726318359 89.4092807769775 89.9644432067871
107.204923629761 108.16974067688 110.418575286865 110.533569335938 111.0726146698 109.747636795044 110.332214355469 108.332611083984 106.389572143555 105.829599380493 106.75638961792 108.27626991272 107.337837219238 106.931934356689 106.33048248291 105.708299636841 103.71508026123 102.772968292236 101.960983276367 101.135917663574 100.091833114624 99.7889633178711 97.6393604278564 96.5482177734375 98.5297966003418 100.930353164673 100.086269378662 100.791316986084 98.9258365631104 98.6567192077637 96.9951858520508 96.9278411865234 96.2895011901855 95.3983192443848 93.7953853607178 92.2493495941162 91.7246208190918 90.7492237091064 89.0033397674561 89.0491943359375 87.5011005401611 86.5248699188232 87.7922039031982 88.8600158691406 89.3813953399658 89.2257633209229 89.0883598327637 87.4031505584717 88.3030242919922 89.0035438537598
107.499158859253 110.34351348877 110.231996536255 110.116739273071 110.620729446411 107.15026473999 106.834833145142 106.523868560791 104.700199127197 106.095470428467 105.976675033569 107.093982696533 105.716730117798 105.310764312744 105.577899932861 106.048065185547 103.76117515564 103.816026687622 101.94900894165 101.017234802246 101.681941986084 101.97354888916 100.859983444214 100.787706375122 99.7996158599854 99.7281246185303 99.6566314697266 99.386100769043 98.7455444335938 97.6569213867188 97.7830677032471 97.1421813964844 96.0537166595459 94.2022132873535 92.613712310791 92.6794834136963 91.1574993133545 91.2227687835693 90.2701072692871 89.7640743255615 88.2391166687012 87.38796043396 89.042028427124 89.105863571167 89.7926349639893 90.2300567626953 91.7915019989014 89.9778881072998 88.168062210083 88.2407894134521
104.650022506714 109.561130523682 110.457054138184 111.802394866943 112.271409988403 109.419918060303 105.267559051514 105.599550247192 106.258188247681 106.117414474487 105.912891387939 106.046436309814 106.996166229248 107.27631187439 108.140018463135 108.711133956909 107.235710144043 106.425380706787 104.758110046387 103.267360687256 104.185983657837 102.561153411865 102.370187759399 103.062389373779 101.303966522217 101.228656768799 101.153345108032 100.882074356079 100.239427566528 99.1518421173096 97.3484058380127 96.7060604095459 95.6193714141846 93.9648723602295 93.9713592529297 92.4762554168701 92.3710136413574 91.8866939544678 90.7652034759521 89.8345794677734 88.4340209960938 88.5160522460938 89.4190826416016 89.9769859313965 89.8620758056641 89.9424152374268 89.9194946289062 88.890417098999 89.7958812713623 89.443733215332
102.706523895264 105.406955718994 110.464418411255 112.410760879517 111.813140869141 109.142766952515 109.572225570679 109.202440261841 109.620134353638 109.839601516724 113.050193786621 111.507301330566 109.702184677124 109.597946166992 106.12135887146 105.331171035767 105.410444259644 105.687397003174 108.31049156189 108.024332046509 109.077331542969 108.117218017578 107.565616607666 105.92991065979 105.849889755249 103.282527923584 103.57611656189 101.922616958618 102.036628723145 102.966260910034 102.320390701294 98.7515602111816 94.9977569580078 95.8271446228027 94.3704395294189 92.7138729095459 92.8183555603027 91.9131965637207 92.0171031951904 90.5407238006592 90.4530563354492 88.880090713501 89.4566345214844 89.5554752349854 89.654317855835 90.3768882751465 90.3637409210205 90.2579784393311 90.6262454986572 90.52001953125
104.831506729126 105.649105072021 107.965444564819 114.680765151978 113.450384140015 109.650039672852 111.54174041748 111.530839920044 111.326665878296 111.984247207642 112.87717628479 110.712919235229 106.615266799927 104.412134170532 103.730541229248 104.015180587769 104.669452667236 105.153318405151 104.869094848633 104.756341934204 105.401556015015 104.980018615723 105.003080368042 104.920301437378 103.639314651489 102.648330688477 101.563529968262 100.010080337524 100.495571136475 100.603302001953 98.7675704956055 96.9345283508301 95.3868637084961 94.3064212799072 92.5793895721436 92.7029762268066 92.8265590667725 91.6601600646973 90.776481628418 91.1959800720215 89.6892280578613 90.195405960083 90.31494140625 90.3394031524658 91.0289306640625 91.7274742126465 91.7243957519531 90.5138740539551 90.4107074737549 90.3075389862061
111.136222839355 113.225946426392 114.435934066772 112.984663009644 113.347360610962 110.190288543701 112.045085906982 110.975175857544 110.353227615356 107.283592224121 107.89959526062 105.93045425415 102.990079879761 101.365522384644 101.648572921753 101.733013153076 101.059553146362 101.342433929443 103.754180908203 103.149089813232 104.389680862427 103.717269897461 103.833177566528 104.343717575073 104.200813293457 104.116710662842 101.937997817993 100.856983184814 99.3064308166504 99.2255115509033 97.5819492340088 95.5994052886963 94.7755794525146 94.1326065063477 92.8280181884766 93.3108425140381 93.4547748565674 92.0305500030518 92.1728973388672 91.7473831176758 91.4046669006348 91.5028591156006 91.1738815307617 91.2902545928955 91.8437824249268 91.4291801452637 91.4361743927002 91.334680557251 91.8049850463867 92.2322597503662
110.591796875 114.954175949097 111.938817977905 110.383430480957 108.314464569092 109.123294830322 111.518526077271 109.370517730713 109.771251678467 107.065029144287 104.088642120361 101.080488204956 99.1032600402832 99.0044727325439 97.6710376739502 97.7627601623535 98.0437564849854 101.707857131958 105.186180114746 106.242574691772 102.733909606934 103.024791717529 103.143842697144 103.660528182983 103.945953369141 103.857734680176 101.869667053223 100.042507171631 100.951042175293 98.9681301116943 98.1417293548584 95.4229259490967 95.1415233612061 93.4014797210693 93.3791790008545 92.5228214263916 92.660587310791 92.2327499389648 91.8034591674805 90.9399852752686 92.0760974884033 92.258960723877 91.8870468139648 91.4521827697754 91.5865573883057 91.7648849487305 91.7824878692627 92.6890354156494 92.5891170501709 93.0148525238037
108.612909317017 106.540069580078 105.044384002686 104.514207839966 104.644559860229 107.777145385742 109.379192352295 110.316963195801 108.528968811035 105.808532714844 103.196640014648 100.407089233398 96.65944480896 94.2922744750977 94.6815738677979 94.4059638977051 96.1138668060303 100.114490509033 104.661111831665 103.885213851929 101.001226425171 103.819681167603 104.432723999023 104.938865661621 105.758140563965 105.591035842896 103.318290710449 102.057096481323 99.5162410736084 97.788932800293 96.537841796875 94.9929466247559 93.7096366882324 93.5130863189697 91.9420890808105 92.0979499816895 91.7441177368164 91.8984279632568 91.4872970581055 91.6407947540283 93.3076171875 93.4639797210693 93.1013622283936 93.256175994873 92.8889122009277 93.0421752929688 93.0700798034668 92.9726123809814 92.8751468658447 93.3001251220703
106.17286491394 103.416994094849 103.167858123779 102.70481300354 102.893375396729 106.931409835815 108.407920837402 108.466403961182 105.723230361938 102.79564666748 96.4556255340576 93.5807914733887 91.4301815032959 90.7794055938721 90.8584079742432 91.9935970306396 95.4270305633545 98.4839630126953 100.385990142822 100.017713546753 101.178939819336 102.111932754517 104.493814468384 104.441600799561 105.256750106812 104.156042098999 101.777944564819 98.3220176696777 97.4412956237793 95.9521369934082 95.7412128448486 95.4604606628418 94.7593307495117 94.0459575653076 93.0459671020508 92.1569519042969 91.7874336242676 91.9611549377441 91.6303768157959 92.3085956573486 93.4762725830078 93.6514930725098 93.3120880126953 92.9777297973633 93.7205028533936 93.8942356109619 95.0138683319092 95.3472003936768 94.7425098419189 94.6461906433105
102.886800765991 103.183174133301 101.635730743408 99.5446586608887 102.854377746582 102.738651275635 105.240303039551 105.208354949951 101.99048614502 95.4738922119141 92.2115173339844 88.3155345916748 88.3175430297852 86.9997692108154 87.259183883667 89.7732257843018 94.774341583252 98.5665531158447 98.861177444458 97.225564956665 96.2466983795166 98.4730796813965 100.021162033081 100.889646530151 102.086015701294 100.11328125 98.4844417572021 96.5049533843994 95.4500923156738 93.923828125 93.6829376220703 94.1729869842529 92.6127319335938 92.8425140380859 92.3490219116211 91.9572372436523 90.6365222930908 90.7433738708496 90.9111709594727 91.0789680480957 92.3185691833496 94.0488929748535 94.2205410003662 93.8787307739258 94.0486946105957 94.2186641693115 95.2589778900146 96.2469482421875 95.6477165222168 94.560094833374
99.0604305267334 99.1931133270264 97.0500202178955 97.1724681854248 100.39161491394 100.471071243286 96.9182167053223 94.5500164031982 90.3195724487305 87.2834129333496 85.5332260131836 85.3987274169922 84.722297668457 84.2209224700928 83.7975158691406 87.1320819854736 89.6433143615723 90.0747413635254 91.1846828460693 91.9903392791748 92.0640449523926 94.6220321655273 95.798189163208 95.6136493682861 96.5567474365234 96.565258026123 96.0154991149902 94.4654312133789 94.2673358917236 92.7800846099854 91.7581787109375 91.7218189239502 91.5203475952148 92.0244922637939 91.4552402496338 89.5463123321533 89.1812438964844 89.3363838195801 88.9702987670898 90.6057014465332 92.3250751495361 93.4621963500977 93.6058902740479 92.2181167602539 92.8666801452637 93.5771408081055 94.6076049804688 94.5269451141357 93.4241180419922 93.8513565063477
93.0363807678223 94.364652633667 97.2878170013428 96.1908550262451 97.3165740966797 92.8336048126221 87.3525714874268 85.6208038330078 85.0841102600098 83.8825492858887 81.9411334991455 81.4941844940186 80.968204498291 80.2654571533203 81.4964828491211 84.6216526031494 85.213249206543 85.2590103149414 86.5129947662354 88.3504257202148 90.1675548553467 91.2786731719971 91.9741134643555 92.6827774047852 93.2820682525635 93.518030166626 93.5611572265625 91.8947105407715 91.7199516296387 91.7161197662354 91.7122936248779 91.1468544006348 90.9783554077148 89.9872570037842 89.4930248260498 88.1921291351318 87.724308013916 88.4135112762451 87.5149974822998 87.6239376068115 88.1792640686035 88.2894344329834 88.9067420959473 87.9995174407959 86.0907917022705 87.2523193359375 87.2730350494385 89.7122211456299 89.6446762084961 89.6615734100342
90.8377704620361 89.5493354797363 90.8874111175537 89.0831356048584 88.2307205200195 82.9400024414062 82.591287612915 82.2724208831787 81.2648258209229 79.8268871307373 79.2780799865723 77.5404663085938 76.8787097930908 76.2302646636963 80.5127239227295 82.5638427734375 83.5528049468994 85.3336944580078 85.7332534790039 86.1318092346191 85.6755123138428 87.4667110443115 87.9897575378418 90.7187480926514 90.0452690124512 90.6800422668457 90.5616607666016 89.7564582824707 90.0275344848633 90.1026859283447 91.0623741149902 91.132453918457 89.4437122344971 89.4721641540527 87.6629486083984 86.6208477020264 86.7317295074463 85.9318313598633 85.4484825134277 85.5305557250977 85.6126232147217 85.6946926116943 86.3439292907715 86.9350166320801 87.506519317627 86.6488780975342 86.6619186401367 87.6037502288818 87.5447864532471 88.0561752319336
94.0991554260254 87.8477344512939 86.0220890045166 83.7743682861328 81.6234760284424 79.9793872833252 78.8180389404297 79.335973739624 76.5929527282715 77.1768169403076 74.9647302627563 73.9455938339233 73.5678014755249 73.3674383163452 74.8274869918823 75.8214244842529 77.4908428192139 78.704008102417 79.432336807251 80.4826831817627 82.0672836303711 83.1664428710938 85.5839805603027 88.1394844055176 88.225248336792 88.1631145477295 87.7599945068359 87.6701240539551 86.5516052246094 87.4155883789062 87.5213642120361 87.5233135223389 87.581693649292 88.5266952514648 87.1472835540771 84.6233577728271 84.603645324707 84.8527641296387 84.2072944641113 83.8630428314209 84.623405456543 85.676441192627 86.6769847869873 87.3726482391357 87.9209213256836 86.53173828125 86.5367031097412 88.5626430511475 88.5146026611328 87.9590377807617
89.3624668121338 85.4510345458984 85.27512550354 80.8233489990234 80.238862991333 78.1719703674316 77.0490093231201 76.5539493560791 75.6349773406982 73.9387073516846 72.7524652481079 71.4138412475586 68.9329919815063 69.3274211883545 70.648796081543 71.4476919174194 74.2811794281006 77.8777389526367 77.4866905212402 78.5810947418213 78.7409439086914 80.4965667724609 83.0754489898682 83.8690662384033 84.7298469543457 84.864315032959 83.5836963653564 82.8466854095459 82.1522960662842 82.0518817901611 81.819019317627 80.8604545593262 81.5066528320312 82.6333446502686 83.5907821655273 83.6502990722656 83.5476665496826 84.0917263031006 84.1521091461182 84.7792263031006 85.4063625335693 87.2363319396973 87.2694721221924 88.8665027618408 88.3939056396484 88.9935684204102 88.4840106964111 87.9390735626221 88.8966407775879 90.3584175109863
84.5284843444824 83.6469802856445 81.186840057373 79.5820503234863 78.864559173584 77.8343572616577 76.4829578399658 75.3439693450928 74.0667562484741 71.3621692657471 69.6280298233032 68.5924787521362 66.1643838882446 66.2631721496582 66.3392305374146 71.1442956924438 73.6654071807861 73.995023727417 76.3663597106934 77.5198173522949 77.8534832000732 78.1864776611328 79.7417182922363 81.1169528961182 80.7179050445557 80.8777370452881 81.4049415588379 79.122034072876 78.4223251342773 76.9449253082275 77.9672889709473 77.2507362365723 79.2333602905273 79.5017566680908 81.2907752990723 81.577392578125 83.2997398376465 83.3357028961182 84.259391784668 84.863109588623 86.4639854431152 86.3927307128906 87.9936141967773 87.7989730834961 88.3728294372559 89.439058303833 88.3573360443115 89.3237266540527 88.7900714874268 89.2632064819336
88.5708198547363 82.4254875183105 79.5673141479492 78.2139444351196 78.1559085845947 76.4586067199707 74.7182960510254 74.4226713180542 72.2770481109619 71.0146532058716 69.0026321411133 68.6343555450439 65.1939840316772 64.6314306259155 66.8399839401245 69.721962928772 72.0546083450317 72.1762857437134 73.1410884857178 73.4537544250488 74.964695930481 76.0965690612793 76.2493190765381 78.3237781524658 78.7009658813477 78.8552551269531 78.6849231719971 76.5959434509277 74.4946918487549 74.6665859222412 75.6686096191406 76.8299388885498 76.961576461792 78.5430202484131 80.5533809661865 82.2824630737305 82.4544887542725 83.3518943786621 83.5260772705078 85.8300361633301 85.8429317474365 87.4204292297363 87.8357219696045 87.683256149292 89.256534576416 89.8198642730713 90.2939052581787 90.7807559967041 90.6880931854248 89.671407699585
83.0795097351074 78.7927951812744 78.3220281600952 78.0228719711304 76.5406246185303 76.2257022857666 74.9602794647217 73.9247455596924 72.5090713500977 70.7935028076172 71.0097694396973 68.9774608612061 66.5507707595825 66.6357049942017 67.8756132125854 69.8259057998657 70.268609046936 70.4745674133301 71.7010173797607 71.7654886245728 73.3406772613525 73.4493684768677 75.1405830383301 75.9070701599121 78.3274993896484 78.3823909759521 76.4959297180176 75.7859439849854 74.4413032531738 75.2063226699829 77.0889225006104 77.596887588501 77.7007808685303 78.8985443115234 79.8566036224365 80.0038375854492 82.0359210968018 81.5926818847656 83.4655284881592 84.3381404876709 84.8947067260742 86.4487266540527 86.4364929199219 87.6636905670166 87.6495456695557 88.5213603973389 89.6114463806152 90.594310760498 91.0779266357422 91.065502166748
79.6631698608398 78.3907127380371 77.6579113006592 76.8320083618164 76.7517557144165 75.6186389923096 75.2315769195557 75.8903398513794 78.5298614501953 74.4935598373413 71.9031848907471 69.8451452255249 67.6542615890503 67.5310220718384 67.7955856323242 69.3034963607788 69.4088821411133 70.3405494689941 72.9853258132935 73.2294464111328 73.289119720459 74.6063070297241 76.306978225708 75.8952627182007 76.1320514678955 77.2063808441162 77.0649394989014 76.45432472229 76.8465976715088 76.8866157531738 77.3270359039307 78.250545501709 79.2065830230713 78.8796653747559 80.6243476867676 80.746732711792 81.5920944213867 82.5961303710938 82.561710357666 83.6867771148682 84.374195098877 85.9047336578369 85.7086906433105 88.681676864624 88.4829158782959 89.2790813446045 89.2507877349854 89.4107131958008 90.9666080474854 90.8623542785645
