data/spatiotemp/temp2/bio13_norsw_test_2007_2010.asc
NCOLS 654 
NROWS 380 
XLLCORNER 3.91666666666667 
YLLCORNER 55.3333333333333 
CELLSIZE 0.0416666666666667 
NODATA_value -9999 
[rows 352 to 373 of 380, columns 550 to 599 of 654]
106.316547393799 104.633224487305 104.737331390381 104.149402618408 103.563028335571 102.471342086792 102.184463500977 102.088394165039 100.988153457642 99.9900131225586 98.9157047271729 99.0259780883789 99.438684463501 98.5406799316406 98.23508644104 99.0533046722412 99.5773315429688 100.103086471558 100.518608093262 101.355575561523 101.602012634277 102.006988525391 102.005380630493 102.305629730225 102.912813186646 103.213624954224 104.098588943481 102.972568511963 102.427585601807 103.729795455933 104.458911895752 104.616767883301 105.634822845459 105.229520797729 105.820287704468 105.702684402466 106.569324493408 105.751504898071 106.331552505493 106.638051986694 105.804285049438 106.531898498535 105.986419677734 106.582979202271 106.885185241699 106.044164657593 106.27462387085 106.67977142334 106.963920593262 107.61873626709
105.004568099976 104.438697814941 104.059293746948 103.304389953613 102.234149932861 102.346527099609 102.269147872925 101.190486907959 100.612182617188 99.8393211364746 98.7632808685303 98.8928546905518 99.2219753265381 99.3488864898682 99.1733646392822 99.7139625549316 99.8439540863037 100.688219070435 101.539350509644 101.676212310791 101.813070297241 101.949935913086 102.378698348999 102.548885345459 103.157934188843 103.461233139038 103.060501098633 102.52089881897 103.546039581299 103.709316253662 104.016397476196 104.605310440063 104.487554550171 105.508129119873 105.375820159912 105.657653808594 105.510744094849 106.061256408691 106.622707366943 106.473503112793 106.034341812134 105.883325576782 105.732311248779 106.002199172974 106.147508621216 105.99743270874 105.913433074951 105.895509719849 106.410503387451 106.696271896362
103.619569778442 104.064512252808 103.019781112671 103.146940231323 102.774629592896 102.53794670105 101.481796264648 101.605197906494 101.223968505859 100.981325149536 99.9266109466553 99.6391563415527 99.326997756958 99.2494087219238 98.9899406433105 99.5471076965332 99.6959590911865 100.555589675903 101.005058288574 101.155462265015 102.028316497803 103.015193939209 102.620389938354 103.233640670776 103.538986206055 103.84645652771 103.31276512146 104.341205596924 103.803674697876 103.688842773438 103.999910354614 103.88614654541 104.200399398804 105.504432678223 105.359802246094 105.612630844116 105.436416625977 105.260196685791 105.508499145508 105.619773864746 106.552309036255 106.372272491455 105.093141555786 105.058214187622 105.832155227661 106.068719863892 106.684259414673 106.44029045105 106.877149581909 108.103284835815
102.929412841797 102.882314682007 103.518962860107 102.811399459839 102.450448989868 101.91637802124 102.053283691406 102.021114349365 100.97970199585 99.934232711792 100.401247024536 100.049736022949 99.0100727081299 98.6490516662598 98.4968013763428 99.1554393768311 99.30885887146 100.471504211426 101.856628417969 101.497825622559 102.367277145386 103.267024993896 103.717790603638 103.608701705933 103.918216705322 104.531280517578 104.000692367554 103.467702865601 103.779144287109 104.092994689941 104.695949554443 104.155374526978 104.473115921021 104.793260574341 104.638896942139 105.849519729614 106.072355270386 105.581731796265 105.662124633789 105.457002639771 105.67289352417 105.466386795044 105.160787582397 105.349649429321 106.230318069458 106.669994354248 106.258592605591 106.938871383667 107.035160064697 107.718347549438
103.694366455078 103.187372207642 102.181444168091 102.657945632935 102.146091461182 102.297285079956 102.44847869873 100.924606323242 101.578195571899 100.878492355347 100.530149459839 99.5174503326416 100.195068359375 100.046434402466 99.1888751983643 98.6624584197998 99.5244617462158 100.913980484009 101.389825820923 102.809768676758 103.009288787842 103.502197265625 103.670373916626 103.565301895142 104.167350769043 104.782224655151 104.675828933716 103.86134147644 104.17769241333 104.072315216064 104.675998687744 104.570943832397 104.894340515137 105.070878982544 106.038040161133 105.804998397827 105.998296737671 105.763610839844 106.239749908447 106.690837860107 106.161296844482 105.273736953735 106.53907585144 106.261745452881 106.269992828369 106.092147827148 106.080606460571 106.516689300537 107.193170547485 106.71195602417
103.072692871094 102.572412490845 102.916864395142 101.53265953064 101.512104034424 101.519571304321 101.682922363281 100.83597946167 101.326917648315 100.827072143555 100.490140914917 100.674062728882 100.857982635498 101.041898727417 100.710988998413 100.203765869141 101.076168060303 101.977916717529 103.307064056396 103.831216812134 103.341737747192 103.562900543213 103.622957229614 103.937213897705 103.42085647583 104.456377029419 103.218755722046 104.25400352478 104.861948013306 104.761131286621 104.660308837891 104.559492111206 104.740610122681 106.204303741455 104.890247344971 105.760482788086 106.208953857422 105.94647026062 105.107458114624 104.524116516113 104.575374603271 105.984565734863 105.991752624512 105.210271835327 106.006755828857 105.520107269287 105.654792785645 106.32540512085 106.42992401123 105.912191390991
103.175863265991 102.732976913452 102.579217910767 102.132177352905 101.648397445679 101.29564666748 101.294984817505 101.271356582642 101.420608520508 101.569860458374 101.411209106445 100.761386871338 101.465492248535 101.657188415527 101.848888397217 101.522409439087 102.414039611816 103.037351608276 103.663663864136 103.476114273071 103.695497512817 103.914876937866 103.5628490448 103.878129959106 104.081760406494 104.398469924927 103.880575180054 104.069871902466 104.389795303345 104.712646484375 104.916427612305 105.317422866821 105.83275604248 105.732706069946 105.976093292236 105.703441619873 105.855621337891 105.581003189087 105.016666412354 104.740392684937 105.239637374878 105.530345916748 105.528005599976 106.193298339844 106.077087402344 106.018218994141 105.787160873413 106.451885223389 106.5500831604 107.18744468689
102.825510025024 102.031684875488 101.865112304688 101.606935501099 100.559740066528 101.005794525146 100.128673553467 101.232751846313 101.34623336792 101.459714889526 101.616691589355 101.631324768066 101.827383041382 101.865283966064 101.538602828979 102.415554046631 102.926765441895 102.807670593262 102.968416213989 103.163515090942 103.358610153198 103.855093002319 103.902313232422 103.426158905029 103.405025482178 104.320116043091 104.515548706055 104.415153503418 104.7347240448 105.347929000854 104.95903968811 104.861207962036 105.465768814087 105.793018341064 105.471700668335 105.728507995605 105.369953155518 104.837745666504 104.283908843994 104.807405471802 105.670484542847 105.658878326416 105.647272109985 105.635662078857 105.641344070435 105.80122756958 105.91197013855 105.973562240601 107.199607849121 107.262271881104
103.694707870483 102.985883712769 101.536500930786 101.540580749512 102.173269271851 100.725654602051 100.278095245361 101.015043258667 101.091981887817 101.168922424316 101.306932449341 101.835191726685 102.550786972046 101.746213912964 101.91291809082 102.621772766113 102.81841468811 102.32250213623 102.514986038208 102.566648483276 103.015378952026 103.490427017212 103.525814056396 104.440324783325 104.341037750244 104.595630645752 104.570962905884 105.174509048462 105.076774597168 104.558578491211 104.472286224365 104.781356811523 105.805444717407 105.996898651123 105.396066665649 104.580158233643 104.333806991577 104.312950134277 104.29208946228 104.271236419678 105.528385162354 105.201606750488 105.178735733032 105.745656967163 106.004707336426 106.503927230835 106.007680892944 106.062196731567 106.116704940796 106.74077796936
103.174798965454 103.100965499878 102.365825653076 101.964330673218 102.551578521729 102.477310180664 101.740884780884 101.666402816772 101.348180770874 101.517440795898 101.882999420166 102.425535202026 102.236291885376 102.304132461548 102.630754470825 103.51086807251 103.025215148926 103.222448348999 103.006015777588 103.146389007568 103.814140319824 104.319751739502 104.100109100342 104.468570709229 103.971370697021 103.873832702637 104.3228931427 104.448043823242 104.281867980957 104.183429718018 103.675762176514 105.613847732544 105.885492324829 105.861476898193 104.754009246826 105.111572265625 105.083427429199 105.634075164795 105.02713394165 104.998989105225 105.946092605591 106.215847015381 106.220375061035 106.342573165894 106.489570617676 106.612710952759 107.266830444336 107.31519317627 106.767971038818 106.815935134888
103.646081924438 102.885364532471 102.788715362549 102.772327423096 103.338506698608 103.240491867065 102.07152557373 101.974452972412 101.877384185791 101.943254470825 101.713607788086 101.913208007812 102.440748214722 102.638565063477 102.836385726929 102.711610794067 102.911214828491 103.646226882935 103.310415267944 104.519420623779 104.023284912109 104.221101760864 105.010768890381 104.439701080322 104.723314285278 103.79838180542 103.973747253418 103.39041519165 103.924139022827 103.899332046509 104.440078735352 104.739561080933 104.642345428467 105.066343307495 105.332075119019 104.718311309814 104.67915725708 104.640007019043 105.182346343994 105.445049285889 104.823434829712 106.044477462769 106.976884841919 107.671438217163 107.209606170654 107.883794784546 107.363094329834 106.809377670288 108.371824264526 108.628658294678
104.869159698486 105.161888122559 103.960424423218 103.839681625366 103.718935012817 104.342546463013 104.220304489136 102.616020202637 102.82904624939 101.637239456177 101.62127494812 101.446937561035 101.644226074219 101.841512680054 102.71640586853 103.450305938721 103.652652740479 103.315996170044 104.203775405884 104.724517822266 104.925497055054 105.12647819519 105.069894790649 104.496025085449 104.232244491577 104.203433990479 104.177406311035 104.845552444458 104.819023132324 104.79249382019 103.769390106201 104.239181518555 104.021236419678 105.560646057129 105.248167037964 105.200386047363 105.267971038818 104.803533554077 104.755235671997 105.593175888062 106.028617858887 107.063455581665 107.145318984985 107.230175018311 107.906860351562 107.993299484253 107.459362030029 108.658773422241 109.05002784729 108.728532791138
105.760286331177 104.945449829102 104.38632774353 104.656629562378 104.512212753296 104.702861785889 104.557762145996 104.002607345581 102.781303405762 102.638368606567 101.188293457031 101.245576858521 101.991390228271 102.720670700073 103.247636795044 103.120922088623 103.645618438721 103.521179199219 104.588861465454 104.929615020752 104.580015182495 104.087244033813 104.727993011475 104.703855514526 104.120468139648 105.099414825439 104.381067276001 104.918561935425 104.893138885498 104.299308776855 104.961645126343 105.506170272827 105.480451583862 105.758293151855 105.33243560791 105.964141845703 105.614852905273 105.852714538574 105.797002792358 106.325899124146 106.821222305298 107.248485565186 107.313745498657 107.969394683838 107.677087783813 107.74454498291 107.792070388794 108.748378753662 108.776050567627 108.80372428894
105.563251495361 105.396129608154 104.812225341797 103.973827362061 103.808082580566 104.391941070557 104.895214080811 103.310855865479 103.145114898682 102.568933486938 102.502393722534 101.862743377686 102.565889358521 102.924798965454 104.129224777222 103.325578689575 103.428449630737 104.051996231079 104.251571655273 104.451147079468 104.095878601074 104.979166030884 104.377319335938 104.030122756958 104.886093139648 104.295785903931 105.15100479126 104.809293746948 105.353132247925 104.758094787598 105.043413162231 105.590686798096 105.873678207397 106.533260345459 106.794311523438 105.467164993286 106.08508682251 106.60255241394 106.935539245605 108.041862487793 107.390842437744 107.074716567993 108.071403503418 108.34857749939 108.37678527832 107.83162689209 107.293600082397 108.837985992432 108.858448028564 108.878910064697
104.939237594604 104.750936508179 104.981481552124 104.792293548584 104.186019897461 103.997711181641 104.144426345825 103.955125808716 103.432794570923 103.576515197754 103.152185440063 103.258760452271 103.462520599365 102.489141464233 102.654443740845 102.854103088379 104.605869293213 104.809135437012 105.012395858765 105.215656280518 104.859865188599 104.734161376953 104.582223892212 104.55383682251 104.525453567505 104.176057815552 104.468690872192 105.011283874512 104.300989151001 104.95715713501 105.244525909424 105.792407989502 106.077144622803 106.732492446899 106.991380691528 106.917814254761 106.844247817993 107.354341506958 106.59704208374 106.622650146484 107.235431671143 107.26220703125 107.288988113403 108.478368759155 108.506448745728 107.962343215942 108.555444717407 108.569183349609 109.177038192749 109.548414230347
106.852281570435 105.618335723877 105.406610488892 104.436023712158 104.983158111572 104.353084564209 104.142213821411 103.673725128174 103.462818145752 103.509603500366 102.719612121582 102.28133392334 102.458751678467 102.659206390381 103.706983566284 103.734884262085 104.485830307007 104.466768264771 104.33763885498 104.538557052612 104.06237411499 103.696264266968 104.109180450439 104.430253982544 104.402002334595 103.694896697998 104.918514251709 105.213266372681 105.184745788574 105.156227111816 106.125984191895 106.096424102783 106.382127761841 106.351232528687 106.875400543213 106.522659301758 106.474361419678 106.93879699707 107.428215026855 108.022081375122 108.030271530151 108.038463592529 108.046657562256 108.054853439331 108.654905319214 109.237180709839 108.885656356812 109.251890182495 109.258623123169 108.671379089355
106.64377784729 106.06600189209 105.831741333008 105.597473144531 105.363212585449 104.708456039429 103.462125778198 104.660423278809 104.426156997681 103.849380493164 103.289375305176 102.906127929688 102.439386367798 102.801984786987 102.749912261963 103.110006332397 103.057100296021 102.59369468689 102.748977661133 103.507141113281 103.704874038696 103.902603149414 103.986497879028 104.630319595337 104.600877761841 105.147012710571 105.118383407593 105.415252685547 106.061538696289 105.355289459229 105.64674949646 105.615411758423 105.902805328369 106.548881530762 107.069141387939 106.976894378662 106.757232666016 106.745626449585 108.26106262207 108.249502182007 108.237939834595 108.815567016602 109.379331588745 109.368490219116 109.357652664185 108.772911071777 109.341150283813 109.340679168701 109.340213775635 109.339744567871
107.541904449463 107.365396499634 106.681928634644 106.424320220947 105.061573028564 104.4684715271 103.792457580566 102.860862731934 103.361940383911 103.783351898193 103.615266799927 103.534738540649 103.870552062988 103.788955688477 103.374326705933 103.212623596191 103.544162750244 102.644788742065 102.279474258423 101.571296691895 103.338958740234 104.108943939209 104.19243812561 104.739185333252 105.711578369141 105.1009349823 105.06893157959 105.617246627808 105.585800170898 105.554347991943 105.847860336304 105.815042495728 106.104429244995 106.576078414917 106.002450942993 106.49310874939 107.625930786133 107.595596313477 108.508235931396 108.476922988892 109.0344581604 109.579992294312 109.77618598938 109.533912658691 109.487321853638 109.456426620483 110.030212402344 110.022619247437 109.421798706055 109.414125442505
108.006246566772 107.049697875977 107.385610580444 107.20076751709 105.823156356812 104.111503601074 103.848592758179 103.585681915283 102.901149749756 102.639032363892 102.461839675903 103.464582443237 103.703006744385 104.025684356689 104.264734268188 103.836030960083 103.741203308105 103.558595657349 103.750350952148 103.9421043396 104.174085617065 104.467628479004 105.649682998657 106.017120361328 105.920742034912 105.87087059021 105.832036972046 106.218935012817 105.754371643066 105.715534210205 106.003290176392 105.963069915771 106.895488739014 107.381500244141 106.728500366211 107.275686264038 107.815780639648 108.94213104248 108.904150009155 108.866170883179 109.194915771484 108.790216445923 109.327907562256 110.22970199585 109.615430831909 109.576452255249 109.553714752197 109.547218322754 109.540719985962 110.109928131104
107.868452072144 107.603067398071 106.648080825806 106.383922576904 105.007286071777 103.981708526611 104.14560508728 103.549158096313 103.202129364014 104.044761657715 103.187345504761 104.107398986816 104.433275222778 104.339839935303 103.56921005249 104.152973175049 104.221710205078 103.966108322144 104.584690093994 104.766176223755 105.620529174805 105.224742889404 105.770803451538 106.240461349487 107.301559448242 106.627634048462 106.576034545898 105.943138122559 106.280712127686 106.170417785645 106.695989608765 106.059494018555 106.418575286865 106.891450881958 106.818513870239 107.360233306885 107.325180053711 108.452838897705 109.005535125732 109.342391967773 108.937110900879 109.477409362793 109.442873001099 109.998741149902 109.96478843689 109.35763168335 110.282745361328 109.693906784058 109.696979522705 110.274755477905
108.158580780029 107.201929092407 106.940071105957 105.560424804688 104.959341049194 104.700981140137 103.330730438232 103.76070022583 104.260972976685 103.667533874512 103.49299621582 104.41813659668 104.06427192688 103.972869873047 103.881464004517 103.374664306641 104.377880096436 104.685342788696 105.528818130493 106.178829193115 105.870674133301 106.132001876831 106.007442474365 107.054828643799 106.931896209717 106.808963775635 106.686029434204 106.563097000122 106.440160751343 106.317230224609 106.222793579102 106.650144577026 106.525682449341 107.354913711548 107.275560379028 108.403642654419 108.371633529663 108.550565719604 109.093360900879 108.488645553589 109.030910491943 109.58854675293 109.557825088501 110.117004394531 110.65895652771 110.056608200073 110.048147201538 111.225313186646 111.609136581421 109.865875244141
107.751163482666 106.795249938965 106.109010696411 106.278526306152 104.559011459351 103.878484725952 104.739631652832 104.483541488647 104.986713409424 104.30571937561 103.446443557739 104.464021682739 104.039400100708 103.948928833008 103.776491165161 104.103622436523 104.657674789429 104.656499862671 104.695085525513 105.893911361694 106.136367797852 106.783948898315 106.836030960083 106.69974899292 106.563474655151 107.014192581177 106.876266479492 107.318876266479 106.692493438721 107.044443130493 107.485977172852 107.347110748291 107.792327880859 107.069374084473 107.558923721313 108.497220993042 109.247871398926 109.220533370972 109.193199157715 109.737699508667 110.298185348511 110.271085739136 110.243991851807 110.80624961853 110.189790725708 110.16269493103 110.751352310181 111.149326324463 111.172256469727 110.821769714355
