data/spatiotemp/temp2/bio10_norsw_test_2007_2010.asc
NCOLS 654 
NROWS 380 
XLLCORNER 3.91666666666667 
YLLCORNER 55.3333333333333 
CELLSIZE 0.0416666666666667 
NODATA_value -9999 
[rows 352 to 373 of 380, columns 450 to 499 of 654]
16.7166452407837 16.7494757175446 16.8024234771729 16.8928208351135 16.9918851852417 17.0996160507202 17.1600141525269 17.2150778770447 17.2921419143677 17.4105401039124 17.4796032905579 17.5980014801025 17.7357325553894 17.8467969894409 17.9158163070679 17.9707908630371 17.9550995826721 17.9214072227478 17.9177160263062 17.9226913452148 17.890998840332 17.84264087677 17.7649483680725 17.753924369812 17.738899230957 17.6772065162659 17.6284403800964 17.5852665901184 17.5680928230286 17.508252620697 17.4784111976624 17.4745707511902 17.4540634155273 17.3948893547058 17.2863821983337 17.2718749046326 17.2907009124756 17.2848601341248 17.2684917449951 17.2835960388184 17.3073668479919 17.3278036117554 17.3355746269226 17.2573461532593 17.1711168289185 17.1775541305542 17.1633248329163 17.1470956802368 17.1375331878662 17.193971157074
16.8383584022522 16.8586053848267 16.9016847610474 16.9929285049438 17.0941715240479 17.1867489814758 17.2179923057556 17.2179026603699 17.2271466255188 17.3163900375366 17.4463000297546 17.5175433158875 17.6574540138245 17.7800307273865 17.8335738182068 17.888081073761 17.9232563972473 17.9244313240051 17.9376058578491 17.9547810554504 17.9406223297119 17.8711304664612 17.8123049736023 17.7768135070801 17.7259879112244 17.6611618995667 17.6102805137634 17.5680088996887 17.5424036979675 17.4782576560974 17.4571924209595 17.4415874481201 17.4199819564819 17.4217100143433 17.352771282196 17.2998328208923 17.3142275810242 17.3299560546875 17.3408880233765 17.3436913490295 17.3778276443481 17.3826308250427 17.4174342155457 17.3869037628174 17.2910404205322 17.2305107116699 17.2266473770142 17.1827826499939 17.1709203720093 17.1903901100159
16.938738822937 16.9664015769958 17.0062780380249 17.0823683738708 17.1657919883728 17.2512140274048 17.2833042144775 17.2833938598633 17.2621502876282 17.3562397956848 17.4629964828491 17.5104188919067 17.609842300415 17.6892642974854 17.7686634063721 17.8020386695862 17.8407468795776 17.8647885322571 17.8648295402527 17.9188709259033 17.8842453956604 17.8262858390808 17.7403268814087 17.6377029418945 17.6477437019348 17.6477847099304 17.6094536781311 17.5574164390564 17.5060472488403 17.4813437461853 17.4573078155518 17.4332704544067 17.4299006462097 17.3965306282043 17.3790278434753 17.3897905349731 17.4344205856323 17.4117169380188 17.4059510231018 17.4271192550659 17.4236211776733 17.4154567718506 17.3866267204285 17.3277950286865 17.3042974472046 17.304132938385 17.2766351699829 17.2991375923157 17.2923064231873 17.3041424751282
17.0524525642395 17.1201987266541 17.1842064857483 17.2291421890259 17.2574110031128 17.3110132217407 17.3212819099426 17.3202185630798 17.3391537666321 17.4047565460205 17.4256925582886 17.4719614982605 17.5635643005371 17.6458334922791 17.7084212303162 17.7566623687744 17.7702374458313 17.7664775848389 17.7813868522644 17.8022937774658 17.8225350379944 17.7901096343994 17.7230172157288 17.6319246292114 17.6321659088135 17.627073764801 17.5852937698364 17.5628256797791 17.5476908683777 17.51589012146 17.4747548103333 17.4267206192017 17.4119744300842 17.3967280387878 17.4041495323181 17.3975706100464 17.3831577301025 17.3908123970032 17.47234582901 17.4705481529236 17.4334149360657 17.4516172409058 17.4638195037842 17.3786864280701 17.3508877754211 17.3977560997009 17.431957244873 17.4201588630676 17.4150266647339 17.3945617675781
17.0161652565002 17.099995136261 17.1868004798889 17.2439155578613 17.2976975440979 17.3521466255188 17.3592610359192 17.3477096557617 17.3661584854126 17.4339399337769 17.4963884353638 17.5388369560242 17.5306186676025 17.5070672035217 17.6015124320984 17.690619468689 17.7410607337952 17.7421679496765 17.743275642395 17.7163834571838 17.6974906921387 17.7139320373535 17.6737060546875 17.6228141784668 17.6025886535645 17.5663628578186 17.5558004379272 17.5622339248657 17.5533347129822 17.5544357299805 17.5408701896667 17.4959697723389 17.4644045829773 17.4508385658264 17.4412722587585 17.3955211639404 17.3976044654846 17.4119081497192 17.5020751953125 17.5306425094604 17.5085425376892 17.4884428977966 17.4390106201172 17.4175772666931 17.4248113632202 17.4480447769165 17.4739460945129 17.4645128250122 17.4497466087341 17.4589805603027
17.0065460205078 17.0891251564026 17.1840620040894 17.2493562698364 17.287317276001 17.3479452133179 17.3399062156677 17.3445348739624 17.3751621246338 17.3691234588623 17.3837513923645 17.4890465736389 17.4776740074158 17.4009690284729 17.4546027183533 17.5379104614258 17.5918846130371 17.6511912345886 17.6771655082703 17.6818065643311 17.6757807731628 17.6604208946228 17.6470623016357 17.598370552063 17.5476779937744 17.5463180541992 17.5369734764099 17.5356426239014 17.5243124961853 17.5276489257812 17.524317741394 17.5109868049622 17.4843230247498 17.431658744812 17.474328994751 17.4483308792114 17.4516668319702 17.450336933136 17.4644708633423 17.5134048461914 17.5490031242371 17.5246033668518 17.4782023429871 17.4484686851501 17.4527354240417 17.4583344459534 17.4659342765808 17.4568662643433 17.4517993927002 17.4580659866333
17.0898566246033 17.1085729598999 17.1603994369507 17.2033367156982 17.2496075630188 17.2818784713745 17.3001494407654 17.2964196205139 17.3206906318665 17.3136281967163 17.273232460022 17.331503868103 17.3644404411316 17.3787112236023 17.4004344940186 17.428277015686 17.4914522171021 17.5539603233337 17.6124696731567 17.6496448516846 17.645486831665 17.6566624641418 17.7071709632874 17.667013168335 17.5868549346924 17.5713634490967 17.5412573814392 17.5145354270935 17.5004796981812 17.5084247589111 17.5023694038391 17.5009813308716 17.4882597923279 17.4408707618713 17.4534826278687 17.4574270248413 17.4873723983765 17.4939832687378 17.5060329437256 17.5355195999146 17.5530071258545 17.5584926605225 17.5299797058105 17.4941325187683 17.4756202697754 17.4564394950867 17.4219264984131 17.4167466163635 17.4209003448486 17.4530529975891
17.1194310188293 17.1270055770874 17.0991473197937 17.1271910667419 17.1785678863525 17.1672787666321 17.1926565170288 17.2140336036682 17.2540769577026 17.2634544372559 17.2508320808411 17.284209728241 17.3115854263306 17.3142971992493 17.3603415489197 17.4030528068542 17.4437642097473 17.4711413383484 17.5345196723938 17.568564414978 17.5672755241394 17.5626540184021 17.6213641166687 17.6247429847717 17.5794534683228 17.5448317527771 17.5219836235046 17.5169110298157 17.5105056762695 17.4967660903931 17.5076923370361 17.4886198043823 17.4655466079712 17.3918070793152 17.4580678939819 17.4909949302673 17.5172557830811 17.5295162200928 17.5514268875122 17.5596551895142 17.5698838233948 17.5654454231262 17.5550079345703 17.5065693855286 17.4387984275818 17.4203600883484 17.4445886611938 17.4288172721863 17.4277129173279 17.4859414100647
16.9750061035156 17.027437210083 17.0605616569519 17.0890460014343 17.0681958198547 17.0346794128418 17.0471639633179 17.0876474380493 17.1607971191406 17.1692814826965 17.1850986480713 17.2229151725769 17.280065536499 17.2852158546448 17.33624792099 17.3564953804016 17.3680758476257 17.4023232460022 17.43523645401 17.4841508865356 17.4990649223328 17.4806447029114 17.4995589256287 17.5031390190125 17.5033860206604 17.4996333122253 17.4980440139771 17.4979538917542 17.4945297241211 17.494439125061 17.508348941803 17.5082578659058 17.4821672439575 17.4294109344482 17.482654094696 17.5018963813782 17.5071377754211 17.5210475921631 17.5301547050476 17.5311250686646 17.542094707489 17.5317325592041 17.5353698730469 17.4903402328491 17.4699773788452 17.4496145248413 17.4479184150696 17.4302225112915 17.4531922340393 17.4801635742188
16.8252472877502 16.8472023010254 16.9359750747681 17.0048995018005 17.0291557312012 17.0034127235413 17.0296702384949 17.037260055542 17.079517364502 17.0911078453064 17.0766978263855 17.1202883720398 17.1878786087036 17.2541351318359 17.2834882736206 17.2619380950928 17.2350544929504 17.2761707305908 17.3712873458862 17.4437375068665 17.4648523330688 17.4573030471802 17.4477519989014 17.4262022972107 17.3926520347595 17.3771014213562 17.4061050415039 17.4369964599609 17.4738883972168 17.4847798347473 17.499005317688 17.4945640563965 17.4914546012878 17.5023465156555 17.4999046325684 17.4874634742737 17.4763550758362 17.4959135055542 17.535548210144 17.5452609062195 17.5683059692383 17.5913524627686 17.5883979797363 17.5401101112366 17.4831562042236 17.4562015533447 17.4345808029175 17.4389595985413 17.4480051994324 17.4410510063171
16.8121554851532 16.8029682636261 16.8340566158295 16.9107532501221 17.0327839851379 17.0861477851868 17.1288437843323 17.1322069168091 17.1155710220337 17.076934337616 17.0316305160522 17.0623278617859 17.1130247116089 17.146388053894 17.1473956108093 17.1680479049683 17.1847004890442 17.2553520202637 17.3580040931702 17.4166560173035 17.4113087654114 17.3972945213318 17.3772792816162 17.3705983161926 17.3225841522217 17.2992358207703 17.3141660690308 17.369372844696 17.42591381073 17.4811215400696 17.5163283348083 17.5268688201904 17.532742023468 17.5132837295532 17.5251574516296 17.5330309867859 17.5449047088623 17.5654449462891 17.5822749137878 17.5833959579468 17.6045174598694 17.6276383399963 17.6107587814331 17.541880607605 17.4776692390442 17.4374551773071 17.4365768432617 17.4710311889648 17.4654855728149 17.4286060333252
16.8583965301514 16.8474004268646 16.8654713630676 16.9166078567505 17.0097441673279 17.1242141723633 17.181351184845 17.1824870109558 17.1396241188049 17.0994272232056 17.0492310523987 17.0863676071167 17.1255040168762 17.1299738883972 17.102635383606 17.1521573066711 17.2316794395447 17.2665338516235 17.2980546951294 17.3335757255554 17.3710970878601 17.3752851486206 17.3661403656006 17.3969945907593 17.3765168190002 17.3573703765869 17.3528933525085 17.3957490921021 17.4452719688416 17.5054612159729 17.5236511230469 17.5385069847107 17.5186967849731 17.4822196960449 17.4770755767822 17.5012655258179 17.5081210136414 17.5363101959229 17.5696702003479 17.5741991996765 17.5820627212524 17.5692586898804 17.5177874565125 17.499650478363 17.4488472938538 17.4067106246948 17.417905330658 17.4431018829346 17.4462990760803 17.4481616020203
16.8233048915863 16.7744994163513 16.8282186985016 16.8904614448547 16.9313716888428 17.0589485168457 17.1305241584778 17.0954341888428 17.0636773109436 17.073920249939 17.108163356781 17.1430730819702 17.1613159179688 17.1475596427917 17.1712093353271 17.2642660140991 17.3033237457275 17.2770481109619 17.2567720413208 17.2564959526062 17.2928867340088 17.3312768936157 17.3550009727478 17.3847246170044 17.3904480934143 17.3795056343079 17.3789534568787 17.3981256484985 17.4652972221375 17.4871354103088 17.4943075180054 17.4808125495911 17.4746508598328 17.5038228034973 17.5276608467102 17.5194988250732 17.4426708221436 17.4651761054993 17.5243978500366 17.5596685409546 17.5776071548462 17.5475449562073 17.4861497879028 17.4547548294067 17.4433588981628 17.4219641685486 17.3945684432983 17.4071731567383 17.4331116676331 17.4643831253052
16.8162126541138 16.762265920639 16.7809660434723 16.836315870285 16.8436660766602 16.9770154953003 16.9950308799744 16.9977140426636 17.0390639305115 17.0484137535095 17.0837626457214 17.0364456176758 17.0777950286865 17.1591448783875 17.2657828330994 17.3690423965454 17.3483023643494 17.2702293395996 17.2568216323853 17.2494158744812 17.2453422546387 17.2839350700378 17.3065276145935 17.3191213607788 17.3343801498413 17.3229737281799 17.3316807746887 17.3871674537659 17.3986549377441 17.4388089179993 17.5036301612854 17.491117477417 17.4399380683899 17.422091960907 17.4722466468811 17.4910669326782 17.5025539398193 17.539409160614 17.5558385848999 17.5764718055725 17.5871510505676 17.5411653518677 17.5005111694336 17.3951907157898 17.3098711967468 17.3558850288391 17.3512306213379 17.3725786209106 17.3799247741699 17.4092712402344
16.860454082489 16.8293647766113 16.8543803691864 16.8975038528442 16.8959593772888 16.9650821685791 16.9768714904785 16.9506607055664 16.9437837600708 16.9695725440979 17.045361995697 17.0498180389404 17.0622749328613 17.1107306480408 17.1690230369568 17.196485042572 17.1819477081299 17.1840767860413 17.2288718223572 17.209668636322 17.2124638557434 17.2425932884216 17.2720556259155 17.2441844940186 17.2269797325134 17.2571086883545 17.2710752487183 17.308210849762 17.374014377594 17.4251503944397 17.4462862014771 17.4680895805359 17.4578924179077 17.4123616218567 17.4054980278015 17.401300907135 17.4738607406616 17.5267615318298 17.5585498809814 17.5910596847534 17.6080288887024 17.5627841949463 17.4995398521423 17.3736281394958 17.267716884613 17.2544717788696 17.2732276916504 17.3319821357727 17.3067378997803 17.322826385498
16.8580281734467 16.8604633808136 16.9637956619263 16.9793581962585 16.966920375824 16.9644827842712 16.909378528595 16.8969411849976 16.8998372554779 16.9533996582031 17.0042953491211 17.0171909332275 16.9600868225098 16.931649684906 17.009596824646 17.0059280395508 16.956259727478 16.9705910682678 17.0522561073303 17.1365880966187 17.1849193572998 17.2032508850098 17.2255825996399 17.1979141235352 17.1502456665039 17.1699109077454 17.2544679641724 17.3245868682861 17.3767056465149 17.4201574325562 17.4362759590149 17.4417281150818 17.4505133628845 17.4126324653625 17.3440828323364 17.3409705162048 17.4343204498291 17.4876132011414 17.5224289894104 17.5442371368408 17.5862126350403 17.5270705223083 17.407901763916 17.3173985481262 17.2402286529541 17.2363929748535 17.2718901634216 17.3367209434509 17.3835501670837 17.393714427948
16.8936033248901 16.9028949737549 16.9665427207947 16.9858779907227 16.9938807487488 16.9598827362061 16.8165521621704 16.7412207126617 16.7492237091064 16.8705594539642 16.8045618534088 16.9138967990875 16.9358997344971 16.8885681629181 16.9141702651978 16.9507040977478 16.9332377910614 16.915105342865 16.9736399650574 17.0648403167725 17.2007079124451 17.2405757904053 17.1557760238647 17.1643095016479 17.1895117759705 17.1853785514832 17.2385292053223 17.2996301651001 17.3493971824646 17.3864984512329 17.3962655067444 17.4333667755127 17.4498009681702 17.4515681266785 17.4293355941772 17.3817682266235 17.4280576705933 17.4828000068665 17.5329737663269 17.5744142532349 17.5740222930908 17.5482954978943 17.4772367477417 17.3785018920898 17.3087410926819 17.3056473731995 17.3238859176636 17.3687920570374 17.402364730835 17.4326033592224
16.9145112037659 16.9099946022034 16.9339575767517 16.9743990898132 16.9781756401062 16.9166173934937 16.7903921604156 16.7215013504028 16.6312761306763 16.8043856620789 16.8194949626923 16.860603094101 16.8843786716461 16.8768210411072 16.8954102993011 16.9414808750153 16.9462172985077 16.9582867622375 16.9643568992615 16.9977602958679 17.0831627845764 17.1172332763672 17.0993037223816 17.1640405654907 17.2001099586487 17.2521796226501 17.2879228591919 17.3200063705444 17.3447561264038 17.3595056533813 17.3995890617371 17.4350051879883 17.438422203064 17.4431710243225 17.4625873565674 17.4506707191467 17.4341554641724 17.5301699638367 17.5543527603149 17.648425579071 17.6878318786621 17.6630711555481 17.5546245574951 17.4176063537598 17.3652534484863 17.3295669555664 17.3238816261292 17.3588624000549 17.355176448822 17.3814911842346
16.8477087020874 16.8639996051788 16.8953161239624 16.9229922294617 16.9373340606689 16.9203424453735 16.835351228714 16.7123591899872 16.7640352249146 16.867710351944 16.8520514965057 16.847727060318 16.8554015159607 16.8850767612457 16.8703801631927 16.9073121547699 16.9755773544312 17.0658416748047 17.0447731018066 16.9957046508789 16.9853029251099 17.0062341690063 17.0318322181702 17.0494298934937 17.1070284843445 17.1926264762878 17.2677464485168 17.2697229385376 17.3123655319214 17.337007522583 17.3529839515686 17.4002938270569 17.4002690315247 17.3849120140076 17.4748873710632 17.5031633377075 17.5321726799011 17.5878305435181 17.6204805374146 17.7816615104675 17.9866786003113 17.9536948204041 17.7093782424927 17.4843945503235 17.3887448310852 17.3717617988586 17.3121109008789 17.2744617462158 17.2961444854736 17.3004941940308
16.733861207962 16.6962456703186 16.793288230896 16.7916557788849 16.7806913852692 16.7817256450653 16.8154273033142 16.8184621334076 16.8301637172699 16.8778650760651 16.8688991069794 16.83926820755 16.8169691562653 16.7893373966217 16.7877478599548 16.8648657798767 16.9459841251373 17.034435749054 17.0488882064819 17.0206732749939 17.0124592781067 16.986243724823 16.9646947383881 16.9911479949951 17.048933506012 17.1440510749817 17.2406663894653 17.248113155365 17.2648930549622 17.3096718788147 17.3537855148315 17.3772315979004 17.3846778869629 17.4301238059998 17.5049033164978 17.5403499603271 17.5651292800903 17.5963373184204 17.6123561859131 17.6591391563416 17.7698311805725 17.7468438148499 17.6498560905457 17.5342016220093 17.4778814315796 17.4055600166321 17.3279070854187 17.268919467926 17.2472653388977 17.2816114425659
16.70268034935 16.7151577472687 16.6745924949646 16.7096538543701 16.7527148723602 16.8164420127869 16.894837141037 16.8705644607544 16.8376252651215 16.8913533687592 16.8630802631378 16.8641414642334 16.8232028484344 16.7575972080231 16.7831139564514 16.8630859851837 16.8463923931122 16.879697561264 16.9536700248718 16.9909763336182 16.9582810401917 16.9595875740051 16.974892616272 17.0095324516296 17.0768370628357 17.1521430015564 17.230254650116 17.2538371086121 17.2560873031616 17.2996702194214 17.3379201889038 17.3515028953552 17.3437533378601 17.39067029953 17.5062527656555 17.5005030632019 17.4719996452332 17.5483355522156 17.5007328987122 17.4663333892822 17.5071001052856 17.4958672523499 17.5283341407776 17.5006766319275 17.4256844520569 17.3693609237671 17.3637027740479 17.3487114906311 17.2870540618896 17.2907285690308
16.7068328857422 16.7180690765381 16.6805639266968 16.7203183174133 16.7327382564545 16.7671597003937 16.8542463779449 16.805999994278 16.8024213314056 16.8541753292084 16.8005952835083 16.8063495159149 16.7621030807495 16.7391903400421 16.8391468524933 16.836639881134 16.7554662227631 16.7929584980011 16.8931181430817 16.9346106052399 16.9261047840118 16.946929693222 16.9984230995178 17.0559153556824 17.0934085845947 17.1229009628296 17.1718416213989 17.1982278823853 17.2346143722534 17.2823348045349 17.3313884735107 17.3391089439392 17.3614950180054 17.41721534729 17.5042691230774 17.4993228912354 17.4497094154358 17.4420957565308 17.4321255683899 17.420361995697 17.4494690895081 17.4651408195496 17.4668121337891 17.4211506843567 17.3441557884216 17.2924938201904 17.3228316307068 17.3685035705566 17.3208413124084 17.2631797790527
