data/spatiotemp/temp2/bio14_norsw_test_2007_2010.asc
NCOLS 654 
NROWS 380 
XLLCORNER 3.91666666666667 
YLLCORNER 55.3333333333333 
CELLSIZE 0.0416666666666667 
NODATA_value -9999 
[rows 132 to 153 of 380, columns 350 to 399 of 654]
23.7192587852478 23.8846135139465 24.5901594161987 25.6068000793457 24.7840447425842 25.4916496276855 25.5105919837952 23.9977207183838 23.7070341110229 23.228385925293 22.8909306526184 22.5716495513916 22.4403848648071 22.147985458374 21.8554043769836 21.8735094070435 21.7104697227478 21.1139590740204 21.1186873912811 20.6422207355499 21.4393184185028 22.0862789154053 22.0758075714111 22.3965301513672 22.6867241859436 22.4753632545471 22.1141724586487 21.9027199745178 22.3952298164368 22.9105358123779 23.4073238372803 23.4216876029968 23.242826461792 22.9053673744202 23.2252807617188 23.9343752861023 24.9983072280884 24.8169741630554 24.3296027183533 24.1496047973633 25.2064943313599 24.3762950897217 23.3061480522156 24.1101961135864 24.0600752830505 24.5090975761414 24.2641892433167 24.0148019790649 24.1622843742371 23.4238061904907
24.1649270057678 24.8711557388306 24.7392225265503 24.5724430084229 24.7517104148865 24.9634666442871 24.4765915870667 24.3103194236755 24.3744134902954 23.7256369590759 23.5830898284912 23.6023697853088 23.8166995048523 23.0164775848389 22.1887540817261 22.0567374229431 21.7546672821045 21.5849390029907 21.3140318393707 21.3065147399902 21.2989985942841 21.7327356338501 22.0623364448547 22.2082495689392 22.5033798217773 22.830687046051 23.1670360565186 22.7657833099365 22.4085068702698 22.3924307823181 22.5812163352966 23.4000644683838 23.2604913711548 22.9172616004944 24.623706817627 24.8262047767639 25.531201839447 26.0433497428894 26.0532965660095 26.7595906257629 26.9307451248169 25.6950888633728 24.3232116699219 24.9603080749512 25.5942325592041 25.1903915405273 24.5854873657227 24.3344197273254 25.3038311004639 24.2167940139771
25.7291865348816 25.2227778434753 25.4257516860962 25.2524480819702 25.2931027412415 25.4751143455505 24.7914066314697 24.8423228263855 24.9054999351501 24.731517791748 25.2825956344604 25.6840314865112 26.2493205070496 25.2612237930298 24.422643661499 22.8857769966125 22.0560011863708 21.4618399143219 21.6584792137146 21.313202381134 21.3082683086395 21.4540276527405 22.2155385017395 22.3651599884033 22.3523564338684 22.1893572807312 22.4885687828064 22.9797496795654 22.6241750717163 22.8027191162109 23.1093034744263 23.616051197052 24.3264241218567 24.137565612793 24.6440968513489 24.1338863372803 24.4916996955872 25.6940579414368 26.1991872787476 27.0939846038818 26.7438611984253 26.0520396232605 26.3736410140991 27.497745513916 25.687647819519 24.782470703125 25.5140805244446 25.6408829689026 24.8804178237915 24.8122482299805
26.4235091209412 25.574568271637 26.0923924446106 26.2968654632568 26.4696912765503 26.1770310401917 26.0143389701843 25.871678352356 25.5899863243103 25.1024928092957 25.661057472229 27.4157643318176 26.7775835990906 26.1036748886108 25.8094758987427 24.2727446556091 22.7459650039673 22.2544612884521 21.4738435745239 21.4714069366455 21.8935384750366 22.3925113677979 22.2188582420349 22.0577397346497 22.0215392112732 22.0113191604614 22.3150539398193 22.6595540046692 23.0020751953125 23.1412529945374 23.6686215400696 24.1720480918884 25.0166301727295 25.0272388458252 25.5296149253845 24.6708674430847 25.1729621887207 24.6369819641113 25.0210628509521 25.6831994056702 25.4893269538879 25.6800327301025 26.1431555747986 26.5627784729004 26.8685426712036 25.9096179008484 25.1453890800476 25.0695147514343 24.8055577278137 24.5351119041443
24.5064272880554 25.216100692749 25.4296774864197 25.8075475692749 26.3283309936523 26.8688836097717 27.2075457572937 26.7207713127136 26.2419667243958 26.1391487121582 25.8235759735107 25.6795496940613 26.0784392356873 25.403799533844 24.9139804840088 24.9341626167297 24.6371412277222 23.7939944267273 22.4387645721436 22.2439370155334 21.8968544006348 22.2062339782715 22.1986389160156 22.392258644104 22.384840965271 22.3402457237244 22.4968295097351 22.6784453392029 23.0246033668518 23.1698579788208 23.1627540588379 23.7014536857605 24.3511490821838 25.1910333633423 25.2248497009277 25.5309453010559 25.7151961326599 25.1333494186401 24.9764232635498 25.472617149353 25.6567492485046 25.4578909873962 26.1056594848633 26.5172958374023 26.4292540550232 26.3412127494812 25.7507538795471 25.2954802513123 25.2103972434998 24.9397029876709
25.1859583854675 25.2252111434937 25.2485489845276 25.6151790618896 25.4475603103638 25.470974445343 26.1841468811035 27.0795793533325 27.1275424957275 27.1490750312805 26.3242263793945 26.0189085006714 25.0026574134827 24.7040395736694 24.5310869216919 24.2319574356079 23.5539631843567 23.572762966156 23.0745077133179 22.5579552650452 22.5532975196838 22.5486397743225 22.3913602828979 22.5524983406067 22.5477719306946 22.5430455207825 22.5383186340332 22.6990280151367 23.0375189781189 23.5392570495605 24.2282528877258 24.0269975662231 23.6727347373962 23.9765839576721 24.5089149475098 24.8380398750305 25.5209078788757 25.6306762695312 25.6173310279846 24.9097385406494 25.0886783599854 25.7818312644958 25.375901222229 25.444682598114 25.4996385574341 25.7405614852905 25.8038501739502 26.0585036277771 26.6405940055847 26.5422048568726
25.5399432182312 25.5648050308228 25.3994498252869 25.6145272254944 25.654670715332 24.9889731407166 25.0109558105469 25.0305390357971 25.5895977020264 26.1117606163025 25.8128118515015 25.4752759933472 24.8086471557617 24.13254737854 23.8235473632812 23.6754536628723 23.3562660217285 23.374728679657 23.2298603057861 23.2530388832092 23.2511420249939 23.4163193702698 23.0609755516052 22.9008045196533 23.2193222045898 23.0642018318176 23.0384802818298 22.8492097854614 22.8709855079651 23.0355200767517 23.0262250900269 23.7072496414185 23.5003132820129 23.4833474159241 23.8206276893616 24.3095555305481 24.2917485237122 24.4249711036682 24.5704865455627 24.5522193908691 24.6966352462769 24.8679027557373 25.1481680870056 25.2098627090454 25.6087141036987 26.0314073562622 26.0866942405701 25.8248019218445 26.2144074440002 26.7830219268799
26.0467777252197 25.5615496635437 25.0786323547363 25.1044025421143 25.3103008270264 25.3364272117615 25.3594126701355 25.225474357605 24.53950548172 24.5586290359497 24.0746698379517 24.0848531723022 24.2946515083313 23.8092541694641 23.3149271011353 23.333194732666 23.3514642715454 23.7455382347107 23.5638146400452 23.7335052490234 23.7579407691956 23.4200553894043 23.7745418548584 23.7756624221802 23.9308853149414 23.7458457946777 23.7467579841614 23.7256293296814 23.9136919975281 23.5733733177185 23.7502856254578 23.5405898094177 23.3649954795837 23.6626267433167 23.8284039497375 23.6174302101135 23.5948328971863 24.0774574279785 24.7480945587158 23.8419299125671 24.1714639663696 24.6507344245911 25.0869312286377 25.1675519943237 25.5583748817444 26.1309995651245 26.3551177978516 26.2422251701355 25.4223961830139 25.3113107681274
25.2105622291565 24.6696376800537 24.409574508667 24.7818508148193 24.4522109031677 24.8475542068481 25.0251626968384 25.2122602462769 24.8968029022217 24.558180809021 24.9482145309448 24.083188533783 23.5972518920898 23.4611258506775 23.4793572425842 23.3150401115417 23.009533405304 23.688328742981 23.3757829666138 23.4090714454651 24.4355955123901 24.4400424957275 23.9360222816467 23.9401264190674 23.9442300796509 23.573205947876 23.5913953781128 23.5952887535095 24.1097054481506 23.9586300849915 24.101996421814 23.5617666244507 23.8915238380432 23.8638510704041 23.9678883552551 23.9393825531006 24.0994787216187 24.2366986274719 24.2076749801636 24.0137534141541 23.9610915184021 23.9318785667419 24.3640718460083 24.6279458999634 25.5080351829529 25.7267642021179 25.4192967414856 25.4602384567261 25.5308918952942 25.2221827507019
24.3301973342896 24.035804271698 24.2511439323425 24.0900888442993 24.1375799179077 23.6528563499451 24.3665990829468 24.3853611946106 24.907648563385 24.9268293380737 25.270133972168 24.425940990448 24.120096206665 23.6328988075256 23.4759268760681 22.9523110389709 22.8149256706238 22.8324036598206 22.8444709777832 23.3944993019104 23.211208820343 23.0476961135864 23.2443933486938 23.4216275215149 23.5840244293213 23.7802228927612 23.9574332237244 24.3195967674255 24.4827537536621 24.1450052261353 24.1135501861572 23.9241433143616 23.7215480804443 24.0119643211365 24.1662359237671 24.3000512123108 23.9115796089172 23.6896190643311 24.3630118370056 24.1622476577759 23.9404010772705 24.4312167167664 24.1673049926758 24.4223799705505 24.6132884025574 25.3178629875183 26.0290460586548 26.088264465332 25.9295120239258 25.4647965431213
23.9012231826782 23.7709999084473 23.6517210006714 23.8327713012695 24.5467958450317 23.7313451766968 23.4300618171692 23.771897315979 24.1233539581299 24.6536426544189 24.4844584465027 23.8113622665405 23.1371221542358 22.9845504760742 23.0017943382263 22.684136390686 22.3576765060425 22.3663396835327 22.3791489601135 22.9288129806519 23.0925388336182 22.7754716873169 23.2987895011902 23.3075637817383 22.9780306816101 23.528350353241 23.536847114563 23.701322555542 24.0649027824402 23.8864870071411 23.87375831604 24.5367889404297 24.1614460945129 24.280827999115 24.2451448440552 24.2094602584839 24.3416957855225 24.8448390960693 24.9602093696594 25.2950139045715 24.8859524726868 24.8488245010376 25.4564051628113 25.333749294281 24.5313277244568 24.4117531776428 24.5995020866394 24.9708499908447 25.5152578353882 25.8659634590149
24.2375664710999 24.1100664138794 23.9678473472595 23.5037975311279 23.3605580329895 23.2314238548279 23.4065427780151 23.2389459609985 23.5960626602173 23.2743053436279 23.4458031654358 22.9462275505066 22.7773408889771 22.6247253417969 22.4879465103149 22.3264226913452 21.83243227005 21.8488306999207 22.0407366752625 22.2365775108337 22.2295746803284 22.9301290512085 23.81760597229 24.3331551551819 23.6822271347046 23.3245568275452 22.981493473053 23.5140571594238 23.7055916786194 23.7152433395386 24.2152738571167 24.3654985427856 24.3330268859863 24.6545295715332 24.5904507637024 24.2205166816711 24.3555588722229 24.3382201194763 24.489185333252 25.1419882774353 24.7400703430176 25.207040309906 25.1345539093018 24.6905012130737 24.728581905365 24.7810788154602 24.6697864532471 24.8894119262695 24.4472007751465 24.1625142097473
24.2380819320679 24.4451942443848 24.1191654205322 24.1585578918457 24.1826415061951 24.0386590957642 23.380980014801 23.3986115455627 23.2633852958679 23.0750598907471 22.586709022522 22.6036400794983 22.4364838600159 22.4532775878906 22.1329612731934 21.9728989601135 21.8435873985291 21.5301394462585 21.7131481170654 21.7298517227173 22.062762260437 22.072413444519 22.7687845230103 22.5947608947754 22.4557638168335 22.4653053283691 22.7995042800903 22.6550459861755 23.1826672554016 23.3632855415344 23.8597421646118 24.0130252838135 23.8298254013062 23.9537415504456 24.0931859016418 24.4139351844788 24.3837652206421 24.5050773620605 25.5074291229248 25.2929997444153 24.5801782608032 24.5492215156555 24.3190007209778 24.5661215782166 24.9633054733276 24.3557686805725 24.2574062347412 24.9702210426331 25.0300307273865 25.0710515975952
24.5671973228455 24.5902996063232 25.2844882011414 24.7880883216858 25.1643495559692 25.3397750854492 24.8687682151794 24.887505531311 24.2230424880981 23.7476215362549 24.2596783638 23.6015110015869 22.7680468559265 22.9541983604431 22.6501407623291 21.9809498786926 21.3182048797607 21.5096907615662 21.6929640769958 21.5577130317688 21.5674262046814 21.9061160087585 21.5868520736694 21.9556913375854 22.2886853218079 22.2987518310547 22.6606869697571 22.4893736839294 22.851158618927 22.8611764907837 23.1860508918762 23.6639633178711 23.9866437911987 23.9597053527832 23.9327664375305 24.0853962898254 24.0474443435669 24.201114654541 24.3247084617615 24.4649319648743 24.7972431182861 24.9190540313721 24.5297026634216 23.5924816131592 24.1783361434937 24.8964262008667 24.1407494544983 24.2257790565491 24.7990293502808 25.6818013191223
24.3793888092041 24.0698027610779 24.2645416259766 23.6188793182373 23.1510281562805 23.8107981681824 23.6623024940491 24.169885635376 23.3674302101135 23.2134113311768 23.4026350975037 24.2424850463867 24.2606348991394 23.4554424285889 22.6197733879089 22.6367025375366 22.5028343200684 22.1884250640869 21.5272378921509 21.3682618141174 21.5489096641541 21.7296833992004 21.9205021858215 22.1110148429871 22.1216063499451 21.7766709327698 22.1337380409241 22.3236999511719 22.3343548774719 22.345009803772 22.3391284942627 22.9952821731567 23.6502542495728 23.9745140075684 23.9509181976318 23.7484836578369 23.903724193573 23.8801279067993 24.0247750282288 24.3306517601013 24.6503138542175 24.6258640289307 24.3944993019104 24.317361831665 24.2402238845825 23.6441583633423 24.0859484672546 24.317991733551 24.4092421531677 25.2790641784668
23.5213665962219 23.7373175621033 23.0952253341675 23.2908873558044 22.9739136695862 22.3291916847229 22.4962735176086 22.3356890678406 22.3247108459473 22.1913995742798 22.3761086463928 23.3793869018555 23.3968877792358 23.0677042007446 22.2670836448669 22.6309962272644 22.4787569046021 22.6584715843201 22.6732549667358 22.193473815918 21.8769969940186 21.5652675628662 21.5766944885254 22.2601718902588 21.7770380973816 21.6139888763428 21.4736218452454 21.6593298912048 21.6704254150391 21.8334021568298 22.1762142181396 22.3326959609985 22.8103675842285 23.1365385055542 23.4687104225159 23.4486899375916 23.4286699295044 23.7309093475342 24.2032470703125 24.3509244918823 24.3300371170044 24.6259765625 24.9338111877441 25.1863965988159 24.6200790405273 24.2069029808044 24.4856057167053 24.7284665107727 24.4957928657532 23.993772983551
22.7217907905579 22.5862927436829 22.921534538269 22.9385323524475 23.1042494773865 21.9267821311951 21.9468159675598 21.958477973938 22.1705417633057 22.011570930481 22.0280017852783 21.8610258102417 21.8804874420166 22.5712509155273 21.9251337051392 21.7925262451172 22.296576499939 22.3132767677307 22.0084643363953 22.6808323860168 22.3534393310547 21.7198476791382 21.4128065109253 21.2527685165405 21.7817993164062 21.7936835289001 21.6356806755066 21.9906115531921 22.0074729919434 22.3641390800476 22.1876354217529 21.8265943527222 22.324282169342 22.9759545326233 22.7894659042358 22.7920851707458 23.0941753387451 23.7508945465088 23.9027032852173 23.8854722976685 24.0170335769653 24.3385019302368 24.6182065010071 24.7400422096252 24.6840500831604 24.1242609024048 24.0682821273804 24.3368678092957 23.9347496032715 23.7119612693787
22.8229370117188 21.7759952545166 21.9283366203308 22.5983538627625 22.281608581543 22.2962965965271 21.6583757400513 21.8062467575073 21.8197736740112 21.6718254089355 21.6912508010864 21.7106785774231 21.7229795455933 21.5911173820496 21.7550210952759 21.9445471763611 22.1294164657593 22.1400933265686 22.497983455658 21.9943208694458 22.2025270462036 22.385133266449 22.572169303894 22.7344827651978 22.4255766868591 22.7817516326904 22.7951726913452 22.80859375 22.5021843910217 22.3433232307434 22.3428258895874 22.3289833068848 22.4881405830383 22.3250188827515 22.6317863464355 22.7874045372009 22.6243104934692 23.2729434967041 23.9209532737732 23.9065165519714 24.2095246315002 24.1948194503784 24.1652836799622 24.4658284187317 24.9026255607605 24.5232467651367 23.9680829048157 23.4352216720581 22.986584186554 23.5974335670471
22.1793241500854 22.1658039093018 22.7404427528381 22.1070055961609 21.619441986084 21.4688205718994 21.6298913955688 21.6540155410767 21.6734910011292 21.692967414856 21.7124438285828 21.8995161056519 21.7513957023621 21.2185764312744 21.4426226615906 21.9397878646851 22.4378452301025 22.621280670166 22.3211388587952 21.848584651947 21.8622283935547 21.7255783081055 22.0586051940918 22.2408542633057 22.0861082077026 22.4399027824402 22.7719693183899 22.7861585617065 22.821786403656 23.3249635696411 23.1568560600281 22.3372855186462 22.4965648651123 22.6547865867615 22.6438112258911 22.6328358650208 23.280330657959 23.438708782196 23.2579426765442 23.5824842453003 23.5708260536194 23.5683846473694 24.3512825965881 23.830424785614 24.4524483680725 24.7624425888062 24.5521512031555 24.0104985237122 23.4875998497009 22.9714784622192
21.8251843452454 21.6923589706421 21.9837856292725 22.0120134353638 21.760217666626 21.4596781730652 22.4343862533569 21.9528346061707 21.3519153594971 22.2548198699951 22.1055479049683 21.9583110809326 21.4293370246887 21.4486937522888 20.9179267883301 20.9347944259644 21.6127152442932 21.9619765281677 21.8312959671021 22.01118516922 22.0027160644531 22.3558988571167 22.2019639015198 22.0696125030518 22.084219455719 22.2676630020142 22.7678880691528 22.7824974060059 22.6489424705505 23.0015554428101 23.3214683532715 23.1440587043762 22.8174328804016 22.8124461174011 22.8047981262207 22.9669680595398 22.9593324661255 23.2879886627197 23.7699842453003 23.4424505233765 23.0921101570129 23.4270725250244 23.7294759750366 23.7069873809814 24.3366465568542 24.6287417411804 24.6050372123718 23.9307999610901 23.9076342582703 23.8844676017761
21.7833490371704 21.9550080299377 22.3578796386719 22.3853430747986 21.5497012138367 21.4159917831421 21.6230835914612 21.6389646530151 20.8246088027954 20.8434681892395 20.6949257850647 21.2592506408691 21.215756893158 21.2316575050354 21.1022682189941 20.4746890068054 20.965585231781 20.8359923362732 21.3276300430298 21.6738686561584 21.5212326049805 22.0138621330261 22.5071740150452 22.0446152687073 22.2252864837646 22.2644472122192 22.5923357009888 22.7772617340088 22.7898483276367 22.6606249809265 22.8328428268433 22.8283438682556 23.1565599441528 23.2994937896729 22.9836382865906 22.9795565605164 23.4557414054871 23.9387793540955 23.7873148918152 23.9541478157043 23.7792201042175 23.2727627754211 23.4250478744507 23.2535176277161 23.8911147117615 24.048933506012 23.6941184997559 23.6407189369202 23.4257364273071 23.4134936332703
21.9897885322571 22.0157113075256 21.883903503418 21.795825958252 21.4972715377808 21.3641219139099 21.775288105011 21.9351587295532 21.3830652236938 21.5690979957581 20.8812565803528 20.5624704360962 20.5775537490845 20.7530384063721 21.0796775817871 20.7837514877319 20.655011177063 20.3604235649109 20.8470907211304 21.3365726470947 21.6592307090759 21.1995062828064 21.8565139770508 22.5144987106323 21.8884043693542 22.4016103744507 22.4178304672241 22.6031651496887 22.9306473731995 23.1125392913818 22.8090577125549 23.4539957046509 23.4536910057068 23.4685940742493 23.9517393112183 23.6203846931458 23.3055934906006 23.4756379127502 23.7817282676697 24.1210103034973 24.1208610534668 23.9629335403442 23.6212072372437 23.6201763153076 23.130850315094 23.2760372161865 23.2748131752014 23.4435181617737 23.1395049095154 23.1393218040466
