data/spatiotemp/temp2/bio18_norsw_test_2007_2010.asc
NCOLS 654 
NROWS 380 
XLLCORNER 3.91666666666667 
YLLCORNER 55.3333333333333 
CELLSIZE 0.0416666666666667 
NODATA_value -9999 
[rows 264 to 285 of 380, columns 100 to 149 of 654]
335.507171630859 327.949951171875 307.723838806152 311.932029724121 337.921524047852 340.61604309082 334.790824890137 328.957565307617 334.546051025391 329.601768493652 318.308219909668 323.891052246094 312.913833618164 320.684539794922 327.56812286377 337.552001953125 341.48063659668 344.058799743652 350.148406982422 335.799842834473 317.462646484375 305.151412963867 287.689758300781 299.677154541016 297.222152709961 306.554504394531 324.141609191895 333.19157409668 335.658218383789 334.773078918457 327.97550201416 316.572738647461 299.339584350586 330.33268737793 326.903663635254 321.837265014648 319.729911804199 320.151557922363 308.913543701172 304.514984130859 305.700828552246 332.415321350098 339.457176208496 338.267288208008 337.506858825684 335.817077636719 320.345497131348 315.224494934082 311.890007019043 300.294097900391
336.523323059082 335.680122375488 323.070678710938 326.934387207031 318.173606872559 330.669059753418 332.471549987793 327.555351257324 333.164428710938 334.961921691895 337.659591674805 334.009086608887 339.290679931641 325.398307800293 311.885612487793 306.009468078613 311.558959960938 320.15682220459 338.142601013184 357.3447265625 354.463714599609 354.519500732422 308.00789642334 300.821212768555 299.545372009277 304.312599182129 322.201736450195 331.247749328613 329.87979888916 331.664115905762 338.193313598633 331.388824462891 304.82447052002 305.237922668457 307.896591186523 337.691871643066 344.286392211914 328.299453735352 323.938591003418 325.293334960938 314.322631835938 314.474807739258 324.985618591309 326.06787109375 319.767631530762 317.63395690918 309.029640197754 299.729797363281 295.957450866699 288.262565612793
314.519546508789 323.118949890137 313.063026428223 314.770896911621 313.631767272949 317.257331848145 325.06184387207 327.781555175781 329.595001220703 333.59774017334 332.495941162109 335.599761962891 323.019119262695 320.426597595215 310.013977050781 310.179580688477 304.244537353516 304.28125 317.127990722656 328.669479370117 331.231094360352 350.44580078125 331.312454223633 321.466598510742 300.536460876465 298.061340332031 302.828750610352 319.110473632812 333.099945068359 338.746673583984 346.925476074219 344.889778137207 331.256813049316 309.845809936523 306.401649475098 311.617233276367 311.770660400391 316.095397949219 319.511840820312 337.405792236328 331.266700744629 309.612228393555 309.764015197754 313.827629089355 311.428283691406 307.666000366211 301.345993041992 296.209228515625 288.510650634766 287.710006713867
318.612274169922 320.347610473633 334.408744812012 345.935111999512 328.318237304688 318.719718933105 324.362693786621 328.729522705078 336.56916809082 341.503028869629 341.712112426758 332.977951049805 319.496780395508 319.116439819336 323.139030456543 299.744972229004 309.727584838867 297.346488952637 312.315902709961 345.258865356445 331.564720153809 335.434700012207 331.627349853516 321.460456848145 312.316017150879 302.148399353027 308.24195098877 304.432281494141 303.047950744629 334.28369140625 351.088226318359 338.820793151855 336.778678894043 345.006874084473 336.120758056641 327.488334655762 343.239288330078 328.148643493652 309.813377380371 317.36612701416 335.599739074707 329.570037841797 303.263313293457 311.250434875488 311.833740234375 304.148262023926 294.147102355957 291.735260009766 298.122497558594 298.937599182129
345.006439208984 342.592613220215 360.494102478027 349.198753356934 326.869918823242 327.81275177002 330.014175415039 334.055130004883 339.009132385254 339.235992431641 339.802345275879 340.02685546875 340.251365661621 329.697235107422 312.361892700195 302.679985046387 293.804275512695 283.609474182129 293.845932006836 324.192909240723 346.955513000488 329.393714904785 339.32341003418 339.349487304688 335.531913757324 334.657127380371 343.990074157715 348.760055541992 313.929679870605 304.161895751953 338.631141662598 348.199012756348 344.841102600098 341.471527099609 339.434463500977 351.598709106445 350.4912109375 349.382041931152 330.636459350586 310.628158569336 307.015243530273 321.217323303223 328.536758422852 309.095611572266 304.39013671875 302.23600769043 303.757667541504 333.98787689209 353.822265625 357.937347412109
356.893180847168 355.782440185547 347.404151916504 333.937034606934 336.669769287109 334.729568481445 343.870315551758 350.85285949707 351.107727050781 342.420692443848 345.207130432129 344.545066833496 339.662246704102 335.4912109375 334.097259521484 320.593048095703 316.870529174805 303.137596130371 289.079566955566 303.167808532715 323.632904052734 330.122611999512 327.199104309082 334.003845214844 340.095581054688 343.057929992676 354.62158203125 351.698226928711 336.996627807617 311.214698791504 315.262596130371 341.482940673828 342.912445068359 344.77131652832 348.478614807129 348.080490112305 344.43310546875 341.04727935791 337.649467468262 326.672546386719 325.376197814941 307.549858093262 308.647918701172 304.625305175781 299.909355163574 300.064964294434 329.658668518066 362.935096740723 362.17195892334 356.086402893066
346.304557800293 331.236625671387 326.677459716797 327.19310760498 332.127944946289 342.56436920166 344.46036529541 351.093132019043 348.44979095459 343.977691650391 341.13005065918 341.394104003906 341.27498626709 343.169471740723 327.141014099121 333.785522460938 348.011878967285 352.783592224121 358.863220214844 308.31623840332 302.25562286377 321.422866821289 321.428092956543 318.902114868164 326.611030578613 348.106391906738 374.367050170898 364.154281616211 351.06526184082 333.924461364746 306.458801269531 320.805671691895 344.576217651367 334.376052856445 323.21834564209 344.553398132324 348.719337463379 351.547492980957 338.050247192383 321.523643493652 316.986312866211 317.152290344238 311.768775939941 297.819244384766 309.114891052246 335.889892578125 347.887474060059 352.014656066895 349.866157531738 350.049743652344
303.599922180176 307.582809448242 314.109939575195 321.913192749023 324.674606323242 334.213722229004 339.598899841309 341.138198852539 343.050079345703 344.246795654297 349.99781036377 351.917373657227 354.753120422363 385.471336364746 376.790428161621 372.33048248291 369.54850769043 364.397079467773 357.411010742188 344.938209533691 306.799728393555 301.636116027832 310.567779541016 312.798614501953 314.120208740234 358.348175048828 383.717430114746 366.479721069336 351.344421386719 341.646697998047 337.402275085449 316.9384765625 311.292778015137 319.147552490234 323.548202514648 317.873908996582 345.464920043945 360.04907989502 351.156341552734 355.640319824219 350.192893981934 329.348091125488 305.907958984375 298.194122314453 332.445007324219 356.040512084961 346.967407226562 347.154335021973 346.379486083984 337.697601318359
308.773872375488 315.32568359375 320.963195800781 324.977172851562 329.952796936035 335.69376373291 340.729614257812 354.146629333496 358.290260314941 357.314414978027 357.966926574707 353.85863494873 353.248603820801 362.171844482422 380.113899230957 376.58708190918 370.670028686523 366.808288574219 362.028045654297 362.024398803711 348.21720123291 321.205841064453 299.368515014648 314.395561218262 315.710327148438 379.26847076416 397.855644226074 376.73023223877 368.399101257324 362.601577758789 359.32194519043 349.607261657715 338.51749420166 337.724716186523 347.690925598145 319.55738067627 334.105918884277 353.980949401855 364.973648071289 369.239395141602 349.262031555176 329.758087158203 309.275688171387 299.941162109375 325.392532348633 350.218162536621 356.701713562012 359.887664794922 352.175819396973 352.369415283203
319.391670227051 322.158027648926 328.736213684082 333.689521789551 349.241981506348 348.652236938477 353.719802856445 368.08910369873 370.976440429688 372.950416564941 359.555702209473 361.520500183105 361.852798461914 359.967918395996 356.441017150879 354.20686340332 356.002922058105 359.854064941406 363.705062866211 367.878326416016 365.31177520752 359.809959411621 309.990936279297 320.250099182129 319.940811157227 348.181396484375 365.862510681152 354.269645690918 363.214920043945 365.160621643066 365.776031494141 367.731002807617 366.072845458984 361.85066986084 355.584777832031 327.448722839355 331.909461975098 353.438400268555 344.801528930664 345.371185302734 329.984657287598 321.321113586426 305.7119140625 297.743751525879 302.826049804688 314.858154296875 326.904174804688 324.736602783203 324.917846679688 333.441665649414
321.206497192383 332.166664123535 340.029075622559 342.799003601074 347.602874755859 353.951400756836 356.821098327637 376.319938659668 365.151504516602 364.195091247559 370.00464630127 366.833343505859 367.167304992676 371.356590270996 367.835273742676 361.15788269043 360.020935058594 348.427993774414 350.984992980957 363.883125305176 357.078834533691 345.87434387207 313.729637145996 338.543006896973 330.818397521973 320.552589416504 320.157333374023 320.1611328125 337.746559143066 348.996063232422 344.074890136719 347.18669128418 352.991744995117 357.469543457031 348.89143371582 336.36833190918 318.932640075684 362.37377166748 341.937957763672 334.612602233887 318.262588500977 308.007392883301 297.740432739258 312.137603759766 323.248558044434 321.450157165527 326.267539978027 331.836654663086 332.690940856934 321.007957458496
321.478775024414 328.956230163574 341.542808532715 348.476264953613 345.245910644531 351.915115356445 361.166160583496 364.943923950195 362.704246520996 363.351127624512 364.582832336426 367.816123962402 370.684326171875 371.333595275879 372.944374084473 373.258460998535 373.43440246582 369.936401367188 354.512405395508 355.85319519043 361.063926696777 342.162086486816 317.383995056152 331.566116333008 323.870025634766 319.112945556641 311.414505004883 304.640693664551 317.42830657959 343.712753295898 366.192657470703 362.860015869141 349.175842285156 351.992195129395 358.98983001709 352.654502868652 331.957679748535 320.936882019043 331.589057922363 320.273384094238 312.770957946777 313.455642700195 306.559875488281 312.162673950195 344.0927734375 363.230674743652 357.988235473633 345.434997558594 333.834411621094 325.203628540039
343.035499572754 345.772254943848 337.031959533691 347.764266967773 348.916862487793 355.571907043457 359.68677520752 366.019515991211 366.645706176758 368.560607910156 371.067665100098 370.431427001953 371.056076049805 375.200729370117 376.754730224609 379.276161193848 377.227912902832 368.641036987305 359.353202819824 346.898231506348 336.681007385254 335.819938659668 326.533386230469 354.902122497559 341.214950561523 334.476493835449 325.478713989258 307.80443572998 315.796028137207 331.072425842285 350.958786010742 365.668548583984 359.733345031738 352.028823852539 356.426887512207 352.065330505371 341.059280395508 312.965110778809 320.996124267578 321.435935974121 338.550521850586 346.573974609375 351.31965637207 333.561752319336 307.608268737793 314.899253845215 347.958694458008 365.615142822266 359.057540893555 351.900444030762
342.058166503906 341.284149169922 340.163040161133 345.070167541504 352.006462097168 357.022972106934 362.403160095215 365.218772888184 366.075408935547 366.67667388916 366.941581726074 367.539596557617 361.725692749023 354.274444580078 352.298477172852 356.042022705078 353.657371520996 352.452125549316 354.550674438477 335.701393127441 318.710205078125 320.119979858398 308.611686706543 315.122657775879 303.604736328125 295.952178955078 317.661033630371 329.37622833252 295.026802062988 330.334533691406 334.642372131348 359.355026245117 362.365325927734 351.122711181641 366.249755859375 358.891090393066 329.219024658203 312.588798522949 310.007820129395 309.191032409668 310.552909851074 338.972999572754 363.116287231445 358.681365966797 355.202751159668 325.341049194336 315.245216369629 327.590148925781 339.96802520752 331.454238891602
336.319564819336 332.612724304199 334.940536499023 349.458335876465 358.235237121582 361.716903686523 364.170944213867 366.629104614258 370.714530944824 367.448089599609 360.926177978516 341.911956787109 353.69425201416 387.324951171875 402.642196655273 408.388473510742 394.771774291992 391.049430847168 388.013656616211 383.041122436523 379.314155578613 370.481071472168 355.231575012207 350.570426940918 352.969329833984 328.544052124023 289.8115234375 292.467346191406 281.054992675781 331.595428466797 331.577850341797 347.534713745117 369.035224914551 374.973808288574 364.631874084473 355.876861572266 342.233039855957 338.703117370605 345.983283996582 347.332557678223 333.427925109863 316.574523925781 360.49072265625 368.963310241699 361.620719909668 365.170722961426 352.833000183105 320.326210021973 313.840133666992 326.299003601074
327.652114868164 330.306999206543 332.611938476562 346.765808105469 350.41365814209 356.08423614502 366.53369140625 372.216094970703 372.437507629395 374.883422851562 386.296180725098 389.082077026367 379.374610900879 347.821006774902 384.363227844238 397.102081298828 402.104995727539 398.738708496094 395.422416687012 396.910820007324 397.394195556641 394.082817077637 380.481704711914 376.785949707031 356.080459594727 372.582382202148 364.722473144531 347.112602233887 307.219879150391 290.655342102051 326.905609130859 354.504089355469 366.566635131836 375.696098327637 372.437835693359 370.264183044434 376.169059753418 384.392082214355 386.394149780273 385.179992675781 366.059715270996 326.35075378418 322.740592956543 344.057655334473 350.239120483398 364.141426086426 351.866897583008 329.964057922363 316.959419250488 320.125122070312
325.364799499512 316.140411376953 324.56616973877 334.867210388184 341.985702514648 342.171546936035 353.88191986084 354.073516845703 360.668525695801 371.114723205566 381.56867980957 370.216636657715 340.851127624512 331.699607849121 350.220191955566 384.51439666748 401.099006652832 403.87036895752 408.319717407227 407.60082244873 402.636306762695 399.360809326172 388.343238830566 364.829925537109 339.134368896484 367.416236877441 371.508087158203 358.739486694336 316.546264648438 281.439468383789 337.528564453125 375.450233459473 383.593307495117 388.79377746582 382.945976257324 386.256301879883 376.474235534668 376.814765930176 370.268737792969 380.770820617676 374.831176757812 357.499572753906 355.634841918945 361.274116516113 346.143424987793 331.334999084473 322.420791625977 338.008255004883 325.07543182373 323.318969726562
303.882095336914 300.084754943848 309.078575134277 329.936729431152 346.340240478516 341.38549041748 341.549842834473 338.810401916504 329.992835998535 344.254356384277 355.966186523438 354.840339660645 363.652793884277 367.996536254883 359.510345458984 333.967910766602 335.455505371094 343.763412475586 346.237831115723 356.186752319336 387.29736328125 367.891578674316 343.657958984375 320.631103515625 319.518249511719 339.132743835449 370.417915344238 362.88948059082 334.60050201416 291.668853759766 328.291557312012 388.618141174316 387.58073425293 380.082618713379 375.529876708984 370.311721801758 376.124519348145 369.543899536133 363.603729248047 371.733657836914 374.616943359375 366.611366271973 350.031890869141 351.784797668457 349.973022460938 328.280334472656 328.004615783691 339.31526184082 329.435005187988 328.765914916992
315.395774841309 295.522064208984 295.535682678223 308.018928527832 315.776748657227 320.093437194824 328.862327575684 330.88793182373 319.480628967285 306.776298522949 332.912986755371 368.389335632324 379.746711730957 376.9853515625 367.179397583008 353.193542480469 354.694564819336 367.209548950195 371.037147521973 355.540367126465 338.067649841309 343.219612121582 329.591674804688 317.824195861816 340.122909545898 310.537315368652 300.725105285645 316.502754211426 299.82568359375 321.780265808105 338.928489685059 384.855964660645 386.464462280273 378.919044494629 362.19873046875 355.978637695312 379.689125061035 372.117340087891 358.304206848145 372.862281799316 369.51602935791 364.876594543457 360.845703125 356.156646728516 330.394248962402 327.213623046875 346.551292419434 353.996871948242 336.796379089355 326.929786682129
297.353317260742 299.910903930664 311.103324890137 317.829147338867 318.829032897949 327.923416137695 347.274078369141 361.503868103027 363.861968994141 335.747848510742 321.405174255371 317.663932800293 342.508911132812 370.275047302246 379.05640411377 375.325157165527 345.662864685059 356.589622497559 382.627731323242 371.039642333984 358.497329711914 363.048904418945 352.670738220215 324.48762512207 335.466789245605 349.682159423828 309.63899230957 290.44157409668 328.370056152344 362.672355651855 339.089958190918 368.186294555664 369.33952331543 372.501815795898 373.659843444824 347.863250732422 371.770278930664 360.238189697266 360.438003540039 373.032981872559 372.988189697266 364.508613586426 354.031829833984 343.093963623047 333.461730957031 354.45458984375 349.778137207031 344.065650939941 331.904403686523 324.711044311523
306.915031433105 306.872718811035 335.664009094238 356.148078918457 367.716758728027 350.200912475586 334.90763092041 338.855010986328 333.154098510742 328.11083984375 347.464653015137 372.291427612305 372.393203735352 350.975967407227 344.659393310547 343.147766113281 341.744590759277 330.470664978027 353.015335083008 363.701232910156 346.94255065918 347.264068603516 346.640258789062 336.26424407959 315.824089050293 321.338645935059 314.800704956055 316.701507568359 299.045433044434 306.311248779297 317.200813293457 334.552536010742 343.454246520996 331.892044067383 326.529335021973 329.630859375 352.528022766113 336.633743286133 349.876617431641 366.090293884277 363.732513427734 356.907424926758 341.908210754395 325.44800567627 344.464195251465 350.409980773926 346.394493103027 336.724891662598 330.649085998535 326.506393432617
310.66805267334 342.704742431641 370.53360748291 378.493515014648 375.600952148438 381.151054382324 367.11449432373 367.198486328125 347.692283630371 337.824867248535 334.999855041504 365.901802062988 381.397094726562 380.837554931641 383.820991516113 380.994682312012 385.078201293945 397.038719177246 393.266563415527 391.099060058594 387.325866699219 375.80086517334 364.542137145996 361.027519226074 338.075225830078 338.418586730957 344.940559387207 319.224662780762 310.693893432617 313.34903717041 302.694053649902 305.746505737305 330.618804931641 344.995162963867 318.714179992676 310.049919128418 339.819702148438 353.259056091309 339.326034545898 332.967674255371 330.971878051758 341.444595336914 346.426010131836 341.914665222168 329.808433532715 345.356002807617 341.385917663574 338.393829345703 334.347862243652 326.22631072998
