data/spatiotemp/temp2/bio17_norsw_test_2007_2010.asc
NCOLS 654 
NROWS 380 
XLLCORNER 3.91666666666667 
YLLCORNER 55.3333333333333 
CELLSIZE 0.0416666666666667 
NODATA_value -9999 
[rows 286 to 307 of 380, columns 600 to 649 of 654]
112.411123275757 112.586942672729 112.732316970825 114.158273696899 113.011318206787 114.565475463867 114.573120117188 115.01774597168 113.466638565063 113.400766372681 114.609693527222 116.547384262085 116.477598190308 115.829641342163 114.495628356934 113.69128036499 113.623662948608 114.295833587646 114.229236602783 114.031969070435 114.201927185059 112.958709716797 114.215257644653 114.22191619873 112.9817237854 111.787654876709 111.049385070801 111.058267593384 111.816930770874 109.083549499512 107.279870986938 108.085525512695 108.063814163208 106.458932876587 107.644296646118 107.907243728638 107.539354324341 105.685298919678 106.867462158203 106.815713882446 107.012638092041 106.395111083984 105.11407661438 106.291055679321 104.643964767456 104.492506027222 105.562582015991 105.408725738525 105.25486946106 103.003747940063
111.063079833984 112.888784408569 114.778280258179 116.914321899414 115.042861938477 117.312156677246 118.172067642212 115.569316864014 115.605178833008 113.535837173462 114.929964065552 115.294473648071 117.239135742188 114.595705032349 112.533531188965 112.784152984619 112.416692733765 114.356792449951 112.169759750366 113.365306854248 115.153547286987 115.029657363892 114.29132270813 115.353466033936 113.729236602783 113.234634399414 111.117502212524 109.130519866943 109.451360702515 110.389305114746 110.395971298218 110.088283538818 108.126474380493 106.088594436646 107.282907485962 107.990612030029 107.62940788269 108.336643218994 106.970426559448 106.925416946411 105.810606002808 104.533569335938 104.489276885986 106.109304428101 102.804571151733 103.32307434082 104.117136001587 103.653453826904 104.379667282104 103.016302108765
111.388040542603 114.699682235718 114.822973251343 116.361671447754 115.791101455688 115.322309494019 115.316148757935 116.719993591309 115.603359222412 115.549936294556 115.805368423462 115.752141952515 116.687589645386 116.206830978394 115.842393875122 114.523462295532 114.780628204346 115.15775680542 115.492853164673 113.440458297729 115.412952423096 114.165376663208 113.426990509033 113.120515823364 112.552663803101 110.431943893433 109.937570571899 109.195507049561 111.19810295105 111.204336166382 108.642576217651 109.892255783081 107.435752868652 107.397369384766 106.872047424316 108.827342987061 108.788949966431 107.865015029907 106.590278625488 105.799621582031 103.456995010376 103.420333862305 103.25567817688 105.013576507568 103.694902420044 104.090662002563 104.269412994385 102.588792800903 103.197948455811 104.401931762695
112.863479614258 113.722463607788 113.151489257812 113.282543182373 114.809232711792 114.614402770996 115.034049987793 116.847764968872 116.879964828491 115.555040359497 114.234041213989 114.499340057373 114.454992294312 116.947849273682 117.508054733276 117.460657119751 117.413265228271 116.050464630127 114.432712554932 113.51561164856 114.237045288086 114.242010116577 114.246959686279 113.678749084473 111.372966766357 111.248821258545 111.25373840332 110.00994682312 112.327772140503 110.517183303833 110.521167755127 109.95355796814 108.380647659302 107.905027389526 108.626949310303 107.270936965942 105.999267578125 106.285375595093 107.493383407593 105.907543182373 103.568897247314 103.538883209229 105.497388839722 105.339078903198 106.01051902771 103.007116317749 103.195585250854 104.85740852356 104.154344558716 104.446308135986
117.709802627563 117.202920913696 116.619441986084 116.737552642822 116.842170715332 115.664680480957 117.0514087677 117.886522293091 117.187740325928 115.870370864868 116.254482269287 117.06418800354 115.623949050903 114.847887039185 115.545072555542 115.505638122559 115.629722595215 114.851469039917 114.812549591064 115.719627380371 114.315019607544 113.062707901001 114.322242736816 113.752599716187 112.190027236938 110.942377090454 112.070529937744 112.075080871582 110.756866455078 108.760673522949 109.336227416992 107.778436660767 106.882196426392 107.974452972412 107.775650024414 106.427015304565 107.029975891113 105.93540763855 105.284809112549 102.78275680542 105.236934661865 105.967777252197 104.707708358765 105.793182373047 102.58842086792 101.487464904785 103.346340179443 104.446531295776 105.067920684814 104.9391040802
120.991863250732 120.353092193604 119.257116317749 119.354633331299 116.310245513916 116.409324645996 115.779605865479 114.597497940063 114.631177902222 115.876258850098 117.118072509766 119.091739654541 118.097467422485 116.058197021484 116.635803222656 115.126071929932 114.945268630981 115.100156784058 115.087196350098 116.850826263428 113.447841644287 110.562633514404 111.822490692139 112.570850372314 111.005752563477 111.009914398193 112.452932357788 112.456335067749 110.143486022949 109.574710845947 107.833185195923 106.949754714966 106.942632675171 106.797426223755 107.096237182617 106.508205413818 106.174736022949 104.03265953064 103.261407852173 103.245100021362 103.98415184021 105.20694732666 105.945476531982 104.691425323486 103.97812461853 104.373403549194 105.041358947754 104.605043411255 103.583814620972 105.111335754395
119.76075553894 119.543041229248 120.15083694458 118.957313537598 116.338249206543 118.036449432373 118.879592895508 116.858316421509 117.917657852173 117.891490936279 117.13077545166 117.103765487671 118.125387191772 118.099426269531 118.811389923096 117.92008972168 115.883171081543 115.135292053223 113.687324523926 115.666765213013 115.527986526489 112.787128448486 112.069452285767 112.643156051636 111.388954162598 112.332817077637 110.952619552612 110.205467224121 109.456336975098 109.894332885742 108.645179748535 107.893880844116 107.190690994263 106.865121841431 105.168811798096 107.161109924316 106.579427719116 104.442638397217 104.871437072754 104.106290817261 105.338489532471 105.448421478271 105.434200286865 104.663398742676 101.122591018677 102.065828323364 103.647850036621 104.288379669189 105.399765014648 104.062158584595
118.33667755127 119.394916534424 120.655923843384 116.564481735229 114.660118103027 118.741363525391 119.552356719971 119.635143280029 120.210767745972 117.162900924683 117.03392791748 116.897773742676 116.292776107788 117.397094726562 117.377370834351 118.096593856812 115.779861450195 115.777080535889 113.754716873169 113.737707138062 112.806549072266 112.835699081421 111.605279922485 113.640138626099 113.670299530029 113.46502494812 110.585102081299 109.698188781738 110.271152496338 110.271663665771 109.01958656311 107.695344924927 108.705148696899 105.998769760132 105.996719360352 105.105796813965 105.992614746094 106.346549987793 106.53465461731 104.968729019165 104.966161727905 106.331932067871 106.640018463135 106.199165344238 105.822563171387 105.619211196899 103.827724456787 103.243587493896 103.261402130127 103.905843734741
116.324775695801 115.827598571777 118.544567108154 118.127511978149 117.406404495239 119.488664627075 119.562040328979 118.387350082397 119.245973587036 118.435174942017 115.888450622559 118.437616348267 117.702091217041 117.431848526001 119.426992416382 117.406585693359 118.66114616394 117.995532989502 117.078504562378 117.079248428345 115.812168121338 112.884267807007 112.91520690918 112.946144104004 112.78712272644 111.401182174683 111.085969924927 111.086166381836 108.506807327271 109.446889877319 108.192089080811 110.017192840576 107.312580108643 106.064882278442 106.069715499878 105.757637023926 105.506422042847 105.193027496338 105.953817367554 107.204252243042 106.275003433228 105.52161026001 106.0110912323 106.77209854126 106.400165557861 103.725465774536 102.744695663452 104.154523849487 105.033582687378 102.765802383423
116.52995300293 115.326965332031 115.410587310791 116.049896240234 117.694305419922 117.778249740601 119.140531539917 119.949289321899 119.66554069519 117.157238006592 117.899723052979 119.180372238159 119.963314056396 118.195287704468 117.461059570312 117.455516815186 117.134395599365 118.185234069824 118.520347595215 117.25977897644 117.278961181641 114.196300506592 111.702936172485 111.598278045654 111.597120285034 111.280069351196 111.013525009155 110.579021453857 110.578189849854 108.567953109741 109.507345199585 109.378980636597 108.128934860229 106.886734008789 106.898777008057 106.020713806152 106.031745910645 107.292530059814 107.302665710449 107.312801361084 107.197896957397 108.134347915649 106.898036956787 105.663526535034 102.91933631897 102.506286621094 101.65860748291 103.556205749512 102.897987365723 102.293006896973
117.43217086792 116.67449760437 116.74564743042 118.378393173218 118.452508926392 118.526626586914 118.600749969482 119.217060089111 121.254711151123 119.667482376099 119.24963760376 117.978986740112 116.709930419922 118.472290039062 117.619035720825 118.232830047607 118.243595123291 118.122983932495 116.553689956665 116.039148330688 116.062477111816 114.246379852295 112.270530700684 111.787088394165 111.666511535645 110.611148834229 110.782405853271 108.633569717407 108.631181716919 109.887241363525 108.310703277588 108.182281494141 108.190168380737 108.208253860474 108.543109893799 106.234308242798 105.678800582886 106.136022567749 106.646480560303 106.538240432739 107.80379486084 108.578725814819 105.780002593994 103.848585128784 103.056112289429 103.455041885376 103.043075561523 102.955682754517 101.06130027771 102.228729248047
118.231296539307 118.417371749878 118.615594863892 118.678737640381 119.886518478394 120.083786010742 119.277084350586 120.071252822876 121.378835678101 120.11407661438 118.725839614868 117.463565826416 118.747350692749 120.029876708984 119.242961883545 119.134391784668 118.410377502441 120.299842834473 119.046857833862 116.689653396606 115.366981506348 114.000015258789 112.929460525513 110.435857772827 109.724168777466 110.041801452637 108.826419830322 108.111625671387 109.445344924927 108.689636230469 109.440050125122 108.682176589966 108.567279815674 107.836427688599 108.618391036987 107.886690139771 107.019136428833 106.599687576294 105.370765686035 105.887655258179 105.910696029663 106.693546295166 106.395824432373 104.954288482666 104.92381477356 104.701606750488 104.698190689087 103.64008140564 101.560649871826 100.311674118042
118.584497451782 118.641441345215 117.969873428345 119.445648193359 120.230907440186 120.286584854126 119.455560684204 121.674955368042 123.159027099609 120.996059417725 120.267461776733 118.875694274902 117.610029220581 119.383939743042 119.395353317261 120.146326065063 120.033569335938 119.166505813599 117.466646194458 116.208654403687 113.240673065186 111.889793395996 111.931529998779 111.834529876709 111.863235473633 111.864416122437 110.235525131226 109.012813568115 108.837327957153 110.852769851685 111.149263381958 108.840972900391 108.85552406311 108.758069992065 106.453081130981 105.148759841919 105.175481796265 103.822996139526 103.529602050781 102.303884506226 101.75280380249 102.708498001099 103.861177444458 102.636838912964 103.861633300781 104.277395248413 103.219484329224 101.306352615356 100.945302963257 100.317628860474
119.845643997192 119.162343978882 119.205463409424 119.24859046936 118.561084747314 120.617330551147 121.621532440186 121.738166809082 123.326427459717 120.071466445923 120.067823410034 120.064176559448 119.523178100586 118.658029556274 119.820064544678 119.675800323486 119.547399520874 118.803562164307 116.683515548706 116.41397857666 114.181079864502 112.095304489136 112.889652252197 114.047180175781 114.060394287109 112.48787689209 110.810525894165 112.51556968689 111.77765083313 111.089971542358 111.628263473511 111.115884780884 111.135160446167 110.871547698975 109.981563568115 108.749153137207 106.183458328247 106.641918182373 107.364513397217 107.389230728149 105.253870010376 104.19213104248 104.542730331421 104.115215301514 102.842218399048 104.286273956299 101.774435043335 101.334604263306 99.9018802642822 98.3946266174316
120.643995285034 121.610065460205 122.593885421753 122.721946716309 124.273591995239 123.671047210693 123.148252487183 123.153673171997 123.04746055603 122.92267036438 120.399518966675 118.042713165283 118.022350311279 118.614133834839 117.950777053833 117.933555603027 119.187334060669 120.046022415161 119.496311187744 117.360931396484 115.174425125122 113.169965744019 112.930110931396 112.20955657959 112.233777999878 113.521919250488 113.545663833618 113.244359970093 113.75156211853 111.903919219971 113.093658447266 111.890432357788 110.318397521973 110.215726852417 110.238746643066 109.003583908081 106.433702468872 106.128686904907 106.027072906494 107.576677322388 106.569581985474 104.764692306519 104.792285919189 104.56809425354 105.324138641357 105.968437194824 102.750873565674 100.955076217651 100.777696609497 100.225620269775
123.424856185913 124.025203704834 123.998462677002 125.420125961304 123.644023895264 124.362874984741 124.807472229004 123.175355911255 124.654672622681 124.327146530151 120.674909591675 118.300703048706 120.281396865845 120.571905136108 119.504219055176 119.469945907593 119.435670852661 121.28529548645 119.655672073364 116.950386047363 116.58256149292 117.051626205444 115.092472076416 113.380645751953 112.419054031372 112.126852035522 113.754035949707 114.108352661133 113.465410232544 113.089906692505 112.919040679932 112.928340911865 110.579330444336 110.600332260132 109.236135482788 108.501724243164 108.282373428345 108.307611465454 106.269620895386 105.533584594727 106.312267303467 104.755159378052 104.528158187866 104.552968978882 103.639245986938 103.175722122192 101.926637649536 102.227169036865 101.229820251465 99.4661064147949
125.42024230957 125.535223007202 125.326602935791 125.902038574219 125.681573867798 126.121250152588 126.720510482788 126.759208679199 123.6695728302 123.414197921753 119.79421043396 119.621591567993 120.854455947876 120.806533813477 121.496467590332 122.596292495728 122.203392028809 121.586698532104 120.143724441528 120.059814453125 116.961742401123 114.511564254761 113.379972457886 115.274267196655 114.575788497925 112.651592254639 112.36745262146 113.417177200317 113.002931594849 112.24374961853 113.546270370483 112.544992446899 111.754430770874 109.176805496216 106.89443397522 107.153541564941 108.776277542114 108.309938430786 107.492637634277 107.136041641235 107.37738609314 106.994997024536 104.362112045288 104.132522583008 102.481239318848 100.839099884033 99.4812107086182 99.7440700531006 100.029161453247 100.10830116272
126.625703811646 127.584592819214 128.423051834106 128.038116455078 128.147424697876 127.772371292114 127.880908966064 126.223066329956 125.17272567749 124.446224212646 124.682382583618 123.49481010437 125.14794921875 123.428426742554 123.676042556763 123.334638595581 123.571840286255 123.434116363525 121.699384689331 119.172821044922 115.192150115967 116.709148406982 115.389665603638 115.449365615845 114.124588012695 114.158153533936 112.907163619995 112.630832672119 111.938194274902 113.060703277588 112.269565582275 112.961395263672 113.169755935669 113.189947128296 109.874357223511 107.031232833862 107.176712036133 104.683031082153 106.834646224976 107.722141265869 107.152433395386 105.288822174072 104.05446434021 103.846893310547 103.786623001099 101.301750183105 101.577686309814 100.201372146606 100.071586608887 101.00644493103
127.485559463501 128.522106170654 130.451309204102 130.226619720459 130.412790298462 128.849058151245 126.650093078613 126.025659561157 126.271289825439 125.925102233887 124.989278793335 124.599720001221 123.737281799316 124.5687084198 124.220853805542 122.400094985962 122.728199005127 120.515426635742 118.25351524353 115.715366363525 116.393402099609 115.074087142944 113.881284713745 111.767362594604 114.057518005371 114.102922439575 113.753339767456 113.797773361206 113.587938308716 113.632526397705 113.494873046875 113.160591125488 113.191219329834 112.365715026855 111.10103225708 109.753244400024 109.32862663269 108.314586639404 106.861074447632 104.413688659668 103.578277587891 104.024681091309 103.4088306427 103.821580886841 104.609838485718 103.278171539307 100.342582702637 100.228294372559 99.4630889892578 100.229267120361
127.823764801025 128.163545608521 132.141370773315 131.840044021606 131.347234725952 129.39927482605 127.908088684082 126.468538284302 125.40712928772 125.594268798828 125.386724472046 125.973293304443 125.80885887146 124.737411499023 123.13570022583 122.654766082764 123.628108978271 121.566474914551 120.268333435059 117.460947036743 117.122787475586 117.057369232178 115.776111602783 112.280498504639 112.023275375366 112.104900360107 112.869571685791 113.370355606079 115.693391799927 113.625146865845 113.282674789429 113.177907943726 112.369665145874 113.22608757019 112.838243484497 110.350881576538 108.089649200439 107.070928573608 106.45873260498 106.471546173096 106.700521469116 105.658348083496 104.636825561523 104.640670776367 103.747301101685 100.822536468506 99.94801902771 98.1639060974121 97.3395233154297 99.8149833679199
130.498394012451 129.267074584961 130.804187774658 131.750261306763 131.442367553711 132.262424468994 131.286060333252 127.350679397583 126.788511276245 125.911594390869 126.006063461304 124.076335906982 123.926387786865 123.659112930298 124.036825180054 123.296615600586 122.176170349121 123.006164550781 121.169055938721 119.651376724243 118.473501205444 118.236217498779 117.455945968628 115.303693771362 114.921100616455 111.898733139038 111.771179199219 112.679172515869 113.80286026001 113.219917297363 112.912099838257 112.97961807251 110.300203323364 111.1536693573 110.725870132446 110.805250167847 109.784261703491 107.917028427124 107.23353767395 106.871719360352 107.538673400879 107.736879348755 105.269689559937 104.616579055786 103.727645874023 99.9720478057861 99.9597053527832 100.282140731812 100.198862075806 99.8726959228516
131.856237411499 132.070220947266 133.008401870728 133.091003417969 133.373237609863 135.045537948608 132.364717483521 129.272855758667 128.312601089478 125.763053894043 125.85658454895 124.25365447998 123.285291671753 122.981151580811 123.709424972534 123.09846496582 122.352151870728 122.326351165771 120.719200134277 120.475280761719 120.471643447876 115.513994216919 114.852561950684 115.402040481567 113.84831237793 112.099123001099 111.727428436279 110.167650222778 109.920738220215 111.526638031006 112.074829101562 112.153520584106 112.410991668701 111.385196685791 110.295066833496 109.743423461914 110.193592071533 109.167179107666 107.293668746948 106.277597427368 105.437347412109 106.692874908447 105.617734909058 104.592489242554 103.707984924316 99.9651355743408 100.376838684082 100.309064865112 100.647802352905 100.580554962158
