data/spatiotemp/temp2/bio16_norsw_test_2007_2010.asc
NCOLS 654 
NROWS 380 
XLLCORNER 3.91666666666667 
YLLCORNER 55.3333333333333 
CELLSIZE 0.0416666666666667 
NODATA_value -9999 
[rows 198 to 219 of 380, columns 500 to 549 of 654]
248.854125976562 248.362308502197 247.868614196777 248.613552093506 251.143043518066 251.26229095459 250.753795623779 252.060440063477 252.190692901611 251.063888549805 248.980304718018 248.470123291016 249.225048065186 252.2018699646 254.566410064697 252.515720367432 252.044910430908 253.843551635742 255.190326690674 254.717918395996 256.702583312988 256.857528686523 256.373195648193 255.330936431885 255.890441894531 253.273323059082 252.479404449463 252.054565429688 252.016407012939 252.883823394775 253.104694366455 253.32555770874 254.197887420654 255.050365447998 257.499366760254 259.576133728027 261.482418060303 262.070243835449 263.199703216553 264.329212188721 264.895950317383 263.808853149414 264.965724945068 264.900436401367 263.821891784668 263.945617675781 264.549270629883 263.846992492676 261.670280456543 260.475532531738
247.753482818604 248.918243408203 251.871143341064 250.997425079346 250.735950469971 250.240390777588 251.007076263428 251.693405151367 251.829769134521 251.966144561768 251.484043121338 251.61950302124 251.757488250732 253.083435058594 254.869728088379 254.000099182129 252.882751464844 254.033954620361 254.187202453613 254.327514648438 255.029613494873 256.807258605957 256.947765350342 254.243949890137 255.436882019043 254.00537109375 252.410293579102 252.005626678467 252.230495452881 251.825950622559 253.072032928467 255.119010925293 256.001327514648 255.202739715576 257.64847946167 257.876564025879 257.957878112793 261.403450012207 262.135795593262 264.561157226562 264.88794708252 263.805931091309 265.602531433105 264.528343200684 264.650611877441 264.254489898682 264.202182769775 265.341960906982 261.878086090088 263.335807800293
250.092544555664 250.880043029785 253.211357116699 251.184722900391 249.694297790527 249.211887359619 249.978397369385 251.94161605835 254.916351318359 255.615230560303 255.153308868408 252.498638153076 253.650638580322 252.767185211182 253.284702301025 252.401195526123 252.528430938721 253.665214538574 250.976135253906 253.293399810791 253.419410705566 254.553379058838 255.234428405762 254.73067855835 252.066497802734 249.830722808838 250.058578491211 250.28645324707 251.143013000488 251.398345947266 251.627349853516 254.690887451172 256.209636688232 258.651844024658 257.858375549316 259.11979675293 258.841793060303 261.626636505127 263.384780883789 261.674499511719 261.820747375488 264.60485458374 265.22172164917 264.156276702881 264.281429290771 265.085609436035 264.401557922363 262.166641235352 261.553768157959 260.722362518311
252.025608062744 251.032035827637 251.728607177734 248.47745513916 249.283893585205 247.169399261475 250.766300201416 251.967876434326 253.92484664917 253.459663391113 254.805194854736 254.996765136719 252.954727172852 253.070789337158 251.925876617432 250.222030639648 249.711612701416 249.199501037598 251.132495880127 254.075839996338 255.195426940918 253.504127502441 254.165504455566 253.098766326904 250.81079864502 251.046001434326 253.468879699707 252.694381713867 251.092319488525 251.95414352417 253.366226196289 256.572956085205 257.989353179932 259.519233703613 261.963272094727 261.175838470459 261.269973754883 261.219100952148 262.347190856934 262.296482086182 263.079536437988 264.212070465088 264.165344238281 265.298324584961 266.100860595703 265.731079101562 265.229473114014 262.689777374268 263.093090057373 262.610492706299
252.951271057129 249.676345825195 252.003337860107 253.329685211182 252.494510650635 252.051628112793 252.219318389893 254.775722503662 251.521789550781 249.518657684326 250.210670471191 255.45743560791 251.185726165771 250.045585632324 249.544551849365 247.848220825195 250.137264251709 248.981964111328 251.371673583984 252.761367797852 253.423194885254 254.572154998779 254.062744140625 254.17834854126 251.275802612305 250.351470947266 251.603805541992 249.55354309082 249.134460449219 253.478950500488 253.725612640381 259.138206481934 261.855777740479 262.655796051025 263.580509185791 260.966869354248 263.269874572754 262.828262329102 262.112754821777 263.919445037842 265.051517486572 263.365875244141 263.327041625977 264.766605377197 265.581512451172 265.230777740479 264.053470611572 263.713916778564 262.637222290039 261.165740966797
255.891063690186 253.246883392334 255.54077911377 255.688274383545 255.83576965332 254.982612609863 251.7233543396 250.867240905762 251.012119293213 251.309043884277 251.454452514648 249.800273895264 249.327808380127 248.205104827881 248.727012634277 249.479690551758 250.616569519043 249.13334274292 248.110317230225 249.901100158691 252.853477478027 252.991355895996 253.666248321533 252.977397918701 253.177032470703 250.65637588501 247.84317779541 249.109085083008 249.526660919189 250.797328948975 254.52855682373 256.629547119141 260.372253417969 263.498954772949 265.611991882324 265.834976196289 263.096591949463 265.257183074951 265.856586456299 266.996181488037 267.176364898682 267.154392242432 264.327323913574 263.929683685303 264.704620361328 264.219829559326 263.895153045654 264.108180999756 261.582824707031 260.634441375732
258.895175933838 256.632835388184 255.158309936523 258.021530151367 258.290508270264 256.021766662598 251.611854553223 250.129264831543 251.393016815186 250.517467498779 251.249477386475 248.581924438477 247.462249755859 247.620014190674 247.125732421875 248.931747436523 248.813957214355 250.241874694824 248.633758544922 250.976409912109 248.371505737305 248.237522125244 248.390586853027 246.772407531738 248.277786254883 251.855350494385 253.135440826416 252.177661895752 252.461566925049 252.360565185547 252.642101287842 254.610485076904 257.061923980713 259.802928924561 260.09175491333 262.080657958984 263.999359130859 266.166889190674 263.443916320801 264.063285827637 265.216602325439 267.6845703125 266.367649078369 264.353313446045 263.350643157959 264.202941894531 263.73690032959 264.439067840576 262.623336791992 260.688228607178
259.02855682373 256.751518249512 254.608291625977 258.685234069824 259.178379058838 258.287769317627 255.010200500488 253.51318359375 251.222846984863 252.112895965576 250.42667388916 248.881118774414 249.020320892334 251.937999725342 250.851989746094 247.154739379883 249.595161437988 251.902645111084 249.666324615479 249.227993011475 247.648918151855 248.812652587891 247.229347229004 246.413276672363 247.788467407227 248.457321166992 253.328784942627 255.304744720459 255.609386444092 254.151908874512 254.456039428711 255.378196716309 255.682334899902 258.827156066895 260.281745910645 258.427062988281 261.368236541748 262.527633666992 264.308780670166 266.782539367676 264.475734710693 264.491329193115 265.657176971436 263.039432525635 264.209133148193 264.379581451416 265.098079681396 263.127319335938 261.172607421875 262.099060058594
259.01411819458 257.840953826904 258.515892028809 260.369709014893 259.194011688232 258.283462524414 257.760139465332 257.837200164795 255.149318695068 255.276958465576 254.315670013428 253.786483764648 251.6286277771 253.476142883301 252.033855438232 250.50154876709 247.785537719727 251.889919281006 253.744892120361 251.536926269531 249.322113037109 248.843688964844 247.293014526367 250.958587646484 251.216114044189 248.490467071533 249.940116882324 252.547756195068 256.98042678833 256.690338134766 255.879577636719 254.902362823486 258.281414031982 257.990947723389 256.001350402832 259.164451599121 258.818202972412 262.756130218506 268.528652191162 271.948657989502 269.733055114746 268.759937286377 268.412822723389 265.197570800781 262.391498565674 261.504329681396 264.016376495361 265.905578613281 262.204399108887 264.286148071289
258.334796905518 260.750896453857 259.552783966064 259.280223846436 258.07935333252 257.806949615479 259.357204437256 259.409717559814 259.079692840576 258.150730133057 256.434173583984 253.131301879883 252.007587432861 252.176208496094 250.679901123047 252.999092102051 250.321586608887 252.328502655029 252.923542022705 252.536163330078 250.35103225708 253.348445892334 250.174873352051 251.371879577637 252.260738372803 250.250873565674 249.600917816162 252.223888397217 251.948921203613 255.096088409424 253.00736618042 252.348075866699 253.298458099365 256.462062835693 255.496513366699 255.837001800537 259.480377197266 264.8069190979 267.6116065979 270.932918548584 272.115745544434 270.779205322266 271.533695220947 270.587993621826 263.426853179932 262.48522567749 265.009674072266 265.213150024414 262.602809906006 262.550552368164
257.321281433105 256.368099212646 256.907222747803 257.917278289795 256.964702606201 257.060668945312 257.527484893799 258.814437866211 259.441299438477 257.89404296875 255.182094573975 252.846832275391 251.407154083252 251.966602325439 252.213024139404 251.660778045654 251.903945922852 253.928764343262 255.151485443115 254.112205505371 253.749031066895 253.307842254639 255.210945129395 255.453788757324 251.252639770508 249.8844871521 250.238395690918 247.881866455078 250.336437225342 250.080093383789 248.704746246338 250.363327026367 252.138229370117 255.313213348389 257.493728637695 255.422267913818 261.816898345947 266.637496948242 267.82933807373 267.896785736084 271.536838531494 268.863136291504 268.552322387695 267.050872802734 264.37952041626 263.545501708984 266.082633972168 264.174152374268 263.710548400879 260.116737365723
254.076232910156 252.597373962402 254.084648132324 255.180480957031 255.85005569458 255.262096405029 255.265209197998 256.359367370605 257.623645782471 257.627792358398 256.368274688721 253.044010162354 253.180843353271 252.359836578369 251.957542419434 251.550479888916 251.214122772217 252.450443267822 252.715141296387 252.979846954346 253.244537353516 252.776142120361 251.743148803711 255.010467529297 253.900424957275 252.288772583008 250.255611419678 249.041595458984 247.697547912598 248.067031860352 247.736686706543 249.096950531006 253.995803833008 256.187828063965 254.843879699707 254.517757415771 258.179485321045 261.305423736572 262.508701324463 265.420555114746 263.390258789062 265.30643081665 264.809242248535 264.614204406738 263.093704223633 264.51685333252 263.61775970459 264.559108734131 263.737850189209 262.854942321777
253.649368286133 251.962627410889 253.025104522705 254.473648071289 254.06644821167 252.375061035156 253.132991790771 254.082668304443 255.73445892334 254.039707183838 254.428298950195 254.293449401855 253.831954956055 254.124652862549 255.421333312988 253.662921905518 253.354682922363 255.211002349854 255.501712799072 253.414932250977 252.40938949585 251.000843048096 251.282691955566 252.532146453857 252.871509552002 254.940986633301 254.465026855469 250.87771987915 248.369228363037 247.171607971191 248.543140411377 248.832317352295 250.424751281738 250.814979553223 254.014282226562 253.700839996338 254.056217193604 256.975151062012 259.794689178467 259.898265838623 262.436767578125 263.86852645874 262.368457794189 262.595897674561 264.036231994629 264.986953735352 264.108959197998 264.941776275635 266.960823059082 264.108066558838
253.609062194824 253.56449508667 252.936725616455 253.379207611084 252.746395111084 252.697925567627 252.943115234375 251.826393127441 250.225952148438 250.771472930908 252.758819580078 252.712738037109 253.134307861328 253.841812133789 250.846397399902 251.838268280029 254.7822265625 256.05785369873 255.774536132812 255.009407043457 252.947788238525 249.914459228516 250.816215515137 252.083003997803 253.407119750977 253.330589294434 250.382881164551 247.424884796143 246.742088317871 247.637149810791 248.043838500977 249.053447723389 248.857200622559 250.253448486328 255.166683197021 252.88391494751 252.758602142334 256.076545715332 258.622753143311 258.747451782227 260.582744598389 261.812061309814 261.052780151367 262.897045135498 262.753620147705 262.505687713623 262.367866516113 265.937503814697 263.414554595947 262.674156188965
252.984336853027 251.173282623291 253.51664352417 253.926795959473 253.564403533936 251.754890441895 250.7209815979 249.974384307861 247.351566314697 248.874969482422 248.12869644165 247.468544006348 250.383010864258 250.578636169434 248.853855133057 250.611934661865 253.559310913086 253.300605773926 254.592929840088 253.859565734863 254.450607299805 251.340564727783 251.665630340576 251.031562805176 252.370994567871 252.920520782471 248.326198577881 247.073028564453 244.846248626709 244.667087554932 244.372428894043 246.591529846191 247.01256942749 248.41955947876 250.921478271484 253.760242462158 251.961135864258 255.509346008301 260.155876159668 262.387733459473 257.752738952637 258.993450164795 260.958740234375 259.505912780762 260.986278533936 261.245391845703 262.73193359375 263.495361328125 261.71955871582 259.877704620361
250.80814743042 250.426620483398 250.810501098633 250.136859893799 249.758846282959 249.664409637451 249.941143035889 249.845626831055 246.479953765869 245.336566925049 246.804481506348 247.331619262695 247.597095489502 247.943145751953 248.441429138184 250.799324035645 247.505180358887 249.75904083252 250.110527038574 253.065357208252 251.767318725586 251.896148681641 250.588714599609 248.56351852417 250.147632598877 250.599838256836 249.388175964355 245.524639129639 244.894226074219 245.437030792236 246.252212524414 247.769802093506 248.932636260986 248.393413543701 249.81884765625 250.862312316895 252.848667144775 253.732933044434 255.969646453857 256.856895446777 259.438098907471 258.998645782471 259.87154006958 258.340267181396 260.326068878174 261.101428985596 263.09334564209 263.26277923584 259.307518005371 260.294158935547
249.311420440674 248.466259002686 249.709529876709 247.034122467041 248.560333251953 249.300495147705 249.202617645264 248.421154022217 247.974117279053 245.648021697998 243.561336517334 244.672756195068 245.589847564697 247.239723205566 248.60347366333 248.523941040039 247.711196899414 246.315582275391 249.307685852051 252.313014984131 251.616550445557 252.92280960083 250.916744232178 249.619506835938 246.699188232422 246.092113494873 244.991088867188 244.84593963623 243.605041503906 245.740295410156 247.25532913208 249.747856140137 248.281299591064 250.435276031494 251.96155166626 252.027542114258 252.122817993164 254.102588653564 256.085773468018 256.864196777344 258.123523712158 259.033145904541 259.213062286377 261.208938598633 260.402458190918 260.583980560303 262.105358123779 261.299911499023 261.518955230713 259.086402893066
244.594062805176 247.095573425293 250.082439422607 249.038654327393 249.046089172363 248.968128204346 248.890155792236 247.546092987061 246.426822662354 244.131999969482 243.311538696289 245.303863525391 247.314693450928 247.202632904053 245.976871490479 244.404361724854 244.150203704834 242.732997894287 245.544738769531 247.554752349854 250.550712585449 251.836765289307 251.816612243652 248.505390167236 243.934646606445 244.378536224365 243.272644042969 245.496055603027 243.188419342041 244.944877624512 246.823955535889 247.266571044922 248.437728881836 252.250633239746 254.497547149658 253.148277282715 253.465301513672 256.051216125488 258.298767089844 257.634792327881 257.823207855225 258.61079788208 257.075408935547 259.07642364502 259.265808105469 258.123310089111 258.312114715576 257.42024230957 259.458473205566 259.706298828125
242.896507263184 245.526950836182 246.157123565674 245.410358428955 246.39128112793 245.991401672363 247.552211761475 246.325176239014 244.89098739624 243.863395690918 242.777126312256 243.47847366333 246.209766387939 247.619167327881 247.887844085693 246.487689971924 243.166435241699 242.604393005371 241.707305908203 242.253200531006 245.139141082764 245.448173522949 246.122783660889 244.434062957764 241.632308959961 243.020877838135 245.234630584717 243.069473266602 242.182483673096 243.203346252441 243.634941101074 245.0393409729 245.473655700684 250.005714416504 251.179859161377 253.41939163208 255.398056030273 255.594619750977 255.791191101074 257.792388916016 259.654083251953 257.198989868164 257.396224975586 258.190208435059 259.128829956055 257.737083435059 257.459865570068 254.991249084473 255.207508087158 254.700134277344
239.688571929932 242.212589263916 245.427322387695 243.780258178711 242.012168884277 241.474681854248 241.355979919434 241.066646575928 240.282836914062 241.723541259766 241.802799224854 244.76668548584 246.904106140137 248.097640991211 249.794178009033 248.954113006592 245.382270812988 244.20630645752 242.089157104492 243.912590026855 241.182731628418 242.151050567627 240.448265075684 243.456424713135 241.09156036377 243.662910461426 246.828777313232 243.936992645264 245.10041809082 243.242015838623 242.155513763428 243.631656646729 246.357681274414 249.16939163208 251.986679077148 255.201019287109 256.337677001953 255.483913421631 255.097450256348 253.500484466553 254.297080993652 253.51110458374 255.52063369751 256.318325042725 256.523048400879 257.473793029785 256.614418029785 257.566982269287 253.631206512451 253.266582489014
240.995643615723 243.531627655029 245.034122467041 246.172653198242 243.391975402832 240.121612548828 240.376171112061 240.82368850708 241.640140533447 242.31706237793 244.079483032227 245.763313293457 247.181751251221 248.570507049561 247.233852386475 248.126617431641 249.648632049561 248.135280609131 246.667720794678 245.939502716064 242.905605316162 244.130958557129 240.07523727417 239.030868530273 236.802448272705 239.944728851318 243.680461883545 244.560516357422 243.717842102051 245.691078186035 244.10232925415 246.540710449219 250.314834594727 251.485927581787 253.556224822998 256.765716552734 256.109302520752 254.285549163818 253.04744720459 252.669734954834 250.490589141846 252.037586212158 253.304702758789 253.111946105957 252.265556335449 252.882663726807 253.683723449707 254.236911773682 253.864158630371 251.435928344727
239.178623199463 240.007972717285 241.525886535645 241.001468658447 239.885593414307 239.568912506104 239.771488189697 240.89181137085 240.864398956299 242.276218414307 245.102416992188 245.933410644531 246.00260925293 245.242511749268 244.880741119385 245.040927886963 247.305896759033 247.922855377197 245.483032226562 240.744567871094 238.693489074707 238.947284698486 240.151641845703 238.796733856201 235.828132629395 236.235450744629 238.415760040283 238.084716796875 239.817676544189 245.91919708252 248.631988525391 249.266750335693 247.988815307617 251.618396759033 251.065509796143 251.488212585449 251.810127258301 250.585456848145 251.852519989014 252.23469543457 252.454853057861 251.683055877686 251.901397705078 250.317546844482 250.534797668457 250.456970214844 249.673843383789 249.88990020752 250.862293243408 250.491905212402
