data/spatiotemp/temp2/bio13_norsw_test_2007_2010.asc
NCOLS 654 
NROWS 380 
XLLCORNER 3.91666666666667 
YLLCORNER 55.3333333333333 
CELLSIZE 0.0416666666666667 
NODATA_value -9999 
[rows 198 to 219 of 380, columns 50 to 99 of 654]
-9999 -9999 -9999 -9999 -9999 -9999 -9999 -9999 -9999 -9999 -9999 -9999 -9999 -9999 -9999 -9999 -9999 -9999 -9999 -9999 -9999 237.574203491211 243.543544769287 247.863800048828 254.108066558838 264.554317474365 275.006351470947 277.049991607666 279.232292175293 284.039409637451 286.09635925293 290.1965675354 305.405067443848 309.324234008789 301.291255950928 285.172943115234 272.767761230469 261.832099914551 253.055820465088 264.513389587402 250.655101776123 236.297431945801 234.07873916626 222.694366455078 218.972454071045 213.514781951904 206.914302825928 199.638362884521 190.922916412354 184.984992980957
-9999 -9999 -9999 -9999 -9999 -9999 -9999 -9999 -9999 -9999 -9999 -9999 -9999 -9999 -9999 -9999 -9999 -9999 221.556629180908 227.185661315918 229.300636291504 236.459896087646 239.267143249512 246.231300354004 252.55154800415 260.975051879883 264.866012573242 272.006240844727 274.739387512207 282.713233947754 287.190258026123 276.326690673828 275.879005432129 271.764846801758 272.025421142578 264.173084259033 260.678329467773 264.318969726562 264.259094238281 251.389541625977 243.474136352539 234.950149536133 228.884563446045 225.262229919434 219.156326293945 209.792964935303 201.824405670166 194.858055114746 190.710788726807 185.092517852783
-9999 -9999 -9999 -9999 -9999 -9999 -9999 -9999 -9999 -9999 -9999 198.880367279053 -9999 200.746604919434 201.196613311768 -9999 -9999 -9999 224.073627471924 226.798366546631 231.5305519104 234.534770965576 240.11595916748 248.268844604492 254.694534301758 256.396583557129 265.484447479248 264.838851928711 274.564533233643 276.617004394531 276.897327423096 275.269950866699 275.668437957764 269.291725158691 263.063068389893 261.970230102539 263.7223777771 259.971675872803 259.673442840576 255.199459075928 254.512405395508 246.789203643799 235.710231781006 224.722389221191 213.291198730469 204.560207366943 199.417602539062 192.123046875 186.925819396973 179.843990325928
-9999 -9999 -9999 -9999 -9999 -9999 -9999 -9999 -9999 -9999 202.081100463867 201.932346343994 -9999 -9999 -9999 209.227844238281 -9999 -9999 -9999 -9999 231.439189910889 234.243598937988 -9999 244.210056304932 256.948867797852 259.32572555542 268.093196868896 268.235942840576 269.52562713623 271.58141708374 273.248382568359 273.883636474609 268.169033050537 268.34366607666 270.671920776367 267.837352752686 261.059009552002 254.309474945068 250.225524902344 242.141384124756 239.659854888916 231.121002197266 221.806175231934 212.845123291016 206.309600830078 200.1096534729 192.430709838867 185.440093994141 175.64075088501 172.125328063965
-9999 -9999 -9999 -9999 -9999 -9999 -9999 -9999 -9999 204.74031829834 206.122173309326 205.005336761475 -9999 -9999 -9999 -9999 218.19885635376 219.487533569336 242.342609405518 254.364524841309 251.078273773193 253.54621887207 235.483619689941 249.862545013428 252.421039581299 256.61975479126 256.964504241943 256.436428070068 256.963005065918 259.402256011963 260.318378448486 259.459583282471 259.265148162842 262.596111297607 256.152626037598 253.053562164307 249.592849731445 240.629459381104 237.612148284912 232.614337921143 227.274974822998 223.912220001221 215.367450714111 206.779624938965 199.289772033691 189.913398742676 180.442489624023 186.241031646729 176.000503540039 166.389915466309
-9999 -9999 -9999 -9999 207.20486831665 201.71480178833 217.231517791748 225.764823913574 203.924270629883 207.914005279541 206.774639129639 -9999 -9999 -9999 228.114364624023 217.602756500244 236.219482421875 235.938594818115 237.823341369629 249.546184539795 248.486503601074 236.890983581543 231.327091217041 -9999 -9999 -9999 -9999 -9999 -9999 254.323802947998 255.467052459717 244.256065368652 248.55765914917 247.07165145874 249.094318389893 244.483753204346 240.129047393799 229.957660675049 228.760528564453 224.128555297852 216.240188598633 212.219589233398 208.904251098633 205.96053314209 198.33861541748 186.461753845215 180.277370452881 170.694438934326 176.102466583252 174.035652160645
-9999 -9999 -9999 220.91877746582 210.82506942749 204.681571960449 204.843681335449 207.252765655518 206.465023040771 -9999 -9999 -9999 -9999 216.77693939209 231.79541015625 225.722751617432 249.516124725342 248.041339874268 237.807735443115 234.850124359131 223.399681091309 225.996231079102 231.165645599365 236.619758605957 239.955768585205 236.707103729248 230.125762939453 231.849891662598 -9999 247.931098937988 251.562255859375 248.846485137939 242.528358459473 -9999 238.737323760986 219.136692047119 226.059677124023 231.468990325928 226.421184539795 221.483535766602 215.035018920898 210.738479614258 202.8212890625 200.182113647461 193.94079208374 194.459022521973 185.347229003906 181.594833374023 168.875823974609 162.89603805542
-9999 198.504451751709 195.972385406494 210.333030700684 220.36100769043 201.349388122559 217.687454223633 227.128288269043 229.481639862061 235.913330078125 225.744987487793 244.081851959229 269.629112243652 233.584655761719 228.166324615479 235.50373840332 249.045879364014 268.109550476074 253.178375244141 242.413139343262 234.404956817627 235.665348052979 238.809585571289 246.719882965088 241.68196105957 240.744525909424 228.884887695312 242.482109069824 245.812084197998 238.423442840576 237.995136260986 232.766014099121 224.331481933594 218.562953948975 232.884433746338 216.773914337158 197.646686553955 221.790740966797 223.0061378479 215.906757354736 210.89107131958 198.498962402344 194.824691772461 190.030342102051 189.781223297119 189.471515655518 183.267185211182 172.809928894043 176.078380584717 178.276020050049
202.959800720215 199.789451599121 196.323455810547 196.180534362793 -9999 208.476634979248 226.931159973145 260.716766357422 256.721035003662 255.026065826416 236.912189483643 250.301727294922 248.682712554932 241.174026489258 230.938411712646 242.819438934326 244.368072509766 248.567531585693 249.328029632568 253.997814178467 244.894744873047 241.022071838379 252.03821182251 256.817939758301 255.861679077148 245.432102203369 230.193511962891 229.656047821045 242.17631149292 246.517822265625 249.330955505371 243.027965545654 235.27214050293 233.300426483154 205.910514831543 210.693531036377 198.891899108887 192.422191619873 201.620082855225 180.923488616943 160.271827697754 190.672653198242 179.339206695557 160.535858154297 153.23085975647 163.842178344727 171.973056793213 167.115972518921 173.830726623535 190.659236907959
206.679206848145 204.384426116943 206.916210174561 201.906921386719 207.849903106689 227.398956298828 234.666038513184 240.818561553955 238.963832855225 238.661270141602 239.689762115479 233.553276062012 238.047325134277 233.836025238037 235.077835083008 235.732421875 233.070453643799 234.014247894287 238.66633605957 237.460628509521 242.00984954834 242.132278442383 242.921722412109 250.03311920166 254.126346588135 247.330623626709 223.926464080811 231.518249511719 249.578742980957 248.874011993408 242.204647064209 240.582759857178 231.077003479004 219.043117523193 212.654613494873 216.019073486328 197.005126953125 201.359035491943 213.272197723389 191.173732757568 164.415904998779 169.593254089355 173.535877227783 185.921714782715 182.923530578613 164.060955047607 168.264894485474 189.259937286377 187.187889099121 172.075817108154
220.204883575439 -9999 213.081981658936 -9999 215.95365524292 222.387722015381 231.630069732666 235.084907531738 240.527809143066 247.801486968994 252.84757232666 250.741966247559 248.193157196045 242.783718109131 239.137603759766 236.163333892822 229.014198303223 232.137748718262 234.205413818359 227.813068389893 230.0107421875 242.03296661377 248.565452575684 250.590404510498 246.577648162842 244.331100463867 237.371967315674 230.079006195068 237.682998657227 257.009132385254 244.654029846191 237.60961151123 234.648002624512 230.899841308594 227.473243713379 225.438701629639 192.985248565674 193.618267059326 215.707813262939 185.251792907715 205.171634674072 196.550487518311 167.836711883545 180.666915893555 200.993377685547 192.70092010498 194.246520996094 184.195163726807 188.034561157227 166.272287368774
-9999 239.554412841797 274.170833587646 273.227676391602 250.608734130859 243.022830963135 242.35474395752 244.950126647949 247.546039581299 254.853912353516 253.890766143799 253.229251861572 251.980632781982 248.09432220459 249.805210113525 255.89489364624 243.746368408203 240.17488861084 233.377727508545 255.592288970947 251.006233215332 222.514446258545 229.786853790283 233.397983551025 241.074718475342 251.019298553467 257.006816864014 249.472450256348 241.400791168213 236.134304046631 241.72106552124 237.747932434082 233.215534210205 230.07523727417 226.98221206665 215.600940704346 217.822360992432 220.341999053955 226.380355834961 205.006637573242 206.617347717285 211.416103363037 200.772117614746 168.096027374268 156.589345932007 155.533529281616 158.62885093689 161.389320373535 182.482395172119 187.987869262695
240.517295837402 -9999 260.473918914795 301.034866333008 270.069450378418 252.36328125 257.780403137207 260.832145690918 248.634632110596 256.773090362549 259.61999130249 259.229751586914 256.334873199463 250.061393737793 248.022003173828 245.37353515625 251.005744934082 258.192241668701 252.124671936035 248.445472717285 244.904769897461 222.339794158936 226.038013458252 228.633853912354 230.702751159668 244.131038665771 240.100391387939 239.147880554199 231.207324981689 231.841625213623 244.458702087402 234.15811920166 235.498542785645 228.570812225342 228.86808013916 237.091121673584 221.480365753174 218.044551849365 207.698993682861 206.52868270874 204.297008514404 201.333312988281 203.158622741699 199.047039031982 185.29919052124 185.341323852539 183.301666259766 154.393173217773 128.45495223999 185.831394195557
259.970359802246 240.823524475098 237.042240142822 -9999 249.697608947754 275.209365844727 263.140754699707 283.212917327881 268.601856231689 263.407497406006 268.445903778076 284.301876068115 267.966285705566 254.454654693604 248.029636383057 254.696891784668 260.807849884033 256.762493133545 246.17403793335 234.540046691895 236.674598693848 223.998962402344 207.129470825195 244.566291809082 251.227882385254 226.687618255615 225.212474822998 235.873260498047 249.220951080322 241.255207061768 239.579414367676 230.333332061768 215.34370803833 216.410934448242 220.229976654053 227.924365997314 215.170150756836 205.602275848389 210.492946624756 203.138156890869 208.836505889893 207.651012420654 207.610160827637 188.272113800049 187.481395721436 175.300491333008 166.681880950928 146.900100708008 114.041954040527 128.279579162598
249.061603546143 244.284000396729 276.000339508057 291.496543884277 292.950286865234 297.506538391113 286.116275787354 313.212242126465 289.167945861816 269.370216369629 273.020153045654 297.20662689209 293.328330993652 278.464157104492 254.885818481445 251.298919677734 257.594947814941 241.557048797607 247.028263092041 256.517028808594 250.778785705566 222.220012664795 208.832897186279 219.42179107666 222.343257904053 212.522361755371 221.539222717285 239.083503723145 242.419544219971 214.630306243896 199.523120880127 189.111156463623 204.221927642822 219.320423126221 216.871532440186 208.441963195801 210.201843261719 201.688941955566 203.649230957031 201.73267364502 209.228206634521 203.985340118408 206.797012329102 197.280921936035 197.671535491943 185.25724029541 175.132221221924 163.491621017456 162.826416015625 126.83136177063
326.14134979248 311.976020812988 298.151214599609 288.46951675415 306.829177856445 308.501052856445 290.159442901611 317.097457885742 300.100166320801 279.963245391846 272.31912612915 279.680255889893 281.944904327393 307.996040344238 284.498382568359 255.661239624023 252.308250427246 277.437393188477 266.14525604248 242.65856552124 223.275100708008 224.110874176025 230.653747558594 210.215660095215 191.554870605469 240.239284515381 227.945629119873 201.365268707275 194.71700668335 185.811710357666 227.965412139893 220.82389831543 188.702938079834 204.14826965332 226.725185394287 223.506790161133 216.940814971924 213.93994140625 213.261165618896 211.611824035645 205.81001663208 192.988563537598 187.673641204834 175.284801483154 177.379917144775 184.687343597412 175.110202789307 138.603818893433 137.953378677368 138.60383605957
300.205192565918 315.156806945801 315.791114807129 315.581024169922 303.719604492188 293.441764831543 283.865863800049 292.020492553711 302.771621704102 299.418128967285 293.957038879395 278.5608253479 277.973182678223 268.137985229492 269.532054901123 284.186695098877 297.464202880859 274.318572998047 264.921195983887 253.435947418213 248.938594818115 222.685848236084 252.599208831787 233.509166717529 190.38289642334 250.653507232666 237.422889709473 209.89705657959 234.384166717529 213.816833496094 215.2265625 226.460163116455 226.199855804443 185.418071746826 195.062698364258 214.669006347656 217.533504486084 225.822143554688 222.642887115479 218.074047088623 224.262794494629 210.017765045166 204.461471557617 193.763641357422 175.155696868896 157.479160308838 156.931564331055 161.284694671631 163.751619338989 158.290340423584
279.064769744873 276.728015899658 280.873592376709 278.124713897705 279.813850402832 279.349376678467 302.848846435547 307.31999206543 282.123699188232 277.876277923584 289.563049316406 292.040519714355 267.292163848877 267.867797851562 292.667366027832 259.144771575928 255.721824645996 267.010177612305 280.84810256958 254.670314788818 270.138877868652 248.552673339844 250.234069824219 241.646057128906 190.358901977539 248.110992431641 244.459625244141 217.914916992188 254.426235198975 235.966377258301 248.258693695068 218.72925567627 223.113700866699 218.901161193848 203.178932189941 202.213924407959 194.149147033691 195.212028503418 193.178699493408 213.842430114746 218.09440612793 215.819664001465 207.129096984863 193.869510650635 203.498374938965 194.971775054932 189.430351257324 195.821441650391 187.565402984619 171.495037078857
273.01766204834 285.202129364014 285.398246765137 289.205352783203 285.833293914795 276.445110321045 281.271427154541 278.817501068115 289.794815063477 291.731224060059 291.762851715088 311.74015045166 295.320381164551 265.248889923096 264.452789306641 280.433338165283 283.395107269287 250.219184875488 277.581443786621 254.365783691406 280.556663513184 252.783477783203 221.0400390625 222.296688079834 243.272983551025 251.889511108398 247.851726531982 239.970012664795 226.896881103516 248.563671112061 253.583805084229 235.412303924561 231.12682723999 208.883666992188 208.865928649902 224.169376373291 216.802459716797 227.571063995361 212.732395172119 227.739452362061 203.192726135254 197.047142028809 204.422554016113 192.524105072021 203.527103424072 197.388221740723 196.776657104492 191.437976837158 185.480808258057 180.120853424072
311.358497619629 296.643550872803 290.610420227051 294.755748748779 301.752166748047 289.885066986084 307.509452819824 317.221244812012 305.27995300293 329.443634033203 290.670795440674 286.677871704102 257.555480957031 262.024639129639 273.118530273438 297.316009521484 299.567924499512 249.853927612305 253.398662567139 269.377498626709 230.551013946533 222.004577636719 247.06706237793 223.072265625 240.283973693848 228.329982757568 205.304889678955 213.887420654297 193.469604492188 224.439250946045 236.872688293457 247.597534179688 233.884918212891 215.575660705566 229.074142456055 220.253776550293 226.362827301025 224.640296936035 216.998218536377 210.27513885498 215.922542572021 192.977325439453 180.274845123291 187.157741546631 186.208572387695 195.294940948486 192.203014373779 193.540672302246 199.784557342529 207.987873077393
330.109970092773 290.692554473877 313.420402526855 339.939552307129 299.490478515625 301.458641052246 279.118495941162 265.04700088501 279.239696502686 286.846073150635 271.81628036499 278.523365020752 292.873500823975 324.675354003906 308.164970397949 286.351467132568 283.666584014893 272.657512664795 232.114421844482 227.877670288086 244.014484405518 230.638385772705 219.600296020508 255.418697357178 239.931034088135 237.372398376465 250.914051055908 261.99779510498 242.118690490723 217.50675201416 232.437595367432 238.894313812256 228.529247283936 223.123607635498 221.056861877441 211.100135803223 207.462856292725 204.393310546875 220.979270935059 218.412712097168 203.765033721924 198.613178253174 197.712268829346 167.105186462402 187.252948760986 183.009662628174 182.201759338379 182.765186309814 193.648414611816 200.953708648682
324.591651916504 305.915855407715 335.445411682129 351.928604125977 332.780555725098 344.873382568359 348.665283203125 321.203224182129 286.914127349854 291.115962982178 286.992042541504 307.77661895752 284.692951202393 255.443660736084 276.427680969238 243.004169464111 236.667751312256 234.079780578613 231.831687927246 258.414287567139 281.176391601562 261.79553604126 228.301731109619 238.522926330566 227.314311981201 260.259643554688 260.721645355225 247.166069030762 251.821437835693 247.596817016602 236.613121032715 229.503479003906 231.233589172363 222.810688018799 214.305118560791 209.670238494873 197.308261871338 184.922016143799 182.01554107666 177.58129119873 175.743175506592 162.231094360352 158.670015335083 150.141298294067 140.381893157959 158.703546524048 166.905536651611 171.603286743164 179.251174926758 180.160972595215
