data/spatiotemp/temp2/bio13_norsw_test_2007_2010.asc
NCOLS 654 
NROWS 380 
XLLCORNER 3.91666666666667 
YLLCORNER 55.3333333333333 
CELLSIZE 0.0416666666666667 
NODATA_value -9999 
[rows 330 to 351 of 380, columns 500 to 549 of 654]
119.544893264771 119.561550140381 119.587633132935 119.20334815979 119.142137527466 119.645936965942 119.563369750977 119.661151885986 119.520252227783 118.592166900635 119.238435745239 119.534730911255 119.744512557983 119.493909835815 118.868310928345 118.242416381836 118.42578125 118.131155014038 117.877477645874 118.760200500488 118.128158569336 118.303152084351 118.422847747803 119.289587020874 119.226699829102 118.879589080811 119.285682678223 119.37020111084 118.590560913086 119.744466781616 119.026296615601 117.496778488159 117.525608062744 117.185674667358 116.836938858032 116.86600112915 115.782121658325 115.203189849854 114.621477127075 115.168127059937 115.821500778198 115.432434082031 116.637538909912 117.094007492065 118.405181884766 119.634748458862 120.014600753784 120.493846893311 120.732543945312 119.962720870972
119.67370223999 119.508947372437 119.118026733398 119.096502304077 118.968553543091 118.514640808105 118.938598632812 118.713569641113 118.288164138794 118.930509567261 118.785804748535 119.480085372925 119.286201477051 119.048673629761 118.811143875122 118.965463638306 118.348474502563 118.108823776245 118.301959991455 118.821716308594 118.202280044556 119.146253585815 121.214305877686 120.963697433472 121.230241775513 120.453437805176 120.537302017212 119.758701324463 120.220489501953 120.627908706665 119.8470287323 119.128612518311 118.723455429077 118.44061088562 118.470541000366 117.316873550415 117.108102798462 117.280481338501 116.26512336731 116.064998626709 116.897743225098 117.358371734619 118.579870223999 119.052421569824 119.43675994873 119.821098327637 121.065223693848 120.691194534302 122.56342124939 121.899620056152
119.160671234131 118.699380874634 118.682600021362 118.220455169678 118.082624435425 118.775751113892 118.707300186157 118.581686019897 119.065319061279 118.915462493896 119.142858505249 119.770660400391 120.792125701904 120.620290756226 120.782068252563 119.351566314697 121.089067459106 121.236921310425 120.627000808716 120.017711639404 120.544370651245 121.444753646851 121.639945983887 122.210920333862 121.302047729492 121.279655456543 121.36364364624 121.766860961914 121.797283172607 122.260517120361 121.542673110962 120.013460159302 120.044263839722 119.639640808105 119.669794082642 119.389005661011 117.492420196533 117.677396774292 117.80131149292 118.2642993927 118.732849121094 119.12021446228 120.442771911621 120.079568862915 122.18023109436 122.581365585327 121.359014511108 121.754716873169 122.872661590576 122.212257385254
119.099323272705 118.178344726562 118.504661560059 118.355127334595 117.5514793396 118.308046340942 118.014553070068 118.449800491333 118.140768051147 118.433626174927 118.68231010437 119.738849639893 120.809841156006 120.981863021851 120.332733154297 120.50218963623 121.865282058716 121.647577285767 121.429870605469 121.970811843872 121.320484161377 121.857217788696 122.066720962524 122.598041534424 122.502269744873 122.963174819946 122.994825363159 122.185729980469 122.199203491211 122.27946472168 121.616153717041 121.647844314575 121.244834899902 120.526876449585 120.55814743042 120.967739105225 119.139959335327 118.319124221802 117.954702377319 119.175430297852 119.650472640991 120.974678039551 121.465616226196 121.962400436401 123.224283218384 123.734043121338 124.1471118927 124.665637969971 124.057033538818 123.293245315552
118.157217025757 119.267272949219 119.121871948242 117.87377166748 117.843132019043 117.368417739868 117.679553985596 118.743516921997 119.039329528809 119.539695739746 119.77165222168 120.448537826538 120.709363937378 120.896142959595 122.664789199829 122.412712097168 123.408027648926 122.824356079102 122.190725326538 123.559436798096 123.355585098267 123.907945632935 122.895309448242 122.691326141357 122.601770401001 123.21632194519 123.222984313965 123.229648590088 122.41820526123 122.348363876343 121.622680664062 121.647798538208 121.672910690308 120.948711395264 120.974203109741 120.562814712524 120.409620285034 119.340997695923 119.670923233032 120.13494682312 120.6048412323 121.080589294434 121.562200546265 122.807106018066 123.301649093628 123.802053451538 125.069370269775 126.344953536987 125.841844558716 124.314538955688
118.202522277832 118.550098419189 118.174905776978 118.126670837402 118.168346405029 119.045425415039 118.581712722778 119.338808059692 119.650440216064 119.396368026733 120.843126296997 121.13399887085 121.741689682007 121.181457519531 121.770641326904 121.159843444824 122.178256988525 123.193210601807 123.773561477661 123.591445922852 124.547094345093 124.450403213501 122.845012664795 123.567998886108 123.547739028931 123.540782928467 123.533821105957 122.70654296875 122.77733039856 123.222133636475 122.802062988281 122.436307907104 123.261571884155 122.839162826538 122.10290145874 121.975103378296 122.979839324951 122.593658447266 122.205327987671 121.814826965332 122.265691757202 122.72216796875 123.184255599976 124.507139205933 124.984334945679 125.4671459198 126.714660644531 126.835678100586 126.287048339844 123.492570877075
117.914339065552 117.790330886841 118.259683609009 118.205595016479 117.848810195923 118.601524353027 118.662891387939 118.737726211548 119.822109222412 119.805053710938 121.912004470825 122.204545974731 122.054893493652 122.283536911011 121.312217712402 121.921272277832 122.195470809937 121.606592178345 123.02152633667 124.053476333618 124.028163909912 123.302680969238 123.170217514038 123.906892776489 123.064964294434 123.043628692627 123.28352355957 123.000955581665 122.979616165161 123.782909393311 122.936941146851 124.492456436157 124.850925445557 123.700590133667 123.680004119873 123.74108505249 123.151887893677 123.573204040527 124.749378204346 124.340103149414 124.023412704468 124.462551116943 124.053859710693 124.500080108643 125.812112808228 126.16478729248 126.721385955811 127.520341873169 126.583740234375 124.561101913452
117.268360137939 118.160743713379 117.565467834473 117.474786758423 117.957592010498 118.322834014893 118.220029830933 119.011501312256 120.112581253052 121.63759803772 121.970375061035 122.06951713562 121.933687210083 122.565618515015 122.815208435059 122.298072814941 122.161567687988 122.025068283081 122.267435073853 122.892974853516 123.512836456299 123.504125595093 123.495416641235 125.068271636963 124.223901748657 124.189699172974 124.980575561523 126.528228759766 126.494691848755 126.461151123047 126.427612304688 126.394081115723 126.360536575317 124.747032165527 125.545471191406 124.765966415405 124.905576705933 124.468593597412 124.871479034424 125.375022888184 125.692598342896 126.110818862915 125.679090499878 126.104162216187 127.396181106567 126.290307998657 126.956775665283 125.612329483032 124.659143447876 122.629125595093
116.515464782715 117.354961395264 117.750518798828 116.914260864258 116.515823364258 117.338178634644 117.719018936157 118.847845077515 118.872961044312 118.463277816772 119.707813262939 120.352155685425 121.118213653564 122.516965866089 121.970695495605 123.052845001221 122.557809829712 122.391195297241 122.661710739136 123.868789672852 123.873556137085 123.878318786621 125.468770980835 126.234720230103 125.453926086426 126.167915344238 126.879442214966 126.832235336304 128.36972618103 128.322219848633 128.274698257446 127.39476776123 125.762849807739 125.714719772339 125.754108428955 125.797805786133 125.918464660645 125.456729888916 126.585592269897 126.972431182861 125.764459609985 126.157194137573 125.697830200195 126.097160339355 125.638120651245 126.04404258728 125.185235977173 124.195188522339 122.732496261597 120.801822662354
116.665647506714 116.646570205688 116.296535491943 117.223386764526 116.929761886597 116.790063858032 117.190898895264 117.241437911987 117.201898574829 117.330513000488 118.418817520142 119.070068359375 120.28663444519 121.218532562256 120.746417999268 121.850442886353 122.5231590271 123.361284255981 123.378206253052 124.159992218018 124.176385879517 124.192777633667 125.035820007324 126.57866859436 125.72857093811 125.668128967285 127.197118759155 127.967775344849 129.496461868286 128.602611541748 128.541296005249 128.47998046875 128.4186668396 128.357355117798 128.387273788452 128.328405380249 126.9381275177 126.451141357422 127.556936264038 126.22091293335 126.584108352661 126.095962524414 124.857727050781 125.228424072266 125.603736877441 125.116167068481 124.62744140625 123.385738372803 122.687925338745 119.523557662964
115.609672546387 115.68984413147 115.662996292114 116.093128204346 116.242431640625 117.189367294312 116.229133605957 117.07811164856 116.710187911987 115.995653152466 117.251140594482 118.168109893799 119.59156036377 120.388738632202 119.901243209839 120.597333908081 121.29271697998 121.220590591431 122.005222320557 122.858505249023 122.8860206604 124.507238388062 123.706039428711 125.327911376953 126.069202423096 125.995225906372 126.681549072266 126.605911254883 126.530275344849 127.291151046753 128.807884216309 129.484786987305 130.247808456421 131.01300239563 131.780384063721 132.549947738647 130.299049377441 129.044618606567 127.683868408203 127.169769287109 126.654769897461 126.996965408325 126.596046447754 126.083154678345 124.703357696533 124.186023712158 124.539060592651 123.272817611694 122.558805465698 121.021892547607
114.895099639893 114.750673294067 114.504611968994 114.258558273315 114.842924118042 115.32984161377 115.729259490967 116.13708114624 115.355400085449 115.103351593018 116.666845321655 117.424640655518 119.029556274414 119.837978363037 119.052562713623 119.859579086304 119.898365020752 121.53247833252 122.33934211731 123.207883834839 124.014987945557 124.821702957153 124.861351013184 126.500104904175 125.644388198853 127.157110214233 126.234800338745 126.907112121582 126.817720413208 128.323900222778 128.233818054199 128.985563278198 130.490127563477 132.088893890381 132.84698677063 132.016056060791 132.078329086304 130.79829788208 129.408601760864 128.86895942688 128.441133499146 127.902244567871 127.362693786621 126.076147079468 124.667587280273 124.123378753662 123.578519821167 121.410814285278 121.553541183472 120.891540527344
113.790105819702 113.573719024658 114.125003814697 113.897508621216 114.627147674561 114.309324264526 113.993831634521 115.318447113037 115.085412979126 116.086078643799 116.854532241821 116.849697113037 118.467481613159 118.518182754517 118.509368896484 118.559257507324 119.377695083618 120.196075439453 121.077154159546 121.896223068237 122.715232849121 124.367771148682 126.021814346313 126.073877334595 126.052085876465 127.55908203125 126.548360824585 127.287244796753 128.787574768066 128.686948776245 130.18479347229 130.083335876465 131.578687667847 133.919878005981 134.666772842407 133.821865081787 133.011280059814 130.105348587036 129.537466049194 127.367107391357 127.772401809692 127.205051422119 126.517358779907 125.202503204346 123.763048171997 124.060737609863 121.743167877197 121.167016983032 120.547254562378 119.006261825562
113.020561218262 113.602445602417 113.396223068237 113.632539749146 113.441862106323 113.557197570801 114.573545455933 114.365198135376 114.93140411377 115.49423789978 116.27105140686 116.274990081787 116.30707359314 117.136116027832 117.965433120728 118.025915145874 119.688144683838 120.518877029419 120.580369949341 121.411506652832 122.242916107178 123.074588775635 124.743482589722 124.806255340576 124.783792495728 125.442911148071 126.097415924072 128.432819366455 129.924890518188 130.5696144104 130.454437255859 131.187383651733 131.923011779785 133.409700393677 134.894474029541 134.780069351196 132.457489013672 131.005840301514 129.666330337524 128.3265209198 127.729373931885 126.267570495605 125.668245315552 124.325588226318 122.855731964111 122.254005432129 120.778200149536 120.174287796021 118.662788391113 117.996904373169
111.923416137695 112.526519775391 113.114559173584 113.712381362915 113.526966094971 114.120164871216 113.933206558228 113.429307937622 114.33327293396 114.144777297974 115.688106536865 114.869325637817 114.845458984375 116.580984115601 117.420764923096 116.656866073608 118.332185745239 119.173458099365 120.015336990356 120.857814788818 121.767875671387 122.611953735352 123.456630706787 123.529867172241 125.118951797485 125.766780853271 127.253700256348 127.892892837524 128.613161087036 129.246229171753 129.118427276611 130.595203399658 132.069786071777 134.396297454834 135.122184753418 134.993961334229 131.788579940796 130.420860290527 128.933441162109 127.564441680908 126.937406539917 125.443822860718 124.815361022949 123.445394515991 121.945640563965 119.701223373413 119.070003509521 118.438894271851 117.653949737549 116.108045578003
111.945785522461 111.783235549927 112.402437210083 112.563354492188 112.397386550903 113.008993148804 112.522859573364 112.677845001221 112.965608596802 114.254671096802 113.441013336182 113.85209274292 114.27417755127 115.95849609375 115.201667785645 116.051191329956 116.901647567749 117.82074546814 118.67325592041 119.594789505005 120.449348449707 122.146270751953 123.003349304199 123.087463378906 123.837516784668 122.85991859436 124.340295791626 125.053661346436 125.682016372681 126.304908752441 126.922336578369 129.243097305298 129.957611083984 132.171506881714 132.88659286499 132.744283676147 131.11289024353 128.974266052246 127.453870773315 127.663112640381 126.140659332275 124.744213104248 124.088666915894 122.561925888062 121.905710220337 120.375534057617 118.979146957397 117.445705413818 116.782949447632 115.235622406006
110.601985931396 110.459461212158 110.645099639893 110.950159072876 111.580938339233 111.435966491699 111.608211517334 111.597747802734 112.540340423584 112.392929077148 113.012712478638 113.326528549194 113.331272125244 114.421594619751 114.018947601318 116.079866409302 116.142839431763 116.974102020264 116.899925231934 118.594655990601 119.5218334198 119.536125183105 120.465101242065 122.094760894775 122.071435928345 121.85825920105 121.719427108765 121.580598831177 123.051792144775 124.616979598999 124.379180908203 125.844156265259 128.164056777954 128.76664352417 129.48218536377 129.461778640747 127.822692871094 127.884967803955 126.344209671021 125.799276351929 124.993963241577 123.583480834961 121.303270339966 121.365072250366 119.956165313721 119.144054412842 117.594730377197 116.185907363892 115.52109336853 113.985889434814
108.795743942261 109.445930480957 109.774688720703 109.204357147217 109.727439880371 110.368192672729 110.680955886841 111.469120025635 111.669017791748 111.224212646484 112.181167602539 112.815473556519 112.317907333374 113.915235519409 113.97371673584 114.497325897217 114.851997375488 115.062110900879 115.417404174805 115.925214767456 115.985584259033 118.164663314819 117.405632019043 117.696353912354 118.334953308105 118.020278930664 117.889577865601 119.362861633301 120.833835601807 121.552995681763 122.1683177948 124.48903465271 125.212577819824 125.81876373291 126.544502258301 126.41135597229 126.368476867676 127.280584335327 125.002815246582 123.454095840454 122.042427062988 121.36131477356 121.409700393677 119.129817962646 119.177806854248 118.498064041138 116.216926574707 114.662000656128 114.006786346436 112.648406982422
109.216829299927 109.683187484741 109.137670516968 108.58715057373 108.793027877808 109.448854446411 109.470558166504 110.583921432495 110.811624526978 111.465074539185 111.792547225952 112.013702392578 112.74254989624 112.797876358032 112.388589859009 112.876611709595 113.253030776978 113.742860794067 114.586122512817 115.078310012817 115.891996383667 115.629444122314 116.76450920105 116.033351898193 115.908250808716 116.36937713623 116.044082641602 117.159688949585 117.884593963623 119.355855941772 119.97149848938 121.436723709106 122.89980506897 122.770460128784 123.501621246338 124.236299514771 124.189937591553 123.499219894409 122.809370040894 121.253686904907 122.154775619507 120.744966506958 119.188819885254 118.502246856689 117.816543579102 116.258920669556 114.700132369995 113.14017868042 113.370428085327 112.045612335205
109.281196594238 109.334917068481 108.407278060913 108.542995452881 107.875699996948 108.999431610107 109.334362030029 109.71301651001 109.176717758179 109.845991134644 110.975286483765 111.180557250977 111.957035064697 111.544975280762 111.269403457642 112.069082260132 111.655506134033 112.455966949463 112.974811553955 113.777135848999 114.580347061157 114.308187484741 114.361860275269 114.841825485229 113.496891021729 114.265718460083 114.855850219727 115.291751861572 115.702068328857 116.321664810181 116.935611724854 119.12940788269 119.860139846802 120.594554901123 120.472177505493 121.212102890015 122.024656295776 121.326761245728 121.346458435059 120.650075912476 120.822057723999 120.128620147705 118.567010879517 117.87467956543 117.183359146118 115.621120452881 114.058067321777 112.494186401367 111.859062194824 111.27854347229
108.896242141724 109.435556411743 109.702280044556 109.86017036438 108.507389068604 107.31360244751 108.140893936157 109.479936599731 109.42133140564 109.307252883911 110.450565338135 110.392282485962 110.387380599976 111.176603317261 110.760829925537 110.343967437744 111.599498748779 111.648258209229 111.365093231201 112.157266616821 112.950265884399 113.468519210815 113.049850463867 112.768785476685 112.918041229248 113.356897354126 113.0521068573 113.157787322998 114.380983352661 115.275545120239 114.964033126831 116.95400428772 116.834577560425 116.715160369873 117.456159591675 118.201000213623 118.29799079895 118.457557678223 119.329692840576 118.471113204956 117.060691833496 116.360612869263 115.661697387695 115.670806884766 114.973636627197 115.854404449463 114.287902832031 111.143671035767 110.349655151367 109.793224334717
108.622760772705 108.92264175415 108.31982421875 108.50332069397 107.629392623901 107.813167572021 107.205581665039 108.291006088257 109.333282470703 110.030889511108 109.191305160522 109.616813659668 109.621416091919 110.401121139526 111.18158531189 110.762428283691 111.543489456177 111.589406967163 110.830854415894 111.145700454712 111.1911277771 112.442485809326 112.957874298096 113.004774093628 112.072443008423 112.507526397705 112.134737014771 112.194787979126 112.327598571777 113.943239212036 114.353841781616 114.517812728882 113.491933822632 114.713283538818 115.465520858765 116.221767425537 117.029607772827 116.319046020508 116.312753677368 115.604160308838 115.598522186279 114.891904830933 113.318529129028 112.613826751709 113.478956222534 112.776945114136 111.205286026001 109.633504867554 109.018323898315 107.612022399902
