data/spatiotemp/temp2/bio12_norsw_test_2007_2010.asc
NCOLS 654 
NROWS 380 
XLLCORNER 3.91666666666667 
YLLCORNER 55.3333333333333 
CELLSIZE 0.0416666666666667 
NODATA_value -9999 
[rows 176 to 197 of 380, columns 100 to 149 of 654]
-9999 -9999 -9999 -9999 -9999 -9999 -9999 -9999 -9999 -9999 -9999 1117.77691650391 -9999 1121.60354614258 1125.55450439453 1126.53723144531 1124.74002075195 1121.53137207031 -9999 -9999 -9999 -9999 -9999 -9999 -9999 -9999 -9999 -9999 -9999 -9999 1035.73582458496 1031.39152526855 1027.82746887207 1019.41606140137 1016.10676574707 -9999 1033.08764648438 1062.18453979492 1093.96765136719 1163.73342895508 1181.33807373047 1178.55041503906 1187.92269897461 1215.47137451172 1250.88088989258 1267.63854980469 1309.01434326172 1361.18991088867 1391.33193969727 1427.99826049805
-9999 -9999 -9999 -9999 -9999 -9999 -9999 1107.91683959961 -9999 -9999 -9999 1119.77645874023 1123.82919311523 1128.82284545898 1138.60971069336 1143.31683349609 1144.21969604492 1138.02374267578 1120.17071533203 1116.27792358398 -9999 -9999 -9999 -9999 -9999 -9999 -9999 -9999 -9999 -9999 1033.9539642334 1033.43270874023 -9999 -9999 -9999 1018.0559387207 1058.51414489746 1140.98205566406 1095.50653076172 1100.0719909668 1114.39303588867 1139.41012573242 1174.58139038086 1243.32290649414 1265.44662475586 1255.75375366211 1279.9665222168 1278.91494750977 1341.15921020508 1383.42626953125
-9999 -9999 -9999 -9999 -9999 -9999 -9999 -9999 -9999 -9999 1122.14920043945 1135.25668334961 1148.75332641602 1158.24011230469 1161.48522949219 1165.75073242188 1167.71588134766 1149.08596801758 1130.70932006836 1125.03851318359 1112.66683959961 -9999 -9999 -9999 -9999 -9999 -9999 -9999 -9999 -9999 -9999 -9999 -9999 -9999 1003.51205444336 1003.96179199219 1004.19905090332 1030.60577392578 1053.91249084473 1110.75521850586 1164.88076782227 1128.88626098633 1143.88522338867 1167.49133300781 1165.56982421875 1176.23327636719 1256.56439208984 1294.68215942383 1374.07229614258 1430.15512084961
-9999 -9999 -9999 -9999 1093.96885681152 1097.53837585449 1111.15240478516 1112.5500793457 1118.35137939453 1130.27850341797 1138.07522583008 1143.31539916992 1159.31829833984 1164.19885253906 1165.17114257812 1163.85888671875 1162.5319519043 1146.60852050781 -9999 -9999 -9999 -9999 1099.41882324219 1108.97573852539 1094.0845489502 1082.39637756348 -9999 -9999 -9999 -9999 -9999 1039.87551879883 1031.35246276855 -9999 -9999 1006.1220703125 1007.00350952148 1022.14379882812 1037.59510803223 1060.58992004395 1069.7084197998 1108.05422973633 1157.20916748047 1213.87069702148 1277.99127197266 1314.83361816406 1380.44711303711 1376.91213989258 1397.21350097656 1433.8408203125
-9999 -9999 -9999 -9999 -9999 1099.12925720215 1104.55856323242 -9999 -9999 1118.53402709961 1125.04852294922 -9999 -9999 1143.84197998047 1154.65896606445 1159.73760986328 1164.27258300781 1155.14321899414 1137.84649658203 1144.46908569336 1161.43197631836 1128.90676879883 1114.96365356445 1116.13369750977 1112.61911010742 1093.35173034668 1080.2586517334 -9999 -9999 1057.16799926758 1047.31597900391 1041.69987487793 1049.24243164062 -9999 -9999 1011.95454406738 -9999 -9999 1101.62640380859 1087.97889709473 -9999 1141.6393737793 1150.90151977539 1208.74783325195 1269.22430419922 1307.14642333984 1306.60388183594 1276.08923339844 1286.53729248047 1269.34344482422
-9999 -9999 -9999 -9999 -9999 -9999 1103.22938537598 1110.82037353516 1113.07405090332 1113.16792297363 1130.76812744141 1140.94146728516 1159.63150024414 1158.95462036133 1176.16870117188 1182.99496459961 1195.97006225586 1180.13739013672 1156.57287597656 1164.84411621094 1166.97085571289 1137.00238037109 1145.80480957031 1132.50723266602 1115.55206298828 1092.42095947266 -9999 -9999 -9999 -9999 1059.80522155762 1053.65739440918 -9999 -9999 1050.34292602539 1096.55596923828 1072.98559570312 1091.72579956055 1173.05227661133 1136.71752929688 1072.19454956055 1099.82485961914 1199.31167602539 1256.48760986328 1200.5412902832 1175.74496459961 1167.46237182617 1201.78002929688 1244.19644165039 1250.30920410156
-9999 -9999 -9999 -9999 -9999 -9999 1106.39344787598 1116.45509338379 1125.85037231445 1139.36630249023 1147.19906616211 1162.95193481445 1173.80575561523 1192.25143432617 1187.95495605469 1194.4645690918 1211.95904541016 1191.41821289062 1193.45727539062 1179.48873901367 1181.97082519531 1159.37826538086 1169.61080932617 1164.9704284668 1140.05801391602 1112.49819946289 1100.99798583984 1082.85621643066 -9999 1080.84843444824 1102.80146789551 1075.47868347168 1103.3540802002 1100.24516296387 1178.91723632812 1142.04431152344 1246.18960571289 1233.9987487793 1221.66033935547 1172.83602905273 1146.2985534668 1107.26455688477 -9999 1091.82234191895 1125.3486328125 1188.32476806641 1220.26577758789 1206.47677612305 1225.41888427734 1251.11581420898
-9999 -9999 -9999 -9999 1090.15277099609 1100.32284545898 1119.03834533691 1133.37612915039 1164.13491821289 1188.62020874023 1183.10290527344 1185.54135131836 1198.6708984375 1209.48532104492 1220.92858886719 1231.68185424805 1279.10583496094 1240.88668823242 1204.91845703125 1193.23495483398 1188.56896972656 1166.20166015625 1158.95709228516 1145.86242675781 1120.32348632812 1104.42451477051 1142.89682006836 1134.82141113281 1124.75448608398 1240.54135131836 1209.8450012207 1109.1148223877 1187.1533203125 1186.00436401367 1275.00775146484 1207.12844848633 1233.04748535156 1284.79983520508 1295.47698974609 1278.83050537109 1222.26467895508 1127.94244384766 -9999 -9999 1167.20617675781 1152.1716003418 1138.06207275391 1193.64126586914 1188.12982177734 1175.92678833008
1062.50843811035 1061.36096191406 -9999 1089.62516784668 1092.36932373047 1113.9296875 1141.64349365234 1158.80792236328 1185.13323974609 1239.97793579102 1214.51889038086 1193.88989257812 1188.62603759766 1186.87573242188 1187.80032348633 1184.94058227539 1189.27139282227 1175.96026611328 1162.07015991211 1154.80242919922 1141.94509887695 -9999 1119.44236755371 1117.13078308105 1123.18469238281 1102.59931945801 1154.33224487305 1199.67190551758 1144.67999267578 1145.07827758789 1189.66323852539 1161.2490234375 1186.65844726562 1133.78549194336 1187.99215698242 1195.1120300293 1192.68081665039 1192.14569091797 1191.55401611328 1176.96536254883 1180.80996704102 1178.67486572266 1152.66763305664 1082.57719421387 -9999 1061.73971557617 1078.25671386719 1086.20281982422 1041.92810058594 -9999
1078.74589538574 1080.71838378906 -9999 -9999 -9999 1115.04121398926 1125.13043212891 1149.51376342773 1170.68746948242 1176.6647644043 1161.69473266602 1161.6162109375 1149.90057373047 -9999 -9999 1161.41973876953 1167.05169677734 1172.67260742188 1174.56594848633 1133.65866088867 1138.24423217773 1129.08923339844 1161.04315185547 1177.34204101562 1122.97102355957 -9999 1237.94696044922 1149.58529663086 1152.21997070312 1240.44241333008 1272.54119873047 1306.55749511719 1237.70877075195 1189.85372924805 1258.67437744141 1261.24322509766 1254.35705566406 1214.72518920898 1209.36041259766 1209.54937744141 1227.28338623047 1212.12130737305 1176.12194824219 1137.81323242188 1120.06893920898 1034.59242248535 -9999 -9999 1006.30563354492 1022.06039428711
1099.09381103516 1102.31455993652 1103.21110534668 1103.2991027832 -9999 -9999 -9999 -9999 -9999 1131.58334350586 1173.65472412109 1159.07965087891 1154.38543701172 1146.2825012207 1184.21258544922 1202.66903686523 1216.15130615234 1224.70562744141 1250.91632080078 1192.97616577148 1176.93505859375 1174.37744140625 1218.07067871094 1299.76013183594 1311.43267822266 1162.30349731445 1167.7626953125 1143.06481933594 1196.82504272461 1255.34866333008 1258.62231445312 1256.6598815918 1231.87786865234 1201.12573242188 1189.77450561523 1201.19622802734 1212.34442138672 1221.4026184082 1209.01153564453 1223.12176513672 1209.83889770508 1204.90078735352 1171.58270263672 1186.2858581543 1112.69137573242 1023.63349914551 -9999 1019.92057800293 1020.43835449219 1024.26268005371
1127.06256103516 1118.57847595215 1114.40830993652 1117.55938720703 1119.04754638672 -9999 -9999 -9999 1136.79989624023 1150.09655761719 1163.18481445312 1238.80889892578 1254.71392822266 1219.74841308594 1166.24523925781 1283.09167480469 1268.45574951172 1241.89202880859 1273.3747253418 1238.22491455078 1205.8410949707 1239.08752441406 1202.66546630859 1268.05688476562 1201.69772338867 1116.59716796875 1117.90507507324 1143.78457641602 1171.14053344727 1196.0104675293 1232.80709838867 1203.90930175781 1258.42700195312 1277.64547729492 1251.26968383789 1232.22610473633 1242.54415893555 1217.30111694336 1210.07046508789 1214.38537597656 1212.25424194336 1192.04745483398 1150.5129699707 1111.41941833496 1066.24070739746 1030.24333190918 1015.90745544434 956.931228637695 968.304733276367 960.613906860352
1138.63555908203 1142.10473632812 1137.00736999512 1133.66528320312 -9999 1136.86862182617 1145.49209594727 1150.60098266602 1154.00946044922 1146.97354125977 1167.84091186523 1221.09506225586 1246.0908203125 1277.29898071289 1276.5237121582 1311.17864990234 1289.62530517578 1295.56164550781 1316.45248413086 1282.9560546875 1271.00482177734 1237.86129760742 1226.62210083008 1165.37231445312 1126.23696899414 1161.61611938477 1187.33224487305 1212.69897460938 1297.66918945312 1308.30487060547 1337.50704956055 1306.64105224609 1236.55282592773 1278.01208496094 1236.71835327148 1209.7014465332 1212.45623779297 1191.74978637695 1189.06909179688 1176.52294921875 1163.39855957031 1103.34921264648 1083.1439666748 1113.25970458984 1083.52717590332 1067.15840148926 1046.53512573242 968.403259277344 1004.9437713623 949.974594116211
1163.69299316406 1153.83135986328 -9999 1164.5295715332 1175.65545654297 1175.24624633789 1179.43334960938 1177.97470092773 1205.24230957031 1160.15420532227 1172.89562988281 1230.21884155273 1293.23513793945 1320.24990844727 1357.53884887695 1404.08129882812 1374.3708190918 1364.29745483398 1333.72799682617 1301.12521362305 1278.94177246094 1223.71865844727 1131.25843811035 1176.65158081055 1240.95477294922 1246.29675292969 1273.14431762695 1287.51931762695 1298.97613525391 1286.63809204102 1279.43487548828 1281.39175415039 1279.10098266602 1283.17810058594 1248.29516601562 1195.8896484375 1148.91674804688 1145.82025146484 1145.849609375 1140.7682800293 1119.85876464844 1069.96353149414 1097.29821777344 1097.97430419922 1085.71014404297 1045.19114685059 988.595306396484 991.288208007812 1019.13932800293 1006.50732421875
1241.74447631836 1215.06903076172 1205.01507568359 1211.24694824219 1209.02728271484 1216.92984008789 1239.18588256836 1183.33081054688 1303.29934692383 1255.04348754883 1184.96014404297 1198.88952636719 1283.74890136719 1360.62643432617 1351.49600219727 1342.07623291016 1333.22778320312 1364.05447387695 1370.08169555664 1326.65069580078 1295.04306030273 1255.21600341797 1135.55560302734 1176.6735534668 1250.23434448242 1303.45495605469 1301.1748046875 1300.22207641602 1273.87731933594 1255.78927612305 1220.24914550781 1225.01226806641 1217.86770629883 1206.66030883789 1184.39794921875 1150.95672607422 1125.25071716309 1125.70129394531 1120.80090332031 1109.16578674316 1063.6787109375 1086.76570129395 1078.89726257324 1068.81637573242 1046.65582275391 993.283843994141 979.118377685547 969.507431030273 966.587417602539 922.299865722656
1405.75473022461 1343.32211303711 1291.67199707031 1329.91656494141 1343.88958740234 1222.4619140625 1271.62890625 1256.43667602539 1276.36074829102 1348.82220458984 1294.10870361328 1179.91204833984 1200.90423583984 1257.66687011719 1215.40393066406 1215.25262451172 1262.67568969727 1266.34088134766 1169.189453125 1220.44900512695 1205.30935668945 1231.15661621094 1203.01214599609 1281.32650756836 1334.6657409668 1323.99612426758 1315.42984008789 1285.48147583008 1249.65469360352 1250.376953125 1261.37185668945 1232.76452636719 1190.68988037109 1174.67013549805 1151.69705200195 1111.22492980957 1100.4566192627 1094.32926940918 1090.03636169434 1069.6436920166 1043.15972900391 1054.1335144043 1044.96876525879 1043.53364562988 1032.45074462891 1012.69584655762 985.176712036133 952.929794311523 920.955627441406 891.812759399414
1358.22091674805 1346.06747436523 1272.30151367188 1274.34390258789 1262.46395874023 1267.13586425781 1224.53555297852 1211.72131347656 1205.091796875 1208.40197753906 1166.86532592773 1169.96621704102 1236.86636352539 1293.46398925781 1283.98767089844 1332.66839599609 1307.07366943359 1378.17770385742 1309.25021362305 1359.07653808594 1331.60540771484 1349.37542724609 1312.40777587891 1247.78909301758 1320.6110534668 1346.50253295898 1335.58227539062 1292.68383789062 1246.23922729492 1236.13806152344 1203.373046875 1164.37762451172 1139.931640625 1139.61459350586 1107.58515930176 1092.48620605469 1077.08755493164 1054.50405883789 1047.20477294922 1040.67820739746 1025.97053527832 1017.09172058105 1001.94247436523 990.550170898438 979.846115112305 969.071075439453 943.657073974609 922.716873168945 891.147994995117 887.370269775391
1324.63479614258 1279.04598999023 1294.98428344727 1303.32513427734 1259.24969482422 1232.07415771484 1248.47219848633 1280.54235839844 1310.48486328125 1320.48132324219 1259.85522460938 1240.40975952148 1163.4899597168 1259.31430053711 1300.05456542969 1346.58245849609 1363.50708007812 1324.57153320312 1310.94915771484 1294.28659057617 1286.49118041992 1289.24447631836 1288.58197021484 1286.41802978516 1317.25549316406 1313.29919433594 1267.91766357422 1213.68704223633 1175.89923095703 1135.81629943848 1150.86163330078 1137.86459350586 1140.91659545898 1120.17098999023 1085.97714233398 1048.35353088379 1020.32244873047 1037.17311096191 1021.85778808594 1015.75134277344 997.510528564453 981.267730712891 964.44889831543 951.201187133789 930.057998657227 915.424514770508 908.945678710938 896.408752441406 895.315887451172 882.931869506836
1351.15887451172 1305.16174316406 1283.44232177734 1289.51663208008 1296.25402832031 1294.15426635742 1292.78805541992 1293.89605712891 1304.44296264648 1314.43481445312 1313.06521606445 1325.10366821289 1301.65634155273 1250.28118896484 1213.61975097656 1214.49227905273 1217.57348632812 1236.02691650391 1247.21243286133 1240.97604370117 1251.46759033203 1261.06896972656 1266.41171264648 1265.69696044922 1245.63061523438 1181.81945800781 1100.93801879883 1119.83528137207 1147.74252319336 1167.95617675781 1195.34613037109 1161.19354248047 1140.5407409668 1127.95877075195 1085.90760803223 1046.99754333496 1002.61158752441 993.686965942383 981.23503112793 997.431274414062 998.023101806641 966.887451171875 936.371719360352 920.999588012695 914.512054443359 905.068298339844 886.466201782227 874.763137817383 871.027236938477 854.657333374023
1370.79202270508 1372.42529296875 1331.26315307617 1298.7333984375 1356.44250488281 1322.03091430664 1272.77871704102 1253.94189453125 1227.82147216797 1219.92532348633 1207.64016723633 1205.14154052734 1182.111328125 1177.36584472656 1196.42938232422 1200.71801757812 1223.59362792969 1231.27117919922 1225.3837890625 1219.99978637695 1213.29409790039 1187.40557861328 1173.83612060547 1174.88354492188 1144.09622192383 1170.48742675781 1176.27276611328 1165.33584594727 1149.60577392578 1136.36500549316 1121.91667175293 1112.28507995605 1100.96440124512 1094.56076049805 1081.59002685547 1079.31678771973 1058.40603637695 998.879989624023 934.774917602539 919.377990722656 941.299713134766 936.196502685547 922.963943481445 902.239761352539 887.751815795898 878.328125 877.272094726562 878.78840637207 868.531997680664 844.14469909668
1393.94842529297 1378.43377685547 1333.92401123047 1297.59405517578 1271.04379272461 1243.72470092773 1269.80749511719 1249.13653564453 1205.75213623047 1147.15469360352 1155.44805908203 1151.17034912109 1158.78179931641 1121.71145629883 1073.80592346191 1127.58117675781 1144.12673950195 1168.51306152344 1170.9460144043 1151.04513549805 1152.76948547363 1195.83166503906 1262.43609619141 1286.55023193359 1239.55154418945 1245.94671630859 1252.28814697266 1230.76376342773 1218.16513061523 1191.98989868164 1146.57653808594 1090.1096496582 1071.9119720459 1050.32455444336 1044.35450744629 1051.62658691406 1014.14486694336 961.722366333008 907.749633789062 873.700073242188 870.060699462891 884.894149780273 897.007080078125 892.823837280273 908.352966308594 897.312957763672 881.362564086914 883.056655883789 868.441268920898 820.567886352539
1304.57275390625 1310.98599243164 1298.3752746582 1277.37518310547 1251.96987915039 1224.10784912109 -9999 -9999 1188.30419921875 1195.9567565918 1226.65814208984 1251.87936401367 1239.05224609375 1184.85250854492 1103.61233520508 1182.13934326172 1233.14749145508 1227.41723632812 1235.03094482422 1278.67123413086 1278.35211181641 1192.0419921875 1276.48394775391 1276.35675048828 1233.68347167969 1246.17373657227 1245.94244384766 1221.76489257812 1196.20056152344 1182.34378051758 1138.27168273926 1101.42111206055 1090.47290039062 1044.58163452148 990.694747924805 967.11604309082 930.01789855957 893.911361694336 869.796783447266 855.302841186523 827.441848754883 848.068664550781 870.761474609375 919.226486206055 972.829620361328 914.906234741211 846.800674438477 801.30827331543 780.09944152832 764.125274658203
