data/spatiotemp/temp2/bio18_norsw_test_2007_2010.asc
NCOLS 654 
NROWS 380 
XLLCORNER 3.91666666666667 
YLLCORNER 55.3333333333333 
CELLSIZE 0.0416666666666667 
NODATA_value -9999 
[rows 264 to 285 of 380, columns 600 to 649 of 654]
-9999 -9999 -9999 -9999 -9999 225.027885437012 -9999 228.802852630615 229.025024414062 230.165302276611 229.087875366211 228.941665649414 229.855129241943 -9999 -9999 -9999 -9999 -9999 -9999 -9999 -9999 -9999 242.968601226807 244.399116516113 243.27229309082 243.424140930176 244.699890136719 244.849945068359 246.020259857178 247.342681884766 248.761268615723 248.912857055664 250.090648651123 249.306072235107 248.191070556641 248.341930389404 247.472518920898 248.900482177734 252.534370422363 250.490566253662 249.364654541016 247.22061920166 246.185276031494 247.527965545654 246.741806030273 244.551544189453 244.844337463379 245.405853271484 244.405586242676 244.695125579834
-9999 -9999 -9999 -9999 -9999 -9999 -9999 -9999 -9999 -9999 -9999 -9999 -9999 -9999 -9999 -9999 -9999 -9999 -9999 -9999 -9999 -9999 -9999 -9999 243.267276763916 243.427917480469 244.861164093018 245.020225524902 245.17928314209 246.360401153564 246.521083831787 250.147426605225 248.101501464844 248.252502441406 248.403484344482 248.554470062256 249.980087280273 249.114685058594 246.804698944092 248.237464904785 247.37601852417 248.720027923584 247.685386657715 246.548748016357 247.969470977783 248.273223876953 246.362796783447 246.662014007568 245.935802459717 246.231624603271
-9999 -9999 -9999 -9999 -9999 -9999 -9999 -9999 -9999 -9999 -9999 -9999 -9999 -9999 -9999 -9999 -9999 -9999 -9999 -9999 -9999 -9999 -9999 241.948299407959 241.230995178223 243.686992645264 245.022434234619 245.19051361084 246.379146575928 247.81734085083 247.985633850098 248.153926849365 248.313632965088 248.464771270752 248.615886688232 250.040725708008 246.713832855225 249.328876495361 248.296550750732 247.166965484619 248.603260040283 249.947605133057 250.102291107178 249.245735168457 247.173439025879 247.480792999268 250.099147796631 250.409339904785 248.402843475342 248.710201263428
-9999 -9999 -9999 -9999 -9999 -9999 -9999 -9999 -9999 -9999 -9999 -9999 -9999 -9999 -9999 -9999 -9999 244.807723999023 240.399604797363 240.444644927979 241.716491699219 232.260540008545 245.639320373535 -9999 -9999 245.006618499756 245.183700561523 245.360794067383 245.537879943848 244.539054870605 245.983089447021 248.449867248535 249.794254302979 249.947746276855 249.850463867188 250.254737854004 250.408233642578 249.543060302734 248.50899887085 249.946441650391 248.815696716309 250.161724090576 250.316379547119 251.764068603516 249.695899963379 250.013134002686 250.3303565979 250.64758682251 249.937236785889 250.250785827637
-9999 -9999 -9999 234.663040161133 237.401779174805 238.862152099609 241.768321990967 242.240177154541 243.491905212402 245.973121643066 244.72730255127 246.043800354004 244.91641998291 -9999 243.9821434021 -9999 -9999 254.427227020264 250.863372802734 244.003684997559 244.115707397461 246.74231338501 -9999 -9999 -9999 -9999 242.900585174561 244.105239868164 245.562034606934 244.569774627686 247.202781677246 248.411758422852 249.849464416504 252.295909881592 252.44815826416 252.510311126709 249.434448242188 249.586711883545 251.022064208984 251.176464080811 251.508586883545 251.665386199951 252.835346221924 251.978973388672 252.220977783203 252.548187255859 251.582611083984 250.885829925537 251.210094451904 251.792110443115
-9999 -9999 -9999 239.509967803955 239.997772216797 242.639347076416 244.13228225708 245.904041290283 246.164436340332 247.192573547363 248.494369506836 249.686477661133 249.552108764648 248.572063446045 248.597953796387 248.623859405518 249.659732818604 249.686634063721 250.986557006836 246.40115737915 246.513355255127 -9999 257.530857086182 256.46297454834 256.768379211426 256.970794677734 243.751686096191 -9999 -9999 -9999 248.422012329102 249.887908935547 253.380020141602 258.199466705322 258.354496002197 254.001979827881 252.966045379639 252.099903106689 250.968967437744 250.103759765625 250.25609588623 252.895008087158 253.050704956055 252.007808685303 251.2395362854 252.773708343506 253.108013153076 252.416522979736 252.74690246582 250.580619812012
-9999 226.997116088867 240.425045013428 240.92989730835 243.58863067627 244.100006103516 245.775989532471 248.566272735596 248.83239364624 251.123271942139 253.315944671631 253.331535339355 254.356037139893 254.372459411621 255.658874511719 255.675300598145 254.525108337402 253.272148132324 254.55912399292 252.141307830811 251.240379333496 250.284156799316 249.577964782715 249.784980773926 247.450122833252 247.501483917236 -9999 245.541618347168 245.994441986084 260.020980834961 252.096073150635 252.302715301514 253.505054473877 255.953720092773 255.084442138672 254.21700668335 251.897895812988 252.048458099365 252.375354766846 250.316318511963 250.468719482422 251.912685394287 253.266063690186 252.221504211426 252.470809936523 252.815029144287 254.634616851807 252.476715087891 252.992641448975 249.796314239502
-9999 -9999 245.113723754883 245.491626739502 247.181053161621 247.716335296631 250.521411895752 252.23168182373 252.504932403564 254.783580780029 254.789249420166 258.243698120117 255.812461853027 256.831344604492 258.104038238525 258.11137008667 259.384986877441 259.392616271973 256.96598815918 258.241302490234 257.190704345703 255.127578735352 254.178642272949 253.379863739014 252.329341888428 251.12141418457 250.160697937012 249.355163574219 249.569885253906 249.784629821777 249.999362945557 252.510913848877 252.694858551025 252.846900939941 252.998947143555 251.959129333496 252.109935760498 251.24231338501 251.66316986084 251.817573547363 251.971977233887 249.818778991699 249.972103118896 251.13879776001 252.876216888428 253.315986633301 252.367492675781 252.714714050293 252.030048370361 252.373062133789
245.137882232666 247.83475112915 248.657238006592 249.057926177979 250.77502822876 253.760917663574 255.333419799805 255.899639129639 256.180141448975 257.188220977783 258.442363739014 259.69775390625 259.449012756348 259.44543838501 260.703205108643 260.700252532959 259.526035308838 261.804653167725 261.803813934326 259.520107269287 258.468467712402 258.702816009521 257.764854431152 257.997425079346 257.054096221924 256.014923095703 254.04451751709 254.272239685059 253.31689453125 254.727687835693 254.955410003662 255.183135986328 254.184734344482 254.338836669922 254.49295425415 254.647075653076 254.80118560791 253.936943054199 254.091815948486 252.031269073486 251.16960144043 251.324764251709 251.47993850708 251.635105133057 254.202987670898 253.540515899658 253.893634796143 251.743946075439 252.09691619873 253.661281585693
248.635036468506 250.363231658936 252.201652526855 253.786483764648 254.37056350708 257.379039764404 259.05549621582 259.640476226807 261.109428405762 262.111885070801 260.917282104492 262.083999633789 263.087841033936 264.33032989502 261.884677886963 261.872264862061 261.859844207764 261.934844970703 261.924541473389 261.914237976074 260.769931793213 261.107975006104 261.353553771973 258.135719299316 258.378040313721 258.372188568115 258.702766418457 257.922004699707 258.162521362305 258.403049468994 258.730968475342 257.693836212158 256.869766235352 257.027004241943 254.707843780518 254.862106323242 253.997379302979 251.93616104126 252.09056854248 252.244979858398 252.399364471436 252.553779602051 252.989608764648 253.146461486816 253.404937744141 255.062129974365 255.15022277832 255.514808654785 255.879383087158 255.030799865723
252.0595703125 254.891452789307 256.631092071533 260.636486053467 263.48779296875 265.255710601807 267.10298538208 267.702156066895 266.811977386475 267.821521759033 266.792221069336 267.802051544189 266.541358947754 266.530406951904 267.772834777832 269.017696380615 268.854694366455 267.590476989746 265.151245117188 266.402221679688 265.503936767578 265.75647354126 264.833698272705 261.621120452881 264.068710327148 263.13729095459 263.471599578857 263.632320404053 262.944396972656 263.191459655762 260.973781585693 261.217617034912 260.394962310791 258.075416564941 257.031669616699 257.182025909424 256.313365936279 252.960742950439 253.10945892334 252.330360412598 253.682151794434 252.630256652832 251.764804840088 253.120510101318 254.394462585449 254.761737823486 255.129016876221 255.49630355835 256.121658325195 256.483295440674
254.50825881958 257.215576171875 261.184059143066 265.165596008301 265.737503051758 267.323310852051 267.89820098877 269.714519500732 270.004657745361 268.829196929932 270.017311096191 270.023639678955 269.872009277344 268.858303070068 268.865573883057 268.872840881348 268.647407531738 269.907890319824 270.935482025146 269.770214080811 268.639945983887 268.973945617676 267.024856567383 264.829643249512 265.072402954102 265.315170288086 265.557941436768 264.779640197754 265.104915618896 265.347114562988 264.317115783691 263.365730285645 261.088863372803 260.209903717041 259.331981658936 258.194606781006 256.119342803955 256.260082244873 254.183689117432 254.324047088623 254.464416503906 254.604774475098 254.745128631592 254.88549041748 254.123218536377 255.782321929932 256.146957397461 257.803340911865 258.167087554932 256.030109405518
257.845092773438 260.535404205322 263.322002410889 266.035804748535 267.822849273682 267.198276519775 268.916400909424 270.700035095215 270.985008239746 272.03218460083 272.05587387085 270.900512695312 269.68090057373 269.703636169434 269.726364135742 269.749092102051 269.771839141846 269.640277862549 270.917560577393 269.686511993408 268.645824432373 268.887203216553 269.128570556641 268.190895080566 267.410247802734 267.649730682373 266.704933166504 265.756633758545 265.992630004883 264.018100738525 264.252193450928 263.215709686279 260.932910919189 258.848907470703 259.235507965088 258.091812133789 256.944675445557 257.336528778076 257.468780517578 257.601024627686 256.533512115479 256.848438262939 257.069309234619 255.911987304688 256.161636352539 255.506748199463 255.869903564453 256.233081817627 255.38883972168 257.039283752441
263.333766937256 265.08797454834 264.444915771484 267.133388519287 268.88756942749 269.406410217285 268.692211151123 270.236183166504 271.749244689941 269.374938964844 269.413219451904 269.451515197754 270.667537689209 270.705322265625 270.743110656738 273.048789978027 270.663902282715 270.701622009277 270.739330291748 269.602809906006 268.80196762085 267.781211853027 269.27379989624 270.529300689697 270.765411376953 267.537055969238 266.58500289917 265.629512786865 265.859180450439 264.898544311523 265.372100830078 264.333335876465 263.315055847168 261.148513793945 260.251770019531 260.375648498535 259.302753448486 259.426147460938 258.530769348145 258.65454864502 259.796356201172 258.902084350586 257.826145172119 256.932502746582 255.888214111328 254.029113769531 254.389736175537 254.750350952148 255.110969543457 256.758491516113
263.275688171387 266.154384613037 266.647094726562 269.384574890137 268.712844848633 270.225101470947 268.468029022217 271.214740753174 270.31177520752 271.545753479004 270.423782348633 270.479804992676 270.535808563232 271.615413665771 270.647819519043 271.72579574585 271.780986785889 270.815853118896 269.696395874023 270.771366119385 270.914764404297 271.14608001709 269.018867492676 267.990001678467 269.474742889404 267.498802185059 266.465065002441 266.763130187988 268.007678985596 268.23225402832 264.979652404785 264.180381774902 263.153118133545 265.731338500977 265.848041534424 264.768444061279 261.395606994629 261.687763214111 259.329467773438 259.702083587646 259.817375183105 259.932666778564 257.566329956055 257.679607391357 256.900718688965 255.041259765625 255.400367736816 255.759498596191 256.11861038208 256.477722167969
264.444763183594 265.917404174805 266.382694244385 268.073413848877 269.704711914062 270.025493621826 270.493267059326 270.961036682129 272.407535552979 274.734394073486 272.603107452393 272.677265167236 272.751407623291 273.85005569458 271.723293304443 271.579029083252 271.649765014648 270.544273376465 271.863140106201 274.13062286377 273.10355758667 271.058498382568 270.103057861328 271.344779968262 269.365795135498 269.58727645874 267.36450958252 267.583465576172 266.612197875977 265.809310913086 264.83279800415 264.027420043945 264.187267303467 265.556632995605 265.662940979004 263.304714202881 262.389324188232 262.569343566895 260.382827758789 260.487689971924 260.592567443848 260.697425842285 259.60546875 257.409782409668 256.624450683594 254.764991760254 255.122974395752 255.480968475342 254.637889862061 254.994968414307
264.381450653076 267.050472259521 267.48811340332 267.925754547119 268.363388061523 268.801036834717 269.238674163818 270.707317352295 270.971549987793 272.281566619873 272.371974945068 272.462379455566 273.782962799072 272.492496490479 272.581432342529 272.608673095703 271.737808227539 272.848251342773 272.937183380127 271.777446746826 270.752593994141 269.791290283203 270.007987976074 270.224666595459 268.003395080566 269.236354827881 269.450942993164 267.456832885742 266.478443145752 266.689453125 265.880249023438 265.070426940918 264.025947570801 264.120136260986 263.193992614746 262.092021942139 262.186492919922 262.353652954102 261.179512023926 260.254482269287 260.349216461182 259.168266296387 258.324111938477 258.41911315918 257.368923187256 255.51293182373 254.845588684082 255.285850524902 254.360363006592 254.716377258301
264.318134307861 267.102077484131 267.511680603027 267.921276092529 268.188671112061 269.813972473145 270.039939880371 272.840065002441 271.886077880859 271.990242004395 273.315364837646 272.247482299805 272.155265808105 272.257488250732 272.567447662354 271.497631072998 270.365661621094 270.532913208008 270.638805389404 270.514862060547 269.65503692627 269.702701568604 270.930084228516 268.939289093018 270.165767669678 270.374732971191 267.12385559082 267.330196380615 268.790431976318 267.977787017822 266.989360809326 267.194404602051 266.142181396484 266.227653503418 262.835594177246 262.919734954834 260.787685394287 262.137966156006 262.22424697876 260.021255493164 260.105865478516 257.976303100586 256.78687286377 258.146308898926 257.349319458008 256.515243530273 254.568183898926 253.727851867676 254.082824707031 254.437801361084
265.46626663208 267.007411956787 267.38952255249 268.794651031494 269.179874420166 269.565090179443 270.982639312744 271.409267425537 271.663871765137 270.572875976562 270.692672729492 271.843238830566 270.932239532471 271.052040100098 269.995906829834 271.138729095459 271.469997406006 271.653400421143 270.536239624023 268.233871459961 268.394519805908 269.614086151123 271.065849304199 272.287139892578 269.038925170898 270.258884429932 270.461444854736 268.454307556152 269.90616607666 270.107299804688 269.112586975098 267.094566345215 265.977745056152 264.855514526367 263.910831451416 262.727241516113 260.58504486084 260.659526824951 260.734008789062 259.788059234619 258.594554901123 258.6672706604 256.527046203613 255.579807281494 254.856132507324 255.211692810059 253.097431182861 252.419841766357 252.770622253418 251.926021575928
264.191509246826 265.563911437988 265.920558929443 265.25203704834 267.799514770508 270.567874908447 270.791614532471 271.150966644287 271.400218963623 270.329658508301 271.499633789062 272.849864959717 271.956871032715 270.87287902832 271.008682250977 270.991966247559 269.947494506836 269.059597015381 270.433670043945 271.587169647217 270.573421478271 270.771125793457 270.968822479248 268.734260559082 267.74267578125 269.184211730957 268.131004333496 269.573398590088 269.768005371094 269.786651611328 268.960601806641 269.383682250977 267.06436920166 264.680347442627 264.980087280273 262.770561218262 260.382400512695 260.446830749512 260.511260986328 260.748119354248 259.619174957275 257.39575958252 257.535701751709 256.410415649414 255.600887298584 252.469116210938 252.8219871521 253.174873352051 254.804347991943 253.965259552002
265.329170227051 266.676403045654 265.842163085938 267.335124969482 267.664493560791 267.993854522705 268.323219299316 269.852794647217 271.136589050293 270.086444854736 270.238265991211 270.390079498291 271.758239746094 271.768123626709 270.893466949463 272.072330474854 273.455139160156 271.197769165039 272.586730957031 272.74137878418 271.733024597168 270.680679321289 270.871795654297 272.07889175415 270.065795898438 272.462062835693 271.462375640869 270.459655761719 269.629848480225 268.622077941895 268.808624267578 268.995170593262 266.896934509277 264.505191802979 264.791812896729 261.378688812256 261.43480682373 261.490921020508 261.54704284668 259.321628570557 259.616436004639 259.672210693359 256.25114440918 253.850109100342 254.135166168213 253.46508026123 252.546558380127 254.171699523926 253.334548950195 251.458843231201
266.280597686768 267.778610229492 268.080894470215 267.187469482422 266.487586975098 267.821933746338 266.928039550781 270.634376525879 270.872928619385 271.04460144043 270.045932769775 270.216327667236 270.386730194092 269.340404510498 269.506973266602 270.89790725708 272.090709686279 271.079341888428 272.481822967529 271.470474243164 270.405704498291 271.604675292969 272.975891113281 274.404811859131 273.402397155762 271.380508422852 270.320743560791 269.310134887695 268.296543121338 268.476593017578 268.656646728516 267.817111968994 266.729499816895 265.576839447021 263.354953765869 264.650413513184 262.481231689453 261.507877349854 260.299884796143 260.345703125 258.179149627686 257.036582946777 255.821964263916 254.84549331665 253.780242919922 253.107395172119 252.27112197876 251.589851379395 250.749614715576 249.908512115479
