data/spatiotemp/temp2/bio16_norsw_test_2007_2010.asc
NCOLS 654 
NROWS 380 
XLLCORNER 3.91666666666667 
YLLCORNER 55.3333333333333 
CELLSIZE 0.0416666666666667 
NODATA_value -9999 
[rows 198 to 219 of 380, columns 150 to 199 of 654]
272.02466583252 267.700084686279 278.969757080078 278.513069152832 274.655757904053 277.990760803223 279.272373199463 271.454544067383 280.919612884521 289.318782806396 295.525260925293 284.483715057373 271.240100860596 278.431980133057 291.432636260986 296.020477294922 301.332298278809 307.633178710938 314.551292419434 306.903778076172 287.971488952637 288.775844573975 290.155029296875 279.05492401123 278.594131469727 292.960254669189 304.951011657715 317.064453125 315.347312927246 320.804389953613 324.62841796875 334.517890930176 348.963661193848 353.256248474121 363.732154846191 355.288345336914 341.67586517334 344.072341918945 338.043327331543 336.59268951416 326.012832641602 324.28832244873 333.483215332031 345.604164123535 362.718528747559 364.724113464355 341.140502929688 326.661071777344 330.781509399414 314.67505645752
271.625938415527 270.702690124512 276.963790893555 279.171573638916 276.403633117676 284.933010101318 273.819934844971 272.164115905762 271.711498260498 287.827060699463 307.484825134277 300.85717010498 284.746299743652 291.459671020508 282.153118133545 295.689933776855 313.324363708496 311.901351928711 304.822563171387 291.019981384277 290.616256713867 303.716117858887 297.730926513672 282.156036376953 273.842582702637 277.029582977295 282.046531677246 288.149620056152 299.444305419922 306.105697631836 309.2822265625 322.66130065918 335.335563659668 343.503448486328 345.693481445312 339.525291442871 329.194671630859 329.588455200195 331.231437683105 335.785369873047 333.872871398926 328.0234375 336.17366027832 352.138328552246 382.705101013184 375.879928588867 352.216041564941 350.914726257324 346.609962463379 331.709045410156
272.91333770752 275.296810150146 277.705631256104 276.610733032227 277.850708007812 281.829246520996 273.498859405518 277.478145599365 273.015865325928 271.287040710449 278.085525512695 296.004425048828 301.685638427734 310.185806274414 299.17552947998 290.405570983887 290.091117858887 294.137702941895 303.363410949707 305.329193115234 307.118469238281 313.45728302002 305.790512084961 286.94176864624 274.725070953369 294.75936126709 289.202030181885 272.049335479736 273.162616729736 282.201049804688 293.881275177002 300.464729309082 309.294334411621 315.881942749023 317.525520324707 323.538131713867 337.255294799805 339.384780883789 330.542007446289 328.26326751709 328.088943481445 327.346168518066 334.894996643066 345.220092773438 367.964088439941 365.121643066406 349.76537322998 362.511169433594 370.808074951172 349.752616882324
284.946876525879 280.075263977051 286.926872253418 290.348793029785 281.439083099365 285.35046005249 274.744800567627 288.812705993652 289.412322998047 286.064647674561 280.534301757812 279.524772644043 299.73078918457 309.369316101074 304.477279663086 308.056571960449 293.617385864258 292.663619995117 299.642219543457 306.715606689453 290.145164489746 286.355243682861 289.376682281494 274.86882019043 277.223976135254 298.846862792969 300.672744750977 274.067523956299 275.177833557129 284.634239196777 289.045993804932 310.318214416504 324.673568725586 334.656158447266 329.951957702637 321.393989562988 326.360313415527 332.250503540039 333.126892089844 319.619598388672 316.020164489746 319.710426330566 327.293670654297 331.654098510742 327.921966552734 333.420600891113 330.369049072266 335.781791687012 355.89527130127 348.470336914062
281.158016204834 283.046924591064 296.590179443359 309.046310424805 294.48518371582 285.010543823242 282.216972351074 280.493598937988 289.566757202148 296.393249511719 299.169868469238 282.416549682617 284.630420684814 304.381530761719 315.150169372559 305.227684020996 294.90013885498 296.780654907227 284.561851501465 281.027881622314 291.916297912598 298.180221557617 289.350666046143 268.737258911133 281.353332519531 295.694519042969 297.919250488281 270.33544921875 280.395626068115 290.436553955078 283.487045288086 290.114627838135 304.126991271973 309.128150939941 310.702033996582 320.144195556641 317.178398132324 314.318840026855 315.577995300293 312.066795349121 310.710258483887 312.677169799805 312.461647033691 315.463592529297 315.822151184082 319.03849029541 314.698722839355 318.028144836426 309.758728027344 306.091873168945
263.215999603271 274.007270812988 282.961547851562 304.949363708496 299.422782897949 285.508785247803 300.053733825684 305.742446899414 290.617530822754 293.501312255859 293.061889648438 304.886299133301 303.241416931152 294.857086181641 304.986137390137 297.400169372559 304.310478210449 288.271820068359 285.694877624512 302.741165161133 303.562606811523 312.211601257324 306.793388366699 281.708606719971 290.272674560547 286.54801940918 283.361553192139 275.949024200439 266.830505371094 264.564674377441 268.967956542969 271.746322631836 282.399837493896 285.73420715332 287.835430145264 295.056770324707 294.968299865723 296.031616210938 299.007682800293 302.179504394531 300.111892700195 306.153442382812 313.823257446289 319.103858947754 317.834976196289 316.452568054199 308.640815734863 309.539916992188 316.78173828125 321.146636962891
256.458629608154 263.862991333008 270.026176452637 273.467235565186 289.836349487305 284.79141998291 302.858421325684 304.667495727539 305.271492004395 293.036643981934 285.795833587646 294.17032623291 296.466667175293 298.764358520508 298.876502990723 288.34688949585 291.428577423096 284.297348022461 290.801593780518 310.535461425781 309.64608001709 290.731822967529 271.71496963501 283.30407333374 286.98851776123 274.125400543213 276.013813018799 270.898456573486 252.188854217529 249.95043182373 264.563377380371 285.25838470459 286.441757202148 288.011184692383 289.667770385742 284.003196716309 287.283954620361 294.54577255249 295.917556762695 293.366195678711 298.141784667969 307.42000579834 315.65161895752 313.569519042969 314.58472442627 313.756546020508 306.136650085449 307.596336364746 312.407127380371 313.296714782715
282.71639251709 262.016086578369 257.662712097168 261.067573547363 271.257656097412 267.414405822754 278.203868865967 282.692817687988 297.93140411377 279.935741424561 269.934627532959 281.242347717285 290.836502075195 298.791748046875 295.492744445801 281.531097412109 269.933124542236 263.917030334473 266.327877044678 287.362712860107 285.332778930664 262.481285095215 257.616996765137 274.233417510986 272.675975799561 270.093601226807 257.744651794434 243.509181976318 237.384399414062 253.683372497559 260.528045654297 267.285449981689 271.166709899902 273.543659210205 280.167274475098 285.846630096436 292.125389099121 292.098834991455 288.802116394043 291.375194549561 299.489990234375 307.708778381348 326.748527526855 316.160804748535 316.476264953613 326.464279174805 316.505302429199 303.804481506348 305.598503112793 309.936866760254
272.007343292236 272.098247528076 260.31090927124 245.2737159729 244.248645782471 251.046058654785 251.091663360596 259.473316192627 272.47730255127 271.357322692871 276.509860992432 282.289932250977 284.033485412598 289.05632019043 290.886932373047 293.98908996582 281.137668609619 268.35160446167 262.879177093506 259.68306350708 249.129768371582 242.415390014648 256.285488128662 272.766761779785 260.699966430664 256.384449005127 244.500930786133 232.451774597168 236.690170288086 233.732501983643 250.839859008789 266.787620544434 276.413688659668 281.966590881348 287.046867370605 283.052097320557 298.388610839844 306.986251831055 301.978523254395 293.329181671143 287.186267852783 297.209980010986 334.790130615234 350.382232666016 358.758285522461 341.920104980469 320.094032287598 324.332344055176 312.627021789551 303.202857971191
257.836109161377 257.471046447754 254.1130027771 252.986713409424 238.900428771973 246.256671905518 259.413227081299 263.359176635742 276.232883453369 287.050682067871 296.731773376465 293.442543029785 287.875751495361 270.502380371094 268.875350952148 282.015632629395 277.716499328613 294.30387878418 283.705028533936 256.692321777344 246.06383895874 241.117309570312 239.049873352051 247.772163391113 251.355537414551 240.579471588135 231.191764831543 254.78776550293 273.322067260742 280.159786224365 259.283561706543 252.134181976318 261.060119628906 271.813709259033 290.017097473145 290.049472808838 290.549942016602 293.562194824219 293.624378204346 297.347610473633 287.345176696777 281.156799316406 296.277797698975 322.760101318359 345.75789642334 367.306327819824 335.130386352539 320.654159545898 325.911109924316 316.472763061523
256.115539550781 255.749809265137 250.184833526611 246.81954574585 238.344104766846 240.08455657959 258.700977325439 260.961696624756 255.931728363037 255.435493469238 277.00728225708 279.852565765381 272.034637451172 264.764045715332 254.847953796387 258.184143066406 270.78332901001 277.356822967529 258.168556213379 245.32152557373 244.826755523682 252.314746856689 249.773006439209 235.486824035645 239.109920501709 251.851753234863 247.570766448975 253.633922576904 266.750534057617 284.69425201416 288.676864624023 273.993343353271 281.490524291992 280.998142242432 270.164875030518 270.22395324707 274.900310516357 276.699016571045 277.317626953125 277.005676269531 280.713985443115 279.700180053711 285.526214599609 293.262531280518 301.952751159668 312.02465057373 319.092994689941 318.907829284668 309.577178955078 305.660583496094
265.636085510254 262.338191986084 261.943714141846 265.421867370605 247.865455627441 229.276821136475 233.774841308594 242.365844726562 244.109855651855 241.282413482666 248.213779449463 249.960159301758 258.56311416626 247.216239929199 246.759811401367 256.472839355469 258.304012298584 243.782489776611 237.587844848633 237.804328918457 243.612453460693 237.746032714844 233.320693969727 248.684127807617 292.546440124512 324.457489013672 333.76148223877 291.261631011963 269.514625549316 249.233066558838 266.638034820557 282.505172729492 267.26265335083 269.370704650879 279.228256225586 280.568008422852 293.696846008301 291.605609893799 280.846012115479 279.331802368164 282.480251312256 281.451927185059 281.126327514648 284.106552124023 290.037021636963 292.566509246826 295.101154327393 297.251514434814 297.328617095947 297.662200927734
279.145210266113 267.001140594482 275.388961791992 269.793041229248 251.742210388184 229.777153015137 227.424011230469 229.168338775635 243.353240966797 238.304542541504 231.038768768311 235.091991424561 238.64608001709 242.205299377441 255.850799560547 256.93249130249 236.197189331055 230.572738647461 230.75569152832 229.485092163086 236.782653808594 248.009986877441 244.773704528809 248.446422576904 263.370304107666 285.07568359375 307.405303955078 323.547515869141 296.892875671387 289.545227050781 259.905010223389 279.138175964355 286.510410308838 275.308101654053 299.970367431641 291.491359710693 284.670860290527 288.262939453125 286.242622375488 290.037704467773 284.846206665039 277.159961700439 277.395267486572 279.221935272217 284.04955291748 288.887489318848 295.781555175781 293.359203338623 301.483421325684 302.587051391602
291.581008911133 297.361259460449 298.674156188965 275.979740142822 258.398109436035 248.884883880615 231.289234161377 232.49577331543 235.326152801514 231.94730758667 235.459320068359 230.717853546143 232.621391296387 243.009811401367 248.778915405273 238.435279846191 229.852634429932 221.979354858398 227.066959381104 244.659275054932 258.845767974854 268.126651763916 271.809844970703 257.545486450195 249.105388641357 257.698429107666 274.069534301758 283.397747039795 285.258899688721 303.945709228516 276.825344085693 263.727508544922 273.849109649658 269.587398529053 281.947025299072 290.943725585938 287.392528533936 278.886516571045 303.556510925293 322.732482910156 309.477905273438 287.034336090088 275.748943328857 280.302154541016 282.454746246338 284.987483978271 286.057891845703 285.584648132324 285.192665100098 285.492568969727
295.972579956055 307.369262695312 272.410995483398 258.732456207275 274.039417266846 278.080047607422 251.090396881104 233.089298248291 233.542552947998 240.481086730957 235.693824768066 236.816730499268 227.439296722412 222.95093536377 234.576221466064 225.487239837646 220.765384674072 239.833389282227 234.861133575439 257.92578125 274.350070953369 279.240455627441 287.842979431152 294.135925292969 279.894954681396 263.831081390381 257.142734527588 268.272922515869 271.028034210205 289.829174041748 289.631492614746 294.121421813965 298.877075195312 280.027450561523 281.001243591309 282.515777587891 281.001846313477 274.272983551025 296.282825469971 311.859748840332 301.413345336914 282.856433868408 277.33757019043 281.70072555542 291.068397521973 287.523876190186 284.2880859375 286.887615203857 287.952487945557 290.564781188965
258.970714569092 284.782493591309 272.19673538208 251.885223388672 243.855968475342 248.574489593506 230.269943237305 224.791603088379 236.643692016602 248.835319519043 233.496475219727 217.991195678711 222.275093078613 218.985500335693 220.125926971436 222.988826751709 227.585475921631 245.690658569336 241.222862243652 246.819068908691 274.603485107422 272.839420318604 286.275436401367 288.347465515137 291.027076721191 294.709754943848 283.115036010742 280.198680877686 275.05411529541 267.919490814209 286.307655334473 305.769973754883 337.037666320801 312.151298522949 297.2395362854 301.295318603516 296.123428344727 275.868843078613 277.418594360352 288.733787536621 292.993923187256 277.430820465088 279.947811126709 290.131149291992 308.310699462891 324.276405334473 308.406776428223 294.750621795654 300.124168395996 296.102104187012
268.683933258057 252.859840393066 247.813537597656 253.498725891113 230.59928894043 236.35266494751 235.767295837402 234.687633514404 234.307800292969 229.799976348877 225.28755569458 216.119899749756 226.286758422852 229.856491088867 236.889011383057 244.208850860596 251.79740524292 260.111133575439 246.531085968018 244.26696395874 272.118099212646 257.990184783936 279.458320617676 283.136791229248 298.971961975098 303.412895202637 317.091697692871 323.157180786133 297.675476074219 268.656936645508 289.370315551758 282.958274841309 322.892585754395 319.416397094727 317.182823181152 312.243537902832 295.508892059326 281.517658233643 273.246253967285 275.288131713867 279.287254333496 275.981906890869 277.772758483887 288.68208694458 302.128692626953 320.428886413574 333.683258056641 314.210350036621 327.42741394043 322.700607299805
248.328834533691 242.11026763916 237.384124755859 234.822387695312 232.760036468506 229.979988098145 230.839702606201 230.978923797607 232.600147247314 229.30424118042 222.32266998291 246.067394256592 297.097831726074 257.42919921875 241.345825195312 248.697536468506 256.060569763184 252.815181732178 251.790214538574 230.976486206055 250.230518341064 282.409408569336 271.713291168213 264.987464904785 281.122947692871 305.957977294922 311.957046508789 317.282363891602 318.363510131836 287.026721954346 284.090404510498 283.412231445312 276.702789306641 279.75057220459 288.590316772461 296.936557769775 298.74373626709 278.141212463379 275.903621673584 271.86629486084 272.87939453125 274.113945007324 275.858879089355 295.409156799316 313.721603393555 317.30891418457 318.630836486816 313.567436218262 311.788772583008 314.14892578125
233.533000946045 246.996181488037 258.99365234375 259.113254547119 271.714485168457 257.22679901123 247.787307739258 233.913921356201 222.226806640625 221.136638641357 219.312381744385 246.837562561035 276.718830108643 271.578540802002 231.475372314453 244.535572052002 253.418575286865 248.413196563721 245.414699554443 229.982158660889 234.905975341797 273.390556335449 302.240798950195 297.257164001465 280.569385528564 283.055122375488 284.832286834717 287.129463195801 304.701103210449 288.989891052246 288.818782806396 318.713973999023 316.772064208984 289.721572875977 277.92826461792 279.97550201416 280.264533996582 272.470615386963 272.988285064697 271.953773498535 270.915046691895 274.702621459961 281.536804199219 293.735218048096 324.035942077637 353.668388366699 331.018798828125 321.8583984375 324.994926452637 322.957992553711
256.015872955322 260.65408706665 260.769878387451 256.466751098633 252.14998626709 244.185684204102 245.566951751709 239.539421081543 230.550979614258 229.482975006104 221.616744995117 224.315731048584 238.306255340576 251.842655181885 247.063781738281 227.162563323975 241.538436889648 254.921981811523 268.58670425415 258.12442779541 228.705814361572 258.833877563477 281.037975311279 277.787696838379 278.029476165771 286.273448944092 300.820770263672 302.645225524902 286.887027740479 278.64493560791 275.685119628906 291.073467254639 306.728103637695 306.287857055664 284.124496459961 277.834133148193 277.102909088135 273.079490661621 273.335235595703 272.288509368896 271.759197235107 286.479667663574 298.952938079834 304.025932312012 297.149997711182 319.128433227539 320.654273986816 332.467170715332 331.24959564209 318.974113464355
275.093936920166 277.511089324951 266.24893951416 256.461475372314 253.169250488281 255.293663024902 260.407592773438 256.850574493408 248.57942199707 251.479011535645 242.469459533691 239.152050018311 232.007862091064 233.116691589355 250.062782287598 249.041641235352 230.351078033447 237.4443359375 263.974620819092 268.701705932617 246.19686126709 239.678455352783 264.932720184326 275.690532684326 281.704685211182 290.753299713135 305.09464263916 305.401809692383 292.361988067627 285.61323928833 278.840450286865 276.594467163086 284.726009368896 293.608638763428 294.657398223877 282.015754699707 275.447761535645 275.721572875977 273.673675537109 281.28182220459 275.388595581055 282.244007110596 296.252334594727 304.940246582031 296.485023498535 290.31547164917 290.552997589111 298.51802444458 298.209171295166 301.56615447998
265.67977142334 259.586345672607 265.490013122559 274.07942199707 268.058948516846 273.193397521973 281.541767120361 266.798149108887 257.786800384521 259.465553283691 252.414566040039 251.3219871521 245.255752563477 239.923076629639 236.292114257812 236.535980224609 239.567909240723 230.438343048096 241.260791778564 267.535861968994 272.805561065674 237.173900604248 244.942016601562 265.276008605957 279.122909545898 290.470237731934 296.282493591309 300.88436126709 301.928329467773 303.746559143066 300.769180297852 286.115337371826 278.292613983154 279.577499389648 281.118339538574 277.835418701172 276.06568145752 272.768558502197 274.277561187744 288.538867950439 287.477344512939 278.990257263184 285.110279083252 291.739479064941 300.955585479736 289.62113571167 291.113754272461 296.49828338623 298.813457489014 294.640529632568
