data/spatiotemp/temp2/bio16_norsw_test_2007_2010.asc
NCOLS 654 
NROWS 380 
XLLCORNER 3.91666666666667 
YLLCORNER 55.3333333333333 
CELLSIZE 0.0416666666666667 
NODATA_value -9999 
[rows 132 to 153 of 380, columns 250 to 299 of 654]
305.290328979492 297.251628875732 287.464393615723 284.881217956543 285.873931884766 280.567459106445 274.480537414551 271.545974731445 275.918369293213 286.962615966797 293.630630493164 286.886604309082 284.660804748535 274.136734008789 262.085250854492 258.991481781006 253.509620666504 245.7174949646 231.3232421875 226.470447540283 233.280212402344 242.851470947266 249.168716430664 249.559535980225 252.945705413818 246.947341918945 246.002136230469 250.177509307861 255.739692687988 274.494338989258 285.302352905273 275.57116317749 272.665679931641 271.651844024658 268.11739730835 262.666358947754 258.691318511963 258.189064025879 259.431537628174 257.500106811523 257.174694061279 262.617847442627 265.476169586182 267.350620269775 263.442314147949 263.124042510986 260.83772277832 256.521251678467 257.267589569092 258.158893585205
287.684532165527 285.311218261719 288.033397674561 294.706832885742 293.371017456055 296.975250244141 285.703720092773 284.115524291992 277.534469604492 269.854049682617 270.080280303955 276.735008239746 271.057880401611 264.734287261963 258.44945526123 251.781238555908 251.569816589355 252.458625793457 241.295043945312 228.70682144165 227.147300720215 229.146533966064 237.809745788574 254.408897399902 259.975967407227 265.914428710938 273.364475250244 261.449378967285 256.683120727539 274.164512634277 282.118606567383 284.23274230957 285.585666656494 288.727165222168 290.563373565674 280.733596801758 268.348529815674 261.845947265625 254.751392364502 250.223251342773 248.908725738525 254.334739685059 261.202110290527 264.656044006348 264.372867584229 268.858322143555 270.737655639648 271.058254241943 271.428859710693 274.375591278076
273.313442230225 274.516983032227 283.210453033447 294.196998596191 282.870407104492 270.635307312012 262.521141052246 259.079151153564 259.099269866943 258.866352081299 254.317474365234 247.23161315918 245.258750915527 243.491249084473 243.053276062012 237.972743988037 237.720611572266 236.062126159668 230.551536560059 231.494281768799 232.437683105469 232.666019439697 236.563335418701 238.487251281738 248.516765594482 253.652702331543 269.998931884766 269.832744598389 259.10037612915 271.023277282715 279.42064666748 283.726558685303 287.024360656738 278.917972564697 283.711372375488 292.310333251953 281.494758605957 273.250110626221 271.921272277832 260.660259246826 257.152721405029 253.246131896973 250.909080505371 256.367263793945 264.429008483887 267.352363586426 272.856731414795 270.58390045166 271.537052154541 271.902687072754
292.790870666504 281.683849334717 282.077568054199 279.199100494385 273.931774139404 267.533546447754 268.046035766602 261.67098236084 253.747180938721 249.037799835205 246.325740814209 244.990535736084 241.331745147705 237.500663757324 235.867153167725 237.328948974609 242.748916625977 242.24320602417 238.582523345947 255.541885375977 261.763740539551 257.25785446167 243.757869720459 241.199947357178 241.90747833252 249.179340362549 254.279808044434 272.984119415283 276.551971435547 272.145484924316 269.80012512207 273.324432373047 280.215023040771 273.671642303467 268.157035827637 270.361915588379 269.45637512207 265.977344512939 264.639495849609 261.153347015381 259.853363037109 261.093940734863 254.598106384277 252.297882080078 251.97240447998 257.429248809814 261.951805114746 261.273326873779 265.844383239746 275.646690368652
269.059024810791 277.242733001709 284.907577514648 285.757823944092 284.469333648682 287.515609741211 282.086837768555 286.145935058594 275.777587890625 270.693199157715 269.22082901001 256.492443084717 246.849842071533 241.143299102783 247.547145843506 256.389137268066 247.085876464844 241.697170257568 237.398147583008 240.421569824219 241.46480178833 243.00159072876 243.104518890381 245.195735931396 249.602256774902 254.395107269287 257.788879394531 260.459148406982 264.266311645508 268.891384124756 273.220718383789 270.305572509766 267.504600524902 263.898666381836 264.070007324219 262.182720184326 259.220756530762 257.280193328857 251.781539916992 250.881034851074 250.533546447754 253.841892242432 260.865077972412 261.012058258057 257.685585021973 254.391872406006 261.476287841797 263.427051544189 269.576431274414 270.546043395996
287.484203338623 279.342876434326 273.046054840088 269.64347076416 266.944286346436 260.753593444824 257.298645019531 258.345016479492 258.446575164795 263.436370849609 259.239013671875 243.590484619141 235.503177642822 232.80354309082 230.224548339844 237.920177459717 255.657032012939 265.260585784912 262.608493804932 248.054546356201 240.526401519775 243.527778625488 259.36056137085 269.614635467529 272.972705841064 277.281055450439 279.465641021729 284.361862182617 289.112030029297 294.039096832275 296.839694976807 294.451305389404 291.914817810059 293.107917785645 291.170497894287 286.667133331299 286.753520965576 278.504333496094 261.436416625977 250.343196868896 248.442565917969 247.572360992432 248.427562713623 251.728176116943 250.416271209717 249.101490020752 251.008010864258 255.581932067871 262.777538299561 264.747688293457
301.872512817383 297.220115661621 286.330932617188 278.187126159668 281.002384185791 270.372005462646 263.137920379639 260.459495544434 252.912490844727 252.511531829834 252.957592010498 247.657337188721 247.153594970703 251.864307403564 235.740798950195 226.561111450195 223.334114074707 224.341361999512 227.096794128418 232.204647064209 241.932094573975 252.716506958008 256.825450897217 262.728206634521 270.821617126465 276.744518280029 282.732135772705 289.617374420166 294.530536651611 299.842727661133 303.231246948242 307.755596160889 309.558700561523 312.389953613281 309.897930145264 305.860088348389 293.864738464355 281.800956726074 266.140441894531 260.178939819336 252.062641143799 252.776878356934 250.484577178955 251.3688621521 257.301536560059 257.036163330078 250.538516998291 248.30347442627 252.30428314209 252.627254486084
274.58219909668 269.334060668945 269.316101074219 274.62419128418 275.961601257324 275.328594207764 271.763240814209 268.173042297363 271.688907623291 266.010356903076 253.779140472412 248.650428771973 250.485591888428 250.886638641357 241.407154083252 229.847858428955 230.872394561768 229.407344818115 228.165817260742 235.665863037109 247.200592041016 263.128356933594 264.137409210205 272.23722076416 280.122417449951 282.922378540039 288.872085571289 294.238910675049 299.386127471924 302.153995513916 304.903221130371 305.152736663818 299.4626121521 295.89782333374 295.969306945801 288.888637542725 281.145931243896 278.655521392822 277.143730163574 266.206211090088 260.760654449463 258.876125335693 257.185047149658 256.529193878174 260.444416046143 258.045207977295 254.74361038208 250.479919433594 251.297931671143 249.572360992432
254.909729003906 255.47635269165 257.916553497314 260.662742614746 260.284282684326 259.615657806396 256.965969085693 255.277221679688 254.62947845459 250.739696502686 246.583614349365 247.131828308105 246.960872650146 254.819557189941 243.260280609131 230.427833557129 226.401882171631 239.179935455322 238.07723236084 242.150299072266 249.958034515381 254.221622467041 257.455249786377 275.398838043213 282.361633300781 286.702602386475 295.748825073242 300.701835632324 306.661720275879 315.720909118652 313.800270080566 317.815948486328 316.358909606934 305.986835479736 300.341461181641 292.010829925537 271.121772766113 264.951313018799 270.247627258301 265.140850067139 258.596187591553 257.952003479004 268.288600921631 264.299957275391 264.615219116211 264.959358215332 263.150192260742 264.14741897583 258.282207489014 259.684703826904
277.956665039062 277.192531585693 271.112934112549 264.188945770264 267.350486755371 264.884075164795 258.735698699951 266.041076660156 261.758850097656 260.169738769531 269.351070404053 269.364669799805 260.575248718262 255.209758758545 246.457927703857 239.652942657471 234.409740447998 243.7151222229 257.944862365723 265.91614151001 276.595649719238 281.760429382324 270.457626342773 270.194328308105 276.145122528076 288.364902496338 297.394138336182 306.06946182251 309.816246032715 310.488555908203 310.10546875 307.223304748535 299.519733428955 290.80297088623 289.437858581543 292.127593994141 285.40799331665 267.650501251221 260.936046600342 256.29817199707 255.925632476807 260.494491577148 270.845245361328 265.421298980713 262.584274291992 264.541580200195 270.672962188721 270.542030334473 265.162273406982 260.326877593994
308.08268737793 287.923622131348 276.933601379395 275.825401306152 263.551860809326 264.594013214111 270.834102630615 274.987964630127 265.889503479004 257.423873901367 256.771060943604 256.971672058105 256.634880065918 256.952983856201 255.106594085693 250.4866065979 247.568153381348 250.183788299561 257.149307250977 264.137371063232 275.927577972412 278.087329864502 276.419845581055 277.719886779785 286.802200317383 297.649898529053 304.00874710083 305.775981903076 309.199783325195 308.316612243652 300.770397186279 292.424030303955 289.455093383789 285.886035919189 278.108520507812 275.606948852539 269.450637817383 266.247020721436 262.13695526123 258.648685455322 256.798091888428 259.179061889648 268.492839813232 267.636463165283 265.46248626709 266.874668121338 268.342914581299 269.768341064453 269.140491485596 263.829483032227
292.575378417969 282.710849761963 278.194160461426 277.991504669189 272.358833312988 263.248558044434 264.700366973877 262.215957641602 267.273296356201 284.22607421875 282.090927124023 268.244888305664 265.157611846924 272.2392578125 272.7200050354 266.351470947266 259.87520980835 259.740982055664 264.687145233154 272.949005126953 278.293006896973 282.902545928955 292.735260009766 295.600429534912 292.585620880127 300.098785400391 301.430076599121 302.135292053223 308.15348815918 311.027442932129 306.419334411621 303.892978668213 297.712997436523 290.964305877686 282.788627624512 280.167434692383 275.418186187744 270.810176849365 268.894317626953 264.73371887207 261.312858581543 260.133045196533 258.911045074463 263.949359893799 269.552265167236 266.242752075195 266.659603118896 268.125331878662 268.592491149902 268.950012207031
296.259872436523 278.157722473145 274.797332763672 277.965072631836 273.478134155273 271.882705688477 271.378444671631 274.467254638672 278.755409240723 293.150825500488 293.277000427246 285.242225646973 269.954257965088 272.087776184082 282.060394287109 277.113166809082 270.290012359619 271.218795776367 283.586647033691 271.804550170898 270.082920074463 279.067024230957 296.04829788208 303.705146789551 309.145881652832 311.881362915039 318.908088684082 308.064491271973 308.215782165527 311.561309814453 310.114044189453 304.40832901001 297.646156311035 289.824542999268 285.767524719238 283.209400177002 277.013919830322 271.866092681885 268.287456512451 265.76485824585 263.919479370117 264.668754577637 265.114868164062 265.950389862061 264.82551574707 265.710376739502 267.202140808105 267.682525634766 269.047660827637 267.278423309326
289.257080078125 281.408336639404 276.095645904541 278.066345214844 277.103931427002 274.537105560303 271.886394500732 292.275695800781 291.38459777832 272.923442840576 272.422966003418 276.137504577637 276.770553588867 273.799743652344 273.026233673096 279.073760986328 278.766540527344 274.692810058594 272.309043884277 270.087005615234 266.953704833984 282.672782897949 297.452491760254 311.465217590332 330.225578308105 326.576065063477 310.537902832031 308.085762023926 309.758842468262 306.250671386719 305.354331970215 302.90393447876 300.714733123779 297.703239440918 294.686111450195 290.509433746338 285.958499908447 282.376037597656 276.151443481445 269.455757141113 263.98889541626 267.386436462402 277.739795684814 274.919525146484 267.445320129395 271.414184570312 271.843631744385 268.038173675537 265.800029754639 268.814804077148
288.551536560059 290.264030456543 286.532287597656 284.615852355957 289.854515075684 289.961280822754 276.670677185059 268.106510162354 269.014678955078 269.701805114746 268.74592590332 266.862571716309 268.999027252197 272.619720458984 274.959564208984 274.953392028809 275.741416931152 275.316276550293 271.077068328857 267.476871490479 265.086906433105 275.522857666016 289.174160003662 308.468204498291 309.5478515625 307.774398803711 304.20235824585 306.469329833984 301.988731384277 302.044101715088 300.63317489624 297.605457305908 294.574317932129 292.966945648193 289.376438140869 285.360290527344 280.734951019287 273.429302215576 272.561000823975 271.17204284668 270.306545257568 271.664783477783 268.241146087646 266.013614654541 265.790157318115 268.32559967041 269.744388580322 270.678787231445 266.805137634277 269.308517456055
285.911018371582 291.429725646973 286.322708129883 283.926567077637 286.453231811523 288.201148986816 287.406158447266 285.424179077148 279.445693969727 276.93270111084 277.360954284668 280.717086791992 277.352645874023 279.717590332031 281.102447509766 283.272789001465 278.43968963623 277.69140625 274.391983032227 271.371765136719 267.119483947754 273.86376953125 275.902641296387 279.156593322754 278.09005355835 279.377475738525 285.753211975098 288.608924865723 289.340328216553 290.536827087402 287.433933258057 283.415344238281 282.028308868408 283.587779998779 278.948783874512 280.139041900635 274.940021514893 272.387550354004 269.407581329346 269.08012008667 278.729370117188 280.097312927246 275.052516937256 273.213150024414 278.339515686035 280.257904052734 282.7158203125 276.776969909668 266.062438964844 265.391067504883
278.252502441406 275.877090454102 274.765995025635 279.476612091064 279.769355773926 286.111953735352 289.515686035156 289.764389038086 283.309730529785 283.490646362305 290.043273925781 294.720909118652 289.21800994873 289.112693786621 289.295196533203 287.714683532715 284.600547790527 281.120666503906 278.913673400879 276.335189819336 274.286056518555 274.478527069092 273.217807769775 271.891647338867 273.859691619873 278.610034942627 281.660678863525 285.472805023193 288.335235595703 291.640407562256 294.870338439941 296.071025848389 289.813346862793 286.794414520264 279.439178466797 273.26965713501 277.578182220459 282.931293487549 276.743541717529 270.070137023926 270.8251953125 271.042224884033 269.738750457764 278.517948150635 280.381172180176 280.672496795654 278.977237701416 280.010250091553 277.668376922607 267.457580566406
279.436939239502 278.222591400146 275.640983581543 269.82751083374 270.959144592285 275.116539001465 278.254745483398 280.724227905273 284.313468933105 287.077674865723 284.87557220459 290.386360168457 292.242820739746 298.233749389648 312.481834411621 307.502113342285 297.180679321289 297.191596984863 292.538223266602 285.455078125 287.310813903809 290.476959228516 279.965038299561 277.856803894043 283.221817016602 285.472045898438 280.534240722656 281.161697387695 292.988880157471 296.764728546143 295.431915283203 290.783115386963 286.127338409424 280.382328033447 275.704612731934 274.761962890625 264.986595153809 266.581172943115 268.906284332275 264.381034851074 271.936599731445 270.999500274658 270.852367401123 273.744243621826 275.12166595459 274.800163269043 275.176975250244 281.945125579834 285.10765838623 282.192573547363
280.609756469727 278.48413848877 275.828517913818 273.255836486816 271.735397338867 272.179584503174 274.362903594971 275.40975189209 276.30806350708 277.537162780762 276.11519241333 278.605712890625 285.323570251465 288.898468017578 288.904815673828 291.884429931641 299.890525817871 315.800384521484 323.538711547852 311.931579589844 291.65043258667 283.075485229492 285.020324707031 283.466899871826 286.781845092773 294.462074279785 298.890888214111 291.839912414551 286.632289886475 289.857250213623 286.884510040283 289.640232086182 283.395118713379 277.206146240234 275.779281616211 272.768684387207 261.261100769043 257.08491897583 260.308525085449 261.664432525635 269.288673400879 275.343006134033 275.621139526367 272.068378448486 271.858657836914 273.166511535645 273.495216369629 276.042137145996 283.802783966064 279.49772644043
279.096954345703 276.366756439209 275.134185791016 275.555786132812 282.392280578613 287.746437072754 285.982467651367 290.046440124512 288.926414489746 283.504264831543 284.89234161377 287.394050598145 281.919822692871 280.28889465332 278.286582946777 279.165252685547 285.831390380859 288.623092651367 288.144264221191 293.85799407959 295.349235534668 286.153606414795 285.05224609375 288.237907409668 288.377616882324 296.131587982178 309.001091003418 311.539031982422 305.238632202148 310.721817016602 302.302307128906 294.966743469238 298.211177825928 288.325294494629 274.70707321167 270.588096618652 265.49556350708 259.374809265137 256.336696624756 259.027095794678 262.26282119751 266.245616912842 263.822528839111 264.586086273193 269.72579574585 277.411457061768 272.334545135498 268.402702331543 264.609607696533 266.608596801758
286.876533508301 285.964202880859 279.729621887207 278.59619140625 280.376899719238 281.265357971191 279.794342041016 281.469802856445 288.071899414062 289.64803314209 289.127548217773 286.20191192627 292.993377685547 296.452629089355 295.403091430664 291.712203979492 278.075675964355 280.756805419922 282.094593048096 279.003807067871 278.877159118652 277.927284240723 278.10998916626 279.672752380371 287.926456451416 292.839096069336 290.8708152771 293.747543334961 298.126953125 307.165573120117 306.853942871094 296.560508728027 297.744888305664 295.716129302979 284.63550567627 279.544216156006 271.759468078613 264.53133392334 258.263801574707 255.215805053711 252.164527893066 252.916805267334 251.983013153076 252.374534606934 257.876838684082 263.471462249756 263.856750488281 259.371608734131 256.919170379639 259.434665679932
281.997955322266 282.69352722168 284.847190856934 286.011161804199 285.083282470703 294.205696105957 287.71955871582 286.970603942871 283.692596435547 283.505912780762 284.811996459961 280.080856323242 281.530151367188 283.181243896484 287.804267883301 288.256362915039 277.088138580322 280.58911895752 280.971508026123 278.705261230469 278.062602996826 277.089080810547 278.466682434082 271.92652130127 276.83251953125 284.953151702881 279.766590118408 277.786571502686 279.096981048584 278.764240264893 282.530590057373 283.699409484863 291.655197143555 293.449871063232 290.434352874756 287.897560119629 281.143157958984 278.104343414307 272.448295593262 263.697387695312 257.94157409668 253.908157348633 254.079750061035 250.651889801025 250.432891845703 252.10791015625 254.578063964844 253.843921661377 252.580875396729 253.961303710938
