data/spatiotemp/temp2/bio1_norsw_test_2007_2010.asc
NCOLS 654 
NROWS 380 
XLLCORNER 3.91666666666667 
YLLCORNER 55.3333333333333 
CELLSIZE 0.0416666666666667 
NODATA_value -9999 
[rows 242 to 263 of 380, columns 600 to 649 of 654]
4.71158623695374 4.74197316169739 4.71669334173203 4.69258028268814 4.62680059671402 4.62652081251144 4.57474094629288 4.57496112585068 4.62441271543503 4.58943009376526 4.5564466714859 4.55079710483551 4.62598073482513 4.66283094882965 4.66934788227081 4.69119817018509 4.70938181877136 4.71356534957886 4.70324897766113 4.72026592493057 4.74763202667236 4.790014564991 4.79339689016342 4.82044595479965 4.86432844400406 4.87071084976196 4.90709316730499 4.92980891466141 4.92835783958435 4.96657347679138 5.13962256908417 5.27000492811203 5.3105840086937 5.29469269514084 5.27680152654648 5.27491050958633 5.29185223579407 5.31412780284882 5.33040332794189 5.32501208782196 5.29195410013199 5.27222967147827 5.24917185306549 5.2301139831543 5.21210193634033 5.18363618850708 5.15433663129807 5.13320410251617 5.10590469837189 5.07860541343689
4.77781236171722 4.7573384642601 4.73119825124741 4.72805798053741 4.68191760778427 4.66727721691132 4.63663697242737 4.62666350603104 4.64379835128784 4.64254200458527 4.68061906099319 4.68769615888596 4.6596063375473 4.71768325567245 4.72459369897842 4.72533732652664 4.74558120965958 4.75582492351532 4.75690186023712 4.80364543199539 4.78615164756775 4.82558649778366 4.8761882185936 4.89728993177414 4.91855800151825 4.94199299812317 4.9772612452507 4.96136277914047 4.92613101005554 4.9590659737587 4.98566764593124 5.16576915979385 5.36003339290619 5.37596011161804 5.34122002124786 5.3406468629837 5.35374021530151 5.36616706848145 5.362260222435 5.34935343265533 5.32278037071228 5.29770696163177 5.27730029821396 5.24972701072693 5.22736275196075 5.20504087209702 5.17388528585434 5.14906334877014 5.1205747127533 5.09975266456604
4.70520514249802 4.78487062454224 4.81553661823273 4.83520215749741 4.81020140647888 4.72603392601013 4.69336622953415 4.70886552333832 4.70818364620209 4.74015420675278 4.76079124212265 4.77126157283783 4.81139868497849 4.7905358672142 4.84050637483597 4.86747664213181 4.85544735193253 4.85491764545441 4.85638833045959 4.87902510166168 4.86567091941833 4.89665824174881 4.94497919082642 5.02696681022644 5.06328755617142 5.04310840368271 4.99859583377838 4.96508330106735 4.9299042224884 4.92872506380081 4.89787930250168 4.9527000784874 5.16431599855423 5.32156068086624 5.38397204875946 5.41371655464172 5.40212798118591 5.38920593261719 5.36945044994354 5.35086166858673 5.32793962955475 5.29718410968781 5.25892877578735 5.2245067358017 5.20995682477951 5.19394528865814 5.18043392896652 5.15425592660904 5.13107800483704 5.11973351240158
4.72209751605988 4.7630695104599 4.77670812606812 4.79184657335281 4.88481855392456 4.90045714378357 4.8217625617981 4.78323441743851 4.7602356672287 4.78309953212738 4.83112984895706 4.8203272819519 4.83819115161896 4.87672173976898 4.89558559656143 4.908616065979 4.93714666366577 4.91634368896484 4.90987437963486 4.90540498495102 4.91185694932938 4.90123021602631 4.92393708229065 5.01147729158401 5.04718381166458 5.05855745077133 5.01076400279999 4.91747081279755 4.85634416341782 4.82321763038635 4.82375776767731 4.82113093137741 4.88826549053192 4.96982789039612 5.16322392225266 5.39111983776093 5.4530154466629 5.41841149330139 5.39164078235626 5.36670315265656 5.33143222332001 5.30699455738068 5.27189046144485 5.22928643226624 5.19488388299942 5.1801832318306 5.17864936590195 5.15744864940643 5.14774787425995 5.13438057899475
4.79165703058243 4.77093499898911 4.7865464091301 4.78799110651016 4.83960229158401 4.92821377515793 4.88099199533463 4.79610353708267 4.79945421218872 4.84054511785507 4.85596883296967 4.86855959892273 4.88465005159378 4.88007420301437 4.89299803972244 4.92475557327271 4.91567927598953 4.9254367351532 4.9275273680687 4.90495139360428 4.93804281949997 4.94746887683868 4.94339489936829 4.96632063388824 4.94257998466492 4.95483928918839 4.93793207406998 4.88969141244888 4.88928377628326 4.83104312419891 4.83596920967102 4.8177285194397 4.81504851579666 4.82259547710419 4.93114250898361 5.16902285814285 5.41190338134766 5.45211708545685 5.42966413497925 5.4060446023941 5.37842488288879 5.35530531406403 5.32351911067963 5.27873283624649 5.2358113527298 5.2059211730957 5.17986446619034 5.15730792284012 5.1570845246315 5.15486121177673
4.87888306379318 4.8946338891983 4.87605136632919 4.86396878957748 4.87205302715302 4.90997058153152 4.92438805103302 4.97013914585114 4.9758397936821 4.9538237452507 4.89914113283157 4.88995856046677 4.93294245004654 4.90776002407074 4.88857740163803 4.89539468288422 4.89621204137802 4.91336286067963 4.91318017244339 4.93833094835281 4.95272886753082 4.96887427568436 4.94601917266846 4.92766445875168 4.93980967998505 4.89728832244873 4.88743335008621 4.94507879018784 4.93655717372894 4.96486908197403 4.9181809425354 4.95882618427277 4.9861643910408 4.92169594764709 4.8905611038208 5.04492610692978 5.26862424612045 5.43865609169006 5.4678543806076 5.41088604927063 5.27141743898392 5.32294917106628 5.35781407356262 5.33784568309784 5.29190528392792 5.24615931510925 5.20974665880203 5.18716710805893 5.17625445127487 5.17567521333694
4.97127562761307 4.99899935722351 4.97405636310577 4.99761319160461 4.95167016983032 4.92322736978531 4.95128411054611 4.98950779438019 5.08439189195633 5.1022692322731 5.06531339883804 4.97335755825043 4.99323493242264 4.96927899122238 4.84632325172424 4.85403418540955 4.88641142845154 4.92228901386261 4.96766656637192 5.03871059417725 5.02574843168259 4.94344598054886 4.91797709465027 4.92500829696655 4.95020586252213 5.00923693180084 5.02693486213684 5.0127991437912 4.99783033132553 5.09136146306992 5.10905927419662 5.0830904841423 5.12961393594742 5.1247969865799 5.0006462931633 5.00916254520416 5.07851189374924 5.20686161518097 5.35704457759857 5.42306065559387 5.34241008758545 5.37209296226501 5.40060913562775 5.37695896625519 5.33099925518036 5.28573060035706 5.2471284866333 5.22019326686859 5.19792431592941 5.18948918581009
4.9993349313736 5.00069802999496 4.97456103563309 4.95575755834579 4.95278739929199 4.91981714963913 4.96268022060394 4.9373767375946 4.98344373703003 5.01821488142014 5.01565223932266 4.98725640773773 5.00602740049362 4.99796503782272 4.935402572155 4.89967340230942 4.88627737760544 4.9585485458374 5.00331944227219 5.01775693893433 5.03360080718994 4.92585110664368 4.92343497276306 4.90785187482834 4.95060223340988 4.98601919412613 5.03476965427399 5.11018645763397 5.000603556633 5.0116873383522 5.0509375333786 5.07452112436295 5.10206353664398 5.11139738559723 5.01173180341721 4.98923236131668 5.02323305606842 5.04323381185532 5.24006789922714 5.43706881999969 5.46073615550995 5.43973708152771 5.42390418052673 5.40257167816162 5.37142634391785 5.32730185985565 5.28751063346863 5.25738579034805 5.21926128864288 5.19330322742462
4.91968905925751 4.91880452632904 4.92375320196152 4.93353521823883 4.95481735467911 4.95176637172699 4.94354856014252 4.9328305721283 4.93676018714905 4.92333763837814 4.91041523218155 4.89982557296753 4.90540343523026 4.9124807715416 4.98689132928848 5.00496900081635 5.00604617595673 4.95079040527344 4.95170104503632 5.00161176919937 5.05136841535568 4.97730445861816 4.95007395744324 4.96434319019318 4.98311287164688 4.96788203716278 5.0558180809021 5.09742093086243 5.08319020271301 5.0779595375061 5.02722907066345 4.99883162975311 4.9915799498558 4.99897354841232 4.97436726093292 4.99276089668274 5.00248777866364 5.06971472501755 5.28060859441757 5.47283554077148 5.5062290430069 5.48812282085419 5.46001648902893 5.43457663059235 5.41912388801575 5.3913242816925 5.35802483558655 5.31539225578308 5.28709280490875 5.2552934885025
4.98683804273605 4.92265206575394 4.89529919624329 4.94127970933914 4.94959384202957 4.92474102973938 4.93072175979614 4.94253557920456 4.94034105539322 4.96630489826202 4.97443503141403 4.98073208332062 4.97486257553101 4.93749284744263 4.95512336492538 5.01458692550659 5.10455071926117 5.08484786748886 5.05164468288422 5.05427503585815 5.05605119466782 5.06563943624496 5.09706097841263 5.05198264122009 5.04590398073196 5.1618258357048 5.21874707937241 5.17166864871979 5.16109037399292 5.12834542989731 5.1392667889595 5.1275218129158 5.06066346168518 5.04685842990875 5.03688657283783 5.02574801445007 5.03160947561264 5.12047094106674 5.3651659488678 5.53536081314087 5.56288909912109 5.54341721534729 5.50744545459747 5.46847343444824 5.45498526096344 5.44698059558868 5.41830909252167 5.37697112560272 5.33513283729553 5.30612802505493
4.98448711633682 4.98599946498871 4.96184533834457 4.96819120645523 4.95203697681427 4.90988260507584 4.94172823429108 4.9865739941597 5.02308857440948 5.03177189826965 5.04395544528961 5.10547202825546 5.08048856258392 5.04700511693954 5.01552200317383 5.01037174463272 5.03088867664337 5.0782385468483 5.1397550702095 5.16943842172623 5.06873363256454 5.01447415351868 5.02671444416046 5.07962173223495 5.13969546556473 5.13210260868073 5.1038430929184 5.05291670560837 5.05532395839691 5.01389771699905 5.04430466890335 5.08354520797729 5.16258031129837 5.18190985918045 5.14373904466629 5.11423510313034 5.12406450510025 5.14172726869583 5.33188986778259 5.52455282211304 5.56404876708984 5.56621170043945 5.54087436199188 5.50170385837555 5.47201347351074 5.45646977424622 5.44159317016602 5.41521644592285 5.38933956623077 5.35679614543915
4.97480273246765 4.98801374435425 4.96972471475601 5.00160223245621 5.01997983455658 5.01819092035294 5.01690173149109 5.07527929544449 5.15250289440155 5.21057236194611 5.16564220190048 5.17721158266068 5.11928123235703 5.0525176525116 5.04208701848984 5.01999008655548 5.04405981302261 5.06212931871414 5.02803230285645 4.95810174942017 4.94791632890701 4.94047552347183 4.94670152664185 4.95209431648254 4.95348674058914 4.99621284008026 5.02327215671539 5.02233147621155 5.03355753421783 5.05311691761017 5.06800937652588 5.08390212059021 5.08783042430878 5.09712761640549 5.11775827407837 5.20638906955719 5.19318622350693 5.19898355007172 5.24861419200897 5.35291135311127 5.38370883464813 5.43767261505127 5.47047007083893 5.50143373012543 5.49687504768372 5.46329271793365 5.43121063709259 5.42012846469879 5.41087961196899 5.38729751110077
4.97345167398453 5.00486123561859 4.97927069664001 4.94801342487335 5.04758948087692 5.04499906301498 5.07290852069855 5.12815111875534 5.25741702318192 5.31403976678848 5.19649547338486 5.0736181139946 5.08140724897385 5.09519654512405 5.10165220499039 5.12794154882431 5.12123090028763 5.12101995944977 5.09497594833374 5.02359855175018 4.89909881353378 4.83231031894684 4.80718851089478 4.84823340177536 4.79244500398636 4.87715631723404 4.96770107746124 4.99224615097046 4.96562427282333 4.9490025639534 5.03804743289948 5.08142554759979 5.0855804681778 5.04384571313858 5.09061080217361 5.16304266452789 5.20614117383957 5.15590649843216 5.12817168235779 5.13143670558929 5.13220196962357 5.15380036830902 5.22356569766998 5.40616405010223 5.49173629283905 5.48178219795227 5.45432806015015 5.43954062461853 5.41825306415558 5.39496564865112
5.02826738357544 5.02054214477539 4.98698318004608 4.98142445087433 4.97486597299576 5.02147370576859 5.03941506147385 5.06302291154861 5.08283138275146 5.12800681591034 5.16268229484558 5.12569123506546 5.09220004081726 5.11337560415268 5.19988423585892 5.10089313983917 5.06890213489532 5.05374419689178 4.99191957712173 4.90476191043854 4.94078153371811 4.92831182479858 4.81200879812241 4.82603913545609 4.79373621940613 4.81160002946854 4.8361302614212 4.82549411058426 4.77635771036148 4.71955472230911 4.72725170850754 4.98844891786575 4.9793307185173 5.01739698648453 5.00512993335724 5.06302988529205 5.10192966461182 5.07699590921402 5.03556227684021 5.00979548692703 5.01269537210464 5.04142808914185 5.08616119623184 5.22106099128723 5.37476444244385 5.4724383354187 5.48411226272583 5.45778584480286 5.43379330635071 5.40013360977173
5.07641637325287 5.0795561671257 5.05219596624374 5.00516921281815 4.98647552728653 4.97994846105576 4.98908823728561 5.01956140995026 5.05324548482895 5.08164060115814 5.09853559732437 5.08609747886658 5.07015919685364 5.08305460214615 5.0967829823494 5.08384484052658 5.09990668296814 5.05746817588806 4.88936328887939 4.87892520427704 4.85829734802246 4.87714642286301 4.8983291387558 4.8598450422287 4.75136107206345 4.71421015262604 4.78205937147141 4.80074208974838 4.75225800275803 4.71827399730682 4.63178968429565 4.78780561685562 5.00374740362167 5.02328169345856 5.00364941358566 5.04785019159317 5.06938463449478 5.05541896820068 5.03595322370529 5.00532084703445 4.98052155971527 4.99805587530136 5.0327570438385 5.06545782089233 5.17762583494186 5.38909435272217 5.52439618110657 5.49269807338715 5.46450006961823 5.43530189990997
5.04039877653122 5.09540367126465 5.06824189424515 5.09774696826935 5.05725181102753 4.94692349433899 4.94359481334686 4.9575999379158 4.97915959358215 4.99494135379791 5.00872242450714 5.02817052602768 5.0891187787056 5.13390004634857 5.04951483011246 4.99679619073868 5.03641098737717 5.04235911369324 4.99280714988708 4.95608854293823 4.94681322574615 4.92714804410934 4.88231599330902 4.80981755256653 4.77181899547577 4.74115383625031 4.72965520620346 4.70582330226898 4.71982485055923 4.67232620716095 4.62716126441956 4.79449582099915 5.02483093738556 5.05816632509232 5.06500196456909 5.07167059183121 5.07700622081757 5.08350849151611 5.06167715787888 5.05634623765945 5.01568156480789 5.01651704311371 5.06635254621506 5.09368807077408 5.1179872751236 5.3100837469101 5.50818026065826 5.51777684688568 5.49187350273132 5.45796990394592
5.0930477976799 5.14908450841904 5.03145468235016 4.99615800380707 5.01636153459549 5.06106489896774 4.95976823568344 4.97830522060394 4.91924071311951 4.98424160480499 5.03174251317978 5.02974373102188 5.05141139030457 5.09157907962799 5.2167466878891 5.04258114099503 5.02974879741669 5.01791632175446 5.01941758394241 4.98591858148575 4.90349584817886 4.83914947509766 4.80646979808807 4.72745651006699 4.69294375181198 4.69876402616501 4.7069177031517 4.68207132816315 4.69789159297943 4.67304527759552 4.69403231143951 4.93035268783569 5.10374772548676 5.18421775102615 5.08468776941299 5.1116578578949 5.09829449653625 5.05593132972717 5.06656807661057 5.03337144851685 5.04600822925568 5.06364476680756 5.12378144264221 5.1300847530365 5.09984892606735 5.18657344579697 5.39996457099915 5.51985549926758 5.50574684143066 5.47380447387695
5.14486348628998 5.15359878540039 5.0373340845108 5.01740247011185 5.05363762378693 5.04603981971741 5.00860822200775 5.05601012706757 4.96348798274994 4.95487546920776 5.04792940616608 5.12248343229294 5.16120409965515 5.13825803995132 5.13947862386703 5.09136599302292 5.07242000102997 5.06814044713974 5.03769469261169 5.00191533565521 4.88034516572952 4.8533176779747 4.81212347745895 4.77976250648499 4.75006830692291 4.73270761966705 4.74834686517715 4.70715260505676 4.67062532901764 4.73076438903809 4.8160702586174 5.01304268836975 5.15783125162125 5.20076912641525 5.09737378358841 5.13997828960419 5.12441635131836 5.02468758821487 4.98012536764145 5.03723001480103 5.0941681265831 5.08110588788986 5.1087104678154 5.1351483464241 5.11404347419739 5.12272942066193 5.27574855089188 5.46393430233002 5.52278697490692 5.48780584335327
5.18384581804276 5.15527963638306 5.06904649734497 5.02564710378647 5.03458076715469 5.09884786605835 5.07761490345001 5.13538205623627 5.11090219020844 5.07550919055939 5.10944950580597 5.16172295808792 5.15699678659439 5.10393702983856 5.10571074485779 5.05565100908279 5.08359116315842 5.09886473417282 5.07130497694016 5.02491194009781 4.95419436693192 4.92565232515335 4.88444375991821 4.8687350153923 4.84835994243622 4.83481782674789 4.84477591514587 4.80356740951538 4.76535868644714 4.81898349523544 4.93544149398804 5.06356620788574 5.15574818849564 5.18415379524231 5.10955965518951 5.10046547651291 5.06870472431183 5.05677717924118 5.03884965181351 5.0747554898262 5.09382784366608 5.09440040588379 5.08980619907379 5.11937856674194 5.13523858785629 5.13305205106735 5.17953270673752 5.36184656620026 5.50249361991882 5.49680745601654
5.21166163682938 5.15979367494583 5.07542592287064 5.05855828523636 5.07019025087357 5.08098930120468 5.17645484209061 5.21658718585968 5.22681659460068 5.1959764957428 5.25730288028717 5.22696268558502 5.13262271881104 5.14828252792358 5.15877598524094 5.14576917886734 5.16359561681747 5.19308876991272 5.16358202695847 5.1482418179512 5.10837692022324 5.03515380620956 5.01743078231812 4.98637425899506 5.00948446989059 4.97876155376434 4.97403836250305 4.94514858722687 4.91659212112427 4.92486894130707 4.97647923231125 5.02158951759338 5.10249811410904 5.13103854656219 5.13641226291656 5.07511919736862 5.02315944433212 5.02769994735718 5.04024022817612 5.0609472990036 5.09698766469955 5.12802803516388 5.12023514509201 5.12794214487076 5.14326655864716 5.14104181528091 5.14098334312439 5.26525872945786 5.45136690139771 5.50364220142365
-9999 5.23611837625504 5.19434785842896 5.14666110277176 5.14014095067978 5.11462062597275 5.10093367099762 5.11124694347382 5.1330880522728 5.1639575958252 5.18949413299561 5.21703040599823 5.25556701421738 5.26460343599319 5.25597298145294 5.21917629241943 5.22954565286636 5.2600821852684 5.24911862611771 5.23715496063232 5.21000504493713 5.20650219917297 5.21783238649368 5.18599623441696 5.16349339485168 5.13665717840195 5.10682088136673 5.07281798124313 5.04348182678223 5.04564547538757 5.09814274311066 5.10230648517609 5.05089169740677 5.09256500005722 5.12623816728592 5.09174472093582 5.00425136089325 5.01759123802185 5.00859802961349 5.00810444355011 5.10011094808578 5.11561769247055 5.1354575753212 5.15029799938202 5.1591562628746 5.15936678647995 5.15307712554932 5.18378782272339 5.35416507720947 5.48570883274078
-9999 -9999 5.22820144891739 5.22286313772202 5.20351886749268 5.15657490491867 5.07371789216995 5.04802739620209 5.08821702003479 5.140953540802 5.21618992090225 5.25825959444046 5.29532957077026 5.32194072008133 5.36330223083496 5.3535178899765 5.33088612556458 5.35301160812378 5.34374797344208 5.35865092277527 5.31393140554428 5.29104506969452 5.30214923620224 5.31860089302063 5.31921947002411 5.32400476932526 5.29279029369354 5.22557544708252 5.1871942281723 5.20747953653336 5.24076491594315 5.19505017995834 5.19926172494888 5.18873286247253 5.18337082862854 5.16100865602493 5.13081306219101 5.160784304142 5.1264221072197 5.09339338541031 5.12069779634476 5.07683581113815 5.05847358703613 5.10561180114746 5.12490725517273 5.12836045026779 5.11814737319946 5.1109339594841 5.17805421352386 5.28284096717834
