data/spatiotemp/temp2/bio14_norsw_test_2007_2010.asc
NCOLS 654 
NROWS 380 
XLLCORNER 3.91666666666667 
YLLCORNER 55.3333333333333 
CELLSIZE 0.0416666666666667 
NODATA_value -9999 
[rows 220 to 241 of 380, columns 600 to 649 of 654]
19.1346433162689 19.3023774623871 19.3329253196716 19.2262907028198 19.2568399906158 19.170925617218 19.2013764381409 19.1151649951935 18.9958119392395 18.9951229095459 18.7409310340881 18.6036429405212 18.7197914123535 18.7817068099976 18.798629283905 18.6190047264099 18.9146304130554 19.0504078865051 19.2470569610596 18.7975559234619 18.795113325119 19.0395629405975 19.0347278118134 19.0298914909363 19.3414235115051 19.3366029262543 19.3317811489105 19.5751011371613 19.8671572208405 19.8621900081635 19.8766043186188 19.9864931106567 20.1162447929382 20.0963485240936 20.2299196720123 20.2293481826782 20.2287769317627 20.0941445827484 20.2276334762573 20.2270617485046 20.3604884147644 20.609121799469 20.6085567474365 20.3441514968872 20.4934720993042 20.4089112281799 20.5697467327118 20.600709438324 20.5154318809509 20.5461993217468
19.3783276081085 19.1091284751892 19.145804643631 19.1824812889099 18.9664459228516 19.002952337265 19.0394582748413 18.9597163200378 18.9812641143799 18.8661351203918 19.0428531169891 18.7292885780334 18.7306292057037 18.7319693565369 18.7333099842072 18.7346496582031 18.799596786499 18.9347229003906 19.1166253089905 19.1184403896332 18.9358882904053 19.0464425086975 18.9056239128113 19.0353512763977 19.2111794948578 19.3406703472137 19.8998622894287 19.7123770713806 19.8215005397797 19.7006981372833 19.9917268753052 19.8517279624939 19.9810206890106 19.7968938350677 20.0928983688354 20.0915906429291 20.0902819633484 20.0889739990234 20.0876657962799 20.22026014328 20.2189269065857 20.2175934314728 20.353711605072 20.482533454895 20.3680424690247 20.2136800289154 20.2449972629547 20.5942614078522 20.6263818740845 20.542279958725
18.7593448162079 18.8019068241119 18.9808897972107 19.1386709213257 19.0449156761169 18.9721591472626 19.0147216320038 18.9414482116699 19.1009292602539 19.1452977657318 19.0121414661407 18.8370332717896 18.8402290344238 18.7274568080902 18.9100589752197 18.7975368499756 18.6210250854492 18.8044505119324 18.8079061508179 18.9449756145477 18.9436285495758 18.8022656440735 19.047066450119 19.2222018241882 19.216076374054 19.3432991504669 19.5385730266571 19.6474139690399 19.5739054679871 19.5674595832825 19.6941447257996 19.687655210495 19.7973592281342 19.7949910163879 20.0899996757507 20.0879340171814 20.2197449207306 20.2176494598389 20.2155547142029 19.7643749713898 19.7623438835144 20.0277695655823 20.4557576179504 20.2685489654541 20.28377866745 20.0712916851044 20.1037905216217 20.0027825832367 20.1687896251678 20.2012891769409
18.8341007232666 18.7468891143799 18.795508146286 18.8441269397736 19.0075452327728 18.9413652420044 18.7383153438568 18.9231798648834 18.9498636722565 18.7028014659882 18.7078378200531 18.7128727436066 18.8968822956085 19.0362811088562 18.7918059825897 18.7970983982086 18.8023900985718 18.6272780895233 18.9468791484833 18.9521367549896 18.9513690471649 18.9445788860321 19.0532364845276 19.3627209663391 19.220972776413 19.3477280139923 19.3408389091492 19.4683952331543 19.7778704166412 19.5877985954285 19.8289108276367 19.6875867843628 19.9301242828369 19.9269630908966 19.9238021373749 20.2180845737457 20.2152285575867 20.0786325931549 20.2095165252686 20.0224215984344 19.8884410858154 20.016263961792 20.3127679824829 20.3099937438965 20.325936794281 19.7956268787384 19.8292894363403 19.9963955879211 20.0300364494324 20.1794743537903
18.5238969326019 18.5783276557922 18.4971015453339 18.8012216091156 18.8558971881866 18.7744991779327 18.8504807949066 18.9049110412598 18.7991740703583 18.6908988952637 18.5616219043732 18.747403383255 18.8906362056732 18.78240442276 18.6537890434265 18.7966592311859 18.803786277771 18.6105310916901 18.6175179481506 18.6429219245911 19.0747518539429 19.0670783519745 19.1943011283875 19.5021593570709 19.541576385498 19.3521580696106 19.3445489406586 19.4712824821472 19.7795252799988 19.9059910774231 19.7157328128815 19.8214197158813 19.9288954734802 19.9249715805054 19.9210469722748 19.7834122180939 19.9131979942322 20.0232684612274 19.8878450393677 19.8843128681183 20.0117795467377 20.1414279937744 19.9881854057312 19.9847478866577 20.0004878044128 19.9020237922668 19.9369416236877 19.9900090694427 20.0247497558594 19.9291808605194
18.3285622596741 18.3888397216797 18.449116230011 18.5093932151794 18.5696694850922 18.6299464702606 18.6902229785919 18.9275329113007 18.5340847969055 18.5429155826569 18.551745891571 18.5605757236481 18.5694055557251 18.5987887382507 18.7226481437683 18.5958969593048 18.7401094436646 18.6135568618774 18.7567656040192 18.9006853103638 19.1978287696838 19.0739572048187 19.0655751228333 19.5079076290131 19.4994733333588 19.1745247840881 19.3482575416565 19.4741680622101 19.5998675823212 19.7252111434937 19.6961443424225 19.6874520778656 19.7939250469208 19.6555833816528 19.7846367359161 19.8935079574585 19.888970375061 19.904228925705 19.8816554546356 19.877387046814 19.8731191158295 19.8688507080078 19.9788465499878 19.9746851921082 19.6905307769775 20.026623249054 20.0626378059387 19.9836232662201 20.0194630622864 19.7353475093842
18.1647772789001 18.2248632907867 18.2849504947662 18.4801225662231 18.5403759479523 18.4652094841003 18.5252962112427 18.5853831768036 18.6421103477478 18.8293039798737 18.6618936061859 18.5378770828247 18.7985389232635 18.8090455532074 18.7046384811401 18.9647128582001 18.975243806839 19.1662609577179 19.1771085262299 19.3226797580719 19.1894268989563 19.1815230846405 19.1736195087433 19.3002507686615 19.6084134578705 19.4185252189636 19.4104709625244 19.4707815647125 19.7106544971466 19.5687625408173 19.561115026474 19.6662242412567 19.6598281860352 19.9023616313934 20.0316903591156 20.0273993015289 19.8895778656006 20.0188150405884 19.7491173744202 19.6943731307983 19.6901993751526 19.6860251426697 19.8666739463806 19.6776764392853 19.5628201961517 20.0476675033569 19.8354094028473 19.985844373703 19.832808971405 19.6038477420807
18.4366886615753 18.467271566391 18.5217802524567 18.4635813236237 18.5178034305573 18.5720250606537 18.6262471675873 18.8560302257538 18.8900282382965 18.5902676582336 18.7375476360321 18.7497317790985 18.7619154453278 18.9088153839111 18.9209046363831 19.0675182342529 18.9450817108154 19.137035369873 19.2836995124817 19.2960286140442 19.2992632389069 19.159373998642 19.2681782245636 19.5784046649933 19.4106848239899 19.7202007770538 19.5805685520172 19.5747871398926 19.4352898597717 19.2472763061523 19.3544657230377 19.6645596027374 19.6601910591125 19.6574261188507 19.7882173061371 19.8986186981201 19.5991101264954 19.5961480140686 19.5931859016418 19.5902242660522 19.7716269493103 19.7688612937927 19.4502999782562 19.5616323947906 19.4630312919617 19.4964771270752 19.3963763713837 19.808744430542 19.4632678031921 19.6302585601807
18.5502305030823 18.5985424518585 18.6452128887177 18.5594239234924 18.4952313899994 18.6788423061371 19.0138807296753 18.8154790401459 18.6711459159851 18.5503857135773 18.5642204284668 18.7123692035675 18.840194940567 18.7398505210876 18.6181774139404 18.6318576335907 19.093808889389 19.2223811149597 19.2364797592163 19.1358122825623 19.1409504413605 19.2707333564758 19.3813745975494 19.5128266811371 19.5088093280792 19.6382749080658 19.7020628452301 19.5649502277374 19.2459554672241 19.2421197891235 19.6670045852661 19.7966451644897 19.6812739372253 19.7925720214844 19.9246492385864 19.789687871933 19.9218218326569 19.736701965332 19.6014559268951 19.5998153686523 19.7116920948029 19.4447474479675 19.3297533988953 19.3283731937408 19.3437833786011 19.3759858608246 19.4081878662109 19.440390586853 19.472592830658 19.5047953128815
18.6631665229797 18.7056884765625 18.748211145401 18.7907340526581 18.7209255695343 18.763174533844 18.805424451828 18.7136385440826 18.7424538135529 18.623948097229 18.6394412517548 18.788658618927 18.8040599822998 18.9529991149902 18.7209007740021 18.8502652645111 19.0630073547363 19.1928584575653 19.20853972435 19.1097407341003 19.2496671676636 19.1150758266449 19.3605868816376 19.2448585033417 19.3788957595825 19.3771598339081 19.2422695159912 19.2405006885529 19.3518805503845 19.3499491214752 19.4813053607941 19.5000674724579 19.7942824363708 19.7941617965698 19.7940430641174 19.7442231178284 19.6103632450104 19.47691822052 19.4768757820129 19.4768328666687 19.3429560661316 19.3428559303284 19.3427543640137 19.3426537513733 19.2443032264709 19.2750356197357 19.305769443512 19.3365025520325 19.3672363758087 19.3979692459106
18.6645612716675 18.7010145187378 18.7374684810638 18.773921251297 18.6983761787415 18.8468284606934 18.7497923374176 18.7862730026245 18.9464542865753 18.6968138217926 18.7339951992035 18.884090423584 18.9439716339111 18.9613270759583 18.9347133636475 18.9960377216339 19.1460707187653 19.1633350849152 19.1806001663208 19.330269575119 19.33904504776 19.2069535255432 19.2072579860687 19.0938336849213 19.0942857265472 19.208172082901 19.3413064479828 19.4772477149963 19.4774692058563 19.4776909351349 19.4759340286255 19.793655872345 19.6612784862518 19.5003859996796 19.5013053417206 19.5022246837616 19.3694632053375 19.616993188858 19.3510415554047 19.352219581604 19.3533983230591 19.2413108348846 19.1082518100739 19.1092584133148 19.1245296001434 19.1540648937225 19.1836009025574 19.2131361961365 19.3766796588898 19.2913475036621
19.1023731231689 19.0001804828644 19.0314106941223 18.8939836025238 19.2055361270905 18.8178770542145 18.8482618331909 18.9910891056061 18.8829402923584 18.7889528274536 18.8075971603394 19.0207252502441 18.9071221351624 18.7503185272217 18.7688467502594 18.7873752117157 18.9828717708588 19.247490644455 19.2845742702484 19.3033332824707 19.3139719963074 19.3164913654327 19.3190107345581 19.3215301036835 19.1917674541473 19.1941750049591 19.3290886878967 19.1989915370941 19.2013988494873 19.3366463184357 19.3595628738403 19.2292652130127 19.2317824363708 19.3674578666687 19.2365438938141 19.2389237880707 19.2413041591644 19.1099181175232 19.1121807098389 19.1144437789917 19.116706609726 18.7838950157166 19.1212313175201 19.5034208297729 20.1997442245483 20.3637115955353 20.1449310779572 19.9864835739136 19.6518888473511 19.1655557155609
19.2143273353577 19.1064176559448 19.0208690166473 19.1569797992706 19.1822612285614 19.2075417041779 19.2328236103058 19.1257872581482 18.8398416042328 18.8601791858673 18.7679941654205 18.9623994827271 18.870274066925 18.715747833252 18.7358386516571 19.0449657440186 18.8892798423767 18.7961137294769 18.9297089576721 18.9675426483154 19.1576225757599 19.1621339321136 19.166645526886 19.2844204902649 19.2888119220734 19.3122091293335 19.1846899986267 19.1892013549805 19.4586753845215 19.4666647911072 19.2230975627899 19.2278804779053 19.2321045398712 19.2357711791992 19.2394368648529 19.2431037425995 19.1130976676941 19.1166162490845 19.1201350688934 18.9237942695618 19.0143249034882 19.1306927204132 19.8335635662079 20.2198815345764 20.3491766452789 20.1913437843323 20.3507857322693 20.2639238834381 19.6617205142975 19.1737093925476
19.2156519889832 19.2345516681671 19.1429393291473 19.1615936756134 19.0479843616486 19.1780579090118 19.1971304416656 19.0844588279724 18.6848223209381 18.7066068649292 18.7283911705017 18.618819475174 18.6406898498535 18.6625599861145 18.6844298839569 18.837310552597 18.8590955734253 18.7677958011627 18.920202255249 18.9417707920074 19.1331100463867 19.0088171958923 19.1283810138702 19.1346995830536 19.2967674732208 19.4348256587982 19.3046522140503 19.3114562034607 19.3182606697083 19.325065612793 19.2195847034454 19.2264955043793 19.232426404953 19.2373790740967 19.2423310279846 19.2472832202911 19.1398160457611 19.1233146190643 19.0155394077301 19.0202498435974 19.5183415412903 19.9050414562225 20.1797688007355 20.1833395957947 20.06374335289 19.5738394260406 19.4860246181488 19.379314661026 19.1563324928284 19.1818635463715
19.216977596283 19.0971157550812 19.1099803447723 19.0124146938324 19.0250406265259 19.0376679897308 19.0502943992615 18.9317495822906 18.9501676559448 18.9741537570953 18.8006253242493 18.8241143226624 18.7169239521027 18.8710923194885 18.7822017669678 18.8055558204651 18.9592490196228 18.9825179576874 19.0057866573334 19.2054951190948 19.1085965633392 18.9869282245636 18.817595243454 19.3853833675385 19.2626910209656 19.1521849632263 19.2924342155457 19.3013815879822 19.4469382762909 19.4556398391724 19.3282208442688 19.3371677398682 19.344789981842 19.2389862537384 18.9997596740723 19.0057318210602 18.8344311714172 19.1300129890442 19.7634723186493 19.9041612148285 20.157778263092 20.052029132843 20.1923122406006 20.0636966228485 19.4077544212341 18.7225172519684 19.0764157772064 18.9338593482971 18.9772679805756 19.0006859302521
19.1157460212708 19.2540726661682 19.3978598117828 19.2374579906464 19.2438440322876 19.2502293586731 19.0149493217468 18.8907761573792 19.018132686615 18.8728392124176 18.767835855484 18.6555724143982 18.8108098506927 18.8358750343323 18.6189556121826 18.7737998962402 18.7987236976624 18.8236472606659 18.7359414100647 18.7607228755951 19.1968863010406 19.09490442276 19.1057257652283 19.2469487190247 19.1273674964905 19.2505979537964 19.2613406181335 19.1598315238953 19.3023948669434 19.1326196193695 19.1229448318481 19.0212473869324 19.0299761295319 18.925137758255 19.1148476600647 18.8318812847137 18.808580160141 19.0245220661163 19.7715871334076 20.0259993076324 19.9216074943542 20.0635845661163 19.9374122619629 19.697411775589 18.965256690979 18.5178546905518 18.563577413559 18.6093008518219 18.6550238132477 18.7007465362549
19.2503144741058 19.359210729599 19.4906170368195 19.2200129032135 19.3301439285278 19.2202699184418 19.0900526046753 18.9604742527008 18.9745309352875 19.0018773078918 19.0292239189148 18.8853101730347 18.9121556282043 18.5596430301666 18.7155528068542 18.7420454025269 18.6393671035767 18.7950313091278 18.8215246200562 18.9769432544708 18.9963064193726 19.0724945068359 19.215071439743 19.2283029556274 18.9333004951477 19.0762546062469 18.9580612182617 19.1016299724579 18.9828224182129 18.8832559585571 18.8957014083862 18.9081473350525 18.9185397624969 19.1092326641083 18.8281729221344 18.8054504394531 18.7827281951904 19.6586821079254 20.0489811897278 20.2416114807129 20.0671010017395 19.9417443275452 20.0632636547089 19.9602386951447 19.6151528358459 18.6848790645599 18.1250319480896 18.6681172847748 18.3325562477112 18.3797268867493
19.658771276474 19.4863624572754 19.3482072353363 19.2025663852692 19.1964380741119 19.1903104782104 19.0543603897095 19.0486001968384 18.7619600296021 18.7903985977173 18.9479079246521 18.8472785949707 18.8757178783417 18.7654404640198 18.7936573028564 18.950541973114 18.8669393062592 18.8949224948883 19.0349514484406 18.9508872032166 18.9720735549927 19.1152899265289 19.0178756713867 19.0326633453369 18.9354002475739 19.0622391700745 19.1252233982086 19.1402516365051 18.8635063171387 19.0585086345673 18.961841583252 18.8446826934814 18.8454482555389 18.8233053684235 18.8011620044708 19.6451165676117 20.6870455741882 20.2301640510559 19.9944705963135 19.6090686321259 19.6971879005432 19.706657409668 20.0991542339325 19.9751634597778 20.1266951560974 20.1471509933472 19.9190793037415 19.6099781990051 19.5478703975677 18.86674284935
19.6577000617981 19.3508310317993 19.3414127826691 19.1925954818726 19.1835603713989 19.1540555953979 19.0358428955078 19.1371350288391 19.1483204364777 18.7707026004791 18.9113750457764 18.9417297840118 18.9720842838287 18.7525336742401 18.7824952602386 18.8124563694 19.0994067192078 19.0008029937744 19.1590464115143 19.1231646537781 18.9709708690643 19.1148760318756 19.1303563117981 18.9043443202972 18.9195034503937 19.0008473396301 18.9979836940765 19.0324075222015 19.0481879711151 18.9521622657776 18.836008310318 18.8514680862427 18.9587500095367 19.5044221878052 19.9457077980042 20.9448285102844 21.0721597671509 19.6928062438965 18.4121775627136 18.2805554866791 18.2611086368561 18.2416617870331 19.3728532791138 20.1594204902649 20.1864893436432 20.2265441417694 20.2589335441589 20.2910349369049 20.3231358528137 19.2004859447479
19.5222251415253 19.3475954532623 19.3386132717133 19.3296320438385 19.051032781601 19.0427660942078 19.1438999176025 19.1358244419098 19.1481909751892 18.9417510032654 18.8046045303345 18.8179109096527 18.9793424606323 18.8909919261932 18.7938129901886 18.8256847858429 18.8575572967529 19.0182733535767 19.2245755195618 19.1449937820435 19.1218748092651 19.1367263793945 19.1515786647797 19.0543847084045 18.9390475749969 19.0199429988861 19.0350370407104 19.0501310825348 19.0652256011963 18.9683477878571 18.8512699604034 18.569934129715 18.5589520931244 18.5425581932068 18.5261645317078 18.9384069442749 19.2363250255585 18.9038424491882 18.0346202850342 18.1320657730103 18.4278028011322 17.9881060123444 19.7756118774414 20.3573131561279 19.9542427062988 19.980340719223 20.0064384937286 20.0325372219086 20.0586349964142 20.3931746482849
19.518616437912 19.5104234218597 19.204690694809 19.3049387931824 19.0488922595978 18.9107403755188 18.9031529426575 19.0047898292542 19.1480612754822 19.0533113479614 18.978244304657 18.8833692073822 18.8762600421906 18.8819155693054 18.8051302433014 18.8389146327972 18.8726985454559 18.9064824581146 19.2443888187408 19.1668236255646 19.0150246620178 18.9168748855591 18.9307804107666 18.9446868896484 19.1367223262787 19.1511399745941 19.0343854427338 19.0484955310822 18.9504764080048 18.8524396419525 18.8665311336517 18.8806238174438 18.8995661735535 18.5760533809662 18.2447054386139 18.2323441505432 18.2199838161469 19.265251159668 18.5090017318726 18.4955928325653 18.7938249111176 19.2040138244629 19.9220471382141 20.0192928314209 20.0209374427795 20.2275524139404 20.0615346431732 20.0818328857422 20.1021316051483 20.4311125278473
19.6465973854065 19.3411238193512 19.3330137729645 19.1940162181854 19.1551208496094 19.2867958545685 19.1489021778107 19.1332035064697 19.2777531147003 19.1846914291382 19.0916616916656 19.1284370422363 18.9938592910767 18.9196245670319 18.8164479732513 18.8521435260773 19.191525220871 19.2278635501862 19.2642028331757 19.3005421161652 19.0838034152985 18.9202954769135 18.9987089633942 19.273444890976 19.1565644741058 19.0391163825989 19.0525863170624 18.9538111686707 18.7538523674011 18.6368951797485 18.6322116851807 18.6275291442871 18.6199746131897 18.2898442745209 18.2804930210114 18.2711412906647 18.2617897987366 18.997079372406 20.1860980987549 20.012130022049 20.1291527748108 20.1152184009552 20.1012845039368 20.0873503684998 20.0876321792603 20.1021316051483 20.1166305541992 20.131129026413 20.1456279754639 20.3950567245483
