data/spatiotemp/temp2/bio2_norsw_test_2007_2010.asc
NCOLS 654 
NROWS 380 
XLLCORNER 3.91666666666667 
YLLCORNER 55.3333333333333 
CELLSIZE 0.0416666666666667 
NODATA_value -9999 
[rows 308 to 329 of 380, columns 550 to 599 of 654]
7.90204572677612 7.86111545562744 7.87718510627747 7.94825494289398 7.94932472705841 7.86672782897949 7.81946408748627 7.78186738491058 7.83960378170013 7.75767338275909 7.64423382282257 7.55995190143585 7.51333618164062 7.25372111797333 6.84243881702423 6.64515650272369 6.7462078332901 7.07459235191345 7.11497700214386 7.04936134815216 7.20007920265198 7.28679716587067 7.28616952896118 7.32786309719086 7.37155675888062 7.409583568573 7.42094349861145 7.45763766765594 7.48566460609436 7.42369091510773 7.34305155277252 7.30307853221893 7.33610570430756 7.3567990064621 7.39934313297272 7.3437374830246 7.34113192558289 7.33785951137543 7.34392082691193 7.321648478508 7.30470931529999 7.35110342502594 7.36883187294006 7.37422597408295 7.38928687572479 7.48568141460419 7.55288231372833 7.58722257614136 7.62489688396454 7.69590377807617
7.84393513202667 7.82534110546112 7.81841361522675 7.90415263175964 7.97022557258606 7.89729821681976 7.86470425128937 7.79644393920898 7.76451599597931 7.72158873081207 7.64120626449585 7.57403492927551 7.52353048324585 7.36135947704315 7.03218770027161 6.75901651382446 6.91484522819519 7.41067409515381 7.55850291252136 7.51699841022491 7.46749401092529 7.44598948955536 7.4516829252243 7.50624144077301 7.53846633434296 7.51235830783844 7.4172500371933 7.38814127445221 7.4103661775589 7.34292495250702 7.32815027236938 7.32970833778381 7.32593333721161 7.34849154949188 7.36306655406952 7.35165798664093 7.31758248806 7.29550755023956 7.35009849071503 7.33635652065277 7.32628107070923 7.33720600605011 7.34879744052887 7.37638878822327 7.41764664649963 7.4512380361557 7.49918222427368 7.52847945690155 7.57577621936798 7.65107357501984
7.86538016796112 7.85042488574982 7.81646955013275 7.84351396560669 7.88055872917175 7.86627006530762 7.87064814567566 7.78202617168427 7.79340398311615 7.77878201007843 7.73870158195496 7.6904970407486 7.67862498760223 7.59542047977448 7.32921540737152 6.99767708778381 6.99047195911407 7.24893355369568 7.39106225967407 7.64619016647339 7.66098582744598 7.58378064632416 7.49706518650055 7.50717341899872 7.57261431217194 7.56438887119293 7.49549686908722 7.45193767547607 7.41704559326172 7.35115385055542 7.33692836761475 7.33603596687317 7.33181047439575 7.32191848754883 7.32909798622131 7.32068264484406 7.310267329216 7.33151817321777 7.36176943778992 7.36002087593079 7.37293875217438 7.38585674762726 7.38810765743256 7.3916928768158 7.4029438495636 7.40986168384552 7.45889103412628 7.49336445331573 7.54950475692749 7.6196448802948
7.81404793262482 7.81203365325928 7.84135270118713 7.85267233848572 7.84232461452484 7.87364375591278 7.84729588031769 7.73494863510132 7.79360103607178 7.81792032718658 7.82672142982483 7.80800461769104 7.7436215877533 7.64890444278717 7.48418796062469 7.10647106170654 6.75142097473145 6.71637070178986 6.96565437316895 7.50860416889191 7.61688709259033 7.52150392532349 7.3449832201004 7.27832520008087 7.36633408069611 7.40734267234802 7.4170184135437 7.45536017417908 7.45736861228943 7.42971062660217 7.39305281639099 7.38706195354462 7.45540368556976 7.46174561977386 7.42977070808411 7.34314465522766 7.3411853313446 7.33022606372833 7.32993364334106 7.35130774974823 7.36634850502014 7.3747227191925 7.39709663391113 7.40580427646637 7.38217854499817 7.39355278015137 7.43334126472473 7.48054492473602 7.52241492271423 7.62395131587982
7.7303820848465 7.79530942440033 7.84756982326508 7.77283012866974 7.73175704479218 7.74601709842682 7.78027725219727 7.7202045917511 7.76279842853546 7.79305863380432 7.81774091720581 7.86484611034393 7.82328402996063 7.7547219991684 7.68915998935699 7.46293187141418 6.99403703212738 6.67447483539581 6.82457983493805 7.15101790428162 7.05912256240845 6.81789422035217 6.6805682182312 6.65247750282288 6.74338698387146 6.7729629278183 6.8852059841156 7.12678277492523 7.28902506828308 7.39226830005646 7.44584429264069 7.50808715820312 7.58599662780762 7.53257298469543 7.56877613067627 7.49227344989777 7.3941034078598 7.3599339723587 7.33476436138153 7.32592821121216 7.33609175682068 7.36592209339142 7.38808572292328 7.35458314418793 7.35207986831665 7.39557695388794 7.45912539958954 7.50005877017975 7.55899167060852 7.64159107208252
7.67571675777435 7.72658479213715 7.72211968898773 7.67998814582825 7.70052289962769 7.74139082431793 7.82159221172333 7.81879341602325 7.79932844638824 7.79753017425537 7.7807605266571 7.77635359764099 7.72227966785431 7.65753948688507 7.65679967403412 7.56072568893433 7.29531896114349 6.89191222190857 6.71217155456543 6.69009828567505 6.6166912317276 6.54428446292877 6.52348613739014 6.50862991809845 6.51977348327637 6.53891682624817 6.58439433574677 6.69220495223999 6.94834852218628 7.26549208164215 7.37663626670837 7.44177961349487 7.53625679016113 7.46373355388641 7.44411563873291 7.46606874465942 7.47435545921326 7.45997536182404 7.38659501075745 7.32888174057007 7.35550153255463 7.39445495605469 7.35107457637787 7.34002780914307 7.36664772033691 7.41493451595306 7.45390927791595 7.4959055185318 7.60856831073761 7.71189773082733
7.69105088710785 7.7025271654129 7.71367001533508 7.72914600372314 7.75428819656372 7.82643091678619 7.84090673923492 7.82838273048401 7.81352531909943 7.77866804599762 7.74511361122131 7.72952830791473 7.68694269657135 7.66169095039368 7.68877172470093 7.65251994132996 7.55960142612457 7.36301624774933 7.07309746742249 6.91517877578735 6.70859324932098 6.576007604599 6.54040396213531 6.53044867515564 6.52082669734955 6.52587103843689 6.53358209133148 6.55229365825653 6.65333819389343 6.95271623134613 7.2860940694809 7.44147217273712 7.48818337917328 7.42189407348633 7.42078804969788 7.50953102111816 7.56327342987061 7.5283499956131 7.49409246444702 7.4105019569397 7.37324476242065 7.42132079601288 7.44139719009399 7.42347300052643 7.44721567630768 7.49695885181427 7.53002619743347 7.54441916942596 7.5804785490036 7.59720420837402
7.66371881961823 7.70113611221313 7.75221979618073 7.8049703836441 7.82772076129913 7.84080445766449 7.82788848876953 7.80230534076691 7.7723890542984 7.76680648326874 7.74479985237122 7.70670282840729 7.69127213954926 7.66717505455017 7.66707789897919 7.66331398487091 7.63088369369507 7.47778654098511 7.21068930625916 7.1309255361557 7.10316181182861 7.08373141288757 6.8343220949173 6.6156005859375 6.54454612731934 6.53015828132629 6.5294371843338 6.55338251590729 6.57932770252228 6.72860670089722 7.06155204772949 7.39783084392548 7.537109375 7.55505514144897 7.61612737178802 7.6449933052063 7.60419201850891 7.5067241191864 7.48125672340393 7.49778866767883 7.52032160758972 7.52285373210907 7.5350524187088 7.54191815853119 7.57545053958893 7.67331612110138 7.69647705554962 7.63559949398041 7.63738834857941 7.63484394550323
7.73538637161255 7.77107810974121 7.80177021026611 7.84012818336487 7.85515296459198 7.85117828845978 7.79120337963104 7.74722790718079 7.73925316333771 7.75427782535553 7.7334862947464 7.68487739562988 7.67160153388977 7.63632595539093 7.62005054950714 7.67510807514191 7.67916560173035 7.53589069843292 7.40094828605652 7.4006724357605 7.47806346416473 7.56878817081451 7.46457350254059 7.09008622169495 6.74693250656128 6.60344552993774 6.5592919588089 6.55647134780884 6.569983959198 6.60883057117462 6.76467657089233 7.11052334308624 7.53503620624542 7.67854905128479 7.68613350391388 7.58645534515381 7.47677683830261 7.46109879016876 7.47875392436981 7.5740761756897 7.66539776325226 7.67138648033142 7.60270833969116 7.55636310577393 7.57335162162781 7.66167390346527 7.67092764377594 7.64244639873505 7.63863158226013 7.65415060520172
7.81572127342224 7.85968708992004 7.91565310955048 7.90261971950531 7.88758528232574 7.85221838951111 7.79818451404572 7.75015068054199 7.75211703777313 7.77274930477142 7.77383887767792 7.73605132102966 7.64126431941986 7.58281016349792 7.60668969154358 7.65223562717438 7.6554479598999 7.59732758998871 7.54120695590973 7.52475297451019 7.53696572780609 7.59684479236603 7.64749145507812 7.49090492725372 7.2013190984726 6.88706612586975 6.6314799785614 6.53989350795746 6.54964065551758 6.577721118927 6.63346838951111 6.94354856014252 7.52329611778259 7.7363760471344 7.66847229003906 7.56925046443939 7.56669533252716 7.54680645465851 7.55491828918457 7.64402937889099 7.68114101886749 7.60758566856384 7.54369699954987 7.50680863857269 7.51092004776001 7.58603119850159 7.59037804603577 7.54529321193695 7.55454170703888 7.58579015731812
7.82172203063965 7.81129634380341 7.86520302295685 7.91844439506531 7.93935120105743 7.87525844573975 7.88683247566223 7.88507330417633 7.85431349277496 7.80922102928162 7.80019199848175 7.79589319229126 7.72059381008148 7.6376279592514 7.62566208839417 7.61936295032501 7.59206390380859 7.6120982170105 7.60779929161072 7.54049980640411 7.52253413200378 7.51990163326263 7.51974284648895 7.5123907327652 7.46037220954895 7.27868664264679 6.96633470058441 6.81031596660614 6.88196408748627 6.93827855587006 7.03626000881195 7.22957468032837 7.56122255325317 7.69120383262634 7.67514479160309 7.69971251487732 7.7526136636734 7.72084760665894 7.64008224010468 7.60331642627716 7.59688401222229 7.57311820983887 7.5243524312973 7.47058689594269 7.50048816204071 7.56372261047363 7.59249532222748 7.6461398601532 7.6881183385849 7.69442999362946
7.73905658721924 7.70523822307587 7.73941993713379 7.81893503665924 7.86811673641205 7.84896552562714 7.88348054885864 7.89032912254333 7.83651089668274 7.78602623939514 7.75187849998474 7.74873423576355 7.74825632572174 7.70844542980194 7.66096806526184 7.62349045276642 7.59834623336792 7.6062023639679 7.62839102745056 7.56324672698975 7.51343619823456 7.47295844554901 7.4446610212326 7.43420958518982 7.43342518806458 7.43164038658142 7.37752282619476 7.37440502643585 7.454953789711 7.51316916942596 7.5897182226181 7.63426685333252 7.69648230075836 7.72403109073639 7.72981739044189 7.7611745595932 7.80053174495697 7.81922233104706 7.6915796995163 7.55960309505463 7.54196059703827 7.55765104293823 7.54234158992767 7.54236543178558 7.65372276306152 7.73207974433899 7.76327896118164 7.83998727798462 7.84769511222839 7.83340299129486
7.69739103317261 7.69684720039368 7.6823034286499 7.68409276008606 7.69188272953033 7.67567253112793 7.66946196556091 7.6699184179306 7.6483747959137 7.64416420459747 7.62556421756744 7.59824192523956 7.61991953849792 7.62892997264862 7.63327383995056 7.64161801338196 7.63429498672485 7.57330596446991 7.62231659889221 7.55099391937256 7.4886714220047 7.44801545143127 7.42891228199005 7.44136214256287 7.42481136322021 7.42992770671844 7.58537745475769 7.73482716083527 7.75427711009979 7.77539336681366 7.77550971508026 7.77962613105774 7.80440866947174 7.80352520942688 7.74648988246918 7.71430313587189 7.73478353023529 7.78793013095856 7.72574365139008 7.62955701351166 7.54603707790375 7.52751696109772 7.59166347980499 7.73114371299744 7.87462401390076 7.94710397720337 7.9687294960022 7.94716727733612 7.90893852710724 7.89670932292938
7.69005870819092 7.68412280082703 7.64051997661591 7.57991778850555 7.48664832115173 7.39337921142578 7.37944340705872 7.43850719928741 7.44423830509186 7.42463576793671 7.45125043392181 7.48841631412506 7.51224851608276 7.51308059692383 7.55791282653809 7.586745262146 7.56757748126984 7.57374310493469 7.60057532787323 7.56074059009552 7.52057325839996 7.45407235622406 7.42749679088593 7.4551807641983 7.49753081798553 7.56888175010681 7.69556570053101 7.77491593360901 7.76593339443207 7.78095090389252 7.7429678440094 7.74798512458801 7.79466891288757 7.75035238265991 7.70849585533142 7.63876569271088 7.64570188522339 7.72297132015228 7.76424098014832 7.71151053905487 7.6117799282074 7.59871649742126 7.70665264129639 7.82492244243622 7.85285842418671 7.86646103858948 7.94551336765289 7.99201428890228 7.9798481464386 7.94701588153839
7.61059069633484 7.62027359008789 7.58462274074554 7.43563878536224 7.2826544046402 7.22700381278992 7.26201975345612 7.34470200538635 7.43305134773254 7.42573404312134 7.44125783443451 7.44095516204834 7.42931962013245 7.41535043716431 7.44904828071594 7.44607949256897 7.46777713298798 7.55180811882019 7.57383918762207 7.56020331382751 7.53123390674591 7.45859885215759 7.40317618846893 7.46263206005096 7.58908843994141 7.68254446983337 7.78800082206726 7.82045710086823 7.80524682998657 7.73470306396484 7.63415908813477 7.64994847774506 7.69607138633728 7.65352785587311 7.66430258750916 7.57772874832153 7.60015487670898 7.70924830436707 7.75800752639771 7.75043404102325 7.71419334411621 7.67895305156708 7.68071317672729 7.6784725189209 7.66656529903412 7.72965824604034 7.8152676820755 7.86139285564423 7.89185190200806 7.86864399909973
7.57232105731964 7.5939656496048 7.51694428920746 7.37492251396179 7.26756739616394 7.23554575443268 7.25352430343628 7.30350196361542 7.32048034667969 7.30979204177856 7.29625129699707 7.28685832023621 7.25979888439178 7.29640603065491 7.38501310348511 7.37595343589783 7.42722725868225 7.53950095176697 7.54110789299011 7.52138161659241 7.53265523910522 7.50659561157227 7.35261571407318 7.30171620845795 7.46948254108429 7.67658281326294 7.78068327903748 7.81778335571289 7.75321686267853 7.61998355388641 7.48008358478546 7.43051695823669 7.48728382587433 7.50238394737244 7.6129093170166 7.6491926908493 7.67580986022949 7.74675977230072 7.76437664031982 7.76866042613983 7.75194382667542 7.72322762012482 7.71784436702728 7.73879504203796 7.77074503898621 7.78902852535248 7.7856593132019 7.79930424690247 7.85894918441772 7.83692765235901
7.57971787452698 7.58932495117188 7.51926577091217 7.42220628261566 7.34648036956787 7.28242111206055 7.27969491481781 7.31930208206177 7.3332427740097 7.30451667308807 7.29424500465393 7.29142844676971 7.27727830410004 7.28546142578125 7.31297767162323 7.35482752323151 7.41701066493988 7.50119352340698 7.43637669086456 7.37922632694244 7.42674267292023 7.48292565345764 7.3510559797287 7.24480009078979 7.3982105255127 7.64395451545715 7.78269863128662 7.80910968780518 7.76318693161011 7.63926422595978 7.52467465400696 7.5020854473114 7.53549635410309 7.58590698242188 7.73384964466095 7.79632365703583 7.79846477508545 7.82260513305664 7.80374598503113 7.77522003650665 7.81802749633789 7.8741682767868 7.85430908203125 7.81511676311493 7.79359126091003 7.74173188209534 7.7653843164444 7.78821551799774 7.81837975978851 7.80854439735413
7.47478079795837 7.4316840171814 7.40892052650452 7.37582349777222 7.33239352703094 7.28362965583801 7.29786598682404 7.29910218715668 7.29200541973114 7.27124166488647 7.26857280731201 7.28633165359497 7.25775754451752 7.25084972381592 7.31560873985291 7.41736829280853 7.48212730884552 7.48955309391022 7.3923122882843 7.34907114505768 7.33683025836945 7.27192258834839 7.24049603939056 7.20355045795441 7.37760508060455 7.61899304389954 7.75771427154541 7.79276883602142 7.79749035835266 7.77487814426422 7.71393287181854 7.6783207654953 7.54504215717316 7.52809643745422 7.68045628070831 7.78712129592896 7.80745232105255 7.7854505777359 7.83844840526581 7.91344666481018 7.87911117076874 7.80844283103943 7.78110766410828 7.76410567760468 7.73577082157135 7.69676840305328 7.61477601528168 7.63312649726868 7.65481054782867 7.71416056156158
7.40084421634674 7.33704316616058 7.28557538986206 7.32210719585419 7.32563924789429 7.29050445556641 7.26903665065765 7.26323556900024 7.26843440532684 7.27729988098145 7.27956664562225 7.25290191173553 7.25957024097443 7.30857193470001 7.40857398509979 7.49490880966187 7.50224411487579 7.47591245174408 7.36024737358093 7.34191608428955 7.29758417606354 7.24825263023376 7.22860288619995 7.24030137062073 7.38466620445251 7.5893646478653 7.73539674282074 7.80509519577026 7.86279344558716 7.84215903282166 7.78419077396393 7.7135556936264 7.50425446033478 7.49428617954254 7.65506303310394 7.77158522605896 7.81044018268585 7.80396234989166 7.87548410892487 7.92867290973663 7.84686172008514 7.77038359642029 7.7842390537262 7.77642750740051 7.68728315830231 7.64147222042084 7.62016785144806 7.73170495033264 7.77390813827515 7.81011140346527
7.4535745382309 7.40506875514984 7.34889674186707 7.36139118671417 7.38588547706604 7.34004688262939 7.27587449550629 7.25336909294128 7.32886350154877 7.36302483081818 7.32156097888947 7.26480531692505 7.29038321971893 7.39196074008942 7.50453853607178 7.53944957256317 7.50402724742889 7.51693832874298 7.46284925937653 7.3564270734787 7.2563384771347 7.23391604423523 7.27104294300079 7.2807183265686 7.36839425563812 7.54573631286621 7.73641228675842 7.82542157173157 7.77143061161041 7.63177263736725 7.5421154499054 7.50412440299988 7.47980010509491 7.47580873966217 7.6346697807312 7.78838288784027 7.88309502601624 7.90380787849426 7.89318692684174 7.85756599903107 7.77861213684082 7.70665800571442 7.79103720188141 7.93374967575073 7.88479566574097 7.75217497348785 7.6872261762619 7.73694944381714 7.78367161750793 7.79639482498169
7.4289710521698 7.39476120471954 7.38888466358185 7.39200830459595 7.34379887580872 7.20292222499847 7.10171246528625 7.20683598518372 7.35329270362854 7.37808263301849 7.35588848590851 7.30937540531158 7.28519570827484 7.35434949398041 7.48316979408264 7.50699043273926 7.48881077766418 7.52229762077332 7.50845122337341 7.37260496616364 7.23675930500031 7.23924624919891 7.34481585025787 7.33246910572052 7.38978850841522 7.51810824871063 7.71976137161255 7.84941387176514 7.77473378181458 7.60005331039429 7.44103991985321 7.4783593416214 7.64501237869263 7.67166543006897 7.73394346237183 7.82051312923431 7.89208292961121 7.90831983089447 7.86555635929108 7.80979287624359 7.72669577598572 7.63159883022308 7.69250226020813 7.88607215881348 7.88764178752899 7.77087819576263 7.65295124053955 7.69719350337982 7.72576904296875 7.70101165771484
7.30970096588135 7.31278669834137 7.32587313652039 7.30929207801819 7.20504474639893 6.97046446800232 6.90754997730255 7.2076358795166 7.39705514907837 7.40914130210876 7.369549036026 7.28094506263733 7.22300839424133 7.27707147598267 7.35813474655151 7.37819790840149 7.4435943365097 7.47165703773499 7.4027202129364 7.28645002841949 7.226846575737 7.26257646083832 7.35058927536011 7.46021950244904 7.57518291473389 7.59014689922333 7.68777680397034 7.83507335186005 7.81070363521576 7.7620005607605 7.72863101959229 7.72459447383881 7.80689120292664 7.85252153873444 7.80988335609436 7.83531057834625 7.82507133483887 7.82916486263275 7.75292527675629 7.64901912212372 7.66244578361511 7.69853985309601 7.67563354969025 7.68406069278717 7.71015477180481 7.68158137798309 7.67534279823303 7.71210443973541 7.61986601352692 7.55529522895813
