data/spatiotemp/temp2/bio2_norsw_test_2007_2010.asc
NCOLS 654 
NROWS 380 
XLLCORNER 3.91666666666667 
YLLCORNER 55.3333333333333 
CELLSIZE 0.0416666666666667 
NODATA_value -9999 
[rows 154 to 175 of 380, columns 250 to 299 of 654]
7.36482751369476 7.42498624324799 7.31581199169159 7.2159708738327 7.46146309375763 7.64662218093872 7.75978088378906 7.64427304267883 7.52176511287689 7.51025712490082 7.60561394691467 7.63916790485382 7.75105500221252 7.71960937976837 7.66149663925171 7.77771711349487 7.94260478019714 8.05882513523102 8.14704620838165 8.2305999994278 8.30248737335205 8.23904144763947 8.00287771224976 8.06033027172089 8.22211599349976 8.23023557662964 8.10535430908203 8.27080643177032 8.47759294509888 8.61504507064819 8.52449750900269 8.64628314971924 8.82673573493958 8.85252141952515 8.87394404411316 8.80133628845215 8.77039504051208 8.81745386123657 8.89351296424866 8.92690539360046 8.97863078117371 9.1560230255127 9.28341507911682 9.40514063835144 9.39986634254456 9.34659218788147 9.23846364021301 9.184814453125 9.22949910163879 9.33551621437073
7.20918655395508 7.06192255020142 7.24999189376831 7.37606048583984 7.40513014793396 7.3408659696579 7.29060184955597 7.37833762168884 7.70974016189575 7.9008092880249 7.93679511547089 7.92069792747498 7.74693405628204 7.55850350856781 7.69707322120667 7.59764230251312 7.57721173763275 7.76378130912781 7.93635058403015 8.09758687019348 8.09915602207184 8.11305892467499 8.18450403213501 8.18782460689545 8.20214450359344 8.28779816627502 8.34111833572388 8.63010549545288 8.70242595672607 8.62541270256042 8.36273312568665 8.49072027206421 8.85570693016052 9.03936076164246 9.06543326377869 8.99625825881958 8.93974995613098 8.88824152946472 8.81706666946411 8.85822463035583 8.94071650505066 9.03420805931091 9.19003295898438 9.3135244846344 9.38934946060181 9.38217425346375 9.3814742565155 9.25058245658875 9.17369079589844 9.30813217163086
7.54754590988159 7.56685864925385 7.60950493812561 7.60015082359314 7.5971302986145 7.7021096944809 7.70175588130951 7.7350686788559 7.74371480941772 7.83136117458344 7.90464329719543 7.86689472198486 7.9884797334671 7.89406442642212 7.93298256397247 7.69490087032318 7.75915241241455 7.87540400028229 7.88832211494446 7.94057369232178 8.07115864753723 8.07241010665894 8.00413012504578 8.16165161132812 8.34650611877441 8.35002779960632 8.37021589279175 8.44240403175354 8.35592555999756 8.3107807636261 8.62096881866455 8.83049058914185 9.0106782913208 9.16519999504089 9.25592303276062 9.28518056869507 9.13343834877014 8.99269580841064 8.89761996269226 8.82321095466614 8.91913509368896 9.04572629928589 9.1679835319519 9.23990797996521 9.2078320980072 9.1440896987915 9.24181795120239 9.36868357658386 9.35454893112183 9.39674782752991
7.49957132339478 7.47179484367371 7.64768469333649 7.73857414722443 7.58779728412628 7.70102035999298 7.73324334621429 7.80280005931854 7.79002296924591 7.86624622344971 7.9261577129364 7.91275823116302 8.01702547073364 7.9966254234314 8.03889226913452 7.91549277305603 7.97642624378204 8.01069319248199 8.06829369068146 7.97522711753845 7.94982767105103 7.93942809104919 8.05142247676849 8.23247897624969 8.3798680305481 8.5709240436554 8.6989803314209 8.74370312690735 8.74475884437561 8.77648162841797 8.83353781700134 8.89426040649414 8.93198323249817 9.03503894805908 9.20407938957214 9.36676907539368 9.39512658119202 9.15181636810303 8.89817357063293 8.90186357498169 8.8852207660675 8.87124443054199 8.96493434906006 9.10895824432373 9.15664863586426 9.11733913421631 9.17382836341858 9.25178503990173 9.3597412109375 9.48803067207336
7.58359742164612 7.55073070526123 7.70319736003876 7.89433097839355 7.97146439552307 7.95059776306152 7.8593977689743 7.66786444187164 7.71866452693939 7.75879776477814 7.88467228412628 7.88162159919739 7.88723731040955 7.90151977539062 7.9238018989563 7.97208452224731 7.91770029067993 7.90564942359924 7.97459840774536 8.11254775524139 8.09682989120483 8.10944557189941 8.13904845714569 8.24297261238098 8.4052300453186 8.58848738670349 8.73741126060486 8.86833477020264 8.98092555999756 9.00018286705017 9.00744009017944 9.00436401367188 8.98028779029846 9.02221179008484 9.13456892967224 9.23302483558655 9.39948105812073 9.2572705745697 9.1733934879303 9.05685019493103 8.76463961601257 8.74942898750305 8.84055233001709 8.83700847625732 8.86713171005249 8.90425443649292 8.97150611877441 9.02421951293945 9.17493319511414 9.42798018455505
7.48795628547668 7.6839998960495 7.70671057701111 7.80608773231506 7.90679788589478 7.67917490005493 7.62555193901062 7.55426228046417 7.79597270488739 7.90834951400757 7.96818745136261 8.0008180141449 7.98911643028259 7.96541392803192 7.82671165466309 7.86067640781403 7.87730741500854 7.95227217674255 8.05890333652496 8.20086765289307 8.28549885749817 8.22213006019592 8.20867478847504 8.36079978942871 8.43425846099854 8.52038335800171 8.59284210205078 8.79263377189636 9.0607590675354 9.06821703910828 9.07067561149597 9.10646724700928 9.09459233283997 9.0300509929657 9.04105758666992 9.07694673538208 9.24050259590149 9.38139152526855 9.32094717025757 9.32750272750854 9.188725233078 9.06428098678589 8.9398365020752 8.89472556114197 8.77094745635986 8.74716973304749 8.77751660346985 8.79098796844482 8.9821252822876 9.23159575462341
7.92831540107727 7.90493595600128 7.79455697536469 7.91017723083496 8.17613136768341 8.09341895580292 8.00670623779297 7.84932672977448 7.8589471578598 7.89690160751343 7.87103509902954 7.91601526737213 7.92766153812408 7.88730835914612 7.9476215839386 8.0182683467865 7.99058127403259 7.88822782039642 7.94720792770386 8.20252096652985 8.14283454418182 8.15814781188965 8.03596711158752 8.14362728595734 8.19495332241058 8.43027973175049 8.69360613822937 8.7625994682312 8.9469256401062 9.20025181770325 9.14157772064209 9.10690426826477 9.1805636882782 9.22089004516602 9.25554728507996 9.19686913490295 9.11219096183777 9.2428457736969 9.5098340511322 9.48748898506165 9.41947746276855 9.34879899024963 9.2651207447052 9.14044213294983 9.01543068885803 8.99008536338806 8.95052719116211 8.79875540733337 8.75131678581238 9.13121199607849
8.04467451572418 8.1962057352066 8.25706934928894 8.2162674665451 8.1921318769455 8.26666307449341 8.20819354057312 8.2047244310379 8.21858882904053 8.18278658390045 8.08088314533234 8.0872118473053 7.96954071521759 7.84186935424805 7.79819798469543 7.82252657413483 7.94785511493683 8.05818390846252 8.13417947292328 8.2571747303009 8.25583708286285 8.28383207321167 8.14259374141693 7.98845422267914 8.15064859390259 8.35050916671753 8.60570335388184 8.81623077392578 9.04975843429565 9.23195266723633 9.15747976303101 9.12634086608887 9.24986839294434 9.24206280708313 9.20637035369873 9.23312473297119 9.29721212387085 9.3316330909729 9.40905427932739 9.42547512054443 9.31989598274231 9.28598403930664 9.13373827934265 9.11915922164917 9.07891345024109 9.19266819953918 9.28387093544006 9.19885659217834 8.98717594146729 9.11282753944397
8.00770044326782 8.16914176940918 8.23558259010315 8.29502439498901 8.25679898262024 8.203573346138 8.16501486301422 8.10712254047394 8.14156377315521 8.22867166996002 8.23706436157227 8.18440890312195 7.96708595752716 7.82376384735107 7.71944093704224 7.7044517993927 7.86946260929108 8.13480663299561 8.27581763267517 8.30049538612366 8.16283905506134 8.24551677703857 8.33588647842407 8.27894830703735 8.28134369850159 8.2270724773407 8.46246767044067 8.62986302375793 8.83392477035522 9.06465363502502 9.21204948425293 9.29211115837097 9.32250642776489 9.27923512458801 9.16752648353577 9.17604684829712 9.16423368453979 9.17042088508606 9.23894095420837 9.33079481124878 9.33164858818054 9.30250191688538 9.30402231216431 9.43687629699707 9.42706298828125 9.3245837688446 9.19021511077881 9.27562475204468 9.37970089912415 9.40644359588623
8.14939272403717 8.26574444770813 8.33009576797485 8.3231143951416 8.25646579265594 8.20181751251221 8.17483532428741 8.17585396766663 8.17353868484497 8.19122362136841 8.28891253471375 8.27360558509827 8.13396465778351 8.14432454109192 8.09035062789917 8.02071022987366 8.11540329456329 8.28109574317932 8.28412222862244 8.44281530380249 8.26317453384399 8.19420099258423 8.39051222801208 8.66077566146851 8.70337176322937 8.70130205154419 8.75423169136047 8.72216176986694 8.6704249382019 8.74602150917053 8.95228457450867 9.20021486282349 9.31181168556213 9.32240796089172 9.25701570510864 9.23196935653687 9.15192198753357 9.08987498283386 9.1498281955719 9.13378119468689 9.19173407554626 9.31102013587952 9.37697315216064 9.54025983810425 9.64721298217773 9.59049916267395 9.38055896759033 9.34972596168518 9.42855954170227 9.45372629165649
8.23641896247864 8.23968029022217 7.77594220638275 7.39420413970947 7.52046597003937 8.00006127357483 8.08698964118958 7.92091822624207 7.81984686851501 8.03577518463135 8.02976012229919 7.97846865653992 8.0548437833786 8.07155179977417 8.10626041889191 8.24830222129822 8.22967731952667 8.33405208587646 8.35542726516724 8.38880205154419 8.43451046943665 8.50521850585938 8.66413855552673 8.81260275840759 8.89606714248657 8.95486497879028 8.90599608421326 8.8854603767395 8.87025809288025 8.81038951873779 8.77385377883911 8.92131805419922 9.18778252601624 9.27591347694397 9.18317174911499 9.22322463989258 9.12494349479675 9.0363290309906 8.91371488571167 8.8697669506073 9.20981955528259 9.31687188148499 9.49392437934875 9.59430980682373 9.60236263275146 9.60474848747253 9.61890316009521 9.6548273563385 9.53375148773193 9.5336754322052
7.85377764701843 8.26361632347107 8.13145518302917 7.9639607667923 7.94646632671356 8.00697195529938 8.12681090831757 8.06598269939423 7.9711549282074 7.89766049385071 7.93660831451416 8.00333225727081 7.9650559425354 8.13511276245117 8.08983683586121 8.13822722434998 8.14261782169342 7.97867465019226 8.14973163604736 8.17045557498932 8.33084607124329 8.52390313148499 8.62876415252686 8.82442998886108 8.89942908287048 8.96142792701721 9.02276015281677 8.93042588233948 8.99609160423279 9.02442359924316 8.9314227104187 8.87775492668152 8.94442081451416 9.17708611488342 9.29966115951538 9.24814653396606 9.18763160705566 9.05211687088013 8.8932683467865 8.8930869102478 9.15090537071228 9.47372364997864 9.58854174613953 9.56769347190857 9.47284507751465 9.35599732398987 9.47758054733276 9.61159515380859 9.54760980606079 9.49562501907349
7.53986382484436 7.79036355018616 7.92953014373779 7.83902955055237 7.73952949047089 7.90102887153625 7.72286224365234 7.46536219120026 7.42886161804199 7.7730278968811 7.84037458896637 7.94156885147095 7.96642982959747 7.99829030036926 8.0414844751358 7.98434507846832 7.95853877067566 7.94606649875641 8.07592713832855 8.28912162780762 8.15364861488342 8.39050936698914 8.4307062625885 8.56323862075806 8.73677110671997 8.86597013473511 8.91216945648193 9.01270198822021 9.1242344379425 9.20210003852844 9.17363262176514 9.05349850654602 8.94436430931091 8.99123048782349 9.14575099945068 9.25225925445557 9.40110158920288 9.15194344520569 8.71878528594971 8.73096084594727 8.92280292510986 9.38864493370056 9.54315376281738 9.49966239929199 9.59350442886353 9.54234671592712 9.48891854286194 9.5042200088501 9.28718852996826 9.31749057769775
7.29101037979126 7.43725514411926 7.5391663312912 7.56674432754517 7.65032196044922 7.67056667804718 7.5548107624054 7.45772218704224 7.30396628379822 7.35454440116882 7.58472621440887 7.70184540748596 7.69429802894592 7.62475037574768 7.67720317840576 7.72298908233643 7.71444165706635 7.68856060504913 8.01734626293182 8.29146575927734 8.34525156021118 8.38637065887451 8.45729613304138 8.47302794456482 8.51709318161011 8.60649156570435 8.74422359466553 8.803955078125 8.98135352134705 9.06808543205261 9.007483959198 9.05788230895996 9.00261402130127 9.00701284408569 8.97444009780884 8.8778965473175 9.07901978492737 9.24447679519653 9.36593317985535 9.32872295379639 9.31217956542969 9.40163636207581 9.4374258518219 9.33721613883972 9.44667315483093 9.61346244812012 9.61025023460388 9.41036891937256 9.39015364646912 9.36960601806641
7.19715702533722 7.15214645862579 7.30413579940796 7.41612529754639 7.34011435508728 7.4691036939621 7.46375966072083 7.41308236122131 7.2724050283432 7.26872777938843 7.39507782459259 7.3457887172699 7.57449996471405 7.57521080970764 7.61358857154846 7.72129940986633 7.65834367275238 7.62105476856232 8.00309956073761 8.15381014347076 8.18318796157837 8.43223285675049 8.51522016525269 8.31181788444519 8.43974876403809 8.54634666442871 8.61194396018982 8.79387497901917 8.88680648803711 8.83240389823914 8.90200185775757 9.03859925270081 9.06553053855896 8.99479460716248 8.97912931442261 8.96486711502075 9.02360463142395 9.20967650413513 9.40208077430725 9.50815153121948 9.58155632019043 9.57429432868958 9.41803216934204 9.40676975250244 9.61750769615173 9.6499125957489 9.59158205986023 9.39818429946899 9.49511981010437 9.45605492591858
7.58297061920166 7.35270476341248 7.40377199649811 7.22183954715729 7.2289069890976 7.18730747699738 7.18370854854584 7.15844261646271 7.06617653369904 7.07257735729218 7.26442909240723 7.30106544494629 7.44003510475159 7.49533784389496 7.54230713844299 7.73661017417908 7.78991305828094 7.76788258552551 8.10085225105286 8.19948828220367 8.26312446594238 8.27009391784668 8.38081026077271 8.44694066047668 8.47607135772705 8.44286799430847 8.65833163261414 8.77546191215515 8.59992551803589 8.66038918495178 8.77018618583679 8.85964965820312 8.70978045463562 8.5499107837677 8.83515191078186 9.07517075538635 9.10119009017944 9.16087532043457 9.33956170082092 9.41524720191956 9.4935998916626 9.53795266151428 9.41230463981628 9.47399044036865 9.64467620849609 9.65602850914001 9.5699143409729 9.69499969482422 9.69341826438904 9.66517043113708
7.79511690139771 7.57592940330505 7.52174162864685 7.46022081375122 7.30669963359833 7.18484508991241 7.15199041366577 7.0824693441391 7.05261504650116 7.06276082992554 6.99478077888489 7.1386753320694 7.36423659324646 7.43746471405029 7.58069264888763 7.62758731842041 7.530482172966 7.91537642478943 8.31027126312256 8.37649917602539 8.1683943271637 8.27295565605164 8.37040090560913 8.37673044204712 8.43339323997498 8.54338955879211 8.6760528087616 8.6147153377533 8.66371154785156 8.76237416267395 8.76203751564026 8.77870035171509 8.77769637107849 8.71602606773376 8.85417461395264 9.1601414680481 9.131108045578 9.17007517814636 9.32004261016846 9.33434271812439 9.34364342689514 9.40694355964661 9.30724382400513 9.26187777519226 9.28651142120361 9.59514498710632 9.59524583816528 9.59181523323059 9.70271730422974 9.75728583335876
7.85326409339905 7.66948759555817 7.52437794208527 7.455934882164 7.39549207687378 7.28471565246582 7.10793936252594 6.96782970428467 6.93538701534271 7.0169438123703 7.04379868507385 7.12561845779419 7.32843828201294 7.39892518520355 7.50474452972412 7.79256451129913 7.8513845205307 7.9448709487915 8.10035729408264 8.27051067352295 8.33733057975769 8.36015009880066 8.31665802001953 8.42252016067505 8.44504880905151 8.41624474525452 8.64910650253296 8.74263525009155 8.75316429138184 8.7126932144165 8.85088896751404 8.83041739463806 8.96961307525635 8.87080836296082 9.02253031730652 9.17011213302612 9.15869355201721 9.22260880470276 9.35418963432312 9.2241051197052 9.18302011489868 9.27193522453308 9.42151618003845 9.43909788131714 9.39501285552979 9.4985945224762 9.62624502182007 9.539963722229 9.60968279838562 9.6710684299469
7.84641051292419 7.7390456199646 7.43034744262695 7.36898279190063 7.2512845993042 7.08458650112152 6.92422139644623 6.88685667514801 6.9768248796463 7.20146024227142 7.12748348712921 7.06622874736786 7.38997364044189 7.38705217838287 7.49846351146698 7.79787516593933 7.94462025165558 7.98036503791809 7.94111001491547 8.10652184486389 8.32126665115356 8.51101183891296 8.51724815368652 8.44530963897705 8.51970458030701 8.55776596069336 8.57416081428528 8.63455581665039 8.59895038604736 8.67701172828674 8.76007294654846 8.87946796417236 8.9158627986908 9.00792360305786 9.20821952819824 9.28508257865906 9.25694537162781 9.19047498703003 9.21433758735657 9.21386694908142 9.26839661598206 9.34292602539062 9.3324556350708 9.36131882667542 9.27918148040771 9.44904375076294 9.56391024589539 9.57311248779297 9.65364837646484 9.67018365859985
7.80455732345581 7.55360376834869 7.39965045452118 7.39169692993164 7.34874367713928 7.17112362384796 7.03750348091125 6.84021687507629 6.87493002414703 7.0173100233078 7.22050166130066 7.41750514507294 7.56684184074402 7.52851212024689 7.55318224430084 7.73085260391235 7.95385587215424 7.98919272422791 7.93686270713806 8.02053308486938 8.21020305156708 8.48054003715515 8.48950505256653 8.47776579856873 8.57769370079041 8.50295424461365 8.42388153076172 8.48247504234314 8.66673612594604 8.74066352844238 8.87625765800476 8.9981849193573 8.97711253166199 9.00770616531372 9.20824241638184 9.31938624382019 9.3001971244812 9.22300815582275 9.19915175437927 9.16796231269836 9.24410676956177 9.37358427047729 9.37172818183899 9.41520547866821 9.40368318557739 9.47382712364197 9.5129086971283 9.50659441947937 9.56361365318298 9.55296611785889
7.74337077140808 7.76082873344421 7.54228675365448 7.65807819366455 7.49086952209473 7.3236608505249 7.26011908054352 7.24657726287842 7.34336853027344 7.4704931974411 7.57285332679749 7.65978217124939 7.74337720870972 7.81197237968445 7.75756764411926 7.76682984828949 7.97009170055389 8.09168696403503 8.05961537361145 8.10121083259583 8.20113980770111 8.37073469161987 8.52476239204407 8.62388920783997 8.6030158996582 8.49314212799072 8.42260217666626 8.5083954334259 8.64952206611633 8.83098196983337 8.9891083240509 8.96923494338989 9.09769558906555 9.16448855400085 9.26493120193481 9.2986900806427 9.23078203201294 9.17987418174744 9.23263263702393 9.03872466087341 9.24448323249817 9.20290899276733 9.3053343296051 9.36109280586243 9.32985162734985 9.43094372749329 9.45590710639954 9.34807682037354 9.5055787563324 9.64874792098999
7.73251724243164 7.75172019004822 7.69492328166962 7.78645944595337 7.73299551010132 7.61219823360443 7.51273429393768 7.51060390472412 7.46180689334869 7.47000980377197 7.53587126731873 7.57739162445068 7.80824565887451 8.00176632404327 8.0532865524292 8.0041401386261 8.01232719421387 8.16951429843903 8.22503507137299 8.21388864517212 8.29107594490051 8.38659644126892 8.4463529586792 8.52034544944763 8.65967106819153 8.69899725914001 8.71098947525024 8.69531559944153 8.73230791091919 8.77396726608276 8.84929347038269 9.03928589820862 9.05694508552551 9.14060473442078 9.15395402908325 9.17766070365906 9.19136714935303 9.15140676498413 9.23078012466431 9.24782037734985 9.25519347190857 9.20323371887207 9.23927307128906 9.12764692306519 9.23901963233948 9.43472623825073 9.39990639686584 9.32422542572021 9.44421100616455 9.54353046417236
