data/spatiotemp/temp2/bio2_norsw_test_2007_2010.asc
NCOLS 654 
NROWS 380 
XLLCORNER 3.91666666666667 
YLLCORNER 55.3333333333333 
CELLSIZE 0.0416666666666667 
NODATA_value -9999 
[rows 176 to 197 of 380, columns 300 to 349 of 654]
9.61678218841553 9.56291794776917 9.53172063827515 9.50485682487488 9.555992603302 9.56512856483459 9.68559813499451 9.52073407173157 9.42281627655029 9.68884515762329 9.80087423324585 9.66190314292908 9.47693252563477 9.40262770652771 9.54232382774353 9.63335227966309 9.57604789733887 9.45174360275269 9.34877276420593 9.1378014087677 9.01553845405579 8.94598317146301 8.80809426307678 8.7072057723999 8.73065042495728 8.86642861366272 8.90054035186768 8.76631760597229 8.58509612083435 8.50820779800415 8.73798537254333 8.68543076515198 8.66096925735474 8.70326900482178 8.6135687828064 8.51420211791992 8.51183533668518 8.55246806144714 8.63476800918579 8.60006761550903 8.70970058441162 8.81566691398621 8.93996691703796 9.04826688766479 9.06714630126953 9.01193833351135 9.05239725112915 9.29085612297058 9.22931504249573 9.33010745048523
9.57704734802246 9.60666704177856 9.57595300674438 9.55690622329712 9.57419180870056 9.5704779624939 9.57809734344482 9.64505004882812 9.54985022544861 9.6388304233551 9.69981098175049 9.56779098510742 9.47643804550171 9.64975190162659 9.70006513595581 9.64037895202637 9.60602617263794 9.50167322158813 9.40332007408142 9.19696712493896 9.14743685722351 9.06006383895874 8.93569016456604 8.87231683731079 8.81861066818237 8.8609037399292 8.86919713020325 8.78515672683716 8.83478379249573 8.7474102973938 8.79103660583496 8.76033020019531 8.79210567474365 8.91736316680908 8.72028660774231 8.73387765884399 8.64080142974854 8.67872548103333 8.6586492061615 8.62157320976257 8.72583079338074 8.72775483131409 8.77467894554138 8.75060296058655 8.84002208709717 8.90560436248779 9.05951976776123 9.30976819992065 9.43335032463074 9.47426605224609
9.33730387687683 9.40952277183533 9.40840911865234 9.42929458618164 9.63384675979614 9.63406562805176 9.61761808395386 9.67450356483459 9.62292146682739 9.56353831291199 9.55548810958862 9.48377132415771 9.46538829803467 9.66333794593811 9.7269549369812 9.58423781394958 9.62818765640259 9.57247138023376 9.53775453567505 9.32570433616638 9.18576431274414 9.11160087585449 9.02310419082642 9.0282735824585 9.00311017036438 9.01061391830444 8.98511695861816 8.99595355987549 8.93612337112427 8.98695993423462 8.97479605674744 8.98463273048401 9.01097226142883 9.02714729309082 8.94698905944824 8.97449779510498 8.91533994674683 8.82718205451965 8.81069111824036 8.75953269004822 8.79904103279114 8.84288311004639 9.00572538375854 9.0295672416687 9.01190233230591 8.87839603424072 9.05155730247498 9.37438440322876 9.49054551124573 9.50837349891663
9.30421757698059 9.39515209197998 9.52008700370789 9.60802173614502 9.67229008674622 9.69022512435913 9.72349333763123 9.76942825317383 9.75003099441528 9.67230248451233 9.64790678024292 9.61917805671692 9.67978239059448 9.74238705635071 9.76799154281616 9.72292923927307 9.63553380966187 9.51480484008789 9.35740923881531 9.30901384353638 9.15418672561646 9.19226098060608 9.17100191116333 9.19674324989319 9.20115065574646 9.13122510910034 9.01529955863953 9.05004072189331 9.12378144264221 9.05185580253601 8.94626355171204 8.83333802223206 9.02090215682983 9.05362248420715 8.99534296989441 8.99006366729736 8.95645070075989 8.8755042552948 8.87589144706726 8.91127872467041 8.89533281326294 8.91805291175842 8.96710681915283 9.04916071891785 9.08378529548645 9.08264780044556 9.15484309196472 9.19337201118469 9.17423439025879 9.36742997169495
9.42613077163696 9.47478175163269 9.51543259620667 9.55541634559631 9.65140008926392 9.67638444900513 9.66536855697632 9.71635293960571 9.79014110565186 9.7253999710083 9.76165890693665 9.73425126075745 9.72551035881042 9.70743584632874 9.74036145210266 9.67728734016418 9.59154605865479 9.52013850212097 9.41539740562439 9.38532257080078 9.32227516174316 9.22625422477722 9.21356678009033 9.22621202468872 9.16719102859497 9.14783620834351 9.1061487197876 9.130126953125 9.11710619926453 9.05241870880127 8.89773106575012 8.76937651634216 8.80949854850769 8.8944308757782 8.96703004837036 9.05296230316162 9.10689473152161 9.08315992355347 9.04109239578247 8.83069109916687 8.82095694541931 8.95722270011902 9.11815476417542 9.12208676338196 9.14933466911316 9.13956546783447 9.064129114151 8.86102628707886 8.93492317199707 9.18915319442749
9.34237742424011 9.40741109848022 9.46877765655518 9.4901442527771 9.49684381484985 9.47487688064575 9.49091053009033 9.52561092376709 9.71758389472961 9.75749754905701 9.70474433898926 9.74132442474365 9.65057110786438 9.63215136528015 9.60406494140625 9.52464509010315 9.50622510910034 9.47180533409119 9.48971915245056 9.47496557235718 9.38669776916504 9.2002477645874 9.10179758071899 9.07601451873779 9.07323122024536 9.09744787216187 9.16033101081848 9.15121483802795 9.06176447868347 8.97398138046265 8.97186493873596 8.95641446113586 8.98342871665955 9.01857280731201 9.02105045318604 9.01986074447632 9.15133857727051 9.09181571006775 8.97362661361694 8.89843726158142 8.96058130264282 8.91239213943481 9.07186961174011 9.1700131893158 9.34488463401794 9.25014996528625 9.16908144950867 9.05801320075989 9.10227847099304 8.94421005249023
9.42395782470703 9.34904026985168 9.30312275886536 9.37487196922302 9.37162113189697 9.48537015914917 9.37711930274963 9.4558687210083 9.66136002540588 9.7935950756073 9.61316323280334 9.60373091697693 9.63129901885986 9.61220049858093 9.51910161972046 9.44500279426575 9.39657092094421 9.28480577468872 9.29404044151306 9.35760831832886 9.26278638839722 9.1502411365509 9.13002872467041 9.06514978408813 8.99260497093201 9.01305937767029 9.06618070602417 9.0786349773407 9.04808950424194 9.00054454803467 9.03599905967712 9.02512001991272 9.07602548599243 9.1607141494751 9.20140361785889 9.11309266090393 9.15711545944214 8.98647141456604 8.98249363899231 9.03084969520569 9.08087205886841 9.07056164741516 9.180584192276 9.17660665512085 9.28243470191956 9.29340052604675 9.12536787986755 9.12800049781799 9.20930004119873 9.23926687240601
9.3228714466095 9.40833616256714 9.3621346950531 9.20593309402466 9.22206449508667 9.38419580459595 9.475661277771 9.37579274177551 9.65146994590759 9.76269268989563 9.55658149719238 9.6314709186554 9.68269324302673 9.5909161567688 9.58480501174927 9.51202774047852 9.35291695594788 9.17713928222656 9.15202856063843 9.15191793441772 9.13220834732056 9.08556747436523 9.06859374046326 9.13828563690186 9.06164479255676 9.01733756065369 8.97802948951721 9.00138878822327 8.99074769020081 8.93310689926147 8.92646598815918 9.04382538795471 9.03828859329224 9.13785624504089 9.13575744628906 9.18099164962769 9.18522596359253 9.12579369544983 9.11369466781616 9.16792941093445 9.18049669265747 9.03673124313354 9.05129885673523 9.08453345298767 9.08131790161133 9.22198557853699 9.21532011032104 9.11565446853638 9.1209888458252 9.06365704536438
9.13811802864075 9.4029655456543 9.50381350517273 9.35799407958984 9.3271746635437 9.44168901443481 9.56920313835144 9.57938408851624 9.59791278839111 9.73312330245972 9.69500017166138 9.60987734794617 9.52408766746521 9.49263143539429 9.39017510414124 9.29705214500427 9.19059610366821 8.92247295379639 9.03968334197998 9.11456060409546 9.01163101196289 9.01056098937988 9.0068244934082 9.00842189788818 8.93668508529663 8.96528172492981 8.9415454864502 8.77414274215698 8.75473952293396 8.82866978645325 8.92426681518555 8.8925302028656 8.94288539886475 9.01366472244263 9.10044407844543 9.1508903503418 9.18800330162048 9.06044936180115 9.09589552879333 9.16334176063538 9.19445466995239 9.0932343006134 9.06468033790588 9.21479320526123 9.0458676815033 9.04123663902283 9.14193940162659 9.1063084602356 8.9106776714325 8.83104705810547
9.15869808197021 9.26326155662537 9.50682497024536 9.46805500984192 9.40028524398804 9.40118193626404 9.48907852172852 9.50397515296936 9.5350227355957 9.48488736152649 9.54308605194092 9.58228421211243 9.56681537628174 9.42168045043945 9.36287879943848 9.29207682609558 9.2759416103363 9.24180626869202 9.1690046787262 9.21686983108521 9.07005286216736 8.94422125816345 8.94938945770264 8.93155694007874 9.02305865287781 9.08022665977478 9.03806161880493 8.87222957611084 8.77739787101746 8.87456583976746 8.8987340927124 8.91890215873718 8.98381495475769 8.94413995742798 8.84946465492249 8.93778896331787 9.0591139793396 9.01577186584473 9.07742977142334 9.06275463104248 9.12241244316101 9.1200704574585 9.06772828102112 9.10438632965088 9.1330840587616 9.14582109451294 9.0948920249939 9.07262897491455 8.98236608505249 8.80176997184753
9.24327850341797 9.30722451210022 9.48883676528931 9.49611592292786 9.37106204032898 9.41834163665771 9.48928713798523 9.49723315238953 9.32446551322937 9.36031794548035 9.41517090797424 9.44269013404846 9.60820984840393 9.49606275558472 9.43591547012329 9.37943482398987 9.3719539642334 9.29380679130554 9.26032614707947 9.27117896080017 9.1948082447052 9.07288074493408 8.99195408821106 9.02269339561462 9.12109899520874 9.14717149734497 9.08424401283264 9.00165009498596 8.91272282600403 8.93612885475159 8.99186778068542 8.89960741996765 8.86407852172852 9.00628161430359 8.96115136146545 8.99768781661987 9.02589082717896 9.006427526474 8.98029732704163 8.8965003490448 8.92937040328979 8.93457317352295 8.8931097984314 8.89797949790955 8.93663382530212 8.94840574264526 8.94151091575623 8.9062831401825 8.91672158241272 8.75282716751099
9.13885879516602 9.18785405158997 9.22584867477417 9.51817750930786 9.54250574111938 9.50016713142395 9.60982871055603 9.6104907989502 9.52690863609314 9.51508259773254 9.57358956336975 9.5624303817749 9.60760402679443 9.62944483757019 9.54228520393372 9.42145943641663 9.41996622085571 9.26380705833435 9.22798109054565 9.27582168579102 9.20723056793213 9.03487420082092 8.91518521308899 9.05416226387024 9.19180560112 9.11478281021118 9.00309324264526 8.89107060432434 8.81004786491394 8.81169176101685 8.84000182151794 8.78164553642273 8.69200849533081 8.74442338943481 8.91450500488281 9.00591969490051 9.03533482551575 9.15341639518738 9.1044979095459 8.9579131603241 8.90632796287537 8.87807631492615 8.86482453346252 8.85923957824707 8.74951696395874 8.75832366943359 8.78113031387329 8.71527028083801 8.67441010475159 8.63055038452148
9.05577206611633 9.17514991760254 9.26752734184265 9.42190480232239 9.60294890403748 9.60999369621277 9.54237103462219 9.58574891090393 9.64235186576843 9.58051300048828 9.59400820732117 9.41417002677917 9.32499837875366 9.33716034889221 9.38698863983154 9.36615061759949 9.34464573860168 9.42814087867737 9.45630240440369 9.33646440505981 9.29165244102478 9.24353432655334 9.21008276939392 9.16829752922058 9.14051294326782 9.21872782707214 9.22394299507141 8.91882419586182 8.8377058506012 8.89658737182617 8.88313555717468 8.86801767349243 8.76693820953369 8.81756496429443 8.86052536964417 8.88215184211731 8.82044553756714 8.84507203102112 8.89336538314819 8.87265872955322 8.82628583908081 8.86291265487671 8.99820590019226 8.98816585540771 8.95173335075378 8.79990792274475 8.71674966812134 8.67259097099304 8.62409901618958 8.57227373123169
9.01001882553101 9.00944566726685 8.99087262153625 9.11529946327209 9.23205947875977 9.35448598861694 9.41724610328674 9.53867292404175 9.58279466629028 9.57327795028687 9.32876038551331 9.35524344444275 9.25572633743286 9.24887609481812 9.38769221305847 9.41317510604858 9.35765838623047 9.41114091873169 9.52362418174744 9.29377365112305 9.11540842056274 9.09552812576294 9.11131358146667 9.04676699638367 8.93355298042297 9.03467273712158 9.23845887184143 9.19257807731628 9.02936410903931 9.02248358726501 8.9899365901947 8.86138916015625 8.83053517341614 8.92304039001465 8.88087868690491 8.76005077362061 8.70522284507751 8.70972800254822 8.73056650161743 8.75307178497314 8.76257705688477 8.8070821762085 8.88158750534058 8.9097592830658 8.84461617469788 8.6698260307312 8.6450355052948 8.63357830047607 8.62745451927185 8.51733088493347
9.08007025718689 8.99853801727295 9.02833914756775 9.06280708312988 9.12794137001038 9.20307564735413 9.17021012306213 9.24801111221313 9.28753161430359 9.42110443115234 9.40767693519592 9.41558265686035 9.47115540504456 9.41372776031494 9.24630069732666 9.3598735332489 9.37144613265991 9.31568551063538 9.52692461013794 9.42449712753296 9.25080132484436 9.2381694316864 9.10387134552002 8.91457319259644 8.93727493286133 9.09231019020081 9.04867887496948 9.17938041687012 9.06474876403809 8.92078375816345 8.97481846809387 8.93985414505005 8.92089653015137 8.92561316490173 8.8809962272644 8.79537963867188 8.71309590339661 8.61114621162415 8.69352912902832 8.70324563980103 8.74662899971008 8.72001218795776 8.66239547729492 8.62077832221985 8.70095300674438 8.67225217819214 8.67555165290833 8.58351755142212 8.47448301315308 8.39944887161255
9.25025963783264 8.98709344863892 9.00059366226196 8.99909448623657 9.01926159858704 9.13109564781189 9.15426278114319 9.13976335525513 9.15556240081787 9.30765986442566 9.38409090042114 9.36885476112366 9.27895212173462 9.42171669006348 9.4401478767395 9.44424510002136 9.46700930595398 9.29577398300171 9.36187124252319 9.44763541221619 9.37116503715515 9.22946000099182 9.2134222984314 9.18971729278564 9.30834579467773 9.31264042854309 9.19593572616577 9.20656442642212 9.15119314193726 8.9811544418335 9.10678291320801 9.12041163444519 9.06902265548706 8.99961686134338 8.92387723922729 8.90280508995056 8.80439925193787 8.56065988540649 8.6009202003479 8.58484792709351 8.55777502059937 8.44336915016174 8.40963006019592 8.34789109230042 8.39340949058533 8.47485375404358 8.35263085365295 8.34274125099182 8.31318521499634 8.24896204471588
9.34478211402893 9.03598237037659 9.04884886741638 9.0040488243103 9.03324913978577 9.01244902610779 9.01631546020508 9.16784906387329 9.22592687606812 9.3508825302124 9.39017128944397 9.42012739181519 9.33008337020874 9.35137248039246 9.37666153907776 9.23795056343079 9.15890622138977 9.08952879905701 9.03348445892334 9.07243990898132 9.29352879524231 9.34175086021423 9.35497260093689 9.32286095619202 9.26374983787537 9.20130443572998 9.07085990905762 9.11141514778137 9.20896983146667 9.20785856246948 9.24774694442749 9.29963564872742 9.13681554794312 8.85195398330688 8.87742567062378 8.83389687538147 8.86103534698486 8.56417369842529 8.42931151390076 8.4217836856842 8.3619213104248 8.44272637367249 8.48286485671997 8.48166942596436 8.38019943237305 8.36978816986084 8.35004353523254 8.2892986536026 8.13322043418884 8.00680875778198
9.46430516242981 9.15653729438782 9.1844367980957 9.12700271606445 9.15490245819092 9.03680181503296 9.09936833381653 9.12793397903442 9.24395775794983 9.30743813514709 9.3679187297821 9.17239928245544 9.16687989234924 9.25802731513977 9.31917500495911 9.16998839378357 9.1004695892334 8.97828364372253 9.01609754562378 9.02391123771667 9.07989263534546 9.14137434959412 9.19118976593018 9.08367156982422 8.96882009506226 9.02363538742065 9.03378391265869 8.97793245315552 9.03674793243408 8.9098961353302 8.96204447746277 9.17219305038452 9.11694169044495 8.89462447166443 8.99797344207764 8.84865570068359 8.71933794021606 8.48602056503296 8.48936939239502 8.37938523292542 8.30440104007721 8.39041662216187 8.56409907341003 8.56844854354858 8.55632305145264 8.34205603599548 8.21012246608734 8.06952226161957 7.92225551605225 7.79665553569794
9.42882704734802 9.50075936317444 9.40269160270691 9.3459575176239 9.31588935852051 9.31682181358337 9.34008741378784 9.29468655586243 9.27465534210205 9.25766086578369 9.24966645240784 9.1950056552887 9.15401077270508 9.24501609802246 9.21868848800659 9.0570273399353 9.02236580848694 9.01003861427307 8.95637726783752 8.98404955863953 8.96958994865417 8.93066501617432 8.92674016952515 9.07414865493774 8.95155715942383 8.95696592330933 9.04737448692322 9.02711653709412 9.05585813522339 9.02293348312378 8.90967512130737 9.06908369064331 9.05952429771423 8.98929452896118 8.84852123260498 8.66908144950867 8.47597455978394 8.56053447723389 8.57609438896179 8.4649875164032 8.42888069152832 8.53177404403687 8.60033392906189 8.51722741127014 8.51744627952576 8.42507362365723 8.18828082084656 8.07785725593567 7.85371685028076 7.73822951316833
9.39001655578613 9.40264821052551 9.50361299514771 9.53357839584351 9.50687670707703 9.50317525863647 9.39114046096802 9.18743896484375 9.08401966094971 9.09654974937439 9.03374695777893 9.04661107063293 9.10114121437073 9.17600512504578 9.14920234680176 9.05673217773438 8.98826336860657 8.8991265296936 8.86199045181274 8.87518763542175 8.92862033843994 8.85595560073853 8.862957239151 9.03229260444641 9.0439612865448 8.88096308708191 8.95363163948059 8.84630012512207 8.90696930885315 8.98830461502075 8.96930599212646 8.83497500419617 8.92197227478027 8.89661622047424 8.74506902694702 8.55850672721863 8.50394415855408 8.51604795455933 8.49215221405029 8.55025625228882 8.61869382858276 8.78313112258911 8.75926303863525 8.5294406414032 8.47205448150635 8.2888058423996 7.98261439800262 7.91630363464355 7.74999296665192 7.59201550483704
9.1928722858429 9.21553707122803 9.29020166397095 9.3318657875061 9.40586376190186 9.61519503593445 9.32052659988403 9.09285736083984 9.06838417053223 9.12043929100037 9.1138277053833 9.01854991912842 9.06127190589905 9.07932710647583 9.06638240814209 8.99943780899048 8.98582625389099 8.99188160896301 8.90693712234497 8.83499193191528 8.80231738090515 8.78057909011841 8.87417483329773 8.87376952171326 8.75369882583618 8.81429409980774 8.78788924217224 8.85081744194031 8.82707977294922 8.83667516708374 8.84252023696899 8.80092120170593 8.7646541595459 8.7299690246582 8.72295069694519 8.61959862709045 8.46658062934875 8.50189518928528 8.52354383468628 8.47485852241516 8.52017378807068 8.64815497398376 8.47613644599915 8.38345146179199 8.31312739849091 8.16257905960083 7.98230481147766 7.90303468704224 7.80052840709686 7.63519537448883
9.21572828292847 9.1547589302063 9.29545617103577 9.38915371894836 9.40685105323792 9.60688209533691 9.5285792350769 9.27060961723328 9.23108172416687 9.12966179847717 9.09424185752869 8.96782207489014 9.02340245246887 9.00131559371948 8.92989611625671 8.92247629165649 8.95505619049072 8.91763639450073 8.94288349151611 8.95379686355591 8.80268144607544 8.76886987686157 8.79839181900024 8.76091408729553 8.68910241127014 8.63795804977417 8.56447982788086 8.62600159645081 8.69385695457458 8.66071224212646 8.58390069007874 8.66908931732178 8.75261330604553 8.72876739501953 8.51438736915588 8.51964902877808 8.3483829498291 8.43840932846069 8.43360161781311 8.5581271648407 8.52731966972351 8.4051787853241 8.31103777885437 8.33056330680847 8.222815990448 8.0591276884079 7.99343943595886 7.82668805122375 7.68217480182648 7.39281976222992
