data/spatiotemp/temp2/bio2_norsw_test_2007_2010.asc
NCOLS 654 
NROWS 380 
XLLCORNER 3.91666666666667 
YLLCORNER 55.3333333333333 
CELLSIZE 0.0416666666666667 
NODATA_value -9999 
[rows 66 to 87 of 380, columns 400 to 449 of 654]
8.93732571601868 8.9638659954071 9.02307319641113 9.08628082275391 9.16681504249573 9.23334240913391 9.31120371818542 9.36239814758301 9.44425964355469 9.51345348358154 9.58864808082581 9.62384223937988 9.65170335769653 9.69989776611328 9.74409222602844 9.77795338630676 9.80094933509827 9.80907988548279 9.83187747001648 9.85600805282593 9.8808057308197 9.940269947052 9.98306679725647 9.97586441040039 9.94999575614929 9.90412616729736 9.82725691795349 9.75505423545837 9.68909025192261 9.6373655796051 9.63264107704163 9.61458230018616 9.60819149017334 9.58746647834778 9.55440878868103 9.49901676177979 9.41662549972534 9.32690095901489 9.23750972747803 9.17611789703369 9.14091944694519 9.10824608802795 9.05790638923645 9.00356674194336 8.92689347267151 8.85988688468933 8.84688067436218 8.87154030799866 8.90920066833496 8.91186094284058
8.97398233413696 8.99446487426758 9.04528093338013 9.11676335334778 9.17867136001587 9.24000477790833 9.32800459861755 9.3920042514801 9.46100473403931 9.53767132759094 9.6160044670105 9.66933798789978 9.69567108154297 9.73500442504883 9.77600431442261 9.8146710395813 9.85446071624756 9.87270569801331 9.90228462219238 9.92453002929688 9.9551088809967 9.99502158164978 10.0202667713165 9.97951197624207 9.91442441940308 9.87066984176636 9.85424852371216 9.83549451828003 9.81593179702759 9.78789496421814 9.75452470779419 9.71315455436707 9.66978454589844 9.63274765014648 9.59637784957886 9.53900742530823 9.45363736152649 9.33793330192566 9.24789690971375 9.19919323921204 9.16600179672241 9.16465520858765 9.14464211463928 9.08296203613281 9.00028157234192 8.93560194969177 8.92725563049316 8.9482421875 8.95889568328857 8.95121574401855
8.99363851547241 9.01672959327698 9.0671546459198 9.11491274833679 9.14052748680115 9.17933320999146 9.27947211265564 9.36127781867981 9.43441677093506 9.48955535888672 9.52902770042419 9.60549998283386 9.66963863372803 9.70777773857117 9.69558334350586 9.73038864135742 9.75930523872375 9.82533168792725 9.926025390625 9.98371911048889 10.019745349884 10.0414400100708 10.0327994823456 9.98282694816589 9.91685366630554 9.86421418190002 9.86357426643372 9.85626745223999 9.83677339553833 9.81209063529968 9.77307558059692 9.73106002807617 9.71871089935303 9.66302871704102 9.60901355743408 9.55533051490784 9.48464870452881 9.36596608161926 9.28061676025391 9.26593494415283 9.21841716766357 9.21239709854126 9.17937707901001 9.13069081306458 9.04800415039062 9.01065039634705 8.9916307926178 8.98527765274048 8.97359037399292 8.95223736763
8.95896124839783 8.99066138267517 9.05202841758728 9.10706186294556 9.12371778488159 9.16932845115662 9.23227286338806 9.28088402748108 9.35582876205444 9.41077303886414 9.49605083465576 9.58566188812256 9.65893959999084 9.71321725845337 9.77416205406189 9.81377267837524 9.83348274230957 9.89762401580811 9.96576571464539 10.0245745182037 10.0790495872498 10.0928580760956 10.0729997158051 10.0124747753143 9.93094944953918 9.9487578868866 9.92289972305298 9.85404133796692 9.8532817363739 9.85462045669556 9.83462643623352 9.81663179397583 9.76497054100037 9.69664287567139 9.61864876747131 9.56565427780151 9.50799298286438 9.44966554641724 9.39767098426819 9.35300993919373 9.30216598510742 9.23980593681335 9.18011260032654 9.15641903877258 9.11639261245728 9.0823655128479 9.04867243766785 9.02931237220764 8.99028515815735 8.96092534065247
8.937344789505 8.98542618751526 9.06450772285461 9.13092231750488 9.14794707298279 9.19758176803589 9.26088309288025 9.29585123062134 9.32348608970642 9.35945391654968 9.43708920478821 9.55772376060486 9.64502477645874 9.70832586288452 9.77796077728271 9.85092902183533 9.91200995445251 9.93020439147949 9.95906543731689 10.0122594833374 10.0777871608734 10.1369814872742 10.1461756229401 10.1230368614197 10.1022310256958 10.0780918598175 9.99595260620117 9.95581340789795 9.94738173484802 9.8816556930542 9.85726356506348 9.82753777503967 9.78947854042053 9.70575284957886 9.64036083221436 9.58196830749512 9.51990914344788 9.47985005378723 9.42745804786682 9.35373210906982 9.31854248046875 9.26322293281555 9.20923566818237 9.16258263587952 9.11792898178101 9.07294249534607 9.05495572090149 9.04796886444092 9.0336492061615 9.01399564743042
8.96312284469604 9.03835797309875 9.11659264564514 9.17282724380493 9.21188259124756 9.26442575454712 9.33096885681152 9.35284543037415 9.37505507469177 9.419264793396 9.48314118385315 9.54435086250305 9.63622736930847 9.68177056312561 9.73898029327393 9.79285669326782 9.87222075462341 9.94373846054077 10.0115897655487 10.0671076774597 10.1369585990906 10.1834769248962 10.1793282032013 10.1748461723328 10.1840307712555 10.1598825454712 10.1120667457581 10.0645844936371 10.0217390060425 9.96852946281433 9.85165333747864 9.80911016464233 9.76223468780518 9.70735812187195 9.65481543540955 9.59827280044556 9.55572986602783 9.49085354804993 9.43831086158752 9.39076805114746 9.35654664039612 9.31264686584473 9.26274704933167 9.20117998123169 9.12961339950562 9.08771371841431 9.07848048210144 9.06191420555115 9.06434750556946 9.06011414527893
8.94256782531738 9.02962279319763 9.07234382629395 9.08306527137756 9.13181829452515 9.23793625831604 9.34038805961609 9.3985059261322 9.4416241645813 9.49974250793457 9.53752684593201 9.58997845649719 9.65709662437439 9.68588185310364 9.76699995994568 9.84078431129456 9.91443085670471 9.96993899345398 10.0211141109467 10.0799562931061 10.1397974491119 10.1683056354523 10.0994808673859 10.09832239151 10.1851642131805 10.1953394412994 10.1561808586121 10.1263556480408 10.0930964946747 10.032069683075 9.9063766002655 9.80068349838257 9.82032346725464 9.78463053703308 9.74593710899353 9.67324352264404 9.60021686553955 9.49885702133179 9.43783044815063 9.40947079658508 9.36588406562805 9.34907102584839 9.30059123039246 9.22344470024109 9.13229823112488 9.08615183830261 9.09233903884888 9.10019278526306 9.10737895965576 9.08289933204651
8.86567902565002 8.92522048950195 8.93642830848694 8.93296980857849 9.00775361061096 9.14711380004883 9.29347372055054 9.37083315849304 9.39719319343567 9.47288656234741 9.55324649810791 9.63327288627625 9.70096635818481 9.73532581329346 9.77035236358643 9.82404565811157 9.84597516059875 9.90280652046204 10.0116391181946 10.0854706764221 10.1293029785156 10.1728012561798 10.2026331424713 10.2507984638214 10.2686309814453 10.2411293983459 10.187294960022 10.1251268386841 10.0844542980194 10.1209437847137 10.0827672481537 9.98625659942627 9.91307926177979 9.85590291023254 9.80239176750183 9.70821475982666 9.62037086486816 9.50852704048157 9.447350025177 9.41117310523987 9.38555455207825 9.37916159629822 9.33243536949158 9.26037573814392 9.17464923858643 9.12825679779053 9.123863697052 9.12213730812073 9.08674430847168 9.0780177116394
8.8451235294342 8.91081857681274 8.96451330184937 9.01820850372314 9.14769005775452 9.26662492752075 9.35589265823364 9.39882755279541 9.44042897224426 9.50803089141846 9.598965883255 9.6785671710968 9.72916889190674 9.74477005004883 9.7557053565979 9.73697328567505 9.7788519859314 9.89267420768738 9.96616339683533 10.0429856777191 10.1674747467041 10.2432971000671 10.264119386673 10.222608089447 10.2527639865875 10.2669200897217 10.2257423400879 10.1952314376831 10.1594784259796 10.1411511898041 10.1064901351929 10.0378293991089 9.98383545875549 9.94117450714111 9.86917996406555 9.76018595695496 9.5685248374939 9.47286438941956 9.4905366897583 9.46987557411194 9.43789219856262 9.39491963386536 9.32794666290283 9.25664019584656 9.2486674785614 9.20169496536255 9.13638830184937 9.11874890327454 9.09644269943237 9.10347008705139
8.77623534202576 8.89241671562195 8.97926473617554 9.07778000831604 9.17095851898193 9.27613520622253 9.34697818756104 9.38715529441833 9.36033153533936 9.34450817108154 9.5313515663147 9.69352793693542 9.759037733078 9.77788138389587 9.83739113807678 9.86423444747925 9.93772864341736 10.0258753299713 10.0930211544037 10.0961675643921 10.1513133049011 10.2251257896423 10.2666053771973 10.2784178256989 10.3048977851868 10.3017103672028 10.2648561000824 10.2040021419525 10.1248364448547 10.0733580589294 10.0442137718201 10.0037355422974 9.95559096336365 9.90911293029785 9.85163474082947 9.7714900970459 9.60201191902161 9.55220103263855 9.50105619430542 9.42991161346436 9.40889620780945 9.40134334564209 9.36712408065796 9.32157111167908 9.26735186576843 9.1974663734436 9.14424681663513 9.1303608417511 9.13280820846558 9.11258864402771
8.78901338577271 8.88434839248657 9.0050163269043 9.11168432235718 9.20156121253967 9.28031277656555 9.31606435775757 9.35448241233826 9.37890100479126 9.41298604011536 9.5330708026886 9.68848896026611 9.8005735874176 9.84465932846069 9.89541077613831 9.9908287525177 10.0806059837341 10.1417424678802 10.135879278183 10.0886824131012 10.1588184833527 10.2239549160004 10.2730913162231 10.3048944473267 10.3040306568146 10.268500328064 10.1816368103027 10.1847729682922 10.1645269393921 10.0638988018036 10.010270357132 10.0016415119171 9.94568014144897 9.89038515090942 9.8630895614624 9.79612827301025 9.72049951553345 9.6378710269928 9.57557606697083 9.50161385536194 9.41890001296997 9.39276766777039 9.31563544273376 9.24116945266724 9.23370337486267 9.22257089614868 9.19043827056885 9.150639295578 9.14350652694702 9.11437439918518
8.80479168891907 8.87427973747253 8.95376777648926 9.10958933830261 9.23149657249451 9.26949000358582 9.34515023231506 9.37514328956604 9.38413691520691 9.47079706192017 9.58645677566528 9.70944976806641 9.81877636909485 9.87243676185608 9.89376330375671 9.98242330551147 10.1028168201447 10.1586098670959 10.1880705356598 10.1908633708954 10.1669905185699 10.177784204483 10.2392437458038 10.201370716095 10.3004970550537 10.2176237106323 10.1614172458649 10.1402108669281 10.1352183818817 10.0834398269653 10.0259935855865 9.97621464729309 9.95410227775574 9.8739902973175 9.80887794494629 9.78609895706177 9.70965337753296 9.61454129219055 9.57242918014526 9.52964997291565 9.45423793792725 9.37319159507751 9.30114579200745 9.25476717948914 9.22638821601868 9.19767594337463 9.15896344184875 9.12858414649963 9.08787202835083 9.09349298477173
8.78790283203125 8.82787775993347 8.89618587493896 8.9764940738678 9.0317656993866 9.0380003452301 9.22356915473938 9.38847088813782 9.49337267875671 9.56427431106567 9.60250949859619 9.68807744979858 9.82464599609375 9.91821384429932 9.97911596298218 10.0666844844818 10.1523604393005 10.1724779605865 10.2359280586243 10.2973790168762 10.3114950656891 10.2706124782562 10.2583963871002 10.2645137310028 10.392630815506 10.373747587204 10.3101980686188 10.2653152942657 10.1689085960388 10.1126465797424 10.0730502605438 10.037121295929 9.98652505874634 9.91192841529846 9.84633255004883 9.78673672676086 9.70814061164856 9.59154462814331 9.52728199958801 9.47768616676331 9.43657517433167 9.34394931793213 9.30732369422913 9.29069805145264 9.26773929595947 9.23778057098389 9.21815514564514 9.17819619178772 9.12457013130188 9.06527829170227
8.76668095588684 8.79747581481934 8.80660390853882 8.78039884567261 8.79436826705933 8.9358446598053 9.17432141304016 9.36446499824524 9.46060824394226 9.51841855049133 9.49289512634277 9.48937201499939 9.67984867095947 9.88365888595581 10.0234687328339 10.1286118030548 10.2142379283905 10.2300119400024 10.3021192550659 10.4142265319824 10.4600007534027 10.4727749824524 10.4412155151367 10.428656578064 10.4744303226471 10.4755382537842 10.4409787654877 10.3650863170624 10.2862668037415 10.2411868572235 10.1791069507599 10.0936939716339 9.96394753456116 9.88086748123169 9.85245418548584 9.78170776367188 9.69162797927856 9.61754775047302 9.55813527107239 9.51772165298462 9.46091198921204 9.38504028320312 9.34950184822083 9.34462928771973 9.31709098815918 9.27755212783813 9.24567985534668 9.20080757141113 9.13460254669189 9.09773015975952
8.70045900344849 8.75574088096619 8.81502223014832 8.81763744354248 8.87230348587036 9.00835537910461 9.22174024581909 9.39612555503845 9.49017739295959 9.55689573287964 9.57828092575073 9.53599977493286 9.64038443565369 9.82776951789856 9.98182153701782 10.1155400276184 10.2161145210266 10.2815463542938 10.4086434841156 10.5104081630707 10.5705063343048 10.5956037044525 10.6113684177399 10.6161332130432 10.547563791275 10.4816620349884 10.4794261455536 10.4478576183319 10.380624294281 10.3193943500519 10.2478303909302 10.1266000270844 9.99203634262085 9.89547252655029 9.87390899658203 9.81101226806641 9.70278167724609 9.59121775627136 9.52865505218506 9.48509097099304 9.42191624641418 9.36379790306091 9.34167909622192 9.34522747993469 9.34210848808289 9.29198980331421 9.23787093162537 9.20775246620178 9.18863415718079 9.1791820526123
8.74357080459595 8.80967211723328 8.87710666656494 8.9565417766571 9.03557252883911 9.15453314781189 9.29949307441711 9.42478656768799 9.49407982826233 9.55637335777283 9.58533334732056 9.65296077728271 9.81592035293579 9.95021414756775 10.0611741542816 10.1544678211212 10.2049918174744 10.2950799465179 10.4291682243347 10.5365898609161 10.6086778640747 10.6074326038361 10.6868538856506 10.7156093120575 10.6803638935089 10.6664521694183 10.6015403270721 10.5009617805481 10.4039824008942 10.3402681350708 10.2555537223816 10.1321728229523 9.9944589138031 9.9000780582428 9.8403639793396 9.7586498260498 9.65693593025208 9.53788828849792 9.47284078598022 9.44012641906738 9.39625358581543 9.34888887405396 9.3231897354126 9.31049156188965 9.28612685203552 9.25876140594482 9.21572947502136 9.23536467552185 9.24866557121277 9.24930119514465
8.75241851806641 8.83822703361511 8.935702085495 9.02584362030029 9.08553099632263 9.17943072319031 9.30699729919434 9.42156410217285 9.50046396255493 9.56903028488159 9.64659690856934 9.75749635696411 9.8817298412323 10.0046300888062 10.0991961956024 10.1960964202881 10.2625856399536 10.3206644058228 10.3847427368164 10.4678211212158 10.631233215332 10.717978477478 10.7867233753204 10.8304686546326 10.8258802890778 10.8189585208893 10.7630372047424 10.6304492950439 10.5064549446106 10.3897204399109 10.2649857997894 10.1332516670227 10.0178503990173 9.88544964790344 9.81638169288635 9.72264695167542 9.62457942962646 9.50717806816101 9.42844390869141 9.38770961761475 9.34984445571899 9.30184769630432 9.26651811599731 9.21485447883606 9.18685746192932 9.19319438934326 9.20519828796387 9.23886823654175 9.25887131690979 9.2732081413269
8.7873375415802 8.83907246589661 8.89847350120544 8.95387530326843 9.05251216888428 9.15138268470764 9.28992033004761 9.39412450790405 9.4716625213623 9.51453328132629 9.59240436553955 9.69794178009033 9.80247974395752 9.89335036277771 9.99122142791748 10.0837590694427 10.1822288036346 10.2542974948883 10.333033323288 10.4601023197174 10.5978374481201 10.6995732784271 10.7606420516968 10.8153774738312 10.920446395874 10.9431819915771 10.827584028244 10.6953201293945 10.550708770752 10.4240844249725 10.2671263217926 10.1401689052582 10.0195438861847 9.91492009162903 9.81396198272705 9.69867086410522 9.61571288108826 9.53742218017578 9.45746469497681 9.39784026145935 9.35002160072327 9.28834176063538 9.23999547958374 9.18998193740845 9.15163564682007 9.13928961753845 9.15160989761353 9.17559719085693 9.19525074958801 9.23490428924561
8.8379225730896 8.8789176940918 8.88491225242615 8.90490746498108 9.01149272918701 9.16400146484375 9.29617667198181 9.37335252761841 9.42886066436768 9.44636940956116 9.53321123123169 9.62372064590454 9.68722867965698 9.75340390205383 9.82491302490234 9.91975498199463 10.0355389118195 10.1122648715973 10.1709909439087 10.3203835487366 10.4491090774536 10.5831680297852 10.6715607643127 10.7196202278137 10.785012960434 10.8200719356537 10.7524645328522 10.6151902675629 10.4456298351288 10.3004484176636 10.1962668895721 10.097752571106 9.99390482902527 9.87905693054199 9.77720928192139 9.6770281791687 9.58318042755127 9.51099872589111 9.4528181552887 9.41663646697998 9.36253118515015 9.30016875267029 9.2314727306366 9.17411017417908 9.1494140625 9.14405131340027 9.14535522460938 9.13132548332214 9.11196279525757 9.13260054588318
8.8325080871582 8.83509635925293 8.87768459320068 8.96560645103455 9.0554735660553 9.17761993408203 9.27709984779358 9.3332462310791 9.38005924224854 9.4042055606842 9.4240186214447 9.50983190536499 9.5903115272522 9.62712502479553 9.6406044960022 9.61375117301941 9.84451532363892 9.97889876365662 10.1039481163025 10.1739978790283 10.2717142105103 10.425096988678 10.5221462249756 10.5568628311157 10.5502455234528 10.5862953662872 10.5780112743378 10.4747276306152 10.2432165145874 10.140145778656 10.0517411231995 9.92466998100281 9.83559894561768 9.74886083602905 9.6991229057312 9.62405204772949 9.5089807510376 9.43424272537231 9.40483808517456 9.38776707649231 9.32704186439514 9.25132918357849 9.17595028877258 9.12957119941711 9.12185859680176 9.14781284332275 9.14243364334106 9.12438797950745 9.08000898361206 9.07096338272095
8.83809328079224 8.86194133758545 8.91212320327759 8.97130489349365 9.06012105941772 9.14057159423828 9.19568943977356 9.24547362327576 9.32125782966614 9.37070870399475 9.4124927520752 9.52994322776794 9.58872818946838 9.64017868041992 9.70496273040771 9.70741319656372 9.77615928649902 9.74119901657104 9.95423889160156 9.95061206817627 10.0083186626434 10.1396918296814 10.2897317409515 10.3221051692963 10.2438118457794 10.3191850185394 10.2975583076477 10.2305982112885 10.0604705810547 9.99284291267395 9.94788193702698 9.84258723258972 9.71362590789795 9.56366467475891 9.55103659629822 9.54607558250427 9.48211407661438 9.39815282821655 9.36685800552368 9.34589695930481 9.29555225372314 9.20715689659119 9.13609433174133 9.10603189468384 9.10130333900452 9.13424134254456 9.13151216506958 9.13211679458618 9.07972121238708 9.05865883827209
8.85067844390869 8.87112021446228 8.91922879219055 8.94367027282715 8.99343538284302 9.06085729598999 9.08794546127319 9.16270089149475 9.29912304878235 9.394211769104 9.45796656608582 9.53972172737122 9.58614373207092 9.61889910697937 9.68198776245117 9.77340984344482 9.866135597229 9.91816592216492 9.97186279296875 10.0185599327087 10.0209231376648 10.0826206207275 10.1363174915314 10.2346811294556 10.1757111549377 10.053074836731 9.9891049861908 9.97113537788391 9.93239164352417 9.87887358665466 9.79768896102905 9.68883776664734 9.61765336990356 9.54913520812988 9.50895047187805 9.46676564216614 9.40324783325195 9.35306286811829 9.30187845230103 9.25836110115051 9.2100625038147 9.15698385238647 9.11190557479858 9.09849333763123 9.08674788475037 9.0746693611145 9.07725739479065 9.09717917442322 9.05276727676392 9.02335572242737
