data/spatiotemp/temp2/bio3_norsw_test_2007_2010.asc
NCOLS 654 
NROWS 380 
XLLCORNER 3.91666666666667 
YLLCORNER 55.3333333333333 
CELLSIZE 0.0416666666666667 
NODATA_value -9999 
[rows 176 to 197 of 380, columns 550 to 599 of 654]
20.9253306388855 20.7353925704956 20.7431964874268 20.6452994346619 20.3835806846619 20.19091796875 20.2506551742554 20.1404705047607 19.8968977928162 19.7256155014038 19.7474694252014 19.9689793586731 20.241593837738 20.477180480957 20.6125545501709 20.7088294029236 20.8176202774048 20.9721355438232 21.044548034668 21.0832853317261 21.1577110290527 21.2677693367004 21.3375730514526 21.2349634170532 21.0232381820679 20.9720230102539 20.9421906471252 21.0219264030457 21.2612495422363 21.3886075019836 21.4446206092834 21.5984420776367 21.6265811920166 21.4611744880676 21.414484500885 21.5681309700012 21.5059671401978 21.6593647003174 21.8493676185608 21.9845404624939 22.112250328064 22.1756138801575 22.2029480934143 22.1759586334229 22.2319650650024 22.266697883606 22.2348427772522 22.1529974937439 22.0811586380005 22.1239852905273
20.9375061988831 20.8679404258728 20.7912311553955 20.5595817565918 20.3826594352722 20.244140625 20.1861128807068 19.9922485351562 19.8853754997253 19.9495778083801 19.9501490592957 20.0536856651306 20.2274479866028 20.4962892532349 20.6394209861755 20.7505145072937 20.8631343841553 20.9343729019165 20.9459829330444 20.9021682739258 21.0358619689941 21.0604648590088 20.9334583282471 20.8543043136597 20.9242095947266 21.0078353881836 21.0261073112488 21.0165305137634 21.1270060539246 21.2091045379639 21.3413324356079 21.4715299606323 21.4600353240967 21.3792853355408 21.4627680778503 21.5885834693909 21.5208930969238 21.5724859237671 21.7941598892212 21.9671773910522 21.9983940124512 22.0878157615662 22.1919922828674 22.2344417572021 22.1976222991943 22.2746863365173 22.2557072639465 22.1360244750977 22.1634249687195 22.1343612670898
20.8590111732483 20.7875747680664 20.7803373336792 20.6374835968018 20.4616470336914 20.3714966773987 20.1663799285889 20.0425515174866 19.9822382926941 19.9791049957275 19.915319442749 19.9520668983459 20.251208782196 20.4413909912109 20.4966421127319 20.5646891593933 20.7115168571472 20.8964233398438 20.9070467948914 20.8731985092163 20.9458432197571 20.9859213829041 20.8916783332825 20.9736576080322 21.1297168731689 21.2321882247925 21.153018951416 21.0757722854614 21.2078924179077 21.2354531288147 21.2889590263367 21.3010907173157 21.2187938690186 21.1417837142944 21.2615022659302 21.4129600524902 21.5313625335693 21.5507283210754 21.6956849098206 21.9047842025757 22.0368251800537 22.0980529785156 22.1030583381653 22.1768274307251 22.2171940803528 22.2411775588989 22.1636853218079 22.1810631752014 22.252552986145 22.2339119911194
20.8899130821228 20.7266330718994 20.6262407302856 20.6100211143494 20.484215259552 20.3501234054565 20.3080039024353 20.1736364364624 20.1107726097107 20.0797147750854 19.9873757362366 19.965220451355 20.1761884689331 20.3080530166626 20.2925753593445 20.2908902168274 20.4816126823425 20.6901001930237 20.7685933113098 20.8542976379395 20.8970246315002 21.0036334991455 21.1090602874756 21.1947679519653 21.3024587631226 21.4004650115967 21.2799854278564 21.1187324523926 21.1954073905945 21.2607612609863 21.3161158561707 21.2605094909668 21.2124543190002 21.1941695213318 21.2958102226257 21.5017590522766 21.6169562339783 21.5281329154968 21.5551605224609 21.6916017532349 21.8327460289001 21.9229803085327 21.8922147750854 21.8573703765869 21.9171967506409 22.0671672821045 22.1514191627502 22.1348433494568 22.0963230133057 22.1456489562988
20.8769102096558 20.663366317749 20.5557894706726 20.4981956481934 20.4646248817444 20.3336863517761 20.2811422348022 20.2432456016541 20.0902214050293 20.1477808952332 20.1539850234985 20.0454993247986 20.1345438957214 20.234561920166 20.3048005104065 20.3902182579041 20.5155143737793 20.727906703949 20.7874526977539 20.8107347488403 20.8223586082458 20.9119005203247 21.0157761573792 21.0203280448914 20.9932627677917 21.0235362052917 21.1265382766724 21.1796250343323 21.2421040534973 21.3622093200684 21.3665752410889 21.338342666626 21.3780488967896 21.4259996414185 21.4931168556213 21.5864319801331 21.6428122520447 21.6407604217529 21.5731372833252 21.6014652252197 21.7114310264587 21.7900242805481 21.8183054924011 21.8268365859985 21.9101810455322 22.0592622756958 22.1717133522034 22.1467003822327 22.0664615631104 22.1041822433472
20.9746294021606 20.7219152450562 20.4633569717407 20.3419623374939 20.4230823516846 20.2741436958313 20.2091765403748 20.0782647132874 19.9298558235168 20.0002479553223 20.0164828300476 19.9299764633179 20.0372276306152 20.2903242111206 20.4296793937683 20.5177536010742 20.5923118591309 20.6541075706482 20.6841149330139 20.7194867134094 20.7291069030762 20.8042454719543 20.8889665603638 20.8307089805603 20.7777547836304 20.6901898384094 20.8869705200195 21.1624984741211 21.2730097770691 21.3499035835266 21.4171724319458 21.4717617034912 21.4835019111633 21.4669017791748 21.5639820098877 21.625994682312 21.6900992393494 21.7579054832458 21.7225975990295 21.7487788200378 21.7544131278992 21.7391715049744 21.7638101577759 21.8991565704346 22.0140647888184 22.1547131538391 22.2575464248657 22.2943992614746 22.2753038406372 22.2982234954834
21.0393981933594 20.8414492607117 20.5773010253906 20.3088622093201 20.1622157096863 20.1995749473572 20.1365652084351 20.0535311698914 19.97292137146 20.012659072876 20.0296654701233 19.9863305091858 20.1695976257324 20.3571262359619 20.3659801483154 20.4406414031982 20.4924583435059 20.5850625038147 20.6350808143616 20.7122707366943 20.7483406066895 20.7257041931152 20.8205599784851 20.8943843841553 20.7820315361023 20.6196627616882 20.8116998672485 21.1461033821106 21.2495498657227 21.2291593551636 21.1996607780457 21.3356218338013 21.4484477043152 21.4733638763428 21.6083436012268 21.6783885955811 21.6816387176514 21.7742075920105 21.7895984649658 21.7870326042175 21.7965106964111 21.7143535614014 21.7453804016113 21.8672800064087 22.027316570282 22.1909446716309 22.2334537506104 22.3403425216675 22.3633284568787 22.3573346138
21.208770275116 20.9894366264343 20.8613042831421 20.6804757118225 20.4802141189575 20.467022895813 20.4696865081787 20.3729338645935 20.1646366119385 20.0279726982117 20.0437726974487 20.1405091285706 20.2033443450928 20.2743444442749 20.2852754592896 20.4239382743835 20.4907650947571 20.5698666572571 20.6657958030701 20.7575607299805 20.7223038673401 20.7807154655457 20.8595519065857 20.874960899353 20.7598080635071 20.5476369857788 20.693235874176 21.0484986305237 21.1666808128357 21.148316860199 21.0259218215942 21.1103472709656 21.2779445648193 21.4026417732239 21.3719687461853 21.4601435661316 21.5590100288391 21.6706056594849 21.7811584472656 21.8143658638 21.8172836303711 21.8029446601868 21.8663187026978 21.8951554298401 22.0426316261292 22.1498599052429 22.1623997688293 22.2113928794861 22.2249402999878 22.3318371772766
21.2959856987 21.1423048973083 20.9593729972839 20.8477535247803 20.7768812179565 20.6712508201599 20.6007862091064 20.5882849693298 20.5080676078796 20.3490195274353 20.0553250312805 19.9569110870361 20.1807675361633 20.3494334220886 20.3024363517761 20.3682508468628 20.4373445510864 20.4591398239136 20.5567789077759 20.6512384414673 20.7407312393188 20.8258261680603 20.8775815963745 20.8575620651245 20.8323669433594 20.8878207206726 20.8826937675476 20.9810318946838 21.1536474227905 21.2049784660339 21.079300403595 21.015652179718 21.155149936676 21.0979437828064 20.9810137748718 21.1185474395752 21.4322366714478 21.6887874603271 21.7654323577881 21.7814450263977 21.8070616722107 21.8522295951843 21.9135856628418 21.9308905601501 22.0277457237244 22.1136698722839 22.1309881210327 22.1113085746765 22.1564483642578 22.2541012763977
21.3576045036316 21.2326712608337 21.0716438293457 20.9085559844971 20.8550157546997 20.7302722930908 20.6807332038879 20.7309222221375 20.7160053253174 20.4448056221008 20.2300152778625 19.9778809547424 20.1204175949097 20.415244102478 20.4715638160706 20.5206589698792 20.471743106842 20.4390535354614 20.4447164535522 20.5408396720886 20.7190451622009 20.7384901046753 20.8118472099304 20.7820391654968 20.7768177986145 20.8121275901794 20.9241733551025 21.0449419021606 21.1479415893555 21.2107100486755 21.2191352844238 21.2229089736938 21.2445588111877 21.2365980148315 21.1567015647888 21.117317199707 21.2743730545044 21.5394539833069 21.727801322937 21.8401770591736 21.8954782485962 21.8678112030029 21.9603991508484 21.9481081962585 21.9890360832214 22.0745968818665 22.1053881645203 22.1031384468079 22.1141638755798 22.1850113868713
21.4453663825989 21.2024941444397 20.820369720459 20.7154488563538 20.7158584594727 20.6412591934204 20.590265750885 20.6318130493164 20.6739716529846 20.4526777267456 20.0445799827576 19.9078917503357 20.0870628356934 20.3959164619446 20.5377764701843 20.6227293014526 20.5597767829895 20.5419588088989 20.5578498840332 20.6471242904663 20.7052526473999 20.7750110626221 20.765860080719 20.7455196380615 20.7840929031372 20.7849578857422 20.786473274231 20.9326195716858 21.0780982971191 21.1123127937317 21.1583380699158 21.178270816803 21.128565788269 21.2753190994263 21.4697937965393 21.4320969581604 21.4547929763794 21.6121606826782 21.7869715690613 21.9024014472961 21.9961009025574 22.0342440605164 21.9625787734985 21.8766412734985 21.9005117416382 22.0812044143677 22.1799445152283 22.2590355873108 22.3089036941528 22.2969002723694
21.6024885177612 21.2653369903564 20.8259606361389 20.8612842559814 20.9877395629883 20.9300212860107 20.7445983886719 20.7179217338562 20.7040796279907 20.328999042511 20.048752784729 19.7990503311157 19.9936437606812 20.2488203048706 20.4519443511963 20.5225253105164 20.5146245956421 20.4852366447449 20.5346164703369 20.6030235290527 20.6826333999634 20.8033041954041 20.8025794029236 20.8414759635925 20.8835606575012 20.932873249054 20.7098083496094 20.6723699569702 20.8675880432129 21.0410981178284 21.1058616638184 21.0663642883301 20.9952259063721 21.1979403495789 21.3935198783875 21.4792041778564 21.5976762771606 21.7614302635193 21.8340587615967 21.8642191886902 21.9658427238464 22.0639357566833 22.1063122749329 22.1419658660889 22.1432461738586 22.2022824287415 22.2589592933655 22.3359780311584 22.3246283531189 22.2895770072937
21.6548414230347 21.4646954536438 21.3008170127869 21.2410731315613 21.2257919311523 21.0655145645142 20.9042534828186 20.8740077018738 20.7417573928833 20.2929563522339 19.9318680763245 19.7596979141235 19.8979163169861 20.1852579116821 20.4402093887329 20.4898657798767 20.4813752174377 20.4494581222534 20.6391539573669 20.645601272583 20.6953392028809 20.6889472007751 20.7279467582703 20.7363390922546 20.8243632316589 20.9916081428528 20.8140835762024 20.3594484329224 20.5364723205566 20.7084174156189 20.9507079124451 21.1180858612061 21.1251835823059 21.3111538887024 21.515193939209 21.5239787101746 21.6430435180664 21.7630977630615 21.8826270103455 21.9155254364014 21.9291696548462 22.0250010490417 22.1596145629883 22.1885938644409 22.1724524497986 22.1345753669739 22.1746850013733 22.1816744804382 22.1302289962769 22.045211315155
21.8432016372681 21.6736655235291 21.5045170783997 21.3998026847839 21.2554287910461 21.1080274581909 21.1498713493347 21.0854148864746 20.8003993034363 20.3936190605164 20.062735080719 19.685131072998 19.8708696365356 20.2945718765259 20.3817477226257 20.347927570343 20.3784332275391 20.5672469139099 20.6865458488464 20.6666073799133 20.6948776245117 20.7329211235046 20.7456731796265 20.689395904541 20.8282561302185 20.9366502761841 20.8602657318115 20.5292325019836 20.4348211288452 20.4177112579346 20.3767261505127 20.5956592559814 20.775710105896 21.0953979492188 21.443103313446 21.4738836288452 21.5838832855225 21.7167110443115 21.7901501655579 21.753399848938 21.6603937149048 21.7659978866577 22.0178270339966 22.0964651107788 22.0892572402954 22.145920753479 22.2242889404297 22.104266166687 21.8562598228455 21.8559670448303
21.9533476829529 21.7116384506226 21.5145049095154 21.4219536781311 21.353823184967 21.3213596343994 21.3524513244629 21.2267465591431 20.9563908576965 20.6448659896851 20.28919506073 19.8547134399414 19.9112839698792 20.2997345924377 20.4576396942139 20.4409012794495 20.4450101852417 20.5186729431152 20.5385298728943 20.5338616371155 20.5235347747803 20.5836381912231 20.6194591522217 20.7868876457214 20.9155144691467 20.9385824203491 20.8438315391541 20.7116956710815 20.7174739837646 20.5667271614075 20.2682766914368 20.2183952331543 20.3225011825562 20.7189249992371 21.121533870697 21.1989517211914 21.2317323684692 21.3035764694214 21.5166745185852 21.6350817680359 21.586238861084 21.6969304084778 21.9272227287292 22.0361971855164 22.083475112915 22.1683702468872 22.2758083343506 22.2613453865051 22.1061687469482 22.1044545173645
22.0652403831482 21.762761592865 21.4891123771667 21.4477896690369 21.4917888641357 21.4229650497437 21.4142618179321 21.2636232376099 20.9577922821045 20.5615696907043 20.3766708374023 20.1325778961182 20.0866088867188 20.2695770263672 20.4440245628357 20.4022006988525 20.4969692230225 20.4204301834106 20.3494997024536 20.3856501579285 20.416374206543 20.4496493339539 20.6064105033875 20.7814035415649 20.8473148345947 20.9068846702576 20.8346104621887 20.6350202560425 20.8242926597595 20.9152455329895 20.814603805542 20.7854022979736 20.7992563247681 20.9983286857605 21.1342868804932 21.1439924240112 21.1136045455933 21.1337404251099 21.2529225349426 21.4419980049133 21.6297063827515 21.7213454246521 21.8528146743774 21.9414472579956 21.9514985084534 21.9998173713684 22.0447516441345 22.1141867637634 22.1490020751953 22.1355023384094
22.2028746604919 21.8848471641541 21.6080203056335 21.4402828216553 21.4395527839661 21.3835282325745 21.3395757675171 21.1659851074219 21.036648273468 20.8322129249573 20.5853590965271 20.3396787643433 20.3415102958679 20.4772229194641 20.5165781974792 20.5098276138306 20.5105447769165 20.4340643882751 20.3758811950684 20.4396066665649 20.4810066223145 20.390908241272 20.5265431404114 20.7557697296143 20.8727798461914 20.9154362678528 20.8760085105896 20.7664036750793 20.9634017944336 21.0836915969849 21.1158900260925 21.1547574996948 21.1905426979065 21.0746064186096 20.9587535858154 20.8458065986633 20.7949929237366 20.7690300941467 20.861533164978 21.2038516998291 21.6211791038513 21.7928266525269 21.8008127212524 21.8458867073059 21.9289393424988 21.9826827049255 22.0142140388489 22.1465315818787 22.1249008178711 22.0631728172302
22.4398188591003 22.1846804618835 21.9023699760437 21.5969462394714 21.3971719741821 21.1963515281677 21.1713218688965 21.0801548957825 21.0281023979187 20.8222317695618 20.5313653945923 20.3076457977295 20.3828802108765 20.557991027832 20.5835208892822 20.5480551719666 20.4456629753113 20.3081398010254 20.1909565925598 20.2497701644897 20.2711958885193 20.1850790977478 20.252269744873 20.3467602729797 20.4786319732666 20.635901927948 20.7550272941589 20.8025941848755 20.9911165237427 21.1545133590698 21.1735925674438 21.1317520141602 21.1091332435608 20.9862470626831 20.7973704338074 20.6053290367126 20.4692325592041 20.6027088165283 20.9483647346497 21.3559103012085 21.6652736663818 21.7538776397705 21.7409768104553 21.8196597099304 21.8558344841003 21.9266405105591 21.9651145935059 22.0950241088867 22.1131358146667 22.0312128067017
22.4206438064575 22.1378130912781 21.8231053352356 21.5880379676819 21.3904867172241 21.3242540359497 21.3048520088196 21.2144951820374 21.0514154434204 20.8480730056763 20.6316223144531 20.4643654823303 20.2170400619507 20.1937022209167 20.3868412971497 20.4139471054077 20.3183903694153 20.1075110435486 19.9464998245239 20.0048160552979 20.0335297584534 20.0512256622314 19.9128732681274 19.8556537628174 19.9644885063171 20.2281045913696 20.3692030906677 20.3996567726135 20.4925918579102 20.7039570808411 20.8864693641663 21.0279335975647 21.021674156189 20.9765129089355 20.7854824066162 20.690936088562 20.7340745925903 20.9898099899292 21.2588896751404 21.4681992530823 21.5776100158691 21.5799908638 21.6298651695251 21.7287168502808 21.7511682510376 21.8588337898254 21.9589538574219 22.0466690063477 22.0667204856873 22.0555863380432
22.1990895271301 21.8104748725891 21.5496249198914 21.4192142486572 21.4495801925659 21.4603242874146 21.3592629432678 21.2127256393433 21.0884981155396 21.0282006263733 20.7983813285828 20.6764636039734 20.2456116676331 19.8724064826965 19.8372859954834 19.8251371383667 19.7942113876343 19.7103943824768 19.6289758682251 19.6387243270874 19.6856570243835 19.9681386947632 19.9439024925232 19.8978071212769 19.8514575958252 19.9531545639038 20.0578942298889 20.0999007225037 20.2609615325928 20.3970441818237 20.4618668556213 20.6465196609497 20.822922706604 20.9113326072693 20.9514150619507 21.0727729797363 21.2308187484741 21.3754048347473 21.4765048027039 21.4513063430786 21.4383244514465 21.3904900550842 21.3222908973694 21.4818863868713 21.6086935997009 21.7651715278625 21.9136981964111 21.9383988380432 21.8903851509094 21.9219703674316
21.8681349754333 21.6039290428162 21.5264706611633 21.5102653503418 21.4929137229919 21.4779424667358 21.3510365486145 21.1593947410583 21.0492329597473 20.9071974754333 20.8172664642334 20.7482008934021 20.4800753593445 19.8961653709412 19.3488936424255 19.103672504425 19.1162009239197 19.177216053009 19.0894601345062 19.1261701583862 19.3554832935333 19.5973138809204 19.8204579353333 19.9934058189392 19.8886604309082 19.8796319961548 20.0955262184143 20.4037508964539 20.6103320121765 20.557008266449 20.3394508361816 20.3143439292908 20.5475945472717 20.8412380218506 21.1562895774841 21.3160786628723 21.3981223106384 21.4483542442322 21.4299440383911 21.3087377548218 21.2283515930176 21.1238179206848 21.0796103477478 21.2612295150757 21.4983930587769 21.646785736084 21.7490692138672 21.7555985450745 21.740140914917 21.8317022323608
21.6926379203796 21.6932148933411 21.7191209793091 21.7145476341248 21.6140294075012 21.4262166023254 21.3736538887024 21.1949224472046 20.9892220497131 20.8259963989258 20.6931052207947 20.7377943992615 20.6459679603577 20.2135009765625 19.6547632217407 19.2235095500946 19.0727984905243 19.0432624816895 19.0318288803101 19.0154647827148 19.208532333374 19.2828738689423 19.4039258956909 19.6812863349915 19.8554544448853 20.084831237793 20.3953847885132 20.6246266365051 20.6735668182373 20.6308507919312 20.4621386528015 20.3554573059082 20.6304717063904 20.9312586784363 21.1725444793701 21.2932806015015 21.4056124687195 21.4825420379639 21.427321434021 21.2570724487305 21.1252312660217 21.1237306594849 21.187370300293 21.2233881950378 21.3165755271912 21.4031000137329 21.4656205177307 21.5351686477661 21.5985102653503 21.8413491249084
