data/spatiotemp/temp2/bio3_norsw_test_2007_2010.asc
NCOLS 654 
NROWS 380 
XLLCORNER 3.91666666666667 
YLLCORNER 55.3333333333333 
CELLSIZE 0.0416666666666667 
NODATA_value -9999 
[rows 44 to 65 of 380, columns 450 to 499 of 654]
22.3916788101196 22.4610552787781 22.6050992012024 22.6978206634521 22.7620244026184 22.8254857063293 23.0448327064514 23.181827545166 23.1995558738708 23.1932463645935 23.2611517906189 23.3169269561768 23.3072099685669 23.3251948356628 23.3554430007935 23.4605569839478 23.6464095115662 23.8418974876404 23.9642210006714 23.9898219108582 24.0431280136108 24.0686058998108 24.0641565322876 24.1044111251831 24.1923289299011 24.3394246101379 24.4308857917786 24.3601541519165 24.354058265686 24.4702286720276 24.5881724357605 24.6743340492249 24.7376184463501 24.7734580039978 24.8061275482178 24.9314413070679 25.0008201599121 24.9925222396851 25.0758757591248 25.1424007415771 25.1174168586731 25.202522277832 25.2914900779724 25.3085446357727 25.2646856307983 25.3112998008728 25.3049697875977 25.2325077056885 25.1986842155457 25.2194061279297
22.5417785644531 22.5033903121948 22.5575070381165 22.6094899177551 22.6438813209534 22.7542915344238 22.9341921806335 23.1560230255127 23.2016777992249 23.2041187286377 23.2248682975769 23.3040127754211 23.3472752571106 23.391149520874 23.4509601593018 23.5483818054199 23.6814894676208 23.8168115615845 23.9438872337341 24.0289840698242 24.0564422607422 24.0981454849243 24.1328449249268 24.1811327934265 24.2490363121033 24.388551235199 24.4434218406677 24.3451318740845 24.3506684303284 24.5030565261841 24.6129159927368 24.6883473396301 24.7417769432068 24.8117628097534 24.8304920196533 24.8701424598694 24.9386940002441 25.0204429626465 25.0913000106812 25.0874490737915 25.1368894577026 25.2665009498596 25.3453116416931 25.2751665115356 25.2500319480896 25.3104453086853 25.3298921585083 25.3225741386414 25.3720798492432 25.3490104675293
22.5040273666382 22.4719486236572 22.5064730644226 22.5593752861023 22.6505365371704 22.8007016181946 22.9246611595154 23.1103048324585 23.1937618255615 23.2523145675659 23.2926549911499 23.3476786613464 23.446457862854 23.5279064178467 23.5849928855896 23.6632504463196 23.7807068824768 23.9034667015076 23.9936075210571 24.1229438781738 24.1574959754944 24.1644330024719 24.1504688262939 24.2167167663574 24.2861800193787 24.3482594490051 24.3594760894775 24.3604536056519 24.4096374511719 24.5077805519104 24.6180596351624 24.6414022445679 24.7013573646545 24.7624325752258 24.8216338157654 24.8619074821472 24.9362101554871 24.9949498176575 25.0894336700439 25.1197566986084 25.1695022583008 25.3177390098572 25.3785514831543 25.3317303657532 25.2631888389587 25.3555006980896 25.4097743034363 25.4426980018616 25.4278607368469 25.3777084350586
22.6139931678772 22.5358738899231 22.5507111549377 22.6356272697449 22.7492485046387 22.8315958976746 22.960994720459 23.115047454834 23.2061200141907 23.2766590118408 23.3631000518799 23.3851532936096 23.4922456741333 23.6124110221863 23.6944799423218 23.7349328994751 23.774112701416 23.9222407341003 24.0654110908508 24.1139712333679 24.1372637748718 24.1747317314148 24.2408485412598 24.2925620079041 24.3371758460999 24.3727521896362 24.4107065200806 24.4610710144043 24.4692821502686 24.5392365455627 24.6133704185486 24.6452240943909 24.6795854568481 24.706524848938 24.7659177780151 24.8166732788086 24.9337577819824 25.0607600212097 25.1931982040405 25.2993545532227 25.344434261322 25.4306044578552 25.4733500480652 25.4447212219238 25.3888278007507 25.4357900619507 25.4547281265259 25.4569282531738 25.4426035881042 25.3961405754089
22.7102613449097 22.6891565322876 22.622145652771 22.6086187362671 22.786190032959 22.9511389732361 23.0510115623474 23.1011362075806 23.1869874000549 23.2689671516418 23.3387331962585 23.4373168945312 23.5356097221375 23.6266655921936 23.6959681510925 23.7199654579163 23.7787075042725 23.860857963562 23.9715623855591 24.0743689537048 24.2115821838379 24.3234438896179 24.3671979904175 24.4205436706543 24.4427065849304 24.4816122055054 24.5277018547058 24.5585031509399 24.5614304542542 24.6018261909485 24.7100987434387 24.7724552154541 24.8193898200989 24.8536629676819 24.9077734947205 24.9830417633057 25.1095275878906 25.2241902351379 25.2908811569214 25.3604855537415 25.4012231826782 25.4391765594482 25.4603123664856 25.4444723129272 25.4082922935486 25.4157276153564 25.4278988838196 25.3932867050171 25.3850131034851 25.4088282585144
22.864935874939 22.8418884277344 22.8057155609131 22.7634062767029 22.8201274871826 22.9711909294128 23.0750880241394 23.1069827079773 23.2266316413879 23.32941198349 23.4105567932129 23.4537134170532 23.5083994865417 23.5273604393005 23.5468320846558 23.6772260665894 23.8480687141418 23.9730234146118 24.0005049705505 24.070020198822 24.2217345237732 24.3739609718323 24.4446134567261 24.4733080863953 24.4897804260254 24.5685319900513 24.6468081474304 24.6516375541687 24.6517109870911 24.6461892127991 24.7014141082764 24.7994194030762 24.9075264930725 25.0260848999023 25.0669169425964 25.1155495643616 25.1518740653992 25.1744122505188 25.2061700820923 25.2522883415222 25.303361415863 25.3295521736145 25.4145760536194 25.4278497695923 25.3942408561707 25.3904647827148 25.4312648773193 25.4001708030701 25.4175591468811 25.4308137893677
23.0377230644226 23.0210671424866 23.0005421638489 22.9959225654602 22.9668965339661 22.9752383232117 23.020103931427 23.1147556304932 23.1912503242493 23.270206451416 23.3413887023926 23.4069557189941 23.4393248558044 23.4535889625549 23.5505242347717 23.8244757652283 23.9518427848816 24.0679354667664 24.127836227417 24.1659383773804 24.2001900672913 24.2929220199585 24.4169397354126 24.5261583328247 24.5786333084106 24.6548562049866 24.7140693664551 24.6999249458313 24.7175817489624 24.7178411483765 24.739818572998 24.8187479972839 24.9408850669861 25.0344128608704 25.033429145813 25.0044960975647 25.0054578781128 25.1047291755676 25.1695995330811 25.2415676116943 25.2898344993591 25.3759894371033 25.432852268219 25.4443182945251 25.4473533630371 25.4809713363647 25.484790802002 25.4402484893799 25.4314193725586 25.4647064208984
23.1096496582031 23.1739749908447 23.2021470069885 23.1536946296692 23.1564607620239 23.1071319580078 23.1133685112 23.1567387580872 23.2859959602356 23.3352093696594 23.3656668663025 23.4534387588501 23.5172433853149 23.5728163719177 23.7264785766602 23.8855581283569 24.0072565078735 24.0824613571167 24.1545963287354 24.1889510154724 24.2233018875122 24.2919135093689 24.3980927467346 24.5269336700439 24.6529531478882 24.7245464324951 24.7680373191833 24.7651805877686 24.7529020309448 24.7664675712585 24.8351864814758 24.9314551353455 25.0457720756531 25.0626125335693 25.0421438217163 25.0295009613037 25.0101022720337 25.0280709266663 25.0549283027649 25.1345887184143 25.2546052932739 25.3796072006226 25.3804364204407 25.4024167060852 25.4566717147827 25.5225391387939 25.5153164863586 25.5327854156494 25.5181756019592 25.5303897857666
23.1270327568054 23.1946706771851 23.2679018974304 23.2766785621643 23.2139592170715 23.2261219024658 23.2609505653381 23.2937569618225 23.3680953979492 23.4397511482239 23.4793634414673 23.5562047958374 23.55522108078 23.55712890625 23.7298450469971 23.9419574737549 24.0122332572937 24.0672426223755 24.1134152412415 24.1876754760742 24.2542247772217 24.2988834381104 24.342357635498 24.421443939209 24.5436339378357 24.7011842727661 24.7821955680847 24.7943086624146 24.8368573188782 24.8544750213623 24.903537273407 25.020875453949 25.0715427398682 25.0843906402588 25.0534901618958 25.0710382461548 25.1121482849121 25.0966782569885 25.1026134490967 25.1329407691956 25.1630892753601 25.2493195533752 25.2984137535095 25.3822550773621 25.4624543190002 25.5201382637024 25.5277147293091 25.5255331993103 25.5183372497559 25.5225458145142
23.2434663772583 23.2858643531799 23.3364534378052 23.3240828514099 23.314838886261 23.3217754364014 23.2756152153015 23.2964329719543 23.3511657714844 23.4471168518066 23.4949851036072 23.5456676483154 23.5211243629456 23.6086578369141 23.7372188568115 23.8822903633118 23.984790802002 24.043628692627 24.1118559837341 24.1588349342346 24.245331287384 24.2974367141724 24.3704395294189 24.4607133865356 24.4769372940063 24.5939149856567 24.7178964614868 24.7728199958801 24.8453454971313 24.9234251976013 24.9883670806885 25.0181641578674 25.0546555519104 25.1190319061279 25.1048307418823 25.1008672714233 25.1253123283386 25.0963678359985 25.1259326934814 25.1346030235291 25.1224460601807 25.1070036888123 25.189341545105 25.3385925292969 25.4656343460083 25.5159792900085 25.5301198959351 25.5065965652466 25.4939785003662 25.5005865097046
23.2813010215759 23.3348836898804 23.3323535919189 23.3086242675781 23.2935247421265 23.2968654632568 23.2529878616333 23.3035387992859 23.3997373580933 23.4817976951599 23.5230617523193 23.5577626228333 23.5827693939209 23.6639490127563 23.765615940094 23.8578248023987 23.9673323631287 24.0579438209534 24.115213394165 24.1242294311523 24.168110370636 24.2618207931519 24.3448171615601 24.4542078971863 24.4998435974121 24.5474610328674 24.6087937355042 24.7055549621582 24.8076663017273 24.8988213539124 24.9577927589417 24.9703335762024 25.0201315879822 25.1119637489319 25.1001982688904 25.1054458618164 25.1349568367004 25.1781034469604 25.2045798301697 25.2362298965454 25.2445707321167 25.1927452087402 25.2512178421021 25.365553855896 25.4723892211914 25.5047492980957 25.5037922859192 25.5053462982178 25.4772319793701 25.4674081802368
23.2137393951416 23.3107733726501 23.3294649124146 23.3023271560669 23.290153503418 23.2717504501343 23.2994132041931 23.3501515388489 23.4224376678467 23.5484442710876 23.5813102722168 23.5783152580261 23.5945210456848 23.6261434555054 23.7353887557983 23.7615170478821 23.821412563324 23.9318218231201 23.9566688537598 24.0040621757507 24.0678458213806 24.1799921989441 24.3009119033813 24.3769421577454 24.4767503738403 24.533007144928 24.570068359375 24.6041660308838 24.6697406768799 24.7693996429443 24.8301486968994 24.8336243629456 24.9401001930237 25.0009837150574 25.0466294288635 25.0976839065552 25.1988534927368 25.2440958023071 25.2616314888 25.2845368385315 25.3136010169983 25.311252117157 25.358699798584 25.4457015991211 25.4851045608521 25.4945669174194 25.5175371170044 25.5091624259949 25.4813451766968 25.4865374565125
23.1959376335144 23.2976298332214 23.3512864112854 23.3578724861145 23.3797926902771 23.3191556930542 23.3305625915527 23.4020128250122 23.4689159393311 23.5881671905518 23.6401133537292 23.6154341697693 23.5771207809448 23.6532545089722 23.7480340003967 23.733057975769 23.720202922821 23.8193969726562 23.9123764038086 23.9762215614319 24.0713105201721 24.1468405723572 24.1556286811829 24.184121131897 24.2619915008545 24.3268313407898 24.3641986846924 24.4380249977112 24.5309495925903 24.6411638259888 24.6925354003906 24.7390742301941 24.79159116745 24.8375573158264 24.8803381919861 25.018627166748 25.1389517784119 25.2115712165833 25.2084422111511 25.2444968223572 25.2851514816284 25.322039604187 25.3734755516052 25.4029150009155 25.4482440948486 25.4734811782837 25.5022196769714 25.4857268333435 25.4919037818909 25.5082902908325
23.2506914138794 23.3356547355652 23.3858661651611 23.4215450286865 23.4302949905396 23.389967918396 23.389307975769 23.426549911499 23.5028219223022 23.5968284606934 23.6529965400696 23.6537580490112 23.6352162361145 23.7671728134155 23.8593406677246 23.8391356468201 23.8528919219971 23.9167723655701 24.0160460472107 24.1139321327209 24.1552753448486 24.1582283973694 24.1862726211548 24.2206144332886 24.2305474281311 24.2903270721436 24.3463225364685 24.355797290802 24.3674206733704 24.465612411499 24.5669355392456 24.6150560379028 24.6034731864929 24.6154251098633 24.6958560943604 24.8110208511353 24.9630045890808 25.0673484802246 25.1307501792908 25.1803507804871 25.2686581611633 25.3003764152527 25.2908692359924 25.3168797492981 25.3340086936951 25.3397102355957 25.3964061737061 25.4509053230286 25.5020341873169 25.5167517662048
23.2105293273926 23.2726120948792 23.3418641090393 23.4078531265259 23.4555644989014 23.4534339904785 23.4262185096741 23.4390425682068 23.4157509803772 23.5116710662842 23.6068553924561 23.6819548606873 23.7039923667908 23.7810168266296 23.8485403060913 23.8965702056885 23.9846434593201 24.0507469177246 24.1123423576355 24.1659379005432 24.1932392120361 24.192991733551 24.1833596229553 24.2856602668762 24.4005265235901 24.4930591583252 24.4551348686218 24.3618507385254 24.2757349014282 24.3540935516357 24.4886250495911 24.5174107551575 24.5466485023499 24.5333633422852 24.6220650672913 24.7852234840393 24.8515839576721 24.9177255630493 25.0426783561707 25.1381688117981 25.1817102432251 25.1979756355286 25.2135152816772 25.1750445365906 25.2183184623718 25.244948387146 25.2759613990784 25.3603568077087 25.3964190483093 25.4306406974792
23.083909034729 23.1520915031433 23.2717757225037 23.3638200759888 23.4252891540527 23.4383263587952 23.4322457313538 23.4232630729675 23.42347240448 23.5144848823547 23.6274123191833 23.7160205841064 23.7779026031494 23.8320779800415 23.8215374946594 23.8512706756592 23.9352583885193 24.0249862670898 24.0785479545593 24.1391792297363 24.1806645393372 24.1750469207764 24.1417622566223 24.2304067611694 24.3952240943909 24.5453338623047 24.551474571228 24.472776889801 24.4064712524414 24.3974494934082 24.4757966995239 24.5420956611633 24.5797128677368 24.6135578155518 24.700647354126 24.7870049476624 24.8632550239563 24.9227046966553 25.0291891098022 25.1937479972839 25.1961607933044 25.1460299491882 25.091609954834 25.0761280059814 25.1250414848328 25.2183103561401 25.2373580932617 25.2801060676575 25.32719373703 25.3288207054138
23.0729379653931 23.1231212615967 23.2179651260376 23.2640523910522 23.2990436553955 23.3722901344299 23.4034614562988 23.372992515564 23.401969909668 23.5047807693481 23.7008738517761 23.7767524719238 23.7960214614868 23.823272228241 23.8522109985352 23.8405523300171 23.8872728347778 23.9443368911743 24.013126373291 24.0581088066101 24.0792202949524 24.0919589996338 24.0598764419556 24.1697144508362 24.2611465454102 24.4445252418518 24.5103144645691 24.4975204467773 24.4765377044678 24.494339466095 24.5486898422241 24.6132483482361 24.6895794868469 24.728796005249 24.7071118354797 24.7692618370056 24.800835609436 24.8875293731689 24.986391544342 25.100329875946 25.1149153709412 25.0390238761902 24.9678335189819 24.992730140686 25.0955953598022 25.173985004425 25.174916267395 25.1657671928406 25.2043538093567 25.2340002059937
23.0896220207214 23.1654529571533 23.2647094726562 23.3200263977051 23.2891674041748 23.2737231254578 23.2664766311646 23.3080725669861 23.3925414085388 23.536979675293 23.6853799819946 23.7540903091431 23.7388806343079 23.7853837013245 23.8105611801147 23.7647542953491 23.7545137405396 23.8056306838989 23.8982110023499 23.9654335975647 23.9696717262268 23.9543108940125 23.9856643676758 24.1361541748047 24.2501330375671 24.3242173194885 24.3685517311096 24.4533843994141 24.4872374534607 24.5326232910156 24.5422143936157 24.6059079170227 24.7062630653381 24.65966796875 24.6431350708008 24.7138895988464 24.7784080505371 24.8431658744812 24.9356160163879 25.0007500648499 25.0266709327698 25.0265922546387 24.9577641487122 24.9559288024902 25.0418176651001 25.0842719078064 25.0829038619995 25.133141040802 25.1845555305481 25.1872935295105
23.1477165222168 23.1983008384705 23.2971119880676 23.3223280906677 23.2853078842163 23.2516736984253 23.2571649551392 23.3343000411987 23.4748849868774 23.587019443512 23.6310424804688 23.6180734634399 23.5892896652222 23.5914587974548 23.6429762840271 23.6527099609375 23.6822781562805 23.7520170211792 23.8471598625183 23.923864364624 23.9760012626648 23.9762816429138 24.009060382843 24.0858178138733 24.1518726348877 24.207998752594 24.3154592514038 24.4219980239868 24.4664149284363 24.5883903503418 24.6798920631409 24.6776671409607 24.6122660636902 24.5812978744507 24.6046676635742 24.6519927978516 24.6329445838928 24.7147197723389 24.7896637916565 24.8554577827454 24.9034996032715 24.9563946723938 24.9549612998962 24.9869737625122 25.0176763534546 24.9947528839111 24.952853679657 24.9948201179504 25.0709004402161 25.0818285942078
23.221809387207 23.2490763664246 23.2232222557068 23.1657567024231 23.1750535964966 23.1709880828857 23.2223010063171 23.3602719306946 23.5164074897766 23.580114364624 23.587456703186 23.5982112884521 23.6089119911194 23.6115646362305 23.6258316040039 23.6732602119446 23.6906704902649 23.6943669319153 23.7393617630005 23.8059859275818 23.9079155921936 24.0400533676147 24.0817904472351 24.1189761161804 24.2040276527405 24.276415348053 24.3626260757446 24.4541449546814 24.5400924682617 24.5466151237488 24.4969897270203 24.5233516693115 24.5422534942627 24.5965385437012 24.6977534294128 24.7399668693542 24.7400407791138 24.7636485099792 24.7681741714478 24.8316159248352 24.8519492149353 24.8342499732971 24.8543119430542 24.8366274833679 24.8244671821594 24.8036427497864 24.8398184776306 24.9280257225037 25.0200128555298 25.0073561668396
23.2492122650146 23.2401328086853 23.2233815193176 23.2611556053162 23.3097467422485 23.321852684021 23.31405210495 23.388240814209 23.4856777191162 23.5858821868896 23.6649594306946 23.6778631210327 23.6613440513611 23.5846600532532 23.5782613754272 23.677857875824 23.7829990386963 23.7899737358093 23.8340911865234 23.8924288749695 24.014413356781 24.0965948104858 24.0891189575195 24.0662288665771 24.1548500061035 24.2249159812927 24.3023219108582 24.3453392982483 24.3388433456421 24.2788090705872 24.2896251678467 24.4044160842896 24.4993371963501 24.5698237419128 24.6218800544739 24.6382255554199 24.6540350914001 24.7151083946228 24.7031712532043 24.6581892967224 24.6664257049561 24.6699199676514 24.6497693061829 24.6496224403381 24.6972465515137 24.7415838241577 24.7900624275208 24.8057413101196 24.8977108001709 24.9258975982666
23.2200183868408 23.2692685127258 23.3157520294189 23.3417873382568 23.383056640625 23.4176745414734 23.4305005073547 23.5179352760315 23.6191024780273 23.6520109176636 23.6131072044373 23.5253729820251 23.5279626846313 23.5496921539307 23.573965549469 23.6956653594971 23.7993860244751 23.8885750770569 23.951003074646 23.9655699729919 23.947527885437 23.9989500045776 24.0642652511597 24.1363077163696 24.1482844352722 24.1258096694946 24.1483540534973 24.1983523368835 24.1881628036499 24.1844305992126 24.2499709129333 24.2835493087769 24.3509120941162 24.390079498291 24.3905019760132 24.4130973815918 24.4446845054626 24.4660468101501 24.5041131973267 24.5152397155762 24.6172480583191 24.663743019104 24.6549897193909 24.6794877052307 24.7326631546021 24.7757267951965 24.7784323692322 24.7980804443359 24.8339767456055 24.8300776481628
