data/spatiotemp/temp2/bio3_norsw_test_2007_2010.asc
NCOLS 654 
NROWS 380 
XLLCORNER 3.91666666666667 
YLLCORNER 55.3333333333333 
CELLSIZE 0.0416666666666667 
NODATA_value -9999 
[rows 308 to 329 of 380, columns 550 to 599 of 654]
23.6169810295105 23.514434337616 23.4950742721558 23.6001181602478 23.6148819923401 23.4528684616089 23.3345675468445 23.227114200592 23.2798047065735 23.103488445282 22.8780741691589 22.6790256500244 22.5170698165894 21.8490881919861 20.776623249054 20.2865228652954 20.5273365974426 21.3238296508789 21.3778290748596 21.2487740516663 21.6682205200195 21.9166016578674 21.9269375801086 21.983763217926 22.0801763534546 22.1463465690613 22.1534562110901 22.1749634742737 22.2029151916504 22.153196811676 22.0538792610168 22.032338142395 22.1053066253662 22.1400566101074 22.2106618881226 22.172426700592 22.2290349006653 22.2502317428589 22.2658314704895 22.224277973175 22.1509194374084 22.113109588623 22.037962436676 21.9345574378967 21.8838925361633 21.9802536964417 21.9736356735229 21.8751659393311 21.7846999168396 21.7314119338989
23.5567679405212 23.497106552124 23.4670672416687 23.5868511199951 23.676206111908 23.5161666870117 23.3626556396484 23.2164368629456 23.1694002151489 23.0745601654053 22.8941679000854 22.7098522186279 22.552948474884 22.1308965682983 21.2708582878113 20.5687475204468 20.9582414627075 22.132782459259 22.4144492149353 22.3776512145996 22.2562594413757 22.2394480705261 22.2380843162537 22.3068342208862 22.3533205986023 22.3011913299561 22.1750621795654 22.1301565170288 22.1475834846497 22.0699005126953 22.0816555023193 22.0732488632202 22.0696105957031 22.1449403762817 22.1692805290222 22.1694555282593 22.1609077453613 22.1820297241211 22.2538323402405 22.2094993591309 22.1551556587219 22.0887908935547 22.0265216827393 21.9638538360596 21.9416327476501 21.91459608078 21.8777384757996 21.7768359184265 21.6949048042297 21.6571469306946
23.666045665741 23.5849347114563 23.5002317428589 23.5271596908569 23.559389591217 23.4632844924927 23.4263195991516 23.2628211975098 23.2530527114868 23.1574201583862 23.0329608917236 22.9024562835693 22.8548202514648 22.6489934921265 22.0093278884888 21.1677541732788 21.1597943305969 21.7758798599243 22.0615925788879 22.5722637176514 22.5527248382568 22.3977003097534 22.2686023712158 22.277382850647 22.4108800888062 22.3919229507446 22.2899394035339 22.224271774292 22.1861910820007 22.1187310218811 22.097827911377 22.0970630645752 22.1120014190674 22.1297831535339 22.1453461647034 22.1210966110229 22.1482219696045 22.2176494598389 22.2572011947632 22.18829870224 22.2033047676086 22.1970944404602 22.1399173736572 22.0452442169189 21.9643406867981 21.9184970855713 21.8820872306824 21.7798361778259 21.7200527191162 21.6776833534241
23.5834646224976 23.5495972633362 23.5558376312256 23.531195640564 23.4951004981995 23.5241856575012 23.4368867874146 23.2334699630737 23.2645869255066 23.2244820594788 23.2024273872375 23.1146368980408 22.990261554718 22.8065710067749 22.3935933113098 21.4706296920776 20.5711288452148 20.4616341590881 21.0559797286987 22.252779006958 22.4180870056152 22.2080430984497 21.8647799491882 21.7450742721558 21.9530897140503 22.0172209739685 22.0443139076233 22.1692614555359 22.221127986908 22.2557435035706 22.2206707000732 22.2253227233887 22.3373546600342 22.3576941490173 22.3210391998291 22.1766657829285 22.1854314804077 22.1929078102112 22.203959941864 22.1944780349731 22.1828846931458 22.1943292617798 22.1653380393982 22.0836687088013 21.962429523468 21.8991694450378 21.8791780471802 21.8499274253845 21.758095741272 21.7583637237549
23.4740633964539 23.5385384559631 23.5401058197021 23.3570365905762 23.2585525512695 23.2832865715027 23.3244500160217 23.1864714622498 23.1909575462341 23.2140769958496 23.2445249557495 23.242910861969 23.1113481521606 22.9779076576233 22.824770450592 22.2691764831543 21.1383924484253 20.3650579452515 20.7130737304688 21.4190859794617 21.1317992210388 20.5459852218628 20.2665705680847 20.2299065589905 20.4481134414673 20.4946103096008 20.7938923835754 21.4979920387268 21.9711465835571 22.209038734436 22.3182392120361 22.4293675422668 22.5335907936096 22.403480052948 22.4943628311157 22.3950853347778 22.2522029876709 22.2199463844299 22.194908618927 22.1668429374695 22.1832418441772 22.240002155304 22.195038318634 22.0442538261414 21.9452934265137 21.9451971054077 21.9743213653564 21.9299163818359 21.8923506736755 21.8491225242615
23.448380947113 23.4389600753784 23.3466181755066 23.2167444229126 23.2153115272522 23.2516016960144 23.3538284301758 23.2744979858398 23.189332485199 23.2231736183167 23.1937217712402 23.1010451316833 22.9628238677979 22.8113551139832 22.7477622032166 22.5260801315308 21.8834676742554 20.9074807167053 20.441424369812 20.3365211486816 20.1137280464172 19.9243674278259 19.8738894462585 19.8727779388428 19.8928971290588 19.9296464920044 20.0303792953491 20.3410973548889 21.0613083839417 21.925012588501 22.2208218574524 22.3554263114929 22.4821619987488 22.3067221641541 22.2673420906067 22.2957754135132 22.3541035652161 22.3662419319153 22.2517590522766 22.169144153595 22.2655353546143 22.3357157707214 22.2032618522644 22.1033864021301 22.0490140914917 22.0212211608887 21.9992938041687 21.9691534042358 22.0249009132385 21.996425151825
23.4695248603821 23.4094839096069 23.3451495170593 23.3034925460815 23.301013469696 23.3594889640808 23.3558940887451 23.3097820281982 23.2478184700012 23.176079750061 23.0897531509399 23.0287446975708 22.9142231941223 22.8400053977966 22.8394756317139 22.775194644928 22.5812292098999 22.1167540550232 21.3690919876099 20.937647819519 20.4024376869202 20.0551147460938 19.9487957954407 19.9240140914917 19.9062461853027 19.9114027023315 19.9073243141174 19.9253988265991 20.2200675010681 21.0456309318542 21.9640865325928 22.3089346885681 22.3623523712158 22.2387280464172 22.2675161361694 22.4355912208557 22.5490198135376 22.5037789344788 22.4443101882935 22.3216090202332 22.2855925559998 22.4085826873779 22.3977389335632 22.3063554763794 22.246639251709 22.1999950408936 22.1624903678894 22.084921836853 22.0338935852051 21.9226684570312
23.4040069580078 23.4163370132446 23.4295315742493 23.4437117576599 23.4338998794556 23.4090313911438 23.3708939552307 23.241069316864 23.1441230773926 23.1572036743164 23.1151423454285 23.0128650665283 22.9634943008423 22.8793296813965 22.8959755897522 22.9000587463379 22.837052822113 22.4545917510986 21.7456035614014 21.5121383666992 21.391863822937 21.3082160949707 20.6779255867004 20.1474323272705 19.9630565643311 19.9229378700256 19.9156546592712 19.9680647850037 20.0243306159973 20.4186825752258 21.2909417152405 22.1218400001526 22.4296216964722 22.4920563697815 22.6477560997009 22.7097191810608 22.6523241996765 22.4778528213501 22.4157309532166 22.4216184616089 22.4861178398132 22.5427722930908 22.5700798034668 22.5330204963684 22.4930429458618 22.5508008003235 22.5296630859375 22.3105216026306 22.2057704925537 22.1067972183228
23.5185551643372 23.5418276786804 23.5399236679077 23.5311875343323 23.5124096870422 23.4381403923035 23.3269138336182 23.2334351539612 23.1945071220398 23.1762971878052 23.1115608215332 23.0070972442627 23.0060710906982 22.9500360488892 22.9345808029175 23.0220603942871 22.9883480072021 22.6287198066711 22.2499170303345 22.2318663597107 22.3595595359802 22.5055961608887 22.1967425346375 21.2840352058411 20.4886884689331 20.1184487342834 19.9936423301697 19.982729434967 20.0050473213196 20.0704832077026 20.4499583244324 21.3587875366211 22.4252800941467 22.7397470474243 22.7733359336853 22.5967888832092 22.4127230644226 22.3897867202759 22.4069547653198 22.5437030792236 22.6638913154602 22.697557926178 22.6336860656738 22.5244536399841 22.504159450531 22.5939083099365 22.5277218818665 22.4115753173828 22.3226671218872 22.2563424110413
23.6959376335144 23.7259039878845 23.7621774673462 23.6720414161682 23.6034617424011 23.490583896637 23.3534865379333 23.2822751998901 23.2828922271729 23.2711791992188 23.2259974479675 23.1345887184143 23.0145082473755 22.9461469650269 22.9564867019653 23.0330839157104 23.0183086395264 22.8286638259888 22.6367988586426 22.5860247612 22.5942449569702 22.7019491195679 22.7799110412598 22.3539209365845 21.6187496185303 20.8505091667175 20.1951928138733 19.9596557617188 19.9557638168335 19.9972381591797 20.1150059700012 20.943088054657 22.3735957145691 22.8220582008362 22.7319293022156 22.5406150817871 22.501335144043 22.4968070983887 22.5575814247131 22.7305245399475 22.7460770606995 22.604766368866 22.5337796211243 22.4658341407776 22.4175877571106 22.4683704376221 22.4203224182129 22.2973766326904 22.2640171051025 22.2402925491333
23.6686654090881 23.6009392738342 23.6577262878418 23.7187957763672 23.7380557060242 23.6363625526428 23.6338076591492 23.607470035553 23.5006079673767 23.3938703536987 23.3472437858582 23.3214750289917 23.193817615509 23.0231099128723 22.959819316864 22.9352540969849 22.9094161987305 22.912486076355 22.8355741500854 22.6684365272522 22.6343426704407 22.5980787277222 22.6218967437744 22.5816311836243 22.3681983947754 21.8779458999634 21.0870790481567 20.6580839157104 20.8134016990662 20.9650149345398 21.1926760673523 21.6671314239502 22.4504132270813 22.6847543716431 22.6632919311523 22.715268611908 22.830427646637 22.834780216217 22.7230310440063 22.6845870018005 22.6354289054871 22.5569372177124 22.4980001449585 22.4478678703308 22.4511313438416 22.4987363815308 22.4784750938416 22.5288219451904 22.5489587783813 22.5145077705383
23.5509786605835 23.4070467948914 23.4390721321106 23.5407209396362 23.6329407691956 23.6539506912231 23.7154860496521 23.6623249053955 23.5198826789856 23.42120885849 23.3442873954773 23.2866802215576 23.2224531173706 23.103702545166 22.9954876899719 22.913049697876 22.8868160247803 22.8782062530518 22.8775925636292 22.7361636161804 22.6251621246338 22.529655456543 22.4547843933105 22.4287128448486 22.4423370361328 22.4045786857605 22.1551070213318 22.0873756408691 22.3115167617798 22.4671912193298 22.6029906272888 22.6325030326843 22.7197594642639 22.726348400116 22.6645855903625 22.6693391799927 22.7962698936462 22.9090542793274 22.7673463821411 22.5710911750793 22.5174965858459 22.5303430557251 22.5334000587463 22.5718431472778 22.7733693122864 22.8712501525879 22.8976402282715 22.9713382720947 22.9133710861206 22.8641042709351
23.5490779876709 23.5053868293762 23.4265155792236 23.3705034255981 23.3477435112 23.3413453102112 23.3283548355103 23.3024072647095 23.2511711120605 23.2227363586426 23.1520004272461 23.0131931304932 22.9834365844727 22.9942164421082 23.0008583068848 22.9951639175415 22.9639658927917 22.8225121498108 22.8650302886963 22.696542263031 22.5565271377563 22.4826712608337 22.4209251403809 22.4547367095947 22.4314117431641 22.4356489181519 22.6807589530945 22.945698261261 23.081328868866 23.1281695365906 23.0803084373474 23.0120582580566 22.9915995597839 22.9210472106934 22.7190284729004 22.5754728317261 22.5861196517944 22.7333765029907 22.7719750404358 22.6824679374695 22.5340447425842 22.5256028175354 22.6560835838318 22.9142198562622 23.1386160850525 23.2674932479858 23.3315281867981 23.2767333984375 23.1388821601868 23.0789995193481
23.4955587387085 23.4701824188232 23.4212565422058 23.2839298248291 23.0806479454041 22.8663296699524 22.8036556243896 22.882960319519 22.885913848877 22.8430514335632 22.8302984237671 22.8373990058899 22.8321413993835 22.8052816390991 22.8760251998901 22.9195022583008 22.8653240203857 22.843777179718 22.8628959655762 22.7495098114014 22.6203594207764 22.4734210968018 22.4327611923218 22.4939231872559 22.5725326538086 22.6926665306091 22.8954195976257 23.0378823280334 23.1100754737854 23.1293058395386 23.0177335739136 22.9942874908447 23.0224838256836 22.8756041526794 22.766589641571 22.6205253601074 22.5720081329346 22.7310333251953 22.884503364563 22.8218278884888 22.6498889923096 22.6457085609436 22.8725786209106 23.0734605789185 23.0950245857239 23.1220955848694 23.3096408843994 23.406994342804 23.3106942176819 23.1940131187439
23.3874249458313 23.3572869300842 23.2617359161377 22.997971534729 22.7027974128723 22.5462484359741 22.5351119041443 22.6801381111145 22.837827205658 22.8163542747498 22.7850985527039 22.7406024932861 22.6987571716309 22.6499543190002 22.7002696990967 22.6546974182129 22.678542137146 22.7931666374207 22.7910208702087 22.7208800315857 22.6475901603699 22.4780082702637 22.4051461219788 22.5400605201721 22.7522721290588 22.9151206016541 23.1047582626343 23.1947870254517 23.2055525779724 23.0379195213318 22.8216896057129 22.7934398651123 22.8353471755981 22.7181849479675 22.714337348938 22.521369934082 22.5767450332642 22.7795758247375 22.8876023292542 22.8738918304443 22.8302006721497 22.7777409553528 22.7985515594482 22.8278155326843 22.8083214759827 22.9167456626892 23.0714263916016 23.1379256248474 23.1406450271606 23.1041779518127
23.3362798690796 23.3483099937439 23.1636099815369 22.8686985969543 22.6412119865417 22.5450339317322 22.5142016410828 22.5920219421387 22.6003069877625 22.5473222732544 22.4842715263367 22.4607410430908 22.3895301818848 22.4587059020996 22.6066794395447 22.5045518875122 22.5742406845093 22.7394428253174 22.7176876068115 22.6624269485474 22.669246673584 22.5757422447205 22.2658586502075 22.2166156768799 22.5723452568054 22.9772229194641 23.1752991676331 23.2631039619446 23.1303458213806 22.8416509628296 22.5182266235352 22.3902835845947 22.4155554771423 22.425003528595 22.6128044128418 22.68825340271 22.7764353752136 22.9479055404663 23.0075168609619 23.0136003494263 22.9097714424133 22.8319406509399 22.8483171463013 22.9213337898254 22.9603910446167 22.9676561355591 22.9784474372864 22.985550403595 23.0711627006531 23.0310940742493
23.3960332870483 23.3520259857178 23.1424083709717 22.8820204734802 22.6893424987793 22.5480484962463 22.5023889541626 22.5498061180115 22.5232057571411 22.4503717422485 22.4692063331604 22.4804701805115 22.4265365600586 22.4208879470825 22.4759726524353 22.4846186637878 22.5365233421326 22.6807489395142 22.57190990448 22.4864025115967 22.5455756187439 22.5826706886292 22.2550992965698 22.0344262123108 22.389660358429 22.9209923744202 23.1742877960205 23.2120890617371 23.1038737297058 22.8557801246643 22.5983185768127 22.4998073577881 22.4883809089661 22.5697712898254 22.8373312950134 22.9290361404419 22.9523153305054 23.0523505210876 23.0647969245911 23.0372014045715 23.0930938720703 23.1441311836243 23.0882687568665 23.0232348442078 22.9439525604248 22.8820271492004 22.9516773223877 22.989417552948 23.0280518531799 22.9936757087708
23.1668453216553 23.0271897315979 22.8906126022339 22.7561531066895 22.6141490936279 22.4919929504395 22.488214969635 22.4768862724304 22.4237380027771 22.3502674102783 22.3661975860596 22.4403305053711 22.3274626731873 22.2447061538696 22.3978958129883 22.5510330200195 22.659191608429 22.6716804504395 22.496328830719 22.4263815879822 22.4056797027588 22.2356705665588 22.0848703384399 21.9631147384644 22.3295435905457 22.8244762420654 23.0415363311768 23.0710282325745 23.1374640464783 23.0913662910461 22.9231934547424 22.8282642364502 22.5119204521179 22.4726271629333 22.7136936187744 22.9362015724182 22.9620952606201 22.9220900535583 23.0842051506042 23.2631731033325 23.1791152954102 23.0449833869934 22.9833636283875 22.94997215271 22.8852052688599 22.8267087936401 22.706437587738 22.7353329658508 22.7429423332214 22.8320136070251
22.9942517280579 22.8173756599426 22.6667022705078 22.6572394371033 22.5996203422546 22.5047173500061 22.4451589584351 22.445791721344 22.4251294136047 22.4006433486938 22.4142374992371 22.4037852287292 22.377818107605 22.4131379127502 22.5564875602722 22.6617889404297 22.6730580329895 22.6010174751282 22.38880443573 22.3519153594971 22.2852897644043 22.1916170120239 22.0823459625244 22.0522255897522 22.3338646888733 22.7436056137085 22.9872932434082 23.077908039093 23.2267422676086 23.18403673172 23.0495467185974 22.8890690803528 22.4914011955261 22.4424996376038 22.6891031265259 22.8991203308105 22.9403796195984 22.9836368560791 23.1680216789246 23.2898273468018 23.1383457183838 22.9755787849426 22.9652872085571 22.9028949737549 22.7446503639221 22.6794028282166 22.7010326385498 22.8787479400635 22.9049530029297 22.9601736068726
23.0922079086304 22.9296274185181 22.7526392936707 22.6994962692261 22.6950397491455 22.5282526016235 22.3995327949524 22.3646392822266 22.5349044799805 22.5790638923645 22.4988684654236 22.3872451782227 22.4189949035645 22.5602560043335 22.7319378852844 22.7944288253784 22.7283039093018 22.6970157623291 22.539402961731 22.3671174049377 22.2233572006226 22.1794171333313 22.2213525772095 22.173210144043 22.3373408317566 22.6644325256348 22.9887933731079 23.1134128570557 22.995463848114 22.7097725868225 22.4858093261719 22.4184021949768 22.3914265632629 22.4290533065796 22.7233037948608 23.0235137939453 23.1569275856018 23.2161922454834 23.2359023094177 23.148205280304 22.991527557373 22.847062587738 22.9291830062866 23.0731558799744 22.9296822547913 22.7685656547546 22.7456526756287 22.7940821647644 22.8184633255005 22.8378682136536
23.0237436294556 22.9070072174072 22.8039507865906 22.7280826568604 22.5386838912964 22.1612076759338 21.945604801178 22.2305297851562 22.5515084266663 22.5900344848633 22.528754234314 22.4315028190613 22.370922088623 22.4796633720398 22.6850900650024 22.7370615005493 22.6766595840454 22.656316280365 22.5650544166565 22.3805432319641 22.1702499389648 22.1587452888489 22.2966809272766 22.2462525367737 22.3736839294434 22.5919456481934 22.9585337638855 23.1795983314514 22.9898152351379 22.585563659668 22.1567478179932 22.289785861969 22.6720476150513 22.8031582832336 22.9472990036011 23.1182351112366 23.2346687316895 23.3037567138672 23.2037982940674 23.0343561172485 22.8483748435974 22.6686134338379 22.7248301506042 22.9496054649353 22.9002075195312 22.791482925415 22.6094641685486 22.6842203140259 22.7364683151245 22.7113347053528
22.8341484069824 22.7427673339844 22.662269115448 22.539379119873 22.1895933151245 21.5728335380554 21.4783840179443 22.2121558189392 22.6336522102356 22.6466603279114 22.5514793395996 22.3782911300659 22.2568182945251 22.3234567642212 22.4630236625671 22.50590467453 22.5793070793152 22.5675354003906 22.4280767440796 22.2601561546326 22.1405181884766 22.1591548919678 22.2884135246277 22.4793586730957 22.678503036499 22.7042570114136 22.9009013175964 23.1737031936646 23.097770690918 22.9919872283936 22.8250198364258 22.7600646018982 22.9176526069641 23.0782194137573 23.0538578033447 23.1287660598755 23.0969171524048 23.1141738891602 22.9295620918274 22.6917123794556 22.6949172019958 22.7646026611328 22.7027025222778 22.6772909164429 22.6800632476807 22.6439323425293 22.6057105064392 22.6593952178955 22.5287189483643 22.4709935188293
