data/spatiotemp/temp2/bio3_norsw_test_2007_2010.asc
NCOLS 654 
NROWS 380 
XLLCORNER 3.91666666666667 
YLLCORNER 55.3333333333333 
CELLSIZE 0.0416666666666667 
NODATA_value -9999 
[rows 66 to 87 of 380, columns 300 to 349 of 654]
21.1296844482422 21.0143055915833 21.2085580825806 21.3259172439575 21.250636100769 21.0759539604187 20.7859797477722 20.980122089386 21.088399887085 20.9336199760437 21.1036591529846 21.4211287498474 -9999 -9999 -9999 21.7663207054138 21.8069343566895 21.7744860649109 21.975462436676 22.2086372375488 22.1480989456177 22.1082644462585 21.9558563232422 21.9711685180664 21.9224896430969 21.8239903450012 21.6444745063782 21.5875468254089 21.6623725891113 21.6432018280029 21.6652784347534 21.7220101356506 21.7903561592102 21.7385363578796 21.7009053230286 21.8354253768921 22.0456881523132 22.174994468689 22.0011925697327 21.8488917350769 21.7884192466736 21.6196780204773 21.7200865745544 21.529983997345 21.5942378044128 21.8557901382446 21.8633518218994 21.925847530365 21.9901161193848 22.1117415428162
20.8494658470154 20.7441210746765 20.9382276535034 21.005383014679 20.8046894073486 20.6379370689392 20.6117572784424 20.719850063324 20.8403005599976 21.0074849128723 21.1935181617737 21.2880129814148 21.1559352874756 21.3565378189087 21.5785751342773 21.1818904876709 21.0512886047363 21.1653542518616 21.4302282333374 21.9858846664429 22.1225666999817 21.4710559844971 21.1224851608276 21.3070559501648 21.4906373023987 21.6593379974365 21.6484565734863 21.8683409690857 22.1996502876282 21.8059945106506 21.6069946289062 21.4740238189697 21.1400451660156 21.102313041687 21.4238696098328 21.4095630645752 21.6764297485352 21.9377789497375 21.712477684021 21.5855550765991 21.7187490463257 21.6198930740356 21.5614495277405 21.6283440589905 21.8612246513367 21.9335579872131 22.100471496582 22.2157826423645 22.283627986908 22.4886069297791
21.3283920288086 20.9992289543152 20.9767374992371 20.9434456825256 20.8495335578918 20.8134908676147 20.7793292999268 20.8049483299255 20.850085735321 20.8929133415222 20.8859786987305 20.7450709342957 20.6520748138428 20.9692010879517 21.5376420021057 21.3001761436462 21.0074048042297 20.9008917808533 21.1104440689087 21.766836643219 22.4888300895691 22.2017931938171 21.8241662979126 21.2409262657166 20.9288749694824 20.9493222236633 21.0237641334534 21.2757277488708 21.8615303039551 21.8486676216125 21.1605062484741 21.092031955719 21.0998754501343 21.2112612724304 21.3793592453003 21.303120136261 21.3170609474182 21.5282831192017 21.4700798988342 21.4929823875427 21.6802220344543 21.6131319999695 21.5370097160339 21.6792130470276 21.8280844688416 21.982542514801 22.077075958252 22.1427001953125 22.2068419456482 22.314425945282
21.5274500846863 21.2207078933716 20.9517784118652 20.9694795608521 21.0954337120056 21.3108248710632 21.1883540153503 20.9995250701904 20.8634343147278 20.8694448471069 20.8579072952271 20.7770919799805 20.6681437492371 20.7433066368103 21.1362257003784 20.9391241073608 20.7961401939392 20.9179677963257 21.0214896202087 21.2749724388123 21.7978525161743 22.2982172966003 22.7905058860779 22.1112661361694 21.6083669662476 21.3595051765442 21.3101272583008 21.167366027832 21.2438626289368 21.3461546897888 21.1331524848938 21.0405349731445 21.1763753890991 21.3818302154541 21.4368925094604 21.3027234077454 21.3550810813904 21.4768862724304 21.3303771018982 21.4044580459595 21.5749483108521 21.6713066101074 21.7466111183167 21.8288402557373 21.8741202354431 21.9778943061829 22.134829044342 22.3249955177307 22.4723896980286 22.5360593795776
21.6468029022217 21.4687743186951 20.9922723770142 20.9245519638062 21.2521505355835 21.3462038040161 21.2905931472778 21.1939930915833 21.0238828659058 20.9502053260803 20.8715467453003 20.880931854248 20.9210810661316 20.7565450668335 20.6241164207458 20.6382460594177 20.6191911697388 20.6369347572327 20.7294039726257 20.7727470397949 21.1816115379333 22.0137205123901 22.3455853462219 22.1261210441589 22.2474308013916 22.0901002883911 21.7407927513123 21.3507633209229 21.1763105392456 21.0108699798584 20.9824414253235 21.0135464668274 21.2231526374817 21.2428636550903 21.2568564414978 21.3164882659912 21.4538850784302 21.5115928649902 21.5834665298462 21.6009011268616 21.6040420532227 21.7071528434753 21.818332195282 21.906982421875 21.9934496879578 22.1606259346008 22.3305277824402 22.4405660629272 22.5981283187866 22.658194065094
22.0017561912537 21.5881767272949 21.4744963645935 21.2069272994995 21.1315455436707 20.9209394454956 21.1806864738464 21.1572470664978 21.1134839057922 21.0339951515198 20.9624710083008 20.8945417404175 20.8699312210083 20.756646156311 20.7062439918518 20.6125736236572 20.5069150924683 20.5500650405884 20.7344198226929 20.7757420539856 20.9904918670654 21.7027277946472 21.5241866111755 21.269947052002 21.2075295448303 21.2778568267822 21.9226140975952 22.1389813423157 21.5687170028687 21.2192425727844 21.1527996063232 21.2146048545837 21.3850541114807 21.5260496139526 21.6399455070496 21.5682301521301 21.5371441841125 21.5817394256592 21.7340140342712 21.7964882850647 21.6715154647827 21.6351027488708 21.6809206008911 21.7023873329163 21.8018779754639 21.8879466056824 22.0217804908752 22.2411112785339 22.4604959487915 22.5954346656799
21.7841691970825 21.4532370567322 21.4221911430359 21.2003664970398 20.8969011306763 20.9763507843018 20.9873194694519 21.0920767784119 20.9203624725342 21.0096840858459 20.9034962654114 20.791464805603 20.8697142601013 20.782534122467 20.5885243415833 20.4594783782959 20.3793158531189 20.3933663368225 20.4151926040649 20.4628129005432 20.6353511810303 20.7648210525513 20.9109082221985 20.6340909004211 20.7787008285522 20.9567699432373 21.4257216453552 21.6789855957031 21.439483165741 21.2430291175842 21.0612640380859 21.0022578239441 21.1681346893311 21.2020959854126 21.3546576499939 21.2612137794495 21.2746939659119 21.4135489463806 21.6048784255981 21.5562896728516 21.513409614563 21.5276279449463 21.6934533119202 21.7157917022705 21.7945709228516 21.8990712165833 22.1233611106873 22.2919969558716 22.3910965919495 22.5110740661621
21.9048018455505 21.5741925239563 21.7225604057312 21.8366184234619 21.4111166000366 21.5665354728699 21.4688935279846 21.4399752616882 21.1993045806885 21.0494627952576 20.9377264976501 20.9584393501282 21.0264587402344 20.9141402244568 20.7693238258362 20.6633677482605 20.5424647331238 20.4725279808044 20.6045088768005 20.6098771095276 20.6062059402466 20.7772469520569 20.7870144844055 20.6652088165283 20.6618576049805 20.7970662117004 20.7239713668823 20.9610176086426 21.0539050102234 21.0065236091614 21.0933451652527 21.1158680915833 21.0611753463745 21.125955581665 21.2192811965942 21.2805495262146 21.2308611869812 21.1589818000793 21.3922305107117 21.4354853630066 21.434362411499 21.5389738082886 21.6156163215637 21.7006278038025 21.8069105148315 21.8942537307739 21.9741191864014 22.0621562004089 22.1185703277588 22.4182686805725
21.7479481697083 21.1516547203064 21.038957118988 21.0828614234924 21.307713508606 21.5974836349487 21.47367811203 21.2573728561401 21.0349917411804 20.8910918235779 20.8612451553345 21.0235981941223 21.1517300605774 20.8370747566223 20.6669678688049 20.6940789222717 20.7752332687378 20.7343726158142 20.7819352149963 20.8398241996765 20.8472418785095 20.9020924568176 20.7259340286255 20.8047676086426 20.9141592979431 20.782525062561 20.6926612854004 20.5886454582214 20.6066331863403 20.748601436615 20.9150595664978 20.8934321403503 20.9466934204102 21.0046792030334 21.0134825706482 21.0764994621277 21.2317519187927 21.2554965019226 21.3149466514587 21.4096240997314 21.3685612678528 21.3756756782532 21.4545979499817 21.5319275856018 21.5889701843262 21.564121723175 21.7596464157104 21.9875473976135 22.0233583450317 22.4413599967957
22.633590221405 22.2072548866272 21.612672328949 21.1431231498718 20.9900984764099 20.8761019706726 20.7897982597351 20.6430716514587 20.6245231628418 20.868812084198 21.0785112380981 21.2063760757446 21.1576476097107 20.7735738754272 20.5745606422424 20.8639874458313 20.8575296401978 20.8821396827698 20.8422179222107 20.6862874031067 20.5862169265747 20.6107702255249 20.822108745575 21.0263519287109 21.0639429092407 21.0451436042786 21.0792708396912 20.9028186798096 20.7548851966858 20.7515716552734 20.9083805084229 20.9332947731018 20.9543776512146 21.0964593887329 21.0689978599548 20.9838714599609 20.9840607643127 20.9875431060791 20.9948754310608 21.0618286132812 21.1497082710266 21.2619400024414 21.4259467124939 21.5927567481995 21.5835194587708 21.7325057983398 22.0463829040527 22.1144251823425 22.1402897834778 22.2564067840576
22.3703298568726 22.4150042533875 22.0748615264893 21.6658182144165 21.055272102356 20.6971154212952 20.5876832008362 20.5679125785828 20.6592860221863 20.8333649635315 20.9740390777588 21.0292234420776 21.0284895896912 20.7473611831665 20.7590532302856 20.8397636413574 20.8340406417847 20.7121953964233 20.6910991668701 20.7808322906494 20.7996082305908 20.8595237731934 20.8581023216248 20.8625292778015 20.863124370575 20.9998726844788 21.2129483222961 21.2349710464478 21.0415410995483 20.8534836769104 20.7957601547241 20.8232312202454 20.8722410202026 20.8899369239807 20.9652714729309 20.9927768707275 20.9786639213562 20.9808387756348 20.989896774292 21.0616989135742 21.1709060668945 21.4155950546265 21.6701431274414 21.730103969574 21.8042712211609 21.8668427467346 21.8334589004517 21.8644957542419 22.1417737007141 22.3145136833191
22.4818377494812 22.1584596633911 21.6235060691833 21.1855711936951 21.0994815826416 20.7780394554138 20.6479659080505 20.5660252571106 20.5129294395447 20.5949192047119 20.6810145378113 20.7219767570496 20.8721923828125 20.7891750335693 20.6736464500427 20.6165995597839 20.6210265159607 20.6865091323853 20.6795926094055 20.6897320747375 20.7578349113464 20.8214612007141 20.8009419441223 20.7671828269958 20.8108072280884 21.000449180603 21.1753649711609 21.3397421836853 21.3640432357788 21.1177868843079 20.8616304397583 20.8089575767517 20.8597965240479 20.8702521324158 20.9038515090942 20.9463081359863 20.9901180267334 21.0264315605164 21.129741191864 21.1710214614868 21.2400074005127 21.3788409233093 21.748083114624 21.819146156311 21.9302430152893 21.9333343505859 21.7948603630066 21.8954553604126 22.1297025680542 22.2070360183716
21.5279498100281 21.5679483413696 21.6566276550293 21.2138276100159 20.8849406242371 20.6261510848999 20.6141304969788 20.5528998374939 20.5422358512878 20.6525092124939 20.7298617362976 20.7654900550842 20.8196873664856 20.8172492980957 20.7741560935974 20.7240624427795 20.8536491394043 20.9546594619751 20.944522857666 20.9639563560486 20.950270652771 20.9003882408142 20.9249501228333 20.9293231964111 20.8465423583984 20.8455867767334 21.0251626968384 21.3338584899902 21.5360918045044 21.4508690834045 21.300977230072 21.1899952888489 21.1213116645813 21.0817523002625 21.0456428527832 21.0203657150269 21.0347003936768 21.0966506004333 21.1766004562378 21.2523908615112 21.3592743873596 21.5476384162903 21.7397923469543 21.8978066444397 22.0179533958435 21.9979104995728 22.018162727356 22.0264749526978 22.1137142181396 22.2612652778625
22.4053988456726 22.1035842895508 21.745258808136 21.2186970710754 20.8553609848022 20.7612619400024 20.6402058601379 20.6847200393677 20.7177181243896 20.7586727142334 20.8038940429688 20.912486076355 21.0311040878296 21.0615520477295 21.0086131095886 21.030143737793 21.1844630241394 21.225558757782 21.288715839386 21.336106300354 21.2426810264587 21.2628388404846 21.2705302238464 21.2424030303955 21.2610144615173 21.1681308746338 21.0309376716614 21.1066040992737 21.3922338485718 21.5167503356934 21.4974126815796 21.3621225357056 21.1820216178894 21.0975642204285 21.1051917076111 21.1550579071045 21.2040033340454 21.2400250434875 21.3077673912048 21.412878036499 21.485857963562 21.5311136245728 21.6483502388 21.7167921066284 21.8436365127563 21.9612755775452 22.1152577400208 22.1463241577148 22.2086696624756 22.4034209251404
22.0680632591248 22.3843650817871 22.1388740539551 21.7088141441345 21.2620644569397 21.0489840507507 21.067325592041 21.2082123756409 21.3023419380188 21.2876038551331 21.268949508667 21.3244996070862 21.3994040489197 21.3576831817627 21.3325114250183 21.399040222168 21.4325919151306 21.48211145401 21.4794659614563 21.44886302948 21.4004011154175 21.2364640235901 21.1896166801453 21.2174735069275 21.2821135520935 21.355833530426 21.4327383041382 21.4437580108643 21.4289236068726 21.4812860488892 21.4412770271301 21.384904384613 21.2064990997314 21.0545887947083 21.0729246139526 21.2073173522949 21.3971247673035 21.3842263221741 21.407377243042 21.5222811698914 21.5670356750488 21.458291053772 21.4915919303894 21.669379234314 21.7699089050293 21.9576740264893 22.1495833396912 22.2638173103333 22.4009857177734 22.4659090042114
21.5985417366028 21.8051772117615 21.7681555747986 21.5434265136719 21.1568775177002 20.9002256393433 20.9705820083618 21.1217436790466 20.8940420150757 20.8381810188293 20.9428629875183 21.0366587638855 21.2246522903442 21.3483214378357 21.5052814483643 21.5642166137695 21.553870677948 21.6216468811035 21.6641092300415 21.6880583763123 21.6844429969788 21.5955924987793 21.4745850563049 21.3698310852051 21.4925789833069 21.6321840286255 21.6285228729248 21.6232376098633 21.5197315216064 21.4384727478027 21.5671973228455 21.6736607551575 21.5869493484497 21.4052672386169 21.3220767974854 21.4684348106384 21.5749092102051 21.5120549201965 21.4705481529236 21.5471363067627 21.5463089942932 21.5387659072876 21.6264977455139 21.7400560379028 21.6667461395264 21.8734283447266 21.985200881958 22.1050701141357 22.2469706535339 22.408118724823
21.3810706138611 21.4566192626953 21.3779211044312 21.0880131721497 21.0859308242798 21.0087761878967 20.9715447425842 20.9873924255371 21.0710468292236 21.1030592918396 21.1184239387512 21.1858830451965 21.281192779541 21.2276916503906 21.0575098991394 21.2082343101501 21.4514851570129 21.6722364425659 21.8329658508301 21.8624119758606 21.8737530708313 21.9535183906555 22.0218148231506 21.979483127594 21.9721536636353 21.9705023765564 21.8326964378357 21.6808700561523 21.4433546066284 21.2977204322815 21.247663974762 21.3793163299561 21.4285182952881 21.5272173881531 21.6632652282715 21.7506914138794 21.7553544044495 21.6687574386597 21.6318774223328 21.6593737602234 21.7010064125061 21.6882472038269 21.5997591018677 21.569429397583 21.6579947471619 21.7431635856628 21.8478374481201 21.941831111908 22.116575717926 22.3625259399414
21.1439447402954 21.1005215644836 21.1800136566162 21.0499691963196 21.003406047821 21.0621509552002 21.0499730110168 21.1044454574585 21.1554641723633 21.1976451873779 21.3012709617615 21.1900358200073 21.1763525009155 21.1993036270142 21.133339881897 21.1636581420898 21.2636027336121 21.4047880172729 21.6188788414001 21.8659830093384 22.0195093154907 22.0745086669922 22.1267485618591 22.143711566925 22.1558866500854 22.1853070259094 22.1980266571045 22.0580062866211 21.8645205497742 21.7122631072998 21.5530939102173 21.5891127586365 21.7133345603943 21.7296328544617 21.7264375686646 21.671000957489 21.6283273696899 21.5898199081421 21.609001159668 21.580810546875 21.4119415283203 21.3433737754822 21.3733372688293 21.7013325691223 21.9326982498169 22.0998601913452 22.2094693183899 22.2318730354309 22.2790269851685 22.4327645301819
21.2292323112488 21.1796021461487 21.0269536972046 21.1387748718262 21.24604845047 21.4256339073181 21.4371590614319 21.4133892059326 21.2814259529114 21.3310236930847 21.4958806037903 21.476279258728 21.425582408905 21.4429287910461 21.4152016639709 21.3731651306152 21.4743065834045 21.7053833007812 21.7699608802795 21.7299280166626 21.723738193512 21.9607410430908 22.1774926185608 22.1406178474426 22.1248250007629 22.0886335372925 22.1666789054871 22.2410707473755 22.242956161499 22.2674031257629 22.2568321228027 22.2280349731445 22.142162322998 22.0604305267334 21.9284582138062 21.7864360809326 21.6851449012756 21.6227245330811 21.6297144889832 21.6103730201721 21.6158170700073 21.6246113777161 21.5677261352539 21.5071749687195 21.5330333709717 21.813410282135 22.2569541931152 22.4367923736572 22.4554162025452 22.4060549736023
21.3927392959595 21.3484163284302 21.3566989898682 21.4334764480591 21.5538949966431 21.6877708435059 21.722852230072 21.838695526123 21.8127694129944 21.7908782958984 21.7150630950928 21.5485363006592 21.6900806427002 21.9983892440796 22.1190285682678 22.0698142051697 22.0521626472473 22.0310592651367 22.1158547401428 22.2584195137024 22.3141174316406 22.3046336174011 22.2167134284973 21.7450771331787 21.6884665489197 21.5060424804688 21.7441334724426 21.9850516319275 22.0872535705566 22.1715350151062 22.159924030304 22.1066875457764 21.9872255325317 21.856424331665 21.8753180503845 21.8592524528503 21.7953052520752 21.7719612121582 21.7990107536316 21.7597718238831 21.7847738265991 21.8181247711182 21.7457818984985 21.7801260948181 21.823757648468 21.8457851409912 21.3644452095032 22.0187120437622 22.4269890785217 22.5105977058411
21.4807209968567 21.4211959838867 21.4076581001282 21.499617099762 21.6846404075623 21.9296550750732 22.0470614433289 22.1370143890381 22.1880097389221 22.183741569519 22.2092719078064 22.2561159133911 22.3254132270813 22.4137506484985 22.4558072090149 22.3799166679382 22.2974104881287 22.3024063110352 22.3683767318726 22.3704109191895 22.2370228767395 22.3221220970154 22.2510890960693 22.0294880867004 21.9297957420349 21.785475730896 21.7997336387634 21.6489744186401 21.5814986228943 21.6703934669495 21.7572846412659 21.756495475769 21.6943497657776 21.6094613075256 21.6576991081238 21.6672496795654 21.6184821128845 21.6150078773499 21.5904059410095 21.536515712738 21.4883561134338 21.6558785438538 21.9491839408875 22.1736607551575 22.1242218017578 22.1407389640808 21.9386053085327 21.5982255935669 21.7607364654541 22.1615147590637
21.8492970466614 21.7677450180054 21.6717648506165 21.6708779335022 21.7476663589478 21.9468746185303 22.1520080566406 22.3474216461182 22.4650754928589 22.5829749107361 22.5875363349915 22.5049433708191 22.4204549789429 22.3265571594238 22.2192568778992 22.1198959350586 22.1165418624878 22.2820777893066 22.3437132835388 22.295877456665 21.8859429359436 21.8077383041382 22.13529920578 22.3653726577759 22.2990884780884 22.0077219009399 21.8800535202026 21.7717690467834 21.711793422699 21.7188339233398 21.7502856254578 21.7631974220276 21.7652363777161 21.7075548171997 21.6777029037476 21.652560710907 21.650297164917 21.7003793716431 21.6811270713806 21.6313419342041 21.6087021827698 21.4047698974609 21.3732695579529 21.6488332748413 22.0056939125061 22.2640891075134 22.194402217865 21.9188599586487 21.6207418441772 21.5465879440308
