data/spatiotemp/temp2/bio4_norsw_test_2007_2010.asc
NCOLS 654 
NROWS 380 
XLLCORNER 3.91666666666667 
YLLCORNER 55.3333333333333 
CELLSIZE 0.0416666666666667 
NODATA_value -9999 
[rows 330 to 351 of 380, columns 550 to 599 of 654]
858.97509765625 865.136428833008 870.068389892578 873.87353515625 876.770706176758 877.611618041992 876.268478393555 878.529937744141 881.948822021484 883.915832519531 881.69108581543 879.029281616211 878.62336730957 882.038818359375 885.196838378906 882.156402587891 881.700149536133 884.316848754883 884.170425415039 884.271499633789 884.456268310547 885.423263549805 888.023880004883 894.295425415039 900.598922729492 902.86686706543 904.548309326172 905.846282958984 905.093978881836 904.745040893555 905.632232666016 908.596389770508 909.471054077148 909.46533203125 907.064331054688 903.799163818359 904.892929077148 907.50080871582 905.801086425781 902.280319213867 901.847610473633 903.402770996094 903.800643920898 903.125732421875 904.08757019043 903.696319580078 906.274963378906 903.934387207031 900.895492553711 897.415878295898
857.593765258789 861.695327758789 865.229034423828 870.133377075195 874.488327026367 876.220199584961 878.087661743164 880.939682006836 885.329086303711 887.699829101562 884.8173828125 881.075942993164 880.484817504883 883.968505859375 887.004165649414 885.495529174805 884.460952758789 883.456344604492 882.485458374023 881.259384155273 883.380554199219 883.929870605469 885.663070678711 892.390838623047 897.956359863281 900.116622924805 903.652114868164 907.026519775391 905.22444152832 902.399200439453 902.654449462891 906.817398071289 908.865097045898 910.356521606445 909.718551635742 908.36296081543 908.876815795898 909.519454956055 907.519256591797 905.257797241211 904.627136230469 906.353408813477 907.349304199219 907.025985717773 907.367645263672 908.132171630859 908.499206542969 903.383071899414 900.430572509766 898.217727661133
853.14225769043 856.694427490234 862.18798828125 868.483062744141 871.500106811523 874.081176757812 875.325881958008 876.715454101562 880.229736328125 883.098556518555 881.150054931641 879.118713378906 878.863464355469 880.881195068359 883.704559326172 885.325622558594 883.832534790039 882.619781494141 881.559494018555 881.159545898438 884.549102783203 885.927261352539 887.595809936523 891.98616027832 897.50553894043 899.322525024414 903.070465087891 907.779235839844 908.320114135742 904.808303833008 904.863159179688 907.95964050293 909.58219909668 911.254531860352 910.828338623047 911.830474853516 910.655471801758 908.208801269531 908.033645629883 908.509353637695 909.523712158203 911.120010375977 911.419509887695 910.465850830078 908.384887695312 908.113220214844 905.133056640625 902.124221801758 899.845062255859 899.684387207031
850.371322631836 854.825408935547 860.371932983398 866.401306152344 868.001770019531 870.380157470703 872.352447509766 869.265914916992 871.047088623047 874.244979858398 874.669906616211 876.382110595703 878.656539916992 880.125106811523 882.12760925293 882.684692382812 881.513717651367 881.443313598633 882.694213867188 884.441986083984 887.918518066406 892.626983642578 894.64176940918 895.159591674805 898.560592651367 901.691528320312 903.539627075195 907.460754394531 909.219787597656 907.605895996094 907.761306762695 908.452133178711 909.054183959961 909.12712097168 910.537521362305 911.12744140625 908.179214477539 906.616729736328 907.793746948242 910.459548950195 909.918975830078 908.822235107422 908.462554931641 908.949340820312 907.675628662109 903.788345336914 898.997543334961 897.772430419922 897.106979370117 897.913421630859
850.933013916016 855.979583740234 858.600448608398 864.92204284668 867.191741943359 869.545486450195 870.844131469727 869.332382202148 872.746032714844 875.764999389648 878.055114746094 880.571304321289 883.383270263672 885.0615234375 884.96174621582 883.957336425781 883.021682739258 883.746948242188 886.310455322266 890.516967773438 894.654174804688 897.650619506836 898.951873779297 896.250259399414 898.635040283203 902.260894775391 903.560089111328 904.443466186523 905.933944702148 906.20637512207 906.898773193359 906.815460205078 906.989807128906 907.406341552734 908.731430053711 908.4609375 906.144454956055 905.190567016602 906.298049926758 908.760116577148 909.011001586914 905.676254272461 903.982482910156 905.397491455078 907.908004760742 904.433807373047 901.21728515625 901.443801879883 900.23974609375 899.086608886719
846.54719543457 852.384429931641 857.518798828125 862.084609985352 865.649002075195 868.203094482422 869.003967285156 872.268112182617 876.967956542969 880.831619262695 883.343902587891 884.323318481445 884.442474365234 884.837051391602 882.727416992188 880.764205932617 880.89533996582 882.515853881836 889.048324584961 896.321395874023 901.322738647461 898.750610351562 893.848419189453 893.693313598633 899.072341918945 904.13362121582 905.883239746094 905.878921508789 906.199829101562 906.625137329102 906.410736083984 905.484039306641 905.370223999023 904.062728881836 902.651260375977 902.419631958008 902.204544067383 902.488037109375 903.984024047852 906.299728393555 908.802459716797 909.114486694336 907.153579711914 906.910354614258 905.903167724609 905.249298095703 903.510284423828 903.488723754883 901.564239501953 900.254364013672
840.310791015625 846.276870727539 852.295349121094 856.245941162109 857.816650390625 861.346405029297 864.185531616211 871.005432128906 876.040405273438 882.555694580078 887.795227050781 889.091720581055 887.852035522461 885.797332763672 882.596069335938 881.8818359375 881.406951904297 881.261032104492 889.278533935547 897.561950683594 899.556350708008 896.191940307617 894.584915161133 897.118606567383 902.415710449219 905.987258911133 906.142608642578 906.209701538086 907.660934448242 907.247222900391 905.534393310547 904.739486694336 903.862030029297 902.666854858398 901.013320922852 901.43766784668 902.606506347656 905.352508544922 907.193328857422 907.225662231445 908.817687988281 910.668563842773 911.170867919922 910.258773803711 908.842315673828 906.376022338867 901.642486572266 899.306457519531 899.770965576172 900.425521850586
838.62385559082 843.437301635742 848.660385131836 853.10823059082 855.628982543945 859.689605712891 863.78157043457 869.3935546875 875.752731323242 882.855422973633 886.338027954102 885.444381713867 883.952728271484 882.930038452148 884.153503417969 885.461059570312 882.524978637695 883.954025268555 892.636734008789 897.835067749023 897.790832519531 897.963897705078 899.428329467773 903.23046875 906.611389160156 908.077941894531 907.085983276367 905.670349121094 905.650054931641 906.204559326172 905.065475463867 905.120666503906 904.345428466797 904.263397216797 905.557022094727 909.218032836914 909.019119262695 909.435455322266 910.667785644531 910.911529541016 911.185211181641 912.832794189453 914.570114135742 914.448852539062 912.949829101562 909.510391235352 904.682464599609 905.713287353516 905.760314941406 907.829498291016
837.043273925781 844.094772338867 848.592880249023 853.427124023438 856.344116210938 860.945053100586 867.505233764648 870.850509643555 874.075973510742 879.310882568359 880.656219482422 879.660385131836 879.77262878418 883.438491821289 889.224273681641 891.978515625 890.71858215332 891.661865234375 897.489166259766 902.315856933594 904.202117919922 901.695175170898 899.498062133789 901.909301757812 903.009841918945 905.404983520508 909.028213500977 908.828384399414 906.714645385742 905.583923339844 905.554992675781 903.915649414062 901.260711669922 899.77165222168 903.78271484375 912.005706787109 911.988891601562 909.64143371582 910.861755371094 912.77668762207 912.843002319336 913.348907470703 915.701431274414 915.774948120117 913.028930664062 908.389175415039 905.662094116211 908.004425048828 909.702453613281 912.21305847168
839.978973388672 846.761474609375 849.246170043945 853.31721496582 860.052429199219 867.711715698242 870.718124389648 872.44905090332 873.274322509766 875.689697265625 877.576889038086 878.889511108398 884.78955078125 891.094573974609 892.678176879883 893.858337402344 894.851760864258 895.203842163086 898.49072265625 903.159515380859 905.826171875 902.537551879883 898.848556518555 900.682632446289 904.270263671875 907.788375854492 908.671493530273 907.843231201172 906.211532592773 906.565979003906 906.539413452148 903.020309448242 901.499603271484 901.638442993164 903.091171264648 907.179565429688 911.897079467773 913.40510559082 912.944320678711 913.353515625 913.619552612305 911.432952880859 908.524108886719 908.588790893555 908.595458984375 907.639801025391 908.181198120117 911.160079956055 914.349060058594 912.291809082031
840.479400634766 845.340469360352 850.11833190918 857.055557250977 865.200790405273 868.968185424805 871.652084350586 873.743591308594 875.669250488281 876.657211303711 877.028121948242 880.272689819336 887.043029785156 891.993957519531 893.679992675781 895.06364440918 895.232864379883 898.27619934082 900.658767700195 904.854019165039 907.223129272461 905.032943725586 903.001129150391 905.63606262207 907.102249145508 907.575653076172 906.820541381836 905.331481933594 904.085250854492 904.549087524414 905.74006652832 909.191116333008 912.626770019531 912.396011352539 907.000991821289 905.928451538086 909.46257019043 912.572265625 914.229293823242 915.959426879883 914.624130249023 911.449340820312 908.787826538086 906.380935668945 908.590209960938 910.383834838867 912.235107421875 914.212265014648 913.809875488281 912.785720825195
844.706390380859 850.541687011719 855.845428466797 863.070571899414 869.221664428711 872.136581420898 875.731536865234 878.277770996094 880.281982421875 881.536529541016 881.16145324707 882.053695678711 886.93766784668 891.552505493164 893.083526611328 896.690719604492 898.737930297852 900.005966186523 902.061492919922 903.710891723633 903.901611328125 902.931869506836 904.084518432617 906.597183227539 907.149719238281 905.533508300781 902.223068237305 900.613342285156 899.787948608398 899.914749145508 901.682830810547 906.452087402344 907.523834228516 905.153228759766 902.122207641602 905.867599487305 911.473266601562 912.50959777832 913.260818481445 915.282638549805 913.428787231445 908.956817626953 910.043487548828 911.980407714844 912.623580932617 914.28874206543 916.282638549805 916.787216186523 914.319412231445 914.621490478516
848.842544555664 853.143127441406 858.542495727539 863.640502929688 872.558364868164 876.950805664062 880.754119873047 881.074569702148 880.027496337891 880.330123901367 883.56005859375 884.841613769531 888.62776184082 891.489852905273 890.650833129883 890.627944946289 893.735382080078 895.858322143555 895.648315429688 898.845657348633 897.327758789062 894.923583984375 897.607376098633 903.057327270508 905.083374023438 900.121307373047 897.167419433594 898.060775756836 897.900817871094 897.049301147461 896.916793823242 898.131530761719 899.847366333008 898.867340087891 900.920333862305 902.467819213867 905.009841918945 907.778198242188 909.642730712891 911.470718383789 913.652755737305 913.783447265625 911.867172241211 912.947311401367 913.919906616211 915.042877197266 917.571563720703 918.600433349609 917.212936401367 918.100463867188
858.907241821289 856.874328613281 859.802383422852 865.397003173828 875.696884155273 880.601364135742 881.703689575195 880.373138427734 881.696975708008 883.024871826172 887.39697265625 890.962524414062 893.124786376953 891.556655883789 887.109146118164 884.87907409668 888.639404296875 892.033996582031 892.964111328125 897.551422119141 896.520385742188 895.106170654297 896.928344726562 900.768981933594 901.528411865234 896.460662841797 893.822677612305 896.384811401367 897.217880249023 896.75959777832 896.594665527344 897.392074584961 899.791580200195 901.506851196289 902.687911987305 903.414962768555 905.490432739258 909.344665527344 911.662048339844 912.948989868164 912.743438720703 910.312423706055 909.426879882812 910.98193359375 913.566436767578 917.176345825195 918.624771118164 917.942581176758 914.572937011719 913.349105834961
866.998428344727 861.717727661133 861.517761230469 867.941116333008 876.913040161133 879.270278930664 878.171646118164 879.519073486328 880.992218017578 882.306549072266 885.919326782227 888.663711547852 889.609390258789 888.441925048828 886.498153686523 887.016006469727 890.203460693359 894.008209228516 895.503540039062 899.18017578125 900.396408081055 901.5458984375 901.308563232422 900.788269042969 898.523376464844 895.746719360352 896.154281616211 898.939178466797 899.527618408203 897.161987304688 896.858825683594 900.114837646484 906.596389770508 910.549057006836 910.676528930664 909.716522216797 912.362899780273 913.721099853516 913.264526367188 912.056777954102 910.587966918945 910.570602416992 912.598739624023 913.956451416016 915.722869873047 915.990753173828 918.639358520508 917.660171508789 913.403839111328 910.352355957031
868.31950378418 865.811614990234 866.52067565918 870.175796508789 875.097534179688 877.046585083008 875.774993896484 877.190567016602 880.702972412109 883.079803466797 886.774291992188 889.225234985352 889.834411621094 890.276870727539 891.675811767578 892.397796630859 892.90185546875 897.044921875 901.637542724609 903.968124389648 906.050888061523 906.720809936523 905.214874267578 904.191268920898 902.427276611328 899.636322021484 898.735305786133 899.70915222168 899.320678710938 896.954513549805 900.459320068359 904.540435791016 909.667098999023 913.298370361328 911.309829711914 910.902420043945 912.07551574707 910.012741088867 910.661849975586 912.543151855469 912.746078491211 913.07861328125 915.129547119141 916.638244628906 919.46369934082 922.52815246582 922.10661315918 915.991409301758 913.058959960938 911.244552612305
870.688781738281 873.093933105469 874.414596557617 875.982376098633 876.885040283203 878.796737670898 878.689346313477 879.803970336914 882.970840454102 887.050170898438 891.197998046875 891.56217956543 892.067932128906 894.082809448242 895.6826171875 896.056518554688 895.215301513672 897.172637939453 898.540298461914 899.952270507812 903.884613037109 905.473571777344 904.122039794922 903.147659301758 902.501327514648 903.084442138672 899.251190185547 896.394012451172 898.920608520508 902.872695922852 908.694946289062 913.433746337891 912.108032226562 909.701766967773 908.710464477539 911.666000366211 913.525192260742 911.670135498047 912.790969848633 916.456787109375 916.347702026367 914.225997924805 916.571151733398 919.547576904297 922.105819702148 923.161682128906 921.327758789062 915.663879394531 914.763885498047 915.358993530273
871.893005371094 876.838989257812 881.241714477539 883.376342773438 883.058044433594 882.635681152344 883.33154296875 886.055297851562 887.919967651367 889.991714477539 891.459075927734 891.403732299805 892.760787963867 895.673706054688 897.740829467773 898.622482299805 898.164962768555 896.277145385742 894.048965454102 895.859008789062 900.310134887695 903.187286376953 903.630477905273 900.693435668945 899.971603393555 901.926635742188 899.150329589844 896.178665161133 898.948425292969 906.572906494141 915.292663574219 919.789642333984 914.293487548828 908.554901123047 911.871307373047 915.95246887207 916.298004150391 914.46614074707 914.193588256836 917.752883911133 918.333572387695 916.795547485352 918.568649291992 921.239013671875 922.817047119141 920.853729248047 919.405548095703 916.916229248047 916.237854003906 917.999038696289
873.467697143555 876.703872680664 883.105987548828 885.878219604492 887.249893188477 884.747894287109 885.897888183594 890.510299682617 893.69287109375 894.368804931641 893.677886962891 894.432144165039 894.962432861328 895.614761352539 897.661026000977 900.240844726562 900.703109741211 896.952026367188 896.703628540039 898.233413696289 899.42805480957 902.286773681641 906.191848754883 903.75715637207 900.28694152832 898.724029541016 900.23078918457 903.232131958008 903.977127075195 903.670211791992 912.131698608398 914.049743652344 910.493469238281 907.487487792969 910.588165283203 913.521545410156 911.004898071289 908.523559570312 910.245788574219 913.380630493164 918.162078857422 919.968780517578 919.14680480957 919.52522277832 922.115509033203 924.534896850586 923.036239624023 919.086471557617 918.321228027344 919.574111938477
882.477005004883 883.403411865234 885.466018676758 886.219161987305 887.949844360352 886.491516113281 888.012573242188 890.115173339844 894.424819946289 897.565338134766 896.549362182617 895.448791503906 895.869995117188 895.369552612305 896.22802734375 900.156463623047 902.469787597656 900.171661376953 897.804016113281 896.382095336914 896.91340637207 900.643936157227 905.011581420898 906.332183837891 903.044616699219 899.736770629883 901.412643432617 907.304718017578 909.558822631836 904.42512512207 903.104309082031 902.224609375 903.158279418945 902.134750366211 903.562896728516 906.923767089844 909.229690551758 909.32438659668 911.172836303711 912.596603393555 915.591125488281 917.629150390625 917.155471801758 918.299896240234 922.634399414062 925.700820922852 926.437927246094 923.021499633789 923.847610473633 924.304046630859
883.986434936523 885.056289672852 886.220489501953 887.221527099609 889.665176391602 891.222778320312 891.137100219727 894.656768798828 895.831573486328 898.305572509766 898.62939453125 899.414459228516 901.530075073242 901.754776000977 899.57844543457 899.422424316406 902.381286621094 900.991073608398 898.065979003906 897.716552734375 902.426467895508 906.457534790039 906.234237670898 903.190338134766 903.939071655273 904.423461914062 903.560913085938 905.073440551758 907.124618530273 904.862030029297 901.642150878906 899.658294677734 900.569610595703 903.868270874023 905.968414306641 910.687515258789 917.810745239258 916.315170288086 911.399826049805 910.07307434082 911.653305053711 913.446380615234 916.545684814453 918.056381225586 921.00309753418 924.981414794922 926.983993530273 927.123092651367 928.56217956543 926.412246704102
888.147338867188 887.905822753906 888.799957275391 889.459442138672 891.086502075195 892.320419311523 893.078338623047 895.766098022461 896.790420532227 899.028137207031 901.987731933594 904.711959838867 905.801071166992 904.405899047852 902.535278320312 901.973861694336 901.215194702148 899.162902832031 898.043243408203 898.376205444336 902.027252197266 906.108383178711 906.863357543945 902.692993164062 901.308578491211 900.978759765625 902.79020690918 904.780090332031 904.088714599609 902.798599243164 901.907699584961 899.315765380859 899.527389526367 903.084518432617 904.071624755859 909.046615600586 916.009857177734 915.157287597656 910.650390625 911.065048217773 914.621459960938 917.64826965332 919.297698974609 917.945434570312 920.071166992188 922.846832275391 925.717926025391 928.628921508789 930.657180786133 929.719390869141
