data/spatiotemp/temp2/bio4_norsw_test_2007_2010.asc
NCOLS 654 
NROWS 380 
XLLCORNER 3.91666666666667 
YLLCORNER 55.3333333333333 
CELLSIZE 0.0416666666666667 
NODATA_value -9999 
[rows 264 to 285 of 380, columns 200 to 249 of 654]
850.43473815918 860.630172729492 859.389923095703 859.202270507812 857.733169555664 854.234725952148 855.94108581543 858.490676879883 853.833053588867 848.190322875977 850.022369384766 859.086959838867 866.496337890625 869.420608520508 870.514541625977 875.527450561523 881.104736328125 886.529983520508 889.334274291992 883.258331298828 886.538833618164 880.81315612793 882.632446289062 885.382461547852 887.270950317383 882.619079589844 876.625274658203 891.779769897461 902.974685668945 905.305511474609 905.082595825195 890.131164550781 884.979843139648 879.026458740234 886.993667602539 895.448608398438 894.139892578125 889.278854370117 880.617691040039 877.4814453125 873.489105224609 864.414566040039 855.276107788086 850.442626953125 848.275360107422 853.706100463867 859.513641357422 855.357162475586 848.20768737793 843.715911865234
852.166854858398 857.582046508789 857.142837524414 853.877029418945 850.098724365234 857.693984985352 855.446746826172 856.202499389648 852.946762084961 846.910507202148 850.046951293945 853.807540893555 856.750213623047 858.30322265625 859.772171020508 865.284469604492 864.823913574219 869.396957397461 870.522338867188 863.660095214844 873.6396484375 872.054550170898 870.631683349609 870.541687011719 882.208618164062 884.295562744141 876.046585083008 881.48112487793 893.494552612305 901.040878295898 901.277328491211 903.869033813477 882.400192260742 885.537460327148 892.152603149414 895.777557373047 895.39372253418 885.136489868164 879.763061523438 878.124237060547 873.677062988281 866.36279296875 857.514739990234 848.885025024414 847.6162109375 850.025146484375 852.87043762207 856.059524536133 851.084243774414 846.463134765625
848.874816894531 843.820816040039 853.134292602539 850.185073852539 847.969284057617 852.685775756836 852.161407470703 853.792129516602 850.490753173828 847.004379272461 848.991088867188 849.235443115234 853.849487304688 852.409774780273 859.767837524414 863.153411865234 860.095504760742 859.144195556641 856.401138305664 859.960662841797 867.636764526367 879.22917175293 879.347839355469 876.073425292969 882.479919433594 878.93440246582 869.864242553711 863.139083862305 876.076416015625 895.86262512207 906.651931762695 908.532073974609 896.186660766602 896.692535400391 893.707580566406 888.029022216797 884.065032958984 882.256607055664 879.595962524414 873.826538085938 864.892761230469 858.6708984375 851.014404296875 843.753524780273 848.341232299805 850.976593017578 846.755966186523 845.60334777832 841.015426635742 842.390975952148
843.095443725586 842.765777587891 849.664154052734 849.28645324707 844.815231323242 845.338500976562 851.640686035156 849.655227661133 850.594039916992 850.335678100586 853.328048706055 848.972244262695 850.131866455078 851.662017822266 855.811279296875 864.903198242188 863.424896240234 859.215713500977 855.659576416016 859.75439453125 861.847213745117 868.724182128906 876.030548095703 883.038421630859 880.625442504883 886.374069213867 882.181488037109 870.949264526367 880.728530883789 889.414413452148 903.465698242188 913.562057495117 909.989318847656 900.879791259766 894.252487182617 870.357009887695 868.03678894043 864.505264282227 865.183288574219 861.769271850586 857.477966308594 847.764190673828 842.071670532227 844.547561645508 846.033813476562 844.577163696289 840.576797485352 836.826904296875 837.018112182617 839.219589233398
845.856201171875 843.545059204102 848.599273681641 849.48030090332 841.349090576172 843.67041015625 851.719039916992 844.812850952148 843.301513671875 844.108657836914 845.879470825195 849.322708129883 847.413558959961 848.605361938477 855.675033569336 866.493270874023 860.102584838867 854.45849609375 860.126815795898 861.545684814453 860.077621459961 862.77685546875 879.170532226562 890.022384643555 879.583084106445 878.256042480469 876.583633422852 876.629852294922 888.874618530273 895.77001953125 906.886734008789 910.640472412109 900.181411743164 898.508071899414 878.156158447266 867.293792724609 863.058776855469 862.085739135742 851.159271240234 850.516479492188 846.789993286133 850.185211181641 852.333480834961 851.404678344727 842.05126953125 836.806838989258 835.577117919922 832.015151977539 836.347442626953 844.287231445312
848.142135620117 846.114883422852 848.326797485352 844.693298339844 844.731857299805 849.06086730957 852.463348388672 841.646911621094 844.194412231445 851.513076782227 851.886474609375 853.824661254883 849.838577270508 850.623458862305 845.314163208008 856.85595703125 856.284927368164 852.070083618164 856.343734741211 860.079849243164 862.034744262695 863.357971191406 876.171173095703 891.25895690918 883.435394287109 876.880187988281 867.938552856445 865.347915649414 868.995819091797 880.790771484375 892.054107666016 903.465576171875 896.787231445312 890.301742553711 879.192749023438 863.065567016602 863.868667602539 860.63444519043 850.869003295898 849.335083007812 849.605850219727 850.79573059082 851.114730834961 848.535751342773 841.214782714844 835.008422851562 828.261642456055 833.695846557617 837.835388183594 840.34977722168
837.785293579102 846.148345947266 850.632873535156 845.596496582031 845.59733581543 853.983337402344 852.28369140625 846.65983581543 848.902130126953 851.69807434082 848.744934082031 846.358428955078 841.914611816406 842.543838500977 839.769836425781 845.160797119141 851.401138305664 856.035995483398 864.089309692383 857.086532592773 859.346496582031 866.922271728516 881.024978637695 890.796844482422 882.814514160156 875.40852355957 870.981491088867 864.513687133789 869.873092651367 885.444686889648 893.659866333008 892.873596191406 872.273834228516 869.601760864258 880.674835205078 876.299087524414 867.178527832031 856.296600341797 849.314422607422 848.555786132812 840.114166259766 841.355895996094 847.675491333008 838.967636108398 840.498641967773 837.492904663086 831.635070800781 828.354751586914 829.199371337891 826.776306152344
829.974151611328 840.636962890625 847.610168457031 845.656219482422 846.027221679688 843.670104980469 847.52783203125 847.983139038086 847.020294189453 848.643173217773 841.942321777344 845.666534423828 844.608810424805 839.895004272461 837.766372680664 838.903884887695 847.712524414062 858.170120239258 861.139877319336 863.685577392578 873.094589233398 879.705307006836 886.051742553711 878.076187133789 866.007476806641 862.840469360352 871.592498779297 865.871536254883 866.243743896484 878.732727050781 889.241729736328 888.78254699707 873.00471496582 868.28498840332 865.862899780273 874.626663208008 858.273712158203 848.117233276367 849.857620239258 847.922775268555 842.43293762207 840.949096679688 842.167907714844 839.808181762695 838.715927124023 832.736526489258 824.421844482422 826.484329223633 827.923492431641 816.197479248047
828.244720458984 832.238647460938 843.399200439453 841.002075195312 841.279586791992 836.409637451172 842.995666503906 854.719818115234 853.661865234375 848.102325439453 840.302871704102 841.508163452148 846.770965576172 840.346878051758 838.169815063477 838.548599243164 838.299011230469 841.945892333984 851.282989501953 859.378707885742 861.484603881836 865.185592651367 871.375122070312 874.036361694336 867.430267333984 859.539215087891 865.408218383789 867.199768066406 872.393264770508 878.911041259766 882.481262207031 871.877075195312 859.85627746582 859.160079956055 860.902969360352 853.831588745117 854.826614379883 851.12663269043 846.16845703125 849.322021484375 846.299255371094 836.627883911133 834.166519165039 830.64762878418 837.195358276367 830.667587280273 819.23762512207 821.867904663086 819.210052490234 817.781539916992
822.765213012695 824.739974975586 834.127212524414 835.803619384766 836.197769165039 837.371704101562 840.564254760742 852.828521728516 854.242919921875 839.170227050781 831.800170898438 831.497360229492 838.689727783203 844.223266601562 838.400512695312 837.891174316406 839.518142700195 840.325561523438 838.722610473633 848.043975830078 850.891571044922 845.092056274414 859.71174621582 874.663192749023 871.008911132812 866.739807128906 861.810592651367 861.089935302734 868.721313476562 874.18376159668 868.715057373047 854.999237060547 850.065292358398 852.511535644531 858.089126586914 842.069244384766 838.619888305664 846.569137573242 842.760055541992 845.019470214844 838.007385253906 831.371887207031 827.66374206543 833.30744934082 836.302047729492 832.39241027832 820.628921508789 816.875930786133 814.88151550293 813.723388671875
811.771148681641 817.136474609375 820.35693359375 825.042434692383 836.71452331543 841.696640014648 842.938690185547 841.042739868164 837.290008544922 840.226104736328 833.204177856445 827.828872680664 828.199630737305 843.992492675781 842.370941162109 842.398071289062 841.304870605469 842.038986206055 839.731719970703 850.574188232422 854.526977539062 844.202896118164 843.880630493164 861.305068969727 864.356826782227 866.280502319336 862.580307006836 857.367446899414 863.464553833008 871.153244018555 864.787002563477 859.043960571289 852.856002807617 849.954696655273 851.707778930664 840.990524291992 837.264617919922 837.755844116211 841.76969909668 844.412872314453 836.271514892578 829.550399780273 824.388778686523 825.994781494141 831.432525634766 834.176300048828 825.132919311523 818.800827026367 812.238906860352 802.740844726562
806.953308105469 808.379257202148 811.853652954102 816.347457885742 829.760116577148 837.16796875 841.624862670898 845.609298706055 845.128601074219 845.147903442383 836.738632202148 828.595611572266 837.577011108398 838.176467895508 842.178634643555 848.041015625 848.715133666992 847.94743347168 847.271743774414 845.330215454102 848.684555053711 851.962310791016 839.993988037109 841.015640258789 847.838912963867 853.984390258789 855.690582275391 853.932479858398 858.771484375 865.254180908203 857.931976318359 852.128570556641 852.680267333984 851.051651000977 847.87939453125 837.245208740234 834.914901733398 830.930480957031 829.42578125 836.073852539062 832.842636108398 828.973999023438 828.954956054688 822.191009521484 822.560974121094 827.018005371094 827.235549926758 817.612747192383 808.794372558594 805.311981201172
802.465972900391 802.128860473633 802.971557617188 807.284973144531 817.618316650391 827.588851928711 832.728958129883 843.801788330078 852.610198974609 849.720336914062 843.961944580078 839.670364379883 842.595703125 842.895324707031 841.507751464844 849.932510375977 855.391036987305 852.498001098633 852.660751342773 851.428848266602 847.732116699219 856.192916870117 849.584884643555 833.453765869141 832.553680419922 839.424911499023 848.079452514648 849.325302124023 851.954391479492 853.63591003418 850.908096313477 847.569000244141 846.606719970703 845.284774780273 844.626846313477 839.231628417969 831.779922485352 828.434188842773 826.670349121094 827.590301513672 829.412582397461 828.635040283203 827.833297729492 819.875793457031 817.834579467773 816.802032470703 820.409408569336 814.83332824707 809.546737670898 810.018402099609
798.821807861328 798.991958618164 798.936889648438 803.940170288086 813.3125 812.700012207031 822.507293701172 832.439804077148 828.598937988281 821.356628417969 820.606872558594 830.52294921875 839.469314575195 842.653442382812 839.611434936523 840.391693115234 843.359329223633 846.352111816406 853.803848266602 853.136566162109 850.563186645508 855.152359008789 856.308609008789 848.230224609375 838.170318603516 837.99462890625 837.540908813477 839.687896728516 842.859451293945 844.353713989258 844.454055786133 841.482498168945 838.831344604492 837.737564086914 838.379455566406 838.752090454102 833.940078735352 828.707443237305 827.840759277344 827.090209960938 825.169006347656 825.007934570312 822.55485534668 818.15950012207 817.292434692383 818.209213256836 817.105880737305 810.526672363281 814.007537841797 810.579086303711
795.989730834961 798.327590942383 795.195251464844 796.954681396484 802.739212036133 805.464492797852 817.432723999023 821.496627807617 811.67236328125 805.269271850586 805.745880126953 817.800140380859 827.809936523438 832.416320800781 835.105010986328 834.760925292969 830.788757324219 833.677062988281 850.039932250977 851.588287353516 851.75715637207 852.05827331543 854.479675292969 851.490341186523 852.973587036133 850.667877197266 839.840515136719 835.932037353516 837.418685913086 838.635726928711 837.764450073242 834.229843139648 832.184478759766 831.414276123047 831.330810546875 831.894912719727 830.046081542969 829.009811401367 827.26155090332 826.355728149414 825.226928710938 819.686920166016 814.082366943359 810.669769287109 812.701690673828 814.957504272461 815.357116699219 813.410018920898 813.657028198242 805.207595825195
795.659759521484 797.627655029297 798.160751342773 797.592956542969 793.465744018555 797.791534423828 803.02294921875 815.461654663086 819.831848144531 815.749481201172 812.178604125977 815.974365234375 826.682754516602 830.18278503418 832.264724731445 837.514114379883 832.473022460938 829.090667724609 841.336532592773 846.890075683594 847.149749755859 847.679000854492 848.938842773438 848.597457885742 848.810272216797 850.818908691406 845.101272583008 842.717697143555 837.523803710938 833.381805419922 829.050811767578 826.337692260742 825.904205322266 824.220291137695 823.200546264648 823.956268310547 822.832046508789 824.910827636719 823.341812133789 821.641464233398 820.96940612793 812.873672485352 806.551574707031 805.466079711914 805.737411499023 806.824523925781 808.275650024414 809.466033935547 812.07275390625 808.063247680664
793.065048217773 794.088348388672 793.991073608398 792.688232421875 793.207214355469 795.146957397461 801.539154052734 811.421173095703 812.715942382812 816.16374206543 819.481781005859 819.485275268555 823.069946289062 818.068054199219 821.984512329102 830.002166748047 831.329727172852 832.872909545898 837.633926391602 842.647186279297 843.679412841797 841.486618041992 839.622268676758 842.997894287109 842.086151123047 843.893188476562 843.061508178711 841.51091003418 835.21696472168 824.646667480469 819.332946777344 818.475708007812 817.490509033203 816.781890869141 817.499389648438 817.00422668457 817.101959228516 819.335479736328 817.320098876953 815.093688964844 815.869888305664 809.913970947266 806.330078125 804.29736328125 803.498489379883 803.430770874023 804.119537353516 807.777236938477 811.185180664062 810.697662353516
790.68684387207 792.601379394531 791.489517211914 792.599227905273 797.708206176758 799.834823608398 800.239624023438 801.625381469727 802.529632568359 810.392227172852 808.645645141602 809.153656005859 817.371322631836 816.511245727539 821.262268066406 828.87939453125 829.792572021484 832.140701293945 834.106826782227 839.529846191406 838.265228271484 835.763656616211 836.016098022461 841.857925415039 841.890350341797 840.639236450195 839.098526000977 835.421600341797 829.111114501953 820.033737182617 815.711898803711 812.713485717773 808.346176147461 807.592590332031 809.313842773438 811.504470825195 810.482330322266 811.511871337891 813.203048706055 811.320922851562 812.44499206543 812.653701782227 809.244049072266 802.346710205078 801.001113891602 801.354019165039 801.007476806641 804.282119750977 805.448287963867 805.385589599609
785.890762329102 787.340103149414 787.32666015625 792.550109863281 795.645416259766 794.717544555664 796.645858764648 794.830093383789 797.298294067383 800.947006225586 800.972152709961 804.880447387695 810.551345825195 820.098831176758 822.168792724609 821.624801635742 826.803329467773 829.795806884766 830.923950195312 834.329681396484 835.004165649414 831.821334838867 834.532379150391 840.597412109375 840.253723144531 832.798858642578 827.156524658203 818.918762207031 810.762786865234 808.448181152344 812.364868164062 808.017776489258 799.611053466797 796.418029785156 795.394744873047 797.553176879883 805.190551757812 808.04182434082 808.21369934082 807.689376831055 807.471176147461 808.957229614258 808.620895385742 802.12419128418 797.798889160156 797.098373413086 796.120147705078 796.632675170898 799.378494262695 801.514801025391
771.935562133789 783.910766601562 789.418243408203 791.807540893555 791.787048339844 791.312438964844 791.812606811523 791.941787719727 791.902282714844 794.344772338867 799.281097412109 805.414993286133 810.833602905273 817.748062133789 817.859466552734 816.017211914062 820.066940307617 823.295394897461 823.935287475586 827.380615234375 828.809631347656 819.638107299805 815.775619506836 826.741851806641 821.398910522461 803.814239501953 793.469696044922 783.60954284668 781.122253417969 788.919586181641 797.47721862793 791.118545532227 778.083404541016 768.912628173828 766.592391967773 772.698745727539 785.494659423828 793.025970458984 792.159484863281 795.426834106445 799.349090576172 801.596893310547 800.698654174805 799.499374389648 795.193756103516 792.44075012207 788.786148071289 791.746200561523 792.253921508789 789.112762451172
777.54817199707 790.728088378906 793.418548583984 787.782257080078 785.523468017578 786.699920654297 787.7236328125 791.683044433594 794.402053833008 798.158264160156 803.067794799805 803.99153137207 812.057022094727 811.37890625 812.183059692383 813.365478515625 813.359756469727 813.861358642578 817.27001953125 820.399536132812 814.400344848633 796.268814086914 789.964096069336 805.728088378906 803.779815673828 788.269241333008 772.117279052734 759.51335144043 754.638153076172 762.27995300293 774.722076416016 773.484344482422 758.125671386719 746.225769042969 741.388824462891 743.262832641602 753.138580322266 759.842071533203 763.38200378418 770.623931884766 780.596389770508 785.061538696289 785.706771850586 789.841186523438 795.542266845703 794.637786865234 787.043838500977 784.028656005859 785.094985961914 783.799789428711
783.210586547852 787.512893676758 790.053604125977 788.389434814453 783.628768920898 786.211059570312 784.014389038086 787.872314453125 790.870147705078 797.455535888672 800.192352294922 799.970443725586 808.342330932617 809.189666748047 807.243118286133 807.540573120117 808.048202514648 810.795364379883 815.830413818359 813.760482788086 803.710021972656 780.233810424805 765.801940917969 774.136901855469 768.353973388672 759.620574951172 748.542892456055 738.739898681641 731.570007324219 732.714080810547 742.791213989258 740.873489379883 726.3935546875 720.372421264648 719.835021972656 721.202423095703 725.104568481445 727.305526733398 730.134552001953 736.56022644043 743.934875488281 753.296722412109 763.460220336914 771.349578857422 781.797500610352 789.23112487793 785.976440429688 782.784378051758 785.361572265625 785.571990966797
