data/spatiotemp/temp2/bio4_norsw_test_2007_2010.asc
NCOLS 654 
NROWS 380 
XLLCORNER 3.91666666666667 
YLLCORNER 55.3333333333333 
CELLSIZE 0.0416666666666667 
NODATA_value -9999 
[rows 88 to 109 of 380, columns 400 to 449 of 654]
970.438552856445 976.049026489258 981.675537109375 982.202484130859 985.619430541992 986.952011108398 982.807876586914 982.428314208984 987.844360351562 996.973190307617 1008.4909362793 1014.37973022461 1012.38154602051 1010.59725952148 1018.60466003418 1028.98257446289 1035.3981628418 1036.67655944824 1034.31481933594 1036.17314147949 1040.60827636719 1042.64945983887 1044.28663635254 1047.7424621582 1047.38781738281 1040.30155944824 1032.25166320801 1030.02734375 1029.42176818848 1021.00723266602 1013.67581176758 1011.5100402832 1007.20321655273 1007.99835205078 1007.07737731934 1004.77085876465 1006.27842712402 1009.40629577637 1019.49226379395 1027.58256530762 1027.41787719727 1029.23159790039 1028.1611328125 1026.83671569824 1026.93142700195 1026.64340209961 1021.6067199707 1020.02513122559 1017.22299194336 1014.74702453613
956.648635864258 961.434936523438 965.762619018555 969.335357666016 980.509719848633 990.242767333984 991.75569152832 988.307662963867 987.852188110352 990.812362670898 998.526504516602 1004.88148498535 1001.24150085449 995.101669311523 1001.2873840332 1016.0440826416 1018.95942687988 1014.38775634766 1012.29389953613 1019.90307617188 1026.72904968262 1031.63432312012 1034.51121520996 1038.49938964844 1040.91549682617 1039.08648681641 1025.18803405762 1015.30294799805 1013.86024475098 1013.59060668945 1015.03959655762 1015.21183776855 1012.82963562012 1005.57817077637 997.867614746094 994.356536865234 995.624069213867 1004.57597351074 1014.88800048828 1019.76602172852 1014.7861328125 1015.46704101562 1018.91012573242 1021.30430603027 1020.19305419922 1020.79153442383 1019.03175354004 1014.92590332031 1013.35018920898 1014.93692016602
948.778686523438 957.738143920898 963.966323852539 963.051361083984 971.209060668945 979.846633911133 976.672180175781 972.43717956543 975.383117675781 982.976638793945 989.148040771484 996.156555175781 1003.90222167969 1007.88833618164 1010.49130249023 1013.28652954102 1013.89851379395 1007.3189239502 1003.4388885498 1007.61172485352 1013.39149475098 1013.68368530273 1014.45483398438 1018.83068847656 1030.08874511719 1035.17672729492 1024.56632995605 1018.44123840332 1015.2268371582 1011.59536743164 1012.37300109863 1017.3907623291 1020.25875854492 1015.08871459961 1004.91682434082 996.929656982422 996.536163330078 1000.83503723145 1012.51054382324 1023.75109863281 1021.19735717773 1014.97785949707 1010.22961425781 1009.19952392578 1011.94583129883 1014.91653442383 1013.94213867188 1012.80238342285 1014.81362915039 1020.51278686523
963.911804199219 970.229675292969 974.879608154297 979.35417175293 975.730499267578 970.131256103516 972.468780517578 958.078216552734 954.370529174805 966.011474609375 973.723602294922 985.818313598633 994.961944580078 997.972137451172 997.057723999023 1000.13847351074 1007.95335388184 1012.64057922363 1005.64720153809 996.042541503906 1006.79547119141 1018.88018798828 1022.02264404297 1020.12860107422 1024.25439453125 1022.60746765137 1006.48675537109 1001.72348022461 1002.07765197754 1009.74305725098 1011.05351257324 1007.17695617676 1005.91954040527 1009.08082580566 1010.08308410645 1006.01196289062 1003.14677429199 1001.94367980957 1007.82766723633 1014.34048461914 1012.45098876953 1003.56896972656 998.262344360352 996.491012573242 1001.4995880127 1006.05297851562 1009.09085083008 1010.69534301758 1012.26005554199 1016.4909362793
972.945709228516 977.718719482422 982.534957885742 984.451705932617 974.194961547852 968.265563964844 970.647796630859 966.833038330078 962.992279052734 966.854705810547 977.014373779297 982.063552856445 976.603591918945 982.859619140625 991.295822143555 992.50813293457 997.328475952148 999.933135986328 1007.4462890625 1008.21977233887 1009.53202819824 1017.07530212402 1020.66914367676 1021.82261657715 1017.44560241699 1003.17233276367 992.815765380859 996.876937866211 996.153106689453 999.012542724609 999.670761108398 994.267807006836 989.56266784668 997.629318237305 1004.00389099121 1004.90179443359 1003.23728942871 1003.48245239258 999.015594482422 1002.49592590332 1008.19403076172 1006.53352355957 994.661270141602 989.476699829102 997.324310302734 1004.8410949707 1010.08459472656 1012.72735595703 1016.51776123047 1017.88623046875
973.782241821289 972.791488647461 971.878341674805 971.611099243164 968.876724243164 962.394775390625 961.54541015625 965.9814453125 967.632965087891 963.724426269531 969.780166625977 970.772445678711 974.138793945312 977.771621704102 981.015991210938 975.55876159668 980.789154052734 988.985946655273 998.074066162109 1006.82148742676 1012.30386352539 1017.9774017334 1018.88061523438 1009.01014709473 1002.22602844238 998.828323364258 997.318130493164 993.316986083984 987.790679931641 987.610290527344 984.651077270508 983.048904418945 981.617752075195 988.804046630859 997.662353515625 1001.83404541016 1003.92797851562 1001.68432617188 994.602966308594 993.227279663086 1002.38584899902 1008.35913085938 1005.96337890625 1000.63110351562 1000.97317504883 1002.34643554688 1001.1169128418 1007.11270141602 1015.78158569336 1018.4362487793
990.022583007812 989.094268798828 980.133529663086 970.240341186523 964.04524230957 962.279434204102 961.411743164062 964.67333984375 967.396957397461 969.870315551758 976.745376586914 981.271224975586 985.288604736328 983.495803833008 975.714157104492 975.575881958008 981.061508178711 989.460403442383 998.169326782227 1007.13899230957 1007.70854187012 1011.38803100586 1015.75820922852 1016.59257507324 1009.02560424805 1000.6024017334 991.184204101562 980.030700683594 969.232360839844 974.608093261719 975.126876831055 977.003036499023 981.216400146484 987.483474731445 991.960510253906 985.590606689453 981.045181274414 984.39892578125 985.55647277832 987.383361816406 995.298721313477 1003.98152160645 1007.78994750977 1004.28833007812 1002.40696716309 1003.04710388184 1003.23188781738 1002.93226623535 1011.7095489502 1017.55395507812
976.824661254883 974.958587646484 977.114074707031 987.531173706055 985.453964233398 976.259994506836 970.57014465332 970.413116455078 976.78678894043 975.618499755859 978.686492919922 989.079788208008 993.078094482422 991.002334594727 977.839782714844 976.502105712891 985.513946533203 992.140808105469 998.787811279297 1005.48794555664 1008.4711151123 1010.40812683105 1014.45683288574 1016.00741577148 1017.10411071777 1012.22320556641 1002.69023132324 988.257339477539 970.757934570312 968.814468383789 970.607788085938 971.271530151367 974.666885375977 977.499389648438 979.510284423828 979.005706787109 976.291290283203 975.83122253418 981.87272644043 989.322525024414 993.817642211914 997.800216674805 998.525192260742 992.524826049805 990.07600402832 997.063934326172 1002.41288757324 1004.7033996582 1009.07655334473 1014.0619354248
984.720458984375 984.00309753418 987.303894042969 993.807403564453 999.044357299805 994.918548583984 990.84211730957 985.717529296875 991.772598266602 997.06282043457 996.247146606445 999.606658935547 1004.2317199707 1005.08804321289 999.829620361328 989.546691894531 990.278274536133 983.468383789062 978.387664794922 986.378936767578 1000.17306518555 1009.3176574707 1014.12860107422 1014.31642150879 1017.0046081543 1020.54600524902 1014.90449523926 1002.30308532715 985.026077270508 978.063674926758 974.414840698242 974.37255859375 976.150085449219 976.85432434082 971.562301635742 970.189208984375 969.308990478516 965.865173339844 974.034301757812 986.729614257812 992.604553222656 993.329284667969 986.09797668457 975.015609741211 976.023345947266 983.835525512695 990.807754516602 997.962997436523 1004.92918395996 1009.5424041748
962.728729248047 975.203857421875 983.602661132812 989.625640869141 991.831954956055 990.852462768555 986.568557739258 984.629180908203 990.294860839844 998.037139892578 1002.60105895996 1002.78424072266 1007.7082824707 1010.86123657227 1010.44879150391 1010.2339630127 1008.65447998047 1001.86618041992 993.271911621094 991.958465576172 999.696716308594 1004.69665527344 1003.95239257812 1002.5417175293 1005.32009887695 1009.70445251465 1011.68754577637 1009.22172546387 1002.44610595703 999.127578735352 1000.38940429688 998.78108215332 996.707565307617 991.430908203125 978.315399169922 967.494644165039 961.729431152344 960.643569946289 969.024765014648 979.114059448242 984.710266113281 989.850784301758 985.659881591797 976.978134155273 981.467025756836 987.059417724609 992.781158447266 998.737808227539 1003.73475646973 1008.84658813477
967.196716308594 970.245223999023 978.832061767578 984.51985168457 978.850845336914 973.389526367188 968.730758666992 965.818008422852 972.290573120117 982.333587646484 992.077453613281 996.024063110352 995.7314453125 996.603179931641 998.712585449219 1007.12539672852 1013.19841003418 1014.31425476074 1014.54452514648 1015.77816772461 1015.57069396973 1010.59062194824 1000.63473510742 995.648620605469 992.800064086914 989.422607421875 993.063674926758 1000.58796691895 1004.18098449707 1008.35406494141 1015.04249572754 1016.62026977539 1014.29776000977 1006.94686889648 986.365173339844 969.013961791992 960.913177490234 961.360961914062 968.447906494141 975.412612915039 978.349227905273 986.177322387695 989.789978027344 989.010772705078 990.260208129883 994.977386474609 998.74626159668 1002.95938110352 1003.82421875 1007.51245117188
986.427276611328 980.300567626953 985.070571899414 988.009674072266 980.165771484375 972.890823364258 963.784454345703 959.572967529297 964.828048706055 971.335678100586 979.256591796875 979.014541625977 974.516815185547 977.35319519043 985.505722045898 993.255325317383 1001.02445983887 1006.38642883301 1008.51965332031 1011.03904724121 1016.49458312988 1015.10591125488 1008.99113464355 1006.7380065918 1000.06300354004 989.212280273438 983.349624633789 986.767456054688 988.666976928711 1000.72616577148 1009.45141601562 1012.86192321777 1012.94093322754 1007.6517791748 988.406692504883 970.303100585938 961.873825073242 961.199600219727 967.426376342773 973.730178833008 977.142776489258 981.696380615234 988.060684204102 991.135269165039 990.679229736328 992.678680419922 995.900588989258 1000.51989746094 1003.44158935547 1005.69296264648
999.842010498047 989.480087280273 991.07307434082 996.418304443359 995.97314453125 992.108535766602 981.311965942383 972.741760253906 973.804611206055 979.261276245117 979.230056762695 967.044189453125 966.381683349609 976.895477294922 984.609161376953 987.270095825195 993.903961181641 1000.68653869629 1003.9174041748 1005.17227172852 1008.09226989746 1006.12210083008 1005.70660400391 1006.54028320312 1008.17094421387 1007.87145996094 1003.33744812012 996.127777099609 995.263961791992 998.15576171875 1006.13792419434 1010.26036071777 1011.21553039551 1006.38375854492 993.559951782227 978.193130493164 966.684341430664 962.333160400391 963.2421875 964.581237792969 964.5927734375 968.296569824219 979.739151000977 986.178009033203 989.960662841797 994.585952758789 996.408966064453 997.433868408203 999.711654663086 1006.13121032715
1005.97631835938 998.506210327148 995.266326904297 998.075317382812 999.574966430664 997.797973632812 995.210479736328 992.902069091797 989.435699462891 989.239044189453 983.862396240234 971.359176635742 968.408782958984 975.600158691406 980.559066772461 981.967086791992 981.962112426758 988.575912475586 997.460647583008 999.382293701172 1001.71383666992 999.340713500977 991.623794555664 993.803955078125 1003.58494567871 1010.96524047852 1006.16998291016 992.531524658203 989.240539550781 994.977264404297 1000.57698059082 1000.36532592773 1005.00321960449 1002.85749816895 993.285263061523 987.853500366211 983.627410888672 975.071624755859 967.509292602539 965.135543823242 962.360610961914 961.600540161133 968.83772277832 974.664276123047 976.003051757812 986.460311889648 994.564605712891 997.448104858398 1000.12966918945 1003.32991027832
1017.64854431152 1014.49627685547 1007.29025268555 994.977905273438 995.919647216797 1001.43673706055 1004.38906860352 1005.2474822998 999.243209838867 990.671524047852 989.005355834961 985.618087768555 983.208419799805 981.824951171875 979.591003417969 976.23893737793 973.1630859375 974.626693725586 980.139724731445 984.531951904297 985.191680908203 987.299407958984 992.341812133789 997.701431274414 1006.33126831055 1011.07717895508 1010.02938842773 1005.16575622559 994.541870117188 989.662384033203 993.70051574707 993.031387329102 996.755584716797 997.535095214844 992.392562866211 987.64762878418 985.627792358398 981.449356079102 977.665405273438 972.801818847656 963.70133972168 955.905883789062 958.897384643555 961.126907348633 961.116912841797 967.598785400391 981.075164794922 992.098068237305 993.748779296875 994.598327636719
1017.60340881348 1017.18824768066 1012.97148132324 1000.03067016602 997.307052612305 1001.98915100098 1003.3900604248 1005.25146484375 1004.16050720215 1000.80653381348 997.548400878906 993.291137695312 989.321792602539 982.27685546875 973.323928833008 971.11930847168 962.91682434082 960.166259765625 965.282760620117 966.983749389648 971.312698364258 978.206283569336 984.105575561523 990.500961303711 994.629837036133 997.704437255859 995.986862182617 990.189208984375 988.000625610352 987.167053222656 980.373657226562 987.048797607422 994.177154541016 991.525238037109 983.603485107422 985.848541259766 988.59033203125 984.329360961914 985.067306518555 986.908172607422 982.197265625 971.998519897461 966.502548217773 963.870498657227 962.171585083008 967.980819702148 973.56608581543 980.158218383789 989.205032348633 991.347229003906
1015.6350402832 1011.46488952637 1009.63507080078 1007.36221313477 1006.1012878418 1002.01597595215 991.766250610352 991.922317504883 992.698989868164 995.678375244141 999.273025512695 996.177719116211 991.391540527344 988.379943847656 979.946624755859 971.459136962891 962.996673583984 966.118545532227 969.174331665039 964.567031860352 964.072708129883 967.490600585938 974.236114501953 978.726287841797 983.867218017578 984.809234619141 979.704223632812 974.726272583008 981.670806884766 978.980865478516 962.786026000977 967.47314453125 977.401428222656 982.423721313477 985.313430786133 986.90104675293 986.240036010742 991.148193359375 993.242111206055 987.388824462891 989.148391723633 983.944961547852 976.511367797852 970.201873779297 966.189407348633 970.542709350586 972.138061523438 978.837768554688 983.317306518555 991.678787231445
1005.80003356934 996.39030456543 996.206344604492 996.800552368164 998.454254150391 999.282562255859 999.894744873047 999.183227539062 996.100662231445 997.171417236328 997.885925292969 993.612274169922 987.674087524414 986.683380126953 986.469512939453 981.739624023438 974.232818603516 973.349807739258 971.416030883789 965.168716430664 961.949203491211 963.664733886719 965.582672119141 963.320327758789 967.053405761719 969.596618652344 963.489105224609 956.768005371094 959.4990234375 964.148208618164 970.193252563477 974.480209350586 973.534790039062 981.44660949707 980.573944091797 979.731002807617 980.040740966797 982.849380493164 988.421051025391 995.113922119141 993.713851928711 991.678451538086 980.248992919922 968.703887939453 966.436737060547 964.839279174805 966.758651733398 970.281173706055 978.809265136719 992.673355102539
991.053070068359 985.750228881836 981.728332519531 985.965896606445 993.0087890625 994.312042236328 994.639846801758 995.239105224609 997.3896484375 999.981231689453 1004.84519958496 1003.5704498291 992.811218261719 984.043655395508 978.861450195312 975.939270019531 968.307556152344 964.233978271484 961.080627441406 956.948867797852 954.089172363281 951.550308227539 952.434967041016 953.115371704102 951.643417358398 951.529357910156 947.530883789062 955.54963684082 964.403884887695 961.164749145508 958.341751098633 965.714447021484 980.376083374023 992.721664428711 988.791549682617 979.987426757812 976.065536499023 977.877365112305 988.096633911133 984.098190307617 968.796691894531 986.268249511719 986.729995727539 969.449142456055 963.883239746094 959.376724243164 963.260879516602 963.409408569336 980.393768310547 996.637268066406
991.13037109375 982.923461914062 969.126235961914 973.33821105957 984.173767089844 990.646575927734 991.586669921875 994.296157836914 1000.07873535156 1003.06211853027 1002.03579711914 999.834808349609 996.171051025391 990.813552856445 980.512649536133 971.592163085938 964.984176635742 957.737182617188 952.079315185547 948.752593994141 950.275695800781 944.683517456055 941.665451049805 941.599166870117 942.142669677734 943.008590698242 948.794647216797 956.199981689453 964.588104248047 969.8232421875 966.977416992188 967.907867431641 976.002914428711 989.059173583984 989.804946899414 987.208282470703 990.057434082031 992.464752197266 994.136993408203 992.258819580078 986.58967590332 985.391143798828 988.887954711914 986.689849853516 973.125930786133 965.222290039062 960.01806640625 968.762985229492 987.594284057617 996.887451171875
993.695617675781 991.068969726562 980.380264282227 976.780410766602 983.253723144531 988.801910400391 992.750717163086 998.072158813477 1002.95822143555 1001.40466308594 997.523666381836 994.776351928711 990.078399658203 982.420455932617 980.511993408203 976.090698242188 965.880325317383 959.751647949219 953.430923461914 949.810440063477 945.636688232422 945.539306640625 943.932189941406 943.876159667969 941.552276611328 938.061309814453 943.242767333984 951.163864135742 959.406402587891 963.483596801758 956.969085693359 951.842041015625 955.051986694336 965.204376220703 973.281845092773 974.600799560547 977.85986328125 982.01545715332 992.211471557617 999.66047668457 995.659881591797 993.638320922852 993.255828857422 997.157897949219 978.722091674805 975.739135742188 963.629455566406 973.041046142578 993.685882568359 998.91357421875
989.135879516602 991.161437988281 992.432647705078 988.533538818359 987.102294921875 989.4375 994.601196289062 998.655624389648 998.223907470703 995.192916870117 993.220062255859 993.943634033203 990.833999633789 985.660858154297 980.673461914062 977.235336303711 970.364120483398 966.116027832031 959.277877807617 948.55436706543 944.648513793945 946.325561523438 948.871246337891 950.053604125977 948.101699829102 945.308364868164 941.744842529297 936.575057983398 941.313751220703 951.069198608398 957.433502197266 958.711700439453 963.899978637695 966.301605224609 968.654907226562 975.072647094727 983.575073242188 989.663558959961 995.829666137695 1000.54168701172 1004.26539611816 995.521362304688 993.497573852539 1002.78468322754 1005.73736572266 996.201568603516 993.996109008789 987.359130859375 993.357437133789 992.8818359375
