data/spatiotemp/temp2/bio4_norsw_test_2007_2010.asc
NCOLS 654 
NROWS 380 
XLLCORNER 3.91666666666667 
YLLCORNER 55.3333333333333 
CELLSIZE 0.0416666666666667 
NODATA_value -9999 
[rows 352 to 373 of 380, columns 450 to 499 of 654]
801.808197021484 806.037796020508 812.3759765625 818.085037231445 821.227890014648 824.361907958984 825.852355957031 827.945755004883 830.028076171875 832.995544433594 834.258010864258 838.201599121094 844.0302734375 848.578582763672 851.084991455078 852.067993164062 850.915084838867 849.21337890625 849.759155273438 852.51530456543 851.200286865234 848.754211425781 845.482086181641 845.889694213867 844.840805053711 843.069946289062 841.799407958984 841.147521972656 841.35075378418 839.729782104492 839.030792236328 839.452911376953 839.003845214844 836.277160644531 832.090103149414 831.86393737793 834.262268066406 834.888870239258 834.324264526367 836.209991455078 838.779769897461 839.345626831055 840.072250366211 839.334625244141 839.393173217773 843.608612060547 846.960021972656 849.168151855469 851.001556396484 855.882339477539
810.518493652344 810.818405151367 813.986968994141 819.279602050781 823.635345458984 827.281646728516 828.250701904297 826.487655639648 825.988220214844 829.133560180664 833.243927001953 833.633743286133 839.111022949219 845.311294555664 848.715896606445 850.474075317383 850.255676269531 848.366668701172 847.981567382812 848.700988769531 847.303039550781 845.463317871094 844.280807495117 843.423873901367 842.339538574219 840.808944702148 840.053985595703 838.812561035156 838.502670288086 837.478851318359 836.804458618164 835.629318237305 835.380294799805 835.671997070312 834.066070556641 832.469223022461 834.862976074219 837.005187988281 838.394332885742 838.356201171875 838.799285888672 837.966995239258 840.077682495117 841.193801879883 839.733901977539 840.976638793945 845.203674316406 846.735626220703 847.752059936523 852.472671508789
813.630065917969 813.725982666016 816.50358581543 820.978363037109 825.267517089844 829.614639282227 830.866836547852 828.639083862305 827.337982177734 832.030502319336 836.284637451172 837.137481689453 839.304138183594 841.758224487305 844.748382568359 845.501937866211 844.503845214844 843.182220458984 842.598281860352 843.922622680664 843.242691040039 841.051162719727 836.82502746582 831.628784179688 834.396514892578 837.812637329102 837.82470703125 837.14860534668 836.443405151367 836.376617431641 836.587280273438 835.87028503418 835.647552490234 834.04655456543 834.29670715332 835.420715332031 836.783493041992 837.663360595703 838.801727294922 838.335433959961 836.478042602539 836.512908935547 837.937942504883 838.276123046875 838.867935180664 840.438507080078 842.155670166016 847.234451293945 851.150970458984 857.477188110352
819.691497802734 822.727493286133 826.001602172852 828.102310180664 828.683822631836 831.334930419922 832.08869934082 830.033828735352 830.198028564453 834.736404418945 835.464569091797 836.375503540039 837.828430175781 840.711868286133 843.302001953125 844.5390625 842.531402587891 840.017425537109 839.523452758789 840.400848388672 840.764984130859 839.907638549805 835.764266967773 831.360366821289 833.506042480469 835.545043945312 835.165924072266 835.024398803711 834.625 835.085632324219 834.917938232422 834.318344116211 834.246688842773 833.941192626953 834.374526977539 834.846420288086 834.517105102539 835.090606689453 837.679473876953 835.118087768555 832.306838989258 835.211807250977 838.764877319336 838.254425048828 840.341369628906 845.540496826172 848.866882324219 852.819274902344 857.237274169922 860.526580810547
818.479110717773 822.291763305664 826.602310180664 829.213500976562 829.739028930664 831.533111572266 831.051010131836 831.055221557617 832.122863769531 836.581481933594 839.323852539062 840.025405883789 837.83918762207 834.470764160156 837.340042114258 840.73112487793 841.530670166016 840.623306274414 839.602890014648 838.029876708984 836.539749145508 837.736831665039 834.733276367188 832.789474487305 832.330520629883 830.946212768555 831.477066040039 832.651321411133 833.078262329102 834.352966308594 834.708801269531 832.883102416992 832.94953918457 833.770660400391 834.129928588867 832.755096435547 833.464279174805 833.809524536133 835.165405273438 834.337982177734 834.305618286133 835.575317382812 834.853897094727 836.717910766602 841.984283447266 846.813690185547 850.820556640625 854.897079467773 858.785415649414 861.128005981445
816.767303466797 820.90446472168 826.386871337891 829.763168334961 830.367095947266 832.657333374023 832.319107055664 832.640731811523 834.211624145508 834.06169128418 833.820495605469 837.807662963867 836.128967285156 829.71760559082 830.667572021484 833.193954467773 834.902435302734 837.072784423828 837.581466674805 837.401596069336 836.67366027832 836.38053894043 833.761215209961 831.086715698242 828.741622924805 828.977081298828 829.368927001953 830.496780395508 831.414916992188 831.768127441406 832.26057434082 830.849075317383 828.972259521484 827.111465454102 830.116851806641 830.765167236328 832.206069946289 832.73876953125 832.183090209961 833.284194946289 834.1259765625 834.885681152344 834.909973144531 836.566360473633 841.317993164062 845.069915771484 849.151443481445 853.938034057617 857.397994995117 859.143142700195
822.418670654297 822.407562255859 825.935440063477 829.692779541016 831.760604858398 832.566253662109 833.183685302734 832.338638305664 833.307876586914 831.524917602539 827.998764038086 829.562301635742 829.393539428711 828.975219726562 829.514526367188 829.04557800293 830.143524169922 832.140563964844 834.917724609375 836.906631469727 836.344421386719 835.899261474609 835.766632080078 833.124435424805 830.589141845703 830.816818237305 830.129913330078 828.943222045898 828.540283203125 829.652008056641 830.043975830078 828.808807373047 827.609710693359 825.425155639648 827.341613769531 827.893173217773 829.423873901367 830.463653564453 831.90315246582 832.825592041016 833.042526245117 833.277557373047 834.71809387207 837.427169799805 841.077087402344 843.437942504883 846.273544311523 850.309219360352 853.193878173828 856.981018066406
825.590805053711 825.66552734375 825.846801757812 828.46044921875 829.661865234375 828.974029541016 829.889190673828 830.226623535156 831.338272094727 830.124053955078 828.005310058594 828.573333740234 828.540481567383 827.039596557617 827.68376159668 829.132293701172 830.193817138672 830.826919555664 833.032623291016 834.347137451172 833.96891784668 832.339660644531 833.828704833984 833.753326416016 831.643829345703 830.242446899414 829.624053955078 828.722442626953 828.073043823242 828.307891845703 829.234558105469 827.665466308594 825.399475097656 822.012649536133 824.940658569336 826.621307373047 828.075088500977 829.462875366211 830.883346557617 832.138092041016 832.701690673828 832.492004394531 833.811950683594 835.803298950195 838.095474243164 840.787139892578 845.44709777832 848.124221801758 851.087463378906 856.022842407227
821.429183959961 823.801834106445 826.426162719727 828.946014404297 827.710235595703 825.078811645508 826.437942504883 827.569915771484 829.457397460938 828.964950561523 828.58366394043 830.333572387695 831.053741455078 828.440505981445 828.714462280273 829.042083740234 827.86018371582 827.765335083008 829.797897338867 832.082885742188 832.22265625 830.726364135742 831.285079956055 831.441772460938 830.481155395508 830.123138427734 829.521636962891 828.752258300781 828.406616210938 827.446655273438 827.526794433594 826.560455322266 824.485443115234 821.998947143555 824.499633789062 826.279388427734 826.531005859375 827.161880493164 828.130813598633 829.810501098633 831.331146240234 831.915832519531 833.657043457031 834.10432434082 836.690017700195 839.52424621582 843.71533203125 847.032440185547 850.731796264648 854.418121337891
817.095031738281 818.171585083008 823.265243530273 826.996368408203 828.414566040039 827.091918945312 828.569900512695 827.354644775391 828.432723999023 827.730026245117 826.593063354492 828.884552001953 830.469436645508 830.832778930664 830.34326171875 826.947143554688 823.420501708984 823.864135742188 828.405899047852 830.91178894043 831.275024414062 829.919769287109 829.217681884766 827.924652099609 824.810180664062 824.125762939453 824.727127075195 825.427322387695 826.808441162109 826.800704956055 826.884048461914 825.588821411133 825.211502075195 825.49723815918 825.074066162109 824.652389526367 823.792068481445 823.937881469727 826.324356079102 827.73942565918 829.475997924805 831.413635253906 832.675064086914 834.09375 835.459671020508 837.612167358398 840.592834472656 844.657531738281 848.44270324707 852.07145690918
819.705780029297 818.689361572266 819.905181884766 823.852188110352 830.206405639648 832.330673217773 833.579971313477 832.135955810547 830.289596557617 827.998489379883 825.165924072266 826.652923583984 828.36589050293 828.256362915039 825.507308959961 825.049362182617 825.537612915039 827.675674438477 831.28564453125 831.714416503906 829.450073242188 827.387390136719 825.052551269531 823.093811035156 818.979751586914 816.936187744141 816.296722412109 817.979736328125 822.165985107422 825.252258300781 825.849334716797 825.243377685547 824.111114501953 822.577453613281 822.62776184082 822.703903198242 823.210510253906 824.328247070312 824.849472045898 825.915512084961 827.645324707031 829.08952331543 828.759506225586 829.895202636719 831.509841918945 833.362457275391 837.5322265625 842.250839233398 845.290573120117 849.224212646484
827.82958984375 826.051986694336 825.407928466797 827.323745727539 831.550354003906 835.413528442383 836.508361816406 835.159454345703 832.408569335938 830.364318847656 826.691635131836 827.111846923828 828.423706054688 827.307464599609 824.162536621094 826.19889831543 830.526229858398 831.11962890625 830.586868286133 829.904083251953 829.692901611328 827.689834594727 825.521621704102 825.186325073242 823.281677246094 821.073989868164 818.871612548828 819.493515014648 821.187606811523 822.51594543457 822.802154541016 823.033569335938 821.931076049805 819.455642700195 817.481170654297 818.02766418457 817.555526733398 819.127578735352 820.722808837891 821.943878173828 823.308380126953 823.46598815918 822.831436157227 825.061782836914 827.170928955078 829.508117675781 834.752197265625 839.028121948242 841.990615844727 846.967849731445
830.169860839844 826.875991821289 827.207260131836 829.723236083984 831.606063842773 834.709518432617 835.303451538086 832.457107543945 831.777923583984 832.532897949219 832.405487060547 831.119094848633 829.962997436523 827.137893676758 826.197204589844 829.623672485352 832.658096313477 832.031311035156 829.841674804688 828.73616027832 829.01237487793 828.551483154297 828.369216918945 827.27165222168 826.04753112793 824.578079223633 822.860748291016 821.292633056641 821.470031738281 821.28776550293 820.193969726562 818.802978515625 817.628005981445 818.394760131836 818.541717529297 817.422958374023 812.813232421875 814.069381713867 815.897323608398 817.839080810547 819.630737304688 819.7900390625 819.124755859375 820.660461425781 825.328674316406 829.253265380859 832.393051147461 835.896179199219 839.736709594727 844.769104003906
831.083847045898 826.631896972656 826.023300170898 827.322509765625 827.931976318359 832.496063232422 831.292114257812 830.97021484375 833.019332885742 834.193435668945 834.085098266602 829.12451171875 828.292419433594 829.755889892578 832.466613769531 833.662307739258 833.12678527832 831.743774414062 830.182220458984 828.826568603516 828.230758666992 827.582290649414 827.772048950195 826.165176391602 825.013854980469 823.955688476562 822.639877319336 822.780166625977 820.009002685547 819.662948608398 820.737228393555 818.725463867188 815.856140136719 813.804824829102 815.503112792969 816.152755737305 816.243621826172 816.595504760742 815.837707519531 816.3876953125 816.900741577148 816.590927124023 817.46044921875 815.743392944336 816.849624633789 824.450241088867 828.959609985352 832.828659057617 834.680648803711 840.107299804688
830.676895141602 829.366119384766 831.175903320312 833.676849365234 832.537689208984 832.475311279297 832.643203735352 834.595169067383 834.237442016602 834.335220336914 834.326721191406 831.995590209961 831.765106201172 832.492248535156 833.162750244141 833.453979492188 832.275207519531 830.989196777344 829.63899230957 827.78889465332 827.70475769043 827.609954833984 828.121627807617 824.399230957031 822.131454467773 821.848236083984 819.93049621582 818.349670410156 818.780014038086 819.567672729492 819.810256958008 819.956298828125 818.376342773438 813.93684387207 811.012084960938 809.355270385742 812.371566772461 812.897827148438 812.720092773438 812.605392456055 813.957611083984 814.204666137695 814.224517822266 812.030029296875 811.831008911133 815.006301879883 820.858352661133 828.060317993164 828.831985473633 834.273086547852
830.240859985352 830.458618164062 835.651306152344 838.440887451172 837.666549682617 834.411926269531 831.299240112305 831.343612670898 831.503143310547 833.769119262695 833.507797241211 832.788589477539 830.746856689453 826.417205810547 827.442230224609 827.924606323242 824.694122314453 823.645904541016 826.808700561523 829.5517578125 830.180374145508 829.378707885742 828.50212097168 824.868759155273 820.522003173828 818.112091064453 820.988586425781 821.5068359375 821.298080444336 820.530822753906 820.192291259766 819.496704101562 818.073547363281 812.904541015625 805.867111206055 803.186065673828 807.329177856445 808.041915893555 808.050964355469 807.318084716797 809.894775390625 809.874389648438 806.282379150391 806.018814086914 807.994125366211 812.52180480957 819.929473876953 829.286407470703 837.415618896484 841.92887878418
831.630752563477 830.888580322266 835.391448974609 838.968063354492 838.894180297852 834.836013793945 827.911575317383 825.679595947266 826.530258178711 830.185165405273 827.382537841797 831.915725708008 832.61393737793 828.569259643555 827.98860168457 827.625213623047 825.289108276367 825.100448608398 827.301406860352 829.493698120117 832.295639038086 831.73176574707 827.670669555664 825.507568359375 824.957458496094 821.334976196289 820.908676147461 821.518997192383 821.186233520508 819.978775024414 818.415542602539 818.550735473633 817.770034790039 814.994689941406 810.252090454102 805.526611328125 806.370727539062 807.492248535156 808.280014038086 808.649185180664 808.393310546875 809.304946899414 809.318695068359 808.684310913086 811.085250854492 817.719161987305 824.794052124023 833.233932495117 840.592315673828 845.609375
835.193725585938 834.009368896484 836.056686401367 839.158340454102 837.900512695312 833.536575317383 828.90510559082 826.647583007812 825.740127563477 830.158248901367 827.960861206055 831.149658203125 834.057418823242 832.162796020508 830.255294799805 830.509963989258 829.848190307617 829.10026550293 828.401702880859 828.116012573242 829.20849609375 828.283325195312 825.955230712891 825.628646850586 825.915130615234 825.172821044922 823.559387207031 822.470336914062 821.252243041992 818.626586914062 818.150192260742 817.914611816406 816.363403320312 814.787689208984 813.324203491211 809.891876220703 806.482803344727 810.218734741211 809.84504699707 811.508148193359 809.915512084961 810.914825439453 812.896133422852 812.418838500977 815.208602905273 819.329772949219 824.664947509766 832.783340454102 838.038421630859 843.813735961914
836.827239990234 835.978790283203 838.018997192383 840.986618041992 840.879043579102 839.023178100586 835.635177612305 831.274368286133 833.680313110352 836.319458007812 833.550109863281 834.234024047852 835.095230102539 833.928192138672 830.370147705078 831.032501220703 833.014297485352 834.037231445312 832.210113525391 829.240341186523 826.146148681641 824.321960449219 822.235260009766 821.349517822266 822.726608276367 824.172119140625 824.258346557617 820.896408081055 820.620101928711 819.238220214844 818.007873535156 817.663787841797 815.783233642578 813.471755981445 815.575622558594 814.203277587891 812.937393188477 813.515884399414 812.781784057617 815.635665893555 818.35368347168 819.549346923828 818.463455200195 817.062133789062 819.428131103516 823.596160888672 825.053009033203 829.616882324219 836.848419189453 841.242233276367
836.330352783203 835.498626708984 837.945587158203 838.864532470703 839.4638671875 840.419158935547 841.102645874023 839.049438476562 838.19563293457 838.428558349609 837.864349365234 837.120239257812 834.567672729492 829.517700195312 828.611328125 831.129943847656 833.087249755859 834.161178588867 833.614410400391 831.635726928711 828.097244262695 823.64030456543 818.866806030273 818.412582397461 821.133666992188 823.059768676758 824.355041503906 821.326843261719 819.337875366211 819.090118408203 818.963745117188 816.994857788086 815.958724975586 816.776748657227 817.864532470703 816.22331237793 815.598937988281 816.007858276367 815.126770019531 815.375610351562 817.9248046875 819.768402099609 821.403167724609 823.436828613281 826.771728515625 828.917663574219 829.461059570312 831.931365966797 837.446868896484 844.159454345703
836.644729614258 837.081451416016 837.171096801758 839.430801391602 840.988891601562 843.298568725586 844.478622436523 842.046417236328 839.654525756836 840.732269287109 841.215881347656 841.653594970703 836.807907104492 832.495498657227 833.174926757812 834.927139282227 832.652557373047 831.887588500977 831.972274780273 829.768753051758 824.599349975586 822.377151489258 820.671051025391 821.298126220703 822.899139404297 823.315017700195 823.830352783203 822.838668823242 821.394653320312 820.578002929688 819.586730957031 817.504913330078 815.434692382812 815.993270874023 818.180236816406 815.086395263672 812.15576171875 815.6962890625 813.526550292969 811.496688842773 815.075317382812 817.383361816406 821.754730224609 825.192611694336 826.74072265625 829.553573608398 835.464996337891 839.651275634766 841.415557861328 846.760040283203
837.333908081055 839.124908447266 839.443008422852 840.927307128906 841.299850463867 842.653762817383 844.417770385742 842.677520751953 840.740539550781 840.905487060547 839.029281616211 838.159393310547 836.063995361328 835.410797119141 838.541961669922 836.01904296875 832.520294189453 832.590270996094 831.302551269531 828.572998046875 825.682022094727 824.745391845703 823.917572021484 824.828323364258 824.254730224609 822.796722412109 822.250534057617 820.85514831543 821.199859619141 821.847549438477 820.773681640625 818.345520019531 816.72216796875 817.091049194336 818.391830444336 816.011962890625 811.071563720703 812.257141113281 813.222732543945 814.079864501953 818.104019165039 821.107543945312 823.143341064453 824.645462036133 825.100784301758 827.706893920898 836.347625732422 844.03108215332 845.140747070312 846.327987670898
