data/spatiotemp/temp2/bio5_norsw_test_2007_2010.asc
NCOLS 654 
NROWS 380 
XLLCORNER 3.91666666666667 
YLLCORNER 55.3333333333333 
CELLSIZE 0.0416666666666667 
NODATA_value -9999 
[rows 176 to 197 of 380, columns 300 to 349 of 654]
21.1565170288086 20.9682679176331 20.8652710914612 20.8435626029968 21.0168538093567 21.0831460952759 21.2704377174377 20.8687286376953 20.5972499847412 21.146999835968 21.4747495651245 21.2614989280701 20.950249671936 20.7529993057251 20.9827499389648 21.2285003662109 21.285249710083 21.1579999923706 20.9057488441467 20.4694991111755 20.1918883323669 20.1179161071777 19.9059443473816 19.747971534729 19.8369998931885 20.1130266189575 20.1880559921265 19.9350824356079 19.5999302864075 19.470630645752 19.9813275337219 19.90802526474 19.8498620986938 19.8708386421204 19.6998128890991 19.5167899131775 19.509765625 19.5187411308289 19.6837153434753 19.5806927680969 19.741669178009 19.9186444282532 20.139618396759 20.3165965080261 20.3632230758667 20.2754993438721 20.28377866745 20.6560554504395 20.5203342437744 20.7806115150452
21.192394733429 21.1557197570801 21.0630435943604 21.0449657440186 21.0812106132507 21.104455947876 21.1657013893127 21.4169459342957 21.1631422042847 21.250292301178 21.508439540863 21.3565883636475 21.0817351341248 21.3418846130371 21.4900312423706 21.4231791496277 21.3853278160095 21.2164759635925 21.001624584198 20.5587720870972 20.43727684021 20.3031377792358 20.1499981880188 20.0948605537415 20.0157227516174 20.0595836639404 20.0574436187744 19.9623050689697 20.1761655807495 20.0066351890564 20.1263875961304 20.0621371269226 20.0557312965393 20.2871670722961 19.9186043739319 19.9380402565002 19.6934766769409 19.7489137649536 19.6923499107361 19.5997858047485 19.7912230491638 19.726658821106 19.7580962181091 19.6935324668884 19.8517136573792 19.9966382980347 20.2855644226074 20.6864895820618 20.901207447052 20.9523434638977
20.7274589538574 20.8104295730591 20.8054037094116 20.8217396736145 21.2446956634521 21.283652305603 21.2806081771851 21.4335632324219 21.3797678947449 21.2912244796753 21.5166778564453 21.5201325416565 21.2425875663757 21.4660420417786 21.6224970817566 21.3259530067444 21.3924078941345 21.2758622169495 21.2373175621033 20.857771396637 20.5488004684448 20.4314036369324 20.3230037689209 20.3686056137085 20.3362069129944 20.3578104972839 20.3234124183655 20.4070129394531 20.3166151046753 20.4562177658081 20.4767088890076 20.5253286361694 20.5308594703674 20.533299446106 20.3997416496277 20.4501824378967 20.3646216392517 20.1310639381409 20.0095052719116 19.8679456710815 19.9063873291016 19.9048271179199 20.1872696876526 20.2417092323303 20.1712145805359 19.8997802734375 20.1843476295471 20.7394881248474 20.9061827659607 20.8828754425049
20.7897086143494 20.872401714325 21.0754623413086 21.2328848838806 21.3143086433411 21.3997321128845 21.4411554336548 21.5095791816711 21.5711264610291 21.514796257019 21.5954666137695 21.6091370582581 21.6128063201904 21.6354765892029 21.6621475219727 21.576817035675 21.4414868354797 21.2171568870544 20.9368271827698 20.9364986419678 20.589457988739 20.6627082824707 20.6239585876465 20.6742086410522 20.7074575424194 20.6297082901001 20.4089584350586 20.4912085533142 20.6544585227966 20.5949945449829 20.4442963600159 20.269597530365 20.6752443313599 20.6612339019775 20.5512247085571 20.4812126159668 20.4032034873962 20.2051935195923 20.1191821098328 20.1331715583801 20.0791621208191 20.0851502418518 20.1311411857605 20.297131061554 20.3937268257141 20.3449277877808 20.4161281585693 20.4223413467407 20.346531867981 20.6457319259644
21.1599588394165 21.1343746185303 21.1487913131714 21.1850309371948 21.3739223480225 21.4298138618469 21.3607048988342 21.4485964775085 21.6514844894409 21.5323691368103 21.6062550544739 21.561140537262 21.5520257949829 21.5249109268188 21.6477961540222 21.5796818733215 21.4555659294128 21.3704524040222 21.1553382873535 21.1482229232788 21.0411157608032 20.8150129318237 20.8089122772217 20.86580991745 20.7717070579529 20.7626056671143 20.7065052986145 20.738401889801 20.7493014335632 20.7221994400024 20.4758825302124 20.2418675422668 20.2756299972534 20.4251680374146 20.5587067604065 20.7082448005676 20.74578332901 20.6593208312988 20.5648589134216 20.0823969841003 20.0239362716675 20.2734751701355 20.5790123939514 20.5325512886047 20.5642366409302 20.4500732421875 20.2595615386963 19.8897442817688 20.0035800933838 20.4214158058167
20.9542088508606 21.0563464164734 21.1798181533813 21.170177936554 21.1485362052917 21.0878949165344 21.1052527427673 21.1306118965149 21.5158424377441 21.5999412536621 21.4530429840088 21.5361437797546 21.3532447814941 21.3743453025818 21.396445274353 21.3225469589233 21.4116458892822 21.4447479248047 21.3958492279053 21.3789491653442 21.2757725715637 20.8783202171326 20.6738648414612 20.6424117088318 20.6869578361511 20.7375049591064 20.9070506095886 20.9665970802307 20.8481426239014 20.6968011856079 20.695469379425 20.6501383781433 20.656014919281 20.7691020965576 20.7661905288696 20.8032741546631 21.0043630599976 20.8414497375488 20.5465354919434 20.3716225624084 20.4287099838257 20.2417960166931 20.554883480072 20.6999707221985 20.9892387390137 20.6918425559998 20.5174446105957 20.3050475120544 20.3656511306763 20.0802531242371
21.2604579925537 20.974319934845 20.7841806411743 20.9383230209351 20.9611492156982 21.2239756584167 20.8878016471863 21.0196280479431 21.4001984596252 21.7245149612427 21.3088316917419 21.2181468009949 21.2574639320374 21.3137798309326 21.2140941619873 21.1064119338989 21.2627263069153 21.1630434989929 21.072359085083 21.1996760368347 21.1164307594299 20.8516254425049 20.7808194160461 20.5990138053894 20.469208240509 20.538402557373 20.7345972061157 20.9037919044495 20.9799852371216 20.8841805458069 20.8783745765686 20.8384079933167 20.96440076828 21.1290349960327 21.2616710662842 21.1183061599731 21.1709423065186 20.6955766677856 20.6162128448486 20.6768488883972 20.6854844093323 20.6301188468933 20.8627552986145 20.7916197776794 20.9841823577881 21.0087547302246 20.5893292427063 20.5869007110596 20.733473777771 20.8220467567444
21.106707572937 21.1722917556763 20.9418759346008 20.5354595184326 20.5767621994019 20.9250564575195 21.1043500900269 20.8536443710327 21.4725575447083 21.7750887870789 21.2956199645996 21.3731508255005 21.4356813430786 21.3302140235901 21.4477438926697 21.4012756347656 21.1918077468872 20.824339389801 20.6998701095581 20.7534008026123 20.8390884399414 20.7459297180176 20.6717734336853 20.7926149368286 20.6474580764771 20.5733017921448 20.5505084991455 20.7185435295105 20.8505754470825 20.8226089477539 20.8026432991028 20.9906764030457 20.97678565979 21.1449699401855 21.1251540184021 21.2413377761841 21.225522518158 21.0817060470581 21.0338907241821 21.0940752029419 21.0462574958801 20.6544418334961 20.6791410446167 20.6982827186584 20.6681251525879 21.0655112266541 21.026210308075 20.7627534866333 20.8102960586548 20.8164639472961
20.6778507232666 21.2418599128723 21.3395700454712 20.8888754844666 20.788375377655 21.0531373023987 21.3389000892639 21.421660900116 21.4699139595032 21.8296608924866 21.7434072494507 21.5231537818909 21.3449010848999 21.3056468963623 21.1353940963745 20.9821405410767 20.7508883476257 20.0836338996887 20.3503804206848 20.5911269187927 20.4437465667725 20.4462366104126 20.4307265281677 20.4732179641724 20.3977084159851 20.4746494293213 20.4633646011353 20.2000813484192 20.2767977714539 20.529513835907 20.8222298622131 20.6709461212158 20.7371716499329 20.9049038887024 21.1246371269226 21.2323698997498 21.2921013832092 20.9838337898254 21.0475664138794 21.1833000183105 21.2310342788696 20.9867658615112 20.9042139053345 21.3022308349609 20.8662838935852 20.7866554260254 21.0750298500061 21.0394005775452 20.5397748947144 20.5081467628479
20.739529132843 20.9724049568176 21.4802823066711 21.2731585502625 21.0233187675476 21.0123467445374 21.1574478149414 21.2486763000488 21.3652715682983 21.2872338294983 21.4771962165833 21.6551580429077 21.6531190872192 21.2760820388794 21.1490435600281 20.9680051803589 20.8989663124084 20.7899298667908 20.6078910827637 20.7368516921997 20.4204025268555 20.1925430297852 20.295681476593 20.2960233688354 20.5214219093323 20.6188201904297 20.5882205963135 20.417619228363 20.2990193367004 20.5364165306091 20.6418166160583 20.7232160568237 20.8495564460754 20.7168378829956 20.51211977005 20.7273998260498 20.9906821250916 20.8739628791809 21.0252451896667 21.0445256233215 21.2038078308105 21.2750883102417 21.2423691749573 21.3696508407593 21.4407954216003 21.3678026199341 21.2108092308044 21.3218169212341 21.1488223075867 20.7358293533325
20.936206817627 21.0589518547058 21.5076942443848 21.4734382629395 21.1324582099915 21.1492080688477 21.2109956741333 21.2436923980713 20.8706293106079 20.9908061027527 21.1469836235046 21.2541608810425 21.7713379859924 21.5165152549744 21.4326930046082 21.2528700828552 21.1560468673706 20.9782242774963 20.8984007835388 20.9475789070129 20.8050599098206 20.6228475570679 20.5007476806641 20.5794224739075 20.8009123802185 20.8589944839478 20.8170762062073 20.7591571807861 20.6252398490906 20.6993231773376 20.8654041290283 20.7154865264893 20.6779427528381 20.9887723922729 20.8156023025513 20.8864312171936 20.9532623291016 20.8920922279358 20.7549204826355 20.5697512626648 20.7045817375183 20.8194122314453 20.8003640174866 20.8450717926025 20.9393062591553 20.9969487190247 21.0745887756348 21.0882301330566 21.3618721961975 20.975513458252
20.7188863754272 20.853497505188 20.909107208252 21.5767168998718 21.5593290328979 21.3309383392334 21.4415531158447 21.433708190918 21.307445526123 21.30038022995 21.4587721824646 21.4861640930176 21.6785569190979 21.8809499740601 21.7903413772583 21.4937348365784 21.4781279563904 21.1055188179016 21.0039129257202 21.1317639350891 20.9893417358398 20.6201066970825 20.3908720016479 20.7256360054016 20.9724006652832 20.8471660614014 20.6819319725037 20.5286951065063 20.4234600067139 20.3982257843018 20.4969897270203 20.4197549819946 20.2503266334534 20.3847060203552 20.7910842895508 20.969464302063 21.0358419418335 21.2862205505371 21.156599521637 20.8189787864685 20.7213573455811 20.7197341918945 20.7301125526428 20.7324919700623 20.5218176841736 20.6180944442749 20.7743692398071 20.7506437301636 20.8669195175171 21.0951943397522
20.4675645828247 20.7420434951782 20.9675207138062 21.2989978790283 21.6874742507935 21.6689519882202 21.458429813385 21.5539073944092 21.7231364250183 21.5940356254578 21.646101474762 21.2695302963257 21.1392765045166 21.2510499954224 21.4742546081543 21.4820160865784 21.4662623405457 21.6960096359253 21.7617554664612 21.4275026321411 21.3620991706848 21.3015480041504 21.2089953422546 21.10844373703 21.0558919906616 21.2513394355774 21.3067855834961 20.6022334098816 20.4656820297241 20.5851292610168 20.5485773086548 20.6440258026123 20.4707117080688 20.5686402320862 20.6705684661865 20.8324937820435 20.7384223937988 20.7283492088318 20.8022756576538 20.7602028846741 20.6461310386658 20.7680578231812 21.1475133895874 21.1676015853882 21.2148427963257 21.047239780426 21.0061497688293 21.0170593261719 20.975968837738 21.0628786087036
20.3012452125549 20.2885885238647 20.2549328804016 20.5812773704529 20.8366212844849 21.1419649124146 21.3803095817566 21.727653503418 21.7822170257568 21.8179984092712 21.2697796821594 21.4695606231689 21.1643419265747 21.1251225471497 21.5399045944214 21.6526861190796 21.5364680290222 21.7052488327026 22.0480303764343 21.4992423057556 21.0788583755493 21.0389885902405 21.0551190376282 20.9392490386963 20.6953806877136 20.96351146698 21.4876413345337 21.3637719154358 21.0079040527344 21.0360331535339 21.0241632461548 20.7642941474915 20.6750979423523 20.8485727310181 20.8020486831665 20.5115256309509 20.401002407074 20.4024767875671 20.4599528312683 20.5854296684265 20.6469049453735 20.7289099693298 20.9265875816345 21.1292662620544 21.2097845077515 20.8883852958679 20.8545088768005 20.9554734230042 21.1370167732239 21.0785617828369
20.4777755737305 20.2517085075378 20.3486399650574 20.4075708389282 20.588502407074 20.79243516922 20.8223667144775 21.1092977523804 21.2553234100342 21.7124433517456 21.7095642089844 21.6496839523315 21.7858037948608 21.7349228858948 21.301043510437 21.6131625175476 21.6622829437256 21.5464029312134 22.1525220870972 21.8506417274475 21.46040391922 21.4548048973083 21.1717000007629 20.7556686401367 20.811637878418 21.1676058769226 21.0635747909546 21.5395436286926 21.3195118904114 20.9474792480469 21.1594486236572 21.163417339325 21.0144500732422 21.0205435752869 20.9826402664185 20.6607341766357 20.4108290672302 20.2169251441956 20.4099750518799 20.4442768096924 20.5935764312744 20.636875629425 20.6261763572693 20.610475063324 20.9629106521606 20.9884839057922 21.145055770874 21.152042388916 21.02104139328 21.0620427131653
21.064160823822 20.2834014892578 20.2696409225464 20.2948803901672 20.3881187438965 20.6383585929871 20.7885994911194 20.8468375205994 20.8874573707581 21.3564553260803 21.6404542922974 21.6914520263672 21.4764499664307 21.9714484214783 21.9924468994141 21.9294452667236 22.0104441642761 21.6394429206848 21.8444399833679 22.1034383773804 21.9326395988464 21.6070394515991 21.6264405250549 21.5598421096802 21.8566608428955 21.8556232452393 21.6145853996277 21.7495470046997 21.6525092124939 21.151469707489 21.4744310379028 21.5613923072815 21.408766746521 21.2725505828857 21.1443362236023 21.0281209945679 20.7119064331055 20.1885018348694 20.342456817627 20.4004120826721 20.4070453643799 20.1388297080994 20.0812754631042 20.0092315673828 20.2372198104858 20.6132435798645 20.4522643089294 20.6342878341675 20.7440414428711 20.8221588134766
21.3845467567444 20.4490947723389 20.3726420402527 20.2931890487671 20.3737363815308 20.3052840232849 20.3498306274414 20.7913784980774 20.939591884613 21.3084688186646 21.4963440895081 21.7272219657898 21.6560988426208 21.8129749298096 21.883852481842 21.4767289161682 21.2766056060791 21.1504831314087 21.014358997345 21.220235824585 21.8428750038147 21.9922742843628 22.0306739807129 21.9630737304688 21.8416857719421 21.703640460968 21.4415950775146 21.53955078125 21.7895050048828 21.8594584465027 22.0014147758484 22.0833683013916 21.7270836830139 21.0685586929321 21.154034614563 20.9801058769226 20.9977164268494 20.32732629776 20.1089358329773 20.2134065628052 20.1628804206848 20.2777671813965 20.3053770065308 20.3969864845276 20.2675285339355 20.466001033783 20.5954737663269 20.6359457969666 20.5650105476379 20.4814786911011
21.7319331169128 20.8007874488831 20.7396421432495 20.5654983520508 20.6353530883789 20.3622088432312 20.5690636634827 20.6079187393188 20.9637250900269 21.1374797821045 21.4162349700928 21.0039901733398 21.1937465667725 21.4715013504028 21.6712565422058 21.2870111465454 21.1177663803101 20.8115224838257 20.9492788314819 21.0600333213806 21.2121095657349 21.4165086746216 21.6259069442749 21.4193053245544 21.1147050857544 21.290102481842 21.3555021286011 21.2339005470276 21.4482989311218 21.1954488754272 21.4323968887329 22.0013456344604 21.9134001731873 21.352566242218 21.5983567237854 21.2176213264465 20.8688864707947 20.2911520004272 20.3674168586731 20.1976819038391 20.069947719574 20.2232127189636 20.6064772605896 20.6977429389954 20.7878360748291 20.4887590408325 20.3286824226379 20.1616058349609 20.1492719650269 20.1963992118835
21.5843172073364 21.7134809494019 21.3706431388855 21.1948070526123 21.1569695472717 21.1991329193115 21.24329662323 21.1704597473145 21.1548590660095 21.1384916305542 21.2191257476807 21.2127604484558 21.2003936767578 21.4010276794434 21.4466609954834 21.0752954483032 20.8889274597168 20.8705630302429 20.7491960525513 20.9078307151794 20.9003458023071 20.828742980957 20.9361400604248 21.4255380630493 21.0919346809387 21.1733326911926 21.4917297363281 21.5041279792786 21.6715259552002 21.6674399375916 21.4553790092468 21.979320526123 21.9538235664368 21.8285727500916 21.3472170829773 20.9131364822388 20.4690570831299 20.7509775161743 20.8148975372314 20.5668172836304 20.4577369689941 20.6536583900452 20.8585772514343 20.7804985046387 20.9231448173523 21.0488929748535 20.8022713661194 20.6907162666321 20.575382232666 20.6830277442932
21.3347029685974 21.380175113678 21.6616435050964 21.7481164932251 21.75958776474 21.7530574798584 21.4915299415588 20.9640007019043 20.680992603302 20.7365031242371 20.6270160675049 20.7015290260315 20.8930416107178 21.1835532188416 21.3180661201477 21.2005772590637 20.9370903968811 20.6936016082764 20.576114654541 20.6116261482239 20.7865800857544 20.6379771232605 20.722373008728 21.2577700614929 21.3631663322449 21.0435628890991 21.3779592514038 21.1333556175232 21.3117523193359 21.6531481742859 21.7875437736511 21.5892972946167 21.939368724823 21.848961353302 21.3710770606995 20.8426523208618 20.7702269554138 20.9278020858765 20.832377910614 20.916953086853 21.0615272521973 21.4591035842896 21.4761366844177 21.1079058647156 21.1568627357483 20.9882760047913 20.8936462402344 20.8624658584595 20.8479514122009 20.7709379196167
20.7080879211426 20.8008680343628 21.0146465301514 21.1444253921509 21.4152035713196 22.0229835510254 21.3617615699768 20.7245402336121 20.6061248779297 20.734516620636 20.7879061698914 20.5132970809937 20.693687915802 20.8650794029236 20.9514689445496 20.8428606987 20.9262504577637 21.076642036438 20.7760338783264 20.4484233856201 20.3718166351318 20.3962106704712 20.6906070709229 20.7800011634827 20.5763974189758 20.8657932281494 20.9081873893738 21.1965827941895 21.1889777183533 21.3393731117249 21.5745177268982 21.7310509681702 21.8003525733948 21.7244048118591 21.7059369087219 21.3261675834656 20.9083976745605 21.077627658844 21.0998582839966 20.8780889511108 20.9913182258606 21.3825497627258 21.0777797698975 21.0430097579956 21.0984134674072 20.9199295043945 20.6086597442627 20.6972026824951 20.7666325569153 20.7152342796326
20.6884732246399 20.5905604362488 20.9066472053528 21.1717343330383 21.3438210487366 21.9619088172913 21.8369941711426 21.15008020401 20.9782590866089 20.7605290412903 20.7577981948853 20.4050664901733 20.515335559845 20.5176048278809 20.4278740882874 20.4571437835693 20.6024117469788 20.6566815376282 20.8049511909485 20.7972202301025 20.4230513572693 20.326446056366 20.3638405799866 20.4142346382141 20.3716268539429 20.3640213012695 20.2624158859253 20.5468106269836 20.8762040138245 20.9355969429016 20.8379917144775 21.2583856582642 21.6846685409546 21.8086037635803 21.4501299858093 21.4787240028381 20.8629417419434 21.0964531898499 21.0293378829956 21.388222694397 21.3271088600159 21.0559945106506 20.9498805999756 21.2387657165527 21.2020707130432 20.8626480102539 20.8757843971252 20.7324061393738 20.8019804954529 20.3977432250977
