data/spatiotemp/temp2/bio5_norsw_test_2007_2010.asc
NCOLS 654 
NROWS 380 
XLLCORNER 3.91666666666667 
YLLCORNER 55.3333333333333 
CELLSIZE 0.0416666666666667 
NODATA_value -9999 
[rows 0 to 21 of 380, columns 500 to 549 of 654]
-9999 -9999 -9999 -9999 -9999 -9999 -9999 -9999 -9999 -9999 -9999 -9999 -9999 -9999 12.4613516330719 12.5618088245392 -9999 -9999 12.6131799221039 12.155303478241 11.6224272251129 11.5265514850616 11.572151184082 11.5345132350922 11.5651099681854 11.6576902866364 -9999 -9999 -9999 12.1221816539764 12.4351799488068 -9999 -9999 -9999 -9999 -9999 -9999 -9999 -9999 -9999 -9999 -9999 -9999 -9999 -9999 -9999 -9999 -9999 -9999 -9999
11.8379874229431 11.826774597168 -9999 -9999 -9999 -9999 -9999 -9999 -9999 -9999 -9999 -9999 11.662584066391 12.2431683540344 12.8137526512146 12.6560039520264 12.6249217987061 12.2811312675476 12.2555642127991 12.7458419799805 12.3122601509094 12.152843952179 12.2153034210205 12.5510132312775 12.8781533241272 12.6344611644745 12.3121585845947 11.9570055007935 11.4268956184387 11.4906594753265 12.1118352413177 -9999 -9999 -9999 -9999 -9999 -9999 -9999 -9999 -9999 -9999 -9999 -9999 -9999 -9999 -9999 -9999 -9999 -9999 -9999
12.1812562942505 12.3067972660065 -9999 -9999 11.8387241363525 12.1354775428772 -9999 -9999 -9999 -9999 -9999 -9999 11.7063977718353 12.0417585372925 12.2241544723511 12.4028661251068 12.4675779342651 12.3322899341583 12.3630015850067 12.2437133789062 12.112425327301 12.3811364173889 12.9239323139191 12.7041392326355 12.5861144065857 12.6365101337433 12.4710118770599 12.6928403377533 12.4536974430084 12.436094045639 -9999 -9999 -9999 11.9331774711609 11.8830733299255 12.6171355247498 -9999 -9999 -9999 -9999 -9999 -9999 -9999 -9999 -9999 -9999 -9999 -9999 -9999 -9999
11.8351306915283 -9999 -9999 -9999 11.4595055580139 11.9139320850372 12.3568890094757 -9999 -9999 -9999 -9999 -9999 11.9123322963715 12.1519277095795 12.5452229976654 12.6043949127197 12.6702346801758 12.2710735797882 12.3052456378937 12.4087517261505 12.4415905475616 12.5224294662476 12.5272691249847 12.3961079120636 12.3035750389099 12.4156703948975 12.6317648887634 12.8463599681854 12.6192882061005 12.6213834285736 12.8051450252533 12.247795343399 12.0356390476227 12.1055204868317 12.3514657020569 12.7672867774963 -9999 -9999 -9999 -9999 -9999 -9999 -9999 -9999 -9999 -9999 -9999 -9999 -9999 -9999
12.8375978469849 -9999 -9999 -9999 -9999 12.2936367988586 12.7744879722595 -9999 -9999 -9999 -9999 -9999 -9999 11.7116577625275 12.4909574985504 12.5504956245422 12.3228902816772 12.3606998920441 12.3788235187531 12.3217897415161 12.5187561511993 12.8197226524353 13.0328555107117 13.1963219642639 12.573343038559 12.5422050952911 12.5002489089966 12.4364182949066 12.8944621086121 12.4358398914337 12.6793003082275 12.3885941505432 12.6370544433594 -9999 -9999 -9999 -9999 -9999 -9999 -9999 -9999 -9999 -9999 -9999 -9999 -9999 13.4031250476837 -9999 -9999 -9999
12.7186374664307 12.9778163433075 13.1715197563171 12.8337936401367 12.5244019031525 12.4803421497345 13.0031168460846 13.3828904628754 13.4551649093628 -9999 -9999 -9999 12.2461717128754 12.1555991172791 12.3470430374146 12.5404531955719 12.7942972183228 12.8873553276062 12.5710680484772 12.2021610736847 12.8674218654633 12.9865708351135 12.7921090126038 12.9932029247284 -9999 -9999 13.4374828338623 -9999 -9999 -9999 -9999 -9999 -9999 -9999 -9999 -9999 -9999 -9999 -9999 -9999 -9999 12.6024310588837 12.6859033107758 12.918497800827 12.7553474903107 12.9649860858917 13.5072915554047 13.8782641887665 -9999 -9999
12.4780576229095 12.5135056972504 12.5189530849457 12.9224011898041 13.2640717029572 13.4592967033386 13.0804948806763 12.8103828430176 13.0056409835815 13.5576605796814 13.5086796283722 13.7739844322205 -9999 -9999 -9999 12.9085605144501 12.8522028923035 12.9089694023132 13.2014787197113 12.4881165027618 12.2067713737488 12.6868081092834 13.1021959781647 13.5534167289734 13.2470479011536 13.2224819660187 13.2249567508698 12.9915332794189 -9999 -9999 -9999 -9999 -9999 -9999 -9999 -9999 -9999 -9999 -9999 12.4854867458344 12.870148897171 12.7872138023376 12.8265695571899 12.6727087497711 12.8568475246429 13.2789862155914 13.6591250896454 13.8961207866669 -9999 -9999
12.788144826889 12.5497660636902 12.9193873405457 13.3590092658997 13.7166302204132 13.3423354625702 13.305873632431 13.0374948978424 13.0911161899567 13.0487377643585 13.2803597450256 13.685980796814 13.8421325683594 13.5768139362335 13.2781624794006 13.5455107688904 13.8844306468964 13.7522072792053 13.1439723968506 12.6049039363861 12.9662525653839 13.3256011009216 13.5649495124817 13.7486312389374 13.6394176483154 13.5643088817596 13.2547385692596 12.9690918922424 -9999 -9999 -9999 -9999 -9999 -9999 -9999 -9999 -9999 13.1618754863739 12.6242363452911 12.4641530513763 12.5242917537689 12.5684306621552 12.8705697059631 13.2687089443207 13.5548474788666 13.9717361927032 14.0364582538605 13.7532637119293 13.7686114311218 -9999
13.0922315120697 12.972026348114 13.0178213119507 13.1496167182922 13.0614120960236 12.7612071037292 12.6790020465851 12.6007969379425 12.7745921611786 13.11838722229 13.3401825428009 13.984227180481 13.8347561359406 13.7735331058502 13.4185645580292 13.4020397663116 13.5555155277252 13.7209911346436 13.3164665699005 13.3219423294067 13.4054181575775 13.4528942108154 13.4463698863983 13.805844783783 13.9365448951721 13.6454682350159 -9999 -9999 -9999 -9999 -9999 -9999 -9999 -9999 -9999 12.6113722324371 12.7752664089203 13.0358760356903 13.0740144252777 12.9861533641815 12.9522924423218 13.2524311542511 13.5845701694489 13.7527086734772 13.5968472957611 13.6789863109589 13.9677083492279 14.0604064464569 -9999 -9999
13.554318189621 13.1782865524292 12.8982553482056 12.7942245006561 12.7601926326752 12.8181617259979 12.7921304702759 12.664098739624 12.8760681152344 13.3300368785858 13.6460053920746 13.5759739875793 13.4477603435516 13.2733631134033 13.2629659175873 13.5185685157776 13.662171125412 13.7217745780945 13.6553778648376 13.7689802646637 13.9346888065338 13.6799004077911 13.817218542099 14.0473930835724 -9999 12.9652948379517 12.9322509765625 -9999 -9999 -9999 -9999 -9999 -9999 13.4054892063141 13.1168582439423 12.9210877418518 13.0057370662689 12.8418757915497 12.8980147838593 12.8701531887054 12.9162919521332 12.8144307136536 12.5885701179504 12.6027083396912 12.7948477268219 13.5129859447479 14.2920138835907 14.2782638072968 -9999 -9999
13.083508014679 12.9678010940552 12.684093952179 12.5163865089417 12.2726793289185 12.6069719791412 12.7332646846771 12.7575576305389 12.8338503837585 13.0581429004669 13.1564362049103 13.2147283554077 13.3005750179291 13.3019754886627 13.4373757839203 13.9687769412994 14.1621766090393 14.2215776443481 14.2069776058197 14.2989001274109 14.389612197876 14.0308935642242 13.8751516342163 -9999 -9999 -9999 13.4490568637848 -9999 -9999 -9999 13.6996583938599 13.7548093795776 13.9849598407745 13.1501104831696 12.6662607192993 12.4904115200043 12.170597076416 12.1668162345886 12.129035949707 11.995255947113 12.4754757881165 13.3036956787109 13.6159157752991 12.9000523090363 13.0698554515839 14.007120847702 14.3277947902679 -9999 -9999 -9999
12.8958005905151 12.4485678672791 12.4393351078033 12.3261027336121 12.4208703041077 12.9316370487213 13.1724042892456 13.0531716346741 12.9719398021698 13.1387069225311 13.3354740142822 13.2822411060333 13.0440590381622 13.1309268474579 13.7957949638367 14.1426634788513 14.1255311965942 14.3286349773407 14.6412672996521 -9999 -9999 -9999 -9999 -9999 13.8961281776428 13.7849380970001 13.6989758014679 13.9466488361359 -9999 -9999 13.5543131828308 13.1913435459137 13.6395177841187 13.3816914558411 13.083865404129 12.7580387592316 12.7843165397644 13.2766981124878 13.8150804042816 13.2919626235962 13.4531774520874 13.600225687027 14.2506077289581 14.5759902000427 14.2235939502716 -9999 -9999 -9999 -9999 -9999
14.0880930423737 13.861335515976 13.5245771408081 13.3478193283081 13.2710614204407 13.1843028068542 13.0375447273254 13.1707861423492 13.3980283737183 13.325270652771 13.3685126304626 13.3377540111542 13.3135433197021 13.701878786087 14.4127140045166 14.4405498504639 -9999 -9999 -9999 -9999 -9999 -9999 -9999 -9999 -9999 -9999 -9999 -9999 -9999 13.2694849967957 12.985591173172 13.11487865448 13.6150758266449 14.2172722816467 14.3214688301086 14.3956658840179 14.412036895752 14.3685803413391 14.1296246051788 14.0051684379578 13.9410693645477 14.0357122421265 14.3732998371124 14.6998436450958 14.5103878974915 14.5409321784973 -9999 -9999 -9999 -9999
14.3283860683441 13.8941028118134 13.6478190422058 13.3755352497101 13.391252040863 13.6669681072235 13.8526849746704 13.7524013519287 13.5821177959442 13.5418336391449 13.5515506267548 13.9112668037415 13.8305263519287 14.0321159362793 14.7926325798035 -9999 -9999 -9999 -9999 -9999 -9999 -9999 -9999 -9999 -9999 -9999 -9999 -9999 14.1717536449432 14.1697511672974 14.4101934432983 14.4704134464264 14.4326333999634 14.4528534412384 14.3890731334686 14.5092933177948 14.30375623703 14.2564623355865 14.1591682434082 13.9198744297028 13.5405802726746 13.5012862682343 13.4819922447205 13.9086978435516 14.5857677459717 -9999 -9999 -9999 -9999 -9999
14.1886794567108 14.5468702316284 14.6150612831116 14.425252199173 14.2834429740906 14.2736337184906 14.2498250007629 14.2100157737732 13.8422067165375 13.9083971977234 14.4215888977051 14.7867796421051 -9999 -9999 -9999 -9999 -9999 -9999 -9999 -9999 -9999 -9999 -9999 -9999 -9999 14.9218225479126 15.0753989219666 14.8584206104279 14.3752188682556 14.4274621009827 14.6637051105499 14.5779480934143 14.1901912689209 13.6764345169067 13.5426774024963 13.7849202156067 13.649475812912 13.4643442630768 13.261212348938 13.2800803184509 13.4969484806061 13.7638158798218 13.9326837062836 14.2255525588989 14.9638047218323 15.4492886066437 -9999 -9999 -9999 -9999
14.1389722824097 14.3496377468109 14.6323029994965 14.8429684638977 14.7436339855194 14.7442991733551 14.998964548111 15.1256303787231 14.7232956886292 14.040628194809 13.9419345855713 14.7225141525269 -9999 -9999 -9999 -9999 -9999 -9999 -9999 -9999 -9999 -9999 -9999 15.1361169815063 14.9944429397583 15.0171353816986 14.9081516265869 14.7804179191589 14.7906844615936 14.7229509353638 14.2093734741211 13.7752728462219 13.5521721839905 13.4710714817047 13.5342814922333 13.3045477867126 13.1351959705353 13.1422257423401 13.2352564334869 13.5222856998444 13.7213163375854 14.0823459625244 14.4573764801025 14.8348681926727 15.0474362373352 -9999 -9999 -9999 -9999 -9999
14.397264957428 14.5064051151276 14.5195446014404 14.6326847076416 14.6738245487213 15.0629653930664 15.262104511261 15.3468637466431 15.109475851059 14.831524848938 14.7257418632507 15.1538054943085 14.7201442718506 14.5016837120056 14.5498900413513 -9999 -9999 -9999 -9999 -9999 -9999 15.1248323917389 15.1542885303497 15.1737439632416 15.0209920406342 14.9572808742523 14.8895704746246 14.8918602466583 15.0401494503021 14.6107068061829 14.0557799339294 13.6168532371521 13.4369256496429 13.3939981460571 13.454071521759 13.4081754684448 13.3429160118103 13.4561083316803 13.6890523433685 14.0224919319153 14.4956843852997 14.7488760948181 15.0860681533813 15.1765103340149 -9999 -9999 -9999 -9999 14.9586861133575 15.0522394180298
14.1540081501007 14.2791721820831 14.5927865505219 14.7284009456635 14.7480161190033 14.7816302776337 14.9352445602417 14.722859621048 14.6584739685059 14.8520882129669 15.1968791484833 15.3198173046112 -9999 -9999 -9999 -9999 -9999 -9999 -9999 14.8906769752502 14.9526364803314 15.1000239849091 15.089697599411 14.8045644760132 15.0583646297455 14.9466772079468 14.7589893341064 15.0253019332886 15.1356148719788 14.6189393997192 14.4471862316132 14.27743268013 14.0916788578033 13.9519255161285 14.029171705246 14.1484189033508 14.2501888275146 14.411482334137 14.5007753372192 14.6946980953217 14.4620523452759 14.8214068412781 15.3504526615143 15.0012576580048 14.9954688549042 15.1968231201172 15.4481770992279 14.9911985397339 14.8655734062195 14.8712759017944
14.7983212471008 14.6758379936218 14.5600283145905 14.5961174964905 14.6862065792084 14.9322955608368 15.1463847160339 15.1744740009308 15.3386540412903 15.5495090484619 15.5287408828735 15.349719285965 15.1604454517365 -9999 -9999 -9999 -9999 15.0211510658264 15.3114745616913 15.3004338741302 15.0935752391815 14.9847161769867 15.2378575801849 15.3171486854553 14.9530720710754 14.755491733551 14.9739117622375 15.3353316783905 15.1737520694733 14.9371721744537 14.9537513256073 15.0000867843628 14.5644326210022 14.3018527030945 14.3642730712891 14.6746926307678 14.7676222324371 14.8540599346161 14.8044984340668 14.9399361610413 15.2584199905396 15.3939366340637 15.4789526462555 15.0596354007721 14.9808487892151 15.082001209259 15.01225233078 14.8754408359528 14.7132363319397 14.3463909626007
14.719634771347 14.5675270557404 14.5254194736481 14.5878338813782 14.7203974723816 14.9869613647461 15.6295249462128 15.6679775714874 15.589985370636 15.6592156887054 -9999 -9999 -9999 -9999 -9999 14.9037556648254 14.8753645420074 15.0178065299988 15.2495820522308 15.244190454483 15.0827996730804 15.4434087276459 15.6219222545624 15.4857335090637 15.570436000824 15.5940296649933 15.5246233940125 15.503217458725 15.284811258316 15.3984048366547 15.391998052597 15.2936220169067 15.1371855735779 14.6017796993256 14.5003728866577 14.7469673156738 14.9090554714203 14.9146385192871 15.0252206325531 15.2968032360077 15.6403865814209 15.9219689369202 15.5594897270203 15.1251344680786 15.4617168903351 15.8252997398376 15.6708827018738 15.2994651794434 15.0543394088745 14.7705049514771
14.5679471492767 14.6562166213989 14.695485830307 14.8567545413971 14.9720232486725 15.4156272411346 15.6466648578644 15.7009410858154 15.4797937870026 15.5597794055939 15.6148171424866 -9999 15.0674133300781 15.263489484787 -9999 15.0556418895721 15.1880824565887 15.3744614124298 15.7656102180481 15.837947845459 15.7960243225098 15.658921957016 15.6401195526123 15.4663178920746 15.5408005714417 15.6635680198669 15.7093348503113 15.6401028633118 15.2628703117371 14.7356374263763 15.0974044799805 15.5101718902588 15.6349394321442 15.5847070217133 15.1694736480713 15.0472409725189 15.3814885616302 15.4722163677216 15.825944185257 15.6106708049774 15.2943983078003 15.8121256828308 15.6908533573151 15.7295813560486 15.6353085041046 15.5920355319977 15.8807628154755 15.7004904747009 15.2274420261383 15.0626194477081
14.5542607307434 14.8879058361053 15.1855509281158 15.1781961917877 15.1527795791626 15.6402924060822 15.6829717159271 15.5888967514038 15.7774970531464 15.8976762294769 -9999 -9999 15.3473675251007 15.495388507843 15.6119849681854 15.2408621311188 15.3697395324707 15.5277829170227 15.5901601314545 15.577564239502 15.2911489009857 14.9737334251404 14.5963177680969 14.2049026489258 14.3551652431488 14.8931062221527 15.3950471878052 15.6549880504608 15.6569292545319 15.1888701915741 14.9088113307953 15.316751241684 15.5376923084259 15.6346335411072 15.8345744609833 15.9365155696869 15.9779224395752 15.8807940483093 15.4796662330627 15.1685380935669 15.3484103679657 15.3992826938629 15.294154882431 15.2950270175934 15.3688988685608 15.5367710590363 15.7986431121826 15.8345150947571 15.635546207428 15.5867338180542
