data/spatiotemp/temp2/bio5_norsw_test_2007_2010.asc
NCOLS 654 
NROWS 380 
XLLCORNER 3.91666666666667 
YLLCORNER 55.3333333333333 
CELLSIZE 0.0416666666666667 
NODATA_value -9999 
[rows 176 to 197 of 380, columns 150 to 199 of 654]
17.6598625183105 17.7715787887573 17.5013198852539 17.5500826835632 17.602846622467 17.0306105613708 17.1983752250671 17.2441391944885 17.1389031410217 17.62366771698 18.022430896759 18.2841944694519 17.9019589424133 17.8037223815918 17.7504320144653 17.9100914001465 17.9597501754761 18.1024069786072 18.1840653419495 18.7437224388123 19.0650482177734 19.224205493927 18.9766979217529 19.2758545875549 19.4700136184692 19.9233384132385 -9999 -9999 -9999 20.6726040840149 20.9148960113525 21.0930213928223 20.9364795684814 21.184937953949 21.0503959655762 20.9248538017273 20.7563133239746 20.4847712516785 20.4132418632507 20.6647248268127 20.7282071113586 20.6026892662048 20.2831726074219 19.6486549377441 19.1531376838684 18.9186196327209 19.3321022987366 19.3995842933655 18.8390684127808 18.7555513381958
17.6766901016235 17.7927713394165 17.3078327178955 17.0568752288818 17.0579171180725 16.7339582443237 17.2030005455017 17.4690413475037 17.3740825653076 17.3481245040894 17.4671664237976 17.3152084350586 17.4102501869202 17.534291267395 17.5309367179871 17.4561834335327 17.668429851532 17.8636779785156 17.9139242172241 18.7303862571716 18.7534198760986 19.0759816169739 19.2731847763062 19.5796608924866 -9999 19.8996534347534 20.2491312026978 20.4099655151367 20.3114237785339 20.5834703445435 21.0130915641785 21.1587991714478 21.1032586097717 21.2407155036926 21.2821741104126 21.2886323928833 21.2450904846191 21.0615491867065 20.9968400001526 20.2789635658264 19.314088344574 19.0952119827271 18.0753355026245 17.4474592208862 17.2865829467773 17.9787077903748 18.0738306045532 18.3169555664062 17.7230777740479 17.6282014846802
17.114764213562 17.3439445495605 17.1220669746399 17.4781312942505 17.7731976509094 17.5242614746094 17.1463265419006 17.1063914299011 17.0984568595886 17.378520488739 17.5065855979919 17.4486508369446 17.2947163581848 17.4387803077698 17.6894183158875 17.8582634925842 18.2769460678101 18.5912127494812 18.8415884971619 -9999 19.2381730079651 -9999 -9999 19.8518023490906 19.7355117797852 19.9737215042114 20.199499130249 20.2688455581665 20.3241906166077 20.1385359764099 20.3358812332153 20.4132270812988 20.3105726242065 19.7359185218811 19.7092633247375 19.8556089401245 19.6529550552368 19.9722990989685 20.0725464820862 19.5006923675537 19.034839630127 18.2999873161316 18.0221333503723 18.0672817230225 17.9444279670715 17.7075753211975 17.2997217178345 17.5208687782288 17.970016002655 17.7171630859375
16.873085975647 17.6940979957581 17.4910206794739 17.2048540115356 17.2136874198914 17.4165205955505 17.2553544044495 17.4481883049011 17.6200199127197 17.8828535079956 18.4226870536804 18.0205206871033 18.0899257659912 18.2496876716614 19.160876750946 -9999 -9999 17.8942618370056 18.2970571517944 18.4998517036438 19.0771474838257 19.2128291130066 19.4228205680847 19.7377824783325 19.8153285980225 19.7258729934692 19.0437054634094 19.0068254470825 19.1489448547363 18.7730650901794 19.5741848945618 19.6733055114746 19.2824249267578 18.6235437393188 18.0926637649536 18.1157846450806 18.2539033889771 18.28502368927 18.8993592262268 18.3229122161865 18.0284638404846 19.3550157546997 19.3275680541992 19.3121204376221 18.4586715698242 17.9202246665955 17.8027758598328 17.254328250885 17.4218807220459 18.0574316978455
17.9634079933167 17.9212517738342 17.7979741096497 17.4735770225525 17.0601782798767 17.0697798728943 16.8843822479248 17.1649842262268 17.6195855140686 18.0888543128967 18.7894563674927 -9999 -9999 -9999 18.9483370780945 18.8243837356567 18.6104316711426 18.0209784507751 18.4418601989746 18.6497411727905 18.9386200904846 19.2305021286011 19.1913828849792 19.302264213562 19.4511432647705 19.5400247573853 19.2969131469727 18.8938064575195 18.2437009811401 18.6765952110291 18.8484897613525 18.2323837280273 17.8912763595581 18.2771706581116 18.2870650291443 18.10395860672 18.0668535232544 17.9517478942871 17.2671732902527 16.9771308898926 17.4790873527527 17.5360445976257 18.2270016670227 18.5319581031799 18.3489165306091 18.0988731384277 17.7498307228088 17.613787651062 17.7857456207275 17.8647022247314
17.9187288284302 17.6774053573608 17.2599282264709 17.1332988739014 17.0756692886353 17.8180394172668 17.755838394165 17.9636263847351 18.7399015426636 -9999 -9999 -9999 18.8813366889954 18.7124342918396 18.6891074180603 18.5810251235962 18.6919937133789 18.9211955070496 19.0361199378967 19.1598773002625 19.1040945053101 18.8043112754822 18.7875266075134 18.8247442245483 18.9739608764648 19.3481760025024 19.3161187171936 18.6107873916626 19.0484557151794 18.5961236953735 18.2377924919128 18.7074608802795 18.7471299171448 19.0847978591919 19.0834655761719 18.7601342201233 18.199803352356 17.8414716720581 17.5869874954224 17.2083487510681 17.4997115135193 16.6710739135742 16.4644358158112 17.3367986679077 17.3031606674194 17.1975226402283 16.6688847541809 16.4772477149963 16.8796095848083 17.0039715766907
17.7275424003601 17.3729462623596 17.1088190078735 17.6813540458679 18.3523263931274 18.7233214378357 -9999 -9999 -9999 -9999 18.8312330245972 18.9737677574158 19.1698107719421 19.3005032539368 19.279465675354 19.204231262207 18.9633712768555 18.7758455276489 18.6123762130737 18.3680152893066 18.1315684318542 18.2831192016602 18.3656725883484 18.456223487854 18.6687769889832 18.8233275413513 18.7503256797791 18.3237690925598 18.9212102890015 18.8786535263062 18.5400958061218 19.0885391235352 18.7759823799133 18.9924249649048 17.9468669891357 16.8573098182678 16.7557525634766 16.9651956558228 17.9088006019592 18.4555668830872 18.2063360214233 17.939103603363 18.1078701019287 17.4386372566223 16.4804048538208 15.7731719017029 15.5629389286041 16.3657069206238 17.0634741783142 16.8932414054871
18.3299312591553 -9999 -9999 -9999 -9999 -9999 -9999 -9999 -9999 -9999 -9999 -9999 -9999 -9999 18.8464956283569 18.9692649841309 18.7324552536011 17.8713779449463 17.9082651138306 18.6361536979675 18.8720421791077 19.1609282493591 19.2038168907166 18.9887042045593 18.4705905914307 18.8384795188904 19.3215322494507 18.890748500824 19.0389657020569 18.8191838264465 19.0483994483948 19.2096180915833 18.5778336524963 18.2470512390137 17.6182684898376 17.6014862060547 17.8767018318176 18.0009198188782 18.1326146125793 18.2047867774963 17.7579593658447 17.7371311187744 17.8743047714233 16.6734762191772 15.7846486568451 16.6048209667206 16.8209934234619 16.0821666717529 16.37033867836 16.4925110340118
-9999 -9999 -9999 -9999 -9999 -9999 -9999 -9999 -9999 -9999 -9999 -9999 -9999 -9999 19.1360564231873 19.006591796875 19.1831007003784 19.5242776870728 19.5495190620422 19.2502584457397 19.2569985389709 19.6327381134033 19.6644792556763 19.4812188148499 19.2874083518982 19.106632232666 19.3587379455566 19.4867305755615 19.5187211036682 19.6347122192383 19.4747037887573 19.0336952209473 18.6226868629456 17.7126779556274 17.5536699295044 17.0366611480713 17.0346527099609 17.8516435623169 18.5234274864197 17.9240055084229 17.3555836677551 17.6621599197388 17.6377372741699 16.8783159255981 16.9468932151794 17.3144707679749 16.6280474662781 16.2226252555847 16.1492033004761 16.0987803936005
17.713264465332 17.1429166793823 17.4051561355591 17.7960057258606 18.8726406097412 19.4854688644409 19.6100368499756 19.5731773376465 19.4045305252075 18.8800520896912 18.6664056777954 18.6769270896912 18.8941135406494 18.7471356391907 19.0140409469604 18.7548308372498 18.2968707084656 19.0445923805237 19.5052003860474 19.3644905090332 19.0297803878784 18.6010708808899 18.4903607368469 18.6576504707336 19.2672243118286 19.1717829704285 19.4039449691772 18.865710735321 19.0424761772156 18.7892413139343 18.4750080108643 17.4757733345032 18.0635395050049 18.9133043289185 19.4490699768066 19.6378350257874 20.1416015625 20.0713677406311 19.176242351532 18.0022239685059 17.8172063827515 17.8621888160706 17.2011713981628 16.7931542396545 16.4811372756958 16.3171200752258 15.5151023864746 16.0700855255127 16.688068151474 16.275050163269
17.3120970726013 17.6901950836182 17.8474454879761 18.2098507881165 19.0252561569214 19.5576610565186 19.0890655517578 18.3604712486267 18.5118765830994 18.287281036377 18.2266864776611 18.2510914802551 18.2934956550598 18.2329015731812 18.6030654907227 18.6196141242981 18.5322036743164 18.4680438041687 18.724883556366 18.7777233123779 18.7515621185303 18.9094018936157 18.4682426452637 18.1630816459656 18.2620396614075 18.2649345397949 18.9831514358521 18.6146912574768 18.5362319946289 18.4647717475891 18.2033123970032 17.3378510475159 16.6303918361664 16.6469316482544 15.8804717063904 17.5670108795166 19.4805512428284 19.6760907173157 19.369056224823 19.2674431800842 18.8448309898376 18.4072184562683 17.5006060600281 17.0849933624268 16.7443809509277 16.1217701435089 15.9111568927765 15.987544298172 16.1609320640564 16.6533198356628
18.7467365264893 18.6005563735962 18.7379860877991 18.7732739448547 19.0995635986328 19.2438530921936 18.8411421775818 18.4404315948486 18.5157208442688 18.5460109710693 18.3762993812561 18.1165881156921 17.8568787574768 18.0511684417725 18.4680075645447 18.2053961753845 18.2477865219116 18.0121760368347 17.8565645217896 17.9399552345276 18.0623440742493 18.4327340126038 18.2281231880188 17.8855128288269 17.6969017982483 17.9552912712097 18.3103585243225 18.502673625946 18.3679866790771 17.4973015785217 16.7396154403687 17.9149293899536 17.4432439804077 16.1725580692291 16.7628722190857 18.4401865005493 18.9255013465881 18.4638147354126 18.1488695144653 18.632661819458 17.5834546089172 17.0622477531433 17.7800397872925 18.0648326873779 17.6976251602173 16.5094187259674 16.2102110385895 16.2870042324066 16.4747970104218 16.6305899620056
18.9618754386902 18.8252511024475 19.4285259246826 19.3956990242004 18.7448716163635 18.2430443763733 18.8632197380066 18.8023920059204 17.7595653533936 17.751739025116 17.9009132385254 17.8410868644714 17.9232597351074 18.173433303833 18.1784901618958 18.0694298744202 18.0823693275452 17.6193075180054 17.2402472496033 17.3671860694885 17.7791261672974 18.4020652770996 18.4580039978027 18.1009430885315 18.4028825759888 17.8198223114014 17.7185654640198 17.3706545829773 17.2287425994873 16.2838308811188 15.6709196567535 15.3540081977844 16.4900960922241 16.8661847114563 17.8592729568481 17.8183612823486 17.5894503593445 17.8375391960144 17.8836822509766 18.238881111145 17.959077835083 17.4262762069702 16.9534740447998 16.4726715087891 16.3378698825836 16.6410675048828 16.7932653427124 16.937463760376 17.0026612281799 17.2458600997925
18.7992644309998 19.0397782325745 19.5160641670227 17.8861217498779 17.0291800498962 18.2242374420166 18.790295124054 18.26935338974 18.1634101867676 18.2964687347412 18.1085267066956 18.2075843811035 18.1956429481506 18.0467000007629 18.3239741325378 18.2744626998901 18.1159515380859 18.143440246582 18.2479305267334 18.5954189300537 18.9819083213806 19.1703972816467 18.6928853988647 18.7143754959106 18.4998641014099 18.0683889389038 17.6997714042664 17.864634513855 17.3234977722168 17.3043599128723 17.2702226638794 16.7480862140656 16.927948474884 17.0048117637634 16.8676748275757 16.5895373821259 16.6434004306793 16.8162631988525 17.3814964294434 17.4350986480713 17.0657019615173 16.9023051261902 15.8199083805084 15.5305113792419 16.265114068985 16.3767168521881 16.550320148468 16.9181942939758 17.1701416969299 17.3660888671875
17.9026145935059 18.8382797241211 19.4175252914429 18.3743515014648 17.9871778488159 18.47900390625 18.4858303070068 18.0726566314697 17.7714824676514 17.5983095169067 17.5961351394653 17.741961479187 17.542788028717 17.5176138877869 17.8799052238464 17.9806604385376 18.2424154281616 18.5531711578369 18.9269261360168 18.9776816368103 19.0054368972778 18.7601919174194 18.7469477653503 18.2327017784119 18.2304573059082 18.0513014793396 17.6716690063477 17.6804356575012 17.3072032928467 16.9509701728821 17.4137372970581 17.6635050773621 16.851273059845 16.8340399265289 16.4248070716858 16.3065755367279 16.3303420543671 15.9151096343994 16.0853192806244 16.4649720191956 16.2316234111786 16.1272759437561 15.9049279689789 15.9705801010132 16.0572323799133 16.762885093689 16.6935369968414 16.4286236763 16.2853019237518 16.0924928188324
18.0009279251099 18.4557538032532 18.9799060821533 19.4513864517212 18.8798656463623 17.9813442230225 17.733823299408 17.6663022041321 17.4187812805176 17.2992606163025 17.3477392196655 17.4852180480957 16.8746976852417 16.9951772689819 16.9862856864929 17.6990232467651 17.7337608337402 17.7154979705811 18.4292368888855 18.2149748802185 18.5017127990723 18.7214512825012 19.0341882705688 18.8039264678955 18.9266638755798 18.3599720001221 18.3652558326721 18.3460578918457 18.1508603096008 18.2166609764099 18.0644640922546 18.4792652130127 17.6820678710938 16.4568700790405 15.1716721057892 15.0434739589691 15.9112763404846 16.0670781135559 16.231151342392 16.0614976882935 15.5331110954285 15.760139465332 16.0255336761475 16.3988797664642 16.327225446701 16.4365704059601 16.5549335479736 15.535261631012 15.104606628418 15.124951839447
18.1262402534485 18.5542283058167 19.2142882347107 18.9434208869934 18.3675518035889 18.1586837768555 18.1118154525757 17.6699481010437 17.6580791473389 17.7162113189697 17.5293436050415 17.4614744186401 16.7976078987122 16.4766674041748 17.1164469718933 17.5803861618042 17.6331062316895 17.8018269538879 18.0145478248596 18.2272682189941 18.0089888572693 17.800708770752 17.9264297485352 17.8351497650146 17.6280789375305 18.4455919265747 18.2418417930603 18.3086795806885 18.1685147285461 18.0613532066345 17.7221894264221 17.2630257606506 17.256863117218 16.2156419754028 16.1045367717743 16.3473734855652 16.8732104301453 16.9620471000671 16.7769844532013 16.2730233669281 16.0505185127258 16.1048979759216 16.3272774219513 16.5181787014008 16.4022173881531 16.3342559337616 16.4209227561951 15.9772582054138 15.9923725128174 15.9274113178253
18.6135520935059 19.3227024078369 18.3626704216003 17.9794549942017 17.7942404747009 17.777024269104 17.8358097076416 18.0705943107605 17.9983787536621 18.1891627311707 17.8549475669861 17.7877326011658 17.5565166473389 17.4917488098145 17.6133465766907 17.2597489356995 17.4484524726868 17.8341550827026 17.7778582572937 17.6625618934631 17.9362649917603 18.0789680480957 17.6416711807251 17.1473736763 17.2700772285461 18.1307806968689 18.8254289627075 19.0643000602722 18.9981718063354 18.7800440788269 17.6519145965576 16.6757278442383 17.7226586341858 17.1365303993225 17.5424013137817 17.9992723464966 18.0421447753906 17.493016242981 16.6404631137848 16.2621946334839 16.1439256668091 16.5990138053894 16.4647459983826 16.3494777679443 16.3812098503113 16.0699422359467 15.9143149852753 15.9840459823608 16.2201383113861 15.8738703727722
18.1108655929565 18.1671772003174 19.0020513534546 18.2974891662598 17.8679285049438 17.3693642616272 17.3568024635315 17.4412398338318 17.316677570343 17.1881146430969 17.4975519180298 16.7139897346497 17.6461563110352 17.3808288574219 17.4972453117371 17.9001116752625 17.7147965431213 17.9214835166931 17.3461694717407 17.3578543663025 17.7195401191711 17.3712267875671 16.7459120750427 16.3325879573822 17.1270790100098 17.7494974136353 17.8513712882996 17.9806971549988 17.8660244941711 18.6487345695496 19.1776404380798 18.3835468292236 19.0334534645081 19.0023593902588 18.7532663345337 18.0811724662781 18.0460772514343 17.6799850463867 16.9271669387817 15.7402503490448 15.6573331356049 16.1624162197113 15.8755006790161 16.07177734375 16.2912023067474 16.1796281337738 15.7518334388733 15.1329164505005 14.8460004329681 14.826328754425
17.2861776351929 18.4906516075134 19.0694346427917 18.9535241127014 18.3716149330139 18.2357053756714 18.4657955169678 17.9928851127625 17.4309768676758 17.3480653762817 17.1751561164856 17.2952470779419 17.4273371696472 16.8529102802277 17.0661430358887 17.9734745025635 18.2021427154541 17.8918113708496 17.3544793128967 17.1111483573914 17.1868171691895 17.6174850463867 17.5139312744141 16.8778672218323 16.5930116176605 16.1832358837128 16.6930675506592 17.3345108032227 17.0679531097412 17.4613952636719 17.1468367576599 16.5802788734436 17.3337206840515 17.5991625785828 18.1701302528381 18.1533489227295 17.8550696372986 16.8997917175293 17.1818699836731 16.7623057365417 16.5307409763336 16.4031763076782 16.4476110935211 16.4120762348175 16.1471948623657 15.4263136386871 15.2773518562317 14.2457871437073 13.1942229270935 13.5327877998352
18.3074908256531 18.5711264610291 18.2448153495789 17.4405589103699 17.1283025741577 17.0960445404053 17.712788105011 18.6195306777954 18.1442742347717 18.5320177078247 17.5957598686218 17.7035026550293 18.4402465820312 18.2409892082214 17.8141860961914 18.6098375320435 18.8134889602661 18.7311387062073 18.5617909431458 18.0184416770935 17.7820930480957 17.7807431221008 17.7163949012756 17.1571464538574 16.6349461078644 16.6889727115631 16.9347653388977 16.7723228931427 16.6978802680969 15.9634385108948 15.5449962615967 15.2785544395447 16.1561119556427 16.529670715332 16.887228012085 16.9967851638794 17.3215980529785 17.1902785301208 17.062931060791 16.6323616504669 16.4001479148865 16.6679351329803 16.679722070694 16.5733752250671 16.2691872119904 16.1209988594055 15.8948707580566 15.8706572055817 15.2024447917938 14.6742315292358
18.3848013877869 17.6826004981995 17.3841981887817 17.7125945091248 17.443989276886 17.0573854446411 17.6047811508179 17.9181771278381 17.014573097229 17.4969687461853 18.3893637657166 18.8307600021362 18.6671562194824 18.3065519332886 18.1095662117004 17.9362001419067 17.8320331573486 17.676468372345 17.4671015739441 18.0777349472046 18.6423687934875 18.7000026702881 18.7816367149353 18.6614255905151 18.260338306427 17.6592516899109 17.7652769088745 17.7621350288391 17.0718092918396 16.1974828243256 15.807156085968 15.4208300113678 15.6865029335022 15.3161766529083 14.9938509464264 15.5635244846344 16.6091980934143 16.6028718948364 17.1592779159546 17.2264165878296 16.9735555648804 17.0069994926453 17.1096129417419 16.5229725837708 15.3581116199493 14.8892507553101 15.8243892192841 16.2355282306671 16.0786669254303 15.8378055095673
