data/spatiotemp/temp2/bio5_norsw_test_2007_2010.asc
NCOLS 654 
NROWS 380 
XLLCORNER 3.91666666666667 
YLLCORNER 55.3333333333333 
CELLSIZE 0.0416666666666667 
NODATA_value -9999 
[rows 220 to 241 of 380, columns 550 to 599 of 654]
22.0862197875977 22.1786065101624 22.1749949455261 22.1273818016052 22.0917701721191 22.0841588973999 22.0845465660095 22.0769352912903 22.0133218765259 22.0177092552185 22.1059532165527 22.2740511894226 22.2581491470337 22.1342463493347 22.0063467025757 22.0624446868896 22.006543636322 21.9866418838501 21.9787406921387 21.9868378639221 21.9989361763 21.9990348815918 22.0423898696899 22.0890016555786 22.0876121520996 22.1422233581543 22.1858191490173 22.2335562705994 22.2392911911011 22.1160273551941 22.0757646560669 22.1094999313354 22.1072363853455 22.1309714317322 22.1467108726501 22.1574530601501 22.2821950912476 22.3609356880188 22.3796782493591 22.3144202232361 22.3011617660522 22.3239045143127 22.3456463813782 22.4333877563477 22.4901309013367 22.569872379303 22.6399631500244 22.644401550293 22.7208404541016 22.8572812080383
22.1389212608337 22.1513905525208 22.1878590583801 22.1483287811279 22.1047968864441 22.0852670669556 22.0897355079651 22.0942044258118 22.0386734008789 22.0511412620544 22.0713148117065 22.1471934318542 22.1550712585449 22.118950843811 22.0988292694092 22.0907082557678 22.0945863723755 22.0784645080566 22.0663437843323 22.0662221908569 22.0100989341736 21.9979786872864 22.0132246017456 22.0958347320557 22.1784448623657 22.2010545730591 22.1907081604004 22.1623058319092 22.119903087616 22.1794991493225 22.1960968971252 22.1236939430237 22.115291595459 22.1548886299133 22.1755638122559 22.2033162117004 22.1960697174072 22.1988248825073 22.1815776824951 22.2653317451477 22.2190842628479 22.241837978363 22.3615922927856 22.3563456535339 22.4780988693237 22.4928526878357 22.6131319999695 22.6639351844788 22.7157382965088 22.7875418663025
22.2036232948303 22.2121729850769 22.2087230682373 22.2092723846436 22.1138234138489 22.0263743400574 22.04292345047 22.1074738502502 22.1480231285095 22.1165728569031 22.0566773414612 22.0643358230591 22.0559949874878 22.0356531143188 22.0473103523254 22.070969581604 22.1106290817261 22.0902872085571 22.081946849823 22.0936045646667 22.0212626457214 22.0369219779968 22.1040573120117 22.2146654129028 22.2452788352966 22.2238893508911 22.158597946167 22.1030564308167 22.0905141830444 22.1519718170166 22.2124300003052 22.2128882408142 22.2163472175598 22.1508040428162 22.2014164924622 22.2461810112 22.2249464988708 22.2017116546631 22.2314772605896 22.2352423667908 22.2530069351196 22.2417726516724 22.3215374946594 22.4643025398254 22.4940671920776 22.5018320083618 22.5802993774414 22.7204670906067 22.764636516571 22.8188042640686
22.1843266487122 22.2969565391541 22.2775874137878 22.2262177467346 22.1788501739502 22.0674819946289 22.1201124191284 22.1247434616089 22.1493744850159 22.1740031242371 22.0860385894775 22.0654788017273 22.1209173202515 22.1403551101685 22.0917944908142 22.1032328605652 22.1226720809937 22.1061100959778 22.0935497283936 22.0769877433777 22.0444264411926 22.0198650360107 22.0228896141052 22.0655016899109 22.0921125411987 22.1251668930054 22.1404852867126 22.1238055229187 22.0771255493164 22.0774450302124 22.1047649383545 22.1890826225281 22.234402179718 22.2237205505371 22.2842683792114 22.305046081543 22.3268227577209 22.3405990600586 22.3723773956299 22.4391541481018 22.4379291534424 22.3927063941956 22.3374829292297 22.3662600517273 22.3740358352661 22.3268122673035 22.4424681663513 22.4600009918213 22.6475338935852 22.7180666923523
22.2250289916992 22.2177414894104 22.1704530715942 22.1671648025513 22.1398768424988 22.0685882568359 22.0773015022278 22.1380124092102 22.1307253837585 22.1674361228943 22.1434016227722 22.1066207885742 22.1098399162292 22.1330585479736 22.160276889801 22.1434955596924 22.1787137985229 22.0979342460632 22.1291527748108 22.1563715934753 22.1275911331177 22.0988092422485 22.0617232322693 22.0323338508606 22.0989456176758 22.1055564880371 22.0453748703003 22.0665559768677 22.0527358055115 22.085916519165 22.1250977516174 22.0882782936096 22.1204590797424 22.1336388587952 22.2331223487854 22.3009104728699 22.3896989822388 22.4654879570007 22.507276058197 22.4860639572144 22.4228515625 22.4406404495239 22.4334287643433 22.4742178916931 22.4520049095154 22.4277935028076 22.5446367263794 22.5745348930359 22.5964322090149 22.6253294944763
22.1137323379517 22.214524269104 22.1753177642822 22.1881098747253 22.1929025650024 22.1616959571838 22.1584887504578 22.1432828903198 22.1240754127502 22.1408696174622 22.0967645645142 22.0757627487183 22.0907626152039 22.141761302948 22.1887583732605 22.1637578010559 22.1747579574585 22.1413855552673 22.1782054901123 22.1810264587402 22.1788473129272 22.1646671295166 22.2170972824097 22.2111668586731 22.1621813774109 22.1402235031128 22.1252646446228 22.1083064079285 22.1573486328125 22.0873889923096 22.1764297485352 22.1334729194641 22.1935133934021 22.2825541496277 22.3329749107361 22.327775478363 22.3445749282837 22.4853758811951 22.4911742210388 22.4429755210876 22.4637746810913 22.4835748672485 22.4433732032776 22.4101748466492 22.5029745101929 22.4937739372253 22.4418034553528 22.5950665473938 22.6233291625977 22.6335911750793
22.2633428573608 22.2521481513977 22.2849516868591 22.3137559890747 22.2425622940063 22.2153668403625 22.1841716766357 22.0929751396179 22.1617803573608 22.2465839385986 22.2903938293457 22.2812061309814 22.2440209388733 22.2028341293335 22.157648563385 22.1604619026184 22.1508502960205 22.1834015846252 22.2209024429321 22.1165041923523 22.1140561103821 22.2496066093445 22.2208633422852 22.2768235206604 22.2227835655212 22.1137452125549 22.1247057914734 22.139666557312 22.1496262550354 22.1795873641968 22.1835479736328 22.2105073928833 22.2454681396484 22.3224277496338 22.2339911460876 22.3611559867859 22.3733205795288 22.4754843711853 22.4086489677429 22.4308123588562 22.4479775428772 22.4791417121887 22.4533071517944 22.4294710159302 22.464635848999 22.3487997055054 22.5559101104736 22.5599627494812 22.6210169792175 22.5880708694458
22.3498659133911 22.3226108551025 22.3313589096069 22.2801055908203 22.3328518867493 22.1415991783142 22.1463451385498 22.2150912284851 22.2998371124268 22.4925851821899 22.688289642334 22.69895362854 22.4536170959473 22.208279132843 22.1789426803589 22.1656069755554 22.1802706718445 22.1854100227356 22.1655964851379 22.1002597808838 22.0744581222534 22.1055865287781 22.2109489440918 22.1998863220215 22.1478247642517 22.1777601242065 22.1066980361938 22.1826357841492 22.2015733718872 22.243510723114 22.2584471702576 22.2483854293823 22.227322101593 22.2962603569031 22.3501682281494 22.415050983429 22.4269337654114 22.5028162002563 22.4156970977783 22.483579158783 22.518461227417 22.4263434410095 22.5172262191772 22.5221076011658 22.4919896125793 22.4748711585999 22.5019493103027 22.5292224884033 22.5904951095581 22.551766872406
22.3043856620789 22.2650761604309 22.2737641334534 22.2704529762268 22.3471417427063 22.3038301467896 22.3005185127258 22.3292074203491 22.3538966178894 22.4265851974487 22.514187335968 22.4887003898621 22.3872127532959 22.2577252388 22.1829795837402 22.1907520294189 22.1812634468079 22.2237768173218 22.2662901878357 22.2248020172119 22.2393159866333 22.2280039787292 22.2250337600708 22.1729488372803 22.184862613678 22.115777015686 22.0616908073425 22.0846056938171 22.102520942688 22.0814342498779 22.1493482589722 22.1732625961304 22.1951770782471 22.2470903396606 22.3353476524353 22.3939471244812 22.4335465431213 22.4701471328735 22.4157457351685 22.4433455467224 22.4479446411133 22.3875451087952 22.4641451835632 22.5337443351746 22.5703434944153 22.5709433555603 22.5759892463684 22.5654802322388 22.5569715499878 22.5894627571106
22.2749094963074 22.2435398101807 22.2161712646484 22.1968035697937 22.2614331245422 22.2740631103516 22.2786936759949 22.3433256149292 22.3879556655884 22.4085865020752 22.4680848121643 22.4744462966919 22.4248089790344 22.3631711006165 22.2975950241089 22.3318943977356 22.2862577438354 22.1886215209961 22.2029824256897 22.2493457794189 22.2512583732605 22.2192034721375 22.2051210403442 22.1460123062134 22.1559023857117 22.0857939720154 22.1226840019226 22.1105761528015 22.0644669532776 22.0153574943542 21.9452486038208 22.1211395263672 22.1690311431885 22.2789225578308 22.2415266036987 22.2258448600769 22.3151617050171 22.3734765052795 22.4387946128845 22.4411115646362 22.4254288673401 22.4067463874817 22.4470643997192 22.5193800926208 22.5366983413696 22.5980157852173 22.6010293960571 22.5497388839722 22.5754499435425 22.5811591148376
22.3694319725037 22.2980046272278 22.2385787963867 22.1911506652832 22.2917218208313 22.2842960357666 22.3048691749573 22.3854422569275 22.3860144615173 22.393726348877 22.4562458992004 22.4769868850708 22.4077277183533 22.4164700508118 22.3712110519409 22.425952911377 22.3956942558289 22.3284349441528 22.3051762580872 22.2359180450439 22.3126587867737 22.2504019737244 22.2352061271667 22.2450742721558 22.1959419250488 22.0958099365234 22.2526774406433 22.2395462989807 22.1584143638611 22.0632820129395 22.0941500663757 22.1990180015564 22.1578860282898 22.2147545814514 22.187705039978 22.1987400054932 22.3057732582092 22.3848090171814 22.4588437080383 22.4458775520325 22.4689121246338 22.4889464378357 22.4999828338623 22.4910173416138 22.4700527191162 22.4870872497559 22.4860692024231 22.5509963035583 22.5659260749817 22.5678558349609
22.2799534797668 22.252468585968 22.3369832038879 22.2974972724915 22.3540139198303 22.378529548645 22.4070444107056 22.3915586471558 22.3949136734009 22.4232392311096 22.4936718940735 22.4862112998962 22.3997502326965 22.3532891273499 22.3648276329041 22.3703660964966 22.3749041557312 22.32244348526 22.3399829864502 22.3195214271545 22.2690606117249 22.1916007995605 22.1802916526794 22.2001376152039 22.2249827384949 22.206826210022 22.1996717453003 22.1995158195496 22.1323599815369 22.1962051391602 22.1800508499146 22.1548953056335 22.1527400016785 22.1775846481323 22.2548837661743 22.3106350898743 22.3443875312805 22.3811407089233 22.3928923606873 22.4006443023682 22.4823970794678 22.5181488990784 22.5649027824402 22.5046544075012 22.4974064826965 22.4751572608948 22.5141081809998 22.4922552108765 22.5404043197632 22.5565505027771
22.3144755363464 22.2869324684143 22.3273892402649 22.3638472557068 22.3683042526245 22.3487610816956 22.4052176475525 22.3336744308472 22.3741326332092 22.5067520141602 22.6097741127014 22.5284342765808 22.4177703857422 22.3871073722839 22.3324437141418 22.3247804641724 22.3291158676147 22.3114533424377 22.3097891807556 22.2651252746582 22.2354626655579 22.2657990455627 22.2643780708313 22.2641987800598 22.2680206298828 22.2868428230286 22.2016654014587 22.1434860229492 22.0983076095581 22.1611299514771 22.1799502372742 22.1357727050781 22.2135944366455 22.2694153785706 22.3040618896484 22.420530796051 22.3220014572144 22.3034706115723 22.3659410476685 22.4384112358093 22.4918808937073 22.5233502388 22.5488204956055 22.5802917480469 22.5357608795166 22.5402307510376 22.4611477851868 22.468514919281 22.5038805007935 22.4742469787598
22.4889984130859 22.4693970680237 22.4017958641052 22.4221959114075 22.4665956497192 22.4189944267273 22.4353928565979 22.4054989814758 22.3928813934326 22.4452652931213 22.4905242919922 22.3926582336426 22.3767929077148 22.3719258308411 22.3300604820251 22.3081946372986 22.3143277168274 22.3534617424011 22.3225951194763 22.3037281036377 22.2778635025024 22.2929973602295 22.3254623413086 22.2732615470886 22.3030600547791 22.2668581008911 22.2316584587097 22.1744556427002 22.1002540588379 22.1650528907776 22.1938524246216 22.2056503295898 22.2604489326477 22.2832474708557 22.3012404441833 22.3804273605347 22.3786149024963 22.3818020820618 22.4779896736145 22.5461773872375 22.5923652648926 22.5715527534485 22.5777406692505 22.5899276733398 22.6091151237488 22.6283030509949 22.530189037323 22.4907732009888 22.5173578262329 22.4359431266785
22.471519947052 22.5318608283997 22.4762029647827 22.4485445022583 22.4968867301941 22.4972276687622 22.5205411911011 22.466953754425 22.413366317749 22.4327783584595 22.4529509544373 22.3878817558289 22.3288130760193 22.3537440299988 22.3116774559021 22.3146080970764 22.3455390930176 22.3514699935913 22.33740234375 22.2623333930969 22.2852635383606 22.3201951980591 22.3465480804443 22.3383235931396 22.2870993614197 22.2878751754761 22.2626514434814 22.2234263420105 22.1672019958496 22.2939777374268 22.302752494812 22.3095273971558 22.3363032341003 22.2730784416199 22.3524179458618 22.3323225975037 22.3542275428772 22.3951334953308 22.4670381546021 22.5159435272217 22.5928492546082 22.6257538795471 22.6506590843201 22.617564201355 22.6404700279236 22.6953754425049 22.6372289657593 22.5730328559875 22.5178365707397 22.4876403808594
22.5220408439636 22.5223245620728 22.4786095619202 22.5268912315369 22.5671758651733 22.5114593505859 22.4969682693481 22.5184092521667 22.452850818634 22.4322915077209 22.4673767089844 22.4761056900024 22.4628348350525 22.4195637702942 22.3452911376953 22.3730216026306 22.3547501564026 22.2964792251587 22.3082065582275 22.3059363365173 22.2786645889282 22.3133931159973 22.3236336708069 22.3153862953186 22.2861385345459 22.2508926391602 22.2086448669434 22.2053966522217 22.232147693634 22.2379012107849 22.2846522331238 22.2974047660828 22.2921576499939 22.3289089202881 22.3505964279175 22.2732195854187 22.3038420677185 22.3494648933411 22.4170866012573 22.5037097930908 22.5863332748413 22.6909556388855 22.6755776405334 22.6892004013062 22.6878232955933 22.5784459114075 22.5652680397034 22.556291103363 22.5413136482239 22.4943351745605
22.5485634803772 22.5327882766724 22.465015411377 22.4932403564453 22.5664539337158 22.4989242553711 22.4533944129944 22.5198645591736 22.4863338470459 22.4228053092957 22.4508037567139 22.480329990387 22.4038558006287 22.4023818969727 22.333909034729 22.271436214447 22.2829618453979 22.3184866905212 22.3450140953064 22.338538646698 22.325065612793 22.298593044281 22.2977209091187 22.3224482536316 22.2921781539917 22.238908290863 22.2176370620728 22.218367099762 22.2370948791504 22.2088241577148 22.1935539245605 22.1652827262878 22.1700115203857 22.2477412223816 22.2617754936218 22.2971167564392 22.3794555664062 22.4087958335876 22.4091358184814 22.4144759178162 22.4998173713684 22.5501556396484 22.5684962272644 22.6048374176025 22.6501779556274 22.562518119812 22.5813088417053 22.5705490112305 22.6317911148071 22.6550316810608
22.5350852012634 22.5072526931763 22.4634199142456 22.4533224105835 22.5858221054077 22.6123213768005 22.5498208999634 22.5193195343018 22.5258202552795 22.3963179588318 22.4182300567627 22.4605536460876 22.4768762588501 22.4472012519836 22.4205236434937 22.3588485717773 22.2691731452942 22.2064971923828 22.3068189620972 22.271143913269 22.2374672889709 22.2677912712097 22.3048062324524 22.3555121421814 22.3742170333862 22.3799228668213 22.3846282958984 22.380334854126 22.3820419311523 22.3817467689514 22.2504544258118 22.2121596336365 22.2628660202026 22.3025722503662 22.3169541358948 22.3430109024048 22.4060697555542 22.4011263847351 22.4201846122742 22.4602417945862 22.4483003616333 22.5263576507568 22.528416633606 22.5144734382629 22.5795321464539 22.5565886497498 22.5303478240967 22.6278085708618 22.7912683486938 22.7377285957336
22.5382380485535 22.4984068870544 22.4865736961365 22.5526156425476 22.5939183235168 22.6342206001282 22.6275224685669 22.5268259048462 22.5211277008057 22.5134305953979 22.5191617012024 22.4953198432922 22.4974789619446 22.4586381912231 22.4457960128784 22.3759551048279 22.3111143112183 22.3282732963562 22.3304328918457 22.3075904846191 22.2047491073608 22.2139091491699 22.2768406867981 22.2965469360352 22.3472528457642 22.4579572677612 22.5176649093628 22.5573701858521 22.6010761260986 22.4727830886841 22.3914875984192 22.3221955299377 22.3269009590149 22.3876066207886 22.3331427574158 22.3555111885071 22.4108777046204 22.4222450256348 22.4456119537354 22.4509797096252 22.4033470153809 22.381715297699 22.4490818977356 22.5124497413635 22.5578165054321 22.6121850013733 22.7318630218506 22.8078503608704 22.9148383140564 22.8158278465271
22.5832204818726 22.5651016235352 22.5739808082581 22.6458621025085 22.6027421951294 22.6166219711304 22.6245017051697 22.5513815879822 22.4522609710693 22.4601421356201 22.4595980644226 22.4256286621094 22.4306592941284 22.3966917991638 22.3807234764099 22.3007550239563 22.2817883491516 22.3188180923462 22.3288493156433 22.3608798980713 22.3839111328125 22.4129438400269 22.4148235321045 22.3945531845093 22.3892822265625 22.3910102844238 22.396740436554 22.373468875885 22.4001984596252 22.4349279403687 22.4186573028564 22.4113850593567 22.3981151580811 22.456844329834 22.4303431510925 22.3616123199463 22.3708825111389 22.4211511611938 22.4444193840027 22.4566884040833 22.4689583778381 22.4682264328003 22.4894957542419 22.5307650566101 22.6270337104797 22.8013024330139 22.9478497505188 22.9376764297485 22.9025030136108 22.7103295326233
22.7477350234985 22.7491927146912 22.7476496696472 22.7241077423096 22.7055659294128 22.6440229415894 22.5854806900024 22.5579376220703 22.4703950881958 22.4198532104492 22.4240345954895 22.4039378166199 22.3798418045044 22.3397464752197 22.3676514625549 22.3035554885864 22.2864594459534 22.3093628883362 22.3222680091858 22.3731708526611 22.3930745124817 22.322979927063 22.3248076438904 22.3715605735779 22.4143118858337 22.4170637130737 22.3708162307739 22.3665680885315 22.4053206443787 22.4380731582642 22.4818258285522 22.4515790939331 22.4683308601379 22.5220823287964 22.5585446357727 22.4897150993347 22.4848861694336 22.4500555992126 22.4772267341614 22.5653967857361 22.5775690078735 22.5847396850586 22.611909866333 22.7440810203552 22.8432507514954 22.8854217529297 22.9548392295837 22.9125037193298 22.8851661682129 22.7598328590393
22.7662477493286 22.7622838020325 22.7263188362122 22.7163534164429 22.6533885002136 22.610424041748 22.5844593048096 22.5574946403503 22.4795293807983 22.4205632209778 22.4054703712463 22.4232473373413 22.4130234718323 22.4088010787964 22.4035768508911 22.3513555526733 22.3481311798096 22.3929080963135 22.4196839332581 22.4524607658386 22.4112377166748 22.3590145111084 22.3287916183472 22.369565486908 22.4023423194885 22.4351167678833 22.4238920211792 22.3886680603027 22.3684439659119 22.4092183113098 22.4419941902161 22.5057702064514 22.5925464630127 22.6703219413757 22.6917452812195 22.6368174552917 22.5218892097473 22.5219612121582 22.5960350036621 22.7571067810059 22.867178440094 22.8202514648438 22.7123231887817 22.7533950805664 22.81946849823 22.8765397071838 22.8728270530701 22.9083294868469 22.9988322257996 22.91033411026
