data/spatiotemp/temp2/bio6_norsw_test_2007_2010.asc
NCOLS 654 
NROWS 380 
XLLCORNER 3.91666666666667 
YLLCORNER 55.3333333333333 
CELLSIZE 0.0416666666666667 
NODATA_value -9999 
[rows 154 to 175 of 380, columns 144 to 191 of 654]
-9999 -9999 -9999 -9999 -9999 -9999 -9999 -9999 -9999 -9999 -9999 -9999 -9999 -9999 -9999 -9999 -9999 -9999 -9999 -9999 -2.98633532226086 -9999 -2.26514904201031 -9999 -9999 -9999 -9999 -9999 -3.80159017443657 -3.95349690318108 -4.0411179959774 -4.55016773939133 -4.91964992880821 -4.87742179632187 -4.67352706193924 -4.82963246107101 -5.26073768734932 -5.32041448354721 -5.52919840812683 -5.74805396795273 -5.87379550933838 -5.87026429176331 -6.10636961460114 -6.32647496461868 -6.6337149143219 -6.84608936309814 -6.95846349000931 -7.11783808469772
-9999 -9999 -9999 -9999 -9999 -9999 -9999 -9999 -9999 -9999 -9999 -9999 -9999 -9999 -9999 -9999 -9999 -9999 -9999 -9999 -9999 -9999 -9999 -9999 -9999 -9999 -9999 -9999 -9999 -9999 -4.39350256323814 -4.95357149839401 -5.46543949842453 -5.31066310405731 -5.13030380010605 -5.55250883102417 -5.56486517190933 -5.8685849905014 -6.49412328004837 -6.76866126060486 -6.59319967031479 -6.28773778676987 -6.16927605867386 -6.6528137922287 -6.9537558555603 -7.3201014995575 -7.87144684791565 -7.95779275894165
-9999 -9999 -9999 -9999 -9999 -9999 -9999 -9999 -9999 -9999 -9999 -9999 -9999 -9999 -9999 -9999 -9999 -9999 -9999 -9999 -9999 -9999 -9999 -9999 -9999 -9999 -9999 -4.562166005373 -4.7715248465538 -4.87698212265968 -4.65493491292 -5.04729744791985 -5.52401334047318 -5.52544289827347 -5.08112818002701 -5.71192312240601 -6.14235609769821 -6.8173269033432 -7.23629814386368 -7.09226894378662 -7.22324013710022 -7.05621111392975 -7.11518210172653 -7.20215320587158 -7.63779699802399 -7.59311366081238 -8.0704300403595 -8.47174668312073
-9999 -9999 -9999 -9999 -9999 -9999 -9999 -9999 -9999 -9999 -9999 -9999 -9999 -9999 -9999 -9999 -9999 -9999 -9999 -9999 -9999 -3.64573785662651 -3.55910010635853 -3.44496247172356 -4.22332468628883 -4.62899470329285 -4.61879909038544 -5.08841145038605 -5.63510715961456 -5.50855714082718 -5.66044282913208 -5.29686039686203 -5.29414016008377 -5.16111999750137 -5.01885718107224 -5.57683223485947 -6.07528376579285 -6.30206888914108 -6.41147267818451 -6.52287662029266 -6.29828083515167 -6.56468445062637 -6.84108859300613 -7.01449233293533 -7.27483814954758 -7.75412571430206 -8.20441317558289 -8.48370099067688
-9999 -9999 -9999 -9999 -9999 -9999 -9999 -9999 -9999 -9999 -9999 -9999 -9999 -9999 -9999 -9999 -9999 -3.41913203150034 -3.61781252920628 -9999 -3.20355035364628 -3.78791297972202 -3.79548998177052 -3.98679685592651 -4.6713579595089 -5.34426212310791 -5.54565465450287 -5.2624217569828 -9999 -5.51102805137634 -5.69643241167068 -5.76741564273834 -5.41743940114975 -9999 -5.59765779972076 -6.03477358818054 -6.28292870521545 -5.70117914676666 -5.75878381729126 -5.88448441028595 -6.07732117176056 -6.54515784978867 -7.09099477529526 -7.39383167028427 -7.80787885189056 -8.32713794708252 -8.59639656543732 -8.67665553092957
-9999 -9999 -9999 -9999 -9999 -9999 -9999 -9999 -9999 -9999 -9999 -9999 -9999 -9999 -9999 -9999 -9999 -3.63331194221973 -3.74137985706329 -3.86751165986061 -3.9397252202034 -4.20151671767235 -4.1247366964817 -4.32890915870667 -4.66224825382233 -5.27475410699844 -5.95175981521606 -5.72135663032532 -5.46515595912933 -5.74352741241455 -5.74561649560928 -5.71089971065521 -5.53979456424713 -5.7534738779068 -6.3477435708046 -6.48258942365646 -6.06290829181671 -6.00055259466171 -6.05908566713333 -6.44309210777283 -6.87036150693893 -7.35063135623932 -7.64890086650848 -7.77317035198212 -7.90992033481598 -7.94814991950989 -8.05337989330292 -7.94760966300964
-9999 -9999 -9999 -9999 -9999 -9999 -9999 -9999 -9999 -9999 -9999 -9999 -9999 -9999 -9999 -9999 -9999 -3.78320607542992 -4.04927714169025 -4.26237636804581 -4.46256670355797 -4.72897744178772 -5.18055492639542 -5.13476413488388 -5.39571005105972 -5.80628770589828 -6.3698650598526 -6.50644278526306 -6.16602021455765 -6.00772261619568 -5.63144814968109 -5.47750294208527 -5.22961518168449 -5.62398421764374 -6.13769394159317 -5.90855628252029 -5.90917527675629 -6.10070353746414 -6.4304319024086 -6.56069958209991 -6.84602719545364 -6.91852140426636 -7.03780722618103 -7.20250988006592 -7.26296150684357 -7.34216219186783 -7.52836316823959 -7.51156395673752
-9999 -9999 -9999 -9999 -9999 -9999 -9999 -9999 -9999 -9999 -9999 -9999 -9999 -3.43663220107555 -4.06253495812416 -4.14052101969719 -4.23934030532837 -4.43243062496185 -4.81229984760284 -4.86843770742416 -5.00207474827766 -5.31395149230957 -5.88737314939499 -6.31652235984802 -5.97767186164856 -5.94482117891312 -6.24197053909302 -6.52711987495422 -6.46726930141449 -6.18441838026047 -5.88945025205612 -6.22146701812744 -6.18770724534988 -5.73322212696075 -5.41888034343719 -5.70851558446884 -6.19959318637848 -6.30966138839722 -6.56138926744461 -7.28530740737915 -7.81744289398193 -7.83757841587067 -7.69671350717545 -7.73284864425659 -7.47800254821777 -7.47217434644699 -7.5033460855484 -7.55851805210114
-9999 -9999 -9999 -9999 -9999 -9999 -9999 -9999 -9999 -9999 -9999 -9999 -9999 -3.50820629298687 -4.24984979629517 -4.42524307966232 -4.25700029730797 -5.10271489620209 -5.72704887390137 -5.3551127910614 -4.90699961781502 -5.61947059631348 -6.22619146108627 -6.41891276836395 -6.53963375091553 -6.47335493564606 -6.8780757188797 -7.00879716873169 -7.1145179271698 -6.66423898935318 -6.50595992803574 -7.26568114757538 -6.973936855793 -6.16992199420929 -6.0053043961525 -6.17351114749908 -6.5782099366188 -6.82177811861038 -6.95634663105011 -7.31091487407684 -7.62348318099976 -8.03405141830444 -8.25261950492859 -8.08618819713593 -8.00304365158081 -7.98218631744385 -7.8243293762207 -7.98847246170044
-9999 -9999 -9999 -9999 -9999 -9999 -9999 -9999 -9999 -3.26024334132671 -9999 -3.25072604417801 -3.17811025679111 -4.05936360359192 -4.64537876844406 -5.12871533632278 -4.87901616096497 -5.61265063285828 -6.08496224880219 -6.3030858039856 -6.00442433357239 -5.84976267814636 -6.12684321403503 -6.53530263900757 -7.09259569644928 -7.37488806247711 -7.56818127632141 -7.33247399330139 -7.08276671171188 -7.17005968093872 -7.03635257482529 -6.46479594707489 -6.22918117046356 -6.26647025346756 -6.51951682567596 -6.57951784133911 -6.98751932382584 -7.08552008867264 -7.02752131223679 -7.32852286100388 -7.48552376031876 -7.7835248708725 -7.91952621936798 -8.01852715015411 -8.11808478832245 -8.13119876384735 -8.22331273555756 -8.46642684936523
-9999 -9999 -9999 -9999 -9999 -9999 -9999 -9999 -3.07822939008474 -3.2696877270937 -3.31947940587997 -3.2676043510437 -3.69850713014603 -4.48885440826416 -4.9769794344902 -5.39146798849106 -5.98522925376892 -6.49235433340073 -6.74247926473618 -6.95360422134399 -6.99109899997711 -6.7999638915062 -6.70782804489136 -6.86369293928146 -7.02655744552612 -7.40242207050323 -7.498286485672 -7.48015093803406 -7.66101551055908 -7.51888036727905 -6.80439323186874 -6.52548640966415 -6.67923784255981 -7.20963007211685 -7.039022564888 -6.9883941411972 -7.09182798862457 -7.2952623963356 -7.1196962594986 -7.4721302986145 -7.76956415176392 -7.97799825668335 -8.30943250656128 -8.53386604785919 -8.43512606620789 -8.4912109375 -8.6062958240509 -8.76938104629517
-9999 -9999 -9999 -9999 -9999 -9999 -9999 -2.98166684806347 -3.31484965980053 -3.33032262325287 -4.054792791605 -4.27436369657516 -4.72949749231339 -5.54892855882645 -5.85379415750504 -5.88966006040573 -5.87152552604675 -6.37739139795303 -6.67625713348389 -6.92312264442444 -7.27777373790741 -7.37721014022827 -7.33264648914337 -7.10608297586441 -7.1785192489624 -7.0219554901123 -7.00839185714722 -7.51982831954956 -7.34826445579529 -7.05470073223114 -6.43513715267181 -6.9735734462738 -6.87970411777496 -7.00252944231033 -7.3193547129631 -7.17027014493942 -7.06913715600967 -7.32300388813019 -7.56487089395523 -7.67673790454865 -7.57560473680496 -7.8014714717865 -8.10033845901489 -8.27820575237274 -8.57216703891754 -8.72822284698486 -8.83627915382385 -8.9873354434967
-9999 -9999 -9999 -9999 -9999 -9999 -9999 -3.42478033900261 -3.71737450361252 -4.16490042209625 -5.01985049247742 -5.38195258378983 -5.99014514684677 -6.61133790016174 -6.8075305223465 -6.73672330379486 -6.45991581678391 -6.45910847187042 -6.50330138206482 -6.92649430036545 -7.01367312669754 -7.23883843421936 -7.21700394153595 -7.14616978168488 -7.13733518123627 -6.890500664711 -6.83866614103317 -6.83183157444 -6.96099704504013 -7.05816280841827 -6.52032792568207 -6.6454935669899 -7.05462175607681 -6.90271192789078 -6.99180203676224 -7.18671882152557 -7.29588305950165 -7.53204625844955 -7.74620997905731 -7.91537415981293 -8.07753789424896 -8.06870174407959 -8.23386549949646 -8.35502922534943 -8.5114768743515 -8.52120912075043 -8.55094110965729 -8.40367341041565
-9999 -9999 -3.07879117876291 -3.25781264901161 -3.38274312019348 -3.98767393827438 -4.25010442733765 -4.69725704193115 -5.34788650274277 -5.62191987037659 -5.37901496887207 -5.86615663766861 -6.21997666358948 -6.48508274555206 -6.55718863010406 -6.81029438972473 -6.91340005397797 -6.88850623369217 -7.1086118221283 -7.45371794700623 -7.62579703330994 -7.62884902954102 -7.40390110015869 -7.22095322608948 -7.02500534057617 -7.05905747413635 -7.01510965824127 -7.38816154003143 -7.79421353340149 -7.27826547622681 -6.74231779575348 -6.79136973619461 -7.08998954296112 -7.28317719697952 -7.24036437273026 -7.35855221748352 -7.55373954772949 -7.7799266576767 -7.90611457824707 -7.91830205917358 -7.98136377334595 -8.19567704200745 -8.24686431884766 -8.11533761024475 -7.79205656051636 -7.46516931056976 -7.18828219175339 -7.16239476203918
-9999 -9999 -9999 -3.87149327993393 -9999 -4.56714138388634 -4.80975723266602 -5.64460784196854 -6.1237319111824 -6.29475116729736 -6.26877009868622 -6.83378934860229 -6.76780825853348 -6.70882749557495 -6.76284641027451 -6.84686559438705 -7.14188474416733 -7.4419037103653 -7.61092281341553 -7.76394176483154 -7.75692069530487 -7.46585953235626 -7.71479797363281 -7.83573651313782 -7.49667525291443 -7.42761385440826 -7.64555287361145 -7.81949126720428 -7.8424299955368 -7.66836869716644 -7.33130717277527 -6.88124585151672 -6.83535766601562 -7.02964234352112 -7.40092658996582 -7.53521180152893 -7.71149623394012 -7.54478120803833 -7.51706606149673 -7.44335055351257 -7.50263530015945 -7.38367509841919 -7.31316047906876 -7.3756462931633 -7.22463595867157 -7.06412917375565 -6.99462276697159 -7.16211688518524
-9999 -3.90123860538006 -4.30737289786339 -4.82600709795952 -5.04047471284866 -4.69494211673737 -5.23877245187759 -5.76582181453705 -6.29108458757401 -6.70484298467636 -6.97177523374557 -6.87770736217499 -7.05563998222351 -7.06857204437256 -6.98250466585159 -7.15343677997589 -7.39536893367767 -7.53030133247375 -7.63523352146149 -7.66916596889496 -7.95104455947876 -7.74686968326569 -8.12869501113892 -8.07652032375336 -7.75234544277191 -7.79817068576813 -8.12299597263336 -8.0268212556839 -8.08764612674713 -8.04347169399261 -7.69129681587219 -7.10812211036682 -6.82772552967072 -6.56210750341415 -6.69848960638046 -6.82887119054794 -6.94925343990326 -7.07263541221619 -6.9940173625946 -6.98839902877808 -6.84801530838013 -6.91966187953949 -7.0873082280159 -7.29892706871033 -7.54311501979828 -7.91310954093933 -8.19110369682312 -8.3020977973938
-4.01864601671696 -4.47473007440567 -4.48586824536324 -5.33885407447815 -5.56459021568298 -5.77145689725876 -6.30206274986267 -6.65679854154587 -6.80208939313889 -6.96793514490128 -6.93178045749664 -6.66262596845627 -6.50647139549255 -6.55831688642502 -6.82016241550446 -7.02400815486908 -6.99685347080231 -7.17969906330109 -7.43354439735413 -7.66438984870911 -7.8701685667038 -7.59088051319122 -7.86159205436707 -7.81730377674103 -7.74601542949677 -7.74672734737396 -7.72143912315369 -7.66515076160431 -7.56386268138885 -7.48257458209991 -6.94228619337082 -6.44849807024002 -6.51709371805191 -6.6115728020668 -6.71205198764801 -6.98253095149994 -6.94301038980484 -6.85848945379257 -7.06596887111664 -7.23344784975052 -6.86592698097229 -6.97840613126755 -7.19888538122177 -7.3823646903038 -7.71885240077972 -8.01734912395477 -8.20584547519684 -8.32234227657318
-4.28718757629395 -4.27285894751549 -4.23769676685333 -4.90586820244789 -5.87953925132751 -6.25121062994003 -6.37788194417953 -6.28355324268341 -6.3192685842514 -6.3300267457962 -6.28678578138351 -6.26754420995712 -6.32730317115784 -6.45406156778336 -6.48282039165497 -6.64857912063599 -7.31233775615692 -7.64109647274017 -7.96785521507263 -7.88961362838745 -7.49529230594635 -7.53689050674438 -7.93348908424377 -8.03908753395081 -7.95368564128876 -7.84228420257568 -7.64388239383698 -7.65948092937469 -7.09807932376862 -7.06667757034302 -6.73301500082016 -6.27824938297272 -6.14089018106461 -6.09303802251816 -6.13161450624466 -6.35644090175629 -6.43751722574234 -6.46359354257584 -6.63091993331909 -6.72949635982513 -6.9100729227066 -7.11364901065826 -7.24322581291199 -7.43280225992203 -7.63658934831619 -7.7395886182785 -7.97258710861206 -8.32258629798889
-9999 -4.12811344861984 -4.4682754278183 -5.21498721837997 -5.53623849153519 -5.46109503507614 -5.55370146036148 -5.81930792331696 -5.84844726324081 -5.87411916255951 -6.00479090213776 -6.04046267271042 -6.30113434791565 -6.76380640268326 -7.39947819709778 -7.54115009307861 -7.61182224750519 -7.82049405574799 -7.94016599655151 -7.80583775043488 -7.74841594696045 -7.6539009809494 -7.63338589668274 -7.84987115859985 -8.06435573101044 -7.98384070396423 -7.80832576751709 -7.57565295696259 -6.53162896633148 -6.37206614017487 -9999 -9999 -6.04282981157303 -6.09966999292374 -6.19531983137131 -6.34448683261871 -6.72793579101562 -6.63219797611237 -6.96987164020538 -6.9825451374054 -7.0772185921669 -7.16489237546921 -7.59456580877304 -8.1162394285202 -8.20432710647583 -8.07282817363739 -8.01232922077179 -8.12383019924164
-3.87518012523651 -3.99031263589859 -4.29635432362556 -4.63453856110573 -5.02766835689545 -5.17403793334961 -5.34993278980255 -5.74558436870575 -6.04162591695786 -6.27421092987061 -6.34079587459564 -6.41338121891022 -6.65496629476547 -7.04455125331879 -7.16013640165329 -7.29572105407715 -7.59730625152588 -7.54889142513275 -7.82447636127472 -8.13006186485291 -7.99954009056091 -7.84691166877747 -7.87828314304352 -7.727654337883 -7.14252573251724 -6.62175464630127 -6.22151917219162 -9999 -9999 -9999 -9999 -6.53618907928467 -6.67161422967911 -6.41596865653992 -6.23373937606812 -6.50351029634476 -6.82628118991852 -6.96305191516876 -6.99982273578644 -6.9915936589241 -7.1813645362854 -7.84313547611237 -8.29290628433228 -8.49267733097076 -8.68106424808502 -8.62106788158417 -8.68107116222382 -8.9160749912262
-4.2794793844223 -4.55695608258247 -5.24915528297424 -5.72647500038147 -6.1473867893219 -6.3658635020256 -6.46534037590027 -6.24381709098816 -6.86280483007431 -7.17730295658112 -7.00380146503448 -6.98329967260361 -7.18879771232605 -7.51529622077942 -7.72179412841797 -7.9442925453186 -8.22879076004028 -8.04828894138336 -8.01478719711304 -7.92628574371338 -7.70866346359253 -7.28592193126678 -7.09579861164093 -6.63268798589706 -6.22469592094421 -6.13603121042252 -5.83454561233521 -5.8519703745842 -6.00272840261459 -6.25848639011383 -6.45945286750793 -6.87650287151337 -6.66156584024429 -6.03143382072449 -5.92830210924149 -6.56617021560669 -6.87103807926178 -7.18290621042252 -7.23577427864075 -6.9886422753334 -7.07551026344299 -8.4053783416748 -8.78524672985077 -8.49911463260651 -8.52380156517029 -8.80930745601654 -9.10881292819977 -9.17231917381287
-5.26468744874001 -5.41709959506989 -5.91051161289215 -6.37592399120331 -6.84433597326279 -6.84774762392044 -6.95515954494476 -6.75557172298431 -7.00798338651657 -7.19839507341385 -7.34580671787262 -7.25721770524979 -7.32062923908234 -7.53204083442688 -7.66145217418671 -7.85986363887787 -7.89727509021759 -7.68468654155731 -6.86309802532196 -6.83371996879578 -6.63525807857513 -6.77777850627899 -7.018838763237 -6.92922157049179 -6.91436636447906 -6.98451101779938 -6.69665575027466 -6.10343647003174 -6.32119470834732 -6.46383965015411 -6.48715728521347 -6.37537884712219 -6.17376708984375 -5.80182766914368 -6.16307282447815 -6.5912509560585 -7.07879501581192 -7.42076027393341 -7.75472569465637 -7.37469089031219 -6.92065626382828 -7.43762171268463 -7.71158707141876 -8.07255184650421 -8.61053907871246 -8.76554691791534 -8.7805552482605 -8.48556339740753
