data/spatiotemp/temp2/bio6_norsw_test_2007_2010.asc
NCOLS 654 
NROWS 380 
XLLCORNER 3.91666666666667 
YLLCORNER 55.3333333333333 
CELLSIZE 0.0416666666666667 
NODATA_value -9999 
[rows 242 to 263 of 380, columns 96 to 143 of 654]
-12.0353543758392 -12.7189764976501 -14.0610859394073 -14.9701955318451 -14.9903044700623 -15.0624139308929 -15.6695232391357 -15.4056322574615 -14.6878852844238 -14.841281414032 -15.0466766357422 -14.869072675705 -14.5064685344696 -14.5058643817902 -14.0557205677032 -13.7362036705017 -13.3506855964661 -14.0231680870056 -14.2136518955231 -13.8401334285736 -13.8159291744232 -13.8510363101959 -13.870144367218 -13.7832517623901 -13.5223596096039 -12.8314673900604 -12.838574886322 -13.2536823749542 -13.1667890548706 -13.2638971805573 -13.521005153656 -13.7841129302979 -14.056916475296 -14.1174161434174 -14.0439164638519 -14.064416885376 -14.0569162368774 -13.943416595459 -13.8279173374176 -14.0124168395996 -14.1729164123535 -14.2174170017242 -14.1159164905548 -13.9644167423248 -13.8868680000305 -13.7812705039978 -13.4596741199493 -13.3580765724182
-14.5019207000732 -14.4028503894806 -13.715781211853 -14.1987106800079 -14.1736404895782 -14.4705710411072 -14.9535005092621 -14.9284300804138 -14.6834661960602 -13.9036073684692 -15.018748998642 -15.2608902454376 -15.3110308647156 -15.1171722412109 -14.9273135662079 -14.0680258274078 -13.9705657958984 -14.1191072463989 -13.9196474552155 -13.8401885032654 -13.7461569309235 -14.0115542411804 -13.9249510765076 -13.9363477230072 -13.9417450428009 -13.6871423721313 -13.1125388145447 -12.8599359989166 -13.1653325557709 -13.328729391098 -13.1801266670227 -13.4815235137939 -13.8620555400848 -14.1177222728729 -14.1793892383575 -14.2530550956726 -14.1407222747803 -13.7203891277313 -13.4180555343628 -13.3517220020294 -13.6653888225555 -13.8170559406281 -13.8127222061157 -13.638388633728 -13.4022154808044 -13.1482014656067 -13.0621874332428 -13.1081740856171
-14.8969745635986 -14.91672539711 -14.7234756946564 -14.6582262516022 -14.7869770526886 -14.1757273674011 -14.7294781208038 -14.7402286529541 -14.4590470790863 -13.9679338932037 -13.6588573455811 -14.5257067680359 -14.4015936851501 -14.4484803676605 -14.3323669433594 -14.0598487854004 -13.7924470901489 -14.0790457725525 -14.5889129638672 -14.2442424297333 -13.8683850765228 -14.1720714569092 -14.2537577152252 -14.167444229126 -14.2411305904388 -14.096816778183 -13.7765030860901 -13.4621891975403 -13.0718755722046 -13.0435614585876 -13.019248008728 -12.9409341812134 -13.1731941699982 -13.5240268707275 -13.9168612957001 -14.1296947002411 -14.1085278987885 -13.7733609676361 -13.4301943778992 -13.1230278015137 -13.1498610973358 -13.6386942863464 -13.7775282859802 -13.7503612041473 -13.6375625133514 -13.3491315841675 -13.1147019863129 -13.008270740509
-15.1590285301208 -15.3115992546082 -14.9981706142426 -14.7037420272827 -14.4303133487701 -14.2708840370178 -14.0114552974701 -13.9520266056061 -13.7416279315948 -13.870260477066 -13.654390335083 -13.4590473175049 -13.8217029571533 -14.4043593406677 -14.750420331955 -14.832052230835 -14.6776840686798 -14.1449842453003 -13.9416406154633 -13.9902970790863 -14.060613155365 -14.1645884513855 -14.3105642795563 -14.4645404815674 -14.6565158367157 -14.6444911956787 -14.498467206955 -14.2964429855347 -14.0504186153412 -13.8463935852051 -13.7203698158264 -13.5643458366394 -13.3323328495026 -12.9723331928253 -13.1503331661224 -13.4623334407806 -13.8043332099915 -13.904333114624 -13.7303335666656 -13.4063339233398 -12.940333366394 -13.2803332805634 -13.6223328113556 -13.5203328132629 -13.4309093952179 -13.3200623989105 -13.187215089798 -13.0463681221008
-15.2820823192596 -15.4444742202759 -15.5278661251068 -15.2352573871613 -14.9966495037079 -14.9320411682129 -14.7434322834015 -13.876825094223 -13.77720952034 -13.7465870380402 -13.9069638252258 -13.5426385402679 -13.0833523273468 -13.6380662918091 -14.22878074646 -14.3368499279022 -14.8942284584045 -14.9336054325104 -14.4936375617981 -14.0823516845703 -14.1888408660889 -14.2731058597565 -14.3293714523315 -14.4436361789703 -14.6319007873535 -14.7741663455963 -14.7224307060242 -14.6406960487366 -14.5589616298676 -14.451226234436 -14.2554912567139 -13.9637558460236 -13.713472366333 -13.636638879776 -13.5758054256439 -13.2309722900391 -13.1021387577057 -13.2813055515289 -13.4564719200134 -13.3456392288208 -12.9608051776886 -12.6899724006653 -12.9471385478973 -13.1503055095673 -13.086256980896 -12.8709933757782 -12.9417293071747 -13.1004657745361
-14.679135799408 -14.603348493576 -14.9445605278015 -14.8147730827332 -14.7579860687256 -14.4371984004974 -14.3984100818634 -14.3716225624084 -14.0977902412415 -13.9609131813049 -13.6874577999115 -13.4102299213409 -13.5150015354156 -13.4897737503052 -13.2865462303162 -12.8513176441193 -13.1600897312164 -13.4488618373871 -13.5976338386536 -13.8084053993225 -14.0590686798096 -14.2316234111786 -14.3121776580811 -14.3427319526672 -14.3892862796783 -14.5918409824371 -14.7583949565887 -14.7009499073029 -14.6435039043427 -14.5620584487915 -14.3926124572754 -14.2991673946381 -14.2026114463806 -14.1609437465668 -14.0832777023315 -13.7796108722687 -13.4219441413879 -13.0062775611877 -13.0466110706329 -13.2549448013306 -13.1832778453827 -12.9916110038757 -12.6899442672729 -12.4202773571014 -12.8236041069031 -12.5739231109619 -12.1102435588837 -12.3105628490448
-13.9751899242401 -13.7402234077454 -14.187255859375 -14.7702887058258 -15.162321805954 -15.2113544940948 -14.8353877067566 -14.5234205722809 -14.2983713150024 -13.9912395477295 -14.0371077060699 -14.2179756164551 -14.2828438282013 -14.2467119693756 -14.0943109989166 -13.8791406154633 -13.427971124649 -12.8248002529144 -13.1256303787231 -13.5264599323273 -13.8272972106934 -14.0281407833099 -14.3029849529266 -14.5318286418915 -14.5186719894409 -14.5635159015656 -14.7863593101501 -14.8012034893036 -14.788046836853 -14.6708912849426 -14.5297343730927 -14.5085775852203 -14.4717502593994 -14.3452496528625 -14.178750038147 -13.936249256134 -13.5997502803802 -13.3692498207092 -13.0887498855591 -12.8122503757477 -13.1497495174408 -13.1172494888306 -13.0547502040863 -12.7702498435974 -12.6229510307312 -12.6228539943695 -12.5267572402954 -12.4566595554352
-14.1612441539764 -13.5670976638794 -13.6669507026672 -14.0498044490814 -14.5466582775116 -14.9515116214752 -15.0373659133911 -15.0022189617157 -14.779952287674 -14.5425658226013 -14.1401789188385 -14.3737926483154 -14.3654065132141 -14.2451882362366 -14.0740761756897 -13.9949636459351 -13.8378510475159 -13.7667396068573 -13.7316272258759 -13.6285150051117 -13.539525270462 -13.600658416748 -13.761791229248 -13.8989241123199 -13.9720573425293 -14.0891907215118 -14.3083236217499 -14.4474568367004 -14.5905900001526 -14.6457231044769 -14.6128556728363 -14.491988658905 -14.3768889904022 -14.2235553264618 -14.1522219181061 -14.116888999939 -13.9915554523468 -13.8682222366333 -13.6928884983063 -13.3535556793213 -12.922221660614 -12.5928883552551 -12.6255555152893 -12.7802217006683 -12.9422986507416 -12.9637842178345 -12.8532705307007 -12.8167567253113
-14.023934841156 -13.7868230342865 -13.5647115707397 -13.6695995330811 -13.6884882450104 -13.7253758907318 -13.5992646217346 -13.7121524810791 -13.7278921604156 -13.7024827003479 -13.6362931728363 -13.5032272338867 -13.44216132164 -13.5050954818726 -13.5360298156738 -13.5129637718201 -13.6098980903625 -13.748831987381 -13.8917660713196 -13.8707003593445 -13.7817943096161 -13.6190485954285 -13.3583035469055 -13.0955579280853 -13.2848129272461 -13.4080672264099 -13.5513224601746 -13.7945766448975 -14.1538307666779 -14.3610858917236 -14.4343402385712 -14.3415954113007 -14.2422199249268 -14.1402153968811 -14.1222102642059 -14.2062060832977 -14.2102017402649 -14.1581969261169 -13.8821918964386 -13.5621874332428 -13.3221826553345 -13.0161783695221 -12.3901736736298 -12.4721689224243 -12.6198692321777 -12.5952739715576 -12.7386801242828 -12.7360846996307
-13.2372632026672 -13.082400560379 -13.1025373935699 -13.468674659729 -13.5958111286163 -13.5389487743378 -13.3820862770081 -13.2292232513428 -13.1403594017029 -13.1233282089233 -13.0902967453003 -13.1212656497955 -13.1402339935303 -13.037202835083 -12.8501722812653 -13.0911407470703 -13.0201098918915 -13.0410783290863 -13.0960471630096 -13.0610156059265 -13.0081043243408 -12.9493124485016 -12.9805209636688 -13.0577297210693 -13.0849375724792 -13.0921456813812 -13.0553543567657 -13.4665625095367 -13.7937710285187 -14.1129791736603 -14.3241877555847 -14.2493963241577 -14.1317434310913 -14.0772292613983 -14.1507153511047 -14.2302010059357 -14.1736881732941 -14.067173242569 -13.7666592597961 -13.3761456012726 -13.1536319255829 -13.0031175613403 -12.6626036167145 -12.0800898075104 -12.41366314888 -12.4333229064941 -12.060982465744 -12.1886425018311
-13.5595908164978 -13.2729771137238 -12.4063632488251 -12.4817492961884 -12.7351350784302 -12.9085211753845 -13.1329066753387 -13.2342932224274 -13.1882934570312 -13.2152962684631 -13.2323005199432 -13.1673038005829 -13.0343072414398 -12.967310667038 -12.6983144283295 -12.3753175735474 -12.4383211135864 -12.5793251991272 -12.6843285560608 -12.903332233429 -12.9724149703979 -13.2795765399933 -13.6047391891479 -13.707900762558 -13.5270626544952 -13.266224861145 -13.1213865280151 -13.1685485839844 -13.3597111701965 -13.6368727684021 -13.9260349273682 -14.0771968364716 -14.107266664505 -14.086243391037 -14.0232200622559 -14.0201971530914 -13.9971733093262 -13.9261498451233 -13.6911270618439 -13.3841042518616 -13.1190810203552 -12.9520576000214 -12.8190343379974 -12.3740117549896 -12.1474568843842 -12.0713713169098 -11.937285900116 -11.6511998176575
-14.3839190006256 -13.9605541229248 -13.5321896076202 -13.0178236961365 -12.7084584236145 -12.5497715473175 -12.6009464263916 -12.5821211338043 -12.3962275981903 -12.0972657203674 -12.4523041248322 -12.9453420639038 -12.626380443573 -12.3254187107086 -12.59645652771 -13.0694947242737 -13.4085333347321 -13.5455713272095 -13.5946097373962 -13.6676473617554 -13.7607247829437 -13.9018402099609 -13.9729568958282 -13.8700721263885 -13.7211880683899 -13.5023031234741 -13.2694189548492 -13.0705344676971 -13.147650718689 -13.342766046524 -13.5258817672729 -13.8809978961945 -14.1187896728516 -14.1392574310303 -13.9717242717743 -13.6561918258667 -13.618659734726 -13.7331275939941 -13.6775951385498 -13.5340621471405 -13.2225301265717 -12.9309976100922 -12.6154651641846 -12.3719325065613 -12.551251411438 -12.5054199695587 -12.3155889511108 -11.8597576618195
-14.7362473011017 -15.0711309909821 -14.9140145778656 -13.9378983974457 -13.574782371521 -13.232666015625 -13.0305500030518 -12.8158700466156 -12.5561616420746 -12.611234664917 -12.8103075027466 -12.6473805904388 -12.8244528770447 -13.3115265369415 -13.6325993537903 -13.7956721782684 -13.796745300293 -13.8958177566528 -13.9688909053802 -13.8639633655548 -13.8650350570679 -13.9861037731171 -13.9431738853455 -13.7882430553436 -13.427312374115 -13.142382144928 -13.1094517707825 -13.1025207042694 -13.2155911922455 -13.2286603450775 -13.2537298202515 -13.5727989673615 -13.9363124370575 -14.0042705535889 -13.844229221344 -13.4141871929169 -13.3341455459595 -13.4961047172546 -13.5080623626709 -13.4220209121704 -13.3039786815643 -13.1299374103546 -12.61989569664 -12.1678538322449 -12.2410447597504 -12.0974683761597 -11.7638921737671 -11.5903158187866
-13.4925756454468 -13.5077080726624 -13.5658407211304 -13.4789731502533 -12.9411060810089 -12.4779267311096 -12.5197722911835 -12.6736187934875 -13.088095664978 -13.3092029094696 -13.4043111801147 -13.3214180469513 -13.3545265197754 -13.3636341094971 -13.3227410316467 -13.5178489685059 -13.8009567260742 -13.8540644645691 -13.8271725177765 -13.8282794952393 -13.8693451881409 -13.8403685092926 -13.7413914203644 -13.5624148845673 -13.4854378700256 -13.4484610557556 -13.4554841518402 -13.4445068836212 -13.2055304050446 -13.112553358078 -13.1335761547089 -13.2266001701355 -13.4898359775543 -13.6552846431732 -13.5727338790894 -13.4421827793121 -13.3196320533752 -13.2430808544159 -13.1485302448273 -13.1359791755676 -13.1194276809692 -12.9908773899078 -12.7063262462616 -12.7157752513885 -12.3368394374847 -12.1215174198151 -12.3921954631805 -12.1188740730286
-13.4109039306641 -13.1952846050262 -13.2496662139893 -13.3980484008789 -13.5284287929535 -13.2958099842072 -12.8611922264099 -12.68736743927 -12.7100298404694 -12.9391720294952 -13.130313873291 -13.0994563102722 -12.9965991973877 -12.9517412185669 -13.0808832645416 -13.1660265922546 -13.4571685791016 -13.5183110237122 -13.5654530525208 -13.6185953617096 -13.6536550521851 -13.6706323623657 -13.7276084423065 -13.8405854701996 -13.9235627651215 -13.8545396327972 -13.7195165157318 -13.5864934921265 -13.4274704456329 -13.1984467506409 -13.0454235076904 -12.906400680542 -12.9533593654633 -13.1022984981537 -13.1732385158539 -13.1861777305603 -13.1511178016663 -13.182058095932 -13.2509977817535 -13.4399375915527 -13.6128771305084 -13.4598171710968 -13.3387570381165 -13.3476960659027 -13.2306332588196 -12.4255659580231 -12.6704988479614 -12.717431306839
-13.986231803894 -13.9378623962402 -13.8884921073914 -13.8541221618652 -13.7927525043488 -13.5563833713531 -13.432012796402 -13.2856438159943 -13.2819828987122 -13.2091403007507 -13.0023181438446 -12.9774944782257 -13.1746716499329 -13.1838486194611 -13.1090259552002 -13.0082030296326 -12.8773806095123 -13.0065577030182 -13.1597344875336 -13.1949112415314 -13.1599652767181 -13.122896194458 -13.1498265266418 -13.5527567863464 -13.9156875610352 -14.0286183357239 -13.9795484542847 -13.8104791641235 -13.5874099731445 -13.4163405895233 -13.2112712860107 -13.1282014846802 -12.8648824691772 -12.6273131370544 -12.59974360466 -12.5161738395691 -12.4026045799255 -12.4210348129272 -12.8174655437469 -12.9358956813812 -12.7843267917633 -12.7407567501068 -12.8671877384186 -12.8176181316376 -12.5284266471863 -12.2336142063141 -12.1468024253845 -12.3959894180298
-13.9435603618622 -13.8604385852814 -13.7673180103302 -13.6441974639893 -13.4900760650635 -13.4409549236298 -13.4788346290588 -13.3967134952545 -13.2438976764679 -13.037109375 -12.8643214702606 -12.8655331134796 -12.9547448158264 -13.047956943512 -13.0651683807373 -13.1383802890778 -13.1735920906067 -13.202803850174 -13.2640156745911 -13.2892274856567 -13.3742752075195 -13.3111598491669 -13.0120437145233 -13.2649278640747 -13.6718127727509 -13.8526973724365 -13.9135811328888 -13.9404654502869 -13.8813500404358 -13.6682336330414 -13.463118314743 -13.4220023155212 -13.2524054050446 -13.0983264446259 -12.972247838974 -12.8741688728333 -12.8140904903412 -12.3440115451813 -12.1019332408905 -11.9658544063568 -11.9937753677368 -12.1036970615387 -12.1976175308228 -12.1635394096375 -11.916220664978 -11.721663236618 -11.8691053390503 -12.2065472602844
-13.5748879909515 -13.6090159416199 -13.6131439208984 -13.2122721672058 -13.0434002876282 -13.2835276126862 -13.3786559104919 -13.410783290863 -13.480580329895 -13.3610453605652 -13.1703248023987 -13.0575714111328 -13.2908184528351 -13.2840645313263 -13.3573105335236 -13.544557094574 -13.5298042297363 -13.4210505485535 -13.3162968158722 -13.0095431804657 -12.9925858974457 -13.1594240665436 -13.0322616100311 -13.1330997943878 -13.411937713623 -13.6107754707336 -13.6656136512756 -13.7564511299133 -13.7772898674011 -13.644127368927 -13.4189658164978 -13.5298035144806 -13.5179283618927 -13.5033407211304 -13.5507528781891 -13.3641638755798 -13.0875766277313 -12.8889882564545 -12.4644002914429 -12.0878124237061 -11.5372242927551 -11.6006360054016 -12.1940484046936 -12.195460319519 -12.080014705658 -11.4877121448517 -11.4694082736969 -11.6471054553986
-13.5112166404724 -13.4135928153992 -13.3799698352814 -13.393346786499 -13.3877234458923 -13.3531000614166 -13.3624770641327 -13.3358535766602 -13.250878572464 -13.1485524177551 -13.0083281993866 -12.8536093235016 -12.6788904666901 -12.6281723976135 -12.515453338623 -13.0567343235016 -13.5560157299042 -13.5492970943451 -13.3125782012939 -13.0258586406708 -12.9288959503174 -12.6976881027222 -12.8764789104462 -13.0272710323334 -13.0500626564026 -13.1608536243439 -13.345645904541 -13.5064373016357 -13.5692296028137 -13.4080214500427 -13.1948125362396 -13.2076048851013 -13.3134520053864 -13.4963538646698 -13.531257390976 -13.5821597576141 -13.4050624370575 -13.1399652957916 -12.6248676776886 -12.2017707824707 -11.7766740322113 -11.125576376915 -11.7504789829254 -11.6953821182251 -11.6918089389801 -11.4657602310181 -11.1137115955353 -11.185662984848
-13.4985449314117 -13.4341700077057 -13.372795343399 -13.3644213676453 -13.5060467720032 -13.4036719799042 -13.4272980690002 -13.4129235744476 -13.3841776847839 -13.2320592403412 -13.2689409255981 -13.2908229827881 -13.0049636363983 -12.8482797145844 -12.8315954208374 -12.3669111728668 -12.3842277526855 -12.5195436477661 -12.4148592948914 -12.2641751766205 -12.2912056446075 -12.3739516735077 -12.3846969604492 -12.4674422740936 -12.4241874217987 -12.3869333267212 -12.8236782550812 -13.1644237041473 -13.3371691703796 -13.339914560318 -13.1966595649719 -12.8994054794312 -12.662974357605 -12.8213682174683 -12.8417618274689 -12.9001548290253 -13.1285486221313 -13.268942117691 -12.7493352890015 -11.9917290210724 -11.5321223735809 -11.1025156974792 -11.2869095802307 -11.549302816391 -11.235603094101 -11.1858088970184 -11.1340146064758 -11.0762207508087
-13.4320299625397 -13.5156118869781 -13.5611941814423 -13.5247766971588 -13.3443586826324 -13.2899403572083 -13.4275226593018 -13.2891051769257 -13.3653166294098 -13.2451584339142 -13.1379992961884 -13.0521144866943 -13.0312743186951 -12.8244342803955 -12.6235933303833 -12.4187536239624 -12.5219128131866 -12.5530729293823 -12.6062324047089 -12.617392539978 -12.5680842399597 -12.4683089256287 -12.5705332756042 -12.6787576675415 -12.4949820041656 -12.0052070617676 -12.1734318733215 -12.7136566638947 -12.9938805103302 -13.1261060237885 -12.9923300743103 -12.6605544090271 -12.3300166130066 -12.2227170467377 -11.9914169311523 -12.2141180038452 -12.4848175048828 -12.6695182323456 -12.5142185688019 -11.9829185009003 -10.9756190776825 -11.2703185081482 -11.4930188655853 -11.4557192325592 -11.0921316146851 -11.0462565422058 -10.9103819131851 -10.9045072793961
-13.5036721229553 -13.5539186000824 -13.4831652641296 -13.2324111461639 -13.0466582775116 -12.8899047374725 -13.0291509628296 -12.9593980312347 -13.2392971515656 -13.3688490390778 -13.2894012928009 -13.1269536018372 -13.0838229656219 -12.9126355648041 -12.8834481239319 -12.7562606334686 -12.8450727462769 -12.9538853168488 -13.0146977901459 -13.1055104732513 -13.0615310668945 -13.070760011673 -13.0559897422791 -12.9372184276581 -12.5684480667114 -11.773677110672 -11.7509064674377 -12.2501351833344 -12.4633648395538 -12.7425940036774 -12.7698230743408 -12.673052072525 -12.4985785484314 -12.3324017524719 -12.0042245388031 -11.6060466766357 -12.0578701496124 -12.1836934089661 -12.0435154438019 -11.653338432312 -10.9831615686417 -11.2969844341278 -11.3248066902161 -11.080629825592 -10.971395611763 -11.0071041584015 -11.174812078476 -11.400520324707
