data/spatiotemp/temp2/bio6_norsw_test_2007_2010.asc
NCOLS 654 
NROWS 380 
XLLCORNER 3.91666666666667 
YLLCORNER 55.3333333333333 
CELLSIZE 0.0416666666666667 
NODATA_value -9999 
[rows 88 to 109 of 380, columns 336 to 383 of 654]
-19.5104098320007 -19.308741569519 -19.1740720272064 -19.1904046535492 -19.0897355079651 -18.493067741394 -18.2133991718292 -18.3247303962708 -18.5160019397736 -18.1082139015198 -18.2914249897003 -18.855637550354 -19.6818499565125 -20.1240608692169 -20.2262721061707 -20.1854839324951 -20.2076969146729 -20.3679075241089 -20.5411198139191 -20.7353315353394 -21.1198220252991 -21.5695915222168 -21.8153605461121 -21.9541301727295 -22.1018986701965 -22.4006671905518 -22.6714372634888 -22.867205619812 -22.9619755744934 -22.9937443733215 -22.9695134162903 -22.9372825622559 -22.9000716209412 -22.7788805961609 -22.5886902809143 -22.4614977836609 -22.4153075218201 -22.3761162757874 -22.3009247779846 -22.1667351722717 -22.0395421981812 -21.8093509674072 -21.7701616287231 -21.709969997406 -21.4938893318176 -21.3379163742065 -21.1509447097778 -20.9979724884033
-19.5977067947388 -19.6994380950928 -19.603168964386 -19.4268991947174 -19.171630859375 -19.0103611946106 -19.133091211319 -19.1008219718933 -19.2251710891724 -19.0991418361664 -19.1151099205017 -19.0810790061951 -19.3740465641022 -19.6310155391693 -19.8469843864441 -20.1339530944824 -20.4709222316742 -20.6958904266357 -20.8338584899902 -21.0108275413513 -21.0401532649994 -21.0668349266052 -21.2005181312561 -21.4042000770569 -21.7548828125 -22.1145644187927 -22.358247756958 -22.4719295501709 -22.6286115646362 -22.7532949447632 -22.7769770622253 -22.7546591758728 -22.7326984405518 -22.5970983505249 -22.3884983062744 -22.3068976402283 -22.2922968864441 -22.353696346283 -22.314094543457 -22.2404942512512 -22.1258940696716 -22.0192942619324 -21.9186935424805 -21.8290920257568 -21.6941661834717 -21.549916267395 -21.2586660385132 -21.082417011261
-18.957004070282 -19.0691337585449 -19.0992636680603 -19.1943941116333 -19.1555242538452 -19.4386534690857 -19.8187837600708 -19.9659147262573 -19.8993422985077 -19.7580673694611 -19.7277941703796 -19.7925193309784 -19.6802442073822 -19.7029716968536 -19.8586959838867 -20.0014221668243 -20.2481474876404 -20.2178735733032 -20.2865982055664 -20.4953241348267 -20.7834849357605 -21.1480808258057 -21.5136771202087 -21.7242732048035 -21.8858671188354 -22.0464625358582 -22.1560587882996 -22.206654548645 -22.2672491073608 -22.4418454170227 -22.4914402961731 -22.3800339698792 -22.3653283119202 -22.3923177719116 -22.3053078651428 -22.2822961807251 -22.3212862014771 -22.3472762107849 -22.2682647705078 -22.1622557640076 -21.9792442321777 -21.8542342185974 -21.8232231140137 -21.7282128334045 -21.6484446525574 -21.5729160308838 -21.4333891868591 -21.2288599014282
-19.9383001327515 -19.9698300361633 -19.8273596763611 -19.3318874835968 -19.3524177074432 -19.2969479560852 -19.9204773902893 -20.2350063323975 -20.4245128631592 -20.3869943618774 -20.3424768447876 -20.2449598312378 -20.1334438323975 -20.0679252147675 -20.3244087696075 -20.5478911399841 -20.7413740158081 -20.8868556022644 -20.9973387718201 -21.0448203086853 -21.0728178024292 -21.0183262825012 -20.9378340244293 -21.2603425979614 -21.7398519515991 -21.9663605690002 -22.0858683586121 -22.1143774986267 -22.2248868942261 -22.3353943824768 -22.340904712677 -22.3154129981995 -22.2319569587708 -22.2155375480652 -22.2831163406372 -22.3636951446533 -22.3862752914429 -22.3038554191589 -22.1684350967407 -22.0670156478882 -21.8965950012207 -21.7051753997803 -21.4947552680969 -21.527334690094 -21.5517220497131 -21.6279172897339 -21.6171116828918 -21.5283050537109
-20.0795979499817 -20.111526966095 -19.8644556999207 -19.8973832130432 -19.5223126411438 -19.1752407550812 -19.5451695919037 -19.7990984916687 -19.8106830120087 -20.1099224090576 -20.3561615943909 -20.3124012947083 -20.2056410312653 -20.2698800563812 -20.6121191978455 -20.8893594741821 -21.0995993614197 -21.2398386001587 -21.3380784988403 -21.3613185882568 -21.3141489028931 -21.2495703697205 -21.1539926528931 -21.0924141407013 -21.274836063385 -21.4382576942444 -21.5596804618835 -21.7501015663147 -22.00852394104 -22.1769452095032 -22.2103672027588 -22.2117886543274 -22.1945848464966 -22.1557545661926 -22.2059245109558 -22.3300952911377 -22.4332647323608 -22.4044351577759 -22.2736048698425 -21.9947762489319 -21.815945148468 -21.5121154785156 -21.4532866477966 -21.5194563865662 -21.5119996070862 -21.5179171562195 -21.6478338241577 -21.6797494888306
-20.0068941116333 -20.101222038269 -20.16455078125 -20.2058792114258 -20.2102069854736 -20.0525350570679 -19.9248631000519 -19.9481916427612 -19.7968537807465 -19.698849439621 -19.9168453216553 -20.2978427410126 -20.3658380508423 -20.5888342857361 -20.8308310508728 -21.0898280143738 -21.2748255729675 -21.4208221435547 -21.5098190307617 -21.5258150100708 -21.4874806404114 -21.4178161621094 -21.3711504936218 -21.3954849243164 -21.5048203468323 -21.5301561355591 -21.4994912147522 -21.5088257789612 -21.4021599292755 -21.5574951171875 -21.9188313484192 -22.0531659126282 -22.0532131195068 -22.0729732513428 -22.2297344207764 -22.3064937591553 -22.3182559013367 -22.2930150032043 -22.1707754135132 -21.9039969444275 -21.7312970161438 -21.6360569000244 -21.5868167877197 -21.5741171836853 -21.6201686859131 -21.5839166641235 -21.6625542640686 -21.7381935119629
-19.27805519104 -19.4735634326935 -19.8280704021454 -20.1995782852173 -20.3360843658447 -20.244592666626 -20.097101688385 -20.1076078414917 -20.1414978504181 -20.0947723388672 -20.1280465126038 -20.3943204879761 -20.6145949363708 -20.7778697013855 -20.8791441917419 -21.0644183158875 -21.2216939926147 -21.3929686546326 -21.5562410354614 -21.6125154495239 -21.5943865776062 -21.5388555526733 -21.5043225288391 -21.5287919044495 -21.6242599487305 -21.7007279396057 -21.7101964950562 -21.7756643295288 -21.5351333618164 -21.2136011123657 -21.1640689373016 -21.3335375785828 -21.6220054626465 -21.9434742927551 -22.1329436302185 -22.230565071106 -22.2499103546143 -22.3182544708252 -22.2755975723267 -22.0789432525635 -21.9422879219055 -21.8306312561035 -21.8509764671326 -21.7973194122314 -21.6882228851318 -21.6146850585938 -21.6942687034607 -21.7184157371521
-19.3760824203491 -19.3475482463837 -19.3880157470703 -19.6614816188812 -19.8229494094849 -19.9434156417847 -20.0608832836151 -20.2273497581482 -20.3276197910309 -20.44269323349 -20.5427651405334 -20.6958384513855 -20.9109110832214 -21.0569849014282 -21.1640577316284 -21.2661294937134 -21.3102035522461 -21.4332761764526 -21.5723485946655 -21.6984224319458 -21.7468690872192 -21.7036895751953 -21.6525120735168 -21.6193332672119 -21.6481533050537 -21.6989755630493 -21.7737965583801 -21.9136176109314 -21.8414387702942 -21.5382595062256 -21.3040812015533 -21.3239023685455 -21.3099601268768 -21.5822577476501 -21.9400267601013 -22.0943369865417 -22.1956481933594 -22.0769596099854 -22.1382694244385 -22.0645799636841 -22.0178909301758 -21.9332022666931 -21.9255118370056 -21.8078227043152 -21.7115869522095 -21.6908049583435 -21.6850209236145 -21.6324181556702
-19.7231068611145 -19.9415340423584 -19.9399607181549 -19.8273859024048 -19.5998141765594 -19.7232391834259 -19.8686654567719 -19.8600916862488 -19.8997411727905 -20.1656129360199 -20.4174852371216 -20.6853561401367 -20.8672275543213 -21.094099521637 -21.3149704933167 -21.4238424301147 -21.4757142066956 -21.5155849456787 -21.6134567260742 -21.7553286552429 -21.8923516273499 -21.8835248947144 -21.7816996574402 -21.7088732719421 -21.6700477600098 -21.6922225952148 -21.7903966903687 -21.9215698242188 -21.9437456130981 -21.9189186096191 -21.775092124939 -21.6902675628662 -21.5379168987274 -21.3700413703918 -21.3528323173523 -21.5521082878113 -21.7283864021301 -21.626663684845 -21.4809408187866 -21.5492172241211 -21.6904950141907 -21.8377718925476 -21.8340482711792 -21.7883257865906 -21.7279515266418 -21.658923625946 -21.6098976135254 -21.5518703460693
-19.7381339073181 -19.8325200080872 -19.9559054374695 -20.0032901763916 -19.9086766242981 -19.8340635299683 -19.9624485969543 -19.9018352031708 -19.7538630962372 -19.9425327777863 -20.2052040100098 -20.2928726673126 -20.3345432281494 -20.5172135829926 -20.7718844413757 -21.1345536708832 -21.403223991394 -21.5138936042786 -21.6825647354126 -21.8442335128784 -21.9038329124451 -21.8503603935242 -21.7728877067566 -21.7294154167175 -21.7589416503906 -21.8224687576294 -21.9789962768555 -22.1665234565735 -22.2220511436462 -22.1555781364441 -22.0111045837402 -21.9376320838928 -21.9168720245361 -21.6978240013123 -21.4736371040344 -21.5958800315857 -21.7881236076355 -21.8403673171997 -21.5956110954285 -21.4968547821045 -21.4500985145569 -21.4933414459229 -21.3975853919983 -21.268828868866 -21.2653155326843 -21.5150437355042 -21.6307735443115 -21.5245013237
-19.7181603908539 -19.7305059432983 -19.7568507194519 -19.8091948032379 -19.8035407066345 -19.836886882782 -19.876232624054 -19.8635773658752 -19.8739845752716 -19.9424533843994 -20.1319210529327 -20.1993906497955 -20.2128596305847 -20.1953282356262 -20.2727961540222 -20.5922665596008 -21.0457346439362 -21.4412033557892 -21.6786723136902 -21.7421402931213 -21.6913146972656 -21.704195022583 -21.6810760498047 -21.712956905365 -21.7748355865479 -21.8427157402039 -22.0025973320007 -22.2064771652222 -22.3083562850952 -22.2762355804443 -22.1721172332764 -22.0939974784851 -22.1228275299072 -22.0636067390442 -22.0003867149353 -21.9831671714783 -22.1208634376526 -22.1780729293823 -22.0582818984985 -21.7844915390015 -21.5557022094727 -21.4059114456177 -21.2181224822998 -21.032331943512 -21.0266799926758 -21.3221640586853 -21.4966478347778 -21.3861317634583
-19.8671846389771 -19.9254899024963 -19.967794418335 -20.0580995082855 -20.1244051456451 -20.1647088527679 -20.1610147953033 -20.2123198509216 -20.2611064910889 -20.351372718811 -20.4766407012939 -20.5669085979462 -20.5331766605377 -20.5934426784515 -20.5077102184296 -20.4339778423309 -20.8612449169159 -21.2955117225647 -21.4707803726196 -21.4670476913452 -21.4357972145081 -21.5030307769775 -21.6252636909485 -21.6664962768555 -21.7497296333313 -21.7929644584656 -21.9121971130371 -22.057430267334 -22.1586627960205 -22.1918950080872 -22.1551299095154 -22.1343626976013 -22.155782699585 -22.1513895988464 -22.1019973754883 -22.0496039390564 -22.0116009712219 -21.9697766304016 -21.9229531288147 -21.7631297111511 -21.6913065910339 -21.6634826660156 -21.5856590270996 -21.4838342666626 -21.3390426635742 -21.1902837753296 -21.1375246047974 -21.0247640609741
-19.8632106781006 -19.844475030899 -19.8307392597198 -19.8990032672882 -19.9872689247131 -20.0545332431793 -20.059798002243 -20.1270627975464 -20.1862273216248 -20.2632932662964 -20.3863594532013 -20.5074253082275 -20.6214911937714 -20.6715569496155 -20.6806228160858 -20.7266902923584 -20.9467549324036 -21.0358204841614 -21.1058876514435 -21.1739537715912 -21.2792797088623 -21.4568662643433 -21.5984513759613 -21.5970370769501 -21.6016237735748 -21.6642107963562 -21.8337965011597 -21.9343838691711 -21.9619693756104 -21.9925565719604 -21.9951424598694 -21.9647283554077 -22.0397658348083 -22.2039079666138 -22.2340517044067 -22.1121950149536 -21.8943376541138 -21.7314805984497 -21.7266230583191 -21.7327666282654 -21.7529096603394 -21.6980528831482 -21.6551957130432 -21.5233378410339 -21.3934073448181 -21.2004041671753 -21.0023989677429 -20.8084239959717
-19.6572375297546 -19.659460067749 -19.7176835536957 -19.6909091472626 -19.710132598877 -19.8563580513 -19.9755811691284 -20.0308046340942 -20.0033485889435 -20.0552139282227 -20.1270780563354 -20.2609429359436 -20.3828067779541 -20.4222400188446 -20.4132599830627 -20.5362820625305 -20.815301656723 -20.9783229827881 -20.9879951477051 -21.0838596820831 -21.2617623806 -21.4277009963989 -21.5516400337219 -21.5205788612366 -21.4945182800293 -21.5584568977356 -21.7782511711121 -21.8900008201599 -21.9316892623901 -21.951801776886 -22.0209145545959 -22.1350274085999 -22.2326369285583 -22.3397469520569 -22.3548560142517 -22.1929659843445 -21.9300751686096 -21.6851849555969 -21.5722951889038 -21.558403968811 -21.5815119743347 -21.5616240501404 -21.4887318611145 -21.4358401298523 -21.4077711105347 -21.2485222816467 -20.9982757568359 -20.8174247741699
-19.8062129020691 -19.7923228740692 -19.8704335689545 -19.7285432815552 -19.7856540679932 -19.9827647209167 -20.0668756961823 -20.1059854030609 -20.1334030628204 -20.1451263427734 -20.1158485412598 -20.13046002388 -20.2741239070892 -20.3107860088348 -20.2354497909546 -20.2490804195404 -20.4968192577362 -20.6525576114655 -20.6802959442139 -20.7737665176392 -20.9802439212799 -21.0765352249146 -21.1178283691406 -21.1331198215485 -21.2994129657745 -21.521582365036 -21.7178890705109 -21.814688205719 -21.9550848007202 -22.0544805526733 -22.1528778076172 -22.318274974823 -22.3695101737976 -22.3715863227844 -22.3656625747681 -22.2237372398376 -22.017813205719 -21.71488904953 -21.4449644088745 -21.3590397834778 -21.4061160087585 -21.5151925086975 -21.5112681388855 -21.428343296051 -21.3651342391968 -21.1806440353394 -20.9371500015259 -20.7206563949585
-20.1978180408478 -20.2139921188354 -20.1581659317017 -20.0413405895233 -19.8885145187378 -19.8716900348663 -19.9228639602661 -20.0270366668701 -20.1115245819092 -20.0770535469055 -20.1595151424408 -20.3449776172638 -20.3754391670227 -20.3769011497498 -20.3433630466461 -20.3438255786896 -20.4412858486176 -20.5387485027313 -20.5752463340759 -20.6437034606934 -20.8083622455597 -21.0492215156555 -21.0060834884644 -20.8709456920624 -21.1238052845001 -21.1246676445007 -21.229528427124 -21.4598002433777 -21.5924797058105 -21.717161655426 -21.8758416175842 -22.0605206489563 -22.1373820304871 -22.0604252815247 -21.879467010498 -21.8115081787109 -21.7995505332947 -21.7675929069519 -21.5376358032227 -21.4226784706116 -21.3687195777893 -21.5197620391846 -21.5698046684265 -21.348846912384 -21.1175003051758 -20.8957624435425 -20.7200253009796 -20.549289226532
-20.123425245285 -20.1226615905762 -19.9699008464813 -19.9011392593384 -19.9863748550415 -20.0476124286652 -19.9689283370972 -19.9630312919617 -20.0147125720978 -20.0879735946655 -20.2452342510223 -20.4054939746857 -20.4567551612854 -20.5330157279968 -20.6232769489288 -20.6595356464386 -20.6387960910797 -20.6780579090118 -20.6523184776306 -20.7335793972015 -20.8982083797455 -21.1420841217041 -21.3394997119904 -21.3969163894653 -21.3783333301544 -21.2759876251221 -21.0509510040283 -21.3139147758484 -21.6338777542114 -21.7538418769836 -21.8918051719666 -21.9537687301636 -21.941255569458 -21.8602623939514 -21.7342715263367 -21.7742795944214 -21.9142889976501 -21.9712982177734 -21.8123059272766 -21.6633157730103 -21.4483237266541 -21.4043326377869 -21.3873405456543 -21.189350605011 -21.0868630409241 -21.0448830127716 -20.8029022216797 -20.6389214992523
-19.8090312480927 -20.002331495285 -20.0636329650879 -19.9919352531433 -20.0352363586426 -20.0845370292664 -20.0078389644623 -19.9307737350464 -19.9558327198029 -20.0198924541473 -20.1759524345398 -20.2790114879608 -20.3310701847076 -20.4631304740906 -20.5611896514893 -20.5482475757599 -20.62730717659 -20.7443668842316 -20.8624258041382 -20.9484848976135 -21.0056886672974 -20.9970417022705 -21.0929160118103 -21.3610389232635 -21.4422860145569 -21.3265333175659 -21.2677798271179 -21.2690267562866 -21.0632748603821 -21.1685218811035 -21.367767572403 -21.5560159683228 -21.5731263160706 -21.5911021232605 -21.66907787323 -21.6030530929565 -21.6410274505615 -21.7280020713806 -21.7619776725769 -21.5879521369934 -21.2869281768799 -21.1549029350281 -21.2368779182434 -21.1698532104492 -21.0372271537781 -21.0390019416809 -21.0597789287567 -20.8895530700684
-19.9849383831024 -20.0854680538177 -20.1989974975586 -20.1625266075134 -20.0800552368164 -20.0435857772827 -20.0391147136688 -20.032644033432 -20.066633939743 -20.1420834064484 -20.21453332901 -20.2119834423065 -20.2644340991974 -20.2908835411072 -20.3423337936401 -20.3667829036713 -20.4092311859131 -20.5226812362671 -20.6571316719055 -20.7575807571411 -20.8509542942047 -20.9452497959137 -21.0625464916229 -21.2483720779419 -21.3765926361084 -21.3258135318756 -21.3660335540771 -21.433256149292 -21.281476020813 -21.0406982898712 -21.2679176330566 -21.4251399040222 -21.0724101066589 -21.0957293510437 -21.5520496368408 -21.6373691558838 -21.6006879806519 -21.7000074386597 -21.6363272666931 -21.5636458396912 -21.3879652023315 -21.1932859420776 -21.2426047325134 -21.3379235267639 -21.3506498336792 -21.3077836036682 -21.146918296814 -20.8830516338348
-20.2011075019836 -20.3286120891571 -20.3931181430817 -20.3336222171783 -20.2451276779175 -20.1956329345703 -20.2211382389069 -20.2426421642303 -20.2391126155853 -20.2385439872742 -20.2469763755798 -20.2384083271027 -20.2958407402039 -20.2812738418579 -20.2847065925598 -20.3531396389008 -20.4425706863403 -20.4960026741028 -20.5324354171753 -20.4728684425354 -20.5750000476837 -20.9278330802917 -21.1506674289703 -21.1975002288818 -21.2119436264038 -21.2578284740448 -21.3097138404846 -21.4085998535156 -21.5194840431213 -21.4013693332672 -21.2932548522949 -21.3601408004761 -21.313104391098 -21.0991461277008 -20.9461879730225 -21.080228805542 -21.4262709617615 -21.3763122558594 -21.2583537101746 -21.3303956985474 -21.3834371566772 -21.2044787406921 -21.1445207595825 -21.2005624771118 -21.3941316604614 -21.456226348877 -21.0493223667145 -20.6464171409607
-20.3012762069702 -20.3727576732635 -20.3632366657257 -20.3137176036835 -20.2541980743408 -20.2386798858643 -20.232159614563 -20.2276418209076 -20.2775890827179 -20.3130040168762 -20.3294191360474 -20.3428335189819 -20.4002487659454 -20.4006638526917 -20.3640789985657 -20.4514942169189 -20.5409088134766 -20.5853238105774 -20.5567381381989 -20.3711545467377 -20.4760472774506 -20.8084170818329 -20.9617869853973 -21.0081572532654 -21.0892944335938 -21.1458432674408 -21.2153925895691 -21.2489428520203 -21.3644924163818 -21.2650420665741 -21.1175918579102 -21.196141242981 -21.367799282074 -21.2935628890991 -21.0823259353638 -21.1020894050598 -21.1988534927368 -20.9366178512573 -20.9453821182251 -21.0111467838287 -21.2219085693359 -21.2626729011536 -21.3444375991821 -21.1532025337219 -20.9736113548279 -21.0006687641144 -20.8407258987427 -20.5557832717896
-20.3014440536499 -20.3559002876282 -20.3673570156097 -20.3288128376007 -20.3002707958221 -20.2067258358002 -20.1451826095581 -20.1566395759583 -20.2670657634735 -20.3654642105103 -20.4238624572754 -20.4342603683472 -20.4456572532654 -20.3860549926758 -20.3164525032043 -20.4488492012024 -20.6092476844788 -20.6656441688538 -20.5830428600311 -20.4894399642944 -20.5500934123993 -20.6430006027222 -20.7079081535339 -20.9018144607544 -21.0096435546875 -21.0078580379486 -21.0460729598999 -21.1412868499756 -21.2175006866455 -21.2207152843475 -21.2109293937683 -21.2581429481506 -21.3304929733276 -21.3649792671204 -21.3674659729004 -21.3779511451721 -21.3064370155334 -21.0409235954285 -21.1724097728729 -21.1938953399658 -21.2223806381226 -21.1888680458069 -21.2653532028198 -21.1718406677246 -20.97909283638 -20.8611116409302 -20.6401309967041 -20.4241509437561
