data/spatiotemp/temp2/bio6_norsw_test_2007_2010.asc
NCOLS 654 
NROWS 380 
XLLCORNER 3.91666666666667 
YLLCORNER 55.3333333333333 
CELLSIZE 0.0416666666666667 
NODATA_value -9999 
[rows 0 to 21 of 380, columns 528 to 575 of 654]
-9999 -7.96233332157135 -7.15492296218872 -9999 -9999 -9999 -9999 -9999 -9999 -9999 -9999 -9999 -9999 -9999 -9999 -9999 -9999 -9999 -9999 -9999 -9999 -9999 -9999 -9999 -9999 -9999 -9999 -9999 -9999 -9999 -9999 -9999 -9999 -9999 -9999 -9999 -9999 -9999 -9999 -9999 -9999 -9999 -9999 -9999 -9999 -9999 -9999 -9999
-8.06034600734711 -7.73941040039062 -7.24436461925507 -9999 -9999 -9999 -9999 -9999 -9999 -9999 -9999 -9999 -9999 -9999 -9999 -9999 -9999 -9999 -9999 -9999 -9999 -9999 -9999 -9999 -9999 -9999 -9999 -9999 -9999 -9999 -9999 -9999 -9999 -9999 -9999 -9999 -9999 -9999 -10.8452315330505 -11.3734722137451 -11.194212436676 -10.6599538326263 -10.5144443511963 -9.77143537998199 -9999 -9999 -9999 -9999
-6.83003878593445 -6.48192274570465 -9999 -9999 -9999 -8.50195717811584 -8.17384076118469 -7.30989110469818 -9999 -9999 -9999 -9999 -9999 -9999 -9999 -9999 -9999 -9999 -9999 -9999 -9999 -9999 -9999 -9999 -9999 -9999 -9999 -9999 -9999 -9999 -9999 -9999 -9999 -9999 -9999 -9999 -9999 -10.1973611116409 -10.7765972614288 -11.4992499351501 -11.701194524765 -11.5041387081146 -10.9768750667572 -10.789742231369 -10.4998263120651 -9.9236456155777 -10.1919101476669 -10.5226740837097
-7.55560326576233 -7.39671730995178 -7.49824786186218 -8.37338960170746 -8.59533071517944 -8.85283958911896 -8.15804648399353 -7.21840059757233 -9999 -9999 -9999 -9999 -9999 -9999 -9999 -9999 -9999 -9999 -9999 -9999 -9999 -9999 -9999 -9999 -9999 -9999 -9999 -9999 -9999 -9999 -9999 -10.3448956012726 -10.5269910097122 -10.7701387405396 -11.0674532651901 -11.476851940155 -11.4066665172577 -11.1177313327789 -10.4483796358109 -10.8396153450012 -11.5076761245728 -11.9363238811493 -11.850971698761 -11.573620557785 -11.2999746799469 -11.1216254234314 -11.1205730438232 -11.1443724632263
-7.76033389568329 -7.9135947227478 -7.95852279663086 -8.54886722564697 -8.27754426002502 -9999 -9999 -9999 -9999 -9999 -9999 -9999 -9999 -9999 -9999 -9999 -9999 -9999 -9.4908332824707 -9999 -9999 -9999 -9999 -9999 -9999 -9999 -9999 -9999 -9999 -10.5640625953674 -11.0556597709656 -11.2611451148987 -10.3413424491882 -10.8569443225861 -11.6120462417603 -12.0883977413177 -12.0137495994568 -11.6201021671295 -11.0624535083771 -11.4182333946228 -11.8631575107574 -12.23450922966 -12.3138611316681 -12.1702129840851 -12.0175666809082 -11.9969236850739 -12.0272805690765 -12.0026364326477
-9999 -9999 -9999 -9999 -9999 -9999 -9999 -9999 -9999 -9999 -9999 -9999 -9999 -10.1324999332428 -10.3112502098083 -10.5165354013443 -11.0650001764297 -10.8348336219788 -10.2981252670288 -9.94250023365021 -9999 -9999 -9999 -9999 -9999 -9999 -9999 -9999 -10.6313537359238 -10.9121055603027 -11.458104133606 -11.7131450176239 -11.7105853557587 -11.7496871948242 -11.7770133018494 -11.8153605461121 -11.9054169654846 -12.1044721603394 -12.2905278205872 -12.3095831871033 -12.4066386222839 -12.6066942214966 -12.6897497177124 -12.6418051719666 -12.6351594924927 -12.6108124256134 -12.5234653949738 -12.456118106842
-9999 -9999 -9999 -9999 -9999 -9999 -9999 -9999 -9999 -9999 -9999 -10.2958332300186 -10.2623808383942 -10.735760807991 -11.3258328437805 -11.7291669845581 -11.6994998455048 -11.3278336524963 -10.6741670370102 -10.1103576421738 -9999 -9999 -9999 -9999 -9999 -9999 -9999 -9999 -9999 -10.8240622282028 -11.1651041507721 -11.3861458301544 -11.5968317985535 -11.8414208889008 -11.5727314949036 -11.2834489345551 -11.6358330249786 -11.9809257984161 -12.3866019248962 -12.6683609485626 -12.8621201515198 -12.9918787479401 -13.0496387481689 -13.116397857666 -13.1237518787384 -13.0397012233734 -12.9276502132416 -12.9005994796753
-9999 -9999 -9999 -9999 -9999 -9999 -9999 -9999 -9999 -9.7691662311554 -10.6149994134903 -11.3218333721161 -11.7361664772034 -11.9535000324249 -11.9248332977295 -11.7431666851044 -11.5615005493164 -11.0683336257935 -10.540833234787 -10.175833940506 -9.88968813419342 -9999 -9999 -9999 -9999 -9999 -9999 -9999 -9999 -9999 -9999 -9999 -9999 -9999 -9999 -9999 -9999 -11.6186571121216 -12.1991996765137 -12.6861391067505 -12.9466016292572 -13.0920643806458 -13.248527765274 -13.2899904251099 -13.2753446102142 -13.2255899906158 -13.2108359336853 -13.2050802707672
-9999 -9999 -9999 -9999 -9999 -9999 -9999 -10.1192834377289 -10.5540676116943 -10.8871666193008 -11.4904997348785 -11.9378335475922 -12.1491661071777 -11.9815006256104 -11.7898328304291 -11.7121667861938 -11.8125 -11.5888333320618 -11.0022921562195 -10.4175001382828 -9999 -9999 -9999 -9999 -9999 -9999 -9999 -9999 -9999 -9999 -10.5501041412354 -9999 -11.2862503528595 -11.6469163894653 -12.4060826301575 -12.7747280597687 -12.7254157066345 -12.3898956775665 -12.5828673839569 -12.7421271800995 -12.8340277671814 -12.9617259502411 -13.0987496376038 -13.0502083301544 -13.0049850940704 -12.952433347702 -12.9467704296112 -12.942812204361
-9999 -9999 -9999 -9999 -9999 -9.00245296955109 -10.1716099977493 -11.1998944282532 -11.6338326931 -12.1161661148071 -12.2954993247986 -12.4648334980011 -12.5111660957336 -12.6485002040863 -12.8358330726624 -12.8321671485901 -12.6195001602173 -11.9118340015411 -11.1797227859497 -10.6925004720688 -9999 -9999 -9999 -9999 -9999 -9999 -9999 -9999 -9999 -9999 -10.6143896579742 -9999 -11.3068516254425 -11.9341866970062 -12.8827059268951 -13.4242131710052 -13.5850830078125 -13.6019539833069 -13.6478233337402 -13.6836948394775 -13.6105642318726 -13.6894345283508 -13.7193048000336 -13.5191760063171 -13.1213872432709 -12.9006752967834 -12.7882056236267 -13.1030440330505
-9999 -9999 -9.70771670341492 -9.66474795341492 -9.9842791557312 -10.6529769897461 -11.8108415603638 -12.7888724803925 -13.245178937912 -13.266761302948 -13.291344165802 -13.4149265289307 -13.0835084915161 -12.5140907764435 -12.3286728858948 -12.7057549953461 -12.4330875873566 -11.5804197788239 -11.0740025043488 -9999 -9999 -9999 -9999 -9999 -9999 -9999 -9999 -9999 -11.5512678623199 -11.911940574646 -12.3069472312927 -12.9739546775818 -12.890442609787 -13.1322700977325 -13.515727519989 -13.9954354763031 -14.1421432495117 -14.2608511447906 -14.3705587387085 -14.3192665576935 -14.2099738121033 -14.1056818962097 -13.9713900089264 -13.8470973968506 -13.9923906326294 -14.033269405365 -13.9691488742828 -13.88902759552
-9999 -9999 -9.99784338474274 -10.6340357065201 -11.0236579179764 -11.8112788200378 -12.6189005374908 -13.2405216693878 -13.2258729934692 -12.8169519901276 -12.3970327377319 -12.6363627910614 -12.4241921901703 -12.2419090270996 -11.7286024093628 -11.3039326667786 -10.5994009971619 -9999 -9999 -9999 -9999 -9999 -9999 -9999 -9999 -9999 -9999 -11.6968224048615 -11.8202607631683 -12.4153647422791 -13.0126357078552 -13.478572845459 -13.8348808288574 -14.0255596637726 -14.2252383232117 -14.4349172115326 -14.5515966415405 -14.6562747955322 -14.7689542770386 -14.7956326007843 -14.6483111381531 -14.6199901103973 -14.6536691188812 -14.5783476829529 -14.442519903183 -14.341185092926 -14.2188501358032 -14.0360600948334
-9999 -10.7131506204605 -11.1451125144958 -11.8343241214752 -12.1505362987518 -12.0427479743958 -12.2159593105316 -12.3331713676453 -12.3285663127899 -12.3251433372498 -12.4379708766937 -12.4500484466553 -12.4177815914154 -12.2537150382996 -11.963032245636 -11.8214271068573 -11.6066868305206 -11.3137645721436 -9999 -9999 -9999 -9999 -9999 -9999 -9999 -9999 -9999 -12.221718788147 -12.6725869178772 -13.0348184108734 -13.4713227748871 -13.8631908893585 -14.1334497928619 -14.2570989131927 -14.4117496013641 -14.6763997077942 -14.8400497436523 -14.9376995563507 -14.9173491001129 -14.8159997463226 -14.6276483535767 -14.4402990341187 -14.3589489459991 -14.2986812591553 -14.1450176239014 -14.0219738483429 -13.7256276607513 -13.6025004386902
-10.4912061691284 -10.74389731884 -11.2158107757568 -11.8616123199463 -12.2124147415161 -12.2852168083191 -12.4490184783936 -12.4968209266663 -12.7022590637207 -12.7743344306946 -12.8584094047546 -13.0214850902557 -13.2485604286194 -13.2376363277435 -13.2617106437683 -12.9837868213654 -12.2987701892853 -9999 -9999 -9999 -9999 -9999 -9999 -10.618420124054 -9999 -12.1606421470642 -12.8741495609283 -13.0259628295898 -13.3974134922028 -13.673211812973 -13.4973437786102 -13.7321622371674 -14.0141491889954 -14.3076393604279 -14.4822602272034 -14.5998814105988 -14.6895022392273 -14.6771235466003 -14.7217445373535 -14.6423649787903 -14.5789864063263 -14.4372315406799 -14.5174779891968 -14.6458487510681 -14.6104147434235 -14.3650145530701 -14.2782514095306 -14.440488576889
-11.7397236824036 -11.8731160163879 -12.1725084781647 -12.5249009132385 -12.9372928142548 -13.363685131073 -13.5570774078369 -13.4844694137573 -13.6569519042969 -13.8225250244141 -14.0070986747742 -14.0336711406708 -13.8592445850372 -13.6258170604706 -13.3793904781342 -12.9359631538391 -12.3949980735779 -10.0021095275879 -9999 -9999 -9999 -9999 -9999 -9999 -9999 -12.6065902709961 -13.2030732631683 -13.7445108890533 -14.2522397041321 -14.3499686717987 -14.3156976699829 -14.2534272670746 -14.4405875205994 -14.6261794567108 -14.6437721252441 -14.7093641757965 -14.978955745697 -15.2375471591949 -15.3291397094727 -15.3147320747375 -15.18732380867 -15.1699156761169 -15.2685079574585 -15.2250998020172 -15.1569073200226 -15.1899299621582 -15.2499520778656 -15.2189755439758
-12.9592411518097 -12.9862241744995 -13.3072061538696 -13.7091891765594 -14.013171672821 -14.1621544361115 -14.1551370620728 -14.3541193008423 -14.4516453742981 -14.4427165985107 -14.4447872638702 -14.2928581237793 -14.0799283981323 -13.7479991912842 -13.3080699443817 -12.5629863739014 -11.3802108764648 -9999 -9999 -9999 -9999 -9999 -12.3181073665619 -12.3021004199982 -9999 -13.1909198760986 -13.5505084991455 -14.1464068889618 -14.5720658302307 -14.9037258625031 -15.0933864116669 -15.2470457553864 -15.3301568031311 -15.2917194366455 -15.1602828502655 -15.1638460159302 -15.4404091835022 -15.6759719848633 -15.8285350799561 -15.8320989608765 -15.7426614761353 -15.6822242736816 -15.7187876701355 -15.6023504734039 -15.4880356788635 -15.4308445453644 -15.1556532382965 -14.9140980243683
-13.3377583026886 -13.5853309631348 -13.9839046001434 -14.3654770851135 -14.6220498085022 -14.7166225910187 -14.6611955165863 -14.6717684268951 -14.6893389225006 -14.6049067974091 -14.4934759140015 -14.2620439529419 -13.8986127376556 -13.598180770874 -13.1047489643097 -12.3760676383972 -9999 -9999 -9999 -9999 -12.8827953338623 -13.6510939598083 -14.1808502674103 -13.8639409542084 -13.1820311546326 -14.1388716697693 -14.285295009613 -14.2157464027405 -14.5991656780243 -15.0764827728271 -15.3210725784302 -15.481663942337 -15.5677256584167 -15.6142597198486 -15.5357937812805 -15.4973282814026 -15.7088632583618 -15.8033967018127 -15.8609302043915 -15.901465177536 -15.872998714447 -15.8125329017639 -15.6850666999817 -15.5636012554169 -15.4751648902893 -15.304455280304 -14.8806874752045 -14.9953763484955
-13.6862761974335 -14.0094392299652 -14.1896026134491 -14.3737652301788 -14.5909290313721 -14.7370910644531 -14.6982545852661 -14.5954170227051 -14.503032207489 -14.4030985832214 -14.3641645908356 -14.2382304668427 -14.2732963562012 -13.8383626937866 -13.0911207199097 -12.3447804450989 -12.2067272663116 -12.88534116745 -13.2716927528381 -13.6062588691711 -14.0104098320007 -14.5360724925995 -14.6595938205719 -14.6961145401001 -14.6196353435516 -14.8931558132172 -15.0236766338348 -15.1211981773376 -15.3047182559967 -15.4492392539978 -15.5927605628967 -15.7422816753387 -15.8102946281433 -15.8087995052338 -15.820305109024 -15.9258100986481 -15.9473152160645 -15.9748206138611 -16.071325302124 -16.1238315105438 -16.1223356723785 -16.0738410949707 -15.9083468914032 -15.8148515224457 -15.8072938919067 -15.7306747436523 -15.7249007225037 -15.7164351940155
-14.0377924442291 -14.2105467319489 -14.2483005523682 -14.3130536079407 -14.6058065891266 -14.821560382843 -14.7923130989075 -14.594066619873 -14.5297255516052 -14.4702889919281 -14.5238528251648 -14.4584167003632 -14.2159802913666 -13.9535443782806 -13.4686076641083 -13.8286716938019 -13.3171448707581 -13.9627985954285 -14.3932378292084 -14.6709270477295 -14.9749345779419 -15.2773849964142 -15.2988364696503 -15.3072876930237 -15.3257391452789 -15.533191204071 -15.7956430912018 -15.8960938453674 -16.0825457572937 -16.1179974079132 -16.2434480190277 -16.2668998241425 -16.3178634643555 -16.2933397293091 -16.2818157672882 -16.357292175293 -16.3627684116364 -16.3432455062866 -16.3287210464478 -16.3501975536346 -16.3456733226776 -16.2721500396729 -16.2256257534027 -16.2431025505066 -16.2464230060577 -16.2215898036957 -16.2797553539276 -16.3599219322205
-14.3313112258911 -14.2506546974182 -14.2719976902008 -14.3853418827057 -14.5016844272614 -14.8660290241241 -14.9963717460632 -14.8867158889771 -14.7854192256927 -14.7714805603027 -14.7045419216156 -14.5306026935577 -14.372663974762 -14.2509644031525 -14.3772246837616 -14.6068489551544 -14.7789099216461 -14.9179718494415 -15.1540324687958 -15.3780944347382 -15.5143165588379 -15.6636974811554 -15.7320799827576 -15.7634620666504 -15.7908434867859 -16.0462255477905 -16.1796078681946 -16.2789902687073 -16.3763720989227 -16.4397540092468 -16.5331363677979 -16.6035177707672 -16.649432182312 -16.6558799743652 -16.7073273658752 -16.6627745628357 -16.6182215213776 -16.6296689510345 -16.5921168327332 -16.556563615799 -16.5450110435486 -16.5214579105377 -16.5449059009552 -16.5263526439667 -16.5585525035858 -16.6105043888092 -16.6804568767548 -16.7334082126617
-14.7058279514313 -14.9897615909576 -14.6976957321167 -14.4926300048828 -14.5065643787384 -14.5944979190826 -14.8574316501617 -14.9683651924133 -14.8341119289398 -14.8176715373993 -14.6642308235168 -14.8067893981934 -15.0063481330872 -14.821907043457 -14.9704666137695 -15.0970256328583 -15.272584438324 -15.4011437892914 -15.392703294754 -15.5612621307373 -15.8136978149414 -15.9540107250214 -16.0753228664398 -16.0996358394623 -16.1249480247498 -16.2362611293793 -16.4175727367401 -16.4938857555389 -16.5431983470917 -16.6285099983215 -16.7368228435516 -16.8271362781525 -16.855001449585 -16.9364199638367 -16.9558379650116 -16.8672564029694 -16.8116748332977 -16.7930929660797 -16.7415115833282 -16.7139301300049 -16.7163486480713 -16.7727673053741 -16.7711853981018 -16.8276033401489 -16.8756816387177 -17.0164198875427 -17.0141575336456 -17.0278949737549
-14.7683453559875 -15.0978698730469 -15.1983942985535 -14.9179177284241 -14.8144421577454 -14.7899668216705 -14.7594904899597 -14.8080146312714 -14.8808054924011 -14.9798617362976 -15.2429187297821 -15.4389755725861 -15.400032043457 -15.3810889720917 -15.4581458568573 -15.5352032184601 -15.5702595710754 -15.6013162136078 -15.5913729667664 -15.7034299373627 -15.9280796051025 -16.1003220081329 -16.2115654945374 -16.2828094959259 -16.3580522537231 -16.4852955341339 -16.6005389690399 -16.6567814350128 -16.7500247955322 -16.8502676486969 -16.9265108108521 -16.9867537021637 -17.0665702819824 -17.0829601287842 -17.0923490524292 -17.0497386455536 -16.9881279468536 -16.9835176467896 -16.9749073982239 -16.9852967262268 -16.9876861572266 -16.9770746231079 -17.0294644832611 -17.0238544940948 -17.0998110771179 -17.156334400177 -17.1898581981659 -17.2543816566467
