data/spatiotemp/temp2/bio7_norsw_test_2007_2010.asc
NCOLS 654 
NROWS 380 
XLLCORNER 3.91666666666667 
YLLCORNER 55.3333333333333 
CELLSIZE 0.0416666666666667 
NODATA_value -9999 
[rows 242 to 263 of 380, columns 400 to 449 of 654]
-9999 -9999 -9999 -9999 -9999 -9999 -9999 -9999 -9999 -9999 -9999 -9999 -9999 -9999 -9999 -9999 -9999 29.7347469329834 29.9549446105957 30.1340489387512 30.3456029891968 30.5727319717407 30.773766040802 30.9098019599915 30.9998364448547 31.0958709716797 31.2289066314697 31.3969421386719 31.585608959198 31.6839089393616 31.777889251709 31.946412563324 32.1619353294373 32.3024578094482 32.3669805526733 32.4875040054321 32.6490259170532 32.7535481452942 32.6660695075989 32.6565928459167 32.9937963485718 33.4376788139343 33.7475590705872 33.8214406967163 33.8713240623474 33.8442053794861 33.929087638855 34.0699691772461 34.0538516044617 34.0827341079712
-9999 -9999 -9999 -9999 -9999 -9999 -9999 -9999 -9999 -9999 -9999 -9999 -9999 -9999 -9999 -9999 29.6305160522461 29.7077946662903 29.9460129737854 30.1608557701111 30.3406343460083 30.4984154701233 30.6801958084106 30.8539748191833 31.0047559738159 31.1835355758667 31.3493165969849 31.4030976295471 31.4765696525574 31.5757341384888 31.6935863494873 31.8996553421021 32.1757216453552 32.4123973846436 32.5118570327759 32.5579237937927 32.6099925041199 32.7240595817566 32.6031274795532 32.5181946754456 32.7002062797546 32.8911557197571 33.192108631134 33.550060749054 33.6370091438293 33.6549615859985 33.7019138336182 33.9318642616272 34.050817489624 34.1327686309814
-9999 -9999 -9999 -9999 -9999 -9999 -9999 -9999 -9999 -9999 -9999 -9999 -9999 -9999 27.331328868866 28.5055818557739 29.5579257011414 29.7704181671143 30.0165214538574 30.0906629562378 30.2975735664368 30.5200991630554 30.6946244239807 30.8681483268738 30.976674079895 31.1062002182007 31.2087259292603 31.3252511024475 31.435528755188 31.501558303833 31.6602811813354 31.8528938293457 32.0575075149536 32.2651205062866 32.4547343254089 32.5603442192078 32.6709589958191 32.7625727653503 32.7171850204468 32.6617975234985 32.6496143341064 32.7776350975037 32.924656867981 33.1876769065857 33.4236989021301 33.6437182426453 33.6947388648987 33.8947596549988 33.9747815132141 34.0958013534546
-9999 -9999 -9999 -9999 -9999 -9999 -9999 -9999 -9999 -9999 -9999 -9999 -9999 28.5678901672363 -9999 29.5384120941162 29.6131772994995 29.7696356773376 29.9879689216614 30.16557264328 30.380081653595 30.5187816619873 30.6600518226624 30.8043222427368 30.9445929527283 31.1028656959534 31.2291355133057 31.3354063034058 31.4754867553711 31.6053810119629 31.6962723731995 31.8391351699829 32.0922951698303 32.2304525375366 32.3906106948853 32.5187673568726 32.6779265403748 32.7590823173523 32.8152418136597 32.8444008827209 32.8050246238708 32.7971162796021 32.8312063217163 32.9982957839966 33.3053855895996 33.5444760322571 33.6665668487549 33.823655128479 34.0007467269897 34.0678372383118
-9999 -9999 -9999 -9999 -9999 -9999 -9999 -9999 -9999 -9999 -9999 -9999 -9999 -9999 29.1708078384399 29.4697699546814 29.6333265304565 29.7549834251404 30.0425748825073 30.2171158790588 30.3802733421326 30.5164642333984 30.6474804878235 30.7274966239929 31.0645132064819 31.410530090332 31.5445456504822 31.5655608177185 31.5824456214905 31.6322031021118 31.7239589691162 31.7707138061523 31.9900808334351 32.1657848358154 32.3914856910706 32.5211901664734 32.6668930053711 32.7685961723328 32.8793001174927 32.9630026817322 33.0154333114624 32.9515933990479 32.9397530555725 33.1589131355286 33.3850727081299 33.5972318649292 33.7013921737671 33.8825511932373 34.0267119407654 34.1008725166321
-9999 -9999 -9999 -9999 -9999 -9999 -9999 -9999 -9999 -9999 26.7801990509033 -9999 -9999 28.8145236968994 29.1624217033386 29.4103212356567 29.6448783874512 29.8121004104614 30.0083627700806 30.2256245613098 30.4383864402771 30.6411457061768 30.6899080276489 30.7006692886353 30.9834308624268 31.3531937599182 31.5599551200867 31.634717464447 31.6754069328308 31.6840252876282 31.7156448364258 31.780264377594 32.0718679428101 32.265115737915 32.3853621482849 32.4836106300354 32.6878600120544 32.9201083183289 32.9723567962646 33.0616044998169 33.135844707489 33.0920729637146 33.1603012084961 33.3715314865112 33.5877599716187 33.6929898262024 33.7132182121277 33.8034482002258 33.9376759529114 34.1109051704407
-9999 -9999 -9999 -9999 -9999 -9999 -9999 -9999 -9999 -9999 -9999 -9999 -9999 28.6128387451172 -9999 29.4169025421143 29.5852956771851 29.7327489852905 29.908974647522 30.2205228805542 30.4363212585449 30.5918312072754 30.6823377609253 30.746844291687 30.9093503952026 31.146858215332 31.2683644294739 31.4098711013794 31.4643669128418 31.5368485450745 31.6203303337097 31.7568144798279 31.9976544380188 32.194447517395 32.3302402496338 32.3950328826904 32.6438274383545 32.8756198883057 33.0574135780334 33.1682076454163 33.1052536964417 33.0625519752502 33.1368508338928 33.2741484642029 33.5124483108521 33.6697459220886 33.7100439071655 33.7303423881531 33.8406429290771 34.0669412612915
-9999 -9999 -9999 -9999 -9999 -9999 -9999 -9999 -9999 -9999 -9999 -9999 -9999 28.5028200149536 28.5654425621033 29.1697316169739 29.358615398407 29.3605027198792 29.644588470459 30.005190372467 30.2142610549927 30.3755130767822 30.5177655220032 30.6320161819458 30.8112697601318 31.0005221366882 31.1177744865417 31.2200264930725 31.2923264503479 31.3596711158752 31.5500168800354 31.7373652458191 31.9054403305054 32.0487790107727 32.2141165733337 32.376455783844 32.6137928962708 32.7931323051453 32.9244709014893 32.983811378479 33.0226621627808 33.0940322875977 33.1644005775452 33.3367667198181 33.4881343841553 33.5665040016174 33.6598711013794 33.7452387809753 33.9066071510315 34.0369753837585
-9999 -9999 -9999 -9999 -9999 -9999 -9999 -9999 -9999 -9999 27.9787559509277 -9999 -9999 -9999 -9999 -9999 29.0339827537537 29.0091667175293 29.5812277793884 29.8574538230896 30.057222366333 30.2189092636108 30.3645911216736 30.5262784957886 30.7189636230469 30.9206480979919 31.1323342323303 31.2660193443298 31.3140425682068 31.3494057655334 31.5187706947327 31.7931337356567 31.9824967384338 32.1438603401184 32.241222858429 32.3852863311768 32.5764346122742 32.6735825538635 32.6627292633057 32.7908782958984 32.9405927658081 33.0838718414307 33.2221546173096 33.4084343910217 33.5077171325684 33.5959987640381 33.7042803764343 33.848560333252 34.0018420219421 33.9341249465942
-9999 -9999 -9999 -9999 -9999 -9999 -9999 -9999 -9999 -9999 -9999 -9999 -9999 -9999 -9999 -9999 29.369236946106 -9999 29.5428476333618 29.7584018707275 29.9832077026367 30.1660141944885 30.3028206825256 30.5096259117126 30.6984305381775 30.8772354125977 31.1220436096191 31.3258476257324 31.3915181159973 31.4050521850586 31.5815873146057 31.903121471405 32.1566572189331 32.3181915283203 32.3023085594177 32.296528339386 32.458749294281 32.5739693641663 32.6771898269653 32.8214106559753 32.9460401535034 33.0320777893066 33.2261176109314 33.3721532821655 33.5531916618347 33.7022318840027 33.7922687530518 33.9173078536987 33.9783473014832 33.9383845329285
-9999 -9999 -9999 -9999 -9999 -9999 -9999 -9999 -9999 27.1369152069092 -9999 -9999 -9999 -9999 -9999 29.202262878418 29.3907408714294 29.4537501335144 29.4638409614563 29.5814971923828 29.8081946372986 30.0621209144592 30.2720470428467 30.444972038269 30.6318974494934 30.8148241043091 30.9777493476868 31.1326770782471 31.2139916419983 31.3091330528259 31.6246118545532 31.901111125946 32.0918159484863 32.2235221862793 32.2084770202637 32.3257703781128 32.4990634918213 32.5993576049805 32.662652015686 32.809944152832 32.9854888916016 33.0722818374634 33.2330765724182 33.436872959137 33.5756673812866 33.6764621734619 33.7672595977783 33.9010539054871 33.9358491897583 33.9616436958313
-9999 -9999 -9999 -9999 -9999 -9999 -9999 -9999 -9999 -9999 -9999 -9999 -9999 -9999 28.8298091888428 29.0243344306946 29.3594574928284 29.4429445266724 29.5435876846313 29.5872449874878 29.6911792755127 29.9608097076416 30.2085466384888 30.3723187446594 30.5533661842346 30.7094106674194 30.7614579200745 30.8451404571533 30.9567017555237 31.0990104675293 31.3712210655212 31.7120985984802 31.835973739624 32.0618534088135 32.2276453971863 32.411012172699 32.4673781394958 32.4667434692383 32.5671110153198 32.7984762191772 33.0359358787537 33.1944870948792 33.2560391426086 33.4445929527283 33.4981427192688 33.6096963882446 33.6912484169006 33.7298002243042 33.73335313797 33.832905292511
-9999 -9999 -9999 -9999 -9999 -9999 27.2883853912354 -9999 -9999 -9999 27.9821352958679 28.0576548576355 27.5165104866028 28.4461984634399 28.4508862495422 28.873429775238 29.1558337211609 29.3716659545898 29.4676761627197 29.6940002441406 29.8541665077209 29.9583334922791 29.9836759567261 30.1276669502258 30.3698329925537 30.4609990119934 30.3827381134033 30.4758343696594 30.6703696250916 30.99280834198 31.2219972610474 31.4965462684631 31.6301355361938 31.8971843719482 32.1682319641113 32.2472810745239 32.2656922340393 32.2841310501099 32.4755706787109 32.7350101470947 32.9243841171265 33.1326932907104 33.2840032577515 33.3483104705811 33.4906196594238 33.5869288444519 33.6302371025085 33.6285471916199 33.6498560905457 33.7441649436951
-9999 -9999 -9999 -9999 -9999 -9999 27.6419167518616 27.5855150222778 -9999 -9999 28.0163130760193 28.1899118423462 28.2535123825073 27.6596117019653 -9999 28.3843102455139 28.9098863601685 29.1822910308838 29.2566900253296 29.5705323219299 29.7391533851624 29.8787732124329 29.8652653694153 29.9198269844055 30.0913004875183 30.1716437339783 30.0618753433228 30.4757170677185 30.6987342834473 30.8096356391907 30.9398565292358 31.1163249015808 31.3874831199646 31.6087760925293 31.8477349281311 31.9084935188293 31.9800062179565 32.1275191307068 32.4220294952393 32.7035431861877 32.9228329658508 33.0398983955383 33.114963054657 33.269031047821 33.5390968322754 33.6451621055603 33.6512279510498 33.6302928924561 33.7023591995239 33.7434258460999
-9999 -9999 -9999 -9999 26.9137563705444 -9999 -9999 27.8154573440552 27.7993569374084 -9999 28.1254911422729 28.2346701622009 28.2655148506165 -9999 -9999 -9999 28.7621765136719 29.0314888954163 29.0978236198425 29.509397983551 29.5043044090271 29.6262955665588 29.7099537849426 29.7890286445618 29.8881025314331 29.7800340652466 30.0727090835571 30.3358149528503 30.5994734764099 30.6707816123962 30.8187184333801 30.9446811676025 30.943455696106 31.1705961227417 31.4679913520813 31.6507353782654 31.8618626594543 32.0959057807922 32.4264912605286 32.7240753173828 32.9612798690796 33.1211032867432 33.2219247817993 33.2957491874695 33.5315728187561 33.5653944015503 33.5782165527344 33.5860395431519 33.5928635597229 33.6566863059998
-9999 -9999 -9999 -9999 26.9561285972595 -9999 26.9739756584167 27.5495667457581 27.9118227958679 27.9299139976501 28.144670009613 28.2463717460632 28.2525177001953 -9999 28.0078639984131 28.1792879104614 28.3370132446289 -9999 28.7000689506531 28.6815981864929 28.7006230354309 -9999 -9999 29.1827073097229 29.28209400177 29.5814781188965 29.8272914886475 29.7921533584595 30.0320315361023 30.4704566001892 30.7056860923767 30.8973441123962 30.9772534370422 31.0330176353455 31.0745973587036 31.0684757232666 31.1026363372803 31.4839806556702 32.0213675498962 32.5006079673767 32.6587285995483 32.8493075370789 32.967887878418 33.1334671974182 33.3170471191406 33.4896273612976 33.5622067451477 33.5927867889404 33.5923666954041 33.6659464836121
27.2517714500427 -9999 -9999 -9999 26.7818341255188 -9999 26.9775056838989 -9999 -9999 27.7397613525391 28.1125984191895 28.1676454544067 27.7895188331604 27.9248547554016 28.0435242652893 28.2080264091492 28.2785186767578 28.4734516143799 28.6239056587219 28.7435402870178 28.6861100196838 28.6234254837036 -9999 28.7430558204651 29.073703289032 29.2376847267151 29.5150003433228 29.634400844574 29.770839214325 30.3059306144714 30.5965633392334 30.8032941818237 30.8560261726379 30.8006138801575 30.5492420196533 30.6146903038025 30.5753765106201 30.8452625274658 31.4466290473938 32.0063810348511 32.1938643455505 32.4059896469116 32.6568493843079 32.9021863937378 33.0592970848083 33.1469969749451 33.2674345970154 33.390200138092 33.3379640579224 33.2902073860168
-9999 -9999 -9999 27.0223951339722 27.1325392723083 -9999 26.7560367584229 26.6240329742432 26.8878645896912 27.5996117591858 28.1030278205872 27.8425517082214 27.7181887626648 27.9320182800293 27.9958500862122 -9999 28.320023059845 28.4442367553711 28.574559211731 -9999 -9999 28.4438652992249 -9999 28.8284029960632 -9999 29.1473150253296 29.2577085494995 29.3974761962891 29.5596480369568 29.8542175292969 30.1946249008179 30.4895758628845 30.7600474357605 30.8166017532349 30.6837449073792 30.6216497421265 30.1620540618896 30.4979147911072 31.1006817817688 31.5439605712891 31.6941246986389 31.9077186584473 32.1713109016418 32.433819770813 32.497763633728 32.668342590332 32.6756858825684 32.5035662651062 32.7201375961304 32.899468421936
-9999 -9999 -9999 26.9098963737488 27.0532455444336 27.096405506134 -9999 26.5477266311646 26.9390096664429 27.4594612121582 27.5247044563293 27.3441138267517 -9999 27.8058495521545 27.8481755256653 27.8780035972595 28.1365280151367 28.1904163360596 -9999 -9999 -9999 28.1747221946716 28.5098614692688 28.6816067695618 28.6593050956726 28.6590280532837 29.1004161834717 28.8959717750549 29.0317888259888 29.270366191864 29.5714416503906 29.9850182533264 30.3058319091797 30.5342302322388 30.4995937347412 -9999 30.4154014587402 30.7639541625977 31.155285358429 31.4182076454163 31.5914626121521 31.8099246025085 31.9867739677429 32.1776232719421 32.2534732818604 32.334575176239 32.2116761207581 32.2919826507568 32.5028777122498 32.6987271308899
-9999 -9999 -9999 26.8661465644836 27.1877026557922 27.2596354484558 27.0755949020386 -9999 27.2922377586365 27.0068106651306 -9999 26.8734540939331 -9999 -9999 -9999 27.6859064102173 27.9530310630798 27.9935402870178 28.177800655365 28.3259482383728 28.2034015655518 28.3347449302673 28.4294219017029 28.6383838653564 28.6715502738953 28.7078924179077 28.7956252098083 28.6611347198486 28.8185129165649 28.9865112304688 29.1857590675354 29.9100069999695 30.078004360199 30.2147512435913 -9999 -9999 30.4145774841309 30.7833156585693 31.165159702301 31.375075340271 31.4835200309753 31.6461281776428 31.8017349243164 31.9483428001404 32.0522842407227 31.9845585823059 32.0714812278748 32.131884098053 32.2123808860779 32.351987361908
-9999 -9999 26.9763536453247 26.8473958969116 27.251805305481 27.2273616790771 26.9648609161377 -9999 -9999 -9999 26.7509708404541 -9999 -9999 -9999 -9999 27.2773604393005 27.8537831306458 28.0506186485291 28.2085285186768 28.3523259162903 28.3565621376038 28.3616323471069 28.2767000198364 28.464271068573 28.5529947280884 -9999 28.6119794845581 28.3770489692688 28.9647784233093 29.0476660728455 29.0605535507202 29.4334416389465 29.4384703636169 29.56671667099 30.0021047592163 29.9892783164978 30.104320526123 30.610912322998 30.9533262252808 31.1798157691956 31.2689552307129 31.3726654052734 31.5082640647888 31.5572328567505 -9999 31.537036895752 31.7515420913696 31.6932692527771 31.837694644928 31.9349565505981
26.2342715263367 26.8303136825562 26.8388547897339 26.401563167572 -9999 -9999 -9999 -9999 -9999 -9999 -9999 -9999 -9999 -9999 -9999 27.3023595809937 27.7987837791443 27.9916319847107 28.2342796325684 28.275242805481 28.3298954963684 28.1532983779907 28.1517019271851 28.5511465072632 28.8933792114258 29.0047225952148 28.8244791030884 28.6872763633728 29.0247492790222 29.2593288421631 29.5229072570801 29.6649360656738 29.4291033744812 29.6040768623352 29.862979888916 29.8702187538147 29.833487033844 29.9723010063171 30.4354038238525 30.6821141242981 30.9763774871826 30.9739212989807 31.0689206123352 31.0352578163147 31.0584545135498 31.2797603607178 31.3116354942322 31.402512550354 31.5463900566101 31.7042670249939
