data/spatiotemp/temp2/bio7_norsw_test_2007_2010.asc
NCOLS 654 
NROWS 380 
XLLCORNER 3.91666666666667 
YLLCORNER 55.3333333333333 
CELLSIZE 0.0416666666666667 
NODATA_value -9999 
[rows 176 to 197 of 380, columns 250 to 299 of 654]
31.062771320343 31.0689473152161 31.2862253189087 31.4782204627991 31.5882349014282 31.401210308075 31.2542037963867 31.0812010765076 30.8141961097717 30.6982626914978 30.9390993118286 31.2549638748169 31.5098280906677 31.8428845405579 32.1522555351257 32.3796272277832 32.536997795105 32.7063679695129 32.7717418670654 32.7171130180359 32.606812953949 32.7954506874084 33.0457739830017 33.257776260376 33.4547786712646 33.7458567619324 33.9579763412476 34.0320954322815 34.0352149009705 33.7155561447144 33.8353886604309 34.3905758857727 34.8136944770813 34.9358134269714 35.0039219856262 35.2064213752747 35.1460065841675 34.965594291687 35.1271810531616 35.4867696762085 35.4683570861816 35.0759420394897 35.3295283317566 35.7011170387268 35.8567037582397 35.9562916755676 35.7379741668701 35.6997494697571 35.9294590950012 36.4640216827393
31.0956153869629 30.933650970459 30.8976864814758 30.9877228736877 31.3937578201294 31.5791525840759 31.6355881690979 31.6500234603882 31.4784579277039 30.9368944168091 31.0970015525818 31.2367787361145 31.3805584907532 31.7423372268677 32.0091404914856 32.3740048408508 32.6608695983887 32.7757334709167 32.8825988769531 33.0534644126892 33.0303297042847 33.0431914329529 33.2785177230835 33.3062982559204 33.3700814247131 33.5778617858887 33.837646484375 34.071427822113 34.2132110595703 33.8965139389038 33.9961190223694 34.2725586891174 34.4443392753601 34.7649321556091 34.6189618110657 34.6528625488281 34.6767616271973 34.928662776947 35.2245593070984 35.2484617233276 35.39035987854 35.484260559082 35.6141595840454 35.8360562324524 35.9199571609497 35.6078577041626 35.4710469245911 35.3415279388428 35.7134342193604 36.2747807502747
31.1773800849915 31.2285943031311 31.1796736717224 31.1434864997864 31.090229511261 31.3095002174377 31.7187690734863 31.8904800415039 31.7473092079163 31.4775805473328 31.584321975708 31.6593012809753 31.7256588935852 31.9100165367126 32.1903710365295 32.3527307510376 32.3810877799988 32.6094455718994 32.8838033676147 33.234160900116 33.4465193748474 33.5108761787415 33.5848264694214 33.5923643112183 33.4759035110474 33.4434432983398 33.6389827728271 33.9765219688416 34.2220606803894 34.2676010131836 34.3831391334534 34.3986778259277 34.3862166404724 34.5077562332153 34.602427482605 34.6942281723022 34.8620300292969 34.927830696106 35.0176315307617 34.9854331016541 34.9652333259583 35.2030358314514 35.5768375396729 35.4846363067627 35.4504375457764 35.5522389411926 35.0832486152649 34.987461566925 35.3230471611023 35.9571990966797
31.1475267410278 31.2323756217957 31.2021484375 31.3432579040527 31.540699005127 31.5120797157288 31.4215812683105 31.7510213851929 31.548463344574 31.6239051818848 31.7605514526367 31.4564008712769 31.458251953125 31.6561026573181 31.9799528121948 32.2378039360046 32.1856536865234 32.3271160125732 32.679356098175 33.1632056236267 33.4390568733215 33.5429067611694 33.6836142539978 33.7771768569946 33.7907390594482 33.7303028106689 33.7238655090332 33.7934260368347 34.0369877815247 34.2705521583557 34.4721145629883 34.4656753540039 34.2452397346497 34.4068002700806 34.4552283287048 34.4745202064514 34.5238122940063 34.5691032409668 34.4083967208862 34.5716867446899 34.8409781455994 35.0902695655823 34.8975610733032 34.8568549156189 34.886146068573 35.1354393959045 35.278573513031 35.4623093605042 35.7402935028076 36.025279045105
31.235906124115 31.4342560768127 31.2296085357666 31.0832905769348 31.330858707428 31.5024290084839 31.6639976501465 31.7635655403137 31.877133846283 31.9350666999817 31.8978123664856 31.6235017776489 31.480845451355 31.5861897468567 31.7055330276489 31.6608781814575 31.5290994644165 31.6873478889465 32.1765956878662 32.6382522583008 33.011595249176 33.248939037323 33.4804034233093 33.6719899177551 33.7495741844177 33.8831605911255 34.0487475395203 34.0623297691345 34.155918598175 34.319504737854 34.3370904922485 34.4526720046997 34.192259311676 34.1258454322815 34.0940294265747 34.0528106689453 34.179594039917 34.4423770904541 34.4231576919556 34.5739426612854 34.6167240142822 34.651505947113 34.5522894859314 34.4190726280212 34.5558552742004 34.8526368141174 35.0899090766907 35.3307242393494 35.5585417747498 35.8003587722778
31.6682391166687 31.6999359130859 31.4796304702759 31.1733264923096 31.0750212669373 31.1427178382874 31.3544125556946 31.6601076126099 31.9878039360046 32.1194996833801 32.0657658576965 31.7466011047363 31.6194381713867 31.6222763061523 31.6291136741638 31.4127836227417 31.3426814079285 31.4155802726746 31.7544755935669 32.1792984008789 32.582133769989 32.8669719696045 33.2391929626465 33.5668025016785 33.730411529541 33.8560209274292 34.0156297683716 34.1432371139526 34.2728462219238 34.2764544487 34.2340631484985 34.3736724853516 34.3892817497253 34.238890171051 34.132830619812 34.0511040687561 34.1553783416748 34.0376486778259 34.2079229354858 34.5105032920837 34.5424709320068 34.3687424659729 34.3829770088196 34.5298018455505 34.7056250572205 34.9932289123535 35.1594915390015 35.2589211463928 35.4665446281433 35.4464387893677
31.9438900947571 31.8997116088867 31.8295369148254 31.3633589744568 31.0791826248169 31.0110063552856 30.9948287010193 31.306649684906 31.7984733581543 32.1402974128723 32.1153745651245 31.7997040748596 31.6220321655273 31.5463614463806 31.2106924057007 31.4227151870728 31.6992621421814 31.7538113594055 31.9003562927246 32.0119032859802 32.2264499664307 32.6230025291443 33.0899815559387 33.4436144828796 33.6672472953796 33.7908792495728 33.8585114479065 33.9041428565979 34.1037755012512 34.2974047660828 34.2210373878479 34.1786704063416 34.0783014297485 33.9139347076416 34.0676312446594 34.207396030426 34.1971569061279 34.0529227256775 34.2118759155273 34.4672355651855 34.4505977630615 34.4169597625732 34.4763193130493 34.5446805953979 34.6400418281555 34.6664037704468 35.0009274482727 34.8635540008545 35.1020355224609 35.3165168762207
32.0335402488708 32.1934924125671 32.0714426040649 31.6873927116394 31.281343460083 31.0832934379578 31.1752452850342 31.2671928405762 31.6251435279846 32.073094367981 32.074981212616 31.7148032188416 31.6766276359558 31.6564497947693 31.1522731781006 31.1926488876343 31.4608464241028 31.5280408859253 31.7062358856201 31.9154343605042 32.183629989624 32.4318270683289 32.8767738342285 33.0684275627136 33.3280825614929 33.8117389678955 33.9253931045532 33.8830480575562 34.0087027549744 34.2363572120667 34.0720114707947 34.0396685600281 34.0833225250244 34.1229777336121 33.8344326019287 33.7736873626709 34.1012735366821 34.223171710968 33.8160681724548 33.9057555198669 34.1968650817871 34.2797627449036 34.4156618118286 34.5925598144531 34.7114582061768 34.8193573951721 35.0081038475037 34.9266967773438 35.0032830238342 34.8575959205627
32.1531944274902 32.2192716598511 32.2973499298096 32.0914268493652 31.533504486084 31.2895817756653 31.2996597290039 31.5377354621887 31.7698149681091 32.0478911399841 32.1065864562988 31.6999053955078 31.7052202224731 32.0065360069275 31.8138523101807 31.6751670837402 31.7504844665527 31.8492703437805 32.0571174621582 32.160964012146 32.3597493171692 32.6150646209717 32.9835610389709 33.0552406311035 33.3349189758301 33.8265986442566 33.9462742805481 33.9079537391663 33.8776321411133 33.9893097877502 34.1709871292114 34.0386638641357 34.0303440093994 34.1294260025024 34.0705237388611 34.0019793510437 34.2023949623108 34.3718290328979 34.0312657356262 33.7860226631165 34.125590801239 34.0511569976807 34.0687246322632 34.2962918281555 34.623875617981 34.7423105239868 34.746280670166 34.4189667701721 34.6772866249084 34.7497873306274
32.2308459281921 32.3530507087708 32.3672542572021 32.3147749900818 32.150559425354 31.8403449058533 31.6041288375854 31.6102795600891 31.858696937561 32.0524821281433 32.3261952400208 32.0350041389465 31.787814617157 32.1746234893799 32.3154325485229 32.0842413902283 32.0790510177612 32.239860534668 32.394670009613 32.3994789123535 32.4562864303589 32.687096118927 33.2983512878418 33.5720524787903 33.6537547111511 33.8414545059204 34.045156955719 34.1228594779968 33.8685607910156 33.9902629852295 33.9939613342285 33.8222217559814 34.071967124939 34.2927112579346 34.4525709152222 34.3165411949158 34.1515145301819 34.2824864387512 34.2734589576721 33.7712893486023 33.8968782424927 34.058470249176 33.9840602874756 34.1076498031616 34.2552409172058 34.2318301200867 34.5174565315247 34.4117894172668 34.6062784194946 34.691689491272
31.8644967079163 31.9145641326904 31.9966502189636 32.0687336921692 32.1198205947876 32.2339053153992 32.3259906768799 32.3470773696899 32.3451642990112 32.1592488288879 32.2578268051147 32.4258971214294 32.2864079475403 32.4847102165222 32.7370128631592 32.735315322876 32.4676175117493 32.4959187507629 32.2702226638794 32.2785234451294 32.4888253211975 32.8451271057129 33.4511423110962 33.9108662605286 33.9705896377563 33.9683156013489 33.9920382499695 33.9997639656067 33.9734888076782 34.1452126502991 34.4669370651245 34.5365428924561 34.47638463974 34.7149982452393 34.5388350486755 34.1331248283386 34.3546333312988 34.4771437644958 34.1436538696289 34.0091624259949 33.7921686172485 34.0207805633545 34.1583948135376 34.0840082168579 34.0336217880249 34.2042350769043 34.5075678825378 34.4546151161194 34.7302732467651 34.9715929031372
31.9165377616882 32.0759224891663 32.1623086929321 32.0816955566406 31.8770818710327 31.8124694824219 32.0608549118042 32.3822422027588 32.1316285133362 31.7000136375427 31.6022667884827 31.8943848609924 32.6585030555725 32.9776201248169 33.2747378349304 33.3278541564941 33.3161816596985 33.109977722168 32.5457725524902 32.4395685195923 32.5413656234741 33.0331592559814 33.6339311599731 34.0356793403625 34.0414252281189 34.0051732063293 34.1349201202393 34.1306681632996 34.040415763855 33.9061622619629 33.8179106712341 34.1768646240234 34.8535747528076 34.9202842712402 34.8026609420776 34.531708240509 34.7927556037903 34.6238017082214 34.3818469047546 34.5708932876587 34.2319393157959 34.0569853782654 34.2187304496765 34.3643674850464 34.4340052604675 34.4631705284119 34.756808757782 34.4340362548828 34.4927592277527 34.7084946632385
32.0005960464478 32.0522828102112 32.2279691696167 32.1556568145752 31.9039630889893 31.8930306434631 32.0550217628479 32.1764073371887 32.3510937690735 32.1467814445496 31.9867067337036 32.2218718528748 32.555037021637 32.7502021789551 32.9781708717346 33.3634600639343 33.6407494544983 33.7378625869751 33.2560272216797 32.9326133728027 32.9319024085999 33.213189125061 33.7007203102112 34.0864915847778 34.2542610168457 34.1520309448242 34.147723197937 34.1254148483276 34.0791082382202 34.2167997360229 34.0864925384521 34.3631854057312 34.5608792304993 35.0505709648132 34.9267082214355 34.2702927589417 34.6948757171631 34.5984578132629 33.8900418281555 34.0586242675781 34.4192090034485 34.2887921333313 34.173376083374 34.2189583778381 34.3445420265198 34.8841252326965 35.1919856071472 34.9131226539612 34.6782598495483 34.565447807312
31.7290616035461 31.8375697135925 32.031355381012 32.0908536911011 31.6614513397217 31.5347199440002 31.8885073661804 32.0065698623657 32.0315589904785 31.9875464439392 32.0561470985413 32.3383593559265 32.548572063446 32.6817855834961 32.8139972686768 33.1682119369507 33.4384231567383 33.6036353111267 33.7018489837646 33.8696594238281 33.7404408454895 33.8552231788635 33.8035092353821 34.013304233551 34.2037792205811 34.2064547538757 34.5541305541992 34.4148063659668 34.4484810829163 34.3651566505432 33.9628324508667 34.0955061912537 34.2661824226379 34.5748586654663 34.824755191803 34.7858753204346 35.0729951858521 35.1511163711548 34.3872351646423 34.3113579750061 34.6334772109985 34.5915966033936 34.4487190246582 34.2488389015198 34.4859590530396 35.0090799331665 35.4191632270813 35.5642075538635 35.4012541770935 34.8922996520996
31.1867036819458 31.3659796714783 31.6293053627014 31.7025747299194 31.5108437538147 31.5391120910645 31.8583793640137 32.0957527160645 31.7346749305725 31.7052054405212 31.8192653656006 32.0818548202515 32.4504437446594 32.9230318069458 33.2236223220825 33.2092108726501 33.117799282074 33.346387386322 33.6809759140015 33.9988231658936 34.0100555419922 34.1852884292603 34.4208164215088 34.5643720626831 34.5053625106812 34.0531435012817 34.1609263420105 34.4895977973938 34.5691547393799 34.6347103118896 34.4942674636841 34.6888241767883 34.2063798904419 34.2219376564026 34.3385391235352 34.2361869812012 34.8078365325928 35.4834871292114 35.0441355705261 34.7717843055725 34.8854322433472 35.2170825004578 35.3077297210693 34.9743776321411 34.9570269584656 35.0746755599976 35.0698981285095 34.9436926841736 35.3144874572754 35.2842845916748
31.1862654685974 31.1692872047424 31.37531042099 31.4206666946411 31.2595839500427 31.616500377655 31.9654173851013 32.102427482605 31.9375395774841 31.6297574043274 31.7110629081726 32.0573563575745 32.3416504859924 32.6109447479248 32.89723777771 33.1865310668945 33.3788261413574 33.4901175498962 33.7244114875793 33.9617042541504 34.1339974403381 34.1222929954529 34.3001079559326 34.4064431190491 34.3607816696167 34.5011177062988 34.544454574585 34.7187900543213 34.9861278533936 34.8054647445679 34.7278017997742 35.0611371994019 35.0364737510681 34.8438100814819 35.1740646362305 35.1192326545715 35.204400062561 35.5385694503784 35.6607365608215 35.0729069709778 34.4230737686157 34.756242275238 35.4774107933044 35.4735794067383 35.2667479515076 35.477915763855 35.6231923103333 35.3745775222778 34.9819641113281 35.4273495674133
31.5710644721985 31.4995951652527 31.6081948280334 31.5377593040466 31.5553231239319 31.7306132316589 31.8194532394409 31.9720187187195 32.0828437805176 32.2595858573914 32.2898592948914 32.295859336853 32.4568576812744 32.5878558158875 32.7158532142639 32.8958516120911 33.0418519973755 33.3038477897644 33.5388464927673 33.8878445625305 33.9358448982239 33.797842502594 33.986400604248 33.9525170326233 33.939633846283 34.0167512893677 34.0678677558899 34.2479839324951 34.617103099823 34.6622171401978 34.5683350563049 34.6224527359009 34.7175698280334 35.0146851539612 34.9415879249573 34.8632745742798 35.0709629058838 35.1046528816223 35.1983389854431 35.0360279083252 34.6597170829773 34.8094043731689 35.2370924949646 35.5437793731689 35.5214672088623 35.7401552200317 35.8564858436584 35.9944643974304 35.4654393196106 35.4784150123596
32.0551519393921 31.7644257545471 31.8616399765015 31.8012742996216 31.6396493911743 31.3852849006653 31.3143982887268 31.2657723426819 31.5691471099854 32.3505206108093 32.6539959907532 32.5003595352173 32.6030640602112 33.0427675247192 33.2394685745239 33.2411727905273 33.2518763542175 33.3015809059143 33.4132833480835 33.3709869384766 33.4256906509399 33.8263931274414 33.7436933517456 33.7415900230408 33.7674865722656 34.0223817825317 34.2582802772522 34.3401780128479 33.9570732116699 34.0289702415466 34.1838674545288 34.2657647132874 34.5756635665894 34.7785587310791 34.6711101531982 34.2583193778992 34.4905271530151 34.6407346725464 34.2039422988892 34.5211491584778 34.8173565864563 34.6255655288696 34.4007749557495 34.8739800453186 34.9371886253357 34.9003958702087 34.9107847213745 35.6863498687744 36.1429142951965 35.814480304718
32.6422853469849 32.3619666099548 32.2714190483093 32.2013249397278 32.1940069198608 31.8646874427795 31.7263679504395 31.6440486907959 31.8597292900085 32.1244087219238 32.3613238334656 32.7170553207397 32.686270236969 32.9496784210205 33.3060855865479 33.283495426178 33.2889018058777 33.399308681488 33.4197177886963 33.6051268577576 33.7115330696106 33.5859422683716 33.6009860038757 34.0216627120972 33.9223384857178 34.0230169296265 34.301694393158 34.1173710823059 34.1040477752686 33.8487257957458 33.8284034729004 34.0820784568787 34.5757555961609 34.6234312057495 34.5446352958679 34.558361530304 34.3950910568237 34.7398176193237 34.4675445556641 34.4572730064392 34.9489994049072 34.991726398468 34.987455368042 35.1931810379028 35.2399082183838 34.9946360588074 35.0790777206421 35.4722323417664 35.8573908805847 35.9675469398499
33.0437521934509 32.9312195777893 32.7416882514954 32.2925734519958 32.4226231575012 32.5180897712708 32.1635575294495 32.0020265579224 32.0424933433533 32.3329601287842 32.5682501792908 32.5355377197266 32.4074249267578 32.7115893363953 33.1597013473511 33.2028160095215 33.0479283332825 33.5150418281555 33.6181545257568 33.8192677497864 34.1873798370361 34.1084938049316 34.0382785797119 33.87473487854 34.199191570282 33.9966492652893 34.3751077651978 33.8795647621155 34.2330226898193 34.0294804573059 34.0809369087219 34.316394329071 34.5878491401672 34.7043061256409 34.4061574935913 34.2774066925049 34.3906536102295 34.4579000473022 34.8041467666626 35.0143942832947 35.1496410369873 35.3128871917725 35.4541354179382 35.5153832435608 35.5076298713684 35.5658755302429 35.4553723335266 35.4731187820435 35.4728665351868 35.6186113357544
33.160219669342 32.912474155426 32.8197293281555 32.3407258987427 32.519238948822 32.767493724823 32.5337471961975 32.3010029792786 32.3212566375732 32.4815106391907 32.6890473365784 32.6798644065857 32.5796813964844 32.6135020256042 32.9203181266785 33.4421367645264 33.2949552536011 33.4897723197937 33.6955900192261 33.9454073905945 34.0462265014648 34.2020440101624 34.0965723991394 33.794807434082 34.0170474052429 34.2762823104858 34.4155197143555 34.4177575111389 34.4289946556091 34.42223072052 34.3614687919617 34.5147075653076 34.5239429473877 34.8011789321899 34.6516833305359 34.7204489707947 34.7062163352966 34.5499835014343 34.7867484092712 35.1015152931213 34.994282245636 35.2760491371155 35.4668192863464 35.6085834503174 35.5063495635986 35.1791152954102 34.9826683998108 35.1020050048828 35.1923413276672 35.2446789741516
33.0496873855591 32.6790795326233 32.3669767379761 31.9492225646973 32.3207693099976 32.6898956298828 32.4385671615601 32.4144639968872 32.7650203704834 33.0650629997253 33.0848441123962 32.8853664398193 32.9018893241882 33.1084113121033 33.2729349136353 33.2264575958252 33.6579809188843 33.7565026283264 33.638026714325 33.5025482177734 33.8510699272156 34.2595925331116 34.1888632774353 34.4388813972473 34.2988986968994 34.5649151802063 34.9859313964844 34.6729497909546 34.7129678726196 35.0409846305847 34.9300022125244 34.8330192565918 34.8120374679565 34.9450545310974 34.8292064666748 34.7174921035767 34.6667785644531 34.6850643157959 34.7883524894714 35.0556364059448 35.3249244689941 35.4972095489502 35.3604969978333 35.1707849502563 35.2150716781616 35.1003570556641 34.6479635238647 35.0868921279907 35.1008191108704 35.1357440948486
