data/spatiotemp/temp2/bio7_norsw_test_2007_2010.asc
NCOLS 654 
NROWS 380 
XLLCORNER 3.91666666666667 
YLLCORNER 55.3333333333333 
CELLSIZE 0.0416666666666667 
NODATA_value -9999 
[rows 44 to 65 of 380, columns 600 to 649 of 654]
36.1595520973206 35.8710584640503 35.603563785553 35.3350720405579 35.200578212738 35.1800856590271 35.1195931434631 34.9680991172791 34.6063942909241 34.1860165596008 34.0724749565125 34.0487222671509 34.0729713439941 33.999219417572 33.8601236343384 33.6117458343506 33.3343663215637 33.195987701416 33.2024612426758 33.184709072113 33.1197700500488 32.9794120788574 32.8789916038513 32.9695715904236 32.992151260376 33.0657296180725 32.9563102722168 32.9208908081055 32.840470790863 32.8630495071411 32.7426295280457 32.5862102508545 32.5585784912109 32.3237366676331 32.0648946762085 31.7730531692505 31.535210609436 31.2803683280945 31.2575273513794 31.2016835212708 31.1098437309265 31.0890016555786 31.0541572570801 30.8803181648254 30.9108147621155 31.2096481323242 31.2224841117859 31.1413192749023 31.282154083252 31.6279892921448
36.1465592384338 35.9171824455261 35.8958029747009 35.8644247055054 35.7930507659912 35.6116733551025 35.2552952766418 35.0599164962769 34.8302049636841 34.4555587768555 34.3701891899109 34.3893747329712 34.2625594139099 33.8097453117371 33.6819276809692 34.0311131477356 33.9032974243164 33.3844814300537 33.0246677398682 32.8378520011902 33.0057463645935 33.1283531188965 33.1446876525879 33.0634455680847 32.9982028007507 32.8379616737366 32.8107175827026 32.8074774742126 32.9402351379395 32.9839949607849 32.8787517547607 32.7205095291138 32.5365619659424 32.3399124145508 32.1472611427307 31.9726099967957 31.8409581184387 31.7753081321716 31.8876566886902 31.8500061035156 31.8553547859192 31.7797045707703 31.900053024292 31.952401638031 31.8108868598938 31.4725079536438 30.7571296691895 30.7567496299744 31.1793699264526 31.7359910011292
36.5057878494263 36.3996205329895 36.2824530601501 36.3002877235413 36.3041243553162 36.0649542808533 35.538791179657 35.2096214294434 35.125590801239 35.0006928443909 34.6137928962708 34.2908930778503 34.0059928894043 33.905092716217 34.0871963500977 34.3452978134155 34.3633966445923 33.9394965171814 33.4755992889404 33.0226988792419 32.7743825912476 32.8166460990906 33.043909072876 33.0461735725403 33.0784869194031 32.8655052185059 32.7745208740234 32.8195405006409 32.8355569839478 32.8485736846924 32.7575917243958 32.5946092605591 32.5773682594299 32.4668712615967 32.4723725318909 32.4798765182495 32.4023776054382 32.3788814544678 32.4533829689026 32.4468851089478 32.4953870773315 32.496889591217 32.4023923873901 32.2898950576782 32.0595459938049 31.6013460159302 31.2421474456787 31.3039469718933 31.5757465362549 31.7565479278564
36.635235786438 36.5703768730164 36.4295182228088 36.342658996582 36.3057999610901 36.183940410614 35.8960809707642 35.6702213287354 35.5172882080078 35.3952851295471 34.9952826499939 34.4242782592773 34.2012758255005 34.2872734069824 34.3472676277161 34.3552651405334 34.1872630119324 33.7722568511963 33.5182552337646 33.3852529525757 33.2636742591858 33.3649320602417 33.4072890281677 33.39164686203 33.3570051193237 33.3563628196716 33.2387208938599 33.1790771484375 33.0634355545044 32.9447932243347 32.7701497077942 32.6455073356628 32.5939960479736 32.497615814209 32.5422325134277 32.5958504676819 32.587468624115 32.7400870323181 32.8277058601379 32.7723231315613 32.6619415283203 32.5455589294434 32.4901781082153 32.3687953948975 32.1717915534973 31.763162612915 31.4285373687744 31.5689105987549 31.7342834472656 31.8756561279297
36.5996866226196 36.3781337738037 36.2865805625916 36.3650283813477 36.3534746170044 36.3379216194153 36.2103700637817 36.0358166694641 35.6699862480164 35.323878288269 34.9557719230652 34.6196641921997 34.6335558891296 34.5334486961365 34.2863397598267 34.2222328186035 34.1101274490356 33.8010201454163 33.6339120864868 33.5638055801392 33.6169662475586 33.695396900177 33.7681250572205 33.6278247833252 33.6065220832825 33.5222187042236 33.4379177093506 33.4216160774231 33.3383135795593 33.2750110626221 33.1827092170715 33.0894079208374 33.0026230812073 32.9083576202393 32.9290914535522 32.9418263435364 33.011559009552 33.0532932281494 32.8560256958008 32.5617613792419 32.4494953155518 32.4732270240784 32.4189620018005 32.2086963653564 32.1440348625183 31.9849810600281 31.8609280586243 31.9218745231628 31.9828209877014 31.8877663612366
36.5271353721619 36.3368897438049 36.1856446266174 36.2823977470398 36.4961519241333 36.3859062194824 36.0418567657471 35.8370876312256 35.8526849746704 35.7334728240967 35.3392634391785 35.1140494346619 35.0868377685547 34.9556260108948 34.7374143600464 34.5302023887634 34.4579911231995 34.4597778320312 34.2485671043396 34.0953550338745 34.1012573242188 34.1502690315247 34.100962638855 34.0020022392273 33.8610405921936 33.4640774726868 33.1521153450012 33.3481545448303 33.4891934394836 33.4992299079895 33.5582699775696 33.3043065071106 33.1002521514893 33.2441010475159 33.3649487495422 33.367799282074 33.161648273468 32.8374996185303 32.6663489341736 32.6061978340149 32.5980477333069 32.5868983268738 32.4747462272644 32.245596408844 32.2242803573608 32.2047991752625 32.2263188362122 32.3058366775513 32.2123575210571 31.8638753890991
36.8307285308838 36.9006462097168 36.8117079734802 36.708767414093 36.6858286857605 36.607889175415 36.4289498329163 36.2000102996826 35.7973833084106 35.5920648574829 35.5407514572144 35.2514371871948 35.0371193885803 34.8478031158447 34.4064860343933 34.1221718788147 34.0668559074402 34.2335381507874 34.3862237930298 34.3959059715271 34.3705496788025 34.3181462287903 34.3057994842529 34.1961803436279 33.9515566825867 33.6379356384277 33.5343136787415 33.5456919670105 33.5180702209473 33.442449092865 33.399827003479 33.2762060165405 33.3248777389526 33.4318418502808 33.4928078651428 33.5017747879028 33.1927404403687 32.9007053375244 32.7616710662842 32.7396368980408 32.6406002044678 32.6225666999817 32.590530872345 32.5514965057373 32.4775252342224 32.1556181907654 32.1307091712952 32.1888012886047 31.9778919219971 31.7899856567383
37.0440363883972 36.9674043655396 36.963770866394 36.892138004303 36.7715058326721 36.738872051239 36.6092410087585 36.2876071929932 35.7240786552429 35.3516602516174 35.3822417259216 35.2978224754333 35.2054004669189 35.005980014801 34.6805605888367 34.4011402130127 34.3287215232849 34.4227843284607 34.6070055961609 34.5302286148071 34.4441990852356 34.3589186668396 34.3076386451721 34.2123551368713 34.1490745544434 33.9867939949036 33.83851146698 33.7092308998108 33.68594789505 33.6136684417725 33.495388507843 33.334105014801 33.3135051727295 33.4345870018005 33.4786686897278 33.4727487564087 33.2778301239014 33.0399103164673 32.8049907684326 32.7720723152161 32.5851535797119 32.4662342071533 32.3813152313232 32.3133959770203 32.3997693061829 32.2494349479675 32.065098285675 31.9687647819519 31.9474287033081 32.1540937423706
37.349992275238 37.2007999420166 37.1456074714661 37.0014162063599 36.6162242889404 36.3930292129517 36.431836605072 36.2372031211853 35.8317790031433 35.5462555885315 35.4207339286804 35.2342071533203 35.0876822471619 34.8681573867798 34.558632850647 34.4601078033447 34.4545869827271 34.4870600700378 34.4474921226501 34.2417149543762 34.0733556747437 34.1374158859253 34.2744750976562 34.1985321044922 34.0775918960571 33.8846502304077 33.7187099456787 33.4957695007324 33.2518286705017 33.1018877029419 33.1869459152222 33.360004901886 33.4971327781677 33.5243310928345 33.3715257644653 33.200722694397 32.9959211349487 32.7531170845032 32.675313949585 32.8255109786987 32.953706741333 32.752902507782 32.6491007804871 32.597297668457 32.2950139045715 32.2042531967163 32.1894898414612 32.0137281417847 32.1839652061462 32.3492035865784
37.4301261901855 37.4339509010315 37.2247776985168 37.0305991172791 36.5914249420166 36.2232503890991 36.2100744247437 36.0928001403809 35.930477142334 35.6028480529785 35.2122197151184 34.8165917396545 34.7418737411499 34.6953344345093 34.6537070274353 34.6410775184631 34.5094499588013 34.5047564506531 34.5319795608521 34.4202008247375 34.2745122909546 34.2599115371704 34.2363114356995 34.1227102279663 33.970109462738 33.6475086212158 33.2809076309204 33.0763072967529 32.8487067222595 32.6761059761047 32.7455058097839 33.1519045829773 33.5067601203918 33.5820736885071 33.4693832397461 33.2336978912354 32.9980101585388 32.6393213272095 32.4716348648071 32.7739472389221 33.0722599029541 33.0955719947815 33.0798845291138 33.0711984634399 32.9322595596313 32.6290717124939 32.4478807449341 32.5506911277771 32.6295022964478 32.7923121452332
37.3192610740662 37.3941011428833 37.1629438400269 36.7957863807678 36.4136290550232 36.1314692497253 35.9693117141724 35.9201512336731 35.8111729621887 35.6124415397644 35.2742342948914 34.9515008926392 34.931764125824 34.8960280418396 34.8817806243896 34.7920475006104 34.7110204696655 34.6882433891296 34.7104659080505 34.6076855659485 34.4986691474915 34.3624076843262 34.2101464271545 33.8778867721558 33.6106276512146 33.4783654212952 33.0961060523987 32.9698448181152 32.8175845146179 32.6533246040344 32.6640634536743 32.8758039474487 33.2363877296448 33.4498167037964 33.4012432098389 33.1426725387573 32.9860997200012 32.7315282821655 32.4619569778442 32.6173844337463 32.8658137321472 32.9622421264648 33.0826687812805 33.2930970191956 33.1125049591064 32.8968887329102 32.8822712898254 32.8016548156738 32.8900389671326 33.0724239349365
37.3333950042725 37.1202540397644 36.6971120834351 36.4489712715149 36.4208307266235 36.4378027915955 36.3315505981445 36.1389932632446 35.9008722305298 35.7470350265503 35.5731987953186 35.4633626937866 35.3525252342224 35.1726884841919 35.0058526992798 34.8520159721375 34.7161798477173 34.6447277069092 34.5769510269165 34.4751739501953 34.3168230056763 34.0969042778015 33.8649845123291 33.4860639572144 33.3611426353455 33.2612237930298 32.9883031845093 32.9393839836121 33.0524640083313 32.7495436668396 32.4636235237122 32.3297033309937 32.7700152397156 33.0165596008301 32.9371037483215 33.0166478157043 32.856192111969 32.7297358512878 32.4772791862488 32.6008224487305 32.7043662071228 32.8409109115601 33.0164551734924 33.2369990348816 33.373749256134 33.2797050476074 33.0996613502502 33.1086177825928 33.1045746803284 32.9895324707031
37.284529209137 37.0854063034058 36.7912797927856 36.5951581001282 36.5060338973999 36.3937883377075 36.2476897239685 36.0545902252197 35.84557056427 35.7096290588379 35.5816888809204 35.5587487220764 35.3948068618774 35.1523265838623 34.9515490531921 34.6577701568604 34.3659934997559 34.3762154579163 34.3314366340637 34.0606589317322 33.8299794197083 33.7924017906189 33.6638226509094 33.4882411956787 33.3686618804932 33.142080783844 32.9875025749207 33.0699214935303 33.1033415794373 33.2417631149292 33.0911841392517 32.8696022033691 32.812641620636 32.8253016471863 32.7759628295898 32.8076229095459 32.9792804718018 33.1199407577515 33.0006008148193 32.8682608604431 32.7419190406799 32.8515810966492 33.0252389907837 33.3038988113403 33.5959949493408 33.6805248260498 33.6350545883179 33.559582233429 33.3311123847961 33.0786428451538
37.2066631317139 36.8265566825867 36.6804528236389 36.5063443183899 36.3262386322021 35.9947724342346 35.7879781723022 35.8791875839233 35.7292675971985 35.4592237472534 35.3381791114807 35.2691340446472 35.0380883216858 34.828812122345 34.5980353355408 34.3782567977905 34.1917233467102 34.0807023048401 34.0449233055115 33.7321467399597 33.4374270439148 33.5931916236877 33.5229625701904 33.4107284545898 33.257495880127 33.0792636871338 33.1577014923096 33.3864598274231 33.3652205467224 33.4359817504883 33.4327402114868 33.3995018005371 33.4592695236206 33.4000453948975 33.1298189163208 32.9805951118469 33.3263716697693 33.621958732605 33.5075817108154 33.2826957702637 33.0234732627869 32.8682489395142 33.0280237197876 33.3317985534668 33.7206244468689 33.8668451309204 33.854444026947 33.7945461273193 33.6486482620239 33.6607513427734
36.6096501350403 36.1996994018555 36.1297464370728 35.6907916069031 35.7288393974304 36.0251030921936 36.0254697799683 35.8568377494812 35.7339811325073 35.5453314781189 35.2868828773499 35.0254330635071 34.8609828948975 34.3825330734253 34.0820846557617 34.3077821731567 34.2507944107056 34.0034403800964 34.002197265625 34.1243982315063 34.0218620300293 34.123556137085 33.8132519721985 33.2939467430115 33.2116436958313 33.3423352241516 33.4638314247131 33.5195736885071 33.685314655304 33.4400582313538 33.2718029022217 33.4075446128845 33.7623844146729 33.9840726852417 33.8697600364685 33.6294479370117 33.6071348190308 33.690821647644 33.4985103607178 33.3792338371277 33.0819406509399 32.9606518745422 33.0063605308533 33.2300691604614 33.4705200195312 33.4507117271423 33.3749046325684 33.4100956916809 33.5622873306274 33.8374810218811
36.3334927558899 36.114830493927 36.1481666564941 35.785505771637 35.6658415794373 35.949782371521 36.1381597518921 36.0165405273438 35.7737078666687 35.7307457923889 35.555899143219 35.3320488929749 35.3592014312744 35.1033515930176 34.6676115989685 34.4277739524841 34.4659337997437 34.5880951881409 34.4400186538696 34.5613675117493 34.7897715568542 34.6410603523254 33.9333944320679 33.4305353164673 33.2216749191284 33.4985241889954 33.343891620636 33.4812598228455 33.5406284332275 33.7049975395203 33.7775158882141 33.9500331878662 34.0301003456116 34.0217189788818 33.9793362617493 33.9429540634155 33.7945718765259 33.5921921730042 33.6618103981018 33.7214279174805 33.4593276977539 33.1767864227295 33.1032471656799 33.0687065124512 32.923837184906 32.8226351737976 32.7514338493347 32.8502330780029 33.2380313873291 33.5948295593262
36.8833384513855 36.5849642753601 36.3285899162292 36.0182161331177 35.7718420028687 35.8424687385559 35.754096031189 35.8582434654236 35.9424381256104 36.0054445266724 35.8699140548706 35.622663974762 35.5154147148132 35.5101690292358 35.3549203872681 35.1356730461121 35.0064249038696 34.8971982002258 34.6303186416626 34.4696345329285 34.5413632392883 34.413948059082 34.1845345497131 33.9979763031006 33.9519691467285 34.0229616165161 34.0290594100952 33.9429478645325 33.9115996360779 33.9788684844971 33.9781384468079 33.8454084396362 33.6320233345032 33.436233997345 33.5989146232605 33.7964615821838 33.6320104598999 33.6175584793091 33.6411085128784 33.5244998931885 33.4287137985229 33.2119250297546 33.3251357078552 33.3993444442749 32.9981532096863 32.7365574836731 32.8379635810852 32.9353704452515 32.8857755661011 32.9011783599854
36.8911819458008 36.818097114563 36.6300134658813 36.5959296226501 36.2288455963135 35.7847590446472 35.4176750183105 35.6725907325745 35.5932235717773 35.6535773277283 35.4442563056946 35.4938168525696 35.5423469543457 35.4929795265198 35.3860578536987 35.1356921195984 34.8450455665588 34.3362989425659 34.1983799934387 34.2514605522156 33.7253079414368 33.6319284439087 33.65154504776 33.6471638679504 33.7807807922363 33.9883990287781 33.8490190505981 33.634635925293 33.5112533569336 33.4928722381592 33.4624891281128 33.3671078681946 33.1393980979919 33.0023593902588 33.0813226699829 33.2122850418091 33.2892489433289 33.159209728241 33.1031723022461 33.2041344642639 33.3510975837708 33.4770593643188 33.6270222663879 33.5029835700989 33.1734704971313 32.8294835090637 33.1344938278198 33.3145060539246 33.1625175476074 32.9575281143188
37.3930258750916 37.1992330551147 36.7264366149902 36.5686421394348 36.5738444328308 36.3488211631775 35.9182548522949 35.8474597930908 35.8650374412537 35.6869916915894 35.5289454460144 35.2578983306885 35.1442370414734 35.2142405509949 35.0722799301147 34.6023197174072 33.9763588905334 33.64240026474 33.5054407119751 33.5714802742004 33.5516204833984 33.3078641891479 33.4271078109741 33.6263527870178 33.7755942344666 33.3888373374939 33.070080280304 33.0933227539062 32.9695663452148 32.5688080787659 32.2840523719788 32.3152956962585 32.3367738723755 32.4784889221191 32.5332007408142 32.5349125862122 32.8276286125183 33.0673413276672 33.2330536842346 33.2097678184509 33.3894810676575 33.5701942443848 33.4909100532532 33.1576228141785 33.0367879867554 33.2064065933228 33.3750247955322 33.2476415634155 33.3692607879639 33.4448790550232
36.9938702583313 36.809362411499 36.7578582763672 36.5703530311584 36.3888463973999 36.2315001487732 36.1729249954224 35.9573493003845 35.8308529853821 35.8674073219299 35.4649610519409 35.3145155906677 35.2820682525635 35.1796216964722 34.8845047950745 34.5215034484863 34.1535019874573 34.1565017700195 34.1585030555725 33.7715015411377 33.4879350662231 33.1328024864197 33.2486701011658 33.4735379219055 33.620406627655 33.6953535079956 33.5321426391602 33.4280109405518 32.8578777313232 32.1427459716797 32.2476143836975 32.7124838829041 32.7611503601074 32.6496157646179 32.9220790863037 32.9665431976318 32.9890065193176 33.0454730987549 33.0539379119873 32.9964017868042 33.1468667984009 33.1483306884766 32.988796710968 32.6922612190247 32.5241055488586 32.6333303451538 32.9085555076599 33.0077791213989 33.3790030479431 33.4842295646667
36.7327146530151 36.3034958839417 36.0912804603577 36.0050644874573 35.9998474121094 35.8616304397583 35.2284154891968 35.0250520706177 35.1676678657532 35.4108228683472 35.6599788665771 35.6851329803467 35.3042860031128 35.1124405860901 34.9347252845764 34.3836851119995 34.1736454963684 34.1236019134521 33.9715619087219 33.6361808776855 33.4382457733154 33.2775111198425 33.5060076713562 33.5892491340637 33.4856224060059 32.9749927520752 32.4959959983826 32.1577396392822 32.6411118507385 32.5074834823608 32.5261783599854 32.7726697921753 32.7145261764526 32.8267412185669 32.8459558486938 32.8471722602844 32.8863883018494 33.0986032485962 32.8158211708069 32.6740345954895 33.0302519798279 32.8824663162231 32.2480454444885 32.3686442375183 32.577422618866 32.7692537307739 32.9280834197998 33.2019152641296 33.3427453041077 33.2565779685974
36.2745575904846 35.8226308822632 35.3767023086548 35.2797751426697 34.9738512039185 35.0379195213318 35.1649951934814 35.3640675544739 35.403480052948 35.4662356376648 35.6719946861267 35.6387476921082 35.4195022583008 35.1560301780701 34.8239493370056 34.4338660240173 34.1147351264954 33.909704208374 33.8276243209839 33.5345416069031 33.3075585365295 33.1156320571899 32.6921997070312 32.4840116500854 32.2658228874207 32.3546361923218 32.7484483718872 32.7463312149048 32.9870734214783 32.5518865585327 32.5946807861328 32.4277954101562 32.1095404624939 32.3119077682495 32.3812794685364 32.7096481323242 33.0220203399658 33.2573900222778 33.222758769989 32.9476704597473 33.0014977455139 32.8010487556458 32.4679040908813 32.6087603569031 32.5827026367188 32.5817294120789 32.6966152191162 32.8220510482788 33.193489074707 33.2279276847839
