data/spatiotemp/temp2/bio7_norsw_test_2007_2010.asc
NCOLS 654 
NROWS 380 
XLLCORNER 3.91666666666667 
YLLCORNER 55.3333333333333 
CELLSIZE 0.0416666666666667 
NODATA_value -9999 
[rows 88 to 109 of 380, columns 500 to 549 of 654]
38.9034833908081 38.883828163147 38.7801742553711 38.7865171432495 38.7378625869751 38.6492071151733 38.5535497665405 38.3898935317993 38.2452373504639 38.1745853424072 38.133930683136 38.0212721824646 38.1004509925842 38.0554580688477 37.9632940292358 37.9131383895874 37.9519810676575 38.0498251914978 38.171667098999 38.1785130500793 38.147355556488 38.0831985473633 37.9750418663025 37.7668833732605 37.7235736846924 37.5585885047913 37.5908336639404 37.7311787605286 37.7967119216919 37.9062457084656 37.9637799263 38.0063166618347 38.1198511123657 38.1283850669861 38.0867848396301 37.9480295181274 37.8210325241089 37.9557905197144 37.9825510978699 38.1573085784912 38.2880687713623 38.386830329895 38.5005888938904 38.5833497047424 38.5931072235107 38.5658674240112 38.5936245918274 38.6163835525513 38.5504612922668 38.5288510322571
39.0317525863647 39.0973825454712 38.9500141143799 38.8686447143555 38.7392749786377 38.6359043121338 38.5415334701538 38.3631644248962 38.2287940979004 38.3574242591858 38.4840550422668 38.5267677307129 38.5136251449585 38.50141954422 38.3922142982483 38.1900072097778 38.1508002281189 38.1465935707092 38.1043872833252 38.0251803398132 37.9279727935791 37.9827666282654 38.0125584602356 37.7523546218872 37.5096917152405 37.2293891906738 37.2003169059753 37.321337223053 37.4452176094055 37.6491022109985 37.7449822425842 37.7988638877869 37.8147463798523 37.6506276130676 37.7425112724304 37.9346609115601 37.9256110191345 37.9515814781189 37.9165554046631 38.0255274772644 38.1985006332397 38.2394728660583 38.3214440345764 38.3374171257019 38.4223895072937 38.4363627433777 38.5163335800171 38.4013061523438 38.4111943244934 38.5199995040894
38.9220209121704 39.0119361877441 38.9108533859253 38.7437696456909 38.5126848220825 38.3396019935608 38.2325172424316 38.1964340209961 38.2223482131958 38.1305365562439 38.1106286048889 38.183723449707 38.3426418304443 38.4263877868652 38.4491291046143 38.4518737792969 38.3446183204651 38.1083631515503 38.0701055526733 38.0808477401733 38.0265913009644 37.9293355941772 38.0570774078369 38.1268219947815 37.9528093338013 37.7960386276245 37.7232666015625 37.7134976387024 37.7557253837585 37.9559526443481 37.9531831741333 37.8794121742249 37.7446427345276 37.6628727912903 37.6241030693054 37.6302914619446 37.6031913757324 37.7473750114441 37.9225602149963 38.0397462844849 38.1449298858643 38.1767983436584 38.3033013343811 38.3384871482849 38.4626741409302 38.6098570823669 38.7220401763916 38.6932301521301 38.4349284172058 38.288143157959
38.7502899169922 38.8114891052246 38.7776937484741 38.5008935928345 38.3760957717896 38.3082985877991 38.1475019454956 37.9616150856018 37.9298820495605 37.9591464996338 37.9894132614136 38.207679271698 38.2376585006714 38.2423524856567 38.1980476379395 38.3027396202087 38.3254361152649 38.2501287460327 38.1968216896057 38.2335157394409 38.245210647583 38.1559038162231 38.1065969467163 38.0262899398804 37.825927734375 37.6855034828186 37.7330799102783 37.7936582565308 37.8402333259583 38.0338077545166 38.0413842201233 37.9459609985352 37.8135375976562 37.7211151123047 37.4886322021484 37.3039245605469 37.378767490387 37.5771656036377 37.7601804733276 37.9280285835266 37.9568772315979 38.0357275009155 38.1841583251953 38.3115558624268 38.4199538230896 38.5553512573242 38.6437497138977 38.6511492729187 38.4576587677002 38.1602873802185
38.6215562820435 38.6360464096069 38.6435308456421 38.4950189590454 38.4705076217651 38.4969940185547 38.454448223114 38.2658863067627 38.0963230133057 38.1177620887756 38.2591981887817 38.3466358184814 38.2846760749817 38.322319984436 38.3189644813538 38.3386082649231 38.31325340271 38.3098959922791 38.281539440155 38.2541837692261 38.1928277015686 37.9524731636047 37.8001160621643 37.6747612953186 37.5218176841736 37.536967754364 37.5968918800354 37.6688141822815 37.7917399406433 37.9366607666016 38.0275855064392 38.0695099830627 38.0214328765869 37.917356967926 37.6805787086487 37.3295521736145 37.3223462104797 37.4909591674805 37.7108435630798 37.9221143722534 37.8223867416382 37.6806559562683 37.8299288749695 38.110622882843 38.3212366104126 38.4598488807678 38.5254588127136 38.5420694351196 38.5003938674927 38.4554300308228
38.6328239440918 38.6945991516113 38.6233749389648 38.5207223892212 38.5253295898438 38.6149377822876 38.5855464935303 38.3821568489075 38.3207659721375 38.3203735351562 38.47998046875 38.4635896682739 38.2536926269531 38.0782876014709 38.1538815498352 38.2614755630493 38.3660702705383 38.4346652030945 38.3322577476501 38.0618510246277 37.7804465293884 37.6420402526855 37.6116347312927 37.5932288169861 37.6081614494324 37.6074328422546 37.5727019309998 37.4939737319946 37.5172462463379 37.6995186805725 37.932785987854 37.9360575675964 37.909327507019 37.8225998878479 37.6328735351562 37.4711437225342 37.5451235771179 37.5718169212341 37.7715082168579 37.9722003936768 38.0008902549744 37.8995847702026 37.862277507782 38.0669689178467 38.1876606941223 38.217342376709 38.335165977478 38.4029898643494 38.5001263618469 38.6065726280212
38.6028356552124 38.6828641891479 38.6843461990356 38.6112413406372 38.5521354675293 38.5210285186768 38.5379219055176 38.3998174667358 38.3537120819092 38.4666032791138 38.5144996643066 38.4643936157227 38.2141180038452 37.8856763839722 37.8712315559387 37.9787888526917 38.1853451728821 38.2949013710022 38.2334575653076 38.0790157318115 37.8435707092285 37.7211289405823 37.7106862068176 37.6582412719727 37.7001791000366 37.7525019645691 37.7258205413818 37.6531410217285 37.6774621009827 37.7727808952332 37.8831000328064 37.7944211959839 37.6247401237488 37.5850610733032 37.6263813972473 37.5917024612427 37.5796594619751 37.6612548828125 37.8898525238037 38.0544495582581 38.1400451660156 38.1936430931091 38.3062400817871 38.3858351707458 38.3914332389832 38.2601251602173 38.2948350906372 38.2875461578369 38.2457213401794 38.3853640556335
38.7258138656616 38.663106918335 38.6653995513916 38.6076955795288 38.5329866409302 38.4952812194824 38.4395742416382 38.382866859436 38.3721609115601 38.5274534225464 38.566746711731 38.3620409965515 38.2119550704956 38.0404839515686 37.8980150222778 37.8115477561951 37.854079246521 37.9536108970642 38.0591402053833 38.099672794342 37.9872040748596 37.6437315940857 37.444263458252 37.4397954940796 37.4060964584351 37.4321675300598 37.3672389984131 37.5333099365234 37.674382686615 37.7354516983032 37.5535264015198 37.4275979995728 37.4486689567566 37.5197386741638 37.6138081550598 37.6318807601929 37.57190990448 37.740891456604 37.9508781433105 38.0398631095886 38.1258463859558 38.2458291053772 38.3448143005371 38.3438000679016 38.2647833824158 38.2547678947449 38.294753074646 38.1677384376526 37.9861841201782 37.8118028640747
38.8000679016113 38.659761428833 38.6434555053711 38.6071491241455 38.5148391723633 38.5485324859619 38.4862241744995 38.4299182891846 38.3726110458374 38.3693037033081 38.5129957199097 38.4846887588501 38.3547863960266 38.0132942199707 37.8077993392944 37.7403049468994 37.5338101387024 37.4443163871765 37.6238217353821 37.7873268127441 37.7898335456848 37.5013394355774 37.2458472251892 37.1323523521423 37.0330152511597 37.2258381843567 37.2966599464417 37.288480758667 37.2673025131226 37.3061270713806 37.223949432373 37.1854000091553 37.3587203025818 37.5120401382446 37.5362367630005 37.5220608711243 37.6231594085693 37.8455295562744 38.0089025497437 38.0022749900818 38.1226487159729 38.286018371582 38.3963918685913 38.3387622833252 38.1501350402832 37.9955067634583 37.9928789138794 38.0829300880432 38.1006445884705 37.8562407493591
38.6483240127563 38.5344152450562 38.4405078887939 38.4575996398926 38.5156908035278 38.5107831954956 38.5808763504028 38.6159677505493 38.5680618286133 38.4971532821655 38.4982442855835 38.4763374328613 38.3346238136292 37.9811043739319 37.9225797653198 37.7620639801025 37.4545431137085 37.4110240936279 37.4355044364929 37.4049844741821 37.4234642982483 37.3729448318481 37.2734246253967 37.1089053153992 37.1069316864014 37.1185059547424 37.1940793991089 37.1566543579102 37.1542267799377 37.1397986412048 37.0703740119934 37.0563597679138 37.084406375885 37.1904578208923 37.349503993988 37.4492430686951 37.63840675354 37.869167804718 38.043927192688 38.1026878356934 38.1594495773315 38.2022070884705 38.2359657287598 38.1927285194397 38.0594863891602 38.063244342804 38.084005355835 38.1741213798523 38.0321035385132 37.9436745643616
38.670578956604 38.4720706939697 38.4015617370605 38.4310531616211 38.472544670105 38.6020355224609 38.6965265274048 38.7510194778442 38.7095098495483 38.5860013961792 38.4134931564331 38.3529839515686 38.2704567909241 38.0869116783142 38.0183668136597 37.7848215103149 37.5672764778137 37.5107316970825 37.5151853561401 37.2926421165466 37.1510953903198 37.1315503120422 37.2270050048828 37.2364592552185 37.1568493843079 37.0401730537415 36.9694995880127 37.0708231925964 37.1191482543945 37.1394729614258 37.149796962738 37.0931220054626 36.8590960502625 36.831871509552 37.0626473426819 37.3234205245972 37.5206575393677 37.6918044090271 37.8679528236389 38.0291004180908 38.0782475471497 38.0193943977356 37.9675421714783 37.9326906204224 38.0108370780945 38.196985244751 38.3073577880859 38.3103137016296 38.1285672187805 38.0631132125854
38.6688318252563 38.7267246246338 38.7226152420044 38.6025047302246 38.6303968429565 38.6412868499756 38.7531776428223 38.759069442749 38.63796043396 38.4778490066528 38.2447414398193 38.2646312713623 38.2852926254272 38.1937227249146 38.1421499252319 37.8655786514282 37.5580086708069 37.4424390792847 37.4438676834106 37.3912959098816 37.0797266960144 36.9771547317505 37.0155854225159 37.0040149688721 36.8037662506104 36.6668424606323 36.7499189376831 36.821994304657 36.868070602417 36.8941459655762 36.954222202301 37.0552806854248 36.8697838783264 36.9232873916626 37.0655255317688 37.180600643158 37.2689070701599 37.5114421844482 37.7059755325317 37.8665113449097 37.9610476493835 38.0055832862854 37.9811191558838 38.0126533508301 38.1571884155273 38.1934685707092 38.1379871368408 38.0497946739197 37.9730267524719 37.9925527572632
38.7450904846191 38.8113803863525 38.804669380188 38.7289581298828 38.6632471084595 38.6945400238037 38.7848300933838 38.7471189498901 38.5024099349976 38.2996997833252 38.2169904708862 38.258279800415 38.3021268844604 38.23353099823 38.15993309021 38.004337310791 37.6747407913208 37.3891463279724 37.2695479393005 37.2369527816772 37.1403560638428 36.9827589988708 36.8541650772095 36.7525672912598 36.4346833229065 36.350510597229 36.3323378562927 36.2841649055481 36.352991104126 36.5338196754456 36.7496457099915 36.9382419586182 36.9794726371765 36.966127872467 37.103955745697 37.2907819747925 37.3711557388306 37.4390807151794 37.5750026702881 37.6819252967834 37.7888479232788 37.8487706184387 37.8576936721802 37.9066162109375 38.0214586257935 37.9625377655029 37.9226198196411 37.8923110961914 37.9104886054993 37.9489893913269
38.6313447952271 38.6720342636108 38.6207246780396 38.6154108047485 38.640100479126 38.6387910842896 38.6584806442261 38.7321691513062 38.7268590927124 38.588547706604 38.3992376327515 38.3409271240234 38.2439608573914 38.1923403739929 38.1197195053101 38.0040969848633 37.8634757995605 37.7068519592285 37.4882321357727 37.2486095428467 37.0409879684448 36.7193655967712 36.4627437591553 36.5511221885681 36.5196018218994 36.4591789245605 36.1367583274841 35.8243608474731 35.869321346283 36.3012804985046 36.6360692977905 36.8182005882263 36.9082264900208 36.8138041496277 36.999382019043 37.2079591751099 37.2084045410156 37.2227158546448 37.3361229896545 37.4267640113831 37.5434017181396 37.5690450668335 37.4256844520569 37.4613242149353 37.6649670600891 37.5576066970825 37.4772458076477 37.5918879508972 37.804949760437 38.0204277038574
38.2856001853943 38.2066869735718 38.2707762718201 38.3338646888733 38.4459524154663 38.3650426864624 38.2151303291321 38.298219203949 38.4003090858459 38.3593969345093 38.2584867477417 38.1335744857788 38.0147948265076 38.0261483192444 37.9045014381409 37.7678546905518 37.7552075386047 37.6645607948303 37.4769124984741 37.2252674102783 37.0076184272766 36.9039726257324 36.8813261985779 36.7876787185669 36.5605187416077 36.2188477516174 35.9041786193848 35.9105072021484 36.1000962257385 36.4217848777771 36.6084952354431 36.7508230209351 36.7901520729065 36.8874826431274 36.9418115615845 36.7271404266357 36.6838574409485 36.8810591697693 37.0342626571655 37.0624656677246 37.2246656417847 37.4238686561584 37.5760688781738 37.4622731208801 37.485475063324 37.5306768417358 37.5708765983582 37.7070803642273 37.7614097595215 37.7578649520874
38.155855178833 37.9123435020447 38.2918310165405 38.2493181228638 37.9408078193665 37.8072953224182 37.7317824363708 37.642270565033 37.8427581787109 38.0162439346313 38.1267323493958 38.1452240943909 38.054630279541 37.9599595069885 37.8372859954834 37.6396117210388 37.5789403915405 37.4622659683228 37.2555952072144 37.1219229698181 36.9862508773804 36.9945774078369 36.9519047737122 36.7642331123352 36.5534362792969 36.3565173149109 36.1615967750549 36.0216765403748 36.1897578239441 36.2998385429382 36.3719191551208 36.3699989318848 36.1970796585083 36.3551616668701 36.6622409820557 36.8097858428955 36.768874168396 36.6296372413635 36.6604022979736 36.8531651496887 37.1609287261963 37.4266905784607 37.4624533653259 37.3622174263 37.4829807281494 37.7587428092957 38.0025072097778 38.0722723007202 37.8028697967529 37.5533027648926
38.665111541748 38.5849990844727 38.6598854064941 38.2447729110718 37.9826593399048 37.7825465202332 37.5494337081909 37.8333220481873 37.853208065033 37.6780962944031 37.4479808807373 37.6088705062866 37.7564659118652 37.777765750885 37.7350687980652 37.6553707122803 37.5626726150513 37.4339728355408 37.2552752494812 37.1095781326294 37.106879234314 36.9901809692383 36.7394843101501 36.5907874107361 36.4773530960083 36.3561840057373 36.2830142974854 36.1358485221863 36.0786809921265 36.1455116271973 36.3123426437378 36.4021744728088 36.2740073204041 36.2568378448486 36.5966691970825 36.8274993896484 36.7181520462036 36.7812170982361 36.7405414581299 36.5798659324646 36.9221911430359 37.4265151023865 37.5518374443054 37.6471662521362 37.702488899231 37.8228130340576 38.0461373329163 38.0724611282349 37.9313282966614 37.787739276886
38.7993650436401 38.5506525039673 38.3729395866394 38.3542256355286 38.3145108222961 38.0157980918884 37.7400851249695 37.8763718605042 37.8636569976807 37.5919451713562 37.1882314682007 37.2495160102844 37.2912993431091 37.330575466156 37.3728513717651 37.480128288269 37.5164041519165 37.4256815910339 37.3139572143555 37.1772356033325 36.9345111846924 36.7147884368896 36.621063709259 36.540340423584 36.325270652771 36.2418546676636 36.1704363822937 36.101019859314 36.0126013755798 36.0031843185425 36.1477680206299 36.3653507232666 36.4339337348938 36.5295166969299 36.5480966567993 36.6436824798584 36.8964028358459 36.9902648925781 36.9046792984009 36.8415660858154 37.0414528846741 37.3383378982544 37.4752240180969 37.5221104621887 37.500994682312 37.7478837966919 37.9177660942078 37.9276528358459 37.7257905006409 37.5291776657104
38.3524794578552 38.243531703949 38.0702047348022 38.0873212814331 38.1874370574951 38.1695537567139 38.0966715812683 37.8957858085632 37.5589008331299 37.3430156707764 37.4631338119507 37.5272498130798 37.2521724700928 37.2419052124023 37.1956405639648 37.3383750915527 37.4151096343994 37.1288418769836 36.8915758132935 36.7093100547791 36.5380434989929 36.4037752151489 36.2845101356506 36.0812435150146 35.9664011001587 35.9649767875671 35.7992811203003 35.5651302337646 35.3837080001831 35.4772849082947 35.7778615951538 36.0544390678406 36.251015663147 36.4285926818848 36.5011701583862 36.6397471427917 36.8085136413574 36.8344745635986 36.6761741638184 36.8042650222778 36.999354839325 36.9604449272156 37.2045383453369 37.4046301841736 37.5097179412842 37.6038122177124 37.7069058418274 37.6749958992004 37.5679941177368 37.4348998069763
38.4849381446838 38.4603137969971 38.2886872291565 38.2750630378723 38.2304377555847 38.2378120422363 38.1301894187927 38.0945630073547 37.826940536499 37.7193126678467 37.6956872940063 37.6720628738403 37.376088142395 37.2987608909607 37.0894355773926 37.1121063232422 37.0167808532715 36.737455368042 36.6781272888184 36.522801399231 36.3754754066467 36.242148399353 36.079822063446 35.8744959831238 35.6907424926758 35.4325304031372 35.3531637191772 35.3377947807312 35.1914258003235 35.2740592956543 35.5776262283325 35.9034423828125 36.0072550773621 36.2010679244995 36.3638825416565 36.5556960105896 36.6904892921448 36.7180795669556 36.845018863678 36.9399614334106 36.9979004859924 37.1528420448303 37.3957843780518 37.4147233963013 37.244665145874 37.3736052513123 37.5765466690063 37.6224870681763 37.5589427947998 37.5769104957581
38.6679005622864 38.7675356864929 38.6421704292297 38.5218033790588 38.4364395141602 38.2650718688965 38.1987071037292 38.0513386726379 37.8759760856628 37.8966069221497 37.8712434768677 37.5088782310486 37.3150005340576 37.2726159095764 37.1612296104431 36.9298415184021 36.9174547195435 36.7600679397583 36.6556835174561 36.471293926239 36.426908493042 36.2295203208923 35.9441361427307 35.7397499084473 35.5350794792175 35.3831324577332 35.313045501709 35.2916069030762 35.2981715202332 35.3237323760986 35.6103901863098 36.0054416656494 36.2004933357239 36.2785453796387 36.4105954170227 36.4626483917236 36.4262838363647 36.5250754356384 36.7468647956848 36.8106555938721 36.8984456062317 37.1502351760864 37.3100271224976 37.3388180732727 37.383608341217 37.408399105072 37.4451875686646 37.4979791641235 37.4148888587952 37.4399218559265
38.8038635253906 38.7467575073242 38.4746522903442 38.4085469245911 38.3894395828247 38.1583313941956 37.9652261734009 37.9371204376221 37.9010128974915 37.9229044914246 37.87579870224 37.6746912002563 37.3709163665771 37.2194685935974 37.1720232963562 36.9505772590637 36.7841291427612 36.6566824913025 36.4182343482971 36.3137860298157 36.3133411407471 36.0418949127197 35.5704479217529 35.3190002441406 35.2664227485657 35.2177109718323 35.2589988708496 35.4884204864502 35.4519128799438 35.4984073638916 35.6771545410156 36.0074443817139 36.2077322006226 36.3800220489502 36.4573097229004 36.5255990028381 36.5154361724854 36.5588245391846 36.6847100257874 36.8633484840393 37.0359907150269 37.2246317863464 37.3592729568481 37.3719120025635 37.4695525169373 37.4471926689148 37.422830581665 37.3894739151001 37.4288392066956 37.5309309959412
