data/spatiotemp/temp2/bio8_norsw_test_2007_2010.asc
NCOLS 654 
NROWS 380 
XLLCORNER 3.91666666666667 
YLLCORNER 55.3333333333333 
CELLSIZE 0.0416666666666667 
NODATA_value -9999 
[rows 132 to 153 of 380, columns 300 to 349 of 654]
10.5252847671509 10.4516630172729 10.7267074584961 10.8324191570282 10.5454635620117 10.7541749477386 10.6768863201141 10.4715981483459 10.5562160015106 10.5647406578064 10.7252655029297 10.8487904071808 10.7789814472198 10.8331727981567 11.0550305843353 11.2918891906738 11.5457465648651 11.6546049118042 11.6094627380371 11.3596544265747 11.2221384048462 11.3095815181732 11.2863578796387 11.7174680233002 11.7489111423492 11.5806882381439 11.0687980651855 11.2052412033081 11.5926847457886 11.7587947845459 11.4975709915161 11.5136811733246 11.5602736473083 11.4063487052917 11.3904237747192 11.4931657314301 11.3089070320129 11.4859824180603 11.3900575637817 11.5347990989685 11.7425410747528 11.7309489250183 11.693690776825 11.7887659072876 11.6837537288666 11.699654340744 11.6078870296478 11.5794539451599 11.5646877288818 11.4965882301331
9.80067372322083 9.87458229064941 10.0284912586212 10.2390670776367 10.4799761772156 10.7972185611725 11.0287935733795 10.8663697242737 10.6576125621796 10.6988565921783 10.8584334850311 10.9406776428223 10.9412546157837 11.1114988327026 11.1544086933136 11.1156527996063 11.1275632381439 11.2558071613312 11.3733842372894 11.4379615783691 11.3588736057281 11.4941201210022 11.7313666343689 11.8022794723511 11.9238593578339 11.9324390888214 11.8836858272552 11.9552659988403 12.0048453807831 11.9820921421051 11.881338596344 11.7215850353241 11.6720609664917 11.6530990600586 11.5631375312805 11.6461758613586 11.721214056015 11.7149198055267 11.751624584198 11.7873294353485 11.8237013816833 11.7974061965942 11.7434451580048 11.7171497344971 11.4871392250061 11.2667458057404 10.913685798645 10.9712924957275 11.3512322902679 11.3715054988861
10.1310625076294 10.0218358039856 9.9216091632843 9.90471529960632 10.0138218402863 10.0705952644348 10.1177010536194 10.5884745121002 11.0063426494598 10.8879718780518 10.6882684230804 10.7725648880005 11.0741944313049 11.3301570415497 11.4327871799469 11.4554164409637 11.3410465717316 11.3036754131317 11.1749720573425 11.2256019115448 11.2806081771851 11.1593246459961 11.5587077140808 11.7557578086853 11.6141407489777 11.9881906509399 11.9929070472717 11.926956653595 11.8766732215881 11.8713898658752 11.7891061306 11.8301558494568 11.9098479747772 11.9065165519714 11.8688519001007 11.8368537425995 11.8338549137115 11.8295238018036 11.8258585929871 11.8118605613708 11.7841951847076 11.7445302009583 11.7531988620758 11.7335338592529 11.6768581867218 11.4991707801819 11.2921507358551 11.2577972412109 11.1781103610992 11.0870900154114
10.0621178150177 10.3960886001587 10.3627259731293 10.2093636989594 10.189334154129 10.3453049659729 10.3146088123322 10.2312462329865 10.3630726337433 10.939754486084 10.7907698154449 10.5381190776825 10.5554673671722 11.2924828529358 11.6254982948303 11.6428472995758 11.4985294342041 11.4355449676514 11.3452270030975 11.14390873909 11.3350098133087 11.6488628387451 11.7240490913391 12.0009024143219 11.9060888290405 11.8822746276855 12.0251281261444 12.0546476840973 11.8718342781067 11.7693536281586 11.6982066631317 11.8750593662262 12.0516357421875 11.9502673149109 11.6872324943542 11.7455303668976 11.7838289737701 11.7604608535767 11.8390927314758 11.8340578079224 11.7960228919983 11.7549874782562 11.7562863826752 11.7795848846436 11.7522437572479 11.4995965957642 11.4379494190216 11.5783026218414 11.3889880180359 10.8426744937897
10.4801738262177 10.5660083293915 10.718843460083 10.5966782569885 10.4908466339111 10.6936812400818 10.7591826915741 10.7196843624115 10.685135602951 10.8092041015625 11.0832719802856 11.2286727428436 11.1874072551727 11.3044753074646 11.6472096443176 11.6892774105072 11.3630123138428 11.2570805549622 11.1188144683838 11.1405491828918 11.4594116210938 11.4397344589233 11.5333909988403 11.807380437851 12.0747032165527 11.9453597068787 11.7136826515198 12.0480053424835 12.0653281211853 12.0069844722748 11.9503073692322 11.9312970638275 12.117422580719 12.0560176372528 11.7476127147675 11.5092079639435 11.6834697723389 11.6370646953583 11.5626602172852 11.7395882606506 11.814183473587 11.6864449977875 11.6303734779358 11.3396353721619 11.3652956485748 11.4776887893677 11.6250813007355 11.5838072299957 11.5485329627991 11.6552591323853
10.8125624656677 10.8659286499023 10.7932939529419 10.7946600914001 10.8210256099701 10.7417244911194 10.7297568321228 10.6251227855682 10.4631989002228 10.22531914711 10.5181062221527 10.6952269077301 10.7990138530731 11.184800863266 11.58225440979 11.705374956131 11.3484952449799 10.834282875061 10.9120695590973 11.0565233230591 11.2188129425049 11.1129393577576 11.0990650653839 11.6531913280487 12.0473177433014 12.1271102428436 12.0282366275787 12.1350297927856 12.0691559314728 11.9642817974091 12.0810747146606 12.0982007980347 12.0865430831909 12.1104347705841 12.2086598873138 12.1385519504547 12.0551104545593 11.7613356113434 11.6325607299805 11.728119134903 11.867344379425 11.7315692901611 11.5281276702881 11.3703532218933 11.2623481750488 11.365113735199 11.6118795871735 11.6553118228912 11.7334105968475 11.7695095539093
11.2179515361786 11.1841816902161 10.9414112567902 11.0506412982941 11.1032044887543 10.9124348163605 10.9429976940155 10.7642276287079 10.654262304306 10.6324353218079 10.6926083564758 10.7761144638062 10.7409536838531 10.8854598999023 11.2179660797119 11.4031388759613 11.3943119049072 11.0758183002472 11.1116573810577 11.2218301296234 11.2775480747223 10.8814778327942 11.0654067993164 11.634669303894 11.9522655010223 12.1115281581879 12.1627907752991 12.1727201938629 11.7926497459412 11.4765794277191 11.9448421001434 12.1664381027222 12.2366635799408 12.0878522396088 12.3147075176239 12.329895734787 12.0907514095306 11.949606180191 11.6641278266907 11.877649307251 11.8948380947113 11.9130265712738 11.8452153205872 11.7090704441071 11.6537339687347 11.6885390281677 11.7243444919586 11.6974835395813 11.6689553260803 11.606427192688
11.4100072383881 11.4987676143646 11.5721952915192 11.4079563617706 11.552050113678 11.3891444206238 11.2232384681702 11.1736660003662 10.9303255081177 10.8552176952362 10.8137760162354 10.7226679325104 10.6232271194458 10.6407852172852 10.7463440895081 10.8305697441101 10.8911280632019 11.1733536720276 11.2482454776764 11.2798042297363 11.5259499549866 11.370682477951 11.2614150047302 11.6974809169769 11.8945472240448 11.9946131706238 12.0856792926788 12.1977446079254 12.1161439418793 11.9558770656586 12.1016092300415 12.1966753005981 12.2597844600677 12.3672695159912 12.3630878925323 12.3732397556305 12.4723918437958 12.3305432796478 12.1906952857971 12.1438472270966 12.0609986782074 12.0061504840851 11.8503024578094 11.8034543991089 11.9217858314514 11.9812979698181 11.8738098144531 11.8319878578186 11.8418333530426 11.6223447322845
11.1537292003632 11.4820210933685 11.591979265213 11.3502707481384 11.5222294330597 11.6558544635773 11.6124794483185 11.5197710990906 11.2313888072968 10.9849996566772 10.7889442443848 10.6408889293671 10.4928333759308 10.361111164093 10.3190557956696 10.3733334541321 10.4049444198608 10.5292220115662 10.5838334560394 10.7374446392059 11.1176846027374 11.5982205867767 11.5224232673645 11.5066254138947 11.6541616916656 11.8630311489105 11.9592332839966 12.0717689990997 12.189971446991 12.238174200058 12.2547099590302 12.2152454853058 12.1735711097717 12.2686867713928 12.3191356658936 12.3555836677551 12.4360325336456 12.5174806118011 12.4515962600708 12.275043964386 11.9998264312744 12.0666079521179 11.7963902950287 11.8735048770905 12.0115051269531 12.0737237930298 12.0656085014343 12.0228264331818 12.0663781166077 11.8765957355499
11.2401180267334 11.286274433136 11.627096414566 11.6795854568481 11.6797413825989 11.5858974456787 11.6660532951355 11.6822090148926 11.4424521923065 11.5184490680695 11.0991127490997 11.0537765026093 11.0987734794617 11.1047704219818 11.0054335594177 10.8707642555237 10.6240940093994 10.4767577648163 10.4730880260468 10.5384182929993 10.6304194927216 11.1180920600891 11.5094311237335 11.6324367523193 11.6584432125092 11.6621150970459 11.928787946701 11.9494597911835 11.9991326332092 12.2151381969452 12.1761436462402 12.0711500644684 12.2200253009796 12.2837707996368 12.3508489131927 12.3812608718872 12.376672744751 12.4074182510376 12.4328298568726 12.4585752487183 12.4646537303925 12.3883988857269 12.1848104000092 12.0198893547058 12.0588908195496 12.0821490287781 12.0264065265656 11.891998052597 11.9929223060608 12.1601798534393
11.2296538352966 11.2427432537079 11.448166847229 11.4092562198639 11.4133460521698 11.5687689781189 11.7311918735504 11.7739479541779 11.8307647705078 11.8553082942963 11.8651850223541 11.7840619087219 11.7829384803772 11.6718153953552 11.5920255184174 11.4499018192291 11.1657786369324 10.7983224391937 10.8388650417328 10.9907426834106 11.0144832134247 11.1357548236847 11.3733594417572 11.4076313972473 11.480236530304 11.8561744689941 12.0611128807068 12.2113840579987 12.267989397049 12.2612609863281 12.2135324478149 11.8998036384583 11.9853572845459 12.2088572978973 12.313024520874 12.3098587989807 12.2023584842682 12.2378594875336 12.3496935367584 12.2711946964264 12.3350284099579 12.4335284233093 12.2840292453766 12.1421966552734 12.1725056171417 12.1122906208038 11.9707419872284 11.7128596305847 11.8353116512299 12.0704295635223
11.2046694755554 11.3057622909546 11.4308557510376 11.3012819290161 11.0970418453217 11.1268017292023 11.2942280769348 11.4009883403778 11.6336598396301 11.750244140625 11.7431614398956 11.8257448673248 11.9366624355316 11.9545798301697 11.7871634960175 11.6380808353424 11.7616646289825 11.713582277298 11.6501657962799 11.7364165782928 11.7232084274292 11.7215416431427 11.7825417518616 11.7395415306091 11.5962085723877 11.7305417060852 11.9612085819244 12.0832080841064 12.0428745746613 12.1165413856506 12.2425413131714 12.1948747634888 12.0222320556641 12.0579471588135 12.2233283519745 12.2930431365967 12.3007576465607 12.2578060626984 12.2101874351501 12.2989017963409 12.2312831878662 12.172664642334 12.4507131576538 12.4364273548126 12.2063510417938 12.1958160400391 12.0999481678009 11.9190797805786 11.9438788890839 12.1186771392822
11.3340184688568 11.310781955719 11.4352116584778 11.2059745788574 11.0654048919678 11.1065013408661 10.9232649803162 10.4946949481964 10.6505556106567 10.8988466262817 11.2434706687927 11.556095123291 11.7667193412781 11.9373443126678 11.9899687767029 11.8509259223938 11.6682171821594 11.6251752376556 11.8811330795288 11.9550907611847 11.882266998291 11.9273288249969 12.1193909645081 12.264452457428 11.8938474655151 11.9229085445404 12.245304107666 12.0396990776062 12.0207605361938 11.9401557445526 12.1248834133148 12.2166121006012 12.2127747535706 12.1663691997528 12.107298374176 12.1802275180817 12.2864899635315 12.2840850353241 12.1926805973053 12.0676093101501 12.1038720607758 12.2461342811584 12.3393964767456 12.5083253383636 12.2565288543701 12.0680084228516 12.1108210086823 12.1069662570953 12.1027789115906 12.1219248771667
11.1440341472626 11.1668004989624 11.1132340431213 11.2876677513123 11.3241009712219 11.4032011032104 11.1956343650818 11.0660679340363 11.0587840080261 11.2121152877808 11.3264472484589 11.3947787284851 11.5361104011536 11.6984419822693 11.9911067485809 12.0351052284241 11.973436832428 11.7937684059143 11.891099691391 11.9034316539764 11.688658952713 11.6291155815125 11.8702392578125 12.0883629322052 12.1784863471985 12.3396091461182 12.5140662193298 12.4921898841858 12.2293133735657 11.9914364814758 11.9038937091827 12.2973504066467 12.31631731987 12.2727935314178 12.1992692947388 12.0904123783112 12.1918885707855 12.2156982421875 12.159841299057 12.2623174190521 12.222127199173 12.1406037807465 12.0757465362549 12.1055560112 12.3597071170807 12.2072005271912 11.8800265789032 12.0065195560455 12.0816793441772 12.0381724834442
10.889716386795 11.047819852829 10.8712568283081 11.0223603248596 11.1167974472046 11.0885677337646 11.1276712417603 11.3681080341339 11.4646790027618 11.6183848381042 11.6647567749023 11.4911286830902 11.3481678962708 11.686872959137 11.9345784187317 12.1019504070282 12.1669895648956 12.1003613471985 12.1244003772736 12.1097724437714 11.9707176685333 11.935569524765 12.0677547454834 12.2109401226044 12.1834585666656 12.2079770565033 12.42316198349 12.5416803359985 12.4161994457245 12.1427178382874 12.2355692386627 12.4424211978912 12.4921917915344 12.3648824691772 12.2585728168488 12.2402637004852 12.195286989212 12.1206443309784 12.1680011749268 12.2240250110626 12.1373822689056 12.0764060020447 12.2440965175629 12.398787021637 12.3172187805176 12.3533923625946 12.4032325744629 12.3357398509979 11.9515798091888 11.8027534484863
11.0253984928131 10.9391722679138 10.8126122951508 10.503053188324 10.5318269729614 11.0639340877533 11.2507073879242 11.180814743042 11.3079075813293 11.3126537799835 11.4210665225983 11.6044790744781 11.6988916397095 11.7676377296448 11.7523834705353 11.923796415329 11.9952087402344 12.0752885341644 12.0250341892242 11.9367799758911 11.980776309967 12.1780230998993 12.1176035404205 12.1031837463379 12.1770975589752 12.3336772918701 12.2269248962402 12.205837726593 12.264084815979 12.4346652030945 12.5742452144623 12.572158575058 12.3914012908936 12.5393056869507 12.276210308075 12.1307809352875 12.094352722168 12.1412570476532 12.1071615219116 12.1490662097931 12.1703042984009 12.1292085647583 12.1571130752563 12.3460175991058 12.5280637741089 12.4515845775604 12.3174383640289 12.4686262607574 12.3631467819214 12.2296679019928
11.2757475376129 10.8701913356781 10.5803020000458 10.6207458972931 10.9711894989014 11.2356336116791 11.3474104404449 11.2268543243408 11.0684697628021 11.1129231452942 11.1713762283325 11.3878290653229 11.3069489002228 11.5600686073303 11.6048555374146 11.5833079814911 11.7524280548096 11.6158809661865 11.8130013942719 11.8774540424347 11.9195017814636 11.9201436042786 11.9261190891266 11.6087608337402 11.4457364082336 11.7830448150635 12.1813530921936 12.032662153244 12.083970785141 12.3919460773468 12.6149210929871 12.593896150589 12.5932765007019 12.5927286148071 12.6065139770508 12.3956327438354 12.2897515296936 12.1512033939362 12.2729885578156 12.3271071910858 12.2448925971985 12.2896780967712 12.2824628353119 12.2869148254395 12.3549082279205 12.5077767372131 12.5399777889252 12.4651792049408 12.3507144451141 12.3435821533203
10.9554295539856 11.2745440006256 11.2033243179321 11.0947716236115 11.1935524940491 11.1566665172577 11.3264467716217 11.4315609931946 11.1336984634399 10.8465249538422 11.0740187168121 11.3278458118439 11.4223394393921 11.5281665325165 11.6516602039337 11.7111535072327 11.7499806880951 11.7471406459808 11.6679677963257 11.3181285858154 11.0598936080933 11.2909307479858 11.5386340618134 11.813004732132 11.9000415802002 12.0457451343536 12.0884490013123 11.7898194789886 12.1315231323242 12.4962265491486 12.5449299812317 12.569967508316 12.5934855937958 12.6691515445709 12.5378179550171 12.4718170166016 12.4184834957123 12.4591493606567 12.543482542038 12.5638153553009 12.4501481056213 12.4414806365967 12.4371466636658 12.2454795837402 12.365086555481 12.4296352863312 12.4595177173615 12.4993991851807 12.428281545639 12.3498299121857
11.1341121196747 11.2455625534058 11.3080134391785 11.3861310482025 11.4652488231659 11.4230327606201 11.2281501293182 11.3226010799408 11.4019269943237 10.8671276569366 10.8709952831268 11.1475296020508 11.3390636444092 11.5722641944885 11.6787986755371 11.7166659832001 11.7128670215607 11.6804006099701 11.5799350738525 11.3181354999542 11.1722855567932 11.1533842086792 10.9114832878113 10.9359152317047 11.2490139007568 11.31911277771 11.6318781375885 11.6743097305298 11.711742401123 12.20050740242 12.4292731285095 12.3517050743103 12.4333608150482 12.3755743503571 12.5217881202698 12.6176688671112 12.5515489578247 12.4730958938599 12.5159754753113 12.6091895103455 12.3550698757172 12.4706163406372 12.597496509552 12.5590434074402 12.4035983085632 12.4511606693268 12.43572306633 12.4629526138306 12.3421816825867 12.4644110202789
11.3724610805511 11.400915145874 11.3023698329926 11.0454902648926 10.8699450492859 10.901065826416 10.908186674118 11.3559741973877 11.6054892539978 11.5757300853729 11.2559714317322 11.1378793716431 11.2597873210907 11.4720287322998 11.6642699241638 11.6281781196594 11.471086025238 11.4606604576111 11.3379018306732 10.9904766082764 11.229677438736 11.4071710109711 11.3589985370636 10.9644918441772 10.9866526126862 11.0064797401428 11.0353071689606 11.2091338634491 11.2846279144287 11.7177882194519 11.9112825393677 12.1714425086975 12.3619031906128 12.3399975299835 12.4677591323853 12.2735199928284 12.4586138725281 12.3880417346954 12.51580286026 12.6452307701111 12.443324804306 12.3290855884552 12.5278468132019 12.616274356842 12.5607759952545 12.4850196838379 12.425595998764 12.5095057487488 12.6080820560455 12.5179917812347
11.6904768943787 11.7336013317108 11.6257257461548 11.2285170555115 10.8759741783142 10.6340990066528 10.9042236804962 11.3013479709625 11.6550505161285 11.6846656799316 11.6199474334717 11.534229516983 11.4115114212036 11.4651267528534 11.4434084892273 11.3220233917236 11.1539719104767 11.1089208126068 11.126202583313 10.9664840698242 11.0184030532837 11.1379585266113 11.2331807613373 11.2590696811676 11.307624578476 11.4255139827728 11.3597359657288 11.3876252174377 11.3585135936737 11.6010692119598 11.7126245498657 11.7151806354523 11.9857790470123 12.2197539806366 12.2287292480469 12.2763710021973 12.3956789970398 12.460321187973 12.5106298923492 12.5516045093536 12.5589134693146 12.4198882579803 12.4745304584503 12.5228388309479 12.5822880268097 12.6085453033447 12.4761352539062 12.5483915805817 12.6476490497589 12.6869058609009
11.9531590938568 11.9962873458862 12.0250813961029 11.8652091026306 11.7293374538422 11.5141320228577 11.5212600231171 11.5880544185638 11.7086126804352 11.7716021537781 11.728924036026 11.5852463245392 11.4962356090546 11.4862241744995 11.3768801689148 11.3545358181 11.2025246620178 11.2725133895874 11.2518362998962 10.9754915237427 11.0867948532104 11.0990788936615 11.0773627758026 11.0159797668457 11.0285973548889 11.0995473861694 11.3274981975555 11.5614492893219 11.5857326984406 11.536349773407 11.4166340827942 11.4719178676605 11.7653210163116 11.9448440074921 11.884033203125 12.0148885250092 12.2340779304504 12.2842671871185 12.3254566192627 12.4769790172577 12.5135014057159 12.5573575496674 12.5638802051544 12.4750692844391 12.404132604599 12.5010702610016 12.5593414306641 12.5806119441986 12.6385502815247 12.6551539897919
