data/spatiotemp/temp2/bio8_norsw_test_2007_2010.asc
NCOLS 654 
NROWS 380 
XLLCORNER 3.91666666666667 
YLLCORNER 55.3333333333333 
CELLSIZE 0.0416666666666667 
NODATA_value -9999 
[rows 330 to 351 of 380, columns 450 to 499 of 654]
15.1501016616821 15.1214418411255 15.1226401329041 15.1085286140442 15.1250834465027 15.1273062229156 15.1637856960297 15.1664371490479 15.1323339939117 -9999 -9999 -9999 -9999 -9999 -9999 -9999 -9999 -9999 -9999 -9999 -9999 -9999 -9999 -9999 -9999 -9999 -9999 -9999 -9999 -9999 -9999 -9999 -9999 -9999 -9999 -9999 -9999 -9999 -9999 -9999 -9999 15.1506280899048 15.1386137008667 15.1381752490997 15.1314029693604 15.0794651508331 15.0475263595581 15.0237550735474 14.9981491565704 14.9602105617523
15.1532731056213 15.1501548290253 15.1098463535309 15.1008474826813 15.1206820011139 15.1135172843933 15.1136848926544 15.1386859416962 15.1305203437805 15.1647374629974 15.2085654735565 15.2693026065826 -9999 -9999 -9999 -9999 -9999 -9999 -9999 -9999 -9999 -9999 -9999 -9999 -9999 -9999 -9999 -9999 -9999 -9999 -9999 -9999 -9999 -9999 -9999 -9999 -9999 -9999 -9999 -9999 -9999 15.1489791870117 15.1303617954254 15.1630575656891 15.1470861434937 15.1097817420959 15.044310092926 14.9985055923462 14.9947011470795 14.9567296504974
15.1716113090515 15.1543679237366 15.1443867683411 15.1096675395966 15.1152806282043 15.13689494133 15.1338415145874 15.149955034256 15.1674022674561 15.2366826534271 15.2971301078796 15.2709658145905 -9999 -9999 -9999 -9999 -9999 -9999 -9999 -9999 -9999 -9999 -9999 -9999 -9999 -9999 -9999 -9999 -9999 -9999 -9999 -9999 -9999 -9999 -9999 -9999 -9999 -9999 -9999 -9999 -9999 15.2084474563599 15.1779437065125 15.1847727298737 15.1721024513245 15.1369316577911 15.0745940208435 15.0170905590057 15.0155861377716 15.01424908638
15.0492825508118 15.079580783844 15.1112604141235 15.1353197097778 15.1328790187836 15.1516051292419 15.1684980392456 15.1852240562439 15.2144498825073 15.2821769714355 15.3797357082367 15.3017957210541 15.269730091095 -9999 -9999 -9999 -9999 -9999 -9999 -9999 -9999 -9999 -9999 -9999 -9999 -9999 -9999 -9999 -9999 -9999 -9999 -9999 -9999 -9999 -9999 -9999 -9999 -9999 -9999 -9999 -9999 15.251978635788 15.2375252246857 15.2084882259369 15.1876182556152 15.1635808944702 15.0940444469452 15.0501744747162 15.0489706993103 15.0312674045563
14.8031823635101 14.9083268642426 14.9666991233826 15.0694658756256 15.1593992710114 15.1743326187134 15.1759326457977 15.1871991157532 15.2252993583679 15.2745661735535 15.33149933815 15.3400993347168 15.2955479621887 -9999 -9999 -9999 -9999 -9999 -9999 -9999 -9999 -9999 -9999 -9999 -9999 -9999 -9999 -9999 -9999 -9999 -9999 -9999 -9999 -9999 -9999 -9999 -9999 -9999 -9999 -9999 15.3323228359222 15.2739186286926 15.2789351940155 15.2404079437256 15.1940479278564 15.1623537540436 15.109493970871 15.0838003158569 15.0681064128876 15.0479128360748
14.7513115406036 14.7279388904572 14.7825376987457 14.9082729816437 15.0981748104095 15.2155768871307 15.2059781551361 15.2170467376709 15.2466158866882 15.2798509597778 15.3137533664703 15.3758215904236 15.3384873867035 15.3607921600342 -9999 -9999 -9999 -9999 -9999 -9999 -9999 -9999 -9999 -9999 -9999 -9999 -9999 -9999 -9999 -9999 -9999 -9999 -9999 -9999 -9999 -9999 -9999 -9999 -9999 15.4250221252441 15.4254779815674 15.3894815444946 15.3738398551941 15.2943658828735 15.2082242965698 15.1804170608521 15.1564419269562 15.1368012428284 15.1114933490753 15.0861852169037
14.904107093811 14.8530519008636 14.8118758201599 14.8560800552368 15.0366170406342 15.1101541519165 15.1958575248718 15.2140612602234 15.2777659893036 15.3104693889618 15.309173822403 15.3462100028992 15.3804140090942 15.4197845458984 -9999 -9999 -9999 -9999 -9999 -9999 -9999 -9999 -9999 -9999 -9999 -9999 -9999 -9999 -9999 -9999 -9999 -9999 -9999 -9999 -9999 -9999 -9999 15.3683681488037 15.4321639537811 15.4821782112122 15.4950895309448 15.4608340263367 15.4765787124634 15.4124903678894 15.298734664917 15.2504789829254 15.216057062149 15.2011346817017 15.1788794994354 15.1581242084503
14.9232361316681 14.9426643848419 15.0042145252228 15.0485532283783 15.0482263565063 15.0318987369537 15.1090707778931 15.1430766582489 15.2127487659454 15.2317545413971 15.2425935268402 15.3207657337189 15.3699381351471 15.4291932582855 15.4974625110626 -9999 -9999 -9999 -9999 -9999 -9999 -9999 -9999 -9999 -9999 -9999 -9999 -9999 -9999 -9999 -9999 -9999 -9999 -9999 -9999 15.4039070606232 15.3878040313721 15.3613557815552 15.4181289672852 15.504759311676 15.508722782135 15.4995203018188 15.4929831027985 15.4447803497314 15.3645780086517 15.2907078266144 15.224671125412 15.2043023109436 15.1725988388062 15.133563041687
14.962532043457 14.9531106948853 15.0280532836914 15.1481935977936 15.1665012836456 15.1774759292603 15.1812832355499 15.2150912284851 15.2362320423126 15.2240395545959 15.1915140151978 15.2701549530029 15.3411290645599 15.4191024303436 15.4874608516693 15.5027732849121 15.5694603919983 -9999 -9999 -9999 -9999 -9999 -9999 -9999 -9999 -9999 -9999 -9999 -9999 -9999 -9999 -9999 15.629608631134 15.6095724105835 15.5504283905029 15.4876248836517 15.3980679512024 15.3766779899597 15.3883240222931 15.4543402194977 15.4781899452209 15.45920586586 15.4312222003937 15.351238489151 15.2870881557465 15.2394375801086 15.1747868061066 15.1509695053101 15.1181526184082 15.1173357963562
15.0648279190063 15.0658891201019 15.114725112915 15.1143341064453 15.1366102695465 15.2177200317383 15.2018294334412 15.1877722740173 15.219381570816 15.1928248405457 15.2169342041016 15.2632098197937 15.316153049469 15.4089291095734 15.4719331264496 15.5123293399811 15.5967268943787 15.6376242637634 15.6855628490448 15.7570765018463 15.7566492557526 -9999 -9999 -9999 -9999 -9999 -9999 -9999 -9999 -9999 15.5499413013458 15.5667259693146 15.6548116207123 15.7601153850555 15.7820866107941 15.6800580024719 15.5918617248535 15.4308326244354 15.4323525428772 15.4542543888092 15.4173231124878 15.4267253875732 15.4059607982635 15.3568625450134 15.2889308929443 15.216500043869 15.1880686283112 15.1814703941345 15.1278722286224 15.0804417133331
15.018123626709 15.0265023708344 15.079229593277 15.09197473526 15.1543860435486 15.2511310577393 15.3110423088074 15.2721202373505 15.2510313987732 15.290442943573 15.3011872768402 15.3979322910309 15.4501767158508 15.5324213504791 15.5643758773804 15.6117050647736 15.6290345191956 15.6888642311096 15.7513613700867 15.7495238780975 15.7481071949005 15.7610471248627 15.7410366535187 15.7452871799469 15.736839056015 15.7311685085297 15.7326664924622 15.7007067203522 15.6166644096375 15.5919971466064 15.5898289680481 15.5886607170105 15.6766602993011 15.8223254680634 15.978657245636 15.9608232975006 15.8828217983246 15.6571547985077 15.5488810539246 15.4618358612061 15.4802899360657 15.4617445468903 15.4333658218384 15.3643200397491 15.2931079864502 15.2313959598541 15.2111835479736 15.185804605484 15.1482589244843 15.1128807067871
15.0139193534851 14.9957814216614 14.9954018592834 15.0552821159363 15.1131615638733 15.1862082481384 15.291088104248 15.2903010845184 15.3083479404449 15.3310611248016 15.4357740879059 15.5246543884277 15.5163679122925 15.5477471351624 15.6404852867126 15.7239139080048 15.7345099449158 15.6916055679321 15.7513675689697 15.7552964687347 15.772891998291 15.8203208446503 15.8342497348785 15.8355112075806 15.7914400100708 15.7940356731415 15.7875137329102 15.7013738155365 15.5760676860809 15.564927816391 15.6246211528778 15.7181479930878 15.8365085124969 15.9327018260956 16.0303957462311 16.0625886917114 16.0557823181152 15.8293092250824 15.6314096450806 15.4954166412354 15.4682569503784 15.4470970630646 15.4164373874664 15.3559443950653 15.3084514141083 15.2832918167114 15.2611322402954 15.2401392459869 15.1786458492279 15.1291525363922
14.9633815288544 14.9387264251709 14.9452402591705 14.9845886230469 15.0779376029968 15.1702859401703 15.2291338443756 15.3008160591125 15.3284974098206 15.3656795024872 15.3718616962433 15.4798767566681 15.6070580482483 15.5997397899628 15.6490955352783 15.784289598465 15.8074839115143 15.7970128059387 15.8510403633118 15.8982348442078 15.8619298934937 15.7897908687592 15.7988195419312 15.8433473110199 15.8220419883728 15.7655699253082 15.7061951160431 15.6169164180756 15.5461378097534 15.5688583850861 15.5952470302582 15.6473019123077 15.7290241718292 15.8172447681427 15.8444662094116 15.8246877193451 15.8700759410858 15.7917971611023 15.6599383354187 15.5281643867493 15.474223613739 15.4574499130249 15.4281759262085 15.3844017982483 15.3706276416779 15.3508543968201 15.3115801811218 15.2534730434418 15.2030324935913 15.164591550827
14.8786776065826 14.8661727905273 14.8562452793121 14.9347288608551 15.0223793983459 15.1123633384705 15.1771802902222 15.2783300876617 15.366147518158 15.3921315670013 15.3976149559021 15.4829316139221 15.5990824699402 15.6693997383118 15.7267050743103 15.84849858284 15.8797926902771 15.8455867767334 15.8878798484802 15.9000067710876 15.8643009662628 15.8595948219299 15.8037214279175 15.7550156116486 15.7123098373413 15.67560338974 15.6253750324249 15.5956249237061 15.6047077178955 15.6206231117249 15.6185398101807 15.64328956604 15.6632056236267 15.6737878322601 15.6768708229065 15.5959534645081 15.6185367107391 15.6592862606049 15.6543002128601 15.6195785999298 15.5725238323212 15.5073022842407 15.4519145488739 15.4290256500244 15.4109711647034 15.3582499027252 15.332528591156 15.2966401576996 15.2539186477661 12.9553443193436
14.7723066806793 14.7966182231903 14.8259170055389 14.9438695907593 15.057822227478 15.1159405708313 15.18372631073 15.2938451766968 15.4254643917084 15.4560832977295 15.4798681735992 15.5723204612732 15.6391065120697 16.8106360435486 16.9165678024292 15.9233741760254 15.952933549881 15.9214932918549 16.9888877868652 15.8809466362 15.8758387565613 15.9147324562073 15.885792016983 15.7690181732178 15.6920773983002 15.6323037147522 15.6153891086578 15.6199996471405 15.6814436912537 15.6793885231018 15.6619987487793 15.656610250473 15.6148872375488 15.536497592926 15.4926090240479 15.4603855609894 15.501163482666 15.554607629776 15.5818283557892 15.5486595630646 15.4648237228394 15.4214890003204 15.4098188877106 15.4363169670105 15.4539816379547 15.4786458015442 15.4834766387939 15.4196410179138 15.2384114265442 13.046222448349
14.7674355506897 14.837230682373 14.8770887851715 14.9610097408295 15.0279307365417 15.10218501091 15.1779386997223 15.3160266876221 15.4432806968689 15.5027012825012 16.6268346309662 16.7261824607849 16.8031964302063 16.8775444030762 16.9471926689148 15.9692499637604 16.0460753440857 16.013733625412 15.9453930854797 15.8957183361053 15.8897099494934 15.9273693561554 15.9246945381165 15.8538527488708 15.75901222229 15.6890041828156 15.6469027996063 15.6415421962738 15.6608471870422 15.6678192615509 15.66712474823 15.6262636184692 15.5665688514709 15.4910409450531 15.4496796131134 15.4254846572876 15.4292902946472 15.4504289627075 15.4706907272339 15.4519069194794 15.3764572143555 15.3383412361145 15.330224275589 15.3277745246887 15.3558242321014 15.2696123123169 15.3558564186096 15.4247663021088 15.3543431758881 15.2930865287781
14.8220245838165 14.8565721511841 14.9132249355316 14.9823157787323 15.0584070682526 15.1528308391571 15.247421503067 15.3866789340973 15.4664368629456 15.5611939430237 15.6176183223724 16.7761855125427 16.8628301620483 16.9448080062866 17.0316824913025 17.1924529075623 17.290557384491 17.2539954185486 17.1690993309021 17.1312046051025 17.109308719635 15.9564445018768 17.0121836662292 15.8820912837982 15.8319146633148 15.7874042987823 15.7715482711792 15.7516791820526 15.7039756774902 15.6719396114349 15.6090703010559 15.5477001667023 15.5278308391571 15.5039613246918 15.4764251708984 15.4410552978516 15.4130198955536 15.3978159427643 15.4282495975494 15.4203202724457 15.4155580997467 15.3681282997131 15.3435318470001 15.1727883815765 15.1644093990326 15.1955313682556 15.2289860248566 15.3032743930817 15.3168964385986 15.2975177764893
14.7984068393707 14.828809261322 14.9734916687012 15.0016205310822 15.0649161338806 15.1677122116089 15.292174577713 15.3706367015839 15.4235992431641 15.5863955020905 16.7783226966858 16.8435797691345 16.9035034179688 16.9907598495483 17.1197032928467 17.316330909729 17.3976254463196 17.3955869674683 17.3688817024231 17.3178424835205 17.235803604126 17.1194319725037 17.0237259864807 16.9990200996399 15.9651184082031 16.0301716327667 15.9629909992218 15.8799104690552 15.8288297653198 15.7125828266144 15.6075012683868 15.575254201889 15.544173002243 15.549925327301 15.5311779975891 15.4760978221893 15.4486832618713 15.4556028842926 15.4520080089569 15.4357330799103 15.4076247215271 15.3781840801239 15.2048532962799 15.1698343753815 15.1784815788269 15.1742959022522 15.1827754974365 15.1929235458374 15.2007372379303 15.2275519371033
14.8236231803894 14.8808798789978 14.9944252967834 15.0734260082245 15.1525926589966 15.2270932197571 15.2985939979553 15.3190941810608 15.3537619113922 16.6415681838989 16.7497711181641 16.8546404838562 16.9165101051331 17.0383796691895 17.2063903808594 17.3488759994507 17.4260268211365 17.4385118484497 17.4126629829407 17.3698148727417 17.2812991142273 17.1707844734192 17.086268901825 15.9798719882965 16.023989200592 16.1069383621216 16.0212671756744 15.9043090343475 15.8306832313538 15.7725582122803 15.7124330997467 15.64497423172 15.6195156574249 15.5923902988434 15.5619323253632 15.5306394100189 15.5090141296387 15.5370557308197 15.5002660751343 15.4284794330597 15.2433621883392 15.2467014789581 15.2440409660339 15.2320468425751 15.2445533275604 15.2082266807556 15.220899105072 15.2032392024994 15.2264120578766 15.2185850143433
14.8096721172333 14.9084501266479 15.0038585662842 15.0662312507629 15.1341025829315 15.1879751682281 15.2285141944885 15.3295521736145 16.4555885791779 16.5467374324799 16.6628863811493 16.7957019805908 16.9221835136414 17.0046663284302 17.2104115486145 17.3980865478516 17.4594283103943 17.4507694244385 17.4171118736267 17.374119758606 17.3327951431274 17.2874698638916 16.1214993000031 16.0483460426331 15.9861919879913 15.9207053184509 15.8533771038055 15.8233740329742 15.8053705692291 15.8227009773254 15.8200311660767 15.7685279846191 15.7025244235992 15.6396880149841 15.6271848678589 15.6123483181 15.6221780776978 15.6085081100464 15.5640242099762 15.331465959549 15.2874975204468 15.28986287117 15.2965619564056 15.3255932331085 15.3124585151672 15.250324010849 15.2711892127991 15.2422213554382 15.2337529659271 15.2496182918549
14.8242216110229 14.9040207862854 14.9871253967285 15.0733692646027 15.1294457912445 15.1485233306885 15.2175996303558 16.4757165908813 16.5458111763 16.6125729084015 16.7003352642059 16.8107624053955 16.9615240097046 17.0906190872192 17.2320995330811 17.3476314544678 17.4284963607788 17.4280276298523 17.4032263755798 17.3580918312073 17.3132901191711 17.2541551589966 17.2160205841064 17.1792197227478 17.0757508277893 15.9364721775055 15.9214868545532 15.9131059646606 15.8940579891205 15.878842830658 15.8437960147858 15.8385813236237 15.8118667602539 15.7351524829865 15.6394379138947 15.6360566616058 15.4683482646942 15.4505534172058 15.4138514995575 15.3877429962158 15.3521337509155 15.3530242443085 15.3637487888336 15.3616394996643 15.3513638973236 15.2887547016144 15.2823123931885 15.2607035636902 15.2497608661652 15.2529850006104
14.9019372463226 14.9105911254883 14.9857256412506 15.075840473175 15.1212892532349 15.210070848465 15.2591862678528 15.3493013381958 16.5930347442627 16.6820759773254 16.7551159858704 16.8851566314697 17.0545310974121 17.1882386207581 17.274453163147 17.3515090942383 17.3972311019897 17.3849530220032 17.3613414764404 17.327730178833 17.2781190872192 17.2301745414734 17.1652307510376 17.1366190910339 17.1096739768982 17.0817294120789 15.9910957813263 15.9521703720093 15.9374117851257 15.8993194103241 15.8597271442413 15.8573017120361 15.8290429115295 15.7566163539886 15.4950551986694 15.4983189105988 15.4760823249817 15.4785130023956 15.4419360160828 15.402853012085 15.4024360179901 15.3866860866547 15.386602640152 15.3533523082733 15.3204362392426 15.3130187988281 15.2974350452423 15.2750189304352 15.2796018123627 15.2968513965607
