data/spatiotemp/temp2/bio8_norsw_test_2007_2010.asc
NCOLS 654 
NROWS 380 
XLLCORNER 3.91666666666667 
YLLCORNER 55.3333333333333 
CELLSIZE 0.0416666666666667 
NODATA_value -9999 
[rows 176 to 197 of 380, columns 600 to 649 of 654]
13.1412796974182 13.2251675128937 13.1727216243744 13.0936095714569 13.1244976520538 13.2540516853333 13.3002722263336 13.214827299118 13.1603384017944 13.2281401157379 13.1852748394012 13.1134095191956 13.0018775463104 13.010345697403 13.0878138542175 13.0376152992249 12.9580836296082 13.0198855400085 13.1143531799316 13.1924889087677 13.2545266151428 13.2421357631683 13.2647440433502 13.2750198841095 13.2719616889954 13.2239038944244 13.1688461303711 13.1211218833923 13.0887303352356 13.064005613327 13.0412812232971 12.9905564785004 12.9533472061157 13.0729854106903 13.174957036972 13.2805955410004 13.3315665721893 13.4942054748535 13.5708432197571 13.4654819965363 13.3637869358063 13.4270915985107 13.5087299346924 13.517368555069 13.6030514240265 13.6657803058624 13.775842666626 13.8065710067749 13.7779657840729 13.7256946563721
13.1823527812958 13.2279942035675 13.1353025436401 13.0446102619171 13.1102521419525 13.2282264232635 13.3272018432617 13.3115100860596 13.2496221065521 13.2182035446167 13.11745262146 13.1373679637909 13.0712835788727 13.0968656539917 13.1377809047699 13.1263625621796 13.0902779102325 13.0068600177765 13.0564422607422 13.1203575134277 13.1911075115204 13.2666935920715 13.3802785873413 13.3808641433716 13.3784503936768 13.253702878952 13.0656213760376 13.1382069587708 13.1684594154358 13.207044839859 13.1996312141418 13.1912167072296 13.0931406021118 13.0437355041504 13.1823313236237 13.2249264717102 13.3151886463165 13.4914510250092 13.5150463581085 13.3916418552399 13.3682372570038 13.4578335285187 13.4404284954071 13.335024356842 13.3887612819672 13.5283062458038 13.6218514442444 13.7503969669342 13.8146090507507 13.7924876213074
13.371374130249 13.3407647609711 13.2584893703461 13.1668813228607 13.2076053619385 13.3063297271729 13.3823873996735 13.3274459838867 13.2272663116455 13.1941840648651 13.215434551239 13.2376849651337 13.1716020107269 13.0791862010956 13.013769865036 13.0660209655762 13.0192708969116 13.0798554420471 13.0924394130707 13.1350228786469 13.2681186199188 13.2917265892029 13.3500010967255 13.4396088123322 13.41521692276 13.3388245105743 13.3584322929382 13.357040643692 13.2993144989014 13.2859225273132 13.3295304775238 13.3184714317322 13.277280330658 13.298623085022 13.3222990036011 13.2116417884827 13.2953176498413 13.296993970871 13.3073365688324 13.3310129642487 13.3183560371399 13.3450319766998 13.3500416278839 13.3520505428314 13.3335309028625 13.38214802742 13.4900987148285 13.5250494480133 13.6629998683929 13.749617099762
13.458343744278 13.4244801998138 13.4599502086639 13.4714200496674 13.4368901252747 13.4830267429352 13.4548301696777 13.3872995376587 13.3122713565826 13.2170789241791 13.137886762619 13.1706936359406 13.2011680603027 13.1549751758575 13.1221158504486 13.1752564907074 13.210063457489 13.1782042980194 13.1383445262909 13.2351522445679 13.2982268333435 13.3785688877106 13.4405770301819 13.4969193935394 13.5075948238373 13.517936706543 13.5496120452881 13.5036203861237 13.4729626178741 13.41663813591 13.3653135299683 13.2933223247528 13.2667667865753 13.4263141155243 13.3771936893463 13.3157405853271 13.3919537067413 13.4025015830994 13.4323816299438 13.3929281234741 13.293808221817 13.2693548202515 13.3189017772675 13.2017819881439 13.263694524765 13.3656387329102 13.5485835075378 13.6551942825317 13.6891388893127 13.7327497005463
13.4486472606659 13.4095289707184 13.5724108219147 13.6596264839172 13.6321752071381 13.5740566253662 13.4942719936371 13.3654873371124 13.2952768802643 13.1979744434357 13.1846718788147 13.274035692215 13.3030664920807 13.2954306602478 13.3017942905426 13.3028247356415 13.313188791275 13.3172197341919 13.3135840892792 13.2986145019531 13.3203346729279 13.4257438182831 13.4168200492859 13.4698963165283 13.5653059482574 13.6083824634552 13.6387920379639 13.6385343074799 13.6109440326691 13.4643535614014 13.3670964241028 13.3015058040619 13.3109195232391 13.3893373012543 13.4687550067902 13.4805057048798 13.4942564964294 13.6283414363861 13.5587587356567 13.5378434658051 13.5279271602631 13.5270118713379 13.4580960273743 13.2491800785065 13.2065243721008 13.3084630966187 13.3520677089691 13.3523395061493 13.4502775669098 13.5315489768982
13.6739504337311 13.5179109573364 13.5765385627747 13.7081656455994 13.6927931308746 13.5587537288666 13.5003807544708 13.4170081615448 13.3392822742462 13.3242027759552 13.2731235027313 13.3190443515778 13.2712984085083 13.34188580513 13.3721399307251 13.2790606021881 13.3936479091644 13.4875686168671 13.5008225440979 13.4124097824097 13.3814425468445 13.3589193820953 13.4230630397797 13.4892063140869 13.5576837062836 13.6274938583374 13.6923046112061 13.6684482097626 13.5525915622711 13.4487354755402 13.3018794059753 13.4153566360474 13.4207396507263 13.3536944389343 13.4293162822723 13.5212707519531 13.6495592594147 13.8228478431702 13.7711362838745 13.7904245853424 13.7200465202332 13.5730013847351 13.5759563446045 13.4572446346283 13.4153549671173 13.3269536495209 13.2708859443665 13.3278181552887 13.4237501621246 13.4560151100159
13.7335870265961 13.6666259765625 13.6103322505951 13.6697044372559 13.8037443161011 13.7761170864105 13.5581564903259 13.4745292663574 13.4536209106445 13.4157645702362 13.3285756111145 13.18971991539 13.2035303115845 13.2990078926086 13.4358186721802 13.4219627380371 13.4911067485809 13.5529174804688 13.4917285442352 13.4135394096375 13.4275500774384 13.348094701767 13.3979728221893 13.4851841926575 13.5717279911041 13.6646063327789 13.7338178157806 13.7550287246704 13.7249064445496 13.6234512329102 13.5589954853058 13.5162069797516 13.4295587539673 13.4217183589935 13.5048773288727 13.5020363330841 13.6061954498291 13.7783551216125 13.8761804103851 13.8863399028778 13.8944988250732 13.8253245353699 13.62948346138 13.5179758071899 13.4175183773041 13.4197776317596 13.3610367774963 13.3299624919891 13.3652222156525 13.4621484279633
13.694890499115 13.7880079746246 13.6914594173431 13.53591132164 13.6576955318451 13.8911468982697 13.859265089035 13.7450499534607 13.7136261463165 13.516993522644 13.5160276889801 13.4430615901947 13.2924292087555 13.3794631958008 13.5308303833008 13.6341981887817 13.6848993301392 13.7009332180023 13.643967628479 13.5293347835541 13.4393246173859 13.3832700252533 13.3392155170441 13.4811606407166 13.5921061038971 13.7173850536346 13.8253307342529 13.8726091384888 13.8485546112061 13.7371671199799 13.6817789077759 13.5490572452545 13.545045375824 13.5787415504456 13.5751049518585 13.4541347026825 13.3161644935608 13.4941942691803 13.6228911876678 13.7089211940765 13.8112843036652 13.8536474704742 13.7080109119415 13.5163743495941 13.5433490276337 13.5516021251678 13.4765219688416 13.3847744464874 13.3830275535583 13.3759474754333
13.5115263462067 13.6413898468018 13.7419199943542 13.8174502849579 13.7773134708405 13.8525111675262 13.9407074451447 13.956237077713 13.8669648170471 13.8055551052094 13.7778127193451 13.6530704498291 13.5283279418945 13.5679187774658 13.6808428764343 13.7324335575104 13.7610249519348 13.7506158351898 13.7182066440582 13.598797082901 13.5877656936646 13.5604450702667 13.541791677475 13.3781383037567 13.4784836769104 13.6364967823029 13.7581770420074 13.8468568325043 13.8478693962097 13.7995491027832 13.7548954486847 13.71724152565 13.6895313262939 13.5944318771362 13.593332529068 13.5735666751862 13.6544675827026 13.635701417923 13.6502685546875 13.6368362903595 13.6704034805298 13.7156369686127 13.6812047958374 13.618105173111 13.6931791305542 13.6787588596344 13.616005897522 13.5225865840912 13.4875001907349 13.463080406189
13.3194963932037 13.4037721157074 13.5953812599182 13.7376563549042 13.9059314727783 14.0082070827484 13.943482875824 13.8470914363861 14.0079703330994 13.9927840232849 13.9962651729584 13.8824121952057 13.9005599021912 13.8547074794769 13.7521884441376 13.5446693897247 13.7041501998901 13.8169643878937 13.9087784290314 13.8065931797028 13.6552069187164 13.5462872982025 13.4903676509857 13.5567815303802 13.5445289611816 13.5712761878967 13.734689950943 13.7997698783875 13.8198506832123 13.7975971698761 13.7783451080322 13.7530920505524 13.6456844806671 13.5897896289825 13.5185606479645 13.6283316612244 13.803436756134 13.8288753032684 13.8006460666656 13.7227506637573 13.7138555049896 13.7406270503998 13.7107319831848 13.718169927597 13.7390093803406 13.7669167518616 13.7231574058533 13.6593980789185 13.5939722061157 13.5888793468475
13.2497997283936 13.3714876174927 13.5208411216736 13.706862449646 13.7645499706268 13.8989043235779 13.9925916194916 13.9976122379303 14.0006413459778 14.0473463535309 14.0853836536407 14.0924212932587 14.055459022522 13.9394958019257 13.9628672599792 13.7352385520935 13.5166087150574 13.6816465854645 13.9986844062805 14.0150554180145 13.8266484737396 13.7037959098816 13.6772773265839 13.7467589378357 13.7625732421875 13.6560549736023 13.6615359783173 13.6613507270813 13.8028316497803 13.8376462459564 13.8904609680176 13.8369421958923 13.7595040798187 13.7698128223419 13.7054553031921 13.6907639503479 13.7574059963226 13.8187146186829 13.8486902713776 13.8259994983673 13.8583078384399 13.8059501647949 13.7605917453766 13.7192342281342 13.7685060501099 13.758740901947 13.7513086795807 13.7808768749237 13.8374447822571 13.8753457069397
13.3341028690338 13.4412026405334 13.5013022422791 13.5917348861694 13.6981678009033 13.7959339618683 13.8463671207428 13.9224669933319 14.0253133773804 14.0582411289215 14.0871684551239 14.0884299278259 14.0800240039825 14.1056184768677 14.1028792858124 14.0611402988434 13.7917346954346 13.830995798111 13.851256608963 13.913183927536 13.9054222106934 13.8079717159271 13.820853471756 13.896735906601 13.8719511032104 13.7965002059937 13.8610486984253 13.7215974330902 13.7948131561279 13.8716948032379 13.9849107265472 13.9474592208862 13.8126571178436 13.8108367919922 13.8346829414368 13.8448624610901 13.8550419807434 13.8195550441742 13.7537348270416 13.7065808773041 13.7537603378296 13.7706062793732 13.7204527854919 13.6516318321228 13.6493365764618 13.7125651836395 13.7184600830078 13.7033548355103 13.7092497348785 13.6798117160797
13.4574065208435 13.401584148407 13.3410959243774 13.4269409179688 13.5381195545197 13.6406309604645 13.6841428279877 14.1093852519989 13.9639852046967 14.030469417572 14.0466208457947 13.8954386711121 13.6825897693634 13.9327404499054 13.9935581684113 14.1523759365082 14.1271934509277 14.1350114345551 14.119829416275 14.0753133296967 14.0121970176697 13.9188137054443 13.9544298648834 14.0910458564758 14.213329076767 14.1812787055969 14.0938954353333 14.0055110454559 13.8941278457642 13.8510780334473 13.9086935520172 13.82297706604 13.8268105983734 13.7498607635498 13.7222440242767 13.6319608688354 13.6566777229309 13.6917283535004 13.6201121807098 13.5481622219086 13.5125453472137 13.5552628040314 13.8920600414276 13.4840302467346 13.5025000572205 13.5027220249176 13.5546107292175 13.4918332099915 13.4143888950348 13.4292776584625
13.4450433254242 13.3366329669952 13.3025569915771 13.2688133716583 13.4454038143158 13.593327999115 13.9011564254761 13.7851746082306 13.9033238887787 13.9676983356476 14.0534062385559 14.0721139907837 13.9904885292053 14.0628628730774 14.11390376091 14.1999447345734 14.2096526622772 14.2350270748138 14.2594013214111 14.2371089458466 14.204304933548 14.1539883613586 14.2270059585571 14.2873561382294 14.2377068996429 14.0687236785889 13.9620745182037 13.9727585315704 13.8521089553833 13.7271263599396 13.8138105869293 13.6878271102905 13.7152967453003 13.726550579071 13.620138168335 13.5093929767609 13.5919804573059 13.5952351093292 13.5711560249329 13.5344107151031 13.4973316192627 13.500253200531 13.7892701625824 13.5200951099396 13.559996843338 13.5755462646484 13.5030956268311 13.4596450328827 13.400194644928 13.6795976161957
13.5469977855682 13.4477398395538 13.3291492462158 13.35489153862 13.4319674968719 13.5690422058105 13.6487851142883 13.7471935749054 14.1683979034424 14.252509355545 14.0374925136566 14.1013298034668 14.0568339824677 14.1020050048828 14.1635091304779 14.2030131816864 14.206184387207 14.2550218105316 14.2225263118744 14.2596967220306 14.2928664684296 14.2867016792297 14.3298707008362 14.3257057666779 14.2535412311554 14.0960428714752 13.915545463562 13.8470468521118 13.7432153224945 13.6877174377441 13.7098865509033 13.6397216320038 13.608047246933 13.4875302314758 13.5973467826843 13.4954962730408 13.3616464138031 13.4317955970764 13.5372786521912 13.5834283828735 13.595244884491 13.5553946495056 13.4975440502167 13.5946938991547 13.6479825973511 13.6200766563416 13.6305048465729 13.6452658176422 13.8134241104126 13.7697908878326
13.60360455513 13.5579051971436 13.395872592926 13.327507019043 13.4488084316254 13.5337753295898 13.9179093837738 13.8644144535065 13.8516988754272 13.7343382835388 14.0628278255463 13.9060862064362 13.9789600372314 13.8791670799255 13.9367074966431 14.0909152030945 14.1807889938354 14.2423298358917 14.2605366706848 14.2564101219177 14.1602158546448 14.1796197891235 14.3143572807312 14.3240940570831 14.2634983062744 14.0942356586456 13.8973066806793 13.8910431861877 13.8841140270233 13.8555176258087 13.6902551651001 13.6959927082062 13.7307291030884 13.9748725891113 13.9010632038116 13.4442708492279 13.4263405799866 13.4337432384491 13.4764792919159 13.8866813182831 13.9690387248993 13.6953539848328 13.7054238319397 13.7054932117462 13.7294561862946 13.7536475658417 13.7501721382141 13.6856963634491 13.94859790802 13.8997225761414
13.6888773441315 13.5984039306641 13.5082631111145 13.4687895774841 13.2713153362274 13.4845087528229 13.7314717769623 13.7995400428772 13.8466665744781 13.8595180511475 13.8832020759583 13.9902205467224 13.7854197025299 13.8393297195435 13.815239906311 13.8138167858124 13.9793932437897 14.0883033275604 14.0225470066071 13.8787903785706 13.935231924057 14.0592043399811 14.3101770877838 14.3351495265961 14.3021221160889 14.1754281520844 14.0094003677368 13.9553732872009 13.9483458995819 13.9296519756317 13.8882911205292 13.8292641639709 13.7684111595154 13.721734046936 13.8594601154327 13.7697148323059 13.7868041992188 13.5430243015289 13.593013048172 13.4836692810059 13.5313251018524 13.6743140220642 13.746303319931 14.1659264564514 13.8489305973053 13.7868850231171 14.0538423061371 14.0537240505219 14.0216059684753 13.9913206100464
13.6634840965271 13.5989022254944 13.5129866600037 13.4890720844269 13.6906032562256 13.7217354774475 13.8355338573456 13.8386654853821 13.8723006248474 13.9909389019012 13.6079859733582 13.877715587616 14.0836870670319 13.9108254909515 13.871771812439 13.8050513267517 13.8283314704895 13.8889441490173 13.8108906745911 13.725170135498 13.8149144649506 14.0064556598663 14.3389964103699 14.3368711471558 14.2767457962036 14.1599540710449 13.9358286857605 13.8997032642365 13.9082446098328 13.789785861969 13.671993970871 13.6508684158325 14.0095484256744 13.5893356800079 13.5552446842194 13.4614868164062 13.4563958644867 13.8919854164124 13.6815466880798 13.7294557094574 14.0824482440948 13.8152742385864 13.8761827945709 14.2769105434418 13.9854049682617 13.876788854599 14.1585013866425 13.8735566139221 13.872606754303 14.1380860805511
13.7824234962463 13.5594003200531 13.4460442066193 13.5523540973663 13.8365385532379 13.836234331131 13.9045963287354 13.9517912864685 14.0289349555969 14.027693271637 14.0232856273651 13.9020431041718 14.1073017120361 14.2968935966492 14.1026372909546 14.0166201591492 13.8906021118164 13.892918586731 13.8315677642822 13.5818839073181 13.5629301071167 13.7797062397003 14.0818166732788 14.1455931663513 14.231369972229 14.2104797363281 14.0555896759033 13.9656994342804 13.9264760017395 14.1028125286102 13.9544696807861 13.8569595813751 13.7589809894562 13.7475335597992 13.7657532691956 13.7453057765961 13.8206915855408 13.8722448348999 13.9552974700928 14.035183429718 14.1174025535583 14.2056217193604 14.2808408737183 14.0885577201843 14.1522121429443 14.3972644805908 14.2809944152832 14.2370576858521 14.1602871417999 14.0915172100067
13.8236968517303 13.769898891449 13.6211016178131 13.9408822059631 13.9771406650543 14.0270662307739 14.0553247928619 14.0845837593079 14.1112353801727 14.1419477462769 13.8600931167603 14.1335382461548 14.1602501869202 14.3796277046204 14.2948360443115 14.2098548412323 14.3572645187378 13.9252259731293 13.8619115352631 13.8385970592499 13.6776123046875 13.5932912826538 13.75563621521 14.0019817352295 14.0039935112 14.457985162735 14.5082087516785 14.1050298213959 13.9770414829254 14.1952130794525 14.1509366035461 14.0341603755951 13.9064145088196 13.7941982746124 13.7881500720978 13.8952674865723 13.8972191810608 13.9703364372253 14.0416216850281 14.0760729312897 14.0890235900879 14.2171416282654 14.3505928516388 14.5037107467651 14.5800135135651 14.2365963459015 14.0341737270355 13.8604168891907 14.1141285896301 14.0744488239288
13.9153032302856 13.8880639076233 14.0500979423523 13.9339203834534 14.0912425518036 14.1248981952667 14.2187206745148 14.2758762836456 14.3047032356262 14.317535161972 14.3395335674286 14.410365819931 14.4150319099426 14.1576461791992 14.2560346126556 14.3394227027893 14.3121445178986 14.1508665084839 13.9942555427551 13.9349768161774 13.9129614830017 13.8812086582184 14.193247795105 14.1948714256287 14.422661781311 14.3612854480743 14.4427423477173 14.451199054718 14.4148230552673 14.3999469280243 14.3260695934296 14.1605267524719 14.1675140857697 14.090696811676 13.9080467224121 13.8888964653015 13.8999133110046 13.9565958976746 14.1439454555511 13.9024841785431 14.2983117103577 14.3729944229126 14.4643447399139 14.5250279903412 14.5729913711548 14.528568983078 14.3869805335999 14.2332248687744 14.1931359767914 14.1438801288605
14.0055766105652 14.0292294025421 13.9618818759918 13.8065345287323 13.7825207710266 14.1282298564911 14.1771156787872 14.2875015735626 14.3565039634705 14.4039556980133 14.4500749111176 14.1879589557648 14.5573129653931 14.5679321289062 14.6483843326569 14.7346696853638 14.7551219463348 14.3738408088684 14.2032659053802 14.3584785461426 14.31130027771 14.304990530014 14.2513473033905 14.2333710193634 14.1407279968262 14.1654186248779 14.1676092147827 14.3174660205841 14.4199895858765 14.4813470840454 14.5227038860321 14.3952276706696 14.3222799301147 14.2100286483765 14.0721099376678 13.9490249156952 13.9341068267822 13.9420216083527 14.114269733429 14.2480185031891 14.3099329471588 14.3900151252747 14.5080964565277 14.5575113296509 14.577969789505 14.491471529007 14.3391399383545 14.3239748477936 14.312643289566 14.3299782276154
