data/spatiotemp/temp2/bio8_norsw_test_2007_2010.asc
NCOLS 654 
NROWS 380 
XLLCORNER 3.91666666666667 
YLLCORNER 55.3333333333333 
CELLSIZE 0.0416666666666667 
NODATA_value -9999 
[rows 352 to 373 of 380, columns 400 to 449 of 654]
-9999 -9999 -9999 -9999 -9999 -9999 -9999 -9999 -9999 15.9617614746094 15.621866941452 15.5563063621521 15.4317452907562 15.4186842441559 15.4287898540497 15.4182279109955 15.4185104370117 15.4181344509125 15.3464252948761 15.3687162399292 15.3168404102325 15.3501317501068 15.3359227180481 15.2933804988861 15.2033381462097 15.0939626693726 14.9780864715576 14.8093781471252 14.701667547226 14.7601220607758 14.8234102725983 14.8923654556274 14.9894871711731 15.0154421329498 15.0927302837372 15.202018737793 15.2488074302673 15.2320957183838 15.2070505619049 15.1740057468414 15.1089034080505 15.016744852066 14.9832532405853 14.9840950965881 14.9859366416931 14.9279448986053 14.8874535560608 14.8877949714661 14.9026367664337 14.9411447048187
-9999 -9999 -9999 -9999 -9999 -9999 -9999 -9999 -9999 15.6962568759918 15.58407330513 15.5728902816772 15.4905400276184 15.4330241680145 15.3781743049622 15.3619909286499 15.3366775512695 15.3505668640137 15.3382892608643 15.3103449344635 15.3442339897156 15.3872897624969 15.3726787567139 15.3225681781769 15.2847907543182 15.1568465232849 15.028736114502 11.6152827739716 14.8824408054352 14.7923495769501 14.829258441925 14.9153335094452 14.921409368515 14.9336512088776 15.0290608406067 15.1723024845123 15.2465445995331 15.2822866439819 15.277529001236 15.2269382476807 15.1824078559875 15.1344373226166 15.1152997016907 15.0783293247223 15.0981914997101 15.1135549545288 15.0829179286957 15.0399467945099 15.0496432781219 15.092672586441
-9999 -9999 -9999 -9999 -9999 -9999 -9999 -9999 -9999 15.4782516956329 15.5379474163055 15.5689747333527 15.5526688098907 15.4825303554535 15.4035589694977 15.4014203548431 15.3675110340118 15.3444986343384 15.3759860992432 15.3731400966644 15.4304604530334 15.3952810764313 15.4167687892914 15.3409225940704 15.3377435207367 15.2622303962708 15.1545519828796 11.7281074523926 15.034380197525 14.9452431201935 14.8819389343262 14.8921353816986 14.9023315906525 14.9638609886169 15.0015573501587 15.11008644104 15.1779491901398 15.2928116321564 15.3361749649048 15.2995376586914 15.2639107704163 15.2457947731018 15.234845161438 15.2428967952728 15.2337806224823 15.2191648483276 15.2018821239471 15.1820993423462 15.177482843399 15.1773674488068
-9999 -9999 -9999 -9999 -9999 -9999 -9999 -9999 -9999 15.4441356658936 15.588986158371 15.6848924160004 15.6571314334869 15.5528709888458 15.4527764320374 15.4330153465271 15.4340116977692 15.4659304618835 15.4798493385315 15.44660115242 15.4726870059967 15.4327726364136 15.4771912097931 15.4596102237701 15.4446957111359 12.0374598503113 11.9186967015266 11.8270990848541 11.7246694564819 11.6790734529495 11.6343107223511 11.6157145500183 14.969420671463 15.0169038772583 15.046053647995 15.1420369148254 15.1895201206207 15.2761709690094 15.3063201904297 15.2721374034882 15.2054142951965 15.2309865951538 15.2748918533325 15.2762970924377 15.2618687152863 15.2492742538452 15.2400131225586 15.2382514476776 15.2459897994995 15.2645621299744
-9999 -9999 -9999 -9999 -9999 -9999 -9999 -9999 -9999 15.5039088726044 15.591525554657 15.6823098659515 15.632759809494 15.5335443019867 15.4956612586975 15.5044453144073 15.491512298584 15.4945292472839 15.4532129764557 15.4367301464081 15.4385802745819 15.4535973072052 15.4566144943237 15.4857985973358 12.1233882308006 12.103122651577 12.050023317337 12.0160906910896 11.9391202926636 11.836443901062 11.7452679276466 11.7044251561165 11.7062487006187 15.1066131591797 15.1297166347504 15.1971545219421 15.2680912017822 15.2531950473785 15.2757992744446 15.2939033508301 15.3312516212463 15.3991785049438 15.3786046504974 15.2571973800659 15.2392904758453 15.2438838481903 15.2441444396973 15.2545709609985 15.2321636676788 15.2427563667297
-9999 -9999 -9999 -9999 -9999 -9999 -9999 -9999 -9999 15.5050709247589 15.5655651092529 15.6205604076385 15.594388961792 15.5362176895142 15.5175452232361 15.5470404624939 15.5561792850494 15.5062944889069 15.4417433738708 15.4665250778198 15.4408071041107 15.4759223461151 15.5543713569641 12.1873201727867 12.1553852558136 12.113618016243 12.0633504986763 12.0394161343575 11.98840457201 11.9014810323715 11.8358911275864 11.8089685440063 11.788046002388 11.8196232318878 11.7973666787148 15.209438085556 15.2023289203644 15.1957204341888 15.2001113891602 15.2340023517609 15.2840890884399 15.3385360240936 15.3576502799988 15.3234317302704 15.2923793792725 15.2821605205536 15.2737746238708 15.2815556526184 15.2405037879944 15.2321176528931
-9999 -9999 -9999 -9999 -9999 -9999 -9999 -9999 -9999 12.4698572158813 12.514485180378 12.5230301618576 12.4620753526688 15.555846452713 15.5649576187134 15.5790686607361 15.566029548645 15.4916739463806 15.479151725769 15.4822964668274 15.4721074104309 15.4770851135254 12.1843372583389 12.1665712594986 12.1146386861801 12.078372836113 12.0559402704239 12.0163416266441 11.9576855301857 11.8859742879868 11.8440957665443 11.8272175192833 11.7988388538361 11.7821277976036 15.1750032901764 15.1628210544586 15.1151382923126 15.0669558048248 15.1306066513062 15.2029235363007 15.2258553504944 15.2170660495758 15.2221109867096 15.2753219604492 15.2973663806915 15.3364114761353 15.3499557971954 15.3583338260651 15.3537123203278 15.3622570037842
-9999 -9999 -9999 -9999 -9999 -9999 -9999 -9999 -9999 12.4948962330818 12.5787659883499 12.6082574725151 12.5156873464584 12.4441180825233 15.6356389522552 15.6216087341309 15.5945625305176 15.5423340797424 15.5612721443176 12.2331158518791 12.1953558921814 12.1772621870041 12.1671681404114 12.1334079504013 12.0959808826447 12.0730540752411 12.0374599695206 11.9976992607117 11.9356315732002 11.8542561531067 11.7802140116692 11.7291717529297 11.7244625687599 11.6995874047279 11.6523782610893 15.0751366615295 15.0650196075439 15.0485680103302 15.1081175804138 15.1375000476837 15.1147165298462 15.1007671356201 15.1439845561981 15.2067022323608 15.2644188404083 15.2804696559906 15.3325207233429 15.3270709514618 15.2932875156403 15.7124643325806
-9999 -9999 -9999 -9999 -9999 -9999 -9999 -9999 -9999 -9999 12.6810841560364 12.6731508374214 12.6043000817299 12.5066163539886 12.4475989937782 15.6458165645599 12.3196963071823 12.279441177845 12.2561866641045 12.2412650585175 12.2236767411232 12.1709216833115 12.1546666026115 12.1145783662796 12.0869899392128 12.0494015216827 12.0016462206841 11.9182248711586 11.8227446079254 11.7300381660461 11.6304985284805 11.6406255364418 11.6425861120224 11.6187133193016 11.6231741905212 11.641134262085 15.0925667285919 15.0698473453522 15.0226285457611 14.9887430667877 14.995078086853 15.0133011341095 15.0780246257782 15.1244144439697 15.1853044033051 15.1986947059631 15.231418132782 15.2498073577881 15.2255311012268 15.2247540950775
-9999 -9999 -9999 -9999 -9999 -9999 -9999 -9999 -9999 -9999 -9999 12.6740857958794 12.6562460064888 12.5392822027206 12.4376504421234 12.4208524227142 12.3811623454094 12.3352459073067 12.2813292741776 12.2692467570305 12.2313304543495 12.1885807514191 12.165831387043 12.1340815424919 12.0739990472794 12.0327491164207 11.9451660513878 11.8109168410301 11.7321900129318 11.6199862957001 11.5457832813263 11.5807459950447 11.5853760242462 11.5913397073746 11.6103024482727 11.6072655320168 11.6263952255249 11.6291916966438 14.9924726486206 14.9541521072388 14.9649395942688 14.9575026035309 14.939564704895 15.0134611129761 15.0495235919952 15.0624191761017 15.1159825325012 15.1720449924469 15.195107460022 15.5324904918671
-9999 -9999 -9999 -9999 -9999 -9999 -9999 -9999 -9999 -9999 -9999 12.6776044368744 12.6606920361519 12.5731135606766 12.4988684058189 12.4756226539612 12.4476278424263 12.3758837580681 12.326806306839 12.2925618290901 12.2264842391014 12.1812400221825 12.1709958910942 12.1684183478355 12.0858407020569 12.0232635736465 11.8986858129501 11.7759412527084 11.6726360321045 11.5931016802788 11.6340673565865 11.4538666605949 11.3953329920769 11.4139648973942 11.4575977623463 11.5297305583954 11.5451962947845 11.5191614627838 11.5336278676987 14.9967286586761 14.9983017444611 14.9852030277252 14.9719386100769 14.9675073623657 14.9525759220123 14.9949781894684 15.4661674499512 15.5107519626617 15.1428503990173 15.509087562561
-9999 -9999 -9999 -9999 -9999 -9999 -9999 -9999 -9999 -9999 -9999 12.6971647143364 12.6689718365669 12.6314450502396 12.5970854759216 12.5392260551453 12.460593521595 12.3993546366692 12.3497822880745 12.2763770222664 12.1846380233765 12.1542327404022 12.1603270769119 12.1515886187553 12.0741828680038 11.9916112422943 11.8417059183121 11.7776333093643 11.5885815024376 11.6173831224442 11.6043522357941 11.4399870634079 11.4619560539722 11.4370908737183 11.4473931491375 11.501861423254 11.412829965353 11.3646319806576 11.4644336998463 15.049304485321 15.0601637363434 15.018571138382 15.0298118591309 15.0285539627075 14.9929616451263 14.9932029247284 15.445752620697 15.080685377121 15.5186514854431 15.5285179615021
-9999 -9999 -9999 -9999 -9999 -9999 -9999 -9999 -9999 -9999 -9999 12.7350581884384 12.6884179711342 12.6896107792854 12.607303082943 12.5553294420242 12.5003926753998 12.4689923524857 12.3995922803879 12.3053592443466 12.2231258749962 12.1887255311012 12.2099920511246 12.1284251213074 12.0578584074974 11.9846251010895 11.9347249269485 11.8481584787369 11.7706938385963 11.6641654968262 11.5854697823524 11.5609411597252 11.5604127049446 11.5350505709648 11.4668548703194 11.4831597805023 11.4441309571266 11.406935095787 11.4542400836945 11.6088781058788 11.60114762187 15.0641057491302 15.0790195465088 15.0851004123688 15.0813479423523 15.4771897792816 15.4866712093353 15.515319108963 15.5144670009613 15.4866142272949
-9999 -9999 -9999 -9999 -9999 -9999 -9999 -9999 -9999 -9999 -9999 12.8081899881363 12.7793630957603 12.7664420008659 12.7123540043831 12.6769330501556 12.6053584218025 12.5049639344215 12.411735534668 12.3140079379082 12.2769465446472 12.2998851537704 12.210990190506 12.1452621221542 12.0847008228302 12.0263058543205 11.9475785493851 11.8500168323517 11.81664031744 11.8086138963699 11.7490877509117 11.7107283473015 11.6232029795647 11.5985094308853 11.5044831335545 11.4504575133324 11.4469314515591 11.4219055175781 11.3923796713352 11.4883528053761 11.5310454070568 11.5434559583664 15.039226770401 15.0559797286987 15.0430665016174 15.4031600952148 15.4395895004272 15.4655194282532 15.5214488506317 15.5372111797333
-9999 -9999 -9999 -9999 -9999 -9999 -9999 -9999 -9999 -9999 -9999 12.8052203655243 12.8586431741714 12.8179409503937 12.7937382459641 12.7822034358978 12.6831570863724 12.5507681369781 12.4357118010521 12.3964894413948 12.3312671780586 12.2525443434715 12.1813217997551 12.1369319558144 12.0775428414345 12.0218207836151 12.008264541626 11.9643753170967 11.9147522449493 11.8792286515236 11.8517060279846 11.781015753746 11.7058257460594 11.6543019413948 11.6091124415398 11.5775890946388 11.4965652823448 11.4525422751904 11.393685489893 11.3963285982609 11.3867764770985 11.3925286829472 11.7780108451843 15.3395416736603 15.3645861148834 15.3864638805389 15.3735082149506 15.3890526294708 15.4907636642456 15.544641494751
-9999 -9999 -9999 -9999 -9999 -9999 -9999 -9999 -9999 -9999 -9999 12.7923492789268 12.8357555866241 12.8407723903656 12.7986232042313 12.7644730210304 12.6666228175163 12.5552390217781 12.4656884670258 12.4436382651329 12.3309209942818 12.2403701543808 12.1498195528984 12.0984355211258 12.0415521860123 11.9955016374588 11.9712843298912 11.9374008178711 11.9051982760429 11.8863440155983 11.8593236804008 11.7901363372803 11.7572821974754 11.7362614870071 11.7029075622559 11.6367203593254 11.5666996836662 11.486345410347 11.4344920814037 11.4371374547482 11.7905348241329 11.7498562932014 11.7345111370087 11.8021664917469 15.3574411869049 15.3082675933838 15.2859272956848 15.3244194984436 15.4584119319916 15.5337383747101
-9999 -9999 -9999 -9999 -9999 -9999 -9999 -9999 -9999 -9999 -9999 12.8284502029419 12.8752017021179 12.8769372701645 12.8533408641815 12.786409497261 12.6980889439583 12.6290436983109 12.5153319239616 12.4546202421188 12.3672415018082 12.2256963849068 12.1416514515877 12.0961065888405 12.0263946652412 11.9723487496376 11.9164705276489 11.8450924158096 11.8266438245773 11.820959508419 11.8276082873344 11.8315899372101 11.8234057426453 11.7962208986282 11.7652026414871 11.7141848802567 11.6105005145073 11.4583159685135 11.4434648454189 11.4409466981888 11.7907994389534 11.7894054353237 11.8375114202499 11.8409508764744 11.8332231938839 15.3649044036865 15.3281786441803 15.2629532814026 15.3918945789337 15.5463352203369
-9999 -9999 -9999 -9999 -9999 -9999 -9999 -9999 -9999 -9999 -9999 12.8339008688927 12.8699806332588 12.954935669899 12.8905580639839 12.812346637249 12.7560544610023 12.6880145072937 12.5983085036278 12.5082683563232 12.4630619287491 12.3188556432724 12.1904823184013 12.0972764492035 12.024903178215 11.9383637905121 11.8756572008133 11.8311174511909 11.8344230055809 11.8235745429993 11.7893924117088 11.8038771748543 11.8025287985802 11.7655135393143 11.7568315267563 11.7189828753471 11.6601347029209 11.5121190845966 11.4211040139198 11.8237890005112 11.8250647783279 11.8282876610756 11.8608451783657 11.8697349429131 11.8502916991711 15.3425414562225 15.313264131546 15.3151528835297 15.3252093791962 15.4594323635101
-9999 -9999 -9999 -9999 -9999 -9999 -9999 -9999 -9999 -9999 -9999 -9999 13.0288809537888 13.1031267046928 12.9464148879051 12.8557033538818 12.8013333082199 12.7441392540932 12.6691113114357 12.6370838880539 12.5345561504364 12.3760282993317 12.2648336291313 12.1503063440323 12.0476122498512 11.979417681694 11.9060566425323 11.8711957335472 11.8557704687119 11.8454461693764 11.8222894668579 11.8269658088684 11.8681417703629 11.8226517438889 11.7804946899414 11.7495043873787 11.7225137352943 11.6988565027714 11.9816406071186 11.8827602267265 11.8547568917274 11.9042991399765 11.8965076804161 11.8570494055748 11.8380912840366 11.7749669551849 15.3062183856964 15.3199443817139 15.3336699008942 15.3953964710236
-9999 -9999 -9999 -9999 -9999 -9999 -9999 -9999 -9999 -9999 -9999 -9999 13.1858872175217 13.2573031187057 13.116091966629 12.9147065877914 12.8340926170349 12.7444172501564 12.7234085202217 12.6985657215118 12.5697231888771 12.4397154450417 12.3197057843208 12.2400299310684 12.1201881170273 12.0055119991302 11.9613361954689 11.9219943881035 11.9028514027596 11.8775746822357 11.8574647307396 11.8586886525154 11.8762450814247 11.855301618576 11.8241918087006 12.1405298709869 12.0612849593163 12.0575412809849 12.0706300139427 11.9857187867165 11.9477112293243 12.006271481514 11.8813327252865 11.8527263998985 11.8029544055462 11.7636819779873 15.296875 15.3163254261017 15.3446099758148 15.3628942966461
-9999 -9999 -9999 -9999 -9999 -9999 -9999 -9999 -9999 -9999 -9999 -9999 13.149053812027 13.1860715150833 13.1019358038902 12.9358771443367 12.8606858849525 12.7751949429512 12.7115384936333 12.6868812441826 12.6198914051056 12.5159007310867 12.4012440443039 12.2787539362907 12.1762636303902 12.0409399867058 11.9937829971313 11.9652926921844 11.9222658872604 11.9048697352409 11.8928070664406 11.8782441616058 11.8763479590416 11.8602850437164 11.8562220931053 11.8238261342049 12.1173351407051 12.0608938932419 12.0969533026218 12.0531786680222 11.9948309361935 11.9949115812778 11.8779909014702 11.8254038989544 11.8073171973228 15.3668558597565 15.3493645191193 15.3490407466888 15.3785493373871 15.375058889389
-9999 -9999 -9999 -9999 -9999 -9999 -9999 -9999 -9999 -9999 -9999 -9999 13.0684117078781 13.0821791887283 12.8782724738121 12.8283805251122 12.8407780528069 12.8103067278862 12.7198349833488 12.69103038311 12.6543917059898 12.568253993988 12.4752822518349 12.4024774432182 12.3090059161186 12.2122009396553 12.1318966150284 12.0565913915634 11.9418476223946 11.9074984192848 11.8853157758713 11.8902999162674 11.9117844700813 11.9112690091133 11.9074190855026 11.8650699853897 11.8013875484467 11.7678716778755 12.1176096796989 12.0571385025978 12.0412855744362 11.9705509245396 11.8804826140404 11.8457477092743 11.8520133197308 15.4562873840332 15.4190213680267 15.4045886993408 15.4304885864258 15.3577234745026
