data/spatiotemp/temp2/bio9_norsw_test_2007_2010.asc
NCOLS 654 
NROWS 380 
XLLCORNER 3.91666666666667 
YLLCORNER 55.3333333333333 
CELLSIZE 0.0416666666666667 
NODATA_value -9999 
[rows 308 to 329 of 380, columns 480 to 527 of 654]
0.075275719165802 0.0956293195486069 0.0855100825428963 0.0230543278157711 0.0433692894876003 0.0406843461096287 0.0533328726887703 0.0293147824704647 0.010514497756958 -9999 -9999 -9999 -9999 -9999 -9999 -0.248188063502312 -0.288520446512848 -0.285019521601498 -0.318018688354641 -0.379851005040109 -0.425043990835547 -0.473931096494198 -0.539984717965126 -0.610538184642792 -0.701091550290585 -0.756145037710667 -0.761198498308659 -0.769752092659473 -0.777805618941784 -0.778526090085506 -0.825412705540657 -0.878132894635201 -0.927395939826965 -0.809534437954426 -0.742673121392727 -0.746811650693417 -0.779783636331558 -0.672255508601665 -0.625393986701965 -0.523699220269918 -0.545837830752134 -0.528809908777475 -0.483614919707179 -0.425586953759193 -0.331204237416387 -0.276299521327019 -0.257561735808849 -0.240157067775726
-9999 -9999 0.11991149187088 -0.0340790152549744 -0.0176250785589218 0.0191352479159832 0.0397823266685009 0.00829147547483444 -0.0382968652993441 -9999 -9999 -9999 -9999 -0.27311806473881 -0.262998908758163 1.0680692307651 -0.282343975268304 -0.314141490962356 -0.374939045868814 -0.441070212051272 -0.491467479616404 -0.557798873633146 -0.630130082368851 -0.696294277906418 -0.751125499606133 -0.815456591546535 -0.865954339504242 -0.881285533308983 -0.876616582274437 -0.897281035780907 -0.932278960943222 -0.922443151473999 -0.885816246271133 -0.84689798951149 -0.796146228909492 -0.752561256289482 -0.700143128633499 -0.627224840223789 -0.621973313391209 -0.610388115048409 -0.620469845831394 -0.619718372821808 -0.568966623395681 -0.485048443078995 -0.37290358543396 -0.323199607431889 -0.309828555211425 -0.227457668632269
-9999 -9999 -9999 -9999 -0.0463912319391966 -0.0564731601625681 -9999 -9999 -9999 -9999 -9999 -9999 -9999 -0.301239767111838 -0.346119156805798 -0.322071557398885 -0.34485743069672 -0.396643103100359 -0.460095638409257 -0.521714735776186 -0.581549029797316 -0.632598578929901 -0.708481311798096 -0.789864353835583 -0.843580439686775 -0.895629659295082 -0.955679222941399 -1.00789548456669 -1.03794483840466 -1.05182766914368 -1.03537732362747 -0.986426696181297 -0.970998555421829 -0.955592796206474 -0.911187067627907 -0.828614562749863 -0.734708763659 -0.633302889764309 -0.63989744335413 -0.682324841618538 -0.676919169723988 -0.675846680998802 -0.564107537269592 -0.473368437960744 -0.406055522461884 -0.376335337758064 -0.334282012656331 -0.266728233546019
-9999 -9999 -9999 -9999 -9999 -0.0505539979785681 -9999 -9999 -9999 -9999 -9999 -9999 -9999 -0.368712527211756 -0.418299609795213 -0.440930269658566 -0.481560487300158 -0.526024512946606 -0.593655049800873 -0.655785523355007 -0.709288269281387 -0.757330238819122 -0.818038903176785 -0.90641425549984 -0.974622949957848 -1.03316478431225 -1.11204020678997 -1.17858199775219 -1.20929071307182 -1.19366593658924 -1.16970808804035 -1.08024998009205 0.354091718792915 -1.06845182180405 -1.00379449129105 -0.908470958471298 -0.824147365987301 -0.73815681040287 -0.682333074510098 -0.663175947964191 -0.654352121055126 0.806391283869743 -0.64287119358778 -0.539380930364132 -0.444159423001111 -0.361707138828933 -0.3027547840029 -0.246302504092455
-9999 0.153486207127571 0.159997567534447 -9999 -9999 -9999 -9999 -9999 -9999 -9999 -9999 -9999 -9999 -0.416869252920151 -0.465646836906672 -0.455121943727136 -0.484763871878386 -0.543739210814238 -0.641714438796043 -0.739022746682167 -0.837027616798878 -0.920895457267761 -0.982763305306435 -1.08746428787708 -1.16366538405418 -1.2255332171917 -1.31406751275063 -1.34126862883568 -1.32680314779282 -1.34100446105003 -1.34537196159363 -1.27273988723755 -1.18288590013981 -1.1013109087944 -1.04606907069683 -0.982160463929176 -0.872085422277451 -0.810510218143463 -0.772435255348682 -0.723526775836945 -0.668618246912956 -0.665043286979198 -0.647801429033279 -0.635059632360935 -0.588096614927053 -0.428579099476337 -0.319394638761878 -0.270876970142126
-9999 0.138857573270798 0.171339184045792 -9999 -9999 -9999 -9999 -9999 -9999 -9999 -9999 -9999 -9999 -0.420870052650571 -0.468493888154626 -0.47914706915617 -0.520633798092604 -0.611620351672173 -0.739106915891171 -0.855593591928482 -0.963766872882843 -1.02529384195805 -1.09482052922249 -1.21751441061497 -1.33037480711937 -1.4337349832058 -1.50609514117241 -1.50478848814964 -1.48364904522896 -1.4916757941246 -1.48470255732536 -1.41456297039986 -1.33666327595711 -1.21350321173668 0.335036247968674 -1.05968369543552 -0.958523795008659 -0.820030763745308 -0.783370837569237 -0.770544566214085 0.787187322974205 -0.680224873125553 -0.655398391187191 -0.614405158907175 -0.610033798962831 0.956980772316456 1.05764561891556 1.11614376679063
-9999 -9999 -9999 -9999 -9999 -9999 -9999 -9999 -9999 -9999 -9999 -9999 -9999 -0.428225394338369 -0.462174350395799 -0.493505802005529 -0.562003742903471 -0.71100141108036 -0.844332903623581 -0.945497632026672 -1.0475063174963 -1.08785879611969 -1.16171155869961 -1.27773101627827 -1.39725044369698 -1.49660316109657 -1.57212248444557 -1.64480847120285 -1.64032799005508 -0.234615206718445 -1.58253335952759 -1.51088631153107 -1.39877358078957 -1.27302898466587 -1.15861777961254 0.404760152101517 0.512619331479073 0.628811731934547 0.646004408597946 -0.810395583510399 0.729222416877747 0.769748136401176 0.838273942470551 -0.546917382627726 0.919205270707607 1.01232451200485 1.11377705261111 1.14839646965265
-9999 -9999 -9999 -9999 -9999 -9999 -9999 -9999 -9999 -9999 -9999 -9999 -0.464669447392225 -0.439511990174651 -0.44252142496407 -0.533530816435814 -0.675540208816528 -0.807882957160473 -0.925225734710693 -1.0077348947525 -1.08007873594761 -1.13125717639923 -1.22493594884872 -1.32628110051155 -1.42412632703781 -1.53263813257217 -1.61564987897873 -1.71232837438583 -1.75734049081802 -0.350122451782227 -0.279376804828644 -0.193130910396576 -0.0576200187206268 0.127822995185852 -1.15539242327213 -1.01939660310745 -0.911733835935593 0.682261556386948 0.718038007616997 0.724814265966415 0.750590622425079 0.780867025256157 0.861976474523544 0.91725305467844 0.959261335432529 1.04166827350855 1.11307537928224 1.19614890217781
-9999 -9999 -9999 -9999 -9999 -9999 -9999 -9999 -9999 -9999 -9999 -0.405639613978565 -0.424827029928565 -0.414014413952827 -0.426201837137341 -0.573222629725933 -0.709743365645409 -0.836097486317158 -0.939284920692444 -1.00180546939373 -1.07515151798725 -1.15632233023643 -1.25832666456699 -1.3809976875782 -1.4835020005703 -1.56967303156853 -1.65317749977112 -1.76251518726349 -1.83668619394302 -0.440796345472336 -1.81436160206795 -1.70503237843513 -0.0950895249843597 0.122770696878433 0.348797798156738 0.513491109013557 0.623518139123917 0.702711656689644 0.743071660399437 0.759265527129173 0.810125544667244 0.842319220304489 0.892346106469631 0.952206544578075 1.00965065509081 1.05651216208935 1.12954040244222 1.2319017983973
-9999 -9999 -9999 -9999 -9999 -9999 -9999 -9999 -9999 -9999 -9999 -0.34449427947402 -0.366651364951394 -0.383516792207956 -0.473382359370589 -0.606414530426264 -0.714946657419205 -0.798978753387928 -0.879510819911957 -0.949042916297913 -1.05205741524696 -1.1372208148241 -1.24021749198437 -1.380381077528 -1.48137807846069 -1.56420820951462 -1.67587175965309 -1.77120172977448 -0.41327965259552 -1.8811953663826 -1.9368588924408 -0.379685759544373 -0.104725807905197 0.13671812415123 0.36682915687561 0.632940098643303 0.749717429280281 0.787494957447052 0.834772318601608 0.862550109624863 0.890827469527721 0.9354382827878 0.956382490694523 0.999993123114109 1.04637329280376 1.1035223826766 1.15567180886865 1.23982124775648
-9999 -9999 -9999 -9999 -9999 -9999 -9999 -9999 -9999 -9999 -0.244055540621048 -0.272599115502089 -0.28714248817414 -0.371852621436119 -0.500229600816965 -0.606772944331169 -0.670816503465176 -0.739526651799679 -0.814236782491207 -0.917613834142685 -1.03862997889519 -1.11878587305546 -1.22194188833237 -1.34509789943695 -1.4394206404686 -1.53907659649849 -1.64723259210587 -1.72255524992943 -0.388485044240952 -0.511811047792435 -0.558303743600845 -0.354796528816223 -0.0578621029853821 0.21766585111618 0.411527380347252 0.627722322940826 0.80841688811779 0.887445010244846 0.920473091304302 0.971667736768723 0.978195793926716 1.01122377067804 1.05358498543501 1.04178000241518 1.11326258257031 1.18703297153115 1.22547025419772 1.26390718854964
-9999 -9999 -9999 -9999 -9999 -9999 -9999 -9999 -9999 -9999 -0.205773740075529 -0.210911831818521 -0.240300075616688 -0.364688518777257 -0.481409948319197 -0.565798129886389 -0.629352942109108 -0.726407833397388 -0.798796325922012 -0.897350966930389 -0.987035855650902 -1.08435119688511 0.13507542014122 0.0536144375801086 -1.40146315097809 -1.48244482278824 -0.146602004766464 -0.21006315946579 -0.295857489109039 -0.388985157012939 -0.393779456615448 -0.173240572214127 0.0736683011054993 0.262946933507919 0.472892135381699 0.671337559819221 0.813116304576397 0.918394833803177 0.964840017259121 0.996285527944565 1.0157307907939 1.06534281373024 1.10762138664722 1.11489984765649 1.16598522290587 1.22504325956106 1.28026850800961 1.31965989875607
-9999 -9999 -9999 -9999 -9999 -9999 -9999 -9999 -9999 -9999 -0.196622516959906 -0.186558406800032 -0.216291229240596 -0.346024066675454 -0.478257207199931 -0.552823323756456 -0.638056315481663 -0.712122410535812 -0.766688846051693 -0.857088252902031 -0.974442109465599 0.254276156425476 0.130013436079025 0.050584077835083 0.0129878520965576 -0.0277749598026276 -0.055370956659317 -0.118133574724197 -0.164729475975037 -0.177325785160065 -0.148921817541122 0.00464865565299988 0.185365319252014 0.360061272978783 0.568423762917519 0.741786256432533 0.867649026215076 0.945844821631908 0.996040791273117 1.03340344130993 1.07043243199587 1.1011283993721 1.12932433560491 1.14152010530233 1.15804096311331 2.44219245575368 1.28406658489257 1.29957925761119
-9999 -9999 -9999 -9999 -9999 -9999 -9999 -9999 -9999 -9999 -0.204626921564341 -0.182871420867741 -0.209782308898866 -0.322193135507405 -0.44727080874145 -0.550015069544315 -0.624092869460583 -0.678837046027184 -0.740748263895512 -0.839159190654755 -0.983181208372116 -1.10948137938976 -1.23244801163673 0.0872200131416321 0.0824888944625854 0.0829246044158936 0.0290267169475555 0.00896236300468445 -0.0279353857040405 -0.0179995000362396 0.0441023111343384 0.142371475696564 0.233228921890259 0.38100890815258 0.604788541793823 0.753734990954399 0.862181849777699 0.943461753427982 1.00274127721786 1.04952087253332 1.09213433787227 1.14924766123295 1.15369376540184 1.18697376176715 2.44130936637521 2.51165906060487 2.57200882118195 2.57235866226256
-9999 -9999 -9999 -9999 -9999 -9999 -9999 -9999 -9999 -9999 1.09708714485168 -0.177959632128477 -0.196101908572018 1.00837647914886 -0.420886466279626 -0.518195256590843 -0.58450435847044 -0.646146647632122 -0.733622185885906 -0.837764337658882 0.405737608671188 0.3048445135355 -1.14949022233486 -1.18731868267059 0.215165793895721 0.183772802352905 0.11521327495575 0.099820464849472 0.105760723352432 0.12353441119194 0.201808094978333 0.312582015991211 0.371780440211296 0.399403661489487 0.576527014374733 0.744150325655937 0.831439942121506 0.899396754801273 0.970520086586475 1.03397670388222 1.08843319490552 1.20488979294896 2.538494030945 2.60576661924279 2.63778899610043 2.6705614272505 2.64700040221214 1.44940581545234
-9999 -9999 -9999 -9999 -9999 -9999 -9999 -9999 -9999 -9999 -0.173688595183194 -0.170657005161047 -0.174583644606173 -0.285343930125237 -0.420270622707903 -0.468697527423501 -0.536457605659962 -0.623217701911926 -0.717477738857269 0.546291679143906 -0.915897950530052 -0.996290743350983 -1.06068363785744 -1.09157657623291 -1.08663640916348 -1.10786265134811 0.21285492181778 -1.23081505298615 0.226191699504852 0.273443788290024 0.352861970663071 0.437447264790535 0.49985283613205 0.560245871543884 0.633972257375717 0.733864977955818 0.815924540162086 0.895817428827286 0.971543684601784 1.03860338777304 2.33413779735565 2.42651515081525 2.54722573328763 2.65676975715905 2.67910558916628 2.65456600114703 2.60785966552794 2.6051539555192
-9999 -9999 -9999 -9999 -9999 -9999 -9999 -9999 -9999 -9999 -0.264920653775334 -0.192055718507618 -0.15856561716646 -0.250443498138338 -0.354321554768831 -0.422532763332129 -0.505410745739937 -0.604288753122091 -0.688166707754135 -0.768378242850304 -0.866295769810677 -0.922253057360649 -0.966877296566963 -1.0401678532362 -1.06229197978973 0.315600425004959 0.303663566708565 0.323726519942284 0.377956345677376 0.441019356250763 0.479082301259041 0.550978809595108 0.618091762065887 0.693087562918663 0.765750527381897 0.824246384203434 0.885242156684399 0.964738197624683 1.04140078276396 2.33567714318633 2.38832584023476 2.46880826354027 2.57145726168528 2.6276064068079 2.62458831071854 2.6107372995466 2.58921957574785 2.59436850249767
-9999 -9999 -9999 -9999 -9999 -9999 -9999 -9999 -9999 -9999 -0.0245556049048901 -0.0745369922369719 -0.123213980346918 -0.205876460880972 -0.327205617912114 -0.431868203915656 -0.513030644506216 -0.565859775990248 -0.619855672121048 -0.713184922933578 -0.833360306918621 -0.95821538567543 -1.01957057416439 -1.06175915896893 -1.05144764482975 0.359597474336624 0.378471910953522 0.409346431493759 0.498387515544891 0.592261850833893 0.63713626563549 0.653677046298981 0.714164093136787 0.794429704546928 0.87852868437767 0.948961079120636 1.00805991142988 1.07849214226007 -0.927595417946577 1.19602346792817 1.26595591567457 -0.712555915117264 2.57768864464015 2.5816091299057 2.57307137036696 2.58507532346994 2.60791238583624 2.62508296966553
-9999 -9999 -9999 -9999 -9999 -9999 -9999 -9999 -9999 -9999 -0.0203016437590122 -0.0472486726939678 1.16882634162903 -0.170809549745172 -0.280756389722228 -0.381370227783918 -0.478983940556645 -0.523931082338095 -0.562544774264097 0.687967404723167 -0.827591858804226 -0.909344598650932 -0.937430784106255 0.436889588832855 0.438408643007278 0.428761228919029 0.421280354261398 0.422633036971092 0.514985337853432 0.668504327535629 0.751690089702606 0.785375759005547 0.828736424446106 0.923605233430862 -1.02788548916578 -0.943267207592726 -0.88881579041481 -0.837197821587324 -0.790913170203567 -0.76729526091367 -0.754677191376686 -0.751559044234455 2.49375343881547 -0.787989519536495 2.44988779723644 2.47857989557087 2.52377207111567 -0.609485494438559
-9999 -9999 -9999 -9999 -9999 -9999 -9999 -9999 -9999 -9999 0.0214523300528526 1.23393143340945 -0.0651775542646646 -0.148909159936011 -0.260473906993866 -0.311038874089718 -0.401103843003511 -0.464168667793274 0.843863517045975 -0.632965236902237 -0.746156297624111 -0.77330706268549 0.557600408792496 -0.873274892568588 0.520594671368599 0.527591824531555 0.511422038078308 0.494919314980507 0.563749745488167 0.693580284714699 0.80157707631588 0.870741061866283 0.934475414454937 -0.974179364740849 -0.877123069018126 -0.743400092236698 -0.71451044594869 -0.784787356853485 -0.830397788435221 -0.86017482355237 -0.864618416875601 -0.859395336359739 2.45781826600432 -0.77711602114141 -0.749684551730752 -0.702544331550598 -0.671070849057287 -0.622430617630016
-9999 -9999 -9999 -9999 -9999 -9999 -9999 -9999 -9999 -9999 -9999 1.29310951754451 1.23294671624899 1.17328393179923 -0.219691468868405 -0.253874201327562 1.00346210226417 0.914465934038162 -0.470755962654948 -0.567938696593046 -0.638887532055378 0.711688108742237 -0.691484428942204 0.671638488769531 0.663947016000748 0.650755599141121 0.623730584979057 -0.771559871733189 -0.691441506147385 -2.47863607108593 -0.98146628588438 -0.976275600492954 -0.945183202624321 -0.861688684672117 -0.776860674843192 -0.682866176008247 -0.74320487678051 -0.791876891627908 -0.825882226228714 -0.846220910549164 -0.848559856414795 -0.792231926694512 -0.791903961449862 -0.804909363389015 -0.766573464497924 -0.722896486520767 -0.693386128172278 -0.654375811107457
-9999 -9999 -9999 -9999 -9999 -9999 -9999 -9999 -9999 -9999 -9999 1.32240064069629 1.25917361304164 -0.094941720366478 -0.142409036867321 -0.183209497481585 -0.264010261744261 0.993342515081167 -0.392111532390118 -0.484912283718586 0.859153784811497 -0.551065072417259 0.799393177032471 -0.587790697813034 -0.564236897975206 -0.569349773228168 -0.594629168510437 -1.06032499670982 -0.990422584116459 -0.892520055174828 -0.872117679566145 -0.869715202599764 -0.795964065939188 -0.738531321287155 -0.688431650400162 -0.599498787894845 -0.670399298309349 -0.71746635902673 -0.765200322493911 -0.803767457604408 -0.837334591895342 -0.800068389624357 -0.818468805402517 -0.879702471196651 -0.889629192650318 -0.8837486281991 -0.845201570540667 -0.787321049720049
