data/spatiotemp/temp2/bio9_norsw_test_2007_2010.asc
NCOLS 654 
NROWS 380 
XLLCORNER 3.91666666666667 
YLLCORNER 55.3333333333333 
CELLSIZE 0.0416666666666667 
NODATA_value -9999 
[rows 198 to 219 of 380, columns 96 to 143 of 654]
8.49968528747559 8.93190598487854 9.49012684822083 9.52901387214661 10.2096960544586 7.75404337048531 7.09980654716492 5.61060929298401 5.42205190658569 7.13353872299194 7.38764190673828 8.19677060842514 7.79931208491325 7.39488887786865 6.86610090732574 7.14518958330154 6.75954699516296 5.91137504577637 4.08505940437317 3.95074355602264 3.71288514137268 2.73015081882477 1.63891637325287 1.37634885311127 2.48928117752075 3.57171368598938 3.48314595222473 1.66541171073914 1.49267756938934 1.99910998344421 2.74004232883453 2.34147453308105 1.50339233875275 1.00962829589844 0.37269788980484 1.07776737213135 0.814336776733398 1.38540613651276 1.94897568225861 2.13737833499908 2.13294804096222 2.49185061454773 3.02008676528931 3.08532309532166 3.34078359603882 4.0368025302887 3.07582128047943 -0.861416131258011
8.70102310180664 8.81527495384216 8.09619271755219 8.15711104869843 9.82786297798157 -9999 6.91976004838943 6.70708250999451 7.24670004844666 7.04649883508682 5.56028342247009 6.50590837001801 6.93833100795746 7.41774117946625 6.76883858442307 4.80551552772522 6.70026338100433 5.45949077606201 3.75411570072174 1.8345742225647 2.5539927482605 1.27553820610046 1.36575067043304 0.872962832450867 0.327008366584778 1.71588730812073 1.45659959316254 -0.0178547501564026 0.0531907677650452 1.65257000923157 2.43078207969666 3.36166107654572 1.71831107139587 -0.0607674121856689 0.0114873051643372 0.218908488750458 0.670329689979553 1.3514176607132 1.23383903503418 1.17609369754791 1.41384840011597 1.82276976108551 2.58985757827759 2.53711235523224 2.44863796234131 3.52810204029083 2.7392510175705 2.56718945503235
7.69902777671814 7.96331024169922 7.93825924396515 8.61654162406921 9.89349055290222 7.19432866573334 7.1648263335228 7.13740748167038 7.40457117557526 6.54884058237076 5.49998021125793 3.94604587554932 3.58977806568146 6.84917706251144 6.07257616519928 2.91414177417755 1.81720757484436 3.60557496547699 6.3344339132309 5.74040460586548 4.27643370628357 3.42409229278564 2.67575120925903 2.11257672309875 1.53206884860992 0.627894401550293 0.376219809055328 0.495378732681274 0.822037696838379 2.08069658279419 1.93618881702423 1.77884745597839 0.688896775245667 -0.316496670246124 -0.15839022397995 -0.656283795833588 -0.77817714214325 0.184095978736877 0.600369215011597 1.12580907344818 1.64474892616272 2.0568550825119 2.28996169567108 1.44640147686005 -1.72325503826141 -1.18647345900536 -0.978525251150131 -1.27195972204208
8.68414354324341 9.43290114402771 9.85499215126038 9.60066914558411 8.90295219421387 7.42793226242065 7.28891217708588 4.940389752388 5.04070580005646 6.7345923781395 6.71440428495407 4.32810032367706 3.79007887840271 5.11452996730804 6.49203622341156 4.75187575817108 3.60888242721558 2.5537223815918 3.20372867584229 3.03223526477814 2.74237442016602 2.88297986984253 3.07541859149933 3.64019072055817 1.53979599475861 0.776734590530396 0.226340234279633 -0.141387760639191 0.527551054954529 0.330156326293945 -1.21573820710182 -0.472132742404938 -1.00568413734436 -1.44155904650688 -1.0286009311676 -0.492975831031799 0.0528159141540527 0.429607689380646 0.971732616424561 1.59735751152039 1.50631594657898 0.945941090583801 1.53139936923981 -0.974956333637238 -1.49150419235229 -2.1947064101696 -1.90818208456039 -2.20754152536392
9.15388000011444 6.72335493564606 7.85584616661072 9.47917532920837 8.9539088010788 6.49506270885468 2.10849702358246 1.3447984457016 3.29507637023926 4.13883066177368 3.77875208854675 6.15125632286072 5.80083477497101 6.60851502418518 6.72625464200974 2.19285726547241 1.7361114025116 1.8936995267868 3.95262050628662 3.05670821666718 2.28266358375549 0.899153113365173 -0.0833572149276733 0.704632103443146 0.974955081939697 0.292444229125977 0.10576719045639 -0.486409783363342 -0.317253887653351 0.0684024095535278 -0.336941540241241 -0.729285418987274 -0.0529372692108154 -0.419730067253113 0.0113101005554199 0.785183787345886 0.127390742301941 0.312931180000305 0.698971390724182 0.785845041275024 -2.18488597869873 -2.02210408449173 -1.83615547418594 -2.69333306699991 -1.81146764755249 -1.34099808335304 -2.1467145383358 -1.59461179375648
7.84311318397522 8.87318122386932 7.03791606426239 6.68598449230194 7.17480617761612 8.6361563205719 3.24056780338287 2.60719859600067 1.25875210762024 1.45739495754242 3.95020473003387 6.23518085479736 4.82232356071472 4.65163338184357 7.926284968853 5.60758602619171 2.01089549064636 -1.06879490613937 0.077181339263916 -0.795509099960327 0.695634782314301 -0.259387791156769 0.77225661277771 -0.378432333469391 0.203212082386017 0.938856482505798 0.978500962257385 1.51114523410797 1.80878961086273 1.69560086727142 1.09057831764221 0.286222815513611 0.242471218109131 0.603156805038452 0.898509502410889 1.81819522380829 1.67388117313385 1.20440018177032 0.892752408981323 0.108604967594147 -0.98387598991394 -1.8295234143734 -3.88716474175453 -2.6330156493932 -3.01816437020898 -2.46183322370052 -2.36800229549408 -1.43983796238899
5.42072057723999 5.59661519527435 6.84117639064789 7.09573805332184 7.30855125188828 6.59419393539429 2.1649717092514 0.525098741054535 2.18309450149536 4.44429278373718 3.08465731143951 1.51835536956787 2.3297199010849 1.52991843223572 5.87611639499664 1.78131473064423 3.77751266956329 3.64071083068848 4.60007572174072 4.01810681819916 3.36077237129211 3.04640507698059 2.10520398616791 -0.10466331243515 -1.5515304505825 -0.772064805030823 -0.9934321641922 -1.22763276100159 -0.748000383377075 -0.453200876712799 -0.480901658535004 0.237564384937286 1.75187981128693 0.302710652351379 -1.10595804452896 -1.06562668085098 0.648871064186096 1.9405357837677 1.66936695575714 0.990364551544189 -2.29799968004227 -1.6646394431591 -3.06723600625992 -4.13219482451677 -1.93124228715897 -1.28934940695763 -1.24729026854038 -1.38873070478439
5.29632794857025 5.98871600627899 4.86843705177307 1.26100647449493 3.03546273708344 9.91893315315247 4.98665446043015 -0.0178346037864685 1.19943690299988 1.91419017314911 0.414610326290131 -0.286636710166931 -0.275050103664398 0.923036694526672 4.22628998756409 -1.18512365221977 -0.822536826133728 -1.34495034813881 -0.165530323982239 1.5273894071579 0.864410161972046 0.911030769348145 1.31048476696014 2.56177234649658 2.60072660446167 2.25618076324463 0.838135123252869 -1.3115773499012 -0.846456706523895 -1.20133578777313 -0.399881839752197 -0.27276086807251 1.22178792953491 2.31393110752106 0.184741199016571 0.924717903137207 2.45736134052277 2.93233788013458 3.00814771652222 2.88545775413513 0.649776726961136 0.34254202246666 -0.839639663696289 -1.46375018358231 -1.64682003855705 -2.40669897198677 -2.95924463123083 -3.2914568213746
5.96060264110565 5.82014977931976 4.47503066062927 -0.453578174114227 1.11870765686035 9.79633951187134 7.05122053623199 0.128898799419403 -0.161054134368896 -0.263745486736298 0.396229445934296 0.63687139749527 -0.190320193767548 2.94865477085114 0.418796539306641 -0.455561697483063 -1.28475308418274 -1.93794471025467 -1.31963622570038 -1.3491612970829 -0.969619393348694 -0.347009837627411 0.337598979473114 0.68287467956543 1.39815044403076 -0.119740545749664 1.46786892414093 2.90481114387512 3.29291999340057 2.63186264038086 1.75830507278442 1.13674736022949 0.853196263313293 1.26448512077332 2.40044045448303 2.18922924995422 -1.23387384414673 -1.68189197778702 -3.39279720187187 -2.78766551613808 -1.34970051050186 -1.35906878113747 -3.14193689450622 -3.4914718978107 -3.68639842420816 -4.65054860711098 -4.56303244829178 -3.858682859689
5.75687694549561 3.07558393478394 2.66495776176453 3.48033159971237 -0.237380623817444 9.41041278839111 5.53845322132111 -0.381367862224579 -1.4207116663456 -1.67934817075729 -1.09015107154846 -0.683787524700165 1.10457623004913 1.82410633563995 0.952469944953918 0.153500318527222 -1.19796925783157 -1.56777250766754 -1.65607550740242 -1.96837851405144 -1.70914813876152 -1.62888407707214 -1.23428678512573 -0.594522893428802 0.464740991592407 1.82433843612671 1.41710245609283 2.94686615467072 2.01346361637115 0.879727721214294 0.172325193881989 -0.110911130905151 0.109604895114899 0.430705428123474 -1.78486067056656 -2.86166226863861 -3.15196365118027 -2.97693192958832 -4.76865023374557 -2.83262567222118 -1.39726772904396 -2.66441008448601 -4.51088532805443 -5.27202749252319 -4.88447603583336 -4.79839807748795 -4.66982039809227 -4.18074228987098
3.0131511092186 3.03635135293007 2.09755149483681 3.37608510255814 4.43128532171249 7.77381873130798 6.73901927471161 1.24503219127655 0.236130714416504 -1.02578371763229 -0.730864942073822 -0.820946216583252 0.24030590057373 0.297557950019836 1.01297664642334 0.976395606994629 -0.56518566608429 -1.5491002202034 -1.90968146920204 -2.63826254010201 -2.01201066374779 -1.5685915350914 -1.23100620508194 -0.660753667354584 0.369165003299713 -0.759582877159119 0.101169228553772 0.650755047798157 -0.343659341335297 -1.37940728664398 -2.06782183051109 -1.60773625969887 -1.96982038021088 -1.31274074316025 -2.52521705627441 -2.37880206108093 -2.49988704919815 -2.34663879871368 -1.92872381210327 -2.38108628988266 -4.06400188244879 -3.57158445566893 -4.77416679263115 -5.90724927186966 -5.77372097969055 -4.81324772536755 -4.66310818493366 -4.51180172711611
5.60475873947144 5.10445201396942 2.86881202459335 -1.27616491913795 -0.401390552520752 -0.635949671268463 0.220991432666779 1.28309905529022 3.48830664157867 2.10711371898651 -0.128412127494812 -0.889604926109314 0.171202123165131 0.0275095701217651 -0.283349871635437 1.36845755577087 1.22309803962708 -0.0700946450233459 -1.69328731298447 -2.46514672040939 -2.19320631027222 -1.80096566677094 -1.17972528934479 0.143515229225159 -2.27274444699287 -2.62367071211338 -1.79093015193939 -2.98568981140852 -2.69161581993103 -2.35287563502789 -2.79663515090942 -2.70306126773357 -2.02674522995949 -2.91837215423584 -2.59874057769775 -4.86028847098351 -5.34964448213577 -5.60733410716057 -5.7028571665287 -4.36754658073187 -3.70373628288507 -4.62475895881653 -4.9689484834671 -5.9269711971283 -5.59679880738258 -5.06859713792801 -4.85389575362206 -5.02169445157051
2.81969967484474 4.97321939468384 7.02140581607819 -0.757416188716888 -0.289645731449127 -2.15287521481514 -2.34577144682407 -1.68616759777069 -0.0211844444274902 0.567678093910217 1.23770725727081 0.663903117179871 0.848098635673523 1.28379440307617 1.27032375335693 1.31935262680054 1.4588817358017 0.558411121368408 -0.0250597596168518 -1.02969741821289 -1.75723522901535 -2.26583993434906 -3.0392777658999 -2.21271592378616 -1.966487377882 -2.97859191894531 -3.24802975356579 -3.6023012176156 -3.1490725595504 -2.56901058554649 -2.07028183341026 -1.73188650608063 -3.14679354429245 -3.46761164069176 -4.09226357936859 -4.08541548252106 -4.49940054118633 -4.6543855369091 -4.27487052977085 -4.74692425131798 -4.50313694775105 -4.08126685279422 -4.99422982335091 -5.22352656722069 -4.86037655174732 -5.43311357498169 -4.96651713550091 -4.35658729448915
3.53130733966827 5.03798681497574 7.50599956512451 6.28067886829376 0.478099286556244 -1.26930058002472 -1.99053409695625 -0.886767625808716 -1.42584204673767 -1.6524244248867 -1.28600692749023 -1.94925573468208 -1.64317145943642 -0.703420519828796 -0.409503161907196 -0.868918836116791 0.0141656994819641 1.33274984359741 0.813834190368652 -1.06474816799164 -2.51976425945759 -2.88921404629946 -3.516497194767 -3.24078022746835 -3.65322980098426 -2.73184624314308 -2.93629614263773 -2.64307926595211 -2.33386227488518 -3.65288227796555 -3.67327588796616 -4.01083606481552 -4.34608338773251 -4.33651842176914 -4.33361999690533 -3.11654727160931 -4.82699047774076 -4.26975876092911 -5.73323035240173 -6.00346726179123 -4.46537090837955 -4.47660795599222 -4.88101175427437 -4.80558159947395 -4.65328796207905 -4.61779633164406 -4.59397173672915 -4.20498020702507
2.79491478204727 3.51142066717148 3.39792662858963 5.61109900474548 6.96493816375732 4.28811061382294 -0.0874635577201843 -0.668867468833923 -1.04949975013733 -2.82186013460159 -2.51688739657402 -2.48841454088688 -1.76327514648438 -1.15446901321411 -0.511829614639282 -0.715523540973663 -0.598717272281647 0.642088770866394 1.57639503479004 -0.164632260799408 -2.18329319357872 -3.06175484508276 -2.10454967617989 -3.05384454503655 -3.54780603339896 -2.83243425190449 -1.82956230640411 -1.68485724925995 -2.53831905126572 -3.13228059560061 -3.50874183513224 -3.92503703385592 -4.1008535400033 -4.74409165233374 -4.24781012535095 -5.82571816444397 -5.3653955757618 -5.2552395761013 -5.01508367061615 -4.54642758518457 -4.06243844330311 -5.66061583161354 -5.71795970201492 -5.28763711452484 -5.27269938588142 -4.32114598155022 -4.30742605961859 -4.37753956019878
2.66318914294243 4.91418820619583 4.85785347223282 4.57751923799515 6.78918468952179 6.59018361568451 6.3351823091507 5.07751458883286 0.431842863559723 -0.233795940876007 -0.857601225376129 -1.47990670800209 -1.61237862706184 -1.98268419504166 -1.89582282304764 -1.27562803030014 -0.503933608531952 0.373094320297241 1.13912224769592 1.2814838886261 0.0751776695251465 -0.742795825004578 -1.02626895904541 -2.81557536125183 -2.73654894530773 -1.90902230143547 -1.17582869529724 -3.87325808405876 -2.75560858845711 -3.12274849787354 -3.6933885961771 -4.5662097632885 -3.7226630449295 -4.52170091867447 -5.53779917955399 -5.11741682887077 -4.70253469049931 -4.72348585724831 -4.19110342347994 -3.96838807314634 -3.96783916652203 -4.27662368615347 -4.64057452976704 -4.60919246077538 -4.96627719700336 -4.86099545657635 -5.36454701423645 -5.63626572489738
3.61156487464905 2.91518974304199 2.49748140573502 2.67443978786469 4.02273136377335 5.1463565826416 5.83531486988068 6.55693984031677 6.40335810184479 2.97760009765625 2.65367794036865 2.65575611591339 2.10266757011414 0.767579078674316 -0.0161762833595276 -0.509264767169952 -1.18852001428604 -0.732441902160645 -0.721696972846985 -0.449952185153961 0.298735558986664 -1.15574783086777 0.413996934890747 -1.03853923082352 -2.42199778556824 -1.47677773237228 -3.74766439199448 -3.55491438508034 -2.34005233645439 -3.35474765300751 -3.77799791097641 -3.59458100795746 -4.44332182407379 -3.58096158504486 -5.4400506913662 -4.76895514130592 -4.47002650797367 -4.49426420778036 -4.18550220597535 -4.11874007806182 -4.18881120719016 -3.95871566236019 -3.55395370721817 -3.73185793310404 -4.00285892188549 -4.20562249049544 -4.74971950054169 -5.52681663632393
0.924708243459463 0.216425962746143 0.518810153007507 1.44519452005625 2.61624547839165 2.7039629817009 -0.747469127178192 -0.42956131696701 0.153870582580566 0.490993738174438 -0.864549517631531 -0.797092854976654 0.707363724708557 2.42082011699677 2.68827688694 2.41390025615692 1.7196900844574 0.438980102539062 -0.426063358783722 -1.28760677576065 -1.68278640508652 -1.52493625879288 -1.9665532708168 -1.02157157659531 -1.7627569437027 -1.7057012617588 -1.88868409395218 -3.10881263017654 -2.85883092880249 -3.80772545933723 -5.03245061635971 -5.24234008789062 -5.0090537071228 -4.83825792372227 -4.67262893915176 -4.60416650772095 -4.40753743052483 -4.00857508555055 -3.91911282390356 -4.08731691911817 -4.07435460016131 -3.73772551305592 -3.46592995896935 -4.52076949179173 -4.19904163479805 -4.34794379770756 -5.02167908288538 -5.51024824380875
0.155185103416443 0.267662055790424 0.422805488109589 0.657949075102806 1.14242592453957 -2.07577395439148 -1.91771033406258 -1.63347986340523 -1.17444711923599 -1.32044523954391 -2.27161028981209 -2.20860841870308 -1.55760672688484 -0.643105089664459 -0.730269908905029 0.11823171377182 1.58573365211487 -0.0348625034093857 0.725144684314728 1.31023871898651 0.544857978820801 -0.231905341148376 -2.09360879659653 -1.41889584064484 -2.39184395468328 -2.56271931901574 -2.69676128029823 -3.1274698227644 -3.17584522068501 -4.73374693095684 -4.69592705368996 -4.22627350687981 -4.03303212672472 -3.9423695653677 -4.3767071403563 -5.22837781906128 -5.52138188481331 -5.76605239510536 -5.56488981842995 -5.25322726368904 -5.11456474661827 -5.06840190291405 -4.79957264661789 -5.6294050514698 -4.91283370787278 -4.49607037007809 -4.32997384667397 -5.12391531467438
0.144328720867634 -0.0664352178573608 -0.641199067234993 -4.12211060523987 -3.05322433635592 -2.47650434076786 -2.2967846095562 -2.13323146104813 -2.47359810769558 -2.76555125415325 -2.88583768159151 -2.42629082500935 -1.61441057920456 0.0879697799682617 0.850516557693481 1.36973023414612 1.56127691268921 -1.36234179139137 -0.874343156814575 -0.63801097869873 -0.683311820030212 -1.87816876173019 -1.89230608940125 -1.94060969352722 -1.98358020186424 -2.48188385367393 -2.91218785941601 -2.70499163866043 -2.83462882041931 -3.39809948205948 -3.68106981553137 -3.87170699983835 -4.25201073288918 -4.87481462955475 -5.72145181894302 -6.27925586700439 -6.34322601556778 -6.2835299372673 -6.16216689348221 -5.78797054290771 -4.74010799825191 -4.49057845026255 -5.6674402654171 -4.48385288193822 -5.10812592506409 -5.0408639088273 -5.30010162293911 -5.10150599479675
0.722805500030518 0.376134261488914 -0.435203658416867 -1.00120837241411 -3.76044413074851 -3.4277346227318 -2.67419221997261 -1.64431643486023 -1.0917489528656 -0.659823775291443 -0.344565033912659 0.173360407352448 0.38095223903656 0.0648776888847351 -0.388030409812927 -0.988938331604004 -1.25634628534317 -1.62158754467964 -1.94549587368965 -2.1559034883976 -1.9081863462925 -3.24756246805191 -3.73459845781326 -3.32692417502403 -4.06531344167888 -3.73290775343776 -3.17516867816448 -2.5984297990799 -2.01252418756485 -2.90161846578121 -4.04054630547762 -4.69114057719707 -5.32048934698105 -5.72109308838844 -5.58586320281029 -5.81246688961983 -5.89857059717178 -5.56717392802238 -5.03161096572876 -5.83286002278328 -5.56143866479397 -4.72242179512978 -4.68069181591272 -5.7246758043766 -5.25941829383373 -5.52197480201721 -4.78506290912628 -5.64799678325653
1.67594895511866 1.04470370337367 0.364124864339828 0.20354637503624 0.647634252905846 1.56305566430092 1.9524769037962 1.6672316417098 -1.69406670331955 -1.429762840271 -0.886625707149506 -0.962822020053864 -1.73135164380074 -2.21538102626801 -2.07824406027794 -2.73760679364204 -3.14880303665996 -3.7199991196394 -3.54802857711911 -3.25155817531049 -2.93754177540541 -2.71897891163826 -4.00494223833084 -3.21086806058884 -3.85695251822472 -3.6738363802433 -4.94481621682644 -4.51136793196201 -3.74308609217405 -2.68080440163612 -2.3285223543644 -3.17307399213314 -5.18684032559395 -4.54903807491064 -4.8354414254427 -5.08617824316025 -6.14057222008705 -6.00696349143982 -5.30772146582603 -6.48257952928543 -6.09913751482964 -5.92002907395363 -6.04792004823685 -5.4369048178196 -6.37787702679634 -5.78061732649803 -5.09902422875166 -4.92559758014977
