data/spatiotemp/temp2/bio9_norsw_test_2007_2010.asc
NCOLS 654 
NROWS 380 
XLLCORNER 3.91666666666667 
YLLCORNER 55.3333333333333 
CELLSIZE 0.0416666666666667 
NODATA_value -9999 
[rows 198 to 219 of 380, columns 144 to 191 of 654]
-0.983620196580887 -0.507491260766983 -1.12521776556969 -0.89035838842392 -0.560998916625977 -1.06963939964771 -1.132613286376 -0.845087081193924 -1.53197330236435 -1.52377191185951 -1.29757046699524 -1.63553553819656 -1.74650079011917 -1.32446601986885 -1.8662645816803 -2.46056306362152 -2.79486131668091 -2.20949351787567 -1.38862508535385 -1.91409030556679 -2.68695119023323 -3.0435413569212 -3.35029802471399 -3.71455451846123 -4.00081123411655 -3.69790124893188 -2.79432447254658 -2.74508109688759 -2.77283784747124 -1.90259444713593 -1.59701785445213 -2.79794099926949 -3.58667275682092 -4.11854620277882 -4.10641968995333 -4.38129341229796 -4.4635001225397 -4.80670676380396 -5.29958014190197 -5.54045376181602 -5.88532719016075 -5.34320062398911 -4.7557406052947 -4.80661440640688 -3.09991201013327 -2.90511582046747 -2.33931943774223 -2.2851896584034
0.121375516057014 -1.24375197291374 -0.686189100146294 -0.858959257602692 -1.32689633965492 -1.76899996399879 -1.48710381984711 -1.33837407827377 -1.77403652667999 -1.97675785422325 -1.87114560604095 -2.35753327608109 -1.81792113184929 -1.67180904746056 -1.6538633108139 -2.57958461344242 -3.5578060336411 -3.43086027586833 -2.77374792098999 -3.05696922540665 -2.59589529037476 -3.37735987082124 -4.12299090996385 -4.17895541526377 -3.8900865316391 -3.38238419219851 -3.39584849402308 -3.87231289595366 -3.64294397225603 -2.79574170708656 -1.99420613050461 -2.24383699893951 -2.64626696705818 -2.95382851362228 -3.67272357642651 -4.03445234894753 -4.11334742605686 -4.5889089256525 -4.9213040471077 -5.22253254055977 -5.23292760550976 -4.97315575182438 -4.56938457954675 -3.16088106669486 -3.16593301482499 -3.26064132410102 -3.00301618129015 -2.81189136207104
-1.11219318211079 -0.284426594793331 -0.433660168200731 -1.07656015455723 -1.61079376935959 -1.97619405388832 -1.92159414291382 -2.18599435687065 -2.277099609375 -2.23924347758293 -2.28822046518326 -2.58869780600071 -2.15550830960274 -2.37465193867683 -2.18979597091675 -2.16943961381912 -2.51175013184547 -3.46739402296953 -3.90903786569834 -4.17651486676186 -3.772839397192 -3.56651158258319 -3.58868392836303 -3.81035608053207 -4.10136154294014 -4.1958670951426 -4.28070596046746 -4.51471146009862 -4.31621686369181 -3.57622210681438 -3.01389464735985 -3.73273321054876 -3.63069431111217 -2.69294434785843 -2.63452759385109 -3.29994449019432 -3.78969464078546 -3.99594416096807 -4.28602785617113 -4.49361118674278 -4.4493612088263 -4.6177777396515 -5.09369459748268 -5.19027762115002 -3.49612028896809 -3.1588334441185 -3.10337962955236 -3.04159262031317
-1.51090463995934 -0.519101317971945 -1.33546462655067 -1.68349462747574 -1.99385794997215 -2.60505470633507 -2.99525130540133 -2.86078135669231 -3.12466300278902 -3.31222936650738 -2.97479595988989 -3.13369563221931 -2.71242862939835 -3.4099950925447 -3.52206161618233 -3.40562807116657 -3.16836114227772 -3.22976108640432 -4.11949409916997 -4.44572732970119 -4.35445037670434 -4.44349695369601 -4.0352101996541 -4.05875689536333 -4.26530344039202 -4.51401663199067 -4.00806329399347 -3.96594321727753 -4.06265626847744 -3.56420291215181 -3.55841635912657 -4.24012949317694 -4.28212186694145 -3.50689358264208 -3.42033185064793 -3.77743659541011 -3.96037516836077 -4.63581310212612 -5.10408495366573 -5.43569007515907 -5.21929493546486 -4.89156637340784 -4.95517129451036 -5.15360957384109 -5.14679855108261 -3.05235882848501 -2.8477431088686 -3.02046090364456
-1.07784248888493 -0.487906564027071 -0.963304087519646 -1.89120137691498 -2.20109879970551 -2.65449620783329 -3.23656027019024 -3.4132910836488 -3.96141483262181 -4.38343208283186 -3.9067828245461 -3.59196669235826 -3.40531718591228 -3.36783474124968 -3.78785196691751 -4.0927023626864 -4.27855284046382 -3.67190371453762 -3.82025423645973 -4.48160498961806 -4.87312363088131 -4.62281114608049 -4.30849818885326 -4.42335246689618 -4.08153941482306 -4.00706018507481 -4.31591425836086 -4.51526848506182 -4.28162226825953 -3.62680949270725 -4.00116343051195 -4.40635078772902 -4.47465474158525 -3.73624235391617 -3.97332973685116 -4.32175060361624 -4.17967146635056 -4.33509233593941 -4.74484658474103 -4.87010068818927 -4.85168806090951 -5.06394235044718 -4.87002964690328 -4.74895061552525 -3.33576154708862 -3.06929675489664 -4.2637303173542 -4.33195834606886
-1.00650696456432 -1.34684264659882 -1.18584503233433 -1.739680737257 -2.10034960508347 -1.84851858019829 -2.62068764865398 -3.2428564094007 -3.74552249163389 -4.53001878410578 -4.34801492094994 -3.94251114875078 -4.47617416828871 -4.60683695226908 -4.16283316910267 -4.27599638234824 -4.2926589101553 -4.73715525865555 -4.70348482578993 -4.48648090288043 -4.84152629971504 -4.61245403438807 -4.82171489298344 -4.34814266581088 -4.29873701557517 -4.79316447675228 -4.82192564755678 -5.04501996934414 -4.91294763237238 -4.23837516456842 -4.42696949094534 -4.38339701294899 -4.41012655198574 -4.24615766108036 -3.94802174344659 -3.8305526599288 -3.91408382356167 -3.98761475086212 -4.24564571306109 -4.26101003959775 -4.25287432968616 -4.40657179802656 -4.25660289078951 -4.16746720299125 -2.80464862287045 -4.26961222290993 -4.10497603821568 -4.34150663018227
-2.2026714682579 -2.31744533777237 -1.9922191798687 -2.79482643306255 -3.3499338068068 -2.65637417137623 -2.28531500697136 -2.73742216825485 -3.40163004025817 -3.67410519719124 -4.2260803678073 -4.07238879799843 -4.66619746387005 -4.80700609087944 -4.85198111832142 -4.48812321200967 -4.3187651236658 -4.66540686786175 -4.73154880851507 -4.8651904463768 -4.8507623821497 -4.53943027928472 -4.61943143233657 -4.40409961342812 -4.56826750934124 -5.18543572723866 -5.2267702370882 -4.68810518085957 -4.19810627400875 -4.49344104155898 -4.5839422494173 -4.34261040389538 -4.33526511490345 -4.23023949936032 -3.81838048249483 -3.67485493421555 -3.9709959551692 -4.48180385679007 -4.49011158943176 -4.49591939896345 -4.44689387083054 -4.14520175568759 -4.10550928860903 -4.30031716823578 -4.23738811537623 -4.10055465530604 -4.17588835954666 -4.52122183144093
-3.16800237074494 -3.26338120736182 -2.6777598708868 -3.29830574803054 -3.32385114394128 -3.54723004810512 -3.80510891973972 -2.77415435016155 -2.66023746132851 -3.25852512568235 -3.69414592906833 -3.63043336011469 -4.0908876247704 -4.31034184480086 -4.81179608404636 -4.34441683697514 -4.03787093609571 -4.46299185790122 -4.76411265134811 -4.99540023505688 -4.86266483366489 -4.46357310307212 -4.09131503850222 -3.91639009676874 -4.07096499949694 -4.74087335169315 -4.71161496639252 -4.08035667985678 -3.91026515327394 -4.40617351979017 -4.43258196860552 -4.36765698343515 -4.03540332987905 -3.73698788881302 -3.63207249343395 -3.98199020326138 -4.10240849852562 -4.22065998381004 -4.27074425853789 -4.20366194099188 -4.340246707201 -4.36133134737611 -4.41208285093307 -4.31233406066895 -4.17086096620187 -4.15499765363347 -4.48080039024353 -4.66610357165337
-3.73550002276897 -3.82831715792418 -3.77063426375389 -3.94911799579859 -3.27793509140611 -3.52808566903695 -3.81056936830282 -3.74822020158172 -3.15434515476227 -2.40177831053734 -2.50221133232117 -3.08831129968166 -3.24207769334316 -3.66967753821518 -4.17711088061333 -4.23487731069326 -4.39347697293852 -4.5474101677537 -4.66117648780346 -4.80044292658567 -4.86223416775465 -4.91104936599731 -4.55503163207322 -4.1773469299078 -4.00499580428004 -3.92497753817588 -3.61162631958723 -3.45177526772022 -3.90359063446522 -4.43990594148636 -4.21722123399377 -4.10170339234173 -3.79337507486343 -3.56173650920391 -3.70426470041275 -3.69079288840294 -3.97615411132574 -4.2696820931742 -4.44704355672002 -4.53073839843273 -4.60343292355537 -4.39596125483513 -4.7484890781343 -4.90318403881975 -4.68783442303538 -4.30744016170502 -4.05437937006354 -4.36315209418535
-4.58916440606117 -4.30508653074503 -4.04417523741722 -3.81576379388571 -3.54601932317019 -3.63160810060799 -3.5020300783217 -3.44811894744635 -3.33261929452419 -3.29036475718021 -2.64894354343414 -3.08968913555145 -3.58960114046931 -3.83651328086853 -4.28442530333996 -4.70217087119818 -5.05208307504654 -4.98449504375458 -4.83790723234415 -4.402986086905 -4.33047008886933 -4.71369244158268 -4.62308151088655 -5.03180393576622 -4.69202636182308 -3.93524869717658 -3.61847122013569 -3.44136047363281 -3.3922493904829 -3.69663836061954 -3.90869402140379 -3.68158322572708 -3.45201352238655 -4.05248507857323 -4.45812341943383 -4.61926145851612 -4.14739969745278 -3.94070471823215 -4.05617621541023 -4.22248110920191 -4.66478580236435 -4.6550907343626 -4.60872895270586 -4.56286730617285 -4.54047404974699 -4.60088277608156 -4.15512503962964 -3.9608669988811
-4.5276622697711 -4.29435563459992 -4.00521601736546 -3.98007647693157 -3.64810333959758 -3.44029701128602 -3.4401573985815 -3.46601777523756 -3.29905990511179 -3.21011805534363 -2.90950897336006 -4.29894694685936 -3.67129119671881 -3.77201557904482 -3.77307353285141 -3.86796436831355 -4.5230224900879 -4.61457995511591 -4.44363795779645 -4.20236250013113 -3.82953923195601 -4.058668859303 -4.45746481791139 -4.53876078501344 -3.95389029756188 -3.60201990604401 -3.612982660532 -3.85727877914906 -3.72207459807396 -3.2975372672081 -3.46966701745987 -3.97012973576784 -3.96481867134571 -4.12673367001116 -4.37948189675808 -4.69206372648478 -4.76481216773391 -4.4302269667387 -4.59614212810993 -4.54572369158268 -4.20847230032086 -4.17338710650802 -4.1991357319057 -4.08005062490702 -4.08194708824158 -4.00949200242758 -4.02220387756824 -4.00708188861609
-5.01082637906075 -4.38729170709848 -3.99059046432376 -3.78388889878988 -3.89852097630501 -3.85381945967674 -3.78845125809312 -3.7182500846684 -4.9718952216208 -5.07574852183461 -4.59260130673647 -4.09562093019485 -4.31580738723278 -4.59899359941483 -4.71618005633354 -3.41775830090046 -3.62146162986755 -3.67983172088861 -3.9842018801719 -3.63073860108852 -3.60060846060514 -3.92631169175729 -3.92418148368597 -3.33888456225395 -3.19058755040169 -3.23179098963737 -3.46599374711514 -3.28936353325844 -3.18306669592857 -3.74577008187771 -4.84313973286771 -5.72684273123741 -5.986456990242 -4.99881552904844 -4.46100720763206 -4.01853244006634 -4.3288910035044 -4.69141610711813 -4.38977472856641 -4.43463306128979 -4.54065836966038 -4.49301679432392 -4.75587526708841 -4.56506717205048 -4.26058695930988 -4.17010153457522 -4.17944944649935 -4.09196389466524
-5.19749063253403 -4.91039428114891 -4.12463118322194 -4.54553481191397 -5.73960494995117 -5.51750841736794 -4.29824543558061 -5.05908959358931 -4.15827509388328 -5.22346716374159 -4.73438087105751 -4.13896158337593 -4.12754237651825 -4.24195620417595 -4.74803678691387 -4.63495077192783 -4.39886480569839 -4.45877867937088 -4.57319267094135 -3.47061486542225 -3.95084459334612 -3.90528794378042 -2.92523142695427 -2.67100813984871 -2.7292851805687 -2.78772857785225 -3.31167209148407 -3.78611541539431 -3.78822541236877 -3.96900245547295 -4.35944571532309 -4.93588935118169 -5.49776205420494 -5.80556404590607 -5.15703261643648 -4.98150131106377 -4.23080341145396 -4.61910556256771 -4.78774085268378 -4.4575426094234 -5.02834459580481 -4.77831318601966 -4.58544885367155 -4.59241733700037 -4.46156035363674 -4.54204418510199 -4.36102832853794 -3.95717877522111
-4.66948848962784 -4.42849692329764 -4.15933875367045 -4.67951402813196 -5.61235588788986 -5.45786419510841 -4.80570593476295 -4.93771451711655 -4.87738290429115 -5.42418585717678 -5.00666084513068 -4.76946877688169 -4.33594365417957 -4.33808533847332 -4.44872723519802 -4.42003516852856 -4.53734336793423 -4.17865175008774 -4.30946010351181 -4.75810155272484 -3.65958042442799 -4.56620889902115 -4.10145562887192 -3.70836877822876 -4.13294893503189 -3.56433281302452 -4.20834984816611 -4.56553376466036 -4.71955095417798 -4.39123474061489 -4.14175223372877 -4.34243596531451 -4.77056718245149 -5.00297939777374 -4.99839150346816 -5.27197010070086 -4.6475491002202 -4.29462770512328 -4.44037318974733 -4.29928564094007 -4.57903073728085 -4.78177631646395 -4.62552186101675 -4.26743416301906 -4.90603347308934 -5.40882040560246 -5.11827401816845 -4.33456087112427
-4.17198614217341 -4.04943296313286 -3.85321306437254 -4.36082641314715 -4.722939863801 -4.56488670408726 -4.98233340680599 -5.26811334490776 -5.44853529334068 -5.10307133197784 -5.55544041097164 -5.64497642219067 -4.91401224583387 -5.23409694433212 -4.48141725361347 -4.68161953985691 -4.53782217204571 -4.54369132220745 -4.00739398598671 -3.81892988085747 -4.44896519184113 -4.00066691637039 -3.67703551054001 -4.69573706388474 -4.55143868923187 -3.98560399189591 -4.6460279263556 -4.95745219290257 -5.23854311555624 -5.38813397288322 -5.04972513020039 -4.54998245090246 -4.25920549314469 -4.51772781088948 -5.94851665198803 -4.94810577225871 -4.9131281375885 -5.00848371721804 -5.11200604215264 -4.60852804034948 -4.56255026906729 -4.52207270264626 -4.40942827053368 -4.09661718457937 -4.690673366189 -5.14559659361839 -4.88935269415379 -4.17560907581355
-5.29081702232361 -4.97020238637924 -4.87042047083378 -5.59392493963242 -5.45743681490421 -5.15528182685375 -5.10846045613289 -4.6361790150404 -5.49869294464588 -4.91828982532024 -4.76005354523659 -4.86398365348577 -5.14693123102188 -4.94078916311264 -4.58044055104256 -5.04970432631671 -5.33536303043365 -4.52538746595383 -3.65366154909134 -4.47093665599823 -4.62301576137543 -4.78048220276833 -4.18911519646645 -5.00343854725361 -4.91409519314766 -4.97675190865993 -5.96140883862972 -6.09889887273312 -6.49322208762169 -5.25803311169147 -5.36453074216843 -5.38802890479565 -6.34228503704071 -7.10518181324005 -6.92988193035126 -6.68691509962082 -7.11494851112366 -5.29633936285973 -6.03547179698944 -5.47610440850258 -5.02890336886048 -5.12853588163853 -4.91066803550348 -4.19063421338797 -4.19264681264758 -4.56753920763731 -4.61643151938915 -4.00549090281129
-5.7789134979248 -6.0225878059864 -5.29215535521507 -5.74438968300819 -5.83545741438866 -5.42885866761208 -5.41825951635838 -5.77840971946716 -5.64761644601822 -4.94905475899577 -4.96742480993271 -5.17532896995544 -5.26340013742447 -4.44740457832813 -5.28254175186157 -5.02877956628799 -4.76018336415291 -4.23292130231857 -4.85015857219696 -5.16089624166489 -4.56786271929741 -4.90043322741985 -5.26017018780112 -5.5525740608573 -5.95000547170639 -5.71411460638046 -5.82511858642101 -6.47766578197479 -6.16325932741165 -6.30799645185471 -5.37470680475235 -5.5232595205307 -5.8491824567318 -5.90197589993477 -6.44570791721344 -6.50957906246185 -4.72518903017044 -6.9319634437561 -5.54610922932625 -5.57856917381287 -5.53702902793884 -5.38965572416782 -4.90844878804637 -4.43407561071217 -4.09968603402376 -4.14528089016676 -4.07887537032366 -3.84080353751779
-5.82581672072411 -5.31702446937561 -5.9672879576683 -5.05319007858634 -5.53554892539978 -5.34051704406738 -4.54489673674107 -5.14528667926788 -4.99875897169113 -5.03690242767334 -4.91754561662674 -4.84835547208786 -4.84916543960571 -4.89597535133362 -4.99861836433411 -4.90109497308731 -4.40357166528702 -4.47576175630093 -4.96426974236965 -6.01716786623001 -5.62347489595413 -5.97844523191452 -6.26941591501236 -6.18755310773849 -6.13652330636978 -5.29366064071655 -5.96163105964661 -6.17591406404972 -6.90023863315582 -6.83737599849701 -6.28974232077599 -5.57200776040554 -5.78172108530998 -5.80555939674377 -5.57506451010704 -6.92452216148376 -6.86808484792709 -6.87731409072876 -6.76271027326584 -6.80627286434174 -4.72042720764875 -4.96393216645811 -4.99443703144789 -4.33860846376047 -4.1976257674396 -4.02248838543892 -3.91301763802767 -3.84288015961647
-4.38361375033855 -4.44951716065407 -5.31486296653748 -5.47578972578049 -5.22738325595856 -4.68514329195023 -4.8124036192894 -5.43499732017517 -5.04154045507312 -5.95578402280807 -5.4998132288456 -5.83138167858124 -5.55126386880875 -5.02797943353653 -4.49186185002327 -4.39457735419273 -4.23512625694275 -5.48834156990051 -5.67173866927624 -6.35027301311493 -5.05121332406998 -5.71121197938919 -6.18371057510376 -6.00787609815598 -5.91137474775314 -5.12620675563812 -5.3448720574379 -6.65487051010132 -6.71745428442955 -6.69776913523674 -7.19753336906433 -7.22136533260345 -7.21849775314331 -7.06293153762817 -6.43669238686562 -6.93813145160675 -6.98289811611176 -5.49184262752533 -6.82180935144424 -7.03503167629242 -6.72329795360565 -6.75939798355103 -6.76366466283798 -6.48659819364548 -3.9668984785676 -3.86669588834047 -3.86082615703344 -4.12445655465126
-5.55484163761139 -5.01172739267349 -5.06661301851273 -4.91066539287567 -4.91721743345261 -5.36576974391937 -5.69248867034912 -5.936707675457 -5.94287753105164 -5.83749902248383 -5.67362004518509 -5.43024128675461 -5.34786266088486 -5.10948407649994 -4.73493832349777 -4.70905962586403 -4.38051429390907 -4.58013561367989 -5.30908995866776 -5.83554464578629 -5.63261860609055 -4.70831218361855 -5.47250550985336 -6.09669917821884 -6.53955912590027 -6.17891931533813 -5.00311306118965 -6.193139731884 -6.09905168414116 -7.06369340419769 -7.21705365180969 -7.37008023262024 -6.6608193218708 -6.58771029114723 -7.06243693828583 -6.80857419967651 -6.70271134376526 -7.11268210411072 -7.44915246963501 -7.37062311172485 -6.80342698097229 -6.64623111486435 -6.6388680934906 -6.41900551319122 -3.78083823621273 -3.74440316483378 -3.86063501238823 -4.53970015794039
-5.35667455196381 -5.12418562173843 -5.16402971744537 -5.45570743083954 -5.71738517284393 -5.55123551189899 -5.51430816948414 -5.56654700636864 -6.02085369825363 -5.78154724836349 -5.70057398080826 -5.66910117864609 -5.8552947640419 -5.6929879784584 -5.44301515817642 -5.60020881891251 -5.3752356171608 -5.2142625451088 -4.83462271094322 -4.93764942884445 -5.58969044685364 -5.50441211462021 -4.61580055952072 -5.19085568189621 -6.33024394512177 -6.57929873466492 -5.7283536195755 -5.40407532453537 -6.44579708576202 -6.90285205841064 -7.25040721893311 -7.48579525947571 -6.79208800196648 -7.56666803359985 -7.24784243106842 -7.06668376922607 -6.80185812711716 -6.69536596536636 -6.88237345218658 -7.10254812240601 -7.13572263717651 -6.76673036813736 -6.62307149171829 -6.60374617576599 -6.45799046754837 -4.11911054095253 -4.76953826844692 -4.24711009673774
-5.60784065723419 -5.08247691392899 -5.36877995729446 -5.37939154356718 -5.75263185799122 -5.55087175965309 -5.92632555961609 -5.82129514217377 -5.96916306018829 -6.33176237344742 -6.15902811288834 -6.31396079063416 -5.73338574171066 -6.13015919923782 -5.88192522525787 -5.97969126701355 -5.7861236333847 -5.68705606460571 -5.44982212781906 -5.24458789825439 -5.05559599399567 -4.96784567832947 -5.10326224565506 -4.62734535336494 -5.27409511804581 -6.42967855930328 -6.6654280424118 -5.18517810106277 -5.55742764472961 -6.36834436655045 -6.94542729854584 -7.38051092624664 -7.46049106121063 -7.50920283794403 -7.50241458415985 -7.58995974063873 -7.3988379240036 -6.92538303136826 -6.61892831325531 -6.73180675506592 -6.7573516368866 -6.63156318664551 -6.61077493429184 -6.58032011985779 -6.60183143615723 -5.9272740110755 -5.19555753469467 -6.32476389408112
