data/spatiotemp/temp2/bio9_norsw_test_2007_2010.asc
NCOLS 654 
NROWS 380 
XLLCORNER 3.91666666666667 
YLLCORNER 55.3333333333333 
CELLSIZE 0.0416666666666667 
NODATA_value -9999 
[rows 286 to 307 of 380, columns 192 to 239 of 654]
1.3957816362381 1.41290679574013 1.38019865751266 1.2679905295372 4.58384445309639 1.55157464742661 1.45553308725357 1.3513248860836 1.41942402720451 1.33849659562111 1.42390251159668 1.37264186143875 1.18071481585503 1.26612058281898 1.35369324684143 1.46043241024017 1.61183828115463 1.45591121912003 1.62048369646072 1.78788959980011 1.75021424889565 1.84462404251099 1.71620017290115 1.62827658653259 1.63401991128922 1.68542957305908 1.80067265033722 1.7519154548645 1.85332542657852 2.11340153217316 2.24681153893471 2.24805453419685 2.29193300008774 2.32228088378906 2.34562847018242 2.35964271426201 2.37882405519485 2.387171626091 2.39785268902779 2.41420036554337 2.42454788088799 2.43489560484886 2.43691000342369 2.42925781011581 2.42917355895042 2.45282435417175 2.47514143586159 2.47945860028267
4.5350549519062 4.58983784914017 4.70395383238792 1.48920783400536 1.49629673361778 1.44271892309189 1.44097444415092 1.46289652585983 1.44418433308601 1.45667055249214 1.47599029541016 1.32731020450592 1.20212976634502 1.13128274679184 1.55343598127365 1.61325562000275 1.60207548737526 1.52572846412659 1.55654814839363 1.69070115685463 1.75538548827171 1.84310057759285 1.87981617450714 1.83003118634224 1.78591299057007 1.80812859535217 1.87367710471153 1.82939225435257 1.89710777997971 2.12182274460793 2.30903822183609 2.33092021942139 2.36464893817902 2.37839114665985 2.39513328671455 2.40887543559074 2.43328413367271 2.45102646946907 2.46376857161522 2.4660108089447 2.48258650302887 2.48949536681175 2.50090408325195 2.50781297683716 2.52131253480911 2.54373636841774 2.55499365925789 2.56225097179413
4.49314218759537 4.56236377358437 4.55758547782898 4.53230711817741 4.68319556117058 1.51486322283745 4.73047196865082 1.48963484168053 1.43377774953842 4.60755807161331 1.47691112756729 1.3239783346653 1.28837841749191 1.4182785153389 1.47251215577126 1.4397454559803 1.54081246256828 1.63237914443016 1.59277948737144 1.65517956018448 1.75889015197754 1.87624421715736 1.86943158507347 1.88511919975281 1.93314009904861 1.91382747888565 1.90701511502266 1.91170251369476 1.97105684876442 2.06207770109177 2.27959844470024 2.38195258378983 2.40636467933655 2.42116785049438 2.4413046836853 2.46027439832687 2.47041130065918 2.49004796147346 2.49585130810738 2.50365477800369 2.51195812225342 2.5297614634037 2.54689830541611 2.57553470134735 2.58545172214508 2.60348230600357 2.61567920446396 2.62554329633713
4.52439600229263 4.56272312998772 4.54538333415985 4.6352105140686 4.64653751254082 4.75703117251396 4.88535791635513 4.63235151767731 1.50870433449745 4.58766743540764 1.43316552042961 1.31831294298172 1.35845997929573 1.31877416372299 1.3805880844593 1.51023551821709 1.61804947257042 1.77602970600128 1.82701051235199 1.82299122214317 1.84472808241844 1.93705421686172 1.97988077998161 1.98304036259651 2.036366969347 1.98335993289948 1.95335301756859 1.97367942333221 1.96817231178284 2.04383215308189 2.19199177622795 2.43615162372589 2.46208035945892 2.46577817201614 2.4814760684967 2.49667400121689 2.51520496606827 2.52440297603607 2.53960067033768 2.55029851198196 2.55999630689621 2.57769423723221 2.5960585474968 2.62008959054947 2.63192403316498 2.65472799539566 2.67819845676422 2.67716890573502
4.61348360776901 4.62258267402649 4.52768141031265 4.54294693470001 4.7553796172142 4.85114493966103 1.71196472644806 4.68267610669136 4.7845761179924 4.7592770755291 1.40775310993195 1.44081431627274 1.48237547278404 1.43810296058655 1.53816416859627 1.58472526073456 1.74895292520523 1.8936804831028 1.9752416908741 2.02563616633415 1.99839934706688 2.07303139567375 2.14866307377815 2.10779520869255 2.07192701101303 2.05939239263535 2.02285769581795 2.04232302308083 2.07145482301712 2.12142011523247 2.20305207371712 2.41651725769043 2.50746273994446 2.50338834524155 2.50848078727722 2.5242395401001 2.54183214902878 2.55175775289536 2.56868332624435 2.5909423828125 2.611368060112 2.62679356336594 2.65071928501129 2.67564511299133 2.6825630068779 2.70914036035538 2.72671735286713 2.73662811517715
4.69440433382988 4.67960840463638 4.56281259655952 4.62718358635902 4.77105477452278 4.82109233736992 4.91096326708794 4.89350068569183 4.91747507452965 1.758366137743 4.8009640276432 1.52448266744614 1.49529057741165 1.73426556587219 1.7404069006443 1.77004837989807 1.85652327537537 1.98766461014748 2.11213976144791 2.2076144516468 2.22523736953735 2.24100801348686 2.29094550013542 2.27071645855904 2.2408204972744 2.23375827074051 2.20769575238228 2.16996631026268 2.16457056999207 2.2108416557312 2.26977893710136 2.37754970788956 2.52951198816299 2.53133183717728 2.53765231370926 2.55163902044296 2.56679248809814 2.59144574403763 2.6139327287674 2.63275295495987 2.65490609407425 2.67472642660141 2.69204640388489 2.71286660432816 2.72836875915527 2.76155251264572 2.78790307044983 2.80342048406601
4.66099169850349 4.69196811318398 4.73827749490738 4.70725384354591 4.86989668011665 4.71770626306534 4.89634907245636 4.9553254544735 5.09154108166695 1.86287328600883 4.68728378415108 1.60215055942535 1.79837250709534 1.94342786073685 1.8373164832592 1.88970494270325 2.08409354090691 2.15131565928459 2.24870413541794 2.3414261341095 2.35190850496292 2.34765169024467 2.36539459228516 2.37430429458618 2.3935472369194 2.40829062461853 2.38903346657753 2.30994334816933 2.23818621039391 2.22992938756943 2.30467259883881 2.38374865055084 2.54639440774918 2.56527554988861 2.56665688753128 2.57503825426102 2.59208619594574 2.61596745252609 2.6355152130127 2.66406327486038 2.68611121177673 2.69715917110443 2.71370702981949 2.72908848524094 2.76934087276459 2.80146479606628 2.83958870172501 2.86171263456345
4.79307922720909 4.76766055822372 4.84390896558762 4.82665711641312 4.83157208561897 4.85732045769691 4.8970685005188 4.92215034365654 4.9426067173481 4.96660485863686 4.84360337257385 4.90943518280983 1.83395448327065 2.00075697898865 2.00322580337524 1.95152795314789 2.14716359972954 2.27746620774269 2.35376873612404 2.37157100439072 2.36491316556931 2.37912839651108 2.39584371447563 2.40689224004745 2.42344102263451 2.4471563398838 2.45320478081703 2.42658668756485 2.36096850037575 2.30185061693192 2.36906599998474 2.41178125143051 2.56561017036438 2.60405242443085 2.60816156864166 2.60477072000504 2.62887960672379 2.65198886394501 2.6712646484375 2.69637376070023 2.70598292350769 2.71642500162125 2.73786759376526 2.75731009244919 2.78981339931488 2.82604384422302 2.87494117021561 2.90800505876541
4.85733285546303 4.8211866915226 4.81704041361809 4.79272720217705 4.75808063149452 4.88060101866722 4.940121114254 4.7334748506546 4.58133938908577 4.81738105416298 1.9611040353775 2.00932011008263 2.03386968374252 2.09191906452179 2.18346858024597 2.12035146355629 2.20340076088905 2.35545039176941 2.4101665019989 2.393549233675 2.39475110173225 2.40310522913933 2.41412603855133 2.42664700746536 2.45550119876862 2.46202209591866 2.4770427942276 2.502396941185 2.50658452510834 2.48093867301941 2.46162605285645 2.50864696502686 2.6161590218544 2.64549607038498 2.63949978351593 2.64716970920563 2.66600680351257 2.67567700147629 2.70084738731384 2.73651748895645 2.74218767881393 2.74485814571381 2.76302820444107 2.79336512088776 2.81761902570724 2.85428953170776 2.87146013975143 2.90713077783585
4.81792065501213 4.80337929725647 4.77300503849983 4.72879740595818 4.67225635051727 4.70804831385612 4.78867408633232 4.64763271808624 4.56407168507576 4.67999067902565 4.924909055233 2.04282170534134 2.15711829066277 2.17674833536148 2.23837795853615 2.24484103918076 2.31147137284279 2.42160120606422 2.42173099517822 2.39869427680969 2.39975559711456 2.41058206558228 2.42324182391167 2.45190140604973 2.4742277264595 2.49188753962517 2.50021409988403 2.51870721578598 2.54253363609314 2.56669336557388 2.58218640089035 2.6183460354805 2.666375041008 2.66043972969055 2.65600419044495 2.66390252113342 2.69546711444855 2.68936508893967 2.73676323890686 2.77749472856522 2.78105914592743 2.74395740032196 2.72068881988525 2.77492034435272 2.79225790500641 2.83986854553223 2.77614593505859 2.82775628566742
5.83932811021805 5.89598649740219 4.77330303192139 4.74353405833244 4.73176494240761 4.77416241168976 4.68605980277061 4.67645734548569 4.61513775587082 4.72443315386772 4.9192288517952 2.08398994803429 2.30503353476524 2.3385771214962 2.32978746294975 2.37783116102219 2.40020844340324 2.45375171303749 2.43612879514694 2.41983908414841 2.42009350657463 2.42989233136177 2.45585745573044 2.47715616226196 2.49012151360512 2.51291996240616 2.53088533878326 2.55535054206848 2.56681591272354 2.59261453151703 2.62341314554214 2.64454507827759 2.67292386293411 2.67221677303314 2.67150908708572 2.69513493776321 2.71976095438004 2.74505341053009 2.77267915010452 2.79580509662628 2.79726433753967 2.75939005613327 2.6773493885994 2.65480875968933 2.68556350469589 2.73228079080582 2.73666471242905 2.75021570920944
5.81748878955841 5.87596175074577 5.89076751470566 5.94840693473816 5.95087939500809 5.97068536281586 4.76027914881706 4.77778196334839 4.71270334720612 4.78520917892456 4.98288178443909 2.1958244740963 2.35544860363007 2.38373947143555 2.43453013896942 2.45048761367798 2.43644517660141 2.46090269088745 2.44902673363686 2.44748416543007 2.45826500654221 2.47120234370232 2.4836400449276 2.50557753443718 2.52501511573792 2.53661924600601 2.54572319984436 2.57216095924377 2.59926491975784 2.6297025680542 2.65597325563431 2.67657744884491 2.68980634212494 2.6879934668541 2.69051384925842 2.70653396844864 2.73105442523956 2.75757491588593 2.77609527111053 2.79411566257477 2.80680269002914 2.81498974561691 2.78051000833511 2.69386374950409 2.65753602981567 3.28987795114517 2.77401715517044 2.7016744017601
5.91761901974678 5.88652762770653 5.93043640255928 6.005011677742 6.05258706212044 5.99499580264091 5.71640422940254 4.76974749565125 4.87899559736252 4.88116028904915 5.05982509255409 2.26278913021088 2.36707907915115 2.42036890983582 2.47549217939377 2.47661536931992 2.45940536260605 2.4870285987854 2.47398522496223 2.47327521443367 2.483542740345 2.50328806042671 2.52369979023933 2.54011189937592 2.55102384090424 2.55060237646103 2.57484751939774 2.59825968742371 2.63400477170944 2.67275035381317 2.69682884216309 2.70174074172974 2.72099900245667 2.71393769979477 2.70204293727875 2.71448141336441 2.73675334453583 2.76102471351624 2.7801302075386 2.7959018945694 2.80984050035477 2.78611236810684 2.71988409757614 2.715989112854 2.76383179426193 2.7907447218895 3.2527636885643 3.22950845956802
6.04521843791008 6.04568487405777 6.04265171289444 6.0059520304203 6.05441838502884 5.76421856880188 5.66668522357941 4.69885313510895 4.93884789943695 5.13811999559402 2.27767556905746 2.32688325643539 2.40092432498932 2.44563204050064 2.45367342233658 2.52804762125015 2.5207554101944 2.5389631986618 2.54150432348251 2.5295452773571 2.52959358692169 2.53864869475365 2.56053757667542 2.57559275627136 2.58714807033539 2.59703636169434 2.61925840377808 2.61248034238815 2.58620244264603 2.60092407464981 2.63914620876312 2.6727015376091 2.73733580112457 2.72888284921646 2.72259616851807 2.73380994796753 2.74718999862671 2.76690393686295 2.77445042133331 2.73466402292252 2.6897109746933 2.68992471694946 2.71013808250427 2.68085139989853 3.25243335962296 3.35900068283081 3.33956861495972 3.30646961927414
6.07048428058624 6.1458423435688 6.15836724638939 6.12272527813911 5.97475013136864 5.75310844182968 5.67546638846397 4.81412547826767 5.16770017147064 5.32174587249756 2.33585208654404 2.34947770833969 2.38293647766113 2.41789561510086 2.45435416698456 2.5101466178894 2.51243907213211 2.54273116588593 2.59702324867249 2.58698219060898 2.59247785806656 2.60917615890503 2.6240416765213 2.63024020195007 2.64510524272919 2.6558039188385 2.63066923618317 2.56420129537582 2.57773327827454 2.65743172168732 2.68663024902344 2.7296621799469 2.74900567531586 2.73532766103745 2.73331642150879 2.73280501365662 2.70662695169449 2.64344906806946 2.62010413408279 2.59542608261108 2.57308131456375 2.63040351867676 2.67205893993378 2.63021409511566 3.21992546319962 3.32331621646881 2.20342218875885 2.19617682695389
6.17191675305367 6.22233283519745 6.14658293128014 6.083998888731 6.01108169555664 5.88266435265541 4.90807527303696 5.18973100185394 5.29638540744781 2.34815186262131 2.38636195659637 2.40573883056641 2.4122821688652 2.46415877342224 2.53086876869202 2.5495787858963 2.56828904151917 2.61933243274689 2.62504249811172 2.62491917610168 2.63719522953033 2.67470359802246 2.69987910985947 2.70488768815994 2.70839607715607 2.65773808956146 2.59158009290695 2.59975528717041 2.63776379823685 2.68343925476074 2.71878093481064 2.75778967142105 2.74400907754898 2.72927272319794 2.54770314693451 2.21680009365082 2.3598972260952 2.60232782363892 2.5674244761467 2.53185504674911 2.56411880254745 2.54654932022095 2.51164609193802 2.44790962338448 3.17358475923538 3.32996499538422 3.39767867326736 2.20142352581024
6.2346827685833 6.32799017429352 6.24046435952187 6.12977209687233 6.06891307234764 5.11408686637878 5.24879521131516 5.32117009162903 5.34140449762344 2.39774405956268 2.43587166070938 2.45199984312057 2.47962737083435 2.53092223405838 2.56238329410553 2.60501140356064 2.6464723944664 2.64626693725586 2.63856154680252 2.6573560833931 2.67774605751038 2.71139770746231 2.73338317871094 2.73836833238602 2.70768696069717 2.622338950634 2.59232419729233 2.64714288711548 2.69629454612732 2.671446621418 2.74959862232208 2.74908381700516 2.73501229286194 2.64555126428604 2.30958989262581 2.25529551506042 2.46083426475525 2.58787316083908 2.55757838487625 2.52111721038818 2.5059894323349 2.43236139416695 2.41690030694008 2.45610564947128 2.60414093732834 3.37528043985367 3.42248344421387 3.44301986694336
6.34178203344345 6.35531407594681 6.25701308250427 6.23454558849335 5.27182674407959 5.26658761501312 5.32768136262894 5.3474423289299 5.37392324209213 5.41779112815857 5.43882536888123 2.47009414434433 2.49697309732437 2.54535210132599 2.6225643157959 2.67194366455078 2.67815572023392 2.67836827039719 2.68791395425797 2.70579296350479 2.70829683542252 2.73159217834473 2.74688720703125 2.72018253803253 2.64081132411957 2.58310639858246 2.59690147638321 2.62286359071732 2.69315874576569 2.7539541721344 2.77791613340378 2.74554443359375 2.69651561975479 2.5474961400032 2.46031010150909 2.49595749378204 2.53893780708313 2.54191821813583 2.52639871835709 2.48104578256607 2.42269313335419 2.38000708818436 2.37648755311966 3.11314052343369 3.14506977796555 3.24476236104965 3.41345524787903 3.47081458568573
6.21204775571823 6.21047165989876 6.2385618686676 6.28781890869141 5.30610835552216 5.34192168712616 5.34356838464737 5.3643816113472 5.38677561283112 5.38208389282227 5.34605878591537 5.31636720895767 5.31084203720093 2.63744872808456 2.64724564552307 2.61687558889389 2.63133925199509 2.71013617515564 2.6895996928215 2.65522986650467 2.68084758520126 2.70695281028748 2.70689153671265 2.67782986164093 2.58643519878387 2.54670715332031 2.57581263780594 2.61208420991898 2.64185619354248 2.66812801361084 2.65956676006317 2.63967180252075 2.60451883077621 2.51527470350266 2.51136338710785 2.47111904621124 2.39720806479454 2.37029695510864 2.34688583016396 2.31664144992828 2.30339699983597 2.89602053165436 2.95150065422058 2.93498092889786 2.71739575266838 2.77857795357704 3.30026006698608 3.41077584028244
6.19414699077606 6.19879561662674 6.26777750253677 6.31392598152161 5.34488999843597 5.37575572729111 5.34812140464783 5.33698737621307 5.34346139431 5.36521017551422 5.3732922077179 5.27587431669235 5.20428991317749 2.63471210002899 2.64142692089081 2.61097455024719 2.64368951320648 2.7124040722847 2.65995216369629 2.61900013685226 2.67023187875748 2.67081367969513 2.66239565610886 2.63981086015701 2.61355930566788 2.56297463178635 2.58989000320435 2.62363839149475 2.61022037267685 2.57563555240631 2.57105082273483 2.54213273525238 2.51268881559372 2.48355311155319 2.43391686677933 2.38094761967659 2.35247823596001 2.33734232187271 2.27787283062935 2.22423672676086 2.21560081839561 2.22763141989708 2.11249575018883 2.38065457344055 2.30122146010399 2.58789324760437 3.30339831113815 3.34457033872604
6.41824632883072 6.3841193318367 6.41565942764282 5.4397531747818 5.39467149972916 5.3530900478363 5.37350803613663 5.34442639350891 5.33697992563248 5.42050290107727 5.47835892438889 5.38254821300507 5.15457111597061 5.24776059389114 2.66994118690491 2.73990708589554 2.76453948020935 2.71317207813263 2.69963794946671 2.70293712615967 2.70361584424973 2.67167437076569 2.64606660604477 2.63195830583572 2.59285020828247 2.60140895843506 2.64446711540222 2.64435940980911 2.63008433580399 2.61214298009872 2.59003478288651 2.55776000022888 2.52302575111389 2.46449786424637 2.400470495224 2.37127617001534 2.3592486679554 2.32072108983994 2.27402657270432 2.23599895834923 2.2126382291317 2.15844392776489 1.902916431427 2.268494784832 2.32771372795105 2.73554182052612 3.30536991357803 3.29303151369095
6.82817882299423 6.59294360876083 6.48970818519592 5.47298264503479 5.45212012529373 5.37575739622116 5.37506145238876 5.38869893550873 5.43766576051712 5.53779578208923 5.59542554616928 5.48122251033783 5.20451927185059 5.22431594133377 2.61912232637405 2.77433949708939 2.72555637359619 2.74010664224625 2.75249058008194 2.73370736837387 2.70250022411346 2.69203543663025 2.63290399312973 2.61110597848892 2.62280786037445 2.66100966930389 2.68254470825195 2.67741352319717 2.65711522102356 2.63781678676605 2.60985225439072 2.56255412101746 2.51052916049957 2.43527626991272 2.36569058895111 2.31343811750412 2.27301880717278 2.25793275237083 2.27851364016533 2.27492785453796 2.18734207749367 1.83275604248047 2.23224461078644 2.29650181531906 2.40470635890961 2.74835729598999 3.10434156656265 3.12832623720169
