data/spatiotemp/temp3/bio16_norsw_test_2011_2014.asc
NCOLS 654 
NROWS 380 
XLLCORNER 3.91666666666667 
YLLCORNER 55.3333333333333 
CELLSIZE 0.0416666666666667 
NODATA_value -9999 
[rows 220 to 241 of 380, columns 500 to 549 of 654]
246.876399993896 248.956394195557 249.994247436523 251.209201812744 252.891731262207 254.111980438232 253.725833892822 253.899078369141 251.594944000244 252.631950378418 254.817455291748 257.471988677979 257.141124725342 256.271495819092 256.361446380615 255.491230010986 255.580986022949 257.695720672607 253.380081176758 250.02322769165 248.083236694336 248.271263122559 247.80277633667 248.102306365967 248.77986907959 246.997894287109 250.604404449463 252.477542877197 253.185859680176 251.817184448242 254.571659088135 254.725555419922 258.236358642578 258.391124725342 257.460163116455 257.613639831543 257.769443511963 256.838611602783 257.855346679688 256.179058074951 256.335357666016 258.137588500977 256.531688690186 255.827777862549 255.559120178223 255.714382171631 253.792373657227 253.945838928223 252.958240509033 253.578620910645
248.552459716797 249.599720001221 252.642093658447 253.310451507568 255.004726409912 254.23454284668 253.857551574707 254.039920806885 252.706382751465 253.752571105957 256.508533477783 257.651466369629 258.743991851807 254.420810699463 254.500564575195 252.757099151611 251.416236877441 252.457416534424 249.090503692627 247.651802062988 248.289035797119 248.368721008301 249.620738983154 251.635330200195 249.41234588623 249.449558258057 252.95140838623 254.065944671631 252.696071624756 252.435752868652 252.585079193115 253.594207763672 257.209800720215 257.360782623291 255.871643066406 256.575908660889 256.17756652832 255.479717254639 254.437923431396 255.151992797852 254.451866149902 254.611694335938 254.771541595459 254.070899963379 253.99568939209 253.174560546875 252.90548324585 250.549297332764 250.66577911377 249.759395599365
246.944339752197 249.124416351318 254.174133300781 257.792686462402 257.987380981445 255.6178855896 254.384845733643 257.056247711182 254.868438720703 253.046436309814 254.101428985596 257.271541595459 257.404308319092 257.476161956787 256.126022338867 252.447128295898 250.99987411499 248.181659698486 247.694953918457 245.178279876709 246.31929397583 246.087017059326 247.119853973389 245.156181335449 249.37508392334 248.965705871582 249.972797393799 250.675609588623 249.187438964844 250.003108978271 251.56432723999 251.710052490234 255.322898864746 255.360729217529 254.647285461426 254.793846130371 255.809860229492 255.115272521973 253.636791229248 253.801189422607 252.989768981934 253.707332611084 251.362224578857 251.524593353271 251.686958312988 248.911064147949 249.625343322754 248.011302947998 247.826221466064 247.051250457764
249.783367156982 249.029396057129 252.270835876465 254.471244812012 255.539241790771 257.560855865479 257.951080322266 255.376983642578 253.962894439697 253.205116271973 255.228744506836 255.626178741455 255.758899688721 256.783214569092 259.735973358154 257.312259674072 255.552154541016 250.647052764893 246.190540313721 245.291439056396 244.492149353027 248.00647354126 248.726749420166 245.336532592773 246.855571746826 244.504722595215 244.646663665771 247.064632415771 247.762134552002 250.28560256958 248.905590057373 249.71703338623 252.771457672119 251.944835662842 252.947608947754 252.229648590088 251.297424316406 252.552951812744 252.166858673096 251.243984222412 251.526496887207 252.248344421387 249.789611816406 249.094566345215 247.183795928955 246.366897583008 246.529674530029 244.849208831787 244.737442016602 245.385101318359
249.297821044922 248.552677154541 249.805557250977 253.439346313477 255.652763366699 255.863361358643 259.905902862549 258.297924041748 256.128921508789 253.45760345459 253.108180999756 253.3180809021 255.178558349609 258.122497558594 258.274230957031 256.504039764404 252.549297332764 246.258911132812 247.732067108154 244.332466125488 246.418979644775 247.12971496582 244.286518096924 242.402782440186 244.992042541504 245.015411376953 244.495632171631 243.554653167725 244.143398284912 247.743976593018 247.882682800293 249.659576416016 250.327796936035 249.4977684021 248.551612854004 248.804004669189 248.844394683838 250.103034973145 251.57462310791 251.745571136475 250.078994750977 248.601367950439 247.791919708252 247.098991394043 244.328720092773 245.355537414551 245.521430969238 242.74271774292 242.876216888428 241.9951171875
248.3244972229 251.277145385742 250.542621612549 254.494750976562 253.287967681885 254.561214447021 257.161804199219 255.001091003418 256.179153442383 257.46146774292 257.684108734131 254.91934967041 253.835063934326 254.841613769531 254.022583007812 251.68424987793 248.168590545654 246.389179229736 245.361637115479 244.543857574463 245.145469665527 243.771488189697 242.739337921143 241.923011779785 245.25023651123 244.308723449707 244.445896148682 245.139053344727 244.615173339844 244.340614318848 244.4755859375 244.61056137085 247.354110717773 245.965209960938 246.100852966309 246.236484527588 248.339260101318 249.929260253906 250.657932281494 250.83239364624 250.584369659424 246.717086791992 246.888893127441 245.220153808594 244.173934936523 244.342750549316 244.51155090332 243.143489837646 243.837890625 243.950439453125
244.989734649658 247.683994293213 250.959320068359 252.050937652588 253.33145904541 253.559257507324 256.359672546387 256.031181335449 256.261756896973 254.973957061768 258.651905059814 256.856586456299 258.060173034668 256.583808898926 254.137050628662 250.72770690918 250.312469482422 246.49910736084 246.543201446533 245.725814819336 243.276309967041 243.877407073975 240.905361175537 241.807342529297 247.172359466553 246.344772338867 244.537544250488 242.624378204346 243.61600112915 242.886966705322 243.018257141113 242.180725097656 243.835411071777 244.080841064453 245.072769165039 245.203544616699 245.35457611084 248.030010223389 248.202602386475 247.283397674561 246.59338760376 244.371780395508 243.446311950684 244.169151306152 244.100296020508 242.732997894287 242.471431732178 242.637477874756 241.238952636719 241.902656555176
245.568809509277 248.764106750488 252.424381256104 253.714878082275 254.818012237549 254.49783706665 258.277118682861 257.960426330566 257.338325500488 259.403697967529 260.511226654053 258.929100036621 258.978321075439 257.607852935791 254.206069946289 250.902324676514 249.434532165527 246.588680267334 246.639907836914 244.196926116943 244.247730255127 244.298522949219 244.788501739502 244.838066101074 243.845874786377 243.112621307373 240.637794494629 241.623382568359 240.359836578369 239.516986846924 240.608585357666 239.539436340332 244.219017028809 243.372859954834 243.496921539307 246.123226165771 247.242538452148 245.5729637146 246.600109100342 244.811920166016 244.976493835449 243.067211151123 242.676845550537 243.391971588135 243.554347991943 243.288097381592 242.46753692627 243.488269805908 243.618988037109 241.875549316406
246.368808746338 250.218414306641 252.379066467285 253.121112823486 252.416835784912 252.664196014404 253.971221923828 256.040252685547 258.311336517334 259.428340911865 259.788906097412 260.042919158936 259.641986846924 260.26057434082 258.691265106201 256.369045257568 251.037326812744 246.121322631836 243.380447387695 242.882244110107 243.496940612793 243.55517578125 248.370983123779 247.347511291504 243.976509094238 242.154357910156 243.134326934814 240.344013214111 240.462013244629 241.44075012207 240.590213775635 238.760116577148 240.824611663818 240.941829681396 243.561126708984 245.513572692871 246.756923675537 246.364818572998 244.456199645996 244.847240447998 242.933647155762 243.090755462646 241.59782409668 242.305328369141 240.620601654053 239.794372558594 239.948696136475 241.513954162598 241.635955810547 240.741298675537
248.301326751709 248.742710113525 250.912502288818 252.031265258789 253.344539642334 252.090728759766 255.784549713135 257.000679016113 258.326583862305 258.031791687012 259.716396331787 260.952697753906 258.626167297363 256.311592102051 255.305770874023 251.916820526123 248.526622772217 245.135177612305 243.375827789307 244.403369903564 243.60725402832 243.672569274902 244.481037139893 246.924240112305 247.568752288818 245.081581115723 244.111701965332 244.225086212158 244.338466644287 241.536689758301 242.201248168945 238.841697692871 240.783756256104 241.011974334717 242.956726074219 245.032581329346 245.164848327637 245.318058013916 246.022270202637 247.270763397217 244.254474639893 242.876419067383 242.475868225098 243.176918029785 241.487117767334 239.551906585693 240.250038146973 242.486724853516 240.510692596436 239.178760528564
248.236877441406 247.939872741699 249.814483642578 254.002235412598 254.271415710449 254.647174835205 256.175319671631 256.44677734375 256.623901367188 255.37869644165 256.607158660889 258.506820678711 254.363548278809 249.464771270752 249.538375854492 247.979808807373 246.228569030762 243.806224822998 242.915855407715 243.543464660645 243.498729705811 245.614749908447 247.102745056152 244.573303222656 243.68367767334 244.652244567871 243.675277709961 245.196449279785 245.30345916748 242.601421356201 241.84651184082 239.893634796143 239.578472137451 241.515102386475 243.571495056152 243.676605224609 246.189056396484 245.794048309326 245.941326141357 246.088603973389 245.806335449219 245.954219818115 243.162940979004 241.469867706299 239.531524658203 239.674911499023 239.694442749023 240.386241912842 239.942398071289 240.993530273438
247.613361358643 247.884864807129 252.074867248535 251.597511291504 252.736034393311 252.455787658691 255.61181640625 256.357563018799 255.013534545898 253.777126312256 254.054656982422 252.50989151001 251.613834381104 248.757137298584 247.975135803223 244.59846496582 242.853710174561 243.488388061523 243.567314147949 243.52950668335 243.60799407959 244.650917053223 244.729820251465 245.3625831604 245.452857971191 243.916412353516 245.431659698486 245.532901763916 244.546680450439 243.558959960938 243.65869140625 244.309421539307 244.408798217773 244.508167266846 244.607532501221 245.025169372559 246.006637573242 246.697559356689 246.839164733887 243.497035980225 243.758464813232 243.34997177124 241.409713745117 241.238033294678 240.395992279053 240.533855438232 237.724647521973 238.843395233154 240.781517028809 240.839935302734
248.794898986816 248.218524932861 247.552227020264 248.031085968018 250.233516693115 252.440799713135 252.728733062744 253.016658782959 254.165649414062 254.758125305176 254.088474273682 250.923336029053 250.033290863037 248.702049255371 246.104084014893 245.228973388672 243.898384094238 242.905261993408 242.027660369873 242.667537689209 243.163112640381 243.249061584473 242.804786682129 245.493713378906 244.499042510986 245.454860687256 244.029510498047 244.004959106445 243.562282562256 245.295822143555 244.838836669922 245.903995513916 245.998657226562 245.988803863525 246.081314086914 247.035243988037 246.055374145508 247.052528381348 247.188449859619 244.51082611084 242.997295379639 242.700428009033 240.323516845703 240.579494476318 240.278785705566 236.916694641113 237.04651260376 239.68994140625 238.922698974609 239.826778411865
245.016330718994 245.799243927002 247.704261779785 248.946350097656 250.208763122559 254.794948577881 255.396202087402 253.324127197266 254.179489135742 255.33837890625 253.261138916016 253.961265563965 249.743801116943 250.394950866699 250.589946746826 246.265480041504 244.535495758057 243.548007965088 243.640850067139 244.816276550293 244.909866333008 244.885139465332 244.978614807129 245.933311462402 243.970905303955 246.440525054932 246.528930664062 248.137748718262 245.305618286133 244.842468261719 244.930038452148 247.399948120117 245.422863006592 244.96431350708 245.049472808838 245.134620666504 246.104091644287 244.162368774414 244.604206085205 244.303142547607 242.046661376953 241.071395874023 242.301425933838 238.505588531494 239.17724609375 236.666095733643 237.898063659668 235.072463989258 236.007698059082 236.043663024902
245.808967590332 248.666496276855 250.024158477783 250.327625274658 251.134307861328 250.488845825195 252.605422973633 253.025970458984 254.193332672119 254.501308441162 254.253143310547 252.623065948486 250.451023101807 249.038482666016 248.180038452148 248.282215118408 244.617332458496 242.672218322754 242.771507263184 243.835792541504 244.797199249268 245.863666534424 245.964431762695 246.617416381836 247.570484161377 247.426601409912 251.087348937988 248.24951171875 248.331485748291 245.911026000977 246.310989379883 246.391319274902 245.61022567749 244.484405517578 244.451480865479 244.530010223389 244.508777618408 244.518600463867 241.705551147461 241.827136993408 239.00940322876 238.708709716797 238.829326629639 238.515724182129 239.181140899658 236.664600372314 236.782234191895 235.916641235352 236.971801757812 236.558948516846
243.943737030029 246.250301361084 248.473041534424 248.785163879395 249.097282409668 252.28263092041 252.598865509033 254.842929840088 255.162040710449 255.481143951416 254.842895507812 251.707397460938 249.544116973877 248.693653106689 248.248332977295 244.898223876953 244.145294189453 241.344944000244 242.312843322754 242.111080169678 246.544624328613 248.171630859375 249.14134979248 250.218299865723 247.702503204346 245.719985961914 248.17724609375 246.611610412598 247.345077514648 247.18871307373 245.429046630859 245.502365112305 244.480628967285 243.033008575439 241.035274505615 241.967929840088 242.062389373779 243.700965881348 241.983173370361 240.021915435791 238.615020751953 237.751873016357 239.390716552734 237.981021881104 238.51602935791 237.519157409668 237.63098526001 236.759548187256 237.366859436035 238.495960235596
241.88298034668 244.195323944092 247.370380401611 246.183406829834 249.370414733887 252.17248916626 253.3551902771 255.609237670898 255.079536437988 255.407821655273 255.736110687256 255.204238891602 253.608005523682 251.990077972412 249.731407165527 248.885814666748 245.641967773438 241.986095428467 241.546672821045 242.52165222168 244.04899597168 245.575939178467 248.071178436279 250.01676940918 249.247131347656 246.705638885498 245.683391571045 247.27169418335 245.384925842285 246.313385009766 246.380126953125 243.517333984375 242.486701965332 241.031879425049 241.096729278564 242.02299118042 241.681823730469 240.692096710205 240.918579101562 240.053188323975 239.500526428223 239.296184539795 237.882816314697 237.740325927734 238.391521453857 237.517127990723 237.623672485352 237.290195465088 236.361705780029 238.203441619873
242.204410552979 241.581317901611 242.960765838623 245.293121337891 246.4758644104 248.726047515869 252.490810394287 254.850093841553 256.046875 258.018260955811 257.804889678955 257.189002990723 256.340198516846 254.953449249268 252.704845428467 247.546806335449 247.669834136963 244.984943389893 243.055206298828 243.175716400146 244.157733917236 245.691375732422 245.692577362061 246.364189147949 246.227436065674 246.288272857666 243.736392974854 244.768562316895 244.28332901001 245.31485748291 243.854427337646 244.460403442383 241.587188720703 242.506641387939 242.564487457275 242.622344970703 241.186111450195 240.189979553223 240.38549041748 240.440956115723 239.527168273926 239.631381988525 238.190769195557 238.292804718018 238.524768829346 236.533336639404 236.633796691895 239.685840606689 237.044471740723 238.435024261475
243.53137588501 244.912307739258 242.881912231445 244.060771942139 245.450775146484 252.078987121582 254.222774505615 256.704555511475 257.904979705811 258.249702453613 258.594425201416 260.020488739014 257.36506652832 255.009757995605 253.635234832764 250.868709564209 248.098136901855 245.85652923584 243.939468383789 243.106201171875 242.15096282959 244.113552093506 244.797885894775 245.481452941895 244.483947753906 243.757659912109 245.330791473389 243.547676086426 241.957164764404 241.77526473999 243.66019821167 243.394954681396 242.471103668213 241.001605987549 242.025375366211 242.936687469482 240.215682983398 240.267284393311 241.684268951416 241.02046585083 241.070980072021 240.573429107666 239.517135620117 238.769638061523 236.973350524902 236.948127746582 236.143913269043 235.39465713501 236.002548217773 237.763198852539
242.576526641846 243.186180114746 244.564937591553 243.380798339844 244.765327453613 249.581157684326 252.273784637451 255.482036590576 255.817901611328 258.082984924316 259.498870849609 258.760429382324 257.195247650146 255.718936920166 255.880199432373 251.316089630127 248.870426177979 247.201965332031 243.891166687012 241.989856719971 243.553787231445 244.674098968506 244.825839996338 246.273857116699 246.370853424072 244.771877288818 244.813430786133 243.76256942749 244.351764678955 245.253936767578 245.293968200684 244.238246917725 244.277442932129 241.699558258057 241.193058013916 242.065010070801 241.224033355713 239.716732025146 239.389320373535 240.820503234863 240.423240661621 242.455432891846 240.549938201904 239.523788452148 238.167358398438 238.216175079346 236.074935913086 236.42227935791 236.727836608887 238.350185394287
244.263374328613 242.227397918701 246.165065765381 246.273654937744 246.14644241333 248.380634307861 248.702651977539 253.308269500732 254.705989837646 256.842906951904 257.067756652832 257.397323608398 257.653198242188 256.98112487793 256.19953918457 251.401271820068 247.261890411377 246.470542907715 245.559917449951 246.286808013916 246.786682128906 249.015399932861 248.653415679932 247.185119628906 246.087291717529 247.640941619873 247.120529174805 247.700241088867 246.637287139893 245.572788238525 246.695022583008 244.219848632812 242.493728637695 241.547992706299 241.134540557861 242.23705291748 241.390830993652 240.341651916504 239.882469177246 240.22790145874 240.250263214111 240.110012054443 240.15650177002 240.214164733887 238.659782409668 238.404586791992 237.932373046875 238.236476898193 237.994029998779 239.073040008545
244.157604217529 243.525478363037 243.835693359375 245.492160797119 244.957607269287 245.383472442627 248.562194824219 250.795108795166 251.962776184082 254.310928344727 254.633720397949 257.442722320557 257.480110168457 253.267887115479 251.944694519043 249.470401763916 247.061851501465 246.730297088623 246.065280914307 247.670280456543 245.917194366455 246.967643737793 249.545066833496 248.649097442627 248.202980041504 248.223335266113 248.794261932373 249.676773071289 250.127658843994 249.172275543213 248.522624969482 245.063144683838 243.559894561768 241.818927764893 241.786201477051 241.839344024658 241.88650894165 241.134689331055 241.220199584961 240.718143463135 240.788261413574 242.285984039307 243.122974395752 242.074371337891 240.758800506592 240.007774353027 240.605857849121 240.371116638184 239.593975067139 241.466602325439
