data/spatiotemp/temp3/bio17_norsw_test_2011_2014.asc
NCOLS 654 
NROWS 380 
XLLCORNER 3.91666666666667 
YLLCORNER 55.3333333333333 
CELLSIZE 0.0416666666666667 
NODATA_value -9999 
[rows 330 to 351 of 380, columns 200 to 249 of 654]
127.451446533203 133.360412597656 137.826194763184 138.371171951294 142.825326919556 142.84309387207 138.422235488892 143.108413696289 142.215085983276 142.615156173706 143.248847961426 146.26522064209 150.235216140747 151.195667266846 152.746726989746 152.313060760498 151.253650665283 153.117412567139 153.759540557861 149.080026626587 145.609157562256 144.209760665894 141.003622055054 141.043703079224 138.408714294434 135.742935180664 135.800752639771 135.547039031982 135.859174728394 135.604276657104 133.569137573242 127.931819915771 121.976570129395 122.024814605713 121.182163238525 123.635917663574 121.574932098389 121.015840530396 118.631950378418 115.350004196167 118.438835144043 113.949518203735 117.587636947632 120.923748016357 119.126043319702 117.941747665405 117.966161727905 118.337469100952 115.697347640991 115.029481887817
125.780130386353 128.498607635498 131.416265487671 134.620208740234 136.69063949585 134.045627593994 134.998542785645 141.526079177856 144.746028900146 148.906478881836 150.776599884033 149.331781387329 150.862405776978 153.339862823486 156.037294387817 153.452234268188 155.078899383545 156.080677032471 151.724397659302 147.632358551025 147.721921920776 143.348022460938 140.408857345581 140.085927963257 138.670848846436 138.435899734497 139.370162963867 137.303907394409 133.790998458862 134.210437774658 132.429271697998 125.608800888062 122.725193023682 123.100902557373 123.168558120728 121.136280059814 121.483978271484 123.010860443115 119.17427444458 112.238410949707 111.355354309082 112.566923141479 115.56982421875 117.680862426758 116.834159851074 116.845615386963 118.057645797729 114.450393676758 113.898429870605 112.651964187622
122.903470993042 127.664249420166 132.320560455322 135.299716949463 132.421779632568 135.952520370483 135.037754058838 140.038192749023 143.049797058105 147.529832839966 151.693162918091 153.47950553894 152.423286437988 152.480667114258 153.727104187012 153.196441650391 157.192602157593 154.906274795532 150.506090164185 149.1578540802 148.07307434082 145.365217208862 143.280536651611 141.86848449707 140.149517059326 138.398754119873 138.162097930908 135.567502975464 132.951951980591 131.848604202271 128.992906570435 125.787948608398 125.221019744873 123.524732589722 123.056795120239 121.355037689209 122.359363555908 116.658187866211 114.563539505005 111.26385307312 109.716552734375 110.914186477661 112.117353439331 112.764165878296 113.652294158936 113.892906188965 113.340559005737 113.338525772095 112.768348693848 111.499382019043
121.834411621094 122.702354431152 126.521631240845 131.88812828064 138.067878723145 136.955293655396 135.134780883789 137.43932723999 143.057292938232 147.538955688477 151.782716751099 153.865242004395 154.156047821045 152.240720748901 153.846961975098 155.406230926514 156.923536300659 154.189434051514 152.292711257935 151.430822372437 148.195465087891 146.785160064697 145.268621444702 142.439208984375 140.671403884888 138.669404983521 136.394708633423 136.206430435181 133.381706237793 131.984533309937 127.613656997681 127.064096450806 126.273677825928 125.486434936523 125.036386489868 122.700216293335 122.504442214966 117.343149185181 113.253732681274 111.148696899414 110.247051239014 110.543043136597 111.416982650757 111.741079330444 111.968402862549 113.14953994751 112.248104095459 111.578241348267 111.339786529541 111.795320510864
118.362436294556 119.797508239746 125.477403640747 128.372444152832 130.943471908569 136.301034927368 138.062797546387 137.168790817261 143.351978302002 144.214138031006 147.53564453125 150.216856002808 150.580810546875 150.611349105835 152.427421569824 156.330606460571 155.431457519531 154.277408599854 153.391904830933 152.143280029297 150.628620147705 147.134485244751 146.497644424438 144.02286529541 140.513820648193 138.293272018433 137.61040687561 134.211639404297 131.636016845703 129.666063308716 128.234350204468 128.878545761108 128.437671661377 127.344554901123 127.212379455566 124.572822570801 122.528759002686 118.997268676758 114.499771118164 113.054527282715 111.812219619751 113.339702606201 111.23916053772 110.02367401123 110.558469772339 112.633615493774 110.532188415527 112.607727050781 111.462581634521 110.402072906494
117.901472091675 118.17919921875 124.038711547852 127.106134414673 129.067609786987 133.461984634399 137.566846847534 139.628211975098 142.796102523804 145.764966964722 145.127052307129 147.193965911865 148.432403564453 150.852724075317 155.258348464966 157.261499404907 155.731798171997 156.093950271606 155.945890426636 154.19243812561 153.367265701294 148.848821640015 146.035362243652 144.867303848267 140.63387298584 138.791933059692 135.336738586426 134.477870941162 132.435592651367 130.459438323975 129.664655685425 130.102108001709 130.19264793396 127.667192459106 126.768363952637 124.547239303589 121.889783859253 118.385595321655 114.227445602417 113.344657897949 111.265279769897 113.115266799927 111.578897476196 110.381301879883 110.38187789917 110.382455825806 111.813243865967 113.579610824585 111.181091308594 108.713897705078
111.749296188354 116.360284805298 119.019611358643 121.929973602295 125.394269943237 128.337907791138 134.693712234497 139.621021270752 142.560401916504 144.032482147217 142.456741333008 145.392873764038 152.988134384155 156.265205383301 156.834167480469 158.978248596191 157.455390930176 159.499269485474 158.124963760376 156.415809631348 154.173416137695 151.582918167114 148.998567581177 145.350828170776 143.858568191528 141.441596984863 137.983001708984 133.563842773438 134.821521759033 133.190336227417 131.742446899414 130.971446990967 131.050661087036 127.876415252686 126.118005752563 124.778940200806 121.024095535278 118.969139099121 116.029327392578 113.971380233765 113.987646102905 113.120874404907 108.982671737671 108.344879150391 109.895063400269 108.724718093872 110.306722640991 110.248182296753 109.346044540405 107.015884399414
111.888961791992 112.773052215576 116.514574050903 120.355867385864 123.177730560303 128.476949691772 132.240308761597 135.349294662476 137.640056610107 136.330253601074 140.986598968506 149.688064575195 152.022790908813 154.714155197144 158.315996170044 160.066703796387 160.059240341187 161.525339126587 161.047756195068 159.158792495728 157.10131072998 154.668272018433 151.204301834106 148.767213821411 145.328666687012 142.130876541138 140.08423614502 134.491647720337 133.711423873901 133.742425918579 132.393314361572 133.029190063477 131.035467147827 129.276638031006 126.741930007935 123.55651473999 119.5046043396 115.172199249268 113.136863708496 114.018905639648 111.899301528931 109.970813751221 107.816171646118 106.423114776611 107.332452774048 107.901382446289 107.929779052734 106.582134246826 106.650918960571 106.762128829956
109.224737167358 111.521154403687 115.242919921875 117.859163284302 121.611431121826 126.849414825439 128.835947036743 128.402416229248 130.904800415039 129.893171310425 136.245290756226 146.660001754761 151.358488082886 157.134990692139 162.441694259644 161.721376419067 161.762418746948 161.434732437134 161.828674316406 161.698963165283 158.755836486816 156.005954742432 153.406047821045 151.687961578369 149.173198699951 145.923866271973 139.45725440979 137.71368598938 134.55800819397 134.046781539917 132.932388305664 132.986957550049 133.280735015869 129.256767272949 124.878444671631 120.811656951904 116.542190551758 113.569417953491 111.336042404175 111.381204605103 109.048725128174 107.563247680664 105.539958953857 106.462448120117 105.853382110596 105.35640335083 106.277698516846 104.429233551025 105.381994247437 104.601257324219
-9999 111.108402252197 113.050397872925 115.318729400635 117.581823348999 122.737022399902 125.098094940186 126.108276367188 124.1185131073 125.455619812012 132.668992996216 139.845962524414 147.405401229858 157.616870880127 161.496124267578 163.864542007446 163.738750457764 164.682210922241 163.322792053223 162.832815170288 159.562648773193 159.233648300171 154.93305015564 153.046064376831 149.814386367798 145.716184616089 139.884830474854 138.662994384766 136.909736633301 136.109107971191 134.986715316772 133.545206069946 131.221210479736 128.04257774353 123.452451705933 119.071243286133 114.488903045654 111.00691986084 110.187744140625 111.125514984131 108.247743606567 106.161905288696 106.217607498169 105.960275650024 103.951442718506 103.183708190918 105.14591217041 106.624380111694 105.821950912476 106.794261932373
-9999 -9999 111.132465362549 113.613731384277 115.858285903931 116.370206832886 116.222457885742 120.503562927246 120.023900985718 122.480150222778 127.300603866577 136.302600860596 146.716255187988 155.162515640259 157.778430938721 160.214462280273 164.145904541016 165.766860961914 164.608278274536 162.739902496338 160.001171112061 158.824247360229 156.947471618652 154.546712875366 151.815538406372 146.597005844116 141.925247192383 139.961040496826 138.202333450317 137.281085968018 136.357948303223 133.184131622314 130.568290710449 127.386825561523 121.605054855347 116.173992156982 111.608768463135 111.682697296143 110.879758834839 109.992816925049 107.367204666138 104.626132965088 105.484045028687 104.645036697388 103.846143722534 104.725086212158 105.416290283203 105.49608039856 106.455615997314 106.538251876831
-9999 -9999 109.765140533447 112.813972473145 115.039133071899 115.199619293213 112.974967956543 110.755922317505 113.480667114258 116.313024520874 123.547832489014 135.339820861816 148.627574920654 150.73752784729 152.02799987793 158.209070205688 164.54878616333 167.587858200073 163.617111206055 161.060609817505 160.777420043945 161.191905975342 158.464883804321 156.076105117798 152.405647277832 146.905979156494 141.914381027222 140.262882232666 138.701267242432 138.12703704834 136.354415893555 133.698713302612 131.397785186768 127.898071289062 122.122343063354 117.01762008667 110.992385864258 111.080947875977 110.842987060547 108.010078430176 108.97056388855 106.687824249268 105.245401382446 105.342742919922 103.548183441162 104.52112197876 104.617513656616 103.69570350647 103.779054641724 103.850317001343
-9999 -9999 -9999 110.272434234619 113.62931060791 113.438520431519 110.862108230591 108.951431274414 108.767248153687 114.143177032471 118.687898635864 129.621131896973 135.647891998291 145.578880310059 145.198919296265 155.378280639648 164.947402954102 164.846963882446 164.924465179443 161.681163787842 166.799705505371 165.838453292847 161.534858703613 159.522386550903 155.896389007568 149.08166885376 144.40758895874 141.439538955688 141.377429962158 140.992559432983 137.498373031616 135.39768409729 132.217395782471 129.234796524048 124.338916778564 119.477909088135 113.242547988892 113.666439056396 111.215250015259 108.319860458374 107.895801544189 106.67596244812 105.782506942749 105.022848129272 103.59789276123 102.835126876831 102.947654724121 102.044176101685 102.129739761353 103.599998474121
-9999 -9999 -9999 -9999 -9999 -9999 107.924560546875 106.81090927124 106.60878944397 109.920980453491 114.12370300293 119.772199630737 130.236476898193 142.81125831604 142.740839004517 147.060144424438 153.458873748779 154.214159011841 159.94393157959 164.575256347656 167.248846054077 167.157119750977 165.484880447388 161.560104370117 155.814771652222 151.322864532471 146.660436630249 145.707347869873 144.123899459839 143.527786254883 140.544704437256 136.724615097046 134.417194366455 130.039720535278 126.854528427124 119.424047470093 116.428007125854 113.053394317627 110.626699447632 108.942596435547 108.53568649292 106.315444946289 106.402801513672 104.179084777832 103.301267623901 102.55708694458 101.147180557251 101.803014755249 101.016654968262 102.955909729004
-9999 -9999 -9999 -9999 -9999 -9999 -9999 -9999 105.101530075073 106.92667388916 117.291816711426 115.005750656128 124.591661453247 136.012548446655 131.539196014404 142.825498580933 145.902751922607 144.678497314453 153.912605285645 162.540529251099 170.113355636597 169.342981338501 165.249816894531 160.453359603882 157.14181137085 153.434604644775 150.916202545166 148.815099716187 149.073184967041 146.552154541016 143.166147232056 139.735363006592 136.04531288147 130.83455657959 126.305047988892 121.737216949463 116.299451828003 115.610675811768 112.255350112915 110.935567855835 109.225326538086 108.865287780762 106.107624053955 103.510652542114 102.131834030151 102.279050827026 100.891321182251 101.035558700562 102.666900634766 101.167182922363
-9999 -9999 -9999 -9999 -9999 -9999 -9999 -9999 105.134540557861 107.571046829224 109.689584732056 112.931516647339 115.512500762939 120.624521255493 124.025783538818 132.756753921509 139.630699157715 134.588739395142 150.947828292847 163.155618667603 166.902515411377 168.401214599609 160.992160797119 162.473997116089 160.729104995728 156.414222717285 152.910709381104 149.894622802734 151.015653610229 150.611427307129 145.69969367981 142.59083366394 136.292646408081 131.45814704895 127.693586349487 122.135721206665 117.670543670654 115.816268920898 115.143426895142 111.031332015991 109.828239440918 106.110210418701 103.894834518433 102.673534393311 101.836456298828 100.607719421387 101.642934799194 101.282121658325 102.775768280029 102.805479049683
-9999 -9999 -9999 -9999 -9999 -9999 -9999 -9999 -9999 104.686126708984 106.813154220581 110.392463684082 117.283391952515 118.722064971924 115.765768051147 119.49254989624 122.261159896851 135.544324874878 145.949012756348 151.225023269653 155.56982421875 161.672910690308 166.486339569092 167.27227973938 161.507659912109 157.23378944397 152.916168212891 152.370391845703 153.692735671997 152.05641746521 149.737827301025 144.851211547852 138.620643615723 135.187002182007 129.147951126099 124.494213104248 119.709379196167 117.350856781006 115.139959335327 112.445337295532 109.740348815918 106.02826499939 103.816804885864 100.726448059082 100.892629623413 101.410646438599 101.575944900513 101.218200683594 101.834516525269 101.855751037598
-9999 -9999 -9999 -9999 -9999 -9999 -9999 -9999 -9999 -9999 105.200546264648 107.979797363281 107.821880340576 109.275817871094 111.559020996094 108.933082580566 114.648111343384 123.585330963135 132.510971069336 139.659408569336 151.543216705322 164.897367477417 168.641906738281 166.461248397827 164.346225738525 160.090900421143 156.726694107056 156.150465011597 154.030826568604 152.418546676636 150.62543296814 145.741958618164 140.811979293823 136.501737594604 131.227813720703 125.417575836182 120.613159179688 118.556699752808 114.020292282104 112.687141418457 109.961385726929 106.743841171265 103.126029968262 100.889175415039 100.522499084473 100.674354553223 101.348413467407 100.876699447632 101.738735198975 102.768938064575
-9999 -9999 -9999 -9999 -9999 -9999 -9999 -9999 -9999 -9999 -9999 103.833456039429 105.737192153931 106.564144134521 106.125602722168 105.773006439209 108.697057723999 120.034311294556 127.21891784668 132.031684875488 150.387050628662 160.928720474243 164.865455627441 163.692609786987 163.540378570557 161.073934555054 159.102767944336 157.343828201294 156.287366867065 152.961633682251 150.491628646851 147.95355796814 142.141405105591 138.260429382324 134.282613754272 127.34494972229 121.880470275879 118.970285415649 115.883996963501 113.697942733765 110.698589324951 107.94450378418 103.306015014648 101.051900863647 100.671354293823 100.810241699219 100.921787261963 100.917930603027 104.154489517212 103.58839225769
-9999 -9999 -9999 -9999 -9999 -9999 -9999 -9999 -9999 -9999 -9999 -9999 -9999 -9999 -9999 103.990106582642 106.552942276001 111.728542327881 117.533721923828 126.516445159912 138.490350723267 142.977153778076 154.347896575928 158.322887420654 159.747455596924 159.569709777832 157.506824493408 157.845148086548 156.600856781006 152.778671264648 149.287698745728 148.706512451172 144.277145385742 140.81174659729 135.711868286133 129.244806289673 124.309232711792 120.05265045166 117.11336517334 113.158172607422 110.39546585083 108.14679145813 105.008682250977 102.21960067749 101.341501235962 101.468372344971 103.361276626587 103.34298324585 104.188793182373 103.83794593811
-9999 -9999 -9999 -9999 -9999 -9999 -9999 -9999 -9999 -9999 -9999 -9999 -9999 -9999 -9999 -9999 106.841413497925 110.043783187866 112.849494934082 119.816837310791 128.310232162476 137.304407119751 147.4889793396 156.253038406372 156.668785095215 154.419609069824 156.016756057739 155.86891746521 154.678321838379 152.239995956421 150.024881362915 148.580060958862 142.820583343506 139.357154846191 133.200368881226 126.341077804565 124.713672637939 122.794555664062 117.987344741821 114.288867950439 110.624504089355 108.349082946777 107.324735641479 105.309986114502 104.797626495361 103.780015945435 104.819927215576 106.458120346069 106.403831481934 106.334287643433
-9999 -9999 -9999 -9999 -9999 -9999 -9999 -9999 -9999 -9999 -9999 -9999 -9999 -9999 -9999 -9999 106.470855712891 109.31346321106 113.996904373169 119.50280380249 127.129247665405 135.000886917114 142.58251953125 148.932077407837 152.519227981567 153.966823577881 152.475805282593 152.167469024658 152.194456100464 148.837013244629 147.751531600952 145.249828338623 140.387550354004 136.476385116577 131.189538955688 128.705810546875 124.763402938843 121.371885299683 118.900363922119 114.575773239136 112.09959602356 109.815776824951 108.943933486938 108.361474990845 106.89839553833 104.998291015625 106.194234848022 107.592393875122 108.404600143433 110.188837051392
