data/spatiotemp/temp3/bio12_norsw_test_2011_2014.asc
NCOLS 654 
NROWS 380 
XLLCORNER 3.91666666666667 
YLLCORNER 55.3333333333333 
CELLSIZE 0.0416666666666667 
NODATA_value -9999 
[rows 88 to 109 of 380, columns 300 to 349 of 654]
558.877563476562 554.220092773438 554.823287963867 559.763496398926 556.518516540527 553.106773376465 550.71117401123 552.001052856445 552.545623779297 558.266632080078 560.847328186035 563.790687561035 566.006439208984 574.678215026855 597.638938903809 611.699493408203 595.516418457031 569.395561218262 561.677841186523 587.066963195801 618.942016601562 631.708480834961 624.840347290039 609.495300292969 622.070648193359 726.839080810547 784.885345458984 787.12223815918 724.921829223633 680.603637695312 653.696655273438 636.329025268555 622.433975219727 648.84033203125 722.521469116211 754.635101318359 754.165084838867 703.559478759766 683.37809753418 689.03108215332 669.157608032227 613.127197265625 587.251655578613 590.294288635254 604.777114868164 578.140235900879 565.758544921875 575.884010314941 627.949462890625 663.49739074707
509.278900146484 508.141448974609 513.068237304688 517.017547607422 523.06037902832 548.782600402832 583.730613708496 599.327484130859 603.717552185059 587.189376831055 550.532203674316 554.550437927246 581.957405090332 581.693305969238 560.089179992676 553.785972595215 553.487670898438 553.671157836914 560.766998291016 576.379119873047 619.393325805664 672.974182128906 689.679718017578 714.806945800781 691.469345092773 648.98567199707 700.433807373047 707.826217651367 752.283386230469 835.771759033203 823.657150268555 849.553359985352 751.567443847656 677.264633178711 641.595657348633 713.588638305664 804.737579345703 786.33464050293 751.241134643555 722.121810913086 668.408020019531 629.253997802734 624.787658691406 616.547592163086 623.597213745117 601.715209960938 587.709213256836 571.850700378418 579.826400756836 580.549499511719
485.838363647461 493.97632598877 499.106300354004 508.927024841309 518.053359985352 526.028182983398 535.958633422852 540.851257324219 539.84871673584 541.818550109863 543.832656860352 557.353607177734 573.482299804688 571.285293579102 558.627754211426 544.564628601074 545.391448974609 554.184684753418 587.366546630859 628.855575561523 632.303588867188 623.343536376953 656.129547119141 722.69450378418 728.516677856445 764.643310546875 754.224533081055 722.630981445312 637.486679077148 685.56396484375 738.250595092773 818.11994934082 875.10725402832 822.462692260742 703.00651550293 642.735427856445 632.003356933594 640.334030151367 639.479888916016 643.771591186523 634.25944519043 645.891418457031 681.885787963867 685.471954345703 666.459701538086 637.264633178711 627.73486328125 631.298049926758 603.892333984375 566.57039642334
493.052772521973 485.508934020996 489.413932800293 500.510070800781 505.643272399902 511.937347412109 514.244178771973 515.219566345215 535.67366027832 528.174125671387 529.007286071777 542.167411804199 609.569999694824 675.776702880859 648.210815429688 614.491989135742 581.064323425293 568.644989013672 569.145179748535 617.139877319336 691.532791137695 741.69953918457 724.740631103516 738.299407958984 709.606002807617 671.943389892578 640.090698242188 719.653442382812 720.502243041992 674.959747314453 633.957794189453 642.439712524414 703.179702758789 666.680618286133 665.040725708008 749.447372436523 777.485168457031 755.137023925781 732.429809570312 642.753372192383 642.841949462891 634.588104248047 700.86051940918 755.477890014648 792.659576416016 754.481491088867 726.824722290039 694.324188232422 651.054122924805 611.020599365234
593.146759033203 529.768737792969 535.328704833984 509.193244934082 488.672149658203 497.330238342285 510.318542480469 515.698181152344 521.05786895752 519.492263793945 529.713020324707 548.68733215332 572.422134399414 583.587776184082 586.399719238281 583.393684387207 581.163734436035 587.253173828125 570.588981628418 594.827606201172 657.535537719727 675.948013305664 654.781326293945 715.241333007812 748.100463867188 844.71809387207 777.986328125 814.664825439453 798.552825927734 739.746398925781 682.078353881836 636.192245483398 691.326629638672 756.736587524414 740.686920166016 773.313278198242 797.897857666016 812.027816772461 743.255905151367 751.756912231445 677.77099609375 628.315200805664 679.198120117188 711.65397644043 683.950622558594 717.195037841797 734.103073120117 699.144378662109 665.990585327148 633.625045776367
616.717613220215 572.088897705078 554.974884033203 563.980445861816 537.117164611816 496.695861816406 515.385070800781 548.607070922852 612.950241088867 595.139541625977 539.226036071777 527.26927947998 549.452507019043 565.576469421387 568.085426330566 578.538101196289 608.161209106445 605.151161193848 586.01847076416 610.87467956543 678.944915771484 677.186950683594 741.703796386719 734.266326904297 690.855056762695 703.579956054688 687.787322998047 663.834197998047 709.188385009766 680.028854370117 636.964981079102 622.934448242188 667.404586791992 650.024475097656 710.32373046875 776.720657348633 806.961044311523 825.253463745117 821.111129760742 816.570953369141 788.710525512695 733.253051757812 699.294692993164 690.627105712891 650.035003662109 623.159042358398 638.144821166992 665.124267578125 638.708206176758 640.042556762695
562.674224853516 575.583694458008 536.846336364746 513.211784362793 562.787208557129 605.963226318359 577.992225646973 566.457122802734 564.055046081543 615.781951904297 685.315353393555 672.754852294922 656.683441162109 600.770729064941 564.466697692871 581.865989685059 589.154525756836 582.218170166016 621.490753173828 691.623443603516 676.69319152832 713.514587402344 767.17512512207 734.596420288086 713.686279296875 694.799621582031 702.79443359375 720.868392944336 692.397644042969 706.441375732422 713.211135864258 776.055160522461 787.731246948242 838.043060302734 723.22395324707 649.461807250977 639.258438110352 672.296737670898 717.774749755859 777.858215332031 783.084762573242 742.433959960938 699.268920898438 696.527862548828 676.58430480957 645.446487426758 622.594955444336 617.685806274414 620.680267333984 621.645843505859
604.106269836426 608.911567687988 601.645858764648 632.358032226562 609.449653625488 639.549697875977 729.956695556641 649.897705078125 604.226280212402 582.383674621582 601.541114807129 653.616226196289 661.643173217773 625.151473999023 593.939758300781 574.806343078613 556.732086181641 583.77010345459 634.647216796875 678.461013793945 714.333892822266 718.383239746094 638.828567504883 618.299682617188 632.066909790039 680.891250610352 732.916168212891 766.717056274414 833.070739746094 803.604309082031 763.881149291992 746.49983215332 709.416748046875 755.839019775391 762.309432983398 678.219863891602 636.102233886719 633.654113769531 641.447265625 672.146774291992 699.30615234375 713.746856689453 695.871810913086 687.319458007812 679.025299072266 673.728149414062 648.163040161133 628.116592407227 620.548736572266 614.612915039062
753.982177734375 726.338668823242 655.684967041016 616.322532653809 597.747940063477 564.598770141602 578.270317077637 571.946731567383 567.031890869141 560.664741516113 566.317283630371 576.936828613281 597.845802307129 617.145645141602 638.756271362305 604.823745727539 562.976524353027 572.058464050293 626.4267578125 689.09260559082 652.855834960938 628.932479858398 631.540145874023 632.763244628906 593.446266174316 609.570999145508 698.16227722168 780.063903808594 776.669525146484 769.490188598633 788.996917724609 770.005386352539 733.796295166016 683.735092163086 656.472686767578 654.760620117188 671.055786132812 709.524353027344 690.011093139648 661.154586791992 632.290939331055 644.220138549805 645.224761962891 631.680999755859 633.475662231445 642.531753540039 646.100616455078 646.140090942383 625.284744262695 612.308319091797
624.321228027344 639.531814575195 603.177619934082 558.620307922363 547.142791748047 528.605117797852 540.059204101562 578.116752624512 612.286956787109 604.18123626709 601.668991088867 598.387596130371 613.712936401367 623.189987182617 628.098205566406 576.379692077637 564.722473144531 558.284057617188 590.971405029297 598.283378601074 593.912200927734 582.815811157227 595.095863342285 645.435180664062 612.6943359375 593.231384277344 630.832427978516 656.116241455078 654.995880126953 654.692596435547 659.648010253906 654.968566894531 653.013275146484 658.471160888672 656.7939453125 654.087005615234 654.574905395508 670.252716064453 685.715591430664 694.260101318359 673.374771118164 638.490249633789 638.388122558594 628.379196166992 611.947723388672 615.174331665039 616.32731628418 600.426345825195 587.332305908203 591.600799560547
580.46662902832 565.84449005127 556.525436401367 539.671180725098 544.251678466797 531.048553466797 555.61100769043 589.457954406738 606.426734924316 592.006561279297 601.311958312988 603.921730041504 620.052551269531 633.152633666992 612.157012939453 594.309478759766 561.304306030273 554.737846374512 587.265266418457 679.053985595703 678.701934814453 670.904632568359 627.538360595703 604.597587585449 590.969268798828 581.524963378906 587.91187286377 591.518867492676 600.443092346191 607.181243896484 613.712493896484 623.200012207031 627.635635375977 633.164428710938 643.306518554688 648.340728759766 642.989288330078 640.727645874023 646.299179077148 645.328155517578 641.450637817383 631.164794921875 622.763778686523 615.202514648438 607.246276855469 600.244049072266 596.752670288086 592.047386169434 589.047058105469 583.389053344727
564.960029602051 551.48543548584 541.057861328125 536.047309875488 526.277252197266 548.434455871582 594.878784179688 605.814651489258 637.936599731445 629.133575439453 583.203010559082 565.564712524414 573.863540649414 611.319984436035 659.97509765625 629.285690307617 593.161079406738 577.020797729492 570.47737121582 601.377426147461 643.9560546875 752.842620849609 729.318176269531 695.858551025391 686.022048950195 662.91423034668 628.480972290039 597.190063476562 600.255073547363 607.385360717773 620.096694946289 618.863693237305 622.842041015625 632.493682861328 633.833374023438 644.208160400391 650.323165893555 663.041213989258 666.181015014648 674.762496948242 671.778213500977 679.95735168457 693.117004394531 677.702835083008 656.182266235352 641.002197265625 641.262603759766 640.295120239258 603.83171081543 585.842742919922
560.51001739502 554.574401855469 546.422828674316 543.192192077637 541.765007019043 581.335418701172 640.323272705078 602.639602661133 610.130760192871 636.983459472656 601.743133544922 559.280433654785 570.746711730957 599.796936035156 671.961410522461 707.945602416992 644.608810424805 603.208198547363 586.659126281738 574.132591247559 574.633460998535 587.471893310547 626.359970092773 629.233001708984 635.223281860352 665.500045776367 632.966735839844 611.424697875977 611.764373779297 608.30500793457 622.372772216797 624.480697631836 624.507110595703 630.087585449219 637.025146484375 641.475463867188 651.487030029297 667.019287109375 675.675186157227 673.631851196289 682.209671020508 691.470184326172 678.341735839844 668.324783325195 657.976928710938 645.056549072266 636.432312011719 629.998046875 620.482986450195 609.085830688477
561.917930603027 553.556777954102 541.855682373047 536.256507873535 533.153266906738 538.198936462402 548.546714782715 550.144386291504 554.384689331055 567.600608825684 610.647087097168 628.039428710938 593.116569519043 546.904106140137 572.53279876709 638.343658447266 692.288009643555 661.625 630.623031616211 622.094223022461 618.636688232422 609.501365661621 588.613288879395 576.65079498291 582.234878540039 580.275688171387 584.777244567871 596.111991882324 605.936027526855 618.877670288086 631.09684753418 640.125793457031 640.98876953125 639.261993408203 642.333892822266 642.836380004883 642.65348815918 645.723754882812 655.931289672852 670.870025634766 661.658477783203 649.372024536133 645.304977416992 638.320114135742 624.996368408203 613.597427368164 598.98762512207 582.962562561035 574.971488952637 567.669311523438
571.432685852051 565.476272583008 557.594718933105 547.978721618652 540.067230224609 537.381614685059 543.322891235352 550.744972229004 549.738616943359 548.24341583252 543.488754272461 562.875244140625 592.18091583252 573.596168518066 550.371322631836 572.588821411133 615.540885925293 640.584213256836 669.55094909668 670.879913330078 674.727203369141 667.410766601562 624.700500488281 591.467407226562 599.895164489746 601.849189758301 595.037239074707 595.800537109375 603.100959777832 608.436149597168 614.135559082031 620.730346679688 636.812637329102 643.079635620117 645.843460083008 649.645477294922 656.575469970703 652.663528442383 654.798950195312 650.039566040039 641.261657714844 631.128677368164 620.904495239258 615.844223022461 603.975311279297 598.061218261719 582.548469543457 574.301406860352 574.622451782227 570.257705688477
571.828643798828 560.954299926758 557.959091186523 550.292419433594 543.989120483398 538.57201385498 534.549613952637 534.480926513672 534.006729125977 534.548149108887 540.415168762207 538.908576965332 543.786079406738 552.284248352051 554.085411071777 551.718246459961 558.99193572998 583.932777404785 622.930389404297 679.646621704102 695.632965087891 656.332138061523 653.563980102539 686.053070068359 645.412826538086 612.240242004395 601.861785888672 599.26123046875 609.498596191406 617.838317871094 623.250473022461 627.427871704102 629.334609985352 630.768356323242 638.628295898438 643.936264038086 647.361785888672 648.709625244141 647.035781860352 645.531555175781 642.475784301758 638.506591796875 629.427825927734 616.550918579102 612.419235229492 613.935043334961 617.655456542969 632.321563720703 626.987274169922 624.14176940918
595.939598083496 582.638442993164 596.942016601562 598.415229797363 574.827842712402 577.755355834961 619.921569824219 586.16487121582 570.635498046875 555.356384277344 561.489433288574 559.622131347656 551.572540283203 550.50407409668 554.623741149902 551.324661254883 549.645164489746 558.729515075684 568.236152648926 591.219299316406 629.149291992188 669.667724609375 681.706451416016 644.561141967773 681.161514282227 658.269943237305 637.749893188477 621.525756835938 617.99787902832 615.577499389648 615.334075927734 621.802627563477 627.066009521484 636.458953857422 641.267181396484 640.819427490234 641.993865966797 643.389938354492 645.668411254883 645.752029418945 643.036697387695 640.947998046875 637.924911499023 634.400741577148 635.678466796875 640.708465576172 640.67610168457 643.606475830078 638.143966674805 655.664352416992
664.194320678711 612.800994873047 590.550567626953 584.10213470459 602.07266998291 580.357414245605 695.585571289062 733.062515258789 673.531143188477 605.707138061523 597.011711120605 591.429588317871 581.58708190918 576.744407653809 589.637077331543 571.872093200684 558.281723022461 554.481422424316 549.82642364502 558.241508483887 567.572792053223 576.997604370117 588.979423522949 592.967323303223 597.804351806641 600.830551147461 605.062782287598 612.378921508789 612.720352172852 616.179183959961 621.428497314453 635.351455688477 638.625534057617 648.49772644043 658.137542724609 652.877395629883 644.479339599609 640.926971435547 642.224578857422 644.376708984375 641.848129272461 641.05744934082 637.447418212891 636.744445800781 634.02783203125 625.738861083984 630.317428588867 637.279083251953 657.909042358398 641.407653808594
674.016052246094 650.550018310547 640.439956665039 603.112350463867 577.112495422363 553.59684753418 566.403518676758 617.990562438965 656.582443237305 673.077453613281 644.332427978516 605.665534973145 581.542839050293 565.874740600586 591.697624206543 651.909881591797 615.453216552734 587.998519897461 574.868759155273 563.795631408691 561.887001037598 562.059181213379 566.91480255127 569.23469543457 577.815437316895 586.005012512207 601.800956726074 619.18147277832 622.898162841797 626.328247070312 632.358917236328 638.40837097168 639.697036743164 643.970108032227 645.463821411133 652.64387512207 658.134262084961 653.070861816406 654.973907470703 654.70036315918 653.258926391602 649.272384643555 643.949371337891 641.227996826172 634.979446411133 636.030181884766 647.613922119141 638.335922241211 633.003067016602 619.552658081055
627.912689208984 610.142311096191 586.66658782959 574.676704406738 561.735832214355 545.074531555176 556.56901550293 574.128410339355 576.333961486816 567.779106140137 570.289764404297 592.917663574219 600.611587524414 581.07991027832 564.410461425781 617.164978027344 674.312881469727 665.529403686523 608.755928039551 596.00414276123 592.111663818359 569.454170227051 559.42155456543 563.561386108398 569.788429260254 573.179214477539 581.714332580566 598.716514587402 609.688140869141 615.366409301758 620.185943603516 640.318313598633 659.687042236328 657.036895751953 652.119720458984 653.169738769531 653.649780273438 653.576293945312 656.818313598633 666.224914550781 670.471374511719 668.220855712891 664.422454833984 658.693511962891 654.279708862305 655.129867553711 661.303436279297 651.993103027344 645.826354980469 632.680099487305
660.622756958008 661.583236694336 635.405563354492 612.947525024414 588.512771606445 557.468536376953 536.759094238281 539.094375610352 566.94026184082 577.594551086426 579.892959594727 571.636619567871 568.478385925293 557.023246765137 558.051239013672 596.392929077148 634.71516418457 650.484588623047 657.827667236328 631.019668579102 601.313018798828 581.829879760742 574.715148925781 566.949592590332 567.078186035156 569.130706787109 578.770805358887 594.300712585449 594.965660095215 596.649787902832 602.145866394043 604.343772888184 613.616134643555 623.876434326172 632.274475097656 644.745544433594 649.812393188477 658.131225585938 666.488189697266 668.066955566406 660.686264038086 665.634826660156 672.027206420898 674.313079833984 678.483963012695 687.690139770508 686.440200805664 680.346832275391 681.170349121094 677.515045166016
645.461929321289 685.928756713867 700.409591674805 671.412399291992 644.734313964844 621.025863647461 605.204971313477 567.382537841797 556.015586853027 540.795547485352 542.09334564209 547.653884887695 560.023704528809 570.676536560059 569.515075683594 578.661834716797 576.609367370605 569.538352966309 584.29483795166 604.066299438477 623.92741394043 615.131790161133 587.82438659668 579.847618103027 581.512962341309 583.852882385254 576.786796569824 576.419624328613 578.267990112305 578.023887634277 585.69108581543 588.58366394043 597.113639831543 605.077774047852 621.901443481445 640.538024902344 654.702651977539 673.114654541016 690.032913208008 696.472229003906 691.276031494141 695.585845947266 708.281509399414 677.519195556641 666.603561401367 666.713104248047 674.838088989258 688.406448364258 696.123306274414 686.190277099609
