data/spatiotemp/temp3/bio10_norsw_test_2011_2014.asc
NCOLS 654 
NROWS 380 
XLLCORNER 3.91666666666667 
YLLCORNER 55.3333333333333 
CELLSIZE 0.0416666666666667 
NODATA_value -9999 
[rows 264 to 285 of 380, columns 200 to 249 of 654]
14.8813474178314 15.3190090656281 15.0893378257751 15.1676666736603 15.1526618003845 14.7416565418243 14.6299850940704 14.7269802093506 14.4219756126404 14.2836377620697 14.5926327705383 15.0742945671082 15.3534834384918 15.4468681812286 15.5235850811005 15.7089686393738 15.873685836792 15.9824030399323 16.1637876033783 15.8258373737335 15.692554473877 15.2519381046295 15.1679890155792 15.079372882843 15.0270373821259 14.7983157634735 14.6462597846985 15.1802051067352 15.3681499958038 15.3394281864166 15.3400394916534 14.9353175163269 14.8992624282837 14.7358739376068 14.9318187236786 15.160430431366 15.2370276451111 15.2336101531982 15.0201930999756 14.9841091632843 14.8126919269562 14.6379408836365 14.5258574485779 14.6031069755554 14.6403563022614 14.8296058177948 15.0141880512238 14.9474375247955 14.8419456481934 14.7557103633881
14.95907330513 15.2858626842499 15.1833186149597 15.066109418869 14.8862318992615 15.1243543624878 14.8838105201721 14.8172671794891 14.6067230701447 14.3855130672455 14.7043025493622 14.9024248123169 14.9886252880096 15.0335700511932 15.0858488082886 15.2947936058044 15.2230710983276 15.6106832027435 16.0789611339569 15.7805721759796 15.6281843185425 15.1251289844513 14.9347403049469 14.7496848106384 15.0014188289642 14.9472749233246 14.6797971725464 14.8903205394745 15.2295093536377 15.3966989517212 15.2158885002136 15.3017449378967 14.8202669620514 14.9714572429657 15.1506464481354 15.2631692886353 15.3606820106506 15.1951849460602 15.0823543071747 15.0161905288696 14.9253606796265 14.8338632583618 14.7496995925903 14.6428692340851 14.743371963501 14.9092082977295 14.9723777770996 15.0675475597382 14.9684484004974 14.8764142990112
15.1247990131378 14.8780500888824 15.3646337985992 15.1565506458282 14.9531350135803 15.0477194786072 14.9829692840576 14.969553232193 14.8294703960419 14.7107212543488 14.8046388626099 14.8245553970337 15.08043384552 14.9196062088013 15.2567789554596 15.2479510307312 14.9231233596802 15.0549626350403 15.4288015365601 15.9733071327209 15.9338128566742 15.725652217865 15.3814911842346 15.1173300743103 15.1564667224884 14.8915674686432 14.5600016117096 14.3817689418793 14.779536485672 15.2586374282837 15.3664045333862 15.3975050449371 15.1912727355957 15.3317067623138 15.318140745163 15.2379078865051 15.2016699314117 15.2660930156708 15.2578494548798 15.0722723007202 14.8340287208557 14.7191181182861 14.6348748207092 14.6206307411194 14.9203877449036 15.0721442699432 14.9952337741852 15.0369901657104 14.9336178302765 14.9397850036621
15.1545255184174 15.1175699234009 15.4226150512695 15.3789937496185 15.1000380516052 15.0130832195282 15.2747943401337 15.0698394775391 15.0295515060425 15.0092632770538 15.1789746284485 15.0460200309753 15.1489086151123 15.1329751014709 15.2337090969086 15.4891090393066 15.183842420578 15.0559089183807 15.1159756183624 15.6427087783813 16.0627756118774 15.8328425884247 15.4129092693329 15.440309047699 15.1815145015717 15.2258605957031 15.0028729438782 14.6885509490967 15.0062294006348 15.1745748519897 15.3355872631073 15.5419323444366 15.6042773723602 15.4592893123627 15.4216346740723 14.8959803581238 14.9559910297394 14.9290015697479 14.9720108509064 14.9283540248871 14.8706974983215 14.6057066917419 14.5593831539154 14.8337268829346 14.9747366905212 14.9910793304443 14.932755947113 14.8850998878479 15.0201213359833 15.0684888362885
15.2495844364166 15.2817575931549 15.4379296302795 15.5134356021881 15.1916081905365 15.1957807540894 15.4192867279053 15.0274593830109 14.8369657993317 14.8864719867706 15.0273103713989 15.4014835357666 15.4060497283936 15.2690110206604 15.3593058586121 15.6629328727722 15.2332272529602 15.0141887664795 15.3564829826355 15.5474438667297 15.8364043235779 15.8826987743378 15.6876602172852 15.7199547290802 15.2412302494049 15.0974862575531 14.9297428131104 14.9233331680298 15.3355894088745 15.4258458614349 15.4374356269836 15.4843597412109 15.3972823619843 15.5228729248047 15.0617954730988 14.9100520610809 14.908979177475 14.9912424087524 14.6241724491119 14.7011020183563 14.7320320606232 14.9142956733704 15.0238919258118 15.057489156723 14.8204188346863 14.7966823577881 14.9176118373871 14.8858757019043 15.0739574432373 15.2658588886261
15.5486433506012 15.4966106414795 15.5239112377167 15.3732116222382 15.4398448467255 15.4698121547699 15.5611126422882 15.0844123363495 15.1537127494812 15.3736801147461 15.2656471729279 15.3309473991394 15.1451914310455 15.1997137069702 15.0062358379364 15.5547580718994 15.4659461975098 15.1831350326538 15.2783238887787 15.4041790962219 15.7333674430847 16.0245559215546 15.7250781059265 15.8569333553314 15.3989448547363 15.1024453639984 14.7946138381958 14.7001156806946 14.7882826328278 15.0551173686981 15.2379519939423 15.4967865943909 15.3962872028351 15.365788936615 15.1992900371552 14.8501243591309 14.9813003540039 14.9508168697357 14.664333820343 14.7318506240845 14.9373681545258 15.084883928299 15.0924007892609 15.0612511634827 14.889434337616 14.8216183185577 14.7298011779785 15.0666513442993 15.2197940349579 15.2658960819244
15.5843691825867 15.6441311836243 15.6498918533325 15.4903197288513 15.5107481479645 15.7285094261169 15.6802709102631 15.410698890686 15.3891270160675 15.4162216186523 15.2606499195099 15.1390779018402 14.9303333759308 14.9410834312439 14.9251656532288 15.2645816802979 15.6646647453308 15.6220810413361 15.6961641311646 15.3549137115479 15.5436632633209 16.0157465934753 15.9884955883026 15.9285788536072 15.491993188858 15.1407389640808 14.98481798172 14.8035635948181 14.9109766483307 15.2803890705109 15.5038013458252 15.504546880722 14.9732930660248 14.9533715248108 15.3821172714233 15.3268632888794 15.1409547328949 14.9017248153687 14.7544951438904 14.8545985221863 14.710702419281 14.9068059921265 15.200909614563 14.9516794681549 15.0824501514435 15.0112209320068 14.9826574325562 14.9514276981354 15.0549640655518 15.0305998325348
15.5894286632538 15.6809840202332 15.7385396957397 15.598762512207 15.6696512699127 15.5038743019104 15.6754295825958 15.582319021225 15.4198744297028 15.3880965709686 15.1516530513763 15.236542224884 15.0761411190033 14.8657858371735 14.8747625350952 14.9984064102173 15.4513833522797 15.8123605251312 15.698005437851 15.6609818935394 15.9466254711151 16.1362693309784 16.0752470493317 15.5888907909393 15.1083748340607 14.9530320167542 15.2756888866425 15.0516786575317 15.0143365859985 15.3509933948517 15.6076502799988 15.621640920639 15.2269642353058 15.1976215839386 15.2089447975159 15.590268611908 15.0979425907135 14.8619666099548 14.9939901828766 15.0186805725098 14.9940378665924 15.1060614585876 15.2514183521271 15.2674417495728 15.2654654979706 15.0421569347382 14.8075134754181 15.0155365467072 15.2154667377472 14.8419697284698
15.835821390152 15.7325048446655 15.9258546829224 15.6565382480621 15.7805550098419 15.5185716152191 15.6465890407562 15.9106051921844 15.7606222629547 15.5159718990326 15.2586560249329 15.2313389778137 15.3459498882294 15.0364880561829 14.9296929836273 14.8922309875488 14.8781023025513 15.1213073730469 15.5071787834167 15.709716796875 15.8442559242249 16.1567928791046 15.9006645679474 15.7332034111023 15.4480893611908 15.1219911575317 15.2892258167267 15.2704610824585 15.4330296516418 15.6075978279114 15.7121663093567 15.3247349262238 15.06063580513 15.160537481308 15.3237721920013 15.115008354187 15.2842638492584 15.2588746547699 15.0954847335815 15.2560954093933 15.2507057189941 15.0653166770935 15.1532604694366 15.1312046051025 15.4784812927246 15.1917583942413 14.8430354595184 15.1163127422333 15.0833034515381 15.1586744785309
15.7628808021545 15.7940247058868 15.925169467926 15.8263142108917 15.8321249485016 15.7972693443298 15.7397472858429 15.9975588321686 15.9880359172821 15.3671810626984 14.9856586456299 14.9054698944092 15.2410914897919 15.4371912479401 15.1099557876587 14.9967219829559 15.0128207206726 15.1369206905365 15.1030197143555 15.4451184272766 15.8698844909668 16.180650472641 16.0007491111755 15.9895143508911 15.7511377334595 15.6622841358185 15.42143034935 15.3845763206482 15.6590559482574 15.7402019500732 15.5166819095612 15.0904948711395 14.9769744873047 15.1867876052856 15.5612668991089 14.9537463188171 14.9059188365936 15.3577826023102 15.2136461734772 15.387510061264 15.1793746948242 15.0532381534576 15.0817692279816 15.4736330509186 15.6361637115479 15.5440275669098 15.2138917446136 15.2290897369385 15.2451400756836 15.3173778057098
15.5012891292572 15.8161764144897 15.7743978500366 15.727285861969 16.0841724872589 16.1077282428741 16.0312821865082 15.8281695842743 15.6563906669617 15.8139452934265 15.3968324661255 15.0877208709717 15.0842673778534 15.6298069953918 15.4620130062103 15.4275531768799 15.3144254684448 15.3559648990631 15.2101714611053 15.6057112216949 15.9252502918243 16.0761234760284 16.1083295345306 15.9858686923981 15.7839915752411 15.8646969795227 15.9294028282166 15.8534417152405 15.8708131313324 15.9261858463287 15.6628906726837 15.6175963878632 15.4669682979584 15.4610071182251 15.5997130870819 15.1777517795563 15.0916450023651 15.1713914871216 15.4004728794098 15.6228864192963 15.5459668636322 15.3743813037872 15.2094616889954 15.3385426998138 15.5789568424225 15.7987034320831 15.5517838001251 15.4375321865082 15.4509310722351 15.4939818382263
15.3710474967957 15.3796272277832 15.5468733310699 15.615453004837 16.0353665351868 16.152613401413 16.1138598918915 16.1271059513092 16.0603518486023 16.0829317569733 15.7455127239227 15.3674256801605 15.7114789485931 15.5470049381256 15.6531972885132 15.8693897724152 15.7902491092682 15.687108039856 15.6286344528198 15.4574937820435 15.5503530502319 15.9485456943512 15.9027388095856 15.9922642707825 15.9273176193237 15.7918968200684 15.9458091259003 16.098388671875 16.011634349823 16.0288803577423 15.7267935276031 15.6720390319824 15.8626186847687 15.8431980609894 15.7171096801758 15.3363559246063 15.3407759666443 15.2503702640533 15.2372975349426 15.6282246112823 15.6371517181396 15.5627448558807 15.5583391189575 15.2892661094666 15.4081935882568 15.7024533748627 15.8253808021545 15.4849746227264 15.3013434410095 15.5131528377533
15.0868053436279 14.9897434711456 15.1013493537903 15.3456213474274 15.756560087204 16.185498714447 16.2497701644897 16.3087086677551 16.4089813232422 16.1759202480316 16.0001919269562 15.8751301765442 15.9266891479492 15.8802015781403 15.8023810386658 16.065226316452 16.1700727939606 15.9275856018066 15.9084312915802 15.8606100082397 15.6367893218994 15.97296833992 15.9251480102539 15.6573264598846 15.880642414093 15.9717626571655 16.061548948288 16.238002538681 16.1031224727631 15.9629082679749 15.9520287513733 15.9611477851868 16.0022683143616 15.9507215023041 15.9431743621826 15.7789611816406 15.5419075489044 15.5253486633301 15.5087881088257 15.5748949050903 15.6956689357758 15.6471085548401 15.663215637207 15.4626560211182 15.5567624568939 15.5648698806763 15.8563101291656 15.7030837535858 15.478422164917 15.5023248195648
15.0672299861908 15.1745274066925 15.1951582431793 15.3571224212646 15.7624197006226 15.7077176570892 16.0730154514313 16.3849787712097 16.462943315506 16.0895733833313 15.9008705615997 15.9535019397736 16.0419001579285 16.151398897171 16.1575651168823 16.1997311115265 16.2912290096283 16.0787286758423 16.0428938865662 15.9690599441528 15.857225894928 16.0087246894836 16.077556848526 15.9823887348175 15.8346350193024 16.0822956562042 15.8852896690369 16.084282875061 16.1139435768127 16.0816035270691 16.155930519104 16.0969243049622 16.0672514438629 15.9902448654175 16.0519049167633 16.1168992519379 16.0030393600464 15.787659406662 15.7982792854309 15.7702324390411 15.7361862659454 15.7401392459869 15.7534260749817 15.7667129039764 15.8499999046326 15.9012861251831 15.9145727157593 15.6211922168732 15.8774998188019 15.7401621341705
15.0009882450104 15.4313106536865 15.2936341762543 15.2979567050934 15.5916132926941 15.5966022014618 15.9329257011414 16.1859149932861 16.3509051799774 16.373227596283 16.3888833522797 16.1612062454224 15.913111448288 15.9345963001251 16.2214148044586 16.3375670909882 16.3663864135742 16.0732052326202 16.1666905879974 16.0808427333832 16.0536615848541 16.0471472740173 16.0986328125 16.0341184139252 16.1799607276917 16.3174955844879 16.0336961746216 15.8998973369598 16.0727641582489 16.1789655685425 16.2144997119904 16.1373672485352 16.1162347793579 16.192435503006 16.2513027191162 16.2075042724609 16.136171579361 16.0826375484467 16.0264370441437 15.994236946106 16.0353701114655 15.9191696643829 15.7729692459106 15.7527692317963 15.9025688171387 15.957035779953 16.0441687107086 15.9606351852417 15.9692451953888 15.6786670684814
14.911413192749 15.2760941982269 15.4267764091492 15.6061253547668 15.6301398277283 15.7374880313873 15.5935037136078 15.8415176868439 16.0608665943146 16.1595478057861 16.3415632247925 16.2342450618744 16.1129882335663 15.9984602928162 16.038599729538 16.2554042339325 16.3468763828278 16.0836818218231 16.0938205718994 16.1366260051727 16.0320975780487 16.0209028720856 16.061708688736 16.1145133972168 16.1979539394379 16.2646949291229 16.1994366645813 16.3255107402802 16.2655861377716 16.2663271427155 16.2290685176849 16.1604769229889 16.2438838481903 16.3286263942719 16.3093674182892 16.3061094284058 16.177303314209 16.2149488925934 16.1725952625275 16.1455750465393 16.1472210884094 15.9262008666992 15.809846162796 15.8301596641541 15.8878057003021 15.9441187381744 16.0504310131073 16.098744392395 16.0943245887756 15.9738383293152
15.0018374919891 15.0862114429474 15.1025855541229 15.2302927970886 15.5839998722076 15.7283732891083 15.6454136371613 15.820454120636 15.8181617259979 15.9472024440765 16.0909087657928 16.1652827262878 16.1975326538086 15.7856578826904 15.8584499359131 16.1132416725159 16.2673661708832 16.2801580429077 16.1742839813232 16.186408996582 16.0965337753296 15.9813258647919 15.9894509315491 16.1482429504395 16.0959460735321 16.1852276325226 16.2518434524536 16.474458694458 16.4364075660706 16.2476890087128 16.1923038959503 16.2482526302338 16.2442011833191 16.1814830303192 16.2760987281799 16.3367137908936 16.2817676067352 16.3099269866943 16.234753370285 16.2022454738617 16.2490713596344 16.0665643215179 16.0340576171875 15.9762165546417 15.9643754959106 15.9938678741455 16.0446944236755 16.1841866970062 16.3220698833466 16.2983422279358
15.0989289283752 15.2056617736816 15.1010611057281 15.1071269512177 15.3538591861725 15.4245920181274 15.3993248939514 15.4460573196411 15.4701235294342 15.7821888923645 15.695588350296 15.7443211078644 16.2007436752319 16.0295212268829 16.0763003826141 16.2804117202759 16.1571896076202 16.1853015422821 16.121413230896 16.2768585681915 16.1269698143005 16.0077486038208 16.0971932411194 16.2993052005768 16.2252724170685 16.2077615261078 16.2722499370575 16.4694061279297 16.515228509903 16.4457175731659 16.4195392131805 16.4160289764404 16.2931845188141 16.2276740074158 16.3228294849396 16.4046514034271 16.3308990001678 16.3509047031403 16.3882436752319 16.3449158668518 16.4182553291321 16.4242610931396 16.3262665271759 16.0802729129791 16.050945520401 16.0862848758698 16.0996236801147 16.2736294269562 16.390481710434 16.2688474655151
15.3380205631256 15.2117784023285 15.1015365123749 15.2559614181519 15.3383855819702 15.3094775676727 15.3539021015167 15.2063271999359 15.3174188137054 15.528510093689 15.5582683086395 15.7186930179596 15.9379541873932 16.3433859348297 16.2628173828125 16.0542485713959 16.2330138683319 16.2511117458344 16.1905431747437 16.276641368866 16.2327396869659 16.1675038337708 16.3209362030029 16.407701253891 16.3739314079285 16.2609610557556 16.2553234100342 16.3656868934631 16.438716173172 16.6404128074646 16.7674419879913 16.6711387634277 16.5401673316956 16.4998636245728 16.5282266139984 16.4725897312164 16.5346972942352 16.5532162189484 16.5197350978851 16.5109205245972 16.5167727470398 16.5839583873749 16.5711436271667 16.3829958438873 16.2261815071106 16.1840341091156 16.1472198963165 16.1797389984131 16.2722263336182 16.3326845169067
15.5604453086853 15.44056224823 15.3173456192017 15.4107956886292 15.4542458057404 15.4276962280273 15.3298132419586 15.3612639904022 15.3593802452087 15.5101640224457 15.7262806892395 15.8850646018982 16.0011646747589 16.2065827846527 16.1373343467712 15.980085849762 16.1741704940796 16.3055884838104 16.3043398857117 16.4237577915192 16.3905093669891 16.4119274616241 16.3806784152985 16.3707625865936 16.3939235210419 16.4408271312714 16.4523968696594 16.5006337165833 16.4668703079224 16.599773645401 16.7246770858765 16.6902475357056 16.5984845161438 16.5527210235596 16.6049575805664 16.5731942653656 16.5358288288116 16.6115279197693 16.5612263679504 16.5535912513733 16.6232898235321 16.6936557292938 16.6406877040863 16.6223859786987 16.4127514362335 16.3084506988525 16.1041486263275 16.1831812858582 16.1719727516174 16.069189786911
15.4902033805847 15.6793456077576 15.5991544723511 15.3796300888062 15.4814393520355 15.5492482185364 15.3643910884857 15.6008665561676 15.8053417205811 15.8858180046082 16.0242931842804 15.9741024971008 16.2277090549469 16.0511138439178 15.9998512268066 16.0352559089661 16.0639939308167 16.1033983230591 16.2548024654388 16.415540933609 16.407612323761 16.4423491954803 16.3624210357666 16.3138253688812 16.4092497825623 16.4846937656403 16.514137506485 16.5102479457855 16.5170252323151 16.5738027095795 16.5719130039215 16.5873568058014 16.6121339797974 16.6029107570648 16.5716891288757 16.5557990074158 16.534960269928 16.6158385276794 16.6720504760742 16.6302630901337 16.6698076725006 16.7400193214417 16.6882309913635 16.7024426460266 16.7153205871582 16.5461995601654 16.237744808197 16.0399565696716 16.097718000412 16.0743613243103
15.6639611721039 15.6634624004364 15.6976294517517 15.6311314105988 15.3819661140442 15.5214669704437 15.4023008346558 15.6351363658905 15.8013038635254 15.9728050231934 15.9956388473511 15.9571406841278 16.2122530937195 16.1836445331573 16.0003681182861 15.9830932617188 16.0451505184174 16.1518745422363 16.3572661876678 16.3493237495422 16.3987147808075 16.4134387969971 16.4021632671356 16.3815543651581 16.451908826828 16.4505598545074 16.4425444602966 16.4371950626373 16.4385130405426 16.4438302516937 16.4524817466736 16.5104660987854 16.5184507369995 16.4971017837524 16.5084195137024 16.5064041614532 16.5320916175842 16.5734839439392 16.6122086048126 16.6382668018341 16.6929912567139 16.7377164363861 16.7171082496643 16.6384997367859 16.575891494751 16.5679492950439 16.3826742172241 16.1853995323181 16.2661299705505 16.2641994953156
