data/spatiotemp/temp3/bio12_norsw_test_2011_2014.asc
NCOLS 654 
NROWS 380 
XLLCORNER 3.91666666666667 
YLLCORNER 55.3333333333333 
CELLSIZE 0.0416666666666667 
NODATA_value -9999 
[rows 352 to 373 of 380, columns 100 to 149 of 654]
838.818817138672 846.230758666992 854.268600463867 869.6083984375 881.934921264648 896.97639465332 910.289077758789 927.901229858398 939.40885925293 933.59635925293 921.967514038086 913.66471862793 899.769638061523 888.952133178711 870.63444519043 858.673965454102 856.741897583008 855.357757568359 847.415618896484 835.143478393555 830.656066894531 820.912887573242 832.955947875977 841.452621459961 837.821075439453 828.245010375977 829.611053466797 824.429183959961 822.051147460938 829.165603637695 822.133834838867 818.351760864258 809.606002807617 807.268081665039 805.64875793457 798.439880371094 791.565887451172 779.936920166016 763.472045898438 756.553665161133 756.567657470703 755.665557861328 739.251937866211 737.181182861328 731.680648803711 732.647644042969 733.818649291992 723.98844909668 716.600952148438 714.751129150391
-9999 840.678329467773 853.499938964844 863.59245300293 881.10612487793 894.464340209961 908.83447265625 928.13232421875 939.134231567383 937.926574707031 933.200775146484 924.894226074219 912.136947631836 901.266983032227 893.010894775391 879.032943725586 882.705307006836 887.6171875 875.393646240234 845.906509399414 836.980545043945 831.32389831543 837.398971557617 847.361557006836 841.678497314453 842.817749023438 843.424133300781 839.301177978516 834.152145385742 820.821166992188 817.514907836914 813.252975463867 813.009414672852 807.515258789062 802.212280273438 789.880676269531 784.162490844727 780.989288330078 775.06965637207 760.372375488281 753.286514282227 750.320785522461 739.570770263672 725.231628417969 724.385040283203 716.561798095703 726.770278930664 721.953536987305 720.743545532227 719.990997314453
843.970947265625 843.471893310547 852.394149780273 860.128494262695 875.562301635742 890.252883911133 906.006103515625 917.891540527344 923.747741699219 924.808547973633 930.730865478516 920.962417602539 914.040313720703 908.9189453125 905.494918823242 895.397415161133 885.115447998047 876.736358642578 873.833694458008 867.666015625 857.065856933594 850.737167358398 844.629776000977 849.401840209961 852.266799926758 855.411285400391 855.719131469727 851.763641357422 850.430953979492 837.323822021484 819.159423828125 809.183822631836 800.929138183594 806.532470703125 804.110275268555 797.661376953125 791.199920654297 782.499145507812 778.401565551758 769.020721435547 759.939437866211 745.671936035156 737.955718994141 724.915405273438 735.11848449707 737.796432495117 733.449813842773 729.915008544922 714.536087036133 717.211868286133
845.924514770508 846.179229736328 851.550827026367 858.93229675293 871.762466430664 883.076644897461 897.341491699219 907.930541992188 915.591949462891 918.612548828125 911.284591674805 911.493270874023 907.606262207031 903.642822265625 895.748962402344 884.428466796875 878.030426025391 872.044067382812 868.994537353516 865.790313720703 862.220413208008 859.606796264648 858.68473815918 856.066696166992 857.160552978516 860.24462890625 867.314437866211 862.0947265625 859.282897949219 849.072158813477 835.908493041992 826.565582275391 811.157318115234 808.433807373047 801.884246826172 790.455612182617 772.601303100586 768.751678466797 770.840301513672 769.266555786133 766.236480712891 767.525955200195 751.923477172852 732.756591796875 729.872222900391 731.78108215332 713.308944702148 726.159637451172 726.007888793945 727.433547973633
-9999 853.232208251953 855.052185058594 861.360809326172 869.333892822266 880.330520629883 898.849456787109 906.076766967773 916.60302734375 924.868072509766 920.175064086914 913.237564086914 913.088302612305 903.277160644531 902.022857666016 889.898315429688 877.824951171875 877.169235229492 866.13850402832 864.153945922852 865.394607543945 867.916885375977 869.669906616211 869.736572265625 871.436050415039 865.248336791992 863.50732421875 859.930541992188 855.536102294922 850.736038208008 842.762252807617 829.79377746582 816.123626708984 807.877746582031 803.342636108398 792.307998657227 776.105560302734 770.394912719727 758.605255126953 756.10807800293 754.031265258789 761.562927246094 752.612365722656 732.250244140625 732.762268066406 725.797729492188 723.791870117188 721.331405639648 721.142242431641 726.191131591797
-9999 858.024810791016 860.710418701172 867.928268432617 878.844833374023 888.648803710938 899.54670715332 909.697723388672 926.428070068359 923.380889892578 923.736526489258 926.277145385742 928.007186889648 910.770950317383 902.388000488281 899.730697631836 891.882751464844 883.176635742188 875.450668334961 868.145172119141 868.877563476562 872.915054321289 874.741149902344 875.42008972168 879.607650756836 875.982894897461 864.671829223633 860.567031860352 856.945205688477 852.57633972168 843.768753051758 836.032485961914 825.768005371094 812.541580200195 804.409484863281 796.346572875977 789.013763427734 767.640777587891 767.925598144531 761.721664428711 752.686935424805 748.285003662109 743.280609130859 744.231231689453 743.300384521484 737.666061401367 731.857315063477 717.174911499023 720.685333251953 723.220458984375
-9999 843.920532226562 851.05549621582 861.300247192383 871.850952148438 887.144012451172 896.319808959961 913.082244873047 921.403091430664 921.937316894531 923.876586914062 920.834030151367 922.276672363281 921.095565795898 914.136154174805 897.00212097168 888.691467285156 886.678451538086 879.998046875 873.060424804688 873.980438232422 872.553009033203 871.31640625 875.770324707031 877.037368774414 876.786956787109 869.597015380859 864.766311645508 861.76091003418 858.18879699707 848.309616088867 840.611358642578 829.449630737305 815.962814331055 803.436325073242 798.132354736328 795.89208984375 772.887893676758 758.156494140625 756.652206420898 749.735931396484 740.798812866211 741.918716430664 741.87565612793 736.076354980469 729.373123168945 725.567184448242 710.986785888672 709.666473388672 714.284698486328
-9999 839.251358032227 846.318145751953 855.175109863281 863.778961181641 876.23828125 888.297119140625 904.753509521484 917.165618896484 911.333206176758 914.947631835938 924.211074829102 917.707916259766 922.66862487793 913.875335693359 894.918716430664 889.643768310547 889.731262207031 883.952545166016 883.76383972168 881.61311340332 874.587921142578 872.1083984375 873.721343994141 877.742080688477 871.927200317383 872.876358032227 870.678009033203 859.437072753906 854.490646362305 847.169067382812 840.791107177734 832.663818359375 816.201446533203 798.811889648438 781.950622558594 776.139892578125 760.312896728516 761.355209350586 760.091278076172 762.03337097168 747.488204956055 738.467834472656 732.086135864258 724.438339233398 710.361618041992 707.874160766602 704.757263183594 707.005798339844 704.859527587891
836.765579223633 841.110137939453 845.217239379883 849.87109375 860.498840332031 869.374450683594 884.89289855957 894.189743041992 905.93603515625 907.569900512695 910.920562744141 915.734024047852 912.055572509766 903.574249267578 904.146728515625 893.840515136719 886.180725097656 896.526870727539 893.202514648438 884.966369628906 879.335952758789 875.444320678711 874.236358642578 877.6220703125 876.304946899414 874.970306396484 867.568893432617 865.340026855469 863.719757080078 860.827941894531 854.230972290039 839.954132080078 826.09977722168 807.594848632812 791.416259765625 775.646224975586 768.030090332031 771.682159423828 762.049179077148 754.421417236328 754.012298583984 742.357040405273 724.439697265625 705.11572265625 701.047637939453 696.149810791016 689.796188354492 687.186126708984 688.450561523438 682.363204956055
834.066986083984 839.494857788086 844.67106628418 848.810165405273 857.89875793457 866.736663818359 873.41276550293 887.258483886719 903.144485473633 911.051971435547 912.583572387695 911.59521484375 908.445755004883 894.744125366211 893.280303955078 889.964416503906 889.596496582031 893.797653198242 894.356811523438 887.635848999023 884.706329345703 878.930633544922 877.322113037109 874.145462036133 874.009201049805 869.558746337891 867.29182434082 863.712905883789 859.56901550293 856.052703857422 849.260223388672 841.34016418457 836.06901550293 832.15234375 818.482772827148 804.716323852539 781.913864135742 780.316848754883 759.402465820312 729.522048950195 728.744506835938 723.571365356445 710.85546875 706.078048706055 715.783782958984 707.708251953125 695.755935668945 696.340759277344 701.25830078125 696.369110107422
831.725891113281 834.321441650391 -9999 -9999 856.116973876953 856.085891723633 860.214553833008 884.666000366211 902.603729248047 912.386383056641 904.118713378906 902.71614074707 898.584381103516 892.026824951172 887.402450561523 887.144302368164 893.340087890625 895.233245849609 897.41047668457 895.695510864258 889.598266601562 879.618530273438 873.661712646484 869.246459960938 870.10546875 869.474304199219 868.622650146484 870.505828857422 859.698501586914 849.348495483398 847.856781005859 839.941009521484 826.24169921875 821.703582763672 802.612884521484 784.351715087891 767.265487670898 756.662887573242 744.369232177734 726.400863647461 713.369537353516 716.110000610352 708.705154418945 704.52880859375 701.918319702148 704.432891845703 697.794738769531 689.57795715332 693.192016601562 689.840301513672
827.924270629883 829.376556396484 -9999 -9999 -9999 840.620330810547 847.769775390625 861.995559692383 889.940093994141 887.073257446289 887.693267822266 892.484344482422 891.577255249023 888.162292480469 886.670547485352 880.556991577148 890.838088989258 889.826568603516 891.511032104492 887.463638305664 883.065139770508 877.018203735352 873.86296081543 873.478042602539 869.028961181641 870.534683227539 868.276016235352 861.477691650391 852.379318237305 850.62646484375 842.285034179688 837.556976318359 827.195816040039 816.30583190918 807.974609375 802.103286743164 793.504669189453 769.851440429688 741.123931884766 732.467697143555 715.621322631836 709.9912109375 691.23046875 685.073013305664 675.294097900391 687.998092651367 706.748107910156 698.691268920898 692.390914916992 682.03515625
-9999 824.647994995117 -9999 -9999 831.096725463867 839.621612548828 842.63932800293 849.528213500977 863.663726806641 867.717956542969 869.965454101562 876.370986938477 883.153945922852 886.17529296875 881.205841064453 881.613067626953 887.84001159668 887.619232177734 887.244033813477 881.277099609375 877.375289916992 875.106384277344 876.789611816406 873.142333984375 868.082504272461 867.411361694336 863.394424438477 857.443084716797 851.60823059082 845.238922119141 838.232208251953 839.06071472168 828.603637695312 811.822372436523 806.506072998047 799.396057128906 793.303588867188 773.170669555664 737.706558227539 728.015701293945 733.254531860352 750.077529907227 721.909149169922 710.659515380859 700.231170654297 679.200439453125 685.905792236328 690.66487121582 682.145431518555 663.342636108398
-9999 823.61653137207 821.63330078125 -9999 -9999 -9999 839.33837890625 842.781219482422 848.844650268555 855.820175170898 861.873977661133 865.393142700195 870.579559326172 871.544616699219 875.787948608398 881.515274047852 882.671997070312 880.938995361328 879.599899291992 881.348281860352 880.562728881836 879.610992431641 875.702377319336 884.187942504883 876.935775756836 866.631561279297 862.121139526367 856.192947387695 850.384490966797 845.720291137695 839.424575805664 829.25276184082 831.341644287109 819.264831542969 799.026718139648 787.806625366211 769.748153686523 746.934951782227 736.516784667969 718.397155761719 708.551498413086 713.686965942383 699.038269042969 698.265762329102 695.852493286133 693.982528686523 689.575241088867 682.635070800781 666.669860839844 651.594970703125
-9999 820.201431274414 819.751678466797 818.278244018555 822.619125366211 -9999 834.882888793945 840.241119384766 848.276473999023 855.394180297852 857.398529052734 864.516235351562 870.85807800293 873.797470092773 875.49446105957 883.305923461914 884.90478515625 889.211288452148 889.631195068359 891.978485107422 885.631240844727 889.650314331055 890.680999755859 881.843719482422 878.05354309082 872.929336547852 869.428695678711 862.444122314453 861.777709960938 848.425476074219 848.243286132812 831.020401000977 816.979919433594 808.157974243164 790.515640258789 768.388305664062 754.378967285156 749.514450073242 739.146789550781 719.536361694336 694.363830566406 686.708450317383 681.877883911133 679.245498657227 680.908676147461 674.070678710938 662.379989624023 664.046203613281 646.387847900391 638.38703918457
-9999 817.915710449219 815.145401000977 816.302673339844 823.527359008789 830.795440673828 838.279602050781 847.780319213867 854.859573364258 866.521148681641 872.05046081543 872.835708618164 880.468566894531 885.167709350586 880.701232910156 880.813110351562 887.898529052734 888.097427368164 891.235977172852 896.346328735352 891.238327026367 890.072875976562 892.334548950195 885.234191894531 878.51123046875 873.37548828125 875.581741333008 869.597747802734 864.721664428711 857.424835205078 846.335662841797 828.762115478516 808.312728881836 788.16716003418 768.355590820312 760.530685424805 749.860870361328 732.194183349609 715.426544189453 702.838088989258 692.887161254883 687.010879516602 677.391647338867 666.481750488281 665.404418945312 655.339752197266 635.839614868164 636.334838867188 632.494293212891 627.764541625977
-9999 -9999 817.11930847168 818.834594726562 825.555679321289 834.85466003418 845.302932739258 852.457397460938 860.007659912109 870.229293823242 874.871841430664 885.579238891602 883.520065307617 886.388824462891 879.803833007812 888.167953491211 885.111373901367 890.128021240234 894.353363037109 896.607299804688 896.823028564453 894.953353881836 892.940155029297 888.53662109375 881.770355224609 879.009613037109 873.853317260742 864.985214233398 856.171981811523 848.830825805664 836.436157226562 826.459106445312 811.132232666016 797.148513793945 786.517791748047 770.238784790039 754.285171508789 737.940124511719 723.951812744141 715.947402954102 699.077529907227 696.121704101562 691.348571777344 680.228713989258 663.249404907227 657.391128540039 644.806365966797 634.132827758789 627.113204956055 -9999
-9999 -9999 819.391265869141 819.610153198242 827.175994873047 835.270156860352 842.980514526367 850.439392089844 857.774520874023 868.342071533203 870.638320922852 878.610076904297 881.337753295898 880.570983886719 882.952697753906 883.901519775391 886.178848266602 890.916458129883 895.129669189453 898.547119140625 899.987854003906 900.37353515625 898.456802368164 894.757858276367 892.064193725586 886.62873840332 881.11067199707 876.403671264648 861.992630004883 844.734451293945 827.929092407227 820.391311645508 811.541717529297 794.827728271484 775.094482421875 768.067199707031 753.571914672852 738.169143676758 725.486633300781 711.339401245117 699.27848815918 693.915542602539 683.829483032227 680.153503417969 663.98600769043 651.365249633789 642.359375 629.843780517578 -9999 -9999
-9999 -9999 811.755661010742 821.080505371094 825.94091796875 834.839431762695 839.866592407227 847.983291625977 859.020599365234 867.474746704102 867.839782714844 865.96516418457 873.776428222656 875.848388671875 880.677185058594 884.515258789062 882.810043334961 892.698165893555 898.473968505859 903.656112670898 908.134201049805 908.330276489258 903.527221679688 897.414184570312 894.222595214844 885.965866088867 879.177261352539 874.967178344727 865.968048095703 845.839614868164 831.725051879883 813.963272094727 799.026168823242 782.851959228516 762.762023925781 757.566619873047 746.981475830078 727.42936706543 718.721069335938 700.943481445312 703.756591796875 704.247665405273 693.05973815918 684.386276245117 677.28385925293 646.747116088867 634.152969360352 629.612182617188 -9999 -9999
-9999 807.947677612305 808.65283203125 813.112091064453 821.604888916016 831.814407348633 841.610595703125 844.865142822266 856.05046081543 855.38996887207 858.053298950195 859.690017700195 863.48779296875 867.398651123047 875.632400512695 883.115921020508 889.534927368164 897.683532714844 905.129959106445 911.434005737305 916.991424560547 924.437515258789 916.814758300781 907.732162475586 897.075698852539 887.231597900391 878.15934753418 867.531188964844 846.811721801758 842.630950927734 821.300338745117 795.861663818359 783.077484130859 771.851181030273 760.547927856445 749.412170410156 745.25830078125 721.642227172852 695.911422729492 693.560363769531 699.95085144043 683.024978637695 675.357376098633 664.275466918945 648.438766479492 644.067886352539 627.442245483398 -9999 -9999 -9999
803.67366027832 805.285293579102 811.941101074219 822.052963256836 826.194198608398 829.789947509766 832.510696411133 839.666717529297 839.422882080078 848.731872558594 850.30046081543 853.09684753418 862.032989501953 865.845932006836 877.8857421875 883.553649902344 891.872283935547 901.560440063477 910.514114379883 917.612075805664 925.803085327148 925.721115112305 922.524826049805 916.783096313477 905.267318725586 893.110794067383 885.410766601562 867.931457519531 839.239883422852 832.326568603516 825.959762573242 810.692459106445 800.026336669922 786.194122314453 771.797836303711 758.584274291992 735.950866699219 716.811599731445 703.263061523438 680.377593994141 -9999 -9999 -9999 -9999 -9999 -9999 -9999 -9999 -9999 608.934204101562
799.139587402344 802.871551513672 808.935180664062 813.848831176758 817.544830322266 823.998062133789 822.548324584961 824.787200927734 832.449951171875 843.498428344727 849.215026855469 856.610366821289 863.875152587891 867.564987182617 876.486480712891 885.402709960938 888.738464355469 898.817108154297 907.319427490234 924.084289550781 934.672882080078 931.102127075195 931.437805175781 920.796463012695 907.251113891602 897.939788818359 881.266632080078 866.925155639648 850.726287841797 839.024826049805 824.371734619141 807.662475585938 792.687042236328 778.336242675781 767.775817871094 750.905944824219 732.143417358398 708.632049560547 693.459289550781 683.68017578125 681.747589111328 670.954238891602 657.237762451172 -9999 -9999 -9999 -9999 -9999 -9999 -9999
