data/spatiotemp/temp3/bio14_norsw_test_2011_2014.asc
NCOLS 654 
NROWS 380 
XLLCORNER 3.91666666666667 
YLLCORNER 55.3333333333333 
CELLSIZE 0.0416666666666667 
NODATA_value -9999 
[rows 286 to 307 of 380, columns 450 to 499 of 654]
-9999 -9999 -9999 -9999 -9999 -9999 -9999 -9999 -9999 -9999 -9999 -9999 -9999 -9999 -9999 -9999 -9999 -9999 -9999 -9999 21.0886535644531 21.3170454502106 21.2792553901672 21.5062298774719 21.4698579311371 22.2566072940826 21.7458529472351 22.3160235881805 22.7580947875977 23.4595069885254 23.4673666954041 23.475225687027 23.4830844402313 23.4909448623657 23.6261415481567 23.6336987018585 24.2098526954651 24.3443672657013 24.3536036014557 24.9345390796661 24.9458057880402 25.0824105739594 25.0934054851532 25.1044023036957 25.6885213851929 25.8243517875671 25.9596426486969 25.9706742763519 25.9817066192627 25.9927394390106
-9999 -9999 -9999 -9999 -9999 -9999 -9999 -9999 -9999 -9999 -9999 -9999 -9999 -9999 -9999 -9999 -9999 -9999 -9999 20.3827829360962 21.0100517272949 21.101713180542 21.7401840686798 21.8355805873871 21.9309771060944 22.5843863487244 22.6384317874908 22.6473915576935 22.6563518047333 23.2271590232849 23.2366797924042 23.3744924068451 23.3837149143219 23.392938375473 23.5295534133911 23.5384776592255 23.5474009513855 24.24915766716 24.2589020729065 24.2692060470581 24.9732084274292 24.9838066101074 25.5635423660278 25.0050024986267 25.1402206420898 25.1505534648895 25.8563532829285 25.8669807910919 26.4501013755798 26.2845540046692
-9999 -9999 -9999 -9999 -9999 -9999 -9999 -9999 -9999 -9999 -9999 -9999 -9999 -9999 -9999 -9999 -9999 -9999 -9999 -9999 20.9314486980438 21.0194721221924 21.7840995788574 21.8749883174896 21.9658753871918 22.0567638874054 22.5340418815613 22.5443248748779 22.5546097755432 22.564893245697 22.5751776695251 22.5854623317719 23.1563053131104 23.2949323654175 23.4329662322998 23.4432554244995 24.1433553695679 24.1539480686188 24.7283298969269 24.8648056983948 24.7492496967316 25.3254687786102 25.461706161499 25.597424030304 25.607905626297 25.7428424358368 26.3215425014496 26.4562408924103 26.4667453765869 26.3538393974304
-9999 -9999 -9999 -9999 -9999 -9999 -9999 -9999 -9999 -9999 -9999 -9999 -9999 -9999 -9999 -9999 -9999 -9999 -9999 -9999 20.8528463840485 21.6083092689514 21.6954426765442 21.7825765609741 21.8697094917297 22.5084919929504 22.429651260376 22.441258430481 22.4528677463531 22.4644737243652 23.1610751152039 23.0446398258209 23.1849756240845 23.1969263553619 23.7677402496338 23.9075331687927 24.6068773269653 24.7461302280426 24.7572011947632 25.4549734592438 24.9026317596436 25.4751183986664 25.4851906299591 26.0032391548157 25.6301419734955 26.2050116062164 26.2153573036194 26.9158523082733 26.3598291873932 26.369918346405
20.1734960079193 -9999 -9999 -9999 -9999 -9999 -9999 -9999 -9999 -9999 -9999 18.9588584899902 19.06867146492 -9999 -9999 -9999 -9999 -9999 19.9522356987 20.6934993267059 20.7742443084717 20.8549892902374 20.9357349872589 21.1487336158752 21.642174243927 21.7264375686646 21.7746975421906 21.9165568351746 22.4804344177246 22.4930734634399 22.5057129859924 23.0722920894623 23.0856065750122 23.098920583725 23.2397909164429 23.9367191791534 24.5074410438538 24.648200750351 24.6597933769226 24.6691951751709 24.8045027256012 25.3737764358521 25.3834376335144 25.3931002616882 26.089325428009 26.0992476940155 26.1091709136963 26.2432420253754 26.816623210907 26.8268086910248
20.0986089706421 19.8122282028198 19.4280867576599 -9999 -9999 -9999 -9999 -9999 -9999 -9999 19.2848830223083 19.4002888202667 18.8745672702789 18.9861359596252 19.5848677158356 19.6594574451447 19.7340455055237 19.2909200191498 19.3620626926422 20.0939292907715 20.1675894260406 20.772748708725 20.8498544692993 21.059360742569 21.0040676593781 21.7570013999939 21.8034374713898 22.3647677898407 22.3787319660187 21.8431913852692 21.8564434051514 22.4206268787384 22.434591293335 23.1288146972656 23.1432027816772 23.8386964797974 23.8535072803497 24.423529624939 24.5623888969421 24.5713901519775 24.5803928375244 25.2724342346191 25.2816860675812 25.4161789417267 25.9839797019958 26.1182289123535 26.1274857521057 26.1367418766022 26.7067790031433 26.8402931690216
20.0237236022949 19.7324109077454 19.8094673156738 19.9380252361298 19.4585053920746 19.5831680297852 19.231954574585 -9999 21.5641233921051 -9999 -9999 19.2016386985779 19.3187484741211 19.4358594417572 19.5299475193024 20.1093735694885 19.2997016906738 19.8815290927887 19.4331390857697 19.4998571872711 20.0918080806732 20.6905074119568 21.2959551811218 21.3727974891663 20.9109089374542 20.9843761920929 21.7022831439972 22.2617402076721 22.4064228534698 22.4214246273041 22.4364283084869 22.4514315128326 22.4664342403412 22.4814369678497 23.0466156005859 23.6132969856262 23.6298007965088 23.7731080055237 23.9119358062744 24.4735853672028 25.1622500419617 25.2969038486481 25.3055040836334 25.3141059875488 25.3227059841156 26.0125622749329 26.0214025974274 26.1546032428741 26.7210538387299 26.7301340103149
19.9488365650177 19.9696877002716 20.0470814704895 19.7185165882111 19.9883370399475 19.509247303009 19.6358652114868 19.9029109477997 19.4082903862 -9999 -9999 -9999 -9999 -9999 19.7587153911591 -9999 -9999 19.4427387714386 19.367169380188 19.29363489151 19.8802857398987 20.60826587677 20.6780941486359 20.7479221820831 20.8177502155304 20.8875784873962 20.9301562309265 21.6169550418854 21.632782459259 21.6486103534698 21.6644372940063 22.2251780033112 22.2417943477631 22.386415719986 23.0777475833893 23.0945818424225 23.1114156246185 23.677898645401 23.8172996044159 24.5021452903748 24.510112285614 24.6439714431763 25.2038369178772 25.2120308876038 25.2202279567719 25.9068953990936 26.4693133831024 26.4782021045685 26.4870896339417 26.4959788322449
20.0139071941376 20.026780128479 19.506044626236 19.7774980068207 19.7705206871033 19.9027581214905 19.0928003787994 19.217707157135 18.8641848564148 -9999 -9999 -9999 -9999 -9999 -9999 -9999 -9999 -9999 19.8143291473389 19.8772878646851 19.9402468204498 20.0032060146332 20.5922145843506 20.6584041118622 20.7245936393738 20.7907829284668 20.8321628570557 21.3873312473297 21.5342035293579 22.0915699005127 22.1095108985901 22.1274530887604 22.1453959941864 22.8349545001984 22.981214761734 22.9994170665741 23.0176193714142 23.7096138000488 23.7226650714874 24.4044089317322 24.4119822978973 25.0943789482117 25.1021683216095 25.1099584102631 25.1177489757538 25.8012290000916 25.8092350959778 25.9418172836304 25.8252491950989 26.3857023715973
19.9389209747314 19.9446523189545 20.016655921936 19.6972353458405 19.8318421840668 19.5014102458954 19.023223400116 19.1500816345215 18.8008885383606 18.4443554878235 18.0804817676544 -9999 -9999 -9999 -9999 -9999 -9999 19.6489839553833 -9999 19.2914667129517 19.8644666671753 19.9238579273224 19.9832503795624 20.5688841342926 20.63143491745 20.6939857006073 21.268741607666 21.2874252796173 21.3061099052429 21.4540278911591 21.4724311828613 22.0297286510468 22.1773881912231 22.8651103973389 22.8846814632416 23.0318005084991 23.0510892868042 23.6144647598267 23.6280283927917 23.6350026130676 24.3138537406921 24.1949841976166 24.3282122612 25.0078840255737 25.5626049041748 25.5704231262207 25.7031519412994 25.7107427120209 25.7183327674866 25.7259240150452
19.8639359474182 19.8625254631042 19.4803490638733 19.1616761684418 19.2946245670319 18.9649269580841 18.9536473751068 18.7534787654877 18.2639224529266 17.908034324646 18.0258173942566 18.1436002254486 -9999 -9999 -9999 -9999 -9999 18.7518591880798 18.6614916324615 19.732860326767 19.7886855602264 19.8445103168488 20.4204533100128 20.4793648719788 20.5382778644562 20.597188949585 21.1675505638123 21.1875197887421 21.207489490509 21.2274596691132 21.9114117622375 21.3961188793182 22.0810403823853 22.1013557910919 22.788149356842 22.2695896625519 22.2896268367767 22.9780139923096 22.9914302825928 22.9976034164429 23.6729257106781 23.6792931556702 24.2292938232422 24.3617599010468 24.9127924442291 25.4646580219269 25.4720549583435 25.6042425632477 25.6114168167114 25.6185922622681
19.3424727916718 19.333322763443 18.9488575458527 18.6309249401093 18.6225535869598 18.2930600643158 -9999 -9999 -9999 20.3662142753601 18.8278307914734 -9999 19.3611714839935 -9999 -9999 -9999 19.072231054306 -9999 -9999 19.7986912727356 19.8497562408447 19.9008207321167 20.3345737457275 20.3898470401764 20.9683003425598 21.0265874862671 21.8548321723938 22.0063495635986 21.8981194496155 21.2594463825226 21.2804255485535 21.3014042377472 21.4508738517761 22.0063347816467 22.1559164524078 22.7139239311218 22.8636167049408 22.3471257686615 23.0264279842377 22.9053709506989 23.037602186203 23.5835859775543 24.1303758621216 24.2625367641449 24.2687084674835 24.8168873786926 24.8234617710114 24.9549336433411 24.9612889289856 24.9676461219788
19.280730009079 -9999 -9999 -9999 -9999 -9999 -9999 -9999 -9999 -9999 -9999 -9999 -9999 -9999 -9999 -9999 -9999 -9999 -9999 -9999 19.6451985836029 19.694403886795 19.6089127063751 19.7928121089935 19.7096817493439 20.8063538074493 21.5025489330292 21.0022761821747 20.4999043941498 20.6533071994781 20.6768293380737 21.2307167053223 21.3840761184692 21.9408388137817 21.9661867618561 22.1195042133331 22.272275686264 22.4244997501373 22.9767575263977 22.9823710918427 23.526171207428 23.6587154865265 23.6645131111145 24.2096962928772 24.2158935070038 24.7622768878937 24.7688751220703 24.9007096290588 24.9070899486542 24.9134709835052
-9999 -9999 -9999 -9999 -9999 -9999 -9999 -9999 -9999 -9999 -9999 17.3813374042511 17.0144040584564 17.1268231868744 -9999 -9999 -9999 18.3722622394562 -9999 -9999 19.0790493488312 18.9868950843811 19.5439269542694 19.5917022228241 19.6394770145416 19.6872527599335 19.8563575744629 19.8846368789673 20.4375791549683 20.4670877456665 20.4965972900391 20.6557061672211 21.2145261764526 21.2449946403503 21.4042584896088 21.5629849433899 22.2556705474854 22.2865629196167 22.3049249649048 22.8477158546448 22.9812746047974 23.6521863937378 23.6584105491638 23.6646361351013 24.3363318443298 24.3427531719208 24.3491735458374 24.8958456516266 24.9026772975922 24.9095096588135
-9999 -9999 -9999 -9999 -9999 -9999 -9999 -9999 17.6028900146484 -9999 -9999 17.3423302173615 16.8329355716705 17.0885398387909 17.1620507240295 16.7054116725922 17.3732144832611 -9999 18.0794320106506 -9999 19.0215494632721 19.0630900859833 19.6141822338104 19.6583049297333 19.7024278640747 19.7465517520905 19.7855186462402 19.8193311691284 19.8531448841095 19.8869576454163 20.0511739253998 20.6110603809357 20.6460180282593 20.8105864524841 20.8452780246735 21.5410280227661 22.1102478504181 22.2760491371155 22.2976582050323 22.9681231975555 23.5111203193665 23.6456580162048 23.7797651290894 24.3240253925323 24.3308856487274 24.3377454280853 24.8836989402771 24.8909826278687 24.8982667922974 24.892852306366
18.1094448566437 18.5470600128174 17.7283630371094 17.8559844493866 17.983606338501 18.1112289428711 17.7809686660767 17.4430770874023 17.0975539684296 17.5411252975464 17.1875593662262 16.8263626098633 16.7951447963715 17.0502576828003 17.1226613521576 17.1555218696594 17.680942773819 -9999 -9999 -9999 18.9640474319458 19.5078854560852 19.5494682788849 19.591050863266 19.6326336860657 19.6742162704468 19.7146801948547 19.7540273666382 19.9248306751251 19.9639177322388 20.0030045509338 20.1727688312531 20.7375085353851 20.9080820083618 21.4773278236389 21.5190715789795 21.6901965141296 22.2655358314514 22.9541411399841 22.9609994888306 22.9678580760956 23.6391277313232 23.6462073326111 23.7810983657837 24.4530386924744 24.3327398300171 24.3400392532349 24.3430061340332 24.8804745674133 24.8499042987823
18.5001614093781 18.64018201828 18.1277325153351 18.2590868473053 18.530378818512 18.5217931270599 18.0559709072113 17.722749710083 17.3818213939667 17.5012409687042 17.7628276348114 17.8826186656952 17.5227904319763 17.0119736194611 17.0832722187042 17.2562661170959 17.1450412273407 17.8095571994781 18.8329930305481 -9999 19.0441372394562 19.5824003219604 19.4847552776337 19.5237967967987 19.5628397464752 19.6018812656403 19.6438429355621 19.6887218952179 19.7336022853851 19.9102101325989 20.4753758907318 20.5217683315277 20.6991238594055 20.7452616691589 21.3190131187439 21.4971158504486 21.6747076511383 21.8517887592316 22.4125761985779 22.4194023609161 23.0901739597321 23.0972330570221 23.7687029838562 23.7759954929352 23.7832882404327 23.790581703186 23.7978739738464 24.3012597560883 24.2717180252075 24.2421760559082
19.0276818275452 19.0313646793365 18.6633610725403 19.1026148796082 18.79434633255 18.47829246521 18.154453754425 18.2818310260773 18.4092078208923 17.9281415939331 18.051295042038 18.1744477748871 17.8191385269165 17.4560451507568 17.5292377471924 17.7021503448486 18.2218990325928 17.7625124454498 -9999 -9999 -9999 -9999 19.4200415611267 19.45654296875 19.6274316310883 19.5295460224152 19.7060141563416 19.2436730861664 19.6738307476044 19.7242443561554 19.7746577262878 19.9568276405334 20.0069897174835 20.5813446044922 20.7644593715668 20.9470729827881 20.9986805915833 21.7125256061554 21.7426710128784 22.4131071567535 21.8862352371216 22.5569491386414 23.0989847183228 23.2354145050049 23.9073522090912 23.9148604869843 23.9223670959473 24.3876156806946 24.2303416728973 24.2011687755585
18.9770731925964 18.5480420589447 18.7581913471222 18.754120349884 18.8895275592804 18.5751450061798 18.7066214084625 17.7818586826324 17.9051818847656 18.0285053253174 18.0100166797638 17.6596748828888 17.4438674449921 17.5593299865723 17.6311192512512 17.6592350006104 18.739102602005 -9999 -9999 -9999 -9999 -9999 -9999 -9999 18.4159364700317 18.951605796814 18.994521856308 19.0483415126801 19.1021609306335 19.6700057983398 19.725953578949 19.9141960144043 19.9698960781097 20.0255966186523 20.7375183105469 20.7951009273529 20.8526816368103 21.5721299648285 21.7362442016602 22.2764363288879 22.4144468307495 22.4220807552338 22.963939666748 23.6362638473511 23.7401287555695 23.8410539627075 24.0286576747894 24.3464419841766 24.3174252510071 24.1601610183716
18.9264631271362 18.936074256897 19.1501424312592 19.1498143672943 18.844708442688 18.531665802002 18.6630177497864 18.3380677700043 18.4654517173767 18.1285953521729 18.2520093917847 17.7613594532013 17.880553483963 17.519632101059 17.5902700424194 18.1011052131653 -9999 -9999 -9999 -9999 -9999 -9999 -9999 -9999 18.3516716957092 18.3795125484467 18.5559091567993 18.4787306785583 19.0449426174164 19.1041159629822 19.163289308548 19.2224626541138 19.9328026771545 19.9940412044525 20.578469991684 20.7738828659058 20.9688119888306 21.5619857311249 21.7298166751862 21.7375860214233 22.4085545539856 22.7400262355804 23.0612864494324 23.3802788257599 23.8291480541229 23.8011209964752 23.6436371803284 23.832106590271 23.804393529892 23.7766816616058
19.0161008834839 19.028279542923 19.1040959358215 18.6646542549133 18.7998898029327 18.4881861209869 18.1684672832489 18.295688867569 17.8229157924652 17.9459183216095 17.7434034347534 -9999 -9999 -9999 -9999 -9999 -9999 -9999 -9999 -9999 -9999 -9999 -9999 -9999 -9999 17.8132643699646 18.3568518161774 18.4188921451569 18.4809322357178 19.0522515773773 19.1167786121368 19.181304693222 19.8957092761993 19.9624857902527 20.161924123764 20.3608877658844 20.9538774490356 21.5518419742584 21.7233908176422 21.8432891368866 22.5118987560272 22.6169657707214 23.3679609298706 23.3412258625031 23.4449429512024 23.6309461593628 23.6034913063049 23.5760362148285 23.5485825538635 23.5211274623871
18.9655661582947 18.9807653427124 18.9181489944458 19.0573437213898 18.7550706863403 18.8902199268341 18.5758104324341 17.7997055053711 17.7817838191986 -9999 -9999 -9999 -9999 -9999 -9999 -9999 -9999 -9999 -9999 -9999 -9999 -9999 -9999 -9999 -9999 17.749698638916 17.7929327487946 18.3590526580811 18.4262666702271 18.4934816360474 19.0702683925629 19.1401491165161 19.3437099456787 19.4133567810059 20.1364583969116 20.2085411548615 20.938942193985 21.0134589672089 21.6981871128082 21.673526763916 -9999 -9999 -9999 -9999 24.3975701332092 24.3706119060516 23.2230353355408 22.8495790958405 23.0400984287262 22.7970125675201
