data/spatiotemp/temp3/bio12_norsw_test_2011_2014.asc
NCOLS 654 
NROWS 380 
XLLCORNER 3.91666666666667 
YLLCORNER 55.3333333333333 
CELLSIZE 0.0416666666666667 
NODATA_value -9999 
[rows 242 to 263 of 380, columns 600 to 649 of 654]
697.009262084961 699.578628540039 699.069076538086 697.555953979492 695.913650512695 695.547988891602 693.327270507812 694.136764526367 690.513397216797 690.145004272461 688.284698486328 683.955551147461 682.920379638672 683.023681640625 679.724960327148 677.922973632812 678.260101318359 676.411285400391 675.732971191406 673.86589050293 672.811172485352 670.080657958984 668.266128540039 669.670211791992 664.169189453125 664.255950927734 664.081115722656 662.956283569336 658.734512329102 656.676254272461 651.34602355957 649.907943725586 649.972961425781 650.510482788086 649.769744873047 650.715133666992 667.416610717773 692.267211914062 695.290985107422 696.292373657227 695.788635253906 696.886520385742 696.687561035156 695.130722045898 695.856994628906 695.587356567383 693.52668762207 694.681259155273 696.131210327148 697.136825561523
701.97737121582 703.260208129883 703.739730834961 700.68327331543 698.31819152832 698.228622436523 697.009185791016 695.378295898438 691.870956420898 689.977966308594 688.222686767578 685.75341796875 685.20280456543 682.609558105469 683.073974609375 684.625015258789 681.482788085938 677.116088867188 679.927215576172 674.143371582031 675.400192260742 670.867233276367 671.06086730957 669.940811157227 665.027816772461 662.372131347656 664.123184204102 664.270599365234 661.04817199707 660.933349609375 658.080230712891 656.95979309082 651.690338134766 650.224700927734 651.397872924805 657.425277709961 679.825698852539 696.052719116211 697.732009887695 695.177185058594 696.931976318359 694.913879394531 696.796844482422 696.354888916016 696.114486694336 698.157119750977 696.216461181641 696.215728759766 696.079986572266 696.091125488281
710.930740356445 711.051574707031 705.578262329102 700.636581420898 698.285858154297 698.789932250977 698.626251220703 695.413223266602 693.027618408203 689.990661621094 689.190124511719 687.931396484375 685.117248535156 686.394958496094 679.543243408203 678.525146484375 678.983642578125 677.227294921875 678.216064453125 676.777236938477 675.414489746094 672.454544067383 669.432220458984 669.109725952148 668.139373779297 667.919296264648 667.411407470703 663.501434326172 664.67414855957 665.83723449707 665.070388793945 667.123977661133 659.546630859375 654.235473632812 654.939819335938 654.778457641602 653.924453735352 666.92106628418 681.884078979492 683.528457641602 678.281326293945 673.692138671875 672.098754882812 678.189697265625 687.533996582031 694.220077514648 696.284881591797 697.070907592773 696.218826293945 698.787368774414
711.476593017578 708.620040893555 708.230102539062 703.467239379883 698.627182006836 700.228576660156 694.119277954102 696.057556152344 695.09245300293 692.844345092773 691.841445922852 689.157806396484 687.32829284668 685.768768310547 681.840744018555 679.78564453125 677.335266113281 674.686813354492 676.802291870117 678.975067138672 672.696182250977 671.451919555664 674.412979125977 673.352035522461 669.984909057617 673.076904296875 675.699859619141 669.322143554688 671.727325439453 673.327087402344 670.320587158203 675.426727294922 673.566040039062 671.504974365234 662.691421508789 652.606918334961 654.115295410156 653.978225708008 651.197814941406 650.464630126953 650.551422119141 651.386672973633 651.218414306641 650.960586547852 653.183349609375 673.113555908203 679.442428588867 686.54573059082 694.078369140625 697.141372680664
709.334136962891 710.809600830078 708.060501098633 707.001708984375 704.688064575195 699.872222900391 695.658218383789 693.752258300781 693.415924072266 694.482864379883 692.448638916016 692.328109741211 687.487396240234 688.882186889648 687.973007202148 685.837142944336 685.106323242188 682.177673339844 676.683120727539 679.384140014648 679.324951171875 676.797424316406 674.835205078125 675.611129760742 675.495849609375 674.580505371094 675.910079956055 677.917495727539 676.737045288086 678.219970703125 678.875137329102 679.878814697266 678.626174926758 677.046325683594 674.122528076172 662.952819824219 657.152496337891 652.31819152832 652.322830200195 653.138427734375 651.780746459961 648.371246337891 651.381454467773 651.216430664062 648.619537353516 645.376678466797 648.679244995117 651.659530639648 670.908584594727 695.421936035156
714.014663696289 714.824645996094 711.083847045898 707.468124389648 705.712097167969 701.51789855957 700.459045410156 693.432830810547 690.745483398438 692.424667358398 694.902297973633 692.975219726562 693.366027832031 692.041839599609 691.183303833008 687.184707641602 688.296401977539 687.661392211914 684.529510498047 679.689453125 684.37223815918 679.943099975586 682.357666015625 677.242172241211 677.786407470703 679.257186889648 679.090728759766 676.024185180664 678.409530639648 674.475433349609 677.919052124023 673.834976196289 674.103881835938 673.87385559082 673.174774169922 667.178070068359 658.598205566406 656.676239013672 656.505783081055 654.973541259766 653.914001464844 654.374252319336 651.745559692383 653.983474731445 653.851654052734 652.35563659668 654.385848999023 654.936828613281 672.61669921875 696.364807128906
716.475082397461 714.419479370117 710.036880493164 706.150680541992 702.370208740234 706.220169067383 704.733001708984 704.285690307617 697.393142700195 694.391952514648 693.627990722656 693.573989868164 694.013168334961 690.883880615234 694.457214355469 692.69221496582 688.976776123047 688.813858032227 686.750717163086 686.045669555664 681.566650390625 683.564575195312 684.037933349609 682.277496337891 684.05241394043 682.47819519043 681.005645751953 680.062774658203 676.772720336914 674.223129272461 675.454284667969 672.345611572266 671.288970947266 673.126861572266 667.792526245117 668.519393920898 664.171722412109 660.295150756836 655.84294128418 657.783432006836 656.77424621582 654.635543823242 655.500457763672 655.170394897461 654.782623291016 654.683807373047 653.539352416992 655.425735473633 667.774536132812 692.234329223633
713.527572631836 713.137268066406 711.742050170898 710.159225463867 708.498672485352 706.251754760742 703.167526245117 703.783721923828 699.84635925293 697.507843017578 696.043670654297 695.286987304688 691.357879638672 688.367645263672 691.946929931641 694.683029174805 693.096908569336 685.161865234375 687.977569580078 685.799468994141 683.701202392578 686.244766235352 686.650268554688 687.705581665039 687.571395874023 686.405548095703 681.742614746094 678.074813842773 679.792404174805 676.110000610352 674.364685058594 675.937942504883 673.196975708008 672.018295288086 671.280044555664 674.027084350586 671.869033813477 669.393798828125 658.725021362305 658.278213500977 658.024826049805 656.891006469727 654.443328857422 657.555084228516 655.519668579102 656.811614990234 656.825973510742 657.890655517578 658.583282470703 671.755096435547
723.554962158203 721.370468139648 717.924209594727 714.326538085938 712.323150634766 710.834884643555 710.132629394531 706.838302612305 701.673400878906 698.951187133789 701.063400268555 698.029861450195 697.816986083984 696.189575195312 693.347183227539 690.796447753906 691.934524536133 692.915954589844 689.701599121094 686.861328125 683.621948242188 687.377395629883 689.964019775391 686.764007568359 687.060943603516 688.60107421875 681.829025268555 681.777389526367 677.763671875 678.708908081055 679.614303588867 680.670867919922 677.993453979492 679.299865722656 681.11946105957 677.927963256836 673.882827758789 671.290222167969 665.550643920898 663.016189575195 660.994781494141 659.316680908203 657.039047241211 657.635559082031 658.402709960938 659.769165039062 656.712265014648 658.253326416016 658.194030761719 659.178970336914
725.802780151367 724.860275268555 722.527389526367 719.556182861328 716.164901733398 712.950378417969 712.453247070312 707.881866455078 707.122192382812 704.602035522461 700.480117797852 698.00048828125 700.002777099609 702.137741088867 701.272796630859 695.557312011719 692.51496887207 691.180145263672 691.828735351562 689.797592163086 686.238037109375 685.435821533203 683.719711303711 684.510147094727 686.395156860352 682.159103393555 680.18180847168 680.074279785156 678.43635559082 679.034057617188 680.141906738281 682.41960144043 683.694519042969 682.085296630859 681.929290771484 678.457504272461 677.339416503906 671.503601074219 667.989929199219 664.136016845703 663.729476928711 659.726654052734 657.436431884766 658.036224365234 658.94255065918 657.972412109375 657.092239379883 657.399688720703 658.577102661133 659.522308349609
727.593383789062 726.428604125977 723.798568725586 722.350296020508 716.605346679688 715.917633056641 714.476852416992 709.578109741211 705.462448120117 706.787399291992 703.592727661133 701.831405639648 700.653076171875 699.129455566406 699.339157104492 698.249984741211 693.807159423828 693.198226928711 691.767776489258 688.859115600586 689.033843994141 692.014556884766 689.381439208984 688.584060668945 686.646911621094 682.897689819336 681.1767578125 682.322982788086 684.501693725586 687.255035400391 683.937561035156 685.558990478516 681.890167236328 679.175964355469 678.146270751953 678.595367431641 673.065933227539 675.013076782227 667.09700012207 664.222625732422 662.524353027344 661.407775878906 660.225204467773 659.052352905273 658.028442382812 659.862091064453 657.293395996094 657.758712768555 659.387176513672 660.461837768555
730.832473754883 728.47819519043 728.193298339844 725.438598632812 721.99382019043 717.334335327148 714.050491333008 711.328796386719 706.12028503418 703.446212768555 701.526519775391 703.618347167969 702.291061401367 703.274108886719 700.724578857422 701.400939941406 700.574966430664 698.434478759766 697.57780456543 698.891036987305 701.021026611328 697.791763305664 697.907379150391 695.660980224609 694.671417236328 693.335372924805 690.015518188477 689.74446105957 689.037338256836 686.930648803711 687.920928955078 684.693450927734 682.554397583008 682.143920898438 683.624954223633 678.736053466797 677.767730712891 672.875335693359 668.67204284668 669.521530151367 663.70637512207 664.955978393555 662.733123779297 663.533874511719 661.463531494141 659.925994873047 661.239837646484 659.839218139648 663.013610839844 661.911544799805
733.467041015625 731.737091064453 731.257690429688 730.918060302734 720.924789428711 717.902313232422 716.542434692383 711.921951293945 712.720291137695 711.527359008789 706.594085693359 708.826141357422 704.393051147461 703.078140258789 701.326461791992 698.410217285156 699.810943603516 698.690628051758 697.273590087891 696.559432983398 704.525527954102 705.758987426758 709.605514526367 707.695846557617 706.846954345703 698.929244995117 694.111129760742 694.339431762695 696.238296508789 694.412536621094 691.243927001953 686.979202270508 689.721969604492 692.904205322266 686.412872314453 683.47184753418 679.919021606445 681.077087402344 679.359512329102 675.284744262695 673.72541809082 672.648147583008 667.370559692383 666.204803466797 664.898498535156 663.648239135742 663.788055419922 663.15657043457 665.12516784668 663.992645263672
729.370040893555 731.972778320312 730.391250610352 732.38671875 731.678146362305 722.532821655273 722.680908203125 718.663543701172 719.071884155273 712.831512451172 711.697250366211 707.82942199707 706.646835327148 706.434219360352 706.508804321289 700.940567016602 700.174468994141 701.253387451172 706.323883056641 708.70654296875 707.361297607422 706.562957763672 710.527618408203 707.632583618164 710.443008422852 709.64599609375 709.766479492188 708.508743286133 707.551803588867 711.66130065918 708.876312255859 695.868759155273 695.032272338867 695.027267456055 694.709945678711 690.847793579102 685.771377563477 683.807098388672 685.834259033203 686.651962280273 684.331161499023 678.80110168457 671.84114074707 667.606689453125 667.213317871094 664.260314941406 664.959045410156 667.771591186523 666.904861450195 666.341430664062
731.93098449707 729.668487548828 729.368240356445 732.122116088867 731.006607055664 730.453353881836 730.054779052734 723.654342651367 721.574447631836 717.229248046875 715.815048217773 712.956726074219 710.84684753418 709.345260620117 710.078323364258 705.912261962891 704.483551025391 710.538116455078 714.180145263672 711.541076660156 710.521148681641 710.010162353516 709.108001708984 711.35205078125 715.827713012695 717.116027832031 711.549896240234 709.659698486328 715.22053527832 713.849853515625 717.934982299805 709.623565673828 699.791885375977 694.998931884766 697.092315673828 693.43684387207 690.863342285156 691.688980102539 688.222122192383 687.91520690918 686.931793212891 683.970138549805 681.691528320312 681.633346557617 672.874053955078 670.260772705078 668.088012695312 668.119354248047 667.904769897461 670.012649536133
732.393676757812 727.966049194336 727.849411010742 729.848846435547 733.418045043945 735.211090087891 736.269790649414 736.110687255859 726.094390869141 721.783020019531 718.845718383789 719.019485473633 717.910385131836 715.40266418457 715.264892578125 717.153015136719 712.64714050293 711.524795532227 713.11735534668 713.237442016602 711.159393310547 709.371826171875 711.917175292969 715.615798950195 716.392669677734 715.566024780273 714.829345703125 715.301483154297 715.580032348633 719.807098388672 721.914825439453 713.967697143555 697.774948120117 695.432510375977 694.958801269531 693.624252319336 691.195724487305 691.539184570312 689.959228515625 693.663055419922 691.168716430664 690.740585327148 683.669189453125 684.714721679688 680.102264404297 675.602615356445 670.230575561523 670.0185546875 669.025436401367 669.786117553711
732.560699462891 726.963027954102 729.85498046875 728.900161743164 732.756851196289 727.927764892578 736.165679931641 734.236236572266 734.213775634766 725.200622558594 719.612777709961 720.879684448242 716.26530456543 716.247283935547 712.707153320312 717.604751586914 714.129989624023 713.012298583984 713.606414794922 712.342498779297 716.336883544922 716.618240356445 715.569152832031 720.180206298828 721.239181518555 716.936172485352 716.348007202148 717.656494140625 714.917953491211 715.232284545898 718.153656005859 708.017349243164 699.245300292969 692.409271240234 695.45979309082 689.273147583008 689.988418579102 696.437088012695 695.837341308594 696.196075439453 692.853378295898 690.137329101562 683.088562011719 685.036956787109 684.569442749023 681.832183837891 673.884414672852 673.93669128418 672.363555908203 672.275909423828
731.665328979492 728.353302001953 733.426406860352 735.42073059082 729.846160888672 728.914978027344 730.95475769043 726.889236450195 732.326187133789 733.159515380859 724.560928344727 718.877960205078 715.012268066406 713.183868408203 713.257476806641 715.728713989258 713.705123901367 709.308013916016 712.905685424805 714.443130493164 717.128768920898 718.213439941406 721.280975341797 719.254302978516 720.323791503906 721.357437133789 721.806381225586 719.393569946289 721.435684204102 716.427749633789 713.356689453125 707.443817138672 697.709869384766 694.090560913086 694.201873779297 693.364837646484 695.817443847656 699.001266479492 700.553237915039 700.377655029297 693.953811645508 692.503555297852 687.073608398438 683.073181152344 682.760452270508 685.935012817383 679.52783203125 677.622512817383 674.041763305664 673.759033203125
722.892837524414 724.25895690918 732.097442626953 732.373504638672 734.304565429688 731.437652587891 728.767318725586 725.213943481445 726.419616699219 727.712448120117 721.867889404297 716.796569824219 716.382598876953 717.366729736328 715.048797607422 717.538681030273 710.905914306641 712.88591003418 708.644470214844 713.649749755859 716.501174926758 715.12565612793 718.438186645508 720.450500488281 716.427200317383 717.702941894531 717.075180053711 718.44482421875 719.465454101562 713.632690429688 707.787994384766 705.304718017578 699.799896240234 694.622375488281 694.443878173828 696.13671875 699.361404418945 698.03581237793 699.906326293945 697.735488891602 692.102737426758 690.592391967773 688.367752075195 685.791000366211 681.555587768555 686.936309814453 679.813171386719 678.382522583008 674.04948425293 674.93408203125
716.547119140625 718.750396728516 725.565673828125 728.057922363281 728.296401977539 726.488677978516 725.556625366211 721.667892456055 721.172149658203 720.11589050293 715.874160766602 716.799407958984 719.328079223633 715.8779296875 713.955703735352 714.793395996094 712.409591674805 705.161254882812 704.870086669922 705.906524658203 707.855545043945 710.332672119141 713.438323974609 715.085571289062 707.909408569336 709.438629150391 708.516815185547 709.819396972656 713.317993164062 711.896255493164 709.536178588867 703.41520690918 699.480453491211 696.128311157227 696.862945556641 697.60026550293 700.761306762695 699.0498046875 697.890884399414 698.786483764648 694.644027709961 690.859298706055 688.543838500977 686.352737426758 686.335510253906 688.121734619141 683.169723510742 679.892929077148 676.474578857422 674.927276611328
-9999 712.499649047852 716.077514648438 718.649871826172 722.78157043457 728.669784545898 729.897979736328 727.08967590332 722.9833984375 720.580764770508 718.097900390625 716.022033691406 710.495498657227 709.151443481445 707.68115234375 709.259811401367 709.205444335938 705.739196777344 702.898864746094 700.943710327148 701.835510253906 699.836273193359 701.383377075195 704.612640380859 705.836730957031 705.046936035156 704.308181762695 706.310134887695 707.420425415039 704.647445678711 702.730865478516 702.233291625977 703.267883300781 701.322540283203 698.683258056641 699.072769165039 702.05241394043 698.054946899414 698.917251586914 700.495254516602 699.463485717773 697.272689819336 690.431884765625 689.113906860352 688.995254516602 686.925964355469 688.913421630859 683.148773193359 680.724334716797 680.142929077148
-9999 -9999 712.988754272461 715.425491333008 721.686279296875 725.177963256836 727.621978759766 727.504531860352 722.699844360352 719.386978149414 716.753723144531 712.199081420898 709.088516235352 705.591796875 701.180892944336 704.051620483398 700.865432739258 699.326324462891 700.95361328125 695.204956054688 694.667922973633 693.752044677734 694.883483886719 693.465377807617 691.509948730469 693.787094116211 702.12109375 705.755981445312 704.077209472656 699.761672973633 696.620864868164 695.783493041992 695.690475463867 699.552185058594 697.527770996094 695.990173339844 696.166931152344 692.471664428711 696.563674926758 699.482650756836 696.404479980469 699.71208190918 703.594177246094 696.158401489258 691.62663269043 689.564254760742 692.630187988281 691.620056152344 685.65544128418 682.190963745117
