data/spatiotemp/temp3/bio18_norsw_test_2011_2014.asc
NCOLS 654 
NROWS 380 
XLLCORNER 3.91666666666667 
YLLCORNER 55.3333333333333 
CELLSIZE 0.0416666666666667 
NODATA_value -9999 
[rows 242 to 263 of 380, columns 550 to 599 of 654]
223.520141601562 223.602275848389 223.684425354004 223.766563415527 221.664253234863 223.930835723877 223.030590057373 223.11247253418 224.177261352539 223.276245117188 223.270736694336 222.327831268311 222.368259429932 221.424980163574 221.465286254883 222.648349761963 221.496284484863 221.539222717285 221.582164764404 219.450988769531 219.495136260986 219.539283752441 218.682929992676 219.881134033203 217.750930786133 219.149353027344 220.548492431641 219.597946166992 219.807518005371 217.862281799316 219.23738861084 219.446426391602 220.845569610596 220.855377197266 220.916927337646 219.839870452881 220.942245483398 220.855270385742 220.768306732178 221.855197906494 223.941734313965 222.67985534668 224.948154449463 224.858860015869 224.76957321167 224.680286407471 225.739452362061 227.745311737061 224.259578704834 225.283348083496
223.583251953125 222.543224334717 223.764846801758 222.654384613037 222.745227813721 222.836078643799 223.146022796631 224.218830108643 224.309638977051 223.417514801025 222.268115997314 222.437774658203 220.270610809326 220.285495758057 220.30037689209 221.459606170654 220.330150604248 220.345043182373 219.170440673828 218.203174591064 218.219360351562 218.235549926758 217.362850189209 217.568508148193 218.759071350098 218.965232849121 219.171394348145 219.377574920654 220.770713806152 218.824081420898 219.028129577637 219.232177734375 219.436237335205 219.640281677246 220.899696350098 220.836769104004 220.773849487305 220.710922241211 220.647987365723 221.573146820068 221.509922027588 222.630340576172 224.923183441162 224.858493804932 225.975353240967 228.26441192627 226.977142333984 226.829795837402 226.682456970215 226.535106658936
221.466739654541 221.565906524658 222.64529800415 222.744812011719 221.863399505615 221.962562561035 220.923515319824 221.021690368652 221.11986541748 220.235355377197 220.276866912842 220.42208480835 219.211940765381 220.343685150146 221.52522277832 220.319938659668 220.308074951172 219.313575744629 216.965530395508 218.103302001953 218.092830657959 218.082355499268 218.177677154541 217.195148468018 217.395977020264 218.781116485596 220.166896820068 220.368362426758 218.420757293701 218.619815826416 218.818874359131 219.01794052124 219.232479095459 220.602962493896 221.671421051025 221.632316589355 221.593204498291 222.728248596191 223.873908996582 223.834323883057 223.794750213623 223.755172729492 226.072624206543 226.032577514648 228.160068511963 228.119274139404 229.2021484375 229.059535980225 228.916934967041 228.774326324463
219.418384552002 219.461673736572 221.747402191162 220.875133514404 220.982517242432 222.070747375488 218.857940673828 220.106365203857 220.213813781738 220.321262359619 221.55281829834 222.657669067383 219.294502258301 220.401866912842 220.363231658936 220.116096496582 219.096797943115 220.247367858887 219.022304534912 219.152992248535 217.966297149658 218.098323822021 218.008644104004 216.040637969971 218.40087890625 218.59700012207 219.976100921631 219.188621520996 219.384578704834 219.580532073975 218.609622955322 221.156959533691 221.353221893311 221.54948425293 220.455196380615 222.612308502197 223.781902313232 223.766738891602 223.751586914062 224.72248840332 223.721252441406 226.063571929932 228.208839416504 229.375518798828 228.184524536133 226.987392425537 228.08765411377 229.130031585693 228.992469787598 228.854904174805
219.421318054199 219.53734588623 221.771671295166 223.086490631104 221.082565307617 220.001449584961 220.117477416992 220.233505249023 221.495555877686 220.465557098389 220.490665435791 221.572959899902 221.507392883301 220.46004486084 220.394664764404 221.478385925293 220.225551605225 220.161815643311 220.098087310791 220.034339904785 217.807964324951 217.745803833008 216.659404754639 216.850215911865 218.221786499023 220.751136779785 220.944366455078 218.994037628174 219.18497467041 220.55810546875 219.566848754883 220.940544128418 221.131763458252 221.322994232178 222.408824920654 223.60147857666 224.784469604492 224.794025421143 224.803588867188 225.798217773438 226.990062713623 226.999370574951 228.381439208984 229.3756980896 228.208980560303 228.218120574951 228.156188964844 229.200523376465 229.068004608154 228.935485839844
217.314785003662 218.416999816895 220.879325866699 219.862228393555 219.986835479736 220.111434936523 219.255550384521 219.379657745361 222.829654693604 220.823268890381 220.794624328613 220.702495574951 221.802192687988 221.6689453125 220.426094055176 220.297035217285 220.20629119873 220.115550994873 220.024806976318 218.954326629639 218.863849639893 218.773365020752 218.822078704834 219.009963989258 219.197849273682 218.228759765625 217.433853149414 219.780838012695 218.985370635986 219.171279907227 219.357196807861 219.543109893799 220.910308837891 221.096488952637 222.379100799561 224.579006195068 224.61311340332 224.647216796875 224.681324005127 225.897136688232 225.931251525879 227.147075653076 229.341354370117 229.375900268555 228.426414489746 229.444965362549 229.398502349854 229.271015167236 229.143535614014 229.016059875488
218.57865524292 218.71129989624 218.843933105469 220.122039794922 220.255966186523 219.19554901123 220.523807525635 220.657726287842 220.791645050049 222.11954498291 220.933078765869 220.814193725586 220.695301055908 220.74840927124 221.610065460205 220.30477142334 220.187026977539 221.221000671387 220.123847961426 219.833789825439 218.537010192871 218.620178222656 218.652889251709 220.01301574707 217.863597869873 218.0446434021 218.423973083496 218.604866027832 218.769351959229 220.130565643311 219.147548675537 220.507713317871 220.688854217529 222.041061401367 222.161735534668 223.202941894531 224.441761016846 224.500408172607 224.559062957764 225.79859161377 228.016136169434 228.075588226318 228.135047912598 228.194496154785 227.270572662354 227.329963684082 227.299819946289 228.358669281006 229.219085693359 230.270500183105
217.502452850342 217.642269134521 218.928756713867 216.89879989624 218.188865661621 220.502994537354 220.645519256592 220.788047790527 220.930561065674 221.073085784912 221.07152557373 220.925884246826 220.780239105225 219.621662139893 219.477333068848 220.312515258789 221.321075439453 221.175796508789 221.030513763428 219.706298828125 219.562442779541 217.29093170166 218.48371887207 218.661487579346 218.839260101318 216.882400512695 220.371181488037 219.372577667236 218.571102142334 218.762023925781 218.937896728516 219.113777160645 220.458457946777 220.636089324951 221.944362640381 223.199562072754 223.091419219971 224.348121643066 224.436798095703 224.519996643066 225.779109954834 227.043743133545 225.950702667236 228.393676757812 226.114643096924 227.380699157715 227.365455627441 228.429592132568 228.312545776367 229.177227020264
216.452743530273 216.603858947754 216.754989624023 216.906108856201 217.015975952148 218.360546112061 219.66658782959 219.82043838501 219.974292755127 221.319999694824 220.126167297363 219.968368530273 219.810569763184 219.652778625488 220.650302886963 221.471031188965 221.312114715576 218.993858337402 218.836837768555 218.67981338501 218.522785186768 219.541042327881 219.550296783447 219.727283477783 218.947578430176 220.100193023682 218.122219085693 217.12133026123 219.633605957031 220.789196014404 219.801078796387 220.173282623291 221.516975402832 221.700588226318 221.833808898926 221.924945831299 225.348205566406 225.440574645996 225.53295135498 225.625331878662 225.717704772949 224.82982635498 224.922248840332 226.1950340271 226.287788391113 226.380550384521 227.354190826416 228.426445007324 228.318630218506 229.189895629883
213.02420425415 214.332653045654 214.495269775391 214.657886505127 214.820499420166 216.135517120361 217.491069793701 217.618423461914 217.783668518066 217.948917388916 219.144706726074 218.987358093262 219.810569763184 218.465976715088 219.494983673096 219.337181091309 217.996910095215 218.993858337402 218.836837768555 218.67981338501 218.522785186768 217.389282226562 217.399200439453 218.750492095947 217.574504852295 217.947341918945 216.946670532227 217.12133026123 218.471981048584 218.646865844727 219.998180389404 221.340133666992 220.348388671875 220.523490905762 223.982330322266 222.893646240234 222.976848602295 224.23766708374 225.498363494873 223.427253723145 223.512306213379 223.597358703613 223.677745819092 223.761558532715 223.845348358154 226.091194152832 229.428634643555 229.336658477783 229.244667053223 230.126777648926
211.936290740967 212.108764648438 212.28125 213.603816986084 213.777572631836 213.951320648193 215.278964996338 216.609142303467 216.785419464111 216.961708068848 218.163238525391 215.65934753418 218.830017089844 218.672672271729 218.515331268311 217.174068450928 217.996910095215 215.681217193604 217.858997344971 217.7024269104 217.54585647583 217.389282226562 217.399200439453 217.57559967041 217.752002716064 217.947341918945 219.297775268555 219.472873687744 221.788196563721 220.986446380615 219.986846923828 220.173282623291 220.348388671875 220.523490905762 222.806499481201 221.90259552002 221.97883605957 221.077674865723 222.131298065186 221.231971740723 221.309116363525 221.386264801025 223.612590789795 224.876895904541 225.925796508789 226.002796173096 229.340259552002 230.434772491455 230.354228973389 232.437061309814
211.821994781494 212.006507873535 211.218032836914 212.551795959473 211.546070098877 212.883205413818 213.068714141846 214.445358276367 214.631145477295 214.816928863525 213.641544342041 214.469669342041 216.661224365234 219.82865524292 219.670650482178 218.328720092773 218.172142028809 218.015571594238 217.858997344971 215.372295379639 216.394554138184 217.389282226562 217.399200439453 216.422687530518 216.597347259521 216.772010803223 218.122219085693 219.456985473633 219.633605957031 221.965412139893 218.821746826172 218.99662399292 220.348388671875 218.372741699219 220.650325775146 219.738349914551 219.607082366943 218.698112487793 220.921981811523 -9999 221.263519287109 222.304122924805 222.372901916504 223.633785247803 224.671184539795 228.075969696045 229.251880645752 230.38497543335 232.4534034729 233.553970336914
207.434005737305 209.963256835938 208.968250274658 208.188648223877 209.355293273926 210.7018699646 210.896564483643 211.091251373291 212.442512512207 211.480617523193 212.483551025391 212.298980712891 213.33576965332 215.31897354126 216.350326538086 217.34952545166 218.172142028809 216.862258911133 216.706359863281 217.7024269104 214.240909576416 214.086898803711 214.096927642822 214.270999908447 214.445083618164 216.772010803223 216.946670532227 218.297100067139 218.471981048584 219.823078155518 219.998180389404 220.173282623291 217.02286529541 217.202411651611 217.317245483398 -9999 -9999 -9999 222.06424331665 219.76570892334 -9999 223.439044952393 222.330310821533 223.334545135498 227.924873352051 229.158435821533 230.122650146484 232.442501068115 234.515399932861 234.460781097412
205.168460845947 206.558097839355 204.601902008057 203.61385345459 204.787506103516 206.142322540283 207.53507232666 208.716232299805 208.92085647583 209.12548828125 210.310970306396 211.141647338867 210.990879058838 211.996086120605 211.844638824463 214.031753540039 214.856948852539 214.702930450439 214.548923492432 212.265552520752 214.240909576416 211.959789276123 210.818153381348 212.141300201416 213.290424346924 213.46276473999 214.810653686523 214.983203887939 215.155757904053 215.341171264648 216.677310943604 215.683235168457 215.854274749756 214.85498046875 -9999 -9999 -9999 -9999 219.886268615723 219.723644256592 219.775241851807 221.984710693359 223.207973480225 224.459609985352 227.843944549561 228.853748321533 230.029075622559 232.365001678467 233.279731750488 234.40348815918
201.759834289551 201.969947814941 200.023315429688 201.238822937012 -9999 -9999 -9999 -9999 -9999 199.117889404297 -9999 -9999 207.665424346924 208.673198699951 208.524311065674 208.375423431396 209.380523681641 209.0559425354 208.906600952148 212.064785003662 210.935947418213 209.80802154541 208.667053222656 210.011589050293 210.181461334229 212.485248565674 -9999 -9999 -9999 -9999 -9999 -9999 -9999 -9999 -9999 -9999 -9999 -9999 -9999 218.509666442871 221.882446289062 225.254875183105 224.341415405273 226.547908782959 226.555660247803 229.97091293335 232.097053527832 232.072761535645 233.210796356201 233.185180664062
197.206722259521 198.573078155518 197.640201568604 190.851173400879 191.341419219971 191.685512542725 193.333446502686 -9999 197.442588806152 -9999 -9999 199.115165710449 -9999 206.330410003662 201.959289550781 -9999 -9999 208.077655792236 -9999 -9999 -9999 -9999 207.515884399414 208.660587310791 -9999 -9999 -9999 -9999 -9999 -9999 -9999 -9999 -9999 -9999 -9999 -9999 -9999 -9999 217.464618682861 219.639511108398 221.832592010498 225.195579528809 225.232234954834 226.220123291016 227.465396881104 231.045677185059 233.1657371521 234.37202835083 235.304550170898 236.452247619629
-9999 -9999 188.437995910645 189.865505218506 188.933071136475 188.562091827393 192.359340667725 -9999 -9999 -9999 -9999 -9999 -9999 204.194316864014 204.048667907715 -9999 -9999 -9999 -9999 -9999 -9999 -9999 -9999 -9999 -9999 -9999 -9999 -9999 -9999 -9999 -9999 -9999 -9999 -9999 -9999 -9999 -9999 -9999 -9999 218.427906036377 221.782749176025 221.812145233154 225.1650390625 227.352672576904 230.70435333252 228.572830200195 234.292144775391 236.456245422363 234.296634674072 234.231609344482
-9999 -9999 -9999 -9999 -9999 -9999 -9999 -9999 -9999 -9999 224.234146118164 -9999 -9999 -9999 199.760231018066 -9999 -9999 -9999 -9999 -9999 -9999 -9999 -9999 -9999 -9999 -9999 -9999 -9999 -9999 -9999 -9999 -9999 -9999 -9999 -9999 -9999 -9999 -9999 219.534370422363 220.514183044434 220.531227111816 222.919757843018 222.939872741699 227.277370452881 229.679634094238 229.704277038574 228.497341156006 229.670272827148 231.848274230957 231.790271759033
-9999 -9999 -9999 -9999 -9999 -9999 -9999 -9999 -9999 216.953002929688 -9999 -9999 -9999 -9999 -9999 -9999 -9999 -9999 -9999 -9999 -9999 -9999 -9999 -9999 -9999 -9999 -9999 -9999 -9999 -9999 -9999 -9999 -9999 -9999 -9999 -9999 -9999 -9999 -9999 220.4697265625 220.478691101074 223.808242797852 223.816082000732 226.203430175781 224.989784240723 227.155696868896 226.245594024658 227.202777862549 228.385448455811 229.648059844971
-9999 -9999 -9999 -9999 -9999 -9999 -9999 191.147651672363 -9999 -9999 -9999 210.71622467041 -9999 -9999 -9999 -9999 -9999 -9999 -9999 -9999 -9999 -9999 -9999 -9999 -9999 -9999 -9999 -9999 -9999 -9999 -9999 -9999 -9999 -9999 -9999 -9999 -9999 -9999 -9999 -9999 -9999 223.745838165283 223.745349884033 224.902679443359 224.900150299072 224.897636413574 -9999 -9999 228.313816070557 228.35572052002
-9999 -9999 -9999 -9999 -9999 -9999 -9999 -9999 -9999 -9999 -9999 -9999 -9999 -9999 -9999 -9999 -9999 -9999 -9999 -9999 -9999 -9999 -9999 -9999 -9999 -9999 -9999 -9999 -9999 -9999 -9999 -9999 -9999 -9999 -9999 -9999 -9999 -9999 -9999 -9999 -9999 -9999 -9999 -9999 -9999 -9999 -9999 -9999 -9999 -9999
-9999 -9999 -9999 -9999 -9999 -9999 -9999 -9999 -9999 -9999 -9999 -9999 -9999 -9999 -9999 -9999 -9999 -9999 -9999 -9999 -9999 -9999 -9999 -9999 -9999 -9999 -9999 -9999 -9999 -9999 -9999 -9999 -9999 -9999 -9999 -9999 -9999 -9999 -9999 -9999 -9999 -9999 -9999 -9999 -9999 -9999 -9999 -9999 -9999 -9999
