data/spatiotemp/temp3/bio11_norsw_test_2011_2014.asc
NCOLS 654 
NROWS 380 
XLLCORNER 3.91666666666667 
YLLCORNER 55.3333333333333 
CELLSIZE 0.0416666666666667 
NODATA_value -9999 
[rows 176 to 197 of 380, columns 336 to 383 of 654]
-8.54842555522919 -8.54414165019989 -8.53085839748383 -8.49990773200989 -8.44962441921234 -8.37651658058167 -8.32179462909698 -8.36040592193604 -8.39403283596039 -8.39384174346924 -8.36398386955261 -8.34897673130035 -8.41755092144012 -8.43645906448364 -8.44770050048828 -8.35727524757385 -8.26284968852997 -8.21409094333649 -8.11999940872192 -7.98324048519135 -7.94588613510132 -7.97126889228821 -8.01798534393311 -7.98770189285278 -7.87841844558716 -7.88946795463562 -7.89518451690674 -7.8282345533371 -7.77495074272156 -7.65800046920776 -7.65905034542084 -7.54276692867279 -7.36352920532227 -7.31233763694763 -7.31914591789246 -7.43595480918884 -7.39009642601013 -7.23690462112427 -7.18771326541901 -7.1695214509964 -7.21132981777191 -7.17547166347504 -7.29661345481873 -7.12742209434509 -7.11290764808655 -7.06040370464325 -6.96789956092834 -7.01739537715912
-8.47532260417938 -8.46086061000824 -8.51739859580994 -8.52460360527039 -8.48314213752747 -8.43921840190887 -8.37425529956818 -8.37212598323822 -8.34781527519226 -8.34582221508026 -8.30422019958496 -8.34883201122284 -8.36477613449097 -8.39872074127197 -8.41666555404663 -8.32927680015564 -8.25870609283447 -8.10883247852325 -7.96844410896301 -7.87805545330048 -7.80305480957031 -7.85410797595978 -7.92082822322845 -7.81454861164093 -7.73093557357788 -7.66165602207184 -7.70637631416321 -7.68676328659058 -7.68581700325012 -7.57220375537872 -7.52625739574432 -7.44797790050507 -7.30037117004395 -7.26310348510742 -7.18450236320496 -7.07690155506134 -7.11763381958008 -6.98136651515961 -6.87676560878754 -6.84516477584839 -6.82556343078613 -6.85162913799286 -6.86736190319061 -6.82076108455658 -6.92145371437073 -6.8541065454483 -6.68442618846893 -6.77007925510406
-8.61938941478729 -8.574667096138 -8.52494406700134 -8.47755515575409 -8.42049896717072 -8.37910962104797 -8.34505391120911 -8.36433136463165 -8.30786895751953 -8.29133343696594 -8.19720590114594 -8.23059618473053 -8.33139431476593 -8.40319240093231 -8.42665731906891 -8.33478844165802 -8.17591989040375 -7.9510509967804 -7.85884916782379 -7.79864704608917 -7.73755860328674 -7.77458298206329 -7.73594117164612 -7.61829936504364 -7.56132388114929 -7.56534862518311 -7.60037350654602 -7.49473178386688 -7.58308970928192 -7.44378101825714 -7.46347236633301 -7.38883054256439 -7.24287819862366 -7.11694860458374 -7.0410190820694 -6.93642318248749 -6.72749364376068 -6.646564245224 -6.56730151176453 -6.59103870391846 -6.61977589130402 -6.62517976760864 -6.63091707229614 -6.60298776626587 -6.48862159252167 -6.42481869459152 -6.47134917974472 -6.53054618835449
-8.63829338550568 -8.56622755527496 -8.46949505805969 -8.41476202011108 -8.38769638538361 -8.30829668045044 -8.3228976726532 -8.37149846553802 -8.33119940757751 -8.2703343629837 -8.16313552856445 -8.20493721961975 -8.2554053068161 -8.24087345600128 -8.28200829029083 -8.26681005954742 -8.083611369133 -7.87674605846405 -7.81654763221741 -7.7850159406662 -7.67639803886414 -7.63736116886139 -7.53232407569885 -7.50228714942932 -7.3915833234787 -7.47287952899933 -7.34384262561798 -7.2398054599762 -7.15610194206238 -7.07173144817352 -7.10836112499237 -7.10765767097473 -7.05771696567535 -6.95820641517639 -6.75802946090698 -6.60318565368652 -6.52000868320465 -6.48549807071686 -6.43932104110718 -6.39481055736542 -6.34663361310959 -6.42378979921341 -6.36994594335556 -6.35876888036728 -6.21941137313843 -6.1488733291626 -6.18833482265472 -6.24546319246292
-8.40586388111115 -8.40178775787354 -8.31037855148315 -8.33930253982544 -8.29322671890259 -8.16481733322144 -8.09707450866699 -8.20466542243958 -8.27853012084961 -8.28600144386292 -8.20852065086365 -8.15729153156281 -8.02539587020874 -7.92733335494995 -7.93602621555328 -7.93083119392395 -7.89396941661835 -7.81677460670471 -7.74557960033417 -7.63571798801422 -7.61790430545807 -7.6531388759613 -7.56970703601837 -7.51560807228088 -7.3108423948288 -7.39107692241669 -7.16397845745087 -6.95021283626556 -7.04478108882904 -6.95268213748932 -6.7939168214798 -6.64415109157562 -6.63655602931976 -6.6707980632782 -6.43203985691071 -6.26028180122375 -6.19219034910202 -6.18476557731628 -6.17367404699326 -6.15591609477997 -6.09982472658157 -6.05939960479736 -6.0446417927742 -6.00388365983963 -5.87686771154404 -5.8475940823555 -5.8319873213768 -5.84704720973969
-8.24213290214539 -8.24934840202332 -8.20426261425018 -8.11850965023041 -8.04409062862396 -8.05308949947357 -7.98858499526978 -8.05616569519043 -8.0685271024704 -8.16466867923737 -8.08742821216583 -8.00356471538544 -7.85986804962158 -7.84817123413086 -7.74914109706879 -7.76085245609283 -7.85132777690887 -7.82480275630951 -7.78927803039551 -7.64975297451019 -7.53341054916382 -7.44125008583069 -7.32175600528717 -7.17226219177246 -7.00476849079132 -6.99427473545074 -6.87978112697601 -6.72795391082764 -6.75779330730438 -6.7422993183136 -6.69113874435425 -6.57597851753235 -6.41806185245514 -6.26572281122208 -6.14671695232391 -5.90971106290817 -5.89037203788757 -5.8946995139122 -5.87036055326462 -5.81502139568329 -5.82468223571777 -5.71567630767822 -5.69000387191772 -5.69566488265991 -5.6169907450676 -5.55798202753067 -5.50836443901062 -5.55663114786148
-8.12820744514465 -8.13957583904266 -8.0604795217514 -7.98905038833618 -7.97395443916321 -7.93385827541351 -7.80842876434326 -7.88033258914948 -7.89019060134888 -7.91933584213257 -8.00083553791046 -7.93983805179596 -7.88777184486389 -7.83058369159698 -7.77439546585083 -7.772540807724 -7.74735271930695 -7.72183120250702 -7.64864325523376 -7.55845499038696 -7.42991662025452 -7.31102776527405 -7.16747236251831 -7.0162501335144 -6.8816944360733 -6.76580548286438 -6.57625019550323 -6.54902756214142 -6.50080549716949 -6.48825013637543 -6.54302775859833 -6.53580546379089 -6.35723423957825 -6.0746476650238 -5.73906081914902 -5.6504739522934 -5.61478906869888 -5.68188351392746 -5.56493103504181 -5.49779337644577 -5.45287328958511 -5.37961977720261 -5.34703284502029 -5.33911275863647 -5.28854447603226 -5.29109525680542 -4.98529225587845 -4.27099227905273
-8.01294875144958 -8.00180292129517 -7.91203022003174 -7.85959088802338 -7.89615142345428 -7.90937852859497 -7.7906060218811 -7.78783309459686 -7.79118764400482 -7.67700338363647 -7.72115194797516 -7.76263403892517 -7.74578297138214 -7.7722647190094 -7.74008011817932 -7.62889552116394 -7.59304404258728 -7.47185957431793 -7.411341547966 -7.21349048614502 -7.10475611686707 -6.95413875579834 -6.83885490894318 -6.76423764228821 -6.77195370197296 -6.5836695432663 -6.48005247116089 -6.40210193395615 -6.32681781053543 -6.31753385066986 -6.27158343791962 -6.28496611118317 -6.13474011421204 -5.7372390627861 -5.49373769760132 -5.47490334510803 -5.36569637060165 -9999 -5.30506652593613 -5.23406511545181 -5.09039759635925 -5.08689630031586 -5.03539502620697 -4.9349564909935 -5.01257026195526 -9999 -9999 -9999
-7.76447987556458 -7.82636368274689 -7.74558079242706 -7.69879829883575 -7.71401536464691 -7.748899102211 -7.73278307914734 -7.58466672897339 -7.65485167503357 -7.64400374889374 -7.55715608596802 -7.59464156627655 -7.7257936000824 -7.67961263656616 -7.64076459407806 -7.51358342170715 -7.46573555469513 -7.41088783740997 -7.25337338447571 -7.05819225311279 -6.82892882823944 -6.88424968719482 -6.78623759746552 -6.61122536659241 -6.4912132024765 -6.48320055007935 -6.350521504879 -6.25517582893372 -6.17883002758026 -6.13848447799683 -6.05647212266922 -5.82179325819016 -5.56941264867783 -5.29519563913345 -5.21174824237823 -5.29512453079224 -5.26540982723236 -5.08691823482513 -4.83819735050201 -4.27767080068588 -4.80992192029953 -4.74717289209366 -4.74209076166153 -4.66959184408188 -4.56680455803871 -9999 -9999 -3.79415984451771
-7.68605065345764 -7.73359084129333 -7.66946470737457 -7.62700521945953 -7.55487906932831 -7.51675271987915 -7.53762662410736 -7.52050054073334 -7.50051546096802 -7.45100438594818 -7.42482674121857 -7.34564888477325 -7.43347144126892 -7.46596026420593 -7.44078266620636 -7.28860485553741 -7.28876042366028 -7.18591606616974 -7.06873869895935 -6.88556110858917 -6.63810193538666 -6.70602762699127 -6.60995364189148 -6.32621294260025 -6.23747199773788 -6.2410649061203 -6.14932405948639 -6.00158333778381 -5.93917602300644 -5.79710209369659 -5.70402777194977 -5.51362043619156 -5.24775171279907 -4.87992185354233 -4.86709195375443 -5.06176209449768 -4.70059883594513 -4.73235249519348 -4.42743912339211 -9999 -4.5517795085907 -4.34848666191101 -4.36186057329178 -4.47662311792374 -9999 -9999 -9999 -9999
-7.5992876291275 -7.64815151691437 -7.66101539134979 -7.61721217632294 -7.52040958404541 -7.47127330303192 -7.45313727855682 -7.41366744041443 -7.33251261711121 -7.25200474262238 -7.20716404914856 -7.19565653800964 -7.10614907741547 -7.19797480106354 -7.23913419246674 -7.2449597120285 -7.07345235347748 -6.91394448280334 -6.71777033805847 -6.63926303386688 -6.49994134902954 -6.37447214126587 -6.24333643913269 -6.1348671913147 -6.0883983373642 -6.05526238679886 -5.94445985555649 -5.7556574344635 -5.63285499811172 -5.53705221414566 -5.42758309841156 -5.21744745969772 -5.02525740861893 -9999 -9999 -9999 -9999 -4.48570322990417 -4.43779209256172 -9999 -9999 -9999 -9999 -9999 -9999 -9999 -9999 -9999
-7.57052493095398 -7.58071196079254 -7.63256585597992 -7.57441961765289 -7.46694016456604 -7.38879382610321 -7.31631445884705 -7.24083471298218 -7.26637709140778 -7.19087529182434 -7.08616816997528 -7.09599721431732 -7.03182673454285 -6.88832271099091 -6.85248517990112 -6.92964792251587 -6.72647714614868 -6.49463975429535 -6.43180251121521 -6.30929827690125 -6.23911416530609 -6.18958348035812 -6.08238565921783 -6.05885487794876 -5.94099062681198 -5.85079312324524 -5.75359559059143 -5.55973136425018 -5.40186721086502 -5.25866967439651 -5.10980558395386 -4.88642752170563 -9999 -9999 -9999 -9999 -9999 -9999 -9999 -9999 -9999 -9999 -9999 -9999 -9999 -9999 -9999 -9999
-7.57976257801056 -7.57760584354401 -7.51644968986511 -7.46962678432465 -7.43080389499664 -7.30664765834808 -7.11082470417023 -7.10100173950195 -7.07283985614777 -7.05033910274506 -6.98717212677002 -6.94500482082367 -6.85317087173462 -6.74100375175476 -6.63150322437286 -6.70633578300476 -6.55150198936462 -6.33600151538849 -6.2165008187294 -6.13200014829636 -6.00162035226822 -5.96069443225861 -5.87210190296173 -5.835509121418 -5.76391667127609 -5.68165755271912 -5.49539804458618 -5.35513883829117 -5.10553234815598 -4.90523129701614 -4.84069442749023 -4.69768506288528 -9999 -9999 -9999 -9999 -9999 -9999 -9999 -9999 -9999 -9999 -9999 -9999 -9999 -9999 -9999 -9999
-7.65466630458832 -7.54383325576782 -7.44566679000854 -7.3811674118042 -7.32333433628082 -7.17483484745026 -7.02733504772186 -6.97650229930878 -6.92650353908539 -6.91900670528412 -6.81784284114838 -6.76434552669525 -6.62818217277527 -6.59668493270874 -6.57285451889038 -6.6726907491684 -6.49452662467957 -6.1966964006424 -6.01286607980728 -5.81003540754318 -5.76021748781204 -5.69863104820251 -5.6242795586586 -5.58483016490936 -5.62184238433838 -5.47318822145462 -5.24232190847397 -5.0845028758049 -4.84729945659637 -9999 -4.22041654586792 -9999 -9999 -9999 -9999 -9999 -9999 -9999 -9999 -9999 -9999 -9999 -9999 -9999 -9999 -9999 -9999 -9999
-7.60298919677734 -7.52830970287323 -7.35596370697021 -7.28661751747131 -7.20793807506561 -7.13959205150604 -7.08957922458649 -7.04256629943848 -6.83338010311127 -6.72801995277405 -6.59932661056519 -6.56729984283447 -6.52127254009247 -6.40191268920898 -6.44788587093353 -6.41319239139557 -6.28349888324738 -6.07894438505173 -5.76663041114807 -5.64241850376129 -5.54714757204056 -5.44211369752884 -5.22920966148376 -5.08077299594879 -5.02013385295868 -5.0901083946228 -4.93546342849731 -4.7296257019043 -4.66845148801804 -9999 -9999 -9999 -9999 -9999 -9999 -9999 -9999 -9999 -9999 -9999 -9999 -9999 -9999 -9999 -9999 -9999 -9999 -9999
-7.54439747333527 -7.49570178985596 -7.27033984661102 -7.15331065654755 -7.07694864273071 -7.15825295448303 -7.15855729579926 -7.04386162757874 -6.81237232685089 -6.56304621696472 -6.55228960514069 -6.42653334140778 -6.3314436674118 -6.25202059745789 -6.17193096876144 -6.15250784158707 -6.0454181432724 -5.8779753446579 -5.61515092849731 -5.34335428476334 -5.3279470205307 -5.20634096860886 -4.66494351625443 -4.56521266698837 -9999 -4.86575096845627 -4.69578182697296 -4.52462235093117 -9999 -9999 -9999 -9999 -9999 -9999 -9999 -9999 -9999 -9999 -9999 -9999 -9999 -9999 -9999 -9999 -9999 -9999 -9999 -9999
-7.29613959789276 -7.36309421062469 -7.24538242816925 -7.11267077922821 -7.01762568950653 -6.93491387367249 -6.88820207118988 -6.72949028015137 -6.6362247467041 -6.40907227993011 -6.27791953086853 -6.23010009527206 -6.18694776296616 -6.15746170282364 -5.92410528659821 -5.78433221578598 -5.51633733510971 -4.87851804494858 -4.57736545801163 -4.90746277570724 -4.24231135845184 -4.28399431705475 -4.22734418511391 -9999 -9999 -9999 -9999 -9999 -9999 -9999 -9999 -9999 -9999 -9999 -9999 -9999 -9999 -9999 -9999 -9999 -9999 -9999 -9999 -9999 -9999 -9999 -9999 -9999
-7.14554786682129 -7.21681988239288 -7.07975876331329 -7.06736397743225 -7.01463603973389 -6.85824143886566 -6.63451337814331 -6.5311187505722 -6.39131379127502 -6.34476470947266 -6.27221596240997 -6.27766716480255 -6.18545162677765 -6.05523616075516 -5.66442555189133 -5.38947188854218 -5.23892295360565 -4.75504112243652 -9999 -9999 -3.90355083346367 -9999 -9999 -9999 -9999 -9999 -9999 -9999 -9999 -9999 -9999 -9999 -9999 -9999 -9999 -9999 -9999 -9999 -9999 -9999 -9999 -9999 -9999 -9999 -9999 -9999 -9999 -9999
-7.06595659255981 -6.84287905693054 -6.75080168247223 -6.77572405338287 -6.73431301116943 -6.60823559761047 -6.47082459926605 -6.36008071899414 -6.15873616933823 -5.87938803434372 -5.66848093271255 -5.70678955316544 -5.49703001976013 -5.30066221952438 -5.05758965015411 -4.76062059402466 -4.35095342993736 -4.45406395196915 -4.37328559160233 -9999 -9999 -9999 -9999 -9999 -9999 -9999 -9999 -9999 -9999 -9999 -9999 -9999 -9999 -9999 -9999 -9999 -9999 -9999 -9999 -9999 -9999 -9999 -9999 -9999 -9999 -9999 -9999 -9999
-6.75403213500977 -6.55627143383026 -6.550177693367 -6.47441732883453 -6.34765684604645 -6.20889663696289 -6.1501362323761 -6.0779555439949 -5.88284003734589 -5.6534121632576 -5.26458668708801 -5.32080107927322 -5.01034849882126 -4.81586861610413 -4.8384023308754 -9999 -3.6574282348156 -4.14558684825897 -4.40041244029999 -9999 -9999 -9999 -9999 -9999 -9999 -9999 -9999 -9999 -9999 -9999 -9999 -9999 -9999 -9999 -9999 -9999 -9999 -9999 -9999 -9999 -9999 -9999 -9999 -9999 -9999 -9999 -9999 -9999
-6.59910690784454 -6.38199734687805 -6.35555398464203 -6.43077731132507 -6.3630006313324 -6.14622402191162 -6.10611391067505 -5.99100416898727 -5.87288469076157 -5.77275544404984 -5.7504249215126 -5.56906372308731 -5.3116307258606 -5.08313101530075 -4.79944980144501 -4.44875133037567 -4.14168083667755 -4.11169329285622 -9999 -9999 -9999 -9999 -9999 -9999 -9999 -9999 -9999 -9999 -9999 -9999 -9999 -9999 -9999 -9999 -9999 -9999 -9999 -9999 -9999 -9999 -9999 -9999 -9999 -9999 -9999 -9999 -9999 -9999
-6.50837671756744 -6.29005634784698 -6.27426338195801 -6.16880369186401 -6.23301112651825 -6.17588484287262 -5.97609221935272 -5.75563263893127 -5.71100282669067 -5.71786922216415 -5.56540197134018 -5.40350663661957 -5.00346773862839 -4.74144530296326 -4.54720062017441 -9999 -9999 -9999 -9999 -9999 -9999 -9999 -9999 -9999 -9999 -9999 -9999 -9999 -9999 -9999 -9999 -9999 -9999 -9999 -9999 -9999 -9999 -9999 -9999 -9999 -9999 -9999 -9999 -9999 -9999 -9999 -9999 -9999
