data/spatiotemp/temp3/bio18_norsw_test_2011_2014.asc
NCOLS 654 
NROWS 380 
XLLCORNER 3.91666666666667 
YLLCORNER 55.3333333333333 
CELLSIZE 0.0416666666666667 
NODATA_value -9999 
[rows 286 to 307 of 380, columns 300 to 349 of 654]
235.075256347656 235.865169525146 237.546031951904 234.301570892334 233.721912384033 231.371322631836 228.125308990479 228.443351745605 227.339973449707 224.79052734375 222.664840698242 222.790874481201 222.916912078857 223.042949676514 221.816585540771 220.596343994141 220.719287872314 218.137363433838 220.522853851318 219.288276672363 217.888450622559 214.975597381592 213.42170715332 210.959518432617 210.760669708252 214.16446685791 213.961685180664 211.504821777344 209.051651000977 212.845726013184 216.230712890625 215.096324920654 208.227745056152 209.562450408936 208.648239135742 214.485782623291 218.501884460449 219.855754852295 222.117652893066 222.140197753906 223.95777130127 222.633541107178 220.414131164551 219.094421386719 214.589511871338 209.56400680542 213.475593566895 210.679824829102 207.456462860107 206.471866607666
236.604713439941 236.021224975586 234.109886169434 233.096355438232 229.820503234863 228.800483703613 226.860729217529 224.484680175781 225.62228012085 224.424690246582 222.280265808105 221.075244903564 222.536823272705 221.761394500732 222.806560516357 220.661483764648 223.049949645996 220.47331237793 220.598297119141 221.636177062988 218.896873474121 218.720592498779 215.842636108398 214.754432678223 212.320041656494 212.148471832275 211.976909637451 210.884136199951 210.711399078369 209.207035064697 213.037300109863 214.186992645264 212.242568969727 209.995983123779 214.006092071533 215.356483459473 218.045783996582 221.652442932129 222.583206176758 224.848644256592 227.117092132568 227.136367797852 223.567974090576 222.237045288086 220.82689666748 220.233463287354 218.285762786865 206.842998504639 202.623722076416 196.90353012085
231.003314971924 231.290088653564 229.353942871094 228.319324493408 227.282859802246 224.892917633057 222.932392120361 221.887378692627 220.73902130127 219.543239593506 218.342071533203 218.466053009033 217.235912322998 217.774822235107 217.901756286621 216.672103881836 216.798217773438 217.840198516846 217.050445556641 218.090267181396 221.259326934814 218.847198486328 218.701358795166 216.291355133057 216.146213531494 213.310279846191 212.248050689697 212.105842590332 209.698501586914 210.896434783936 212.496658325195 213.678817749023 210.418888092041 213.098930358887 213.528282165527 215.802547454834 217.16060256958 222.116928100586 225.300338745117 228.011444091797 231.187366485596 228.059631347656 223.1318359375 220.444580078125 217.657428741455 218.376300811768 217.275356292725 208.167881011963 204.94522857666 198.302421569824
226.254505157471 223.896556854248 223.247272491455 223.547260284424 222.449516296387 221.391456604004 219.40771484375 218.342094421387 215.861614227295 216.915786743164 217.967552185059 219.447593688965 215.041473388672 215.166240692139 216.627368927002 216.754997253418 219.14281463623 216.567070007324 216.692607879639 215.456310272217 216.376735687256 216.265068054199 218.858406066895 216.041770935059 216.355777740479 216.246952056885 216.131679534912 212.406368255615 211.36837387085 210.327739715576 207.946269989014 210.502983093262 210.853458404541 211.275604248047 212.629192352295 215.329486846924 217.61022567749 217.632278442383 220.348941802979 222.630588531494 224.010257720947 219.525291442871 216.839756011963 206.873729705811 203.949310302734 203.51583480835 203.660575866699 202.176078796387 202.215099334717 196.735061645508
221.549758911133 220.482532501221 218.498413085938 218.732074737549 217.655624389648 216.576671600342 215.495216369629 214.411235809326 215.519470214844 214.327125549316 213.095359802246 213.218063354492 212.416191101074 213.871307373047 215.332462310791 216.822616577148 218.293754577637 217.983795166016 215.836055755615 216.883518218994 216.906944274902 215.473720550537 215.390682220459 215.307636260986 217.924575805664 215.14155960083 212.79035949707 212.706871032715 209.010181427002 207.072479248047 206.060199737549 207.721813201904 210.361637115479 210.373783111572 213.070083618164 210.823650360107 206.503986358643 208.923530578613 207.750606536865 212.709182739258 213.186000823975 201.367309570312 197.02364730835 202.165046691895 198.175876617432 197.090023040771 198.880485534668 199.46639251709 198.123973846436 192.452770233154
219.062557220459 217.0641746521 215.057621002197 213.963710784912 216.454700469971 215.358154296875 214.258754730225 213.1120262146 211.036930084229 212.096076965332 211.833202362061 212.350196838379 208.866661071777 211.679512023926 213.139846801758 215.528427124023 219.283267974854 220.760719299316 221.817565917969 218.325855255127 219.26554107666 216.946823120117 213.2659034729 213.213756561279 213.161609649658 215.385822296143 211.711067199707 210.732936859131 208.406280517578 203.807289123535 202.175216674805 -9999 204.888938903809 205.944236755371 206.86962890625 204.605213165283 203.702312469482 200.236545562744 197.999103546143 196.218502044678 196.117256164551 194.651931762695 195.134773254395 194.71032333374 -9999 -9999 193.928890228271 193.601531982422 193.124881744385 185.344226837158
215.661918640137 215.005165100098 213.8974609375 210.501029968262 210.688110351562 211.804267883301 210.688251495361 207.278816223145 208.417964935303 211.215454101562 210.96199798584 209.729316711426 213.861213684082 215.320827484131 216.820095062256 219.213958740234 219.325096130371 221.752635955811 220.527248382568 220.667503356934 220.725593566895 217.070693969727 212.989673614502 213.395412445068 212.016212463379 213.350967407227 211.980682373047 211.03067779541 207.800113677979 200.253326416016 200.329326629639 195.716945648193 200.827682495117 206.641056060791 205.72541809082 201.951698303223 198.472095489502 195.15160369873 191.557159423828 189.48738861084 190.751621246338 189.127563476562 188.858261108398 -9999 186.681324005127 187.388328552246 187.938201904297 186.226001739502 174.077465057373 182.251197814941
214.991580963135 213.87043762207 214.040668487549 210.689807891846 208.193996429443 206.997631072998 205.86137008667 206.025260925293 207.109031677246 207.238136291504 208.680541992188 210.174087524414 215.23998260498 215.38005065918 218.211605072021 218.321704864502 218.468769073486 220.874668121338 221.942924499512 222.090068817139 218.53401184082 218.541835784912 215.854080200195 213.57706451416 212.226127624512 209.961235046387 209.969360351562 207.69747543335 199.324714660645 196.084182739258 195.296779632568 193.001129150391 193.150241851807 196.831634521484 197.907421112061 193.203384399414 188.668727874756 187.322444915771 185.248458862305 -9999 -9999 -9999 184.685958862305 183.206733703613 185.073673248291 184.22932434082 185.803855895996 -9999 -9999 -9999
217.465545654297 212.744506835938 210.673099517822 208.594181060791 205.143783569336 202.623966217041 201.401821136475 199.82112121582 202.617126464844 204.0546875 205.124099731445 207.933265686035 212.069705963135 212.215614318848 210.067993164062 213.836078643799 217.574199676514 219.987331390381 221.064521789551 217.586181640625 216.336986541748 213.661811828613 215.06872177124 213.758716583252 210.161117553711 206.563323974609 206.600788116455 199.706527709961 195.142906188965 191.002040863037 189.793243408203 187.226222991943 186.47599029541 184.209934234619 183.475063323975 180.913681030273 179.721992492676 175.194477081299 178.408821105957 -9999 165.214336395264 167.948539733887 179.260822296143 182.652648925781 -9999 -9999 -9999 -9999 -9999 -9999
219.023441314697 216.585903167725 212.190490722656 207.434482574463 203.96114730835 202.714614868164 197.519584655762 198.935256958008 200.36088180542 201.799018859863 203.24479675293 206.062183380127 209.772434234619 209.972728729248 209.148990631104 210.230842590332 213.083969116211 217.756454467773 217.501274108887 215.395980834961 211.870868682861 210.568958282471 210.659843444824 208.012874603271 207.15442276001 198.999103546143 198.814685821533 196.560035705566 189.431415557861 181.798603057861 181.210849761963 178.835609436035 178.839210510254 172.29040145874 169.727321624756 168.415355682373 168.438381195068 170.481159210205 177.174182891846 163.359703063965 163.627178192139 165.454734802246 -9999 -9999 -9999 -9999 -9999 -9999 -9999 -9999
219.309093475342 219.509780883789 215.084423065186 211.159957885742 207.667198181152 204.094257354736 201.541416168213 201.993759155273 202.05256652832 204.44144821167 204.590839385986 206.04874420166 206.202095031738 207.671913146973 207.829246520996 207.05818939209 207.217586517334 211.930850982666 212.091323852539 208.615863800049 207.400058746338 203.856521606445 203.951042175293 199.662281036377 197.173252105713 193.759860992432 190.180324554443 186.770278930664 182.26106262207 177.751197814941 168.122138977051 -9999 160.951564788818 163.093727111816 162.062692642212 161.809146881104 152.257745742798 -9999 -9999 -9999 -9999 -9999 -9999 -9999 -9999 -9999 -9999 -9999 -9999 -9999
223.53394317627 220.966667175293 220.110210418701 216.599323272705 213.085857391357 211.37467956543 207.862609863281 206.928157806396 206.98025894165 206.195663452148 204.990383148193 206.455322265625 204.313983917236 204.478168487549 203.271381378174 201.182292938232 201.343250274658 200.578910827637 200.742065429688 200.905208587646 199.706314086914 194.479049682617 192.020919799805 192.008052825928 187.275375366211 185.905456542969 183.877391815186 176.933490753174 -9999 -9999 -9999 -9999 -9999 -9999 142.918970108032 -9999 -9999 -9999 161.530521392822 -9999 -9999 -9999 -9999 -9999 -9999 -9999 -9999 -9999 -9999 -9999
226.141819000244 223.902172088623 221.763324737549 220.46838760376 216.8606300354 215.574935913086 213.347030639648 211.121719360352 208.508625030518 208.584911346436 206.423221588135 204.32678604126 205.784057617188 200.065944671631 196.589111328125 192.176109313965 188.689796447754 191.536136627197 191.227451324463 193.66902923584 189.344352722168 188.755867004395 187.584438323975 184.973915100098 183.034465789795 181.508045196533 179.212337493896 177.028102874756 -9999 -9999 -9999 -9999 -9999 -9999 136.521934509277 -9999 -9999 -9999 -9999 -9999 -9999 -9999 -9999 -9999 -9999 -9999 -9999 -9999 -9999 -9999
227.796417236328 225.57315826416 225.674381256104 223.45454788208 219.949920654297 218.595291137695 217.330783843994 216.417739868164 213.793712615967 212.538730621338 211.711448669434 207.268173217773 201.452262878418 196.626277923584 193.550758361816 189.101718902588 185.580730438232 184.358032226562 178.621520996094 -9999 183.368114471436 -9999 -9999 -9999 -9999 175.789058685303 175.933528900146 -9999 -9999 -9999 -9999 -9999 -9999 -9999 -9999 -9999 -9999 -9999 -9999 -9999 -9999 -9999 -9999 -9999 -9999 -9999 -9999 -9999 -9999 -9999
220.965572357178 220.03462600708 221.09778213501 220.267734527588 216.685001373291 216.722549438477 216.768104553223 214.501586914062 213.23498916626 210.998229980469 211.080200195312 206.596549987793 199.423294067383 194.93868637085 191.44161605835 185.629234313965 182.068687438965 176.729339599609 176.650363922119 -9999 -9999 -9999 -9999 -9999 -9999 -9999 -9999 -9999 -9999 -9999 -9999 -9999 -9999 -9999 -9999 -9999 -9999 -9999 -9999 -9999 -9999 -9999 -9999 -9999 -9999 -9999 -9999 -9999 -9999 -9999
217.389022827148 216.469257354736 217.885158538818 215.688068389893 215.735710144043 215.790775299072 214.905975341797 212.652473449707 211.732521057129 210.403377532959 206.819133758545 205.926445007324 200.086082458496 194.242839813232 -9999 -9999 -9999 -9999 -9999 -9999 -9999 -9999 -9999 -9999 -9999 -9999 -9999 -9999 -9999 -9999 -9999 -9999 -9999 -9999 -9999 -9999 -9999 -9999 -9999 -9999 -9999 -9999 -9999 -9999 -9999 -9999 -9999 -9999 -9999 -9999
221.275611877441 217.707187652588 219.232662200928 219.639667510986 217.381114959717 216.156555175781 216.670928955078 216.759914398193 214.449447631836 215.706504821777 214.777992248535 -9999 201.749526977539 197.187519073486 203.21040725708 -9999 -9999 -9999 -9999 -9999 -9999 -9999 -9999 -9999 -9999 -9999 -9999 -9999 -9999 -9999 -9999 -9999 -9999 -9999 -9999 -9999 -9999 -9999 -9999 -9999 -9999 -9999 -9999 -9999 -9999 -9999 -9999 -9999 -9999 -9999
221.647663116455 218.090873718262 219.892017364502 218.6764793396 219.196891784668 219.291744232178 218.00951385498 218.553016662598 218.558841705322 217.582389831543 215.28959274292 210.291873931885 204.354431152344 201.072246551514 193.318515777588 -9999 -9999 -9999 -9999 -9999 -9999 -9999 -9999 -9999 -9999 -9999 -9999 -9999 -9999 -9999 -9999 -9999 -9999 -9999 -9999 -9999 -9999 -9999 -9999 -9999 -9999 -9999 -9999 -9999 -9999 -9999 -9999 -9999 -9999 -9999
220.726402282715 218.474544525146 217.612335205078 219.09395980835 218.247333526611 220.69327545166 220.80940246582 219.983997344971 220.041858673096 220.342819213867 218.44713973999 212.013011932373 206.418323516846 200.440006256104 -9999 -9999 -9999 -9999 -9999 -9999 -9999 -9999 -9999 -9999 -9999 -9999 -9999 -9999 -9999 -9999 -9999 -9999 -9999 -9999 -9999 -9999 -9999 -9999 -9999 -9999 -9999 -9999 -9999 -9999 -9999 -9999 -9999 -9999 -9999 -9999
222.052494049072 221.19747543335 220.350456237793 216.81763458252 217.368541717529 218.442111968994 218.569110870361 217.821376800537 218.241191864014 218.569187164307 214.793727874756 207.756786346436 204.05052947998 199.35551071167 184.067909240723 -9999 -9999 -9999 -9999 -9999 -9999 -9999 -9999 -9999 -9999 -9999 -9999 -9999 -9999 -9999 -9999 -9999 -9999 -9999 -9999 -9999 -9999 -9999 -9999 -9999 -9999 -9999 -9999 -9999 -9999 -9999 -9999 -9999 -9999 -9999
222.341262817383 223.84591293335 220.322841644287 220.883327484131 217.3610496521 218.88790512085 219.098731994629 218.362281799316 216.046688079834 214.942733764648 212.451412200928 209.085910797119 204.338356018066 199.600475311279 184.247867584229 -9999 -9999 -9999 -9999 -9999 -9999 -9999 -9999 -9999 -9999 -9999 -9999 -9999 -9999 -9999 -9999 -9999 -9999 -9999 -9999 -9999 -9999 -9999 -9999 -9999 -9999 -9999 -9999 -9999 -9999 -9999 -9999 -9999 -9999 -9999
221.332672119141 222.853050231934 224.38166809082 220.868705749512 217.788856506348 219.333694458008 217.213394165039 216.040252685547 217.448909759521 214.906757354736 211.490367889404 209.417980194092 203.289497375488 -9999 186.821971893311 -9999 -9999 -9999 -9999 -9999 -9999 -9999 -9999 -9999 -9999 -9999 -9999 -9999 -9999 -9999 -9999 -9999 -9999 -9999 -9999 -9999 -9999 -9999 -9999 -9999 -9999 -9999 -9999 -9999 -9999 -9999 -9999 -9999 -9999 -9999
