data/spatiotemp/temp3/bio16_norsw_test_2011_2014.asc
NCOLS 654 
NROWS 380 
XLLCORNER 3.91666666666667 
YLLCORNER 55.3333333333333 
CELLSIZE 0.0416666666666667 
NODATA_value -9999 
[rows 264 to 285 of 380, columns 250 to 299 of 654]
342.486766815186 340.00952911377 346.941463470459 350.178375244141 347.690944671631 335.185958862305 329.089832305908 316.102832794189 311.466735839844 306.849327087402 304.168983459473 305.836868286133 298.863460540771 299.594058990479 295.249095916748 281.381572723389 281.551826477051 279.350246429443 269.254100799561 265.843650817871 262.446201324463 274.516784667969 266.478271484375 265.936553955078 267.908012390137 271.112831115723 261.309062957764 260.096569061279 260.854152679443 269.447750091553 264.744468688965 263.525550842285 267.94030380249 264.534782409668 263.856472015381 264.017051696777 258.828266143799 256.874061584473 258.235397338867 257.132553100586 252.831008911133 252.574340820312 250.418701171875 244.576671600342 242.975566864014 237.145603179932 232.163097381592 231.989749908447 231.816394805908 236.062377929688
342.185752868652 349.995193481445 347.067085266113 334.774875640869 338.570259094238 335.246784210205 337.666500091553 328.540603637695 319.988025665283 322.947063446045 322.421466827393 311.55256652832 305.558563232422 324.855285644531 311.449352264404 299.631309509277 291.211967468262 286.503704071045 294.336734771729 296.913547515869 273.096336364746 271.572666168213 281.092826843262 299.88147354126 284.882991790771 276.257389068604 280.044616699219 268.08585357666 258.421688079834 260.329395294189 267.056999206543 266.662414550781 271.062984466553 273.001163482666 267.230533599854 259.185695648193 258.932025909424 253.931324005127 261.441665649414 259.255569458008 258.323318481445 257.41060256958 257.636409759521 251.298748016357 243.619926452637 239.704154968262 236.798187255859 235.80738067627 235.454330444336 239.717754364014
338.112506866455 346.314525604248 337.793727874756 333.053726196289 330.03581237793 323.140350341797 326.931175231934 326.138111114502 320.08264541626 314.753421783447 315.633563995361 315.248794555664 310.026435852051 299.786750793457 303.072616577148 304.230335235596 304.222793579102 312.688529968262 311.893829345703 295.838691711426 282.832363128662 283.575347900391 283.667655944824 296.220397949219 292.606586456299 290.047897338867 284.38500213623 273.886451721191 262.273120880127 259.088035583496 259.38387298584 259.267311096191 262.416191101074 261.858711242676 261.440204620361 265.119579315186 262.423358917236 255.098640441895 255.693202972412 255.989452362061 255.168815612793 251.256114959717 254.468521118164 247.76216506958 243.723361968994 239.506416320801 239.880828857422 239.562381744385 236.448886871338 237.631065368652
328.500514984131 334.354099273682 341.423637390137 333.717288970947 326.368270874023 324.462558746338 318.124217987061 318.45597076416 315.901172637939 316.232387542725 315.584075927734 327.957672119141 319.709217071533 311.487014770508 307.728031158447 307.866882324219 308.174137115479 313.318355560303 319.046348571777 321.765674591064 319.301658630371 315.18416595459 307.197967529297 295.904762268066 293.01978302002 307.203392028809 293.959980010986 282.105823516846 282.786087036133 275.97590637207 264.750907897949 256.489776611328 256.874740600586 253.721385955811 254.557800292969 255.815166473389 258.330879211426 257.667446136475 250.064521789551 250.104438781738 249.180774688721 247.7077293396 248.119213104248 246.514602661133 242.297981262207 240.033477783203 239.758312225342 237.508041381836 239.486827850342 240.525440216064
327.379302978516 333.623672485352 342.096271514893 343.109481811523 325.908660888672 319.547626495361 316.693183898926 317.306457519531 317.770530700684 315.06063079834 309.313583374023 320.196720123291 310.3450050354 307.801391601562 304.508338928223 303.450389862061 310.401954650879 324.852703094482 324.311721801758 326.20849609375 324.774513244629 319.547695159912 314.671051025391 314.938083648682 305.557605743408 295.551067352295 287.891456604004 292.980476379395 294.876621246338 286.185768127441 280.323429107666 277.248165130615 264.852306365967 258.919574737549 259.859783172607 250.862442016602 250.219203948975 253.802837371826 254.392848968506 249.408889770508 251.966293334961 256.707370758057 250.22339630127 247.348560333252 243.846858978271 243.590579986572 240.886245727539 240.602870941162 242.598148345947 245.741836547852
324.547267913818 324.18631362915 325.534027099609 327.251407623291 319.332340240479 318.256992340088 315.684711456299 314.899208068848 314.11368560791 314.7184715271 309.401561737061 298.997219085693 312.772998809814 301.82914352417 289.961315155029 292.064750671387 312.019660949707 324.780151367188 328.906963348389 327.878715515137 325.12162399292 322.181571960449 315.025703430176 318.112098693848 308.116016387939 303.407913208008 287.114456176758 290.227653503418 295.0068359375 291.996547698975 285.683334350586 280.657585144043 272.634960174561 269.420509338379 262.850532531738 254.802207946777 253.867027282715 253.623691558838 250.378425598145 245.541309356689 251.364486694336 256.8118019104 253.260799407959 249.744331359863 249.479461669922 245.158157348633 241.000267028809 240.73653793335 241.66552734375 243.640342712402
332.404838562012 325.13272857666 318.589443206787 318.375190734863 317.31229019165 312.80277633667 314.669525146484 321.48416519165 312.106494903564 312.891738891602 311.397911071777 296.756492614746 304.652351379395 303.261600494385 288.283477783203 293.499069213867 301.184093475342 312.462829589844 322.523166656494 320.892223358154 318.518375396729 319.171989440918 314.29097366333 313.122802734375 309.292259216309 305.530487060547 299.72811126709 290.67554473877 286.9758644104 282.176132202148 272.583862304688 267.679401397705 266.420860290527 265.319705963135 262.439807891846 260.228103637695 260.649993896484 258.456302642822 255.374450683594 250.770790100098 249.935123443604 249.665481567383 252.010456085205 255.209442138672 253.489356994629 251.689109802246 246.443618774414 243.227077484131 241.107437133789 242.28927230835
335.42325592041 337.752300262451 319.914737701416 319.85795211792 315.711776733398 308.548671722412 312.212524414062 306.72038269043 313.055244445801 307.675884246826 309.096397399902 298.840087890625 293.805976867676 288.786708831787 285.74153137207 286.084186553955 287.506988525391 284.33377456665 295.220275878906 306.415760040283 315.972610473633 312.838264465332 313.754138946533 315.26549911499 305.260314941406 312.562400817871 303.622470855713 293.629585266113 295.017810821533 291.872985839844 280.726917266846 272.504455566406 264.061923980713 267.575523376465 267.295360565186 260.722751617432 257.73494720459 256.799732208252 254.113662719727 254.362831115723 253.423309326172 250.850425720215 252.481018066406 254.769790649414 254.132488250732 253.677352905273 249.523834228516 244.4501953125 244.561614990234 242.988391876221
324.793479919434 332.919326782227 321.19921875 309.704811096191 310.105453491211 305.547454833984 307.286727905273 304.256973266602 299.602191925049 298.32266998291 301.584671020508 301.117580413818 295.807426452637 295.999046325684 298.821033477783 300.035526275635 289.519897460938 282.793048858643 276.037139892578 283.672660827637 291.325607299805 304.893745422363 301.367294311523 306.968975067139 292.508136749268 298.28706741333 297.614944458008 292.064826965332 285.174263000488 280.797836303711 273.392105102539 267.523277282715 263.459827423096 266.297798156738 266.306987762451 260.401512145996 257.31489944458 255.985885620117 255.267498016357 254.604263305664 255.122375488281 256.199939727783 256.188510894775 249.871997833252 250.950191497803 251.763408660889 248.550319671631 246.803005218506 244.716117858887 244.254634857178
322.15576171875 318.50923538208 319.711292266846 309.81595993042 308.359813690186 307.159549713135 310.287559509277 314.733295440674 314.795009613037 307.346164703369 294.58699798584 292.747173309326 306.964954376221 322.920276641846 313.866165161133 307.348987579346 294.785984039307 301.310111999512 284.923011779785 277.704315185547 284.002326965332 296.298118591309 293.896881103516 285.894981384277 281.474414825439 279.550605773926 278.917945861816 285.787937164307 278.058757781982 274.287647247314 269.938724517822 264.744861602783 263.554565429688 263.113872528076 262.010334014893 257.886909484863 255.47664642334 257.556324005127 255.537857055664 256.630828857422 257.426113128662 255.217235565186 254.444328308105 254.30500793457 251.730842590332 253.214328765869 250.283916473389 248.88342666626 243.715358734131 241.661136627197
318.721302032471 324.573848724365 312.464237213135 304.463363647461 303.167827606201 304.053359985352 304.402694702148 305.697895050049 306.181648254395 303.36226272583 291.280380249023 292.0807762146 303.117137908936 313.267791748047 310.798950195312 308.163795471191 295.588203430176 289.946018218994 284.25305557251 273.301387786865 294.824966430664 301.968208312988 292.513031005859 287.760940551758 284.56632232666 280.037647247314 275.197410583496 275.257427215576 274.630104064941 274.002765655518 270.328960418701 265.993854522705 260.975311279297 262.988826751709 260.350658416748 254.758152008057 259.450141906738 258.519912719727 259.619594573975 257.601356506348 257.528816223145 255.328151702881 252.086139678955 251.63805770874 251.18726348877 252.262687683105 252.10570526123 248.901840209961 244.772281646729 241.547397613525
316.519309997559 325.40327835083 322.92752456665 303.959804534912 302.554019927979 302.701633453369 298.066005706787 300.876617431641 302.121089935303 300.730117797852 293.581275939941 293.117095947266 299.372631072998 296.905570983887 306.809555053711 302.26664352417 291.951850891113 289.673259735107 275.116523742676 271.10648727417 288.355484008789 289.189506530762 287.964733123779 283.531108856201 278.507480621338 275.902130126953 273.577407836914 275.604331970215 274.106483459473 271.020210266113 269.974239349365 267.820941925049 263.665699005127 260.731365203857 258.371437072754 255.702789306641 257.393241882324 257.153553009033 254.491439819336 253.85196685791 251.582962036133 246.977546691895 251.552642822266 252.108245849609 251.138214111328 250.886764526367 250.766067504883 246.854549407959 243.180404663086 242.167724609375
317.962112426758 315.87149810791 316.20295715332 310.134292602539 311.582767486572 299.97469329834 298.748134613037 300.091876983643 297.859836578369 302.799739837646 304.282855987549 304.004856109619 287.217235565186 286.180065155029 286.572116851807 295.177555084229 279.011936187744 286.990524291992 292.145393371582 285.547714233398 272.138095855713 274.343780517578 274.914646148682 273.171924591064 273.538684844971 272.468894958496 271.440319061279 271.910987854004 270.858589172363 268.305850982666 265.907451629639 265.709300994873 265.093502044678 261.46049118042 258.044013977051 257.425632476807 257.764549255371 253.873058319092 252.984199523926 252.735279083252 251.168121337891 249.987442016602 249.758541107178 251.546424865723 250.783081054688 250.556049346924 247.855316162109 246.040988922119 241.231803894043 240.430274963379
314.568126678467 318.750949859619 322.29594039917 315.62931060791 319.510772705078 302.81526184082 298.890510559082 304.362323760986 301.936073303223 303.896831512451 303.038925170898 301.897998809814 299.46545791626 294.792102813721 282.61315536499 278.278694152832 282.349781036377 296.5237159729 295.094444274902 280.591552734375 273.728507995605 271.295593261719 271.467456817627 269.30472946167 269.837940216064 269.647727966309 269.717746734619 268.665794372559 266.274444580078 267.43212890625 264.469718933105 263.695041656494 260.235260009766 260.885055541992 261.665950775146 257.506084442139 256.910346984863 253.709796905518 253.390544891357 251.427997589111 248.07165145874 247.273807525635 245.614791870117 246.147499084473 244.181213378906 242.967803955078 242.337497711182 240.233081817627 239.464752197266 236.477584838867
314.952793121338 310.943248748779 319.857830047607 317.19962310791 325.288841247559 311.832324981689 304.477142333984 307.920417785645 312.951503753662 306.403060913086 307.75101852417 311.65739440918 304.517578125 297.819328308105 298.247386932373 293.850315093994 279.92756652832 287.557464599609 287.267070770264 281.564434051514 270.911357879639 266.917678833008 265.572967529297 266.328784942627 266.418544769287 264.610321044922 265.786102294922 263.233280181885 262.886611938477 262.115631103516 262.186115264893 259.137588500977 258.1344871521 258.894062042236 258.497398376465 258.12922668457 252.917549133301 252.34708404541 248.208786010742 245.715335845947 246.205062866211 243.535900115967 240.911396026611 242.988723754883 240.832244873047 239.537117004395 239.168155670166 238.434799194336 235.483467102051 234.739864349365
307.584526062012 313.525829315186 309.878898620605 313.822818756104 318.695465087891 318.918533325195 319.83069229126 304.110702514648 305.088714599609 303.798362731934 307.62036895752 299.735187530518 294.027446746826 289.609272003174 289.36547088623 283.918659210205 279.692535400391 274.121269226074 277.59398651123 270.094039916992 267.185897827148 267.271556854248 264.927459716797 264.1696434021 264.664489746094 264.757053375244 263.751159667969 261.365364074707 258.826416015625 259.99995803833 260.077030181885 260.826377868652 256.712200164795 257.701770782471 257.482391357422 253.642078399658 252.244380950928 249.084815979004 243.876113891602 243.83585357666 242.817035675049 240.345314025879 238.300193786621 237.707458496094 239.424919128418 236.346176147461 235.587100982666 235.75899887085 234.172393798828 233.453792572021
301.574596405029 307.525848388672 309.086879730225 303.874214172363 302.717708587646 314.154670715332 321.926811218262 314.122249603271 305.86812210083 300.048961639404 305.360767364502 300.649234771729 294.336940765381 288.347812652588 292.293254852295 296.1018409729 290.123622894287 283.221420288086 275.390342712402 266.687885284424 265.753276824951 263.311317443848 263.482906341553 262.725494384766 260.335342407227 259.580715179443 261.031398773193 258.393970489502 256.813400268555 256.221824645996 256.308586120605 255.713916778564 253.770454406738 253.176555633545 253.75719833374 251.692543029785 247.879932403564 248.222663879395 243.748512268066 241.652530670166 239.61837387085 236.492691040039 236.824867248535 234.010528564453 233.607715606689 231.874290466309 232.006801605225 233.53902053833 232.8581199646 232.164817810059
298.99129486084 296.141296386719 300.227516174316 302.139472961426 302.618621826172 308.845108032227 310.836841583252 311.964981079102 306.304351806641 306.42756652832 299.780261993408 296.702346801758 301.793338775635 297.028079986572 299.252418518066 302.554431915283 298.117092132568 289.90115737915 276.91796875 265.343769073486 262.894500732422 259.813331604004 259.824527740479 257.538570404053 255.001411437988 255.112098693848 255.615779876709 254.775051116943 256.64086151123 254.386039733887 253.800403594971 255.147602081299 251.956565856934 253.799625396729 250.827053070068 249.629764556885 248.266067504883 245.640625 241.551719665527 240.199153900146 237.757659912109 237.435218811035 236.994281768799 234.39412689209 232.668300628662 232.274715423584 232.422748565674 236.195167541504 235.542896270752 234.885078430176
288.095191955566 292.364799499512 295.413146972656 296.557922363281 298.909244537354 302.354232788086 305.33491897583 307.093738555908 307.827377319336 311.231178283691 305.183444976807 307.191944122314 306.742729187012 306.738460540771 307.351036071777 307.051330566406 289.775917053223 275.574504852295 267.049057006836 266.556510925293 262.401466369629 260.562858581543 262.786632537842 262.891372680664 259.745872497559 257.378242492676 258.993659973145 261.014713287354 258.333461761475 258.421356201172 255.632556915283 254.643325805664 255.531848907471 253.465133666992 253.482692718506 251.035835266113 247.078754425049 245.063022613525 242.448635101318 244.078437805176 241.465843200684 241.333835601807 240.35005569458 240.98286819458 239.264747619629 237.546741485596 238.587776184082 240.186183929443 240.443683624268 239.818187713623
291.530757904053 296.439422607422 297.371929168701 296.792640686035 298.356742858887 303.550102233887 302.481441497803 304.702140808105 305.009536743164 306.279190063477 305.277153015137 306.850841522217 307.938747406006 306.517726898193 303.764316558838 283.768146514893 270.788055419922 266.042167663574 263.111789703369 263.333969116211 259.629505157471 259.237041473389 258.856601715088 258.107082366943 254.491802215576 253.744674682617 256.286476135254 255.299343109131 252.680782318115 253.546211242676 252.959568023682 252.372928619385 250.449043273926 249.863548278809 248.841579437256 249.878284454346 250.243312835693 247.992477416992 244.721069335938 243.214431762695 243.57544708252 240.972797393799 240.850299835205 239.147598266602 239.648807525635 238.397487640381 238.125755310059 239.283130645752 238.687133789062 240.3115234375
296.567657470703 292.878723144531 293.758556365967 297.7727394104 293.825416564941 292.79642868042 301.054668426514 305.642002105713 306.784309387207 305.837726593018 303.97131729126 306.814239501953 305.693161010742 301.953670501709 290.168380737305 277.356910705566 268.047477722168 263.299072265625 262.440166473389 258.328868865967 257.77161026001 256.025325775146 253.527202606201 251.697521209717 250.435001373291 249.695835113525 249.814308166504 248.826499938965 248.254066467285 246.828918457031 245.679286956787 245.276363372803 244.875411987305 243.459247589111 243.120475769043 243.306938171387 243.511348724365 241.464019775391 239.971035003662 238.04573059082 235.641822814941 235.828994750977 236.823356628418 237.382942199707 237.816905975342 237.460124969482 234.990772247314 233.967308044434 232.94344329834 234.573093414307
289.562355041504 287.302879333496 288.442985534668 290.627067565918 297.746967315674 299.505126953125 299.358547210693 302.400768280029 304.775821685791 304.580253601074 306.735458374023 303.766708374023 294.478168487549 284.306629180908 278.31880569458 271.312816619873 263.965911865234 260.567157745361 259.891395568848 257.221782684326 256.099632263184 254.98450088501 250.329982757568 249.592590332031 246.389198303223 245.824562072754 245.092342376709 244.119445800781 244.245880126953 243.682224273682 242.266998291016 242.382423400879 239.398792266846 238.165065765381 238.99116897583 239.191463470459 237.716926574707 235.687530517578 232.632110595703 231.390735626221 231.112106323242 230.394973754883 231.700706481934 232.33423614502 233.329383850098 232.113273620605 230.529209136963 233.952816009521 234.28503036499 234.617252349854
