data/spatiotemp/temp3/bio1_norsw_test_2011_2014.asc
NCOLS 654 
NROWS 380 
XLLCORNER 3.91666666666667 
YLLCORNER 55.3333333333333 
CELLSIZE 0.0416666666666667 
NODATA_value -9999 
[rows 110 to 131 of 380, columns 200 to 249 of 654]
7.37291955947876 -9999 -9999 -9999 -9999 -9999 -9999 6.86448788642883 6.70383405685425 6.6002402305603 6.78061628341675 -9999 -9999 6.78905200958252 6.76206731796265 6.86246407032013 6.93612420558929 6.81846499443054 6.45261132717133 6.83957028388977 6.72548758983612 -9999 6.48190534114838 4.65810304880142 4.58227604627609 4.66061502695084 4.80513054132462 4.35183566808701 4.72496420145035 5.50125753879547 4.69065427780151 3.53251171112061 3.04249832034111 1.86445446312428 1.52704843878746 0.230975676327944 -0.309448882937431 -0.288225241005421 0.807831756770611 1.41905544698238 1.93061238527298 1.36700272187591 -0.428606821224093 -0.935716532170773 -0.949826214462519 -1.0681024864316 -1.25287884473801 -1.07232190668583 0.448378212749958 0.607721418142319
-9999 -9999 -9999 -9999 -9999 -9999 -9999 -9999 6.87102138996124 6.79422163963318 -9999 -9999 -9999 6.43797028064728 6.68913817405701 6.8125786781311 -9999 6.39427053928375 6.27193915843964 6.02384400367737 6.09476625919342 5.34723734855652 5.95176351070404 6.15837335586548 5.74128711223602 5.12781357765198 4.21499037742615 3.83194047212601 3.36212635040283 3.56747907400131 3.43216508626938 3.14168441295624 3.23312443494797 3.7973700761795 3.20274245738983 2.91092839837074 2.46117061376572 2.05346889793873 3.55076724290848 2.86323228478432 2.46436384320259 2.40866231918335 2.43812724947929 2.07075895369053 1.73189054429531 0.818188905715942 0.0253204815089703 0.485952161252499 1.421531137079 1.8513909727335
-9999 -9999 -9999 -9999 -9999 -9999 -9999 -9999 -9999 -9999 7.39450514316559 -9999 -9999 -9999 6.92230081558228 6.79870533943176 6.87729227542877 6.83028388023376 -9999 6.69162487983704 5.9041006565094 5.45379877090454 5.20805239677429 5.75134313106537 5.7659330368042 5.15622508525848 4.31613516807556 3.64382296800613 3.11976778507233 3.74404579401016 3.03582406044006 1.67960208654404 1.16721351351589 1.61432498693466 2.33593645691872 3.19071459770203 3.61079001426697 3.01782974600792 4.43686950206757 3.48624247312546 1.80311538279057 1.69198836386204 2.29369461536407 2.56173419952393 2.47110724449158 2.27714687585831 2.94085320830345 3.40305954217911 2.80468422174454 3.51939380168915
-9999 -9999 -9999 -9999 -9999 -9999 -9999 -9999 -9999 -9999 -9999 -9999 -9999 6.83681857585907 5.78517520427704 6.53345215320587 6.26341867446899 6.69852006435394 5.92366766929626 5.20478749275208 5.5063236951828 5.10836952924728 4.52856343984604 4.84868311882019 3.94312387704849 3.48229843378067 2.23350197076797 2.38537216186523 3.18890911340714 4.11227941513062 2.68898284435272 1.41318639367819 0.405723318457603 0.255593575537205 0.676963776350021 2.00200065970421 3.30557626485825 3.83902388811111 4.58663815259933 4.61991906166077 4.03470021486282 3.86814767122269 3.69142860174179 2.9925429224968 2.6349906027317 2.59893825650215 2.93938598036766 3.96183359622955 3.87300390005112 2.99773010611534
-9999 -9999 -9999 7.20606184005737 -9999 7.39308738708496 7.14128768444061 7.13115453720093 -9999 -9999 -9999 -9999 -9999 6.8906557559967 6.67524254322052 6.69056189060211 6.49820446968079 -9999 4.92771846055984 5.2276428937912 5.56967282295227 5.20613479614258 4.16390776634216 2.36006033420563 2.9463677406311 3.32733011245728 4.12545907497406 4.8150879740715 4.32138389348984 2.04334607720375 2.60297518968582 2.5644374191761 2.39556643366814 2.00419551134109 2.35082450509071 1.79545353353024 1.69502903521061 2.08105137944221 2.45990699529648 3.15392929315567 3.74828481674194 4.42897373437881 4.21732956171036 3.9648517370224 3.8490406870842 3.60522967576981 3.57758516073227 4.09560769796371 3.71715676784515 3.02923291921616
-9999 6.16695332527161 6.7521904706955 7.44252026081085 7.44905388355255 -9999 7.19628775119781 7.15198791027069 7.17174601554871 7.20028233528137 7.28547763824463 7.62187230587006 7.90406513214111 -9999 6.85310232639313 6.89324617385864 -9999 6.43082523345947 5.36807548999786 4.15885561704636 3.92504811286926 4.94690006971359 4.08341860771179 3.26193743944168 2.81097409129143 4.39869511127472 4.68358284235001 5.125304043293 4.76910841464996 4.05941295623779 3.40646725893021 2.96268832683563 3.58524286746979 3.7784640789032 3.05101856589317 2.15257292985916 1.93914864957333 2.73774549365044 2.48367586731911 2.43943938612938 2.93486961722374 3.93363320827484 4.37356340885162 4.25766050815582 4.38975745439529 4.14986944198608 3.4221179485321 3.46988159418106 3.92980992794037 4.16190260648727
-9999 -9999 -9999 -9999 -9999 7.48683750629425 7.52878773212433 7.19886291027069 7.27102148532867 7.28172183036804 -9999 -9999 6.59574794769287 6.65641069412231 -9999 -9999 -9999 -9999 6.16527926921844 5.6155252456665 5.80882656574249 5.64240598678589 4.3245964050293 4.50053679943085 5.12068283557892 5.6364768743515 5.04613536596298 4.83251988887787 5.5890451669693 5.43453538417816 5.17741799354553 4.54810619354248 3.66241925954819 4.33873265981674 4.13421255350113 4.07102566957474 4.21576815843582 4.27410650253296 3.38627791404724 3.51094949245453 4.53298074007034 4.56295931339264 4.13263100385666 4.28355246782303 4.33221215009689 4.29543352127075 4.10048389434814 3.9084889292717 3.84379601478577 3.73857206106186
7.29791951179504 -9999 -9999 -9999 -9999 -9999 -9999 -9999 -9999 -9999 -9999 6.15084934234619 5.36034774780273 5.15645980834961 5.34348368644714 6.3887882232666 -9999 5.9981997013092 5.21165251731873 5.13799345493317 5.69799435138702 6.20214211940765 5.80582308769226 4.50744163990021 3.24785315990448 3.26709192991257 3.44099724292755 3.22540259361267 3.3314745426178 4.11095625162125 5.01341021060944 5.51819062232971 4.95063281059265 4.47800135612488 4.54180228710175 5.18004989624023 5.02406471967697 4.61914902925491 3.96563005447388 4.65320974588394 -9999 4.59711885452271 3.60214626789093 3.15761125087738 3.15985757112503 3.01527041196823 2.90568327903748 2.72076272964478 2.33728229999542 1.91740827262402
7.30620729923248 -9999 -9999 -9999 -9999 -9999 -9999 7.00056946277618 7.019366979599 -9999 -9999 6.88992702960968 6.27451133728027 5.85920786857605 6.29317033290863 6.48951363563538 6.50377345085144 5.86470019817352 5.95468938350677 6.1069700717926 5.41730856895447 4.57074010372162 4.1137501001358 4.33484351634979 4.81538188457489 4.70011591911316 5.19568288326263 4.95791667699814 4.96306729316711 3.78905093669891 4.60412800312042 5.45872688293457 5.50241899490356 5.30687487125397 4.20994210243225 3.60467600822449 4.13022404909134 4.93228077888489 3.93878215551376 3.9318111538887 3.48720133304596 2.96325811743736 2.53206485509872 2.54470506310463 2.86651185154915 2.80515193939209 2.50829219818115 2.3235989511013 1.9401661157608 1.67566014826298
-9999 7.22694230079651 7.19598293304443 7.18317782878876 7.15192067623138 7.03941321372986 6.92091655731201 6.84929466247559 6.89102220535278 6.97896766662598 7.01562738418579 6.89747190475464 6.89657235145569 -9999 6.49102091789246 5.51530396938324 6.1036764383316 6.47404837608337 6.15268647670746 5.41532838344574 4.81603413820267 5.11682420969009 5.33235800266266 4.810391664505 4.48365950584412 4.55129873752594 4.84243053197861 4.57589590549469 4.87469446659088 4.59182637929916 4.57537144422531 4.37515169382095 5.42836785316467 5.23938453197479 4.49038803577423 3.81600695848465 4.90406906604767 3.85508900880814 2.79415065050125 2.05267058312893 1.8968573063612 1.81604389846325 1.95689721405506 1.82291716337204 1.74443715810776 1.79979030787945 1.6534770578146 1.25999699160457 1.33111380413175 1.49582747370005
7.21713614463806 7.20447599887848 7.15786647796631 7.16917181015015 7.21147072315216 6.99460279941559 6.72297322750092 6.84749925136566 6.84861922264099 6.97018730640411 6.82206964492798 6.7372852563858 6.73420870304108 6.88041949272156 6.31408023834229 5.42274129390717 4.4558237195015 4.49574518203735 5.07068121433258 5.43805062770844 4.72125482559204 4.74015194177628 4.36796551942825 3.74311292171478 3.60278475284576 3.3266481757164 2.6775116622448 2.60604175925255 2.81657177209854 2.84593525528908 3.94746524095535 4.98886579275131 4.31730329990387 3.52868056297302 3.05616906285286 3.36651718616486 4.51365685462952 4.83758467435837 3.98079711198807 3.44236350059509 3.14542990922928 2.41549631953239 2.59772938489914 1.94862912595272 1.21436240710318 0.849762126803398 0.903328631073236 1.27939499542117 1.47022818773985 1.36266155168414
7.23093390464783 -9999 7.10395348072052 7.04054439067841 6.91119933128357 6.79111182689667 6.36206424236298 6.38525259494781 6.42777419090271 6.44144177436829 -9999 6.46408927440643 5.10233938694 4.87237405776978 4.91668099164963 4.6853135228157 3.74711257219315 3.81774497032166 4.56654405593872 5.39017629623413 5.42480874061584 4.70260769128799 4.14574003219604 3.7017058134079 2.50023612380028 1.89899775385857 1.79675926268101 2.58268761634827 3.43894916772842 4.13171076774597 4.62363886833191 4.2632754445076 3.35699540376663 2.88075685501099 2.48301848769188 3.00228008627892 4.25155073404312 4.62616360187531 3.11127656698227 2.44222292304039 1.95000246167183 0.891448732465506 1.37006176635623 1.9951745569706 1.93545424938202 1.67973378300667 1.84768016636372 1.60795964300632 0.388009406626225 0.484328933060169
-9999 -9999 6.66404020786285 5.7411595582962 5.33519041538239 5.96140563488007 6.53293466567993 6.57281470298767 6.71779870986938 -9999 6.63215124607086 6.18686556816101 6.07634615898132 6.09845590591431 5.8860319852829 5.86503338813782 5.7915313243866 5.70836496353149 5.56614720821381 5.2706618309021 4.46594613790512 3.72689688205719 3.15684795379639 2.45563226938248 2.26968759298325 2.9861806333065 4.25684040784836 4.63466668128967 4.59199315309525 3.78565275669098 4.09464585781097 4.29480546712875 3.4326319694519 2.97512510418892 2.63995143771172 3.08277785778046 3.8782707452774 4.50976347923279 3.6039229631424 2.66874903440475 2.55974182486534 2.29090121388435 2.16506057977676 0.95155343413353 0.0940461170393974 -0.117627717554569 0.529865056276321 1.29119111225009 1.04645708203316 0.913329608738422
7.21825170516968 7.08575618267059 6.65809237957001 6.58497405052185 6.67137086391449 6.64808821678162 6.6552220582962 6.68985605239868 6.66685116291046 6.78412389755249 6.94542467594147 4.01450312137604 4.47926032543182 5.09863591194153 5.76395630836487 6.14598572254181 6.10044968128204 5.32527470588684 4.3995441198349 3.53081381320953 2.9389166533947 2.81351956725121 2.3092890381813 3.03872525691986 4.37747234106064 4.64803022146225 3.77475470304489 3.46814578771591 4.35970377922058 4.02576172351837 3.62281954288483 3.64087730646133 4.08343517780304 3.28232634067535 2.83071765303612 2.48494219779968 3.15799069404602 4.06136333942413 3.92656922340393 2.59060847759247 1.52331451326609 1.17968703340739 0.731059595942497 0.972265500575304 0.735638134181499 0.165010649710894 0.0215499335899949 -0.813410758972168 -1.6255951076746 -1.68966966867447
7.19514453411102 7.12907111644745 7.1026656627655 7.07148087024689 -9999 6.58359026908875 6.46896779537201 6.30074119567871 5.41173696517944 3.93866062164307 4.7826372385025 4.98208928108215 5.84837007522583 6.1570155620575 6.22378015518188 6.08572447299957 4.84252607822418 4.25312292575836 3.41054439544678 2.77729910612106 2.65922054648399 3.37347537279129 4.51789677143097 4.88615161180496 4.34059029817581 3.90937972068787 4.42566895484924 4.83945840597153 4.50674766302109 2.83770373463631 1.44065978378057 1.47661583125591 3.45790511369705 2.50819450616837 2.21831712126732 2.62510642409325 3.391377389431 3.7267963886261 2.8567154109478 2.12863464653492 1.93288706243038 1.12063949811272 0.923391919583082 -0.337355777621269 -1.09626995027065 -1.46185085177422 -1.65943187475204 -1.79101279377937 -1.91148063540459 -1.14133552461863
7.24473607540131 7.29490828514099 7.16459214687347 6.85414147377014 6.75505435466766 6.31980049610138 5.03888016939163 4.31929314136505 4.83203917741776 5.38295209407806 5.58315074443817 5.60247039794922 4.80373936891556 4.56984448432922 5.00908434391022 5.36292886734009 5.66220080852509 4.89805459976196 4.64855647087097 4.48752683401108 4.58133232593536 5.02840089797974 4.71483790874481 4.50474458932877 3.9943750500679 3.99589598178864 4.28275018930435 4.92677092552185 4.59579175710678 2.76764589548111 1.83300007879734 1.10052081616595 1.52204170823097 1.66622932255268 1.92625005543232 2.76860424876213 3.29026401042938 3.13122969865799 2.68252843618393 2.66199421882629 2.26779305934906 1.65609197318554 1.62839080393314 1.07202308997512 -0.130511421710253 -0.395712407305837 -0.799913639202714 0.269885316491127 0.631467059254646 0.247498512268066
7.43204081058502 7.43721580505371 -9999 6.98415040969849 6.58474326133728 6.15455937385559 6.49246788024902 6.57384490966797 -9999 5.2567412853241 5.09216850996017 5.6148875951767 5.257359623909 4.75608497858047 4.17331027984619 4.96053564548492 4.38676089048386 3.57415282726288 3.61971127986908 4.79904752969742 4.78507846593857 5.57291483879089 5.26644563674927 4.88117104768753 4.56632643938065 4.3539120554924 4.65783095359802 4.80041652917862 4.78833568096161 3.89225482940674 2.11684037744999 1.58875933289528 1.85334488749504 1.403430595994 1.80951623618603 2.78860181570053 3.05931752920151 3.03782945871353 2.95667493343353 2.41302025318146 1.52869892865419 1.49054441601038 1.24472304806113 1.47073515504599 1.61808048933744 1.87409260869026 2.30627125501633 2.28861674666405 2.36158153414726 2.10299925506115
7.46247017383575 7.52466213703156 7.47154176235199 7.23149967193604 7.10391652584076 7.07467949390411 7.11270475387573 7.00072979927063 6.50958836078644 5.59166121482849 5.90751385688782 5.64816391468048 4.49694842100143 3.99399214982986 4.09670281410217 4.63874661922455 3.98862385749817 3.08233428001404 2.8592115342617 3.96842193603516 3.23229914903641 3.94155138731003 5.44125938415527 5.01659727096558 4.84644448757172 3.92376154661179 3.75391215085983 3.88639599084854 4.09971290826797 4.48703014850616 3.40984731912613 2.98233106732368 2.3001481294632 1.48213195055723 1.65328249335289 2.17943295836449 2.51170405745506 2.52576264739037 2.1449878513813 2.07621312141418 2.13527157902718 1.79066351056099 1.12455533258617 0.99744725227356 1.90550576150417 2.42939767241478 2.34112277626991 1.84534801542759 1.54836262017488 0.649333275854588
7.661545753479 7.43146061897278 7.46012532711029 7.21402788162231 7.13638305664062 7.134730219841 6.85847425460815 6.90501093864441 6.16992557048798 5.62624645233154 6.30472004413605 5.22832429409027 3.76453703641891 3.80639946460724 3.82009530067444 4.28545778989792 4.75365334749222 3.4845158457756 2.81254482269287 2.75340738892555 3.6014364361763 3.65996551513672 5.14766132831573 5.22319030761719 4.78289586305618 4.2887778878212 3.92499333620071 3.31404179334641 2.83642354607582 3.59430557489395 3.80318748950958 3.19390273094177 2.19611811637878 2.08600001037121 2.17054858803749 1.75059729814529 1.64609071612358 2.15869578719139 2.64430078864098 2.5665725171566 1.96267756819725 1.95828260481358 2.22405430674553 2.5206592977047 2.71593105792999 2.59786936640739 2.13180769979954 1.77457946538925 1.44647708535194 1.2141674105078
-9999 -9999 -9999 6.9629088640213 6.86310756206512 6.97596764564514 7.05602943897247 6.52005589008331 5.04484593868256 4.01227515935898 4.94804728031158 4.26831072568893 2.70045909285545 2.72664013504982 3.46665447950363 3.88350206613541 3.97884982824326 4.31653070449829 3.42021173238754 2.71005946397781 2.76424041390419 4.30225479602814 5.00376904010773 5.06678336858749 4.80801397562027 3.86962729692459 3.41340750455856 2.47535413503647 2.28163430094719 2.98358106613159 2.60869455337524 2.35264122486115 1.31092137098312 -0.30546522513032 0.551981531083584 0.0790949473157525 -0.126689221709967 0.288795679807663 0.534780487418175 1.84876531362534 2.70675024390221 2.94040167331696 3.00688660144806 2.93103811144829 2.53302302956581 1.82284112274647 1.11765926843509 0.831810779869556 0.49509160220623 0.453834719955921
-9999 -9999 -9999 7.11265289783478 6.99662172794342 6.07128524780273 5.16918396949768 5.81179797649384 5.38715052604675 4.70652210712433 4.17793542146683 3.58584892749786 2.59491196274757 3.02945786714554 3.94617033004761 3.49538290500641 3.44692879915237 3.99547481536865 3.22318732738495 2.22489991784096 2.04761242866516 3.49715846776962 4.85337114334106 4.98208349943161 4.78718316555023 3.76283633708954 2.15782284736633 1.96830935776234 2.35929593443871 2.87578245997429 2.06593559682369 1.96258890628815 1.20374212414026 1.22722863592207 1.9418818205595 1.20653513260186 0.506545029580593 0.945578247308731 1.20327816903591 1.55464484542608 2.30201137065887 2.66887804865837 2.80874460935593 2.66811129450798 1.90014465153217 0.844177797436714 -0.198122180998325 -0.413088949397206 -0.771973863244057 -0.399776661768556
-9999 6.57430160045624 6.76543259620667 6.93104314804077 5.81215798854828 3.93204885721207 3.83287477493286 5.36803376674652 5.94595611095428 6.01515781879425 4.79552519321442 3.58400374650955 4.14339536428452 4.08735251426697 3.59597623348236 2.99810013175011 3.22055733203888 2.63851451873779 2.42297172546387 2.76142886281013 3.347052693367 4.26850962638855 4.16430032253265 4.87342423200607 4.69923669099808 3.52390486001968 1.83873930573463 2.43957412242889 2.79924193024635 2.46957662701607 2.71441131830215 2.29024595022202 2.40108054876328 2.29208180308342 1.79941648244858 2.0659177750349 2.40146020054817 2.40621054172516 2.15696084499359 2.38754439353943 2.52479463815689 2.3988783955574 2.2001286149025 2.35071223974228 2.36729592084885 1.99271281063557 1.58146311342716 1.15138007700443 0.741948023438454 0.285000156611204
