data/spatiotemp/temp3/bio15_norsw_test_2011_2014.asc
NCOLS 654 
NROWS 380 
XLLCORNER 3.91666666666667 
YLLCORNER 55.3333333333333 
CELLSIZE 0.0416666666666667 
NODATA_value -9999 
[rows 154 to 175 of 380, columns 600 to 649 of 654]
32.30535364151 32.471339225769 32.2127614021301 32.1651935577393 32.4606256484985 32.566520690918 32.440945148468 32.7729535102844 32.7633471488953 32.8994555473328 33.5743169784546 33.1179528236389 33.5962972640991 33.4118790626526 33.5027751922607 34.0667171478271 34.4719657897949 35.4820680618286 35.5456266403198 35.1885213851929 35.6148977279663 35.9240531921387 36.0188608169556 36.1308946609497 36.2729177474976 36.369743347168 36.4012451171875 36.5119667053223 36.4067649841309 36.6009244918823 36.5744514465332 36.768461227417 37.2876062393188 37.3203430175781 37.5320882797241 37.354907989502 37.6659259796143 38.1418905258179 38.3893365859985 37.9117202758789 38.184006690979 38.3566360473633 38.6533279418945 38.8228349685669 38.7786245346069 39.3643589019775 39.3925857543945 39.1721086502075 39.5972690582275 39.6913251876831
32.4270081520081 32.8006315231323 33.0447654724121 32.6158699989319 32.4419202804565 32.5849165916443 32.7569971084595 32.5588445663452 32.6898150444031 32.887535572052 33.1220569610596 33.3595180511475 33.5935907363892 33.6102132797241 33.7699975967407 34.2318344116211 34.5327396392822 34.9811105728149 35.0610380172729 35.5900497436523 35.5510625839233 35.7532014846802 36.1168632507324 36.4385766983032 36.4936962127686 36.2328901290894 36.399209022522 36.6710414886475 36.4743852615356 36.5434989929199 36.6331062316895 37.0390367507935 37.1540641784668 37.7386608123779 37.5614919662476 37.7342224121094 38.057204246521 37.8177928924561 38.0980930328369 38.6565113067627 38.4739513397217 37.4980411529541 37.2715063095093 38.287278175354 38.3900136947632 37.624960899353 37.5553998947144 38.1988325119019 39.3677768707275 39.4634609222412
32.5418195724487 32.2853174209595 32.4161257743835 32.2624254226685 32.3473610877991 32.3323078155518 32.2685008049011 32.6052765846252 32.7529978752136 32.8015661239624 32.875120639801 33.5283288955688 33.9144592285156 33.8048696517944 34.2346963882446 34.6768913269043 35.0896015167236 34.9127969741821 34.95885181427 35.1210536956787 35.6391038894653 36.1230030059814 36.0976715087891 36.4035129547119 36.2952871322632 36.5648250579834 36.7313194274902 36.7628793716431 37.1064586639404 37.1102876663208 37.1192474365234 37.1841716766357 37.0076122283936 37.4937648773193 37.541111946106 37.9989824295044 38.3814420700073 38.4035720825195 38.3559083938599 38.8783388137817 39.0367736816406 39.0259246826172 39.0423440933228 39.0668668746948 38.9748773574829 39.0541362762451 38.9899940490723 39.3371162414551 39.3075952529907 39.4007530212402
32.1863989830017 32.1428093910217 32.2544522285461 32.3161911964417 32.1662592887878 32.4943203926086 32.289806842804 32.2705926895142 32.5196886062622 32.9187798500061 33.1078224182129 33.5850248336792 33.7509136199951 34.132866859436 34.0441465377808 34.6212673187256 34.6101236343384 35.0438776016235 35.4225740432739 35.4360704421997 35.5657157897949 36.1380071640015 35.9312191009521 36.3886375427246 36.5644369125366 36.8969020843506 36.3680124282837 36.83141040802 36.9839611053467 36.9672784805298 37.5924024581909 37.5119791030884 37.7936582565308 37.7365550994873 37.8816623687744 38.0607471466064 38.136887550354 38.5402317047119 38.5423917770386 38.5060272216797 38.7465324401855 38.4984340667725 38.8604297637939 39.1989374160767 39.5840854644775 39.3773584365845 39.6503601074219 39.5376710891724 39.4668979644775 39.8677816390991
32.1894702911377 32.4183354377747 32.4133348464966 32.0071301460266 32.0118527412415 32.1384267807007 32.0500016212463 32.2076635360718 32.5606298446655 33.0117831230164 33.228166103363 33.6581196784973 33.8764553070068 34.1731863021851 34.5700101852417 34.1722393035889 34.866870880127 34.9126710891724 35.1570663452148 35.3851594924927 35.5839061737061 35.9705247879028 36.1046447753906 36.5624322891235 36.8196887969971 37.0868835449219 36.8308391571045 36.7097721099854 37.002685546875 37.4432106018066 37.979100227356 38.0592374801636 37.7567701339722 37.5901613235474 37.679630279541 38.1377687454224 38.1141147613525 38.7779407501221 38.6306200027466 38.3404884338379 38.6506624221802 38.6159162521362 39.0948801040649 39.0810012817383 38.805061340332 39.0071439743042 39.2198886871338 39.6032247543335 39.8244075775146 39.7045278549194
32.7778697013855 32.2931704521179 32.2190933227539 32.394917011261 32.2139902114868 31.7839751243591 31.7813782691956 32.1808590888977 32.3389096260071 32.8287038803101 33.1767210960388 33.4283757209778 33.3779764175415 34.0525693893433 34.3336191177368 34.6125650405884 34.9780054092407 35.2233171463013 35.6748266220093 35.9324445724487 36.0612354278564 36.1577968597412 36.6801538467407 36.3563213348389 36.7618198394775 36.9738759994507 37.0763626098633 37.1429748535156 36.9476156234741 36.6412696838379 36.6250820159912 37.3940601348877 38.2172870635986 38.0861845016479 38.1183280944824 38.2057094573975 38.5129833221436 38.9528865814209 38.8845739364624 38.54185962677 38.5994482040405 39.0194540023804 38.8649530410767 39.0401954650879 39.005220413208 39.1741495132446 39.4499750137329 39.6580686569214 40.0823593139648 39.7346220016479
32.5694360733032 32.5682516098022 32.2294058799744 32.0907182693481 32.0307068824768 31.9541883468628 32.011444568634 32.3997077941895 32.8967266082764 32.8255524635315 33.1214284896851 33.8805170059204 33.7547926902771 34.2055501937866 34.2331886291504 34.7668895721436 34.9987459182739 35.6530094146729 35.6796894073486 35.9351100921631 36.2106428146362 36.0650987625122 36.2464628219604 36.3700351715088 36.9209899902344 37.1462049484253 37.0650424957275 37.531063079834 37.2068796157837 37.1608543395996 36.6911106109619 36.706503868103 37.5003757476807 38.0130453109741 38.7821092605591 38.8484239578247 38.9758310317993 39.3984909057617 39.5268783569336 39.0271711349487 39.1268844604492 39.7922868728638 39.305214881897 38.644305229187 39.2562808990479 39.355616569519 39.6049318313599 39.6140356063843 39.7130041122437 39.9172372817993
32.944128036499 32.6974062919617 32.5935530662537 32.0994310379028 32.2610173225403 32.4788908958435 32.6995458602905 32.4902539253235 33.2606348991394 33.3138699531555 33.5970430374146 34.1442251205444 33.8243675231934 34.5231485366821 34.434889793396 35.0958261489868 35.6772613525391 35.6740283966064 35.6326208114624 35.8208255767822 35.7638378143311 35.646842956543 35.2904605865479 36.2230091094971 37.1016578674316 37.4599123001099 37.3711585998535 37.5028314590454 37.7898731231689 36.997519493103 36.3952646255493 37.8506765365601 38.2448816299438 38.1885375976562 38.3533487319946 38.6852083206177 38.6135005950928 39.0969429016113 38.9945545196533 38.9792213439941 39.6669225692749 39.8887777328491 40.0417451858521 39.5257148742676 39.3981122970581 39.6259126663208 39.9441146850586 39.9711332321167 40.3719873428345 40.4693775177002
33.1232495307922 32.5770206451416 32.8784465789795 32.8662223815918 32.7875561714172 32.7585291862488 32.7761416435242 32.9584946632385 33.687762260437 33.7514009475708 34.1409950256348 34.4615755081177 34.3732595443726 34.4723987579346 34.3821926116943 35.118067741394 35.7524528503418 35.8869829177856 35.7366237640381 36.2392663955688 36.0691003799438 36.2826862335205 36.8053789138794 37.3386335372925 37.193470954895 37.2413635253906 37.4090137481689 38.0206565856934 38.4712591171265 37.7843523025513 37.6020660400391 38.0170450210571 38.3588123321533 38.6552248001099 38.6637783050537 38.7780418395996 38.8774852752686 39.3454484939575 39.369158744812 39.3384609222412 39.6454105377197 39.9365797042847 40.1407594680786 40.4216833114624 40.3327980041504 40.0658502578735 40.3328313827515 40.6538019180298 40.665675163269 40.9576835632324
32.95796251297 33.2104454040527 33.0145645141602 33.564980506897 33.5285325050354 33.2089896202087 33.7035584449768 33.8183116912842 33.8465270996094 34.158374786377 34.1101865768433 34.8178873062134 35.0327758789062 35.0460577011108 34.4962749481201 35.4215974807739 35.5562715530396 36.0170698165894 36.107684135437 36.3725500106812 36.6978807449341 36.7885341644287 37.0127029418945 37.1580867767334 37.5736322402954 37.9773759841919 38.3239793777466 38.4480142593384 38.684645652771 38.5718336105347 38.6331253051758 38.8520641326904 38.9324369430542 39.0840492248535 39.303126335144 39.3659362792969 39.4373197555542 39.7087631225586 39.5811748504639 39.5139207839966 39.6003046035767 39.7729797363281 40.3398952484131 40.218864440918 40.6529684066772 40.7171621322632 40.5925769805908 40.7975225448608 40.8727359771729 40.7726974487305
33.7985219955444 33.7639226913452 33.836404800415 33.4552102088928 33.5853071212769 33.9293060302734 33.9840383529663 34.2576742172241 34.344259262085 34.5942821502686 34.71155834198 34.5936784744263 35.1337289810181 35.450174331665 35.5049047470093 35.4780788421631 35.7551174163818 36.0615015029907 35.7459650039673 36.5136318206787 37.0389404296875 37.2528829574585 37.0205602645874 37.4238843917847 37.7931957244873 38.2298946380615 38.2183179855347 38.5681171417236 38.8839149475098 38.9109449386597 39.4539422988892 39.9168853759766 39.5851345062256 39.6004514694214 39.4604797363281 39.4687089920044 39.5395059585571 39.5598316192627 39.6769695281982 39.9515266418457 40.197380065918 39.7679052352905 40.506609916687 40.4874143600464 40.3585262298584 40.7185707092285 40.9901819229126 41.0756206512451 41.1478490829468 41.1605024337769
34.1158390045166 33.9869318008423 33.2654342651367 33.9600305557251 34.2385988235474 34.4897489547729 34.5511388778687 34.6495809555054 34.4984245300293 35.0993747711182 35.5107727050781 35.2910509109497 35.4388980865479 35.8366928100586 35.9042367935181 35.9865760803223 35.7102918624878 36.1938705444336 36.1989288330078 36.5797595977783 36.910325050354 37.1705732345581 37.5018119812012 37.8799314498901 38.1581268310547 38.0871067047119 38.2823858261108 38.6752805709839 38.8268232345581 39.5626783370972 39.6984910964966 39.6443939208984 39.8306217193604 39.9156217575073 39.6340007781982 39.5983085632324 39.9196186065674 39.922474861145 40.3175678253174 40.454122543335 40.2318153381348 40.2849311828613 40.2719888687134 40.6083831787109 40.6701164245605 40.6762056350708 40.6389074325562 41.4117279052734 41.1883144378662 41.4285583496094
34.6548137664795 34.0342092514038 34.0195093154907 34.4225397109985 34.8420858383179 35.1344404220581 35.0814142227173 35.1155691146851 34.9702215194702 35.328537940979 35.7262306213379 35.8466510772705 35.6509494781494 35.7204275131226 35.4050168991089 34.7814416885376 34.882022857666 35.6664142608643 36.5875606536865 36.6490325927734 37.0015821456909 37.107006072998 37.7956352233887 37.8974533081055 38.373477935791 38.5114793777466 38.9593715667725 39.1204080581665 39.2442264556885 39.350058555603 39.8941297531128 40.0840129852295 39.7397356033325 39.5048589706421 40.062707901001 39.6334438323975 39.9297475814819 40.0426826477051 40.1487379074097 40.3294715881348 40.1242609024048 40.263689994812 40.5220918655396 40.5878276824951 40.6485862731934 40.5165681838989 41.0427761077881 40.9866762161255 41.2777967453003 41.3252296447754
35.3587322235107 34.9532270431519 34.9883251190186 35.2798166275024 35.2187299728394 35.0731115341187 34.814549446106 35.1567144393921 35.6863250732422 35.7456398010254 35.9130859375 35.813440322876 35.8989896774292 35.9287633895874 36.3234062194824 36.4649524688721 36.7008857727051 37.2313747406006 37.2969198226929 37.6814937591553 37.8712463378906 37.9593200683594 38.1382398605347 38.3843030929565 38.698091506958 38.5198135375977 38.9413681030273 39.3960227966309 39.7371711730957 39.8048143386841 39.7803897857666 39.7467498779297 40.2293710708618 39.9315872192383 40.2627944946289 40.3407974243164 40.1314868927002 40.3014163970947 40.0136775970459 40.317403793335 40.5271501541138 40.2478723526001 40.6807975769043 40.9394159317017 40.7013111114502 40.6781826019287 41.2135562896729 41.2745132446289 41.2686977386475 41.4960336685181
35.5711421966553 35.4908046722412 35.5607843399048 35.4755325317383 34.8964204788208 34.5039129257202 34.2086944580078 35.0143461227417 35.3050813674927 35.5564289093018 36.4890832901001 36.2679300308228 36.5202646255493 36.3650007247925 36.6537504196167 36.5439424514771 36.8976860046387 36.9034194946289 37.162389755249 37.3966054916382 37.6440773010254 37.8228158950806 38.00710105896 38.2277765274048 38.3847885131836 38.8312797546387 39.1061410903931 39.1393222808838 39.3692674636841 39.6041593551636 39.8508625030518 39.9259099960327 39.9866514205933 39.7618970870972 40.0178384780884 40.1229829788208 40.4498453140259 40.4086151123047 40.3104276657104 40.5856771469116 40.6398801803589 40.6517677307129 40.6214256286621 40.9072093963623 40.9170026779175 41.0833911895752 41.0370845794678 41.16823387146 41.2289714813232 41.1884565353394
36.1853723526001 35.8085422515869 35.8512763977051 36.0299367904663 35.1890630722046 34.4294652938843 35.0727300643921 35.4037113189697 35.7103223800659 36.4017906188965 36.9773120880127 37.0488271713257 36.6688756942749 36.9114074707031 37.0475521087646 36.9281406402588 36.6844644546509 36.5979404449463 36.6775236129761 37.080883026123 37.5424518585205 37.7961177825928 38.1627187728882 38.6998748779297 38.9596433639526 38.9501953125 39.2194137573242 39.7644195556641 39.9156951904297 39.9382762908936 40.0030345916748 40.6433992385864 40.3981657028198 40.426459312439 40.4729642868042 40.3638143539429 40.1761636734009 40.1794347763062 39.9546880722046 40.0604209899902 40.6764144897461 40.6080169677734 41.215404510498 40.9321393966675 40.6930503845215 40.2216758728027 40.6597099304199 41.0280780792236 41.0350046157837 40.9968109130859
36.2836742401123 36.3216638565063 36.4777116775513 36.559741973877 36.1665124893188 36.1789598464966 36.3627681732178 36.1874418258667 36.5303792953491 36.705249786377 36.7206516265869 36.6896505355835 37.0403060913086 36.7031297683716 36.9660243988037 36.9876756668091 37.5257415771484 37.2180643081665 37.5892448425293 37.8234663009644 38.0149240493774 38.1302642822266 38.0969896316528 38.7765445709229 38.7879667282104 38.9281196594238 39.5659208297729 39.7921924591064 39.8769950866699 40.2535429000854 40.1752490997314 40.5131206512451 40.3746700286865 40.6054821014404 40.5968170166016 40.4277038574219 40.6347723007202 40.1854305267334 40.6057624816895 40.702862739563 40.4436273574829 40.7317323684692 41.0195636749268 40.8634080886841 40.8537073135376 40.6410226821899 40.585015296936 40.9395608901978 40.8910427093506 41.1163673400879
36.7358369827271 36.5808353424072 36.8280277252197 36.6546478271484 36.3835945129395 36.2807779312134 36.7514362335205 36.9397172927856 36.9920997619629 36.8974857330322 36.6654567718506 36.4430694580078 36.7116756439209 37.0085115432739 37.1340379714966 37.0645666122437 37.0981254577637 37.3404970169067 37.6833086013794 38.2492561340332 38.2211656570435 38.4189386367798 38.5732536315918 38.6413164138794 39.1444396972656 39.5535078048706 39.8306312561035 39.9111957550049 39.9770822525024 40.2155017852783 40.239860534668 40.5391874313354 40.5193119049072 40.5093364715576 40.5351915359497 40.7841806411743 40.3339929580688 40.4820718765259 40.66552734375 40.4074573516846 41.0506763458252 40.6449947357178 41.103120803833 40.8870410919189 41.0994100570679 41.1477155685425 40.7641181945801 40.9207735061646 40.4478521347046 40.713903427124
36.2950658798218 36.3260812759399 36.6037588119507 36.8718729019165 36.8314323425293 36.8153028488159 37.079852104187 37.0963792800903 37.2400827407837 36.7311725616455 36.9039621353149 36.7835321426392 36.8918495178223 36.9651346206665 37.1133260726929 37.1988677978516 37.327917098999 37.5337800979614 37.8576936721802 37.9216918945312 38.0996055603027 38.0751504898071 38.8298816680908 39.0132656097412 39.3596677780151 39.4486513137817 39.8075122833252 39.9848031997681 40.1696500778198 40.2957468032837 40.7498912811279 40.6288108825684 40.4608478546143 40.6376543045044 40.8929929733276 40.9321823120117 40.7722158432007 41.0465078353882 40.8306560516357 40.5603694915771 40.8384504318237 40.8597364425659 40.7091512680054 41.0496864318848 41.0192260742188 40.9858865737915 40.7189254760742 40.8084897994995 41.2956476211548 40.9563102722168
37.3272361755371 36.9900426864624 36.9763031005859 36.6490783691406 36.7842645645142 36.8069267272949 36.8629379272461 36.5759153366089 36.8341970443726 36.6346712112427 37.0939025878906 37.1449432373047 37.1553325653076 37.317343711853 37.6116628646851 37.4620637893677 37.4648427963257 38.0089521408081 38.1554470062256 38.3330478668213 38.5543832778931 38.9270191192627 39.2099723815918 39.19748878479 39.3505306243896 39.7423686981201 39.8056802749634 40.2098455429077 40.1311273574829 40.6619434356689 40.7125387191772 40.6787748336792 40.8216896057129 40.8299970626831 40.9372615814209 41.1406507492065 41.1419115066528 41.4857969284058 41.0207986831665 41.3964900970459 40.7209625244141 40.8164701461792 41.0704517364502 41.1257572174072 40.8387441635132 40.4768142700195 40.9165916442871 41.2671995162964 41.78431224823 41.3954830169678
37.8180332183838 37.3911991119385 37.0926342010498 36.9621496200562 36.9365749359131 37.1627311706543 36.9929370880127 36.8588256835938 37.1115531921387 37.1078853607178 37.1683750152588 37.0582513809204 36.949366569519 37.0248651504517 37.3898000717163 37.5132637023926 37.897310256958 37.9555978775024 38.3664169311523 38.4646501541138 38.4476184844971 38.8903160095215 38.9101800918579 39.2698259353638 39.3477029800415 39.6389417648315 40.3986158370972 39.8995847702026 39.911750793457 40.1857461929321 40.5130004882812 40.7427587509155 41.014458656311 41.0112066268921 41.0329895019531 41.3566198348999 41.0284128189087 41.1414375305176 41.1265602111816 40.5799160003662 40.7948474884033 40.9477396011353 40.8107967376709 40.8753862380981 41.0610342025757 40.6128072738647 40.1991872787476 40.7780981063843 41.2026119232178 41.7079563140869
38.2972116470337 37.9969959259033 37.6536455154419 37.4544916152954 37.2924776077271 37.0530214309692 37.156834602356 37.304648399353 37.1346645355225 37.5352277755737 36.9483060836792 37.1591501235962 37.1850280761719 37.4176616668701 37.4288206100464 37.6146516799927 37.7678127288818 37.8380069732666 38.364818572998 38.6854400634766 38.852255821228 38.8212566375732 39.205340385437 39.2629776000977 39.6716022491455 39.7988710403442 39.7787094116211 40.0088567733765 40.0283546447754 40.0436944961548 40.7654161453247 40.8441228866577 41.1175508499146 41.3265476226807 41.2201290130615 40.9742097854614 41.4749193191528 41.2485799789429 40.8922052383423 40.9537410736084 41.1981401443481 41.2377996444702 40.865873336792 40.6331653594971 41.5067873001099 41.1805429458618 41.0562915802002 41.2173557281494 41.3249521255493 41.1925096511841
