data/spatiotemp/temp3/bio18_norsw_test_2011_2014.asc
NCOLS 654 
NROWS 380 
XLLCORNER 3.91666666666667 
YLLCORNER 55.3333333333333 
CELLSIZE 0.0416666666666667 
NODATA_value -9999 
[rows 330 to 351 of 380, columns 450 to 499 of 654]
239.431484222412 237.656131744385 238.834922790527 238.4255027771 236.739887237549 234.029216766357 233.45764541626 233.067756652832 232.895713806152 -9999 -9999 -9999 -9999 -9999 -9999 -9999 -9999 -9999 -9999 -9999 -9999 -9999 -9999 -9999 -9999 -9999 -9999 -9999 -9999 -9999 -9999 -9999 -9999 -9999 -9999 -9999 -9999 -9999 -9999 -9999 -9999 228.971145629883 232.55286026001 244.614433288574 248.325836181641 250.920547485352 253.518524169922 254.857814788818 258.544124603271 259.891513824463
245.099872589111 241.854061126709 241.594833374023 241.043483734131 239.985301971436 239.016735076904 238.462703704834 237.778396606445 234.466026306152 235.39164352417 233.688831329346 233.134853363037 -9999 -9999 -9999 -9999 -9999 -9999 -9999 -9999 -9999 -9999 -9999 -9999 -9999 -9999 -9999 -9999 -9999 -9999 -9999 -9999 -9999 -9999 -9999 -9999 -9999 -9999 -9999 -9999 -9999 230.95841217041 233.142906188965 246.525821685791 249.157859802246 249.413120269775 253.177227020264 255.821594238281 257.164409637451 262.253997802734
243.328002929688 244.371913909912 244.233371734619 242.518352508545 241.95524597168 240.110485076904 240.617176055908 240.04615020752 238.194473266602 236.260547637939 234.542484283447 233.15474319458 -9999 -9999 -9999 -9999 -9999 -9999 -9999 -9999 -9999 -9999 -9999 -9999 -9999 -9999 -9999 -9999 -9999 -9999 -9999 -9999 -9999 -9999 -9999 -9999 -9999 -9999 -9999 -9999 -9999 232.280128479004 245.948097229004 248.669788360596 248.967864990234 250.338943481445 253.019527435303 255.530250549316 259.304599761963 259.618099212646
245.991161346436 244.49089050293 244.212242126465 242.484489440918 243.289535522461 242.282318115234 240.549198150635 239.969951629639 239.390705108643 237.659801483154 247.205169677734 234.325183868408 232.269451141357 -9999 -9999 -9999 -9999 -9999 -9999 -9999 -9999 -9999 -9999 -9999 -9999 -9999 -9999 -9999 -9999 -9999 -9999 -9999 -9999 -9999 -9999 -9999 -9999 -9999 -9999 -9999 -9999 244.225776672363 246.742778778076 247.084362030029 250.919738769531 251.212097167969 255.064228057861 257.796798706055 259.233989715576 261.812030792236
251.306690216064 248.039470672607 249.018070220947 245.914348602295 244.195297241211 242.916915893555 243.075847625732 242.068183898926 241.504150390625 251.533126831055 247.420768737793 236.480052947998 235.794589996338 -9999 -9999 -9999 -9999 -9999 -9999 -9999 -9999 -9999 -9999 -9999 -9999 -9999 -9999 -9999 -9999 -9999 -9999 -9999 -9999 -9999 -9999 -9999 -9999 -9999 -9999 -9999 243.771556854248 245.409984588623 246.801670074463 249.567558288574 250.971206665039 253.509742736816 256.232471466064 256.583850860596 259.146800994873 260.584529876709
255.302314758301 254.157566070557 252.087490081787 248.162662506104 245.500999450684 256.364555358887 254.694873809814 255.235092163086 252.520877838135 253.052425384521 251.177635192871 248.482307434082 235.770374298096 235.26932144165 -9999 -9999 -9999 -9999 -9999 -9999 -9999 -9999 -9999 -9999 -9999 -9999 -9999 -9999 -9999 -9999 -9999 -9999 -9999 -9999 -9999 -9999 -9999 -9999 -9999 244.159111022949 245.748779296875 248.206085205078 249.800338745117 251.141075134277 252.560329437256 253.911766052246 256.579032897949 259.077758789062 260.449481964111 259.67830657959
254.29386138916 254.318943023682 253.651184082031 251.533790588379 249.04468536377 246.696186065674 257.460948944092 254.461448669434 253.876209259033 253.416519165039 252.956806182861 250.306488037109 236.299667358398 235.848167419434 -9999 -9999 -9999 -9999 -9999 -9999 -9999 -9999 -9999 -9999 -9999 -9999 -9999 -9999 -9999 -9999 -9999 -9999 -9999 -9999 -9999 -9999 -9999 244.799263000488 244.654090881348 247.327827453613 248.596969604492 249.961719512939 252.554599761963 253.839282989502 253.897308349609 255.370063781738 256.669525146484 259.365364074707 259.358642578125 260.921291351318
252.210334777832 251.788356781006 261.55615234375 260.815021514893 260.731002807617 260.318428039551 258.732025146484 258.319988250732 256.735214233398 256.323726654053 256.938739776611 254.133445739746 251.534267425537 251.128940582275 246.046760559082 -9999 -9999 -9999 -9999 -9999 -9999 -9999 -9999 -9999 -9999 -9999 -9999 -9999 -9999 -9999 -9999 -9999 -9999 -9999 -9999 248.952297210693 247.169769287109 247.740798950195 248.744274139404 250.238151550293 251.732845306396 252.770629882812 255.31103515625 254.07731628418 256.629737854004 257.957195281982 259.197708129883 260.527263641357 262.038864135742 262.228908538818
252.370826721191 261.827133178711 261.71321105957 257.610748291016 257.254554748535 258.277355194092 258.956672668457 256.185955047607 256.025817871094 256.695495605469 256.334907531738 253.584285736084 252.052188873291 251.696994781494 247.970371246338 245.607219696045 246.804126739502 -9999 -9999 -9999 -9999 -9999 -9999 -9999 -9999 -9999 -9999 -9999 -9999 -9999 -9999 -9999 249.592861175537 250.382213592529 249.99031829834 250.613574981689 251.385250091553 250.992168426514 251.883209228516 252.00651550293 252.129829406738 254.435752868652 255.598041534424 256.765453338623 256.89546585083 260.540985107422 260.673194885254 260.805397033691 261.990242004395 262.124984741211
262.903507232666 260.458450317383 260.367553710938 260.060684204102 258.568023681641 259.641529083252 259.333862304688 259.02619934082 257.184837341309 256.875907897949 255.546451568604 257.630493164062 253.752319335938 253.446804046631 249.714466094971 248.309638977051 247.270900726318 247.237857818604 246.208122253418 246.178085327148 246.148048400879 -9999 -9999 -9999 -9999 -9999 -9999 -9999 -9999 -9999 251.863956451416 252.731071472168 253.402462005615 254.415771484375 254.08863067627 253.440475463867 251.789398193359 251.779304504395 252.505260467529 252.570838928223 253.964897155762 255.061210632324 256.162220001221 257.267887115479 257.341209411621 258.453899383545 257.487846374512 257.561164855957 260.015098571777 262.281742095947
260.508991241455 261.666095733643 260.405445098877 260.148906707764 259.892375946045 257.254215240479 255.618644714355 256.389007568359 258.699234008789 256.231288909912 257.351497650146 257.094795227051 255.464065551758 253.0107421875 252.841716766357 250.381530761719 249.106937408447 250.219470977783 248.939952850342 248.69213104248 249.976398468018 249.895378112793 251.022693634033 250.944122314453 249.887065887451 249.811367034912 251.837810516357 251.58406829834 253.88883972168 253.62903213501 253.369213104248 255.29878616333 257.379299163818 257.120655059814 258.045425415039 258.79150390625 255.010429382324 254.753932952881 254.630786895752 255.661968231201 253.487506866455 256.711879730225 256.726371765137 257.770320892334 257.786956787109 257.803577423096 258.856048583984 258.874794006348 258.893547058105 261.097244262695
261.57307434082 261.521480560303 261.640693664551 260.23713684082 260.030937194824 258.628440856934 255.845626831055 255.640819549561 256.81563949585 257.805019378662 256.404624938965 255.186668395996 257.18745803833 255.788120269775 254.611515045166 252.101703643799 250.774517059326 250.64359664917 250.512680053711 251.585899353027 252.446266174316 251.327995300293 252.409114837646 252.282123565674 252.155143737793 252.028160095215 251.871631622314 251.685546875 255.04322052002 256.061332702637 257.219219207764 259.36584854126 261.366596221924 261.175552368164 259.642768859863 259.30033493042 257.926013946533 256.402069091797 255.107852935791 255.062881469727 253.846652984619 254.972946166992 254.927978515625 254.745128631592 255.864196777344 256.849220275879 256.80810546875 257.916934967041 256.725856781006 259.90015411377
262.62427520752 263.936153411865 262.708908081055 263.934505462646 261.1911277771 260.013614654541 257.638011932373 257.484100341797 258.345119476318 258.557243347168 259.414505004883 256.868507385254 254.506729125977 253.982078552246 255.192642211914 254.007041931152 251.24853515625 251.067707061768 250.886894226074 250.706069946289 251.734081268311 252.765033721924 252.967056274414 252.789962768555 254.805740356445 254.627498626709 256.668689727783 257.9016456604 257.778545379639 256.303611755371 259.72599029541 259.603450775146 260.474266052246 259.155712127686 258.890190124512 257.577842712402 256.119941711426 257.013645172119 255.567459106445 256.808376312256 254.186874389648 253.074157714844 252.975276947021 255.06294631958 254.962043762207 254.861137390137 255.784397125244 257.036647796631 257.966251373291 257.869976043701
263.852825164795 263.955890655518 263.953758239746 262.638694763184 261.324150085449 258.818996429443 256.493007659912 257.401443481445 256.28519821167 256.181297302246 257.460193634033 257.356147766113 253.658012390137 253.55562210083 253.389549255371 250.95280456543 249.347602844238 250.496376037598 252.470653533936 252.240924835205 254.591178894043 252.993988037109 254.360015869141 256.327568054199 256.098678588867 255.869800567627 256.70329284668 256.650817871094 257.579051971436 257.529193878174 260.041095733643 258.637474060059 259.577125549316 258.323474884033 259.272571563721 258.228969573975 256.835716247559 254.24626159668 254.147087097168 253.992324829102 252.489688873291 253.682792663574 253.189685821533 254.207969665527 254.048889160156 254.90661239624 254.607803344727 255.948883056641 256.813995361328 256.659297943115
263.878528594971 263.975624084473 263.995933532715 262.726337432861 261.659549713135 260.391403198242 257.739093780518 257.683937072754 256.621555328369 256.567230224609 256.512893676758 256.839031219482 254.18900680542 255.138832092285 254.970523834229 253.688892364502 249.820220947266 250.757110595703 252.687015533447 253.782169342041 252.515296936035 254.437641143799 253.176036834717 255.095142364502 256.032745361328 255.754627227783 256.598022460938 256.614574432373 257.986228942871 258.984245300293 259.002410888672 259.020572662354 259.03874206543 258.696228027344 257.507606506348 257.529544830322 256.201583862305 256.224174499512 253.921360015869 252.358203887939 253.149364471436 255.131759643555 253.732215881348 253.521335601807 253.310447692871 254.110698699951 255.063919067383 255.86291885376 255.649452209473 254.288696289062
265.123550415039 263.995365142822 264.038112640381 263.653388977051 262.808532714844 260.580291748047 260.193851470947 257.966457366943 256.957908630371 255.566184997559 255.945796966553 255.941432952881 255.937088012695 254.715801239014 253.160961151123 251.835308074951 251.509731292725 251.184158325195 250.858577728271 251.74991607666 251.424354553223 252.315719604492 253.356258392334 254.244972229004 256.111267089844 256.756114959717 256.632827758789 256.71900177002 256.805179595947 256.891342163086 257.960369110107 256.831939697266 254.578502655029 256.642295837402 256.732685089111 256.685211181641 255.559669494629 255.650341033936 255.558612823486 255.284492492676 254.652820587158 255.379230499268 253.916034698486 253.648273468018 253.380523681641 253.112773895264 253.851619720459 253.584972381592 253.318309783936 254.061527252197
262.573051452637 262.649940490723 262.693824768066 261.481269836426 262.492668151855 260.280372619629 259.291622161865 257.917144775391 256.928363800049 254.717578887939 253.50687789917 253.518497467041 254.529228210449 254.540702819824 254.371994018555 253.027336120605 253.068634033203 251.342128753662 251.986930847168 251.873085021973 251.528167724609 252.403244018555 253.277904510498 252.932598114014 253.806674957275 254.817348480225 255.669372558594 256.750480651855 255.502334594727 255.608821868896 254.495590209961 255.585292816162 255.559143066406 256.654235839844 254.189964294434 254.299934387207 253.189388275146 253.299224853516 253.206150054932 251.91410446167 251.256141662598 253.316242218018 251.659755706787 252.363056182861 254.249019622803 254.950103759766 253.64722442627 252.18412399292 252.894332885742 253.97416305542
263.877792358398 264.930953979492 262.731334686279 264.108200073242 261.492004394531 261.486431121826 259.257514953613 257.86840057373 255.640289306641 254.639045715332 253.408157348633 253.403385162354 255.619747161865 254.618774414062 255.83324432373 251.896533966064 251.563781738281 249.855419158936 248.538269042969 250.41987991333 250.08992767334 250.983860015869 250.653793334961 251.547344207764 252.819786071777 253.840656280518 255.657703399658 254.38260269165 255.43558883667 254.290256500244 254.367748260498 252.854988098145 252.806049346924 253.871032714844 253.95198059082 250.472339630127 251.542572021484 250.631435394287 251.517673492432 251.224185943604 250.930725097656 250.637252807617 251.341415405273 253.235260009766 253.937347412109 252.27848815918 253.344268798828 252.886661529541 251.59358215332 253.676471710205
265.337905883789 265.375534057617 261.776203155518 260.52123260498 261.491645812988 260.237907409668 257.841606140137 257.819660186768 255.574714660645 254.323246002197 254.302097320557 252.05916595459 253.267124176025 253.245964050293 253.074157714844 251.761524200439 247.848983764648 248.760856628418 249.429878234863 250.339942932129 250.02209854126 250.932029724121 250.614166259766 250.547210693359 253.784954071045 254.691589355469 252.952537536621 251.772323608398 251.819400787354 250.640789031982 251.546718597412 250.370861053467 251.403121948242 250.107498168945 250.158405303955 248.986923217773 247.692024230957 248.964790344238 247.626300811768 248.333713531494 250.249366760254 249.959560394287 249.669746398926 250.377159118652 250.088321685791 248.44153213501 249.151329040527 250.223007202148 249.935153961182 250.650444030762
263.789726257324 263.806350708008 262.806343078613 261.530174255371 259.266204833984 260.216659545898 259.189315795898 256.53617477417 255.509147644043 255.471176147461 254.200012207031 254.162548065186 253.135635375977 253.098091125488 250.557197570801 246.657527923584 247.342182159424 248.408382415771 247.968315124512 249.02840423584 249.954277038574 249.648548126221 249.597469329834 250.524990081787 250.220798492432 250.889259338379 249.402000427246 249.41873550415 250.411235809326 249.200801849365 249.21996307373 249.239128112793 248.89754486084 248.918270111084 247.357093811035 247.380260467529 246.415306091309 247.426605224609 245.954002380371 248.007549285889 246.380546569824 248.2932472229 246.65705871582 245.179126739502 245.893268585205 245.611568450928 247.857177734375 248.570953369141 248.285945892334 248.000930786133
266.482475280762 265.237079620361 262.843852996826 261.546466827393 260.505962371826 260.45027923584 259.155220031738 257.722164154053 257.667320251465 255.389183044434 255.334800720215 254.29434967041 251.627216339111 250.587127685547 250.41333770752 248.884708404541 249.8258934021 249.532165527344 248.257671356201 248.944713592529 249.886447906494 250.945808410645 251.88472366333 250.502769470215 251.183799743652 249.654407501221 249.502243041992 249.491432189941 248.141796112061 248.130977630615 246.781330108643 245.541202545166 245.531616210938 246.504405975342 245.157421112061 245.149303436279 244.789134979248 244.782493591309 245.62878036499 245.349884033203 244.720138549805 245.433307647705 242.613864898682 243.530155181885 243.25044631958 245.316394805908 246.565837860107 243.763347625732 244.484348297119 247.718746185303
265.181247711182 265.288059234619 265.239990234375 264.186023712158 264.112739562988 261.681274414062 260.364635467529 260.292221069336 257.602130889893 256.289512634277 253.861530303955 252.80834197998 252.737697601318 250.445392608643 250.269474029541 247.637344360352 248.34065246582 248.062175750732 249.142723083496 248.861034393311 249.818622589111 248.561737060547 250.495277404785 250.213958740234 249.932647705078 249.651340484619 249.491077423096 249.451850891113 246.841358184814 248.038482666016 245.431037902832 245.393329620361 244.020599365234 242.400562286377 242.365787506104 243.315135955811 241.946640014648 241.913257598877 242.749031066895 242.478580474854 244.40599822998 242.791320800781 243.507137298584 243.231861114502 245.294235229492 245.206512451172 245.923023223877 245.644523620605 245.366027832031 246.086441040039
