data/spatiotemp/temp3/bio17_norsw_test_2011_2014.asc
NCOLS 654 
NROWS 380 
XLLCORNER 3.91666666666667 
YLLCORNER 55.3333333333333 
CELLSIZE 0.0416666666666667 
NODATA_value -9999 
[rows 44 to 65 of 380, columns 450 to 499 of 654]
69.8940362930298 69.911717414856 70.9829082489014 73.3339576721191 71.7442989349365 74.1458301544189 69.7816410064697 66.3369016647339 65.7826309204102 65.7796421051025 63.0018920898438 62.1883487701416 61.9407758712769 62.3078956604004 62.5601243972778 63.273533821106 63.2931089401245 61.0867652893066 59.1356363296509 61.1025314331055 59.9808025360107 57.7239503860474 59.2098560333252 60.609899520874 62.1458711624146 61.0320816040039 59.9308443069458 59.2436714172363 60.4606618881226 60.5051231384277 60.6676988601685 60.5794324874878 61.2902193069458 61.468337059021 62.3660011291504 60.3927755355835 59.4936027526855 60.6016969680786 59.4463834762573 58.0323810577393 57.1585121154785 57.2164764404297 55.5093288421631 56.2012872695923 57.7540378570557 57.2836122512817 57.8697891235352 57.9276666641235 59.9267110824585 59.987416267395
64.5852460861206 65.5538063049316 67.3905487060547 64.8481674194336 65.6645374298096 70.4953060150146 72.2820167541504 66.008713722229 64.6911668777466 64.5673971176147 62.5176906585693 61.9041471481323 61.3205595016479 61.1964082717896 59.9826955795288 59.2643966674805 59.2810258865356 59.179404258728 57.4003887176514 57.7219734191895 57.7292146682739 55.7358732223511 56.4892492294312 59.4063959121704 60.4044942855835 59.6758232116699 57.7930002212524 58.3834266662598 59.0366516113281 59.098105430603 61.9523239135742 61.1012210845947 60.9229946136475 60.4631576538086 60.5117588043213 60.3143348693848 60.3628454208374 59.2498731613159 57.9849185943604 56.682804107666 56.7442693710327 56.2877578735352 56.3481025695801 56.9329013824463 57.8793001174927 58.5494527816772 58.6122131347656 60.0114240646362 59.5499286651611 59.2375526428223
64.1153259277344 63.6423377990723 63.0153093338013 63.1137056350708 63.2069807052612 62.7700490951538 68.4775819778442 66.757604598999 63.4745426177979 62.6298151016235 62.1318330764771 61.5459184646606 59.4650783538818 58.7608480453491 57.5482339859009 57.848822593689 58.9175605773926 58.1070995330811 57.8682432174683 57.0139074325562 57.0294198989868 56.0163116455078 55.2094144821167 56.9375810623169 57.1885194778442 56.9473848342896 57.0916681289673 57.1387453079224 57.4321765899658 59.1239423751831 60.5817203521729 60.766209602356 60.8319082260132 60.4970331192017 59.607949256897 59.6572799682617 59.1652393341064 58.4665307998657 57.8384294509888 58.714563369751 59.0259466171265 57.3296823501587 57.4878559112549 57.1478462219238 58.5896091461182 59.4684562683105 59.392279624939 58.3730230331421 58.4151277542114 58.4572334289551
62.9387369155884 61.205587387085 60.6311101913452 61.209771156311 61.4532890319824 60.1095781326294 59.3975620269775 60.6150531768799 60.0998392105103 58.8207235336304 56.2199325561523 57.5480070114136 57.4262866973877 56.0443925857544 57.0607767105103 54.8813037872314 56.9650506973267 57.088604927063 55.2180643081665 54.4014263153076 53.5014047622681 53.5068025588989 54.6618070602417 55.045431137085 54.4235582351685 56.4282827377319 57.1486835479736 57.1921586990356 57.7792510986328 57.9578266143799 58.3841705322266 58.4436702728271 58.9102935791016 59.5887060165405 59.1193704605103 59.6799507141113 59.7255754470825 59.4385356903076 58.0395927429199 58.1029491424561 58.1663045883179 57.5872201919556 57.6376037597656 57.1003856658936 58.6094017028809 58.5293474197388 58.3228406906128 58.3633518218994 58.2832508087158 57.4252882003784
63.22873878479 61.3101253509521 59.9795064926147 58.7683792114258 58.0653028488159 58.0642328262329 56.3467836380005 56.8439168930054 54.8872117996216 54.3847541809082 54.4870309829712 53.8006114959717 54.3345766067505 53.6105289459229 52.4786815643311 52.9943132400513 52.5080585479736 52.3751821517944 52.4996213912964 53.0974569320679 54.0546731948853 54.8358430862427 54.959584236145 54.8442192077637 54.9679718017578 56.4119148254395 57.20569896698 56.1617097854614 57.5341081619263 58.2070293426514 58.3511648178101 57.8778142929077 58.8127527236938 58.8538837432861 57.9995794296265 59.0640048980713 57.9735870361328 57.8200492858887 58.0002164840698 57.9213905334473 57.4374103546143 57.5962114334106 57.3859758377075 57.7929573059082 57.7095947265625 58.1108388900757 58.5578327178955 59.4216213226318 60.5974435806274 60.270824432373
61.6438360214233 61.4146595001221 59.1199560165405 58.28600025177 57.6687355041504 55.4972486495972 54.230640411377 54.2159328460693 52.947247505188 52.350923538208 50.6459970474243 50.2789430618286 50.5288619995117 50.0271692276001 51.2080698013306 51.2122640609741 52.294638633728 52.5553922653198 54.754693031311 56.5704183578491 56.3475532531738 55.1356506347656 55.1395530700684 54.8937187194824 55.1473588943481 56.5078582763672 56.4204187393188 56.4704599380493 56.8201465606689 58.3046731948853 59.0608406066895 58.8725166320801 58.6747741699219 57.6376266479492 57.5528688430786 56.6374044418335 56.6739645004272 55.9397792816162 57.1149730682373 57.1511869430542 57.4363269805908 57.7213201522827 57.8791837692261 58.3644800186157 58.424690246582 59.3399562835693 59.3786516189575 60.3005352020264 60.5845565795898 60.6234035491943
62.3675785064697 62.5074844360352 59.843189239502 57.1700487136841 55.7136573791504 54.2867879867554 53.0424575805664 51.335072517395 51.3374271392822 50.3739643096924 48.7849960327148 48.7874774932861 48.7899589538574 49.3961696624756 51.836085319519 50.9871215820312 52.9825487136841 52.3571004867554 53.8403768539429 54.3667659759521 55.0721139907837 55.0756807327271 55.079252243042 54.2056379318237 54.08957862854 54.9691286087036 54.9864988327026 56.7116546630859 56.7540521621704 57.0204248428345 57.8224687576294 56.9769916534424 57.0089426040649 56.7905225753784 56.8225946426392 57.3635959625244 56.4531202316284 56.8458166122437 57.1305065155029 57.1670389175415 57.4438991546631 58.1199760437012 57.5043067932129 58.6838121414185 59.5511236190796 60.4648027420044 60.7465724945068 60.9065752029419 59.9465551376343 59.7354288101196
63.8124046325684 63.2113647460938 61.1659173965454 58.4892816543579 55.2147607803345 54.2263231277466 51.548807144165 51.4332122802734 48.8751850128174 48.8793067932129 48.883430480957 49.2592077255249 49.2634859085083 49.2677612304688 52.0815706253052 53.8788242340088 52.6544399261475 51.660327911377 52.4189720153809 52.4222068786621 53.1403293609619 53.8826360702515 54.1474943161011 53.3261480331421 54.0437850952148 54.2822465896606 55.164402961731 55.1922359466553 56.8000469207764 57.1864318847656 57.73694896698 57.8957767486572 56.8022432327271 56.8306322097778 57.2077579498291 57.7608299255371 57.7900009155273 58.6941518783569 58.726411819458 59.0016813278198 59.287501335144 59.0725402832031 59.1079683303833 60.3873443603516 60.6669473648071 60.7023782730103 61.8205442428589 61.8573656082153 60.6825561523438 61.6320705413818
63.7994480133057 63.9414587020874 61.3897247314453 56.7478246688843 54.3201246261597 54.3262948989868 51.7657299041748 49.5944595336914 48.9703388214111 47.4545307159424 49.1025867462158 49.1085071563721 49.1144304275513 49.7606859207153 51.3538188934326 50.0014553070068 52.5928859710693 52.5958938598633 52.2454509735107 52.5008211135864 52.3814888000488 52.3838224411011 54.3228588104248 54.3593549728394 54.7208251953125 54.2350921630859 54.1095361709595 54.5090312957764 55.3924999237061 56.9933433532715 57.2564458847046 56.3106317520142 56.982442855835 57.2458963394165 57.0184879302979 57.9092016220093 58.0632019042969 58.7048082351685 58.7345037460327 59.1330108642578 60.0325384140015 60.309178352356 61.057056427002 61.3422546386719 62.1576347351074 62.1938009262085 61.6928224563599 61.7278718948364 60.6710643768311 63.445779800415
61.2165269851685 62.0849905014038 58.6839847564697 56.001654624939 54.9040269851685 52.2197790145874 51.7424688339233 51.7501659393311 51.7578630447388 49.193886756897 49.201452255249 49.462664604187 49.2035846710205 51.2977418899536 53.4925441741943 52.1639680862427 50.5801305770874 52.7770490646362 52.7798643112183 52.6604871749878 52.3059902191162 52.4303598403931 53.0458192825317 53.7706251144409 55.4040641784668 54.7942886352539 54.3126926422119 55.4221982955933 55.5662088394165 56.4400272369385 55.4851274490356 56.4784326553345 58.3756542205811 58.1440620422363 58.1658716201782 59.0460605621338 59.068811416626 59.3333425521851 59.6129636764526 59.3933191299438 61.0002822875977 61.0319366455078 61.4339952468872 62.5006923675537 60.8930406570435 62.318211555481 62.2277173995972 63.1127338409424 62.5476512908936 63.8082704544067
61.3181056976318 58.6470670700073 57.5549039840698 55.0917940139771 53.787971496582 52.5650806427002 52.5736665725708 52.5822525024414 51.858154296875 49.7681427001953 50.0313158035278 50.0396823883057 49.5088338851929 51.1157836914062 52.7686672210693 52.0982942581177 49.5069417953491 52.1014699935913 52.1030588150024 52.4829702377319 52.721508026123 55.4391994476318 58.0418825149536 55.8232650756836 56.5516633987427 57.8007850646973 57.9340343475342 58.0756225585938 56.5972623825073 56.6140089035034 57.4765167236328 57.177360534668 57.4361877441406 58.3022527694702 58.1962089538574 58.8348054885864 59.5727987289429 60.1218233108521 61.2439765930176 60.7440309524536 61.2490224838257 61.940408706665 64.0410823822021 64.0732479095459 65.0744380950928 64.2614679336548 64.2943525314331 64.3272361755371 64.1078777313232 65.4860897064209
60.8254337310791 59.1212463378906 56.4393577575684 56.1955499649048 54.8703832626343 54.6262130737305 52.7883987426758 52.9202728271484 52.8091230392456 51.319372177124 51.3282413482666 49.8800630569458 50.1460428237915 50.155933380127 50.9000120162964 50.916522026062 50.0795078277588 50.3526086807251 49.6970291137695 50.9021530151367 50.7920656204224 53.272967338562 54.0016775131226 55.2637596130371 56.3600130081177 56.3621683120728 57.4609031677246 58.1310949325562 59.1162919998169 58.5272493362427 58.4175567626953 60.1221904754639 59.1727342605591 59.4303665161133 58.7201633453369 61.0896224975586 61.1048402786255 61.2391386032104 61.137228012085 62.0129308700562 63.3562545776367 63.8864040374756 63.9166679382324 64.1960697174072 64.2271909713745 65.3458633422852 64.5411348342896 64.6998853683472 66.1099882125854 66.1419734954834
63.8458642959595 61.5094566345215 58.5340223312378 56.9275426864624 55.8119792938232 55.0609312057495 54.3262023925781 54.8020124435425 53.5505743026733 52.4577779769897 52.0775098800659 50.355224609375 50.366810798645 51.4479112625122 51.846004486084 51.4019107818604 50.5616636276245 51.313063621521 51.2066087722778 52.2146329879761 52.215630531311 51.6849718093872 54.4059162139893 57.1267528533936 56.8733491897583 57.2518815994263 59.1530590057373 59.4217662811279 60.1343727111816 60.1454429626465 60.9999008178711 61.802562713623 62.6455678939819 62.6574726104736 62.9145050048828 62.2164373397827 62.1016426086426 62.9507055282593 62.8453712463379 63.1215038299561 63.9869289398193 65.5307083129883 66.6484804153442 66.8016567230225 66.5780830383301 66.608470916748 66.1624603271484 67.3044290542603 67.5896224975586 67.6226825714111
64.8305330276489 62.4075975418091 59.8142328262329 58.9590520858765 58.0856504440308 57.0920858383179 57.0929231643677 56.4710311889648 56.3639860153198 55.4894104003906 53.9388418197632 53.1669960021973 52.5107383728027 53.0711355209351 53.0871782302856 51.508152961731 51.7850618362427 51.8031015396118 51.6969718933105 51.590537071228 50.6108551025391 50.503794670105 51.8712644577026 54.0907020568848 55.5383777618408 57.1827154159546 58.1841726303101 58.7280712127686 59.9253015518188 59.9331331253052 62.2812232971191 62.1637649536133 62.5443954467773 62.8097972869873 62.9441251754761 64.5936727523804 63.8710174560547 63.8794355392456 64.40074634552 65.0059041976929 66.1422090530396 66.8717269897461 68.4284019470215 67.9122114181519 68.7643194198608 66.9851303100586 67.2688627243042 67.4255590438843 68.8210048675537 69.1076011657715
65.780987739563 63.5527629852295 63.44739818573 63.449610710144 60.7252645492554 59.350697517395 58.8876190185547 59.0271549224854 57.5933332443237 57.4870166778564 55.5452585220337 55.8666715621948 55.1664018630981 53.559944152832 53.5769519805908 52.8289794921875 52.8302774429321 52.7068929672241 52.1720962524414 50.9842567443848 50.1196794509888 51.6790571212769 52.8479290008545 53.9610795974731 56.4278335571289 57.1145248413086 58.2452020645142 59.0368719100952 59.8542327880859 60.5985584259033 61.5396327972412 62.0857992172241 62.3394479751587 64.0269165039062 64.6657390594482 65.2121448516846 65.5937480926514 66.7717542648315 66.9169950485229 66.8191175460815 67.9193096160889 69.3729305267334 69.4004688262939 70.7526006698608 69.7092437744141 70.8051586151123 70.8328866958618 69.1854448318481 69.2140817642212 69.1133079528809
67.1174020767212 66.9375410079956 66.7007617950439 65.1247539520264 64.4033317565918 61.7015399932861 61.5959272384644 60.9259119033813 59.064790725708 58.3260288238525 58.4529275894165 56.7602081298828 56.3768510818481 56.2685880661011 56.2866096496582 55.4858427047729 55.3621788024902 55.3637599945068 55.7521028518677 55.4927234649658 53.2717332839966 52.6415252685547 53.5804595947266 56.7508087158203 59.4818744659424 57.9696435928345 58.5893707275391 59.6620359420776 59.915075302124 60.6612310409546 62.1396579742432 62.1449604034424 63.2106676101685 63.6034488677979 63.5885038375854 65.1453866958618 65.5282707214355 66.7277336120605 67.287184715271 65.9477348327637 69.1391105651855 70.3561668395996 70.508994102478 71.0445213317871 71.0695791244507 71.9017791748047 71.9287185668945 72.9515085220337 71.8536958694458 71.8812494277954
65.9050369262695 65.9306182861328 64.3930263519287 63.9921770095825 63.4020366668701 61.5550537109375 61.4494333267212 61.4684324264526 60.8498754501343 61.7733478546143 61.9121017456055 61.8057565689087 59.0866069793701 59.0872478485107 58.2180700302124 56.619481086731 56.3587236404419 56.495020866394 55.5478277206421 55.2881555557251 55.5525302886963 55.5548820495605 55.2948951721191 55.934027671814 60.5959701538086 60.6005878448486 60.0947303771973 60.8439741134644 62.4456539154053 61.6469068527222 61.5231990814209 62.5819797515869 63.3933572769165 62.8518161773682 62.9785680770874 64.0370473861694 66.7747373580933 68.4563236236572 68.5934715270996 66.6839284896851 67.5140886306763 69.5932865142822 71.4130907058716 72.1177358627319 72.3975553512573 72.5489559173584 72.8325729370117 73.5223722457886 73.5465507507324 73.9599857330322
66.021240234375 66.1715354919434 66.9391098022461 64.6864986419678 63.5745553970337 62.4482841491699 62.0147247314453 61.5831203460693 61.6031312942505 61.9942932128906 61.8690023422241 59.1366586685181 59.1375207901001 59.1383819580078 59.139612197876 58.3290433883667 56.4094009399414 57.1572370529175 57.4216928482056 56.4140014648438 56.4155378341675 56.5447053909302 58.0872583389282 58.7296190261841 62.2148761749268 62.2188558578491 62.2226495742798 62.0979900360107 61.9731273651123 61.9765348434448 63.5781278610229 63.9620780944824 63.4577856063843 63.7134418487549 64.5179538726807 65.6469163894653 68.3865270614624 68.3911905288696 68.6567010879517 67.0067892074585 67.0236387252808 67.7131185531616 69.9179430007935 71.6245737075806 72.309383392334 72.588942527771 72.6377115249634 73.0074548721313 72.8553810119629 72.8342180252075
67.7258195877075 66.7413568496704 65.699728012085 64.7982635498047 63.6229057312012 62.9040279388428 62.3879270553589 62.1597261428833 61.9195184707642 61.9206218719482 61.1746664047241 60.6035604476929 60.6057901382446 59.8606300354004 60.6107168197632 59.8661241531372 59.323826789856 58.393759727478 58.397479057312 58.52942943573 58.4049186706543 58.4086408615112 58.5408630371094 60.356538772583 61.2851228713989 62.839542388916 64.9013690948486 62.1767978668213 62.9732055664062 62.0331134796143 62.2996912002563 62.8547887802124 63.1108722686768 63.9081497192383 65.7052555084229 66.2620496749878 67.2655372619629 66.5243139266968 67.0514831542969 66.9403076171875 68.1370334625244 68.5096035003662 71.5260276794434 71.6770706176758 71.6435308456421 71.6235103607178 72.5736894607544 72.8128347396851 73.3551416397095 73.3339281082153
66.6440668106079 66.8543214797974 66.6537933349609 65.4282712936401 65.3233709335327 65.2182016372681 64.7066898345947 63.1455516815186 64.0885906219482 62.8871383666992 62.8898649215698 61.8401250839233 61.7131452560425 60.9094209671021 60.1094121932983 60.2439422607422 60.5140266418457 60.2729482650757 61.3242044448853 60.2837514877319 60.2891530990601 59.4849262237549 59.6275615692139 59.6347780227661 60.4449472427368 62.1237621307373 63.169075012207 63.9242897033691 63.7976408004761 63.0495948791504 62.6590032577515 62.9262647628784 63.1832885742188 64.2280626296997 66.1848030090332 66.1887502670288 67.7280740737915 67.8562116622925 67.8666315078735 68.1763572692871 67.9302282333374 68.8213777542114 69.6182689666748 71.9824266433716 72.2579011917114 72.5330934524536 72.5096654891968 73.3159589767456 74.3812370300293 74.356803894043
67.2092561721802 66.4782161712646 66.6071081161499 66.8735036849976 66.107328414917 64.7112627029419 64.138822555542 63.8757076263428 64.2709732055664 63.3383207321167 62.9474592208862 62.9503555297852 62.5781869888306 61.5158081054688 62.6661701202393 62.9193086624146 62.9259538650513 61.385799407959 62.1457509994507 62.1536798477173 62.1616096496582 60.6267328262329 61.3891096115112 61.3983249664307 62.0631856918335 62.0710554122925 62.3294229507446 62.2025327682495 62.9887742996216 63.7453050613403 61.9477767944336 62.4707536697388 63.2557048797607 63.5143747329712 64.6981687545776 65.7379283905029 65.7416286468506 65.9380226135254 66.7902202606201 66.9996967315674 68.6040563583374 70.9658222198486 72.0118389129639 72.2552404403687 72.4947366714478 72.4701900482178 74.361044883728 76.1664342880249 75.6523036956787 75.6247844696045
66.7968196868896 66.7962875366211 65.7222833633423 64.973183631897 64.1698007583618 63.9291925430298 63.3879842758179 65.8675508499146 65.8707895278931 65.4980602264404 63.270751953125 62.210657119751 63.7639122009277 63.6366806030273 62.9780206680298 62.9853715896606 63.0032987594604 61.9737701416016 61.8534660339355 62.2604637145996 63.0571050643921 62.281210899353 62.67418384552 63.4677076339722 63.0801553726196 63.0897636413574 62.4074993133545 62.4109725952148 62.4144496917725 62.6729440689087 63.3219232559204 64.8564758300781 64.8587207794189 65.8107719421387 65.6822490692139 67.7360687255859 67.6066732406616 67.8672761917114 67.6095781326294 67.660231590271 68.3951549530029 68.3757781982422 69.4368314743042 69.7472200393677 71.5442199707031 72.9786987304688 74.0263233184814 73.1951580047607 74.2387828826904 74.2121772766113
