data/spatiotemp/temp3/bio16_norsw_test_2011_2014.asc
NCOLS 654 
NROWS 380 
XLLCORNER 3.91666666666667 
YLLCORNER 55.3333333333333 
CELLSIZE 0.0416666666666667 
NODATA_value -9999 
[rows 286 to 307 of 380, columns 450 to 499 of 654]
-9999 -9999 -9999 -9999 -9999 -9999 -9999 -9999 -9999 -9999 -9999 -9999 -9999 -9999 -9999 -9999 -9999 -9999 -9999 -9999 243.438285827637 245.479522705078 248.066150665283 250.715877532959 253.69841003418 256.681575775146 256.804050445557 259.21365737915 260.240478515625 259.019912719727 259.145046234131 260.041278839111 259.992076873779 259.696830749512 259.889923095703 259.119857788086 262.212829589844 262.726692199707 262.382698059082 263.054565429688 264.14822769165 265.382789611816 266.474956512451 266.143287658691 266.867774963379 268.235740661621 268.391532897949 267.976711273193 269.773895263672 270.754497528076
-9999 -9999 -9999 -9999 -9999 -9999 -9999 -9999 -9999 -9999 -9999 -9999 -9999 -9999 -9999 -9999 -9999 -9999 -9999 242.965957641602 244.980602264404 247.252513885498 250.246170043945 253.213302612305 255.8796043396 258.888244628906 259.847194671631 262.266670227051 262.18660736084 262.441822052002 262.016109466553 262.459716796875 261.157779693604 261.983619689941 262.429828643799 261.793781280518 263.1852684021 263.77751159668 264.734844207764 266.637252807617 266.805782318115 267.101295471191 266.706493377686 268.539726257324 268.915634155273 268.181358337402 269.699645996094 270.294536590576 271.531536102295 271.019802093506
-9999 -9999 -9999 -9999 -9999 -9999 -9999 -9999 -9999 -9999 -9999 -9999 -9999 -9999 -9999 -9999 -9999 -9999 -9999 -9999 247.197803497314 249.549152374268 252.38102722168 256.044666290283 258.986389160156 261.152675628662 262.116542816162 263.292404174805 264.701564788818 263.636722564697 263.544799804688 263.000392913818 262.820423126221 262.066486358643 263.326866149902 265.30033493042 264.130107879639 264.379333496094 263.808776855469 267.332187652588 268.927112579346 268.119277954102 269.612754821777 269.743034362793 271.485050201416 271.88557434082 272.71110534668 273.08211517334 273.432521820068 274.040222167969
-9999 -9999 -9999 -9999 -9999 -9999 -9999 -9999 -9999 -9999 -9999 -9999 -9999 -9999 -9999 -9999 -9999 -9999 -9999 -9999 245.538654327393 250.176864624023 254.563678741455 257.502780914307 259.910938262939 262.133335113525 263.483894348145 265.491603851318 265.648906707764 265.754257202148 264.581378936768 264.259212493896 263.492835998535 264.4977684021 265.500801086426 267.204322814941 266.526210784912 266.426975250244 266.856910705566 267.831317901611 269.495964050293 270.116550445557 270.819389343262 270.949649810791 271.871547698975 273.261829376221 273.036117553711 275.210796356201 275.063102722168 275.640598297119
242.855560302734 -9999 -9999 -9999 -9999 -9999 -9999 -9999 -9999 -9999 -9999 234.477916717529 235.195304870605 -9999 -9999 -9999 -9999 -9999 242.632400512695 245.760601043701 247.237674713135 250.476940155029 255.133949279785 257.059059143066 258.556701660156 262.232734680176 265.433048248291 268.254848480225 266.217926025391 265.787967681885 264.928241729736 264.922210693359 265.056964874268 264.568244934082 265.413150787354 267.514434814453 267.333709716797 266.37308883667 267.435882568359 268.420177459717 268.801067352295 269.560024261475 270.469268798828 270.980205535889 271.965152740479 272.679328918457 274.299423217773 275.498989105225 275.927639007568 275.577880859375
247.397571563721 248.299133300781 248.2490234375 -9999 -9999 -9999 -9999 -9999 -9999 -9999 235.384937286377 234.636535644531 236.19847869873 237.37121963501 236.681056976318 236.104198455811 237.731437683105 238.875862121582 242.247459411621 244.018947601318 248.048606872559 248.978633880615 253.43510055542 256.55309677124 260.493522644043 263.909362792969 266.097885131836 269.128414154053 267.663982391357 266.384792327881 266.114105224609 266.183338165283 265.167938232422 265.059177398682 266.577880859375 266.769203186035 266.949443817139 266.986450195312 266.294044494629 266.540752410889 268.235977172852 269.521778106689 270.799068450928 271.195262908936 272.751758575439 274.147277832031 274.020248413086 274.797660827637 275.320346832275 276.411396026611
249.180919647217 250.086074829102 250.177249908447 249.430088043213 247.036388397217 244.939331054688 243.072189331055 -9999 262.714435577393 -9999 -9999 235.317581176758 235.484710693359 235.613227844238 235.654968261719 235.953498840332 237.475273132324 237.510158538818 240.35697555542 243.215805053711 245.06714630127 247.93278503418 251.300392150879 253.040710449219 257.320762634277 262.947021484375 265.62935256958 268.748031616211 268.003032684326 265.918796539307 266.27237701416 265.285865783691 265.636318206787 264.615406036377 266.065979003906 265.596904754639 265.97412109375 267.464126586914 266.481872558594 266.647594451904 268.567607879639 269.573432922363 269.908920288086 272.13879776001 272.82299041748 273.402824401855 275.04630279541 275.992671966553 277.2825050354 276.965625762939
251.226654052734 252.061996459961 251.670745849609 250.908229827881 249.599365234375 246.282428741455 244.199001312256 241.143398284912 237.324897766113 -9999 -9999 -9999 -9999 -9999 244.694564819336 -9999 -9999 241.122386932373 237.654914855957 241.098201751709 244.242691040039 248.462345123291 252.186473846436 253.659214019775 257.391674041748 260.638389587402 263.321201324463 264.732608795166 265.362445831299 264.050998687744 263.815826416016 262.476112365723 263.187698364258 264.165004730225 264.125148773193 264.476821899414 263.431552886963 264.941333770752 266.445819854736 266.078346252441 267.384414672852 269.784816741943 270.583724975586 271.054695129395 271.602931976318 271.846843719482 273.943649291992 274.472522735596 276.071804046631 277.026863098145
250.128562927246 251.510383605957 251.738826751709 249.784572601318 247.889011383057 245.664337158203 244.349597930908 241.28341293335 237.813930511475 -9999 -9999 -9999 -9999 -9999 -9999 -9999 -9999 -9999 238.122276306152 239.996337890625 243.460159301758 246.628879547119 250.104038238525 253.283695220947 256.468723297119 258.30016708374 261.317558288574 262.109336853027 262.419376373291 262.166702270508 262.217166900635 261.11946105957 261.601680755615 261.355445861816 262.74800491333 263.469604492188 263.860164642334 264.761894226074 264.607482910156 265.580871582031 267.470478057861 267.638065338135 270.372570037842 270.519207000732 271.137962341309 270.711933135986 271.714557647705 273.353500366211 274.358295440674 274.816310882568
248.467975616455 248.528388977051 249.767570495605 247.3459815979 245.439582824707 243.770820617676 242.98136138916 241.077663421631 237.169895172119 236.401973724365 229.511222839355 -9999 -9999 -9999 -9999 -9999 -9999 258.473274230957 -9999 239.757286071777 242.411235809326 243.638378143311 246.834041595459 250.596549987793 253.802780151367 255.694839477539 257.813285827637 261.104946136475 261.910945892334 261.93989944458 260.522254943848 260.154109954834 260.385410308838 259.558395385742 260.146362304688 260.109062194824 262.177673339844 263.053817749023 263.199573516846 264.76237487793 265.486175537109 266.744010925293 268.389751434326 270.080612182617 270.902690887451 271.292350769043 271.999370574951 272.182373046875 274.696681976318 275.226985931396
246.792308807373 246.588424682617 246.173358917236 243.926376342773 242.559104919434 240.374355316162 238.18293762207 233.225914001465 234.308616638184 232.715572357178 229.413673400879 228.622188568115 -9999 -9999 -9999 -9999 -9999 236.448230743408 235.164688110352 233.484188079834 237.185771942139 240.187038421631 242.747386932373 246.018585205078 249.802612304688 252.177539825439 252.969875335693 255.735054016113 259.519695281982 258.16353225708 256.57328414917 257.094818115234 257.816635131836 256.699783325195 257.698909759521 257.981307983398 258.579681396484 259.679660797119 260.901176452637 263.92015838623 265.723976135254 266.615234375 267.664215087891 269.478942871094 268.365730285645 270.233196258545 271.015289306641 272.623611450195 273.70768737793 275.586071014404
244.090679168701 244.156150817871 242.862228393555 242.336452484131 238.372940063477 237.291213989258 -9999 -9999 -9999 271.603996276855 254.501636505127 -9999 256.972160339355 -9999 -9999 -9999 240.887630462646 -9999 -9999 234.238872528076 236.138031005859 238.542572021484 240.435005187988 244.15408706665 246.065952301025 247.978698730469 248.434734344482 250.456195831299 251.986259460449 255.158752441406 254.892234802246 255.381706237793 254.811183929443 255.226379394531 255.201877593994 256.239963531494 257.237396240234 258.890285491943 260.1770362854 262.325233459473 264.423553466797 265.434341430664 266.796642303467 268.123634338379 268.811393737793 268.902240753174 269.915145874023 271.503910064697 273.757568359375 272.907062530518
240.132377624512 -9999 -9999 -9999 -9999 -9999 -9999 -9999 -9999 -9999 -9999 -9999 -9999 -9999 -9999 -9999 -9999 -9999 -9999 -9999 233.928493499756 235.006744384766 238.232749938965 242.059783935547 245.032444000244 246.333839416504 248.754417419434 248.469402313232 250.859588623047 251.324298858643 252.659790039062 252.299243927002 253.855442047119 253.296283721924 254.865428924561 254.495376586914 255.758533477783 258.204475402832 260.265712738037 261.550327301025 262.835567474365 263.41926574707 265.622024536133 267.124435424805 268.163093566895 269.235958099365 270.04439163208 271.686531066895 271.785308837891 272.078620910645
-9999 -9999 -9999 -9999 -9999 -9999 -9999 -9999 -9999 -9999 -9999 223.459075927734 222.289493560791 221.969272613525 -9999 -9999 -9999 245.665367126465 -9999 -9999 233.023891448975 235.921085357666 239.328971862793 240.379531860352 243.575290679932 244.283195495605 246.986877441406 247.838542938232 249.694221496582 250.209781646729 250.723438262939 252.568843841553 252.504764556885 252.741680145264 255.182640075684 256.485820770264 255.869766235352 257.326442718506 258.825759887695 260.446250915527 262.605033874512 263.63228225708 264.96849822998 267.659740447998 268.155494689941 270.066104888916 270.388656616211 272.058013916016 272.115901947021 272.604259490967
-9999 -9999 -9999 -9999 -9999 -9999 -9999 -9999 228.886203765869 -9999 -9999 224.776695251465 224.783767700195 222.668338775635 220.70365524292 220.607593536377 223.433612823486 -9999 229.495632171631 -9999 233.627212524414 235.979499816895 238.368518829346 240.365482330322 243.567043304443 244.026596069336 246.121765136719 246.61304473877 247.173572540283 248.198055267334 247.318286895752 250.054122924805 250.850067138672 250.791290283203 251.852989196777 254.556606292725 255.025146484375 255.297988891602 257.762786865234 260.142658233643 261.969532012939 263.033229827881 264.724212646484 266.316257476807 267.361846923828 268.1735496521 270.126754760742 270.980060577393 270.926834106445 271.178424835205
239.461978912354 237.79154586792 235.813381195068 236.005931854248 235.688495635986 235.378486633301 233.677658081055 233.506969451904 232.6301612854 227.329650878906 227.552700042725 225.819652557373 224.923553466797 224.063510894775 222.316711425781 222.738628387451 223.660572052002 -9999 -9999 -9999 231.515518188477 233.29536819458 235.916198730469 237.875259399414 241.034641265869 243.364181518555 243.799240112305 243.763038635254 243.258354187012 246.751895904541 246.447193145752 248.651866912842 250.532005310059 250.489833831787 251.304302215576 254.03812789917 254.513591766357 254.47029876709 256.081562042236 259.274295806885 260.665073394775 261.77787399292 263.379341125488 264.694244384766 267.156162261963 267.645553588867 268.509864807129 269.280246734619 270.327701568604 271.147922515869
238.910575866699 238.52486038208 239.250232696533 238.922630310059 238.52294921875 236.828804016113 236.511234283447 234.487121582031 231.720058441162 230.046527862549 228.853591918945 227.730087280273 226.024524688721 224.370121002197 224.587699890137 224.096424102783 225.024368286133 224.768444061279 224.961208343506 -9999 230.482021331787 230.334022521973 232.92066192627 233.490528106689 235.991634368896 236.852611541748 239.535690307617 240.91272354126 241.470405578613 242.062305450439 245.293849945068 245.605144500732 247.770130157471 249.401679992676 250.243118286133 251.266368865967 251.052089691162 252.892471313477 255.524494171143 256.859909057617 260.097339630127 262.014640808105 262.313503265381 264.741172790527 264.976615905762 266.918720245361 267.440280914307 267.664447784424 269.305149078369 269.829288482666
240.48246383667 240.251754760742 239.325191497803 237.927688598633 237.623603820801 236.737724304199 237.337589263916 233.923484802246 232.216243743896 231.378078460693 229.386322021484 228.281093597412 224.358589172363 224.071090698242 221.728614807129 222.091720581055 222.181385040283 222.708702087402 -9999 -9999 -9999 -9999 229.033977508545 231.586536407471 231.61340713501 232.153980255127 233.702571868896 237.016757965088 238.654335021973 241.428596496582 243.293952941895 243.887901306152 246.399593353271 246.395095825195 248.04150390625 248.824523925781 250.018051147461 251.656085968018 252.809150695801 254.447666168213 257.128902435303 259.64697265625 261.725315093994 263.561985015869 264.691032409668 266.293342590332 266.035102844238 266.859230041504 267.379806518555 268.226467132568
240.275943756104 240.101024627686 239.977237701416 239.411052703857 238.02970123291 237.740528106689 236.053695678711 234.40998840332 233.851024627686 230.738845825195 229.048191070557 227.080192565918 224.350471496582 222.740356445312 220.732948303223 219.312080383301 234.744647979736 -9999 -9999 -9999 -9999 -9999 -9999 -9999 228.473575592041 231.519611358643 232.440689086914 235.764812469482 238.552112579346 239.413959503174 239.168800354004 239.716957092285 241.646389007568 243.910022735596 245.578540802002 247.24055480957 250.03532409668 250.906318664551 254.284133911133 254.99320602417 255.430358886719 258.457660675049 260.302703857422 263.01778793335 262.998039245605 263.847938537598 265.748390197754 265.71773147583 265.666648864746 267.034561157227
239.839965820312 240.529808044434 240.147819519043 239.295219421387 240.089622497559 237.318225860596 234.826362609863 232.8688621521 231.252490997314 229.573287963867 227.910877227783 227.114765167236 224.106842041016 222.519752502441 218.754024505615 218.529346466064 -9999 -9999 -9999 -9999 -9999 -9999 -9999 -9999 224.811817169189 228.352268218994 229.867500305176 232.340320587158 234.671054840088 238.184753417969 238.258575439453 238.847900390625 240.272552490234 241.688194274902 244.163040161133 245.652328491211 249.767108917236 250.851291656494 252.58606338501 255.271457672119 256.2405128479 257.169486999512 259.160465240479 261.30233001709 263.507053375244 263.764804840088 264.081451416016 263.793418884277 263.78560256958 264.778018951416
240.560489654541 240.877109527588 239.948024749756 239.099964141846 237.68966293335 236.290504455566 233.270763397217 232.478664398193 229.468158721924 228.346118927002 224.815406799316 -9999 -9999 -9999 -9999 -9999 -9999 -9999 -9999 -9999 -9999 -9999 -9999 -9999 -9999 224.993789672852 227.364074707031 227.925350189209 230.466728210449 232.929676055908 235.722274780273 235.741436004639 237.243026733398 240.594543457031 242.306449890137 244.525489807129 247.327236175537 249.5514793396 251.054126739502 253.302253723145 255.249633789062 255.735828399658 256.652408599854 258.840167999268 260.484355926514 260.535190582275 261.329322814941 262.169582366943 262.251998901367 261.87088394165
239.514751434326 238.823123931885 239.451271057129 236.370452880859 236.121826171875 234.527542114258 232.869022369385 231.210426330566 228.57124710083 -9999 -9999 -9999 -9999 -9999 -9999 -9999 -9999 -9999 -9999 -9999 -9999 -9999 -9999 -9999 -9999 221.983577728271 220.416061401367 222.719581604004 224.343154907227 227.15283203125 227.804931640625 230.586280822754 232.833438873291 237.330921173096 239.5705909729 244.074340820312 245.767601013184 247.125640869141 248.871608734131 251.487457275391 -9999 -9999 -9999 -9999 258.131805419922 258.31884765625 259.701599121094 260.577407836914 260.347511291504 261.170017242432
