data/spatiotemp/temp3/bio15_norsw_test_2011_2014.asc
NCOLS 654 
NROWS 380 
XLLCORNER 3.91666666666667 
YLLCORNER 55.3333333333333 
CELLSIZE 0.0416666666666667 
NODATA_value -9999 
[rows 286 to 307 of 380, columns 550 to 599 of 654]
50.0136260986328 50.228343963623 50.7881669998169 51.0560216903687 51.1382484436035 50.8290462493896 50.8293428421021 51.1228904724121 51.4802141189575 51.4106101989746 51.0663766860962 50.1537065505981 50.2922372817993 50.0486345291138 49.7035827636719 49.3429327011108 49.3318338394165 48.9717197418213 48.9600563049316 48.4487133026123 48.16175365448 47.9766607284546 48.0490779876709 47.6762847900391 47.6002178192139 47.3123254776001 47.12327003479 47.2275152206421 47.1169929504395 47.0293455123901 46.7588500976562 46.751841545105 46.6978597640991 46.5170869827271 46.2480630874634 46.2255754470825 46.027042388916 46.5471830368042 46.3086080551147 45.9968595504761 45.9746837615967 45.7014350891113 45.6771240234375 45.4620704650879 45.2442560195923 45.272873878479 45.284276008606 45.2546033859253 45.0700092315674 45.2975397109985
49.7457618713379 50.0327243804932 50.1890525817871 50.2113933563232 50.5027885437012 50.5758876800537 50.539439201355 50.9471025466919 50.9403591156006 50.7863960266113 50.8765897750854 50.4182252883911 50.2362689971924 49.9721364974976 49.3691663742065 49.3511810302734 49.1411504745483 48.6555042266846 48.8086099624634 48.797532081604 48.4595794677734 48.1051759719849 47.9731206893921 48.044828414917 47.9980745315552 48.0595302581787 47.5780773162842 47.3100328445435 47.2994422912598 47.3052082061768 47.0427007675171 46.795220375061 46.4790153503418 46.4983291625977 46.2715444564819 46.3985919952393 46.1768455505371 46.2436428070068 45.8129224777222 45.9670934677124 45.9857273101807 45.5390825271606 45.6820878982544 45.5158519744873 45.2942914962769 45.291690826416 45.536340713501 45.2220487594604 45.0387625694275 45.0121288299561
50.0177536010742 49.8440885543823 49.8141183853149 50.0497026443481 50.0842294692993 49.6830825805664 50.4774942398071 50.7282209396362 50.3800373077393 50.7597541809082 50.5628976821899 49.9646348953247 49.6866455078125 49.3514385223389 49.4292268753052 49.1568422317505 49.2778997421265 48.6965866088867 48.7712469100952 48.2968053817749 48.1928625106812 48.2878932952881 48.3645677566528 47.8715047836304 47.7595138549805 47.3930397033691 47.5679969787598 46.9998369216919 46.7378234863281 46.7472295761108 46.7771921157837 46.436544418335 46.4237957000732 45.7180957794189 45.7381935119629 45.6462211608887 46.1162900924683 45.7338542938232 45.8667335510254 45.5494365692139 45.4216318130493 45.6157960891724 45.881706237793 45.005136013031 44.8777198791504 44.6963038444519 44.851402759552 45.0232257843018 44.9862685203552 45.0805840492249
49.417384147644 49.0453109741211 49.5122604370117 49.7855157852173 50.0396156311035 49.8924140930176 50.2829809188843 49.977837562561 50.6786499023438 50.7728729248047 50.249490737915 49.7343730926514 49.759352684021 49.4915132522583 49.6595621109009 49.1410093307495 49.1255674362183 49.0029649734497 48.7458429336548 48.4395065307617 48.2577810287476 48.337513923645 48.2171869277954 47.8453435897827 47.3152980804443 47.1027555465698 46.7520399093628 46.9846115112305 46.9299640655518 46.3431453704834 46.5238647460938 46.2139596939087 45.7448244094849 45.6667585372925 45.6480169296265 45.8140630722046 45.8860397338867 45.914210319519 45.4650707244873 45.5136423110962 45.3126173019409 45.3321394920349 45.120861530304 44.984601020813 44.9211139678955 44.6086730957031 44.424859046936 44.7390203475952 44.9387121200562 44.9513502120972
49.0186777114868 48.9047317504883 49.6313190460205 49.5672960281372 49.7025356292725 49.452486038208 49.4300117492676 50.2362184524536 50.0157375335693 50.5011386871338 50.4021806716919 50.0370655059814 49.6471652984619 49.2828359603882 49.2786836624146 49.4135770797729 49.3216609954834 48.6592435836792 48.3210144042969 48.1199512481689 48.2280893325806 47.8660936355591 47.5419960021973 47.0677661895752 47.5079040527344 47.3071384429932 47.2381114959717 46.7250480651855 46.463436126709 46.1695594787598 45.8740391731262 45.6788606643677 45.4321465492249 45.7320194244385 45.7274770736694 45.5292468070984 45.1986703872681 45.4534840583801 45.1499390602112 45.3280234336853 45.2780027389526 44.745313167572 44.7273316383362 44.6848659515381 44.3616485595703 44.5359921455383 44.4538016319275 44.4280557632446 44.4212083816528 43.9758858680725
49.0021238327026 49.3044528961182 49.0157155990601 49.1975717544556 49.318413734436 49.4389133453369 49.5948781967163 49.9059600830078 49.8728084564209 49.7696084976196 49.7045879364014 49.6286497116089 49.5921058654785 49.6049642562866 48.9745426177979 48.8083410263062 48.4113645553589 47.9129447937012 47.5825042724609 47.657657623291 47.7520236968994 47.303071975708 47.4594535827637 47.0102701187134 46.8597707748413 46.9669952392578 46.7790603637695 46.9110431671143 46.7115278244019 46.4840688705444 46.2276611328125 45.7980661392212 45.5887961387634 45.660219669342 45.2597932815552 45.1478905677795 44.7518248558044 44.9817390441895 44.7744822502136 44.4446582794189 44.8914542198181 44.7321109771729 44.7319965362549 44.2378287315369 44.2291922569275 44.0677380561829 44.0878057479858 43.9507446289062 43.2066531181335 43.209578037262
49.2049560546875 48.9091291427612 48.9219083786011 49.1581935882568 49.2214078903198 49.5931625366211 49.4937534332275 49.5081491470337 49.1832790374756 48.9494981765747 49.0312194824219 48.5905742645264 48.6706066131592 48.588526725769 48.4190111160278 47.8978185653687 47.6797466278076 47.3772459030151 47.4854183197021 47.2578506469727 47.150074005127 47.3066034317017 46.6822214126587 46.7704448699951 46.5843858718872 46.974720954895 46.7903470993042 47.0079832077026 46.2346792221069 46.3148260116577 45.9139280319214 45.449903011322 45.4435501098633 45.3489112854004 44.6740469932556 44.9751930236816 44.3518304824829 44.358434677124 44.2743725776672 44.2024655342102 44.3134827613831 44.5374674797058 44.5865950584412 44.293957233429 44.2360377311707 44.0720410346985 43.6752200126648 43.7446594238281 43.2755331993103 43.2102890014648
48.2095384597778 48.7147574424744 48.9183039665222 49.1304578781128 48.7980518341064 48.6458315849304 48.6641674041748 48.5398106575012 48.1494817733765 47.9098463058472 48.2724852561951 48.1694445610046 48.1475987434387 48.017749786377 47.6567540168762 47.8046550750732 47.6297540664673 47.8092617988586 47.639500617981 47.3092174530029 47.1388821601868 46.5595765113831 46.3671684265137 46.1359505653381 46.3840608596802 46.5296154022217 46.2950506210327 46.2915496826172 46.1250276565552 45.8378834724426 45.5256991386414 45.5708708763123 45.5773196220398 45.3247780799866 45.0285964012146 44.7874751091003 44.4839091300964 44.4228610992432 44.2379355430603 43.7985482215881 44.060079574585 43.9934511184692 43.8636298179626 43.8719997406006 44.1493768692017 44.1445956230164 43.5885910987854 43.8335928916931 43.3965420722961 43.4272680282593
48.6412048339844 48.5259737968445 49.0050115585327 48.7558350563049 48.6535587310791 48.2460856437683 48.2143921852112 48.2185029983521 48.0287404060364 47.9621558189392 48.1093626022339 47.7252469062805 47.9520077705383 47.9833335876465 47.9423599243164 47.9394106864929 47.6895551681519 47.3677706718445 47.1563391685486 46.9544897079468 46.9500336647034 46.5779118537903 46.2034702301025 45.9556636810303 46.0776424407959 45.9909296035767 46.020311832428 46.0134086608887 45.7476735115051 45.7233076095581 45.0303049087524 44.849766254425 44.9006814956665 44.7022542953491 44.820652961731 44.5455322265625 44.4545707702637 44.1790523529053 44.3685836791992 44.1014709472656 43.7958083152771 43.7519197463989 43.5560221672058 43.4716567993164 43.690450668335 43.753737449646 43.525050163269 43.7559690475464 43.5562167167664 43.3736958503723
49.0654864311218 48.6217980384827 48.4208302497864 48.1981420516968 48.3616366386414 48.1266813278198 48.3989615440369 48.8067002296448 48.7398219108582 48.2720174789429 48.0790581703186 47.86310338974 47.8132567405701 47.476957321167 47.6183052062988 47.3734536170959 47.3430123329163 47.0978651046753 46.9494767189026 46.8617796897888 46.9064908027649 46.384895324707 46.1993227005005 46.0420212745667 45.8819646835327 46.1231508255005 46.0356941223145 45.998517036438 45.8014059066772 45.8820705413818 44.8517847061157 44.3489294052124 44.4691410064697 44.9146342277527 44.6939730644226 44.7416930198669 44.6311044692993 44.2577018737793 44.283664226532 44.3853039741516 44.3940415382385 43.9582424163818 43.6889696121216 43.8137269020081 43.7534217834473 43.963143825531 43.7855477333069 43.6589274406433 43.8409247398376 43.8669228553772
48.877833366394 48.7820339202881 48.311740398407 48.3321228027344 48.328040599823 48.4671864509583 48.4265966415405 48.3790998458862 48.5208387374878 47.991099357605 48.0641794204712 47.7267761230469 47.5558042526245 47.5260653495789 47.2989778518677 47.2880625724792 47.1138916015625 47.1791615486145 47.0399169921875 46.8365039825439 46.874294757843 46.2998247146606 45.9343581199646 46.0967950820923 46.1913146972656 46.0242624282837 46.0545983314514 45.7175335884094 45.4176206588745 45.383469581604 45.483060836792 44.8908381462097 44.3681921958923 44.6706910133362 44.818895816803 44.456934928894 44.246967792511 44.2294416427612 44.0548720359802 44.4015259742737 44.1214871406555 43.7958498001099 43.147536277771 43.222020149231 43.584680557251 43.7086815834045 43.6938061714172 43.8287901878357 43.6724109649658 43.8855466842651
48.6889233589172 48.7543063163757 48.2159008979797 48.5181360244751 48.1618614196777 48.288423538208 48.4734616279602 48.3688192367554 48.0737137794495 47.896044254303 47.6297817230225 47.6480188369751 47.6307287216187 47.6684455871582 47.5630660057068 47.0790305137634 47.2419757843018 46.8611469268799 46.6887583732605 46.3824563026428 46.2997212409973 46.5530276298523 46.3773350715637 45.7806611061096 46.1129002571106 45.8236699104309 45.8651947975159 45.6882090568542 45.3354778289795 45.0165948867798 45.2388849258423 44.8070058822632 44.8311696052551 44.3727598190308 44.7058773040771 44.5503854751587 44.4929528236389 44.5237135887146 44.2159309387207 44.479076385498 44.1649475097656 43.8069586753845 43.4290614128113 43.2058148384094 43.2546167373657 43.3926253318787 43.8864712715149 43.9978203773499 43.8975048065186 43.4812870025635
48.3085260391235 48.9784107208252 48.5769267082214 48.4492502212524 48.2279419898987 48.1341948509216 47.8151626586914 48.6051831245422 48.6070394515991 47.9604234695435 47.8328771591187 47.7929263114929 47.2597756385803 47.3621487617493 47.3931684494019 46.854275226593 46.8447632789612 46.7811098098755 46.7677335739136 46.7693586349487 46.5645160675049 46.1930651664734 46.3504948616028 45.954327583313 46.2590718269348 46.1958465576172 45.5668811798096 45.6206912994385 45.3009366989136 44.7650804519653 45.1918859481812 44.9562139511108 44.8101115226746 44.8468890190125 44.7425236701965 44.4781808853149 44.6950850486755 44.4689788818359 44.4844622612 44.7248435020447 44.2487735748291 43.5420436859131 43.4248952865601 43.3580856323242 43.5919170379639 43.4826092720032 43.9235963821411 43.7098650932312 43.5774712562561 43.3152194023132
48.3956980705261 48.2995295524597 48.277843952179 48.475977897644 48.3507995605469 48.3966746330261 48.4230885505676 48.4327812194824 48.3382544517517 48.1561894416809 47.7904200553894 47.4058513641357 47.191502571106 47.2262859344482 46.7561888694763 46.8960404396057 46.9282703399658 46.7886872291565 46.7396302223206 46.6152863502502 46.559136390686 45.8969054222107 45.6849298477173 45.2508006095886 45.4207644462585 45.5435829162598 45.5791893005371 45.8370800018311 45.2808928489685 45.0048274993896 45.2081818580627 45.1305251121521 44.8536763191223 44.7803978919983 44.5215764045715 44.4874444007874 44.787652015686 44.0205397605896 43.959376335144 44.6366667747498 44.1948461532593 43.8149037361145 43.1442375183105 43.0340280532837 42.7537741661072 42.4131922721863 42.1972074508667 42.5674452781677 42.2918138504028 42.5093512535095
48.5058255195618 48.4359879493713 48.3392939567566 48.8169369697571 48.4393067359924 48.3471941947937 48.3785500526428 48.1690058708191 48.0833640098572 47.778528213501 47.5933074951172 47.4831695556641 46.8654336929321 46.6379899978638 46.6453909873962 46.6243495941162 46.5132346153259 46.5027003288269 46.4508256912231 46.2246913909912 46.1820487976074 45.9642724990845 45.5826778411865 45.1026678085327 44.6591892242432 44.9612002372742 45.2755460739136 45.3141808509827 45.1362676620483 45.0948061943054 44.7523941993713 44.8393816947937 44.8141045570374 44.6327424049377 44.4193735122681 44.5273103713989 44.3695101737976 44.2147989273071 44.2325806617737 43.9537353515625 43.6739559173584 43.3438444137573 43.2139868736267 43.0900268554688 42.7269830703735 42.5039801597595 41.8275513648987 41.9220628738403 42.3486666679382 42.4610452651978
48.6004347801208 48.3402833938599 48.0647854804993 48.2453799247742 48.3105525970459 48.1850614547729 48.4321608543396 48.2086534500122 47.8580932617188 47.2736577987671 47.1187047958374 47.2764577865601 46.8144946098328 46.4747247695923 46.2472701072693 46.2375383377075 46.3929476737976 46.2662491798401 46.22292137146 45.960542678833 46.2855200767517 46.035231590271 45.6291704177856 45.2241568565369 44.8758578300476 44.8825998306274 44.8299622535706 44.7697734832764 45.2205328941345 45.0202875137329 44.9804821014404 44.6734647750854 44.2537045478821 44.0767912864685 44.069239616394 44.1816558837891 43.811056137085 43.8337578773499 43.6266865730286 43.6651601791382 43.5883092880249 43.3600239753723 43.0666108131409 43.3274130821228 42.8224325180054 42.9406027793884 42.5949048995972 42.3911609649658 42.1802291870117 41.9491353034973
48.5066494941711 48.2658505439758 48.2221622467041 48.2783718109131 48.1865162849426 47.8877234458923 47.9573678970337 48.0564789772034 47.4990811347961 47.191837310791 47.2838649749756 46.8669319152832 46.7638721466064 46.473201751709 46.4215230941772 46.3798365592957 46.1926856040955 46.1831836700439 45.7012939453125 45.6863260269165 45.6840038299561 45.6172785758972 45.714955329895 45.4801406860352 44.7442216873169 44.6193385124207 44.9838194847107 44.7992420196533 44.8289341926575 44.5659604072571 43.8320641517639 44.4126405715942 43.7010688781738 43.9645299911499 44.1197609901428 43.4178705215454 43.1855235099792 43.0779175758362 43.1211876869202 43.0454230308533 42.6298522949219 42.4820694923401 42.5454034805298 42.2764482498169 42.0725431442261 41.7482600212097 41.9706783294678 41.8891596794128 42.256453037262 42.1228742599487
48.0989632606506 48.1161460876465 47.922917842865 48.4041051864624 48.1083054542542 47.6355648040771 47.7457900047302 47.6902871131897 47.6087946891785 47.252758026123 46.8957562446594 46.9783101081848 46.8723955154419 46.4141435623169 46.2122807502747 46.3539237976074 46.2340040206909 45.9438152313232 45.94695520401 45.6724548339844 45.674916267395 45.5953426361084 45.6701850891113 45.3677334785461 44.675407409668 44.9864783287048 44.96244764328 44.5456914901733 44.3908410072327 44.4541883468628 44.3789343833923 44.0398073196411 43.8921961784363 43.8823595046997 43.9001913070679 43.4162859916687 43.0247416496277 42.5817337036133 42.6488366127014 42.8484168052673 42.7459607124329 42.1897239685059 42.0342354774475 42.1059036254883 41.9109392166138 42.2173519134521 41.7777352333069 41.1197543144226 41.5476064682007 41.4897956848145
48.3718152046204 47.9640989303589 47.992609500885 48.2022366523743 47.7819480895996 47.7545256614685 47.9433455467224 47.6065454483032 47.1225929260254 46.6957244873047 46.7237629890442 46.976601600647 46.4231204986572 46.2404580116272 46.419529914856 46.0730805397034 45.8309679031372 45.7942395210266 45.7477264404297 45.752513885498 45.7233271598816 45.863748550415 45.3368225097656 45.0271606445312 44.954496383667 45.0432696342468 45.1808471679688 44.5020651817322 44.4594702720642 44.3485217094421 44.181191444397 43.8253684043884 43.8062252998352 43.7025036811829 43.3206272125244 42.9185667037964 42.9268274307251 42.5857605934143 42.551896572113 42.8294711112976 42.4882473945618 41.8987607955933 41.825671672821 41.5871977806091 41.6425971984863 41.5799446105957 41.2752275466919 41.0062694549561 41.1718077659607 40.9885792732239
48.501654624939 48.1951532363892 48.3909182548523 48.2981662750244 48.4179553985596 47.8680667877197 47.3060069084167 47.0884971618652 46.9668774604797 47.2060880661011 47.002260684967 46.8698267936707 46.7838802337646 46.7767024040222 46.5398569107056 46.3937411308289 46.0497894287109 45.5446000099182 45.5718221664429 46.0388083457947 45.9542617797852 45.8212041854858 45.6656742095947 45.5557413101196 45.8256673812866 45.1551718711853 45.2821254730225 45.1425323486328 44.4780769348145 44.542004108429 44.4426870346069 44.3611965179443 43.7018227577209 43.4810099601746 43.234450340271 43.3159503936768 42.8520317077637 42.8251876831055 42.5229878425598 41.9670157432556 41.6041731834412 41.5894837379456 41.6980633735657 41.5538067817688 41.1907238960266 41.0987348556519 40.918933391571 40.6010408401489 40.6114158630371 40.5940885543823
48.7476930618286 48.5121579170227 48.1754622459412 48.0681109428406 47.5971293449402 47.3242011070251 47.5451202392578 47.8051748275757 47.7949328422546 47.0713448524475 47.4723930358887 47.258195400238 47.4847292900085 47.4192047119141 46.8254051208496 46.2957806587219 46.1785898208618 46.2628803253174 46.1234269142151 46.086226940155 45.8231792449951 45.7398014068604 45.7037034034729 45.4325890541077 45.7016086578369 45.1568994522095 45.2070350646973 45.3791627883911 44.8615274429321 44.5109133720398 44.3343534469604 44.2870707511902 44.1383471488953 43.9959630966187 43.6326861381531 43.4026432037354 42.8189392089844 42.5108766555786 42.4641804695129 42.2838506698608 41.9631032943726 41.6079211235046 41.597855091095 40.9537858963013 40.7728185653687 40.601767539978 40.4457836151123 40.4236335754395 40.7291131019592 40.5078601837158
48.843985080719 48.807361125946 48.425491809845 48.1499538421631 47.7947111129761 47.5438413619995 47.5561203956604 47.6398687362671 47.3326930999756 47.523425579071 47.6462645530701 48.0511713027954 47.9236288070679 47.8054895401001 46.7542405128479 46.814603805542 46.7891707420349 46.2494521141052 46.3449020385742 46.1244621276855 46.0761528015137 45.5445232391357 45.689950466156 45.8381290435791 45.0241847038269 45.3744773864746 45.0718884468079 44.8095903396606 44.5004577636719 44.1675629615784 44.1249260902405 43.8590822219849 43.7060761451721 43.7339406013489 43.4482436180115 42.6647834777832 42.2179975509644 42.3446774482727 42.2575039863586 42.4799680709839 42.2979288101196 42.0677971839905 41.194139957428 40.9609942436218 40.5799026489258 40.5289845466614 40.289755821228 40.2924432754517 40.2199873924255 40.1320915222168
