data/spatiotemp/temp3/bio15_norsw_test_2011_2014.asc
NCOLS 654 
NROWS 380 
XLLCORNER 3.91666666666667 
YLLCORNER 55.3333333333333 
CELLSIZE 0.0416666666666667 
NODATA_value -9999 
[rows 176 to 197 of 380, columns 150 to 199 of 654]
42.9694290161133 43.1387033462524 43.0277156829834 42.9678258895874 43.0539627075195 42.8491134643555 42.8318815231323 43.0037317276001 42.9096584320068 42.7901659011841 43.1051034927368 43.2443761825562 43.3903360366821 43.2829236984253 42.8934230804443 42.7362747192383 42.4393911361694 42.5103454589844 42.3561162948608 42.2398643493652 42.4492702484131 42.1727323532104 42.3246612548828 42.3373699188232 42.2873258590698 42.2004451751709 -9999 -9999 -9999 42.185001373291 41.8389930725098 41.5682210922241 41.2166786193848 41.1687469482422 41.519962310791 41.4365844726562 41.4771814346313 41.5478572845459 41.4303665161133 41.1292304992676 40.9275074005127 41.0321264266968 41.135552406311 41.1164960861206 40.9666337966919 41.0309686660767 40.7487192153931 40.7337236404419 40.6211986541748 40.776255607605
42.9124717712402 42.8719635009766 42.7330169677734 42.4004573822021 42.3889207839966 42.10484790802 42.1700477600098 42.6942224502563 42.9011373519897 42.9839181900024 43.0537271499634 42.7254219055176 42.5324897766113 42.3892250061035 42.3609304428101 41.9476823806763 41.8294792175293 41.832447052002 42.0002288818359 41.8600378036499 41.8261442184448 41.9580135345459 41.9273252487183 42.0801677703857 -9999 42.1122579574585 42.0480966567993 41.9373664855957 42.0194053649902 41.8711862564087 41.5045680999756 41.4528675079346 41.4627017974854 41.0713682174683 41.3549394607544 41.2429037094116 41.2322463989258 41.3224487304688 41.3412656784058 41.3285093307495 41.195837020874 41.0154724121094 40.8998994827271 40.803936958313 40.4776182174683 40.7666072845459 40.9212045669556 41.2821168899536 41.1973657608032 40.7535772323608
42.2684755325317 42.1168451309204 41.7878036499023 41.7379541397095 42.1853637695312 42.3501148223877 42.1889095306396 41.9825496673584 41.9129848480225 42.3011350631714 42.2977991104126 42.2374296188354 41.8936710357666 41.7435693740845 41.574896812439 41.5412569046021 41.5436134338379 41.4815702438354 41.6009769439697 -9999 41.3984785079956 -9999 -9999 40.9516258239746 40.8795585632324 40.93079662323 41.0500936508179 41.0832929611206 41.1655645370483 40.9031352996826 40.826621055603 40.8908367156982 41.0118722915649 41.031964302063 40.9226207733154 40.9648923873901 41.0199298858643 40.7896757125854 40.7518663406372 40.6832628250122 40.7280035018921 40.5907640457153 40.6840333938599 40.6398029327393 41.0289115905762 40.8620615005493 41.0130004882812 40.5582818984985 41.1273460388184 41.0847749710083
40.8811225891113 40.9471101760864 41.3465042114258 41.1293134689331 41.1978588104248 41.3895711898804 41.4544353485107 41.493016242981 41.7142925262451 41.854024887085 41.8546628952026 41.4923067092896 41.3010864257812 41.2806234359741 40.7449188232422 -9999 -9999 41.1482133865356 40.6846208572388 40.5221300125122 40.5805492401123 40.3192224502563 40.1278991699219 40.0865125656128 39.990704536438 39.8396968841553 40.1946535110474 40.0581846237183 40.036078453064 40.1397886276245 40.1838188171387 40.3178434371948 40.0815353393555 40.1274919509888 40.0924377441406 39.9297246932983 40.1478719711304 40.1198062896729 40.2304944992065 40.2335357666016 40.0171899795532 40.4341115951538 40.3232202529907 40.4913988113403 40.7105751037598 40.8549299240112 40.4378566741943 40.6693325042725 40.510308265686 41.2639303207397
40.5210094451904 40.6892576217651 40.6285781860352 40.5279865264893 40.0741767883301 39.9736433029175 39.8518629074097 40.0552530288696 40.7062616348267 41.1609706878662 41.1196308135986 -9999 -9999 -9999 40.2725868225098 40.1942100524902 40.3492498397827 40.1736850738525 39.7552356719971 39.6125993728638 39.5406084060669 39.3986892700195 39.4404220581055 39.4386596679688 39.3515110015869 39.2773141860962 39.235520362854 39.169994354248 39.0736751556396 39.103123664856 39.1712226867676 39.1361055374146 38.9409103393555 39.0833835601807 39.0121088027954 39.1278505325317 39.2407693862915 39.5393152236938 39.4601602554321 39.461953163147 39.8525533676147 40.0377407073975 40.4052801132202 40.8553867340088 40.8142404556274 40.8463497161865 40.7279672622681 40.680944442749 40.8474178314209 41.4353799819946
39.8141040802002 39.9020738601685 39.8085470199585 39.5132389068604 39.3738794326782 39.69358253479 39.6876678466797 39.6258096694946 39.5755386352539 -9999 -9999 -9999 39.7836866378784 39.6116809844971 39.4067449569702 39.3401489257812 39.0903148651123 39.1469240188599 39.3514003753662 39.2991285324097 38.8140811920166 38.9772996902466 39.0388355255127 38.9834566116333 39.1200265884399 39.0759239196777 38.8508825302124 38.7653741836548 38.7331342697144 38.5642356872559 38.5874834060669 38.3954772949219 38.5017747879028 38.7887897491455 38.8860263824463 38.9250402450562 38.7657861709595 38.6115665435791 38.6594924926758 38.8041563034058 39.3530521392822 39.6607971191406 39.6333408355713 40.2335929870605 40.7103281021118 40.668514251709 40.3008661270142 40.1647844314575 40.906361579895 41.1335201263428
39.3478651046753 39.2365465164185 38.9019660949707 38.9318399429321 39.0212697982788 39.5461730957031 -9999 -9999 -9999 -9999 39.5105991363525 39.3332748413086 39.1139850616455 38.7445688247681 38.8090744018555 38.8476495742798 39.0954389572144 38.9586372375488 38.7324848175049 38.6650476455688 38.2967824935913 37.9585371017456 38.2021541595459 38.3098096847534 38.1294584274292 38.1617078781128 38.1285190582275 38.0720024108887 38.016040802002 38.2365055084229 38.1237411499023 38.2463912963867 38.375542640686 38.424147605896 38.4485244750977 38.0948867797852 38.0986452102661 38.3604831695557 38.7763261795044 39.2724924087524 39.3759145736694 39.7358865737915 39.8469219207764 40.3675355911255 40.1580476760864 39.9624967575073 39.7156553268433 40.3245277404785 41.3368320465088 42.1842079162598
38.936131477356 -9999 -9999 -9999 -9999 -9999 -9999 -9999 -9999 -9999 -9999 -9999 -9999 -9999 38.5501480102539 38.4375429153442 38.2831325531006 37.8035192489624 37.5508003234863 38.0298252105713 38.1901350021362 38.2101593017578 38.1732635498047 38.0930166244507 37.9778814315796 37.8480014801025 37.7150888442993 37.5687456130981 37.6226797103882 37.7088899612427 37.8213396072388 37.902530670166 37.9659194946289 37.7958106994629 37.7718200683594 37.6960124969482 37.9900379180908 38.3292684555054 38.5121812820435 39.0339088439941 39.5782794952393 39.8793611526489 40.1992416381836 39.6303701400757 39.1546363830566 40.3692445755005 40.9061841964722 40.7433624267578 41.5026197433472 41.9547157287598
-9999 -9999 -9999 -9999 -9999 -9999 -9999 -9999 -9999 -9999 -9999 -9999 -9999 -9999 38.5258531570435 38.6599073410034 38.5285968780518 38.8269233703613 38.665075302124 38.5134515762329 38.508864402771 38.5231332778931 38.4241313934326 38.1521711349487 38.0725622177124 37.5513668060303 37.51930809021 37.4134254455566 37.5450277328491 37.6508369445801 37.5986862182617 37.6060905456543 37.3202180862427 36.9144449234009 36.8451309204102 37.0040941238403 37.3464155197144 37.8627729415894 38.5033397674561 39.0978622436523 38.9659357070923 39.1133108139038 39.9732055664062 39.6386728286743 39.691029548645 41.2089996337891 41.001522064209 40.0597295761108 40.9007558822632 41.1026811599731
37.9999141693115 37.9285278320312 37.7492828369141 37.7278900146484 37.8458948135376 37.5961141586304 37.7447195053101 37.5179805755615 37.3803081512451 37.4291706085205 37.7441177368164 37.7930288314819 37.9444532394409 38.092999458313 38.0821857452393 38.336986541748 38.4304141998291 38.9820289611816 39.1203155517578 38.9866552352905 38.4335622787476 38.0938310623169 38.17369556427 38.4459886550903 38.1940383911133 38.0259466171265 37.8045415878296 37.7074108123779 37.5863370895386 37.5135860443115 37.2271060943604 36.8497333526611 36.8682584762573 37.1728487014771 37.4116506576538 37.332483291626 37.5676765441895 38.1405229568481 38.8951320648193 38.8612985610962 38.8399105072021 39.4189310073853 39.8267965316772 40.1699409484863 40.1210517883301 40.4766340255737 39.8794775009155 40.9527397155762 41.9387578964233 41.2944736480713
37.0215950012207 36.6646566390991 36.8995170593262 36.8350439071655 37.0455331802368 36.9784851074219 36.7232360839844 36.8279237747192 36.7588739395142 36.743953704834 37.1259202957153 37.0119152069092 37.1909875869751 37.3664054870605 37.892110824585 38.0004167556763 38.4588003158569 38.352915763855 38.752236366272 38.7716064453125 38.6317167282104 38.6446809768677 38.5559225082397 38.0820989608765 37.9687662124634 37.7548599243164 37.8591804504395 37.5400266647339 37.0417385101318 37.1240253448486 36.7018203735352 36.3141860961914 36.0554332733154 36.4825305938721 36.1892137527466 37.1865243911743 37.9836893081665 38.4608564376831 38.5903644561768 38.5594444274902 39.0243225097656 39.2133531570435 39.5238847732544 39.7010488510132 40.0615406036377 39.6163606643677 40.1908931732178 40.7895984649658 41.5997581481934 42.5750379562378
36.6566286087036 36.465874671936 36.6162252426147 36.4105310440063 36.3878498077393 36.3081359863281 36.3701086044312 36.1313943862915 36.3693227767944 36.5662851333618 36.9461145401001 36.8542022705078 36.7091913223267 37.1185874938965 37.5092163085938 37.7010650634766 37.9066524505615 37.8071422576904 37.6256551742554 37.9577264785767 38.1929416656494 38.6638212203979 38.6894941329956 37.8266716003418 37.2167739868164 36.8771591186523 37.4828100204468 37.7698087692261 37.4809732437134 36.4427433013916 35.8855638504028 36.589937210083 36.2651615142822 35.8082122802734 36.2713479995728 37.4058523178101 38.6437311172485 38.5479803085327 38.6370573043823 38.6584348678589 38.9500751495361 38.7085199356079 39.39013671875 40.3108177185059 40.9694147109985 41.1320390701294 41.1678256988525 41.5808486938477 41.9679365158081 42.4879493713379
36.6468963623047 36.7023591995239 36.7977094650269 36.7468147277832 36.2786502838135 36.2020025253296 36.4070949554443 36.2739858627319 36.020655632019 36.1276731491089 36.3276710510254 36.6334190368652 36.817798614502 37.2853717803955 37.7794313430786 38.0326461791992 37.8831911087036 37.2042360305786 36.7092542648315 36.7478342056274 37.4422283172607 38.7470436096191 38.8155078887939 37.9750366210938 38.3031644821167 37.1273164749146 37.0429334640503 36.9684534072876 36.3975067138672 35.7890787124634 35.5919647216797 35.7731904983521 36.0948624610901 35.9087657928467 37.0078639984131 37.7348508834839 37.6881399154663 38.1670017242432 38.3144149780273 38.8615961074829 39.2388906478882 39.010160446167 39.1757516860962 39.0943069458008 39.6416215896606 40.9720239639282 41.9336757659912 42.5013484954834 42.9482154846191 43.1950626373291
35.8129329681396 36.3554182052612 36.6717910766602 35.6337242126465 35.1819505691528 35.9199180603027 36.5382652282715 36.3750553131104 36.5106763839722 36.6826105117798 36.8651924133301 37.162561416626 37.3572244644165 37.3023567199707 38.1054649353027 38.166919708252 37.9984121322632 38.1952781677246 38.4476346969604 39.3200721740723 40.537034034729 40.9603757858276 40.4552068710327 39.9652585983276 39.3858089447021 38.0584831237793 37.0006856918335 36.5844173431396 36.0227880477905 36.1660380363464 36.1622867584229 35.9356389045715 36.2151393890381 36.3418741226196 36.5500364303589 36.6343717575073 36.66597032547 36.7194237709045 37.5240740776062 38.634204864502 38.4586324691772 38.6509714126587 37.9040393829346 37.6188383102417 39.2032155990601 39.9162569046021 41.291223526001 42.516676902771 43.302622795105 43.6411399841309
35.7440214157104 35.9238739013672 36.3379306793213 35.6882467269897 35.6248292922974 35.9894733428955 36.3979644775391 36.2610359191895 36.5312986373901 36.4556465148926 36.6317234039307 36.9587984085083 36.9522647857666 37.102331161499 37.8868608474731 38.5387659072876 39.2553911209106 40.3692150115967 41.2862882614136 41.417929649353 41.9498634338379 41.7793130874634 41.6326904296875 38.9215574264526 38.6709785461426 37.9272994995117 36.8871536254883 36.3551645278931 35.9121642112732 35.852530002594 36.0565614700317 36.5462884902954 35.9134469032288 36.1988277435303 36.043520450592 36.1424551010132 36.0478806495667 35.9756660461426 36.3243308067322 37.0253953933716 36.9088492393494 37.3554830551147 37.6369495391846 37.9641952514648 38.9285955429077 40.6273984909058 41.0387086868286 41.1746854782104 41.1953611373901 41.0442867279053
35.5012445449829 35.9947166442871 35.9191646575928 36.4771785736084 36.3195676803589 35.995192527771 35.9562549591064 35.7649335861206 35.8802099227905 35.4229469299316 35.8440380096436 36.5591526031494 36.0890836715698 35.986834526062 36.2717990875244 37.5504064559937 38.5578622817993 39.2362127304077 40.9693288803101 40.6576261520386 41.4862575531006 41.6401672363281 41.9916191101074 40.8489542007446 40.5624256134033 38.6426038742065 38.0952224731445 37.6469993591309 36.9010787010193 36.5661578178406 36.658477306366 36.8909358978271 36.5689635276794 35.550341129303 35.1116333007812 35.4537615776062 35.7973809242249 36.1029958724976 36.323634147644 36.616409778595 36.5476288795471 36.8615078926086 37.2310161590576 38.1639270782471 38.5811219215393 39.6011753082275 40.354811668396 38.5853824615479 38.177891254425 38.4009552001953
35.8020925521851 35.8713102340698 36.1372261047363 36.3304576873779 36.4829921722412 36.4522371292114 36.3060455322266 35.9446268081665 35.6078248023987 36.1679859161377 36.0238471031189 36.2771396636963 36.4292459487915 36.0875010490417 36.3618154525757 37.2681140899658 38.1665620803833 39.036994934082 39.9132270812988 41.0148410797119 40.2445125579834 39.2506999969482 38.9188175201416 38.2413282394409 37.782274723053 38.9897813796997 38.2902803421021 37.880491733551 36.8602876663208 36.9050145149231 36.5106182098389 36.0446557998657 36.0592231750488 35.4667048454285 35.4145917892456 35.3739595413208 36.0473427772522 36.1276812553406 36.3457055091858 36.2198047637939 36.3866362571716 36.5804915428162 37.1932773590088 37.7734041213989 38.1360945701599 38.5651564598083 39.2810883522034 38.3751692771912 38.775511264801 39.01984167099
35.6386728286743 36.0007858276367 36.0594835281372 35.8628644943237 36.0572643280029 36.5484752655029 36.8419055938721 37.1015596389771 37.0325918197632 37.1332883834839 37.139760017395 37.4332332611084 37.4309701919556 37.106164932251 37.2398309707642 37.3599610328674 37.8769192695618 38.8921537399292 39.5595054626465 39.4625587463379 39.7014799118042 39.6673536300659 38.5778121948242 37.099292755127 36.581775188446 38.0698843002319 39.5400371551514 39.4043855667114 38.6881594657898 38.0171303749084 36.2812376022339 35.4188165664673 35.8669276237488 35.645525932312 36.0178265571594 36.9336142539978 37.3194832801819 36.9177289009094 36.0840244293213 35.5644021034241 35.6817936897278 36.6638474464417 37.4562530517578 37.8261823654175 38.2866497039795 37.8599638938904 37.8378500938416 38.4602680206299 39.0877571105957 38.4618639945984
35.9765090942383 36.0940914154053 36.3919725418091 36.6125679016113 36.6463437080383 36.5216307640076 36.5584321022034 36.8427796363831 36.9879970550537 37.0045309066772 37.3905477523804 36.7293510437012 37.8157601356506 37.6463794708252 37.9750695228577 38.3307280540466 38.2720060348511 38.9797849655151 38.5371875762939 38.2149209976196 38.8592319488525 38.1425538063049 36.7867097854614 36.1178393363953 36.7617483139038 37.867449760437 38.0261435508728 37.9186577796936 37.5179514884949 38.1523795127869 38.8026075363159 37.2178587913513 37.5340466499329 37.8143067359924 37.6784472465515 36.9611353874207 37.1554040908813 36.8608155250549 35.5924220085144 34.8028073310852 35.2688746452332 35.8576345443726 36.1278309822083 36.4955434799194 37.8461241722107 37.7375268936157 37.094057559967 36.9163284301758 37.5898470878601 38.0046925544739
36.1573553085327 36.6493539810181 37.3750314712524 37.8347845077515 37.8164091110229 37.8222570419312 38.1417121887207 38.3815336227417 37.8577003479004 37.8263645172119 37.7989768981934 37.8703303337097 37.8618168830872 37.5491056442261 37.9196739196777 38.9032621383667 39.8956699371338 39.6512966156006 38.3835420608521 37.5803265571594 37.8562264442444 38.2303152084351 37.9285430908203 37.2091264724731 37.1741194725037 36.7932982444763 36.6754078865051 36.884961605072 36.5150394439697 36.9475297927856 36.9059686660767 36.3226928710938 36.2782535552979 36.1121392250061 37.3196177482605 37.3217992782593 36.9452495574951 35.2277932167053 35.2251019477844 34.8256554603577 35.1176171302795 35.5704226493835 35.8201456069946 36.4143009185791 37.2090659141541 36.466700553894 36.5456943511963 36.0066032409668 35.9790554046631 36.9465517997742
37.011513710022 37.6807832717896 37.781445980072 38.2941565513611 38.2682199478149 38.1390819549561 39.0797319412231 39.6030616760254 39.9401693344116 40.0921268463135 39.9035224914551 39.8327884674072 40.630295753479 40.3456869125366 39.7050971984863 40.8698902130127 41.6669788360596 41.529803276062 40.8147373199463 39.6866903305054 38.8422989845276 38.8708434104919 38.9290809631348 37.3914833068848 37.0006461143494 36.6543879508972 36.5987763404846 36.3790602684021 36.4998660087585 36.2786254882812 35.9643530845642 35.590681552887 35.4555139541626 35.4463076591492 35.3480248451233 35.377242565155 35.6550545692444 35.3183393478394 35.2232842445374 34.9554924964905 34.968367099762 35.2618126869202 35.9106783866882 36.4110493659973 36.8592863082886 36.9885597229004 36.662522315979 36.2324118614197 36.1955718994141 36.3538031578064
38.0038981437683 37.9656410217285 38.8102979660034 38.9169211387634 39.6857566833496 39.4998531341553 40.1212501525879 40.9863348007202 40.6355485916138 40.3779449462891 41.3442907333374 41.8142461776733 42.1474571228027 41.9217195510864 41.7187881469727 41.2974796295166 40.9132881164551 40.4061241149902 39.8946824073792 40.3173637390137 40.8398504257202 40.5638208389282 39.9554386138916 39.370774269104 39.1504740715027 38.9381303787231 38.7723016738892 38.4747009277344 36.876877784729 35.6083831787109 35.5828013420105 35.6098909378052 35.7802577018738 35.4594912528992 35.3011045455933 35.0449471473694 35.3466348648071 34.9084510803223 34.9871206283569 35.0722122192383 34.6796388626099 34.682861328125 35.0945706367493 35.6250133514404 35.8274550437927 36.0305519104004 36.1457514762878 36.4732365608215 36.7234854698181 36.7374820709229
