data/spatiotemp/temp3/bio14_norsw_test_2011_2014.asc
NCOLS 654 
NROWS 380 
XLLCORNER 3.91666666666667 
YLLCORNER 55.3333333333333 
CELLSIZE 0.0416666666666667 
NODATA_value -9999 
[rows 22 to 43 of 380, columns 600 to 649 of 654]
21.3539810180664 21.3489670753479 21.343953371048 21.6925206184387 21.6873016357422 21.6820824146271 21.7892262935638 21.7839703559875 22.1852824687958 22.5270779132843 22.5163202285767 23.1539952754974 23.1429142951965 23.7796177864075 23.6565787792206 23.9963920116425 24.2807910442352 24.3804926872253 24.8304862976074 25.1140022277832 25.7479567527771 25.847635269165 25.947202205658 25.8249144554138 25.5919222831726 25.4699130058289 25.3850779533386 25.265501499176 24.9039211273193 24.7638177871704 25.219361782074 25.2029490470886 25.1857953071594 25.1678988933563 24.9163806438446 24.0850296020508 23.9577639102936 23.817702293396 24.1469266414642 23.8970935344696 23.770236492157 -9999 -9999 -9999 -9999 -9999 -9999 -9999 -9999 -9999
20.3218851089478 20.7854416370392 20.7802729606628 20.7751045227051 21.2377102375031 21.2323043346405 20.7595973014832 21.052547454834 21.3992586135864 21.5022740364075 22.1439871788025 22.5998511314392 22.5894908905029 23.0444915294647 23.2190084457397 23.6731224060059 23.8472850322723 24.3005142211914 24.4743213653564 24.4630317687988 24.8034272193909 24.7919869422913 24.9655418395996 24.7691040039062 24.6461999416351 24.2843289375305 24.2115364074707 24.5466995239258 23.946448802948 23.820549249649 23.6818864345551 24.0163872241974 24.0004885196686 23.6379792690277 23.3868277072906 23.136048078537 -9999 -9999 -9999 -9999 -9999 -9999 -9999 -9999 -9999 -9999 -9999 -9999 -9999 -9999
20.1082141399384 20.3389482498169 20.4543752670288 20.4488863945007 20.2005159854889 20.6647119522095 21.0718789100647 21.0663251876831 20.9456598758698 20.8233397006989 21.3957099914551 21.6853141784668 21.9175932407379 21.9080066680908 21.8984196186066 22.5415465831757 22.9983186721802 23.2864890098572 23.6298434734344 23.619396686554 23.6084990501404 23.5971479415894 23.7713952064514 23.4622745513916 23.6220660209656 23.6252257823944 23.9465906620026 23.8207993507385 23.8069899082184 24.0291817188263 23.8911032676697 23.8772325515747 23.6262910366058 23.386620759964 22.7334721088409 -9999 -9999 -9999 -9999 -9999 -9999 -9999 -9999 -9999 -9999 -9999 -9999 -9999 -9999 -9999
-9999 -9999 -9999 -9999 -9999 -9999 21.1741349697113 20.8675427436829 20.8601818084717 20.288277387619 20.4861896038055 21.1343071460724 21.7088558673859 22.4692976474762 22.3464179039001 21.8679659366608 21.972104549408 22.3182365894318 22.4951732158661 22.5988295078278 22.8302218914032 22.8188157081604 22.8074095249176 22.6831810474396 22.8579804897308 22.9592995643616 23.1885757446289 23.1769659519196 23.1877632141113 23.2373740673065 22.870667219162 23.2087061405182 22.320862531662 -9999 -9999 -9999 -9999 -9999 -9999 -9999 -9999 -9999 -9999 -9999 -9999 -9999 -9999 -9999 -9999 -9999
19.9092493057251 19.68346118927 19.7179288864136 19.7121810913086 19.5920131206512 19.3326892852783 18.4291026592255 -9999 -9999 -9999 -9999 -9999 -9999 -9999 -9999 -9999 -9999 -9999 -9999 21.6660447120667 21.6530663967133 21.9964735507965 21.9835357666016 22.326206445694 22.6534385681152 22.641667842865 22.2866568565369 22.273473739624 21.828364610672 21.4604201316833 -9999 -9999 -9999 -9999 -9999 -9999 -9999 -9999 -9999 -9999 -9999 -9999 -9999 -9999 -9999 -9999 -9999 -9999 -9999 -9999
20.7478003501892 20.7414743900299 20.8500845432281 21.3927955627441 20.1319494247437 19.8670988082886 19.8702182769775 19.8838911056519 19.8770833015442 20.229278087616 20.2215762138367 20.0991406440735 19.9767875671387 -9999 -9999 -9999 -9999 -9999 -9999 -9999 -9999 -9999 -9999 -9999 -9999 -9999 -9999 -9999 -9999 -9999 -9999 -9999 -9999 -9999 -9999 -9999 -9999 -9999 -9999 -9999 -9999 -9999 -9999 -9999 -9999 -9999 -9999 -9999 -9999 -9999
21.2534673213959 21.2468283176422 21.0093433856964 21.2335517406464 21.5312061309814 21.1048662662506 21.2870950698853 20.8608071804047 21.7500562667847 21.9309916496277 21.6190958023071 21.4960145950317 21.1275000572205 21.0046591758728 20.8818764686584 21.1194477081299 20.9966294765472 20.2783176898956 19.5481889247894 -9999 -9999 -9999 -9999 -9999 -9999 -9999 -9999 -9999 -9999 -9999 -9999 -9999 -9999 -9999 -9999 -9999 -9999 -9999 -9999 -9999 -9999 -9999 -9999 -9999 -9999 -9999 -9999 -9999 -9999 -9999
21.0354673862457 21.2182559967041 21.3272330760956 21.9897208213806 21.6770145893097 21.7857799530029 21.778636932373 21.0607569217682 20.9378044605255 21.4092192649841 21.5177669525146 22.1779971122742 22.5913457870483 22.5836791992188 22.7063858509064 21.9161787033081 21.561354637146 20.3236169815063 -9999 -9999 -9999 -9999 -9999 -9999 -9999 -9999 -9999 -9999 -9999 -9999 -9999 -9999 -9999 -9999 -9999 -9999 -9999 -9999 -9999 -9999 -9999 -9999 -9999 -9999 -9999 -9999 -9999 -9999 -9999 -9999
20.8890533447266 21.1146256923676 21.6634202003479 20.9838342666626 21.0930378437042 21.3926002979279 21.750063419342 21.0714502334595 20.4673449993134 20.7085115909576 20.7017951011658 20.5786740779877 20.4555611610413 21.2478864192963 21.6507482528687 21.7601249217987 21.8694930076599 21.8624715805054 21.7390763759613 21.3829507827759 20.2927076816559 21.5644652843475 22.0152232646942 22.6691827774048 22.5397100448608 21.5114569664001 20.6136620044708 20.2447690963745 -9999 -9999 20.9803085327148 -9999 -9999 -9999 -9999 -9999 -9999 -9999 -9999 -9999 -9999 -9999 -9999 -9999 -9999 -9999 -9999 -9999 -9999 -9999
20.2988426685333 20.2915902137756 20.284336566925 21.0688395500183 21.1782474517822 21.1707649230957 21.1632828712463 21.1558005809784 20.6661801338196 20.235221862793 19.5126860141754 20.1796741485596 20.6556622982025 21.438903093338 21.5493295192719 21.42578125 21.5362222194672 22.2014880180359 22.3117506504059 21.5895462036133 20.5463433265686 22.3671779632568 22.7038650512695 22.6898589134216 22.5592186450958 21.8328301906586 21.0478463172913 21.3142020702362 20.6790981292725 23.6649930477142 23.9987406730652 23.433474779129 22.7119467258453 21.8774168491364 22.5010778903961 -9999 -9999 -9999 -9999 -9999 -9999 -9999 -9999 -9999 -9999 -9999 -9999 -9999 -9999 -9999
19.7779281139374 20.3739578723907 20.3664174079895 20.3588755130768 20.3513340950012 20.46120429039 20.4536778926849 20.1370017528534 19.6457078456879 19.5226221084595 19.3994956016541 20.1871385574341 20.2988662719727 20.2930731773376 20.6538121700287 20.9564971923828 20.9505155086517 20.8268904685974 21.3776695728302 20.7701504230499 21.1262898445129 21.4209697246552 22.0075783729553 21.9936034679413 21.7450709342957 21.9214725494385 21.6569542884827 22.0112633705139 20.9508228302002 21.9916725158691 23.3080377578735 24.1224956512451 24.4152474403381 24.403582572937 23.8531608581543 22.306277513504 23.6155889034271 23.3991272449493 23.4998505115509 23.4845142364502 22.8719625473022 22.6134796142578 21.8746032714844 21.9603972434998 -9999 -9999 -9999 -9999 -9999 -9999
19.6652407646179 19.657655954361 19.6500701904297 19.7603566646576 19.8706855773926 19.8631415367126 19.8555974960327 19.7300992012024 19.841667175293 19.7184224128723 19.7131600379944 20.0180160999298 20.0126876831055 19.6973714828491 20.0020298957825 20.2464356422424 20.2409648895264 20.4849457740784 19.9782984256744 20.6845779418945 21.2138652801514 21.0362696647644 21.1862435340881 21.5389111042023 21.467401266098 22.1279449462891 21.3216991424561 20.891453742981 21.8396682739258 22.6254801750183 22.728043794632 22.947674036026 23.2986919879913 23.5949037075043 23.3934254646301 22.6683285236359 23.9762132167816 25.0061855316162 24.6873960494995 24.4044947624207 24.3014764785767 24.17356300354 23.2806198596954 23.6270287036896 24.5747961997986 23.6081552505493 23.4757759571075 23.5843570232391 23.3359906673431 23.4533705711365
19.1397523880005 19.2509274482727 19.6152758598328 19.4144213199615 19.7189853191376 19.7116377353668 19.585765838623 18.896187543869 19.1418857574463 19.5670311450958 19.6805953979492 19.6755261421204 19.7892167568207 19.6653871536255 19.7791621685028 19.7741351127625 19.5312488079071 20.2066240310669 20.3203587532043 21.1143314838409 20.9855389595032 20.9714691638947 20.7197360992432 21.0162060260773 21.4886066913605 21.7841444015503 21.4597342014313 21.5182209014893 22.061680316925 22.4013259410858 22.3862409591675 22.6190767288208 23.0323832035065 23.5040249824524 23.4922106266022 23.2453050613403 23.2202620506287 23.4129061698914 24.2742881774902 24.4129385948181 24.4006609916687 24.9491157531738 24.4526238441467 24.3111786842346 24.9040932655334 25.3756670951843 24.0426115989685 24.5140209197998 25.4689359664917 24.4987864494324
18.7746140956879 18.7684483528137 18.762282371521 19.4424448013306 19.1227655410767 18.9972488880157 19.1100480556488 19.1036894321442 19.098117351532 18.9739925861359 18.9691588878632 19.0837640762329 19.0789794921875 19.074196100235 18.9498248100281 19.6290693283081 20.5473568439484 20.662029504776 20.7767999172211 20.8916687965393 20.8820168972015 21.2379775047302 21.1037044525146 20.7306146621704 21.0280315876007 21.3828120231628 21.4872784614563 21.545307636261 21.4114580154419 22.1944575309753 22.2979505062103 22.4741196632385 22.5788786411285 23.1251509189606 23.3609580993652 22.6719267368317 23.0424630641937 23.6322848796844 23.8554515838623 24.5171508789062 24.9867181777954 24.6079831123352 25.0209903717041 25.4891424179077 24.6881937980652 24.9921851158142 24.1417355537415 23.7697730064392 24.2423191070557 25.0830612182617
19.3515520095825 18.9709229469299 18.9655313491821 18.8404333591461 18.8349850177765 19.3237073421478 19.557893037796 19.4325041770935 19.3074803352356 19.1828234195709 19.0580544471741 18.9791569709778 19.1688251495361 19.284431219101 20.0876443386078 20.3236997127533 20.6919734477997 20.8077483177185 21.4899377822876 21.4851126670837 21.3545346260071 21.2189955711365 21.0836589336395 21.0688073635101 20.9337756633759 21.0391039848328 21.8276872634888 21.6923720836639 21.5572617053986 21.5420258045197 21.5267894268036 21.7038035392761 21.8090968132019 22.4763541221619 22.4630351066589 22.5227248668671 22.9963276386261 23.2935881614685 23.5905895233154 23.9437079429626 24.0481071472168 24.7106447219849 24.8143334388733 24.7995352745056 24.6700239181519 24.6622834205627 23.9793362617493 23.9924755096436 23.6130366325378 23.847993850708
19.0590722560883 19.0544123649597 19.0497527122498 19.0450930595398 19.040433883667 19.4118497371674 19.407027721405 18.7103552818298 18.7058660984039 18.7015378475189 18.8180258274078 19.5049784183502 19.7424440383911 20.234121799469 20.2297623157501 20.3465359210968 20.9114804267883 20.9069647789001 20.9024496078491 20.7765474319458 20.7667853832245 21.2468318939209 21.2315118312836 21.4100961685181 20.4650948047638 21.1375117301941 21.2430205345154 21.2276809215546 21.2850885391235 21.2697279453278 21.6256668567657 21.1187787055969 21.7881615161896 22.5776181221008 22.8031158447266 23.3510632514954 23.2164001464844 22.8323855400085 23.3793277740479 23.9719409942627 24.2684173583984 24.3721699714661 24.3565649986267 24.4142508506775 24.5212726593018 24.3938331604004 24.1930584907532 24.1846256256104 23.5722103118896 23.8109622001648
19.0211033821106 19.0170912742615 19.0130796432495 18.9334774017334 18.8085677623749 18.8046362400055 18.8007056713104 18.796774148941 18.7927055358887 19.0314185619354 19.5259802341461 19.8393478393555 20.3336987495422 20.4512271881104 20.5688972473145 20.9412508010864 20.693140745163 20.1906147003174 20.6844470500946 20.6800997257233 20.670333147049 20.8500845432281 20.8347613811493 20.6976065635681 20.1860444545746 20.5455491542816 20.7246973514557 20.8308572769165 21.0677487850189 21.0522334575653 21.230434179306 21.3357720375061 22.0074856281281 22.4854493141174 22.784152507782 23.140082359314 23.4380054473877 23.4220008850098 23.5263152122498 23.5102152824402 24.0569629669189 24.2805466651917 24.383810043335 24.3670387268066 24.2341694831848 24.1050357818604 23.856219291687 23.7272129058838 23.2307786941528 23.3414468765259
19.6047823429108 19.2213923931122 19.0207736492157 19.017657995224 19.0145423412323 19.1332354545593 19.0083112716675 19.0051956176758 19.0016341209412 19.4987788200378 19.8137152194977 20.3106603622437 20.4289169311523 20.8032734394073 20.2982325553894 20.1714589595795 19.4702813625336 19.6623742580414 19.6582176685333 19.6540610790253 19.6446304321289 19.7527456283569 20.1147799491882 20.0997035503387 20.0846290588379 20.142299413681 20.6252565383911 20.6097688674927 20.5942816734314 21.2702994346619 21.2542924880981 21.2382862567902 21.5383780002594 21.7169010639191 22.1961994171143 22.3015036582947 22.9732456207275 22.9565734863281 23.433030128479 23.7305884361267 23.7133107185364 24.0670113563538 24.1700963973999 24.1523714065552 24.0178036689758 23.5173335075378 23.3868923187256 23.3769731521606 23.5604367256165 23.5505170822144
19.8111114501953 19.4269123077393 19.9283063411713 20.0481944084167 20.0459427833557 19.9682104587555 19.9661505222321 19.9640901088715 19.9612157344818 20.3382666110992 20.5319721698761 20.2075524330139 20.2036316394806 19.8195607662201 19.8157875537872 19.1854004859924 19.181606054306 19.5573716163635 19.6770622730255 19.5494878292084 19.736741065979 19.721670627594 20.208625793457 20.0698070526123 20.0544760227203 20.0391447544098 20.3425829410553 20.8271601200104 20.6883535385132 20.9904546737671 21.3507745265961 21.456892490387 21.880024433136 22.2387948036194 22.6607866287231 22.6434254646301 23.1949186325073 23.299054145813 23.1592893600464 23.1414752006531 23.0019845962524 23.1058459281921 23.0880317687988 23.3205542564392 23.3061089515686 23.2953157424927 23.5996646881104 23.2737312316895 23.456832408905 23.9371256828308
20.0186326503754 20.0170435905457 20.2609786987305 20.6428253650665 20.5183713436127 20.3180799484253 20.3165941238403 19.9323308467865 19.9298243522644 19.9261951446533 19.9225649833679 19.7951722145081 19.409419298172 19.4058516025543 19.4022850990295 19.0675449371338 19.1120991706848 19.1135828495026 19.1150643825531 19.5164144039154 19.6313700675964 19.4917330741882 19.6737153530121 20.1625149250031 20.1468207836151 20.3277440071106 20.8148975372314 20.7986621856689 20.9060273170471 20.8896811008453 21.1924688816071 21.6770181655884 22.3559546470642 22.5840034484863 22.6887030601501 22.8655071258545 22.8470387458801 23.0235776901245 23.5028424263 23.4837980270386 23.4647517204285 23.445707321167 23.1098327636719 22.473406791687 22.9536919593811 23.1366968154907 22.9308581352234 22.5536179542542 22.73677110672 22.7255139350891
20.1042342185974 20.2266664505005 20.0262451171875 19.902126789093 19.7777342796326 19.9006605148315 19.8999273777008 19.8991944789886 19.5126259326935 19.8934502601624 19.5057773590088 19.3033301830292 19.1248185634613 19.0075852870941 19.1397135257721 19.1471607685089 19.029632806778 19.0330939292908 19.029548406601 19.0260038375854 19.5974144935608 19.5819096565247 19.9483284950256 20.130295753479 20.2391662597656 20.3478105068207 20.9097175598145 20.8931090831757 21.0008654594421 21.4885368347168 22.0403046607971 22.4670009613037 23.147834777832 23.3759427070618 24.0543031692505 23.8381404876709 24.1371612548828 24.1167154312134 24.0962691307068 23.952513217926 24.3080887794495 23.9117975234985 24.0144829750061 23.42436170578 23.4082188606262 22.7817916870117 22.524257183075 22.6350345611572 22.3778223991394 22.2434225082397
19.9891533851624 19.989194393158 20.1132416725159 20.4380233287811 20.1136238574982 19.9893565177917 19.9893972873688 19.4030475616455 19.6015639305115 19.3983328342438 19.3951244354248 19.2667124271393 19.0127789974213 19.134669303894 19.1312501430511 19.1278305053711 19.124410867691 19.1209907531738 19.2435140609741 19.240199804306 19.2307817935944 19.2152602672577 19.9078602790833 20.0174758434296 20.5826847553253 20.5660364627838 20.5493881702423 20.730443239212 20.8387289047241 21.5259485244751 22.1398334503174 22.5683240890503 23.0548295974731 23.7361655235291 24.4162201881409 24.518892288208 24.4970507621765 24.4752087593079 24.3291988372803 23.9873862266541 24.2856893539429 23.5672492980957 23.7417769432068 23.4012880325317 23.7032446861267 23.370822429657 22.5399622917175 22.2802891731262 21.7698187828064 22.1316728591919
