data/spatiotemp/temp3/bio13_norsw_test_2011_2014.asc
NCOLS 654 
NROWS 380 
XLLCORNER 3.91666666666667 
YLLCORNER 55.3333333333333 
CELLSIZE 0.0416666666666667 
NODATA_value -9999 
[rows 308 to 329 of 380, columns 550 to 599 of 654]
104.85325050354 104.810234069824 104.767213821411 103.681083679199 103.300592422485 103.258264541626 102.507902145386 102.464546203613 102.421192169189 102.710866928101 102.177669525146 101.820690155029 100.427759170532 99.8491249084473 99.3947868347168 99.1704902648926 98.995777130127 98.1296634674072 97.9561347961426 97.6574878692627 98.9550342559814 99.5636405944824 100.074571609497 99.8064002990723 99.8640117645264 100.634857177734 100.412527084351 100.450506210327 101.533084869385 101.105333328247 101.217134475708 101.739879608154 102.105592727661 102.890085220337 103.015138626099 103.53334236145 103.724851608276 103.894916534424 104.722249984741 104.904890060425 105.813554763794 105.712905883789 105.612253189087 105.89129447937 106.171970367432 105.691621780396 104.716365814209 105.15930557251 106.559526443481 106.621267318726
105.990455627441 104.907613754272 104.870128631592 104.496541976929 103.413475036621 103.710886001587 103.673110961914 102.92045211792 103.213037490845 102.842519760132 102.625196456909 102.229530334473 101.507553100586 100.110496520996 99.5982418060303 98.7081508636475 98.8921699523926 99.0281982421875 98.5992050170898 99.1559715270996 99.0542392730713 99.9698829650879 100.13756942749 100.181718826294 101.298292160034 100.64923286438 101.040149688721 101.110811233521 100.821098327637 99.5858707427979 100.682952880859 101.784568786621 101.88162612915 102.660459518433 103.154176712036 103.644462585449 104.172903060913 104.337488174438 105.184959411621 105.043968200684 105.805362701416 105.676782608032 105.919595718384 105.840631484985 105.76167678833 106.065376281738 106.063051223755 106.520627975464 106.594751358032 107.252241134644
105.130842208862 104.755010604858 105.052221298218 105.012907028198 103.594110488892 103.555435180664 102.802618026733 102.762781143188 102.722948074341 102.683107376099 102.464323043823 102.393213272095 101.993961334229 100.900705337524 100.044597625732 99.1913795471191 98.6936492919922 98.7896461486816 98.8225631713867 99.0355014801025 99.2398719787598 99.6428508758545 99.9431819915771 100.019815444946 99.7338962554932 100.126577377319 99.8394050598145 99.7340507507324 99.8448047637939 100.628709793091 100.739757537842 100.532571792603 101.624135971069 102.40531539917 102.236602783203 103.078985214233 103.575986862183 103.446458816528 103.979530334473 104.844886779785 105.362464904785 104.278970718384 105.526617050171 105.840707778931 106.156686782837 106.090673446655 106.095445632935 107.510780334473 107.58741569519 108.136108398438
104.734703063965 104.688093185425 104.641483306885 104.594875335693 103.507484436035 103.79319190979 102.704677581787 102.657049179077 102.60941696167 102.23263168335 102.354887008667 101.98871421814 101.947719573975 101.283124923706 100.567890167236 99.5130138397217 98.9724941253662 98.4418468475342 97.9140567779541 98.0318202972412 98.5093479156494 98.7435340881348 99.2264041900635 98.9608688354492 98.695333480835 98.7876815795898 98.5940055847168 98.4003314971924 98.982458114624 99.0031871795654 99.438648223877 100.233276367188 100.343715667725 101.135503768921 103.213264465332 103.129112243652 103.003574371338 103.841419219971 104.657554626465 104.532987594604 103.460079193115 104.296983718872 104.614465713501 104.551137924194 105.827686309814 106.148834228516 107.490797042847 106.735837936401 108.233400344849 108.312871932983
104.674146652222 104.619497299194 104.230745315552 104.176836013794 104.455560684204 103.365074157715 103.310485839844 102.925464630127 102.871618270874 101.782159805298 101.917314529419 101.910797119141 101.576362609863 100.918043136597 100.262414932251 99.1837348937988 97.9490242004395 98.0940475463867 97.8725280761719 97.9916820526123 97.8090381622314 96.8529739379883 96.6545066833496 96.8741664886475 96.9853057861328 96.7987174987793 96.9372730255127 97.7455940246582 97.565616607666 98.1395168304443 98.5016212463379 99.3645763397217 99.7505226135254 100.76594543457 101.622266769409 102.792093276978 102.667457580566 102.542821884155 103.383445739746 103.580451965332 104.416416168213 103.379577636719 104.661382675171 105.942321777344 105.881628036499 107.161264419556 107.160345077515 106.923414230347 108.416826248169 108.489641189575
104.277086257935 104.215225219727 104.153358459473 104.091493606567 104.029624938965 102.93695640564 102.87530708313 102.813667297363 102.422594070435 101.331684112549 101.479732513428 101.179723739624 100.894952774048 100.65821647644 99.4114246368408 99.1774864196777 98.6209278106689 98.3874092102051 97.8361911773682 96.9661312103271 97.0565090179443 96.462833404541 96.2648735046387 96.0996704101562 95.9344692230225 95.7692699432373 95.9209785461426 96.1086559295654 96.7546863555908 95.8700408935547 96.9018821716309 98.0749111175537 99.2721290588379 100.466985702515 100.676467895508 101.845167160034 101.719060897827 102.559917449951 103.397554397583 103.59154510498 103.138929367065 102.079957962036 103.365907669067 104.651105880737 104.593915939331 104.923889160156 105.623943328857 106.381895065308 107.176040649414 108.66640663147
104.213764190674 104.144104003906 103.741857528687 103.672775268555 103.272247314453 103.534603118896 102.109842300415 102.371429443359 102.302724838257 102.2340259552 101.415252685547 100.840293884277 100.593032836914 100.345760345459 100.421464920044 99.1675605773926 98.9218730926514 98.3567695617676 96.796215057373 96.552339553833 96.0204601287842 95.8556423187256 95.875244140625 95.7214946746826 95.5677471160889 95.4140033721924 95.2602577209473 95.1065082550049 95.5949592590332 95.5514354705811 96.5564308166504 97.7624053955078 98.9661865234375 99.1940288543701 99.4070720672607 100.574655532837 101.739053726196 101.60991859436 101.480781555176 102.638828277588 102.18466758728 102.122404098511 102.453182220459 103.358249664307 103.691371917725 103.638889312744 104.391036987305 105.87296295166 105.93034362793 106.721458435059
105.172039031982 104.761888504028 103.330364227295 102.92272567749 102.846908569336 102.771097183228 102.695291519165 102.948843002319 102.872539520264 102.007413864136 101.949422836304 100.870004653931 100.616485595703 100.357591629028 100.417600631714 99.5177192687988 98.5799808502197 98.0039253234863 97.072151184082 96.5010166168213 96.2486705780029 95.9963207244873 95.7982730865479 95.3433170318604 95.5107746124268 95.0587368011475 94.9284839630127 94.5275421142578 95.4270839691162 95.6625690460205 96.5576839447021 96.4720611572266 97.6842346191406 98.2432918548584 99.4324741363525 100.597387313843 100.790159225464 100.659662246704 100.529165267944 100.398666381836 101.230358123779 101.098188400269 102.114303588867 102.063753128052 102.412830352783 103.305818557739 103.850164413452 103.898181915283 104.679735183716 105.464876174927
104.768901824951 104.352375030518 102.940984725952 102.835346221924 102.421575546265 102.668296813965 102.914196014404 102.830257415771 102.177446365356 102.057323455811 101.541090011597 101.589405059814 100.307605743408 100.362800598145 100.092565536499 98.8204784393311 98.5529251098633 98.2853736877441 98.0178241729736 97.438117980957 96.8541698455811 96.6494255065918 95.721321105957 95.5898017883301 95.1409492492676 94.9785671234131 94.5845394134521 94.5084705352783 94.7522449493408 94.6768035888672 94.2802677154541 95.5031452178955 97.0465202331543 98.2663059234619 98.1620826721191 98.6785831451416 99.8409271240234 99.7091426849365 99.5773582458496 100.409496307373 101.238208770752 101.103000640869 100.967794418335 101.789659500122 102.064500808716 102.016902923584 102.608406066895 102.648818969727 104.120796203613 104.899087905884
104.034799575806 103.942861557007 103.850923538208 103.758983612061 102.758172988892 102.635917663574 102.51365852356 102.391401290894 101.90034866333 102.106845855713 101.904180526733 101.620693206787 100.654706954956 100.363796234131 100.081890106201 98.4866409301758 98.208438873291 97.9302463531494 98.282054901123 97.6829280853271 97.4136600494385 97.210750579834 97.0929222106934 95.8312587738037 95.3926753997803 95.2650184631348 95.1969184875488 95.1288166046143 94.740442276001 94.6717796325684 94.6031131744385 95.5115756988525 95.7640361785889 96.9919242858887 98.1871490478516 98.377462387085 99.5370922088623 99.4022979736328 99.2674999237061 99.1327075958252 100.283826828003 101.107816696167 100.969573974609 100.8313331604 101.972196578979 102.071142196655 102.061418533325 102.827554702759 102.861360549927 103.633682250977
103.310592651367 103.880470275879 103.434114456177 102.939022064209 101.476221084595 101.672924041748 101.550352096558 102.115295410156 101.623252868652 101.828176498413 101.619583129883 100.958986282349 100.339923858643 100.047256469727 99.7545871734619 99.7849044799805 98.4957427978516 98.5132637023926 98.2211360931396 98.5972480773926 97.3320865631104 97.1395149230957 98.029899597168 96.9798202514648 96.599479675293 95.5531005859375 95.172119140625 95.430944442749 95.049352645874 94.9879703521729 94.9265880584717 94.8652038574219 96.1022968292236 97.3378582000732 98.2122192382812 98.3997001647949 99.556661605835 99.4189033508301 100.24697303772 100.107431411743 100.291652679443 100.152156829834 100.971353530884 101.153964996338 101.012729644775 100.89751625061 102.245569229126 102.270578384399 103.033502578735 103.060707092285
103.043003082275 102.598737716675 102.101696014404 101.649015426636 101.853582382202 101.729522705078 101.922779083252 101.153467178345 101.346157073975 101.549507141113 101.323183059692 101.017948150635 100.034151077271 100.05553817749 99.4415092468262 99.7704048156738 99.4499835968018 98.5169734954834 98.3630638122559 97.3023090362549 97.9866828918457 97.7263736724854 98.4699897766113 97.693977355957 97.3356952667236 97.0563297271729 95.9635963439941 95.6845397949219 95.9667205810547 95.606616973877 96.296630859375 96.4972171783447 97.5071792602539 97.466724395752 98.5608825683594 98.5921745300293 99.2525539398193 99.4427452087402 99.6686458587646 99.2470226287842 99.7173709869385 100.655599594116 100.338415145874 100.828817367554 100.435827255249 100.2864818573 101.024547576904 101.746915817261 103.205640792847 102.528190612793
103.103626251221 102.649026870728 102.150875091553 101.707908630371 102.914525985718 102.787622451782 102.660713195801 101.837823867798 101.396560668945 101.270837783813 100.683811187744 100.368921279907 100.054027557373 100.048227310181 99.424243927002 99.4153614044189 99.1863098144531 98.58376121521 98.6666297912598 97.6918067932129 98.0948810577393 98.420581817627 97.8780536651611 98.3994903564453 98.1137409210205 97.3366260528564 96.9748916625977 97.4232273101807 97.3810615539551 97.0169315338135 97.2967166900635 97.254545211792 97.9414749145508 98.9501037597656 99.1221332550049 99.3458499908447 99.5696411132812 100.190773010254 100.335330963135 99.9870738983154 99.5612983703613 100.744913101196 100.393013000488 100.289247512817 100.483274459839 100.470317840576 99.7661266326904 101.220905303955 101.23582649231 101.994050979614
103.197874069214 103.713407516479 104.227960586548 104.098196029663 103.968423843384 104.481018066406 104.023525238037 103.211114883423 103.081991195679 103.266046524048 102.355855941772 100.384269714355 100.080778121948 100.229694366455 99.728422164917 99.8761291503906 99.699348449707 99.1998977661133 99.2707653045654 98.6484661102295 98.7620372772217 99.6143569946289 99.6488361358643 99.6032600402832 99.141092300415 98.5277080535889 98.1616325378418 98.1166133880615 98.0715942382812 97.7042407989502 97.7343063354492 97.6893997192383 98.3757629394531 99.3842163085938 99.5560264587402 99.7758846282959 99.6719570159912 99.5680313110352 100.509202957153 100.403322219849 100.297441482544 100.906755447388 100.085674285889 99.9797916412354 99.8739128112793 100.493112564087 99.9450054168701 100.656265258789 101.40452003479 101.41307258606
103.542127609253 104.059316635132 104.621187210083 105.449722290039 106.320707321167 105.83557510376 105.39581489563 103.933584213257 102.816072463989 102.323434829712 102.156936645508 101.226058959961 100.497135162354 101.2845287323 101.102653503418 100.920774459839 100.321701049805 99.8178901672363 99.7931308746338 99.6677360534668 99.7901077270508 100.163208007812 100.201511383057 99.486198425293 98.8686103820801 98.8228759765625 98.455436706543 98.4094314575195 98.0411739349365 97.99489402771 99.3278923034668 99.28147315979 99.2350559234619 99.1886386871338 99.6899375915527 100.071031570435 99.8981628417969 99.8717517852783 100.096345901489 100.249418258667 100.615575790405 100.189483642578 100.087837219238 99.5986843109131 99.4991493225098 99.4588775634766 100.571277618408 100.572828292847 101.276849746704 101.276477813721
103.850679397583 103.736747741699 104.244791030884 105.827459335327 106.347482681274 106.230255126953 105.103748321533 103.644330978394 103.573707580566 103.503082275391 103.052228927612 102.452541351318 102.276165008545 101.553428649902 101.053283691406 100.878215789795 100.285438537598 100.195066452026 99.9804172515869 99.7667999267578 100.197134017944 100.55793762207 100.589574813843 100.611919403076 99.2548809051514 98.4728965759277 98.9125156402588 98.545581817627 97.9262104034424 98.132755279541 98.6617565155029 99.6724319458008 99.698616027832 99.9044895172119 99.5880489349365 98.7744827270508 99.4177303314209 99.3325710296631 99.9699592590332 99.4165840148926 100.375905990601 100.034126281738 99.9472675323486 100.186420440674 100.484376907349 99.6866855621338 99.7715873718262 100.875171661377 101.129566192627 101.125043869019
103.517133712769 103.395681381226 103.388212203979 103.684587478638 104.973114013672 105.258037567139 104.826284408569 103.37907409668 103.276140213013 102.869171142578 102.877763748169 102.381734848022 102.537702560425 101.497200012207 101.328453063965 100.416576385498 100.304542541504 100.397420883179 99.753755569458 100.583169937134 99.9381275177002 100.030311584473 100.054332733154 100.010185241699 99.6446056365967 99.346118927002 99.0479011535645 98.681734085083 98.6374282836914 98.5931243896484 99.1249980926514 99.0807723999023 99.3597068786621 99.0626621246338 99.0053367614746 98.9345569610596 98.8637752532959 99.517692565918 99.700511932373 99.6979923248291 100.018630981445 100.270505905151 100.196315765381 100.122129440308 100.04793548584 100.683227539062 100.785345077515 101.032632827759 101.019966125488 101.415552139282
103.465934753418 103.478818893433 104.24147605896 102.998495101929 103.607776641846 103.970026016235 103.916543960571 103.470794677734 103.384929656982 102.784503936768 102.253023147583 101.764781951904 101.928297042847 101.440965652466 101.425394058228 101.503368377686 100.845474243164 99.8634090423584 99.687479019165 100.75559425354 100.095586776733 100.911407470703 100.190013885498 100.884460449219 99.5258026123047 99.4824123382568 99.4390258789062 98.8178863525391 99.3522491455078 98.2522354125977 99.2654800415039 99.2220878601074 99.5017719268799 99.4585704803467 99.0844421386719 98.7704658508301 98.7115688323975 99.7028160095215 99.6426067352295 99.5823993682861 99.849063873291 100.506881713867 101.032747268677 100.383850097656 100.582843780518 101.231943130493 101.150177001953 101.334438323975 101.052949905396 101.706056594849
104.599723815918 105.194471359253 104.425394058228 104.575025558472 104.219835281372 103.202312469482 103.158292770386 103.114267349243 103.070245742798 102.275665283203 101.849945068359 101.694871902466 101.117668151855 101.359655380249 101.421709060669 101.4124584198 100.739196777344 100.802135467529 100.542272567749 100.9280128479 100.990955352783 99.9941139221191 100.00429725647 100.283193588257 99.6612567901611 99.2968311309814 98.5183429718018 98.4762172698975 99.1687049865723 99.1259994506836 98.3498497009277 99.3634052276611 99.0640335083008 99.2783088684082 99.2339839935303 99.1878910064697 98.8838405609131 98.8372268676758 100.099210739136 99.7924747467041 100.332471847534 101.003837585449 101.284563064575 101.236923217773 101.121000289917 101.521223068237 101.447067260742 100.972904205322 100.904655456543 101.584785461426
105.647077560425 105.251636505127 105.580577850342 103.848625183105 102.928052902222 103.225456237793 103.196619033813 103.167783737183 102.812719345093 102.783887863159 102.099224090576 101.778705596924 101.501197814941 101.296102523804 100.860570907593 100.908546447754 100.956521987915 100.681196212769 99.9919891357422 100.104915618896 100.151968002319 100.199014663696 100.201747894287 100.097967147827 98.738109588623 98.6968307495117 98.6555480957031 98.6142673492432 98.313943862915 98.2727584838867 99.5464363098145 99.1819591522217 98.4078598022461 99.4212951660156 99.3835258483887 99.0904407501221 99.3158626556396 99.0217781066895 100.037803649902 100.002552032471 101.277574539185 101.241903305054 101.468990325928 101.764799118042 101.73045539856 101.696119308472 101.36735534668 101.981380462646 101.8857421875 101.873527526855
104.693189620972 104.669834136963 104.646478652954 104.260408401489 103.273199081421 103.504348754883 103.48415184021 103.463956832886 102.126483917236 102.033178329468 102.365552902222 101.334339141846 101.366983413696 101.074825286865 101.107835769653 100.816747665405 100.85011100769 100.14556312561 100.243062973022 99.9527130126953 100.307666778564 100.018035888672 99.2763214111328 100.234296798706 99.6101722717285 98.8331966400146 98.5317707061768 98.4914150238037 98.4510631561279 98.4107074737549 98.3703575134277 98.5905609130859 99.344690322876 99.5642871856689 99.5330657958984 99.51149559021 99.5537738800049 99.5326957702637 100.82525062561 100.80393409729 101.111904144287 101.091556549072 101.788190841675 102.098365783691 102.342683792114 102.056222915649 102.334520339966 101.908180236816 101.81650352478 102.09624671936
105.101001739502 105.448623657227 105.154424667358 104.808773040771 103.794805526733 103.783243179321 102.284372329712 102.113025665283 102.10164642334 101.350233078003 101.353275299072 101.044914245605 101.387361526489 101.33705329895 101.03066444397 100.310234069824 100.069381713867 100.347326278687 100.105144500732 99.8002376556396 99.4030284881592 99.4210948944092 99.410364151001 99.0487594604492 99.0091590881348 98.7067527770996 98.6672267913818 98.6277084350586 98.8507709503174 98.548656463623 98.5091323852539 99.0546226501465 99.7473201751709 99.7072772979736 99.6826076507568 100.402278900146 100.71693611145 100.707096099854 100.301092147827 101.016401290894 101.337776184082 101.718040466309 102.040004730225 102.030757904053 102.021511077881 102.347953796387 102.299293518066 102.546419143677 102.388879776001 102.031702041626
