data/spatiotemp/temp3/bio1_norsw_test_2011_2014.asc
NCOLS 654 
NROWS 380 
XLLCORNER 3.91666666666667 
YLLCORNER 55.3333333333333 
CELLSIZE 0.0416666666666667 
NODATA_value -9999 
[rows 220 to 241 of 380, columns 100 to 149 of 654]
-0.435778491199017 -0.706080883741379 -0.752549819648266 -0.774018876254559 -0.625979706645012 -0.423599049448967 -0.405218351632357 -0.653004355728626 -0.910290334373713 -1.1020762771368 -1.10552888270468 -1.55398160964251 -1.71243430674076 -2.23955357074738 -2.32217290997505 -2.3277921974659 -2.40096783638 -2.31419977545738 -1.76959842443466 -0.8388303630054 -0.108895715326071 0.711039032787085 0.0776404514908791 -0.191591484472156 0.312343169003725 0.66511120274663 1.21204584091902 2.90464735031128 2.30527770519257 1.39227032661438 0.848596177995205 0.61175549775362 0.287414770573378 -0.166592627763748 -0.742100104689598 -0.599274098873138 -0.218614799901843 -1.0842888019979 -0.946796160191298 -0.639137007296085 0.324723549187183 0.270951993763447 -0.0708197243511677 -0.200091334059834 0.420970253646374 1.27903193980455 2.09992694854736 0.533988716080785 -0.184116365388036 -0.311054669320583
1.67289604246616 0.930637067183852 0.799044698476791 0.753785794600844 0.693609237670898 0.85434851795435 0.310421224683523 -0.741172783076763 -1.39243354648352 -1.5853608995676 -1.02245501056314 -0.602215707302094 -0.24447645386681 -0.163737153634429 0.113168872892857 0.0862415209412575 0.171581514179707 0.0360221192240715 0.466462843120098 0.792570168152452 0.998344175517559 1.77961824834347 0.954392212443054 0.65283289924264 0.482940301299095 0.58438091352582 1.09148836135864 1.39742905646563 2.49523496627808 2.35857275128365 1.65774388611317 0.560415023937821 0.396252932958305 0.152257420122623 -0.515904899686575 -0.942066986113787 -1.33489587157965 -1.50505809485912 -0.865553610026836 -1.50538241863251 -0.86411115527153 -0.97157309949398 -1.68336835503578 -1.33149702101946 -0.95995906367898 1.13991243764758 2.16878390312195 1.13382188603282 0.475193234626204 -0.729268789291382
2.47990387678146 2.39702162146568 2.72813937067986 3.63042384386063 2.5345316529274 2.7496295273304 3.33839416503906 2.38265863060951 2.13825652003288 1.47152118384838 0.851618970278651 0.898216860368848 1.04081490263343 1.38324604928493 1.54601056873798 1.10577520728111 0.69963076338172 0.284410808235407 -0.0753092467784882 0.314970754086971 0.74275079742074 1.77953064441681 2.153977394104 2.22959071397781 2.03837084770203 1.61298413574696 0.954930901993066 0.251877427101135 0.114358939230442 0.972542004659772 2.28089162707329 2.62224134802818 1.60742430388927 1.15644071996212 0.489123686216772 -0.0808599479496479 -0.324510356876999 -1.09882720683527 -1.54764434695244 -1.56262791901827 -1.05577932391316 -1.02793147787452 -2.04391710460186 -1.25823595374823 -0.759388163685799 0.508792769163847 1.54564057290554 1.94932168722153 1.97516936063766 1.53868381679058
-2.44708836078644 -2.22859394550323 -1.33059931173921 0.899228520691395 2.50928729772568 1.40974378585815 0.996700312942266 1.07865684852004 1.53744660317898 2.62323650717735 3.60585957765579 3.11648273468018 3.14343929290771 2.98256242275238 3.12818562984467 3.14297544956207 3.35468000173569 3.27863270044327 2.76825195550919 2.85670471191406 2.99799066781998 2.94560992717743 2.71372926235199 2.57584869861603 2.43046781420708 2.31275382637978 2.93120646476746 3.1406592130661 2.38481625914574 1.9723444879055 2.26970601081848 3.52506750822067 2.65559574961662 1.98879051208496 1.07981884106994 0.448846972198226 0.564875233918428 0.743236795067787 0.350931718945503 0.260959889739752 0.0365526750683784 -0.691289789974689 -0.795799128711224 -0.470474854111671 0.0148491784930229 0.305673278868198 -0.155169270932674 -0.0646783038973808 0.726979061961174 1.59696982800961
-2.53341382741928 -1.35787592083216 -0.159171363338828 -1.29430014267564 -2.54312366247177 -2.3823085129261 -2.18899351358414 -0.919845029711723 1.624970048666 1.8792852461338 1.95543357729912 0.626248732209206 0.446397069841623 0.346545543521643 -0.68497272580862 -1.32099086046219 -0.78527070581913 -0.188812088221312 0.578479938209057 1.34227180480957 1.80089722573757 1.59718917310238 1.51948104798794 1.53793966770172 1.5308983027935 1.25519032776356 1.23831561207771 1.83810764551163 3.03110694885254 2.85531359910965 2.58785378932953 2.46756049990654 2.38226726651192 2.14447399973869 3.31901401281357 2.72472071647644 1.88042761385441 1.68396760523319 1.22034092992544 0.99871436227113 0.245551362633705 -0.247648221440613 -0.180681060999632 0.0829527825117111 -0.0965800397098064 0.0980538129806519 0.359020978212357 0.467321426840499 0.728288609534502 1.07625567540526
-1.86173942685127 -2.325658172369 -2.94107672572136 -2.07032884657383 -1.35470124334097 -1.01386102847755 0.239146120846272 2.058319658041 1.79132682085037 0.134333848953247 -0.769159063696861 -1.27231877669692 -0.46247835084796 -1.46263800561428 -2.66746431589127 -3.04295721650124 -2.29238823056221 -1.6424235701561 -1.29995886981487 -0.539160929620266 1.49197037518024 1.34926822781563 0.855399606749415 1.41986413300037 1.05649541690946 1.21762683987617 1.56442466378212 1.95922264456749 2.09023079276085 2.0314494073391 2.05966812372208 2.17622017860413 2.36793872714043 2.77115723490715 3.44737583398819 2.55326119065285 1.45397974550724 1.38803166896105 1.65658351778984 1.65880221128464 1.19088323414326 0.781160015612841 0.340103562921286 0.560213824734092 0.72582396119833 0.805434256792068 0.22771105542779 0.188487976789474 0.254764784127474 0.706541664898396
-3.06682881712914 -2.05872996151447 -0.31996432133019 0.679301328957081 0.961350126191974 1.43168203532696 2.1795140504837 1.74317927658558 0.96901136636734 -1.30915670469403 -2.02965812385082 -1.37849272042513 -1.11149414628744 -0.649162173271179 -0.959330128505826 -0.786998122930527 -0.606509491801262 -0.00636391341686249 -0.0313850902020931 0.298593796789646 1.19290594011545 1.49588468670845 1.29769691079855 1.54267577826977 1.87565459311008 2.29846680164337 2.20644569396973 1.31392443925142 1.43658545613289 2.06909528374672 2.51777189970016 2.04178187251091 1.15879176184535 1.18113492056727 3.11281138658524 2.96982139348984 1.44883123040199 2.04750779271126 2.13551765680313 1.52236081659794 0.889516607858241 0.810318063944578 1.58611956238747 1.92758765816689 1.89088919758797 1.58119072020054 1.06649211980402 0.720793671905994 0.339595245197415 0.695896718651056
-0.528848722577095 0.975408721715212 1.12216610461473 1.2055900990963 0.655197095125914 -0.751012921333313 -1.93522310256958 -1.2957664206624 0.774023484438658 -1.8508533090353 -3.17489671707153 -3.8876069188118 -3.29098361730576 -2.48469349741936 -1.94523701071739 -0.927780330181122 -0.654301382601261 -0.656133532524109 -0.251798868179321 -0.34146417118609 -0.204129588790238 0.664205133914948 1.12970638275146 1.75287441909313 1.71337567269802 2.0628769993782 2.16187831759453 1.06687974557281 0.772670671343803 0.889084500260651 0.876498386263847 1.16457905620337 1.94765964150429 2.54774010181427 3.44198739528656 3.26890134811401 1.64331518113613 2.0398958325386 3.04197639226913 2.12955689430237 1.59961780905724 0.473492195131257 0.424533338285983 1.44257441908121 2.1822821199894 2.24315658211708 1.47686430811882 1.15740539133549 1.20361318439245 1.11948760226369
-0.256701990030706 -0.330952724441886 -0.471536915749311 -2.93595442175865 -4.1582892537117 -4.73520803451538 -3.62362682819366 -0.88671226426959 -1.04496440198272 -2.3943832218647 -4.05163532495499 -3.91688740253448 -3.40413951873779 -1.64839164912701 -1.58797711133957 -1.62806263566017 -1.87276010215282 -2.27290299534798 -1.53704580664635 -0.585355453193188 0.291335068643093 1.08669209107757 1.24704926460981 0.0607397556304932 -0.214403133839369 0.128620661795139 1.81864441931248 1.74150145053864 1.01908903755248 -0.230259609408677 0.0472249090671539 -0.230290432460606 -0.428805824369192 0.33684547431767 1.47033001482487 2.50081464648247 3.06696599721909 3.21228408813477 3.28343510627747 3.79458636045456 2.13905242085457 1.54983307421207 1.2296137586236 1.09172770008445 2.13500845432281 2.44845569133759 1.60590307414532 1.56135040521622 1.63763105869293 1.80507846176624
-3.60388851165771 -2.15381422638893 -0.698906600475311 -2.6948322057724 -4.15527546405792 -4.10090297460556 -2.64603048563004 -0.949658051133156 -3.62595218420029 -3.19857972860336 -3.00937405228615 -2.66266816854477 -2.05512890219688 -1.99025648832321 -2.61421728134155 -2.82517817616463 -3.18455201387405 -2.44617247581482 -1.49162635207176 -0.246579894097522 1.03346621617675 0.54884584993124 0.191892117261887 -0.349561639130116 -0.0420154556632042 -0.0758024789392948 0.995577080175281 1.7334566116333 1.3421741053462 0.95722936000675 0.675618078559637 0.735173441469669 0.476395400939509 0.352617414668202 0.622172746807337 0.905561327468604 1.10528333857656 1.6335052549839 3.38272726535797 4.26811587810516 3.48998707532883 2.82700738310814 1.95536088943481 2.03504791855812 1.95473471283913 2.4724215567112 2.73460850119591 2.10579550266266 1.85214902460575 2.34800255298615
-3.79790842533112 -3.09384232759476 -1.90977619588375 -2.13421010971069 -2.9325952231884 -2.70526474714279 -2.16410106420517 -2.75310382246971 -3.99210661649704 -4.59127628803253 -4.06827926635742 -3.84444880485535 -2.89961838722229 -1.46812124550343 -1.02495745196939 -0.952960304915905 -0.833177499473095 -0.361108703538775 -0.0298733785748482 0.725362062454224 1.10909740626812 0.569166148081422 -0.0429317429661751 -0.0980297029018402 -0.159794287756085 0.474941073684022 0.939343154430389 1.64391189813614 1.59442584216595 1.21871863305569 0.63067802041769 1.08113731816411 1.59359663724899 1.8570558577776 2.51184868812561 2.50797468423843 2.28760072588921 2.32906010746956 2.88335263729095 2.90547865629196 3.3542548418045 3.45884817838669 3.72960793972015 4.20586782693863 3.96279436349869 3.20788741111755 3.64098060131073 3.75690716505051 2.9873338341713 3.22526013851166
-2.47876170277596 -1.96437036991119 -1.88297919929028 -2.19092130661011 -2.55908134579659 -2.51829305291176 -2.89250472187996 -3.2528829574585 -3.58459460735321 -2.92280620336533 -2.23685118556023 -3.41222941875458 -2.49344092607498 -0.907986022531986 -2.5995309650898 -1.63057589530945 -1.18046934716403 -0.442544925957918 0.505379516631365 0.582304134964943 -0.832604646682739 -0.94651348143816 -0.565088912844658 -0.25316446647048 0.463760188431479 1.02435136958957 1.25344254821539 1.52653375267982 1.73001104593277 1.06920784711838 0.851237829774618 1.61626781523228 1.88229787349701 1.50949460268021 1.44385792315006 1.55888791382313 1.54225148260593 1.5781147480011 1.73947806656361 1.84000810980797 1.74335616827011 1.44318902492523 1.5995217859745 1.94185450673103 3.15335392951965 3.17952013015747 2.68585276603699 3.04368561506271 3.77168482542038 4.38335090875626
-1.18661496601999 -1.51656519621611 -1.94451549649239 -2.24396571516991 -2.43656775355339 -2.89248815178871 -2.18440842628479 -1.40399537235498 -1.94758248329163 -1.90300273895264 -0.770423099398613 -0.339510131627321 -0.45526372268796 -1.07435076450929 -0.962271150201559 0.00414186343550682 0.498071847949177 0.526852138340473 -0.0145341120660305 -0.892087120562792 -0.747640147805214 -0.330359796062112 -0.059746153652668 -0.0392991080880165 0.527981367893517 0.832594911567867 0.797041861340404 0.867655618581921 1.28009613603354 1.63219702243805 1.89913097023964 1.90289837121964 1.56466583907604 0.983933180570602 0.0255339369177818 -0.0251986011862755 0.351902155205607 0.869002735242248 1.43710349500179 1.32303760200739 1.35945750027895 1.36769648641348 1.4342688024044 1.33034118264914 1.57674676179886 1.73398591578007 1.64572490751743 1.76396384835243 2.168202906847 3.88377517461777
-1.704634770751 -2.95792669057846 -2.57805177569389 -2.38617694377899 -2.37422072887421 -2.43951645493507 -2.02864551544189 -1.47944116592407 -0.861070301383734 -0.895365986973047 -1.68749503791332 -2.69762405753136 -3.55508661270142 -3.34521549940109 -2.55851128697395 -1.26647363230586 -0.146886739879847 -0.264584004878998 -0.499114565551281 -1.21897832863033 -0.879508916288614 -0.235372693598038 -0.0700699090957642 0.0752329081296921 0.261535760015249 -0.190328125841916 0.448307960294187 0.581944156438112 0.819514540955424 1.06251940503716 0.887190797249787 0.635362155735493 1.32836697250605 1.60070522129536 0.970543175935745 0.326214633882046 0.542719511315227 0.734224170446396 1.1657289750874 1.78090041875839 1.29872538149357 1.17503733560443 1.2091826274991 1.06549455225468 1.23213990777731 1.32345175743103 1.41409700363874 1.7135755866766 2.1585541665554 3.37169945240021
-1.77915477752686 -1.35062142834067 -2.13175469636917 -1.80955488979816 -1.26504037901759 -1.33954479545355 -1.12354925903492 -1.61805376410484 -2.67039144039154 -2.80172917246819 -2.95640027523041 -2.80923810601234 -3.14474254846573 -3.31441366672516 -3.13008463382721 -2.48392257094383 -1.25401206314564 -1.12218677485362 -0.813861533999443 -0.534536316990852 -1.09554425766692 -1.55255234241486 -0.436893727630377 -0.444568533450365 -0.230576501577161 0.153082028031349 0.521740638650954 0.594399327412248 0.624266341328621 0.802341796457767 0.689917325973511 0.251159403473139 0.351734936237335 0.36731038056314 0.586385846138 1.42046132683754 1.08470353111625 1.01577898859978 1.3810210749507 2.09392991662025 1.79999345541 1.43587821722031 1.40809641778469 1.43498128652573 1.24203277379274 1.03008432127535 0.721969094127417 0.876687279902399 1.3409054428339 2.02962350845337
-2.156174659729 -1.64398288726807 -0.665291145443916 -0.341932624578476 -0.43469325825572 -1.12973988056183 -0.812619686126709 -0.513166204094887 -0.859879307448864 -0.741425774991512 -0.78597229719162 -0.749018728733063 -0.617398627102375 -0.78677836060524 -0.816158324480057 -0.656871400773525 -0.792637452483177 -0.434789631515741 -0.570275232195854 -0.772094175219536 -0.641746431589127 -0.489065371453762 0.178782425820827 0.389463374391198 0.429644536226988 0.481492307037115 0.532173363491893 0.46168779861182 0.545684766024351 0.692497696727514 0.583143772557378 0.232956595718861 0.238936170935631 0.496582254767418 0.544395079836249 0.509041377343237 0.675020851194859 1.28550036996603 1.62997986376286 2.26695936918259 2.0984280705452 1.80671906471252 1.79551017284393 1.82730124890804 1.7387590110302 1.75005017220974 1.53584110736847 1.62213239073753 1.87709011137486 2.21471446752548
-1.35002800449729 -0.495177745819092 0.125505894422531 0.328022830188274 -0.123346377164125 -1.22043493948877 -1.12085673958063 -0.818778596818447 -0.784700572490692 -0.859122350811958 -0.516544334590435 -0.294299362227321 0.179778732359409 0.208690114319324 0.226768277585506 0.234679788351059 0.189237184822559 0.439274136908352 0.545644381083548 0.62234790995717 0.51838481798768 0.3970882948488 0.108291864395142 -0.0103378519415855 -0.176467672921717 -0.146097358316183 -0.267393834888935 -0.00169027969241142 -0.152563406154513 0.161320097744465 -0.415629684925079 -0.359746173024178 -0.0288626030087471 0.376354256644845 0.598404448479414 0.792454725131392 0.610338252037764 0.740055155009031 1.05610523372889 1.38198879361153 1.99236252903938 2.2523932158947 2.41775727272034 2.56395465135574 2.18165200948715 2.53818255662918 1.98087996244431 2.18174397945404 2.43627473711967 2.98597204685211
-0.453547891229391 -0.353372503072023 0.0288029424846172 0.0989782735705376 -0.709832578897476 -0.524629853665829 -0.511593781411648 -0.775724321603775 -1.18602164648473 -1.34081897884607 -1.06778282951564 -0.757580116391182 -0.89921060949564 -0.941341288387775 0.326861433684826 0.512397611979395 0.823111966252327 0.94583785533905 0.81423073913902 0.769623374566436 0.700349383056164 0.483575305668637 0.377468092367053 0.370360799133778 0.246586829423904 0.109812811017036 -0.0767944902181625 0.299098182469606 0.410021660849452 0.399142576381564 0.339096810668707 0.294384457170963 0.433505375869572 0.380292860791087 0.548747081309557 0.906534671084955 0.866655566729605 0.890776525717229 1.16139735281467 1.14568498730659 1.10813044011593 1.34090087562799 1.42067103087902 1.59060795605183 2.20271155238152 2.77864852547646 2.9525853395462 2.59018898010254 3.0279592871666 4.07522946596146
-0.947407457977533 -0.657800279557705 -0.248859812505543 0.380247324705124 -0.00552906841039658 0.163810685276985 -0.110349511727691 -0.708676405251026 -1.07133664842695 -1.12766353785992 -1.47499035298824 -1.59748394042253 -1.21531074307859 -1.29930423945189 -0.66063117235899 0.431541875936091 0.866129408124834 1.51229786872864 2.00763288140297 1.86363464593887 1.65780301392078 1.28813791275024 1.2429730668664 0.960141466930509 0.554143312387168 0.70847836509347 0.772480061277747 0.750648459419608 0.81340407114476 0.770080214366317 0.668756239116192 0.779932459816337 0.877275237202412 0.777451341971755 0.945460767485201 1.22163695842028 1.23114643245935 1.26382248103619 1.37283197045326 1.60567469894886 1.60852432250977 1.62088023126125 1.5650696605444 1.53642573952675 1.5031151920557 1.69597139954567 2.25449407100677 3.34668356180191 3.2017063498497 3.61289566755295
0.14539335668087 -0.0839610919356346 0.209517866373062 0.540496695786715 0.380564153194427 0.664553444832563 1.85470944643021 1.50153203308582 -0.112145431339741 -0.242489390075207 0.307833191007376 -1.53384414315224 -1.09102147817612 0.857134396210313 1.57895711064339 1.37094631791115 0.92828973941505 0.824320369632915 1.47985108196735 2.03988170623779 2.30641239881516 2.29077640175819 1.84764036536217 1.83800436556339 1.5217017531395 1.23839897662401 1.13142969459295 1.0184603407979 0.905083595775068 1.04929957538843 0.999848630279303 0.998731289058924 1.10361368581653 1.04166286066175 0.726712007075548 0.816927997395396 0.894643832347356 1.1570263504982 1.1930754929781 1.18445814400911 1.19971009343863 1.50599834322929 1.74895307421684 1.80457469820976 1.82486295700073 1.65815111994743 1.65293933451176 2.12406080961227 3.26534914970398 3.97897064685822
-0.569472476840019 -0.748621888458729 -0.833604648709297 -0.660753972828388 -0.720176003873348 -0.685870468616486 -0.00406503304839134 0.172573752701283 0.818379220319912 1.98118460178375 3.29199016094208 2.92712891101837 2.89660108089447 2.61573991179466 2.49571198225021 2.63235080242157 2.95845007896423 2.94217622280121 2.63806903362274 2.62679532170296 2.53968837857246 2.48858135938644 2.62180757522583 2.77470049262047 2.19976004958153 1.20998646318913 1.06087927892804 0.904938952066004 0.808096583001316 0.742018820717931 0.685607749968767 0.963696723803878 1.30245227366686 1.26570792496204 0.960463324561715 0.914552466012537 0.52314128074795 0.667396929115057 0.625485919415951 0.989241525530815 1.24772940576077 1.58911640942097 1.54233661293983 1.37072370946407 2.02377736568451 1.98283088207245 1.53355121612549 1.56943809986115 2.14849185943604 3.43137890100479
-1.12467160946107 -1.74328264594078 -1.53589371591806 -1.70500464737415 -1.72641606628895 -1.76312771439552 -1.14000613102689 0.0109488777816296 0.132736995816231 0.257025487720966 0.652980353683233 1.83093532919884 1.58005708456039 1.07667860388756 1.12680025398731 0.924755109474063 1.04027700051665 1.39553214609623 1.97495403885841 2.4453758597374 3.28879779577255 2.73871961236 2.0218081176281 2.8878967165947 2.76598525047302 1.50840708613396 0.918495642021298 0.553417523391545 0.843109507739427 0.961904738098383 0.932533333078027 0.828328904695809 0.923457434400916 1.30625277757645 1.25571478158236 1.14067679643631 1.05263883247972 0.964767353609204 0.903062806464732 0.852524873800576 0.794582027941942 0.527901100926101 0.938053430058062 1.74420587718487 1.92152500152588 2.11651062965393 1.72966301441193 1.51564884185791 1.83796784281731 2.01412025094032
