data/spatiotemp/temp3/bio14_norsw_test_2011_2014.asc
NCOLS 654 
NROWS 380 
XLLCORNER 3.91666666666667 
YLLCORNER 55.3333333333333 
CELLSIZE 0.0416666666666667 
NODATA_value -9999 
[rows 220 to 241 of 380, columns 550 to 599 of 654]
21.5284557342529 21.1689286231995 21.4206664562225 20.8189857006073 21.2010765075684 21.4525961875916 21.5282800197601 21.4738836288452 20.8706841468811 20.8810226917267 20.8947622776031 21.1523587703705 21.0701940059662 21.0652685165405 20.9547657966614 21.2958269119263 21.2908890247345 21.2859525680542 21.2810163497925 21.5803797245026 21.5750296115875 21.5696821212769 21.3184051513672 20.999785900116 21.5255136489868 21.3087518215179 21.3020532131195 20.916188955307 21.288658618927 21.2819623947144 21.0352802276611 21.0286235809326 21.0219647884369 21.2551727294922 21.010124206543 20.6275079250336 20.6232979297638 20.619086265564 20.3588194847107 20.2903566360474 20.2218952178955 20.1534330844879 20.1945214271545 20.1259329319 20.0573441982269 20.498797416687 20.0542805194855 19.7756271362305 19.7291448116302 20.0220539569855
21.4164361953735 21.185916185379 21.1965034008026 21.2070910930634 21.2176797389984 21.2282660007477 21.2388546466827 21.2494421005249 20.886164188385 20.6560187339783 21.0622463226318 21.2994027137756 21.2962470054626 21.1881730556488 21.1847887039185 21.5271294116974 21.2836244106293 21.0401036739349 21.036940574646 21.0337777137756 21.3441600799561 21.3634340763092 21.3673286437988 21.1312396526337 20.8722710609436 21.0936880111694 21.321385383606 21.069953918457 21.0585513114929 20.9076745510101 20.6567451953888 21.2639575004578 21.0129384994507 20.9981758594513 21.2329866886139 21.2284739017487 20.9860901832581 20.9821929931641 20.7298669815063 20.3575043678284 20.5891332626343 20.5847356319427 20.0609579086304 19.9929625988007 19.9249665737152 19.8569719791412 19.8002154827118 20.0943460464478 20.0482165813446 19.6636674404144
21.8048305511475 20.9619495868683 20.9048058986664 20.9830598831177 21.2342813014984 21.1054594516754 20.6410360336304 20.8915784358978 20.9016466140747 20.911712884903 21.0444524288177 21.2832314968109 21.281857252121 21.2804815769196 21.2791085243225 21.2777338027954 21.2763600349426 21.2749848365784 21.3386573791504 21.3369038105011 21.575585603714 21.163140296936 21.1515960693359 21.1301152706146 21.6134281158447 21.356990814209 21.3407170772552 21.3244426250458 21.308168888092 20.9122433662415 20.6569082736969 21.0149993896484 20.7536206245422 20.7487261295319 20.6866524219513 20.9735612869263 20.9694771766663 21.2021954059601 21.1760401725769 20.8702001571655 20.571813583374 20.5672285556793 20.3190972805023 19.9694154262543 19.9018852710724 19.834358215332 20.1175222396851 20.0723893642426 19.7973976135254 19.7529318332672
20.9685704708099 20.9175288677216 20.9021139144897 20.8867008686066 20.8712854385376 20.8558728694916 20.8404574394226 20.8250434398651 20.8096294403076 20.794214963913 21.0266578197479 21.2670607566833 21.2674663066864 21.2678744792938 21.2682800292969 21.0284514427185 21.0288100242615 21.2695009708405 21.2699091434479 21.5757749080658 21.5758624076843 21.5759499073029 21.8040463924408 21.4232368469238 21.6423056125641 21.6210744380951 21.5968916416168 21.5716509819031 21.6540648937225 21.2818732261658 21.0176739692688 21.0157778263092 21.2336730957031 20.9739882946014 20.9614059925079 20.9571344852448 20.9528639316559 20.9485921859741 20.9132080078125 20.4492144584656 20.3815264701843 20.5497212409973 20.1207947731018 19.9458677768707 19.8788061141968 19.6878604888916 19.8638617992401 20.0504333972931 19.669261932373 19.6256823539734
20.9344685077667 20.9169461727142 20.8994228839874 20.8819003105164 20.8643777370453 21.037348985672 21.0476706027985 21.0519080162048 21.0342667102814 21.3184945583344 21.0088639259338 21.2508878707886 21.149703502655 21.151650428772 20.9134855270386 21.1555454730988 21.1574926376343 21.3301215171814 20.9210004806519 21.0279386043549 21.5761399269104 21.5780401229858 21.8057253360748 21.4316167831421 21.4038107395172 21.6158947944641 21.6945905685425 21.4273376464844 21.6989374160767 21.6704480648041 21.2759764194489 21.2501249313354 21.3465647697449 21.318286895752 21.2697322368622 20.9407079219818 20.9362494945526 20.931791305542 20.5984117984772 20.5310497283936 20.4636876583099 20.16295170784 20.0962195396423 19.7973761558533 19.9627544879913 19.7891311645508 19.8413977622986 19.7988789081573 19.5273871421814 19.4854936599731
20.935994386673 20.6397342681885 20.4089119434357 20.6366183757782 20.8574686050415 20.6788909435272 21.0582964420319 21.0385339260101 21.3243787288666 21.3080019950867 21.2996160984039 21.3032388687134 21.3068625926971 21.2426555156708 21.2466261386871 21.1469256877899 21.1506500244141 21.2585339546204 21.1580991744995 21.1618247032166 21.165548324585 21.1692726612091 21.1563377380371 21.4309153556824 21.4003772735596 21.4758756160736 21.4455580711365 21.9549548625946 21.9234414100647 21.6531236171722 21.6218636035919 21.3523044586182 21.3212978839874 20.9464430809021 20.9289269447327 21.1722598075867 20.8678328990936 21.0355582237244 20.6788189411163 20.5575273036957 20.4899506568909 20.6552724838257 20.3547992706299 20.0053753852844 20.2196457386017 20.1520702838898 19.8189325332642 19.4418516159058 19.1722772121429 19.2384407520294
20.7075488567352 20.9287261962891 20.6840400695801 20.6941850185394 20.8685057163239 21.0890352725983 21.5817112922668 21.0486288070679 21.3380119800568 21.5572595596313 21.5491032600403 21.5537574291229 21.5584132671356 21.2553033828735 21.1568975448608 21.1615629196167 21.1662285327911 21.170893907547 21.2798171043396 21.4865021705627 21.1848895549774 21.1895558834076 21.4804441928864 21.14200258255 21.4120383262634 21.483585357666 21.6895215511322 21.716014623642 21.3980798721313 21.3642499446869 21.6111357212067 21.3378443717957 21.3032081127167 21.2685718536377 21.2174005508423 20.9131255149841 20.8460581302643 20.7789881229401 20.3705370426178 20.3042454719543 20.2379539012909 20.4044167995453 20.1053714752197 20.2705614566803 19.9727880954742 19.5212368965149 19.5729892253876 19.3011300563812 19.5356318950653 18.9889290332794
20.5569899082184 20.7257170677185 20.9351847171783 20.98939204216 20.7586493492126 20.878636598587 20.757616519928 21.0328390598297 21.2848420143127 21.594051361084 21.827605009079 21.5912930965424 21.5960206985474 21.1874873638153 21.0565643310547 21.1994581222534 21.5109906196594 21.5155012607574 21.520010471344 21.6291177272797 21.6338460445404 21.3959157466888 21.3790850639343 21.5829422473907 21.3026003837585 21.5056147575378 21.5272917747498 21.4881258010864 21.2696263790131 21.1702218055725 21.370626449585 21.3314607143402 21.2922949790955 21.015243768692 20.9627408981323 20.8964793682098 20.8302175998688 20.7639563083649 20.3567473888397 20.5254635810852 20.4593470096588 20.16029047966 20.0948040485382 20.3663873672485 19.9638328552246 19.388197183609 19.2277386188507 18.9515292644501 19.2385873794556 19.1914618015289
20.5812039375305 20.5640723705292 20.7893481254578 20.8011603355408 20.5704972743988 20.8065204620361 20.7887876033783 20.848405122757 21.1022822856903 21.1139907836914 21.6240267753601 21.6288285255432 21.6336305141449 21.6384301185608 21.6432323455811 21.0983588695526 20.999153137207 21.3100805282593 21.3564763069153 21.6672372817993 21.6720387935638 21.3716967105865 21.3530275821686 21.6142699718475 21.736350774765 21.6927354335785 21.5435576438904 21.258659362793 21.4561648368835 21.8165171146393 21.7720000743866 21.7274825572968 21.4443624019623 20.9996011257172 20.9452855587006 20.8798327445984 20.8143789768219 20.513293504715 20.4484672546387 20.2782776355743 20.2135980129242 20.2539865970612 20.0842366218567 20.019556760788 19.9548761844635 19.3796412944794 19.0923914909363 19.0413148403168 18.9902384281158 19.1663761138916
20.6054198741913 20.5894873142242 20.5735540390015 20.8546471595764 20.8529906272888 20.8364744186401 20.8199591636658 21.0465219020844 21.1608629226685 21.1734192371368 21.6614890098572 21.4926841259003 21.260312795639 21.265291929245 21.2702705860138 21.2752480506897 21.384486913681 21.695609331131 21.700484752655 21.3999650478363 21.4051232337952 21.4102818965912 21.3893194198608 21.6455991268158 21.3537938594818 21.713397026062 21.6651973724365 21.616997718811 21.8677599430084 21.9241352081299 21.8750824928284 21.7205228805542 21.6714434623718 21.6223640441895 21.3268442153931 21.2608332633972 20.9037408828735 20.4980955123901 20.4340724945068 20.1354949474335 20.0720937252045 20.2420015335083 20.177978515625 20.1139543056488 20.0499315261841 19.6019060611725 19.645555973053 19.3589284420013 19.1980834007263 19.2456963062286
20.3851189613342 20.6149010658264 20.6001677513123 21.1413147449493 21.1259417533875 21.1105687618256 21.0951955318451 21.0798211097717 21.0644481182098 21.0490746498108 21.0438077449799 21.5611155033112 21.2978951931 21.3029778003693 21.30806016922 21.3131422996521 21.3182246685028 21.427889585495 21.1872713565826 21.1922731399536 21.3385562896729 21.343638420105 21.7295401096344 21.6769273281097 21.6243135929108 21.8730533123016 21.6812756061554 21.6284909248352 21.874486207962 21.9259474277496 21.8722789287567 21.8186104297638 21.4207217693329 21.1293118000031 21.070924282074 21.2435598373413 21.1783790588379 20.8772315979004 20.5239763259888 20.4606041908264 20.0591249465942 19.9965226650238 19.9339191913605 19.8713166713715 19.9121043682098 19.7461109161377 19.6835503578186 19.6210312843323 19.5585124492645 19.4959950447083
20.4085168838501 20.6403169631958 20.6267819404602 20.6132478713989 20.9104628562927 20.896383523941 20.8823022842407 20.868221282959 20.8541402816772 21.0848360061646 21.0802202224731 21.3302907943726 21.3354778289795 21.4448146820068 21.4501445293427 21.1047825813293 21.3562254905701 21.3614115715027 21.366598367691 21.1244328022003 21.4821240901947 21.5437366962433 21.5178847312927 21.4614357948303 21.4049859046936 21.3485367298126 21.6973519325256 22.0443315505981 21.9860465526581 21.8230090141296 21.8694748878479 21.5708799362183 21.2739112377167 21.1128280162811 21.2906396389008 21.2262868881226 21.1619329452515 21.0975801944733 20.7977087497711 20.7339670658112 20.4359350204468 20.6064870357513 20.5427470207214 20.1961226463318 20.1335525512695 19.8397541046143 19.7751870155334 19.7080130577087 19.7655909061432 19.6969649791718
20.6780650615692 20.9118316173553 20.6533954143524 20.8870656490326 21.1851561069489 21.1722431182861 21.159332036972 21.146420955658 21.133508682251 21.1205968856812 21.1166338920593 21.121618270874 21.1266040802002 21.4827165603638 21.4881329536438 21.1415572166443 21.3942241668701 21.3995153903961 21.1565120220184 21.161497592926 21.4153888225555 21.4206809997559 21.8014957904816 21.7395839691162 21.6776707172394 21.6157584190369 21.7134292125702 22.0553774833679 22.0970125198364 21.9295740127563 21.866672039032 21.5630638599396 21.5010731220245 21.2002015113831 21.1381242275238 21.0750529766083 21.0119812488556 20.9489085674286 20.6501471996307 20.8227636814117 20.6569159030914 20.5940003395081 20.4002909660339 20.3378279209137 19.9934697151184 19.9321532249451 20.0960540771484 19.920637845993 19.8472602367401 19.7738828659058
20.0402083396912 20.1324849128723 20.4331138134003 20.668874502182 20.9679365158081 21.2030823230743 21.1914005279541 21.1797199249268 20.9213519096375 20.9097063541412 20.9062433242798 21.1581027507782 21.4106419086456 21.4160370826721 21.5261206626892 21.1783328056335 21.2882874011993 21.542622089386 21.5481226444244 21.303774356842 21.5591237545013 21.5646245479584 21.5344893932343 21.5217320919037 21.7043495178223 21.6912324428558 21.7295072078705 22.0217866897583 21.7284998893738 21.6803538799286 21.8638687133789 21.5552487373352 21.4887402057648 21.1831486225128 21.22238945961 21.15998005867 21.0975716114044 21.0351629257202 20.870272397995 20.8080213069916 20.7457706928253 20.6835205554962 20.62126994133 20.5590198040009 20.496768951416 20.666154384613 20.5943124294281 19.9041883945465 19.8258407115936 19.747492313385
20.0637385845184 20.468798160553 20.706622838974 20.6966881752014 20.6867518424988 20.9862442016602 20.9758160114288 21.213020324707 20.9549584388733 21.192120552063 21.1894590854645 21.1945898532867 21.3044312000275 21.5585219860077 21.3148624897003 21.2151083946228 21.4702241420746 21.5808660984039 21.4812223911285 21.3409416675568 21.3461573123932 21.6032099723816 21.570782661438 21.8022396564484 21.8359475135803 21.7644906044006 21.745584487915 21.6744654178619 21.7506239414215 21.6894865036011 21.6184594631195 21.6506431102753 21.641309261322 21.5630118846893 21.496199131012 21.4335091114044 21.0797624588013 21.018173456192 20.9565839767456 20.8949949741364 20.8334050178528 20.7718155384064 20.6089918613434 20.5475625991821 20.4861342906952 20.4247047901154 20.0718722343445 19.8877391815186 19.8044204711914 19.7211027145386
20.5021121501923 20.7419736385345 20.7332370281219 20.7245013713837 21.0254092216492 21.0161988735199 20.7584362030029 20.9977748394012 21.0931088924408 20.9793524742126 21.2258727550507 21.2310745716095 21.3412232398987 21.5964238643646 21.6020946502686 21.2518830299377 21.5082228183746 21.2622876167297 21.2674887180328 21.2214071750641 21.530638217926 21.6417963504791 21.9094307422638 21.9387068748474 21.8625452518463 22.1910362243652 21.8659052848816 22.3241748809814 22.0117642879486 21.6907081604004 21.7182123661041 21.9379856586456 21.6207058429718 21.8869535923004 21.715282201767 21.1227242946625 21.0619542598724 21.0011835098267 20.9404137134552 21.1152539253235 21.0538899898529 20.9925253391266 20.5967149734497 20.5361070632935 20.4754998683929 20.4148926734924 20.3398947715759 19.971795797348 19.8838105201721 19.5700204372406
20.3796119689941 20.9323856830597 20.9245493412018 20.9167115688324 20.9088754653931 20.9010376930237 21.1426501274109 21.134818315506 21.0221703052521 21.1191549301147 21.2622847557068 21.517678976059 21.3780159950256 21.2781088352203 21.2833836078644 21.2886579036713 21.2939319610596 21.2992067337036 21.3044817447662 21.6688678264618 21.674623966217 21.680380821228 21.691385269165 21.8648960590363 21.8891441822052 22.2125477790833 22.130603313446 22.0995609760284 22.0181937217712 22.0918791294098 22.0107362270355 21.9295928478241 21.7465109825134 21.7673070430756 21.5328960418701 21.7355034351349 21.6737439632416 21.6119828224182 21.2131817340851 21.1000800132751 21.0395390987396 20.7443926334381 20.6844415664673 20.3910648822784 20.5645403862 20.5045897960663 20.327986240387 20.2335860729218 19.9117679595947 19.7688853740692
21.0672240257263 21.0607674121857 21.054309129715 21.2981417179108 20.9369864463806 21.1806852817535 21.1740787029266 21.4752471446991 21.8236737251282 21.71155834198 21.4598948955536 21.4644231796265 21.1632301807404 21.1681418418884 21.1730511188507 21.4309384822845 21.4363148212433 21.441691160202 21.3414747714996 21.2986211776733 21.0495138168335 21.3575134277344 21.424357175827 21.5952022075653 21.6632447242737 21.8786890506744 21.7938177585602 21.8623151779175 21.7777328491211 21.6931505203247 21.7835466861725 21.9212005138397 22.1782143115997 22.0907118320465 21.7773220539093 21.954708814621 21.6554915904999 21.5945761203766 21.2971129417419 21.2367832660675 21.1764528751373 21.3509130477905 20.9057548046112 20.6124181747437 20.5532870292664 20.4941546916962 20.4150567054749 20.3159883022308 20.4442517757416 20.2432405948639
21.4606230258942 21.4556210041046 21.4506206512451 21.5921378135681 21.5869965553284 21.5818524360657 21.5767090320587 21.2163374423981 21.2109673023224 21.4562726020813 21.7073843479156 21.7135457992554 21.467787027359 21.4734587669373 21.174343585968 21.433794260025 21.4403421878815 21.4468891620636 21.7083036899567 21.4599850177765 21.1640627384186 21.216744184494 21.1782624721527 21.7554812431335 21.6699092388153 21.584335565567 21.6511251926422 21.5658764839172 21.7780711650848 21.6921379566193 22.0042226314545 21.9171757698059 21.8301286697388 21.9831273555756 21.9625508785248 21.709418296814 21.6490330696106 21.8258826732635 21.528261423111 21.4678769111633 21.4074902534485 20.9617671966553 20.9025528430939 21.2263355255127 20.9328951835632 20.5908935070038 20.4122450351715 20.818995475769 21.0400938987732 20.3320851325989
21.3949055671692 21.3921129703522 21.6390752792358 21.6363573074341 21.6336395740509 21.6309223175049 21.5245950222015 21.521671295166 21.5187463760376 21.5158212184906 21.6645686626434 21.6730263233185 21.7860264778137 21.7945668697357 21.8031079769135 22.0647594928741 21.8201904296875 21.4202270507812 21.6836998462677 21.43790102005 21.3999817371368 21.5608661174774 21.5237703323364 21.9957959651947 21.9106042385101 22.2287878990173 21.8924510478973 22.1057729721069 22.1228408813477 22.0368900299072 22.0027220249176 21.9175190925598 21.8323180675507 21.7471148967743 21.7747094631195 21.7145395278931 21.6543695926666 21.3569231033325 21.8236126899719 21.7624905109406 22.0358560085297 21.3535189628601 21.2933492660522 21.2331790924072 21.0746536254883 20.7317464351654 20.6501162052155 20.5458905696869 20.2146303653717 20.112372636795
21.6392786502838 21.6382913589478 21.6373038291931 21.6363170146942 21.8846726417542 21.8837919235229 21.6333541870117 21.5747680664062 21.5742909908295 21.4703631401062 22.1350789070129 22.1457109451294 21.7471401691437 21.7580192089081 22.0211975574493 22.0326051712036 22.0440101623535 22.0554151535034 21.7637302875519 21.7755074501038 21.7872853279114 22.1010391712189 22.1699225902557 22.0861387252808 22.555312871933 22.573127746582 22.5357785224915 22.450293302536 22.7647967338562 22.4324049949646 22.3472483158112 21.7759420871735 21.5928173065186 21.2705450057983 21.4403076171875 21.6198279857635 21.9514908790588 21.8906302452087 21.9290225505829 21.4798421859741 21.3210208415985 21.1252355575562 21.2999773025513 21.1417362689972 20.7974390983582 20.7385845184326 20.6568195819855 20.5521438121796 20.2206034660339 20.1178832054138
21.6737236976624 21.6752095222473 21.7775976657867 21.9268231391907 21.9284474849701 22.1789939403534 21.8297815322876 21.8311519622803 22.0818650722504 22.0833752155304 22.0906405448914 22.1036605834961 22.1166808605194 22.129700422287 22.1427202224731 22.4082827568054 22.1181004047394 22.0279731750488 22.2959094047546 22.1598892211914 22.4290819168091 22.4435551166534 22.7105581760406 22.6266183853149 22.3938024044037 22.6103658676147 22.2768015861511 21.9459574222565 22.5121660232544 22.4288885593414 22.2024765014648 22.1201560497284 21.9372644424438 21.855348110199 21.7845196723938 21.7247815132141 21.6650419235229 21.7045567035675 21.8359265327454 21.7218148708344 21.6613919734955 21.2679038047791 21.3066062927246 20.9608097076416 20.8040976524353 20.7454223632812 20.6635210514069 20.7870311737061 21.0581614971161 20.3481454849243
