data/spatiotemp/temp3/bio15_norsw_test_2011_2014.asc
NCOLS 654 
NROWS 380 
XLLCORNER 3.91666666666667 
YLLCORNER 55.3333333333333 
CELLSIZE 0.0416666666666667 
NODATA_value -9999 
[rows 66 to 87 of 380, columns 350 to 399 of 654]
32.9498805999756 33.0390543937683 33.6852235794067 35.2698197364807 36.6334095001221 40.3537831306458 41.8743214607239 43.210018157959 43.3509569168091 43.6847124099731 43.6979322433472 42.9600658416748 41.8846716880798 40.8640604019165 40.6297159194946 40.9146103858948 39.1455121040344 36.9757151603699 37.2452964782715 38.3631854057312 37.9725785255432 37.6471905708313 38.1295027732849 39.0564045906067 39.9266629219055 39.4433236122131 41.3943891525269 41.9371538162231 44.3561592102051 46.8520336151123 48.1185331344604 48.5755443572998 49.2661447525024 49.5459127426147 48.9047060012817 48.5597591400146 48.5503702163696 48.3018236160278 46.9486503601074 47.3195657730103 46.9845113754272 47.2479476928711 47.1540546417236 47.0816326141357 46.7405090332031 46.6466960906982 46.489917755127 46.1180067062378 45.0770025253296 44.7951536178589
32.8326749801636 33.1921072006226 33.3078007698059 33.4494371414185 33.9298701286316 37.5713305473328 43.7474279403687 45.8273258209229 45.7906179428101 45.45152759552 44.7880964279175 43.9645338058472 44.1249046325684 44.3164443969727 44.4000215530396 44.5436744689941 44.6319580078125 43.492636680603 41.9330358505249 42.2058525085449 42.3636789321899 42.0875177383423 42.1030559539795 42.3260326385498 44.2700271606445 45.3194923400879 45.866063117981 46.7153615951538 46.3629589080811 46.853199005127 47.8766441345215 47.6037673950195 47.4837465286255 47.13623046875 48.9891262054443 49.483814239502 49.962926864624 49.6443700790405 48.9662027359009 48.8760595321655 48.7199783325195 47.9432153701782 47.7293300628662 47.6123056411743 47.8061285018921 47.3281116485596 46.3896102905273 45.6737413406372 45.4894380569458 45.4493207931519
33.6769585609436 33.9209070205688 34.534574508667 36.4606509208679 38.0572299957275 40.2691612243652 40.4945917129517 40.2050132751465 39.9858369827271 39.9201226234436 40.19753074646 39.3215579986572 38.9448490142822 39.0740461349487 40.2593679428101 43.4222421646118 44.8291025161743 45.0790872573853 45.1573076248169 45.2513675689697 45.5402126312256 46.2072257995605 46.4000043869019 46.5431146621704 45.4420194625854 44.3690824508667 44.7162084579468 45.0498886108398 43.9310789108276 45.3366050720215 47.1206884384155 48.616021156311 49.4744396209717 49.5795240402222 50.1905889511108 49.8101873397827 50.4157972335815 49.5610389709473 49.3158397674561 48.8494091033936 48.4053268432617 48.2822675704956 48.2140550613403 47.6791658401489 47.9463109970093 46.5611629486084 45.6335535049438 45.7075529098511 45.9147090911865 46.0543327331543
34.5413036346436 35.8268947601318 34.7231230735779 33.2824463844299 34.4115619659424 35.0555787086487 34.1053547859192 35.0942921638489 35.6162848472595 34.33931016922 34.8716721534729 35.935791015625 34.9598174095154 36.4334659576416 38.063934803009 40.2433710098267 42.0549278259277 42.6977300643921 41.6357421875 42.1739072799683 45.3016672134399 46.327826499939 46.449408531189 46.7186250686646 47.0925226211548 46.9391603469849 46.6322660446167 46.3359842300415 47.1487607955933 46.714056968689 47.6454858779907 49.1090421676636 49.3981943130493 50.2444753646851 50.1748046875 50.1812314987183 50.3502502441406 50.2678632736206 49.8919773101807 50.2410449981689 49.6530961990356 48.3905658721924 47.8737621307373 47.3026361465454 46.0856142044067 46.5091886520386 46.2614488601685 46.5643577575684 46.1475811004639 45.5826845169067
33.8996443748474 33.8460006713867 33.6508021354675 33.0342488288879 34.1571660041809 34.041618347168 33.9856457710266 34.747519493103 35.6736726760864 35.4654498100281 34.7926149368286 36.1119937896729 37.3371472358704 38.3258295059204 39.8433408737183 39.7899146080017 39.5749397277832 38.3557438850403 38.0999245643616 39.4913840293884 41.4514265060425 41.8427820205688 43.2538623809814 44.3649883270264 45.9674119949341 46.7810068130493 46.4183349609375 46.0087203979492 46.8305397033691 46.6689405441284 47.9720344543457 48.1508407592773 47.8118896484375 48.8152837753296 49.1872053146362 49.7357387542725 49.5673732757568 49.364426612854 49.8116569519043 49.075288772583 48.6470813751221 48.4191722869873 45.9189376831055 44.5117855072021 44.0863399505615 46.358832359314 46.2214288711548 46.3376111984253 46.3951578140259 45.9060935974121
33.5899543762207 33.7339296340942 34.4023795127869 34.3298492431641 34.191668510437 34.3147807121277 34.5712323188782 34.3070497512817 34.6194219589233 35.5362949371338 36.5953078269958 39.6940970420837 38.550163269043 35.5144462585449 38.0048475265503 37.9278039932251 36.4705386161804 37.4152412414551 38.9631662368774 39.9870796203613 40.6578178405762 39.7794790267944 39.7481617927551 42.196213722229 44.7286825180054 44.7856826782227 43.9807291030884 44.9014444351196 45.9346923828125 44.9973497390747 47.3964080810547 48.8249177932739 48.7520360946655 48.5319757461548 49.4932718276978 49.2143726348877 49.190468788147 48.377781867981 48.0489635467529 47.7768421173096 47.840802192688 48.5861978530884 46.7540140151978 46.1048364639282 45.2674989700317 45.0662603378296 45.8578262329102 45.9852905273438 46.0236101150513 45.2427701950073
32.4686040878296 33.4596438407898 33.5497908592224 34.1435279846191 35.2228174209595 35.1526155471802 35.5269322395325 36.9822220802307 36.8563508987427 38.0638556480408 37.1300415992737 36.6776428222656 38.8365321159363 40.0258512496948 38.710976600647 39.1121726036072 39.7666292190552 38.4399013519287 36.9455800056458 38.4605765342712 38.7667737007141 40.1228737831116 41.1993637084961 41.2155904769897 42.3552103042603 43.6194381713867 45.236644744873 46.8062000274658 46.5330333709717 46.6082172393799 47.9725294113159 48.5704364776611 48.0438108444214 48.0210733413696 47.8098917007446 48.7092819213867 49.2830276489258 49.3194179534912 49.181715965271 47.8617572784424 46.6326370239258 47.4020690917969 48.8299827575684 48.7313680648804 48.0892658233643 46.2516307830811 45.9080400466919 45.8673076629639 45.6043853759766 45.0756692886353
33.4888134002686 32.4416837692261 33.5539755821228 34.1445212364197 34.5515451431274 35.5161280632019 35.7837529182434 34.8496317863464 34.4921975135803 35.4453663825989 36.53528881073 37.7399182319641 37.6123352050781 37.9860424995422 39.7194137573242 38.7566714286804 39.2104940414429 40.7212753295898 42.0199012756348 43.8897857666016 40.8666963577271 39.032338142395 39.4729518890381 41.1970834732056 41.2326488494873 42.1165256500244 42.775559425354 44.4164476394653 45.6155910491943 46.9769134521484 47.5395908355713 48.3650760650635 47.7395725250244 47.9736890792847 47.9490232467651 46.7887334823608 48.11097240448 48.8156089782715 49.6202754974365 49.4562349319458 48.0479068756104 47.4755058288574 47.7784605026245 47.9825105667114 47.4393177032471 47.3269014358521 46.9846200942993 46.5251140594482 45.8576564788818 45.7069034576416
35.4322209358215 32.9991703033447 33.001811504364 33.7552480697632 33.2637891769409 33.3455023765564 34.6352019309998 35.7366471290588 35.2439041137695 33.7781558036804 35.2391581535339 35.5458183288574 36.2249341011047 36.7306480407715 37.7414216995239 40.9181337356567 40.4862208366394 39.7210898399353 40.3757829666138 42.3220558166504 43.8862133026123 44.4986867904663 43.5397186279297 43.2526359558105 42.9955778121948 43.0779371261597 42.5092220306396 41.9147577285767 44.6701984405518 46.2940454483032 47.772141456604 47.5402803421021 47.7792835235596 47.4541082382202 47.7550086975098 47.8122434616089 46.6261577606201 46.3234987258911 47.9336957931519 48.633038520813 48.9072952270508 47.7470092773438 48.287802696228 48.8477554321289 48.1516876220703 47.4749593734741 47.5575065612793 47.3630266189575 47.2445220947266 45.7529277801514
34.6173877716064 34.9912042617798 35.1211771965027 35.5940022468567 35.3925819396973 34.7224812507629 34.1415486335754 34.4566407203674 34.7335052490234 35.7666692733765 36.4113450050354 36.6565980911255 37.3495111465454 38.6382246017456 39.1340985298157 40.5295262336731 40.3416919708252 39.6872725486755 39.3009285926819 39.8027324676514 39.8022198677063 40.9862756729126 42.5000343322754 43.2964448928833 44.2677221298218 43.9475479125977 44.5269584655762 44.7075681686401 44.8574981689453 45.8271818161011 46.5331544876099 46.997166633606 47.5217361450195 47.0081729888916 47.0224132537842 47.6930742263794 47.0793533325195 46.9223670959473 46.9269485473633 47.3823156356812 47.8350257873535 48.7584924697876 48.7492961883545 48.6415224075317 47.3991918563843 47.5272979736328 47.5801801681519 47.0273637771606 46.9268779754639 46.7356109619141
35.3160533905029 35.0167713165283 34.4090142250061 34.6839265823364 35.3420820236206 36.1953821182251 38.2812542915344 37.4829831123352 35.6772379875183 35.7283997535706 35.5219902992249 35.8606991767883 35.8303384780884 36.373330116272 37.8409433364868 38.8315577507019 41.0556244850159 41.0564880371094 40.7513198852539 41.3678684234619 41.9097080230713 41.9660224914551 41.6711111068726 42.5626907348633 42.8475122451782 42.2071943283081 43.9544668197632 45.2440338134766 45.9856958389282 45.6808586120605 46.543628692627 46.6919040679932 47.2808561325073 47.2520322799683 47.4740629196167 47.3043975830078 48.0501708984375 48.660346031189 47.8714323043823 47.2728481292725 46.830883026123 48.5159282684326 48.183087348938 48.4019603729248 47.2163248062134 47.1772031784058 47.226731300354 45.9034099578857 45.1081085205078 45.6543302536011
34.8272299766541 34.9998769760132 34.5866494178772 35.4930267333984 34.7527508735657 33.9780230522156 34.094172000885 35.5903186798096 38.6021614074707 40.5777630805969 40.7258992195129 39.4152603149414 36.6276397705078 36.1709303855896 37.9184999465942 38.4388675689697 39.155782699585 39.8314461708069 39.6202421188354 39.8726797103882 40.4853744506836 42.0687074661255 42.9406642913818 43.4308462142944 43.7602958679199 43.3271341323853 43.9747619628906 44.5450420379639 45.2191362380981 45.6369562149048 45.8458576202393 45.5650768280029 46.5648946762085 47.1125288009644 46.7540597915649 46.8591012954712 47.5568552017212 47.8215436935425 47.5663185119629 48.2971162796021 49.0735082626343 49.0870847702026 48.7094020843506 47.5655708312988 47.6419105529785 47.2573394775391 46.9175596237183 46.4519510269165 46.1520538330078 45.8065586090088
33.657567024231 34.6834864616394 35.1663179397583 34.1043801307678 33.998996257782 35.3990683555603 34.8778920173645 34.4645571708679 34.7548003196716 36.9311413764954 41.5281019210815 42.5260028839111 41.0152549743652 39.2916102409363 38.7245826721191 39.9669985771179 40.7148480415344 41.3524675369263 41.4634590148926 41.2861909866333 41.3705730438232 41.195408821106 41.4162321090698 42.0472326278687 42.1682872772217 42.8057136535645 43.0991201400757 43.3439350128174 43.9829216003418 44.7561025619507 45.236629486084 45.412670135498 45.8161630630493 46.4320297241211 46.5740394592285 47.312647819519 47.7032518386841 47.8325300216675 47.872314453125 47.8453483581543 47.5623073577881 47.3180522918701 46.8192281723022 46.6555051803589 47.6249723434448 47.3684425354004 47.0353784561157 46.4621505737305 46.786376953125 46.684796333313
35.5701484680176 35.7548260688782 36.5307335853577 36.6639623641968 36.4270329475403 36.931173324585 37.053680896759 37.6508250236511 38.5081157684326 39.1544132232666 40.0304403305054 41.915943145752 42.5596055984497 42.2349338531494 43.0467710494995 42.9803514480591 43.7703628540039 43.7377920150757 44.0074110031128 44.2952289581299 44.8403720855713 44.4674415588379 44.6255407333374 44.2468824386597 43.763521194458 44.9438772201538 44.8997392654419 45.0903472900391 45.6070852279663 45.5759143829346 45.2563753128052 45.1929655075073 46.3247919082642 46.7757148742676 46.5639419555664 45.8406047821045 46.4020233154297 47.497878074646 47.8544101715088 47.4211015701294 47.2357759475708 46.7348680496216 47.1510019302368 46.6654529571533 46.6201210021973 46.9954261779785 47.2390232086182 47.1387338638306 46.7755861282349 46.8127403259277
33.6846241950989 34.6233072280884 33.7873430252075 34.7122802734375 35.58234167099 36.7215800285339 35.2198762893677 35.5514454841614 36.1602301597595 37.5510401725769 38.2302947044373 38.7295503616333 38.7407279014587 39.727418422699 41.4895076751709 42.029109954834 42.5475339889526 42.532054901123 42.9551401138306 42.5612716674805 43.4559202194214 43.7920732498169 44.8227062225342 44.5829753875732 44.9381122589111 45.3685312271118 45.9614267349243 46.9512796401978 46.8302183151245 46.2007150650024 45.6034984588623 45.6681470870972 46.1181793212891 46.5266532897949 46.4896373748779 46.5604658126831 46.8959217071533 47.502984046936 48.0260848999023 47.6954231262207 46.9361963272095 47.2384729385376 46.9706859588623 45.9748668670654 46.5412082672119 46.3443059921265 46.676194190979 46.7825956344604 46.1430702209473 45.849027633667
34.6465587615967 35.3231258392334 35.6703629493713 35.5898261070251 35.0769295692444 34.7304873466492 34.6573448181152 35.3183526992798 35.9528579711914 36.6697683334351 37.5523829460144 38.7806000709534 39.1319646835327 39.4853630065918 39.7761483192444 40.2235221862793 40.4382286071777 41.0875835418701 41.5483455657959 41.4505615234375 42.6845569610596 42.6661033630371 43.401008605957 43.3496952056885 43.0401659011841 42.2233924865723 41.9440793991089 43.0650119781494 44.8490781784058 45.3698863983154 45.9974603652954 45.6878261566162 46.593334197998 47.0466051101685 46.3893785476685 47.3897743225098 47.645824432373 47.6686849594116 47.997166633606 48.1139154434204 47.8981122970581 47.1761455535889 46.7282953262329 47.2513647079468 46.771388053894 46.8305530548096 46.5399103164673 46.2942523956299 45.8751220703125 45.0357027053833
36.2539129257202 35.9229531288147 36.3385348320007 36.5337657928467 35.8715419769287 35.6890888214111 36.0008416175842 36.953667640686 37.2893080711365 38.0036025047302 37.8387379646301 38.0007176399231 38.3354520797729 38.8572072982788 39.6837077140808 40.5474109649658 40.4139084815979 40.7385363578796 41.405933380127 41.963924407959 42.7242584228516 42.270112991333 42.1349782943726 42.4125890731812 42.5751428604126 42.4516229629517 42.6179656982422 42.3760957717896 41.328592300415 42.0031538009644 43.9518308639526 45.0464744567871 45.7474098205566 46.2152194976807 46.7463235855103 47.6685857772827 48.1118259429932 48.5185623168945 49.3460645675659 49.6191492080688 49.62073802948 48.5294952392578 48.0947570800781 47.740044593811 47.0398416519165 46.1480302810669 45.9800243377686 46.3052549362183 45.9421873092651 45.4845905303955
36.995032787323 37.6143445968628 37.3113241195679 38.5329475402832 37.0973119735718 35.5620055198669 36.4139266014099 37.285614490509 38.3951826095581 38.3664298057556 38.0450963973999 37.4552512168884 38.1594758033752 37.9491624832153 38.6595120429993 40.199191570282 41.3363332748413 41.6492691040039 42.4085531234741 42.6835889816284 42.5965957641602 42.8250932693481 42.5153398513794 42.6795949935913 42.5960874557495 42.8201713562012 42.9474000930786 43.1385641098022 43.3096046447754 42.7512130737305 43.0168409347534 43.9846668243408 45.6066036224365 45.9038743972778 46.7311592102051 47.2111673355103 47.3040189743042 48.5097427368164 48.9174938201904 49.8278894424438 48.9706544876099 48.2571592330933 48.3251523971558 47.4470825195312 48.166090965271 47.5442523956299 46.9549732208252 46.3333854675293 46.0205402374268 46.253396987915
35.7806816101074 37.1184163093567 36.462052822113 37.5339403152466 38.9429922103882 38.6453685760498 38.6096901893616 38.2497243881226 39.0500259399414 39.2977066040039 39.0050458908081 38.2862701416016 38.1158289909363 38.244243144989 39.0688543319702 39.4153509140015 39.9267644882202 40.1487679481506 40.671142578125 41.9617338180542 42.4239091873169 42.2162342071533 42.8561677932739 43.1373987197876 43.3786954879761 43.3446474075317 43.4413347244263 43.5571966171265 43.1467504501343 43.6410818099976 43.7159042358398 44.6427297592163 45.1040534973145 45.9041728973389 46.3661108016968 47.0428733825684 47.7972526550293 48.2711553573608 48.9207258224487 48.8278474807739 49.6466388702393 49.5896444320679 48.5112028121948 47.7383556365967 46.9158954620361 46.2869663238525 45.4050235748291 45.4974794387817 45.6796741485596 45.1124744415283
34.4186244010925 34.5782122612 35.3291082382202 36.6248149871826 38.8307867050171 39.2187643051147 38.7386622428894 39.4409575462341 39.2082777023315 40.2647290229797 40.4310474395752 40.3092460632324 40.5517745018005 40.8242101669312 40.8269186019897 40.2750306129456 40.2539987564087 40.5860710144043 41.4002246856689 41.8395414352417 42.1230792999268 42.0641670227051 42.0743160247803 42.7453594207764 43.4054803848267 44.0624122619629 44.1060199737549 43.7017736434937 43.5395622253418 42.6211156845093 43.2993402481079 44.6217412948608 45.2918033599854 45.792857170105 46.1452732086182 46.9386758804321 47.6472616195679 48.2546644210815 49.0018577575684 48.2024974822998 49.9234008789062 50.9703330993652 49.9663400650024 48.5693664550781 48.1343336105347 46.922981262207 45.9007320404053 45.4086103439331 45.4187717437744 44.2957334518433
36.3859734535217 35.6950693130493 35.705780506134 36.0387578010559 36.2359251976013 37.0680766105652 37.8817076683044 39.3655953407288 39.7512054443359 39.8264303207397 40.6277375221252 40.5734128952026 40.5007700920105 40.2987818717957 40.196722984314 40.5026845932007 40.1032857894897 40.2134885787964 39.9824342727661 40.1827812194824 40.6979351043701 41.6949596405029 42.1273622512817 42.5649747848511 42.8382692337036 43.7374658584595 43.211220741272 43.5773077011108 43.8563280105591 43.8424034118652 44.0497922897339 44.6870355606079 45.4272413253784 45.8055696487427 45.9899244308472 46.9633340835571 48.4932098388672 49.4976205825806 50.3476371765137 50.8264932632446 50.3704681396484 50.8646535873413 50.2285966873169 49.7645559310913 49.940333366394 48.7474203109741 46.8816375732422 45.9394216537476 45.3036737442017 44.4474258422852
39.5304207801819 39.1808977127075 39.3909292221069 38.974084854126 38.9378719329834 38.7008600234985 39.5676970481873 39.5488157272339 39.7658281326294 39.9598116874695 41.1802911758423 41.4709138870239 41.5848951339722 41.7142448425293 41.7707824707031 41.6180305480957 41.4257030487061 41.5287065505981 41.0153703689575 41.3862495422363 41.346697807312 41.7922334671021 41.7551918029785 41.6497735977173 41.8928279876709 41.3802833557129 41.7234191894531 42.979775428772 43.1389312744141 43.9953117370605 44.2478399276733 44.3907327651978 44.6125154495239 45.3518104553223 46.4196319580078 47.8139038085938 47.9793653488159 49.8387699127197 50.8463296890259 51.1193113327026 51.4233675003052 51.4449739456177 50.0432901382446 48.8385925292969 48.2848110198975 47.7342185974121 46.5888843536377 45.4823217391968 45.2503223419189 44.1238012313843
