data/spatiotemp/temp3/bio17_norsw_test_2011_2014.asc
NCOLS 654 
NROWS 380 
XLLCORNER 3.91666666666667 
YLLCORNER 55.3333333333333 
CELLSIZE 0.0416666666666667 
NODATA_value -9999 
[rows 286 to 307 of 380, columns 100 to 149 of 654]
136.170497894287 152.774169921875 162.426103591919 159.809564590454 165.192136764526 168.744741439819 168.073425292969 164.719179153442 151.342969894409 139.160953521729 155.600240707397 172.719738006592 174.037477493286 166.151317596436 163.408210754395 165.463958740234 161.463542938232 175.950828552246 180.346349716187 177.727773666382 165.995819091797 174.20386505127 173.263502120972 153.765830993652 139.130706787109 137.49981880188 143.507223129272 131.838088989258 128.04613494873 131.107709884644 128.471981048584 122.10418510437 122.001127243042 128.535278320312 131.77686882019 128.225997924805 128.956392288208 138.933847427368 150.986743927002 149.896598815918 144.137130737305 142.41298866272 143.650320053101 149.460836410522 146.971633911133 143.199987411499 148.715587615967 143.513603210449 140.132167816162 135.291677474976
139.218347549438 159.295282363892 167.665956497192 152.358390808105 165.706323623657 167.844812393188 169.678152084351 166.167810440063 153.868860244751 141.678407669067 156.582107543945 175.589918136597 178.272897720337 178.42035484314 177.77098274231 177.007520675659 170.840770721436 161.286310195923 177.277172088623 179.39973449707 160.830408096313 158.157581329346 164.461271286011 147.789140701294 145.782030105591 155.79061126709 146.101905822754 135.482160568237 145.139532089233 140.54009437561 129.970512390137 128.885974884033 132.71826171875 131.034790039062 129.590280532837 132.135171890259 130.935277938843 132.102033615112 139.943237304688 145.998573303223 142.973197937012 147.262218475342 148.567390441895 145.044528961182 149.800720214844 144.159481048584 144.438989639282 143.311513900757 139.05616569519 133.818885803223
138.879945755005 147.697526931763 157.962982177734 158.2464427948 162.665658950806 165.049385070801 162.45841217041 155.597146987915 149.20023727417 146.172389984131 156.657001495361 175.885606765747 183.540187835693 183.921014785767 184.666393280029 179.660577774048 170.234773635864 155.554916381836 154.439456939697 163.289861679077 163.842636108398 151.195629119873 155.063301086426 145.059078216553 148.177518844604 158.067016601562 155.283958435059 139.151096343994 136.354766845703 144.234771728516 138.484708786011 129.879978179932 133.913690567017 137.076406478882 135.872159957886 136.902347564697 137.123464584351 133.368535995483 138.333444595337 145.146974563599 149.284595489502 148.225069046021 148.205282211304 144.330701828003 148.32926940918 148.012308120728 147.241159439087 142.02691078186 141.842023849487 135.119310379028
149.964879989624 142.241930007935 158.31569480896 167.04726600647 175.490606307983 176.533712387085 176.519319534302 172.250938415527 165.410575866699 154.40142250061 154.24241065979 179.247198104858 184.335680007935 185.817800521851 186.166128158569 184.419219970703 184.42373085022 177.092151641846 163.833585739136 159.169225692749 154.229431152344 150.034332275391 153.174043655396 148.074863433838 147.733776092529 157.346626281738 156.875385284424 146.381071090698 145.23578453064 139.936906814575 139.524030685425 137.503677368164 137.536458969116 139.126611709595 135.102584838867 133.991470336914 131.242656707764 135.004829406738 139.781272888184 144.400110244751 150.275177001953 146.69815826416 150.307817459106 150.23415184021 148.755876541138 147.720502853394 148.281221389771 143.734792709351 141.385587692261 135.714544296265
167.658575057983 164.05207824707 152.527513504028 140.774255752563 156.92883682251 175.69116973877 171.675973892212 178.233484268188 178.473712921143 158.498556137085 160.942615509033 183.672500610352 185.016796112061 187.041313171387 189.592895507812 185.189464569092 179.415466308594 175.757139205933 177.012666702271 180.784271240234 176.259315490723 176.219856262207 167.923160552979 155.342573165894 149.10101890564 151.417261123657 149.921197891235 151.055826187134 152.026641845703 144.863821029663 146.455179214478 141.589519500732 140.167749404907 139.543939590454 140.1979637146 144.162649154663 141.448198318481 137.319107055664 138.786645889282 139.809391021729 143.408832550049 144.737302780151 147.504137039185 149.364614486694 150.615007400513 150.441123962402 148.299470901489 143.524942398071 139.870037078857 133.736825942993
170.99165725708 178.173538208008 175.990446090698 161.620985031128 150.298654556274 170.204042434692 170.16033744812 175.276561737061 180.007404327393 168.547367095947 163.416790008545 173.323863983154 174.852579116821 178.842071533203 185.57027053833 190.547639846802 186.59139251709 184.581203460693 182.914289474487 181.041360855103 178.888181686401 177.350305557251 171.498018264771 164.179630279541 160.117708206177 155.343179702759 151.022357940674 150.50478553772 150.747861862183 147.526292800903 144.639331817627 146.416986465454 147.972322463989 148.005067825317 149.564920425415 144.678104400635 145.327505111694 143.766086578369 141.538944244385 139.825563430786 138.542688369751 140.69610786438 143.169431686401 147.824230194092 148.87290763855 148.586715698242 147.019390106201 140.226898193359 135.84181022644 131.284952163696
174.279251098633 178.222995758057 183.625169754028 174.417156219482 162.448305130005 158.389608383179 167.417459487915 177.565086364746 172.234434127808 168.463785171509 163.658985137939 166.403593063354 178.848453521729 179.76540184021 187.61837387085 189.858957290649 190.70821762085 188.069231033325 181.662496566772 179.87359046936 181.983194351196 177.717746734619 171.655313491821 169.695642471313 168.554491043091 160.867809295654 158.511287689209 157.046701431274 152.353855133057 151.964099884033 151.67423248291 151.410175323486 149.168615341187 149.331296920776 149.490255355835 146.292316436768 143.519395828247 141.181251525879 139.126628875732 138.238767623901 -9999 138.38591003418 140.029853820801 143.181131362915 142.988454818726 142.90273475647 141.814548492432 137.413354873657 -9999 140.564172744751
177.68404006958 180.583303451538 173.05718421936 173.392698287964 180.6142578125 173.501495361328 163.155767440796 167.912336349487 169.313642501831 165.724672317505 164.589750289917 173.004388809204 172.892553329468 179.965900421143 189.693420410156 190.604782104492 190.421890258789 183.806896209717 184.462642669678 183.329103469849 175.757329940796 179.27424621582 177.81597328186 175.954162597656 170.777702331543 167.828454971313 170.158624649048 168.830938339233 160.945949554443 152.527406692505 151.365964889526 148.553674697876 146.848670959473 144.222944259644 145.506286621094 141.601907730103 138.969020843506 136.972515106201 -9999 -9999 -9999 -9999 138.103504180908 -9999 145.008460998535 -9999 -9999 -9999 -9999 -9999
188.622255325317 197.510095596313 192.302091598511 174.2574634552 171.949867248535 180.814821243286 182.984912872314 181.252552032471 178.00107383728 177.056959152222 174.89421081543 172.921436309814 178.199401855469 179.351354598999 183.902555465698 185.573246002197 189.256277084351 189.606258392334 187.55782699585 187.167482376099 182.262149810791 176.864709854126 175.01407623291 176.10569190979 175.780246734619 174.911920547485 172.512325286865 169.100975036621 163.471319198608 156.445053100586 152.695568084717 147.337182998657 144.731782913208 141.76976776123 140.151523590088 136.886072158813 136.878700256348 135.02529335022 -9999 -9999 -9999 -9999 -9999 -9999 -9999 -9999 -9999 -9999 -9999 -9999
182.701892852783 190.625551223755 192.898090362549 186.440315246582 176.150136947632 169.787246704102 176.911952972412 184.555782318115 187.029151916504 184.801807403564 182.380033493042 178.931018829346 179.054002761841 182.579948425293 186.189374923706 188.151773452759 192.24941444397 190.964445114136 184.791864395142 188.527795791626 184.784074783325 181.816638946533 178.498203277588 178.08025932312 176.932474136353 177.20164680481 175.750442504883 168.842643737793 165.419515609741 154.741315841675 153.489753723145 150.726558685303 145.489137649536 140.257066726685 138.117855072021 135.983280181885 136.936006546021 -9999 -9999 -9999 -9999 -9999 -9999 -9999 -9999 -9999 -9999 -9999 -9999 -9999
186.522008895874 184.978988647461 189.657531738281 191.714775085449 191.822158813477 186.290700912476 184.911800384521 179.015602111816 182.216197967529 187.197448730469 182.666538238525 180.549842834473 184.407346725464 188.205753326416 187.300018310547 188.54395866394 185.490266799927 183.870065689087 183.015022277832 183.595497131348 183.325706481934 181.894186019897 181.572311401367 178.996385574341 178.175161361694 176.846406936646 174.277811050415 167.652820587158 164.559041976929 159.554563522339 154.462856292725 148.028436660767 143.780576705933 140.803108215332 -9999 -9999 -9999 -9999 -9999 -9999 -9999 -9999 -9999 -9999 -9999 -9999 -9999 -9999 -9999 -9999
189.923154830933 192.627126693726 186.681814193726 180.595567703247 187.839509963989 193.491899490356 196.174648284912 188.489633560181 182.160516738892 182.188774108887 183.121866226196 185.675359725952 189.2785987854 188.864025115967 186.160591125488 185.470460891724 187.481405258179 184.873222351074 183.39609336853 183.000179290771 181.567646026611 179.977819442749 179.220405578613 175.434610366821 173.981906890869 169.828542709351 168.743000030518 165.54714012146 161.465625762939 155.586078643799 149.799226760864 145.490688323975 -9999 -9999 -9999 -9999 -9999 -9999 -9999 -9999 -9999 -9999 -9999 -9999 -9999 -9999 -9999 -9999 -9999 -9999
192.72447013855 189.520097732544 191.516542434692 184.533805847168 185.065799713135 185.600439071655 190.208984375 185.906826019287 183.492221832275 183.450981140137 184.871891021729 185.023077011108 186.578161239624 187.801940917969 191.03949546814 191.796611785889 188.196548461914 187.03603553772 182.017749786377 181.669248580933 179.420768737793 176.777206420898 171.820819854736 167.453395843506 162.34358215332 164.7219581604 162.473285675049 159.256893157959 152.565097808838 149.19026184082 -9999 -9999 -9999 -9999 -9999 -9999 -9999 -9999 -9999 -9999 -9999 -9999 -9999 -9999 -9999 -9999 -9999 -9999 -9999 -9999
204.015434265137 193.907888412476 190.782455444336 192.686744689941 190.513668060303 187.077613830566 185.295301437378 188.31324005127 192.718635559082 195.293268203735 193.414253234863 188.838119506836 187.259754180908 190.631813049316 191.094497680664 188.85018157959 185.940292358398 178.96489906311 177.79955291748 174.722856521606 173.557210922241 167.82071685791 159.533771514893 159.001516342163 157.481821060181 154.11611366272 150.547523498535 146.96720123291 -9999 -9999 -9999 -9999 -9999 -9999 -9999 -9999 -9999 -9999 -9999 -9999 -9999 -9999 -9999 -9999 -9999 -9999 -9999 -9999 -9999 -9999
201.267919540405 197.799444198608 192.34129524231 191.561811447144 192.547204971313 190.421566009521 189.602203369141 189.439956665039 193.957511901855 195.153057098389 192.489637374878 189.821935653687 190.138147354126 188.771587371826 185.472213745117 182.955125808716 179.761840820312 173.563348770142 169.165363311768 163.984464645386 158.608572006226 158.922214508057 155.70450592041 148.994682312012 145.86909866333 135.57354927063 140.595827102661 -9999 -9999 -9999 -9999 -9999 -9999 -9999 -9999 -9999 -9999 -9999 -9999 -9999 -9999 -9999 -9999 -9999 -9999 -9999 -9999 -9999 -9999 -9999
209.047481536865 204.962940216064 195.976245880127 194.83970451355 193.610664367676 193.277593612671 192.121286392212 191.310510635376 192.584781646729 193.605907440186 194.535301208496 193.210908889771 189.651210784912 187.796985626221 183.09232711792 177.027574539185 176.60880279541 167.619569778442 162.396928787231 160.37696647644 151.622430801392 147.771385192871 142.838396072388 136.678520202637 132.925970077515 -9999 -9999 -9999 -9999 -9999 -9999 -9999 -9999 -9999 -9999 -9999 -9999 -9999 -9999 -9999 -9999 -9999 -9999 -9999 -9999 -9999 -9999 -9999 -9999 -9999
211.66760635376 206.330944061279 202.248046875 198.728942871094 197.309679031372 195.439168930054 193.50684928894 193.086996078491 195.891489028931 193.486028671265 189.995634078979 190.398296356201 187.137580871582 179.625026702881 175.098123550415 173.066036224365 170.563829421997 161.327228546143 156.88369178772 149.408748626709 144.837106704712 140.44446182251 137.197389602661 133.993404388428 -9999 -9999 -9999 -9999 -9999 -9999 -9999 -9999 -9999 -9999 -9999 -9999 -9999 -9999 -9999 -9999 -9999 -9999 -9999 -9999 -9999 -9999 -9999 -9999 -9999 -9999
212.253067016602 207.621875762939 205.535758972168 201.326738357544 199.334760665894 197.223209381104 195.805561065674 198.278015136719 197.272764205933 193.392753601074 188.94570350647 183.770412445068 178.739091873169 170.713611602783 169.8753490448 165.596105575562 161.413354873657 153.6647605896 147.311153411865 140.486080169678 137.807931900024 137.674077987671 -9999 -9999 -9999 -9999 -9999 -9999 -9999 -9999 -9999 -9999 -9999 -9999 -9999 -9999 -9999 -9999 -9999 -9999 -9999 -9999 -9999 -9999 -9999 -9999 -9999 -9999 -9999 -9999
215.886669158936 210.797180175781 210.398750305176 209.370223999023 204.651966094971 200.830131530762 197.566005706787 199.921379089355 195.748579025269 188.144918441772 186.232204437256 182.647268295288 169.846218109131 167.794855117798 161.780132293701 158.423942565918 153.449684143066 145.10071182251 137.485540390015 134.760227203369 132.505363464355 -9999 -9999 -9999 -9999 -9999 -9999 -9999 -9999 -9999 -9999 -9999 -9999 -9999 -9999 -9999 -9999 -9999 -9999 -9999 -9999 -9999 -9999 -9999 -9999 -9999 -9999 -9999 -9999 -9999
217.841445922852 216.722064971924 215.521450042725 211.532917022705 206.784950256348 199.340242385864 198.299615859985 196.431755065918 195.735612869263 188.7591381073 178.642026901245 172.314855575562 164.367837905884 161.670307159424 152.796998977661 145.21287727356 140.062007904053 136.128213882446 131.854341506958 130.625154495239 -9999 -9999 -9999 -9999 -9999 -9999 -9999 -9999 -9999 -9999 -9999 -9999 -9999 -9999 -9999 -9999 -9999 -9999 -9999 -9999 -9999 -9999 -9999 -9999 -9999 -9999 -9999 -9999 -9999 -9999
218.646476745605 215.368576049805 213.893768310547 210.666458129883 201.377040863037 201.765281677246 197.97992515564 192.197364807129 188.745059967041 180.511198043823 171.047567367554 164.103887557983 160.609279632568 151.065153121948 142.677536010742 136.018259048462 -9999 -9999 -9999 -9999 -9999 -9999 -9999 -9999 -9999 -9999 -9999 -9999 -9999 -9999 -9999 -9999 -9999 -9999 -9999 -9999 -9999 -9999 -9999 -9999 -9999 -9999 -9999 -9999 -9999 -9999 -9999 -9999 -9999 -9999
222.803298950195 217.052150726318 208.717220306396 200.771781921387 200.269359588623 199.18984413147 195.120866775513 192.186206817627 181.739442825317 169.567874908447 164.782808303833 158.572898864746 151.177423477173 145.361156463623 135.410957336426 -9999 -9999 -9999 -9999 -9999 -9999 -9999 -9999 -9999 -9999 -9999 -9999 -9999 -9999 -9999 -9999 -9999 -9999 -9999 -9999 -9999 -9999 -9999 -9999 -9999 -9999 -9999 -9999 -9999 -9999 -9999 -9999 -9999 -9999 -9999
