data/spatiotemp/temp3/bio19_norsw_test_2011_2014.asc
NCOLS 654 
NROWS 380 
XLLCORNER 3.91666666666667 
YLLCORNER 55.3333333333333 
CELLSIZE 0.0416666666666667 
NODATA_value -9999 
[rows 352 to 373 of 380, columns 600 to 649 of 654]
127.199798583984 129.03026008606 129.065469741821 129.100673675537 129.135887145996 127.91109085083 129.206298828125 129.530990600586 129.511371612549 129.436634063721 128.101703643799 128.316074371338 126.602914810181 125.953708648682 125.880851745605 123.162456512451 123.378122329712 122.772403717041 122.701107025146 123.44942855835 122.602087020874 122.617958068848 120.285449981689 119.773996353149 120.096059799194 119.811613082886 119.830411911011 119.849222183228 118.451551437378 117.622898101807 114.973218917847 115.232139587402 115.219097137451 114.422143936157 114.38969039917 114.357233047485 114.324775695801 113.776184082031 114.596166610718 114.227409362793 114.194955825806 114.162504196167 115.358966827393 116.931491851807 116.974405288696 118.665596008301 120.394781112671 120.517776489258 120.454732894897 122.154823303223
126.732089996338 127.057273864746 127.092756271362 127.128231048584 127.163711547852 127.199188232422 127.526378631592 127.562196731567 127.550537109375 127.491388320923 126.326093673706 126.267562866211 125.917797088623 125.859479904175 123.442571640015 123.09468460083 122.506191253662 122.7395362854 122.682497024536 122.915189743042 122.896516799927 120.270217895508 120.5872631073 120.608739852905 120.630224227905 119.817712783813 119.836671829224 119.855632781982 116.370119094849 116.384160995483 116.066967010498 115.563121795654 114.45751953125 114.430418014526 114.403322219849 114.036996841431 113.497135162354 113.810068130493 113.783197402954 114.097871780396 113.729455947876 114.213628768921 115.41742515564 115.733686447144 117.044548034668 117.178789138794 117.475299835205 119.191066741943 120.932516098022 122.656949996948
126.551746368408 126.587520599365 126.623294830322 126.952209472656 127.28186416626 127.31837272644 127.060625076294 127.39139175415 127.387451171875 127.343061447144 127.298671722412 127.54870223999 126.103330612183 124.807250976562 122.834968566895 122.498220443726 122.749429702759 121.455261230469 122.663892745972 121.663660049438 121.652925491333 120.272457122803 120.290018081665 120.615200042725 119.804714202881 117.478702545166 116.662281036377 116.680444717407 116.370788574219 116.053060531616 115.551988601685 115.563619613647 114.46043586731 114.438694000244 114.416955947876 114.395210266113 114.028966903687 113.498889923096 113.476774215698 113.800857543945 113.779304504395 115.35732460022 115.682893753052 115.802209854126 117.464681625366 117.26343536377 119.153982162476 121.264324188232 123.010383605957 125.135208129883
126.665784835815 126.702585220337 126.739389419556 127.071769714355 126.812994003296 127.146169662476 126.886590957642 126.923397064209 126.926975250244 127.194723129272 124.509601593018 124.480365753174 124.748508453369 124.719270706177 122.461929321289 121.1842918396 121.155782699585 121.42462348938 121.396106719971 121.367593765259 121.361862182617 120.274694442749 119.772144317627 118.233835220337 117.147378921509 116.648839950562 116.667158126831 116.357267379761 116.371467590332 114.440824508667 115.552387237549 115.315351486206 115.3147315979 114.446973800659 114.778688430786 114.414205551147 114.397819519043 112.291938781738 111.180875778198 112.25891494751 113.477760314941 113.963941574097 114.299505233765 117.464946746826 117.539333343506 117.704965591431 119.611295700073 121.379005432129 123.146579742432 126.523399353027
126.487777709961 126.525236129761 126.860280990601 126.600166320801 126.936080932617 126.973978042603 127.011880874634 127.349540710449 127.061285018921 125.801233291626 124.675676345825 124.360544204712 123.821901321411 123.807340621948 122.683633804321 121.122150421143 121.107585906982 121.393981933594 121.680578231812 120.257524490356 120.259279251099 119.758380889893 118.532220840454 118.236522674561 116.635091781616 116.653560638428 116.672027587891 115.448759078979 115.131168365479 115.146213531494 114.061424255371 114.077186584473 115.31805229187 114.069364547729 114.797050476074 114.433195114136 114.422163009644 113.173635482788 111.712989807129 112.796361923218 114.378049850464 114.367025375366 114.355997085571 117.529670715332 117.613988876343 119.531845092773 121.170244216919 123.096319198608 123.788944244385 126.679523468018
126.309768676758 126.64740562439 126.686000823975 126.424144744873 126.763191223145 127.911510467529 126.840381622314 126.878978729248 125.657384872437 125.656805038452 124.544364929199 124.544012069702 124.022825241089 123.719121932983 121.364559173584 121.364154815674 120.8443775177 120.844337463379 120.844303131104 120.039403915405 118.498811721802 118.518943786621 118.539079666138 117.132600784302 116.639663696289 115.415622711182 115.102020263672 115.454002380371 115.473192214966 115.492383956909 115.511577606201 114.431247711182 114.08242225647 114.077198028564 114.815414428711 113.571367263794 113.566232681274 113.201988220215 113.196334838867 113.190685272217 114.423826217651 114.779342651367 114.907272338867 116.502479553223 118.184253692627 118.38053894043 121.776895523071 121.978225708008 123.922193527222 125.221982955933
125.056201934814 125.093639373779 125.13106918335 125.471364974976 126.618989944458 126.785625457764 125.585210800171 125.623159408569 125.647092819214 124.543529510498 124.553573608398 123.73814201355 123.748254776001 122.823499679565 121.413133621216 120.597627639771 120.607397079468 119.681535720825 119.691120147705 118.588443756104 118.294765472412 118.316326141357 118.337896347046 117.25057220459 116.357894897461 115.546781539917 115.571508407593 115.596237182617 115.620960235596 115.645681381226 116.024097442627 115.695146560669 114.245567321777 113.749475479126 113.747428894043 113.745372772217 113.380973815918 113.378402709961 113.375829696655 114.613807678223 114.611263275146 115.467096328735 115.465005874634 118.656745910645 118.755842208862 118.956272125244 121.99196434021 122.568649291992 125.615608215332 126.328239440918
126.085502624512 126.646903991699 126.684650421143 125.612386703491 125.649026870728 126.797889709473 127.142589569092 125.758953094482 125.785470962524 125.283109664917 125.299989700317 124.074964523315 122.976385116577 122.682125091553 121.583076477051 120.771461486816 119.542739868164 119.558044433594 118.458498001099 118.787511825562 118.498018264771 117.285190582275 118.888311386108 118.925468444824 116.606882095337 115.803750991821 115.839603424072 114.422840118408 114.455513000488 114.488185882568 114.877521514893 114.553527832031 114.074119567871 114.073009490967 114.071897506714 114.070791244507 114.069683074951 113.702886581421 113.701244354248 115.308759689331 115.802310943604 115.433326721191 115.799959182739 119.002239227295 119.096611022949 119.286619186401 122.318237304688 123.387754440308 125.929124832153 126.631467819214
126.755693435669 126.792093276978 126.828491210938 126.864894866943 126.901296615601 127.246566772461 126.168916702271 125.89475440979 125.09493637085 125.117673873901 122.781484603882 122.803598403931 123.13920211792 123.161996841431 121.753023147583 120.845533370972 118.920719146729 118.942670822144 118.964618682861 117.421195983887 117.453992843628 116.382637023926 116.42831993103 116.806276321411 116.349939346313 116.060726165771 113.405834197998 112.94787979126 112.641473770142 113.538230895996 113.084129333496 113.493101119995 113.152194976807 114.396535873413 114.396375656128 114.396203994751 114.396043777466 114.395874023438 114.395704269409 116.135690689087 116.135433197021 116.135171890259 117.236953735352 119.347736358643 119.437376022339 119.242321014404 122.644515991211 122.826885223389 125.138444900513 126.934692382812
124.964254379272 126.937280654907 127.281658172607 127.317394256592 126.73176574707 125.651123046875 125.996513366699 126.030546188354 125.545179367065 124.332237243652 122.928380966187 122.956762313843 122.470634460449 121.063196182251 119.845645904541 120.192489624023 119.900526046753 119.129486083984 119.157567977905 117.937511444092 116.536516189575 116.593574523926 116.143434524536 114.95365524292 115.011884689331 114.726266860962 113.162670135498 112.867593765259 113.275255203247 112.972677230835 113.025213241577 113.444135665894 113.472702026367 114.720067977905 113.47438621521 114.721626281738 114.351634979248 114.723180770874 115.221040725708 116.467897415161 116.468557357788 118.445964813232 119.692596435547 119.318561553955 119.402387619019 120.446563720703 122.970792770386 123.645086288452 125.066455841064 126.12996673584
127.048751831055 127.082468032837 127.116180419922 127.462274551392 127.496723175049 127.531169891357 124.373132705688 124.406536102295 124.441236495972 124.477216720581 123.075283050537 122.596103668213 121.065717697144 119.978899002075 120.334674835205 120.36919593811 120.403713226318 120.763544082642 118.101903915405 118.135589599609 117.065715789795 116.297840118408 115.1178150177 115.187074661255 114.136901855469 114.206897735596 113.422868728638 112.241073608398 112.308300018311 113.262369155884 113.325942993164 113.758724212646 113.793216705322 113.423170089722 113.796846389771 113.79866027832 115.048759460449 115.050477981567 115.5504322052 116.800104141235 116.801679611206 118.411334991455 119.660150527954 120.038728713989 120.617639541626 120.777931213379 123.297067642212 123.961578369141 124.508937835693 127.541147232056
127.195281982422 127.227651596069 127.573999404907 127.607154846191 127.640312194824 127.04077911377 124.708513259888 124.542320251465 124.579675674438 124.622200012207 123.22218132019 121.504589080811 121.545774459839 121.586961746216 120.505142211914 120.545896530151 120.586652755737 118.254043579102 118.293853759766 118.333665847778 118.394853591919 115.259914398193 115.34020614624 113.953001022339 114.030530929565 113.605014801025 112.432464599609 113.761114120483 112.588481903076 112.666494369507 112.744508743286 114.073312759399 114.11372756958 114.11651802063 113.744094848633 113.746301651001 114.124883651733 115.377780914307 115.879833221436 115.882448196411 118.248872756958 118.250995635986 118.752330780029 120.003759384155 120.959524154663 122.222461700439 123.623346328735 124.278072357178 124.430131912231 127.456007003784
127.341821670532 128.803859710693 127.403861999512 127.434885025024 127.465909957886 127.49693107605 125.161460876465 124.357570648193 124.396484375 124.76718711853 123.369081497192 122.169244766235 121.705581665039 121.75311088562 120.345914840698 119.473543167114 120.769590377808 119.566499710083 119.612985610962 117.690921783447 115.379959106445 115.471282958984 115.562604904175 115.305332183838 113.638664245605 112.957431793213 114.301704406738 114.032188415527 114.121118545532 114.57833480835 114.298971176147 114.387893676758 114.434242248535 115.316122055054 114.441762924194 114.066938400269 115.322298049927 115.705080032349 116.209228515625 116.21279335022 116.216356277466 117.971746444702 119.092222213745 120.729717254639 121.301404953003 122.557462692261 124.453184127808 124.594566345215 125.242097854614 128.147607803345
126.235227584839 127.51802444458 127.547710418701 127.577379226685 127.607061386108 127.958068847656 126.741003036499 125.650121688843 125.369190216064 124.912170410156 122.268436431885 122.321388244629 121.865383148193 121.919260025024 120.846088409424 119.64924621582 119.701961517334 119.754676818848 118.677749633789 118.72981262207 115.580299377441 115.682647705078 114.933452606201 114.132238388062 113.106321334839 112.850109100342 113.311742782593 113.414447784424 113.148857116699 113.248434066772 113.478046417236 115.204391479492 115.636192321777 115.641502380371 115.646814346313 114.387577056885 115.645851135254 116.534107208252 116.538623809814 116.15931892395 118.302659988403 119.42809677124 119.817756652832 121.075216293335 122.763742446899 122.892465591431 124.780361175537 124.911058425903 125.548583984375 128.450830459595
127.497295379639 127.527547836304 126.438291549683 126.467704772949 126.497116088867 126.850357055664 126.880723953247 129.608383178711 126.446535110474 124.72841835022 122.414308547974 121.964973449707 122.532751083374 122.591976165771 122.145626068115 119.824941635132 119.202936172485 117.624593734741 117.68042755127 116.828702926636 115.780637741089 115.894018173218 113.898794174194 114.365396499634 113.347291946411 113.460626602173 113.573961257935 112.189291000366 112.300178527832 112.411064147949 114.027309417725 115.900484085083 115.960580825806 115.96688079834 115.589637756348 115.979490280151 117.241891860962 116.86255645752 116.868015289307 117.376281738281 118.506807327271 119.767017364502 120.274715423584 121.923397064209 123.109399795532 123.731756210327 125.107540130615 125.227554321289 125.855072021484 128.358953475952
127.643125534058 127.672161102295 126.58017539978 127.730236053467 126.636646270752 127.78830909729 126.693115234375 126.721363067627 126.259281158447 125.202131271362 122.560178756714 122.625675201416 122.691171646118 122.251556396484 122.318120956421 120.000640869141 120.065835952759 119.784652709961 116.61187171936 116.67307472229 115.62858581543 114.850461959839 114.117036819458 113.103456497192 113.224609375 113.345762252808 113.836191177368 113.960151672363 114.586517333984 114.710981369019 114.83544921875 116.218887329102 116.284963607788 115.906564712524 115.913223266602 115.919881820679 118.701688766479 117.695014953613 117.312522888184 117.707780838013 118.581077575684 118.586576461792 120.615776062012 120.621704101562 123.455055236816 124.067771911621 124.176153182983 125.148508071899 124.860485076904 125.874509811401
128.112428665161 127.816776275635 127.010665893555 126.240505218506 126.267272949219 126.294040679932 126.320810317993 125.221229553223 124.939376831055 123.762491226196 122.706048965454 122.77781867981 122.849578857422 122.921350479126 120.89347076416 120.176336288452 120.247774124146 120.319204330444 118.638145446777 117.572193145752 117.319637298584 115.060701370239 114.697534561157 113.694631576538 113.829221725464 112.705774307251 111.704021453857 114.233001708984 114.367597579956 115.005575180054 116.401445388794 116.537288665771 116.221542358398 116.229179382324 116.236814498901 116.244451522827 117.512094497681 118.024606704712 118.031942367554 120.431018829346 120.437938690186 120.838506698608 120.956834793091 122.616735458374 122.668954849243 122.766109466553 124.104162216187 125.860540390015 125.959196090698 126.567558288574
128.260469436646 127.961391448975 127.481248855591 126.382692337036 126.408191680908 126.102390289307 126.126768112183 126.151140213013 124.15961265564 124.240928649902 123.982692718506 123.271682739258 123.008003234863 123.086042404175 122.314851760864 121.488275527954 120.429706573486 120.50737953186 118.833387374878 117.771179199219 117.884130477905 116.528114318848 114.276554107666 113.555973052979 114.07018661499 112.955883026123 113.100513458252 115.007703781128 115.153932571411 116.56205368042 116.708873748779 116.855697631836 116.543176651001 116.551790237427 116.952289581299 118.730173110962 118.739124298096 119.490575790405 119.498769760132 121.163200378418 121.171752929688 121.686546325684 121.297891616821 122.565553665161 123.010835647583 124.232482910156 124.826656341553 126.177034378052 127.799602508545 127.996147155762
128.652387619019 128.682165145874 128.381858825684 128.410490036011 127.931352615356 126.828987121582 126.856515884399 126.884037017822 125.808221817017 124.638778686523 124.723657608032 124.464071273804 122.905832290649 122.9885597229 121.814027786255 120.402294158936 120.837194442749 120.918375015259 120.99955368042 118.544343948364 118.289180755615 118.791603088379 116.15385055542 116.288677215576 116.423494338989 115.415849685669 115.551141738892 115.68642616272 116.701469421387 117.339321136475 117.473762512207 118.747867584229 118.820283889771 117.184761047363 116.801910400391 118.58323097229 120.127447128296 119.742116928101 121.015054702759 121.42181968689 121.938993453979 121.949193954468 121.959398269653 123.231075286865 124.414873123169 124.495262145996 126.348470687866 126.83317565918 126.512897491455 128.241161346436
129.288177490234 129.323211669922 129.358245849609 129.393283843994 129.093988418579 127.479940414429 127.512798309326 127.545656204224 126.005449295044 124.948627471924 125.031677246094 124.6077003479 123.548475265503 122.368745803833 122.451587677002 121.031879425049 121.111400604248 121.190923690796 121.634122848511 119.952442169189 119.389152526855 119.486255645752 119.084213256836 118.032892227173 118.129871368408 116.960348129272 118.323835372925 118.42081451416 116.988458633423 118.732326507568 118.828031539917 120.582336425781 120.638080596924 119.385406494141 120.270503997803 119.142276763916 119.155202865601 120.309103012085 121.586666107178 122.106452941895 122.118999481201 122.531518936157 122.144086837769 124.560363769531 123.465934753418 125.193988800049 124.870855331421 126.621490478516 126.702886581421 127.294998168945
131.066219329834 131.107095718384 129.670490264893 130.04483795166 129.573530197144 129.276020050049 128.169069290161 126.940101623535 127.003158569336 127.089935302734 126.02833366394 125.605304718018 125.340963363647 123.005710601807 123.089143753052 122.813472747803 122.103282928467 121.821840286255 122.268705368042 122.351417541504 122.421276092529 119.679042816162 120.110799789429 120.169166564941 119.076807022095 119.136178970337 119.195558547974 118.869871139526 119.314311981201 119.373687744141 119.433059692383 120.760946273804 120.798450469971 120.81443977356 120.8304271698 120.846420288086 119.322109222412 119.337358474731 121.76173210144 121.77661895752 121.791511535645 122.313890457153 123.593841552734 123.60841178894 123.251768112183 125.38477897644 125.464151382446 126.812301635742 126.892869949341 127.890892028809
132.043407440186 131.755628585815 131.801694869995 130.696403503418 131.893850326538 129.93424987793 129.978298187256 130.36386680603 128.934490203857 127.74859046936 126.332021713257 126.416036605835 124.714860916138 124.799451828003 123.726699829102 123.810733795166 123.894771575928 123.978799819946 122.903285980225 122.986763000488 122.662796020508 121.896436691284 121.915313720703 122.313974380493 120.67751121521 121.971952438354 119.564712524414 119.585624694824 119.606540679932 119.237134933472 119.648366928101 118.129779815674 120.958818435669 120.977184295654 119.453845977783 120.616287231445 121.032302856445 120.651351928711 121.936794281006 121.954023361206 122.479007720947 122.496236801147 122.513473510742 122.126342773438 124.988965988159 125.981246948242 125.654104232788 127.003105163574 127.490348815918 127.57070350647
