data/spatiotemp/temp3/bio19_norsw_test_2011_2014.asc
NCOLS 654 
NROWS 380 
XLLCORNER 3.91666666666667 
YLLCORNER 55.3333333333333 
CELLSIZE 0.0416666666666667 
NODATA_value -9999 
[rows 242 to 263 of 380, columns 600 to 649 of 654]
128.591114044189 129.533407211304 128.399963378906 127.737859725952 127.644319534302 126.724956512451 126.633417129517 126.541873931885 124.756582260132 124.539257049561 124.585443496704 124.076023101807 124.122713088989 124.169401168823 123.661991119385 122.401485443115 122.807624816895 122.85400390625 122.635812759399 122.417411804199 122.450452804565 122.185415267944 120.891855239868 122.510200500488 122.263231277466 122.282667160034 122.3021068573 122.321537017822 122.072170257568 122.636510848999 122.110080718994 122.129041671753 123.949449539185 124.308582305908 124.120222091675 124.483697891235 125.110052108765 126.962594985962 127.048648834229 127.134700775146 127.22075843811 127.306810379028 127.392869949341 126.246131896973 126.296810150146 126.843267440796 126.859302520752 126.875341415405 126.891376495361 126.907405853271
128.692174911499 129.900777816772 128.768226623535 127.844478607178 127.753025054932 127.398574829102 126.745851516724 126.656396865845 125.425426483154 124.645065307617 124.685758590698 124.169982910156 124.211187362671 124.515762329102 124.293586730957 124.334789276123 123.822063446045 122.649522781372 122.954099655151 122.731285095215 122.761095046997 122.515340805054 122.533605575562 122.551879882812 121.253913879395 122.322032928467 123.827669143677 122.357637405396 122.107633590698 122.124963760376 122.142288208008 122.159618377686 122.215238571167 122.581876754761 124.446166992188 124.541959762573 125.176681518555 127.038640975952 127.133005142212 127.227365493774 127.609846115112 127.41609954834 127.510467529297 126.370317459106 126.419755935669 127.660135269165 127.665559768677 126.435792922974 126.441135406494 126.446475982666
130.407960891724 130.576997756958 129.650535583496 128.213773727417 127.861740112305 127.772373199463 127.120901107788 125.56392288208 125.537162780762 125.013505935669 124.786081314087 124.526615142822 124.299661636353 124.335369110107 122.603042602539 122.638530731201 122.674020767212 122.709508895874 123.007827758789 122.78048324585 122.806774139404 121.50971031189 122.576932907104 122.858037948608 122.875122070312 122.626810073853 122.643432617188 122.393728256226 122.40989112854 122.426055908203 123.398773193359 124.228006362915 122.249069213867 122.351091384888 123.268432617188 123.371522903442 123.474615097046 125.346195220947 125.449081420898 125.837013244629 125.654846191406 125.757730484009 125.860618591309 125.963499069214 126.542688369751 127.773944854736 127.768522262573 127.763107299805 127.75768661499 127.752271652222
130.773498535156 130.109100341797 130.019458770752 128.626585006714 126.502868652344 126.414712905884 125.763593673706 125.677410125732 125.648893356323 125.380949020386 125.410619735718 125.178194046021 124.650205612183 124.418357849121 122.679204940796 122.971315383911 122.477397918701 121.458703994751 122.537628173828 122.567741394043 121.538841247559 122.605272293091 122.620246887207 122.635231018066 122.650213241577 123.885911941528 123.901689529419 122.429824829102 122.444351196289 122.739027023315 122.20671081543 124.258260726929 124.590160369873 124.433937072754 123.317695617676 121.552730560303 123.000949859619 123.651357650757 123.480648040771 123.589626312256 124.933423995972 125.043451309204 125.153484344482 124.188837051392 125.840892791748 126.119169235229 126.633563995361 126.617525100708 126.601490020752 126.585454940796
130.876298904419 130.786781311035 129.083242416382 128.996042251587 128.646860122681 127.732069015503 125.875047683716 125.790899276733 125.760631561279 125.784252166748 125.248289108276 125.272434234619 124.476606369019 124.762741088867 124.526086807251 123.993881225586 123.36118888855 122.335433959961 121.542152404785 121.56590461731 121.584325790405 121.597410202026 121.61049079895 122.676906585693 122.690246582031 122.703584671021 122.716917037964 122.730253219604 122.478809356689 122.773197174072 123.050481796265 123.062551498413 123.128261566162 124.47572517395 124.596240997314 122.149991989136 122.002403259277 123.186883926392 123.563323974609 123.680414199829 123.797504425049 123.914590835571 125.270204544067 125.388452529907 124.649929046631 123.384006500244 123.064279556274 123.038282394409 125.857027053833 125.579744338989
130.717031478882 130.891672134399 129.760583877563 128.841379165649 127.549379348755 126.896739959717 126.551166534424 125.904376983643 125.872364044189 125.890438079834 125.908519744873 125.627613067627 125.646125793457 124.845062255859 124.864208221436 124.62283706665 124.902509689331 124.661344528198 123.464944839478 121.614889144897 122.943803787231 121.641262054443 122.968057632446 122.718587875366 122.992307662964 122.741968154907 123.016557693481 122.765352249146 122.77703666687 122.788732528687 122.80041885376 122.812107086182 124.655204772949 123.557474136353 123.416227340698 122.480194091797 121.790641784668 123.260427474976 123.389108657837 123.2353515625 122.822870254517 124.021587371826 123.069259643555 124.433870315552 124.477643966675 124.440727233887 123.163066864014 123.126670837402 125.154148101807 125.647888183594
131.658784866333 130.996562957764 129.604761123657 128.948774337769 127.658023834229 127.835208892822 128.134578704834 128.053575515747 126.244869232178 126.257265090942 125.447847366333 125.721271514893 125.734210968018 124.9273853302 125.500164031982 124.694850921631 124.708608627319 124.7223777771 124.736141204834 124.749906539917 122.989477157593 122.999950408936 122.750217437744 122.760261535645 123.031368255615 123.041837692261 122.790395736694 122.800447463989 122.810487747192 123.083721160889 124.320190429688 122.840629577637 122.915222167969 124.551496505737 122.923471450806 123.060297012329 122.394990921021 122.526166915894 122.120204925537 123.326057434082 123.460580825806 122.517402648926 123.891567230225 124.025342941284 124.598936080933 124.551469802856 124.504011154175 124.456544876099 124.702348709106 125.18560218811
131.184713363647 130.054906845093 129.710800170898 129.056179046631 128.975391387939 128.89461517334 128.247467041016 128.168558120728 126.356149673462 126.362957000732 126.109813690186 125.555166244507 125.562711715698 124.750301361084 125.31858253479 125.326309204102 124.77513885498 122.255823135376 123.575759887695 123.583736419678 123.035158157349 123.043970108032 122.793537139893 122.80193901062 123.070430755615 123.079242706299 123.088062286377 124.320432662964 123.105697631836 122.852344512939 122.598150253296 122.869144439697 122.94700050354 123.094310760498 122.972570419312 123.929883956909 123.802249908447 123.669940948486 121.922595977783 123.416759490967 123.559400558472 122.622180938721 122.762577056885 124.147846221924 124.189783096313 124.662212371826 124.604204177856 124.546199798584 124.780963897705 125.253742218018
132.074020385742 131.732719421387 131.077751159668 129.950883865356 129.301719665527 129.225761413574 128.581958770752 127.29181098938 126.430723190308 126.434328079224 126.437942504883 125.878339767456 125.882513046265 125.627655029297 124.672504425049 125.334032058716 125.338758468628 125.085216522217 123.870697021484 124.133222579956 123.579568862915 123.883316040039 123.628259658813 123.335842132568 123.080953598022 123.085300445557 123.089639663696 123.093984603882 122.837015151978 123.102670669556 123.107015609741 122.848808288574 122.922004699707 123.330635070801 123.47537612915 123.349403381348 123.218881607056 122.286260604858 122.424221038818 122.562189102173 122.700151443481 122.838119506836 122.976083755493 123.114046096802 123.233827590942 124.585155487061 124.687587738037 125.323778152466 125.718288421631 125.821617126465
132.593952178955 132.521703720093 131.612211227417 131.802282333374 131.47131729126 130.829271316528 129.708005905151 129.071292877197 127.815704345703 126.991163253784 126.993547439575 126.689699172974 126.692487716675 126.436347961426 126.439294815063 125.879037857056 125.882555007935 125.886072158813 124.405172348022 124.408540725708 123.848718643188 123.847015380859 123.586385726929 123.843603134155 123.582143783569 123.319849014282 123.317306518555 123.575778961182 123.021242141724 123.020088195801 123.018939971924 123.567293167114 123.367990493774 122.696695327759 123.894773483276 122.68504524231 122.539796829224 122.12246131897 122.248754501343 122.653886795044 123.321119308472 124.24847984314 123.290307998657 123.415399551392 123.516452789307 123.593469619751 124.924184799194 125.001720428467 125.615291595459 125.984140396118
133.11389541626 132.789035797119 132.146678924561 132.083953857422 130.963060379028 131.384943008423 130.266208648682 128.405797958374 128.116319656372 127.807361602783 127.80838394165 127.809404373169 128.303750991821 126.986019134521 126.987749099731 126.989477157593 126.426355361938 126.170360565186 125.86727142334 124.378618240356 124.375873565674 124.929111480713 124.359533309937 124.091924667358 124.083335876465 123.517133712769 122.182403564453 122.991146087646 124.048984527588 123.778432846069 122.702917098999 123.760416030884 122.746465682983 123.12664604187 122.974851608276 123.08904838562 122.385118484497 123.043508529663 121.362276077271 123.003156661987 122.838632583618 123.492334365845 123.604537963867 123.716751098633 123.799076080322 123.85152053833 123.903964996338 123.956405639648 124.008850097656 125.608814239502
133.633827209473 133.577327728271 133.520824432373 132.8860206604 132.830900192261 129.644184112549 129.589864730835 128.962791442871 128.67667388916 128.104822158813 128.363801956177 129.169208526611 127.535167694092 127.535690307617 127.277563095093 127.536720275879 126.970153808594 126.971260070801 126.972362518311 125.474945068359 126.708438873291 125.45200920105 125.436447143555 124.599580764771 124.58452796936 124.569473266602 124.554416656494 123.208368301392 123.192939758301 123.177515029907 123.162080764771 122.592329025269 122.925476074219 123.024806976318 123.391872406006 123.212753295898 123.316911697388 123.147796630859 121.72078704834 123.075469970703 123.175937652588 123.276405334473 123.918775558472 124.30242729187 124.081697463989 124.109563827515 124.137437820435 124.16530418396 124.193166732788 124.221036911011
134.153770446777 134.105144500732 134.316192626953 133.427892684937 130.49437713623 130.188207626343 130.141494750977 129.519784927368 130.563711166382 132.064325332642 128.660346984863 128.65905380249 128.086065292358 126.840587615967 126.580892562866 126.268445968628 127.513954162598 127.513854980469 127.772016525269 126.266340255737 127.503007888794 127.481832504272 127.719882965088 127.439489364624 127.4183177948 125.064197540283 125.042678833008 125.021156311035 124.999629974365 124.978109359741 123.883859634399 123.862468719482 124.414304733276 125.061498641968 123.25538444519 123.613843917847 123.704814910889 124.604557037354 123.612428665161 123.42568397522 123.790948867798 123.600805282593 123.688362121582 123.775930404663 124.364330291748 124.367618560791 124.370904922485 124.374202728271 124.377487182617 124.380784988403
133.340560913086 134.63295173645 134.009401321411 133.969760894775 133.930122375488 130.732238769531 130.693126678467 129.817911148071 129.797391891479 129.79425239563 129.474649429321 129.213422775269 127.38596534729 127.383583068848 129.967105865479 126.806707382202 126.546516418457 126.803159713745 128.313451766968 128.053821563721 128.03929901123 128.011558532715 127.724504470825 127.696338653564 127.668172836304 127.640007019043 126.094541549683 126.759510040283 126.731805801392 127.527345657349 127.236442565918 124.315362930298 124.075656890869 124.150787353516 124.225917816162 123.746114730835 123.822326660156 122.364015579224 123.974742889404 124.050954818726 124.676704406738 123.925207138062 123.999858856201 124.074506759644 124.101503372192 124.08083152771 124.604383468628 124.583097457886 124.561807632446 124.540529251099
135.452819824219 135.419864654541 134.802539825439 134.511636734009 134.479730606079 133.866401672363 132.581253051758 130.633764266968 130.616300582886 130.353366851807 129.771551132202 129.767793655396 128.506408691406 127.926580429077 127.922937393188 127.919309616089 127.341941833496 128.599040985107 128.854888916016 128.593997955322 128.575588226318 128.282297134399 128.247566223145 127.64430809021 128.178092956543 128.143350601196 127.542709350586 127.247276306152 127.474969863892 128.004409790039 127.969675064087 127.110094070435 124.782930374146 124.021276473999 124.642942428589 124.147584915161 124.210746765137 124.273902893066 124.337066650391 124.400220870972 124.463384628296 124.526542663574 124.868049621582 124.652854919434 124.381456375122 124.33643913269 124.291425704956 124.7919921875 124.746131896973 124.700267791748
135.713582992554 134.431280136108 135.077655792236 135.053504943848 135.029344558716 134.42179107666 134.398483276367 134.375169754028 131.176424026489 131.170820236206 130.327150344849 130.322166442871 130.317182540894 129.734371185303 129.730012893677 129.725654602051 129.145359039307 129.141633987427 129.137908935547 128.875755310059 127.326293945312 125.626749038696 127.24275970459 127.460929870605 128.378471374512 128.338443756104 128.298416137695 127.996719360352 127.69415473938 128.218948364258 128.177207946777 127.834892272949 124.961784362793 124.448848724365 124.498958587646 124.549058914185 124.599172592163 124.649272918701 124.971273422241 126.112773895264 126.165296554565 125.125406265259 125.453760147095 125.2281665802 124.940921783447 123.777267456055 124.522693634033 124.736637115479 124.383977890015 124.600439071655
136.233522415161 134.364000320435 134.265592575073 134.249208450317 134.734638214111 132.364326477051 134.703327178955 133.599712371826 134.6764793396 131.471601486206 130.882759094238 130.876543045044 130.870325088501 130.284038543701 130.278463363647 130.272888183594 129.689161300659 129.684225082397 129.420824050903 129.415853500366 129.648168563843 129.341556549072 129.29368019104 129.505851745605 129.45841217041 128.839605331421 128.792993545532 128.746389389038 128.437553405762 128.127847671509 128.343456268311 126.455907821655 124.839365005493 124.31192779541 124.91347694397 124.388019561768 124.4260597229 125.564552307129 125.603868484497 125.37096786499 125.135814666748 125.447340011597 124.654333114624 125.523706436157 124.218214035034 124.030492782593 123.938089370728 124.942428588867 124.850128173828 125.304723739624
136.163261413574 134.625434875488 135.887897491455 135.879257202148 134.009914398193 132.908357620239 132.899644851685 132.304744720459 133.38981628418 133.381839752197 131.696342468262 131.43091583252 129.562961578369 130.575531005859 130.568668365479 130.820127487183 130.232955932617 130.226816177368 129.962162017822 129.955953598022 130.184461593628 129.871181488037 129.816738128662 129.762294769287 129.968431472778 129.340770721436 129.287572860718 128.97247505188 128.918832778931 128.602428436279 128.548351287842 126.909543991089 124.976432800293 125.002378463745 124.761999130249 125.054281234741 125.080236434937 125.66930770874 125.694297790527 125.719285964966 125.184022903442 125.209981918335 123.67830657959 123.702890396118 123.658752441406 125.659255981445 122.888521194458 125.14822769165 125.031711578369 124.915185928345
134.307176589966 133.456840515137 136.089435577393 136.088939666748 136.088447570801 133.452388763428 132.862415313721 132.861738204956 132.856782913208 132.589839935303 131.99395942688 131.399394989014 131.39139175415 131.125289916992 131.117185592651 130.784112930298 129.231622695923 129.223533630371 127.85916519165 128.109689712524 130.461826324463 129.304067611694 130.339796066284 130.278781890869 129.64102935791 129.580804824829 129.520578384399 129.460355758667 129.400131225586 128.504217147827 127.158939361572 127.363178253174 125.414672851562 125.162141799927 125.174028396606 125.185905456543 125.197784423828 125.209671020508 126.055810928345 126.337915420532 125.516471862793 125.529201507568 124.25439453125 124.26686668396 123.930738449097 124.351245880127 123.114501953125 122.97631072998 125.213291168213 125.072563171387
133.963987350464 133.970476150513 135.336673736572 135.343349456787 135.350023269653 133.996416091919 133.41194152832 132.828079223633 132.826730728149 132.816961288452 131.960733413696 131.951503753662 131.684406280518 131.67505645752 129.787372589111 129.778005599976 128.666540145874 128.073190689087 128.064655303955 128.056118011475 128.019010543823 129.248575210571 130.28231048584 128.921197891235 127.495529174805 126.851173400879 126.785821914673 127.816997528076 128.01354598999 127.947967529297 127.307991027832 125.885452270508 125.588449478149 125.322088241577 125.586050033569 125.851415634155 125.850912094116 125.85041809082 125.849914550781 126.68529510498 125.848917007446 124.55689239502 124.556259155273 123.183887481689 124.202724456787 125.605451583862 123.340486526489 123.178504943848 123.7424659729 124.678504943848
-9999 134.203281402588 134.214155197144 133.374937057495 133.643131256104 133.654233932495 133.665332794189 133.676435470581 132.828771591187 132.820440292358 132.221794128418 131.956554412842 129.808572769165 128.695684432983 128.945865631104 128.938180923462 128.93049621582 128.337135314941 128.330112457275 128.064365386963 128.024187088013 127.368144989014 127.555614471436 127.483633041382 127.150913238525 127.078506469727 127.006097793579 126.933689117432 127.381721496582 125.949438095093 125.877380371094 126.069087982178 126.029005050659 125.7555103302 126.011905670166 126.00336265564 125.994804382324 125.986261367798 125.977712631226 126.237989425659 126.230087280273 126.492307662964 124.921506881714 124.913505554199 124.553018569946 124.109008789062 125.223321914673 122.945858001709 123.776327133179 124.98240852356
-9999 -9999 133.316638946533 133.328912734985 133.598077774048 133.610332489014 133.622591018677 133.37801361084 132.789543151855 132.785579681396 132.190586090088 132.187267303467 130.0445728302 128.936071395874 128.93260383606 129.187147140503 128.33847618103 128.335657119751 128.591314315796 127.744729995728 127.444858551025 127.364736557007 127.28461265564 126.622495651245 125.248985290527 126.463945388794 127.745840072632 127.66622543335 126.22611618042 124.855785369873 124.514186859131 124.43514251709 123.815176010132 125.358108520508 125.347593307495 125.33708190918 125.897260665894 124.595613479614 125.874418258667 125.862998962402 125.851573944092 126.650316238403 127.47692489624 126.631576538086 124.709024429321 124.268072128296 125.383823394775 125.491182327271 124.219390869141 123.774003982544
