data/spatiotemp/temp3/bio1_norsw_test_2011_2014.asc
NCOLS 654 
NROWS 380 
XLLCORNER 3.91666666666667 
YLLCORNER 55.3333333333333 
CELLSIZE 0.0416666666666667 
NODATA_value -9999 
[rows 308 to 329 of 380, columns 200 to 249 of 654]
7.43947041034698 7.66925418376923 7.72720444202423 7.48398876190186 7.2337726354599 7.26272344589233 7.3758407831192 7.5602912902832 7.55574202537537 7.59135937690735 7.60280990600586 7.59542727470398 7.57835257053375 7.55308496952057 7.50748443603516 7.53221702575684 7.56778311729431 7.59201550483704 7.59324824810028 7.57998085021973 7.55421340465546 7.53761279582977 7.50184559822083 7.42924499511719 7.35020101070404 7.20038104057312 7.061394572258 7.00340783596039 6.96975433826447 7.02276766300201 7.11028099060059 7.11262762546539 6.96097409725189 6.72098755836487 6.68633413314819 6.93568074703217 6.94666361808777 7.13578271865845 7.30256831645966 7.31502103805542 7.31413996219635 7.30375909805298 7.30921137332916 7.31599700450897 7.29678285121918 7.21756863594055 7.1810210943222 7.26547336578369 7.47964322566986 7.66719746589661
7.57525062561035 7.66023623943329 7.67288887500763 7.60770797729492 7.50469398498535 7.46101319789886 7.46083247661591 7.44981813430786 7.49130427837372 7.53762316703796 7.56294238567352 7.57259511947632 7.54335308074951 7.48055028915405 7.518914103508 7.56994462013245 7.60064172744751 7.6051721572876 7.57936954498291 7.55989992618561 7.51993060112 7.48496091365814 7.42982470989227 7.3675217628479 7.26826679706573 7.09405994415283 7.00235307216644 7.00014591217041 7.00743877887726 7.0345653295517 7.04302489757538 6.99931788444519 6.94127774238586 6.76107060909271 6.84186363220215 6.96865677833557 6.9691344499588 7.14346325397491 7.21595919132233 7.24878811836243 7.24095058441162 7.24177956581116 7.25560867786407 7.25993776321411 7.22943341732025 7.03676235675812 6.97792494297028 7.17192041873932 7.53810608386993 7.74414801597595
7.50101745128632 7.50604736804962 7.51407659053802 7.49327301979065 7.4618022441864 7.42983186244965 7.43819487094879 7.44955766201019 7.49558699131012 7.49495005607605 7.52797937393188 7.55317568778992 7.51573884487152 7.50100266933441 7.54209935665131 7.55369639396667 7.56695985794067 7.55389034748077 7.53965377807617 7.52191758155823 7.47151434421539 7.40244483947754 7.29370820522308 7.20830512046814 7.13508307933807 7.0243753194809 6.94500076770782 6.96145987510681 6.95691871643066 6.82521080970764 6.7685033082962 6.72979521751404 6.77408766746521 6.85821318626404 6.89900541305542 6.73529779911041 6.68854570388794 6.92591631412506 7.14545333385468 7.1678239107132 7.15786099433899 7.1767315864563 7.16743552684784 7.17263925075531 7.13950991630554 6.95121359825134 7.11525106430054 7.42528820037842 7.62450432777405 7.69289970397949
7.57793843746185 7.49168646335602 7.43493485450745 7.4203497171402 7.43659830093384 7.42967987060547 7.42209470272064 7.45000958442688 7.42142462730408 7.45017278194427 7.51242089271545 7.56000256538391 7.55300939083099 7.55127453804016 7.54070675373077 7.52613878250122 7.52007079124451 7.50366950035095 7.47260165214539 7.44653344154358 7.40196549892426 7.29773080348969 7.18382942676544 7.13559472560883 7.02948307991028 6.9363272190094 6.88483846187592 6.85334920883179 6.63536024093628 6.39053797721863 6.37604880332947 6.6223931312561 6.62390410900116 6.76558172702789 6.8357595205307 6.59710383415222 6.43806433677673 6.76580786705017 7.07088470458984 7.07346153259277 7.11203813552856 7.12744855880737 7.11685883998871 7.06193542480469 6.97201228141785 6.96975576877594 7.23033273220062 7.49790966510773 7.64183819293976 7.63995206356049
7.5263592004776 7.50315940380096 7.47595977783203 7.51542675495148 7.43656051158905 7.43319404125214 7.46582782268524 7.49346160888672 7.48909521102905 7.46172893047333 7.47536253929138 7.5063294172287 7.54377996921539 7.56204688549042 7.54981398582458 7.50558125972748 7.46068167686462 7.437615275383 7.38021564483643 7.31898272037506 7.25724971294403 7.13418352603912 7.07595074176788 7.03471755981445 6.98021638393402 6.90427935123444 6.81384241580963 6.69607186317444 6.60946846008301 6.57886469364166 6.58376145362854 6.56649136543274 6.4958872795105 6.7159503698349 6.7116801738739 6.47590982913971 6.57324981689453 6.7320328950882 6.93464934825897 6.93259906768799 6.96788215637207 6.93799877166748 6.94894862174988 6.8698982000351 6.70851480960846 6.78413128852844 7.03174781799316 7.4741975069046 7.61300539970398 7.5991712808609
7.56494653224945 7.4689656496048 7.53365135192871 7.44850361347198 7.32652270793915 7.4435418844223 7.53789448738098 7.48958015441895 7.43093264102936 7.42395174503326 7.42447066307068 7.48798990249634 7.52671706676483 7.54281938076019 7.50225472450256 7.46669042110443 7.43812584877014 7.38139450550079 7.32432985305786 7.23209893703461 7.161700963974 7.03813660144806 6.98440539836884 6.96417415142059 6.86778283119202 6.8042311668396 6.71884620189667 6.61746144294739 6.5844099521637 6.55669176578522 6.56164026260376 6.53325533866882 6.52470397949219 6.60681915283203 6.57210099697113 6.55338263511658 6.59276843070984 6.69125771522522 6.76791393756866 6.79757010936737 6.84089279174805 6.66504907608032 6.51187169551849 6.48419451713562 6.62151730060577 6.75967335700989 7.08416283130646 7.47881889343262 7.54650616645813 7.54455697536469
7.62986707687378 7.5201051235199 7.43450939655304 7.31374752521515 7.31831860542297 7.62872338294983 7.65812754631042 7.55686545372009 7.3926032781601 7.39600765705109 7.46207892894745 7.50965023040771 7.5341545343399 7.54642498493195 7.50569558143616 7.47329938411713 7.45507001876831 7.39017391204834 7.33294439315796 7.2880482673645 7.16248536109924 6.98842263221741 6.95202660560608 6.89646375179291 6.79584920406342 6.74318301677704 6.67651689052582 6.61185085773468 6.57435154914856 6.55335199832916 6.54168605804443 6.52051997184753 6.51452028751373 6.51818776130676 6.48868823051453 6.50068891048431 6.53128707408905 6.60331606864929 6.65901172161102 6.58754110336304 6.54940342903137 6.41193246841431 6.38496160507202 6.49049055576324 6.60151970386505 6.76804876327515 7.16907799243927 7.45494019985199 7.47233974933624 7.43144285678864
7.64028787612915 7.48207771778107 7.37120115756989 7.30265748500824 7.46744775772095 7.69773745536804 7.54969429969788 7.36431753635406 7.365607380867 7.49756419658661 7.54552042484283 7.56464385986328 7.56309163570404 7.55703055858612 7.48713612556458 7.41457498073578 7.33918082714081 7.29195296764374 7.21355855464935 7.1346640586853 7.0874365568161 6.94204223155975 6.8981477022171 6.78941988945007 6.75274908542633 6.6979683637619 6.64385437965393 6.62424027919769 6.57779324054718 6.55484580993652 6.53456509113312 6.51528441905975 6.48217034339905 6.46422302722931 6.43210911750793 6.42782831192017 6.46080577373505 6.46587455272675 6.50027644634247 6.29017853736877 6.26341390609741 6.24881601333618 6.43771815299988 6.50178670883179 6.63252222537994 6.9417576789856 7.30415952205658 7.38406157493591 7.34484028816223 7.24699532985687
7.58020842075348 7.41905057430267 7.41289281845093 7.48323476314545 7.61874341964722 7.37791872024536 7.32142734527588 7.43826925754547 7.61061143875122 7.60312020778656 7.51446199417114 7.4934709072113 7.39686191082001 7.41363608837128 7.36074352264404 7.27235066890717 7.25429153442383 7.19439899921417 7.12383961677551 7.11444711685181 7.01238763332367 6.91249477863312 6.90576887130737 6.79487633705139 6.73481559753418 6.69025373458862 6.62935829162598 6.59379649162292 6.5300680398941 6.5105060338974 6.52627766132355 6.46154892444611 6.40048706531525 6.3929249048233 6.354363322258 6.38896787166595 6.41482436656952 6.44326603412628 6.33037459850311 6.24214959144592 6.18309116363525 6.29136610031128 6.47097456455231 6.54641628265381 6.81602466106415 7.19696640968323 7.30324137210846 7.32751643657684 7.3203409910202 7.3123813867569
7.59412920475006 7.55135667324066 7.59291756153107 7.73564505577087 7.8030389547348 7.75776636600494 7.75066077709198 7.74672138690948 7.60294890403748 7.45034313201904 7.38540375232697 7.32146430015564 7.25946605205536 7.23240840435028 7.25268423557281 7.24329316616058 7.21206903457642 7.08584475517273 7.09378731250763 7.051229596138 6.86683857440948 6.8857809305191 6.82672345638275 6.74149918556213 6.65221560001373 6.61253905296326 6.55319595336914 6.53151941299438 6.47500956058502 6.51499962806702 6.41898989677429 6.30898010730743 6.36897015571594 6.39262700080872 6.31461715698242 6.33677387237549 6.28817641735077 6.37382435798645 6.452472448349 6.39095377922058 6.35860180854797 6.41041648387909 6.50173127651215 6.62021243572235 6.91702711582184 7.20800840854645 7.23482322692871 7.25847101211548 7.26800799369812 7.1856005191803
7.62804996967316 7.6473296880722 7.85144245624542 7.89338862895966 7.89716815948486 7.83711421489716 7.76722729206085 7.66784012317657 7.45711946487427 7.22623240947723 7.07034516334534 7.01912474632263 7.01490342617035 7.03584742546082 7.18929159641266 7.28956913948059 7.18601322174072 7.09079074859619 7.03623485565186 6.8001788854599 6.76128971576691 6.8052339553833 6.69617819786072 6.67662215232849 6.62078213691711 6.59432435035706 6.56453323364258 6.49607563018799 6.57111775875092 6.48382675647736 6.35403549671173 6.31757771968842 6.33612012863159 6.37549579143524 6.28003799915314 6.25641345977783 6.38352847099304 6.40804934501648 6.50907039642334 6.43209135532379 6.33411228656769 6.45246648788452 6.5106543302536 6.57234215736389 6.83802950382233 7.12055051326752 7.15790462493896 7.13859248161316 7.06200861930847 6.77715301513672
7.69147074222565 7.77246916294098 7.87696743011475 7.8347989320755 7.79796373844147 7.67329561710358 7.66496050357819 7.51795864105225 7.35229051113129 7.14795506000519 6.99895346164703 6.93128502368927 6.95934057235718 7.05428636074066 7.19639909267426 7.25584506988525 7.2374575138092 7.08156991004944 7.10084915161133 6.81346166133881 6.76557421684265 6.85868668556213 6.65146601200104 6.74124526977539 6.72201526165009 6.71260964870453 6.6733705997467 6.5802983045578 6.70705926418304 6.36965358257294 6.2825813293457 6.30717575550079 6.19093656539917 6.29069757461548 6.1661251783371 6.16038620471954 6.34604704380035 6.39094114303589 6.44766819477081 6.45839548110962 6.40645623207092 6.45701682567596 6.50041079521179 6.52397131919861 6.70303201675415 6.90342605113983 7.084153175354 7.0305472612381 6.80434250831604 6.6157054901123
7.79905819892883 7.83477520942688 7.75515878200531 7.77670955657959 7.5765928030014 7.43597662448883 7.45019364356995 7.27724397182465 7.24929404258728 7.24484467506409 7.12856185436249 7.05994546413422 7.05394434928894 7.00522518157959 7.03267288208008 7.01728713512421 6.99240148067474 7.21701574325562 7.14363026618958 6.953577876091 6.90169215202332 6.86913967132568 6.70975399017334 6.73670136928558 6.6935818195343 6.56606161594391 6.67020809650421 6.71385431289673 6.66550087928772 6.31164717674255 6.21029365062714 6.22910666465759 6.20891976356506 6.18239951133728 6.13137936592102 6.1165257692337 6.33256566524506 6.352166056633 6.47076618671417 6.44836640357971 6.35013341903687 6.44806706905365 6.49866724014282 6.50810086727142 6.56136786937714 6.78396809101105 7.00423491001129 6.95066845417023 6.74217629432678 6.44292485713959
7.97381234169006 7.80008149147034 7.64885067939758 7.61145281791687 7.45355546474457 7.44349086284637 7.37076008319855 7.20969581604004 7.31663191318512 7.26923394203186 7.16083657741547 7.1054390668869 7.09438169002533 7.01816439628601 6.7856137752533 6.86689651012421 7.12234568595886 7.19696187973022 6.70191097259521 6.69536054134369 6.7916431427002 6.54825913906097 6.49120831489563 6.6814911365509 6.58264827728271 6.4120135307312 6.577712059021 6.89707720279694 6.54210913181305 6.27530753612518 6.13483941555023 6.07437121868134 6.14440298080444 6.1342681646347 6.16646695137024 6.16666531562805 6.36841785907745 6.44455766677856 6.48936426639557 6.44317078590393 6.42581069469452 6.43028390407562 6.47359037399292 6.5350638628006 6.61070358753204 6.72367691993713 6.78531670570374 6.59312331676483 6.61201012134552 6.53064393997192
7.76116907596588 7.70370364189148 7.66323840618134 7.53193950653076 7.3538076877594 7.5146758556366 7.50171041488647 7.33357834815979 7.37711298465729 7.22931456565857 7.16584920883179 7.03405034542084 7.0176088809967 7.15535819530487 7.05627405643463 7.15502333641052 7.47093915939331 7.22552168369293 6.87543749809265 6.6278532743454 6.69926917552948 6.56985151767731 6.50710070133209 6.57301664352417 6.59165954589844 6.5610294342041 6.77423298358917 6.94843602180481 6.6006395816803 6.29050946235657 6.20221281051636 6.08424937725067 6.12678623199463 6.08265602588654 6.08569276332855 6.13472950458527 6.28116166591644 6.4371565580368 6.51565146446228 6.39531278610229 6.37814080715179 6.36946904659271 6.42363047599792 6.46745872497559 6.48895347118378 6.50328147411346 6.39744305610657 6.31377100944519 6.3680591583252 6.43097352981567
7.69729495048523 7.62480878829956 7.58998930454254 7.45066976547241 7.35568332672119 7.50169706344604 7.42271077632904 7.53905820846558 7.3807384967804 7.32891893386841 7.25059914588928 7.1637796163559 7.27329349517822 7.32964050769806 7.31432092189789 7.33866798877716 7.3030149936676 7.17636203765869 6.99654233455658 6.84522294998169 6.7622367143631 6.84975016117096 6.78793084621429 6.81694447994232 6.89578199386597 6.95577609539032 6.96460378170013 6.89293110370636 6.64275848865509 6.47375297546387 6.2985805273056 6.22824132442474 6.26523566246033 6.10306310653687 6.10105717182159 6.13005173206329 6.26479768753052 6.47612929344177 6.48362755775452 6.36379265785217 6.28329086303711 6.29945552349091 6.33045387268066 6.40561890602112 6.44528377056122 6.43144881725311 6.36994707584381 6.31711196899414 6.3436564207077 6.34741365909576
7.59992110729218 7.51724743843079 7.54007363319397 7.53956639766693 7.53955912590027 7.68138539791107 7.59921145439148 7.45753753185272 7.32503032684326 7.35135662555695 7.29451608657837 7.2336757183075 7.19214451313019 7.25792264938354 7.33903443813324 7.3313125371933 7.27875792980194 7.18120276927948 7.00581431388855 6.90075933933258 6.94070410728455 7.00781559944153 6.94676089286804 6.96720576286316 7.00973761081696 7.03718936443329 6.95864105224609 6.91142606735229 6.79437780380249 6.58949637413025 6.45594799518585 6.40823328495026 6.31135165691376 6.15797019004822 6.1585887670517 6.24087369441986 6.43226730823517 6.4952689409256 6.43760395050049 6.40493881702423 6.28627383708954 6.25994229316711 6.29061090946198 6.37294590473175 6.37628090381622 6.37011611461639 6.34461784362793 6.33861947059631 6.31892037391663 6.301353931427
7.68771398067474 7.62001931667328 7.62399101257324 7.62996304035187 7.74326825141907 7.71524012088776 7.48154544830322 7.42101716995239 7.42865562438965 7.34746086597443 7.36659955978394 7.35473811626434 7.40599548816681 7.43503844738007 7.40291440486908 7.39862394332886 7.37383365631104 7.22904336452484 7.03875279426575 6.86446213722229 7.00850522518158 7.0240478515625 7.0267573595047 7.00580036640167 6.95635962486267 6.92326891422272 6.94267845153809 6.82075452804565 6.75516366958618 6.63907313346863 6.70581579208374 6.560391664505 6.48030126094818 6.41371047496796 6.40245318412781 6.5283625125885 6.55156993865967 6.49757492542267 6.42691361904144 6.42041873931885 6.32625710964203 6.26026237010956 6.3281010389328 6.35060620307922 6.36444485187531 6.3692831993103 6.35278856754303 6.35396027565002 6.33951771259308 6.25096035003662
7.59167337417603 7.53445768356323 7.61307549476624 7.68802642822266 7.88914406299591 7.75626182556152 7.64987921714783 7.57133007049561 7.52211427688599 7.55506527423859 7.552849650383 7.49230062961578 7.55168008804321 7.47132086753845 7.37079477310181 7.3279355764389 7.29207646846771 7.24605047702789 7.07569098472595 6.99433171749115 7.04713940620422 7.01328015327454 6.97108745574951 7.03322803974152 6.99614858627319 6.93651556968689 6.95054912567139 6.81558287143707 6.78211629390717 6.75848317146301 6.73451685905457 6.68671715259552 6.70791733264923 6.64361763000488 6.66165113449097 6.63085126876831 6.52553915977478 6.47938132286072 6.41072309017181 6.39606523513794 6.29124057292938 6.29541575908661 6.3440910577774 6.35609984397888 6.41460847854614 6.39728379249573 6.38145935535431 6.44096791744232 6.40261495113373 6.27006733417511
7.7124662399292 7.74006295204163 7.70032620429993 7.88275635242462 7.93335318565369 7.68244969844818 7.6823798418045 7.63397634029388 7.5437399148941 7.57983636856079 7.67809975147247 7.67052984237671 7.41386425495148 7.23960268497467 7.18767488002777 7.10791349411011 7.06531882286072 7.05889058113098 7.05696272850037 7.12786829471588 7.13793992996216 7.0776789188385 7.03258407115936 6.97315609455109 6.86110460758209 6.89859545230865 6.96275317668915 6.8949111700058 6.842902302742 6.78105998039246 6.70188450813293 6.72470891475677 6.80386674404144 6.75452446937561 6.74168229103088 6.61734008789062 6.49584186077118 6.51968741416931 6.39919936656952 6.28471148014069 6.2850569486618 6.32456922531128 6.31108140945435 6.42326021194458 6.49493885040283 6.50361788272858 6.46679663658142 6.46414196491241 6.44304573535919 6.34800755977631
8.15725898742676 8.07416820526123 8.02691054344177 7.93448638916016 7.73056197166443 7.71630465984344 7.78671336174011 7.64862263202667 7.72236526012421 7.79410743713379 7.7653501033783 7.54309225082397 7.33804881572723 7.18738508224487 7.09872162342072 7.02439165115356 7.00889480113983 6.99673128128052 7.05506801605225 7.04273760318756 7.12874102592468 7.04041111469269 7.02274763584137 6.85775089263916 6.85722672939301 6.90450870990753 6.97045719623566 6.88257277011871 6.7485214471817 6.69047021865845 6.6820855140686 6.75703418254852 6.84598290920258 6.85326480865479 6.79004681110382 6.60582888126373 6.55714452266693 6.42066013813019 6.31300890445709 6.32969129085541 6.34404015541077 6.31372261047363 6.38423812389374 6.4260870218277 6.56076920032501 6.55195164680481 6.44180071353912 6.38448297977448 6.44847631454468 6.46728086471558
7.98838496208191 7.89960634708405 7.78499484062195 7.64804935455322 7.64377093315125 7.67882609367371 7.85221409797668 7.80993568897247 7.76199042797089 7.67337846755981 7.6179336309433 7.37232172489166 7.19573283195496 7.07916748523712 6.99676847457886 6.93486952781677 6.96213746070862 7.02573871612549 6.99850630760193 7.03510773181915 7.11937510967255 7.04430973529816 7.00557732582092 6.93817853927612 6.88268232345581 6.92258846759796 6.84182810783386 6.82640111446381 6.74897420406342 6.71671378612518 6.65111994743347 6.70952606201172 6.86743235588074 6.8721718788147 6.75374484062195 6.60998451709747 6.52928042411804 6.3852995634079 6.38031852245331 6.40217101573944 6.47952353954315 6.40854251384735 6.46572840213776 6.47324752807617 6.60926651954651 6.57945239543915 6.45713794231415 6.37082386016846 6.45624053478241 6.50822103023529
