data/spatiotemp/temp3/bio13_norsw_test_2011_2014.asc
NCOLS 654 
NROWS 380 
XLLCORNER 3.91666666666667 
YLLCORNER 55.3333333333333 
CELLSIZE 0.0416666666666667 
NODATA_value -9999 
[rows 44 to 65 of 380, columns 500 to 549 of 654]
82.0664443969727 80.6012306213379 80.5751285552979 81.6964836120605 81.6700954437256 80.4968204498291 80.4707145690918 81.5909404754639 81.5645542144775 82.3886108398438 82.6572685241699 83.4794750213623 85.4794254302979 84.6716003417969 84.7121276855469 83.6052494049072 82.7977638244629 80.5403785705566 79.4297275543213 79.4678268432617 78.6595897674561 78.3925952911377 77.8220176696777 75.3163414001465 76.6475028991699 79.5657711029053 80.1662521362305 79.2762985229492 78.2926197052002 77.4033203125 78.1291198730469 77.7335166931152 79.0475845336914 79.4648056030273 78.4838752746582 78.4947490692139 78.9318504333496 77.9856815338135 78.4438610076904 78.4911060333252 77.6428298950195 76.6951007843018 75.4281959533691 76.2128314971924 75.9418449401855 76.308479309082 75.4630756378174 75.5112781524658 75.5480937957764 75.5735149383545
82.2963371276855 80.5634517669678 82.5334625244141 82.215690612793 83.0394611358643 83.3041973114014 83.2770385742188 84.0981922149658 85.2116889953613 84.0423069000244 83.1683940887451 83.1412315368652 84.2919521331787 84.3396091461182 83.2448768615723 82.1486167907715 81.0508136749268 80.2523822784424 79.1524639129639 78.8944358825684 79.2420082092285 78.4437217712402 77.3401565551758 75.1699466705322 77.4121246337891 78.7203903198242 77.8329486846924 78.1510009765625 78.1605854034424 79.4716300964355 81.5003890991211 81.5119323730469 80.6281318664551 79.6490631103516 79.6609077453613 79.0913429260254 79.1242656707764 77.8713397979736 77.0293979644775 77.0816783905029 76.1397953033447 76.1912460327148 76.9807071685791 77.0344467163086 77.0881900787354 77.1419334411621 76.304801940918 77.678897857666 76.8257179260254 76.4130687713623
82.2911853790283 83.1159038543701 84.229175567627 85.3419322967529 85.3155899047852 86.1359634399414 84.9708023071289 85.236572265625 86.0546455383301 85.1838932037354 84.8634204864502 83.9944591522217 83.7097415924072 83.2110748291016 82.9613723754883 83.0080032348633 81.073709487915 79.9789333343506 80.0242290496826 79.7674407958984 78.9716911315918 77.8723316192627 76.807071685791 77.6030368804932 79.8433265686035 79.2698459625244 78.3899421691895 79.2960948944092 78.7253456115723 78.7391510009766 79.1606998443604 81.0576610565186 80.8018169403076 80.0960388183594 79.5305233001709 79.5454711914062 78.6884937286377 77.1748390197754 78.2215309143066 79.5849609375 79.9576435089111 77.3941135406494 77.4489307403564 79.2413806915283 78.7283725738525 78.787281036377 79.4153690338135 78.4738178253174 77.6233158111572 77.0738525390625
84.0227508544922 84.846134185791 85.6680355072021 86.7783679962158 87.0434169769287 87.8626499176025 88.1284980773926 87.8114719390869 86.6515598297119 86.9191627502441 85.7604427337646 84.6021766662598 84.609712600708 83.8103179931641 82.7148704528809 82.456392288208 81.6565189361572 81.694938659668 81.7333545684814 80.6332664489746 79.5318470001221 78.429105758667 76.6195449829102 77.0057430267334 78.3506813049316 78.7752170562744 79.1004772186279 79.5274105072021 79.4462261199951 79.1568984985352 80.0644474029541 79.9149055480957 80.6564559936523 80.6776084899902 80.6987609863281 80.1435432434082 79.2933349609375 78.6189212799072 78.9850902557373 80.1907844543457 78.939847946167 79.3108940124512 80.8235378265381 80.3090972900391 80.9333152770996 79.1060943603516 77.844596862793 77.89768409729 79.5724124908447 78.1456985473633
85.7418575286865 87.6965045928955 87.6734561920166 88.7825012207031 89.6014251708984 89.5774707794189 89.5535144805908 88.6895275115967 88.6662826538086 87.5121250152588 86.3583526611328 84.3677825927734 84.3726711273193 83.2731170654297 83.3042755126953 82.4999027252197 82.2336292266846 81.4294414520264 81.4604110717773 80.3567295074463 80.387134552002 79.2817649841309 78.4786930084229 77.3923950195312 78.1555366516113 79.4727573394775 79.4966869354248 80.2376880645752 80.2628192901611 79.7109336853027 79.7366237640381 80.6472797393799 81.08642578125 81.1127586364746 80.979606628418 80.4334907531738 80.474271774292 80.5277462005615 80.732738494873 80.2134704589844 80.5796394348145 80.6321201324463 80.6846008300781 80.1703453063965 80.2237071990967 78.9641647338867 79.7663555145264 80.3838062286377 80.1803016662598 79.4529418945312
87.4484977722168 88.5570392608643 89.6652545928955 90.4846210479736 90.4631061553955 90.4415893554688 90.4200782775879 90.3985652923584 89.5402679443359 88.3916969299316 87.2434482574463 85.5534915924072 84.4290428161621 84.1596126556396 83.3503608703613 82.2458534240723 82.2698383331299 82.2938175201416 81.1874694824219 81.2109870910645 81.2345066070557 80.126314163208 79.0171909332275 77.6057567596436 79.2515850067139 80.2682876586914 80.6035766601562 80.2215614318848 80.0899486541748 80.1208477020264 80.4594955444336 80.4909687042236 80.9381618499756 80.9702930450439 81.4194660186768 80.8813381195068 81.2342205047607 83.1557140350342 82.6382713317871 82.2669448852539 81.0122661590576 79.7551345825195 79.5529232025146 79.6023788452148 78.7725143432617 78.8222332000732 79.6228847503662 78.7961711883545 79.156400680542 79.1884517669678
90.2684211730957 90.2495346069336 91.3561344146729 91.3371238708496 91.318115234375 90.1740131378174 89.0301780700684 88.1765365600586 88.1584453582764 87.0157871246338 86.99782371521 86.9798622131348 86.1474208831787 86.1643810272217 85.0562057495117 83.9473114013672 83.1340923309326 83.1508903503418 82.0411014556885 82.0575313568115 80.9466667175293 79.8350791931152 79.0940647125244 78.2871398925781 78.6418266296387 79.6623573303223 80.0020179748535 79.8804035186768 81.2094459533691 81.2469387054443 82.5784397125244 83.4942760467529 81.5160236358643 81.5552139282227 81.1750564575195 81.3237342834473 82.0979595184326 81.7242374420166 79.9043273925781 79.9513778686523 79.9984245300293 79.0541286468506 79.1006336212158 79.4619636535645 78.6329383850098 78.1204528808594 78.1686687469482 77.8995761871338 78.258752822876 78.2942714691162
91.9466667175293 93.0518665313721 93.0347919464111 92.7305774688721 91.8787746429443 91.0282135009766 89.8901882171631 89.0416221618652 89.0260047912598 88.7200679779053 87.8734836578369 87.8579654693604 88.9757843017578 88.6916828155518 87.0439033508301 85.9311351776123 84.8178520202637 83.704044342041 82.5897197723389 81.7732830047607 81.7821674346924 80.6674480438232 79.8533229827881 79.5605735778809 79.012170791626 80.3401412963867 80.3811130523682 80.1580638885498 80.6174144744873 80.510425567627 81.1215305328369 81.8912467956543 82.5025005340576 81.9805297851562 81.4593200683594 80.2073554992676 80.2513046264648 81.0301723480225 81.0759029388428 80.6943244934082 80.1772537231445 79.3489360809326 79.394401550293 78.8808994293213 78.927209854126 78.973518371582 78.026927947998 77.2004127502441 77.1220474243164 76.2890090942383
93.6944522857666 94.3745880126953 93.6848640441895 93.56760597229 92.4341144561768 91.588285446167 90.4556007385254 92.6780605316162 93.0044345855713 91.5311603546143 90.6889343261719 89.5571842193604 88.7236652374268 88.4319877624512 87.3133239746094 85.3698577880859 84.8412971496582 84.5472068786621 83.4290561676025 82.6082611083984 82.3111896514893 81.4917011260986 80.3733310699463 79.3238010406494 80.3738441467285 80.3713531494141 80.7536678314209 80.5386047363281 80.5860290527344 80.4891052246094 80.5375862121582 81.3139171600342 81.3637142181396 80.8501281738281 79.913200378418 80.3876266479492 79.4459991455078 80.4758892059326 79.9574069976807 80.0002670288086 80.0431270599365 80.0859851837158 78.8257102966309 78.311149597168 77.7982444763184 78.3964385986328 77.4473400115967 76.1812572479248 75.6710195541382 76.1545276641846
94.9816360473633 94.1376667022705 95.2401676177979 93.4478778839111 92.9841556549072 92.1430988311768 92.1309356689453 93.2338752746582 94.3367347717285 92.383451461792 91.2568378448486 89.3054084777832 88.4715385437012 88.1722927093506 86.2262134552002 85.3968048095703 85.0956325531006 84.2678127288818 83.1455707550049 83.1385917663574 82.3139953613281 81.1923522949219 80.3701648712158 81.2628364562988 81.3165035247803 80.8066558837891 81.5822982788086 80.7716255187988 80.2638397216797 80.3181552886963 80.3724708557129 80.7321033477783 81.5177001953125 81.5739517211914 79.7762680053711 79.6987361907959 79.4388847351074 78.9200019836426 79.2702407836914 79.3115043640137 79.0417976379395 78.0933628082275 78.1336498260498 77.307165145874 77.3475971221924 76.835865020752 76.4378757476807 76.4779949188232 76.522177696228 76.5704202651978
97.1458396911621 97.1436882019043 95.9179840087891 95.7631511688232 95.4669990539551 94.6302146911621 94.9063835144043 92.9599323272705 92.9504909515381 91.8291988372803 89.8849430084229 89.0536365509033 87.9292793273926 87.0918235778809 85.9643211364746 85.129638671875 84.8212261199951 83.9884147644043 83.1574230194092 83.1435642242432 82.0182418823242 82.0044250488281 81.9906158447266 81.9767990112305 81.8253364562988 81.3261852264404 80.5258445739746 80.8879795074463 80.9485263824463 80.4505825042725 79.2235794067383 80.0139846801758 79.5170402526855 79.5781898498535 79.6393394470215 80.1298847198486 80.1794719696045 79.3524627685547 78.8346328735352 80.170223236084 79.6557083129883 78.8246593475342 77.9987907409668 78.3490867614746 77.5242481231689 76.2600479125977 76.2978601455688 76.3356685638428 77.1387882232666 78.6043891906738
99.5942344665527 98.6556034088135 98.6546783447266 97.4326801300049 96.8970985412598 96.5626201629639 95.7323989868164 93.794605255127 92.6793079376221 91.851619720459 91.8454513549805 89.6218147277832 89.6056785583496 87.9432411193848 87.9191913604736 87.6031017303467 85.947811126709 85.6311531066895 84.7942047119141 83.9592609405518 83.6411819458008 82.808385848999 81.9775867462158 81.136568069458 81.1494388580322 81.0009880065918 81.4915752410889 81.5584831237793 80.7678298950195 82.1191940307617 82.0624160766602 81.2709865570068 81.2123680114746 81.2803592681885 80.7936534881592 80.8617877960205 80.9132385253906 79.6535835266113 79.134973526001 78.308967590332 77.7927951812744 77.8283615112305 77.3145408630371 76.9117031097412 77.3872489929199 76.9825305938721 76.7040987014771 76.9508409500122 76.9981908798218 77.6015138626099
100.958520889282 100.157300949097 99.6241970062256 99.9089679718018 98.4864616394043 96.5561065673828 95.4465579986572 94.3368873596191 94.33251953125 92.4041862487793 91.5822620391846 90.7613258361816 89.6480045318604 88.4984893798828 88.4651145935059 87.3269596099854 87.2938327789307 86.4494552612305 85.6072578430176 84.4725131988525 83.6338367462158 82.5009231567383 83.0099411010742 83.9009208679199 84.9461688995361 84.7567958831787 84.5319519042969 84.0540599822998 83.8775863647461 83.9529418945312 82.7436752319336 83.2484321594238 82.7711887359619 82.8460998535156 82.3690967559814 81.5867710113525 80.7826347351074 79.406909942627 79.4401454925537 79.7816619873047 78.9582843780518 78.9922885894775 79.3367195129395 79.3714370727539 78.9644508361816 78.1412792205811 78.6186065673828 78.2091283798218 77.9433002471924 77.9072942733765
101.51576423645 101.116994857788 100.186405181885 100.189176559448 99.0038909912109 98.7175731658936 97.0801086425781 95.9761524200439 94.872013092041 92.9517135620117 94.3393898010254 92.4208641052246 90.4820003509521 89.3375759124756 89.2955322265625 89.2534885406494 88.1104526519775 86.1598091125488 85.0193424224854 84.1735763549805 84.1349353790283 86.2947883605957 87.3543548583984 86.7733573913574 87.5574188232422 86.7937507629395 85.600191116333 85.9823398590088 84.6662368774414 83.4669399261475 82.1476879119873 82.2279891967773 82.6112194061279 82.1429786682129 80.8215160369873 80.3527698516846 80.4087238311768 80.4402618408203 80.4717922210693 79.6492614746094 79.6808204650879 80.1533851623535 80.2536945343018 80.5285396575928 80.1183071136475 80.5946254730225 81.1688346862793 80.3472785949707 80.1718978881836 79.9267082214355
103.387769699097 103.390430450439 102.991033554077 101.534763336182 100.325023651123 99.9250335693359 97.8101501464844 96.995698928833 94.7988357543945 94.7980823516846 95.8956871032715 92.8865203857422 90.9501895904541 89.7998180389404 90.0369548797607 89.9856986999512 87.2266979217529 85.7907390594482 86.0345897674561 85.9867763519287 85.1384162902832 86.1860828399658 87.2328414916992 86.3978786468506 85.6138610839844 86.1292018890381 85.6695079803467 84.3649425506592 84.9959125518799 83.1436252593994 81.8357067108154 81.9196262359619 82.8515911102295 83.2390079498291 82.0372066497803 81.5750293731689 82.073371887207 81.5636386871338 80.7489395141602 80.8872127532959 80.3786296844482 80.4137344360352 80.4488372802734 80.927698135376 81.2740592956543 82.2954788208008 82.6440486907959 81.3835048675537 81.3463268280029 81.4187335968018
106.693813323975 105.362895965576 104.434041976929 102.296270370483 100.843622207642 100.441820144653 98.7085857391357 97.3586616516113 95.4542903900146 96.2602977752686 95.450065612793 93.5473175048828 91.6148281097412 89.6548843383789 90.3978939056396 88.7318153381348 87.5816955566406 86.7237453460693 85.5766735076904 85.5200519561768 85.756872177124 87.0487480163574 87.375415802002 87.8390483856201 87.0615940093994 86.3100261688232 85.3132381439209 84.5594806671143 83.3693141937256 82.9117450714111 84.816577911377 85.2032451629639 85.2895755767822 84.3950691223145 83.6356048583984 82.3325881958008 82.3969440460205 80.6120471954346 81.0982093811035 81.4492645263672 80.78928565979 81.6030349731445 82.0752239227295 82.5032825469971 82.6681900024414 81.4192028045654 81.721040725708 81.082836151123 81.3234443664551 80.050669670105
107.879760742188 106.95157623291 105.342004776001 103.208076477051 102.281257629395 101.073051452637 99.3431663513184 97.2110157012939 96.0027313232422 95.8117542266846 95.0044403076172 93.1096420288086 91.1811676025391 91.1093654632568 91.0375556945801 89.8795204162598 88.2166118621826 87.0635032653809 86.9959506988525 86.1368560791016 86.0707473754883 86.4955005645752 87.2531604766846 87.2854557037354 85.5397319793701 84.2537364959717 84.3384647369385 85.6953620910645 87.8912925720215 87.4416561126709 86.1541595458984 85.8021335601807 84.5114727020264 84.0590496063232 83.6064453125 82.4086761474609 81.6365070343018 81.6913681030273 83.0327129364014 82.2560882568359 81.3662891387939 82.5809669494629 84.5460910797119 84.4801139831543 83.027172088623 82.7892284393311 81.9825630187988 82.5431938171387 82.2966213226318 80.6219005584717
109.180786132812 108.775798797607 107.568824768066 105.438507080078 104.231283187866 101.179525375366 99.9724941253662 97.8439311981201 96.9201240539551 95.1964149475098 93.9897785186768 93.0681457519531 91.5446968078613 90.6662940979004 90.5850830078125 89.7112998962402 88.8406028747559 87.6831665039062 86.5272960662842 85.7440624237061 85.2365741729736 85.4080066680908 85.7319602966309 84.4011383056641 85.7253036499023 84.544095993042 86.1935882568359 85.4493961334229 85.2990322113037 86.3597049713135 85.3785171508789 84.6314125061035 84.275369644165 84.8035049438477 84.889554977417 83.1599044799805 82.3972244262695 83.7454051971436 82.3715972900391 83.5817260742188 84.090259552002 85.306510925293 85.1637592315674 83.8801612854004 82.6371173858643 82.7955207824707 83.752254486084 83.5596008300781 83.6663780212402 83.4138927459717
110.317523956299 109.110706329346 107.663196563721 106.33500289917 105.129047393799 102.083772659302 100.361736297607 99.1565780639648 97.4361438751221 96.1113567352295 93.989372253418 93.2973766326904 92.3106307983398 91.3005428314209 90.1325988769531 89.254186630249 88.8767166137695 88.0024662017822 86.0586471557617 85.1918144226074 84.9794750213623 85.1536731719971 84.6530723571777 85.9465942382812 85.4762001037598 83.767427444458 84.5882778167725 84.6736335754395 84.6710910797119 86.5572643280029 86.1142272949219 84.3978271484375 83.952808380127 83.7378406524658 84.1236209869385 84.2090225219727 83.7589702606201 83.83571434021 83.2506275177002 83.8562622070312 84.0156078338623 83.5273265838623 83.685037612915 82.8846683502197 83.0400638580322 83.9513263702393 84.458194732666 84.9211921691895 83.9636058807373 84.3305110931396
111.203329086304 109.596298217773 107.634225845337 106.42985534668 104.823314666748 103.103393554688 101.665729522705 100.462257385254 97.4278755187988 96.2249393463135 94.9021701812744 93.1888904571533 91.9130191802979 90.8518657684326 89.5088653564453 88.169038772583 87.4081630706787 86.0896434783936 86.070384979248 85.6594181060791 85.1602535247803 85.1907939910889 84.6946640014648 84.875093460083 84.4082660675049 83.5242748260498 83.0825366973877 84.0541286468506 84.9610385894775 84.5202903747559 83.7814712524414 83.7849922180176 83.86962890625 83.5076770782471 83.0647277832031 83.9771976470947 84.5109729766846 83.7272109985352 83.587474822998 83.7630023956299 83.5950756072998 83.7504558563232 83.5585956573486 82.8032970428467 81.5903759002686 82.8634567260742 83.2594261169434 82.9635829925537 82.1008796691895 81.1885757446289
110.096862792969 109.169002532959 107.563287734985 106.122877120972 104.406137466431 102.801191329956 100.68399810791 99.7620124816895 98.8411636352539 96.726978302002 95.122241973877 93.591495513916 92.3106689453125 90.5484008789062 89.1929016113281 87.225528717041 86.5706520080566 85.6858329772949 85.6611595153809 85.1389770507812 85.11669921875 85.0944271087646 84.1519222259521 83.6609439849854 83.6427917480469 83.2053604125977 83.2891082763672 82.8510093688965 83.0856227874756 82.7217216491699 83.5490322113037 82.8124523162842 83.1190700531006 83.6855545043945 84.6333160400391 84.1453647613525 83.6551551818848 83.8082599639893 82.5697822570801 82.7687511444092 83.1753387451172 82.7234344482422 82.5732383728027 82.5636596679688 83.0126190185547 83.0193042755127 83.1679935455322 82.9667854309082 83.2116451263428 81.8544979095459
109.911270141602 108.582012176514 107.654830932617 105.538215637207 103.422658920288 101.709896087646 99.8764114379883 99.0775241851807 97.7554473876953 97.3435382843018 95.5165519714355 93.811544418335 92.5232791900635 91.0305118560791 89.6605491638184 87.3958797454834 86.3229999542236 85.3709735870361 85.0971717834473 84.8243541717529 84.2081832885742 83.8341178894043 83.8054618835449 83.5429096221924 83.3376865386963 83.3307800292969 83.3457012176514 82.0997867584229 82.1826305389404 82.2654800415039 82.2793159484863 82.3621921539307 81.6903343200684 82.6799221038818 82.7675762176514 83.165843963623 83.6908760070801 83.1494483947754 82.9535388946533 83.4035472869873 82.9515514373779 82.3498878479004 81.891508102417 82.035026550293 82.6277523040771 82.7710399627686 82.2618980407715 82.708438873291 83.4666290283203 82.8664722442627
