data/spatiotemp/temp3/bio10_norsw_test_2011_2014.asc
NCOLS 654 
NROWS 380 
XLLCORNER 3.91666666666667 
YLLCORNER 55.3333333333333 
CELLSIZE 0.0416666666666667 
NODATA_value -9999 
[rows 352 to 373 of 380, columns 550 to 599 of 654]
17.3104872703552 17.2749419212341 17.2413964271545 17.2298517227173 17.1776399612427 17.2087621688843 17.175217628479 17.1223387718201 17.0987939834595 17.0945830345154 17.164134979248 17.2161183357239 17.1767683029175 17.1354184150696 17.1654019355774 17.1653852462769 17.1433687210083 17.1346855163574 17.1320028305054 17.136652469635 17.1479692459106 17.1486201286316 17.2369203567505 17.1955380439758 17.1668224334717 17.0801067352295 17.038724899292 17.1540093421936 17.2372932434082 17.2699122428894 17.2925295829773 17.2571473121643 17.209764957428 17.2723832130432 17.2768769264221 17.2765827178955 17.2469534873962 17.1899909973145 17.1936964988708 17.2320680618286 17.1957716941833 17.1594762802124 17.1731820106506 17.1042194366455 17.0745911598206 17.1009621620178 17.1037406921387 17.080924987793 17.0641093254089 17.0832943916321
17.1685700416565 17.1756892204285 17.2101426124573 17.2225956916809 17.2050495147705 17.2128357887268 17.1266222000122 17.0484089851379 17.0315289497375 17.0273151397705 17.0442485809326 17.0903286933899 17.0770745277405 17.0331554412842 17.0839009284973 17.1506476402283 17.1507277488708 17.1421403884888 17.0855531692505 17.0809669494629 17.0830464363098 17.1204600334167 17.1361608505249 17.1281485557556 17.0641360282898 17.0181245803833 17.0314455032349 17.1300992965698 17.2180876731873 17.268075466156 17.2667293548584 17.2793846130371 17.25337266922 17.2520270347595 17.2272424697876 17.2076845169067 17.1754608154297 17.1545701026917 17.1836795806885 17.1874551773071 17.1365647315979 17.0910077095032 17.127450466156 17.1398930549622 17.0376691818237 17.01744556427 17.0422563552856 17.0974345207214 17.0826139450073 17.0511255264282
17.1353192329407 17.1204376220703 17.1502223014832 17.2073407173157 17.2211246490479 17.2002420425415 17.1533603668213 17.0944786071777 17.0369296073914 17.0153813362122 17.0016951560974 17.0552043914795 17.0553812980652 17.014223575592 17.0444002151489 17.0585761070251 17.0774192810059 17.0575952529907 17.0317721366882 17.0659475326538 17.0787916183472 17.1123008728027 17.1367340087891 17.0934257507324 17.0827836990356 17.1128087043762 17.0888323783875 17.0641894340515 17.1602144241333 17.2122387886047 17.255597114563 17.247622013092 17.2309789657593 17.2256708145142 17.2149395942688 17.1881198883057 17.1293015480042 17.0904822349548 17.1223297119141 17.1015100479126 17.0060243606567 16.9798712730408 17.036386013031 17.0642333030701 17.0260815620422 16.9885950088501 16.9874382019043 17.0746111869812 17.0384511947632 17.0556235313416
17.0774025917053 17.029185295105 17.0703015327454 17.0974178314209 17.1205339431763 17.1023163795471 17.0820989608765 17.1405477523804 17.1423306465149 17.0754466056824 17.0284748077393 17.0694141387939 17.0723528862 17.1119589805603 17.1522316932678 17.0745053291321 16.9967770576477 17.0223836898804 16.9766564369202 16.9849290847778 16.9805355072021 17.022141456604 17.0073084831238 16.9820365905762 16.9640974998474 16.9734921455383 17.0215530395508 17.0902810096741 17.1123414039612 17.1070694923401 17.1691303253174 17.2345252037048 17.2099194526672 17.19331407547 17.1866374015808 17.1158895492554 17.0418086051941 17.0857276916504 17.0569791793823 17.0022315979004 17.008150100708 16.9607362747192 16.9613213539124 16.9792408943176 16.9371590614319 16.9757447242737 17.047287940979 17.0364551544189 17.0476217269897 17.1014556884766
17.0141525268555 16.9772672653198 16.9730477333069 16.97616147995 16.9986090660095 16.9857230186462 16.9935035705566 17.0506176948547 17.0697312355042 17.0775127410889 17.0365877151489 17.0622906684875 17.1006593704224 17.1930284500122 17.2873978614807 17.1724324226379 16.9881362915039 16.955171585083 16.900874376297 16.9032435417175 16.862279176712 16.8479816913605 16.866548538208 16.8786466121674 16.8307445049286 16.8561754226685 16.9402737617493 17.0703711509705 17.0858025550842 17.0652332305908 17.0739974975586 17.1534295082092 17.188193321228 17.1569576263428 17.1376686096191 17.1209926605225 17.0643157958984 17.0156393051147 16.9549627304077 16.9322867393494 17.0049438476562 16.9722661972046 16.9249243736267 16.9569134712219 16.9569039344788 16.9768943786621 17.0091371536255 17.0036315917969 17.0041255950928 16.9999532699585
17.0029034614563 16.9726810455322 16.971794128418 17.0649061203003 17.0453515052795 16.9924631118774 17.010241985321 17.0560202598572 17.0397996902466 17.050244808197 17.0553679466248 17.0571665763855 17.0602989196777 17.048764705658 17.04922914505 17.0090293884277 16.9321613311768 16.879959821701 16.7824258804321 16.7595579624176 16.8353567123413 16.9138221740723 16.9117889404297 16.9045903682709 16.9127252101898 16.9275255203247 17.0336599349976 17.1424622535706 17.1119289398193 17.0867304801941 17.0361986160278 17.0649991035461 17.1351342201233 17.0839347839355 17.134033203125 17.0947608947754 17.0481562614441 17.0495510101318 17.1549458503723 17.2850069999695 17.2177357673645 16.9957976341248 16.9885258674622 16.9525876045227 16.8873152732849 16.8527102470398 16.8616523742676 16.8381412029266 16.8472967147827 16.8557848930359
17.0448317527771 17.0893168449402 17.1064672470093 17.1216177940369 17.1027684211731 17.0545864105225 17.0424027442932 17.0655546188354 17.0620384216309 17.0411887168884 17.0410103797913 17.0301694869995 17.0593290328979 17.0644888877869 16.9836483001709 16.8868072032928 16.8179659843445 16.8304584026337 16.8089513778687 16.8361103534698 16.903270483017 16.9437627792358 16.962390422821 16.9458208084106 16.9592514038086 16.9360151290894 17.0741119384766 17.2368745803833 17.1916379928589 17.0977349281311 17.0404987335205 17.0559287071228 17.0433588027954 17.0827894210815 17.1014695167542 17.1207332611084 17.1166639328003 17.116593837738 17.2285242080688 17.3391218185425 17.2250518798828 16.9776496887207 16.9955792427063 16.8915100097656 16.8247735500336 16.8327038288116 16.8576529026031 16.8042862415314 16.798919916153 16.7962205410004
17.0412755012512 17.0911717414856 17.0950679779053 17.2009644508362 17.2468614578247 17.1467576026917 17.1466541290283 17.1118841171265 17.0791130065918 17.0310111045837 17.0141835212708 17.0179677009583 17.0184173583984 17.0455346107483 17.0146508216858 17.0017681121826 16.9548845291138 16.979335308075 17.0617852210999 17.078902721405 16.9906849861145 16.9638028144836 16.9616861343384 16.9850044250488 16.9796566963196 16.9696416854858 17.0162935256958 17.162278175354 17.1489300727844 17.0435814857483 17.0915665626526 17.132884979248 17.1075358390808 17.0621886253357 17.0859789848328 17.1909084320068 17.1665053367615 17.1187691688538 17.1896986961365 17.2859621047974 17.1522259712219 16.9831552505493 16.9794192314148 16.9310154914856 16.9172782897949 16.9402093887329 16.9764723777771 16.8600673675537 16.8303291797638 16.8099248409271
17.0310521125793 17.0236945152283 17.0956697463989 17.2023119926453 17.2002873420715 17.1269302368164 17.1442384719849 17.1008806228638 17.0861897468567 17.0688319206238 17.0493569374084 16.9924311637878 16.9935059547424 16.9992470741272 17.0309882164001 17.0407290458679 17.0818033218384 17.1182112693787 17.1226191520691 17.0703601837158 17.0374345779419 16.9965090751648 16.9929828643799 16.9881892204285 17.0100617408752 17.037935256958 17.0578079223633 17.0696811676025 17.0588884353638 17.0954275131226 17.1433010101318 17.1418395042419 17.0677137374878 17.0442533493042 17.1311550140381 17.2037506103516 17.1723461151123 17.1836099624634 17.2208733558655 17.2141361236572 17.0833988189697 16.9999952316284 17.0132584571838 17.0138540267944 16.9564504623413 16.9483799934387 16.9566245079041 16.8851809501648 16.8724055290222 16.8409621715546
17.1081619262695 17.0648837089539 17.0849380493164 17.0996589660645 17.0590472221375 17.0611023902893 17.0831570625305 17.0825443267822 17.1059322357178 17.1253199577332 17.0998635292053 17.0342288017273 16.9772605895996 16.9609594345093 16.995991230011 17.0343570709229 17.0947222709656 17.1550874710083 17.0934529304504 17.0424842834473 16.9975166320801 16.9898824691772 17.0122785568237 17.0233721733093 17.0631341934204 17.0642290115356 17.0933232307434 17.0710849761963 17.1315116882324 17.1866068840027 17.242368221283 17.2521295547485 17.1585574150085 17.0796518325806 17.1609973907471 17.2145924568176 17.211522102356 17.2397847175598 17.2453808784485 17.17897605896 17.0972390174866 17.0395016670227 17.0177636146545 17.0126934051514 16.98295545578 16.935884475708 16.8767766952515 16.8656282424927 16.8304808139801 16.8353328704834
17.2272715568542 17.0794057846069 17.0328722000122 17.0216727256775 16.9984731674194 17.0259404182434 17.0747408866882 17.1428742408752 17.1376748085022 17.1451416015625 17.1743698120117 17.1726927757263 17.062349319458 16.9920053482056 17.0463280677795 17.0846509933472 17.0716404914856 17.1239638328552 17.1256198883057 17.0866093635559 17.0355987548828 17.0359210968018 17.0429072380066 17.0478901863098 17.0815405845642 17.1105227470398 17.1068387031555 17.1991543769836 17.2254700660706 17.3177862167358 17.4014363288879 17.4904184341431 17.3800678253174 17.1350498199463 17.118839263916 17.2054352760315 17.2426972389221 17.3119592666626 17.286554813385 17.2191500663757 17.1217451095581 17.0416746139526 17.0829367637634 17.040864944458 16.973461151123 16.943389415741 16.8609285354614 16.8794093132019 16.8378894329071 16.7897047996521
17.0077142715454 16.9692602157593 17.002140045166 17.0150198936462 17.0312328338623 16.9987783432007 16.946325302124 16.9825377464294 17.0640830993652 17.147629737854 17.2455439567566 17.2924904823303 17.1787705421448 17.0470509529114 17.0606651306152 17.0996127128601 17.0905594825745 17.1355066299438 17.1764535903931 17.1314015388489 17.0710134506226 17.0626282691956 17.0988702774048 17.119074344635 17.1339454650879 17.1228156089783 17.1310205459595 17.1618905067444 17.1714286804199 17.2762989997864 17.3611693382263 17.4247069358826 17.3382444381714 17.1064486503601 17.1073479652405 17.1716094017029 17.1632056236267 17.2168006896973 17.2543954849243 17.2239909172058 17.1162524223328 17.0351810455322 17.0494427680969 17.0357046127319 17.0339660644531 16.9675612449646 16.9057469367981 16.8911895751953 16.888632774353 16.8607420921326
16.9794917106628 16.977783203125 16.996741771698 17.0210332870483 17.063992023468 16.9462838172913 16.8519089221954 16.8668677806854 16.951159954071 17.0327849388123 17.2100501060486 17.2382879257202 17.1285257339478 17.0360975265503 17.0096688270569 17.0992403030396 17.0854783058167 17.1277160644531 17.1846208572388 17.1521916389465 17.1477637290955 17.1200013160706 17.1348328590393 17.1602582931519 17.1910176277161 17.1411089897156 17.1245355606079 17.1506276130676 17.17138671875 17.1688122749329 17.2009038925171 17.2009959220886 17.1624217033386 17.1451807022095 17.1411914825439 17.1157851219177 17.1497135162354 17.1323084831238 17.1722359657288 17.1668314933777 17.0627589225769 16.9986867904663 16.9859485626221 17.0012097358704 17.0744714736938 17.0823993682861 17.0045652389526 16.9556365013123 16.9180417060852 16.9044466018677
17.0652680397034 17.1203045845032 17.1213426589966 17.097713470459 17.1060848236084 17.0431218147278 16.9788269996643 17.0251970291138 17.0709023475647 17.072606086731 17.073890209198 17.0880851745605 17.1169471740723 17.1138100624084 17.0246720314026 17.100200176239 17.1350631713867 17.1112589836121 17.1047878265381 17.0843167304993 17.0778460502625 17.1193742752075 17.1774616241455 17.176775932312 17.2334227561951 17.2787365913391 17.2473840713501 17.2180309295654 17.2066774368286 17.2159914970398 17.2326383590698 17.231285572052 17.211266040802 17.1712455749512 17.1063661575317 17.0832939147949 17.081554889679 17.0891494750977 17.0834112167358 17.0670051574707 17.0365996360779 17.0015263557434 16.9944543838501 16.9860491752625 16.986310005188 16.9672374725342 16.9713845252991 16.9787511825562 16.9601173400879 16.9261503219604
17.1650443077087 17.1734938621521 17.2166113853455 17.1403942108154 17.1175107955933 17.1399612426758 17.1690783500671 17.2475271224976 17.3219780921936 17.2050943374634 17.1443958282471 17.1425495147705 17.1687026023865 17.2008557319641 17.135675907135 17.1211619377136 17.1326479911804 17.1288013458252 17.0889539718628 17.0751080513 17.0879278182983 17.1807475090027 17.2580919265747 17.2426266670227 17.2311615943909 17.3350300788879 17.2888979911804 17.2374334335327 17.2433018684387 17.2418370246887 17.2550387382507 17.2242403030396 17.1714425086975 17.1359777450562 17.1268754005432 17.1134696006775 17.1073966026306 17.0793237686157 17.0459175109863 17.0138449668884 17.009105682373 17.0830330848694 17.0836277008057 17.0315542221069 17.0108151435852 16.9940752983093 17.0548696517944 17.104531288147 17.0081925392151 16.917188167572
16.9701538085938 17.0526833534241 17.1318788528442 17.1590747833252 17.1202702522278 17.1047987937927 17.1513285636902 17.1691913604736 17.2390537261963 17.2402496337891 17.2655692100525 17.2756805419922 17.2844576835632 17.2905683517456 17.2220120429993 17.2241230010986 17.2355670928955 17.203010559082 17.1577887535095 17.1705656051636 17.227343082428 17.3161206245422 17.3700542449951 17.3744773864746 17.3802337646484 17.4219903945923 17.3897466659546 17.3475031852722 17.3212599754333 17.3116827011108 17.3227734565735 17.3211970329285 17.2689533233643 17.1867098808289 17.1560516357422 17.1463112831116 17.1519050598145 17.1068315505981 17.0497584342957 17.0033521652222 17.0189456939697 17.0325393676758 17.0781331062317 17.0330595970154 17.0293202400208 17.0322465896606 17.0663561820984 17.0496454238892 16.9949355125427 16.9562249183655
16.956597328186 17.0018715858459 17.0058126449585 17.0070881843567 17.0943632125854 17.1903047561646 17.1602458953857 17.1381874084473 17.1461300849915 17.1874041557312 17.2227425575256 17.2448101043701 17.2802124023438 17.3009481430054 17.2843489646912 17.3124170303345 17.3064851760864 17.30588722229 17.2952885627747 17.3073573112488 17.3647584915161 17.4114942550659 17.454017162323 17.4776616096497 17.4926390647888 17.5096168518066 17.5085954666138 17.4302401542664 17.387885093689 17.3435297012329 17.3411741256714 17.3594861030579 17.3271307945251 17.2767753601074 17.2865600585938 17.233154296875 17.1757464408875 17.1250061988831 17.038932800293 17.0081930160522 16.9967856407166 16.9993786811829 17.0133061408997 17.0498986244202 17.1144919395447 17.0390853881836 17.0765080451965 17.0940923690796 17.0223441123962 17.0059299468994
16.9463729858398 16.9690608978271 16.9830822944641 17.0504355430603 17.2151226997375 17.2678098678589 17.196496963501 17.1998515129089 17.2345385551453 17.2798924446106 17.2459163665771 17.2126078605652 17.177966594696 17.2193260192871 17.298686504364 17.3647112846375 17.3560709953308 17.3574295043945 17.3774561882019 17.3841481208801 17.412841796875 17.4028668403625 17.3999805450439 17.3908457756042 17.3783783912659 17.3979110717773 17.5347766876221 17.4843101501465 17.3885092735291 17.3553762435913 17.3782415390015 17.3724408149719 17.3459739685059 17.3015065193176 17.2870697975159 17.2293291091919 17.1595883369446 17.0845141410828 17.0361070632935 17.0183672904968 17.0159597396851 17.0222187042236 17.0531444549561 17.0494046211243 17.0836639404297 17.0732564926147 17.0773267745972 17.1025400161743 17.0610866546631 17.030300617218
17.0021414756775 16.9907488822937 17.0120239257812 17.0759658813477 17.2105746269226 17.3285160064697 17.2404570579529 17.2463984489441 17.2630062103271 17.2896146774292 17.2557096481323 17.2252893447876 17.1395359039307 17.1451163291931 17.1713619232178 17.1809425354004 17.2438559532166 17.3027691841125 17.3330159187317 17.3552627563477 17.3508434295654 17.3457560539246 17.3629455566406 17.3497433662415 17.3665404319763 17.4200048446655 17.4761362075806 17.4635996818542 17.4550647735596 17.4218621253967 17.3993263244629 17.3881239891052 17.3622546195984 17.3457193374634 17.2998461723328 17.2693009376526 17.1894216537476 17.1575441360474 17.1329979896545 17.1064534187317 17.0985751152039 17.1120290756226 17.0928177833557 17.1169385910034 17.0930604934692 17.0785145759583 17.077166557312 17.1143488883972 17.0688638687134 17.0500450134277
17.0245656967163 17.0476036071777 17.0713081359863 17.1476788520813 17.2753839492798 17.2997546195984 17.2587924003601 17.2751626968384 17.2528667449951 17.1765713691711 17.1367888450623 17.0581860542297 17.0162506103516 17.0623159408569 17.156379699707 17.1371097564697 17.1945080757141 17.2505722045898 17.2973022460938 17.3147006034851 17.3520979881287 17.3441615104675 17.3469138145447 17.3556861877441 17.3191256523132 17.3965654373169 17.4720044136047 17.4861102104187 17.443549156189 17.4256548881531 17.4110941886902 17.4132008552551 17.3886389732361 17.3760786056519 17.3195552825928 17.2850675582886 17.2425808906555 17.222092628479 17.1949391365051 17.1404514312744 17.1472983360291 17.1474771499634 17.1423234939575 17.1251697540283 17.0946817398071 17.0515279769897 17.0606961250305 17.0741858482361 17.0590085983276 17.0378317832947
17.0616583824158 17.1191258430481 17.1492586135864 17.2100591659546 17.3195261955261 17.2956600189209 17.2577934265137 17.1712608337402 17.1320610046387 17.1555280685425 17.1492023468018 17.1170840263367 17.1776323318481 17.2335143089294 17.2500619888306 17.219277381897 17.2118258476257 17.2477073669434 17.2975897789001 17.3101382255554 17.3393530845642 17.40123462677 17.3755497932434 17.3696308135986 17.3310451507568 17.3417916297913 17.3918733596802 17.4546203613281 17.4607014656067 17.4714484214783 17.4955291748047 17.4056100845337 17.3743581771851 17.3317723274231 17.2552647590637 17.1948351860046 17.1897397041321 17.1919755935669 17.1475467681885 17.1497836112976 17.1486878395081 17.1269249916077 17.1051626205444 17.1333994865417 17.0649695396423 17.0345406532288 17.03489112854 17.0326890945435 17.0378198623657 17.0036177635193
17.1087508201599 17.1606469154358 17.1905431747437 17.2484397888184 17.3436694145203 17.3168992996216 17.2241291999817 17.1066918373108 17.105254650116 17.1224846839905 17.1636157035828 17.1779818534851 17.2103476524353 17.2360467910767 17.2204132080078 17.2114453315735 17.2164778709412 17.2501769065857 17.2972106933594 17.3182425498962 17.3312749862671 17.3536410331726 17.3835186958313 17.4309077262878 17.4589629173279 17.4323530197144 17.419741153717 17.4024639129639 17.4198532104492 17.4212422370911 17.4446310997009 17.4146876335144 17.3994088172913 17.4094657897949 17.3423070907593 17.2872686386108 17.2548971176147 17.2138595581055 17.2114877700806 17.2011165618896 17.1940779685974 17.2270398139954 17.2353348731995 17.1849637031555 17.1179256439209 17.080219745636 17.0664205551147 17.0991921424866 17.06396484375 17.0420699119568
