data/spatiotemp/temp3/bio11_norsw_test_2011_2014.asc
NCOLS 654 
NROWS 380 
XLLCORNER 3.91666666666667 
YLLCORNER 55.3333333333333 
CELLSIZE 0.0416666666666667 
NODATA_value -9999 
[rows 220 to 241 of 380, columns 240 to 287 of 654]
-9.12118601799011 -8.99870264530182 -8.86638677120209 -8.70807003974915 -8.59525382518768 -8.51660418510437 -8.29128777980804 -8.0214718580246 -7.89465522766113 -7.83850538730621 -7.6853551864624 -7.57470512390137 -7.56805491447449 -7.52007150650024 -7.36058831214905 -7.24827170372009 -7.21995460987091 -7.21547150611877 -6.98065447807312 -6.71633780002594 -6.61004936695099 -6.49378848075867 -6.45802795886993 -6.37776744365692 -6.29084014892578 -6.31374597549438 -6.359818816185 -6.2482248544693 -6.06746423244476 -6.08487021923065 -6.2002762556076 -6.25468266010284 -6.29585218429565 -6.30561876296997 -6.29755175113678 -6.30381834506989 -6.38508498668671 -6.49718487262726 -6.52561819553375 -6.50505149364471 -6.50181806087494 -6.56341803073883 -6.61418449878693 -6.57628452777863 -6.57285976409912 -6.6274106502533 -6.71829497814178 -6.86251282691956
-9.03731036186218 -8.95547926425934 -8.95698213577271 -8.91365146636963 -8.7613205909729 -8.62898993492126 -8.53249251842499 -8.27582859992981 -8.02290093898773 -7.82587695121765 -7.64068579673767 -7.54199481010437 -7.44713735580444 -7.3437796831131 -7.24325525760651 -7.15773117542267 -7.09854018688202 -7.07318246364594 -6.88782489299774 -6.66446709632874 -6.49624931812286 -6.31567108631134 -6.23875975608826 -6.24418151378632 -6.25060319900513 -6.30719196796417 -6.36228036880493 -6.2718688249588 -6.16112411022186 -6.1043792963028 -6.07596778869629 -6.12672328948975 -6.1439403295517 -6.12995314598083 -6.12246572971344 -6.15597856044769 -6.22465801239014 -6.23933732509613 -6.20768332481384 -6.29669594764709 -6.35770869255066 -6.48272156715393 -6.52656757831573 -6.571080327034 -6.69269323348999 -6.7045726776123 -6.68045234680176 -6.73283207416534
-9.01776826381683 -8.95525658130646 -8.99874484539032 -9.01906633377075 -8.90288758277893 -8.78170919418335 -8.6418639421463 -8.46335208415985 -8.21481359004974 -7.91258144378662 -7.68234980106354 -7.5289511680603 -7.38588607311249 -7.19565403461456 -7.1417555809021 -7.08185720443726 -7.00595879554749 -6.92439353466034 -6.87049496173859 -6.77742958068848 -6.58261609077454 -6.44384241104126 -6.2548246383667 -6.21726250648499 -6.21719992160797 -6.27647113800049 -6.30707550048828 -6.26951313018799 -6.26011776924133 -6.22581613063812 -6.12293779850006 -6.09226381778717 -6.11652886867523 -6.08395433425903 -6.0227130651474 -5.98197209835052 -6.07423090934753 -6.13332307338715 -6.08424854278564 -6.07417416572571 -6.13209962844849 -6.2500251531601 -6.2766170501709 -6.39220952987671 -6.59669315814972 -6.62556827068329 -6.52710974216461 -6.46115148067474
-9.0595600605011 -8.98653304576874 -8.96100699901581 -8.98681402206421 -8.98978757858276 -8.85042834281921 -8.6434018611908 -8.52637541294098 -8.37372577190399 -8.09611964225769 -7.81034731864929 -7.59240758419037 -7.38280153274536 -7.20219552516937 -7.0934225320816 -6.97231638431549 -6.95604383945465 -6.89260458946228 -6.88999843597412 -6.88222551345825 -6.70014929771423 -6.51526951789856 -6.34805643558502 -6.22767651081085 -6.1381299495697 -6.15308332443237 -6.20770370960236 -6.21432387828827 -6.23477745056152 -6.26223063468933 -6.22115588188171 -6.10189771652222 -6.14711713790894 -6.22951364517212 -6.13223266601562 -5.9621319770813 -5.98580384254456 -6.0688089132309 -6.10331392288208 -6.04148519039154 -6.03982388973236 -6.12966203689575 -6.1778336763382 -6.27433896064758 -6.44602644443512 -6.50989699363708 -6.45926713943481 -6.41447067260742
-9.05551779270172 -8.86314380168915 -8.76376950740814 -8.75072920322418 -8.83868813514709 -8.853147149086 -8.73093962669373 -8.59023237228394 -8.48363840579987 -8.33999145030975 -8.10651111602783 -7.80986416339874 -7.51588356494904 -7.2840701341629 -7.07742309570312 -6.90344297885895 -6.89812910556793 -6.83681547641754 -6.81950187683105 -6.78952145576477 -6.6025162935257 -6.43765211105347 -6.31728792190552 -6.19375729560852 -6.06789338588715 -6.01902937889099 -6.04116547107697 -6.06096804141998 -6.0736038684845 -6.13273990154266 -6.17154252529144 -6.10534536838531 -6.15920555591583 -6.28212320804596 -6.27320778369904 -6.1486257314682 -5.96037673950195 -5.95312774181366 -5.957878947258 -5.96746337413788 -6.00738120079041 -6.06513249874115 -6.14688348770142 -6.27696800231934 -6.35235977172852 -6.40755879878998 -6.39692449569702 -6.39545714855194
-9.04730904102325 -8.85842049121857 -8.66886532306671 -8.56380999088287 -8.66625487804413 -8.76486623287201 -8.6888108253479 -8.558922290802 -8.44721758365631 -8.36636281013489 -8.22634172439575 -8.02365386486053 -7.69879913330078 -7.31477797031403 -7.02509033679962 -6.84590244293213 -6.75704777240753 -6.68302655220032 -6.62533867359161 -6.50898408889771 -6.30821633338928 -6.16003441810608 -6.07418644428253 -6.03983819484711 -5.96865653991699 -5.9388085603714 -5.96362686157227 -5.92844557762146 -5.88909733295441 -5.90808248519897 -5.9685674905777 -5.99238610267639 -6.07612729072571 -6.25995779037476 -6.29412186145782 -6.20056080818176 -6.06061637401581 -6.03178012371063 -6.02727746963501 -5.93260812759399 -5.92593848705292 -5.98860287666321 -6.06960010528564 -6.14609718322754 -6.15802621841431 -6.20105421543121 -6.2739155292511 -6.3009432554245
-8.97314012050629 -8.82621717453003 -8.69112777709961 -8.60770499706268 -8.60928201675415 -8.58852565288544 -8.49126994609833 -8.36801373958588 -8.23039960861206 -8.1192615032196 -8.00962281227112 -7.92198419570923 -7.78284597396851 -7.52887463569641 -7.19790244102478 -6.9349308013916 -6.70079231262207 -6.5771541595459 -6.47034895420074 -6.30021059513092 -6.13847410678864 -5.98599123954773 -5.82417500019073 -5.73843765258789 -5.79364132881165 -5.78201162815094 -5.77154874801636 -5.78475213050842 -5.7289445400238 -5.72046184539795 -5.7493634223938 -5.82156705856323 -5.98872637748718 -6.15684068202972 -6.11645495891571 -6.072629570961 -5.98668348789215 -6.12546455860138 -6.18107914924622 -6.09002685546875 -5.96014130115509 -5.86308872699738 -5.8877032995224 -6.03181743621826 -6.10706734657288 -6.11928594112396 -6.15967130661011 -6.17005634307861
-8.93767690658569 -8.80386710166931 -8.69572353363037 -8.61457979679108 -8.51426994800568 -8.45662617683411 -8.39914917945862 -8.31533932685852 -8.20068490505219 -8.06368637084961 -7.92052114009857 -7.85218906402588 -7.7813572883606 -7.58752524852753 -7.35302698612213 -7.14119505882263 -6.88369643688202 -6.64804029464722 -6.44463801383972 -6.24523615837097 -6.1038521528244 -5.93848717212677 -5.67045509815216 -5.56242334842682 -5.57951402664185 -5.47602641582489 -5.51943075656891 -5.6732223033905 -5.67601406574249 -5.68863892555237 -5.71009731292725 -5.73305523395538 -5.80600273609161 -5.90927171707153 -5.91654062271118 -5.96647644042969 -5.98824560642242 -6.11151456832886 -6.18178391456604 -6.16938614845276 -6.02165532112122 -5.90209102630615 -5.85469341278076 -6.01846241950989 -6.12631618976593 -6.15975427627563 -6.12219226360321 -6.09796369075775
-8.98521411418915 -8.81734991073608 -8.69315230846405 -8.59778845310211 -8.54259073734283 -8.50872659683228 -8.43986237049103 -8.33899831771851 -8.25480341911316 -8.10161149501801 -7.99475276470184 -7.84506094455719 -7.6603684425354 -7.51017653942108 -7.35965144634247 -7.18062591552734 -6.95080089569092 -6.71491134166718 -6.51768851280212 -6.31713223457336 -6.0555636882782 -5.88064956665039 -5.70306885242462 -5.62748789787292 -5.64571988582611 -5.46732646226883 -5.40207904577255 -5.5415256023407 -5.61807179450989 -5.64845144748688 -5.68899786472321 -5.71487748622894 -5.7641122341156 -5.82886958122253 -5.87746000289917 -6.028883934021 -6.08414077758789 -6.15756464004517 -6.11182177066803 -6.11657893657684 -6.05750262737274 -6.0340930223465 -6.01068365573883 -6.104607462883 -6.22606468200684 -6.30838894844055 -6.31287980079651 -6.25253760814667
-8.88525116443634 -8.74549984931946 -8.7054146528244 -8.66316330432892 -8.55207824707031 -8.47916030883789 -8.43790864944458 -8.3276572227478 -8.19508862495422 -8.08620297908783 -7.97048425674438 -7.82393181324005 -7.61154639720917 -7.41349470615387 -7.24444210529327 -7.11889016628265 -6.88150453567505 -6.68011879920959 -6.55607211589813 -6.37236189842224 -6.03927540779114 -5.79914569854736 -5.7043491601944 -5.68629157543182 -5.65525949001312 -5.5245600938797 -5.42316311597824 -5.42403322458267 -5.49812972545624 -5.63143062591553 -5.65589809417725 -5.61286568641663 -5.65305542945862 -5.75813400745392 -5.88887917995453 -6.07479095458984 -6.1553692817688 -6.18878138065338 -6.08835959434509 -6.01993823051453 -5.99251675605774 -5.9904283285141 -6.02800714969635 -6.03141868114471 -6.15831339359283 -6.25935709476471 -6.21906769275665 -6.18511152267456
-8.64878845214844 -8.55831611156464 -8.62401032447815 -8.66287171840668 -8.60389924049377 -8.4940938949585 -8.37212157249451 -8.26564919948578 -8.08670711517334 -7.95529496669769 -7.87004935741425 -7.73113679885864 -7.53005766868591 -7.36947870254517 -7.21523296833038 -7.07698750495911 -6.83874189853668 -6.66232931613922 -6.54512226581573 -6.27925837039948 -5.98365378379822 -5.86830830574036 -5.72696280479431 -5.64095044136047 -5.66846537590027 -5.69968771934509 -5.63357639312744 -5.52623546123505 -5.60488963127136 -5.63090968132019 -5.64129853248596 -5.67468750476837 -5.74999856948853 -5.87489867210388 -5.98663175106049 -6.08369827270508 -6.16843140125275 -6.20483124256134 -6.15156435966492 -6.03146409988403 -6.02936387062073 -5.95293080806732 -5.86566376686096 -5.90973043441772 -6.00689518451691 -6.15032529830933 -6.20642220973969 -6.24401879310608
-8.46132516860962 -8.33029913902283 -8.46293950080872 -8.5277464389801 -8.56405365467072 -8.50136065483093 -8.38666784763336 -8.2554749250412 -8.07532548904419 -7.91838645935059 -7.78228092193604 -7.71567475795746 -7.55773591995239 -7.39046347141266 -7.21269071102142 -7.00041854381561 -6.7578125 -6.60770642757416 -6.47593438625336 -6.23199486732483 -6.03626394271851 -5.87490737438202 -5.75624310970306 -5.61268162727356 -5.65767133235931 -5.71314811706543 -5.62795829772949 -5.59560191631317 -5.67357873916626 -5.65055549144745 -5.65603256225586 -5.73084270954132 -5.81210827827454 -5.86866319179535 -5.95705080032349 -6.02677178382874 -6.05165982246399 -6.07104778289795 -6.04960227012634 -5.92499041557312 -5.85437834262848 -5.81676602363586 -5.81415402889252 -5.88904190063477 -5.91964399814606 -5.98412668704987 -6.08610987663269 -6.1155925989151
-8.27469575405121 -8.14661526679993 -8.26953506469727 -8.26545476913452 -8.33620822429657 -8.4066276550293 -8.33954763412476 -8.19680094718933 -8.02211093902588 -7.84014487266541 -7.68184578418732 -7.6553795337677 -7.52358019351959 -7.35378086566925 -7.28164839744568 -7.0771826505661 -6.85405004024506 -6.59708380699158 -6.42428469657898 -6.23865211009979 -6.03911793231964 -5.85984945297241 -5.74885654449463 -5.65341305732727 -5.6623774766922 -5.81227540969849 -5.81450688838959 -5.74490511417389 -5.6824699640274 -5.70436799526215 -5.76476621627808 -5.82466447353363 -5.76838481426239 -5.70876061916351 -5.78763663768768 -5.87367939949036 -5.94922173023224 -5.95543098449707 -5.97530710697174 -5.87484991550446 -5.80589246749878 -5.82410132884979 -5.92114424705505 -5.98318696022034 -5.88905930519104 -5.80692827701569 -5.81579756736755 -5.93483293056488
-8.03923273086548 -8.0105984210968 -8.06079733371735 -8.14382994174957 -8.15186250209808 -8.20089495182037 -8.20242738723755 -8.1169593334198 -7.95656287670135 -7.66406977176666 -7.46324372291565 -7.4650844335556 -7.46525824069977 -7.33459889888763 -7.1491060256958 -7.04144656658173 -6.93325865268707 -6.67559921741486 -6.49927341938019 -6.3746143579483 -6.24578857421875 -5.92312920093536 -5.75013673305511 -5.58647763729095 -5.66641664505005 -5.86456942558289 -5.93172216415405 -5.88087522983551 -5.75319445133209 -5.70818042755127 -5.76416683197021 -5.89315271377563 -5.80966103076935 -5.62385845184326 -5.63855588436127 -5.69841969013214 -5.77278363704681 -5.81864774227142 -5.80867850780487 -5.88104259967804 -5.887739777565 -5.84627056121826 -5.85030114650726 -5.88999843597412 -5.82714128494263 -5.77839636802673 -5.77898514270782 -5.8020738363266
-8.10493636131287 -7.94791483879089 -7.94055986404419 -7.9880383014679 -7.9601833820343 -7.96416187286377 -7.92547357082367 -7.87511873245239 -7.66934823989868 -7.46149504184723 -7.32264220714569 -7.21012258529663 -7.21360278129578 -7.16074991226196 -7.07373058795929 -6.95737755298615 -6.8738579750061 -6.75547015666962 -6.65765714645386 -6.56984424591064 -6.41816687583923 -6.14362502098083 -5.85041701793671 -5.62920904159546 -5.68112277984619 -5.88969671726227 -5.95077085494995 -5.92451143264771 -5.82591891288757 -5.76582622528076 -5.77806711196899 -5.8518078327179 -5.78893744945526 -5.63747429847717 -5.57997488975525 -5.55732715129852 -5.6121791601181 -5.69336473941803 -5.72638332843781 -5.80173540115356 -5.79008722305298 -5.76960575580597 -5.71529138088226 -5.70064318180084 -5.73305666446686 -5.75953125953674 -5.78867268562317 -5.77748107910156
-8.03880667686462 -7.86906445026398 -7.74365532398224 -7.94541335105896 -7.87317085266113 -7.77292835712433 -7.69785332679749 -7.66744410991669 -7.59713315963745 -7.41842007637024 -7.24504029750824 -7.14699411392212 -6.95328080654144 -6.83856761455536 -6.90285468101501 -6.85014140605927 -6.76476180553436 -6.66254854202271 -6.61666893959045 -6.64245581626892 -6.55154478549957 -6.33445453643799 -6.09869730472565 -5.80794024467468 -5.70532858371735 -5.77149081230164 -5.84181952476501 -5.85448145866394 -5.83931028842926 -5.81197214126587 -5.79380106925964 -5.75946295261383 -5.67054748535156 -5.62372064590454 -5.59789419174194 -5.55056750774384 -5.49924087524414 -5.55808115005493 -5.57058775424957 -5.6067613363266 -5.64243483543396 -5.64460790157318 -5.59161496162415 -5.59828817844391 -5.65463876724243 -5.69466626644135 -5.72602725028992 -5.69688832759857
-7.74851012229919 -7.64104759693146 -7.4794180393219 -7.6569550037384 -7.64132535457611 -7.42719566822052 -7.33656620979309 -7.3832700252533 -7.36591851711273 -7.28651177883148 -7.09093856811523 -6.99003195762634 -6.83879208564758 -6.65855205059052 -6.60281252861023 -6.63323926925659 -6.611332654953 -6.53509271144867 -6.52401947975159 -6.46511292457581 -6.38070118427277 -6.21895027160645 -6.02197766304016 -5.80561804771423 -5.7128678560257 -5.74045121669769 -5.73253452777863 -5.78478455543518 -5.76820123195648 -5.76595151424408 -5.80303490161896 -5.78222250938416 -5.65899050235748 -5.61681854724884 -5.64564692974091 -5.62747490406036 -5.64663636684418 -5.63796436786652 -5.62112581729889 -5.62078726291656 -5.72544860839844 -5.77294361591339 -5.76210510730743 -5.68326640129089 -5.59455418586731 -5.57996797561646 -5.64571499824524 -5.67729520797729
-7.35238075256348 -7.27769708633423 -7.33451366424561 -7.41966319084167 -7.33647978305817 -7.20229601860046 -7.10961258411407 -7.00542902946472 -7.04737031459808 -7.05643701553345 -7.08467018604279 -7.05906999111176 -6.99497008323669 -6.77153658866882 -6.55176997184753 -6.40516996383667 -6.36640322208405 -6.38130331039429 -6.34653651714325 -6.22660326957703 -6.12505555152893 -6.05822682380676 -6.00089776515961 -5.90656924247742 -5.82490730285645 -5.85307884216309 -5.784916639328 -5.74642109870911 -5.70509243011475 -5.71176385879517 -5.7641019821167 -5.78393971920013 -5.67726707458496 -5.64291644096375 -5.70706570148468 -5.71521520614624 -5.71703171730042 -5.79151439666748 -5.86649703979492 -5.82564675807953 -5.79112935066223 -5.89844560623169 -5.86876165866852 -5.85441112518311 -5.76913583278656 -5.7484358549118 -5.7637357711792 -5.73953580856323
-7.3663409948349 -7.24818027019501 -7.19651997089386 -7.22369265556335 -7.19169890880585 -7.12637138366699 -7.01537752151489 -6.93605053424835 -6.88950443267822 -6.85657334327698 -6.86380875110626 -6.85754430294037 -6.86977970600128 -6.77051544189453 -6.58491730690002 -6.33215296268463 -6.13322186470032 -6.11262404918671 -6.1578596830368 -6.11592841148376 -6.03547167778015 -5.99098992347717 -5.94517493247986 -5.91452622413635 -5.91871106624603 -5.90789604187012 -5.73141407966614 -5.59059882164001 -5.67861711978912 -5.75780165195465 -5.83548676967621 -5.85500490665436 -5.78740775585175 -5.68419504165649 -5.66748249530792 -5.60610353946686 -5.59972429275513 -5.7070118188858 -5.78929924964905 -5.76892018318176 -5.71620786190033 -5.80699527263641 -5.81928277015686 -5.87173676490784 -5.89933669567108 -5.93024885654449 -5.88882780075073 -5.90073990821838
-7.39289104938507 -7.19683063030243 -7.17577004432678 -7.0793764591217 -6.97148251533508 -6.93425524234772 -6.85586142539978 -6.759801030159 -6.75098764896393 -6.72192120552063 -6.57152116298676 -6.58978772163391 -6.56538796424866 -6.46532142162323 -6.36408829689026 -6.22468841075897 -6.03612172603607 -6.02122175693512 -6.12932181358337 -6.09575533866882 -5.97978377342224 -5.90874123573303 -5.87636470794678 -5.86765563488007 -5.86827945709229 -5.83690333366394 -5.58536052703857 -5.40694880485535 -5.68194162845612 -5.87906539440155 -5.89485597610474 -5.96231305599213 -5.92291295528412 -5.76715505123138 -5.68073034286499 -5.52909290790558 -5.4490482211113 -5.5289568901062 -5.44803249835968 -5.39018315076828 -5.45520603656769 -5.51289486885071 -5.65166795253754 -5.81541013717651 -5.88482308387756 -5.88473987579346 -5.84365665912628 -5.95390713214874
-7.46710777282715 -7.17981386184692 -7.07235372066498 -7.05989325046539 -6.87609994411469 -6.71630597114563 -6.63934564590454 -6.61621868610382 -6.61080420017242 -6.5686023235321 -6.47090029716492 -6.36503171920776 -6.34649634361267 -6.32479417324066 -6.19942545890808 -6.0225567817688 -5.94068825244904 -6.04698634147644 -6.09411776065826 -6.03424918651581 -6.04609608650208 -6.01215898990631 -5.99888837337494 -6.02228486537933 -5.99934792518616 -5.92291045188904 -5.85380685329437 -5.79020321369171 -5.79259920120239 -5.81799554824829 -5.8540586233139 -5.96928799152374 -5.97125113010406 -5.83961486816406 -5.77364945411682 -5.62001144886017 -5.45853859186172 -5.52940118312836 -5.50042986869812 -5.48062914609909 -5.41048645973206 -5.38851487636566 -5.48420947790146 -5.72408318519592 -5.79480934143066 -5.80773103237152 -5.83715283870697 -5.91574096679688
-7.50649118423462 -7.23363101482391 -7.16510426998138 -7.06557703018188 -6.91488373279572 -6.7875235080719 -6.62299644947052 -6.46396946907043 -6.41478717327118 -6.38978314399719 -6.34694600105286 -6.31827509403229 -6.34543800354004 -6.30043375492096 -5.85559618473053 -5.50315326452255 -5.60850548744202 -6.04408407211304 -6.19558000564575 -6.13690912723541 -6.09190845489502 -6.04024338722229 -5.99624562263489 -6.00108087062836 -5.99874937534332 -5.98058450222015 -6.00808644294739 -5.96642184257507 -5.82425725460052 -5.69725906848907 -5.72842788696289 -5.83542966842651 -5.88192307949066 -5.85940790176392 -5.85356223583221 -5.76726281642914 -5.64396393299103 -5.73799812793732 -5.68336534500122 -5.64739966392517 -5.51876717805862 -5.4698012471199 -5.59716868400574 -5.7215359210968 -5.77970623970032 -5.80767869949341 -5.89631795883179 -5.99362409114838
