data/spatiotemp/temp3/bio10_norsw_test_2011_2014.asc
NCOLS 654 
NROWS 380 
XLLCORNER 3.91666666666667 
YLLCORNER 55.3333333333333 
CELLSIZE 0.0416666666666667 
NODATA_value -9999 
[rows 44 to 65 of 380, columns 350 to 399 of 654]
12.4610042572021 12.0520944595337 12.1405758857727 12.5436947345734 12.3916289806366 12.2362492084503 12.2594568729401 12.4162197113037 12.4274263381958 12.5370056629181 12.5803155899048 12.3383078575134 12.1563642024994 12.0196259021759 11.7715547084808 11.6014835834503 11.046079158783 11.5726745128632 12.329541683197 12.7064015865326 12.8854842185974 12.5715117454529 12.2094280719757 12.2585663795471 12.565037727356 12.1268427371979 11.2319812774658 10.1944527626038 11.3122580051422 10.263396024704 10.4434089660645 11.5482957363129 12.0398497581482 12.5520703792572 12.9961733818054 12.9704163074493 11.8373377323151 11.0209522247314 10.607839345932 10.2947266101837 9.53628015518188 9.39050078392029 9.5992968082428 11.1753351688385 12.0253732204437 12.5794110298157 12.3714499473572 11.7714877128601 10.902859210968 10.4175639152527
12.6545877456665 11.8308973312378 11.3142983913422 11.8151438236237 12.6291000843048 12.1132254600525 12.0147850513458 11.9132862091064 11.8457872867584 11.9016213417053 12.0727891921997 12.2365281581879 12.4857909679413 12.3736252784729 12.3534595966339 12.4819605350494 12.5331280231476 12.6482956409454 12.944322347641 13.0312080383301 -9999 12.6374790668488 12.461198091507 12.307416677475 11.9543023109436 11.5285215377808 10.9594068527222 10.5349595546722 10.7578449249268 10.0427305698395 10.9666390419006 11.1362376213074 12.070502281189 13.1156945228577 13.1768102645874 12.6316025257111 11.9168951511383 11.0838267803192 9.84875798225403 9.51102304458618 10.2586212158203 9.82888579368591 9.00168693065643 9.85835695266724 10.3630266189575 11.1350305080414 11.4730339050293 11.6623709201813 11.687707901001 11.627711057663
12.3264856338501 11.9920661449432 11.9655351638794 12.4356713294983 12.0311403274536 10.0266103744507 9.8162841796875 10.0888295173645 10.9000415802002 11.3092532157898 11.319798707962 11.3183443546295 11.8942229747772 12.0821013450623 12.1659801006317 12.2505254745483 12.6177372932434 12.9800405502319 13.1810691356659 13.0157330036163 12.3949263095856 11.7878756523132 12.2108511924744 12.3584299087524 12.0170512199402 12.2637784481049 12.5952305793762 12.080682516098 11.0028011798859 10.9122529029846 11.6867551803589 12.4109737873077 12.245858669281 11.6860775947571 12.5429627895355 12.8791811466217 11.7267334461212 11.989618062973 12.0951702594757 11.0787220001221 11.3542737960815 10.7538261413574 9.94591116905212 9.17919719219208 9.43248283863068 10.0424349308014 10.4090540409088 10.8210065364838 10.5616252422333 11.2302441596985
12.7463047504425 12.6962962150574 12.5316207408905 12.257611989975 12.1302697658539 11.2415945529938 10.1792879104614 9.35734987258911 9.60207867622375 9.79147362709045 10.6122024059296 11.4289309978485 12.1856591701508 12.5877213478088 12.6351165771484 12.3905119895935 12.6352405548096 12.7746360301971 12.8760855197906 12.4215891361237 11.2057602405548 10.4445974826813 9.48410165309906 10.5896053314209 9.76577639579773 10.6092803478241 11.9701175689697 12.0382883548737 12.1157920360565 12.0399632453918 12.3250894546509 11.4011709690094 9.81325268745422 10.9940009117126 11.8374154567719 12.4401638507843 11.4182460308075 10.23766040802 10.2330756187439 10.5131571292877 10.4865720272064 10.6233203411102 10.6893033981323 10.451188325882 9.82973980903625 9.45095765590668 9.64217615127563 9.01606118679047 8.59794580936432 9.435830950737
11.9473457336426 12.7985258102417 12.811705827713 12.4542193412781 12.1100656986237 11.4852459430695 11.1656248569489 11.0638701915741 11.3794484138489 11.6183607578278 11.9832718372345 12.1908507347107 12.4084293842316 12.0633411407471 11.7209196090698 11.9904985427856 12.1900768280029 12.2849884033203 12.4212229251862 12.2961120605469 10.5690014362335 10.2205576896667 11.1267802715302 9.95500326156616 9.5865592956543 10.2054491043091 10.1716713905334 10.1218945980072 10.484117269516 10.7990064620972 11.4347574710846 11.233368396759 10.3793129920959 9.74992418289185 9.92320203781128 11.3618137836456 12.1897583007812 12.4537029266357 11.1003143787384 10.0295922756195 9.64087009429932 9.90548133850098 9.85536241531372 10.3771798610687 10.7943303585052 10.0214807987213 9.72129821777344 9.49844872951508 9.33426642417908 9.34475028514862
11.3870537281036 12.4994223117828 12.9757907390594 12.2281591892242 11.9138612747192 11.8922297954559 11.7539618015289 11.7557234764099 11.766152381897 11.8539135456085 11.8850092887878 11.7147707939148 11.7385325431824 11.8189604282379 11.9973895549774 11.9118177890778 11.7475793361664 12.0993416309357 12.3796927928925 12.6846346855164 12.1982426643372 11.3791842460632 10.301459312439 8.82306790351868 10.0766751766205 11.267617225647 11.0898926258087 11.0715003013611 11.7857751846313 11.831383228302 10.890424489975 10.7595658302307 10.3053734302521 9.67051410675049 9.05032205581665 9.16679620742798 9.81060361862183 11.2757451534271 12.1062195301056 11.1840271949768 11.2145013809204 11.46564245224 11.3094213008881 10.713171005249 10.8162541389465 11.2733376026154 10.995087146759 10.5141704082489 10.0605869293213 9.70166993141174
12.7940948009491 12.9563183784485 13.0252096652985 12.7907667160034 12.7723236083984 12.1685478687286 11.3709654808044 10.9769103527069 10.6875224113464 10.5601341724396 10.1334121227264 10.1226906776428 9.68796920776367 10.3445808887482 11.1105253696442 11.4524710178375 12.007749080658 12.4243607521057 12.7234966754913 12.7944903373718 12.4608175754547 12.0358109474182 12.2208046913147 12.0557985305786 11.845458984375 11.1084523200989 10.1154456138611 9.92443919181824 9.48609972000122 9.86375975608826 10.8707590103149 10.2590959072113 10.2421002388 9.87643766403198 8.78944170475006 9.45577919483185 9.17411661148071 9.83378720283508 10.7021248340607 11.1337952613831 11.0694663524628 11.1371369361877 11.2401468753815 11.1878290176392 11.2141778469086 11.082526922226 11.2362089157104 11.2465579509735 10.9882402420044 10.8419225215912
12.6911361217499 12.4305484294891 12.5992946624756 12.6780405044556 12.6267864704132 12.6781988143921 12.8439695835114 12.7500975131989 12.6142258644104 12.4543538093567 12.400482416153 12.2126107215881 11.5440723896027 11.1762006282806 11.6623291969299 11.8551239967346 11.8245849609375 12.2820467948914 12.9219672679901 12.9576797485352 12.9400587081909 12.7644376754761 12.9281506538391 12.7071962356567 12.552241563797 12.2372875213623 11.3823330402374 11.3053786754608 10.3697581291199 9.85947012901306 9.23642659187317 10.0419602394104 10.6301603317261 10.5723609924316 10.2012283802032 9.68542861938477 8.48496270179749 9.56782937049866 9.37069654464722 9.46156406402588 9.78443098068237 9.92929840087891 10.6328721046448 10.9538202285767 10.6221017837524 10.1830499172211 10.2639980316162 10.2729458808899 10.0765604972839 9.96950888633728
11.9495103359222 10.5021114349365 10.3600459098816 10.5553140640259 11.3145821094513 11.5705165863037 11.628306388855 11.3506181240082 11.6555960178375 12.6199073791504 12.6482191085815 11.7985308170319 11.6828422546387 11.8264870643616 11.5401318073273 11.6991102695465 12.2520883083344 12.1963999271393 12.2891042232513 12.3342020511627 12.4306333065033 12.5643980503082 12.6854956150055 12.7959265708923 12.0150249004364 11.637455701828 12.0998866558075 12.5216507911682 12.1940824985504 11.8238468170166 11.6827609539032 11.6701571941376 11.6655542850494 11.0862843990326 10.2216813564301 9.50174462795258 8.92514145374298 9.59453821182251 9.78326845169067 8.36199879646301 8.69672870635986 9.32812595367432 10.198930978775 10.9338119029999 11.134025812149 10.9415726661682 10.8157866001129 10.6993341445923 10.430214881897 10.2217619419098
10.2445514202118 8.4363409280777 8.87879765033722 10.2412545681 9.64304447174072 9.1728343963623 10.1606433391571 10.6944713592529 10.9609661102295 11.8861274719238 12.4232892990112 10.8831171989441 8.83561193943024 8.6374397277832 8.95793473720551 8.92842984199524 9.34025776386261 10.0407526493073 10.037575006485 10.8180582523346 10.8352081775665 10.6736912727356 11.4048411846161 12.4299914836884 12.3364741802216 11.4809575080872 11.5441076755524 12.0879237651825 12.2824070453644 11.1195569038391 10.4890952110291 10.3663551807404 9.89628124237061 10.5335414409637 10.7628011703491 10.8347275257111 10.7513210773468 10.8765807151794 10.9665067195892 10.4031002521515 9.96836042404175 10.0196199417114 10.3803231716156 10.791136264801 11.0292825698853 11.0447626113892 10.676242351532 10.5577218532562 10.9285349845886 10.9880149364471
9.72825908660889 8.86457085609436 8.04488289356232 8.8445280790329 8.83884000778198 8.55381858348846 9.25298035144806 9.58632493019104 10.6996698379517 10.8903479576111 9.27502584457397 10.9650368690491 11.5763819217682 10.8383929729462 9.52573788166046 8.58441603183746 8.16709387302399 8.4257720708847 9.12071228027344 8.80458068847656 8.95644927024841 9.81365156173706 10.5641868114471 11.5167219638824 12.5319237709045 11.6704592704773 10.9963278770447 11.6955299377441 11.9187316894531 11.6486008167267 10.9734292030334 10.3485522270203 9.80500864982605 9.53213143348694 9.49925446510315 9.90371060371399 10.3768332004547 10.3692896366119 10.5057456493378 10.6562020778656 10.7086586952209 10.8171143531799 10.8023822307587 10.6731278896332 10.5292067527771 10.5219519138336 10.5640313625336 10.4161098003387 10.3368556499481 10.2996010780334
9.95329999923706 8.80280077457428 9.56430125236511 9.45846843719482 9.07996916770935 8.36813628673553 8.82931745052338 8.84951198101044 8.56837320327759 10.5519008636475 8.62476241588593 8.49829065799713 9.02981877326965 11.0240132808685 11.2228744029999 9.99306917190552 9.80859684944153 9.3667916059494 8.89518260955811 9.55510306358337 9.05502390861511 8.68827831745148 9.28419864177704 10.097452878952 11.7760403156281 12.4506273269653 11.9458816051483 11.8411357402802 11.6470565795898 11.3629772663116 11.2964305877686 11.2847497463226 11.1284022331238 10.8140547275543 10.2370407581329 9.62402653694153 9.31567943096161 9.2059987783432 9.49565136432648 9.58463716506958 9.72295641899109 10.0606091022491 10.7757742404938 10.547119140625 10.2891302108765 10.0224750041962 10.0858197212219 10.2284977436066 10.2498424053192 10.2865207195282
12.1943411827087 11.2356967926025 10.1130528450012 9.22107541561127 8.80776488780975 8.53512072563171 9.09765470027924 8.85269868373871 8.36041009426117 8.38345456123352 8.55116605758667 8.38954377174377 9.37925517559052 9.73963284492493 8.90667736530304 7.79505527019501 8.20409977436066 8.93247747421265 9.453653216362 9.55229258537292 10.1242654323578 10.1695713996887 9.73287773132324 9.90018391609192 10.0654900074005 10.4241292476654 11.5134353637695 12.1234083175659 11.8333809375763 11.2406868934631 10.8734314441681 10.7602803707123 10.7737956047058 10.9886448383331 10.8554940223694 10.5063424110413 10.1011919975281 10.1307075023651 9.97755646705627 9.96240544319153 10.0612542629242 10.1927700042725 10.5885000228882 10.6744434833527 10.5823876857758 10.3489980697632 10.2129421234131 10.0855524539948 10.0741629600525 10.1114399433136
12.2020490169525 12.0999267101288 11.0498046875 10.8603491783142 10.6008942127228 10.5994381904602 9.31865811347961 8.89521896839142 8.67578017711639 9.18167459964752 8.83823585510254 9.78946399688721 9.26469159126282 8.84791922569275 8.20981383323669 7.29837489128113 7.47493612766266 8.27416396141052 8.91945672035217 9.7554817199707 10.5048398971558 10.0995316505432 9.46688973903656 8.77491462230682 9.22160649299622 9.95029759407043 10.1196558475494 10.8023474216461 11.9523725509644 11.5383975505829 10.8170993328094 10.1758110523224 10.168523311615 10.6605684757233 10.8446135520935 10.7799923419952 10.5327043533325 10.2567498683929 9.79412865638733 9.54084062576294 9.56488561630249 9.62826418876648 10.0185587406158 10.1631014347076 10.3689780235291 10.4108543395996 10.2887306213379 10.2152738571167 10.2038168907166 10.1583595275879
11.4884116649628 11.411607503891 10.6361367702484 11.527999162674 10.2165279388428 10.0497238636017 9.85762763023376 8.88690650463104 8.93085253238678 9.82079839706421 10.3960769176483 10.434689283371 9.54130148887634 9.88058042526245 9.17519247531891 8.5311381816864 8.71641743183136 8.40236306190491 8.49297940731049 9.58226704597473 10.3448884487152 9.93017625808716 9.08813083171844 8.6567519903183 8.42270636558533 8.86799430847168 8.78194868564606 9.51856970787048 10.6945242881775 11.8171453475952 11.6351203918457 11.1677820682526 10.5177772045135 10.3804388046265 10.2064342498779 10.2210960388184 10.5584244728088 10.1984198093414 10.0417482852936 9.90241050720215 9.78640556335449 9.69573402404785 9.81068515777588 9.88059234619141 10.0018332004547 10.1917402744293 10.3723137378693 10.3782212734222 10.3574619293213 10.2680358886719
10.6134293079376 11.3054053783417 9.16004848480225 9.83469152450562 10.516667842865 10.6246438026428 10.4485642910004 9.27309572696686 9.65762686729431 10.1568248271942 10.9593560695648 10.5785536766052 9.72041845321655 10.2702829837799 9.87281441688538 9.95534563064575 9.56787657737732 8.97840785980225 8.78355443477631 8.46398270130157 8.67574429512024 9.2741721868515 10.3172671794891 10.6643624305725 10.6067905426025 10.5932188034058 10.601646900177 10.614741563797 10.8265035152435 11.4569318294525 11.769495010376 11.0115265846252 9.88622546195984 9.81092381477356 9.60562229156494 9.71965408325195 10.2836861610413 10.4243845939636 10.3924167156219 10.2731149196625 10.1491465568542 9.83651185035706 9.7488796710968 9.61091566085815 9.7296187877655 9.8949887752533 10.2423586845398 10.4370617866516 10.4350979328156 10.4138016700745
9.11844682693481 10.882536649704 8.8652937412262 8.21738362312317 7.80280697345734 8.96289706230164 10.4508340358734 10.3979506492615 10.6464009284973 10.2415180206299 9.87330150604248 10.3724186420441 10.5762021541595 10.9059855937958 11.1484358310699 10.7875525951385 9.91800284385681 9.57378649711609 9.33879578113556 9.39369785785675 9.54593324661255 9.44683539867401 9.04573702812195 9.41197276115417 9.87554121017456 10.1637766361237 10.2940118312836 10.3089137077332 10.2624824047089 10.1667177677155 11.0812032222748 11.5912718772888 11.3433403968811 10.7800755500793 10.3994770050049 10.3662121295929 10.0829479694366 9.82834911346436 9.76841759681702 9.76248621940613 9.92188811302185 10.2366230487823 10.0210735797882 9.5685727596283 9.51940488815308 9.80223751068115 10.2250699996948 10.2292349338531 10.2347342967987 10.4242334365845
7.47079753875732 10.2803349494934 8.99987208843231 7.62140953540802 7.24427998065948 7.66915035247803 7.96177053451538 8.52680635452271 9.41317534446716 9.13221144676208 8.17724716663361 8.15161645412445 8.7033189535141 9.56968808174133 10.364057302475 11.0790932178497 11.2394623756409 11.0778315067291 10.8093705177307 10.6307466030121 10.6654558181763 10.5641646385193 10.0668737888336 9.11024975776672 8.68029201030731 8.14633440971375 8.4223769903183 9.27775287628174 9.68246173858643 10.0638375282288 10.8162446022034 11.3090164661407 11.3437881469727 10.9938931465149 10.8073318004608 10.8221032619476 10.8235423564911 10.67564702034 10.2604188919067 10.1858577728271 10.2306292057037 10.1400678157806 10.3932678699493 10.3368961811066 10.2005243301392 10.4188194274902 10.5671143531799 10.3720757961273 10.2697041034698 10.4406659603119
8.02848160266876 9.67413282394409 9.9711172580719 8.16276824474335 7.26041924953461 7.57073748111725 8.03804004192352 8.27966153621674 8.28461599349976 8.28490436077118 8.38919281959534 8.60281443595886 9.18910229206085 8.96139073371887 9.22101235389709 9.94130039215088 10.7595887184143 10.909209728241 9.62794589996338 8.62712836265564 8.65297818183899 10.2168276309967 10.8293435573578 10.6531932353973 9.86370944976807 9.46422553062439 9.5314085483551 9.66259121894836 9.76377391815186 10.2196235656738 10.674619436264 11.060094833374 11.3742361068726 11.199711561203 10.8758533000946 10.6766619682312 10.5221366882324 10.5462787151337 10.808420419693 10.8485622406006 10.7980372905731 10.7981791496277 10.8801290988922 10.833886384964 10.7896440029144 10.8500678539276 10.861159324646 10.9089167118073 10.8740072250366 10.849098443985
9.39149904251099 9.74859738349915 10.6436958312988 10.0127935409546 9.24255883693695 9.07765734195709 9.26564288139343 9.00718355178833 8.98672389984131 9.01093125343323 9.13380491733551 9.04667890071869 9.27888596057892 9.16442668437958 8.84663355350494 8.89750742912292 8.9117146730423 9.57192182540894 10.6105206012726 10.5295104980469 10.0611672401428 9.88215708732605 10.0191469192505 10.2361369132996 10.6317934989929 10.810783624649 10.8704402446747 10.9174301624298 10.9710867404938 11.0074098110199 11.171660900116 11.2578394412994 11.3180179595947 11.375529050827 11.2183744907379 11.0465533733368 10.8647313117981 10.7542433738708 10.7770884037018 10.6672666072845 10.6441123485565 10.7616238594055 10.8189895153046 10.8575429916382 10.9287633895874 10.909316778183 10.7732033729553 10.8004238605499 10.8543105125427 10.9175307750702
10.7271835803986 11.1497287750244 11.5856075286865 11.4728198051453 11.0373647212982 10.739910364151 10.8119127750397 10.7187051773071 9.90483164787292 9.30495798587799 9.07041716575623 9.00320994853973 9.40600287914276 9.59012937545776 9.24025535583496 9.49704813957214 10.0578408241272 10.4266335964203 10.4864287376404 10.133225440979 9.64135599136353 10.0381531715393 9.97828364372253 10.2164134979248 10.5618777275085 10.4080080986023 10.3881380558014 10.836268901825 11.1637325286865 11.2031960487366 11.1907024383545 11.0642509460449 10.7931325435638 10.6480143070221 10.6948962211609 10.7591111660004 10.9313263893127 10.9255411624908 10.8357563018799 10.7766382694244 10.7128534317017 10.723735332489 10.787850856781 10.8225331306458 10.7952163219452 10.5845654010773 10.0719146728516 10.3305974006653 10.4732801914215 10.5652961730957
10.6635344028473 10.8401937484741 11.1668529510498 11.3801789283752 11.386837720871 11.2121632099152 11.1888492107391 11.2602269649506 11.2109394073486 10.8869845867157 10.2270293235779 9.71107459068298 9.41511976718903 9.55183148384094 9.95254349708557 10.38325548172 10.5133004188538 9.9493453502655 9.33100366592407 8.2416079044342 7.6662118434906 8.16614961624146 7.99808728694916 8.4240243434906 8.81262838840485 9.37989890575409 10.3098368644714 10.9157743453979 11.027045249939 11.1769828796387 11.3477435112 11.2006623744965 11.1482474803925 10.9771659374237 10.408084154129 10.1303360462189 10.3845872879028 10.6168391704559 10.7390911579132 10.7380094528198 10.6882612705231 10.7265131473541 10.781378030777 10.8141901493073 10.8210017681122 10.785147190094 10.6099591255188 10.4187710285187 10.3635833263397 10.3630621433258
