data/spatiotemp/temp3/bio11_norsw_test_2011_2014.asc
NCOLS 654 
NROWS 380 
XLLCORNER 3.91666666666667 
YLLCORNER 55.3333333333333 
CELLSIZE 0.0416666666666667 
NODATA_value -9999 
[rows 286 to 307 of 380, columns 480 to 527 of 654]
-3.93423590064049 -3.99047753214836 -4.01571923494339 -3.96696102619171 -3.9795358479023 -4.0097776055336 -4.05835270881653 -4.09026098251343 -4.11131900548935 -4.13986021280289 -4.14573460817337 -4.15394234657288 -4.17415010929108 -4.23102456331253 -4.28556561470032 -4.27744019031525 -4.25398099422455 -4.21385556459427 -4.22539657354355 -4.27193766832352 -4.28550052642822 -4.26308518648148 -4.31400334835052 -4.36058795452118 -4.40183937549591 -4.52809071540833 -4.6226754784584 -4.66792684793472 -4.73784470558167 -4.81276285648346 -4.8786808848381 -4.91926521062851 -4.96117222309113 -5.02440142631531 -5.10329693555832 -5.12852621078491 -5.07275503873825 -5.04898393154144 -5.04387950897217 -5.05644190311432 -5.11167097091675 -5.22323310375214 -5.34046196937561 -5.39269113540649 -5.4023808836937 -5.4201979637146 -5.43201494216919 -5.40149891376495
-4.09566593170166 -4.12419635057449 -4.10406047105789 -4.07792448997498 -4.08345514535904 -4.06031912565231 -4.05151641368866 -4.08004713058472 -4.12523978948593 -4.15809440612793 -4.19461584091187 -4.22113740444183 -4.23165875673294 -4.2271803021431 -4.21536833047867 -4.23788976669312 -4.2937445640564 -4.2942658662796 -4.27045381069183 -4.27530866861343 -4.31865936517715 -4.36617279052734 -4.44835269451141 -4.48419934511185 -4.52571260929108 -4.64055943489075 -4.7517392039299 -4.81591933965683 -4.85243254899979 -4.88094580173492 -4.94312578439713 -5.03563928604126 -5.0331836938858 -5.01542627811432 -5.03033530712128 -5.06391125917435 -5.06282019615173 -5.05306285619736 -5.11897194385529 -5.16521441936493 -5.22645711898804 -5.27203261852264 -5.3336084485054 -5.43018442392349 -5.4559617638588 -5.48260778188705 -5.48492020368576 -5.45489931106567
-4.19476246833801 -4.18891525268555 -4.15740162134171 -4.11355483531952 -4.11104106903076 -4.11619383096695 -4.09568011760712 -4.14516651630402 -4.16916054487228 -4.18666219711304 -4.21483069658279 -4.23133248090744 -4.2558342218399 -4.25100260972977 -4.24150437116623 -4.28567272424698 -4.36317449808121 -4.39667612314224 -4.39817786216736 -4.38634634017944 -4.42015141248703 -4.48659348487854 -4.5503688454628 -4.57881075143814 -4.60758608579636 -4.65702766180038 -4.72113651037216 -4.83024513721466 -4.89802032709122 -4.91612875461578 -4.96057081222534 -5.02667939662933 -5.02152836322784 -5.03611755371094 -5.06037360429764 -5.07529652118683 -5.10488575696945 -5.09114187955856 -5.13406455516815 -5.18665373325348 -5.2652428150177 -5.35783237218857 -5.41275495290756 -5.45034420490265 -5.48654270172119 -5.49835056066513 -5.48615843057632 -5.457299888134
-4.25385910272598 -4.22230118513107 -4.1887429356575 -4.13918483257294 -4.14929354190826 -4.18473535776138 -4.19817739725113 -4.21728605031967 -4.23441463708878 -4.27456331253052 -4.27837878465652 -4.27152752876282 -4.2760095000267 -4.29849147796631 -4.28997355699539 -4.2967888712883 -4.34593772888184 -4.40708649158478 -4.45256847143173 -4.45705056190491 -4.46531009674072 -4.53668075799942 -4.58505129814148 -4.61442202329636 -4.66279274225235 -4.69182962179184 -4.71786677837372 -4.78890436887741 -4.8992748260498 -4.98331195116043 -5.01634901762009 -5.03605312108994 -5.00853997468948 -5.04414266347885 -5.10507863759995 -5.11368161439896 -5.13961774110794 -5.129887342453 -5.16115683317184 -5.16509288549423 -5.2326956987381 -5.3696317076683 -5.48823463916779 -5.47850412130356 -5.47812366485596 -5.45342713594437 -5.4387304186821 -5.48670029640198
-4.29228913784027 -4.26835316419601 -4.22441750764847 -4.19414848089218 -4.19521260261536 -4.23061013221741 -4.25734102725983 -4.23773860931396 -4.26000201702118 -4.31113088130951 -4.29926007986069 -4.28438919782639 -4.29851818084717 -4.33231395483017 -4.32577627897263 -4.30157202482224 -4.31836783885956 -4.40516346693039 -4.4902925491333 -4.51008820533752 -4.51680219173431 -4.55643498897552 -4.58906733989716 -4.61303341388702 -4.68666577339172 -4.7519651055336 -4.79859745502472 -4.86656349897385 -4.96186238527298 -5.02616173028946 -5.04479438066483 -5.0754269361496 -5.06121796369553 -5.06216770410538 -5.11678403615952 -5.13973355293274 -5.14201664924622 -5.15996617078781 -5.1825824379921 -5.20119875669479 -5.24981510639191 -5.35709804296494 -5.42871457338333 -5.46166390180588 -5.45837152004242 -5.44583666324615 -5.45030206441879 -5.51910084486008
-4.30838567018509 -4.30707216262817 -4.30042552947998 -4.29644525051117 -4.29013186693192 -4.2631516456604 -4.2485049366951 -4.22152477502823 -4.22025620937347 -4.2746986746788 -4.27314138412476 -4.25258415937424 -4.32336014509201 -4.34646946191788 -4.33691227436066 -4.3143550157547 -4.33513098955154 -4.41157394647598 -4.50234973430634 -4.51079267263412 -4.49796116352081 -4.54918903112411 -4.6074166893959 -4.64564448595047 -4.69920575618744 -4.76176685094833 -4.79966139793396 -4.85522240400314 -4.92078351974487 -4.96201127767563 -5.00090593099594 -5.0401337146759 -5.04389595985413 -5.04919254779816 -5.07415556907654 -5.09345209598541 -5.11774849891663 -5.08171182870865 -5.09500831365585 -5.14030468463898 -5.21426779031754 -5.30156421661377 -5.35352754592896 -5.38049042224884 -5.43528586626053 -5.48391330242157 -5.4905406832695 -5.50483441352844
-4.35248231887817 -4.36345779895782 -4.35809999704361 -4.35674196481705 -4.35771775245667 -4.3240265250206 -4.29266875982285 -4.2339773774147 -4.19951003789902 -4.25759971141815 -4.24935621023178 -4.21844583749771 -4.27353554964066 -4.33162528276443 -4.33671498298645 -4.35613787174225 -4.39289450645447 -4.4353175163269 -4.46607387065887 -4.47483032941818 -4.50311970710754 -4.58894318342209 -4.65409940481186 -4.70758926868439 -4.75774562358856 -4.78323525190353 -4.75572520494461 -4.75921493768692 -4.83003795146942 -4.88352781534195 -4.9480174779892 -5.00017410516739 -5.03090727329254 -5.02055048942566 -5.05719405412674 -5.1031705737114 -5.10781389474869 -5.023790538311 -4.98843389749527 -5.05974394083023 -5.12572056055069 -5.21303063631058 -5.27734053134918 -5.30165046453476 -5.31653362512589 -5.37632286548615 -5.44811224937439 -5.48356825113297
-4.36024576425552 -4.3825101852417 -4.34977471828461 -4.32837235927582 -4.34730356931686 -4.31790137290955 -4.26983243227005 -4.2290968298912 -4.22643077373505 -4.28316748142242 -4.24557077884674 -4.21730756759644 -4.25071096420288 -4.31811434030533 -4.35385102033615 -4.38925439119339 -4.42199093103409 -4.44772779941559 -4.45179778337479 -4.49520123004913 -4.58094531297684 -4.65403038263321 -4.71078199148178 -4.73620057106018 -4.79828578233719 -4.80703729391098 -4.74845570325851 -4.77454078197479 -4.86495929956436 -4.88671094179153 -4.92512929439545 -4.98021429777145 -5.05625200271606 -5.05724233388901 -5.05989909172058 -5.13322246074677 -5.16254603862762 -5.0812029838562 -5.03119295835495 -5.05951660871506 -5.09917330741882 -5.16649681329727 -5.22215360403061 -5.23481041193008 -5.22378140687943 -5.27306616306305 -5.34935069084167 -5.39596885442734
-4.34000885486603 -4.34356248378754 -4.33044910430908 -4.30833584070206 -4.29722267389297 -4.22244280576706 -4.16932952404022 -4.23054963350296 -4.22768479585648 -4.22873520851135 -4.22245222330093 -4.26116925477982 -4.27988636493683 -4.32926988601685 -4.37065356969833 -4.38237059116364 -4.42242109775543 -4.44847142696381 -4.46452170610428 -4.50090551376343 -4.56410402059555 -4.64211791753769 -4.71379810571671 -4.72281193733215 -4.7798256278038 -4.77917248010635 -4.78618609905243 -4.84586656093597 -4.90421372652054 -4.93756085634232 -4.95790779590607 -4.97058820724487 -5.04459673166275 -5.09360027313232 -5.05060404539108 -5.05394107103348 -5.14327812194824 -5.13894838094711 -5.0662853717804 -5.06062239408493 -5.08029270172119 -5.12529635429382 -5.18263328075409 -5.2459704875946 -5.26669538021088 -5.31014233827591 -5.2875891327858 -5.23203599452972
-4.34777224063873 -4.35528123378754 -4.33745718002319 -4.29729944467545 -4.22880852222443 -4.1539843082428 -4.14649319648743 -4.21700239181519 -4.2059388756752 -4.19030284881592 -4.22166687250137 -4.22669762372971 -4.26206165552139 -4.3190923333168 -4.37278968095779 -4.4104870557785 -4.44551765918732 -4.44854837656021 -4.44057905673981 -4.4622762799263 -4.49392938613892 -4.53153866529465 -4.62181425094604 -4.68642324209213 -4.71103227138519 -4.76897424459457 -4.80324995517731 -4.81619238853455 -4.87113445997238 -4.94641047716141 -4.9713528752327 -4.93729513883591 -4.99394172430038 -5.06795865297318 -5.09097570180893 -5.0489929318428 -5.11767691373825 -5.1223606467247 -5.06537801027298 -5.08839493989944 -5.11374562978745 -5.11542934179306 -5.168113052845 -5.24513024091721 -5.26694309711456 -5.28388553857803 -5.24149411916733 -5.18976986408234
-4.24686896800995 -4.26500016450882 -4.27046489715576 -4.22959619760513 -4.17106103897095 -4.15752571821213 -4.18699043989182 -4.24445503950119 -4.27552634477615 -4.2448707818985 -4.25554829835892 -4.25189262628555 -4.25357031822205 -4.32324796915054 -4.40292572975159 -4.46726995706558 -4.49128097295761 -4.45795887708664 -4.45430314540863 -4.4786474108696 -4.49675500392914 -4.55629259347916 -4.62783026695251 -4.65503454208374 -4.69623893499374 -4.72377640008926 -4.73564726114273 -4.75251799821854 -4.83238923549652 -4.90592700242996 -4.91713112592697 -4.89900213479996 -4.95195293426514 -5.01398372650146 -5.06001436710358 -5.02571153640747 -5.04440861940384 -5.10843950510025 -5.12680345773697 -5.12950092554092 -5.09953159093857 -5.09922885894775 -5.16259282827377 -5.2139567732811 -5.19319099187851 -5.15729504823685 -5.14706593751907 -5.20050352811813
-4.25063222646713 -4.26238590478897 -4.25647288560867 -4.19622665643692 -4.16264688968658 -4.14973390102386 -4.21115416288376 -4.27757465839386 -4.31444692611694 -4.25677162408829 -4.24276298284531 -4.2484210729599 -4.23507916927338 -4.27607035636902 -4.35939490795135 -4.40471965074539 -4.44971096515656 -4.43403565883636 -4.4250271320343 -4.44368499517441 -4.49958044290543 -4.60871332883835 -4.68717962503433 -4.6863124370575 -4.72077864408493 -4.75757825374603 -4.76204454898834 -4.78251075744629 -4.82397693395615 -4.8644432425499 -4.85124284029007 -4.89670902490616 -4.98463106155396 -5.00867521762848 -5.01838576793671 -5.02509671449661 -5.06747424602509 -5.13385164737701 -5.18456238508224 -5.19360673427582 -5.16731745004654 -5.12436175346375 -5.14073926210403 -5.1961168050766 -5.22943860292435 -5.19970470666885 -5.16097098588943 -5.19523721933365
-4.27317535877228 -4.30449676513672 -4.32615149021149 -4.28180605173111 -4.21246081590652 -4.20444893836975 -4.28443682193756 -4.35509151220322 -4.36994916200638 -4.36200946569443 -4.35906988382339 -4.3281301856041 -4.26719063520432 -4.23558455705643 -4.27531158924103 -4.34803849458694 -4.41076564788818 -4.45149266719818 -4.49688625335693 -4.52294677495956 -4.58020550012589 -4.64966285228729 -4.65778654813766 -4.67157697677612 -4.72036749124527 -4.8081579208374 -4.82394850254059 -4.80973899364471 -4.819196164608 -4.84598660469055 -4.86477726697922 -4.93156778812408 -5.00227153301239 -5.0528889298439 -5.07950621843338 -5.05512362718582 -5.06607395410538 -5.10802459716797 -5.18997538089752 -5.23459267616272 -5.2478763461113 -5.19616043567657 -5.15577787160873 -5.18906158208847 -5.27132558822632 -5.28290283679962 -5.27381366491318 -5.31205767393112
-4.2324982881546 -4.26666629314423 -4.29550057649612 -4.23233515024185 -4.18250286579132 -4.23033738136292 -4.28683841228485 -4.29800629615784 -4.32203269004822 -4.37525087594986 -4.32946914434433 -4.29435408115387 -4.26257222890854 -4.27679014205933 -4.35067510604858 -4.40289318561554 -4.41977828741074 -4.45866286754608 -4.51154792308807 -4.60843253135681 -4.73796367645264 -4.75280749797821 -4.74531775712967 -4.74749475717545 -4.77633851766586 -4.80818229913712 -4.82769274711609 -4.89153653383255 -4.93504691123962 -4.92089086771011 -4.92340111732483 -4.986911714077 -5.05654162168503 -5.11429160833359 -5.09337508678436 -5.02312487363815 -5.0478749871254 -5.07495826482773 -5.16137486696243 -5.24512487649918 -5.27420836687088 -5.24929171800613 -5.19670808315277 -5.1984583735466 -5.23685210943222 -5.26922303438187 -5.24992722272873 -5.27629810571671
-4.21815454959869 -4.25850206613541 -4.27418321371078 -4.24653083086014 -4.2228781580925 -4.2705591917038 -4.25724005699158 -4.23792099952698 -4.26044964790344 -4.25149220228195 -4.23553490638733 -4.23124414682388 -4.24962013959885 -4.31366288661957 -4.39203870296478 -4.44574797153473 -4.44479060173035 -4.49116671085358 -4.55787587165833 -4.63125216960907 -4.67838835716248 -4.68795198202133 -4.76284903287888 -4.78507930040359 -4.85830980539322 -4.92154008150101 -4.95210361480713 -5.01466727256775 -5.05923092365265 -5.07046115398407 -5.05469155311584 -5.03158855438232 -5.01914495229721 -5.03136134147644 -5.05691051483154 -5.07212674617767 -5.11434268951416 -5.18689203262329 -5.26910817623138 -5.3069908618927 -5.30787342786789 -5.25875598192215 -5.20463883876801 -5.19485485553741 -5.19637846946716 -5.2422097325325 -5.27370756864548 -5.29887199401855
-4.24281084537506 -4.25600469112396 -4.28219896554947 -4.29072642326355 -4.27825367450714 -4.29711437225342 -4.31897509098053 -4.31150239706039 -4.29186642169952 -4.23506683111191 -4.2286005616188 -4.25346773862839 -4.29700142145157 -4.3492020368576 -4.40373563766479 -4.4466028213501 -4.45613640546799 -4.50567036867142 -4.59687066078186 -4.70440453290939 -4.73547983169556 -4.73909670114517 -4.81071364879608 -4.84499722719193 -4.95461398363113 -5.04056435823441 -5.07984799146652 -5.11413133144379 -5.12941497564316 -5.14436501264572 -5.10398203134537 -5.05893242359161 -5.03774839639664 -5.06043064594269 -5.09577918052673 -5.12446147203445 -5.14314365386963 -5.17082560062408 -5.21750766038895 -5.21952313184738 -5.19353842735291 -5.15288728475571 -5.16290277242661 -5.18125146627426 -5.17257159948349 -5.21086311340332 -5.23548793792725 -5.22077935934067
-4.26113361120224 -4.29917407035828 -4.30254799127579 -4.31025511026382 -4.33429557085037 -4.35533607006073 -4.34004336595535 -4.31775045394897 -4.27494996786118 -4.25597494840622 -4.25833308696747 -4.29902458190918 -4.34271621704102 -4.3597412109375 -4.41343277692795 -4.43745750188828 -4.44948238134384 -4.5001739859581 -4.59653234481812 -4.69422370195389 -4.75523775815964 -4.77924156188965 -4.8605780005455 -4.94591498374939 -5.026251912117 -5.09558868408203 -5.13592547178268 -5.13159543275833 -5.13126558065414 -5.1776025891304 -5.17793929576874 -5.15560936927795 -5.12268531322479 -5.1178332567215 -5.16131466627121 -5.22312963008881 -5.28861099481583 -5.31242591142654 -5.30690741539001 -5.25538885593414 -5.19053715467453 -5.12068516016006 -5.09049999713898 -5.12364822626114 -5.13676482439041 -5.15484970808029 -5.2242683172226 -5.21635329723358
-4.18178999423981 -4.24301028251648 -4.29289710521698 -4.32411748170853 -4.35700446367264 -4.38322472572327 -4.33244514465332 -4.29099863767624 -4.26303350925446 -4.27654945850372 -4.28506553173065 -4.3339147567749 -4.37343102693558 -4.41728031635284 -4.45379620790482 -4.51397889852524 -4.53716170787811 -4.58167761564255 -4.64786034822464 -4.69437652826309 -4.74199610948563 -4.81538617610931 -4.91477590799332 -4.99849957227707 -5.05688965320587 -5.09561288356781 -5.10033625364304 -5.09739297628403 -5.1517830491066 -5.25217312574387 -5.31156301498413 -5.2759530544281 -5.18862199783325 -5.17556935548782 -5.22151690721512 -5.32346445322037 -5.40241199731827 -5.42969310283661 -5.41564053297043 -5.36792135238647 -5.32820224761963 -5.23181635141373 -5.12509721517563 -5.07704484462738 -5.09429115056992 -5.11583638191223 -5.18271505832672 -5.2019270658493
-4.1381129026413 -4.21351289749146 -4.32624626159668 -4.37397980690002 -4.389379799366 -4.40211319923401 -4.32751333713531 -4.28158003091812 -4.27778363227844 -4.3027908205986 -4.31813126802444 -4.35113841295242 -4.41214567422867 -4.43548601865768 -4.47182649374008 -4.50650036334991 -4.55684077739716 -4.64951455593109 -4.73752170801163 -4.79019570350647 -4.84542071819305 -4.89086407423019 -4.96197408437729 -4.98808389902115 -5.05352711677551 -5.06763726472855 -5.03541380167007 -5.0711904168129 -5.12496703863144 -5.19441026449203 -5.29652047157288 -5.31629693508148 -5.24955862760544 -5.2129722237587 -5.27438575029373 -5.39246606826782 -5.47021287679672 -5.51429307460785 -5.53837358951569 -5.46578699350357 -5.40886741876602 -5.32294750213623 -5.24102777242661 -5.14644116163254 -5.09481757879257 -5.07615649700165 -5.08416223526001 -5.09916764497757
-4.18643581867218 -4.25201559066772 -4.32126218080521 -4.34650868177414 -4.36942183971405 -4.34633499383926 -4.29691505432129 -4.3134948015213 -4.32586711645126 -4.35669898986816 -4.36286371946335 -4.38802856206894 -4.42419356107712 -4.40402519702911 -4.40219008922577 -4.45268839597702 -4.54852002859116 -4.67268508672714 -4.77651643753052 -4.83801466226578 -4.89251214265823 -4.90567517280579 -4.94683837890625 -4.98166853189468 -5.06983178853989 -5.13266158103943 -5.10349142551422 -5.14365458488464 -5.22715103626251 -5.2496474981308 -5.27681082487106 -5.27730733156204 -5.27416199445724 -5.23837500810623 -5.33392125368118 -5.46246737241745 -5.53334712982178 -5.56922698020935 -5.59210675954819 -5.51331943273544 -5.45386570692062 -5.4000785946846 -5.31129157543182 -5.26183784008026 -5.21401059627533 -5.1774765253067 -5.11094230413437 -5.07840818166733
-4.18509197235107 -4.24018502235413 -4.27561122179031 -4.27903759479523 -4.27813076972961 -4.26689028739929 -4.25964993238449 -4.28174293041229 -4.32995063066483 -4.35981899499893 -4.36984640359879 -4.40233564376831 -4.42989075183868 -4.3557865023613 -4.34255367517471 -4.46687650680542 -4.57353258132935 -4.68518871068954 -4.78084450960159 -4.83916729688644 -4.86560362577438 -4.90915340185165 -4.95636963844299 -5.00058633089066 -5.11146938800812 -5.25168573856354 -5.24223560094833 -5.27711862325668 -5.4060018658638 -5.42721837759018 -5.36243462562561 -5.30898439884186 -5.33443206548691 -5.35511112213135 -5.42279028892517 -5.52046936750412 -5.55714821815491 -5.57816046476364 -5.58683967590332 -5.53885209560394 -5.4698640704155 -5.41120994091034 -5.35955536365509 -5.33990114927292 -5.31920385360718 -5.26779687404633 -5.19105607271194 -5.15098226070404
-4.14108163118362 -4.20402097702026 -4.27529382705688 -4.25723326206207 -4.23983919620514 -4.24677860736847 -4.26738488674164 -4.27132433652878 -4.32103425264359 -4.36818152666092 -9999 -9999 -9999 -9999 -4.37975060939789 -4.51285398006439 -4.62687849998474 -4.71669238805771 -4.78383946418762 -4.85065323114395 -4.87836182117462 -4.972964823246 -5.0259011387825 -5.07950401306152 -5.17177379131317 -5.28871005773544 -5.31664645671844 -5.34324932098389 -5.41351926326752 -5.43745535612106 -5.44739174842834 -5.48066157102585 -5.58203560113907 -5.59251397848129 -5.56899225711823 -5.61613738536835 -5.6672825217247 -5.63042765855789 -5.60290586948395 -5.50171786546707 -5.43619614839554 -5.4323410987854 -5.43248623609543 -5.37363123893738 -5.32639688253403 -5.23844987154007 -5.18783628940582 -5.1635559797287
