data/spatiotemp/temp3/bio19_norsw_test_2011_2014.asc
NCOLS 654 
NROWS 380 
XLLCORNER 3.91666666666667 
YLLCORNER 55.3333333333333 
CELLSIZE 0.0416666666666667 
NODATA_value -9999 
[rows 176 to 197 of 380, columns 600 to 649 of 654]
113.83412361145 114.339998245239 116.107410430908 117.74645614624 118.090074539185 118.231113433838 118.372150421143 119.453901290894 119.557680130005 120.196044921875 123.049898147583 123.691173553467 125.269855499268 124.401958465576 124.471296310425 124.540639877319 124.609975814819 124.106689453125 122.161821365356 122.230598449707 121.749813079834 121.86513710022 121.980463027954 121.739358901978 121.855279922485 121.396099090576 121.511617660522 121.627122879028 120.645309448242 120.759187698364 120.873065948486 119.812799453735 119.939163208008 120.079570770264 118.182342529297 117.139766693115 117.276313781738 116.833269119263 117.32173538208 117.105682373047 116.124265670776 114.71524810791 114.847930908203 113.857824325562 113.408399581909 114.669054031372 113.958810806274 115.646690368652 114.580202102661 114.36156463623
112.618141174316 113.87832069397 115.518566131592 118.416187286377 118.550523757935 118.316848754883 118.451093673706 118.585334777832 119.823801040649 120.249052047729 124.032880783081 124.091899871826 124.722085952759 124.417808532715 124.477746963501 124.537689208984 124.597623825073 125.813655853271 124.944761276245 123.848239898682 122.279327392578 121.815607070923 119.832361221313 119.938913345337 120.045469284058 121.31921005249 122.354448318481 121.535215377808 120.547634124756 119.481050491333 119.586013793945 119.690984725952 119.815156936646 119.958557128906 119.751495361328 119.317649841309 118.351762771606 116.729021072388 117.219240188599 116.471841812134 116.60961151123 116.168228149414 116.305652618408 115.826330184937 115.033538818359 114.05092048645 114.11674118042 114.028509140015 116.00492477417 115.013486862183
111.197772979736 113.509651184082 114.204593658447 118.033634185791 117.101152420044 116.085981369019 117.354612350464 119.116928100586 120.716156005859 121.919832229614 123.615598678589 124.037317276001 124.664203643799 125.291069030762 126.502374649048 125.044067382812 126.258710861206 124.589292526245 124.289068222046 123.777574539185 122.208885192871 120.579700469971 120.682716369629 118.774229049683 118.875928878784 118.977632522583 118.507070541382 118.608428955078 118.709789276123 118.460308074951 118.912506103516 118.664232254028 118.786373138428 117.826976776123 117.967628479004 119.788721084595 118.248941421509 118.965600967407 117.340673446655 117.479583740234 117.618494033813 116.642213821411 116.779439926147 115.367254257202 115.50590133667 115.069200515747 115.210857391357 114.147806167603 113.936626434326 113.848104476929
110.156831741333 110.84220123291 112.583068847656 114.205375671387 114.894153594971 115.58292388916 118.274337768555 118.966514587402 119.627536773682 123.40563583374 124.037141799927 124.099620819092 124.162101745605 125.154708862305 124.64733505249 124.349538803101 124.412014007568 124.474493026733 124.536973953247 122.027685165405 122.111532211304 120.482957839966 118.934951782227 119.036943435669 119.138931274414 118.888174057007 118.067552566528 118.170339584351 118.273132324219 118.375926971436 118.478712081909 119.153923034668 119.274751663208 116.558259963989 117.794555664062 118.013723373413 116.962894439697 117.097774505615 117.232646942139 117.942440032959 118.077632904053 118.212827682495 117.772165298462 117.907043457031 115.724088668823 115.507843017578 115.0650806427 113.993680953979 114.476810455322 115.738750457764
114.100145339966 113.851892471313 113.966651916504 114.444854736328 114.764038085938 116.590925216675 118.698068618774 119.747993469238 121.556529998779 123.253339767456 123.888559341431 123.955863952637 124.023170471191 124.090480804443 124.157781600952 123.866703033447 123.934768676758 123.791683197021 123.858972549438 122.495611190796 122.014175415039 119.307874679565 119.41099357605 118.59196472168 118.695333480835 118.798707962036 116.8942527771 115.821601867676 115.922161102295 116.373014450073 118.965763092041 119.069625854492 118.006769180298 116.470384597778 116.601230621338 116.732078552246 116.862926483154 116.993774414062 117.124626159668 117.828620910645 117.386325836182 117.517169952393 117.648021697998 118.353172302246 118.483953475952 117.410959243774 117.190095901489 117.319158554077 115.747831344604 114.315771102905
113.061500549316 114.304573059082 114.414356231689 114.524141311646 116.344409942627 118.439861297607 119.119512557983 121.310350418091 121.96989440918 123.101037979126 124.10076713562 123.812105178833 125.606449127197 125.679899215698 124.028507232666 124.100639343262 123.249176025391 122.251438140869 122.322967529297 122.749025344849 121.916822433472 122.024076461792 119.317262649536 119.421228408813 118.605041503906 118.70924949646 115.634853363037 115.736211776733 117.365552902222 116.857847213745 119.230285644531 117.583269119263 116.604644775391 118.397068023682 116.858350753784 116.985197067261 117.112045288086 118.341249465942 118.469741821289 117.143424987793 117.492681503296 117.968969345093 116.896066665649 116.672204971313 116.795562744141 117.266164779663 117.038190841675 116.039482116699 115.584890365601 114.494613647461
113.519161224365 115.689798355103 116.361806869507 116.108005523682 117.626350402832 118.299690246582 120.121223449707 121.157150268555 122.871816635132 123.514429092407 123.950803756714 125.74799156189 125.825666427612 125.545829772949 123.899229049683 123.976184844971 123.131589889526 122.140882492065 123.641054153442 124.284032821655 122.385610580444 121.927555084229 122.035640716553 119.328338623047 118.51474571228 116.878452301025 115.548669815063 115.650815963745 115.752956390381 115.855100631714 116.306625366211 116.408388137817 118.529554367065 118.398170471191 117.334615707397 117.457632064819 117.231889724731 118.234867095947 119.80997467041 119.402034759521 119.177951812744 117.847040176392 117.9700756073 116.89035987854 117.007833480835 116.772718429565 116.886283874512 116.999839782715 115.993974685669 114.895872116089
115.473108291626 116.97872543335 117.287176132202 119.663324356079 119.767505645752 120.716672897339 121.386589050293 121.003950119019 121.096300125122 124.514490127563 124.597616195679 125.245414733887 126.952569961548 125.411764144897 123.769956588745 121.86840057373 121.949363708496 122.030319213867 122.111289978027 122.192255020142 122.287242889404 122.396255493164 122.505262374878 119.235443115234 118.42444229126 116.438089370728 115.46248626709 115.565420150757 115.668354034424 115.771287918091 116.22339630127 119.165596008301 117.002979278564 117.121908187866 117.240829467773 118.550939559937 119.986850738525 117.24920463562 117.368185043335 117.487163543701 119.405776977539 119.874465942383 118.192237854004 118.531789779663 115.413055419922 116.628561019897 115.621103286743 115.725131988525 115.829158782959 115.933176040649
118.673477172852 118.209320068359 118.308242797852 119.32759475708 121.036766052246 120.089092254639 122.950874328613 124.460460662842 124.068389892578 123.798631668091 122.937561035156 123.588270187378 125.189661026001 125.277696609497 123.286054611206 122.312227249146 122.397974014282 122.483713150024 122.00545501709 122.655200958252 122.188871383667 122.29866027832 120.320508956909 121.953992843628 118.8984375 116.913356781006 115.376298904419 115.480024337769 115.583751678467 115.687480926514 115.791202545166 115.894931793213 116.220363616943 116.683797836304 116.798723220825 116.913642883301 117.028570175171 117.143495559692 117.258419036865 117.939420700073 118.054540634155 117.821975708008 117.937189102173 118.052396774292 118.507066726685 117.691505432129 118.137807846069 117.027812957764 116.011566162109 116.10789680481
122.223411560059 120.716312408447 120.456077575684 119.403783798218 122.402542114258 123.417116165161 125.122446060181 123.460023880005 124.959466934204 125.615531921387 124.657791137695 124.750171661377 124.488168716431 125.143629074097 124.883031845093 125.53915977478 123.904541015625 123.433572769165 123.314168930054 123.405542373657 122.090505599976 122.764169692993 122.311645507812 119.262470245361 118.806930541992 118.914470672607 115.290115356445 115.394632339478 115.499151229858 115.603668212891 115.708185195923 116.375738143921 116.483428955078 117.505813598633 119.898553848267 117.379667282104 116.926912307739 117.949445724487 117.712795257568 118.171264648438 118.282173156738 118.045917510986 118.156959533691 117.921104431152 118.022394180298 118.46053314209 118.551874160767 117.53311920166 116.412460327148 115.934741973877
124.16535949707 124.257831573486 121.24768447876 121.337774276733 121.427862167358 123.476476669312 126.118852615356 125.61971282959 125.71506690979 125.459142684937 126.473094940186 126.571533203125 126.31683921814 126.624494552612 125.107318878174 125.766817092896 127.484189987183 125.61128616333 123.767200469971 125.275966644287 122.342302322388 122.103481292725 120.477672576904 118.607091903687 117.537094116211 117.082052230835 116.114870071411 116.219961166382 115.414546966553 115.868560791016 116.535234451294 116.640323638916 116.74619102478 116.852834701538 118.367225646973 118.823362350464 118.931646347046 117.841661453247 117.948450088501 118.055236816406 118.162033081055 118.268821716309 118.375610351562 118.136106491089 117.885139465332 117.968683242798 117.292119979858 116.163782119751 115.680583953857 115.761598587036
126.104913711548 124.133840560913 124.220916748047 122.805328369141 121.851209640503 122.976795196533 124.776033401489 125.216247558594 127.621503829956 127.726070404053 127.478120803833 127.583009719849 128.248302459717 128.353281021118 127.293605804443 127.397155761719 127.360332489014 125.496589660645 125.599624633789 123.969783782959 122.45484161377 122.005891799927 120.380680084229 118.863876342773 116.883600234985 115.921052932739 115.117744445801 116.13282585144 116.238716125488 115.78448677063 117.877729415894 117.985248565674 116.660596847534 117.609045028687 118.621053695679 118.72518157959 118.482109069824 118.933437347412 119.598217010498 119.702466964722 118.041891098022 119.91096496582 118.462472915649 118.565483093262 118.654930114746 118.730810165405 118.244638442993 118.320230484009 118.050594329834 116.151355743408
127.019607543945 127.31107711792 127.745628356934 125.290271759033 125.372085571289 125.453897476196 125.184181213379 125.265832901001 126.753732681274 127.566694259644 128.23547744751 127.994380950928 126.915504455566 126.465202331543 127.974390029907 128.434520721436 128.544553756714 127.484457015991 126.68399810791 126.792737960815 123.763376235962 122.46820640564 120.843435287476 120.184038162231 120.295595169067 118.665279388428 115.379888534546 113.952638626099 115.245347976685 116.259061813354 116.365749359131 117.03077507019 117.133312225342 118.427047729492 119.085540771484 120.270608901978 120.372245788574 120.820503234863 120.921876907349 121.58226776123 121.683740615845 120.345277786255 119.886142730713 120.54563331604 120.630046844482 120.698709487915 118.995935440063 119.063844680786 119.131757736206 119.19966506958
127.454950332642 129.241151809692 129.320560455322 128.247247695923 126.940774917603 126.460779190063 127.095840454102 125.108703613281 125.203742980957 126.225402832031 127.730356216431 128.888467788696 127.96053314209 128.633996963501 128.749206542969 129.913633346558 130.030397415161 127.923505783081 128.532140731812 127.591888427734 127.148778915405 124.335155487061 123.332944869995 121.709289550781 119.853002548218 117.367616653442 116.918869018555 115.958562850952 116.066041946411 117.921173095703 118.030076980591 119.0436668396 119.14581489563 118.893955230713 121.826171875 121.925081253052 122.023990631104 121.267002105713 122.56778717041 121.461448669434 122.765008926392 121.310802459717 121.408321380615 121.505840301514 121.585512161255 121.647342681885 121.70916557312 122.11498260498 122.176712036133 120.681510925293
127.390487670898 128.366199493408 129.592065811157 128.162492752075 128.234197616577 127.272632598877 127.343715667725 127.066827774048 126.000322341919 127.152582168579 127.616861343384 128.08084487915 128.407466888428 128.524042129517 130.033004760742 130.15104675293 128.87377166748 130.387128829956 130.15874671936 127.701276779175 128.660360336304 126.817899703979 125.754438400269 124.252035140991 121.842723846436 119.359531402588 117.499633789062 118.164003372192 119.687412261963 119.796703338623 119.559135437012 120.015287399292 121.869710922241 121.966386795044 121.716815948486 122.715614318848 123.894596099854 122.909109115601 122.449783325195 122.546463012695 122.643136978149 123.296096801758 123.392841339111 121.721853256226 121.454820632935 121.512506484985 121.570192337036 121.627882003784 122.586339950562 122.086318969727
128.539844512939 129.506896972656 130.129375457764 130.194284439087 128.75505065918 128.818878173828 127.851699829102 128.946519851685 129.593528747559 127.772369384766 128.443769454956 129.038230895996 127.985198974609 128.657148361206 128.771579742432 128.886009216309 130.04695892334 130.850957870483 130.966856002808 130.739088058472 128.278749465942 127.834280014038 126.832948684692 124.147134780884 123.70108795166 119.812747955322 119.574180603027 119.123767852783 119.229759216309 119.335750579834 121.536823272705 121.644229888916 121.401390075684 121.843578338623 121.940673828125 124.226715087891 124.325487136841 124.424255371094 123.228448867798 122.981861114502 123.079034805298 123.176212310791 123.273378372192 123.370553970337 122.23547744751 121.950691223145 122.008413314819 122.408538818359 122.466226577759 122.52391242981
127.72064781189 129.494567871094 129.551635742188 130.166633605957 131.808450698853 128.774755477905 130.552749633789 129.443992614746 129.528455734253 129.641603469849 129.412704467773 129.525970458984 129.639234542847 128.579692840576 129.524160385132 130.536418914795 129.473188400269 132.150514602661 131.302782058716 132.596857070923 130.478033065796 129.133272171021 127.287630081177 126.841178894043 125.893409729004 121.957246780396 122.063018798828 120.763271331787 119.118846893311 119.776821136475 120.222480773926 121.179079055786 121.623250961304 121.377571105957 123.447196960449 125.303562164307 125.746734619141 124.299634933472 123.318706512451 124.840269088745 124.939308166504 123.611753463745 123.70943069458 123.251518249512 122.987707138062 122.173578262329 122.787162780762 122.288597106934 122.34610748291 122.403621673584
129.433048248291 130.505079269409 131.113340377808 131.162782669067 131.770416259766 129.897428512573 128.778608322144 129.723630905151 129.46337890625 129.57405090332 130.242065429688 130.352695465088 129.567008972168 128.502239227295 129.788539886475 130.456418991089 131.124206542969 131.234884262085 131.345550537109 133.399795532227 133.511081695557 129.932849884033 129.266637802124 127.631072998047 125.446842193604 123.466192245483 122.170558929443 122.272514343262 121.097890853882 121.753520965576 123.474109649658 124.220138549805 122.054220199585 124.97731590271 125.078151702881 125.520324707031 126.175617218018 125.721797943115 125.481489181519 124.374256134033 124.473875045776 124.914257049561 126.225486755371 125.113307952881 125.192556381226 123.82345199585 123.881269454956 122.724351882935 122.22599029541 122.283330917358
129.428604125977 131.049535751343 131.090961456299 129.774444580078 128.646451950073 128.686508178711 128.726566314697 128.766624450684 128.840801239014 129.506498336792 129.614698410034 130.280103683472 129.494779586792 129.046026229858 129.711317062378 130.376417160034 130.484586715698 130.592763900757 132.637788772583 135.535232543945 134.598136901855 132.626699447632 129.045497894287 127.741289138794 127.289022445679 125.781602859497 125.2076587677 123.056114196777 121.540287017822 124.450347900391 125.443674087524 125.543720245361 125.644376754761 125.745653152466 125.846933364868 127.572652816772 126.04948425293 126.150758743286 125.912340164185 126.013648986816 124.905012130737 124.450576782227 126.102462768555 126.203643798828 125.409172058105 125.128412246704 125.187223434448 122.943737030029 122.661109924316 123.058456420898
127.921255111694 127.953771591187 129.156589508057 128.018796920776 128.051309585571 127.74977684021 127.782402038574 127.815023422241 128.218103408813 128.881521224976 128.987384796143 129.650381088257 129.75609588623 128.12398147583 130.778245925903 131.109375 129.218246459961 130.507658004761 131.169410705566 131.274887084961 132.758186340332 132.861366271973 129.83570098877 126.249397277832 127.539604187012 125.335866928101 125.770072937012 125.53254699707 123.039443969727 124.332958221436 125.320520401001 125.41722869873 125.516443252563 128.439157485962 128.543605804443 126.375146865845 126.476982116699 126.025074005127 126.126802444458 127.120843887329 126.884300231934 125.220241546631 126.53370475769 128.053733825684 127.581071853638 127.641326904297 125.063953399658 123.699203491211 124.311254501343 124.153369903564
127.916036605835 127.380023956299 127.965379714966 128.321701049805 128.01473236084 127.708086013794 124.980373382568 125.004329681396 125.955200195312 125.724872589111 125.82543182373 125.925996780396 126.583404541016 126.683778762817 127.815849304199 128.249168395996 128.577180862427 128.679618835449 129.337749481201 129.439989089966 129.539575576782 129.636501312256 129.17858505249 128.943479537964 124.304384231567 124.397264480591 125.322734832764 123.166278839111 122.924102783203 123.016138076782 124.861700057983 125.290735244751 125.388513565063 125.490684509277 128.414484024048 127.454008102417 128.110536575317 128.074243545532 126.554962158203 126.657245635986 126.759532928467 128.27331161499 127.485973358154 127.58963394165 128.009031295776 128.06919670105 127.791360855103 125.215015411377 124.528915405273 124.586332321167
127.910806655884 127.366333007812 127.38370513916 127.961315155029 127.978155136108 126.815132141113 125.943960189819 124.946605682373 125.003953933716 125.659791946411 125.757947921753 125.528079986572 125.626239776611 126.280878067017 126.706804275513 127.836507797241 127.936779022217 128.037052154541 127.325754165649 127.423429489136 128.561252593994 127.610040664673 128.031230926514 126.374803543091 126.135976791382 126.227052688599 125.986547470093 124.471961975098 124.008476257324 125.485849380493 125.911182403564 125.164247512817 125.26057434082 125.915557861328 127.632061004639 128.943201065063 129.048572540283 129.15393447876 128.04941368103 127.600679397583 128.916851043701 127.809120178223 130.536697387695 130.979984283447 128.436143875122 128.496128082275 128.218992233276 126.862310409546 125.703357696533 125.207954406738
