data/spatiotemp/temp3/bio10_norsw_test_2011_2014.asc
NCOLS 654 
NROWS 380 
XLLCORNER 3.91666666666667 
YLLCORNER 55.3333333333333 
CELLSIZE 0.0416666666666667 
NODATA_value -9999 
[rows 88 to 109 of 380, columns 350 to 399 of 654]
10.330272436142 11.0812337398529 11.6041951179504 11.898490190506 11.9414513111115 11.8997464179993 11.861832857132 11.8090453147888 11.8475906848907 11.5968029499054 11.372682094574 11.7438941001892 11.9271059036255 11.9749848842621 11.9255299568176 11.7754096984863 11.727954864502 11.6118333339691 11.6760973930359 11.6587460041046 11.5593953132629 11.5487105846405 11.5366928577423 11.6400079727173 11.560656785965 11.3599717617035 11.154620885849 11.612603187561 11.5799176692963 11.4385669231415 11.5610272884369 11.539299249649 11.6362376213074 11.7491760253906 11.8681147098541 11.9283862113953 11.9839913845062 12.0122632980347 12.0445351600647 12.0354738235474 11.8870782852173 11.8393504619598 11.9813861846924 11.9611868858337 12.06432056427 12.0394539833069 12.0319213867188 12.102388381958 12.1028549671173 12.1379888057709
12.1081457138062 11.8626873493195 11.5718960762024 11.5337707996368 11.6183128356934 11.5315210819244 11.7163326740265 11.8780796527863 11.9078278541565 11.9289085865021 11.9033229351044 11.9137375354767 11.8408186435699 12.0398995876312 12.1263136863708 12.143394947052 12.104475736618 12.0155565738678 11.9642853736877 11.8659956455231 11.6070392131805 11.5614154338837 11.771125793457 11.9121689796448 11.9525463581085 11.9915897846222 11.9999663829803 11.9936761856079 12.0387198925018 11.900429725647 11.7215373516083 11.4773762226105 11.6192145347595 11.565052986145 11.4295582771301 11.7233967781067 11.9072353839874 11.918407201767 11.8189127445221 11.7600843906403 11.9072563648224 11.7377614974976 11.822438955307 11.8492891788483 11.9308059215546 11.9176564216614 11.9118392467499 11.8886892795563 11.848206281662 11.7243895530701
12.1306858062744 11.9941411018372 12.0549297332764 12.2963852882385 12.3438401222229 12.3559620380402 12.2574980258942 11.987114906311 11.5320649147034 11.3550143241882 11.5799641609192 11.5935809612274 11.5005304813385 11.5548138618469 12.057097196579 12.1147134304047 11.7643299102783 11.8026130199432 12.1031403541565 11.7585785388947 11.466016292572 11.5914545059204 11.7682259082794 11.8096640110016 11.6957685947418 11.56520652771 11.5866453647614 11.8667497634888 11.8995213508606 11.9576263427734 12.1347146034241 12.0967864990234 11.9688584804535 12.0155971050262 11.879668712616 11.7910740375519 11.7884795665741 11.7305517196655 11.778623342514 11.6420288085938 11.7261004447937 11.7415056228638 11.7368249893188 11.8680584430695 11.835958480835 11.559858083725 11.7524244785309 11.7589912414551 11.7942242622375 11.8641240596771
10.9605596065521 10.7569282054901 10.8266305923462 10.7956659793854 10.9680349826813 11.2597370147705 11.6359972953796 12.1494829654694 12.3976347446442 12.1624534130096 11.5479388237 11.505423784256 11.5722427368164 11.6597285270691 11.9678800106049 11.7706990242004 11.3135175704956 11.1956691741943 11.4653284549713 11.7171614170074 11.9116606712341 12.0861599445343 12.0886595249176 11.8371589183807 11.756325006485 11.4088242053986 11.1393239498138 11.2451570034027 11.8949892520905 11.8988220691681 12.1378915309906 12.2595298290253 12.3278350830078 12.3021409511566 12.1884455680847 11.9767513275146 11.8183896541595 11.6833617687225 11.8210005760193 11.8259723186493 11.7749447822571 11.8132498264313 11.8172109127045 11.5308275222778 11.8264434337616 11.5947265625 11.7243430614471 11.8832921981812 11.808908700943 11.7578582763672
10.0604326725006 9.71904873847961 9.8503315448761 9.92428016662598 10.0615627765656 10.0368449687958 10.2918300628662 11.1651840209961 11.8765385150909 12.435225725174 12.3879137039185 12.1259343624115 11.865954875946 11.943975687027 11.960663318634 11.4866840839386 11.1727049350739 10.8733923435211 10.8961832523346 11.2030773162842 11.6953048706055 12.1041991710663 12.0690932273865 11.9813203811646 11.8828811645508 11.9304416179657 11.3920028209686 11.8202302455902 12.0084578990936 11.9000186920166 12.0837345123291 12.2409403324127 12.4148125648499 12.5173511505127 12.4758899211884 12.3404290676117 12.2669675350189 12.166839838028 12.1513781547546 12.111917257309 12.130455493927 12.2109942436218 12.2615971565247 12.3449296951294 12.3549292087555 12.2349286079407 12.1775949001312 12.0915942192078 12.011593580246 11.8662593364716
10.0936398506165 9.78783583641052 9.84336495399475 9.82222771644592 9.60642385482788 9.76195287704468 9.91766285896301 10.3408854007721 11.0367748737335 11.7253315448761 11.9658875465393 12.1391108036041 12.3503336906433 12.4388899803162 12.5027797222137 12.2386693954468 11.6138925552368 11.3904485702515 11.5157046318054 11.8543267250061 11.9022822380066 11.9862375259399 11.722859621048 11.9368150234222 11.8674368858337 12.0180592536926 12.0533483028412 12.0439703464508 12.1012592315674 12.2345476150513 12.3242449760437 12.3556838035583 12.5024561882019 12.628561258316 12.6480002403259 12.5967721939087 12.5068778991699 12.4236505031586 12.2924222946167 12.2058613300323 12.3232998847961 12.3907384872437 12.2893166542053 12.3123655319214 12.2800810337067 12.334463596344 12.2608461380005 12.3225619792938 12.4029448032379 12.4379937648773
10.9857652187347 10.3100035190582 10.0902421474457 10.229147195816 10.0327188968658 10.1549570560455 10.1000769138336 10.4394104480743 10.7240779399872 11.1147453784943 11.4700787067413 11.742746591568 12.014080286026 12.0254139900208 12.4134147167206 12.5007483959198 12.43341588974 12.2927498817444 12.067950963974 11.9656865596771 12.2074222564697 12.1264913082123 12.0548932552338 12.0959622859955 12.1510310173035 12.0660998821259 12.0731687545776 12.1755712032318 12.3179733753204 12.2530422210693 12.328724861145 12.4383544921875 12.554651260376 12.6456141471863 12.6305770874023 12.5822072029114 12.5545032024384 12.5088000297546 12.3584306240082 12.2173926830292 12.3343563079834 12.418653011322 12.4172916412354 12.2896056175232 12.2439193725586 12.1542336940765 12.0392141342163 12.4048614501953 12.5311758518219 12.6481559276581
11.5694756507874 11.2855520248413 11.038961648941 10.7503716945648 10.6111147403717 10.6758580207825 10.6070725917816 10.4874265193939 10.7084465026855 10.7754671573639 10.9138202667236 11.1581737995148 11.6278607845306 11.6195478439331 11.5199015140533 12.2882549762726 12.4812753200531 12.4869620800018 12.4675896167755 12.3458240032196 12.5673913955688 12.5949592590332 12.4838607311249 12.1594278812408 12.0196623802185 12.1612300872803 12.2614645957947 12.2743656635284 12.3166000843048 12.3281674385071 12.4285073280334 12.5136187076569 12.5787308216095 12.5991756916046 12.6342875957489 12.593398809433 12.5025105476379 12.4476225376129 12.3500678539276 12.1411793231964 12.1402909755707 12.2914023399353 12.4268550872803 12.4386496543884 12.4524433612823 12.4622373580933 12.4246978759766 12.5231583118439 12.5316195487976 12.5267465114594
11.7211861610413 11.5217671394348 11.2410151958466 11.1049292087555 10.8815104961395 10.9107582569122 10.8467352390289 10.8127748966217 10.7308151721954 10.9541878700256 11.1882281303406 11.3756020069122 11.5283081531525 11.7496817111969 11.8023881912231 11.8930945396423 12.1118011474609 12.3705079555511 12.5265612602234 12.570627450943 12.5846943855286 12.575427532196 12.5161602497101 12.5228936672211 12.5316271781921 12.4930272102356 12.5090930461884 12.4351603984833 12.4805603027344 12.5699601173401 12.5729563236237 12.5662167072296 12.577476978302 12.6227374076843 12.6686642169952 12.663257598877 12.5891847610474 12.4857783317566 12.2950382232666 12.3149654865265 12.3955585956573 12.4681525230408 12.5544195175171 12.6103599071503 12.6343007087708 12.6182413101196 12.6488485336304 12.8061220645905 12.8187291622162 12.8246700763702
11.8322303295135 11.7913160324097 11.4477345943451 11.6741540431976 11.6139063835144 11.4116585254669 11.2597312927246 11.1467909812927 11.0291841030121 10.8755764961243 10.9226360321045 11.3750293254852 11.4420886039734 11.639148235321 11.4862077236176 11.4586007595062 11.6956608295441 11.9687201976776 12.2628660202026 12.4287648200989 12.4753301143646 12.3652286529541 12.4797942638397 12.4743599891663 12.3882582187653 12.5794909000397 12.5720553398132 12.5979549884796 12.6085197925568 12.6230857372284 12.5654058456421 12.5401477813721 12.6202235221863 12.6609654426575 12.665708065033 12.6144495010376 12.5411915779114 12.4012670516968 12.3800091743469 12.3107511997223 12.3054933547974 12.5442357063293 12.6539833545685 12.7114040851593 12.6888244152069 12.6715788841248 12.6736657619476 12.2457523345947 11.809839963913 11.7225933074951
12.1619410514832 12.048864364624 12.0591216087341 12.0860455036163 12.1236357688904 12.0118923187256 11.8307271003723 11.4068067073822 11.1562187671661 11.2189650535583 11.4790444374084 11.6037905216217 11.7678697109222 11.8072819709778 11.6893615722656 11.4934408664703 11.5435202121735 11.8489325046539 11.8885040283203 12.0509016513824 12.0159664154053 12.0423636436462 12.342761516571 12.4764921665192 12.3235566616058 12.2539539337158 12.3256850242615 12.518082857132 12.5758135318756 12.6522107124329 12.6311886310577 12.6174125671387 12.662969827652 12.6778604984283 12.6160843372345 12.5009751319885 12.311865568161 12.1814227104187 12.4016468524933 12.5938704013824 12.6760945320129 12.669652223587 12.6602141857147 12.5217814445496 12.5646817684174 12.5389156341553 12.6858162879944 12.6540496349335 12.5349502563477 12.269850730896
12.2763183116913 12.30974650383 12.1558411121368 12.0172700881958 11.9866981506348 11.6981263160706 11.7497231960297 12.032155752182 11.7799210548401 11.6216869354248 11.6241190433502 11.5738844871521 11.8069834709167 11.8927493095398 11.9691815376282 11.907613992691 11.9127128124237 11.9651448726654 11.9274764060974 11.9163725376129 11.9332685470581 12.0408318042755 12.0537283420563 12.1326243877411 12.1215209960938 11.9630842208862 12.0873143672943 12.1988770961761 12.39510679245 12.6513366699219 12.7469711303711 12.712010383606 12.634382724762 12.6194217205048 12.5304613113403 12.5068335533142 12.2892062664032 12.3429117202759 12.5399510860443 12.7189898490906 12.8466963768005 12.8837349414825 12.7364451885223 12.537492275238 12.3545386791229 12.4629194736481 12.7372996807098 12.8150129318237 12.7807276248932 12.6597738265991
12.3413624763489 12.538628578186 12.3025615215302 12.3598277568817 12.1824269294739 11.9116933345795 11.9693858623505 12.2408378124237 12.3002898693085 12.3104083538055 12.3665273189545 12.364645242691 12.4234306812286 12.4348828792572 12.2916684150696 12.1617870330811 12.0912384986877 12.1366908550262 12.2857809066772 12.3585095405579 12.3245716094971 12.2239673137665 12.1186954975128 11.9900906085968 12.1401524543762 12.1542146205902 12.3116095066071 12.3843383789062 12.4877336025238 12.5277960300446 12.7314205169678 12.8586084842682 12.4764626026154 12.3049833774567 12.07683801651 12.3166918754578 12.6558794975281 12.7490673065186 12.7935883998871 12.8594427108765 12.9119641780853 12.8918180465698 12.7686758041382 12.5145359039307 12.4777295589447 12.5582566261292 12.6587834358215 12.9379768371582 13.0211706161499 12.9450314044952
13.1244060993195 13.1868438720703 13.1119480133057 12.7770521640778 12.435489654541 12.1979269981384 12.2690482139587 12.4515202045441 12.4339919090271 12.3504633903503 12.2769348621368 12.4240727424622 12.666544675827 12.7443494796753 12.6794879436493 12.5979597568512 12.7890980243683 12.795569896698 12.7687525749207 12.7693133354187 12.7438743114471 12.6184351444244 12.4369959831238 12.2928898334503 12.4227838516235 12.5600113868713 12.6525721549988 12.5237994194031 12.5250270366669 12.7089214324951 13.0125362873077 12.8718726634979 12.6332085132599 12.3498783111572 12.407214641571 12.4465510845184 12.6952202320099 12.8772234916687 13.0032262802124 13.0758955478668 13.071231842041 12.985901594162 12.8849062919617 12.826913356781 12.8609201908112 12.9289269447327 12.8609337806702 12.864274263382 13.0922811031342 13.1169550418854
12.7701165676117 13.0490591526031 13.1053347587585 13.1189434528351 12.9598853588104 12.8434944152832 12.7027113437653 12.6848690509796 12.3303601741791 12.2445182800293 12.5013427734375 12.7335007190704 12.8189918994904 12.8871505260468 12.9513082504272 12.9447991847992 13.0762910842896 13.1111154556274 13.0510580539703 13.0481169223785 12.9998435974121 12.859569311142 12.7592961788177 12.6083557605743 12.4587488174438 12.455141544342 12.7315349578857 12.9305942058563 13.0323207378387 13.03471326828 13.0869860649109 13.2224705219269 12.7632882595062 12.4114398956299 12.5449244976044 12.7924094200134 12.9232270717621 12.9727120399475 13.0435302257538 13.1676814556122 13.1931664943695 13.161984205246 13.0644705295563 12.9792907238007 12.9134438037872 12.9222643375397 12.9530844688416 12.9699048995972 13.0927248001099 13.1775455474854
11.8598272800446 12.3272745609283 12.4467210769653 12.490834236145 12.8676147460938 13.0723946094513 13.1697070598602 13.1595511436462 13.0520622730255 12.9285733699799 12.9457511901855 13.089595079422 13.0514392852783 12.7612838745117 12.9557950496674 12.9883060455322 13.1294832229614 13.2173273563385 13.0913627147675 12.9249210357666 12.9738123416901 12.6747047901154 12.730929851532 12.6318213939667 12.406046628952 12.2922716140747 12.4324972629547 12.6840553283691 12.7649474143982 12.7991724014282 13.0987679958344 13.4590678215027 12.7660350799561 12.3736681938171 12.6859681606293 12.9182682037354 13.0599012374878 13.0755345821381 12.9891679286957 13.052800655365 13.1157674789429 13.1247344017029 13.0700345039368 12.9103345870972 12.712634563446 12.6296017169952 12.8912346363068 13.067535161972 13.1765015125275 13.2354683876038
11.2115380764008 11.1588230133057 11.5481078624725 11.8100588321686 12.2713439464569 12.5132954120636 12.754035949707 13.0515670776367 13.1804308891296 13.1666278839111 12.9694919586182 12.8150224685669 13.1785535812378 13.1927509307861 13.0782809257507 13.1104788780212 13.1660094261169 13.2328732013702 13.3816668987274 13.264390707016 13.0751156806946 13.0698399543762 13.1152303218842 13.0486209392548 12.820011138916 12.6774017810822 12.4747927188873 12.5495166778564 12.6222407817841 12.6976311206818 12.9592175483704 13.0783326625824 13.3861141204834 13.4598960876465 13.3930113315582 13.4181268215179 13.4225747585297 13.3376905918121 13.2948050498962 13.296587228775 13.1577024459839 13.0761511325836 12.9289319515228 12.7980451583862 12.8518257141113 12.8769385814667 12.9460525512695 13.0878326892853 13.2269456386566 13.2500591278076
12.0365824699402 11.9103715419769 11.821494102478 11.8699502944946 11.6890728473663 11.928195476532 12.0576992034912 12.3795826435089 12.8274664878845 13.1473500728607 13.1079003810883 12.9951174259186 13.1330010890961 13.2788846492767 13.1661016941071 12.8779852390289 13.0125353336334 13.2297523021698 13.4213056564331 13.4485285282135 13.2244176864624 13.0923073291779 13.0261974334717 13.260086774826 13.2759759426117 13.0591986179352 12.6477553844452 12.7896444797516 12.8468677997589 12.766756772995 12.9823331832886 13.1995973587036 13.370194196701 13.5001249313354 13.4887216091156 13.6146514415741 13.7705824375153 13.7925124168396 13.8317763805389 13.8037071228027 13.5596373081207 13.2502338886261 13.0751626491547 13.1497554779053 13.1763489246368 13.1769425868988 13.1028690338135 12.9674625396729 13.0060560703278 13.1106493473053
11.9826571941376 12.1724419593811 12.5708932876587 12.2833442687988 11.9904623031616 12.3102464675903 12.4651114940643 12.496390581131 12.6070024967194 12.8082814216614 12.8548936843872 12.8048386573792 12.9987845420837 12.9727292060852 13.1020076274872 13.2219531536102 13.2732322216034 13.3631777763367 13.4673726558685 13.4531507492065 13.3629281520844 13.4027051925659 13.4851496219635 13.4435937404633 13.5480382442474 13.5518157482147 13.3989264965057 13.166704416275 13.2771487236023 13.3349261283875 13.3365225791931 13.3506042957306 13.4013528823853 13.4107677936554 13.4075164794922 13.3042652606964 13.453013420105 13.4990952014923 13.4738435745239 13.6519253253937 13.9146733283997 13.864089012146 13.5172362327576 13.3907825946808 13.3469955921173 13.2398755550385 13.1907553672791 13.1876351833344 13.1018486022949 13.0180613994598
12.0670967102051 12.2050335407257 12.2789709568024 12.4489076137543 12.5728447437286 12.6674480438232 12.6562743186951 12.661990404129 12.7123730182648 12.7647557258606 12.8004713058472 12.8521873950958 12.8112366199493 12.8582854270935 12.9513347148895 12.8630502223969 12.8814330101013 13.2251486778259 13.4045345783234 13.4322557449341 13.4013111591339 13.4203660488129 13.3614211082458 13.2211425304413 13.1948642730713 13.4545860290527 13.5316412448883 13.610696554184 13.4944169521332 13.5054728984833 13.5891182422638 13.6013538837433 13.5135900974274 13.153826713562 13.2527289390564 13.3042988777161 13.3958685398102 13.472770690918 13.5463404655457 13.6352429389954 13.7434797286987 13.8190488815308 13.8691532611847 14.031792640686 14.0324323177338 13.5050716400146 13.506377696991 13.4563512802124 13.2956564426422 13.2196295261383
11.6388697624207 11.6582922935486 11.6223816871643 11.6484711170197 11.8485605716705 12.6313164234161 12.7154378890991 12.5869238376617 12.6170768737793 12.7812297344208 12.8427159786224 12.8575360774994 12.9623553752899 12.8965086936951 12.8413281440735 12.7128145694733 12.8196341991425 13.0624537467957 13.3496956825256 13.2933619022369 12.9736943244934 13.2913603782654 13.3670258522034 13.5120248794556 13.4583570957184 13.5546903610229 13.621689081192 13.6886875629425 13.6523537635803 13.6833522319794 13.6917145252228 13.7554376125336 13.577828168869 13.3908853530884 13.4066088199615 13.5849995613098 13.5547235012054 13.5131132602692 13.5215041637421 13.3345613479614 13.4802851676941 13.549341917038 13.7010703086853 13.7428026199341 14.2418682575226 14.1496005058289 13.7866661548615 13.6203989982605 13.0761313438416 13.1758639812469
11.7019760608673 11.8062176704407 11.8464596271515 11.741367816925 11.8382759094238 12.2105178833008 12.1692674160004 12.0738573074341 12.5451142787933 12.7783706188202 12.8616273403168 12.792884349823 12.9034743309021 12.9840643405914 12.9879884719849 12.9939117431641 12.9378340244293 13.011091709137 13.1308581829071 13.3044676780701 13.2940776348114 13.3463537693024 13.4326305389404 13.5109076499939 13.5358498096466 13.5554599761963 13.447069644928 13.4540128707886 13.5542893409729 13.6472322940826 13.6903100013733 13.7615208625793 13.8027327060699 13.7132768630981 13.6051554679871 13.6863663196564 13.7609117031097 13.6194562911987 13.2553343772888 13.175879240036 13.2757570743561 13.477635383606 13.624320268631 13.7124788761139 13.8326375484467 14.2281301021576 14.4082887172699 13.966447353363 13.6712729930878 13.4100985527039
