data/spatiotemp/temp3/bio11_norsw_test_2011_2014.asc
NCOLS 654 
NROWS 380 
XLLCORNER 3.91666666666667 
YLLCORNER 55.3333333333333 
CELLSIZE 0.0416666666666667 
NODATA_value -9999 
[rows 110 to 131 of 380, columns 576 to 623 of 654]
-11.7475318908691 -11.7296271324158 -11.7215566635132 -11.7069857120514 -11.7314147949219 -11.7296769618988 -11.7504391670227 -11.7935349941254 -11.9485759735107 -12.0823941230774 -12.1180455684662 -12.0896968841553 -12.0618488788605 -12.0445003509521 -12.0951516628265 -12.1406371593475 -12.1182885169983 -12.1176073551178 -12.075258731842 -12.0504102706909 -12.1458072662354 -12.1816170215607 -12.1102595329285 -12.1047351360321 -12.1858785152435 -12.2930207252502 -12.3724970817566 -12.4778060913086 -12.6098971366882 -12.7436442375183 -12.831059217453 -12.884473323822 -12.9230101108551 -12.9403357505798 -13.0139946937561 -13.0196535587311 -12.97998046875 -12.8676388263702 -12.7326316833496 -12.6736245155334 -12.7222831249237 -12.8962755203247 -13.0002679824829 -12.9565937519073 -12.9274182319641 -12.8920745849609 -12.8153975009918 -12.8020544052124
-11.6711299419403 -11.7204184532166 -11.7522075176239 -11.8446629047394 -11.8926184177399 -11.9345738887787 -11.919362783432 -11.9674849510193 -12.016420841217 -12.0645036697388 -12.0589203834534 -12.0116701126099 -11.9820861816406 -12.0365023612976 -12.0915851593018 -12.0705015659332 -11.97758436203 -11.9041676521301 -11.924084186554 -11.9640002250671 -12.0924363136292 -12.189558506012 -12.1988472938538 -12.1959700584412 -12.2510921955109 -12.3068816661835 -12.3580038547516 -12.4399592876434 -12.5735821723938 -12.6994369029999 -12.8104643821716 -12.9001579284668 -12.9513313770294 -12.9989845752716 -13.0733048915863 -13.1072907447815 -13.0432779788971 -12.9562644958496 -12.882917881012 -12.8645715713501 -12.9015579223633 -12.9485449790955 -12.9595310688019 -12.9355182647705 -12.8937993049622 -12.8180432319641 -12.7886204719543 -12.8291971683502
-11.7152278423309 -11.7998764514923 -11.8403587341309 -11.9226739406586 -11.9873225688934 -12.0189707279205 -12.0632860660553 -12.1042678356171 -12.0935995578766 -12.0729475021362 -12.047128200531 -11.9996423721313 -12.0253236293793 -12.0890045166016 -12.1120185852051 -12.0730328559875 -12.0783808231354 -12.0467283725739 -12.0279092788696 -12.0117566585541 -12.0640649795532 -12.1016671657562 -12.1456024646759 -12.2200379371643 -12.3281402587891 -12.3910758495331 -12.4026780128479 -12.4347796440125 -12.5362153053284 -12.621484041214 -12.7448689937592 -12.9241752624512 -13.0236530303955 -13.0583004951477 -13.1089475154877 -13.1242620944977 -13.1022427082062 -13.096223115921 -13.0965375900269 -13.061518907547 -13.0088334083557 -12.9301476478577 -12.9074611663818 -12.9207754135132 -12.917515039444 -12.8613455295563 -12.8621761798859 -12.9090068340302
-11.6896588802338 -11.7330012321472 -11.7511758804321 -11.831684589386 -11.9160263538361 -11.918200969696 -11.9372093677521 -12.0217185020447 -12.0494446754456 -12.0542237758636 -12.0701696872711 -12.0851151943207 -12.0658938884735 -12.0676729679108 -12.0706188678741 -12.0963978767395 -12.1053431034088 -12.1012890338898 -12.0792343616486 -12.0640132427216 -12.0693602561951 -12.0904426574707 -12.1188578605652 -12.2221059799194 -12.3313541412354 -12.3846035003662 -12.4206852912903 -12.4452667236328 -12.4855155944824 -12.5295977592468 -12.6290128231049 -12.8138601779938 -12.9356400966644 -12.9662821292877 -13.0189237594604 -13.0512323379517 -13.0632071495056 -13.0655157566071 -13.0678248405457 -13.0597994327545 -12.9914417266846 -12.8970828056335 -12.8510580062866 -12.8860330581665 -12.8788964748383 -12.8589811325073 -12.8567321300507 -12.8611500263214
-11.7892575263977 -11.7851252555847 -11.7868270874023 -11.7935280799866 -11.8233966827393 -11.8400979042053 -11.8697998523712 -11.9166679382324 -11.9729571342468 -11.9973340034485 -12.0198776721954 -12.0402543544769 -12.0252981185913 -12.0361752510071 -12.0655519962311 -12.0439291000366 -12.0361394882202 -12.0395164489746 -12.0075600147247 -12.0069365501404 -12.0514895915985 -12.1037175655365 -12.138946056366 -12.257007598877 -12.3500695228577 -12.4019644260406 -12.4228591918945 -12.4427540302277 -12.4448156356812 -12.4675438404083 -12.525438785553 -12.6348338127136 -12.7340517044067 -12.7940921783447 -12.8171334266663 -12.834203004837 -12.8561723232269 -12.8538084030151 -12.8824441432953 -12.8914134502411 -12.8303828239441 -12.7666854858398 -12.7669880390167 -12.7899575233459 -12.7846117019653 -12.7779495716095 -12.8026211261749 -12.7692933082581
-11.7760219573975 -11.869083404541 -11.8684778213501 -11.8003726005554 -11.738933801651 -11.7213282585144 -11.7777228355408 -11.9194509983063 -11.9754691123962 -11.9944441318512 -11.9897522926331 -12.0025606155396 -12.0018692016602 -12.0003437995911 -11.9843187332153 -11.9571268558502 -11.9326019287109 -11.9662435054779 -12.0028846263885 -12.0198600292206 -12.0444514751434 -12.1143260002136 -12.1242008209229 -12.2234086990356 -12.3056166172028 -12.355658531189 -12.3960330486298 -12.4415745735168 -12.4486155509949 -12.4754900932312 -12.515864610672 -12.5764062404633 -12.6607129573822 -12.7246174812317 -12.7040226459503 -12.6495943069458 -12.618136882782 -12.5984337329865 -12.6110637187958 -12.6356942653656 -12.635990858078 -12.686621427536 -12.7195847034454 -12.7082149982452 -12.6833260059357 -12.6959185600281 -12.7018442153931 -12.6907696723938
-11.8257865905762 -11.8560409545898 -11.8256287574768 -11.7753827571869 -11.7696375846863 -11.8580584526062 -11.9049799442291 -11.9409008026123 -11.9863150119781 -11.9982206821442 -12.0177936553955 -12.0143666267395 -11.9972727298737 -11.9808456897736 -11.9525854587555 -11.9358246326447 -11.9157309532166 -11.9203040599823 -11.924877166748 -11.9611163139343 -12.0222465991974 -12.0682678222656 -12.031289100647 -12.0129766464233 -12.0414981842041 -12.1253523826599 -12.2377071380615 -12.3493947982788 -12.4307491779327 -12.453770160675 -12.4816243648529 -12.5546452999115 -12.6832075119019 -12.6808099746704 -12.697411775589 -12.7046804428101 -12.650782585144 -12.5967178344727 -12.530350446701 -12.5286421775818 -12.5735993385315 -12.6538903713226 -12.6631817817688 -12.5981395244598 -12.5390408039093 -12.5485537052155 -12.5640666484833 -12.5879127979279
-11.7828848361969 -11.8003323078156 -11.7442798614502 -11.6957273483276 -11.8128411769867 -11.8877882957458 -11.9002366065979 -11.9186837673187 -11.9554927349091 -12.008330821991 -12.0278348922729 -12.0023391246796 -11.9633436203003 -11.9281809329987 -11.9206848144531 -11.8651888370514 -11.8536937236786 -11.8423643112183 -11.8605353832245 -11.8885400295258 -11.9148759841919 -12.0002100467682 -12.0093770027161 -11.9645447731018 -11.8775458335876 -11.7935469150543 -11.8465473651886 -12.114381313324 -12.3270490169525 -12.3958833217621 -12.4400510787964 -12.4617185592651 -12.5185351371765 -12.5458347797394 -12.6091339588165 -12.6472668647766 -12.6217329502106 -12.5868661403656 -12.5711653232574 -12.5712554454803 -12.5868744850159 -12.6168262958527 -12.5844449996948 -12.5310635566711 -12.4734225273132 -12.3928556442261 -12.3449556827545 -12.306056022644
-11.769918680191 -11.8192205429077 -11.8008544445038 -11.7276556491852 -11.6934564113617 -11.70259141922 -11.7168922424316 -11.9208598136902 -11.9554495811462 -11.9668271541595 -11.9360387325287 -11.8780832290649 -11.8696277141571 -11.8340055942535 -11.8207170963287 -11.8257615566254 -11.7503061294556 -11.7188503742218 -11.7700617313385 -11.7734396457672 -11.7787852287292 -11.8437650203705 -11.8532447814941 -11.9080579280853 -11.8703715801239 -11.9480178356171 -12.0858306884766 -12.227977514267 -12.2892899513245 -12.2619371414185 -12.2487499713898 -12.2715632915497 -12.3077278137207 -12.3554100990295 -12.4749255180359 -12.5646078586578 -12.6237905025482 -12.6221394538879 -12.6239881515503 -12.6315040588379 -12.6380727291107 -12.5850296020508 -12.5593194961548 -12.5399429798126 -12.5172054767609 -12.4807748794556 -12.4506771564484 -12.4229123592377
-11.7998898029327 -11.8198716640472 -11.7866866588593 -11.8031687736511 -11.7778170108795 -11.8252987861633 -11.846780538559 -11.893429517746 -11.8648502826691 -11.8665447235107 -11.8664047718048 -11.8727657794952 -11.7951264381409 -11.7059862613678 -11.7408468723297 -11.7615406513214 -11.6540679931641 -11.5220954418182 -11.4566223621368 -11.4434831142426 -11.4649755954742 -11.4937670230865 -11.6430587768555 -11.8601837158203 -11.9421415328979 -12.0174322128296 -12.1078903675079 -12.1666820049286 -12.1209733486176 -12.0549311637878 -12.0782225131989 -12.1280143260956 -12.2256186008453 -12.307868719101 -12.3497862815857 -12.4080371856689 -12.4774541854858 -12.5020380020142 -12.5261218547821 -12.5458722114563 -12.5678610801697 -12.5601670742035 -12.5681393146515 -12.5664443969727 -12.5583906173706 -12.5683100223541 -12.5745627880096 -12.5381491184235
-11.7711942195892 -11.7538568973541 -11.7748522758484 -11.7875146865845 -11.7740106582642 -11.7708404064178 -11.8751692771912 -11.8759984970093 -11.8242514133453 -11.7902612686157 -11.7674376964569 -11.7767813205719 -11.7564578056335 -11.7376341819763 -11.7081439495087 -11.6516535282135 -11.5518307685852 -11.4146733283997 -11.3475165367126 -11.3946928977966 -11.5181663036346 -11.6534357070923 -11.7437055110931 -11.838308095932 -11.9117448329926 -12.0161807537079 -12.0632836818695 -12.0940527915955 -12.0241560935974 -11.9869260787964 -11.9816954135895 -12.1056313514709 -12.2476758956909 -12.306494474411 -12.2746472358704 -12.2552990913391 -12.310617685318 -12.3697702884674 -12.4369223117828 -12.5129952430725 -12.5663161277771 -12.6143035888672 -12.6252913475037 -12.5606129169464 -12.5052421092987 -12.4498448371887 -12.4547820091248 -12.4823858737946
-11.6699984073639 -11.7325081825256 -11.7591848373413 -11.7628610134125 -11.7478711605072 -11.7892146110535 -11.809891462326 -11.7914011478424 -11.7604858875275 -11.7093119621277 -11.6886377334595 -11.7132966518402 -11.7299559116364 -11.6879484653473 -11.6154410839081 -11.6341001987457 -11.5974259376526 -11.4319181442261 -11.4807441234589 -11.6617362499237 -11.6920235157013 -11.7462711334229 -11.7848520278931 -11.8112666606903 -11.8798475265503 -11.9319291114807 -11.968010187149 -12.0100915431976 -11.9813394546509 -11.9464201927185 -11.9991681575775 -12.0817487239838 -12.1358995437622 -12.1281201839447 -12.1118404865265 -12.1190612316132 -12.1847817897797 -12.2568349838257 -12.3275558948517 -12.424768447876 -12.5051054954529 -12.5804414749146 -12.5797779560089 -12.511114358902 -12.4384264945984 -12.420380115509 -12.4766683578491 -12.5289561748505
-11.6534693241119 -11.7156598567963 -11.7435171604156 -11.7157075405121 -11.5807318687439 -11.5750892162323 -11.530779838562 -11.5049705505371 -11.416886806488 -11.3871953487396 -11.4481704235077 -11.6016459465027 -11.7111208438873 -11.6145961284637 -11.4955711364746 -11.5213797092438 -11.5931880474091 -11.5388295650482 -11.5963046550751 -11.7827801704407 -11.7658805847168 -11.7624397277832 -11.7783324718475 -11.7862250804901 -11.7857847213745 -11.8410108089447 -11.8877363204956 -11.8976292610168 -11.9003553390503 -11.9272477626801 -11.9866406917572 -12.0263659954071 -12.0237901210785 -12.0142457485199 -12.0528676509857 -12.1103231906891 -12.1512787342072 -12.2025675773621 -12.2666893005371 -12.1982080936432 -12.1505603790283 -12.3495788574219 -12.4735972881317 -12.4196157455444 -12.4596109390259 -12.5222489833832 -12.5775539875031 -12.5925259590149
-11.6311068534851 -11.6866450309753 -11.6905164718628 -11.6525540351868 -11.5435922145844 -11.5212969779968 -11.5245018005371 -11.550873041153 -11.5176215171814 -11.4842457771301 -11.5718700885773 -11.6561613082886 -11.7746186256409 -11.7749102115631 -11.6965343952179 -11.680492401123 -11.7222836017609 -11.7405745983124 -11.7226996421814 -11.7466566562653 -11.7459042072296 -11.7921087741852 -11.8134796619415 -11.8093504905701 -11.7878875732422 -11.7887587547302 -11.7924630641937 -11.7795000076294 -11.7783706188202 -11.7872421741486 -11.8174459934235 -11.8603174686432 -11.8813474178314 -11.9477045536041 -11.9787282943726 -12.0695853233337 -12.1107754707336 -12.1346328258514 -12.1498229503632 -12.1170139312744 -12.1146819591522 -12.240049123764 -12.3207497596741 -12.2937836647034 -12.3687953948975 -12.5317845344543 -12.5571067333221 -12.5680961608887
-11.6099102497101 -11.6246294975281 -11.6360151767731 -11.6050667762756 -11.5272855758667 -11.5475044250488 -11.5753903388977 -11.5737762451172 -11.5825221538544 -11.6806290149689 -11.7557363510132 -11.7500102519989 -11.7897839546204 -11.8322243690491 -11.855664730072 -11.8044385910034 -11.8202121257782 -11.8011529445648 -11.7735931873322 -11.7515337467194 -11.7297616004944 -11.7542769908905 -11.8092927932739 -11.8228087425232 -11.7696583271027 -11.7318403720856 -11.709689617157 -11.6850383281708 -11.6722207069397 -11.6470696926117 -11.6434187889099 -11.7522673606873 -11.8609051704407 -11.8903305530548 -11.9389226436615 -12.0361807346344 -12.1092729568481 -12.0916981697083 -12.0671241283417 -12.0810489654541 -12.1321375370026 -12.0918536186218 -12.1135697364807 -12.194619178772 -12.2699801921844 -12.4363198280334 -12.4586589336395 -12.4513323307037
-11.6257147789001 -11.5844476222992 -11.620513677597 -11.6524138450623 -11.6118130683899 -11.5957124233246 -11.6012787818909 -11.6011788845062 -11.5452563762665 -11.5880131721497 -11.708936214447 -11.708692073822 -11.6994485855103 -11.7098717689514 -11.67462849617 -11.65571808815 -11.7264742851257 -11.7525644302368 -11.7401540279388 -11.7404103279114 -11.7737855911255 -11.8304462432861 -11.8482735157013 -11.8451006412506 -11.7799279689789 -11.7430884838104 -11.7082490921021 -11.6602427959442 -11.6100702285767 -11.5728974342346 -11.5917248725891 -11.7250518798828 -11.8312957286835 -11.8167893886566 -11.8301162719727 -11.9267766475677 -12.0114369392395 -12.0107636451721 -12.0122573375702 -12.0758609771729 -12.099925994873 -12.0936574935913 -12.1660554409027 -12.2494535446167 -12.275164604187 -12.3311884403229 -12.3368785381317 -12.2999024391174
-11.5603523254395 -11.6045994758606 -11.6593458652496 -11.6760931015015 -11.6508402824402 -11.6462540626526 -11.6695010662079 -11.6952481269836 -11.6296577453613 -11.5378968715668 -11.557469367981 -11.5820417404175 -11.6336143016815 -11.6603529453278 -11.597758769989 -11.5888307094574 -11.6117362976074 -11.6916422843933 -11.7138812541962 -11.7282872200012 -11.7698094844818 -11.8039481639862 -11.7980868816376 -11.7988927364349 -11.7690312862396 -11.696670293808 -11.6866416931152 -11.6477806568146 -11.6272530555725 -11.6013915538788 -11.5955307483673 -11.6476693153381 -11.7133531570435 -11.7135813236237 -11.6908099651337 -11.7612051963806 -11.8406007289886 -11.9123294353485 -11.9948878288269 -12.1036338806152 -12.1247143745422 -12.1857948303223 -12.2742085456848 -12.2989554405212 -12.286682844162 -12.2593905925751 -12.1924314498901 -12.1888058185577
-11.4561560153961 -11.4907512664795 -11.5563452243805 -11.6004393100739 -11.5863676071167 -11.6182947158813 -11.6277227401733 -11.6403176784515 -11.6265587806702 -11.6062803268433 -11.5368349552155 -11.4165568351746 -11.4206120967865 -11.4481670856476 -11.467554807663 -11.5152769088745 -11.557998418808 -11.6153869628906 -11.6374423503876 -11.6594974994659 -11.6821665763855 -11.6531167030334 -11.6587336063385 -11.6920175552368 -11.6889677047729 -11.6140847206116 -11.5528683662415 -11.5996520519257 -11.6341023445129 -11.6145527362823 -11.6023361682892 -11.636786699295 -11.6715769767761 -11.6893737316132 -11.7593371868134 -11.8229675292969 -11.9064309597015 -11.9645612239838 -12.0489783287048 -12.1317405700684 -12.1488361358643 -12.1059322357178 -12.1006939411163 -12.1854567527771 -12.2548675537109 -12.2309260368347 -12.1203172206879 -12.1603755950928
-11.3096270561218 -11.3462355136871 -11.3823437690735 -11.4584527015686 -11.4877278804779 -11.5095031261444 -11.5204448699951 -11.5112195014954 -11.4737930297852 -11.4214975833893 -11.410368680954 -11.3647391796112 -11.2354438304901 -11.1603145599365 -11.3226852416992 -11.5728898048401 -11.5849275588989 -11.592298746109 -11.5718359947205 -11.5593736171722 -11.5543570518494 -11.5332851409912 -11.5447132587433 -11.6251425743103 -11.6570708751678 -11.6018328666687 -11.5380942821503 -11.5475234985352 -11.6006186008453 -11.5915472507477 -11.5688090324402 -11.6012370586395 -11.6651344299316 -11.6903328895569 -11.733030796051 -11.8097293376923 -11.8894281387329 -11.9259586334229 -11.9860701560974 -12.0858469009399 -12.136958360672 -12.043735742569 -11.9941804409027 -12.0506248474121 -12.1540520191193 -12.1694610118866 -12.1812031269073 -12.197612285614
-11.3090972900391 -11.2960541248322 -11.3653428554535 -11.4169654846191 -11.467255115509 -11.45521068573 -11.441999912262 -11.4397892951965 -11.3836944103241 -11.3603811264038 -11.4065682888031 -11.4207549095154 -11.3006086349487 -11.2406289577484 -11.3936488628387 -11.5406692028046 -11.5456893444061 -11.5428767204285 -11.496896982193 -11.4735844135284 -11.4497141838074 -11.4809544086456 -11.510694026947 -11.5919344425201 -11.6336743831635 -11.6259145736694 -11.5879878997803 -11.5290610790253 -11.5511345863342 -11.5600419044495 -11.549614906311 -11.5880215167999 -11.6691913604736 -11.7371249198914 -11.7333917617798 -11.8373250961304 -11.9199252128601 -11.993700504303 -12.045827627182 -12.0619535446167 -12.0447473526001 -11.9958732128143 -11.9813334941864 -11.9937932491302 -12.0475692749023 -12.071662902832 -12.0620892047882 -12.0865156650543
-11.2932989597321 -11.2850124835968 -11.3115592002869 -11.3937730789185 -11.4318194389343 -11.4567000865936 -11.4765801429749 -11.4762935638428 -11.4755592346191 -11.4680435657501 -11.484194278717 -11.4356784820557 -11.4358298778534 -11.4308137893677 -11.4564650058746 -11.4764494895935 -11.499100446701 -11.443418264389 -11.429402589798 -11.4593873023987 -11.4580056667328 -11.5295927524567 -11.5858464241028 -11.6004338264465 -11.5683541297913 -11.5261075496674 -11.4986953735352 -11.4849483966827 -11.4770359992981 -11.5034561157227 -11.5258765220642 -11.6016306877136 -11.6728627681732 -11.7442398071289 -11.7987842559814 -11.8541615009308 -11.8877055644989 -11.8982496261597 -11.9303116798401 -11.9480013847351 -11.9530246257782 -11.9980480670929 -12.0400719642639 -12.0367615222931 -12.0162148475647 -11.9787645339966 -11.9269814491272 -11.960865020752
-11.1302299499512 -11.1654446125031 -11.1913261413574 -11.3322072029114 -11.4095892906189 -11.4796366691589 -11.4733514785767 -11.4657325744629 -11.4977214336395 -11.5196511745453 -11.5252480506897 -11.4805107116699 -11.4484407901764 -11.4298703670502 -11.4323000907898 -11.4495635032654 -11.4168262481689 -11.3744225502014 -11.3401854038239 -11.3726153373718 -11.4460651874542 -11.5052013397217 -11.5240039825439 -11.5113072395325 -11.4586102962494 -11.4720795154572 -11.4692161083221 -11.4160192012787 -11.360488653183 -11.3622918128967 -11.3937611579895 -11.4837305545807 -11.6008141040802 -11.7066781520844 -11.7272090911865 -11.7527394294739 -11.7751035690308 -11.7739675045013 -11.8004984855652 -11.8556571006775 -11.9327914714813 -11.9329271316528 -11.9387283325195 -11.9835295677185 -12.0116543769836 -12.0107667446136 -11.9735462665558 -11.967325925827
