data/spatiotemp/temp3/bio14_norsw_test_2011_2014.asc
NCOLS 654 
NROWS 380 
XLLCORNER 3.91666666666667 
YLLCORNER 55.3333333333333 
CELLSIZE 0.0416666666666667 
NODATA_value -9999 
[rows 44 to 65 of 380, columns 250 to 299 of 654]
-9999 -9999 -9999 -9999 -9999 -9999 -9999 -9999 -9999 -9999 -9999 -9999 -9999 -9999 -9999 -9999 -9999 -9999 -9999 -9999 -9999 -9999 -9999 -9999 -9999 -9999 -9999 -9999 -9999 -9999 -9999 -9999 -9999 -9999 -9999 -9999 -9999 -9999 -9999 35.7683980464935 35.807945728302 34.9568974971771 34.3836057186127 34.3800165653229 -9999 -9999 -9999 -9999 -9999 -9999
-9999 -9999 -9999 -9999 -9999 -9999 -9999 -9999 -9999 -9999 -9999 -9999 -9999 -9999 -9999 -9999 -9999 -9999 -9999 -9999 -9999 -9999 -9999 -9999 -9999 -9999 -9999 -9999 -9999 -9999 -9999 -9999 -9999 -9999 -9999 -9999 -9999 37.2067646980286 37.2694170475006 38.6735823154449 37.5567305088043 36.0964698791504 35.5237910747528 35.1971445083618 35.1937868595123 -9999 -9999 -9999 -9999 -9999
-9999 -9999 -9999 -9999 -9999 -9999 -9999 -9999 -9999 -9999 -9999 -9999 -9999 -9999 -9999 -9999 -9999 -9999 -9999 -9999 -9999 -9999 -9999 -9999 -9999 -9999 -9999 -9999 -9999 -9999 -9999 -9999 -9999 -9999 -9999 -9999 37.6184062957764 39.238028049469 39.3023865222931 39.9809329509735 38.1792483329773 36.5609202384949 35.6634562015533 -9999 -9999 -9999 -9999 -9999 -9999 -9999
-9999 -9999 -9999 -9999 -9999 -9999 -9999 -9999 -9999 -9999 -9999 -9999 -9999 -9999 -9999 -9999 -9999 -9999 -9999 -9999 -9999 -9999 -9999 -9999 -9999 -9999 -9999 -9999 -9999 -9999 -9999 -9999 -9999 -9999 -9999 36.9105579853058 37.5377666950226 38.7605009078979 39.4833147525787 38.4573030471802 37.4219572544098 36.8671171665192 36.5371286869049 -9999 -9999 -9999 -9999 -9999 -9999 -9999
-9999 -9999 -9999 -9999 -9999 -9999 -9999 -9999 -9999 -9999 -9999 -9999 -9999 -9999 -9999 -9999 -9999 -9999 -9999 -9999 -9999 -9999 -9999 -9999 -9999 -9999 -9999 -9999 -9999 -9999 -9999 37.1317059993744 37.5353739261627 37.3377027511597 37.7594652175903 37.99054479599 37.8508539199829 38.0826210975647 38.3375403881073 37.9660842418671 37.7312986850739 37.1954965591431 36.7022018432617 -9999 -9999 -9999 -9999 -9999 -9999 -9999
-9999 -9999 -9999 -9999 -9999 -9999 -9999 -9999 -9999 -9999 -9999 -9999 -9999 -9999 -9999 -9999 -9999 -9999 -9999 -9999 -9999 -9999 -9999 -9999 -9999 -9999 -9999 -9999 -9999 39.2423763275146 39.0039715766907 38.8114488124847 38.8256461620331 39.2343413829803 40.072548866272 40.1174178123474 39.5811579227448 38.8131508827209 38.273699760437 37.8971104621887 37.8158931732178 -9999 -9999 -9999 -9999 -9999 -9999 -9999 -9999 -9999
-9999 -9999 -9999 -9999 -9999 -9999 -9999 -9999 -9999 -9999 -9999 -9999 -9999 -9999 -9999 -9999 -9999 -9999 -9999 -9999 -9999 -9999 -9999 -9999 -9999 -9999 -9999 -9999 39.0791280269623 40.0677027702332 42.0775301456451 42.5012130737305 42.1158375740051 40.9521842002869 40.7936263084412 40.0693728923798 39.1089940071106 38.5436511039734 38.5603761672974 -9999 -9999 -9999 -9999 -9999 -9999 -9999 -9999 -9999 -9999 -9999
-9999 -9999 -9999 -9999 -9999 -9999 -9999 -9999 -9999 -9999 -9999 -9999 -9999 -9999 -9999 -9999 -9999 -9999 41.8209772109985 39.9655075073242 39.1499092578888 -9999 -9999 -9999 -9999 -9999 -9999 38.3552875518799 38.9517493247986 40.5947587490082 42.795346736908 43.3278744220734 42.2232625484467 40.6991510391235 40.1467125415802 39.366135597229 39.217954158783 -9999 -9999 -9999 -9999 -9999 -9999 -9999 -9999 -9999 -9999 -9999 38.7452831268311 38.4110939502716
-9999 -9999 -9999 -9999 -9999 -9999 -9999 -9999 -9999 -9999 -9999 -9999 -9999 -9999 43.8040051460266 -9999 44.3473575115204 44.4990978240967 43.667827129364 40.7982370853424 39.7753462791443 -9999 -9999 -9999 -9999 -9999 39.7962412834167 41.2858147621155 41.2601001262665 40.2593309879303 39.7020049095154 39.7719709873199 40.1912522315979 40.2370626926422 -9999 -9999 41.9878737926483 41.2071139812469 -9999 -9999 -9999 -9999 -9999 -9999 -9999 39.3154380321503 41.1813025474548 43.9901204109192 45.1109659671783 43.494291305542
-9999 -9999 -9999 -9999 -9999 -9999 -9999 -9999 -9999 -9999 -9999 -9999 45.5739119052887 45.5093142986298 44.9331974983215 44.1079711914062 44.9749524593353 44.7139492034912 43.1894943714142 41.4441969394684 40.4268450737 39.2534122467041 38.85973072052 38.7030425071716 -9999 -9999 41.9192335605621 44.7825632095337 43.9009084701538 40.7641932964325 40.4410843849182 41.7022054195404 43.1317484378815 43.1047005653381 42.6055057048798 44.4234735965729 45.4646866321564 43.312148809433 -9999 -9999 -9999 -9999 -9999 -9999 -9999 -9999 41.5086870193481 44.0126497745514 44.1890914440155 44.4143900871277
-9999 -9999 -9999 -9999 -9999 -9999 -9999 -9999 -9999 -9999 -9999 -9999 46.4204351902008 46.5309708118439 45.8504068851471 44.8275966644287 43.9155876636505 43.1412329673767 43.1272988319397 42.7436890602112 41.5003521442413 41.7692949771881 40.5456097126007 39.5500845909119 -9999 -9999 42.6275546550751 43.4265868663788 41.8229231834412 41.1056597232819 41.7903225421906 43.224515914917 43.9639141559601 44.9105288982391 45.9930250644684 45.1280679702759 45.7798454761505 44.4489381313324 42.3225882053375 -9999 -9999 40.2870273590088 -9999 -9999 40.3417024612427 40.3442888259888 40.1700439453125 40.8446879386902 41.6896250247955 43.6947629451752
-9999 -9999 -9999 -9999 -9999 -9999 -9999 -9999 -9999 -9999 46.1734511852264 46.7727148532867 46.3559923171997 45.7889409065247 46.2517192363739 45.5480062961578 45.0579767227173 45.198876619339 44.6023635864258 44.4164867401123 46.3732154369354 45.6197044849396 42.5800919532776 43.1607255935669 40.3266677856445 39.3809309005737 -9999 -9999 -9999 42.2727704048157 45.1099183559418 45.2280035018921 45.0702173709869 45.2784597873688 45.8148303031921 46.5898468494415 46.2129571437836 44.3302071094513 42.6735064983368 41.3193280696869 41.1575610637665 -9999 41.4624719619751 41.6478712558746 42.0520350933075 42.2701699733734 42.9025897979736 41.69602394104 42.9929518699646 43.2676157951355
-9999 -9999 -9999 -9999 43.7918639183044 44.1069676876068 44.1822519302368 45.4929828643799 45.7572257518768 45.7162933349609 46.642012834549 46.3165283203125 46.6682004928589 45.7389113903046 46.1162362098694 45.8363194465637 44.8467774391174 45.9298961162567 45.5084307193756 44.0176730155945 44.6471080780029 43.6818714141846 44.4120714664459 44.0254900455475 40.4469249248505 39.873660326004 -9999 40.6768553256989 41.135103225708 41.9587249755859 43.6376383304596 44.2827067375183 44.1355140209198 45.3470852375031 46.7879292964935 47.167581319809 45.958619594574 43.156149148941 42.0650999546051 -9999 -9999 -9999 41.9844853878021 43.3569674491882 45.2903852462769 45.3133983612061 45.1657433509827 44.3596930503845 44.063200712204 43.9532799720764
-9999 -9999 42.0505504608154 42.7819666862488 44.1108975410461 44.7975084781647 44.3022575378418 44.9707283973694 45.0899341106415 45.9042844772339 46.1240465641022 46.5923137664795 46.2115428447723 45.828861951828 45.7508850097656 45.364794254303 44.7391486167908 44.1519312858582 44.4101369380951 43.8454082012177 43.7619383335114 43.4710204601288 42.6656544208527 40.6957440376282 -9999 -9999 41.091804265976 41.789270401001 43.444705247879 45.31236743927 45.6173193454742 46.5896863937378 46.3580284118652 46.6238059997559 47.5152807235718 46.3000502586365 45.6097180843353 45.0502705574036 44.3463039398193 43.1847810745239 43.0671789646149 41.2758269309998 41.7220540046692 42.550003528595 44.5142905712128 44.5319952964783 44.752096414566 45.1846098899841 45.2346980571747 44.8772609233856
-9999 -9999 43.3425285816193 43.951975107193 42.6739296913147 43.262336730957 43.4082114696503 43.7767469882965 44.4877383708954 45.2517249584198 45.6474514007568 46.2024528980255 46.2979946136475 46.1395211219788 45.1013946533203 44.9480319023132 44.170313835144 42.8962531089783 42.8383877277374 42.3010137081146 42.3627109527588 42.4244091510773 42.9002137184143 43.1198289394379 42.1267318725586 41.0037832260132 40.8997864723206 42.3475749492645 43.5781633853912 45.2661008834839 45.8400871753693 45.1659944057465 45.9069061279297 45.4136202335358 45.4410316944122 45.6008133888245 46.3781144618988 47.4274098873138 47.1222214698792 45.3890697956085 -9999 43.5129375457764 45.0265321731567 45.0739879608154 45.1456747055054 44.958484172821 44.8589069843292 45.2464861869812 45.4363391399384 45.7354826927185
-9999 41.0098886489868 40.9830214977264 41.4463798999786 42.2280459403992 42.6170473098755 42.397716999054 42.3986265659332 43.1071119308472 43.648380279541 44.261492729187 44.2025728225708 44.1891193389893 44.1347868442535 43.5548589229584 42.7628481388092 42.6978294849396 43.2763516902924 44.0818781852722 42.9540247917175 42.6172721385956 43.3366315364838 44.4448540210724 44.3104114532471 42.8043944835663 41.2559320926666 41.1466026306152 42.8260118961334 45.2338840961456 46.4567818641663 46.3502588272095 46.623307466507 45.6938621997833 45.5788893699646 45.8474898338318 47.0724673271179 46.9842631816864 45.7812876701355 45.5249478816986 44.6108021736145 44.108904838562 45.3829753398895 47.074991941452 46.5271782875061 45.8105669021606 45.6861398220062 45.5983147621155 45.5237364768982 46.1337718963623 46.1378860473633
-9999 39.2303338050842 39.5737931728363 40.3514184951782 41.9294195175171 41.0350515842438 40.6701838970184 40.6706273555756 41.4722859859467 42.1046271324158 41.9561011791229 41.7250852584839 42.5420978069305 43.2853853702545 43.8615524768829 44.2925260066986 45.0151724815369 45.3473882675171 45.1604020595551 44.4517397880554 43.5044181346893 42.890941619873 42.3329737186432 41.0073165893555 40.6672556400299 -9999 41.0163025856018 41.4814274311066 43.3158173561096 44.3912734985352 45.5303869247437 46.7727651596069 46.8379769325256 46.5257887840271 46.2430508136749 45.9520473480225 45.6911373138428 45.6220233440399 46.9521231651306 46.5925304889679 47.3814284801483 46.4765934944153 46.8581871986389 46.3604211807251 45.8861827850342 45.7752227783203 45.3310463428497 47.0066652297974 45.749840259552 45.8459322452545
38.4832367897034 38.2240858078003 38.5887067317963 39.1242985725403 39.4894919395447 39.2452902793884 39.6358687877655 -9999 39.3039820194244 -9999 40.4298136234283 40.7013494968414 41.2715921401978 42.1102960109711 42.6290099620819 42.6399092674255 42.891500711441 42.2142033576965 41.7482602596283 41.6534419059753 41.1925656795502 -9999 -9999 42.3308789730072 43.5315661430359 42.3884575366974 42.4509093761444 44.1048829555511 45.2351145744324 45.6391878128052 45.8981673717499 46.3255200386047 45.724841594696 45.6865544319153 44.7511591911316 44.6618463993073 46.1683702468872 46.2441358566284 46.0654275417328 45.740296125412 46.3793585300446 46.7309443950653 46.9980795383453 46.8794496059418 46.7122755050659 45.7920658588409 47.2153141498566 47.2515389919281 45.1047234535217 44.5627963542938
-9999 -9999 -9999 -9999 -9999 -9999 38.4749577045441 39.6944224834442 40.5431971549988 40.1167392730713 40.3947083950043 41.199782371521 40.9912030696869 40.8740587234497 40.5642573833466 40.0801239013672 40.100692987442 -9999 -9999 -9999 40.0267245769501 41.2516486644745 42.9795408248901 43.5411853790283 44.3001911640167 45.4035303592682 45.081615447998 45.5417885780334 45.7630310058594 46.3400955200195 46.492965221405 46.2042829990387 46.35626745224 45.8645787239075 45.4623067378998 45.3449757099152 46.2483611106873 46.3022785186768 46.3662316799164 45.1526012420654 44.3895576000214 47.1299159526825 47.35160779953 46.259213924408 46.9303152561188 47.2281572818756 47.4464955329895 46.7996017932892 46.6539297103882 46.5298037528992
-9999 -9999 -9999 -9999 -9999 -9999 -9999 37.6040813922882 38.9802012443542 38.9811184406281 39.9133787155151 40.08686876297 39.7477405071259 40.053126335144 39.6707394123077 39.2308518886566 -9999 -9999 -9999 -9999 39.6126787662506 40.8007750511169 41.6866545677185 43.1694099903107 45.3381733894348 46.6897392272949 45.7511367797852 45.3799798488617 45.3843395709991 46.1611433029175 46.3779561519623 46.318763256073 45.9907064437866 45.5795743465424 45.1546251773834 45.7285342216492 45.5175940990448 45.5704371929169 46.2230381965637 44.8046736717224 44.3951508998871 45.2964406013489 46.0435061454773 45.4609544277191 45.6344571113586 45.5926873683929 45.3204665184021 45.3762216567993 45.4757726192474 45.8565058708191
-9999 -9999 -9999 -9999 -9999 -9999 -9999 -9999 -9999 36.8381173610687 37.318223118782 -9999 -9999 -9999 37.4958884716034 37.7056046724319 37.6150789260864 38.4201962947845 38.7786350250244 39.2736487388611 39.4788360595703 40.5293843746185 41.4590120315552 42.335545539856 44.116840839386 45.35422706604 45.1710023880005 44.7658143043518 44.6537919044495 44.331151008606 45.1470036506653 45.586677312851 45.2922081947327 45.208899974823 45.6428768634796 45.3840615749359 45.0349252223969 44.9517648220062 45.7877888679504 46.0595638751984 46.3770151138306 46.4407877922058 45.0274517536163 44.8906803131104 46.3078446388245 46.9024820327759 44.927433013916 43.475025177002 46.1098616123199 47.5662655830383
-9999 -9999 -9999 -9999 -9999 34.4520263671875 34.7671860456467 34.984561085701 35.3700076341629 36.8612176179886 38.3993233442307 36.8076401948929 36.5264345407486 39.7797951698303 42.1266691684723 39.569593667984 40.7730561494827 41.6360485553741 42.676584482193 41.0358560085297 40.4377123117447 41.9343535900116 43.3605608940125 43.7842657566071 43.1370182037354 43.1510543823242 43.3204350471497 42.645781993866 44.1176261901855 45.3827946186066 45.0191979408264 44.5111498832703 45.311728477478 44.709851026535 44.7050766944885 44.1436946392059 44.342161655426 44.2360351085663 44.8656854629517 45.2583463191986 44.7082946300507 43.4158866405487 44.0037572383881 44.8497316837311 46.2550394535065 47.580002784729 46.9586040973663 47.2831089496613 47.5786442756653 46.081369638443
