data/spatiotemp/temp3/bio19_norsw_test_2011_2014.asc
NCOLS 654 
NROWS 380 
XLLCORNER 3.91666666666667 
YLLCORNER 55.3333333333333 
CELLSIZE 0.0416666666666667 
NODATA_value -9999 
[rows 220 to 241 of 380, columns 0 to 49 of 654]
-9999 -9999 -9999 -9999 -9999 -9999 -9999 -9999 -9999 -9999 -9999 -9999 -9999 -9999 -9999 -9999 -9999 -9999 -9999 -9999 -9999 -9999 -9999 -9999 -9999 627.341598510742 594.135040283203 605.714019775391 625.016220092773 570.614372253418 595.154884338379 621.021438598633 588.103668212891 659.272071838379 690.845764160156 667.39559173584 694.79224395752 664.709327697754 668.356002807617 684.873527526855 699.774078369141 684.341026306152 711.627098083496 709.724449157715 703.552505493164 681.762237548828 683.796836853027 695.805282592773 691.835411071777 671.275650024414
-9999 -9999 -9999 -9999 -9999 -9999 -9999 -9999 -9999 -9999 -9999 -9999 -9999 -9999 -9999 -9999 -9999 -9999 -9999 -9999 -9999 -9999 -9999 -9999 -9999 -9999 590.307083129883 612.614700317383 630.542823791504 626.197525024414 650.687561035156 664.596878051758 682.661674499512 697.818336486816 644.497711181641 620.989440917969 633.48193359375 627.715637207031 674.863883972168 711.203399658203 684.31941986084 648.707817077637 705.294906616211 686.037605285645 662.976837158203 662.182052612305 641.307861328125 630.697059631348 662.75806427002 658.598594665527
-9999 -9999 -9999 -9999 -9999 -9999 -9999 -9999 -9999 -9999 -9999 -9999 -9999 -9999 -9999 -9999 -9999 -9999 -9999 -9999 -9999 -9999 -9999 -9999 637.889587402344 682.705085754395 653.705467224121 606.302757263184 576.53742980957 593.301170349121 611.238510131836 619.975845336914 660.461250305176 621.098983764648 687.083564758301 706.265525817871 711.175445556641 697.893089294434 659.407020568848 698.425018310547 714.446334838867 670.036056518555 641.140518188477 595.581970214844 703.412132263184 690.338066101074 645.986557006836 643.648475646973 641.361541748047 621.816986083984
-9999 -9999 -9999 -9999 -9999 -9999 -9999 -9999 -9999 -9999 -9999 -9999 -9999 -9999 -9999 -9999 -9999 -9999 -9999 -9999 -9999 667.678413391113 653.845397949219 677.181106567383 690.860877990723 641.504989624023 666.047309875488 677.850692749023 709.963722229004 658.983795166016 742.546173095703 730.892044067383 615.834342956543 683.941307067871 713.316009521484 742.74829864502 756.894790649414 768.750831604004 770.778266906738 774.935440063477 772.911964416504 756.855621337891 704.009460449219 663.646339416504 683.233207702637 681.774078369141 685.052459716797 723.131187438965 699.71305847168 572.402137756348
-9999 -9999 -9999 -9999 -9999 -9999 -9999 -9999 -9999 -9999 -9999 -9999 -9999 -9999 -9999 -9999 -9999 -9999 -9999 -9999 -9999 644.172859191895 601.203422546387 586.976081848145 595.572364807129 659.094093322754 681.218276977539 657.180923461914 620.374572753906 664.599273681641 725.47331237793 731.11400604248 755.00496673584 752.380851745605 779.802047729492 760.424644470215 771.953453063965 765.272994995117 764.713111877441 761.478416442871 744.983863830566 703.986793518066 766.123054504395 783.409309387207 755.725555419922 768.344261169434 777.121856689453 750.291595458984 689.432151794434 620.157073974609
-9999 -9999 -9999 -9999 -9999 -9999 -9999 -9999 -9999 -9999 -9999 -9999 -9999 -9999 -9999 -9999 -9999 -9999 -9999 -9999 -9999 657.985893249512 624.889518737793 578.354156494141 581.961494445801 625.42813873291 618.690032958984 661.125778198242 669.507606506348 708.256004333496 724.584518432617 732.225364685059 728.160125732422 734.591918945312 791.292053222656 815.142356872559 808.228446960449 816.129531860352 821.140129089355 815.519790649414 804.899284362793 798.394538879395 797.924705505371 805.356391906738 789.432258605957 796.326446533203 779.440132141113 755.622634887695 617.869850158691 655.810935974121
-9999 -9999 -9999 -9999 -9999 -9999 -9999 -9999 -9999 -9999 -9999 -9999 -9999 -9999 -9999 -9999 -9999 -9999 -9999 -9999 -9999 -9999 -9999 -9999 -9999 652.995018005371 724.754447937012 760.173690795898 671.096343994141 688.005561828613 707.691474914551 735.285545349121 799.548362731934 819.139457702637 818.590370178223 841.043815612793 832.905693054199 825.989700317383 829.610397338867 836.239860534668 831.767562866211 833.348846435547 812.649543762207 791.473403930664 783.098251342773 759.078414916992 716.792907714844 660.687217712402 687.304046630859 751.287017822266
-9999 -9999 -9999 -9999 -9999 -9999 -9999 -9999 -9999 -9999 -9999 -9999 -9999 -9999 -9999 -9999 -9999 -9999 -9999 -9999 -9999 -9999 631.0498046875 590.484985351562 -9999 658.614883422852 754.934127807617 775.329818725586 764.931968688965 776.498992919922 794.520553588867 778.494636535645 828.442031860352 841.454917907715 837.851860046387 809.000862121582 804.737739562988 831.881416320801 824.729598999023 762.164497375488 794.804039001465 805.284889221191 808.042678833008 794.948303222656 735.768516540527 730.679756164551 739.60228729248 699.364295959473 721.72533416748 744.036636352539
-9999 -9999 -9999 -9999 -9999 -9999 -9999 -9999 -9999 -9999 -9999 -9999 -9999 -9999 -9999 -9999 -9999 -9999 -9999 -9999 -9999 583.023536682129 585.677192687988 591.69799041748 -9999 641.908149719238 685.122100830078 734.875022888184 770.88777923584 791.958129882812 795.498023986816 798.233253479004 779.434410095215 766.427268981934 746.98673248291 743.360595703125 767.703422546387 779.212051391602 790.026870727539 809.110809326172 778.688865661621 795.948211669922 792.577018737793 748.027351379395 712.499870300293 743.696029663086 754.038543701172 740.313201904297 736.982452392578 713.003440856934
-9999 -9999 -9999 -9999 -9999 -9999 -9999 -9999 -9999 -9999 -9999 -9999 -9999 -9999 -9999 -9999 -9999 -9999 -9999 -9999 -9999 601.333770751953 623.018692016602 596.561416625977 607.100135803223 -9999 643.645515441895 665.353218078613 695.84935760498 669.916374206543 704.712120056152 726.202110290527 747.029655456543 735.623168945312 748.757080078125 822.93936920166 826.166976928711 829.690658569336 819.526527404785 741.554428100586 767.43115234375 766.148292541504 767.452499389648 788.200607299805 804.876014709473 780.275344848633 773.181884765625 752.443450927734 737.19490814209 706.963478088379
-9999 -9999 -9999 -9999 -9999 -9999 -9999 -9999 -9999 -9999 -9999 -9999 -9999 -9999 -9999 -9999 -9999 -9999 -9999 563.295082092285 567.946968078613 590.255393981934 605.205764770508 596.914123535156 -9999 622.745635986328 635.469589233398 670.861450195312 680.321502685547 689.994117736816 737.950622558594 721.258766174316 720.492340087891 736.199600219727 770.542549133301 793.521713256836 817.0625 746.407333374023 775.472152709961 789.625831604004 794.320175170898 803.63842010498 811.426406860352 792.460655212402 734.31014251709 763.31517791748 766.519096374512 737.089416503906 730.970283508301 727.825172424316
-9999 -9999 -9999 -9999 -9999 -9999 -9999 -9999 -9999 -9999 -9999 -9999 -9999 -9999 -9999 -9999 -9999 -9999 -9999 -9999 -9999 -9999 -9999 -9999 653.21028137207 638.016479492188 -9999 -9999 673.324859619141 -9999 752.582054138184 794.346878051758 802.191024780273 826.480499267578 863.389991760254 871.489501953125 820.564483642578 818.999443054199 848.978324890137 852.767616271973 846.70768737793 831.09423828125 769.241737365723 729.382926940918 746.857566833496 817.274192810059 779.925788879395 786.341148376465 768.96556854248 673.280876159668
-9999 -9999 -9999 -9999 -9999 -9999 -9999 -9999 -9999 -9999 -9999 -9999 -9999 -9999 -9999 -9999 -9999 -9999 -9999 -9999 -9999 -9999 -9999 -9999 627.122207641602 629.890899658203 -9999 697.503700256348 688.471549987793 686.814414978027 -9999 727.961959838867 751.676490783691 773.600341796875 775.487251281738 779.188888549805 754.27921295166 775.448677062988 783.521690368652 828.114181518555 778.860740661621 730.887084960938 785.500015258789 787.142372131348 707.784660339355 708.918846130371 778.046195983887 722.369148254395 696.698616027832 737.429618835449
-9999 -9999 -9999 -9999 -9999 -9999 -9999 -9999 -9999 -9999 -9999 -9999 -9999 -9999 -9999 -9999 -9999 -9999 -9999 -9999 -9999 -9999 -9999 -9999 -9999 690.638252258301 754.184707641602 727.719429016113 798.825393676758 812.77571105957 807.808364868164 827.235542297363 859.634056091309 834.656181335449 859.662315368652 874.589546203613 848.32625579834 847.429679870605 895.778945922852 823.91032409668 797.723983764648 790.757637023926 810.589645385742 820.04052734375 803.042678833008 758.541664123535 732.401100158691 665.795051574707 703.540542602539 662.098205566406
-9999 -9999 -9999 -9999 -9999 -9999 -9999 -9999 -9999 -9999 -9999 -9999 -9999 -9999 -9999 -9999 -9999 -9999 -9999 -9999 -9999 -9999 -9999 -9999 -9999 691.06876373291 726.379638671875 802.001457214355 787.591064453125 869.245704650879 877.936363220215 877.657592773438 891.987350463867 899.254554748535 889.783493041992 865.877143859863 870.044174194336 848.139976501465 856.042541503906 873.596855163574 826.679260253906 797.527282714844 793.953300476074 817.031578063965 798.371757507324 810.878425598145 803.585517883301 792.778717041016 761.101150512695 738.874351501465
-9999 -9999 -9999 -9999 -9999 -9999 -9999 -9999 -9999 -9999 -9999 -9999 -9999 -9999 -9999 -9999 -9999 -9999 -9999 -9999 -9999 607.042839050293 597.614562988281 643.90470123291 692.788383483887 766.948188781738 695.465408325195 748.282424926758 731.943473815918 788.907867431641 752.528785705566 809.075508117676 793.95768737793 791.32731628418 876.724174499512 822.796516418457 863.732109069824 861.826461791992 839.656234741211 800.050422668457 809.18913269043 784.057723999023 752.037117004395 722.943656921387 810.815650939941 835.58455657959 801.718803405762 757.579086303711 760.436683654785 756.899765014648
-9999 -9999 -9999 -9999 -9999 -9999 -9999 -9999 -9999 -9999 -9999 -9999 -9999 -9999 -9999 -9999 511.247032165527 512.34391784668 532.850006103516 547.403129577637 605.612060546875 -9999 -9999 -9999 655.778457641602 703.162864685059 666.576454162598 684.994316101074 700.899612426758 722.335815429688 767.707664489746 821.523933410645 830.192420959473 836.920799255371 821.196960449219 889.276473999023 883.415283203125 881.747467041016 896.109725952148 895.718185424805 890.954246520996 871.856369018555 824.548439025879 763.399559020996 734.53247833252 760.575729370117 807.559936523438 742.767585754395 720.706474304199 704.153465270996
-9999 -9999 -9999 -9999 -9999 -9999 -9999 -9999 -9999 -9999 -9999 -9999 -9999 -9999 -9999 -9999 508.486392974854 512.877334594727 529.147232055664 540.288925170898 552.65943145752 -9999 -9999 -9999 643.445297241211 655.126792907715 686.814445495605 755.139030456543 755.49730682373 782.14714050293 822.1455078125 868.298980712891 907.526443481445 883.86865234375 821.846076965332 880.636657714844 889.624008178711 881.224838256836 876.90966796875 892.346054077148 893.667587280273 848.181137084961 864.385955810547 856.391532897949 845.218399047852 741.299797058105 783.150703430176 802.462280273438 789.557479858398 781.15885925293
-9999 -9999 -9999 -9999 -9999 -9999 -9999 -9999 -9999 -9999 -9999 -9999 -9999 -9999 -9999 -9999 -9999 -9999 -9999 540.471374511719 544.009143829346 566.987953186035 573.203994750977 593.21891784668 -9999 631.639427185059 675.451187133789 718.428100585938 719.463478088379 789.492340087891 817.437423706055 858.719200134277 914.750625610352 920.348449707031 910.209419250488 897.612091064453 882.25260925293 894.281524658203 872.466331481934 811.668388366699 835.216934204102 836.613578796387 854.125473022461 849.670135498047 844.452217102051 730.035888671875 748.866973876953 805.200630187988 793.419540405273 775.039939880371
-9999 -9999 -9999 -9999 -9999 -9999 -9999 -9999 -9999 -9999 -9999 -9999 -9999 -9999 -9999 -9999 -9999 -9999 -9999 532.341426849365 541.63557434082 561.320999145508 572.994232177734 611.376686096191 608.855354309082 651.205223083496 730.883171081543 723.076309204102 825.085357666016 883.539276123047 893.545120239258 849.960395812988 829.853012084961 910.191787719727 909.185409545898 914.811500549316 939.724723815918 910.299812316895 913.974899291992 903.388359069824 880.045440673828 863.969337463379 846.009567260742 830.488342285156 778.718673706055 624.551109313965 781.402656555176 779.753044128418 750.715690612793 695.123023986816
-9999 -9999 -9999 -9999 -9999 -9999 -9999 -9999 -9999 -9999 -9999 -9999 -9999 -9999 -9999 -9999 -9999 -9999 -9999 -9999 530.204650878906 557.151176452637 615.394134521484 593.709045410156 614.310249328613 668.859359741211 673.169784545898 755.939628601074 684.985710144043 894.420608520508 756.901275634766 811.367324829102 856.528549194336 885.809898376465 880.150756835938 905.397590637207 911.378128051758 893.65518951416 892.837860107422 875.146522521973 730.382461547852 746.40641784668 720.416290283203 558.30252456665 547.813896179199 542.199954986572 534.449291229248 535.110614776611 527.233509063721 -9999
-9999 -9999 -9999 -9999 -9999 -9999 -9999 -9999 -9999 -9999 -9999 -9999 -9999 -9999 -9999 -9999 -9999 -9999 491.000919342041 503.36988067627 550.001266479492 552.754768371582 662.098480224609 610.861549377441 687.565490722656 722.707824707031 671.922470092773 740.497596740723 667.748039245605 -9999 -9999 836.160697937012 810.449363708496 833.410926818848 912.16667175293 949.03889465332 932.306510925293 852.046585083008 774.327293395996 634.474044799805 -9999 814.899375915527 838.557250976562 808.927558898926 822.498344421387 658.760734558105 633.256164550781 750.973640441895 790.106513977051 735.410034179688
