data/spatiotemp/temp3/bio13_norsw_test_2011_2014.asc
NCOLS 654 
NROWS 380 
XLLCORNER 3.91666666666667 
YLLCORNER 55.3333333333333 
CELLSIZE 0.0416666666666667 
NODATA_value -9999 
[rows 308 to 329 of 380, columns 200 to 249 of 654]
136.209711074829 129.680070877075 130.307453155518 133.037538528442 135.395933151245 132.672197341919 129.95604133606 124.165157318115 124.429794311523 123.32445526123 122.289283752441 119.536958694458 116.904077529907 115.882066726685 114.859523773193 112.119617462158 109.82345199585 107.100482940674 104.851160049438 104.176952362061 102.657138824463 103.274892807007 102.612321853638 102.882768630981 103.1667137146 104.613889694214 104.643018722534 104.872621536255 104.612045288086 103.442203521729 101.987539291382 102.214567184448 104.459011077881 109.558790206909 111.259260177612 107.902532577515 107.645528793335 104.580347061157 100.722232818604 99.3798065185547 97.23388671875 95.3423652648926 93.7669486999512 92.2016296386719 91.5565280914307 92.4945030212402 93.4102115631104 92.7428531646729 90.8222541809082 89.2059936523438
131.511289596558 129.133008956909 128.944107055664 129.118789672852 128.566299438477 128.377391815186 128.216335296631 127.160257339478 126.107360839844 124.198408126831 122.288307189941 121.24751663208 120.217679977417 118.824186325073 115.236982345581 112.505237579346 110.634082794189 108.358030319214 105.654666900635 103.830614089966 102.615472793579 102.457931518555 103.520137786865 103.797437667847 104.369152069092 105.806684494019 106.319145202637 106.049448013306 105.353826522827 103.401073455811 102.359077453613 102.09646987915 102.974157333374 107.961761474609 107.170854568481 105.503978729248 106.065145492554 102.152994155884 99.9539222717285 98.5812244415283 97.2159061431885 95.1980209350586 93.5926742553711 92.4510593414307 92.9040851593018 94.2356910705566 95.092716217041 93.9285011291504 88.8973693847656 88.4068965911865
133.99877166748 132.051105499268 131.413194656372 130.345951080322 130.150371551514 130.316444396973 129.31450843811 129.091918945312 127.164499282837 126.977931976318 125.058963775635 124.011100769043 122.462203979492 120.589841842651 117.841379165649 115.108934402466 112.384786605835 109.668930053711 106.111375808716 103.848640441895 103.429754257202 104.487684249878 106.03596496582 106.654859542847 106.867561340332 108.155652999878 108.3059425354 106.333721160889 105.632488250732 106.741855621338 105.866870880127 106.500509262085 104.624530792236 103.580909729004 104.21685218811 108.144979476929 108.749052047729 103.938980102539 99.1746139526367 97.8469219207764 96.4763126373291 95.1437339782715 93.9937114715576 93.9964904785156 93.2969284057617 96.1981544494629 93.4626789093018 89.2026329040527 87.2910175323486 87.2474746704102
134.169898986816 134.575914382935 134.737758636475 133.66534614563 132.5212059021 131.964733123779 131.770168304443 130.581581115723 131.012828826904 129.956481933594 128.035423278809 125.421342849731 123.926774978638 121.156860351562 119.269672393799 117.802021026611 114.614414215088 112.749534606934 109.604099273682 106.88543510437 107.165048599243 107.883811950684 109.433012008667 109.043020248413 110.020143508911 110.512922286987 111.429410934448 109.154724121094 112.989206314087 116.55640411377 115.905740737915 108.127351760864 107.103507995605 103.958349227905 103.354791641235 109.122138977051 112.25016784668 105.742761611938 98.480619430542 98.7975044250488 96.6282939910889 95.2802658081055 94.0618000030518 93.405387878418 95.4737205505371 94.8875484466553 90.7570266723633 88.9874057769775 87.6033706665039 86.9437694549561
137.071298599243 135.983787536621 135.355165481567 134.209276199341 135.310594558716 134.235729217529 133.591638565063 132.936639785767 131.85747718811 131.214984893799 131.030107498169 129.111934661865 126.701190948486 124.337800979614 122.842197418213 120.505989074707 118.607280731201 115.405805587769 113.934688568115 112.486753463745 112.313570022583 113.007225036621 112.41654586792 113.10969543457 112.920118331909 112.857967376709 113.336576461792 114.017585754395 113.37059211731 111.174488067627 109.379644393921 109.255680084229 109.941396713257 104.044471740723 104.953830718994 110.927225112915 108.118217468262 105.032693862915 100.287019729614 98.9365310668945 98.6498432159424 97.9148960113525 96.1481323242188 96.5251770019531 100.114793777466 98.8594341278076 95.5785236358643 90.1407833099365 87.9851474761963 86.4854640960693
138.656217575073 138.024738311768 136.510437011719 137.622465133667 139.154844284058 135.900619506836 133.32635307312 134.873966217041 136.414981842041 135.332820892334 135.124509811401 132.306102752686 130.200960159302 128.405832290649 127.313217163086 125.370420455933 123.015176773071 121.511198043823 119.59693145752 118.528764724731 117.052480697632 118.571229934692 117.949991226196 116.90874671936 116.72092628479 116.943731307983 117.584688186646 117.367374420166 115.021957397461 112.310920715332 111.365299224854 110.421253204346 109.478784561157 106.892709732056 106.766153335571 106.987436294556 106.80454826355 105.536172866821 102.611516952515 101.363676071167 99.7315139770508 103.797271728516 105.820692062378 104.565893173218 101.695993423462 100.022161483765 94.7842063903809 89.7162647247314 88.3738346099854 88.3834342956543
138.954536437988 139.18320274353 138.978971481323 142.721668243408 142.511142730713 135.012731552124 133.500471115112 135.799072265625 137.481569290161 138.151700973511 135.328254699707 134.279458999634 133.22163772583 132.151823043823 129.639419555664 127.677131652832 125.705101013184 125.480905532837 123.537979125977 121.602952957153 120.952360153198 121.578308105469 120.949489593506 121.592481613159 120.963001251221 119.456153869629 119.653791427612 119.021259307861 116.909452438354 115.133548736572 112.521146774292 111.592060089111 109.011095046997 108.085332870483 108.809614181519 107.939653396606 107.769306182861 106.118410110474 104.881868362427 106.139064788818 106.565603256226 108.195388793945 107.768005371094 105.335004806519 103.670413970947 100.827543258667 94.762336730957 90.3568992614746 90.1448173522949 90.0863552093506
140.112768173218 142.55544090271 143.20685005188 144.318374633789 141.047992706299 135.156808853149 136.27300453186 141.31559753418 141.108701705933 137.437446594238 136.356927871704 136.183469772339 135.521726608276 135.181566238403 134.569528579712 133.445680618286 133.193048477173 131.209915161133 129.213712692261 128.107370376587 125.706047058105 126.812810897827 125.697732925415 126.259754180908 123.905298233032 123.675508499146 122.45717048645 121.504728317261 119.736776351929 116.309125900269 114.548583984375 112.791000366211 111.036386489868 110.103101730347 110.106718063354 110.184837341309 109.192596435547 110.076326370239 108.406211853027 113.863874435425 113.074661254883 113.064609527588 106.863525390625 105.263019561768 103.624856948853 98.3535938262939 92.7290687561035 91.2957668304443 91.4546184539795 92.0828170776367
143.49584197998 145.943214416504 145.266088485718 143.736810684204 139.142250061035 144.641435623169 145.322277069092 142.059188842773 137.488592147827 138.173994064331 140.589427947998 141.265916824341 142.268106460571 141.736083984375 141.259922027588 140.977348327637 139.393781661987 136.935564041138 135.353370666504 133.35099029541 132.634315490723 132.213443756104 129.522888183594 128.40477180481 127.300182342529 126.253421783447 125.308507919312 123.516376495361 121.759635925293 119.978427886963 116.562393188477 115.66032409668 114.736518859863 112.994190216064 112.915620803833 111.177021026611 111.463924407959 111.093065261841 114.071285247803 115.786680221558 116.253559112549 112.113941192627 107.159791946411 105.13240814209 101.093473434448 95.4303588867188 94.30104637146 93.9789218902588 92.961483001709 92.8475513458252
145.133386611938 145.354337692261 142.918428421021 139.639379501343 137.69030380249 138.813972473145 138.616756439209 138.419540405273 140.853899002075 144.168388366699 146.156383514404 147.251937866211 147.767147064209 148.730602264404 147.097023010254 146.787322998047 143.870258331299 144.202587127686 140.42999458313 139.195159912109 139.74111366272 136.823183059692 134.780347824097 131.926731109619 131.691253662109 130.753900527954 129.820081710815 127.215456008911 125.437717437744 122.022796630859 121.954515457153 121.886232376099 118.458814620972 115.058465957642 114.9967212677 113.436676025391 116.300394058228 114.661201477051 112.608156204224 113.956144332886 113.60361289978 111.566108703613 108.719755172729 105.478416442871 100.184024810791 96.1789493560791 95.8792171478271 95.1337642669678 95.3120727539062 96.0102252960205
147.630786895752 146.095687866211 140.132530212402 138.179594039917 138.409032821655 139.536134719849 140.66888999939 142.218908309937 147.297027587891 151.928638458252 155.654205322266 156.321334838867 155.921291351318 154.920112609863 152.669891357422 149.70601272583 149.345962524414 148.108940124512 147.705196380615 148.174255371094 146.072429656982 141.418266296387 140.205749511719 137.267915725708 136.202911376953 135.277017593384 132.6755027771 130.901006698608 125.810619354248 124.903057098389 124.8505859375 122.273141860962 120.617513656616 118.132020950317 118.211824417114 117.887136459351 115.607275009155 115.28385925293 111.974315643311 114.637018203735 116.0139503479 112.294591903687 110.733949661255 108.733722686768 103.012641906738 98.9691791534424 98.687536239624 97.5985298156738 98.1750812530518 104.240865707397
146.607263565063 145.496370315552 142.625516891479 141.99528503418 140.895092010498 143.779365539551 144.481544494629 147.831150054932 151.588249206543 156.197147369385 159.511650085449 161.490634918213 160.637351989746 158.822471618652 156.69775390625 155.418849945068 155.027038574219 154.586761474609 150.728096008301 152.876903533936 149.862567901611 144.34162902832 145.661895751953 139.30673789978 137.367332458496 134.770530700684 132.178899765015 132.098188400269 126.152914047241 131.162853240967 128.589778900146 125.1930103302 126.839498519897 121.749488830566 124.383979797363 124.027826309204 119.611507415771 118.468662261963 116.447998046875 115.317897796631 116.734132766724 113.023077011108 112.733106613159 110.74560546875 104.587133407593 103.925235748291 101.160175323486 100.089572906494 102.759037017822 107.561223983765
147.879858016968 146.715063095093 146.934640884399 144.914766311646 148.714332580566 152.936645507812 151.875175476074 156.079292297363 156.766139984131 156.54955291748 160.293621063232 162.280471801758 162.394306182861 163.755542755127 163.32633972168 162.897125244141 161.581031799316 155.114009857178 152.937366485596 151.597545623779 149.435043334961 146.457427978516 146.830322265625 143.869819641113 141.097579956055 140.195236206055 135.056232452393 133.301921844482 131.592056274414 134.970144271851 133.311668395996 129.941537857056 128.283115386963 127.24291229248 127.22730255127 128.102760314941 121.501880645752 122.516452789307 118.83060836792 119.394165039062 120.840385437012 116.298349380493 114.76929473877 114.053565979004 111.262649536133 108.117315292358 103.658254623413 103.848876953125 107.437992095947 115.09556388855
145.885770797729 149.234481811523 150.784080505371 150.998073577881 154.820854187012 155.938285827637 157.051662445068 160.847076416016 157.531024932861 158.655460357666 162.409019470215 163.500778198242 163.837093353271 166.080593109131 170.840263366699 168.638423919678 163.880599975586 159.928329467773 162.86837387085 158.932907104492 153.30668258667 155.404624938965 154.089038848877 146.818618774414 144.849975585938 146.469993591309 140.509576797485 132.450174331665 137.88925743103 138.744989395142 137.876476287842 136.218790054321 131.952323913574 131.916296005249 129.062259674072 129.588752746582 122.568819046021 121.422077178955 121.627883911133 121.380514144897 121.133138656616 120.885761260986 118.525285720825 117.843221664429 118.040924072266 111.014072418213 109.968019485474 114.427227020264 114.163745880127 115.112747192383
149.892509460449 151.89701461792 153.436820983887 155.408874511719 160.135650634766 156.80517578125 157.003002166748 159.038181304932 157.476135253906 162.204814910889 164.635883331299 167.91092300415 169.367519378662 167.168472290039 169.35620880127 167.164657592773 162.359668731689 162.756938934326 163.982627868652 163.535152435303 157.896286010742 156.580848693848 156.092510223389 151.329814910889 147.66820526123 146.279495239258 139.370491027832 132.904581069946 137.400562286377 140.874694824219 138.333086013794 138.400756835938 135.006217956543 135.931940078735 134.70096206665 133.470991134644 129.030893325806 124.900550842285 122.079214096069 124.87890625 124.196420669556 123.961708068848 122.894512176514 121.764276504517 118.527128219604 116.579803466797 120.689628601074 122.994951248169 120.637832641602 119.500080108643
151.7389793396 153.267490386963 155.289642333984 158.591506958008 161.469367980957 158.135604858398 160.982856750488 158.023582458496 161.371726989746 162.00146484375 164.43132019043 166.853267669678 164.781936645508 163.526584625244 164.016464233398 160.982841491699 161.424991607666 161.023029327393 161.457859039307 161.053451538086 159.766815185547 154.184181213379 152.915885925293 149.073944091797 143.735235214233 139.582099914551 137.019861221313 136.031656265259 138.011672973633 138.954650878906 139.459461212158 138.662570953369 134.366331100464 137.488275527954 137.553651809692 136.315658569336 131.866912841797 125.978900909424 124.904525756836 128.105066299438 128.771028518677 128.534729003906 128.298427581787 126.330446243286 125.198854446411 127.137348175049 126.075677871704 125.027021408081 123.032693862915 122.709915161133
154.052520751953 156.911876678467 156.655094146729 158.178310394287 157.941066741943 156.543087005615 158.99535369873 162.297428131104 164.733180999756 163.605339050293 164.277370452881 166.697437286377 167.2897605896 165.170066833496 162.166683197021 160.021072387695 157.92658996582 159.296276092529 161.542427062988 162.011825561523 158.163635253906 154.330574035645 151.389869689941 146.75638961792 144.84211730957 141.44602394104 138.882057189941 138.024559020996 138.008241653442 139.728282928467 139.744873046875 137.196870803833 137.231731414795 139.905498504639 139.111127853394 136.108352661133 130.348205566406 127.514907836914 127.740041732788 128.810688018799 131.618965148926 131.384759902954 130.699554443359 129.180931091309 128.498815536499 128.267644882202 128.487379074097 126.983901977539 126.704397201538 124.289587020874
152.332046508789 154.763111114502 156.690654754639 157.765117645264 156.603839874268 158.154331207275 163.265632629395 164.801273345947 164.57532119751 166.103881835938 164.12340927124 163.897453308105 161.871692657471 160.652229309082 159.436100006104 156.487201690674 156.127784729004 158.461074829102 161.586898803711 163.857681274414 158.324924468994 154.527820587158 151.620616912842 149.598297119141 147.742687225342 145.176902770996 142.581647872925 141.731843948364 140.885372161865 140.042242050171 135.78666305542 137.518823623657 136.693906784058 137.567348480225 135.882417678833 131.976699829102 129.280727386475 129.509185791016 131.889585494995 130.367086410522 132.284568786621 134.249799728394 130.983158111572 130.756553649902 131.365255355835 129.853029251099 129.627199172974 128.123706817627 127.01879119873 127.964290618896
154.628089904785 157.451141357422 157.77791595459 158.428115844727 155.546901702881 159.762672424316 161.345115661621 162.883628845215 163.521068572998 162.440319061279 161.325263977051 162.853553771973 159.959167480469 159.669746398926 161.119697570801 160.791831970215 159.650341033936 158.512096405029 161.6760597229 163.103828430176 160.206554412842 158.15943145752 156.154312133789 151.571311950684 148.860080718994 147.171539306641 144.613245010376 145.478370666504 142.925100326538 140.373945236206 137.824903488159 136.990219116211 135.298215866089 134.475315093994 132.157346725464 130.898097991943 132.985935211182 133.617067337036 134.300947189331 133.619834899902 135.604564666748 134.533910751343 132.563734054565 132.727638244629 131.666681289673 130.609773635864 131.224637985229 128.437578201294 127.33318901062 128.27961730957
153.34593963623 153.499015808105 156.71431350708 154.738796234131 154.531330108643 159.642539978027 159.427467346191 161.829898834229 164.259593963623 163.145175933838 160.284271240234 159.178085327148 164.209320068359 166.576881408691 165.426803588867 167.75207901001 168.36669921875 166.366886138916 164.372611999512 161.505859375 160.369903564453 158.392314910889 155.546504974365 154.423202514648 153.441184997559 149.173328399658 146.619979858398 144.915252685547 143.215486526489 142.399782180786 141.569307327271 139.025056838989 135.626705169678 134.80101776123 133.97780418396 134.871820449829 136.491748809814 134.776266098022 135.412279129028 136.939725875854 137.178693771362 135.206113815308 135.098073959351 132.181396484375 131.127592086792 130.469072341919 130.250459671021 127.916664123535 127.647583007812 127.764356613159
144.639036178589 147.919862747192 150.356437683105 152.819667816162 157.934429168701 158.587493896484 157.481548309326 161.674057006836 160.566425323486 159.46170425415 160.13667678833 164.300304412842 167.564598083496 168.219860076904 169.728267669678 169.495613098145 169.262950897217 169.030288696289 166.190612792969 165.961620330811 163.132942199707 161.185482025146 158.370166778564 159.868255615234 156.318126678467 152.051406860352 148.634021759033 146.937744140625 146.977661132812 145.29838180542 144.47375869751 140.210626602173 136.809337615967 135.126724243164 135.168014526367 136.931751251221 136.093368530273 138.951824188232 139.200172424316 137.878335952759 137.011714935303 137.705986022949 135.280065536499 133.320009231567 131.365270614624 131.160554885864 131.858388900757 130.815082550049 127.961984634399 125.511888504028
147.962120056152 150.403213500977 154.632823944092 157.954452514648 159.506500244141 159.295803070068 156.437599182129 157.984226226807 160.415035247803 162.838397979736 162.621704101562 167.63835144043 170.056190490723 172.483695983887 173.143325805664 173.824199676514 172.768283843994 169.959392547607 170.617794036865 167.817512512207 164.170738220215 163.108413696289 160.325813293457 159.27014541626 157.480377197266 153.214748382568 151.523029327393 148.979568481445 149.024990081787 146.482109069824 146.527721405029 143.985410690308 138.85577583313 136.323553085327 138.086952209473 139.494945526123 140.274404525757 140.532350540161 139.467803955078 137.496789932251 134.678457260132 137.08776473999 133.815715789795 134.061067581177 131.665523529053 131.069129943848 131.716079711914 132.421775817871 128.721208572388 126.263374328613
