data/spatiotemp/temp3/bio18_norsw_test_2011_2014.asc
NCOLS 654 
NROWS 380 
XLLCORNER 3.91666666666667 
YLLCORNER 55.3333333333333 
CELLSIZE 0.0416666666666667 
NODATA_value -9999 
[rows 110 to 131 of 380, columns 450 to 499 of 654]
174.438957214355 170.772594451904 172.957366943359 173.037498474121 171.162082672119 166.761318206787 169.693008422852 171.899383544922 171.981811523438 172.960334777832 169.454742431641 168.811859130859 169.4172706604 168.781890869141 169.751285552979 171.238010406494 175.067657470703 173.691287994385 171.776294708252 173.452407836914 173.330944061279 171.226062774658 174.878215789795 177.632873535156 176.231838226318 173.214626312256 169.471481323242 168.601249694824 167.729721069336 169.367324829102 170.673797607422 172.312007904053 173.95027923584 176.162357330322 173.302089691162 172.426616668701 170.268409729004 170.87414932251 172.524547576904 174.768138885498 171.927928924561 172.356296539307 175.305606842041 177.882076263428 179.223941802979 182.393451690674 182.451763153076 184.71382522583 187.894889831543 188.653240203857
170.61865234375 168.741901397705 170.033748626709 171.331081390381 167.334133148193 167.407329559326 168.877899169922 171.810981750488 169.928478240967 169.281681060791 168.63724899292 167.995185852051 170.220668792725 167.438022613525 169.658420562744 176.893733978271 177.858242034912 175.768287658691 175.117599487305 171.044204711914 170.207653045654 168.103408813477 169.58618927002 174.134983062744 171.831146240234 168.102638244629 170.127700805664 171.431186676025 174.34358215332 169.303192138672 172.215385437012 172.240962982178 175.15465927124 175.180732727051 175.206813812256 172.343280792236 172.368854522705 172.394435882568 173.721729278564 173.78454208374 173.847362518311 173.910179138184 176.171020507812 179.13232421875 180.111289978027 182.380535125732 182.448551177979 184.722618103027 185.709224700928 188.683170318604
172.160171508789 169.880653381348 165.487216949463 170.02864074707 168.478668212891 165.7004737854 165.045711517334 166.907978057861 167.876461029053 169.190441131592 166.928455352783 168.622978210449 167.981803894043 169.491527557373 169.565551757812 174.112957000732 176.334785461426 175.689445495605 176.657196044922 176.726615905762 173.731880187988 170.732032775879 167.165969848633 169.20573425293 167.091239929199 169.325775146484 173.858497619629 175.866149902344 175.185554504395 173.027667999268 172.14741897583 170.563800811768 169.305213928223 173.120628356934 174.426040649414 172.25993347168 169.39342880249 172.30493927002 173.636318206787 172.423606872559 173.781032562256 176.052028656006 177.03893661499 180.010314941406 182.28991317749 185.266651153564 186.262020111084 188.550205230713 188.631656646729 188.713108062744
167.609371185303 166.959602355957 164.188903808594 167.101455688477 164.320072174072 160.810394287109 163.004150390625 165.926216125488 169.025886535645 169.099201202393 165.594745635986 167.811252593994 169.136726379395 170.112586975098 173.052547454834 170.440502166748 174.990093231201 173.451091766357 171.549270629883 175.202747344971 174.374145507812 171.376010894775 169.079555511475 166.970294952393 167.032413482666 169.97745513916 172.00174331665 171.318489074707 172.241710662842 174.244216918945 171.174987792969 172.09888458252 168.325973510742 168.344215393066 169.966541290283 170.572620391846 171.286869049072 171.305511474609 171.354969024658 172.346839904785 173.71471786499 173.796611785889 177.687480926514 181.582862854004 182.959117889404 183.046306610107 185.342506408691 187.641983032227 189.944725036621 191.647598266602
163.794727325439 165.991188049316 163.220890045166 161.665828704834 166.362312316895 159.835098266602 160.069469451904 162.986263275146 165.187740325928 168.290580749512 166.75023651123 167.719291687012 169.940326690674 170.016326904297 173.853908538818 169.805110931396 168.97794342041 172.817813873291 169.311874389648 170.091335296631 170.869155883789 169.844722747803 166.840473175049 165.435497283936 164.597576141357 169.020881652832 166.880771636963 168.175830841064 169.094791412354 169.110794067383 169.126789093018 166.954120635986 166.968788146973 169.869216918945 169.884239196777 169.899265289307 169.914287567139 172.81649017334 172.869441986084 174.246845245361 174.338172912598 174.429500579834 175.436267852783 177.734809875488 180.726028442383 183.031070709229 185.339401245117 188.944366455078 189.965961456299 191.678085327148
166.552616119385 163.072078704834 161.191673278809 157.512432098389 156.846954345703 156.184101104736 158.374660491943 160.22437286377 163.141193389893 166.956493377686 166.309509277344 164.768623352051 165.734477996826 168.665683746338 174.655681610107 172.578598022461 169.082515716553 169.865695953369 169.042064666748 168.217704772949 166.827419281006 171.378562927246 172.15421295166 165.368339538574 164.534130096436 166.783313751221 166.824028015137 170.622406005859 170.635185241699 167.764373779297 166.175727844238 167.789321899414 169.085571289062 167.814262390137 169.801948547363 171.413997650146 172.711486816406 172.723705291748 172.779895782471 174.167850494385 174.268848419189 177.261974334717 177.364673614502 177.467376708984 179.780364990234 184.308624267578 186.62992477417 187.660083770752 189.378952026367 189.72537612915
171.087005615234 167.450931549072 166.803691864014 158.838916778564 161.024150848389 158.236011505127 159.187919616699 161.383781433105 161.446220397949 165.258358001709 168.363693237305 165.574329376221 165.284965515137 168.210796356201 170.43957901001 170.520690917969 169.702476501465 168.883422851562 170.566883087158 166.875465393066 164.582725524902 167.531051635742 167.404998779297 163.69979095459 168.25269317627 169.229637145996 169.271389007568 166.775817871094 165.5016746521 166.792877197266 166.801406860352 168.094100952148 168.792846679688 170.996013641357 171.005298614502 170.414691925049 171.335227966309 172.630912780762 172.69034576416 172.800163269043 177.089153289795 177.201683044434 176.022941589355 178.345474243164 179.751808166504 182.080238342285 186.017986297607 187.669136047363 187.789180755615 188.832843780518
166.55188369751 167.538745880127 167.616413116455 160.373950958252 158.819931030273 156.918674468994 157.151103973389 162.195911407471 164.756359100342 164.817035675049 165.773464202881 166.024059295654 163.229816436768 166.151287078857 169.084926605225 171.13208770752 168.352630615234 168.435844421387 167.618480682373 167.500034332275 167.581562042236 163.684181213379 165.36226272583 162.357128143311 162.431941986084 165.387195587158 169.213928222656 165.432933807373 162.933158874512 163.844856262207 166.732391357422 165.828521728516 167.118549346924 165.837520599365 167.438617706299 167.442836761475 167.447052001953 169.419918060303 171.684810638428 172.720264434814 174.130195617676 175.850028991699 176.890663146973 180.519191741943 179.723258972168 180.768871307373 183.111904144287 185.458309173584 186.510494232178 185.955982208252
163.958278656006 162.609226226807 161.073741912842 158.280853271484 156.898220062256 160.693214416504 158.078994750977 160.987194061279 164.793292999268 167.707954406738 166.708053588867 166.063175201416 165.421070098877 165.486152648926 168.421520233154 168.308799743652 165.527809143066 168.476299285889 168.358589172363 164.668727874756 166.717971801758 164.623989105225 163.799156188965 164.574249267578 159.590042114258 160.35860824585 163.275505065918 162.580799102783 162.580146789551 162.579502105713 163.862510681152 163.86238861084 164.548183441162 164.54670715332 166.514209747314 168.712970733643 168.71216583252 168.711364746094 168.771339416504 171.09952545166 172.141181945801 172.944011688232 175.280345916748 176.698642730713 176.824977874756 178.797626495361 180.221340179443 183.253162384033 184.925628662109 184.375968933105
166.217746734619 164.705856323242 166.909034729004 157.705821990967 161.503173828125 164.410461425781 160.185653686523 161.141994476318 162.09997177124 162.161708831787 165.979343414307 166.233592987061 163.439678192139 164.405559539795 167.144077301025 167.222396850586 165.693958282471 163.607418060303 165.649524688721 164.822357177734 162.72660446167 162.5954246521 163.367660522461 163.439861297607 162.605010986328 161.769104003906 161.799995422363 161.790626525879 161.78125 161.771884918213 162.45231628418 163.723064422607 165.908897399902 164.617340087891 165.291831970215 166.565090179443 167.839588165283 168.748497009277 169.482513427734 169.602100372314 169.042625427246 170.451324462891 172.173900604248 174.510272979736 173.953723907471 175.682083129883 176.732196807861 177.472332000732 179.822467803955 182.17635345459
161.899326324463 160.05305480957 161.362075805664 160.697616577148 158.802436828613 159.757392883301 159.098476409912 160.773983001709 164.216194152832 162.323425292969 162.042640686035 163.353343963623 162.708385467529 160.814353942871 163.748527526855 163.822608947754 162.99178314209 160.900535583496 162.937206268311 161.899845123291 161.970123291016 162.040405273438 160.635009765625 160.702075958252 161.468696594238 160.625129699707 161.92459487915 161.907470703125 159.006816864014 158.989742279053 158.97265625 161.838958740234 162.509540557861 163.40754699707 165.355243682861 165.336433410645 167.281326293945 167.502384185791 167.552200317383 166.74702835083 166.86304473877 168.266708374023 169.308444976807 170.351871490479 170.470733642578 172.808948516846 175.830635070801 175.274013519287 175.396873474121 177.7470703125
162.036994934082 157.181266784668 157.761692047119 157.095478057861 156.098636627197 156.157917022705 158.351768493652 157.695198059082 158.65970993042 162.485153198242 160.934448242188 161.191707611084 160.013473510742 160.791500091553 160.858390808105 162.179588317871 161.342262268066 162.118480682373 160.019882202148 160.085735321045 159.242362976074 160.011528015137 160.075981140137 159.931705474854 159.083236694336 159.846286773682 158.251766204834 159.139842987061 158.200576782227 158.174991607666 158.149402618408 161.007713317871 159.704738616943 161.643074035645 162.300628662109 163.191802978516 163.1633644104 163.134925842285 163.176292419434 164.570896148682 164.683311462402 167.007293701172 167.121822357178 167.915077209473 170.24751663208 169.685470581055 170.732048034668 174.367321014404 176.714603424072 175.541614532471
158.433380126953 157.32275390625 156.677967071533 157.236797332764 157.298458099365 158.260665893555 157.601093292236 154.086288452148 155.052791595459 159.600105285645 161.094604492188 161.164260864258 162.14017868042 161.303569793701 159.214008331299 161.436874389648 160.593547821045 158.494464874268 159.265567779541 159.327465057373 158.477973937988 158.539279937744 156.424903869629 157.187999725342 156.332359313965 157.092300415039 157.10359954834 157.069511413574 157.035419464111 156.083827972412 156.048927307129 156.014026641846 156.899063110352 157.552577972412 160.400302886963 159.086708068848 161.932857513428 163.174613952637 162.286266326904 162.394847869873 162.50341796875 164.823753356934 166.220188140869 167.93985748291 167.374664306641 167.487720489502 169.823722839355 170.871814727783 173.215423583984 174.628944396973
158.567760467529 159.582870483398 158.043193817139 154.525157928467 154.587631225586 153.924797058105 155.6159324646 154.95650100708 152.673248291016 152.739616394043 153.712593078613 157.553321838379 157.622970581055 157.692615509033 157.757572174072 157.817832946777 157.87809753418 155.774551391602 154.920280456543 154.43172454834 155.74365234375 156.507888793945 156.563522338867 157.325126647949 156.463871002197 154.33614730835 154.34135055542 157.186145782471 157.144351959229 157.102550506592 157.755283355713 154.826477050781 154.782955169678 155.427795410156 155.382217407227 156.611751556396 158.174373626709 160.085647583008 160.11438369751 160.218872070312 161.604496002197 162.639804840088 164.030696868896 165.070190429688 166.466339111328 167.51000213623 168.555473327637 168.667945861816 171.008895874023 170.187107086182
154.954299926758 155.972259521484 153.698040008545 153.762115478516 152.193950653076 150.305168151855 150.368827819824 150.613903045654 151.912158966064 151.257892608643 150.090274810791 151.066719055176 152.375659942627 154.073776245117 154.136039733887 153.278591156006 152.08470916748 153.387264251709 152.902633666992 152.954513549805 156.597599029541 156.649871826172 156.702140808105 156.544658660889 156.595378875732 154.464992523193 154.464706420898 156.038230895996 157.253284454346 155.015354156494 154.96407699585 155.606323242188 154.628868103027 153.303863525391 155.207389831543 155.150993347168 156.368503570557 158.515747070312 159.219066619873 160.250183105469 160.701850891113 161.736373901367 161.840560913086 163.22876739502 164.2685546875 165.310195922852 165.417793273926 165.525398254395 167.187042236328 168.911281585693
149.387508392334 150.717639923096 150.075267791748 150.139198303223 148.566982269287 147.902114868164 148.875045776367 148.94149017334 149.512710571289 149.582588195801 148.41788482666 149.396980285645 149.465503692627 149.534019470215 149.592853546143 149.641990661621 149.691131591797 151.371353149414 152.134593963623 152.182552337646 152.943004608154 152.99002456665 153.747688293457 155.050045013428 155.097621917725 153.885974884033 154.58805847168 154.531360626221 155.176216125488 154.193264007568 154.133529663086 154.768371582031 154.706310272217 152.449161529541 153.654796600342 154.277271270752 155.483943939209 156.349452972412 157.64094543457 158.67155456543 159.450096130371 158.872192382812 158.972507476807 161.967197418213 162.069641113281 162.782066345215 162.537029266357 163.930042266846 166.266132354736 166.374248504639
145.329593658447 146.3537940979 146.445659637451 144.868865966797 145.840618133545 143.044563293457 142.37776184082 144.577991485596 143.734481811523 143.074825286865 144.780200958252 145.760986328125 145.829208374023 146.812450408936 146.869338989258 147.633316040039 148.594276428223 149.356079101562 150.646003723145 148.523895263672 150.201126098633 151.49430847168 152.250827789307 151.04044342041 153.047504425049 153.089569091797 151.821842193604 151.538867950439 152.397445678711 154.292953491211 154.225509643555 153.926296234131 153.85572052002 152.856468200684 152.785243988037 153.399730682373 153.326034545898 155.454452514648 155.465972900391 156.834880828857 156.589767456055 156.685604095459 158.060749053955 159.095302581787 159.193862915039 159.292423248291 160.677291870117 163.006511688232 164.051349639893 164.15535736084
139.745460510254 139.862758636475 140.860149383545 139.278102874756 139.340843200684 140.622566223145 140.866886138916 140.933895111084 141.000904083252 140.154197692871 140.407878875732 141.201942443848 142.185131072998 142.252960205078 144.46280670166 146.14372253418 146.904903411865 146.944778442383 146.984649658203 147.024528503418 148.70288848877 149.99040222168 150.745784759521 150.785739898682 149.900722503662 149.398254394531 150.091491699219 150.726119995117 150.65104675293 150.575969696045 153.388656616211 153.644428253174 153.001094818115 151.99142074585 152.843078613281 152.76407623291 152.685077667236 153.287063598633 153.291320800781 153.381450653076 155.681507110596 155.774494171143 157.145175933838 159.458461761475 158.274703979492 158.37052154541 158.466335296631 159.505004882812 161.834484100342 163.224803924561
136.268482208252 142.099643707275 183.921699523926 134.893508911133 136.171321868896 136.237022399902 139.168746948242 137.282485961914 138.572425842285 138.641208648682 138.709991455078 138.778774261475 137.615097045898 138.600605010986 139.571136474609 141.567188262939 143.246002197266 143.280933380127 143.315845489502 144.070137023926 146.272235870361 147.025482177734 147.060390472412 147.810619354248 146.595558166504 146.628200531006 147.317779541016 147.947357177734 150.049518585205 149.7424659729 150.359661102295 150.273681640625 150.187690734863 151.362857818604 151.96768951416 151.880336761475 151.46208190918 151.373924255371 152.641658782959 152.730583190918 153.757289886475 155.121402740479 156.489421844482 156.583263397217 157.351654052734 155.488960266113 156.253772735596 158.575607299805 160.903350830078 161.000358581543
132.6175365448 133.199838638306 131.346092224121 -9999 -9999 133.491895675659 134.774391174316 134.842620849609 134.910842895508 134.979074478149 135.047300338745 136.034847259521 136.103897094727 136.172939300537 135.910213470459 -9999 -9999 140.533592224121 140.564437866211 141.316619873047 -9999 143.338027954102 143.367977142334 -9999 -9999 -9999 146.503765106201 146.416763305664 147.969104766846 146.947265625 146.304637908936 146.210391998291 153.471073150635 165.488582611084 -9999 150.666828155518 150.57027053833 150.473705291748 -9999 -9999 157.943206787109 152.932388305664 152.343605041504 153.106426239014 154.472099304199 154.561168670654 156.268196105957 158.589054107666 159.968170166016 160.062480926514
-9999 131.308624267578 130.489763259888 127.69220161438 127.755294799805 129.946863174438 127.881467819214 127.208871841431 -9999 130.945066452026 131.010107040405 131.075145721436 132.061330795288 135.009330749512 135.057197570801 136.735164642334 -9999 -9999 -9999 161.541553497314 164.650596618652 144.536762237549 -9999 -9999 142.958106994629 143.70032119751 143.668018341064 143.262287139893 -9999 -9999 -9999 -9999 -9999 212.592086791992 -9999 209.818988800049 -9999 -9999 -9999 -9999 -9999 -9999 155.258457183838 153.13094329834 159.012538909912 153.308330535889 154.678428649902 154.769130706787 155.809200286865 158.808322906494
167.967658996582 171.3759765625 -9999 -9999 -9999 130.684892654419 126.228401184082 127.027526855469 153.343673706055 195.377380371094 170.298931121826 -9999 -9999 -9999 -9999 -9999 -9999 -9999 -9999 -9999 -9999 -9999 -9999 -9999 -9999 143.70032119751 143.668018341064 -9999 -9999 -9999 -9999 209.637170791626 209.373775482178 -9999 211.574211120605 192.602207183838 -9999 176.66242980957 187.523624420166 188.587825775146 -9999 -9999 -9999 -9999 170.289344787598 151.122894287109 153.441638946533 153.535575866699 154.913105010986 157.24568939209
