data/spatiotemp/temp3/bio17_norsw_test_2011_2014.asc
NCOLS 654 
NROWS 380 
XLLCORNER 3.91666666666667 
YLLCORNER 55.3333333333333 
CELLSIZE 0.0416666666666667 
NODATA_value -9999 
[rows 110 to 131 of 380, columns 400 to 449 of 654]
85.5441417694092 86.4362640380859 86.679500579834 87.6505470275879 87.2893218994141 85.47705078125 84.1651039123535 83.2040691375732 84.4091548919678 84.3575687408447 83.0516452789307 84.0350742340088 82.3224983215332 85.0411128997803 87.7947120666504 88.5821285247803 89.6491622924805 92.008321762085 95.0089111328125 95.0009536743164 94.9929981231689 95.4540557861328 96.5215339660645 99.2690849304199 99.2552661895752 100.955862045288 102.004943847656 103.697179794312 104.560747146606 102.898529052734 102.090320587158 101.278656005859 101.504764556885 102.199234008789 102.032211303711 101.023370742798 101.91863822937 100.917179107666 101.798017501831 101.838891983032 102.444065093994 101.026948928833 99.3129062652588 99.3042144775391 99.2955188751221 96.4585075378418 95.6223526000977 96.441686630249 98.435676574707 97.9222393035889
80.8734722137451 82.7007350921631 82.6474781036377 82.5942249298096 85.9492015838623 84.3683681488037 82.5699729919434 81.6199226379395 81.5726299285889 81.5253372192383 84.0347118377686 83.9858436584473 82.2689208984375 84.9861431121826 88.5784072875977 89.6114635467529 91.2986392974854 91.2867584228516 92.7826690673828 94.0220203399658 96.5895099639893 100.191999435425 98.2681636810303 99.1063823699951 101.64847946167 102.478357315063 103.303165435791 104.531866073608 105.587636947632 105.834230422974 105.46290397644 102.937389373779 102.987693786621 104.084077835083 104.58705329895 105.264139175415 107.234663009644 107.0788230896 104.39105796814 102.736099243164 102.576848983765 102.060918807983 100.162023544312 98.9095325469971 98.3970050811768 96.6380920410156 95.0567970275879 93.3006801605225 95.9674453735352 97.7173500061035
75.1861095428467 78.9737396240234 83.1795463562012 83.35280418396 81.7800788879395 81.7310466766357 80.5683650970459 81.7817707061768 81.735631942749 81.4733810424805 80.7976398468018 83.5195407867432 84.1035709381104 84.0559253692627 84.8806686401367 87.8013343811035 88.6354484558105 90.335205078125 92.4336795806885 93.7087383270264 95.6062164306641 100.046644210815 101.724325180054 101.695041656494 103.162883758545 102.286428451538 103.299110412598 104.10319519043 105.148124694824 107.092414855957 108.835166931152 107.164638519287 107.009460449219 108.978216171265 108.826917648315 110.567235946655 111.285350799561 112.401117324829 106.97548866272 106.007772445679 103.291290283203 103.725469589233 102.396020889282 100.080570220947 98.7564220428467 97.0076732635498 97.3172512054443 97.3196239471436 95.4759922027588 92.3795623779297
75.3124294281006 74.1542739868164 76.9012107849121 81.7496643066406 81.4878883361816 79.9244365692139 79.8795547485352 81.5083923339844 81.6794128417969 81.6351795196533 80.7144870758057 80.9123115539551 85.3477191925049 83.581958770752 82.4890880584717 84.9884147644043 88.5592765808105 89.3982524871826 90.2321758270264 93.8122844696045 96.5355625152588 99.7028217315674 100.51633644104 102.179010391235 102.983076095581 101.893323898315 102.889469146729 103.878942489624 103.028072357178 109.396492004395 106.903858184814 107.980154037476 113.132053375244 111.300989151001 112.177337646484 113.965534210205 114.021593093872 112.867918014526 111.238649368286 107.527513504028 106.061515808105 104.31770324707 104.324317932129 103.822710037231 101.006689071655 99.774845123291 99.2124347686768 96.4239521026611 96.4305305480957 93.6419143676758
79.7348823547363 76.9155673980713 74.2571601867676 75.8985843658447 80.7878322601318 80.7419967651367 80.4462394714355 79.7728099822998 79.7297878265381 81.5808639526367 80.6694564819336 80.6299419403076 80.1611042022705 79.911111831665 82.6255912780762 84.0800724029541 85.7493171691895 88.4759006500244 89.2982196807861 90.9673023223877 94.5260181427002 99.7695655822754 102.258180618286 104.102025985718 105.543779373169 103.785997390747 100.99952507019 101.149326324463 101.977613449097 104.734033584595 106.47162437439 108.209222793579 111.009592056274 111.068578720093 111.998905181885 115.480102539062 119.106008529663 115.414655685425 115.479095458984 110.915840148926 107.217260360718 107.056020736694 106.559177398682 105.492637634277 104.268653869629 100.951669692993 100.163568496704 99.2329254150391 97.329984664917 95.6423473358154
81.5196323394775 81.4873161315918 79.7300624847412 74.1503429412842 76.0105876922607 78.7420253753662 79.7521018981934 79.9214859008789 80.9312057495117 79.8159046173096 77.2256050109863 79.0880680084229 79.0518703460693 79.0156745910645 80.4738788604736 84.2385063171387 87.795654296875 86.5064296722412 87.3136119842529 90.0218086242676 92.7076110839844 98.778470993042 103.153604507446 108.150588989258 108.094564437866 109.056663513184 104.351657867432 100.745403289795 100.750482559204 101.822694778442 103.55890083313 105.295206069946 108.289587020874 109.834758758545 111.64150428772 113.586297988892 117.881448745728 117.952522277832 118.975467681885 117.102209091187 114.313791275024 111.529321670532 108.72589302063 108.741146087646 103.693264007568 103.709501266479 100.905433654785 99.1866626739502 98.4143314361572 97.3831005096436
81.0252475738525 79.4906635284424 79.6429615020752 77.4789276123047 73.1748809814453 73.9843044281006 78.4246654510498 80.2861747741699 80.4434852600098 77.8563270568848 76.9754543304443 76.2947196960449 79.0152130126953 78.9808616638184 81.6953582763672 83.5420665740967 84.989444732666 86.437292098999 87.4302406311035 89.9281902313232 92.3922138214111 97.5829486846924 101.084444046021 103.562070846558 105.99111366272 103.197526931763 103.134534835815 97.8134002685547 97.8169479370117 99.5496501922607 100.680599212646 102.60638999939 107.07389831543 107.144918441772 108.691482543945 111.501300811768 114.314889907837 118.698764801025 120.25617980957 121.416791915894 118.557109832764 115.086097717285 112.400957107544 110.689270019531 109.147819519043 106.370895385742 102.972965240479 100.86798286438 99.6069526672363 100.035486221313
85.5804462432861 82.1558227539062 82.3232479095459 78.2692031860352 75.6687240600586 73.0781316757202 74.102518081665 77.6736888885498 77.8449420928955 78.6626625061035 77.1371536254883 76.9049243927002 76.4311389923096 79.1473445892334 83.1444664001465 83.9418411254883 84.7324542999268 83.4303131103516 86.3222427368164 89.8345718383789 93.99534034729 91.3680057525635 96.3316287994385 98.1855278015137 100.598817825317 96.3379096984863 94.1670970916748 94.9621067047119 95.9564571380615 96.8874225616455 100.481037139893 102.212829589844 105.202747344971 112.207857131958 113.153606414795 111.57599067688 112.940446853638 114.100770950317 117.607625961304 120.43638420105 122.770925521851 117.226516723633 112.838680267334 110.067958831787 110.09154510498 109.439453125 109.180166244507 106.409574508667 102.092025756836 99.0116786956787
81.8743743896484 80.9925079345703 83.7382030487061 82.859691619873 80.0697422027588 75.5727300643921 71.9291000366211 73.5954141616821 74.6244611740112 79.2531890869141 76.4708871841431 77.7025833129883 77.6717185974121 78.9017848968506 84.7761821746826 83.0248050689697 89.0879211425781 87.1215953826904 86.8730392456055 87.6382598876953 90.3136196136475 90.2567272186279 88.4756908416748 92.8032474517822 96.2663345336914 100.386472702026 97.787561416626 94.8148574829102 94.8180675506592 97.3368320465088 99.1484794616699 101.063982009888 104.65202331543 106.381544113159 111.124603271484 114.721622467041 112.755018234253 114.599727630615 114.498888015747 116.539415359497 118.88676071167 115.868759155273 113.103469848633 109.989860534668 109.579620361328 110.99765586853 109.305892944336 108.384647369385 105.850049972534 100.937561035156
86.262508392334 84.539587020874 80.696569442749 78.1256637573242 79.1583480834961 77.0056095123291 74.216459274292 75.2440481185913 75.2114191055298 77.2886562347412 76.4182891845703 79.1336402893066 80.3622169494629 80.098445892334 82.8031272888184 85.5041275024414 87.1340370178223 87.9017333984375 89.7257194519043 91.3363285064697 94.8156356811523 91.3640518188477 91.1093235015869 92.7061595916748 90.7241363525391 93.5641098022461 97.6747207641602 95.9522151947021 95.8848514556885 95.563081741333 99.021068572998 103.273458480835 103.346822738647 106.32713508606 108.052982330322 109.593572616577 111.613616943359 111.507001876831 114.316297531128 115.688375473022 112.932739257812 112.953775405884 109.465402603149 106.689922332764 106.276472091675 109.115829467773 106.337228775024 104.398595809937 104.414409637451 101.575538635254
88.9373302459717 88.9162921905518 87.8379383087158 84.2113285064697 77.8276329040527 79.6974563598633 74.158730506897 75.8329401016235 77.710618019104 77.2320003509521 74.4556579589844 79.7114791870117 89.7773456573486 87.1945819854736 84.2207851409912 86.0664348602295 86.0196113586426 87.635326385498 91.523473739624 92.2723560333252 91.1464252471924 93.1397380828857 91.0171279907227 91.7528629302979 94.400577545166 93.6618137359619 94.2614269256592 92.9452304840088 92.9433250427246 94.4695739746094 98.8936519622803 99.6381950378418 98.84255027771 101.422967910767 106.928941726685 106.81646156311 108.537046432495 110.555507659912 110.415067672729 111.251943588257 111.59387588501 112.632717132568 110.582740783691 107.492034912109 102.223106384277 101.796743392944 104.588754653931 101.766857147217 100.391664505005 98.564115524292
86.9385013580322 86.0746421813965 85.0033931732178 82.2328433990479 77.7616004943848 74.9755258560181 74.1010007858276 73.8414087295532 75.9467086791992 77.825590133667 75.8843841552734 76.8788137435913 86.9698600769043 89.6670055389404 84.3535137176514 89.5858135223389 87.4279956817627 88.3775730133057 89.5709991455078 93.0408344268799 93.7795925140381 94.3757057189941 95.2973346710205 90.8581466674805 94.2977027893066 94.2259273529053 91.260612487793 92.050666809082 92.8323097229004 92.8932037353516 98.7662391662598 98.6446704864502 100.16833114624 100.416063308716 101.162250518799 105.588300704956 108.372589111328 107.4130859375 108.810483932495 109.54369354248 110.359554290771 109.715097427368 108.514190673828 106.383569717407 104.565029144287 98.8431835174561 101.637180328369 101.036577224731 99.2286472320557 99.1827011108398
86.857593536377 85.9911117553711 83.2214641571045 83.0023536682129 79.1828727722168 77.6601524353027 74.8795614242554 74.8458709716797 75.6612176895142 76.6892518997192 77.5063028335571 80.2103652954102 80.9983558654785 91.2695713043213 88.4964027404785 90.3332977294922 91.7538909912109 88.3034725189209 89.30198097229 90.0438766479492 92.6964626312256 96.9996299743652 93.5460357666016 93.4747257232666 91.4863204956055 90.5566959381104 90.4845905303955 91.0867671966553 92.5369720458984 91.5333366394043 96.8131332397461 98.5140590667725 99.2544078826904 96.7896671295166 98.3076171875 101.599843978882 103.489715576172 99.9757137298584 101.236347198486 106.596326828003 106.636785507202 106.16695022583 106.198671340942 105.415273666382 103.291355133057 102.21865272522 100.418148040771 100.211807250977 97.5047988891602 100.306392669678
91.2074851989746 89.4979667663574 88.4366817474365 85.6714668273926 83.9679260253906 82.2196559906006 78.6064872741699 78.5716381072998 81.0786762237549 79.1558303833008 78.2714052200317 78.2371273040771 79.8733520507812 81.9093914031982 85.2586345672607 86.2809352874756 87.232515335083 86.1698360443115 87.9740409851074 91.4292240142822 88.966495513916 90.6231746673584 89.883659362793 89.0211601257324 89.7405185699463 92.1863040924072 93.7549057006836 91.1655464172363 91.1550445556641 92.4800453186035 93.3095970153809 94.0427436828613 94.9613075256348 92.9041061401367 94.1569900512695 95.4095420837402 95.4484157562256 95.9879875183105 97.5436382293701 101.638439178467 103.694929122925 100.937599182129 100.96756362915 100.991189956665 99.466365814209 101.274971008301 101.243324279785 99.0956802368164 94.6455917358398 94.0565586090088
91.1124000549316 88.1467475891113 89.3870391845703 90.8639812469482 86.4097118377686 84.6897163391113 82.1082458496094 82.7238483428955 82.6868629455566 83.7113723754883 82.6128940582275 84.2952613830566 86.9884834289551 85.2294425964355 82.4649562835693 81.382474899292 84.2473125457764 86.0490226745605 88.0343418121338 87.9644012451172 87.0381813049316 90.6578674316406 89.9778099060059 87.0128498077393 86.7563819885254 86.8704929351807 93.4646701812744 93.387752532959 90.6807174682617 91.409309387207 93.2782440185547 97.4807052612305 98.9873809814453 95.0512371063232 93.2777442932129 93.7572841644287 93.3483409881592 93.3836402893066 93.7272529602051 94.4754886627197 97.2947692871094 96.5035762786865 96.475004196167 97.1751327514648 95.3843822479248 95.3568210601807 95.2836112976074 96.0556812286377 94.2747097015381 92.8834648132324
93.7601470947266 89.7376117706299 88.8855266571045 90.1256122589111 90.0941619873047 89.2235794067383 88.9862518310547 83.476188659668 88.9031372070312 85.9367809295654 85.0812835693359 85.2366409301758 88.5447006225586 85.9706954956055 85.7395305633545 82.9786014556885 83.9890689849854 86.6414279937744 89.4195518493652 88.3628253936768 86.161190032959 91.5042915344238 91.4292640686035 87.9798240661621 85.9440879821777 84.6166934967041 86.5186195373535 89.1370868682861 89.8012313842773 88.6077289581299 95.6718406677246 98.0364990234375 96.4523410797119 92.1968955993652 92.5152587890625 91.5123596191406 92.1745014190674 91.4435691833496 95.0012111663818 94.9983444213867 97.0494213104248 99.1279926300049 93.4333763122559 91.5280151367188 92.1036624908447 91.3252964019775 91.4220180511475 91.386682510376 91.2543926239014 91.2307586669922
87.9855766296387 88.8145942687988 88.7969589233398 90.8628463745117 87.0752964019775 84.299877166748 84.6957321166992 84.4642181396484 87.1562404632568 84.3890132904053 85.8241367340088 85.7854843139648 88.661304473877 88.4300270080566 85.669527053833 88.1599559783936 84.7220859527588 86.6996746063232 85.8319091796875 87.6137008666992 87.7265491485596 92.20166015625 94.8225288391113 92.2260437011719 85.6280708312988 84.4410343170166 85.7437953948975 89.0347003936768 89.6970119476318 88.5012836456299 88.5429382324219 89.3273048400879 90.1676998138428 90.1461639404297 91.564266204834 90.565580368042 92.2817821502686 89.6527328491211 90.4631023406982 93.0257148742676 92.2454147338867 91.3955078125 90.4049282073975 90.1046772003174 89.1440124511719 89.1106300354004 91.2293567657471 91.0907802581787 89.2431488037109 88.2255725860596
88.546630859375 89.5508918762207 85.9737148284912 87.8419036865234 90.5446395874023 86.7585506439209 82.5142269134521 82.4769954681396 85.8266582489014 83.2549610137939 85.7509479522705 88.4351425170898 88.5856838226318 85.6373767852783 85.4104881286621 88.089054107666 89.8915309906006 89.8156604766846 88.9481334686279 87.5328216552734 87.4572868347168 85.9247188568115 85.1761379241943 84.2419700622559 85.9246158599854 86.4833507537842 86.6492519378662 86.1215553283691 86.5900421142578 86.8863410949707 88.0550270080566 88.0926113128662 89.9441680908203 91.0309715270996 89.4045009613037 92.4161224365234 92.0858936309814 89.4595222473145 89.4337940216064 88.3496723175049 88.3222351074219 89.0444469451904 88.4585094451904 89.1610488891602 89.1414012908936 95.3395500183105 89.1021099090576 89.0824642181396 89.062816619873 87.0022449493408
79.6053848266602 85.7101402282715 90.5019664764404 89.6661357879639 84.9948081970215 84.140926361084 83.9119148254395 80.3388442993164 83.0283088684082 83.9896965026855 82.9571380615234 85.4515285491943 88.1325435638428 88.9491405487061 85.3415718078613 85.3049201965332 90.4858150482178 95.8256301879883 97.7774677276611 93.1278038024902 95.5166015625 89.7699394226074 87.5845603942871 84.3435668945312 84.091402053833 83.5257091522217 85.1411457061768 86.5086498260498 86.8088912963867 86.0974636077881 86.2101001739502 87.2464580535889 88.0469608306885 88.2223739624023 89.0506629943848 91.9203548431396 89.7463607788086 88.1345443725586 88.1802234649658 90.0347461700439 87.9590930938721 87.2195167541504 87.6418170928955 88.1816520690918 -9999 109.91869354248 86.8216609954834 86.0889577865601 86.8515701293945 85.3148698806763
80.3438568115234 79.5106658935547 82.224889755249 84.9374656677246 84.9103088378906 81.3366069793701 78.3878517150879 78.3541679382324 79.3828592300415 81.1946315765381 83.6884517669678 80.935658454895 82.6296367645264 85.495777130127 86.7360687255859 86.6992378234863 90.4125385284424 93.0390071868896 96.4451847076416 95.2852535247803 94.3947143554688 92.9016933441162 94.2809257507324 90.1199035644531 87.1198577880859 86.2095718383789 84.8621978759766 85.0349998474121 87.3790798187256 86.9954147338867 86.6419906616211 86.7759342193604 87.803768157959 87.4230155944824 87.7378997802734 89.0173358917236 87.6720352172852 87.6390991210938 85.845495223999 85.0647687911987 85.0365600585938 84.2215089797974 84.9230613708496 86.3925151824951 86.5191049575806 -9999 84.5794668197632 83.101450920105 85.5896244049072 84.8641176223755
80.1268901824951 81.9943428039551 84.8993816375732 86.54905128479 87.3967590332031 88.2116870880127 81.0724239349365 81.0390377044678 80.8176965713501 76.5997362136841 80.7516593933105 80.7186393737793 80.6856164932251 86.9324817657471 86.7113456726074 86.6763610839844 90.9150295257568 94.3876438140869 97.8205165863037 96.1501064300537 95.6820755004883 94.7696189880371 91.6461544036865 90.7631130218506 87.7447128295898 89.2502899169922 87.0222415924072 83.9574012756348 84.0879182815552 84.3090963363647 85.4582767486572 85.4929637908936 86.6100978851318 87.3355751037598 87.2130184173584 87.8551902770996 86.0999336242676 86.072413444519 84.9923896789551 83.9551382064819 83.9291486740112 83.1042747497559 83.0907182693481 82.0630750656128 80.9148807525635 -9999 -9999 -9999 -9999 -9999
82.9813003540039 82.1598510742188 82.152925491333 83.6187629699707 82.9336395263672 84.627534866333 82.5395545959473 80.5911293029785 79.7583246231079 75.5428609848022 78.2303915023804 80.9153356552124 81.1149759292603 83.9678649902344 86.7305145263672 92.1187953948975 97.0888271331787 100.767639160156 99.3111457824707 99.0958156585693 97.1660442352295 98.0188484191895 96.6134433746338 93.5002498626709 90.3927688598633 88.4877529144287 86.7075252532959 85.7577896118164 86.7096176147461 85.9217834472656 85.7663288116455 85.8229293823242 85.8083629608154 86.8033714294434 86.0842418670654 86.0695810317993 86.0549221038818 84.9130811691284 83.1397066116333 83.4174871444702 81.0442399978638 80.2749404907227 80.2516231536865 80.2283039093018 80.2049875259399 80.7826471328735 -9999 -9999 80.6366920471191 79.1773252487183
