data/spatiotemp/temp3/bio16_norsw_test_2011_2014.asc
NCOLS 654 
NROWS 380 
XLLCORNER 3.91666666666667 
YLLCORNER 55.3333333333333 
CELLSIZE 0.0416666666666667 
NODATA_value -9999 
[rows 44 to 65 of 380, columns 300 to 349 of 654]
-9999 -9999 -9999 -9999 -9999 -9999 -9999 -9999 -9999 -9999 -9999 389.04035949707 385.345153808594 384.794136047363 386.674003601074 384.925743103027 380.025596618652 382.235427856445 377.742408752441 374.063751220703 371.674026489258 373.792526245117 373.874542236328 368.701217651367 355.037483215332 354.579536437988 350.515617370605 355.749824523926 355.398658752441 345.234008789062 344.403022766113 342.312492370605 337.658065795898 330.869750976562 320.984672546387 316.516780853271 311.598583221436 316.816761016846 327.807334899902 330.03199005127 331.958549499512 325.55647277832 315.062400817871 301.524768829346 304.842727661133 311.221389770508 306.139427185059 322.861137390137 320.006019592285 297.372001647949
-9999 -9999 -9999 -9999 -9999 -9999 -9999 -9999 389.895355224609 388.050682067871 -9999 -9999 373.111801147461 379.029525756836 379.393196105957 377.033950805664 380.125709533691 379.291549682617 381.097717285156 384.396270751953 385.315452575684 380.200881958008 367.454277038574 368.118583679199 372.458549499512 353.828475952148 344.873222351074 352.276260375977 346.144660949707 336.795013427734 331.461242675781 326.906585693359 326.269073486328 325.942573547363 320.812545776367 317.465934753418 314.702735900879 320.133892059326 328.989219665527 337.86986541748 342.226081848145 328.837005615234 309.649250030518 311.95240020752 324.948669433594 316.438331604004 303.574722290039 304.885326385498 306.399703979492 286.191688537598
-9999 -9999 -9999 -9999 -9999 -9999 -9999 -9999 -9999 -9999 -9999 384.846138000488 386.223960876465 391.151306152344 389.487594604492 382.400939941406 382.394187927246 379.212341308594 377.890182495117 375.246070861816 369.467819213867 364.010078430176 366.608322143555 354.797561645508 348.394836425781 343.837066650391 338.924438476562 333.61547088623 330.593696594238 328.220718383789 329.37907409668 330.684303283691 326.628150939941 320.549659729004 316.181385040283 315.427913665771 312.363819122314 314.452545166016 322.089447021484 321.302253723145 311.801315307617 305.401184082031 309.664451599121 312.012855529785 307.884380340576 300.318954467773 292.759197235107 284.936363220215 278.762107849121 275.243984222412
-9999 -9999 -9999 -9999 -9999 -9999 -9999 -9999 -9999 -9999 -9999 382.112564086914 386.270973205566 391.927185058594 390.211898803711 379.878707885742 386.77857208252 388.288070678711 375.621948242188 371.875823974609 369.72582244873 359.66796875 347.242950439453 341.458427429199 336.390701293945 332.969566345215 333.27082824707 332.509498596191 332.811096191406 331.081497192383 332.397560119629 328.36060333252 328.649322509766 327.617393493652 327.896286010742 321.51537322998 312.121555328369 313.149635314941 -9999 313.677513122559 314.899883270264 317.154556274414 317.14693069458 311.672180175781 304.139961242676 304.105014801025 298.919082641602 288.040092468262 273.046329498291 268.555484771729
-9999 -9999 -9999 -9999 -9999 -9999 -9999 -9999 -9999 -9999 -9999 389.421478271484 384.964324951172 380.343215942383 375.879264831543 376.226089477539 381.985969543457 382.776626586914 376.379409790039 371.982322692871 362.383689880371 357.574378967285 348.003555297852 335.997634887695 333.012413024902 330.594902038574 330.854835510254 328.146141052246 328.455039978027 329.757171630859 322.729866027832 -9999 316.722064971924 320.027351379395 317.965957641602 328.698097229004 327.917129516602 329.252647399902 320.839416503906 310.359340667725 312.936637878418 306.510227203369 307.731323242188 312.027374267578 309.916255950928 304.439228057861 295.592716217041 288.734455108643 282.556945800781 279.111274719238
-9999 -9999 -9999 -9999 -9999 -9999 -9999 -9999 403.078163146973 402.156707763672 402.438125610352 399.69457244873 395.705505371094 397.912605285645 382.286903381348 375.894889831543 377.195655822754 380.806541442871 370.779556274414 358.758506774902 348.51342010498 342.556297302246 -9999 -9999 -9999 329.045028686523 328.300262451172 323.302589416504 -9999 326.24633026123 327.577598571777 321.836547851562 326.114517211914 333.745384216309 336.9609375 337.284599304199 334.533294677734 324.117935180664 319.073318481445 322.32250213623 320.310195922852 312.562076568604 301.086986541748 302.328227996826 303.242038726807 295.438339233398 292.999267578125 287.79808807373 283.625659942627 280.180461883545
-9999 424.950752258301 422.036010742188 418.403381347656 -9999 -9999 -9999 -9999 404.632713317871 404.652603149414 412.376976013184 405.869766235352 390.999717712402 380.852294921875 372.747756958008 370.882354736328 368.012496948242 361.792366027832 354.975494384766 349.788017272949 -9999 -9999 -9999 347.113655090332 340.157707214355 340.210845947266 330.154411315918 323.984504699707 338.714515686035 334.59268951416 328.809143066406 325.116401672363 331.418251037598 335.03141784668 338.342247009277 339.445915222168 329.532890319824 329.520309448242 329.802299499512 326.408012390137 322.24600982666 319.946334838867 310.239887237549 309.404891967773 306.327312469482 297.791198730469 289.005443572998 283.194496154785 274.311138153076 261.378021240234
-9999 432.9599609375 429.153060913086 424.625610351562 -9999 -9999 -9999 -9999 -9999 -9999 391.498321533203 389.641876220703 -9999 -9999 372.395904541016 370.507293701172 368.622650146484 361.73950958252 354.78581237793 349.654426574707 -9999 -9999 343.43741607666 342.733375549316 336.780693054199 328.813621520996 337.47770690918 341.132530212402 343.447036743164 339.763122558594 332.052238464355 327.065811157227 335.719444274902 334.061248779297 326.639137268066 326.988761901855 331.598274230957 331.820785522461 329.824714660645 326.767852783203 324.33145904541 316.611968994141 314.86157989502 308.380832672119 306.312965393066 300.878025054932 294.112857818604 286.282218933105 277.769325256348 258.037933349609
440.117973327637 439.293670654297 436.446487426758 428.457382202148 428.801513671875 -9999 418.785903930664 413.834350585938 -9999 -9999 -9999 -9999 -9999 -9999 -9999 -9999 -9999 -9999 -9999 -9999 -9999 -9999 346.268775939941 337.112464904785 -9999 330.575126647949 332.161231994629 333.816040039062 337.128509521484 336.430610656738 327.485466003418 324.806968688965 332.786865234375 333.079551696777 335.322830200195 333.214561462402 328.853225708008 329.171905517578 328.525100708008 325.468147277832 327.806465148926 321.356666564941 318.583480834961 311.810359954834 305.058662414551 299.923439025879 294.192543029785 284.5924949646 275.773727416992 260.446056365967
441.021812438965 438.677864074707 428.974792480469 430.114952087402 430.950927734375 425.896522521973 422.024955749512 417.159446716309 -9999 -9999 -9999 -9999 -9999 -9999 -9999 -9999 360.661956787109 357.963813781738 352.082786560059 349.076713562012 350.454849243164 345.561492919922 334.651710510254 -9999 -9999 341.042373657227 344.753753662109 343.71509552002 337.053726196289 334.402885437012 333.818336486816 321.490341186523 330.176322937012 333.730438232422 334.023803710938 333.357238769531 332.300521850586 329.318832397461 322.993385314941 325.232376098633 323.18733215332 318.359619140625 314.986434936523 309.52294921875 303.088268280029 297.60111618042 291.418334960938 287.009666442871 274.814250946045 257.166526794434
456.064422607422 452.955757141113 449.986587524414 444.778198242188 437.116645812988 433.273048400879 425.263824462891 421.676872253418 -9999 -9999 -9999 -9999 -9999 -9999 -9999 -9999 363.416862487793 359.49422454834 354.91178894043 350.241554260254 349.511268615723 346.60033416748 345.284820556641 341.399101257324 335.229377746582 329.652458190918 329.385940551758 323.896362304688 327.325225830078 322.601295471191 317.600273132324 314.931335449219 319.552459716797 324.216789245605 326.48388671875 323.442245483398 324.05354309082 317.66674041748 314.284729003906 320.974617004395 324.538650512695 320.446090698242 316.4072265625 311.999206542969 307.552570343018 300.108997344971 290.280757904053 276.756977081299 273.560054779053 270.659732818604
448.879188537598 455.691627502441 -9999 447.878463745117 445.388427734375 -9999 427.239044189453 424.65690612793 -9999 -9999 -9999 -9999 -9999 381.475578308105 375.5703125 369.600639343262 -9999 361.946868896484 356.837539672852 353.332000732422 347.424995422363 345.777168273926 346.821014404297 340.345359802246 332.161163330078 324.045143127441 336.989303588867 332.05451965332 330.085945129395 329.706512451172 328.142395019531 323.958312988281 323.295188903809 315.245132446289 316.545555114746 317.120536804199 314.068958282471 315.077125549316 314.095291137695 313.346363067627 313.622905731201 317.186508178711 316.15616607666 310.697765350342 304.305099487305 298.561229705811 286.631633758545 277.769744873047 272.547771453857 264.987079620361
466.347877502441 461.795112609863 460.05248260498 451.336433410645 445.292640686035 -9999 -9999 -9999 -9999 -9999 -9999 -9999 386.913391113281 381.348327636719 373.167068481445 368.235748291016 360.299873352051 355.069358825684 351.662399291992 346.981826782227 345.651580810547 343.776824951172 334.340896606445 337.203819274902 330.465034484863 327.629516601562 325.379508972168 329.322441101074 335.557029724121 329.04328918457 323.803535461426 324.505493164062 326.859909057617 319.867500305176 322.167182922363 323.416053771973 320.016357421875 323.399536132812 319.320510864258 318.278739929199 318.617027282715 314.616813659668 311.543918609619 310.786861419678 307.389194488525 297.510723114014 285.590892791748 278.830783843994 267.972454071045 254.964260101318
454.708999633789 447.056671142578 457.613983154297 457.411552429199 451.453300476074 -9999 -9999 -9999 -9999 -9999 390.415138244629 374.927383422852 388.588516235352 381.678733825684 372.957046508789 364.661994934082 359.805923461914 349.692565917969 344.000686645508 -9999 336.076728820801 336.450706481934 333.587196350098 331.946006774902 329.293640136719 327.46028137207 322.835144042969 319.993370056152 320.410743713379 319.186546325684 314.52562713623 310.636241912842 305.631324768066 314.538200378418 325.476119995117 325.768356323242 316.995941162109 312.918838500977 313.656913757324 313.238410949707 317.947196960449 316.209251403809 312.86060333252 306.447818756104 292.48791885376 287.276329040527 279.455444335938 271.166290283203 265.394107818604 254.633735656738
452.267539978027 452.697402954102 463.681106567383 462.32447052002 460.857360839844 448.626899719238 446.090850830078 -9999 -9999 417.655395507812 406.263458251953 392.673179626465 393.808326721191 387.228660583496 376.384796142578 369.388862609863 356.880470275879 353.879669189453 336.655029296875 337.967460632324 331.342445373535 329.167457580566 326.294326782227 319.120620727539 319.099159240723 320.445182800293 322.786094665527 320.114837646484 316.175407409668 313.603736877441 313.99243927002 315.452453613281 310.50350189209 313.826957702637 320.75373840332 320.334434509277 313.834991455078 308.724445343018 305.301239013672 315.157211303711 316.804573059082 307.002410888672 296.133819580078 289.982364654541 285.837314605713 283.770015716553 279.449851989746 278.24723815918 271.130924224854 260.76106262207
443.43138885498 461.971214294434 471.46752166748 467.675071716309 466.18514251709 461.454864501953 -9999 435.079650878906 435.778450012207 421.363456726074 417.451179504395 406.038177490234 396.37296295166 376.459403991699 367.662567138672 367.073829650879 355.904365539551 347.606986999512 344.085823059082 332.986396789551 323.248947143555 318.135795593262 317.18571472168 316.735595703125 313.120994567871 309.63570022583 310.902671813965 315.890121459961 318.524223327637 317.930801391602 315.233924865723 315.901496887207 314.856384277344 312.833045959473 314.097549438477 319.037139892578 319.34114074707 320.613998413086 319.844703674316 317.509582519531 317.757736206055 313.341209411621 301.201320648193 287.583484649658 283.154941558838 283.021167755127 274.041900634766 266.572662353516 262.811573028564 261.228542327881
482.768310546875 471.974304199219 460.386299133301 470.010810852051 467.295867919922 453.481101989746 448.921234130859 438.524482727051 428.430671691895 419.018692016602 384.173057556152 372.873062133789 369.858474731445 369.099464416504 367.452743530273 351.946266174316 348.998207092285 347.725662231445 338.742362976074 331.698455810547 327.359504699707 322.929275512695 317.490097045898 313.688491821289 311.596824645996 310.297790527344 306.172492980957 307.822967529297 310.184074401855 305.804840087891 302.175079345703 306.596546173096 311.455200195312 311.335380554199 311.606155395508 312.413749694824 311.324111938477 302.848323822021 300.026657104492 296.752635955811 294.231586456299 299.822303771973 312.214805603027 309.089939117432 289.516716003418 274.580966949463 276.467998504639 269.813613891602 254.649303436279 246.445652008057
467.100440979004 487.73698425293 484.951812744141 484.196258544922 468.286392211914 459.959983825684 448.735900878906 433.523040771484 423.326538085938 406.265258789062 381.13200378418 372.552177429199 347.058532714844 352.694984436035 348.433647155762 341.830467224121 330.044593811035 330.861892700195 332.05241394043 322.86833190918 316.906517028809 317.216087341309 314.530784606934 311.883460998535 309.896835327148 307.279067993164 302.982528686523 303.371082305908 300.744232177734 300.35856628418 303.664905548096 302.700172424316 302.290004730225 306.861156463623 304.703483581543 298.528522491455 300.645141601562 299.762908935547 297.24144744873 303.001438140869 294.192970275879 288.453720092773 298.711685180664 287.818832397461 278.361209869385 270.178760528564 268.595569610596 258.873054504395 260.77579498291 279.587795257568
493.551445007324 494.191520690918 494.062316894531 491.189964294434 482.451843261719 470.787788391113 456.196014404297 450.628196716309 425.828010559082 395.998435974121 378.393600463867 360.708992004395 346.517639160156 358.200721740723 348.034294128418 345.568428039551 333.516990661621 326.32447052002 322.150550842285 317.515289306641 313.25040435791 309.594085693359 304.693786621094 299.739280700684 299.01692199707 300.629802703857 294.698371887207 287.131248474121 288.335350036621 292.668918609619 295.000923156738 297.617565155029 300.454406738281 301.591678619385 300.500286102295 300.625434875488 297.206527709961 295.651866912842 293.693363189697 292.793876647949 288.64603805542 285.465167999268 293.950489044189 273.842559814453 275.333869934082 278.802326202393 262.884021759033 255.749950408936 262.244892120361 259.056175231934
506.479522705078 482.202056884766 465.845031738281 459.76685333252 472.486511230469 475.111457824707 467.976783752441 458.455657958984 429.465507507324 409.491729736328 410.712097167969 396.118965148926 377.906509399414 374.442848205566 368.829772949219 355.29621887207 338.478981018066 332.579597473145 322.259582519531 313.016502380371 307.030479431152 301.076240539551 294.10994720459 288.13073348999 288.474552154541 280.516059875488 275.547119140625 286.394916534424 290.196659088135 292.466709136963 291.555744171143 292.14497756958 293.375869750977 295.571975708008 296.685104370117 295.788097381592 298.278419494629 300.475536346436 301.634288787842 298.456596374512 297.327526092529 295.178863525391 294.005222320557 283.437469482422 276.002639770508 265.555545806885 256.846115112305 244.389163970947 236.465274810791 225.675727844238
468.259483337402 493.734336853027 489.937118530273 458.27604675293 477.770057678223 480.37117767334 473.200233459473 451.130043029785 438.288269042969 423.285125732422 416.206733703613 407.592414855957 393.172103881836 386.284324645996 363.143341064453 349.599586486816 338.542686462402 324.968070983887 314.972961425781 306.627182006836 300.72038269043 294.748035430908 283.574298858643 -9999 -9999 269.660957336426 269.88614654541 277.668460845947 284.541652679443 280.517578125 279.787033081055 280.062519073486 282.308452606201 288.756523132324 286.493423461914 289.962593078613 291.091274261475 293.257724761963 294.387607574463 294.54109954834 296.70565032959 292.191581726074 287.969173431396 281.449550628662 270.655639648438 259.646255493164 246.880737304688 234.790103912354 221.652114868164 211.26452255249
515.339057922363 -9999 502.998390197754 492.261451721191 498.192909240723 491.840728759766 478.544677734375 465.683609008789 -9999 -9999 -9999 -9999 -9999 -9999 359.569610595703 350.607124328613 341.632774353027 -9999 -9999 -9999 -9999 281.801895141602 278.784858703613 271.808197021484 275.267639160156 281.658973693848 282.253971099854 276.89334487915 276.768215179443 275.814952850342 277.116104125977 268.06852722168 275.537914276123 277.900566101074 277.993946075439 281.399562835693 287.144752502441 286.94649887085 285.73705291748 284.85188293457 285.955467224121 289.396781921387 284.86349105835 271.381145477295 260.295055389404 251.912635803223 237.867004394531 227.650959014893 220.450416564941 207.581974029541
