data/spatiotemp/temp3/bio12_norsw_test_2011_2014.asc
NCOLS 654 
NROWS 380 
XLLCORNER 3.91666666666667 
YLLCORNER 55.3333333333333 
CELLSIZE 0.0416666666666667 
NODATA_value -9999 
[rows 286 to 307 of 380, columns 500 to 549 of 654]
744.83268737793 744.759368896484 743.396499633789 743.388519287109 743.799087524414 743.814147949219 743.853363037109 742.900939941406 742.805358886719 743.757354736328 741.782531738281 741.308197021484 741.586868286133 741.155838012695 740.071929931641 739.011093139648 737.025650024414 732.94352722168 734.040145874023 734.191329956055 729.130172729492 726.202224731445 727.021438598633 725.190093994141 722.531280517578 720.115707397461 718.041427612305 713.473663330078 712.515533447266 709.982574462891 709.093048095703 707.25798034668 701.562973022461 697.393417358398 696.326110839844 693.826019287109 693.394073486328 690.724700927734 683.956100463867 678.313110351562 671.709411621094 671.916717529297 664.249893188477 660.214767456055 657.059020996094 653.619842529297 653.580932617188 654.514556884766 652.162521362305 655.086349487305
748.974411010742 748.294952392578 753.14665222168 753.1669921875 749.041748046875 748.100662231445 748.199066162109 747.671173095703 746.028396606445 741.399551391602 742.740493774414 746.418029785156 745.640274047852 743.641357421875 740.567993164062 740.453536987305 739.679428100586 740.02619934082 734.594924926758 732.450485229492 729.943237304688 726.67138671875 723.126220703125 723.43864440918 722.455261230469 718.905044555664 717.910690307617 712.376373291016 708.310348510742 709.459213256836 711.623107910156 709.888717651367 706.453369140625 701.921340942383 695.437149047852 695.032257080078 695.361862182617 688.818496704102 682.600997924805 679.611618041992 675.181884765625 671.676483154297 665.496932983398 662.404022216797 660.493835449219 658.198303222656 655.068481445312 654.23616027832 653.315902709961 653.579391479492
756.068771362305 753.768249511719 754.251739501953 753.864807128906 754.395538330078 752.223266601562 751.016235351562 752.973022460938 747.764602661133 746.950180053711 746.864379882812 747.111419677734 746.10009765625 747.234283447266 744.312301635742 739.266082763672 738.260223388672 734.864044189453 731.474700927734 731.365112304688 729.33935546875 727.439682006836 726.45930480957 725.537567138672 719.269577026367 714.760177612305 714.872039794922 711.627792358398 713.054229736328 710.393142700195 709.73371887207 706.084030151367 706.309799194336 702.827926635742 695.259033203125 695.473556518555 693.314010620117 688.301544189453 681.711547851562 680.803848266602 677.357849121094 672.419815063477 667.078750610352 661.888366699219 660.501403808594 656.084762573242 653.494934082031 655.484039306641 652.386688232422 652.960510253906
760.507125854492 761.481307983398 762.365158081055 757.963424682617 757.057205200195 757.86701965332 755.945846557617 756.458312988281 753.243438720703 755.072662353516 752.461837768555 750.908569335938 746.889984130859 747.193893432617 747.363082885742 742.663970947266 740.524200439453 735.267822265625 731.023468017578 731.135147094727 730.057220458984 728.17024230957 723.687866210938 721.041946411133 718.192413330078 717.507354736328 715.20378112793 714.374008178711 712.306594848633 710.264617919922 709.009475708008 708.028076171875 701.98503112793 698.67724609375 698.596878051758 694.869033813477 690.83415222168 686.807876586914 687.782012939453 681.400894165039 675.417526245117 677.686386108398 671.986129760742 665.713012695312 661.27604675293 659.988647460938 657.022842407227 655.263305664062 653.948669433594 654.773849487305
768.186538696289 767.758056640625 766.45719909668 761.616149902344 760.777587890625 758.675384521484 756.607131958008 754.902969360352 756.986938476562 754.024978637695 752.274993896484 749.989303588867 747.197509765625 750.623886108398 745.911880493164 744.558059692383 740.809555053711 740.09635925293 734.094085693359 733.12809753418 726.884963989258 720.715759277344 720.483627319336 720.481994628906 715.357070922852 717.279266357422 711.542541503906 713.547836303711 709.894317626953 708.302658081055 703.321197509766 704.100082397461 697.621505737305 694.285232543945 693.823226928711 690.321487426758 684.566848754883 683.650146484375 679.373199462891 679.501998901367 671.196182250977 671.449752807617 670.846176147461 668.793960571289 663.658493041992 660.42985534668 655.604095458984 653.483093261719 655.204895019531 652.680679321289
770.721160888672 769.150115966797 768.772186279297 767.039337158203 763.458312988281 760.375503540039 757.069961547852 757.048721313477 756.875061035156 757.718688964844 752.794158935547 751.609405517578 751.073638916016 747.914733886719 745.458602905273 743.140319824219 738.545074462891 732.672592163086 731.220153808594 730.639343261719 726.485733032227 720.759460449219 718.626846313477 716.442276000977 714.626419067383 711.57048034668 709.01481628418 710.912414550781 708.191696166992 709.151458740234 703.073547363281 701.962097167969 693.677444458008 692.085952758789 691.804382324219 687.401336669922 683.459014892578 680.368911743164 677.641448974609 673.749740600586 668.103454589844 668.713287353516 665.806015014648 662.528244018555 662.867858886719 658.679458618164 657.010116577148 656.038635253906 653.566848754883 649.379028320312
771.210876464844 770.399169921875 771.871795654297 764.932769775391 763.204711914062 758.284683227539 757.633651733398 757.291442871094 755.755874633789 754.33903503418 752.185485839844 754.387954711914 750.904174804688 748.041931152344 740.126922607422 736.745895385742 732.022994995117 728.414443969727 730.248840332031 728.890686035156 726.54264831543 720.14225769043 718.760345458984 712.403884887695 709.477066040039 709.516082763672 706.085342407227 706.87239074707 702.428512573242 704.333297729492 701.965576171875 700.530792236328 693.729476928711 690.535369873047 692.779708862305 686.163269042969 687.006286621094 681.987426757812 678.239730834961 673.793807983398 671.472579956055 670.419143676758 666.818267822266 661.709655761719 663.431182861328 660.167144775391 654.86637878418 655.608551025391 648.839401245117 649.899490356445
774.172012329102 770.082534790039 769.484451293945 766.790512084961 764.752517700195 760.484954833984 756.696853637695 757.062530517578 751.800369262695 754.420791625977 752.764831542969 751.546524047852 746.22721862793 742.929565429688 740.128128051758 738.096817016602 730.847946166992 729.243362426758 728.81706237793 725.541076660156 721.283981323242 717.519104003906 713.578231811523 712.80485534668 707.295547485352 706.085678100586 707.983596801758 706.219741821289 708.001480102539 705.597686767578 698.207153320312 695.665374755859 692.536331176758 687.963973999023 686.928939819336 682.628601074219 686.169738769531 685.480239868164 687.724044799805 678.671768188477 676.403656005859 668.859664916992 668.06217956543 662.089126586914 659.943801879883 658.988754272461 657.274169921875 651.378295898438 654.428039550781 650.086837768555
770.921691894531 770.648666381836 771.220611572266 766.508926391602 762.624298095703 760.823440551758 758.391479492188 754.555389404297 755.496322631836 753.471740722656 755.180938720703 747.119018554688 746.095031738281 744.009796142578 739.741287231445 735.019912719727 732.740386962891 729.387252807617 725.230606079102 722.876205444336 715.620620727539 712.177200317383 707.640823364258 708.542373657227 708.032455444336 707.304962158203 706.007095336914 700.997268676758 701.523010253906 698.158950805664 691.026962280273 692.421966552734 689.588638305664 686.048324584961 681.703048706055 680.521255493164 678.635070800781 675.617263793945 673.975326538086 671.522125244141 670.102172851562 664.686004638672 661.835021972656 665.92041015625 664.234283447266 659.288818359375 654.056228637695 652.231903076172 651.453506469727 651.488510131836
769.087524414062 765.166931152344 765.771667480469 766.283493041992 763.744567871094 761.221084594727 758.626174926758 753.383682250977 753.143157958984 750.234771728516 748.066482543945 748.741607666016 745.737350463867 741.408432006836 739.1767578125 732.3193359375 729.767120361328 725.460388183594 719.235290527344 717.62109375 710.568237304688 709.057723999023 706.207214355469 708.16569519043 706.278015136719 703.583755493164 699.485336303711 696.803482055664 695.148483276367 689.575820922852 688.007629394531 685.277801513672 684.453857421875 682.783782958984 681.610504150391 675.947280883789 677.323272705078 675.915191650391 673.234680175781 668.290542602539 666.895355224609 663.175247192383 661.309814453125 666.953491210938 667.254516601562 663.471450805664 656.022079467773 650.377502441406 647.242736816406 645.282836914062
767.424407958984 767.38134765625 764.615203857422 764.01335144043 764.90705871582 760.349517822266 756.589462280273 752.668563842773 749.784210205078 745.484130859375 743.852188110352 738.662216186523 740.184768676758 738.279541015625 736.800216674805 732.525695800781 728.201370239258 724.898056030273 719.466690063477 716.029983520508 711.218673706055 707.091949462891 703.640075683594 704.623382568359 702.054916381836 697.609390258789 695.249877929688 693.934494018555 693.898590087891 692.214859008789 689.589584350586 685.078277587891 680.768676757812 683.012008666992 680.328582763672 679.286651611328 678.014984130859 677.446304321289 671.930999755859 668.589981079102 667.641525268555 667.250396728516 665.522415161133 664.001571655273 665.260330200195 663.805480957031 654.511535644531 652.514633178711 647.411331176758 643.65251159668
761.517654418945 764.725677490234 762.917419433594 757.592437744141 758.604843139648 756.618026733398 755.876190185547 751.087112426758 746.094161987305 742.157470703125 741.982666015625 739.789810180664 734.645706176758 735.260604858398 733.465606689453 729.737777709961 726.088104248047 723.189010620117 716.826049804688 713.977783203125 705.932586669922 702.046859741211 700.449401855469 702.731872558594 697.912353515625 693.442489624023 691.156478881836 689.724105834961 691.051452636719 686.812057495117 683.543960571289 683.629486083984 683.414489746094 681.708541870117 680.92204284668 677.56071472168 674.437850952148 675.412689208984 673.716827392578 671.212203979492 670.041397094727 672.741882324219 667.438400268555 664.397491455078 663.353698730469 655.54817199707 648.892822265625 648.929183959961 646.139846801758 640.058792114258
755.950836181641 759.968765258789 760.57861328125 757.971435546875 753.645629882812 751.027145385742 748.833419799805 745.512435913086 742.512008666992 738.882217407227 739.004104614258 732.299072265625 734.167114257812 728.983856201172 726.17546081543 721.656143188477 719.603271484375 714.295486450195 707.423065185547 708.615005493164 706.326522827148 701.493240356445 698.476684570312 693.851791381836 696.644821166992 695.178436279297 691.644927978516 688.985534667969 686.673568725586 686.34651184082 684.895645141602 684.75260925293 682.945205688477 684.974685668945 684.444000244141 681.054550170898 677.396240234375 675.205551147461 674.733688354492 669.034866333008 668.443832397461 666.383895874023 667.345611572266 663.61669921875 664.724060058594 658.299087524414 653.129776000977 648.297424316406 645.611129760742 641.621643066406
760.65364074707 761.35627746582 758.723709106445 752.781784057617 747.579772949219 746.502822875977 744.254928588867 741.716125488281 739.540054321289 737.948272705078 734.393814086914 729.787139892578 727.467193603516 724.179077148438 721.621643066406 717.859085083008 712.456878662109 708.493453979492 706.514801025391 704.462387084961 703.625747680664 698.153015136719 694.23503112793 691.540145874023 689.135437011719 687.812805175781 686.519592285156 686.390777587891 687.269073486328 687.465316772461 682.759414672852 685.65788269043 685.688842773438 681.353805541992 679.978454589844 676.39143371582 674.936889648438 672.485763549805 670.07356262207 664.808349609375 664.558013916016 666.349578857422 663.635589599609 664.9208984375 659.747009277344 656.415374755859 654.086639404297 647.726089477539 647.518157958984 643.237945556641
751.554626464844 753.055297851562 754.284469604492 750.689575195312 745.507339477539 746.430358886719 743.776275634766 740.835327148438 736.630783081055 732.674530029297 731.207015991211 725.998916625977 725.505020141602 719.228958129883 716.485137939453 715.419799804688 711.356735229492 710.077362060547 705.154052734375 702.738876342773 699.093673706055 692.933563232422 689.874725341797 688.620468139648 685.229339599609 686.139282226562 687.334915161133 684.646713256836 684.348495483398 684.195449829102 684.861068725586 686.282379150391 683.361541748047 682.58708190918 681.473007202148 674.921737670898 674.156799316406 671.073272705078 670.477172851562 664.851409912109 667.195739746094 666.189559936523 666.655792236328 662.724685668945 658.255249023438 653.146438598633 654.494506835938 646.668212890625 643.180480957031 640.536666870117
752.097045898438 750.473052978516 748.34831237793 745.471694946289 741.220016479492 742.805847167969 739.252151489258 737.383285522461 733.096069335938 729.046096801758 727.036254882812 722.155258178711 720.025650024414 718.852584838867 715.133163452148 712.290420532227 707.505157470703 699.530395507812 697.398193359375 693.395751953125 689.946395874023 688.808120727539 688.470321655273 687.242782592773 685.178405761719 682.105377197266 684.25505065918 684.884674072266 683.167846679688 683.434020996094 682.373916625977 683.445510864258 679.762985229492 679.724884033203 676.17839050293 675.233901977539 673.25309753418 670.337173461914 670.228042602539 668.554077148438 665.947937011719 664.09309387207 662.131469726562 657.586288452148 655.941055297852 651.722747802734 646.849899291992 647.890167236328 648.127304077148 640.837585449219
747.393371582031 745.902969360352 746.080657958984 742.970718383789 737.330001831055 737.142501831055 736.163360595703 735.39924621582 728.588302612305 727.242126464844 722.960601806641 719.743194580078 718.744537353516 714.824508666992 709.78434753418 712.377883911133 708.37028503418 702.107421875 698.624450683594 691.295455932617 685.424667358398 681.882278442383 681.181182861328 684.766036987305 683.157562255859 683.688568115234 684.341888427734 683.328735351562 683.270965576172 679.5498046875 678.862762451172 683.045471191406 680.096298217773 677.612213134766 674.601181030273 674.603118896484 671.746109008789 670.618301391602 669.796447753906 668.424942016602 660.710708618164 660.165939331055 658.471649169922 655.841613769531 651.788162231445 651.598617553711 648.130889892578 647.510437011719 647.818283081055 644.593795776367
743.087158203125 741.907424926758 740.491134643555 737.656234741211 733.352447509766 731.785903930664 732.942565917969 732.580490112305 726.5068359375 725.98600769043 725.266845703125 720.980041503906 714.59733581543 712.200378417969 709.500350952148 704.307418823242 702.844497680664 701.806671142578 695.902694702148 691.785003662109 686.867858886719 684.647979736328 679.079559326172 680.515731811523 680.134414672852 679.345245361328 680.734573364258 682.742340087891 680.373306274414 682.575942993164 678.882186889648 679.46923828125 678.238845825195 677.021087646484 676.569763183594 675.604385375977 673.306503295898 670.333160400391 670.414215087891 666.70393371582 661.690902709961 660.159744262695 655.85139465332 651.571731567383 651.929397583008 652.039520263672 650.326278686523 648.743453979492 648.204666137695 642.78385925293
740.159240722656 736.079132080078 734.54231262207 733.830505371094 731.853561401367 731.677474975586 726.944839477539 727.437103271484 724.144180297852 721.189682006836 721.34423828125 718.603256225586 713.569046020508 712.809112548828 708.655639648438 705.072448730469 701.140060424805 699.959518432617 699.492279052734 692.060928344727 685.929672241211 681.682083129883 681.985092163086 679.917617797852 677.978378295898 677.759674072266 677.62174987793 680.359222412109 682.113632202148 682.486190795898 679.060348510742 677.366317749023 676.324035644531 679.321472167969 677.804718017578 673.619232177734 675.335556030273 672.184982299805 670.150177001953 668.329467773438 665.916320800781 661.377517700195 657.145126342773 655.504013061523 651.475952148438 650.53564453125 651.73307800293 647.377960205078 647.617553710938 641.909149169922
732.314331054688 731.832702636719 732.170684814453 732.108627319336 729.405563354492 728.23681640625 727.196365356445 723.475921630859 719.857803344727 718.688735961914 718.516860961914 714.567581176758 713.951553344727 708.946304321289 706.06135559082 705.725982666016 703.336959838867 701.205505371094 698.002487182617 688.1162109375 681.818115234375 679.779678344727 678.117385864258 679.037521362305 681.038452148438 679.098846435547 680.559951782227 678.098907470703 682.482116699219 681.071701049805 680.82145690918 677.665222167969 676.437286376953 675.270202636719 675.080703735352 672.817581176758 672.759063720703 666.842758178711 666.82746887207 664.475143432617 662.106719970703 658.166854858398 656.278991699219 653.366577148438 651.794586181641 648.382629394531 647.57292175293 649.992309570312 648.032745361328 646.032150268555
731.084121704102 730.525772094727 730.238952636719 731.248123168945 729.865203857422 726.288848876953 726.449523925781 723.103042602539 719.964569091797 722.168548583984 716.961441040039 714.834396362305 710.971145629883 706.863952636719 702.888687133789 701.707397460938 695.247146606445 692.905487060547 689.921798706055 684.656280517578 681.57829284668 677.664505004883 670.588790893555 676.364929199219 678.542266845703 681.396286010742 680.418487548828 679.438842773438 678.326538085938 681.525741577148 674.698837280273 672.300674438477 677.610137939453 672.305145263672 675.315231323242 675.224365234375 673.599822998047 672.403778076172 666.615219116211 662.680419921875 660.128479003906 658.976272583008 653.970397949219 654.215286254883 652.623489379883 650.654968261719 645.727661132812 647.709121704102 650.818572998047 650.232055664062
726.322891235352 727.192016601562 728.29833984375 730.148178100586 727.096572875977 725.642456054688 722.508407592773 722.813018798828 724.631958007812 723.803497314453 716.411315917969 712.55680847168 713.838043212891 707.655242919922 704.333969116211 702.033096313477 696.150817871094 686.161315917969 686.589294433594 681.475357055664 678.829742431641 679.582702636719 678.622619628906 677.797332763672 680.015274047852 680.485061645508 678.642868041992 678.427047729492 678.473129272461 677.659652709961 669.189498901367 669.766952514648 672.408157348633 670.088989257812 673.776062011719 673.203994750977 673.546142578125 674.591598510742 674.931304931641 672.541259765625 662.848526000977 656.182113647461 658.777770996094 654.669250488281 654.879547119141 654.911499023438 652.04670715332 652.368392944336 643.668563842773 643.286865234375
