data/spatiotemp/temp3/bio13_norsw_test_2011_2014.asc
NCOLS 654 
NROWS 380 
XLLCORNER 3.91666666666667 
YLLCORNER 55.3333333333333 
CELLSIZE 0.0416666666666667 
NODATA_value -9999 
[rows 110 to 131 of 380, columns 550 to 599 of 654]
89.0841770172119 89.0099334716797 87.9963436126709 88.392017364502 88.318021774292 87.4892120361328 87.4149398803711 86.6215305328369 87.0170993804932 86.9442405700684 86.8523502349854 85.7403945922852 86.0972900390625 85.987247467041 85.8772010803223 85.7671585083008 86.3600215911865 87.53173828125 86.7196006774902 86.3164119720459 84.7552642822266 84.3528900146484 84.5400447845459 84.1443500518799 84.5018939971924 85.3795490264893 86.6436252593994 86.5355606079102 85.9688987731934 84.8869380950928 84.6189136505127 85.9421367645264 85.8347568511963 86.4813899993896 86.8419876098633 86.772180557251 87.0378475189209 87.4041976928711 88.233419418335 88.1465492248535 86.4712200164795 86.957914352417 87.3203182220459 87.58180809021 87.4977626800537 88.3284034729004 87.9344158172607 87.916374206543 88.2400779724121 88.7958183288574
89.7227172851562 89.1770172119141 89.101598739624 90.0392208099365 88.4816398620605 88.4065113067627 88.3313827514648 87.06813621521 87.4239196777344 86.6319904327393 87.0035152435303 85.8817386627197 86.9417724609375 86.1135120391846 86.7030658721924 87.8734188079834 87.7529544830322 88.3884143829346 90.4217586517334 90.0029354095459 89.1824493408203 86.855770111084 85.7540378570557 85.9418182373047 85.0796604156494 86.116569519043 88.1294860839844 88.312931060791 87.902645111084 87.6299934387207 86.8407249450684 88.158727645874 87.2919616699219 86.9633388519287 87.0191326141357 87.6202964782715 87.5415649414062 88.0304985046387 87.95241355896 88.2232666015625 87.796236038208 86.9261131286621 87.1967163085938 87.3457870483398 87.1747913360596 87.5393352508545 88.0623760223389 88.0382709503174 88.0141620635986 87.5543231964111
89.4206829071045 89.3440990447998 89.2675075531006 90.2064075469971 90.8542518615723 89.5822868347168 88.96116065979 88.8845767974854 88.340238571167 87.2550983428955 87.1546783447266 87.0290012359619 86.9033203125 86.7776393890381 88.1171855926514 88.7468719482422 89.7845878601074 90.6498641967773 90.5172691345215 90.8453559875488 91.7034950256348 89.8227005004883 90.1565055847168 88.1360912322998 87.0360870361328 86.9228267669678 88.9323291778564 89.5701808929443 88.7727203369141 89.3356513977051 87.9209632873535 87.7587547302246 88.5038318634033 87.6595153808594 87.463062286377 88.1141700744629 88.6100597381592 88.1870098114014 88.019998550415 87.9499340057373 88.4505596160889 88.3811855316162 89.8035087585449 89.7346897125244 89.6658744812012 88.2391338348389 88.5346298217773 88.503927230835 87.5538558959961 88.0998153686523
89.4067611694336 89.0410194396973 89.253116607666 90.3735942840576 90.2947521209717 90.9405174255371 90.1370716094971 89.7659530639648 88.4993419647217 88.8891181945801 88.7824897766113 88.6469917297363 89.2233695983887 88.6712112426758 89.7073860168457 90.0323162078857 90.893533706665 92.2127513885498 92.0699348449707 91.9271240234375 91.0894756317139 90.650053024292 90.2200660705566 90.8556880950928 89.2910022735596 88.8718891143799 89.4360961914062 89.6154079437256 88.5135688781738 89.0724487304688 89.2526149749756 87.84694480896 87.7751541137695 88.4139747619629 88.6045837402344 88.7566585540771 88.3062305450439 88.2439422607422 88.5337028503418 89.3927249908447 89.1070613861084 89.0465202331543 89.3344898223877 89.273063659668 89.5583763122559 89.1502094268799 88.6634197235107 88.6266117095947 88.245813369751 87.7748870849609
89.3137168884277 89.9688835144043 88.3992691040039 89.8121738433838 90.7531280517578 90.6737098693848 89.1089649200439 89.7530708312988 88.658447265625 88.3280715942383 87.9233016967773 88.4966678619385 89.6588478088379 89.9779472351074 89.8323612213135 91.1527786254883 92.4680480957031 93.0186080932617 93.3255519866943 93.171802520752 93.0180530548096 91.8712139129639 91.0414333343506 90.6151523590088 90.7914772033691 90.3646621704102 91.679162979126 90.4165325164795 89.8978157043457 89.8173503875732 89.3840637207031 89.6564254760742 89.5759620666504 89.4954986572266 89.0324478149414 88.0866680145264 87.9466075897217 88.0845432281494 88.5999622344971 88.89719581604 89.3227005004883 89.7093849182129 89.8782978057861 90.7478313446045 90.6933670043945 89.715259552002 89.2289867401123 88.2616729736328 87.7828922271729 88.1741790771484
89.4829616546631 90.137674331665 89.3272094726562 89.9786491394043 89.8991394042969 89.8196277618408 89.2720985412598 88.8971920013428 89.581090927124 91.4513854980469 92.0513553619385 91.180196762085 90.2638149261475 90.5739974975586 92.1895503997803 92.0332164764404 91.8768768310547 92.8819007873535 94.1818332672119 94.0196323394775 93.8574314117432 93.3925971984863 92.5548553466797 92.1207046508789 90.9993743896484 90.5659561157227 90.7399501800537 90.610237121582 90.480525970459 89.9191818237305 89.8311996459961 89.7884140014648 90.7151203155518 90.6257591247559 90.0139694213867 89.8894176483154 89.7558345794678 89.5127811431885 90.2618255615234 90.3417568206787 90.6453151702881 91.1703243255615 89.7552967071533 89.2683506011963 89.7986946105957 89.4048843383789 88.7783241271973 88.7278690338135 87.8974113464355 88.2821388244629
89.6522064208984 88.8087387084961 88.2597122192383 89.3804950714111 90.7928485870361 90.7105464935303 89.8633213043213 89.5248069763184 92.4175109863281 91.8667984008789 91.4909267425537 92.0454177856445 92.3455486297607 91.7179641723633 91.3076686859131 92.1533813476562 93.1532592773438 93.9898796081543 95.2810535430908 95.1088161468506 95.3931846618652 94.5282344818115 93.0748748779297 93.6274299621582 92.4984092712402 91.4107913970947 91.0921020507812 91.4096298217773 90.9692726135254 90.8349342346191 90.2751693725586 90.527416229248 91.1400814056396 90.5966682434082 90.7932624816895 90.321849822998 90.1974048614502 90.4177551269531 90.9570446014404 90.4181995391846 90.9526271820068 90.8256072998047 90.4341812133789 90.3952445983887 90.0068283081055 89.0407733917236 88.9934749603271 88.5017986297607 87.7534980773926 87.6990432739258
90.8522109985352 90.4752521514893 88.8947715759277 90.3115978240967 91.2564659118652 91.9011077880859 91.5178260803223 90.7085151672363 90.6250648498535 90.5416088104248 91.1350002288818 91.4293346405029 91.2583026885986 91.8523960113525 93.2101917266846 94.0477886199951 94.0288181304932 94.8589477539062 95.3799934387207 95.1995754241943 95.1688766479492 94.9870128631592 93.4459476470947 93.4526386260986 93.0050449371338 92.4132690429688 92.2736148834229 92.1339588165283 91.6862392425537 90.8683204650879 90.4051151275635 91.6671237945557 91.5615692138672 91.6825656890869 91.9163455963135 91.0950508117676 91.2394180297852 91.4330577850342 91.3166675567627 91.5099582672119 91.969108581543 91.9375991821289 91.9060878753662 90.5065994262695 90.1254386901855 89.7463626861572 88.6837539672852 88.2741432189941 88.2129878997803 87.5686893463135
90.8959560394287 90.8161640167236 89.7067470550537 89.3299293518066 89.979549407959 90.9252128601074 92.3362274169922 92.7194213867188 92.1691360473633 92.0855903625488 91.6553192138672 91.4823913574219 91.7723407745361 92.3640747070312 93.2028770446777 93.7911205291748 94.0731678009033 93.8952751159668 95.1794910430908 94.6919002532959 94.5105133056641 94.3291206359863 94.1670227050781 94.4764156341553 94.0242862701416 93.5717620849609 93.0536231994629 92.9113273620605 92.4598293304443 92.3173332214355 91.4194355010986 91.1482791900635 91.3540706634521 92.4244747161865 92.2852191925049 92.8192348480225 92.7042293548584 93.2588710784912 93.8329162597656 93.2566986083984 92.7428131103516 93.7256183624268 91.9724292755127 89.9954509735107 89.5288696289062 89.1493854522705 88.5189189910889 87.6681785583496 88.6163673400879 88.5485591888428
90.811803817749 90.7359943389893 91.3914909362793 92.0439128875732 91.5357418060303 91.6265563964844 92.2738189697266 91.4707565307617 92.114953994751 93.522985458374 93.3968143463135 93.9916229248047 93.3575496673584 92.6325912475586 92.002420425415 93.7633056640625 94.5997562408447 94.181001663208 94.0076675415039 93.9826908111572 94.5017528533936 94.3244915008545 94.1644706726074 94.4733428955078 93.5700931549072 93.209529876709 93.4422721862793 94.1452140808105 93.5847873687744 93.8150959014893 93.392183303833 93.5894470214844 93.7336235046387 93.946798324585 94.5522499084473 94.7681732177734 94.9345436096191 95.5386962890625 93.8486309051514 92.163890838623 90.4844741821289 89.9247169494629 89.3106708526611 88.1338596343994 88.0987911224365 88.4984073638916 88.0093555450439 87.9356918334961 88.2086925506592 89.1470165252686
92.2267913818359 90.953218460083 91.0519771575928 90.979606628418 90.9072341918945 91.5607967376709 92.812406539917 93.2035484313965 93.1289215087891 92.4960117340088 93.095178604126 93.232666015625 93.528694152832 93.3623065948486 93.9043025970459 94.4995365142822 94.4820137023926 95.0124092102051 94.9032878875732 95.4283905029297 94.800931930542 95.0812149047852 96.0640735626221 95.609073638916 94.7768173217773 93.9478759765625 94.4877300262451 94.0332717895508 93.912073135376 94.155460357666 94.3878879547119 94.2967128753662 94.5866947174072 95.1055183410645 95.3433589935303 95.1118011474609 94.2897167205811 93.7030582427979 92.7587184906006 92.1777191162109 90.931604385376 89.9976863861084 88.9049205780029 88.8621273040771 88.3847732543945 88.3426475524902 89.2088088989258 90.0549716949463 89.9739208221436 89.8928661346436
93.3415966033936 93.2704658508301 91.7044219970703 91.6346282958984 91.0987434387207 91.7952327728271 91.7260627746582 91.6568927764893 91.749568939209 92.8621139526367 91.8677444458008 93.1897945404053 93.4891014099121 93.3267192840576 94.6366004943848 95.1771278381348 95.4665775299072 95.2980728149414 95.5847187042236 95.4152755737305 95.2458362579346 96.528995513916 96.8214511871338 96.912036895752 97.2142963409424 96.7561149597168 95.6147785186768 95.9146690368652 95.8548202514648 94.9419193267822 94.1916599273682 94.7903308868408 95.0750198364258 95.58864402771 95.4293003082275 94.8327198028564 93.9235610961914 93.3314456939697 93.1760311126709 93.0206165313721 91.6430988311768 90.271858215332 89.7777938842773 89.29416847229 88.8119430541992 89.1129341125488 89.9711017608643 90.8940658569336 90.2282485961914 90.0559577941895
93.083948135376 92.7200889587402 91.9251461029053 91.8600292205811 91.3296012878418 91.989429473877 92.387731552124 91.7614936828613 91.6952114105225 92.0915508270264 92.2836532592773 92.842830657959 93.4495162963867 94.4604167938232 95.0626201629639 94.5944423675537 94.4318923950195 95.0319519042969 94.5613231658936 94.7060317993164 95.2368659973145 96.2148113250732 96.0575828552246 95.9116764068604 96.9009075164795 96.5162811279297 96.1534519195557 95.9935340881348 96.2813282012939 96.201322555542 95.7276077270508 96.008337020874 95.4817161560059 94.8768558502197 94.2748832702637 93.6728744506836 93.5111618041992 93.7875671386719 93.1920585632324 92.594352722168 91.5678100585938 90.6215763092041 90.0376853942871 90.2843551635742 90.2264919281006 90.7446899414062 90.2376327514648 90.1444835662842 90.0513401031494 89.9581928253174
92.9974899291992 92.9357566833496 92.8740291595459 92.812292098999 92.7505626678467 93.4124774932861 92.7891101837158 91.7030811309814 92.3606224060059 92.6004447937012 91.7757759094238 92.7996311187744 93.4099254608154 93.9653663635254 94.5722064971924 94.8717861175537 93.703893661499 93.5477104187012 94.1534862518311 94.6929836273193 94.9862327575684 95.5179538726807 95.3720455169678 96.487943649292 97.08518409729 96.2440223693848 95.7711601257324 96.5038871765137 96.7070960998535 96.9867115020752 96.8993396759033 96.7308597564697 95.8871440887451 96.3926563262939 94.9835662841797 94.5005531311035 94.3306140899658 93.2895755767822 93.4358005523682 92.8375720977783 92.2362174987793 91.6430377960205 91.8305969238281 92.0685005187988 92.0035762786865 91.9386577606201 91.4248733520508 92.2459945678711 91.799934387207 91.6998100280762
92.9110317230225 93.1520557403564 93.2606029510498 92.7381839752197 91.6559276580811 92.7850284576416 92.7262592315674 92.6674880981445 92.1470680236816 92.5499496459961 91.7297897338867 92.7564239501953 93.3703365325928 93.2199687957764 93.5264644622803 94.8430023193359 94.3817710876465 93.5268859863281 94.5897445678711 94.1505222320557 94.6672554016113 95.5125617980957 95.8202018737793 96.482837677002 96.7660140991211 97.0522613525391 97.7814426422119 97.9232749938965 97.4441165924072 96.7296695709229 97.3138389587402 97.9452323913574 96.9663391113281 96.7921390533447 95.817476272583 95.5598468780518 95.38498878479 94.7277297973633 94.4765300750732 94.3012428283691 94.4407577514648 94.6179714202881 94.0164680480957 93.409496307373 93.2008190155029 93.1279201507568 92.6072368621826 92.0704345703125 91.9634590148926 91.5132503509521
92.6834545135498 92.9149932861328 93.0126342773438 93.8912715911865 92.4137783050537 92.7180519104004 92.663402557373 92.6087532043457 92.5541019439697 92.499454498291 92.4480438232422 93.0183067321777 92.8728199005127 93.1843891143799 94.5078125 94.8142108917236 93.6541709899902 94.6599636077881 95.2702293395996 94.8094062805176 94.9671649932861 96.2847328186035 97.4055252075195 96.8673934936523 97.1533451080322 97.8037853240967 98.0819530487061 97.5961608886719 97.556396484375 98.9456481933594 98.8461513519287 98.2248363494873 97.2916431427002 97.1131534576416 96.4935207366943 95.9481830596924 95.7627449035645 94.3526268005371 94.8408832550049 94.2292079925537 93.620569229126 93.4406757354736 93.9272346496582 93.1221313476562 93.0424404144287 92.9627513885498 92.0902442932129 92.0607738494873 91.5214653015137 91.3266925811768
92.7119293212891 92.644926071167 94.2158813476562 94.1471462249756 92.9061088562012 92.0751190185547 92.6005458831787 91.8308792114258 92.5452766418457 93.212890625 92.4652061462402 92.7203922271729 93.7483806610107 93.1488056182861 93.4619522094727 93.3187389373779 94.6397228240967 94.9469528198242 94.8003959655762 96.2749729156494 97.71848487854 97.8762130737305 98.1714000701904 97.6870269775391 97.9672012329102 97.4242630004883 97.7546367645264 98.0218486785889 98.290096282959 98.9190807342529 98.7366180419922 98.9950046539307 98.0566101074219 97.9513568878174 97.3232250213623 96.3354625701904 95.7063503265381 95.5147018432617 95.2089805603027 94.1571750640869 94.2852077484131 94.7653179168701 93.4064159393311 92.1332569122314 92.5356864929199 92.4503440856934 91.5739212036133 91.4570846557617 90.9138660430908 91.1401348114014
93.5329723358154 94.228048324585 94.6231594085693 94.6395378112793 93.3934078216553 92.5662574768066 92.4985294342041 92.7341632843018 92.6670665740967 92.5999660491943 92.4956378936768 92.8114280700684 93.2515697479248 92.8064002990723 93.1223392486572 92.9826126098633 94.3065891265869 95.6257381439209 95.9817695617676 95.8300590515137 95.678352355957 98.024881362915 99.0746479034424 99.7208480834961 99.0930042266846 98.9123764038086 98.8685474395752 99.1295394897461 98.7132091522217 98.5283050537109 99.2267589569092 99.0391407012939 98.4120101928711 97.5497741699219 97.3560962677002 97.3916149139404 97.9417686462402 96.2028560638428 95.1415252685547 94.0851421356201 93.8914833068848 94.7971477508545 93.7487754821777 92.4697189331055 92.3775959014893 91.938533782959 91.8313541412354 91.281494140625 90.7334594726562 91.0365581512451
93.5631332397461 94.4203395843506 94.7376403808594 94.6692142486572 94.2989959716797 93.282506942749 93.23752784729 93.6545028686523 93.1532077789307 92.6314220428467 92.9835300445557 92.8386650085449 92.9053630828857 93.2254524230957 93.7958202362061 94.0134735107422 95.8467025756836 97.0652027130127 97.5904541015625 97.4330539703369 96.9030113220215 98.7959671020508 100.211963653564 100.027597427368 99.9838542938232 99.7972354888916 100.059953689575 101.441617965698 100.128353118896 100.379444122314 99.8736095428467 99.6819686889648 99.9280967712402 99.298677444458 99.0976123809814 98.8871212005615 97.810359954834 96.890754699707 94.7193908691406 94.518217086792 93.8928833007812 94.0097980499268 92.9593639373779 92.7476654052734 92.3000793457031 91.7739639282227 92.0059509277344 91.875545501709 91.7451324462891 90.8497066497803
93.9792442321777 94.3735733032227 94.7669067382812 94.6988925933838 93.8689041137695 94.1034984588623 94.035982131958 94.5066452026367 94.2723178863525 93.8227806091309 93.433069229126 93.7586421966553 94.0307140350342 93.87965965271 94.1820831298828 94.4078559875488 97.467700958252 99.2213230133057 99.9745216369629 100.943798065186 100.018022537231 99.168830871582 99.069917678833 98.8849849700928 99.5219593048096 101.806266784668 101.612070083618 101.422239303589 102.113897323608 101.110670089722 102.158643722534 102.320524215698 102.435054779053 101.918230056763 101.346920013428 99.9409370422363 98.4996585845947 96.3938541412354 95.7562789916992 94.4448204040527 93.7789115905762 93.1530380249023 92.553804397583 91.5041809082031 91.5745220184326 92.0360679626465 91.8348503112793 92.1236057281494 90.2287368774414 90.6628551483154
94.4270000457764 94.3542995452881 94.6663551330566 94.4859352111816 93.7287311553955 93.6567363739014 93.5847396850586 93.5127410888672 93.8974685668945 93.8249435424805 94.0177993774414 94.0154399871826 93.4826602935791 93.7098693847656 95.1469497680664 95.4625701904297 96.0826416015625 97.4499282836914 99.3344535827637 99.6170120239258 99.5873832702637 98.2308349609375 98.1144065856934 99.0639133453369 99.6958637237549 100.39793586731 100.592451095581 100.844821929932 101.012790679932 101.697996139526 100.696643829346 100.8596534729 101.097789764404 100.895614624023 100.68249130249 99.35400390625 98.2689971923828 97.378963470459 95.9494342803955 95.3109664916992 94.6759605407715 93.615348815918 93.0579032897949 92.0064563751221 91.8375549316406 91.7282524108887 91.1800346374512 90.961856842041 90.4826354980469 90.3461360931396
94.8287200927734 94.7481880187988 94.3692798614502 94.6714134216309 93.7174472808838 93.6379661560059 93.2576503753662 93.4790058135986 93.5526294708252 93.8532161712646 94.1896286010742 94.4879589080811 93.9537963867188 94.5776748657227 97.1585559844971 99.0686988830566 99.5841407775879 97.5164527893066 96.5816612243652 96.9563312530518 96.7925300598145 98.2103137969971 98.8583011627197 99.8007392883301 99.608980178833 99.4929981231689 99.7492027282715 101.562032699585 101.362857818604 101.601764678955 100.291324615479 100.092781066895 99.8942394256592 99.6956996917725 99.1713218688965 98.5182590484619 98.2969722747803 97.2182426452637 95.9088020324707 95.3420104980469 94.6992664337158 94.0662307739258 92.7748126983643 93.2266235351562 91.8327522277832 91.2779922485352 91.074104309082 89.6101512908936 89.4736213684082 89.8995418548584
