data/spatiotemp/temp3/bio1_norsw_test_2011_2014.asc
NCOLS 654 
NROWS 380 
XLLCORNER 3.91666666666667 
YLLCORNER 55.3333333333333 
CELLSIZE 0.0416666666666667 
NODATA_value -9999 
[rows 22 to 43 of 380, columns 600 to 649 of 654]
0.978125647874549 1.04801912885159 1.05591234005988 1.02097272919491 0.988032691762783 1.01075941510499 1.09981953911483 1.04421289265156 0.85913859680295 0.826263088732958 0.782387599349022 0.603845484554768 0.49230332672596 0.410594522953033 0.400885701179504 0.360010378062725 0.258968077600002 0.160092625766993 0.0655504669994116 -0.0789916608482599 -0.225547555834055 -0.319617326371372 -0.371353806345724 -0.266590064391494 0.0218401746824384 0.423437096178532 0.823867347091436 1.18463091552258 1.40422783792019 1.52582488954067 1.48575504124165 1.3143519833684 1.22050792723894 1.31122293323278 1.4984378516674 1.67965276539326 1.8085343837738 1.93574930727482 1.88576976954937 1.93995690345764 1.82122761011124 -9999 -9999 -9999 -9999 -9999 -9999 -9999 -9999 -9999
1.09715151228011 1.03569517191499 1.07123877666891 1.11044912599027 1.10465952381492 1.1425365768373 1.26141355931759 1.16295737400651 1.22652350738645 1.0577790979296 0.976701265200973 0.891956640407443 0.893378904089332 0.804134383797646 0.767389886081219 0.611312091350555 0.498900897800922 0.385322988033295 0.319745175540447 0.285667411983013 0.270489126443863 0.303377233445644 0.389098554849625 0.580819934606552 0.935874599032104 1.29142921417952 1.45465061068535 1.49987199902534 1.65259334445 1.7386479973793 1.76586943864822 1.8070907741785 1.88381198048592 1.97771382331848 1.99816355109215 2.02568396925926 -9999 -9999 -9999 -9999 -9999 -9999 -9999 -9999 -9999 -9999 -9999 -9999 -9999 -9999
1.35413551330566 1.41801399737597 1.46523179113865 1.48025898635387 1.47454390674829 1.23048032820225 1.04300768207759 1.12736816704273 1.3152417615056 1.5222949385643 1.24751474708319 1.19140123948455 1.20212105661631 1.22550755366683 1.23839402571321 1.15011381357908 1.06266687065363 0.962886706925929 0.9366066288203 1.02315974794328 1.07902584783733 1.2560383901 1.36838410049677 1.59822978079319 1.71407562494278 1.66908812522888 1.68376718461514 1.73294633626938 1.69629195332527 1.6181378364563 1.63615024089813 1.73799605667591 1.89911611378193 2.12896150350571 2.28246688842773 -9999 -9999 -9999 -9999 -9999 -9999 -9999 -9999 -9999 -9999 -9999 -9999 -9999 -9999 -9999
-9999 -9999 -9999 -9999 -9999 -9999 1.33485165983438 1.59427915513515 1.54196009039879 1.85247746109962 1.80438394844532 1.68823464214802 1.54129837453365 1.39253758639097 1.48235645890236 1.58891560137272 1.63839137554169 1.7590479105711 1.75580127537251 1.82881885766983 1.89839588105679 1.99053283035755 2.06616970896721 2.04980656504631 2.03094345331192 2.01374691724777 1.9883838891983 2.00985395908356 2.0049035847187 1.94557218253613 1.95909790694714 2.27845704555511 2.63919794559479 -9999 -9999 -9999 -9999 -9999 -9999 -9999 -9999 -9999 -9999 -9999 -9999 -9999 -9999 -9999 -9999 -9999
1.48806209862232 1.73026160895824 1.82980106770992 1.99671229720116 2.26070675253868 2.45178458094597 3.53452903032303 -9999 -9999 -9999 -9999 -9999 -9999 -9999 -9999 -9999 -9999 -9999 -9999 2.34397786855698 2.37729376554489 2.32677730917931 2.3627887070179 2.2796927690506 2.24231114983559 2.25082245469093 2.23308378458023 2.22742840647697 2.29718971252441 2.33695098757744 -9999 -9999 -9999 -9999 -9999 -9999 -9999 -9999 -9999 -9999 -9999 -9999 -9999 -9999 -9999 -9999 -9999 -9999 -9999 -9999
0.967087739612907 1.08773258328438 1.05771064758301 1.14585541933775 1.84201414883137 2.18741583824158 2.09323412179947 2.05599701404572 2.08515849709511 2.11417612433434 2.37364992499352 2.72423484921455 2.71551439166069 -9999 -9999 -9999 -9999 -9999 -9999 -9999 -9999 -9999 -9999 -9999 -9999 -9999 -9999 -9999 -9999 -9999 -9999 -9999 -9999 -9999 -9999 -9999 -9999 -9999 -9999 -9999 -9999 -9999 -9999 -9999 -9999 -9999 -9999 -9999 -9999 -9999
0.641946896910667 0.700408563017845 0.924870347604156 0.844665382057428 0.877627020701766 1.25842201709747 1.21921715512872 1.59717881679535 1.20094822719693 1.15719197317958 1.53810228407383 1.77901273965836 1.83508984744549 2.05583360791206 1.92749398946762 2.00091901421547 2.23443651199341 2.72747519612312 3.53483003377914 -9999 -9999 -9999 -9999 -9999 -9999 -9999 -9999 -9999 -9999 -9999 -9999 -9999 -9999 -9999 -9999 -9999 -9999 -9999 -9999 -9999 -9999 -9999 -9999 -9999 -9999 -9999 -9999 -9999 -9999 -9999
0.469972729682922 0.544917933642864 0.556196540594101 0.452975176274776 0.557420521974564 0.642699211835861 0.86197791993618 1.21225640550256 1.36833317577839 1.20854113250971 1.23341595754027 1.1631239913404 1.08016532659531 1.21154006198049 1.29749443382025 1.61317187547684 2.13474756479263 2.43859440088272 -9999 -9999 -9999 -9999 -9999 -9999 -9999 -9999 -9999 -9999 -9999 -9999 -9999 -9999 -9999 -9999 -9999 -9999 -9999 -9999 -9999 -9999 -9999 -9999 -9999 -9999 -9999 -9999 -9999 -9999 -9999 -9999
0.477331757545471 0.327427335083485 0.388022914528847 0.658618450164795 0.679714031517506 0.654309570789337 0.762738525867462 1.01200090581551 1.3045514523983 1.42872375994921 1.49472957849503 1.68031848967075 1.89583623409271 1.7802152633667 1.62404392659664 1.70825804769993 1.60343042016029 1.59739899635315 1.7181084305048 1.92428071796894 2.6091630756855 2.14168083667755 1.70426444709301 1.64868991076946 1.72839339077473 2.26115238666534 2.58321678638458 2.57972586154938 -9999 -9999 2.08466938138008 -9999 -9999 -9999 -9999 -9999 -9999 -9999 -9999 -9999 -9999 -9999 -9999 -9999 -9999 -9999 -9999 -9999 -9999 -9999
0.565857492387295 0.633936703205109 0.636515788733959 0.518928386271 0.523340836167336 0.699086777865887 0.829999264329672 0.987911927863024 1.18310305848718 1.44940643757582 1.76721677184105 1.54743908345699 1.60388152301311 1.48195309191942 1.38325645774603 1.52405981719494 1.44536300003529 1.41699975728989 1.41446971893311 1.77410638332367 2.28993132710457 1.84779147803783 1.5530498623848 1.56660002470016 1.82798331975937 2.12495005130768 2.35234740376472 2.41618251800537 2.4331836104393 1.63210870325565 1.25878368318081 1.48118158429861 1.85135056078434 2.01130750775337 1.72895383834839 -9999 -9999 -9999 -9999 -9999 -9999 -9999 -9999 -9999 -9999 -9999 -9999 -9999 -9999 -9999
0.740549992769957 0.631446018815041 0.672008827328682 0.811904899775982 0.818467803299427 0.852863788604736 1.03575991280377 1.22748941928148 1.29865463078022 1.51208890974522 1.52252328395844 1.32745757699013 1.36155854165554 1.48482637107372 1.40309390425682 1.29836159944534 1.39746259152889 1.58223016560078 1.83999779820442 2.05197003483772 1.96144025027752 2.00432771444321 1.67350222170353 1.78434330224991 1.92535117268562 1.90277557075024 2.06620013713837 2.11448565125465 2.2376324236393 2.02746719121933 1.65839806199074 1.1120724901557 0.879381854087114 0.930159484967589 1.43527044355869 2.14431896805763 1.68485355377197 1.61189751327038 1.53154765069485 1.51218630373478 1.82149578630924 1.87763054668903 2.07771375775337 2.17571359872818 -9999 -9999 -9999 -9999 -9999 -9999
0.881575677543879 0.923788785934448 0.930835008621216 0.852214846760035 0.796594526618719 0.953974237665534 1.07385401427746 1.16456701979041 1.15387285500765 1.33277148008347 1.21133691817522 1.19723543897271 1.2728006914258 1.45503281056881 1.42759802937508 1.4689966365695 1.56039530038834 1.72810086607933 2.10830369591713 1.95615476369858 1.83844691514969 1.86557219922543 1.86185255646706 1.87545837461948 1.89121887087822 1.65858192741871 1.79118713736534 1.93311558663845 2.01777558028698 1.72250500321388 1.6310044080019 1.40647782385349 1.23968597128987 1.22130313888192 1.434420324862 1.79830749332905 1.49026206880808 1.06827212031931 1.14655595645308 1.06100654602051 1.08995703235269 1.1135743893683 1.60989341139793 1.69914224743843 1.11146262474358 1.40531971305609 1.67466922104359 1.53371571004391 1.62323343753815 1.64866459369659
1.10622768290341 1.05256569758058 1.05157070606947 1.09274234622717 1.04841390158981 1.15991881862283 1.23409042134881 1.3157619535923 1.32287358492613 1.19209174066782 1.07397667318583 1.18336161971092 1.21724637597799 1.35946460813284 1.3696828559041 1.42106787115335 1.74256375432014 1.66583757102489 1.59459747374058 1.445043861866 1.48283580690622 1.49774134904146 1.52557873725891 1.47838576883078 1.44529142975807 1.45409377664328 1.61339184641838 1.56373010575771 1.70458021759987 1.46448562294245 1.38639109581709 1.38263004273176 1.15814102068543 1.02275752491551 1.16104075312614 1.48105999827385 1.6777922809124 1.46889033168554 1.11117349006236 0.943123266100883 0.96740648150444 0.874856263399124 1.03447275236249 1.07325589843094 0.864934120327234 0.831673912703991 1.29408034682274 1.11215353943408 0.808393374085426 1.2191332615912
1.07250562123954 1.1402772963047 1.15921564772725 1.10432076640427 1.19025907665491 1.29486422240734 1.27863580733538 1.30724080651999 1.29748979210854 1.37821626663208 1.40960942208767 1.42250254005194 1.45389560610056 1.51045534014702 1.75751519203186 1.70011110603809 1.4873846322298 1.31952776759863 1.15692082047462 1.10531390085816 1.11809098161757 1.14108536764979 1.155412979424 1.50224063545465 1.35306842625141 1.29606268554926 1.31422379612923 1.31921813637018 1.46289417147636 1.4162068516016 1.21553450450301 1.16352896392345 1.17208047583699 1.13375869765878 1.24093296378851 1.48542536050081 1.42393229901791 1.22345769032836 0.86156652122736 0.772341962903738 0.622284181416035 0.787892956286669 0.573001772165298 0.461443901062012 0.74247483164072 0.81059480085969 1.05688146781176 1.0805013589561 1.01212129741907 0.753241255879402
1.16061704978347 1.14965539798141 1.19619401916862 1.22223256900907 1.21243771538138 1.16697614267468 1.09868133254349 1.27605304867029 1.33410628139973 1.4236743375659 1.44374216347933 1.39181014150381 1.41954477131367 1.48861272633076 1.23101406544447 1.06758198142052 1.05498332995921 0.990051217377186 0.84278579056263 0.790187198668718 0.936179427430034 1.13809582404792 1.20534570887685 1.21809558570385 1.33967881649733 1.20126187801361 1.05001175636426 1.08826162852347 1.25101144984365 1.25426139682531 1.28384456038475 1.23942771181464 1.17568655312061 1.09678754210472 1.13472201116383 1.18898974359035 1.12242412380874 1.00719193927944 0.816293027251959 0.749727353453636 0.719995222985744 0.598262928426266 0.556697323918343 0.506298437714577 0.582848966121674 0.735515661537647 0.912348991259933 0.846849124878645 1.08368257246912 0.959015908651054
1.12739503756166 1.10786719061434 1.14167236164212 1.1293108612299 1.13194947317243 1.18042149394751 1.23339341953397 1.31819862127304 1.38605593889952 1.37263225018978 1.30204161256552 1.1847845800221 1.0083605820837 1.04043675446883 1.01934617816005 0.936589065939188 0.856665257364511 0.902908019721508 0.924317551776767 1.02139365673065 1.01726776111173 0.87893970310688 0.927945120260119 0.93845048174262 1.31445572525263 1.06929453555495 0.983966385945678 1.05813862849027 1.09564380720258 1.20814920589328 1.17648779973388 1.18415986374021 1.05329256271943 0.898552604019642 0.813646022230387 0.791239365935326 0.752332746982574 0.83209278061986 0.74251951277256 0.571612752974033 0.43920611590147 0.425466232001781 0.441726230084896 0.503986269235611 0.501056373119354 0.57843653857708 0.687650054693222 0.68703031539917 0.960243692621589 0.979290594346821
1.07000652514398 1.04474510625005 1.07098389603198 1.10905592516065 1.15662790834904 1.19303334504366 1.20393892377615 1.1968442350626 1.18183901906013 1.09759006276727 1.05350771266967 0.964425459504128 0.860509805381298 0.765427492558956 0.678678452968597 0.746429495513439 0.981180526316166 1.09143148362637 0.961182481609285 0.888766944408417 0.897856222465634 0.897116977721453 0.959544403478503 1.04230534890667 1.13956616818905 1.08332701493055 1.02192121307598 1.09184869937599 1.15960960462689 1.14070378988981 1.10779789090157 1.03922545653768 0.925065379589796 0.85265102609992 0.799903303384781 0.765988990664482 0.628574647009373 0.544827021658421 0.605579204857349 0.567164964973927 0.394584000110626 0.292169496417046 0.17375522851944 0.222840845584869 0.363097198307514 0.500024110078812 0.67278428375721 0.863378051668406 0.973471553064883 0.892565332353115
1.02095120213926 0.967290068976581 1.05396206770092 1.11863429658115 1.14597319811583 1.06031195260584 1.08698427304626 1.05515626911074 1.02328882925212 0.967214625328779 0.854473814368248 0.777233105152845 0.769658856093884 0.784918211400509 0.886343948543072 1.01543651457177 1.06469574943185 1.03762160846964 0.945380872115493 0.915640007704496 0.932444468140602 0.965627486817539 0.971143865026534 0.980993604287505 1.06334324087948 1.12935952469707 0.955375950783491 0.96355904173106 1.17174205556512 1.12442492879927 1.09277471899986 1.05612428486347 1.1226715054363 1.01624937984161 0.896160624921322 0.870071917772293 0.703316509723663 0.639394424855709 0.550972424447536 0.412550382316113 0.366794936358929 0.316372849047184 0.21295078843832 0.29436206817627 0.423304513096809 0.672445021569729 0.665918655693531 0.683725744485855 0.724366143345833 0.648173257708549
0.920562565326691 0.896501617506146 0.967107087373734 0.900712829083204 0.884818509221077 0.915757484734058 0.905529608950019 0.905468663200736 0.874071765691042 0.769672557711601 0.758773185312748 0.841707445681095 0.91447470523417 0.909742062911391 0.924342803657055 1.03661037655547 1.08937770687044 1.01531177700963 0.897245962172747 1.010180023266 1.06603286787868 0.992471375502646 0.965576650574803 1.04484846955165 1.12328699417412 1.18072535470128 1.10349734127522 1.09193581528962 1.17204106599092 1.093979453668 1.16191800311208 1.03552319481969 0.92211090400815 0.852014437317848 0.656751334667206 0.640321552753448 0.522225096821785 0.465462051331997 0.476032271981239 0.526102393865585 0.54217267781496 0.481909438967705 0.511479720473289 0.56155002117157 0.713678643107414 0.684199206531048 0.539053037762642 0.625740125775337 0.6215940117836 0.641614571213722
0.79850734770298 0.818879697471857 0.717085421085358 0.771957967430353 0.825163584202528 0.854535974562168 0.891741756349802 0.85228081420064 0.809521567076445 0.788463804870844 0.82857271283865 0.860014908015728 0.920123878866434 0.927399566397071 0.960175056941807 1.02078413031995 1.05789309833199 1.05466867471114 1.14644423499703 1.18038661405444 1.10962130129337 1.15564867854118 1.19650935381651 1.21053677052259 1.21539727598429 1.2252581268549 1.24961875006557 1.24531273543835 1.15084009617567 1.16453404352069 1.14922812208533 1.01225536316633 0.907550305128098 0.8579460978508 0.761841975152493 0.697904407978058 0.614966981112957 0.533862821757793 0.450092032551765 0.422321178019047 0.442550458014011 0.522279515862465 0.616342045366764 0.697237856686115 0.760886006057262 0.792286764830351 0.911687396466732 0.903254564851522 0.760155148804188 0.866555735468864
0.64195204526186 0.58242455124855 0.744063816964626 0.881369676440954 0.877842161804438 0.799314722418785 0.707787178456783 0.702926345169544 0.795804474502802 0.75275494158268 0.75887218862772 0.845155872404575 0.982273114845157 1.00722358073108 0.979674083180726 0.975957818329334 1.01990832632873 1.06985879503191 1.15664265304804 1.20325975120068 1.17704311013222 1.20149257406592 1.26310867443681 1.277891587466 1.22117439284921 1.15012391097844 1.07924016285688 1.20285624265671 1.22397242113948 1.21825522184372 0.976204833947122 0.71198757737875 0.434989780187607 0.291044510900974 0.0450992519035935 0.0586540792137384 -0.00595781703304965 0.0145970447920263 0.0756518859416246 0.130706515163183 0.14326136559248 0.233649522066116 0.38653764128685 0.620759092271328 0.640593476593494 0.784374214708805 0.954988315701485 0.964935641735792 1.0038830563426 1.03233047512913
0.647729985415936 0.673136025667191 0.682542063295841 0.576281376183033 0.63218729197979 0.631426557898521 0.713665902614594 0.772738508880138 0.800920911133289 0.83987956866622 0.912004923447967 1.04696360230446 1.19358882680535 1.11954752914608 1.10633955709636 1.07429828681052 1.12875687889755 1.12454915046692 1.11167421378195 1.11846632696688 1.11713147908449 1.14966980554163 1.06137479934841 0.956413172185421 0.93978475779295 0.988323138095438 1.08286140672863 1.084233074449 0.998604754917324 0.906809801235795 0.678848057985306 0.468053191900253 0.34076251834631 0.164809461683035 -0.00247671455144882 -0.0975963156670332 -0.0245491582900286 0.0629978589713573 0.194544970989227 0.258425377309322 0.286639042198658 0.352519564330578 0.358899913728237 0.42511360347271 0.399967633187771 0.477628394961357 0.863622583448887 0.966783445328474 0.97161091864109 0.841271843761206
