data/spatiotemp/temp3/bio2_norsw_test_2011_2014.asc
NCOLS 654 
NROWS 380 
XLLCORNER 3.91666666666667 
YLLCORNER 55.3333333333333 
CELLSIZE 0.0416666666666667 
NODATA_value -9999 
[rows 66 to 87 of 380, columns 500 to 549 of 654]
9.81988477706909 9.8404483795166 9.85234498977661 9.86057472229004 9.8614718914032 9.83736824989319 9.81993174552917 9.85649514198303 9.85239148139954 9.83962178230286 9.81885170936584 9.80674886703491 9.81125855445862 9.83204793930054 9.82183718681335 9.79262638092041 9.7660825252533 9.74453830718994 9.73999428749084 9.72545051574707 9.68890619277954 9.66669583320618 9.65115141868591 9.62260794639587 9.61254191398621 9.5999538898468 9.59803247451782 9.59111189842224 9.57819056510925 9.54793620109558 9.52668166160583 9.46709418296814 9.39783978462219 9.30858540534973 9.26366400718689 9.24307632446289 9.21276450157166 9.19672918319702 9.14102745056152 9.14065909385681 9.12195658683777 9.05158853530884 9.00421977043152 8.91151738166809 8.81414890289307 8.783447265625 8.80641174316406 8.77604293823242 8.73191833496094 8.66970467567444
9.76874446868896 9.79346656799316 9.83385610580444 9.83224534988403 9.79563450813293 9.80469012260437 9.82541275024414 9.80646872520447 9.76119136810303 9.71758031845093 9.70896935462952 9.69735860824585 9.72755670547485 9.76923036575317 9.80157065391541 9.77791118621826 9.74891781806946 9.7292582988739 9.72926497459412 9.7232723236084 9.70194578170776 9.68928575515747 9.6769597530365 9.66963315010071 9.66115427017212 9.63818860054016 9.60755610466003 9.61559104919434 9.57429242134094 9.54632639884949 9.488361120224 9.43406224250793 9.40076351165771 9.31546425819397 9.25483226776123 9.23586678504944 9.21988677978516 9.21655869483948 9.19323039054871 9.17590236663818 9.12490749359131 9.04791283607483 8.99625134468079 8.89759016036987 8.80559539794922 8.79260087013245 8.79493880271912 8.77427744865417 8.72718095779419 8.65698266029358
9.75493741035461 9.80881929397583 9.81303405761719 9.8065824508667 9.8111310005188 9.79367923736572 9.76789402961731 9.69710922241211 9.62832403182983 9.64987230300903 9.64908742904663 9.67563581466675 9.72352242469788 9.77374672889709 9.79663825035095 9.78886246681213 9.77042031288147 9.70397806167603 9.62153601646423 9.628093957901 9.67165160179138 9.69354295730591 9.68810081481934 9.65699195861816 9.62309956550598 9.58942270278931 9.57774615287781 9.53740334510803 9.476726770401 9.44304990768433 9.39704036712646 9.36769676208496 9.34135389328003 9.27034378051758 9.20366764068604 9.20099115371704 9.20267581939697 9.18638801574707 9.17976689338684 9.10614633560181 9.03685832023621 8.99823689460754 8.95694994926453 8.89499521255493 8.84804153442383 8.82175397872925 8.76813292503357 8.71217846870422 8.66377687454224 8.58192753791809
9.74213027954102 9.79783797264099 9.79121232032776 9.78525304794312 9.77462697029114 9.76566791534424 9.71870851516724 9.66874980926514 9.68545699119568 9.67049717903137 9.65653872489929 9.68124628067017 9.70682096481323 9.70559620857239 9.72103810310364 9.73714709281921 9.72025609016418 9.6916983127594 9.6398069858551 9.62324929237366 9.63235783576965 9.64546656608582 9.6265754699707 9.60835099220276 9.60637807846069 9.5976574420929 9.56493663787842 9.53621530532837 9.48116135597229 9.41944026947021 9.38471961021423 9.39599871635437 9.37327766418457 9.31322336196899 9.27350282669067 9.22444820404053 9.16946458816528 9.11588454246521 9.07363653182983 9.03905630111694 9.02047562599182 8.98789548873901 8.95264840126038 8.92573475837708 8.90348768234253 8.85824036598206 8.80299353599548 8.75607967376709 8.70903897285461 8.63420462608337
9.75466918945312 9.78573894500732 9.75580859184265 9.74654531478882 9.72794842720032 9.71235156059265 9.71942138671875 9.72682428359985 9.72756028175354 9.7572968006134 9.72869968414307 9.75476956367493 9.70369505882263 9.65280961990356 9.66259098052979 9.67903876304626 9.65815329551697 9.65626811981201 9.63638281822205 9.6528308391571 9.67627859115601 9.68039298057556 9.66184139251709 9.62095546722412 9.5926296710968 9.59553003311157 9.58176326751709 9.56332969665527 9.5348961353302 9.45979619026184 9.43236303329468 9.42626261711121 9.40382885932922 9.35372924804688 9.32029628753662 9.26352906227112 9.18387484550476 9.13666701316833 9.05812573432922 9.04291749000549 9.04937601089478 8.99450159072876 8.95362687110901 8.95008540153503 8.93654417991638 8.88000297546387 8.79846143722534 8.76792025566101 8.75055313110352 8.71702742576599
9.79488706588745 9.7785222530365 9.74082374572754 9.72645926475525 9.70542764663696 9.68206262588501 9.65603113174438 9.67733311653137 9.74130153656006 9.78993678092957 9.79490542411804 9.79487347602844 9.76381182670593 9.72038745880127 9.6929624080658 9.67820453643799 9.63544654846191 9.58668828010559 9.57059693336487 9.61417198181152 9.64774751663208 9.66432285308838 9.66856455802917 9.65213990211487 9.62585377693176 9.60403990745544 9.56822562217712 9.51641178131104 9.48426485061646 9.46711754798889 9.4393036365509 9.41948938369751 9.38234162330627 9.35886120796204 9.29204726219177 9.23523306846619 9.14590787887573 9.08340358734131 8.976567029953 8.90339660644531 8.86655926704407 8.84272241592407 8.87255167961121 8.91804814338684 8.91121125221252 8.86837410926819 8.79820370674133 8.76903319358826 8.73598551750183 8.72106075286865
9.80810499191284 9.77630567550659 9.72983932495117 9.7187066078186 9.71590733528137 9.70844101905823 9.67464113235474 9.67550849914551 9.70604276657104 9.75390982627869 9.78244352340698 9.7733108997345 9.75292897224426 9.72129774093628 9.72166705131531 9.71770310401917 9.67640590667725 9.63244199752808 9.61547780036926 9.61917996406555 9.62188267707825 9.60425186157227 9.58862113952637 9.59532380104065 9.60774445533752 9.59621667861938 9.55735540390015 9.51482772827148 9.49896597862244 9.49077177047729 9.46324348449707 9.43671560287476 9.3978545665741 9.36499309539795 9.28446531295776 9.19560408592224 9.11327362060547 8.97714138031006 8.81434154510498 8.70487546920776 8.61707592010498 8.58827662467957 8.65614366531372 8.72767782211304 8.72821140289307 8.73374533653259 8.73894596099854 8.73481273651123 8.72641825675964 8.71109461784363
9.79732275009155 9.73708868026733 9.69652080535889 9.67395353317261 9.69571971893311 9.72648572921753 9.72791790962219 9.73168420791626 9.73411679267883 9.74554920196533 9.7646484375 9.75441431999207 9.73004555702209 9.71187543869019 9.67003893852234 9.67053532600403 9.69103169441223 9.70786213874817 9.69535875320435 9.65285539627075 9.62635159492493 9.57751441001892 9.54034471511841 9.53884077072144 9.52996826171875 9.51372671127319 9.5061514377594 9.52157688140869 9.51000070571899 9.4960925579071 9.46985077857971 9.44160890579224 9.40670037269592 9.35912561416626 9.268883228302 9.20630812644958 9.16397333145142 9.08354496955872 8.98844957351685 8.92535448074341 8.81959271430969 8.70616364479065 8.65240216255188 8.5923068523407 8.50454497337341 8.48944997787476 8.53402161598206 8.57092618942261 8.63885045051575 8.68646144866943
9.74787402153015 9.71520519256592 9.75153708457947 9.7602014541626 9.73653244972229 9.7211971282959 9.73119497299194 9.74552655220032 9.76185750961304 9.75352263450623 9.74085402488708 9.71485209465027 9.67682957649231 9.62078666687012 9.56007719039917 9.57736754417419 9.65799140930176 9.70594906806946 9.70757269859314 9.66186308860779 9.62648701667786 9.55477738380432 9.49106788635254 9.49069166183472 9.46352577209473 9.46190357208252 9.49461436271667 9.49199223518372 9.47370266914368 9.45408034324646 9.442791223526 9.42250227928162 9.38754677772522 9.3405909538269 9.29030156135559 9.26501226425171 9.24667239189148 9.20661497116089 9.1668906211853 9.11649990081787 9.06044220924377 8.99105167388916 8.9343273639679 8.86560249328613 8.7088782787323 8.55582118034363 8.45076370239258 8.37637293338776 8.42594981193542 8.56482791900635
9.69442510604858 9.71832203865051 9.73588538169861 9.72678160667419 9.68567872047424 9.67790842056274 9.70513868331909 9.72470188140869 9.69926571846008 9.69749546051025 9.68772578239441 9.69862246513367 9.67161321640015 9.62369751930237 9.58478188514709 9.61086654663086 9.66261768341064 9.67903542518616 9.69478678703308 9.67687129974365 9.63895583152771 9.58070707321167 9.51445817947388 9.44520902633667 9.43674993515015 9.45941352844238 9.47574400901794 9.44740724563599 9.41073799133301 9.41806817054749 9.40373206138611 9.38639545440674 9.38439249992371 9.33905601501465 9.29038667678833 9.21538376808167 9.17803859710693 9.17501878738403 9.15199899673462 9.09864544868469 9.02529215812683 8.98127198219299 8.96791887283325 8.92523217201233 8.87487864494324 8.76685953140259 8.61550521850586 8.4291524887085 8.38771557807922 8.47186183929443
9.69264316558838 9.70410513877869 9.70190048217773 9.68036293983459 9.67182517051697 9.68462085723877 9.69374918937683 9.71721148490906 9.68833947181702 9.67680239677429 9.69659757614136 9.69305968284607 9.68773007392883 9.66560840606689 9.66982007026672 9.6763653755188 9.66557693481445 9.65212225914001 9.64100074768066 9.62154579162598 9.57342433929443 9.49163675308228 9.39084815979004 9.41705989837646 9.43797421455383 9.4155900478363 9.36687350273132 9.31548953056335 9.33243942260742 9.37338924407959 9.36533904075623 9.32828855514526 9.2999050617218 9.26452159881592 9.20680475234985 9.12342095375061 9.06973767280579 9.09775543212891 9.09377360343933 9.0387909412384 8.99047517776489 8.97549295425415 8.95551061630249 8.946861743927 8.91687893867493 8.85289692878723 8.7639148235321 8.63793230056763 8.58614802360535 8.61456203460693
9.67519426345825 9.68022179603577 9.67924928665161 9.6649432182312 9.65963745117188 9.65066504478455 9.65269255638123 9.67905354499817 9.69208073616028 9.71444177627563 9.7134690284729 9.69283008575439 9.66684722900391 9.66385293006897 9.66919183731079 9.66853070259094 9.63953685760498 9.63120913505554 9.62188124656677 9.61055397987366 9.57422661781311 9.52489900588989 9.46823859214783 9.43724370002747 9.41419792175293 9.34343385696411 9.29166960716248 9.28323888778687 9.28814125061035 9.27737712860107 9.23127937316895 9.23418188095093 9.22508454322815 9.18898677825928 9.15322303771973 9.13812494277954 9.11010384559631 9.05215907096863 8.99021458625793 8.87660312652588 8.89165830612183 8.88971352577209 8.9064359664917 8.92015767097473 8.92854619026184 8.93426823616028 8.91332364082336 8.83537840843201 8.81224751472473 8.82126235961914
9.70741200447083 9.69233798980713 9.65659737586975 9.62552428245544 9.62045049667358 9.60037636756897 9.61430239677429 9.6458957195282 9.67382168769836 9.67808127403259 9.67400789260864 9.65660071372986 9.63229703903198 9.63043022155762 9.62822961807251 9.65469646453857 9.66082954406738 9.63996243476868 9.61242914199829 9.58756232261658 9.53836178779602 9.51549530029297 9.46029496192932 9.41742825508118 9.37742233276367 9.29994368553162 9.27713227272034 9.28698778152466 9.27350950241089 9.28803133964539 9.24055361747742 9.17907500267029 9.12993025779724 9.11445188522339 9.11064124107361 9.11849594116211 9.10846996307373 9.07956290245056 9.03265595436096 8.93874907493591 8.92884159088135 8.93660140037537 8.95336103439331 8.95412039756775 8.95321321487427 8.97197270393372 8.9660656452179 8.91015839576721 8.85867953300476 8.83829569816589
9.68529653549194 9.66012120246887 9.62694644927979 9.59910488128662 9.59926319122314 9.59242153167725 9.59691309928894 9.61840510368347 9.63756275177002 9.63205456733704 9.62254643440247 9.6133713722229 9.59874701499939 9.56734085083008 9.54460191726685 9.57052850723267 9.5894558429718 9.5693826675415 9.55531001091003 9.53990340232849 9.53049755096436 9.48242425918579 9.40835165977478 9.37061214447021 9.37797951698303 9.34878778457642 9.29792857170105 9.21973657608032 9.18221139907837 9.2206859588623 9.25549387931824 9.21763515472412 9.1451096534729 9.11625075340271 9.07172536849976 8.97753357887268 8.96016955375671 8.980299949646 8.98309731483459 8.98022770881653 9.01469135284424 9.03082180023193 9.03128576278687 9.01308298110962 9.00954699516296 8.99201059341431 8.96714091300964 8.91960501670837 8.8887791633606 8.84966254234314
9.57484769821167 9.51223802566528 9.473628282547 9.5233519077301 9.53540921211243 9.52946591377258 9.54718971252441 9.56258010864258 9.56297063827515 9.56636095046997 9.56475114822388 9.55647468566895 9.55786442756653 9.54091858863831 9.49497294425964 9.4453604221344 9.41241502761841 9.44513607025146 9.43319058418274 9.45857834815979 9.47629952430725 9.44568729400635 9.3774082660675 9.32546281814575 9.36787033081055 9.35329747200012 9.29739141464233 9.24281907081604 9.19557929039001 9.17600703239441 9.19943451881409 9.22119474411011 9.2149555683136 9.17805004119873 9.05681014060974 8.94823789596558 8.95320224761963 9.03570365905762 9.07887125015259 9.09303998947144 9.0828742980957 9.05904269218445 9.04521107673645 9.01304578781128 8.99054741859436 8.95638179779053 8.93821692466736 8.91938495635986 8.88454484939575 8.83169651031494
9.48906540870667 9.45568776130676 9.36297726631165 9.43759942054749 9.47522211074829 9.44251108169556 9.4114670753479 9.43608903884888 9.50037813186646 9.52600049972534 9.50162291526794 9.47691202163696 9.47998070716858 9.48782920837402 9.46867752075195 9.38719296455383 9.3030412197113 9.2435564994812 9.23707151412964 9.28891968727112 9.33376836776733 9.31528306007385 9.30579805374146 9.2916464805603 9.25142788887024 9.31447434425354 9.29618763923645 9.24156785011292 9.20828151702881 9.11466145515442 9.11037492752075 9.15742182731628 9.17946839332581 9.17118144035339 9.12022876739502 9.04727458953857 9.03790140151978 9.0881073474884 9.09964632987976 9.09418535232544 9.08472466468811 9.05793046951294 9.05646944046021 9.03900837898254 9.03754734992981 9.01675319671631 8.97862553596497 8.93749809265137 8.86831092834473 8.82106304168701
9.49293398857117 9.49551200866699 9.49642419815063 9.51233625411987 9.51091456413269 9.47216010093689 9.410071849823 9.42198371887207 9.46522831916809 9.42280721664429 9.40905237197876 9.407630443573 9.42632532119751 9.40546846389771 9.38427805900574 9.37675452232361 9.3485643863678 9.2800407409668 9.11985063552856 9.09932708740234 9.23680353164673 9.2842800617218 9.28175687789917 9.18956637382507 9.15399265289307 9.22603559494019 9.25874400138855 9.22311997413635 9.21216201782227 9.14753794670105 9.12091374397278 9.14028930664062 9.14266514778137 9.14704084396362 9.16108345985413 9.14979243278503 9.12509059906006 9.12431120872498 9.12386560440063 9.09175276756287 9.07964038848877 9.07319378852844 9.07741475105286 9.08330225944519 9.06585621833801 9.03207683563232 8.99329781532288 8.93151807785034 8.8463397026062 8.80376195907593
9.48678541183472 9.49571084976196 9.51596927642822 9.5382285118103 9.5224871635437 9.46441245079041 9.44333744049072 9.46526312828064 9.47018790245056 9.44311380386353 9.42203903198242 9.3959641456604 9.38356280326843 9.35183477401733 9.33810710906982 9.32937932014465 9.31598448753357 9.30925679206848 9.24886178970337 9.24380040168762 9.25173878669739 9.22767782211304 9.161949634552 9.05688834190369 9.09189867973328 9.15197920799255 9.18739366531372 9.22814154624939 9.22755575180054 9.17163634300232 9.14238452911377 9.13646554946899 9.16387963294983 9.16296029090881 9.17437529563904 9.17278981208801 9.14110326766968 9.11264944076538 9.09319543838501 9.06974196434021 9.06095504760742 9.05283451080322 9.07204723358154 9.08392691612244 9.06347346305847 9.01335310935974 8.96956586837769 8.93344569206238 8.88563227653503 8.87112617492676
9.42763710021973 9.42690944671631 9.48451471328735 9.4844536781311 9.47472643852234 9.44933128356934 9.44760370254517 9.47254276275635 9.48448133468628 9.46875357627869 9.44569253921509 9.40329790115356 9.37746787071228 9.33386874198914 9.28926944732666 9.25933718681335 9.27040457725525 9.27913880348206 9.29653930664062 9.28760719299316 9.25000786781311 9.17440891265869 9.07014322280884 9.05621075630188 9.04813766479492 9.02592396736145 9.09171009063721 9.17549633979797 9.21728205680847 9.19940257072449 9.1858549118042 9.18664121627808 9.19609475135803 9.1632137298584 9.13700032234192 9.13311958312988 9.13578200340271 9.12265419960022 9.09152579307556 9.06306457519531 9.04993653297424 9.02714133262634 9.01868033409119 9.03388524055481 9.01175737380981 8.98629641532898 8.98183417320251 8.96870636940002 8.9572582244873 8.92715644836426
9.4958221912384 9.47310781478882 9.46172690391541 9.42434573173523 9.43729829788208 9.42558407783508 9.41853594779968 9.40715551376343 9.43377423286438 9.4440598487854 9.42401242256165 9.37929797172546 9.3260395526886 9.31556916236877 9.29943227767944 9.25862836837769 9.25382471084595 9.24802112579346 9.23055076599121 9.23374724388123 9.22827672958374 9.19314002990723 9.15633654594421 9.13619947433472 9.11971044540405 9.11153507232666 9.14202642440796 9.15585112571716 9.1610095500946 9.14416766166687 9.13165903091431 9.16915035247803 9.1683087348938 9.12946677207947 9.0649585723877 9.06445002555847 9.10779452323914 9.13365864753723 9.10218930244446 9.0770537853241 9.08325123786926 9.06744861602783 9.03697967529297 9.01817750930786 8.9997079372406 8.98457217216492 8.99076962471008 8.96963381767273 8.93721795082092 8.90652084350586
9.48734045028687 9.47330641746521 9.45627236366272 9.43690466880798 9.42587041854858 9.39183640480042 9.37113571166992 9.33710169792175 9.33106756210327 9.34136652946472 9.30933260917664 9.26096487045288 9.22794413566589 9.20660281181335 9.20559477806091 9.21591973304749 9.21124505996704 9.18490386009216 9.10656237602234 9.03255391120911 9.05121254920959 9.12120461463928 9.14119648933411 9.12085509300232 9.08961582183838 9.08781290054321 9.10767602920532 9.1368727684021 9.108402967453 9.08026647567749 9.09679651260376 9.13732671737671 9.14852285385132 9.0943865776062 9.00591659545898 9.00544667243958 9.07047319412231 9.11333012580872 9.12052011489868 9.12670969963074 9.12823271751404 9.13208866119385 9.11361193656921 9.07046890258789 9.02232527732849 9.00951504707336 8.9847047328949 8.95222806930542 8.92217683792114 8.91288471221924
9.40485906600952 9.39383816719055 9.39748430252075 9.40446352958679 9.39077615737915 9.34375524520874 9.29973483085632 9.23638105392456 9.18602728843689 9.17533993721008 9.12231945991516 9.06929850578308 9.03384876251221 9.02363586425781 9.05042314529419 9.10254430770874 9.11999845504761 9.1187858581543 9.00590658187866 8.85236048698425 8.84581446647644 8.98193550109863 9.07338976860046 9.07884383201599 9.0625216960907 9.05009007453918 9.07032608985901 9.10189414024353 9.13246297836304 9.13503193855286 9.11060070991516 9.14150214195251 9.16240453720093 9.14830660820007 9.11887502670288 9.13077712059021 9.14181923866272 9.15500092506409 9.1518497467041 9.13269901275635 9.13954758644104 9.15472936630249 9.11757850646973 9.05942702293396 8.9916090965271 8.94712448120117 8.94430637359619 8.96548891067505 8.95313620567322 8.93958187103271
