data/spatiotemp/temp3/bio2_norsw_test_2011_2014.asc
NCOLS 654 
NROWS 380 
XLLCORNER 3.91666666666667 
YLLCORNER 55.3333333333333 
CELLSIZE 0.0416666666666667 
NODATA_value -9999 
[rows 22 to 43 of 380, columns 450 to 499 of 654]
5.01260852813721 5.07826137542725 5.16692066192627 5.20941972732544 5.28025221824646 5.37608444690704 5.40525019168854 5.45191597938538 5.47191500663757 -9999 -9999 -9999 5.81357777118683 5.84524357318878 5.86679625511169 5.9366043806076 6.04330050945282 6.15634417533875 6.23303258419037 6.28592240810394 6.33695483207703 6.36465394496918 6.40068674087524 6.4280526638031 6.47508549690247 6.49711775779724 6.5202944278717 6.56061398983002 6.60926735401154 6.66192030906677 6.73224008083344 6.78455996513367 6.81921303272247 6.84853291511536 6.88618624210358 6.88617277145386 6.88449251651764 6.87047863006592 6.87141358852386 6.86362993717194 6.84717988967896 6.83706295490265 6.83561253547668 6.8321624994278 6.84337902069092 6.82359552383423 6.78514540195465 6.76436161994934 6.79724490642548 6.8217945098877
5.25362408161163 5.27679145336151 5.31039667129517 5.3308037519455 5.38501369953156 5.44313812255859 5.47904002666473 5.50850260257721 -9999 -9999 -9999 -9999 5.82816386222839 5.92635560035706 6.06946313381195 6.12079095840454 6.21019315719604 6.29820108413696 6.38266921043396 6.41913735866547 6.45293891429901 6.5024071931839 6.53320860862732 6.55301010608673 6.5734783411026 6.63027989864349 6.69083833694458 6.73948776721954 6.78280389308929 6.8511198759079 6.91110229492188 6.9454185962677 6.96473431587219 6.99138391017914 7.00169944763184 7.01034891605377 6.9939980506897 6.97264742851257 6.9711834192276 6.98427248001099 6.9710282087326 6.95145082473755 6.95420658588409 6.96296226978302 6.97171819210052 6.98347389698029 6.97689652442932 6.93698561191559 6.94807481765747 7.00616371631622
5.45497286319733 5.49098789691925 5.48753929138184 5.50562703609467 5.5469092130661 5.57963585853577 5.58180665969849 5.67356145381927 5.67573237419128 -9999 -9999 -9999 6.0510835647583 6.12086832523346 6.16194486618042 6.26609647274017 6.37051999568939 6.44354498386383 6.50778198242188 6.53568589687347 6.54792296886444 6.57615995407104 6.63639688491821 6.70963430404663 6.77553808689117 6.7944415807724 6.80171632766724 6.8440283536911 6.85534048080444 6.93931937217712 6.98496472835541 7.03627669811249 7.08825528621674 7.11323440074921 7.13687980175018 7.14619171619415 7.14683723449707 7.16114962100983 7.18661963939667 7.22124814987183 7.18887662887573 7.17083847522736 7.20146679878235 7.24409520626068 7.24505722522736 7.19301891326904 7.15098094940186 7.16927623748779 7.23590445518494 7.27519965171814
5.50964081287384 5.52529525756836 5.54143178462982 5.56448078155518 5.64239048957825 5.73316586017609 5.77521026134491 5.81176865100861 -9999 -9999 -9999 6.07387101650238 6.144003033638 6.24413526058197 6.29887092113495 6.39290738105774 6.51549816131592 6.57822239398956 6.64756178855896 6.69923424720764 6.75190687179565 6.80857968330383 6.82991898059845 6.86492490768433 6.88726401329041 6.89193677902222 6.91026067733765 6.9145690202713 6.9388769865036 6.99051880836487 6.99049377441406 7.04246854782104 7.12011015415192 7.18041837215424 7.23606014251709 7.27736818790436 7.32734298706055 7.33198475837708 7.34938943386078 7.38089048862457 7.39239203929901 7.38022601604462 7.38339400291443 7.31856191158295 7.2550630569458 7.24589776992798 7.2863986492157 7.33289980888367 7.31306767463684 7.39023542404175
5.57833766937256 5.63504755496979 5.67482435703278 5.71400094032288 5.81817734241486 5.92768728733063 5.98819708824158 6.01858925819397 -9999 6.12139344215393 -9999 6.13007974624634 6.25525593757629 6.38793241977692 6.4699079990387 6.55634951591492 6.65279126167297 6.72956609725952 6.79567444324493 6.846116065979 6.91489100456238 6.95666563510895 6.98110747337341 6.99254870414734 7.02165687084198 7.04076552391052 7.0661381483078 7.06310939788818 7.08241379261017 7.09738492965698 7.13002264499664 7.1883270740509 7.25496470928192 7.29926919937134 7.34424018859863 7.39454448223114 7.44584894180298 7.46781992912292 7.45849251747131 7.48453283309937 7.47090685367584 7.38594722747803 7.35298788547516 7.33936190605164 7.34906888008118 7.39610934257507 7.43781661987305 7.43085706233978 7.4332309961319 7.40393793582916
5.72901999950409 5.80424439907074 5.86996710300446 5.93785440921783 6.02674210071564 6.08129608631134 6.09085059165955 6.11381351947784 6.20090317726135 6.20153248310089 6.25690054893494 -9999 -9999 -9999 6.63244545459747 6.69726705551147 6.77986633777618 6.86191010475159 6.92562091350555 6.95933079719543 7.04352414608002 7.10975193977356 7.14896237850189 7.16717278957367 7.18138349056244 7.1962605714798 7.18101620674133 7.19965004920959 7.15828371047974 7.11358428001404 7.18321812152863 7.2878520488739 7.36781942844391 7.42011976242065 7.45508694648743 7.48905432224274 7.54635453224182 7.61598861217499 7.58892893791199 7.5708419084549 7.55842185020447 7.48866844177246 7.361248254776 7.17649495601654 7.16174125671387 7.26665461063385 7.40523433685303 7.35848081111908 7.39306092262268 7.47097373008728
5.84236884117126 5.90144085884094 5.95544290542603 6.02270805835724 6.09097349643707 6.13790512084961 6.17183721065521 6.26443564891815 6.33936738967896 6.36329936981201 6.43453907966614 6.52999639511108 -9999 6.8291380405426 6.86642014980316 6.91838645935059 6.96560835838318 7.04442095756531 7.12003886699677 7.15875661373138 7.19352543354034 7.25983810424805 7.31648397445679 7.34046375751495 7.36277663707733 7.37542223930359 7.39189386367798 7.38219034671783 7.38815379142761 7.38611733913422 7.43374717235565 7.46737706661224 7.52500712871552 7.54697036743164 7.57026720046997 7.60089719295502 7.68352711200714 7.74749064445496 7.72336542606354 7.65381765365601 7.60593688488007 7.56905591487885 7.49650871753693 7.31829464435577 7.1260803937912 7.15953278541565 7.27465224266052 7.26977133750916 7.38322401046753 7.50534319877625
5.93138480186462 5.98130404949188 5.99225211143494 6.03156185150146 6.14553797245026 6.24951434135437 6.36849045753479 6.47180008888245 6.5402364730835 6.58419680595398 6.64711356163025 6.70066595077515 6.78765118122101 6.88132452964783 6.95701992511749 7.01776826381683 7.08018326759338 7.14626467227936 7.20601284503937 7.27342784404755 7.33884263038635 7.38859105110168 7.41767299175262 7.45042109489441 7.47050273418427 7.51725113391876 7.55043792724609 7.57439756393433 7.58802378177643 7.61531686782837 7.62760961055756 7.6442357301712 7.69352829456329 7.71382117271423 7.74544751644135 7.76440644264221 7.84069991111755 7.85699260234833 7.80913496017456 7.77246010303497 7.69045209884644 7.57811069488525 7.40276956558228 7.40376102924347 7.46275281906128 7.42741143703461 7.53140330314636 7.521728515625 7.49572050571442 7.47104573249817
6.07506692409515 6.1291675567627 6.19239473342896 6.27974855899811 6.36310243606567 6.45178985595703 6.55114388465881 6.61516427993774 6.66685175895691 6.73453891277313 6.79922616481781 6.85958051681519 6.9496009349823 7.02062141895294 7.08339047431946 7.1485743522644 7.21442496776581 7.28294205665588 7.33879268169403 7.38597643375397 7.45682680606842 7.53867733478546 7.56852781772614 7.60904490947723 7.62089574337006 7.63174617290497 7.64064931869507 7.64093828201294 7.6528936624527 7.66318297386169 7.7014719247818 7.76809406280518 7.79438316822052 7.77200520038605 7.8472945690155 7.90091645717621 7.94620537757874 7.97382771968842 7.93790447711945 7.92043578624725 7.9169670343399 7.85783159732819 7.78536260128021 7.77622747421265 7.72775888442993 7.56729018688202 7.67282104492188 7.62101924419403 7.43954992294312 7.32841515541077
6.17141592502594 6.25069725513458 6.34153723716736 6.43760228157043 6.51900053024292 6.5930655002594 6.66279721260071 6.7311954498291 6.82592725753784 6.9209920167923 6.9887238740921 7.03078877925873 7.08518719673157 7.14058554172516 7.22209417819977 7.29638016223907 7.35866665840149 7.41261923313141 7.46757197380066 7.53752470016479 7.61147749423981 7.66376376152039 7.69471621513367 7.72800242900848 7.79162180423737 7.78724145889282 7.81419360637665 7.81581199169159 7.84109735488892 7.80104899406433 7.79333412647247 7.81195211410522 7.81423759460449 7.84818923473358 7.95147442817688 8.01009297370911 8.06571125984192 8.10632979869843 8.06934106349945 8.04041182994843 8.00548231601715 7.95988607406616 7.98295652866364 8.02936029434204 8.01609778404236 7.99083507061005 7.83657205104828 7.63730955123901 7.5647132396698 7.70178413391113
6.30109822750092 6.39289391040802 6.48467969894409 6.57012236118317 6.63156521320343 6.7100076675415 6.77311718463898 6.83289337158203 6.90733599662781 7.0034453868866 7.08488786220551 7.15066397190094 7.21477353572845 7.2918826341629 7.37046504020691 7.4221864938736 7.4679080247879 7.51629650592804 7.58201813697815 7.65973973274231 7.7237948179245 7.7731831073761 7.83223807811737 7.89062631130219 7.92601501941681 7.93973672389984 7.9714047908783 7.98235237598419 7.95663380622864 7.95824801921844 7.9601958990097 7.9441442489624 7.94409203529358 7.96637368202209 8.02965486049652 8.14260256290436 8.2365505695343 8.26783192157745 8.28111064434052 8.26905405521393 8.26399731636047 8.20294046401978 8.18888354301453 8.12049353122711 8.01077008247375 7.93138027191162 8.06099033355713 8.17860019207001 8.20987677574158 8.23415327072144
6.44578039646149 6.5270904302597 6.58548867702484 6.6343092918396 6.70479643344879 6.79461681842804 6.86443722248077 6.93125772476196 7.0067446231842 7.10223174095154 7.12571859359741 7.18920576572418 7.31302654743195 7.40051341056824 7.44550216197968 7.51565957069397 7.53014993667603 7.6023074388504 7.68613123893738 7.75428831577301 7.85511231422424 7.88526952266693 7.8974267244339 7.93691718578339 7.99674141407013 8.04589819908142 8.0656156539917 8.08555972576141 8.07517039775848 8.07744777202606 8.09039199352264 8.07733619213104 8.07428002357483 8.16622400283813 8.21983480453491 8.29644536972046 8.36105644702911 8.39433336257935 8.41621375083923 8.4430296421051 8.43884539604187 8.39499485492706 8.37747776508331 8.37429368495941 8.37610912322998 8.35225856304169 8.31240773200989 8.27222406864166 8.24837338924408 8.29452240467072
6.53935205936432 6.5969500541687 6.65932190418243 6.70013451576233 6.76394712924957 6.82642674446106 6.90090584754944 6.9603853225708 7.06053149700165 7.13934409618378 7.1904901266098 7.27330267429352 7.35244858264923 7.4745945930481 7.56294333934784 7.57249450683594 7.63537955284119 7.76659762859344 7.79214882850647 7.85336661338806 7.91891825199127 7.91380250453949 7.88102066516876 7.92923879623413 7.94178986549377 8.01267468929291 8.19775533676147 8.20069861412048 8.22564148902893 8.24525141716003 8.29419434070587 8.32413733005524 8.35874724388123 8.36935710906982 8.3886331319809 8.40257656574249 8.4115195274353 8.45846271514893 8.50698828697205 8.51643085479736 8.51753926277161 8.53298163414001 8.53775715827942 8.50886583328247 8.43964147567749 8.37975001335144 8.36185872554779 8.38696730136871 8.39840960502625 8.40551829338074
6.61647939682007 6.64513885974884 6.67951190471649 6.71026480197906 6.74068450927734 6.77110385894775 6.88585662841797 7.01894307136536 7.10936224460602 7.14778196811676 7.23286831378937 7.31262111663818 7.43504071235657 7.56979358196259 7.66745543479919 7.6843593120575 7.71859669685364 7.8498340845108 7.89840459823608 7.96097493171692 7.96154582500458 7.98711633682251 7.96602034568787 7.97992444038391 8.05816149711609 8.16606569290161 8.19915664196014 8.27643489837646 8.2520467042923 8.28765857219696 8.35893714427948 8.41921520233154 8.49716019630432 8.53410530090332 8.48371696472168 8.33966171741486 8.24660694599152 8.3118851184845 8.44476842880249 8.55659031867981 8.62174534797668 8.65923380851746 8.62938928604126 8.5905442237854 8.57969903945923 8.56318759918213 8.57767629623413 8.59516429901123 8.60398626327515 8.57214117050171
6.73927330970764 6.76332795619965 6.78636860847473 6.80639493465424 6.82208812236786 6.87111461162567 6.96680760383606 7.07250070571899 7.10719394683838 7.16255354881287 7.26024675369263 7.38360631465912 7.49796617031097 7.60965931415558 7.7123007774353 7.81889045238495 7.86781370639801 7.94640386104584 8.08699357509613 8.11558365821838 8.11150681972504 8.10609662532806 8.11535346508026 8.16161000728607 8.24486637115479 8.27479004859924 8.37722444534302 8.33250498771667 8.34945201873779 8.41006541252136 8.4906792640686 8.55162620544434 8.62290668487549 8.6495201587677 8.61680054664612 8.45008087158203 8.32036113739014 8.37697458267212 8.46454858779907 8.59074974060059 8.71861815452576 8.79481959342957 8.85468792915344 8.86255574226379 8.85942363739014 8.84762477874756 8.83249282836914 8.80702757835388 8.77256226539612 8.74843049049377
6.85773396492004 6.86818361282349 6.91522526741028 6.97552514076233 7.01315832138062 7.07612502574921 7.12709176540375 7.13905835151672 7.19402492046356 7.28265833854675 7.3722916841507 7.40425825119019 7.47855806350708 7.57319128513336 7.70381271839142 7.85242176055908 7.99003124237061 8.05230677127838 8.13458287715912 8.27652513980865 8.29213440418243 8.28041017055511 8.29068613052368 8.32196199893951 8.38757121562958 8.422847032547 8.47362637519836 8.45957493782043 8.53085732460022 8.58813953399658 8.63008832931519 8.6777036190033 8.72698616981506 8.75260186195374 8.78221750259399 8.71716618537903 8.66178178787231 8.70606398582458 8.76366186141968 8.83757638931274 8.90949082374573 8.99807190895081 9.02365326881409 9.01623368263245 8.97781467437744 8.96572923660278 8.93531012535095 8.91389131546021 8.87880563735962 8.85105323791504
6.93686127662659 6.95003950595856 6.96541559696198 7.02198874950409 7.12422871589661 7.20880222320557 7.26670944690704 7.28594946861267 7.2791895866394 7.35109627246857 7.46033644676208 7.54124331474304 7.66015005111694 7.76905715465546 7.87199127674103 7.95695316791534 8.04124808311462 8.13021004199982 8.25917208194733 8.34713339805603 8.43576216697693 8.45605754852295 8.45601963996887 8.48264789581299 8.53760957717896 8.5322380065918 8.50136113166809 8.49931192398071 8.60159611701965 8.64388036727905 8.71116399765015 8.7411150932312 8.79973220825195 8.85234975814819 8.90296721458435 8.90858507156372 8.90253567695618 8.92748689651489 8.97644209861755 9.0314028263092 9.09003019332886 9.12665724754333 9.13628482818604 9.12291216850281 9.08987283706665 9.05850005149841 9.05379366874695 9.06542134284973 9.03271532058716 8.99734258651733
7.02598834037781 7.05789506435394 7.07593858242035 7.13945198059082 7.20963251590729 7.25481295585632 7.33199334144592 7.44784021377563 7.48202061653137 7.53720116615295 7.62738132476807 7.7368950843811 7.80407547950745 7.85425579547882 7.94450330734253 8.00648438930511 8.08946526050568 8.15177965164185 8.27909457683563 8.37474238872528 8.4563901424408 8.50137114524841 8.52135229110718 8.57933306694031 8.64298105239868 8.58162879943848 8.49109554290771 8.53704833984375 8.62400126457214 8.69128704071045 8.77257323265076 8.83619236946106 8.89281177520752 8.96609854698181 9.01338410377502 9.04366993904114 9.04795622825623 9.06624269485474 9.10588908195496 9.17589592933655 9.24723625183105 9.24491000175476 9.21924996376038 9.22159028053284 9.20726370811462 9.18460416793823 9.17361092567444 9.1866180896759 9.15829133987427 9.16096544265747
7.16778242588043 7.18441760540009 7.23312866687775 7.28424942493439 7.30836987495422 7.32049024105072 7.41061067581177 7.52206468582153 7.60851871967316 7.69297254085541 7.78609311580658 7.82654702663422 7.87900066375732 7.93345499038696 7.9900153875351 8.08568263053894 8.15034961700439 8.26568329334259 8.33801698684692 8.41535067558289 8.49001741409302 8.53435134887695 8.60668516159058 8.68635201454163 8.73268580436707 8.7223527431488 8.72349715232849 8.73445153236389 8.74240636825562 8.80836081504822 8.8573157787323 8.91393733024597 8.976557970047 9.01684617996216 9.084801197052 9.1707558631897 9.22537708282471 9.25366497039795 9.32200217247009 9.38605570793152 9.36310839653015 9.33282899856567 9.28654909133911 9.25426840782166 9.26998853683472 9.27704119682312 9.29909467697144 9.3318145275116 9.31986808776855 9.32992124557495
7.37424290180206 7.37694001197815 7.354651927948 7.37171256542206 7.40777349472046 7.42950069904327 7.47022831439972 7.53062236309052 7.64734971523285 7.77374374866486 7.87313795089722 7.92119884490967 7.99125957489014 8.08698689937592 8.18219387531281 8.26221370697021 8.31756675243378 8.41125297546387 8.4669394493103 8.50162553787231 8.55864500999451 8.62066531181335 8.72768449783325 8.8017041683197 8.79972410202026 8.7937433719635 8.79489827156067 8.79752159118652 8.79914498329163 8.84743523597717 8.92539167404175 9.0186812877655 9.0643048286438 9.09859442710876 9.19421792030334 9.2925078868866 9.35046434402466 9.39908766746521 9.48011565208435 9.51821517944336 9.4836483001709 9.47208070755005 9.4998471736908 9.47294688224792 9.45804643630981 9.48281264305115 9.52024507522583 9.52901148796082 9.51077771186829 9.5045440196991
7.51503705978394 7.52679526805878 7.50750851631165 7.50850939750671 7.50651049613953 7.54384469985962 7.64217889308929 7.69784688949585 7.78051435947418 7.88984870910645 7.98218286037445 8.04118371009827 8.10351836681366 8.196852684021 8.29703903198242 8.36341154575348 8.43011724948883 8.48282313346863 8.54752826690674 8.60223388671875 8.70127272605896 8.77431178092957 8.84401750564575 8.85772323608398 8.8614284992218 8.8941342830658 8.92396688461304 8.97925853729248 8.98488354682922 9.01017546653748 9.07646703720093 9.14242577552795 9.19805121421814 9.253009557724 9.33596801757812 9.37559342384338 9.44155144691467 9.49951004981995 9.594562292099 9.62537455558777 9.63618755340576 9.65933299064636 9.73614573478699 9.73295831680298 9.68477082252502 9.64124989509583 9.69639563560486 9.68787527084351 9.61768746376038 9.55450010299683
7.56983125209808 7.61598455905914 7.64703214168549 7.61430656909943 7.57924747467041 7.61018860340118 7.75846338272095 7.86540448665619 7.95001220703125 8.03095352649689 8.09889447689056 8.16783607006073 8.2271101474762 8.26905155181885 8.33055114746094 8.37894260883331 8.42633450031281 8.47605919837952 8.56945109367371 8.62517595291138 8.71556711196899 8.82829189300537 8.87401723861694 8.86140894889832 8.89646697044373 8.93685865402222 9.03270173072815 9.10199522972107 9.09328889846802 9.14724969863892 9.2222101688385 9.28317046165466 9.30913090705872 9.31209111213684 9.41138482093811 9.48667883872986 9.5319721698761 9.5365993976593 9.6226761341095 9.68520092964172 9.69672679901123 9.76291918754578 9.80877780914307 9.8533034324646 9.84082865715027 9.82535433769226 9.81054639816284 9.76807165145874 9.66393041610718 9.61545586585999
