data/spatiotemp/temp3/bio2_norsw_test_2011_2014.asc
NCOLS 654 
NROWS 380 
XLLCORNER 3.91666666666667 
YLLCORNER 55.3333333333333 
CELLSIZE 0.0416666666666667 
NODATA_value -9999 
[rows 110 to 131 of 380, columns 600 to 649 of 654]
9.40547680854797 9.52183246612549 9.65452194213867 9.7432107925415 9.8189001083374 9.86858940124512 9.91327857971191 9.9346342086792 9.90544319152832 9.91337060928345 9.93596506118774 9.86822581291199 9.74815368652344 9.60741424560547 9.53234219551086 9.59760308265686 9.66286396980286 9.67379212379456 9.61371946334839 9.50998044013977 9.40671300888062 9.37458467483521 9.31578946113586 9.23466062545776 9.21586513519287 9.21173596382141 9.17627453804016 9.03947854042053 8.95535016059875 9.01722121238708 8.96942591667175 9.04629707336426 9.0697705745697 9.06284713745117 8.98792362213135 8.95433354377747 8.87540936470032 8.92848587036133 8.95356273651123 8.98330545425415 9.01438188552856 9.01045846939087 8.9112012386322 8.84527778625488 8.66431450843811 8.60664486885071 8.63830900192261 8.58263921737671 8.56030297279358 8.51329970359802
9.52314233779907 9.59950065612793 9.66252470016479 9.74754977226257 9.83857417106628 9.89726543426514 9.93428993225098 9.98998117446899 10.0184617042542 10.0240654945374 10.0073363780975 9.94794034957886 9.88487696647644 9.81414794921875 9.76208543777466 9.72102284431458 9.7016270160675 9.63123083114624 9.58450126647949 9.54043889045715 9.46017098426819 9.37603163719177 9.29889249801636 9.17908644676208 9.04828023910522 9.01247406005859 9.14766836166382 9.06519532203674 9.04438948631287 9.01425004005432 9.10544371604919 9.11730480194092 9.11345934867859 9.13657426834106 9.12168860435486 9.11913728713989 9.11458516120911 9.0520339012146 9.02048254013062 9.00259709358215 8.98104548454285 8.95716071128845 8.9059419631958 8.85639047622681 8.80411028862 8.67310166358948 8.58109307289124 8.61608409881592 8.5930757522583 8.6260666847229
9.54414200782776 9.59816837310791 9.62986135482788 9.73922109603882 9.80691480636597 9.88327431678772 9.93396711349487 10.020327091217 10.0631468296051 10.0597605705261 10.0370407104492 9.99898791313171 9.9359347820282 9.84454846382141 9.76982855796814 9.68510913848877 9.61972260475159 9.57033658027649 9.49195003509521 9.51989674568176 9.49229550361633 9.39947915077209 9.34132862091064 9.12884521484375 9.08202886581421 8.98754525184631 9.0667290687561 9.09391236305237 9.04142880439758 8.94661235809326 9.03979563713074 9.01864576339722 9.04014730453491 9.01663422584534 9.09778785705566 9.10894131660461 9.10676121711731 8.9879150390625 8.88973569869995 8.83122205734253 8.87704277038574 8.95652890205383 8.91934967041016 8.81416964530945 8.76357269287109 8.69722461700439 8.63487696647644 8.64952874183655 8.66618132591248 8.59683346748352
9.47114133834839 9.56217002868652 9.62719869613647 9.71889305114746 9.76258826255798 9.7989501953125 9.88197803497314 9.96133971214294 10.0244989395142 10.0037891864777 9.98107886314392 9.98736882209778 9.96265888214111 9.88561534881592 9.82257223129272 9.75386190414429 9.67115211486816 9.56644177436829 9.55506467819214 9.49902153015137 9.48808622360229 9.4659264087677 9.43243193626404 9.34960460662842 9.30544471740723 9.19861674308777 9.12878942489624 9.1026291847229 9.04513502120972 8.97830748558044 8.9158136844635 8.83298635482788 8.79483532905579 8.92136120796204 8.96588683128357 8.96274542808533 8.96393728256226 8.89179635047913 8.79098844528198 8.81918048858643 8.93737292289734 8.99489808082581 8.86209034919739 8.71361565589905 8.6143684387207 8.71034789085388 8.84299445152283 8.84430766105652 8.83828735351562 8.79560041427612
9.44847440719604 9.52917170524597 9.5925350189209 9.65423178672791 9.68259525299072 9.68595910072327 9.74698925018311 9.8473527431488 9.93185091018677 9.91748404502869 9.9007842540741 9.98341655731201 9.92938280105591 9.86068272590637 9.81531524658203 9.78528118133545 9.72491383552551 9.64554738998413 9.59484696388245 9.55814671516418 9.49187755584717 9.42003965377808 9.36753487586975 9.31003069877625 9.22785925865173 9.1746883392334 9.05485033988953 8.91567897796631 8.92117404937744 8.8693368434906 8.80249881744385 8.82866096496582 8.88519072532654 8.81742119789124 8.79665207862854 8.82954883575439 8.96611356735229 9.04301071166992 9.06124138832092 9.08313870429993 9.07836961746216 9.02626705169678 8.86683082580566 8.7353949546814 8.6528308391571 8.73880457878113 8.89011168479919 8.9527530670166 8.92139315605164 8.83870077133179
9.31847333908081 9.40517258644104 9.50187182426453 9.56190371513367 9.55560255050659 9.52530145645142 9.59933352470398 9.64636564254761 9.71020317077637 9.90951251983643 9.89715528488159 9.91979765892029 9.91744041442871 9.84008288383484 9.76972508430481 9.69936752319336 9.64201021194458 9.61331963539124 9.60162878036499 9.56660437583923 9.51833462715149 9.42982006072998 9.36197137832642 9.27212309837341 9.19927453994751 9.10909295082092 8.95857763290405 8.8097288608551 8.84821367263794 8.88369846343994 8.89118385314941 8.8463351726532 8.8512122631073 8.82048153877258 8.85641717910767 8.91802024841309 8.93595576286316 9.00689196586609 9.05449485778809 9.03343057632446 8.91803336143494 8.83830213546753 8.74457168579102 8.7341742515564 8.68562602996826 8.6989278793335 8.8072292804718 8.90419745445251 8.92216610908508 8.85180068016052
9.10880637168884 9.24284052848816 9.31554174423218 9.39724206924438 9.4612762928009 9.50464391708374 9.52001118659973 9.61437845230103 9.70255517959595 9.72787427902222 9.72185969352722 9.7085120677948 9.71949744224548 9.69481611251831 9.69713497161865 9.72278785705566 9.71710634231567 9.65575838088989 9.61441087722778 9.538729429245 9.41512584686279 9.24126720428467 9.19840812683105 9.08788228034973 9.02602314949036 9.10649728775024 8.83263850212097 8.73244595527649 8.80992007255554 8.86639428138733 8.87286853790283 8.87934255599976 8.84323406219482 8.8812084197998 8.91051626205444 8.82215762138367 8.86379837989807 8.87777304649353 8.86274766921997 8.76405596733093 8.72403001785278 8.74733781814575 8.73464608192444 8.70762038230896 8.63042235374451 8.53705096244812 8.54967999458313 8.72830939292908 8.85260534286499 8.89623403549194
8.9214723110199 8.94750881195068 9.03587818145752 9.18058085441589 9.34461665153503 9.44365262985229 9.48568940162659 9.52872538566589 9.60824084281921 9.63056945800781 9.70889806747437 9.75022602081299 9.74955439567566 9.72888350486755 9.69087862968445 9.70754051208496 9.72620224952698 9.72186422348022 9.68552613258362 9.60552096366882 9.52058362960815 9.46704721450806 9.32551121711731 9.21264147758484 9.22677206993103 9.16023516654968 9.14003205299377 9.10749578475952 9.07929301261902 8.98475646972656 8.88155364990234 8.90201687812805 8.91192245483398 8.93426895141602 8.94894814491272 8.91329503059387 8.93697452545166 8.95365452766418 8.96866750717163 8.90268063545227 8.7980272769928 8.75270676612854 8.77438616752625 8.76539969444275 8.73755097389221 8.66384100914001 8.55879783630371 8.54075455665588 8.62004470825195 8.6286678314209
8.89743900299072 8.94308829307556 9.0524046421051 9.17738771438599 9.26137042045593 9.32068729400635 9.30133676528931 9.21898651123047 9.30413341522217 9.41111159324646 9.57675576210022 9.65640044212341 9.66704511642456 9.65302276611328 9.62533402442932 9.61531233787537 9.60695648193359 9.60626721382141 9.52957844734192 9.44555616378784 9.33223962783813 9.22662878036499 9.12401723861694 9.06640648841858 9.13879537582397 9.1741840839386 9.14990615844727 9.07829546928406 9.0140175819397 8.94807291030884 8.92079520225525 8.89051747322083 8.86873006820679 8.86143279075623 8.85213589668274 8.88983869552612 8.84587502479553 8.76724433898926 8.80861377716064 8.88531708717346 8.87068653106689 8.9037230014801 8.9267590045929 8.90246224403381 8.8748562335968 8.67494177818298 8.46169376373291 8.40444660186768 8.38686490058899 8.36628389358521
8.9130380153656 8.98957967758179 9.05112147331238 9.11866331100464 9.11753821372986 9.03141307830811 8.98995471000671 9.11349630355835 9.24956774711609 9.34316754341125 9.45843458175659 9.53636813163757 9.54696798324585 9.54456806182861 9.53916811943054 9.54610157012939 9.5263683795929 9.45196843147278 9.33923530578613 9.27883553504944 9.27242732048035 9.23201036453247 9.17892718315125 9.13684415817261 9.11209392547607 9.12834358215332 9.12359380722046 9.08351039886475 9.01009392738342 9.0000102519989 9.02659392356873 9.0111768245697 8.95899081230164 8.8847017288208 8.89707851409912 8.92412257194519 8.93183374404907 8.87021088600159 8.80058813095093 8.85863208770752 8.8896758556366 8.84005355834961 8.77843070030212 8.70780777931213 8.65933775901794 8.53301978111267 8.43036913871765 8.38605117797852 8.33206653594971 8.35608267784119
8.91730451583862 8.92473816871643 8.87650489807129 8.92427182197571 8.96037244796753 8.85547304153442 8.96057295799255 9.04500675201416 9.1550018787384 9.1978907585144 9.18777942657471 9.27033543586731 9.35055756568909 9.42978000640869 9.43700218200684 9.4252245426178 9.41611337661743 9.37933611869812 9.34922504425049 9.31844782829285 9.16894769668579 9.09872555732727 9.15483689308167 9.19794797897339 9.19705939292908 9.14850354194641 9.07928133010864 9.01639246940613 9.01583695411682 9.01628088951111 8.92705893516541 8.79117035865784 8.89758467674255 8.92930316925049 8.89035511016846 8.85174012184143 8.79579186439514 8.8075098991394 8.86889505386353 8.93727993965149 8.84199810028076 8.80571675300598 8.71276879310608 8.58548736572266 8.51215219497681 8.44576501846313 8.40904402732849 8.38365626335144 8.36060214042664 8.34921455383301
8.88790369033813 8.87722992897034 8.85688853263855 8.85221409797668 8.87154006958008 8.90019869804382 8.97819113731384 9.03051686286926 9.06843519210815 9.1299467086792 9.18579149246216 9.2329695224762 9.26214742660522 9.28765845298767 9.29850339889526 9.36068105697632 9.37619280815125 9.33403730392456 9.29488205909729 9.24272704124451 9.21113562583923 9.21477437019348 9.22307991981506 9.24038577079773 9.23802447319031 9.13999652862549 8.99730205535889 8.88260746002197 8.88057994842529 8.88521885871887 8.87385725975037 8.88649678230286 8.90884566307068 8.87823843955994 8.90296459197998 8.89935708045959 8.82574963569641 8.79980897903442 8.80153560638428 8.83192825317383 8.82465434074402 8.74971389770508 8.71510672569275 8.62616610527039 8.56430006027222 8.47717618942261 8.40871858596802 8.37092804908752 8.33913731575012 8.3093466758728
8.85717034339905 8.86538743972778 8.82860517501831 8.81348943710327 8.8093740940094 8.83459138870239 8.86947584152222 8.91036009788513 8.89753556251526 8.92500281333923 9.02613639831543 9.08426976203918 9.12973713874817 9.20020389556885 9.21167087554932 9.17013812065125 9.10560488700867 9.13840532302856 9.1742057800293 9.15133929252625 9.19732284545898 9.24115610122681 9.25765585899353 9.2334897518158 9.21065640449524 9.14182281494141 9.03598928451538 8.94648933410645 8.92632269859314 8.93715572357178 8.92265629768372 8.8914897441864 8.82310652732849 8.84617352485657 8.8602409362793 8.84030771255493 8.79070782661438 8.83077549934387 8.93317580223083 9.00390982627869 8.98130989074707 8.80737709999084 8.6707775592804 8.57551169395447 8.50544810295105 8.46925401687622 8.46839380264282 8.49320006370544 8.44267225265503 8.33247876167297
8.71910285949707 8.73954582214355 8.72498893737793 8.7334315776825 8.75587463378906 8.74665117263794 8.74376034736633 8.77120351791382 8.8153030872345 8.80472564697266 8.90948152542114 8.97957062721252 9.05365991592407 9.079749584198 9.1171715259552 9.10592794418335 9.07968354225159 9.08777332305908 9.08119583129883 9.08128523826599 9.13084387779236 9.18453812599182 9.19389891624451 9.17926025390625 9.14662146568298 9.10164928436279 9.0646767616272 9.02303814888 9.00806593894958 9.00876045227051 8.99578809738159 9.00248289108276 9.00036692619324 8.96177530288696 8.88218355178833 8.86559176445007 8.77433323860168 8.73374104499817 8.89481616020203 8.86789107322693 8.86529922485352 8.76837420463562 8.61144876480103 8.53619074821472 8.4822633266449 8.47833251953125 8.48706865310669 8.48613834381104 8.41287469863892 8.32827734947205
8.66203641891479 8.68803763389587 8.70070576667786 8.71804070472717 8.7020423412323 8.65871024131775 8.65771198272705 8.72037982940674 8.77806997299194 8.81544828414917 8.90949320793152 9.00887131690979 9.05624938011169 9.05296111106873 9.09400629997253 9.0833842754364 9.01309609413147 8.9564745426178 8.92918562889099 8.94723105430603 8.99136424064636 9.06958651542664 9.09314179420471 9.09203100204468 9.06958675384521 9.04314231872559 9.0120313167572 8.99258685112 8.98547530174255 9.0050311088562 9.00925374031067 9.01880884170532 9.03029465675354 9.00637698173523 9.00145983695984 9.01954221725464 8.95695829391479 8.86037421226501 8.793790102005 8.72953915596008 8.67495536804199 8.61603760719299 8.60178685188293 8.6715362071991 8.70741081237793 8.58174395561218 8.43407702445984 8.39141011238098 8.36174321174622 8.3144097328186
8.64796900749207 8.62519550323486 8.62742257118225 8.61198282241821 8.60454320907593 8.58676981925964 8.60232996940613 8.62189030647278 8.64250373840332 8.66883754730225 8.70717144012451 8.79350543022156 8.8318395614624 8.84450674057007 8.87750697135925 8.89317464828491 8.8561749458313 8.84550905227661 8.89450931549072 8.91017723083496 8.90221858024597 8.93796873092651 8.95871877670288 8.9511353969574 8.9698851108551 9.00463509559631 9.01738524436951 9.01480150222778 9.03255152702332 9.05430221557617 9.0340518951416 9.01680159568787 9.0172221660614 9.03964567184448 9.04840278625488 9.04349279403687 9.00358295440674 8.92567348480225 8.82909727096558 8.80818724632263 8.78961110115051 8.71236801147461 8.73079180717468 8.7805483341217 8.7902250289917 8.62948846817017 8.56775212287903 8.59268188476562 8.60994505882263 8.57254147529602
8.62056827545166 8.58002042770386 8.5298056602478 8.50692462921143 8.50170993804932 8.53716230392456 8.56628179550171 8.58240032196045 8.58493781089783 8.57422709465027 8.59351682662964 8.66580581665039 8.73376250267029 8.7597188949585 8.77534174919128 8.8202977180481 8.84958696365356 8.91620993614197 8.98349976539612 8.97778916358948 8.94340634346008 8.88368368148804 8.82396173477173 8.8019061088562 8.83485054969788 8.90746188163757 8.94473910331726 9.01101732254028 9.05029511451721 9.04790568351746 9.03051733970642 9.01046133041382 9.01048278808594 9.02991437911987 9.07134556770325 9.0854434967041 9.06554174423218 9.00663948059082 8.94340419769287 8.93783569335938 8.90760040283203 8.88436484336853 8.80279612541199 8.74689388275146 8.74170613288879 8.712233543396 8.73375988006592 8.79795360565186 8.8181471824646 8.82134103775024
8.61550140380859 8.56517887115479 8.56185603141785 8.52386689186096 8.51587748527527 8.56888818740845 8.60256576538086 8.6265766620636 8.64770460128784 8.64428353309631 8.62019538879395 8.66810655593872 8.73435235023499 8.77026414871216 8.79850935935974 8.82508730888367 8.84599947929382 8.88991117477417 8.93882298469543 8.95906805992126 8.95659375190735 8.91773271560669 8.85687136650085 8.85701036453247 8.84414863586426 8.85195469856262 8.87509393692017 8.94056558609009 8.97903776168823 8.95284342765808 8.91531610488892 8.90412163734436 8.96074366569519 9.01151585578918 9.06528878211975 9.07306122779846 9.06583309173584 9.02693843841553 8.99404454231262 8.9548168182373 8.91192245483398 8.89169502258301 8.83080053329468 8.77323961257935 8.73652100563049 8.70964503288269 8.70143508911133 8.76189231872559 8.84434914588928 8.88647270202637
8.62643361091614 8.59066987037659 8.55557298660278 8.57880902290344 8.58737850189209 8.55328130722046 8.58118438720703 8.65075325965881 8.64247226715088 8.61133933067322 8.57820677757263 8.63507413864136 8.69560837745667 8.7154757976532 8.74134373664856 8.78154373168945 8.80174469947815 8.77427887916565 8.76948022842407 8.88734722137451 8.94711399078369 8.9427809715271 8.92911458015442 8.9481143951416 8.96811413764954 8.97678089141846 8.9407811164856 8.93911385536194 8.94444727897644 8.94678115844727 8.97111439704895 8.97078108787537 8.97667074203491 9.06278419494629 9.10423135757446 9.08934450149536 9.02612471580505 9.02990484237671 9.07468485832214 9.02979826927185 8.96824526786804 8.93902540206909 8.88680553436279 8.83225202560425 8.75833582878113 8.70272350311279 8.67911028862 8.75616359710693 8.84621810913086 8.88993835449219
8.58936643600464 8.59116148948669 8.53695678710938 8.56675124168396 8.56121230125427 8.54100751876831 8.5591356754303 8.64859676361084 8.66657209396362 8.63306212425232 8.60055184364319 8.64470815658569 8.72786474227905 8.80235457420349 8.83451104164124 8.83266735076904 8.83415746688843 8.82631349563599 8.77780342102051 8.82429337501526 8.86596870422363 8.84349656105042 8.85902404785156 8.90555191040039 8.9267463684082 8.92994046211243 8.90213513374329 8.87266302108765 8.85852384567261 8.91438460350037 8.97824645042419 8.99044036865234 8.99793195724487 9.02771949768066 9.05817437171936 9.06162858009338 9.06474995613098 9.06087064743042 9.08932566642761 9.02977991104126 8.9785680770874 8.98302221298218 8.9438099861145 8.88593125343323 8.87015056610107 8.8074676990509 8.75978493690491 8.80810213088989 8.83408665657043 8.80907011032104
8.54823970794678 8.50257325172424 8.49624013900757 8.53224062919617 8.54424071311951 8.50324106216431 8.54290819168091 8.60690832138062 8.68381547927856 8.71762990951538 8.7017776966095 8.71459197998047 8.73173999786377 8.75922131538391 8.80736875534058 8.82185006141663 8.83533096313477 8.82547903060913 8.80629301071167 8.83777475357056 8.83970332145691 8.83174729347229 8.88079142570496 8.91650247573853 8.90854644775391 8.89492321014404 8.86096715927124 8.84301137924194 8.86172199249268 8.86309909820557 8.90514326095581 8.92318749427795 8.95460247993469 8.99838900566101 9.02684211730957 9.01829481124878 8.96808099746704 8.95886754989624 8.97898745536804 8.97944045066833 8.95889329910278 8.94101333618164 8.83713316917419 8.80225276947021 8.78382182121277 8.77917385101318 8.81619215011597 8.84921145439148 8.84323024749756 8.79058194160461
8.49005246162415 8.50423836708069 8.47609162330627 8.47427749633789 8.47113037109375 8.3966498374939 8.38683557510376 8.46768832206726 8.55720186233521 8.66471004486084 8.69388461112976 8.72772622108459 8.7759006023407 8.8207426071167 8.8552508354187 8.89809226989746 8.91693329811096 8.88544154167175 8.84794974327087 8.84612417221069 8.86231923103333 8.85686826705933 8.85675048828125 8.85963201522827 8.89318060874939 8.89106249809265 8.86727786064148 8.85415983200073 8.863041639328 8.87625646591187 8.9181387424469 8.97568726539612 9.0066831111908 9.02845859527588 9.04690098762512 9.03701019287109 9.0097861289978 8.96256184577942 8.91367077827454 8.88344669342041 8.83655548095703 8.80133152008057 8.79177379608154 8.76988291740417 8.71868300437927 8.73117446899414 8.80499911308289 8.81515717506409 8.82531476020813 8.79180598258972
