data/spatiotemp/temp3/bio2_norsw_test_2011_2014.asc
NCOLS 654 
NROWS 380 
XLLCORNER 3.91666666666667 
YLLCORNER 55.3333333333333 
CELLSIZE 0.0416666666666667 
NODATA_value -9999 
[rows 220 to 241 of 380, columns 550 to 599 of 654]
7.9141925573349 7.88762438297272 7.79772353172302 7.71948873996735 7.58492076396942 7.44068658351898 7.37611842155457 7.34621727466583 7.45864927768707 7.65574765205383 7.77090299129486 7.80411374568939 7.66565799713135 7.59153521060944 7.65541291236877 7.66562366485596 7.64083456993103 7.65571212768555 7.64625644683838 7.62780070304871 7.60234487056732 7.57388877868652 7.5711807012558 7.58088719844818 7.59092664718628 7.60563290119171 7.56100594997406 7.45071220397949 7.34941852092743 7.28379118442535 7.26183080673218 7.2248706817627 7.20457696914673 7.17995011806488 7.17669653892517 7.2688170671463 7.34027111530304 7.29172480106354 7.22384512424469 7.13129913806915 6.99875283241272 6.85320663452148 6.76699388027191 6.75378084182739 6.78056824207306 6.87868881225586 6.99909460544586 7.10711884498596 7.26681005954742 7.42950105667114
7.72570502758026 7.76432991027832 7.75728809833527 7.6545797586441 7.59453797340393 7.55449640750885 7.50145494937897 7.49941301345825 7.58237171173096 7.65999639034271 7.73357427120209 7.78043854236603 7.72763586044312 7.69083309173584 7.70103025436401 7.66689455509186 7.64875853061676 7.65895581245422 7.62682008743286 7.59368395805359 7.53754758834839 7.5207451581955 7.52133059501648 7.52863669395447 7.4866099357605 7.46024966239929 7.42655611038208 7.34586226940155 7.26883554458618 7.30980837345123 7.32578158378601 7.26708793640137 7.2257274389267 7.1840341091156 7.15461909770966 7.20714926719666 7.21534657478333 7.18454372882843 7.15307402610779 7.16960465908051 7.09280157089233 6.99866533279419 6.949862241745 6.84072625637054 6.77958989143372 6.74978709220886 6.82278823852539 6.8815929889679 7.00106453895569 7.16686987876892
7.61921715736389 7.73203527927399 7.75285303592682 7.68267095088959 7.66715562343597 7.70664012432098 7.72679102420807 7.74660909175873 7.72342693805695 7.6865781545639 7.71191239356995 7.75542962551117 7.71894681453705 7.67746388912201 7.68664789199829 7.67183172702789 7.66101562976837 7.62886595726013 7.57938349246979 7.5572338104248 7.48208439350128 7.47360134124756 7.48114669322968 7.48871946334839 7.42362654209137 7.33919954299927 7.31577265262604 7.3050125837326 7.25291907787323 7.25482535362244 7.26539874076843 7.26363849639893 7.26554501056671 7.19945132732391 7.16320872306824 7.15648186206818 7.14308893680573 7.12536251544952 7.120969414711 7.11557674407959 7.05985033512115 6.98012375831604 6.97939777374268 6.97433757781982 6.90294480323792 6.85621821880341 6.83214795589447 6.86373341083527 6.88498556613922 7.00123763084412
7.64239621162415 7.73740708827972 7.74308466911316 7.72842860221863 7.75477278232574 7.75611686706543 7.78379428386688 7.7951385974884 7.77848279476166 7.75849318504333 7.72858417034149 7.7190877199173 7.66592466831207 7.62576174736023 7.62493228912354 7.58910238742828 7.53093945980072 7.5141099691391 7.49328017234802 7.45811724662781 7.44428765773773 7.42312467098236 7.39362943172455 7.39380300045013 7.35030961036682 7.27881622314453 7.26232266426086 7.23749613761902 7.17033588886261 7.14750921726227 7.14034926891327 7.1275223493576 7.11802935600281 7.12020230293274 7.11813080310822 7.09781444072723 7.12316477298737 7.11618161201477 7.12653183937073 7.12388217449188 7.01489877700806 6.89991581439972 6.85526621341705 6.81494975090027 6.77729964256287 6.73064970970154 6.72884130477905 6.63620734214783 6.76090681552887 6.80193948745728
7.6745753288269 7.69277882575989 7.69631600379944 7.69485294818878 7.70005655288696 7.6855936050415 7.74246442317963 7.7833343744278 7.77820515632629 7.76940870285034 7.73792219161987 7.69007885456085 7.63590276241302 7.59105932712555 7.56354939937592 7.47837293148041 7.40419661998749 7.35635328292847 7.37784373760223 7.34600055217743 7.36782395839691 7.39064753055573 7.37077939510345 7.32021915912628 7.25265944004059 7.19043278694153 7.10987281799316 7.06131291389465 7.041419506073 7.05985963344574 7.06396651268005 7.02440667152405 7.01517999172211 7.02328670024872 7.04305326938629 7.04481339454651 7.08990681171417 7.08066725730896 7.05476057529449 6.99518752098083 6.86594784259796 6.77470779418945 6.72146785259247 6.70089471340179 6.64998817443848 6.61908173561096 6.6422016620636 6.6103481054306 6.62616121768951 6.67597413063049
7.62342095375061 7.64715111255646 7.66454756259918 7.65927731990814 7.63667404651642 7.63240361213684 7.6524670124054 7.70153057575226 7.71892702579498 7.73032367229462 7.68826019763947 7.64607012271881 7.6082136631012 7.55669057369232 7.49316680431366 7.40131020545959 7.35978722572327 7.30293023586273 7.29807388782501 7.27255046367645 7.27169394493103 7.27750396728516 7.26126205921173 7.19663572311401 7.14434242248535 7.11804962158203 7.03608965873718 6.95512986183167 6.98483657836914 6.99887657165527 7.03158366680145 6.99662387371063 7.03066408634186 7.03870403766632 6.97764265537262 6.96814620494843 6.98898267745972 7.00281965732574 6.92532277107239 6.84949290752411 6.76499652862549 6.68283295631409 6.67600286006927 6.64450645446777 6.62367653846741 6.60284638404846 6.59089505672455 6.64348876476288 6.63474881649017 6.69934213161469
7.50896000862122 7.52137887477875 7.5884644985199 7.63288331031799 7.64530181884766 7.60538733005524 7.51313960552216 7.55222487449646 7.65664374828339 7.68139600753784 7.65537297725677 7.65257370471954 7.62844157218933 7.56697642803192 7.471510887146 7.40371203422546 7.34857988357544 7.28578126430511 7.19998252391815 7.19485008716583 7.22638475894928 7.22791910171509 7.12569582462311 7.06538105010986 7.03473293781281 7.00141799449921 6.99243640899658 6.99378848075867 6.98680651187897 6.97882509231567 6.95551037788391 6.94219553470612 6.95588064193726 6.96889913082123 6.88424777984619 6.94792675971985 6.96860563755035 6.99595105648041 6.92263031005859 6.88430917263031 6.82932126522064 6.80233359336853 6.76901280879974 6.70602452754974 6.68737077713013 6.71971583366394 6.76252925395966 6.69447708129883 6.65075814723969 6.66937208175659
7.59319305419922 7.55079627037048 7.55140006542206 7.58300375938416 7.62794077396393 7.60587751865387 7.61581456661224 7.63641798496246 7.67135500907898 7.70929205417633 7.72125887870789 7.66558933258057 7.57425320148468 7.4825838804245 7.41258072853088 7.35157799720764 7.30457496643066 7.27290570735931 7.20923626422882 7.18489992618561 7.16523027420044 7.10256040096283 7.03241336345673 6.91878843307495 6.84783017635345 6.8152049779892 6.83691322803497 6.92328834533691 6.9153299331665 6.92637145519257 6.9100798368454 6.89245462417603 6.89382994174957 6.91553819179535 6.91053545475006 6.97915554046631 6.99210929870605 7.00972938537598 6.96868252754211 6.9779691696167 6.92958950996399 6.8595427274704 6.87582993507385 6.80611646175385 6.82573652267456 6.94168996810913 6.94643747806549 6.92531323432922 6.88152158260345 6.81539678573608
7.55642592906952 7.63421404361725 7.68033564090729 7.67045772075653 7.69191265106201 7.68270099163055 7.65648972988129 7.65027785301208 7.63139951229095 7.60818791389465 7.57947838306427 7.49160528182983 7.45373153686523 7.44785785675049 7.40531730651855 7.3567773103714 7.33057022094727 7.31502997875214 7.26482307910919 7.16728270053864 7.09074223041534 7.00820207595825 6.87513077259064 6.7475289106369 6.66759395599365 6.60632562637329 6.70838975906372 6.83145475387573 6.82085299491882 6.78525102138519 6.7759827375412 6.76604747772217 6.80011236667633 6.8048437833786 6.8068231344223 6.88938474655151 6.95461249351501 6.9958404302597 6.99740183353424 7.01262950897217 6.93785727024078 6.90008544921875 6.9956465959549 7.01554119586945 7.03976929187775 7.0763304233551 7.08667922019958 7.09381544589996 7.08261823654175 7.06042158603668
7.47832524776459 7.60096514225006 7.67060518264771 7.6645781993866 7.67221808433533 7.65452456474304 7.65849781036377 7.67213785648346 7.68844413757324 7.61908388137817 7.55203199386597 7.41695404052734 7.38620972633362 7.42979872226715 7.41172087192535 7.39030981063843 7.38489878177643 7.33348751068115 7.25807666778564 7.15666556358337 7.00892114639282 6.88284361362457 6.80318188667297 6.71893668174744 6.6846911907196 6.62711238861084 6.70186698436737 6.77828824520111 6.73837625980377 6.68246424198151 6.64521872997284 6.69030678272247 6.69106113910675 6.65714943408966 6.56211113929749 6.65261352062225 6.8314493894577 6.9236181974411 6.96312081813812 6.95195639133453 6.87945902347565 6.86629438400269 6.98013055324554 7.07429921627045 7.11813509464264 7.15097081661224 7.15125405788422 7.13331818580627 7.14638185501099 7.18144607543945
7.66789150238037 7.69438278675079 7.71587407588959 7.69103229045868 7.68452322483063 7.66234815120697 7.69850623607635 7.687664270401 7.67515563964844 7.63598001003265 7.57258474826813 7.45530295372009 7.39868783950806 7.43073952198029 7.38979089260101 7.33750915527344 7.29622745513916 7.27094519138336 7.20833015441895 7.11038160324097 7.04609990119934 6.97081816196442 6.92756617069244 6.85534405708313 6.77712202072144 6.71623289585114 6.72367715835571 6.72578823566437 6.71389937400818 6.64267718791962 6.63878846168518 6.66589915752411 6.66167712211609 6.61145508289337 6.58973217010498 6.71584248542786 6.89161920547485 6.97672963142395 7.01150643825531 6.98994994163513 6.980393409729 6.98650372028351 7.03628075122833 7.13005769252777 7.20783460140228 7.24361145496368 7.22782921791077 7.23448729515076 7.22247886657715 7.22813749313354
7.76612436771393 7.76546716690063 7.79747664928436 7.79148638248444 7.80416250228882 7.7841717004776 7.74351453781128 7.69885730743408 7.67653334140778 7.6482093334198 7.59147107601166 7.5056517124176 7.41416609287262 7.36001372337341 7.31619441509247 7.27104187011719 7.21155571937561 7.15506982803345 7.08691740036011 7.03876507282257 7.00194561481476 7.01179313659668 6.99428355693817 6.95441794395447 6.90055251121521 6.83335328102112 6.66982078552246 6.56928849220276 6.631756067276 6.67889046669006 6.59335815906525 6.52882528305054 6.60795962810516 6.64609396457672 6.73735344409943 6.81340444087982 6.86578929424286 6.89117395877838 6.94122552871704 6.99127674102783 7.03799498081207 7.04071283340454 7.08409774303436 7.16814935207367 7.27386713027954 7.30358517169952 7.30673706531525 7.28198981285095 7.26457607746124 7.23416197299957
7.77269053459167 7.77088499069214 7.7607456445694 7.75660693645477 7.7784675359726 7.75266182422638 7.6918557882309 7.64371705055237 7.61991119384766 7.5711053609848 7.4960241317749 7.40633380413055 7.32531082630157 7.26195418834686 7.19426441192627 7.16157424449921 7.13388419151306 7.08586120605469 6.99583756923676 6.92414772510529 6.94812452793121 6.97610092163086 6.9960013628006 6.9941588640213 6.95198285579681 6.88114035129547 6.60963106155396 6.40945506095886 6.46261239051819 6.53610336780548 6.4755939245224 6.45275127887726 6.5895756483078 6.69539928436279 6.79264092445374 6.85430014133453 6.8832927942276 6.95461857318878 7.02961111068726 7.10327064990997 7.181596159935 7.21425569057465 7.22591483592987 7.28857409954071 7.36723351478577 7.41555905342102 7.366978764534 7.34249258041382 7.33067262172699 7.32351970672607
7.75058996677399 7.78496921062469 7.74901485443115 7.72672712802887 7.73077273368835 7.68215215206146 7.6395308971405 7.60491025447845 7.59062242507935 7.55400145053864 7.48191022872925 7.40468323230743 7.3341224193573 7.22689509391785 7.11433446407318 7.07310700416565 7.06387972831726 7.04498553276062 6.95375800132751 6.90453040599823 6.89763641357422 6.91440916061401 6.94371902942657 6.94956612586975 6.94708001613617 6.8565936088562 6.62610793113708 6.45328831672668 6.46980226039886 6.54631614685059 6.53849697113037 6.55301058292389 6.67619132995605 6.79603815078735 6.85692882537842 6.90452909469604 6.9551295042038 7.05706322193146 7.17699694633484 7.24493062496185 7.32153141498566 7.35279810428619 7.37039875984192 7.42133224010468 7.51359939575195 7.55586659908295 7.49688708782196 7.439661860466 7.39176964759827 7.32454431056976
7.72248935699463 7.73505342006683 7.69795083999634 7.68718111515045 7.67474496364594 7.64697551727295 7.61920571327209 7.57243621349335 7.58633375167847 7.56989741325378 7.50279700756073 7.43303203582764 7.360267162323 7.27450263500214 7.19240438938141 7.14197289943695 7.10387480258942 7.03077661991119 6.93101179599762 6.85624706745148 6.8564817905426 6.87805044651031 6.87543678283691 6.87564039230347 6.84784400463104 6.7963809967041 6.68525159358978 6.61378860473633 6.6379919052124 6.68352949619293 6.66073286533356 6.65960311889648 6.67047345638275 6.75267720222473 6.83621644973755 6.86542451381683 6.94029951095581 7.03550779819489 7.1650493144989 7.26859092712402 7.39379906654358 7.48134076595306 7.51854908466339 7.57009029388428 7.65763223171234 7.68484032154083 7.61979579925537 7.50049781799316 7.38886666297913 7.31656908988953
7.77672219276428 7.75413763523102 7.73188614845276 7.7369681596756 7.68871676921844 7.62346541881561 7.60454761981964 7.57062947750092 7.55304479598999 7.54412698745728 7.49135005474091 7.42671418190002 7.38707876205444 7.32777655124664 7.26980757713318 7.26750528812408 7.21953678131104 7.12356758117676 7.01559865474701 6.93896317481995 6.86099410057068 6.86402523517609 6.83282065391541 6.79738116264343 6.71994137763977 6.63616824150085 6.56706190109253 6.54795491695404 6.56684851646423 6.54374217987061 6.56263554096222 6.61452901363373 6.67142295837402 6.71498274803162 6.73783731460571 6.72365379333496 6.77246963977814 6.82995235919952 6.94276821613312 7.10825097560883 7.29873394966125 7.47521674633026 7.54236590862274 7.56984877586365 7.57566499710083 7.50281393527985 7.48270380496979 7.44466722011566 7.38196361064911 7.3072601556778
7.79528832435608 7.76622188091278 7.75248873233795 7.74408876895905 7.69668900966644 7.62095546722412 7.55755591392517 7.51548933982849 7.4294228553772 7.4360226392746 7.45956993103027 7.438396692276 7.37622368335724 7.30971717834473 7.18921089172363 7.15003824234009 7.14753198623657 7.16702556610107 7.10285246372223 7.02234590053558 6.94150614738464 6.90900003910065 6.88520538806915 6.8644552230835 6.75503838062286 6.6476217508316 6.61720526218414 6.61112189292908 6.57337176799774 6.5022885799408 6.48820495605469 6.5317884683609 6.61303853988647 6.62662172317505 6.63812553882599 6.65521585941315 6.67597281932831 6.71473038196564 6.78682088851929 6.87157773971558 7.04866874217987 7.23075926303864 7.38218307495117 7.45694029331207 7.4186977148056 7.31278789043427 7.31194519996643 7.34650278091431 7.35739386081696 7.34528458118439
7.75785458087921 7.69497275352478 7.70009112358093 7.69420945644379 7.69299411773682 7.63811266422272 7.5312305688858 7.44868218898773 7.37913417816162 7.35925221443176 7.41978943347931 7.42674589157104 7.39536833763123 7.30365788936615 7.15394771099091 7.05557072162628 7.00552701950073 6.99614989757538 6.95477294921875 6.900062084198 6.94968509674072 7.00197517871857 7.05025613307953 7.05352938175201 7.01413571834564 6.99074196815491 6.98634827136993 6.97628855705261 6.92722845077515 6.78583467006683 6.6221079826355 6.62738120555878 6.64832091331482 6.61459374427795 6.61507999897003 6.64344465732574 6.67280983924866 6.71750831604004 6.77720642089844 6.82357168197632 6.9236034154892 7.11930155754089 7.23966670036316 7.31069827079773 7.28373038768768 7.2180951833725 7.20218706130981 7.28467214107513 7.34615755081177 7.31197607517242
7.70612454414368 7.69161438941956 7.69310402870178 7.70659387111664 7.69308304786682 7.66423976421356 7.5480625629425 7.46121919155121 7.49237525463104 7.47386503219604 7.43378937244415 7.38248109817505 7.36383974552155 7.32386493682861 7.23655652999878 7.15491509437561 7.07760715484619 7.01529908180237 6.91032409667969 6.91001605987549 6.9947075843811 7.11406672000885 7.16608381271362 7.17976069450378 7.18410336971283 7.21211290359497 7.20378959178925 7.17346560955048 7.14647555351257 7.01315212249756 6.89249467849731 6.87583804130554 6.88351452350616 6.78519058227539 6.68869173526764 6.68168365955353 6.71434187889099 6.7516667842865 6.77765834331512 6.80631673336029 6.8966418504715 7.06063342094421 7.11529195308685 7.10395002365112 7.12994182109833 7.19393348693848 7.27298045158386 7.37241590023041 7.45918488502502 7.33662045001984
7.65976512432098 7.66481292247772 7.70886075496674 7.74157536029816 7.68562281131744 7.63700413703918 7.59071850776672 7.48943269252777 7.474480509758 7.46552836894989 7.39990234375 7.33493614196777 7.32963645458221 7.31167042255402 7.24103796482086 7.19040524959564 7.18910562992096 7.20647299289703 7.20317339897156 7.22087407112122 7.23190772533417 7.27127528190613 7.268021941185 7.22681498527527 7.16227459907532 7.08306753635406 7.03086078166962 6.99565398693085 6.95211350917816 6.94857335090637 6.99336671829224 7.05049276351929 7.08061945438385 7.06374573707581 6.92496085166931 6.81793141365051 6.78790211677551 6.79253947734833 6.80217623710632 6.82948017120361 6.89711725711823 6.98942124843597 7.09805846214294 7.20902860164642 7.37299907207489 7.51630258560181 7.55799221992493 7.57540059089661 7.56880927085876 7.44255125522614
7.72773909568787 7.73501169681549 7.77028393745422 7.78622305393219 7.73316216468811 7.67810118198395 7.62537372112274 7.53164637088776 7.47291898727417 7.44619119167328 7.40101552009583 7.31905782222748 7.30610048770905 7.31180965900421 7.26085245609283 7.22222828865051 7.27627086639404 7.31464648246765 7.31402254104614 7.33906495571136 7.31610751152039 7.24748337268829 7.21829295158386 7.21453630924225 7.16577935218811 7.05035591125488 6.89793217182159 6.82450866699219 6.83675193786621 6.89166176319122 6.9802383184433 7.04714834690094 7.15705800056458 7.20496761798859 7.17356383800507 7.04351305961609 6.91679561138153 6.90507817268372 6.95836091041565 7.04731011390686 7.2072594165802 7.36787533760071 7.46549105644226 7.55610692501068 7.61805617809296 7.59267210960388 7.56067109107971 7.52238595485687 7.51043403148651 7.45981574058533
7.93671309947968 7.92454373836517 7.89770746231079 7.85353791713715 7.80170154571533 7.78519868850708 7.73636269569397 7.65419340133667 7.5730242729187 7.47452104091644 7.41046178340912 7.42651319503784 7.44223093986511 7.44361543655396 7.43833327293396 7.40171813964844 7.37076926231384 7.38715386390686 7.36487150192261 7.34025645256042 7.27030766010284 7.20502555370331 7.17823112010956 7.19625747203827 7.19428408145905 7.16164374351501 7.08667027950287 7.0230301618576 6.96572351455688 6.87974977493286 6.89644277095795 6.96346962451935 7.06149637699127 7.12585628032684 7.15183341503143 7.11542797088623 7.16068923473358 7.27495038509369 7.3675457239151 7.4634735584259 7.56973481178284 7.5899965763092 7.52725756168365 7.53851890563965 7.55211365222931 7.56137478351593 7.54268300533295 7.48970437049866 7.46005892753601 7.4317467212677
