data/spatiotemp/temp3/bio3_norsw_test_2011_2014.asc
NCOLS 654 
NROWS 380 
XLLCORNER 3.91666666666667 
YLLCORNER 55.3333333333333 
CELLSIZE 0.0416666666666667 
NODATA_value -9999 
[rows 330 to 351 of 380, columns 250 to 299 of 654]
28.865749835968 28.7655415534973 28.6180024147034 28.6498303413391 28.6364774703979 28.5245566368103 28.4741272926331 28.3959522247314 28.1853375434875 27.7303109169006 27.6521511077881 27.9465913772583 28.0906543731689 28.2398881912231 28.2220411300659 28.1205177307129 28.0413060188293 28.0242419242859 28.210994720459 28.1670107841492 28.3056421279907 28.4374885559082 28.7845120429993 29.0315542221069 29.0864353179932 29.2364792823792 29.364785194397 29.5206179618835 29.6270227432251 29.8313899040222 30.0125851631165 30.144455909729 30.3916864395142 30.571316242218 30.791298866272 31.1478691101074 31.238959312439 31.2026062011719 31.1778407096863 30.9029579162598 30.6474237442017 30.692111492157 30.7995343208313 30.6997580528259 30.6470637321472 30.5746388435364 30.4447493553162 30.4441437721252 30.4363198280334 30.4257569313049
28.7475271224976 28.6962556838989 28.6160354614258 28.6445326805115 28.5887975692749 28.5757241249084 28.5458345413208 28.380211353302 28.1021280288696 27.8336462974548 27.8042030334473 27.908718585968 28.0281915664673 28.2299818992615 28.1254529953003 27.9944157600403 28.0135259628296 28.0084090232849 28.1989054679871 28.2047204971313 28.1966943740845 28.3662858009338 28.7416162490845 28.899067401886 28.8513345718384 28.8721647262573 29.1251783370972 29.3489465713501 29.5723285675049 29.9081950187683 30.0847277641296 30.0599565505981 30.1598801612854 30.4918656349182 30.94997215271 31.3026256561279 31.356565952301 31.1857619285583 31.0999565124512 30.9381227493286 30.6771440505981 30.7011113166809 30.7609610557556 30.7577848434448 30.7485113143921 30.5940184593201 30.4787173271179 30.5420393943787 30.6342430114746 30.5510058403015
27.8457021713257 28.1519212722778 28.4028258323669 28.426456451416 28.2545251846313 28.2016072273254 28.2447991371155 28.1624445915222 28.0169591903687 27.8508453369141 27.7521228790283 27.7284693717957 27.8498163223267 27.9435319900513 27.8558883666992 27.813841342926 27.9782962799072 28.150041103363 28.22651720047 28.2884430885315 28.2859282493591 28.4266037940979 28.6749215126038 28.6873183250427 28.6223607063293 28.7270965576172 29.0145611763 29.3352108001709 29.5106472969055 29.7987966537476 29.8948707580566 29.7060198783875 29.8649406433105 30.276930809021 30.7086925506592 30.9572901725769 31.0927920341492 31.1409754753113 31.0624094009399 30.8995718955994 30.8050689697266 30.8716449737549 30.8561954498291 30.8605675697327 30.8130669593811 30.6700930595398 30.6096658706665 30.6933999061584 30.8019123077393 30.7981595993042
27.0575928688049 27.5499429702759 28.1524639129639 28.2501263618469 28.0105166435242 27.7807321548462 27.588972568512 27.6221952438354 27.679358959198 27.623378276825 27.5832104682922 27.5676250457764 27.6350893974304 27.744562625885 27.828492641449 27.7783780097961 27.8607339859009 28.0530233383179 28.1032395362854 28.1390724182129 28.2384390830994 28.3435444831848 28.4750218391418 28.569146156311 28.7413458824158 29.1132221221924 29.3091988563538 29.4740905761719 29.6439590454102 29.6108150482178 29.6086578369141 29.6123142242432 29.8231730461121 30.153018951416 30.4061994552612 30.5494122505188 30.7401666641235 30.9555263519287 30.8930244445801 30.7415657043457 30.7402973175049 30.8942742347717 30.9340915679932 30.8695683479309 30.8597741127014 30.8535828590393 30.8693103790283 30.9251503944397 30.9603390693665 31.039665222168
27.527370929718 27.7557497024536 28.1333351135254 28.2584052085876 28.0630960464478 27.6428270339966 27.1513566970825 27.0629906654358 27.3429594039917 27.6133165359497 27.6764917373657 27.5356907844543 27.4307098388672 27.4681239128113 27.6620407104492 27.7164711952209 27.7731757164001 27.991961479187 28.0886497497559 28.1322302818298 28.2277617454529 28.4082450866699 28.5375771522522 28.6487379074097 28.8701519966125 29.2170691490173 29.4224100112915 29.5296421051025 29.6424155235291 29.6169800758362 29.6205811500549 29.6499872207642 29.8153195381165 30.0647602081299 30.3159122467041 30.5051245689392 30.6084198951721 30.6424121856689 30.6928124427795 30.6648392677307 30.7174782752991 30.9040331840515 30.9459843635559 30.8610033988953 30.8526015281677 30.9111614227295 30.9594507217407 30.9911074638367 30.952675819397 30.9368052482605
28.1174893379211 28.2031288146973 28.2086024284363 28.2387700080872 28.0561966896057 27.771475315094 27.3945736885071 27.2401556968689 27.4539070129395 27.7422575950623 27.769296169281 27.5407919883728 27.4150590896606 27.376914024353 27.4343676567078 27.4559726715088 27.4983162879944 27.7898387908936 28.0079345703125 28.1206035614014 28.2423515319824 28.4920959472656 28.6559972763062 28.8494381904602 29.0060439109802 29.2160987854004 29.3699913024902 29.5389642715454 29.6428918838501 29.6624388694763 29.6471519470215 29.6673727035522 29.8046751022339 29.921986579895 30.1306161880493 30.3389978408813 30.4131035804749 30.3604354858398 30.4125905036926 30.5924010276794 30.7966866493225 30.9132690429688 30.909451007843 30.863151550293 30.8728289604187 30.8752841949463 31.0061297416687 31.0395669937134 30.9542107582092 30.817795753479
27.9419989585876 28.03196144104 28.1614317893982 28.0948338508606 27.9343800544739 27.8802146911621 27.7105450630188 27.4992017745972 27.4926857948303 27.6130452156067 27.5712094306946 27.6176853179932 27.7286849021912 27.7157425880432 27.669114112854 27.5856876373291 27.3865365982056 27.7453489303589 27.8580040931702 27.8990621566772 28.1818108558655 28.4922623634338 28.7528719902039 28.9108810424805 29.0165033340454 29.2192449569702 29.4257183074951 29.5717296600342 29.6944036483765 29.6576380729675 29.5658082962036 29.5866451263428 29.8740606307983 30.0472459793091 30.1156139373779 30.1990795135498 30.1988377571106 30.2183828353882 30.2684803009033 30.3436632156372 30.5454077720642 30.7899684906006 30.8910064697266 31.0094933509827 30.9537420272827 30.941264629364 30.994704246521 31.0198607444763 30.854362487793 30.6837258338928
27.600959777832 27.7757029533386 27.9771418571472 27.8924994468689 27.8203301429749 27.742130279541 27.6123023033142 27.602746963501 27.7028226852417 27.6613440513611 27.6388096809387 27.6998071670532 27.8667044639587 27.9492154121399 27.9278779029846 27.9281229972839 27.67906665802 27.8742232322693 27.7463150024414 27.814706325531 28.3315844535828 28.5075988769531 28.7102651596069 28.9073567390442 28.9358367919922 29.0294742584229 29.2635068893433 29.3857140541077 29.5549144744873 29.6063151359558 29.5797228813171 29.5854921340942 29.7994537353516 29.9530096054077 30.0247893333435 30.0093970298767 30.0477962493896 30.1295080184937 30.1629595756531 30.13139295578 30.1201143264771 30.3345222473145 30.6341428756714 30.8477373123169 30.9354047775269 30.9219040870667 30.9658932685852 30.9293599128723 30.7842659950256 30.6717777252197
27.7234306335449 27.8786129951477 28.0075364112854 28.0073237419128 28.0356860160828 27.9539909362793 27.7633528709412 27.8045330047607 27.8289370536804 27.5814619064331 27.4336667060852 27.5103278160095 27.6027927398682 27.4861154556274 27.7565422058105 28.0212116241455 27.9755735397339 28.0247201919556 28.1481161117554 28.3881125450134 28.5732049942017 28.5420188903809 28.6435012817383 28.8102622032166 28.8701076507568 29.0779795646667 29.2111625671387 29.2981605529785 29.3671612739563 29.5871438980103 29.6204981803894 29.5898747444153 29.7403464317322 29.7983303070068 29.8415923118591 29.9519953727722 29.9206809997559 29.8787522315979 29.8764395713806 29.8688650131226 29.9661984443665 30.174364566803 30.3627572059631 30.5628504753113 30.7394213676453 30.8388538360596 30.8745923042297 30.7966337203979 30.6548681259155 30.558789730072
28.2039451599121 28.2140669822693 28.2540636062622 28.3529534339905 28.4189076423645 28.3986506462097 28.1629304885864 28.0962839126587 27.8954582214355 27.5113086700439 27.2689032554626 27.3645672798157 27.6278038024902 27.5130324363708 27.4818511009216 27.8001928329468 28.0805854797363 28.1851754188538 28.3849368095398 28.5301060676575 28.5271124839783 28.5603137016296 28.6964640617371 28.7751502990723 28.8136940002441 29.0119705200195 29.3109154701233 29.4771151542664 29.5148987770081 29.5533847808838 29.5428805351257 29.5185785293579 29.6246967315674 29.7618293762207 29.8515796661377 29.8690524101257 29.8775677680969 29.8844184875488 29.8481645584106 29.5451097488403 29.361252784729 29.8228850364685 30.0139832496643 30.1489777565002 30.3744611740112 30.5955729484558 30.6732439994812 30.5903553962708 30.4263858795166 30.1924924850464
28.4398393630981 28.4071307182312 28.4611239433289 28.4610395431519 28.529221534729 28.4464540481567 28.1481804847717 27.968629360199 27.4289441108704 26.8255767822266 26.5753688812256 26.8054809570312 27.4115762710571 27.4982032775879 27.2600474357605 27.5832514762878 27.9692096710205 28.2661714553833 28.5243916511536 28.6041922569275 28.5098977088928 28.6164703369141 28.7718768119812 28.7438998222351 28.795608997345 28.9511709213257 29.2867746353149 29.4871110916138 29.5214338302612 29.6159138679504 29.7243423461914 29.7849316596985 29.7514367103577 29.7596969604492 29.7860445976257 29.7993302345276 29.7844390869141 29.8374381065369 29.8013582229614 29.5711755752563 29.3468446731567 29.6356506347656 29.8441462516785 30.096914768219 30.3063073158264 30.4223566055298 30.4500150680542 30.3485684394836 30.2913136482239 29.9150252342224
28.3692255020142 28.3900456428528 28.431468963623 28.475025177002 28.6280736923218 28.5904488563538 28.1993074417114 28.0022611618042 27.6257281303406 27.0189847946167 26.6225714683533 26.7541565895081 27.2324452400208 27.5581912994385 27.7606935501099 28.0640497207642 28.2241830825806 28.4259486198425 28.4992399215698 28.5096173286438 28.5059542655945 28.6211304664612 28.7415289878845 28.7709302902222 28.8847599029541 28.9269285202026 29.0911407470703 29.3051023483276 29.404990196228 29.5297422409058 29.6220808029175 29.6571850776672 29.6406507492065 29.6479077339172 29.7031579017639 29.6366539001465 29.494499206543 29.5256900787354 29.6894483566284 29.8141269683838 29.8365240097046 29.867928981781 29.9081430435181 30.0005803108215 30.1637930870056 30.2091312408447 30.196626663208 30.1078567504883 30.0514059066772 29.712375164032
28.4155721664429 28.4100818634033 28.4497919082642 28.6273040771484 28.7341642379761 28.4705405235291 28.0328469276428 27.9411492347717 27.853572845459 27.5071148872375 27.3196287155151 27.4846601486206 27.556715965271 27.6110939979553 27.751941204071 28.0563960075378 28.3539848327637 28.5313153266907 28.4616961479187 28.4804105758667 28.5575156211853 28.674156665802 28.6660284996033 28.6610383987427 28.7800488471985 28.9157238006592 28.9782290458679 29.1421499252319 29.3152837753296 29.4184641838074 29.506769657135 29.5669403076172 29.598614692688 29.5894565582275 29.5526366233826 29.506046295166 29.4738969802856 29.5373930931091 29.6382274627686 29.7593288421631 29.8131532669067 29.7835249900818 29.7670040130615 29.8608889579773 29.9594502449036 30.0140333175659 30.0411105155945 29.9768881797791 29.917839050293 29.4284334182739
28.3923139572144 28.4166493415833 28.5502514839172 28.6361360549927 28.5730867385864 28.0705370903015 27.9323658943176 28.154284954071 28.0852174758911 27.6323184967041 27.3321599960327 27.6119294166565 27.9691977500916 28.0711536407471 28.0553073883057 28.1726803779602 28.237464427948 28.4222435951233 28.5142979621887 28.6786532402039 28.783088684082 28.7883987426758 28.8247313499451 28.9040851593018 28.9759030342102 29.0678772926331 29.1017255783081 29.1273365020752 29.2465190887451 29.3551073074341 29.4026708602905 29.4223937988281 29.3912138938904 29.3298664093018 29.3911643028259 29.3994646072388 29.4204020500183 29.490786075592 29.5032377243042 29.5706539154053 29.5992856025696 29.5876507759094 29.6127872467041 29.6595325469971 29.6579813957214 29.6816186904907 29.7581601142883 29.6677665710449 29.4794688224792 28.9669976234436
28.3448843955994 28.4035720825195 28.589795589447 28.5988321304321 28.3960890769958 27.6519503593445 27.6422700881958 28.0062098503113 28.1623916625977 27.9442453384399 27.7503509521484 27.9467697143555 28.2555241584778 28.3954610824585 28.1185808181763 28.1255307197571 28.153133392334 28.5116477012634 28.7848587036133 28.9044070243835 28.9146361351013 28.9499473571777 29.0189218521118 29.1120843887329 29.1266102790833 29.1644487380981 29.1750550270081 29.185685634613 29.2144093513489 29.2056469917297 29.2228226661682 29.2311611175537 29.2286653518677 29.2211399078369 29.2853336334229 29.3027782440186 29.3302145004272 29.4133071899414 29.3625822067261 29.3736772537231 29.3779649734497 29.3740220069885 29.4033875465393 29.4810528755188 29.4495058059692 29.4079279899597 29.4375443458557 29.3888926506042 29.2785258293152 28.664559841156
28.4949889183044 28.5195384025574 28.7083325386047 28.7349877357483 28.5875096321106 28.1216597557068 28.0551314353943 28.1942768096924 28.2106871604919 28.0591235160828 28.0350947380066 28.3808298110962 28.5446562767029 28.5084404945374 28.3200302124023 28.316502571106 28.2782664299011 28.2203416824341 28.3249759674072 28.3709893226624 28.5911793708801 28.7564129829407 28.8245224952698 28.807032585144 28.8090667724609 28.9677844047546 28.9951639175415 28.992015838623 29.1130700111389 29.1238069534302 29.1746649742126 29.1546149253845 29.1698608398438 29.2176733016968 29.2341556549072 29.1865477561951 29.2362375259399 29.266487121582 29.2210054397583 29.1855173110962 29.1792731285095 29.1578402519226 29.1323738098145 29.1917629241943 29.1852011680603 29.2294597625732 29.2847409248352 29.2540979385376 29.0727348327637 28.4841713905334
28.7326636314392 28.7549715042114 28.8165526390076 28.8677716255188 28.8458204269409 28.6715755462646 28.3516960144043 28.1487812995911 27.8682708740234 27.7460322380066 28.1565828323364 28.6501560211182 28.8204789161682 28.8048758506775 28.7808556556702 28.8367595672607 28.7662830352783 28.4666609764099 28.4420118331909 28.41410779953 28.615375995636 28.7865695953369 28.81449842453 28.767541885376 28.7735915184021 29.0072503089905 29.0157122612 28.9591631889343 29.0736222267151 29.0953464508057 29.0813689231873 29.0180726051331 28.9657778739929 28.9518275260925 28.9672231674194 28.9720640182495 29.0083928108215 28.9928827285767 28.9579396247864 28.9653239250183 28.9771461486816 28.9478011131287 28.9282855987549 28.9137773513794 28.8760366439819 28.964460849762 29.0896964073181 28.9869499206543 28.6441159248352 -9999
28.8478555679321 28.932635307312 28.8287711143494 28.8036394119263 28.7727942466736 28.6685371398926 28.2699384689331 27.6445546150208 27.139771938324 27.1373782157898 27.5203967094421 28.0052604675293 28.5388708114624 28.8893132209778 28.9793934822083 29.1507148742676 29.2221074104309 29.1248331069946 29.1074304580688 28.9102697372437 28.8500947952271 28.7918601036072 28.941499710083 29.1001281738281 29.1392545700073 29.1419014930725 29.0927987098694 29.0925621986389 29.0900831222534 29.0177569389343 28.8496785163879 28.7536888122559 28.5840249061584 28.6153917312622 28.5451655387878 28.5917353630066 28.6356868743896 28.594349861145 28.5519142150879 28.6831765174866 28.7311840057373 28.6778373718262 28.6661157608032 28.611997127533 28.5613932609558 28.5481767654419 28.4361038208008 28.1499261856079 27.6931180953979 27.2109861373901
28.673810005188 28.8427333831787 28.6441736221313 28.5237283706665 28.5679130554199 28.5728945732117 28.3055367469788 27.4257349967957 26.8233551979065 26.791485786438 26.7191443443298 26.9196310043335 27.7456007003784 28.581401348114 28.7302446365356 28.9173350334167 29.244665145874 29.2171730995178 29.1946182250977 29.0323348045349 28.8345141410828 28.6615781784058 28.7923393249512 29.026065826416 29.0432696342468 29.0596127510071 28.9934539794922 28.9879198074341 28.9738063812256 28.9713821411133 28.7906994819641 28.5180625915527 28.3435072898865 28.3193368911743 28.2903409004211 28.3312644958496 28.312638759613 28.23042345047 28.1946830749512 28.2753992080688 28.3246822357178 28.3343043327332 28.2624349594116 28.2672910690308 28.1567845344543 27.9403595924377 27.6678614616394 27.176399230957 26.9304218292236 -9999
28.3790407180786 28.3090405464172 28.0396013259888 28.078649520874 28.2303667068481 28.3337140083313 28.1648745536804 27.4911513328552 27.2349710464478 27.4363055229187 27.4412569999695 27.4175653457642 27.7762222290039 28.3181948661804 28.2563724517822 28.4287333488464 28.9049596786499 29.0562520027161 29.1136713027954 29.0975995063782 28.9806866645813 28.9616980552673 29.0197420120239 29.0190844535828 28.9344429969788 28.9798560142517 29.0148072242737 28.8007588386536 28.6221470832825 28.7790422439575 28.7710247039795 28.4109230041504 28.1619629859924 28.1667642593384 28.1955194473267 28.171422958374 28.0824007987976 27.930260181427 27.9234576225281 27.8712706565857 27.8526206016541 27.8908710479736 27.9155426025391 27.8997101783752 27.6561942100525 27.2966656684875 27.0635871887207 -9999 -9999 26.1739873886108
28.3792276382446 27.9963335990906 27.6591715812683 27.9539942741394 27.9308753013611 28.060977935791 28.1773443222046 27.8387131690979 27.7778625488281 28.0627427101135 28.3527126312256 28.5231151580811 28.6030187606812 28.4590353965759 28.1753516197205 28.2758374214172 28.5922870635986 28.8777995109558 28.9551448822021 28.8349633216858 28.7374587059021 28.8038578033447 28.9606328010559 28.9481639862061 28.8190350532532 28.7506108283997 28.7912216186523 28.6154499053955 28.2719898223877 28.1973609924316 28.4591178894043 28.3748145103455 28.2580509185791 28.1838817596436 28.0436949729919 27.9405937194824 27.8154034614563 27.7036938667297 27.67902135849 27.585702419281 27.4627795219421 27.4412684440613 27.4534125328064 27.343777179718 27.040657043457 26.6417331695557 -9999 -9999 -9999 25.9429664611816
28.5971956253052 28.4422955513 28.3179802894592 28.2165293693542 28.090603351593 28.1866497993469 28.3736281394958 28.3846368789673 28.3509588241577 28.4709544181824 28.6380038261414 28.7224764823914 28.6701016426086 28.5566120147705 28.4553384780884 28.3758368492126 28.5925602912903 28.6954579353333 28.7562355995178 28.6860275268555 28.7925515174866 28.9276194572449 28.9137659072876 28.8083868026733 28.8151125907898 28.7915153503418 28.625919342041 28.46027135849 28.2274198532104 28.1419773101807 28.1925044059753 28.197518825531 28.2131180763245 28.1240329742432 27.8713431358337 27.6738314628601 27.5698981285095 27.486743927002 27.3631792068481 27.2260055541992 27.1080193519592 27.0276217460632 26.9262657165527 26.6848545074463 26.3117876052856 26.0055937767029 -9999 -9999 -9999 25.5040321350098
