data/spatiotemp/temp3/bio3_norsw_test_2011_2014.asc
NCOLS 654 
NROWS 380 
XLLCORNER 3.91666666666667 
YLLCORNER 55.3333333333333 
CELLSIZE 0.0416666666666667 
NODATA_value -9999 
[rows 22 to 43 of 380, columns 600 to 649 of 654]
20.6295161247253 20.423490524292 20.1520495414734 19.840446472168 19.5173215866089 19.2438368797302 19.0587391853333 18.7855162620544 18.5438132286072 18.3634223937988 18.12104845047 17.8554368019104 17.5840182304382 17.3429679870605 17.1581206321716 16.9555351734161 16.7498412132263 16.4602484703064 16.2568249702454 16.2621538639069 16.2782232761383 16.2743954658508 16.2602705955505 16.2697992324829 16.3026878833771 16.3633522987366 16.491295337677 16.704519033432 16.9289889335632 17.1608259677887 17.2809274196625 17.3096740245819 17.3716259002686 17.5315690040588 17.7377576828003 17.9192118644714 18.0597279071808 18.2151355743408 18.1956968307495 18.2775588035583 18.2472577095032 -9999 -9999 -9999 -9999 -9999 -9999 -9999 -9999 -9999
20.949613571167 20.6179184913635 20.3509402275085 20.1011695861816 19.8146691322327 19.528148651123 19.3690819740295 19.1183557510376 18.9301347732544 18.6055693626404 18.333083152771 18.1069350242615 17.8966147899628 17.6358091831207 17.4256179332733 17.1784265041351 16.907791852951 16.6436069011688 16.4556021690369 16.3680784702301 16.3351383209229 16.2966368198395 16.3010983467102 16.3226194381714 16.3594131469727 16.4708781242371 16.6676743030548 16.8755993843079 17.0703268051147 17.2528653144836 17.4011490345001 17.5979676246643 17.8045995235443 18.0243375301361 18.165593624115 18.2390389442444 -9999 -9999 -9999 -9999 -9999 -9999 -9999 -9999 -9999 -9999 -9999 -9999 -9999 -9999
21.3307542800903 21.137393951416 20.9526448249817 20.6513109207153 20.3402137756348 19.9188866615295 19.58984375 19.4039964675903 19.2451395988464 19.1293845176697 18.7104158401489 18.4036560058594 18.0842580795288 17.8130140304565 17.5350549221039 17.3205313682556 17.1212108135223 16.9383583068848 16.7770373821259 16.6359186172485 16.5675871372223 16.4474565982819 16.4098968505859 16.3344511985779 16.3938248157501 16.5826609134674 16.7853059768677 16.9688167572021 17.0837604999542 17.2057769298553 17.3578019142151 17.6043658256531 17.9338300228119 18.2627954483032 18.5015096664429 -9999 -9999 -9999 -9999 -9999 -9999 -9999 -9999 -9999 -9999 -9999 -9999 -9999 -9999 -9999
-9999 -9999 -9999 -9999 -9999 -9999 19.8169364929199 19.7909002304077 19.5114631652832 19.5712933540344 19.3500266075134 18.9955658912659 18.6518840789795 18.1395001411438 17.9526085853577 17.7205018997192 17.4676196575165 17.2963938713074 17.0918226242065 16.8267915248871 16.5731592178345 16.340824842453 16.2080180644989 16.2727904319763 16.4667918682098 16.7585172653198 17.0391316413879 17.3087058067322 17.4684269428253 17.5457110404968 17.6979334354401 18.048921585083 18.4392862319946 -9999 -9999 -9999 -9999 -9999 -9999 -9999 -9999 -9999 -9999 -9999 -9999 -9999 -9999 -9999 -9999 -9999
21.4795255661011 21.4470167160034 21.2976875305176 21.2967672348022 21.4140348434448 21.5143189430237 21.9751129150391 -9999 -9999 -9999 -9999 -9999 -9999 -9999 -9999 -9999 -9999 -9999 -9999 17.2402992248535 16.8040614128113 16.4689736366272 16.3882808685303 16.5848779678345 16.7658076286316 17.0980637073517 17.3915648460388 17.645763874054 17.895943403244 18.0527164936066 -9999 -9999 -9999 -9999 -9999 -9999 -9999 -9999 -9999 -9999 -9999 -9999 -9999 -9999 -9999 -9999 -9999 -9999 -9999 -9999
21.017707824707 20.8962426185608 20.6774382591248 20.6124930381775 21.0074791908264 21.1720743179321 20.8377294540405 20.5010194778442 20.2552704811096 20.0567412376404 20.0977907180786 20.1135063171387 19.91765832901 -9999 -9999 -9999 -9999 -9999 -9999 -9999 -9999 -9999 -9999 -9999 -9999 -9999 -9999 -9999 -9999 -9999 -9999 -9999 -9999 -9999 -9999 -9999 -9999 -9999 -9999 -9999 -9999 -9999 -9999 -9999 -9999 -9999 -9999 -9999 -9999 -9999
20.6661667823792 20.4370741844177 20.3756608963013 20.2066006660461 20.1581783294678 20.2617335319519 20.0759081840515 20.0255460739136 19.6490573883057 19.4552183151245 19.4374709129333 19.3678555488586 19.2602324485779 19.3031497001648 18.8058156967163 18.6654224395752 18.7108602523804 18.8999352455139 19.2969861030579 -9999 -9999 -9999 -9999 -9999 -9999 -9999 -9999 -9999 -9999 -9999 -9999 -9999 -9999 -9999 -9999 -9999 -9999 -9999 -9999 -9999 -9999 -9999 -9999 -9999 -9999 -9999 -9999 -9999 -9999 -9999
20.4474468231201 20.2586917877197 20.1161999702454 19.9372267723083 19.7948260307312 19.6502404212952 19.6434168815613 19.6573233604431 19.5856795310974 19.3438048362732 19.1638331413269 19.0318665504456 18.9518465995789 18.9228577613831 18.80144739151 18.7376623153687 18.775484085083 18.7248611450195 -9999 -9999 -9999 -9999 -9999 -9999 -9999 -9999 -9999 -9999 -9999 -9999 -9999 -9999 -9999 -9999 -9999 -9999 -9999 -9999 -9999 -9999 -9999 -9999 -9999 -9999 -9999 -9999 -9999 -9999 -9999 -9999
20.4350900650024 20.196581363678 20.0912981033325 20.0187368392944 19.8505778312683 19.7523651123047 19.7031836509705 19.6829414367676 19.696503162384 19.6555829048157 19.5731148719788 19.4943799972534 19.5168390274048 19.2198634147644 18.9038009643555 18.7385950088501 18.5908236503601 18.5319547653198 18.5730504989624 18.6790952682495 18.8270421028137 18.60329246521 18.3813571929932 18.3552975654602 18.4759831428528 18.7395677566528 19.2268662452698 19.2647638320923 -9999 -9999 19.0237188339233 -9999 -9999 -9999 -9999 -9999 -9999 -9999 -9999 -9999 -9999 -9999 -9999 -9999 -9999 -9999 -9999 -9999 -9999 -9999
20.5940194129944 20.4279675483704 20.2199907302856 19.9636044502258 19.8787589073181 19.8721737861633 19.7731494903564 19.706606388092 19.6803150177002 19.7468004226685 19.8013710975647 19.3820486068726 19.2177720069885 18.946409702301 18.7135262489319 18.6249198913574 18.4763245582581 18.5094599723816 18.6272449493408 18.8011651039124 19.0062265396118 18.9156169891357 18.6318073272705 18.5676016807556 18.6930508613586 18.9059677124023 19.2101731300354 19.3018975257874 19.2910690307617 18.9919652938843 18.747269153595 18.7618036270142 18.9510979652405 19.1054763793945 19.0428009033203 -9999 -9999 -9999 -9999 -9999 -9999 -9999 -9999 -9999 -9999 -9999 -9999 -9999 -9999 -9999
20.6770524978638 20.4110922813416 20.2636232376099 20.1614413261414 20.0142197608948 19.8883967399597 19.8336591720581 19.8458690643311 19.8150119781494 19.8782205581665 19.6973471641541 19.3001708984375 19.0841555595398 18.9535446166992 18.7684826850891 18.6785740852356 18.714252948761 18.835693359375 19.0369129180908 19.1783833503723 19.2770204544067 19.2327961921692 19.0278072357178 19.0411214828491 19.1625247001648 19.2263898849487 19.3431906700134 19.3971991539001 19.4591197967529 19.3027033805847 19.0053358078003 18.5428166389465 18.3468890190125 18.4511952400208 18.8293862342834 19.2366967201233 19.1505169868469 19.0540385246277 18.9893527030945 18.9528832435608 19.2081990242004 19.2858667373657 19.5489211082458 19.6914653778076 -9999 -9999 -9999 -9999 -9999 -9999
20.7659349441528 20.6116080284119 20.4159779548645 20.2034540176392 20.0494956970215 20.0141406059265 19.9300022125244 19.8653316497803 19.7975478172302 19.8073482513428 19.5474662780762 19.3527278900146 19.2449636459351 19.1977820396423 19.0695600509644 19.0636973381042 19.1371040344238 19.2596879005432 19.5531368255615 19.5790047645569 19.4991540908813 19.4970226287842 19.4889163970947 19.5309519767761 19.6283411979675 19.4718732833862 19.3487739562988 19.3788924217224 19.3648047447205 19.1582980155945 18.9395418167114 18.6321320533752 18.4860854148865 18.5536546707153 18.7538347244263 19.0640358924866 19.1203308105469 18.8098378181458 18.78515625 18.7003712654114 18.7230935096741 18.8080010414124 19.2501769065857 19.3649826049805 18.9551410675049 19.103844165802 19.3262929916382 19.2853484153748 19.3641495704651 19.4371004104614
20.8541402816772 20.6740131378174 20.5038480758667 20.4030537605286 20.3092012405396 20.2943978309631 20.206883430481 20.0935482978821 19.9702081680298 19.7117691040039 19.5449452400208 19.508909702301 19.3979187011719 19.3580760955811 19.371762752533 19.4311895370483 19.5371313095093 19.585401058197 19.5170555114746 19.4066610336304 19.4383540153503 19.5285625457764 19.6207690238953 19.752453327179 19.6317710876465 19.4529852867126 19.3807187080383 19.2840547561646 19.3679685592651 19.1118149757385 18.885570526123 18.7188482284546 18.5271635055542 18.5227489471436 18.6467356681824 18.9851613044739 19.2489886283875 19.0555710792542 18.7763614654541 18.6480431556702 18.6432552337646 18.6525354385376 18.830518245697 18.8676853179932 18.7448725700378 18.7742066383362 19.1071305274963 19.0340204238892 18.8484778404236 19.0831909179688
20.7590928077698 20.6544914245605 20.5524067878723 20.4282674789429 20.4249544143677 20.408079624176 20.278965473175 20.1609997749329 20.0359015464783 20.0152616500854 19.971067905426 19.8534860610962 19.7251915931702 19.65740442276 19.7571077346802 19.7023220062256 19.5912742614746 19.4664077758789 19.3231382369995 19.2946972846985 19.3547439575195 19.4011707305908 19.4544768333435 19.6289644241333 19.5900001525879 19.4733939170837 19.314281463623 19.1899466514587 19.1958622932434 19.1188430786133 18.9303398132324 18.7971496582031 18.8022489547729 18.8377561569214 18.8999943733215 19.1224098205566 19.1211857795715 18.9461421966553 18.6747589111328 18.5838704109192 18.5156760215759 18.6392645835876 18.5167875289917 18.5331254005432 18.7976922988892 18.828341960907 18.9423480033875 19.0026073455811 19.0191283226013 18.8384861946106
20.6548247337341 20.54758644104 20.5229086875916 20.4980187416077 20.4229850769043 20.2986640930176 20.1906881332397 20.209080696106 20.1856875419617 20.2525291442871 20.174337387085 19.9903106689453 19.9116339683533 19.8366370201111 19.5848369598389 19.4494371414185 19.4263091087341 19.3547267913818 19.2561888694763 19.2732968330383 19.4500160217285 19.606635093689 19.6203408241272 19.5695071220398 19.535346031189 19.4497575759888 19.2684688568115 19.2172684669495 19.2333931922913 19.1534972190857 19.0935459136963 18.9845762252808 18.9532895088196 18.9310545921326 18.9749293327332 19.0471158027649 19.0472021102905 18.9593262672424 18.7807722091675 18.7351932525635 18.6845846176147 18.5909628868103 18.5629591941833 18.5792918205261 18.7367348670959 18.8595967292786 18.9947056770325 19.0331726074219 19.2271614074707 19.1041712760925
20.6402044296265 20.5721554756165 20.504979133606 20.4277200698853 20.3780798912048 20.3923144340515 20.4087157249451 20.4204573631287 20.4167528152466 20.3316965103149 20.1326999664307 19.8975358009338 19.7098240852356 19.6278190612793 19.5506224632263 19.4668622016907 19.4169845581055 19.4531126022339 19.4698100090027 19.5526885986328 19.5484566688538 19.4292011260986 19.4368896484375 19.3769688606262 19.5555744171143 19.3841099739075 19.2190680503845 19.1787624359131 19.0871682167053 19.1219177246094 19.0453386306763 19.0323143005371 19.0192875862122 18.9615812301636 18.890043258667 18.871572971344 18.8973360061646 18.9830737113953 18.9348330497742 18.7949953079224 18.6291608810425 18.6237325668335 18.6487174034119 18.7267427444458 18.7847256660461 18.9196972846985 19.0626931190491 19.10932970047 19.3206405639648 19.2425742149353
20.7276449203491 20.6412301063538 20.5698313713074 20.4989547729492 20.5071992874146 20.5244574546814 20.4849195480347 20.4194674491882 20.3276553153992 20.142162322998 19.9883069992065 19.8318519592285 19.7033448219299 19.5827174186707 19.5279660224915 19.5743765830994 19.6994681358337 19.6847190856934 19.5631713867188 19.5176677703857 19.4957675933838 19.4705538749695 19.4993262290955 19.5459570884705 19.5691690444946 19.4657115936279 19.3326916694641 19.2520356178284 19.1938400268555 19.1340990066528 19.0436129570007 19.1040449142456 19.1268677711487 19.0505475997925 18.9662289619446 18.9306917190552 18.9372544288635 18.9233665466309 18.9654407501221 18.8793253898621 18.7458591461182 18.7310967445374 18.6885676383972 18.7615795135498 18.9340887069702 19.0835165977478 19.1905794143677 19.3220367431641 19.3979482650757 19.3402338027954
20.8425903320312 20.7462620735168 20.6987957954407 20.6495447158813 20.5951838493347 20.5032572746277 20.4354553222656 20.3393707275391 20.2288718223572 20.101818561554 19.9490923881531 19.8801555633545 19.8468737602234 19.8121237754822 19.8611154556274 19.8838529586792 19.8540863990784 19.7324571609497 19.6310334205627 19.5765981674194 19.5834288597107 19.5937843322754 19.6164660453796 19.6475605964661 19.690233707428 19.6611404418945 19.4693207740784 19.3986434936523 19.4088001251221 19.2517151832581 19.1908807754517 19.2812180519104 19.3561329841614 19.2730093002319 19.1896677017212 19.1922612190247 19.151243686676 19.1208548545837 19.0140452384949 18.9022336006165 18.9161758422852 18.9331650733948 18.9016065597534 18.9906005859375 19.1163897514343 19.2892489433289 19.2662854194641 19.2917718887329 19.3195543289185 19.3115148544312
20.9289050102234 20.8431935310364 20.7748122215271 20.6341781616211 20.5852079391479 20.5653967857361 20.4422192573547 20.3526387214661 20.2679467201233 20.1601066589355 20.13472032547 20.138397693634 20.0909147262573 19.9950222969055 19.9841165542603 19.9772272109985 19.9386882781982 19.832827091217 19.7449254989624 19.8255701065063 19.8636531829834 19.8141145706177 19.8118963241577 19.8368411064148 19.8464121818542 19.8260493278503 19.719425201416 19.6444282531738 19.5576453208923 19.410083770752 19.3860726356506 19.3538990020752 19.3375129699707 19.3703846931458 19.3050808906555 19.3105087280273 19.2096672058105 19.1540503501892 19.1267924308777 19.1615190505981 19.1875677108765 19.1681790351868 19.2413063049316 19.29909324646 19.4031081199646 19.4084520339966 19.366551399231 19.4605550765991 19.4664363861084 19.4800086021423
20.9866418838501 20.9055933952332 20.7878232002258 20.7441792488098 20.7032699584961 20.6327085494995 20.527524471283 20.4126958847046 20.3435516357422 20.2874913215637 20.2790942192078 20.2275824546814 20.1904096603394 20.0890550613403 20.0493693351746 20.0518164634705 20.0483345985413 20.0602684020996 20.1335563659668 20.1478939056396 20.0795001983643 20.0898661613464 20.0995311737061 20.0254678726196 19.9348363876343 19.8349266052246 19.68390417099 19.6076564788818 19.5998854637146 19.5803337097168 19.4625678062439 19.4941077232361 19.6361355781555 19.6579241752625 19.5910387039185 19.526927947998 19.4377446174622 19.3834600448608 19.3135213851929 19.2943806648254 19.30162525177 19.3558683395386 19.4689569473267 19.582227230072 19.5997891426086 19.6651725769043 19.8362998962402 19.8459949493408 19.7619986534119 19.8403491973877
21.0180497169495 20.846583366394 20.8986306190491 20.9478840827942 20.8602824211121 20.6722702980042 20.5008869171143 20.4257230758667 20.4802293777466 20.4138474464417 20.3390717506409 20.3314790725708 20.3197116851807 20.2374510765076 20.1923360824585 20.1681156158447 20.1402487754822 20.1728930473328 20.2112007141113 20.1948914527893 20.1661372184753 20.1754202842712 20.1919450759888 20.1307220458984 20.0359539985657 19.9133567810059 19.7699513435364 19.7538204193115 19.8166155815125 19.8178863525391 19.6104187965393 19.5237164497375 19.4813647270203 19.4309778213501 19.2548484802246 19.2518620491028 19.1887097358704 19.193745136261 19.2306423187256 19.2806301116943 19.2838468551636 19.3582572937012 19.491970539093 19.6627831459045 19.6626968383789 19.8202185630798 19.9919171333313 19.99822473526 20.0122590065002 20.0433082580566
21.1298198699951 21.0093178749084 20.9497981071472 20.8860087394714 20.8755464553833 20.730345249176 20.6223907470703 20.6089549064636 20.5907959938049 20.5296354293823 20.5386481285095 20.5428185462952 20.4911217689514 20.3235502243042 20.2789344787598 20.2244124412537 20.2201886177063 20.2225513458252 20.2126479148865 20.1587991714478 20.1260900497437 20.1721520423889 20.1613454818726 20.1154823303223 20.0531482696533 20.0537919998169 20.1032581329346 20.0348281860352 19.9781093597412 19.8902044296265 19.7212710380554 19.5700173377991 19.4745168685913 19.3618516921997 19.2872729301453 19.2217016220093 19.2575349807739 19.3201208114624 19.4104151725769 19.4244794845581 19.467903137207 19.5443658828735 19.5808882713318 19.6185903549194 19.6303720474243 19.7185482978821 19.9876642227173 20.03196144104 20.0369033813477 19.9658608436584
