data/spatiotemp/temp3/bio3_norsw_test_2011_2014.asc
NCOLS 654 
NROWS 380 
XLLCORNER 3.91666666666667 
YLLCORNER 55.3333333333333 
CELLSIZE 0.0416666666666667 
NODATA_value -9999 
[rows 88 to 109 of 380, columns 250 to 299 of 654]
-9999 -9999 -9999 -9999 -9999 -9999 -9999 22.3319973945618 21.4624242782593 21.0362701416016 21.0187673568726 20.9796814918518 20.9164652824402 20.8194093704224 20.8301048278809 20.7742886543274 20.8274612426758 20.710506439209 20.8740921020508 21.221019744873 21.556369304657 21.6929507255554 21.6247668266296 21.6284012794495 21.6068344116211 21.5935535430908 21.9331450462341 22.2804050445557 22.8498468399048 22.6008191108704 22.2458477020264 21.845751285553 21.6892952919006 21.6536030769348 21.6182708740234 21.6870636940002 21.7816762924194 21.8937029838562 21.9497222900391 22.0217700004578 22.1555418968201 22.1857604980469 21.9842438697815 21.6377420425415 21.6079092025757 21.5279350280762 21.4119153022766 21.5337524414062 21.7953681945801 22.0774254798889
21.3046288490295 21.6551690101624 21.6621875762939 22.6318168640137 -9999 22.5038909912109 -9999 21.8634533882141 21.5429615974426 21.434898853302 21.3786149024963 21.2464008331299 21.5215015411377 21.366183757782 21.1896500587463 20.9456515312195 20.6954669952393 20.8330297470093 20.8888082504272 21.3035254478455 21.0481333732605 21.0186152458191 21.0543622970581 21.3444652557373 21.3852252960205 21.3560476303101 21.4069929122925 21.9457201957703 22.5678553581238 22.5695419311523 22.2095727920532 22.2297616004944 22.2551364898682 22.2679657936096 22.1335368156433 21.994044303894 22.0493721961975 22.0267548561096 21.9494132995605 21.8378486633301 21.7165508270264 21.6838359832764 21.648540019989 21.5731449127197 21.6541509628296 21.7107095718384 21.7732977867126 21.8856611251831 22.0024604797363 22.2195014953613
21.3366451263428 21.5948839187622 -9999 -9999 -9999 22.5691962242126 22.5175652503967 22.1546592712402 21.4968962669373 21.0701770782471 21.1498870849609 21.4079055786133 21.5214099884033 21.1840381622314 21.0408568382263 20.8750081062317 20.9029579162598 20.985472202301 21.0181412696838 20.9069633483887 20.9966292381287 21.1792783737183 21.4824838638306 21.7661247253418 21.6364359855652 21.540940284729 21.5130314826965 21.5479073524475 22.2798066139221 22.8185434341431 23.1352376937866 23.0007271766663 22.7662930488586 22.6705613136292 22.1364378929138 21.7925477027893 21.587522983551 21.5370888710022 21.5873022079468 21.6866669654846 21.7180581092834 21.8006777763367 21.7443089485168 21.7409749031067 21.7592787742615 21.9060831069946 22.0741200447083 22.2534265518188 22.4055852890015 22.4639148712158
-9999 -9999 -9999 22.5004262924194 22.4454002380371 22.1744523048401 21.6906566619873 21.3880729675293 21.2268595695496 21.1162581443787 21.3738679885864 21.3980112075806 21.3899683952332 21.3456792831421 21.1824421882629 21.01420545578 20.952033996582 20.794891834259 20.9364237785339 21.1953859329224 21.5463376045227 21.843111038208 21.9931578636169 21.9130425453186 21.7291722297668 21.6724462509155 21.8155536651611 22.1942753791809 22.5835328102112 22.7823176383972 22.9417705535889 22.638792514801 22.7384223937988 22.7785348892212 22.4701552391052 22.1319551467896 21.7799983024597 21.6834969520569 21.7610855102539 21.676146030426 21.665265083313 21.6568531990051 21.7865471839905 21.7584657669067 21.6797790527344 21.7291626930237 21.8951082229614 22.169930934906 22.2231907844543 22.4116587638855
22.8027105331421 22.5912365913391 22.4118347167969 22.1041851043701 21.9514665603638 21.9086260795593 21.7673907279968 21.719799041748 21.694995880127 21.8936958312988 21.8356618881226 21.647246837616 21.6078677177429 21.5346565246582 21.6392273902893 21.951904296875 21.9666910171509 21.9532332420349 22.0234031677246 22.6244516372681 22.3525810241699 22.0163049697876 21.9522519111633 22.0004029273987 22.0474090576172 22.366870880127 22.6645922660828 22.6322870254517 22.4992656707764 22.4101333618164 22.6243205070496 22.813446521759 22.6886148452759 22.159824848175 22.0022754669189 21.8418197631836 22.0322976112366 22.0906496047974 21.9212160110474 21.87531042099 21.868556022644 21.8747367858887 21.9120512008667 22.042206287384 22.0853099822998 22.0696988105774 22.0577020645142 21.9888381958008 21.7960691452026 21.791410446167
22.8389511108398 22.6812629699707 22.7464418411255 22.4352750778198 22.316349029541 22.3049359321594 22.2047533988953 22.0917654037476 23.1421089172363 22.6850004196167 22.4115633964539 22.2839088439941 22.3432569503784 -9999 -9999 -9999 -9999 22.9335985183716 22.9271421432495 22.8965167999268 22.7410364151001 22.5046844482422 22.3303136825562 22.5879788398743 22.9479260444641 23.0086708068848 22.9482698440552 22.7433204650879 22.6434526443481 22.3249325752258 22.2879500389099 22.3312101364136 22.3214583396912 22.5500154495239 22.7644453048706 22.6252675056458 22.533392906189 22.1863656044006 21.887523651123 21.617094039917 21.6959285736084 22.0185308456421 22.2304782867432 22.3910851478577 22.3882737159729 22.222888469696 22.0779280662537 21.6340403556824 21.5988035202026 21.9046330451965
23.3325986862183 23.0721683502197 22.8518271446228 22.7927212715149 22.7840752601624 22.8894591331482 22.9331526756287 22.91392993927 22.8444480895996 22.4709534645081 22.009916305542 22.1392107009888 22.0435099601746 22.0800666809082 22.5626683235168 22.8938512802124 22.5097942352295 22.2742314338684 22.5486793518066 22.8891620635986 23.0174851417542 23.0641646385193 23.1380853652954 23.38188123703 23.6756525039673 23.4181437492371 23.1077542304993 22.9328036308289 23.0012011528015 23.0552949905396 22.9680237770081 23.0029559135437 23.1683526039124 23.000216960907 22.5325021743774 22.3700761795044 22.558262348175 22.6480188369751 22.6513028144836 22.5848746299744 22.5571441650391 22.5007743835449 22.5448794364929 22.6985077857971 22.6345930099487 22.4022102355957 22.216881275177 22.0345129966736 22.3651041984558 22.3728046417236
23.1858229637146 22.8545918464661 22.720938205719 22.5279746055603 22.6892743110657 22.6890034675598 22.6538262367249 22.4481563568115 22.4136362075806 22.2469124794006 21.9233665466309 21.5947232246399 21.6332702636719 22.216609954834 22.5200929641724 22.3181018829346 21.9281225204468 21.7912878990173 22.0761303901672 22.5052676200867 22.5750970840454 22.4895548820496 22.6841983795166 22.7704343795776 23.218044757843 23.7642431259155 23.4416155815125 23.4295411109924 23.2583446502686 23.0386943817139 22.9076404571533 22.7255749702454 22.9794735908508 23.349217414856 23.3044590950012 23.1242895126343 22.971095085144 22.740348815918 22.5227489471436 22.4060187339783 22.5268158912659 22.6355772018433 22.6676139831543 22.6069235801697 22.577036857605 22.2466278076172 21.9727911949158 22.3510909080505 22.4087443351746 22.2101230621338
22.5346899032593 22.2726769447327 22.1766290664673 21.9344868659973 21.8848915100098 21.682137966156 21.373655796051 21.2234988212585 21.3419046401978 21.8318500518799 21.8969068527222 21.6198010444641 21.6926627159119 22.1317582130432 22.5684604644775 22.5692505836487 22.131649017334 21.9122266769409 21.9278922080994 22.1386833190918 22.100691318512 22.2360339164734 22.3125329017639 22.4324612617493 22.9664487838745 23.7461304664612 24.158278465271 23.6917538642883 23.161506652832 22.6502947807312 22.5434422492981 22.4664134979248 22.394989490509 22.6594653129578 22.9135136604309 22.95250415802 22.943977355957 23.0118360519409 23.1194305419922 23.2758684158325 23.3172950744629 23.2077784538269 23.1542673110962 22.9470920562744 22.6072912216187 22.3240303993225 22.0771179199219 22.1537952423096 22.1669592857361 22.2345080375671
22.0432987213135 21.998556137085 21.6400713920593 21.282190322876 21.3577513694763 21.3884797096252 21.3976964950562 21.4142484664917 21.0935816764832 21.0308661460876 21.2424216270447 21.2879571914673 21.3767423629761 21.6211438179016 21.9477987289429 22.5527219772339 22.4555411338806 22.1504082679749 21.9975371360779 21.8986692428589 21.953143119812 22.0982995033264 22.3166046142578 22.6291394233704 23.183117389679 23.5119137763977 23.4077129364014 23.3706641197205 23.1192154884338 22.8766632080078 22.7695460319519 22.6059703826904 22.4055824279785 22.2838654518127 22.2217955589294 22.2523012161255 22.3560881614685 22.4492692947388 22.7069048881531 22.8434906005859 23.1998147964478 23.4025301933289 23.3842997550964 23.0214905738831 22.7117128372192 22.731734752655 22.7531929016113 22.8092222213745 22.8718342781067 22.8655824661255
21.5343112945557 21.1330833435059 21.5180897712708 21.8741879463196 22.0356812477112 22.3420639038086 22.1589035987854 21.7610111236572 21.3862776756287 21.0448694229126 20.8624062538147 21.0696177482605 21.3224191665649 21.4571499824524 21.6872692108154 22.2173504829407 22.3055119514465 22.2504682540894 22.1307525634766 22.0605792999268 22.016131401062 22.1613984107971 22.5961785316467 23.0614833831787 23.3795208930969 23.0969209671021 22.6880750656128 22.543032169342 22.8004765510559 22.7420434951782 22.5509352684021 22.5139107704163 22.2635946273804 22.0943207740784 22.0770330429077 22.329231262207 22.4342088699341 22.5875935554504 22.7457551956177 22.9550790786743 23.043417930603 23.0961661338806 23.0566372871399 22.7793302536011 22.4330773353577 22.3693857192993 22.667115688324 22.743480682373 22.8351669311523 22.7672443389893
20.2712068557739 20.6961050033569 21.0347189903259 21.1168870925903 21.5907196998596 22.0738186836243 22.0006999969482 21.7732372283936 21.842848777771 21.80286693573 21.7238798141479 21.6987690925598 21.5612916946411 21.4507918357849 21.5791440010071 21.8768262863159 21.9937953948975 22.2489619255066 22.3746271133423 22.3594770431519 22.279013633728 22.3299403190613 22.7628736495972 23.4153299331665 23.4351148605347 22.8854570388794 22.7750396728516 22.7102241516113 22.4622960090637 22.1986827850342 22.1083154678345 22.1655259132385 22.1970996856689 22.223780632019 22.5494785308838 22.7263283729553 22.7373418807983 22.7934713363647 23.0092344284058 23.1981410980225 23.2415566444397 23.2164044380188 23.0838041305542 22.7234020233154 22.6268105506897 22.7424864768982 22.8123822212219 22.805727481842 23.0544219017029 23.4029765129089
20.4286942481995 20.7216167449951 21.1610760688782 20.2796316146851 20.2517862319946 20.6359295845032 21.1536836624146 21.6069054603577 21.5786466598511 22.0526833534241 22.4370565414429 22.4983797073364 22.1872806549072 21.8545060157776 21.6496934890747 21.6350245475769 21.698169708252 21.9811005592346 22.1258430480957 22.2337775230408 22.3196520805359 22.4990110397339 23.1050205230713 23.6649594306946 23.6394882202148 23.4370436668396 23.3778824806213 23.2327733039856 23.0348372459412 22.6125164031982 22.3290820121765 22.2160782814026 22.179407119751 22.3531494140625 22.7371954917908 22.9531087875366 23.1304478645325 23.3050870895386 23.4756197929382 23.5047240257263 23.3110156059265 23.1463446617126 23.1837635040283 23.1682825088501 22.6157932281494 22.697446346283 22.8100242614746 22.8178143501282 23.1524696350098 23.3680062294006
20.709885597229 21.2041840553284 20.730562210083 20.3390960693359 20.3032441139221 20.4771289825439 20.6019601821899 20.8233122825623 21.4836916923523 21.9949469566345 22.4535889625549 22.4430484771729 22.2063941955566 22.065055847168 21.9284729957581 21.8963370323181 21.9248099327087 22.1277747154236 22.2253189086914 22.4439234733582 22.6093993186951 22.8800253868103 23.3562135696411 23.744695186615 23.5078158378601 23.3731985092163 23.2824535369873 23.1652097702026 22.9313206672668 22.5714049339294 22.464252948761 22.38813829422 22.266441822052 22.1564283370972 22.4869885444641 22.9814558029175 23.3864326477051 23.5132284164429 23.5974955558777 23.6988658905029 23.4978866577148 23.3643550872803 23.3719725608826 23.3561758995056 23.4334082603455 23.4377570152283 23.4167346954346 23.4044609069824 23.3896927833557 23.4497485160828
20.7112889289856 20.8619766235352 20.3989181518555 20.3631434440613 20.4954056739807 20.5666255950928 20.9437780380249 21.6174063682556 22.102038860321 22.4909138679504 22.394021987915 22.1504945755005 22.0725359916687 21.9427881240845 21.8184213638306 21.8209347724915 22.1258215904236 22.1738901138306 22.0214171409607 22.0804738998413 22.2675476074219 22.6942381858826 23.4164118766785 23.7105503082275 23.4119048118591 23.0829176902771 22.8640727996826 22.7035255432129 22.4455165863037 22.2148098945618 22.1144967079163 22.3606214523315 22.6902360916138 22.3498587608337 22.4273228645325 22.9950637817383 22.7152638435364 22.4399161338806 22.4172592163086 22.5171794891357 23.148362159729 23.0708107948303 22.8025097846985 22.7495279312134 23.0028676986694 23.3455328941345 23.6603441238403 23.8361988067627 23.7874684333801 23.6094999313354
20.6155667304993 20.2439703941345 20.3103828430176 20.4257926940918 20.7071557044983 21.2376847267151 21.656044960022 22.0539426803589 22.380660533905 22.1095948219299 21.6715388298035 21.5903720855713 21.8324556350708 22.058491230011 22.1254987716675 22.0869011878967 22.0394034385681 21.9081106185913 21.6143274307251 21.5553297996521 21.8538131713867 22.4006285667419 23.2071785926819 23.7857751846313 23.5680732727051 23.163188457489 22.5957641601562 22.7080750465393 22.3414597511292 22.0671720504761 22.4985785484314 22.9014782905579 22.802544593811 22.5587024688721 22.8151707649231 22.8644614219666 22.6128640174866 22.5139851570129 22.3392724990845 22.584508895874 22.5916900634766 22.9813256263733 23.3806176185608 23.1816415786743 23.2688670158386 23.1746754646301 23.2922973632812 23.3121776580811 23.346001625061 23.2520308494568
20.4880952835083 20.3475813865662 20.638062953949 21.0240535736084 21.2362565994263 21.1141066551208 21.7276268005371 22.0991387367249 21.4400157928467 21.2712092399597 21.5526204109192 21.4587154388428 21.7547044754028 22.0464296340942 21.9009404182434 21.8894200325012 22.0061473846436 21.7986359596252 21.4099202156067 21.4415221214294 21.6107096672058 21.6857919692993 22.3766570091248 22.9748773574829 23.628454208374 23.8616485595703 23.8569240570068 23.530740737915 23.4907875061035 23.6161437034607 23.3712663650513 23.5075597763062 23.574896812439 23.1676707267761 22.575719833374 22.217324256897 22.3279929161072 22.5865454673767 22.4831495285034 22.7256999015808 23.1540307998657 23.2114872932434 23.3755421638489 23.3754324913025 23.1751093864441 22.874894618988 22.5205063819885 22.1948080062866 22.5234036445618 22.8420886993408
20.1764478683472 20.5200934410095 20.6915254592896 20.4590373039246 20.7604336738586 21.8230376243591 21.8567709922791 21.1929302215576 21.1157131195068 21.1005501747131 21.2760643959045 21.4995160102844 21.934223651886 22.2030272483826 22.0833144187927 21.8706641197205 22.064022064209 21.8858041763306 21.5643844604492 21.4146809577942 21.5026569366455 21.7102875709534 21.9003701210022 22.2222414016724 22.8139114379883 23.1444501876831 23.4357843399048 23.6887364387512 23.3082575798035 23.4612898826599 23.6974997520447 23.6962761878967 23.8242106437683 23.7261734008789 23.4073538780212 23.2407488822937 23.1220750808716 23.2871022224426 23.3416032791138 23.3498768806458 23.3143305778503 23.3512768745422 23.4223923683167 23.1119775772095 22.7540926933289 22.6926355361938 22.6720032691956 22.5273537635803 22.4737758636475 22.4369034767151
20.6274523735046 20.2668800354004 20.4061198234558 21.0541052818298 21.8227028846741 21.667290687561 21.1481099128723 21.170271396637 21.0666394233704 21.0699057579041 21.235333442688 21.3051853179932 21.6307892799377 22.1347832679749 22.224178314209 22.2360572814941 22.4051365852356 22.201810836792 21.8283772468567 21.6778035163879 21.6854553222656 21.6967468261719 22.0233645439148 22.219660282135 22.6396460533142 22.9511594772339 23.3203945159912 23.5985531806946 23.3164510726929 23.0641598701477 23.051070690155 23.1373586654663 23.1094975471497 23.3578886985779 23.5067276954651 23.4676885604858 23.333074092865 23.1485877037048 23.0662517547607 23.2841444015503 23.4348249435425 23.313262462616 23.0334010124207 23.3099164962769 23.4231925010681 23.1058206558228 23.1027212142944 23.1093564033508 22.8653216362 22.6990876197815
20.1595935821533 20.6186771392822 21.0302581787109 21.0735487937927 20.9966917037964 21.1766996383667 21.3911714553833 21.2255644798279 21.1530652046204 21.2365069389343 21.2191138267517 21.2294564247131 21.4000868797302 21.531259059906 21.5671072006226 21.6625061035156 22.3261108398438 22.5714955329895 22.1122584342957 21.8718838691711 21.7516541481018 21.6853075027466 22.0029015541077 22.1021294593811 22.4876585006714 23.0696201324463 23.1861333847046 22.834144115448 22.6381883621216 22.8682560920715 22.6520075798035 22.4702281951904 22.4584503173828 22.6420793533325 23.0261158943176 23.3289933204651 23.1674337387085 22.7670569419861 22.7147827148438 22.7983570098877 23.2591009140015 23.677668094635 23.6249313354492 23.466757774353 23.5259494781494 23.9690465927124 24.0207901000977 23.7798404693604 23.3895421028137 23.0583415031433
21.0619964599609 20.9790258407593 20.9772572517395 21.0956707000732 21.1573538780212 21.3841328620911 20.9793419837952 21.052095413208 21.3093419075012 21.0483160018921 21.131516456604 21.3386793136597 21.0562376976013 21.3894481658936 21.6450324058533 21.7959980964661 22.3372020721436 22.7669577598572 22.2810568809509 21.7311925888062 21.8955154418945 22.0658416748047 22.0483436584473 22.2613487243652 22.7599964141846 23.1665945053101 23.0049176216125 22.5087413787842 22.1782593727112 22.1827206611633 22.5405163764954 22.6590361595154 22.6540007591248 22.712486743927 22.8837566375732 23.3117694854736 23.2557816505432 22.8370079994202 22.6632471084595 22.6698060035706 22.8828916549683 23.2100238800049 23.4380898475647 23.8269233703613 24.1666989326477 24.1176338195801 24.347288608551 24.2794814109802 23.8034315109253 23.4088339805603
21.2063875198364 21.4433708190918 21.7378554344177 21.6253490447998 21.2742009162903 20.7208399772644 20.9905586242676 21.4500427246094 21.1780896186829 20.9665169715881 21.1204190254211 21.4343419075012 21.6119060516357 21.6846518516541 22.0751991271973 22.0811891555786 22.484414100647 22.8486261367798 22.4488759040833 21.7736601829529 21.7346515655518 22.036461353302 22.3809542655945 22.634735584259 22.9830250740051 22.9738512039185 22.7427129745483 22.4821081161499 22.327365398407 22.312162399292 22.0918655395508 22.4810047149658 22.5852308273315 22.6631679534912 22.6566834449768 22.6653294563293 23.1066017150879 23.205002784729 23.1625890731812 23.0239763259888 23.4390692710876 23.4527888298035 23.4689054489136 23.6873741149902 24.0190491676331 24.2042016983032 24.366108417511 24.5065488815308 24.2933578491211 23.9899668693542
