data/spatiotemp/temp3/bio3_norsw_test_2011_2014.asc
NCOLS 654 
NROWS 380 
XLLCORNER 3.91666666666667 
YLLCORNER 55.3333333333333 
CELLSIZE 0.0416666666666667 
NODATA_value -9999 
[rows 0 to 21 of 380, columns 550 to 599 of 654]
-9999 -9999 -9999 -9999 -9999 -9999 -9999 -9999 -9999 -9999 -9999 -9999 -9999 -9999 -9999 -9999 -9999 -9999 -9999 -9999 -9999 -9999 -9999 -9999 -9999 -9999 -9999 -9999 -9999 -9999 -9999 -9999 -9999 -9999 -9999 -9999 -9999 -9999 -9999 -9999 -9999 -9999 -9999 -9999 -9999 -9999 -9999 -9999 -9999 -9999
-9999 -9999 -9999 -9999 -9999 -9999 -9999 -9999 -9999 -9999 -9999 -9999 -9999 -9999 -9999 -9999 19.9333791732788 19.6521873474121 19.8466963768005 20.1331877708435 20.2898602485657 20.8840041160583 -9999 -9999 -9999 -9999 -9999 -9999 -9999 -9999 -9999 20.3485994338989 20.2304859161377 20.3182172775269 -9999 -9999 -9999 -9999 -9999 -9999 -9999 -9999 -9999 -9999 -9999 -9999 -9999 -9999 -9999 -9999
-9999 -9999 -9999 -9999 -9999 -9999 -9999 -9999 -9999 -9999 -9999 -9999 -9999 -9999 -9999 20.675986289978 20.2425923347473 19.6988606452942 19.6226334571838 19.8164343833923 20.2592225074768 20.4868569374084 20.756368637085 21.1776270866394 21.1093258857727 20.6726732254028 20.698899269104 20.5982928276062 20.6036081314087 20.59312915802 20.223521232605 20.2295851707458 20.2833404541016 20.5532240867615 20.8946719169617 -9999 -9999 -9999 -9999 -9999 -9999 -9999 -9999 -9999 -9999 -9999 -9999 -9999 -9999 -9999
-9999 -9999 -9999 -9999 -9999 -9999 -9999 -9999 -9999 19.983904838562 19.9608182907104 19.9988570213318 19.9543662071228 19.7055377960205 19.8238854408264 20.2500720024109 20.7417988777161 20.4327096939087 19.9889616966248 19.8182740211487 19.9175996780396 20.154718875885 20.4270725250244 20.6297383308411 20.557309627533 20.4591035842896 20.3683638572693 20.2467975616455 20.2349004745483 20.1305394172668 20.1441583633423 20.3224086761475 20.6499590873718 20.9010119438171 -9999 -9999 -9999 -9999 -9999 -9999 -9999 -9999 -9999 -9999 -9999 -9999 -9999 -9999 -9999 -9999
-9999 -9999 -9999 -9999 -9999 -9999 -9999 19.9585394859314 19.7691440582275 19.8710327148438 20.3131828308105 20.196343421936 19.8000874519348 19.5742301940918 19.6996603012085 20.1271605491638 20.6473369598389 20.370614528656 20.1065058708191 19.9442887306213 19.9108548164368 20.0311603546143 20.195924282074 20.2285971641541 20.1669707298279 20.1259698867798 20.1489114761353 20.1500253677368 20.0958452224731 20.0785193443298 20.2478079795837 20.5846047401428 20.8965754508972 20.4939250946045 20.2447137832642 20.1689820289612 19.9514389038086 20.0993962287903 20.2525401115417 20.2747673988342 20.9560256004333 -9999 -9999 -9999 -9999 -9999 -9999 -9999 -9999 -9999
-9999 -9999 -9999 -9999 -9999 -9999 20.6373519897461 20.339204788208 19.9660301208496 19.8011870384216 19.8701863288879 20.0471320152283 20.0987920761108 20.226044178009 20.2407150268555 20.1395635604858 20.0525588989258 20.1191148757935 20.137363910675 20.0306568145752 19.9918518066406 20.0680470466614 20.0725088119507 20.1098961830139 20.1321864128113 20.1670160293579 20.165292263031 20.155282497406 20.1986837387085 20.3380246162415 20.5875682830811 20.7150311470032 20.3761982917786 20.0316548347473 19.8309965133667 19.7395868301392 19.7346611022949 19.8754620552063 19.8417191505432 20.0079169273376 20.5236778259277 -9999 -9999 -9999 -9999 -9999 -9999 -9999 -9999 -9999
-9999 -9999 -9999 -9999 -9999 -9999 -9999 20.8835825920105 20.6783199310303 20.3820829391479 20.3261728286743 20.294216632843 20.5869369506836 20.9598202705383 20.7723655700684 20.6416368484497 20.3989033699036 20.2257452011108 20.1372694969177 20.0639004707336 20.0903835296631 20.1163539886475 20.1416449546814 20.1792645454407 20.2597680091858 20.2638239860535 20.3021082878113 20.4208726882935 20.5950264930725 20.6583890914917 20.4816360473633 20.293493270874 20.3457078933716 20.2398176193237 20.2127089500427 20.380955696106 20.5294375419617 20.505202293396 20.712872505188 20.8600959777832 -9999 -9999 -9999 -9999 -9999 -9999 -9999 -9999 -9999 20.0658645629883
-9999 -9999 -9999 -9999 -9999 -9999 -9999 -9999 -9999 -9999 -9999 -9999 -9999 -9999 -9999 21.3150205612183 20.9798564910889 20.7352728843689 20.5939168930054 20.5194401741028 20.4731078147888 20.4500107765198 20.4874053001404 20.5606737136841 20.5561094284058 20.5884509086609 20.6638956069946 20.6675190925598 20.6956405639648 20.52019739151 20.4928512573242 20.6233320236206 20.7479395866394 20.6914706230164 20.8941397666931 21.139317035675 21.2983155250549 21.2415070533752 21.4132204055786 -9999 -9999 -9999 -9999 -9999 -9999 20.8327465057373 20.5071663856506 20.2243146896362 19.9427762031555 19.8564009666443
-9999 -9999 -9999 -9999 -9999 -9999 -9999 -9999 21.871554851532 -9999 21.5101919174194 21.2001113891602 20.663761138916 20.5513806343079 20.7002515792847 21.1069445610046 21.1058993339539 21.0677356719971 21.0661783218384 21.0445694923401 21.0915369987488 21.1882133483887 21.1896729469299 21.3585805892944 21.421567440033 21.458909034729 21.6926145553589 21.5336246490479 21.8461947441101 21.8479270935059 21.8475193977356 21.5462350845337 21.5380263328552 21.7050681114197 22.1616644859314 21.9669880867004 22.1723599433899 -9999 -9999 -9999 -9999 -9999 -9999 -9999 21.1735353469849 20.6495723724365 20.2798991203308 20.0094285011292 19.7557520866394 19.5204343795776
-9999 -9999 -9999 -9999 -9999 -9999 -9999 -9999 21.8907046318054 -9999 21.8583612442017 21.3269619941711 20.6975173950195 20.413875579834 20.3369860649109 20.4284825325012 20.524600982666 20.6073627471924 20.776535987854 20.7979607582092 20.8988213539124 21.2043409347534 21.6686296463013 21.9338374137878 22.2125959396362 21.9855842590332 22.1731820106506 22.2405996322632 22.9600863456726 22.5536103248596 -9999 -9999 -9999 22.4074673652649 -9999 -9999 -9999 -9999 -9999 -9999 -9999 -9999 21.3730883598328 20.9930548667908 21.0334329605103 20.5876922607422 20.220844745636 19.8349547386169 19.5914974212646 19.3672852516174
-9999 -9999 -9999 -9999 -9999 -9999 21.309006690979 21.1678686141968 21.0735778808594 20.6587467193604 20.8350148200989 20.8527717590332 20.612856388092 20.3843803405762 20.3508839607239 20.294171333313 20.3339686393738 20.4336004257202 20.5486254692078 20.7861571311951 21.1239008903503 21.388692855835 21.3035025596619 21.2526412010193 21.3724851608276 21.5801820755005 21.8201603889465 22.2158393859863 22.5569801330566 23.0426816940308 23.5192084312439 24.0557413101196 -9999 23.6652402877808 23.5659132003784 -9999 -9999 -9999 -9999 -9999 21.8870325088501 21.3521680831909 20.8042225837708 20.3851947784424 20.2306137084961 20.149199962616 20.0182862281799 19.7391090393066 19.4306869506836 19.0711488723755
-9999 -9999 -9999 -9999 -9999 21.4128980636597 21.5078568458557 21.263991355896 20.9338488578796 20.6963920593262 20.5024080276489 20.4536781311035 20.4202814102173 20.3441596031189 20.3477802276611 20.3955721855164 20.4203991889954 20.4403352737427 20.6113204956055 20.7398471832275 20.84934425354 21.0909676551819 21.3972606658936 21.5798487663269 21.7331991195679 21.9514317512512 22.4400548934937 22.6584858894348 23.0315208435059 23.6370544433594 23.4225401878357 23.2101721763611 22.6211504936218 22.2133765220642 22.6706128120422 23.542772769928 -9999 -9999 -9999 -9999 22.2533583641052 21.7831292152405 21.5138449668884 21.0874757766724 20.60657787323 20.1813158988953 19.9212188720703 19.6277689933777 19.4489755630493 19.2315988540649
-9999 -9999 -9999 -9999 -9999 21.6304693222046 21.4013509750366 21.1745634078979 20.9777345657349 20.7840247154236 20.7187433242798 20.7465786933899 20.733368396759 20.5646567344666 20.5580415725708 20.6065263748169 20.7299008369446 20.9279952049255 21.2010498046875 21.562096118927 21.8027358055115 21.9541959762573 22.2059211730957 22.450656414032 22.8487367630005 23.0048089027405 22.9939889907837 22.9384512901306 22.9141731262207 22.3564691543579 21.6473860740662 21.78870677948 22.0924553871155 22.1213002204895 23.1720151901245 -9999 -9999 -9999 -9999 22.8986620903015 22.0267992019653 21.1614384651184 20.7141394615173 20.8080925941467 20.7218689918518 20.5566482543945 20.3299398422241 19.9402027130127 19.6001787185669 19.3160939216614
-9999 22.2953658103943 -9999 21.6536412239075 21.1583399772644 21.1540541648865 21.151792049408 21.1297554969788 21.3621821403503 21.3149342536926 21.257848739624 21.1792078018188 21.1447892189026 21.1861886978149 21.2434630393982 21.3919272422791 21.4289855957031 21.5960378646851 21.7279686927795 21.9884338378906 21.9675993919373 21.7799949645996 21.8408427238464 22.5094175338745 22.7123394012451 22.2404541969299 21.9019312858582 22.0921483039856 21.7817115783691 21.554337978363 21.687650680542 22.1242051124573 22.7432270050049 23.3912553787231 -9999 -9999 -9999 -9999 23.2691059112549 23.0188908576965 21.9649200439453 21.2194647789001 20.7067637443542 20.4700546264648 20.3130841255188 20.1852378845215 20.1204137802124 20.1432199478149 19.7594432830811 19.3584203720093
-9999 -9999 -9999 21.6854934692383 21.3466334342957 21.0830855369568 20.8212161064148 20.8853569030762 21.0572242736816 21.2699356079102 21.280412197113 21.2849626541138 21.4108810424805 21.4880781173706 21.3293042182922 21.0643129348755 21.018976688385 21.2250032424927 21.5029807090759 21.4939050674438 21.336217880249 21.5453977584839 21.8425159454346 21.8551273345947 21.5629043579102 21.7183232307434 22.1251497268677 22.4665427207947 22.4393086433411 22.8592667579651 23.4214429855347 23.6243886947632 -9999 -9999 -9999 -9999 -9999 23.9455184936523 22.839569568634 21.8463549613953 21.2332439422607 20.8960347175598 20.5637550354004 20.3983283042908 20.2180933952332 19.9724326133728 19.7809805870056 19.7552757263184 19.5656518936157 19.3421974182129
21.6340761184692 21.7627472877502 -9999 21.6337203979492 21.4654202461243 21.2420926094055 21.0556197166443 20.93204164505 20.8807692527771 20.813814163208 20.8593573570251 21.0671620368958 21.3087844848633 21.4301257133484 21.2090520858765 21.0074462890625 20.7812623977661 20.9213032722473 21.1822366714478 21.310821056366 21.3482804298401 21.7298521995544 22.1291522979736 22.2553896903992 22.7071747779846 23.1721501350403 23.6806321144104 24.1554255485535 23.8693141937256 24.5730080604553 -9999 24.3272571563721 24.1512441635132 23.8197455406189 23.644513130188 23.7849364280701 23.553192615509 23.0381226539612 23.1213793754578 22.6529102325439 21.771710395813 21.6212558746338 21.2308940887451 20.6326184272766 20.2447295188904 19.9130334854126 19.6245822906494 19.4398279190063 19.2623949050903 19.2709927558899
20.8360962867737 21.2443690299988 21.6826043128967 21.3910098075867 21.3444271087646 21.5548434257507 21.4173336029053 21.2018995285034 21.1213097572327 21.1452512741089 21.1467261314392 21.2213320732117 21.3717594146729 21.5052695274353 21.3700089454651 21.3783502578735 21.3435778617859 21.3665018081665 21.4686026573181 21.7034225463867 22.0301122665405 22.3718781471252 22.7083592414856 23.06405210495 23.5856370925903 23.7489261627197 23.8544297218323 23.7189531326294 23.9296035766602 24.2020053863525 24.2174654006958 24.1370029449463 23.6792759895325 22.9404683113098 22.8008828163147 23.5515465736389 23.431583404541 22.9481530189514 23.0548138618469 23.0582804679871 22.2097358703613 21.9488768577576 21.6084160804749 21.3504014015198 21.0696387290955 20.649471282959 20.349853515625 20.1335163116455 19.9425673484802 19.8002738952637
20.8366985321045 20.9409761428833 21.1256914138794 21.0919089317322 21.1726508140564 21.2253489494324 21.21116065979 21.2647142410278 21.3051137924194 21.3406324386597 21.3223843574524 21.3676562309265 21.394317150116 21.353488445282 21.4918789863586 21.5882740020752 21.5947680473328 21.6002569198608 21.6438488960266 21.8063402175903 22.1883769035339 22.5416860580444 22.7104649543762 22.9112367630005 23.28959608078 23.4321351051331 23.0101127624512 23.2785601615906 23.8556795120239 23.90958070755 23.8727812767029 23.7675333023071 23.4310412406921 23.7675023078918 23.8650097846985 23.4684100151062 23.0526232719421 22.6433849334717 22.3906898498535 22.7855806350708 22.6649217605591 22.3679571151733 22.0290374755859 21.5804085731506 21.3082365989685 21.0341200828552 20.7545337677002 20.433021068573 20.2113404273987 19.9746460914612
20.7252473831177 20.7769932746887 20.9250254631042 20.9706559181213 20.9113755226135 20.9578638076782 20.9206104278564 20.9794726371765 21.0782942771912 21.1319575309753 21.107129573822 21.2136354446411 21.290828704834 21.2541251182556 21.3285517692566 21.4423294067383 21.5965123176575 21.6466813087463 21.7508096694946 22.0137720108032 22.2096529006958 22.2354855537415 22.3632049560547 22.7192378044128 22.9274806976318 23.1695303916931 23.0432066917419 23.3464903831482 23.6081566810608 23.665253162384 23.7975745201111 24.1682906150818 24.3740496635437 24.1412811279297 23.505108833313 23.0837354660034 22.7798705101013 22.6891493797302 22.6720409393311 22.4181175231934 22.0078568458557 21.9448356628418 21.925811290741 21.5671715736389 21.0755414962769 20.6627058982849 20.4947276115417 20.2635273933411 19.9285469055176 19.6599268913269
20.7953176498413 20.8085889816284 20.9160866737366 20.8231801986694 20.9211778640747 20.9510955810547 21.014904499054 21.0038938522339 21.0798096656799 21.0946788787842 21.1751589775085 21.2660503387451 21.2554450035095 21.3314151763916 21.3865418434143 21.4731287956238 21.6449751853943 21.7265830039978 21.8277463912964 22.110032081604 22.2009391784668 22.4345846176147 22.5211434364319 22.7474908828735 22.9175810813904 23.1409020423889 23.1840796470642 23.4575848579407 23.5359988212585 23.7169408798218 24.0242738723755 24.1264009475708 24.3196077346802 23.8442544937134 22.9353704452515 22.6328229904175 22.3722295761108 22.7817096710205 22.8236217498779 22.1741805076599 21.6969952583313 21.4733114242554 21.3566160202026 21.3735637664795 21.0216336250305 20.6150126457214 20.2395415306091 19.9657254219055 19.7775039672852 19.6839294433594
20.8653321266174 20.9503231048584 21.0427184104919 21.0741529464722 21.0682401657104 21.0589780807495 21.1627473831177 21.1799764633179 21.1860990524292 21.2597527503967 21.3043141365051 21.3445525169373 21.4006233215332 21.5056133270264 21.6277322769165 21.7319145202637 21.8901510238647 21.9731736183167 22.1051034927368 22.1494274139404 22.3783497810364 22.5641965866089 22.6817994117737 22.714807510376 22.8740482330322 23.063334941864 23.2628169059753 23.5200524330139 23.7333025932312 23.9173893928528 24.1145114898682 24.073028087616 24.1272406578064 23.4091053009033 23.0379748344421 23.014829158783 23.123987197876 23.2489447593689 22.8025751113892 22.0983476638794 21.859480381012 21.8507385253906 21.5321626663208 21.0864496231079 20.8223338127136 20.7589507102966 20.4556512832642 20.0794405937195 19.8660578727722 19.7627863883972
21.1223788261414 21.1798486709595 21.2226166725159 21.2843904495239 21.2964563369751 21.3335165977478 21.3842315673828 21.4195103645325 21.4387130737305 21.4999866485596 21.476794719696 21.544116973877 21.579619884491 21.7080254554749 21.8439755439758 21.9682459831238 22.0385937690735 22.0826926231384 22.1813960075378 22.3538684844971 22.4947447776794 22.6439952850342 22.7682228088379 22.9089598655701 23.0520763397217 23.1519684791565 23.2903971672058 23.4651913642883 23.7032260894775 23.9924488067627 24.0189018249512 24.1934032440186 23.6728134155273 23.3210678100586 23.5911073684692 23.7140107154846 23.4405798912048 23.4597625732422 23.1019906997681 22.7602596282959 22.5414776802063 22.2927556037903 21.856062412262 21.686909198761 21.4247665405273 21.0806231498718 20.6134152412415 20.3682374954224 20.2184128761292 20.0841975212097
