data/spatiotemp/temp3/bio4_norsw_test_2011_2014.asc
NCOLS 654 
NROWS 380 
XLLCORNER 3.91666666666667 
YLLCORNER 55.3333333333333 
CELLSIZE 0.0416666666666667 
NODATA_value -9999 
[rows 220 to 241 of 380, columns 600 to 649 of 654]
988.559173583984 992.527648925781 998.35285949707 1000.80484008789 1001.76591491699 1004.75991821289 1007.81805419922 1010.20761108398 1010.90634155273 1013.19941711426 1009.18356323242 1010.31233215332 1012.9168548584 1008.72315979004 1005.68472290039 1005.04383850098 1007.52220153809 1003.61489868164 1001.76036071777 1004.73950195312 1005.9504699707 1007.35456848145 1010.4552154541 1010.03039550781 1005.96490478516 1001.77000427246 999.835800170898 999.758392333984 996.623840332031 995.647720336914 996.963653564453 996.357711791992 993.546768188477 990.99462890625 984.005401611328 980.035491943359 980.815460205078 980.853088378906 981.07763671875 985.512512207031 984.055328369141 979.987060546875 975.027297973633 975.124450683594 977.426025390625 980.949249267578 981.207717895508 980.332626342773 982.135757446289 983.849853515625
989.020004272461 992.409561157227 996.260284423828 999.510208129883 1002.08377075195 1004.3681640625 1006.28643798828 1008.4772644043 1010.80815124512 1011.57109069824 1008.10003662109 1009.29927062988 1011.80773925781 1008.37016296387 1004.30242919922 1002.15524291992 1004.64015197754 1003.42919921875 1000.88084411621 1002.73461914062 1005.06617736816 1005.61016845703 1008.8754119873 1008.8670501709 1006.1120300293 1000.12210083008 996.221435546875 994.325988769531 993.176330566406 992.840194702148 993.248519897461 990.730438232422 987.305938720703 986.930099487305 982.354965209961 982.014266967773 983.7373046875 981.280151367188 980.23991394043 978.981109619141 976.761123657227 975.348693847656 973.505767822266 974.117782592773 975.238739013672 976.192764282227 976.966217041016 976.987915039062 978.627792358398 980.996322631836
985.407180786133 990.273788452148 994.347702026367 997.658447265625 998.909225463867 1000.04228210449 1004.50617980957 1008.83442687988 1012.08869934082 1011.88737487793 1010.66221618652 1008.79174804688 1008.18745422363 1007.18850708008 1004.90766906738 1003.32162475586 1005.27149963379 1009.04301452637 1008.36477661133 1006.05722045898 1004.82987976074 1005.52543640137 1006.80729675293 1005.33610534668 1004.77709960938 1000.25344848633 995.620361328125 992.617095947266 989.748870849609 987.411102294922 987.370010375977 986.148849487305 983.708343505859 984.199005126953 983.230850219727 983.547912597656 982.82893371582 978.097686767578 977.022033691406 976.279693603516 973.650299072266 972.193923950195 969.859619140625 969.18098449707 969.159408569336 970.443130493164 971.50732421875 971.637924194336 972.363571166992 975.105728149414
981.78874206543 988.344100952148 994.377166748047 997.870208740234 995.999526977539 998.50065612793 1006.8878326416 1012.83853149414 1014.51953125 1016.095703125 1013.13050842285 1009.47157287598 1006.58070373535 1005.26518249512 1004.07054138184 1004.08786010742 1004.3416595459 1009.49577331543 1012.33692932129 1008.09930419922 1005.09129333496 1003.73260498047 1003.05796813965 1002.03121948242 1000.56745910645 999.695510864258 996.498092651367 995.589691162109 991.268737792969 984.679260253906 982.996139526367 985.12174987793 984.020401000977 983.282150268555 983.056198120117 979.238723754883 978.12272644043 977.432968139648 977.303802490234 976.484176635742 975.18669128418 969.754196166992 966.875823974609 965.779708862305 965.167175292969 966.674835205078 969.277847290039 969.575347900391 969.845626831055 969.447265625
985.004409790039 987.405044555664 995.719390869141 1001.75357055664 1002.04109191895 1003.25834655762 1010.09210205078 1014.36555480957 1016.42407226562 1016.32957458496 1011.93154907227 1010.02017211914 1009.28106689453 1007.13078308105 1006.43617248535 1006.65859985352 1005.18544006348 1005.88441467285 1007.15835571289 1006.00036621094 1004.06369018555 1001.70718383789 999.121627807617 997.878219604492 996.087493896484 997.988967895508 998.282165527344 995.671691894531 991.687469482422 985.722091674805 982.25276184082 981.744552612305 979.608062744141 978.095977783203 976.579849243164 975.626586914062 976.745132446289 979.352828979492 980.546844482422 979.498062133789 976.473846435547 972.634231567383 971.382080078125 970.306991577148 966.735900878906 964.269058227539 964.703414916992 969.548797607422 974.214202880859 975.410522460938
991.21452331543 991.905410766602 998.465042114258 1003.86761474609 1005.00170898438 1005.20797729492 1007.52139282227 1011.82936096191 1013.56896972656 1014.86698913574 1013.8020324707 1014.13865661621 1013.58576965332 1008.91163635254 1006.02062988281 1003.88572692871 1002.83270263672 1003.8814239502 1003.73027038574 1003.17362976074 1001.55834960938 1000.40913391113 998.797790527344 997.469482421875 996.591018676758 998.31233215332 999.525299072266 995.395645141602 991.890686035156 989.291198730469 984.446868896484 979.939529418945 975.93864440918 972.345886230469 970.900314331055 970.034973144531 971.271621704102 971.933349609375 972.862365722656 973.132827758789 973.021713256836 973.73664855957 973.583755493164 971.345260620117 970.439544677734 964.137756347656 961.04362487793 966.567443847656 971.654006958008 977.849822998047
989.447052001953 993.91796875 998.671752929688 1001.55813598633 1004.19107055664 1006.36044311523 1005.59231567383 1006.00122070312 1006.60646057129 1008.77449035645 1010.17916870117 1013.19889831543 1010.83126831055 1005.47511291504 1002.65690612793 999.498138427734 1000.81820678711 1004.97264099121 1008.06729125977 1006.07611083984 1001.80239868164 997.518432617188 995.109008789062 997.47590637207 998.15153503418 999.237701416016 999.413101196289 996.544006347656 991.507034301758 986.686386108398 982.671691894531 977.02995300293 972.674240112305 971.217971801758 970.463897705078 970.313369750977 969.198394775391 967.965454101562 969.069854736328 972.593765258789 975.38362121582 980.178985595703 983.52897644043 981.109100341797 978.391967773438 966.605224609375 959.087387084961 963.589141845703 964.694641113281 966.381118774414
987.309860229492 991.828750610352 995.351470947266 999.424285888672 1001.52047729492 1003.04322814941 999.465805053711 999.940277099609 1000.42086791992 1005.86642456055 1008.20555114746 1008.80764770508 1007.47764587402 1004.07348632812 1002.68669128418 1003.12864685059 1006.63957214355 1009.68646240234 1011.29345703125 1010.55383300781 1008.37104797363 1001.19227600098 996.319915771484 996.879852294922 998.92057800293 999.584426879883 998.206848144531 993.913909912109 987.172714233398 982.633682250977 979.396148681641 974.148498535156 970.241485595703 970.242584228516 969.880783081055 970.038101196289 970.399826049805 971.86198425293 973.092697143555 976.467742919922 980.403594970703 980.781127929688 978.568084716797 973.877777099609 972.429397583008 963.438934326172 958.270095825195 961.352355957031 959.073089599609 954.909561157227
986.48844909668 988.897445678711 995.787094116211 995.604461669922 996.449783325195 996.586090087891 994.759201049805 998.176040649414 1001.53663635254 1002.39752197266 1001.92460632324 1003.08819580078 1002.72750854492 1002.58261108398 1004.17515563965 1007.38774108887 1010.20594787598 1009.95057678223 1010.24166870117 1008.41598510742 1005.28938293457 999.56819152832 995.302062988281 996.412811279297 993.875503540039 994.078460693359 994.335784912109 989.667449951172 983.484161376953 979.213943481445 977.51545715332 974.018508911133 971.343124389648 971.32991027832 975.415573120117 979.746063232422 978.399856567383 976.372482299805 977.428070068359 977.967803955078 972.956954956055 965.925231933594 960.369140625 954.207595825195 955.565307617188 949.669555664062 947.623992919922 956.98014831543 955.959686279297 948.917755126953
988.297698974609 988.612915039062 990.858489990234 989.699630737305 991.996078491211 998.41276550293 1000.02288818359 999.709609985352 999.273361206055 1000.3303527832 1000.96633911133 1006.61181640625 1009.44879150391 1009.96563720703 1009.75769042969 1009.87705993652 1007.36700439453 1004.84977722168 1000.71897888184 1001.36129760742 998.758773803711 993.050842285156 992.720886230469 997.222396850586 995.012710571289 991.400970458984 989.915878295898 985.126541137695 979.214340209961 975.83740234375 975.736450195312 974.72932434082 974.933242797852 976.681777954102 978.424118041992 980.928451538086 978.19319152832 978.592178344727 975.774856567383 976.174621582031 968.550598144531 950.779006958008 940.559387207031 935.852615356445 929.070343017578 922.503479003906 922.01887512207 923.146636962891 921.615097045898 917.071655273438
988.787887573242 989.54377746582 992.556015014648 993.026016235352 992.876419067383 993.847229003906 995.276962280273 995.276626586914 996.559020996094 1001.09483337402 1007.54937744141 1010.43774414062 1007.82655334473 1006.86180114746 1008.14739990234 1012.85736083984 1012.08027648926 1008.26988220215 1005.9402923584 1004.31091308594 999.057647705078 992.778839111328 991.1103515625 989.730285644531 986.973922729492 985.488876342773 984.773803710938 981.509216308594 976.985122680664 974.833053588867 977.116821289062 975.723678588867 976.049377441406 980.719665527344 980.678619384766 978.396865844727 978.478164672852 973.966690063477 968.355346679688 965.433013916016 959.074996948242 941.713195800781 922.235534667969 906.636825561523 897.217224121094 892.612182617188 890.809112548828 890.387847900391 889.248092651367 889.363372802734
990.262069702148 988.909042358398 990.091064453125 991.12109375 991.744750976562 994.51481628418 997.634094238281 996.276794433594 995.074844360352 997.294540405273 1004.20063781738 1004.46342468262 999.429885864258 1001.81596374512 1008.50946044922 1010.5184173584 1007.32870483398 1001.45755004883 998.01676940918 996.383071899414 993.538497924805 990.042221069336 989.373580932617 986.970947265625 982.663101196289 980.47053527832 980.604736328125 978.346603393555 975.855606079102 976.932281494141 978.98095703125 976.959320068359 977.265365600586 980.186874389648 977.760787963867 972.408569335938 968.195281982422 961.256759643555 950.618545532227 943.728973388672 925.42951965332 901.58171081543 886.802108764648 878.877014160156 874.464462280273 872.318771362305 872.056213378906 873.313415527344 876.416946411133 879.913467407227
990.673934936523 992.528518676758 993.454116821289 994.930313110352 995.15837097168 996.044677734375 996.438522338867 993.710510253906 995.220169067383 999.055572509766 1003.70779418945 1001.68977355957 999.163848876953 1003.47463989258 1005.06689453125 1002.37745666504 998.4189453125 994.510940551758 992.224060058594 990.021041870117 988.619323730469 987.749816894531 986.861831665039 986.623672485352 984.087127685547 981.703994750977 979.473556518555 978.449188232422 978.436126708984 978.001815795898 976.009048461914 972.615707397461 964.729217529297 959.782928466797 957.270889282227 953.527526855469 940.148788452148 924.616317749023 902.835296630859 899.212799072266 891.03630065918 877.264724731445 871.126403808594 868.342346191406 866.780838012695 866.10856628418 866.48567199707 868.248672485352 872.569122314453 876.766830444336
990.810012817383 993.918258666992 995.224136352539 996.008026123047 995.629653930664 994.744918823242 993.912185668945 995.635345458984 999.483154296875 1001.66659545898 1004.65896606445 1004.11569213867 1003.04103088379 1001.17004394531 996.391342163086 993.537033081055 991.834411621094 991.540222167969 989.217758178711 988.046798706055 988.342971801758 986.583511352539 983.951034545898 983.483215332031 982.451965332031 981.159973144531 979.842819213867 978.533187866211 981.223831176758 981.656448364258 981.352737426758 975.736053466797 959.435775756836 936.117034912109 912.627777099609 900.713012695312 891.461318969727 883.046279907227 873.331481933594 872.170227050781 870.960632324219 867.654846191406 864.947311401367 864.126556396484 864.087860107422 865.090209960938 866.69157409668 869.346664428711 873.017700195312 876.502365112305
991.940002441406 991.700561523438 992.354507446289 992.222473144531 994.890380859375 997.803833007812 997.197952270508 996.09521484375 996.311660766602 997.564086914062 1000.26654052734 1000.81489562988 997.898208618164 994.052886962891 992.881332397461 992.564025878906 992.436950683594 994.114639282227 993.981857299805 992.836654663086 991.137451171875 987.977127075195 982.926116943359 981.806777954102 980.725830078125 980.536895751953 982.125778198242 981.139541625977 981.018798828125 981.268051147461 982.726654052734 971.70329284668 944.050643920898 911.782440185547 888.052993774414 875.194152832031 871.096771240234 866.82292175293 864.884292602539 864.809356689453 864.093658447266 862.662979125977 861.42155456543 861.551193237305 862.467147827148 865.796829223633 873.681289672852 886.055480957031 898.39372253418 901.188232421875
991.914398193359 990.874481201172 990.085571289062 991.449905395508 995.616287231445 997.544357299805 994.963806152344 993.534164428711 993.871994018555 994.297286987305 994.609573364258 992.056137084961 989.783279418945 988.627700805664 991.801620483398 992.399185180664 989.676391601562 992.278854370117 994.496459960938 993.242233276367 990.778350830078 988.053527832031 986.127883911133 984.962783813477 983.529205322266 981.770599365234 981.070129394531 981.973587036133 980.274108886719 980.013229370117 978.511627197266 961.347717285156 925.599578857422 892.238159179688 875.807403564453 870.638580322266 869.218780517578 864.290756225586 860.962799072266 861.146362304688 860.70182800293 859.583541870117 859.569046020508 858.398620605469 857.817031860352 860.310363769531 867.740280151367 877.798553466797 886.853073120117 888.56591796875
993.454605102539 992.027450561523 991.699584960938 993.071380615234 994.378463745117 992.768646240234 989.357116699219 989.55451965332 989.150009155273 990.741195678711 992.488464355469 990.595703125 988.638641357422 987.125411987305 987.517883300781 987.519149780273 986.229019165039 988.845626831055 990.076263427734 988.313842773438 987.170043945312 986.999237060547 987.906860351562 986.68473815918 986.082397460938 983.132049560547 979.818801879883 977.26806640625 967.108657836914 950.28076171875 938.504943847656 920.727523803711 895.085861206055 873.315200805664 863.571243286133 862.810516357422 863.918914794922 859.485824584961 857.166519165039 856.595031738281 857.182312011719 857.07633972168 855.44401550293 853.355361938477 851.339584350586 851.579772949219 853.018280029297 854.299682617188 855.692031860352 857.035858154297
993.098617553711 993.320236206055 993.843185424805 994.172119140625 994.249145507812 992.18391418457 989.194686889648 986.612640380859 985.229736328125 986.600967407227 991.468536376953 991.379577636719 989.332534790039 987.725646972656 987.154235839844 985.509613037109 987.00602722168 991.253524780273 989.741088867188 986.722045898438 986.981048583984 988.350784301758 988.301940917969 984.972549438477 980.49609375 974.153625488281 964.935287475586 954.839752197266 929.792816162109 897.796096801758 879.885482788086 869.716979980469 860.166061401367 856.323776245117 855.706085205078 857.723937988281 859.637191772461 855.529678344727 854.887741088867 854.964202880859 854.785369873047 854.885894775391 853.03987121582 850.591018676758 847.876739501953 847.140518188477 847.268646240234 847.802780151367 849.653594970703 852.671691894531
991.689056396484 991.20849609375 991.920333862305 993.108016967773 990.325332641602 987.756149291992 986.37028503418 983.150848388672 982.002319335938 984.704116821289 987.977188110352 990.312622070312 989.835968017578 990.695770263672 989.351211547852 987.822067260742 989.270202636719 991.076889038086 991.070831298828 989.537826538086 990.012939453125 989.49382019043 987.735748291016 984.07975769043 976.779632568359 966.566589355469 945.982208251953 915.575759887695 884.384994506836 863.335433959961 855.030380249023 853.689575195312 852.621063232422 851.816162109375 852.384078979492 856.495452880859 858.971450805664 854.669494628906 854.027801513672 854.685165405273 855.487380981445 855.679672241211 856.890335083008 854.021377563477 849.846328735352 847.623794555664 847.286026000977 848.470138549805 850.583587646484 853.167053222656
990.960174560547 988.551116943359 985.892776489258 985.187728881836 983.854248046875 983.462814331055 984.581192016602 983.791259765625 985.553268432617 985.431777954102 988.143493652344 987.011520385742 988.265548706055 990.39387512207 989.334182739258 987.64811706543 986.2255859375 987.184585571289 987.923934936523 988.877990722656 988.474487304688 986.245574951172 987.118789672852 985.328125 978.979949951172 967.831649780273 940.666564941406 892.257843017578 866.822509765625 857.774505615234 854.980651855469 853.714950561523 852.229309082031 851.925643920898 852.635131835938 853.255874633789 853.716049194336 851.867050170898 852.060394287109 852.351318359375 853.798461914062 854.567047119141 856.744201660156 854.908782958984 849.964050292969 848.024673461914 849.475143432617 850.265701293945 852.037536621094 853.404983520508
985.855819702148 984.579071044922 982.467132568359 980.829711914062 983.446365356445 984.21435546875 984.438003540039 984.938339233398 987.817581176758 987.337615966797 989.032409667969 989.201721191406 990.233306884766 989.361312866211 987.204467773438 986.862594604492 985.151611328125 985.108795166016 987.365417480469 986.208023071289 984.597305297852 986.152404785156 986.911285400391 983.74446105957 974.0986328125 959.2197265625 939.783569335938 902.175231933594 874.558303833008 863.269317626953 859.006713867188 855.964294433594 853.405136108398 852.991943359375 853.239395141602 854.065490722656 853.0712890625 851.335922241211 850.962890625 850.280197143555 850.244171142578 850.310440063477 850.581192016602 850.818084716797 850.222702026367 850.741897583008 851.51579284668 852.546432495117 854.215835571289 854.62370300293
990.444259643555 992.827041625977 991.313247680664 988.670837402344 987.278884887695 984.435394287109 983.47004699707 986.176422119141 987.907302856445 989.044906616211 989.46907043457 991.308700561523 988.836669921875 987.094650268555 984.75358581543 983.408309936523 984.475509643555 986.008270263672 989.280029296875 990.933898925781 988.688140869141 986.771957397461 989.199279785156 989.664733886719 983.620681762695 974.495895385742 961.260650634766 933.298828125 907.341491699219 888.84782409668 874.04817199707 862.337295532227 855.412384033203 854.358917236328 854.214630126953 854.050369262695 853.050979614258 851.884185791016 849.009948730469 847.6611328125 847.936935424805 848.973129272461 850.003082275391 851.281036376953 851.92253112793 852.172958374023 853.578002929688 854.236404418945 855.698440551758 857.458312988281
