data/spatiotemp/temp3/bio4_norsw_test_2011_2014.asc
NCOLS 654 
NROWS 380 
XLLCORNER 3.91666666666667 
YLLCORNER 55.3333333333333 
CELLSIZE 0.0416666666666667 
NODATA_value -9999 
[rows 286 to 307 of 380, columns 300 to 349 of 654]
772.86784362793 772.427795410156 772.861282348633 774.168914794922 773.512725830078 773.055389404297 773.757263183594 772.436126708984 772.25048828125 771.438247680664 769.352554321289 766.350631713867 765.435791015625 762.960830688477 761.327270507812 763.187271118164 765.549057006836 763.944534301758 761.645721435547 758.780136108398 757.025680541992 753.056671142578 748.872116088867 751.891174316406 756.167770385742 752.229949951172 747.901580810547 743.874481201172 746.499374389648 750.906692504883 754.600723266602 756.293670654297 757.50373840332 759.756820678711 762.141876220703 758.760223388672 759.074981689453 761.266235351562 761.668060302734 758.127059936523 757.584274291992 757.279724121094 755.728439331055 751.8759765625 744.599044799805 737.47673034668 725.329727172852 721.893814086914 724.989456176758 730.389358520508
768.070755004883 767.14631652832 766.865417480469 767.353271484375 770.132308959961 771.697479248047 772.25227355957 770.656692504883 768.026504516602 766.5810546875 764.956130981445 763.700378417969 762.315353393555 761.806625366211 759.379272460938 758.526473999023 758.72509765625 758.928344726562 759.336868286133 756.20295715332 756.162460327148 755.245559692383 755.21501159668 754.895980834961 760.332962036133 758.886840820312 754.730255126953 755.578552246094 758.338302612305 759.576156616211 757.126235961914 756.486373901367 757.333572387695 758.229293823242 758.947250366211 756.050430297852 752.365600585938 749.59602355957 750.57063293457 748.233489990234 746.246948242188 749.632522583008 749.268783569336 742.590637207031 739.027084350586 736.200149536133 729.384872436523 721.679718017578 710.230072021484 713.376266479492
765.478866577148 765.695404052734 767.421356201172 766.918045043945 766.468307495117 767.180404663086 770.569488525391 771.489852905273 768.287857055664 767.510620117188 765.989654541016 762.966751098633 761.965026855469 762.196197509766 760.95849609375 760.138031005859 759.757446289062 760.901763916016 762.305023193359 759.96696472168 755.597869873047 754.924667358398 754.346466064453 753.302093505859 755.616760253906 756.851486206055 755.114013671875 754.953659057617 756.23796081543 754.027236938477 749.063003540039 751.358276367188 754.133483886719 753.239028930664 752.266555786133 749.080383300781 746.180908203125 741.318542480469 738.972229003906 737.255889892578 738.558349609375 740.022033691406 737.738174438477 732.996505737305 731.654067993164 731.36408996582 728.836029052734 723.532562255859 713.717147827148 706.794296264648
765.892227172852 767.157745361328 768.141296386719 770.995315551758 769.302154541016 768.685409545898 769.414367675781 768.901702880859 767.732620239258 765.995040893555 762.860397338867 760.087463378906 761.65397644043 764.06282043457 762.987106323242 760.583129882812 760.245025634766 763.525787353516 766.915283203125 765.829818725586 760.741897583008 756.363693237305 753.738296508789 751.07502746582 750.385437011719 750.93830871582 751.884674072266 752.160598754883 750.382476806641 747.270462036133 743.685928344727 747.294418334961 749.440780639648 747.359451293945 746.387588500977 744.022674560547 741.540420532227 736.821014404297 734.294235229492 733.608703613281 734.60221862793 734.70703125 731.753326416016 728.799362182617 724.569061279297 718.87370300293 712.116256713867 720.743774414062 710.605865478516 706.147415161133
768.396026611328 767.530838012695 767.228240966797 770.964004516602 771.804107666016 767.699249267578 767.846313476562 766.762771606445 764.453857421875 764.410202026367 764.876495361328 762.781799316406 763.524780273438 764.208404541016 762.113372802734 759.74967956543 760.83642578125 763.484283447266 767.452758789062 766.076644897461 763.649841308594 762.73225402832 758.404510498047 754.110595703125 750.257171630859 747.971084594727 749.24006652832 751.798477172852 751.31916809082 743.154647827148 739.564361572266 741.258148193359 744.139556884766 745.688232421875 743.94987487793 741.91813659668 737.177719116211 732.641693115234 730.75764465332 730.998428344727 729.139785766602 716.975433349609 706.918060302734 720.664840698242 712.531158447266 697.902145385742 700.000122070312 708.881423950195 710.202453613281 705.835998535156
770.463104248047 768.610794067383 769.238082885742 769.900817871094 769.306869506836 763.541229248047 764.02522277832 765.082244873047 764.198822021484 762.196426391602 762.940795898438 760.28889465332 760.307052612305 761.12580871582 759.763107299805 757.989974975586 757.722244262695 757.21174621582 759.008590698242 757.633743286133 756.817413330078 758.938735961914 760.055648803711 757.319412231445 753.342346191406 749.115188598633 749.445266723633 751.500747680664 750.557678222656 743.982391357422 738.907592773438 -9999 741.41911315918 746.984268188477 745.190399169922 742.404052734375 736.950653076172 732.220169067383 727.571853637695 719.580810546875 711.644515991211 701.43132019043 697.511840820312 705.53239440918 -9999 -9999 696.973815917969 708.491653442383 711.244201660156 702.421951293945
768.532836914062 767.759658813477 768.165893554688 768.413833618164 766.967468261719 763.522796630859 761.754547119141 764.058349609375 761.732177734375 758.248123168945 759.110427856445 756.192794799805 753.173187255859 754.170547485352 755.152786254883 754.442077636719 754.22119140625 752.086563110352 751.207901000977 749.786499023438 748.605346679688 750.071533203125 754.62336730957 755.105758666992 754.131103515625 752.266464233398 751.674942016602 749.205947875977 746.007781982422 744.048202514648 738.151443481445 733.622344970703 742.362213134766 745.212661743164 745.184188842773 742.835998535156 738.685073852539 731.650253295898 719.287582397461 709.695571899414 708.592742919922 704.081344604492 694.024429321289 -9999 695.299301147461 688.967514038086 685.71696472168 666.844268798828 657.757736206055 662.193923950195
763.080032348633 761.901580810547 761.107955932617 762.158721923828 764.400634765625 765.511077880859 762.77961730957 762.759826660156 759.609176635742 756.937713623047 757.188537597656 755.767333984375 750.654678344727 751.187301635742 754.438171386719 755.261474609375 756.781875610352 753.35041809082 749.576889038086 748.636352539062 748.441925048828 749.025787353516 750.104690551758 749.562026977539 751.156036376953 753.006622314453 753.959594726562 748.084167480469 742.19303894043 736.545013427734 730.669631958008 731.68440246582 741.4453125 741.608383178711 741.000579833984 739.479690551758 735.096038818359 724.253723144531 712.434051513672 -9999 -9999 -9999 690.741775512695 698.317413330078 700.533172607422 691.457077026367 687.721542358398 -9999 -9999 -9999
760.716461181641 759.985122680664 757.600738525391 757.06428527832 757.114807128906 761.162704467773 763.249130249023 763.499420166016 761.492401123047 757.475112915039 756.298095703125 754.394607543945 751.078338623047 753.470428466797 756.924957275391 757.776977539062 757.995025634766 755.271148681641 750.378646850586 751.359741210938 750.954177856445 751.296356201172 748.692489624023 745.973358154297 745.62678527832 746.301513671875 745.787353515625 742.536880493164 736.434539794922 731.109130859375 725.773956298828 721.519561767578 740.682250976562 739.499313354492 740.848526000977 736.727752685547 726.456909179688 711.350936889648 708.045471191406 -9999 684.384414672852 682.723861694336 686.348327636719 692.510848999023 -9999 -9999 -9999 -9999 -9999 -9999
760.386367797852 761.014694213867 760.525604248047 755.966201782227 751.100234985352 755.854156494141 760.554122924805 761.711471557617 761.007766723633 756.176544189453 753.38996887207 754.44059753418 752.009521484375 749.949676513672 749.900177001953 749.147598266602 749.14453125 748.537734985352 749.027618408203 751.230667114258 751.744750976562 751.004516601562 747.167068481445 745.39860534668 743.642349243164 738.855819702148 733.231536865234 727.529266357422 720.189453125 714.333786010742 710.11051940918 713.641860961914 738.371398925781 732.817962646484 734.921005249023 730.777450561523 716.222320556641 708.00456237793 658.880264282227 686.460525512695 684.968399047852 683.702590942383 -9999 -9999 -9999 -9999 -9999 -9999 -9999 -9999
756.808944702148 759.351943969727 759.461334228516 755.340209960938 750.25520324707 751.034851074219 756.21923828125 758.995986938477 759.399017333984 754.606628417969 749.961059570312 749.776733398438 750.763671875 747.946838378906 745.182571411133 746.162643432617 746.508209228516 743.215255737305 742.160369873047 743.274688720703 745.378311157227 746.850601196289 746.196105957031 740.845489501953 735.323944091797 732.214218139648 720.128402709961 714.58154296875 711.373977661133 706.90299987793 709.920425415039 -9999 712.514450073242 726.520919799805 726.591598510742 721.584243774414 706.076889038086 -9999 -9999 -9999 -9999 -9999 -9999 -9999 -9999 -9999 -9999 -9999 -9999 -9999
753.035995483398 752.439910888672 752.794937133789 752.566024780273 749.848297119141 748.224685668945 749.24755859375 753.055099487305 754.197479248047 751.76496887207 749.962493896484 750.021072387695 751.65185546875 753.056350708008 751.691192626953 748.140838623047 744.133819580078 739.990295410156 739.707534790039 739.972137451172 742.282455444336 743.759887695312 739.990432739258 732.62646484375 722.859283447266 720.232788085938 718.50065612793 718.510162353516 -9999 -9999 -9999 -9999 -9999 -9999 696.990188598633 -9999 -9999 -9999 659.551574707031 -9999 -9999 -9999 -9999 -9999 -9999 -9999 -9999 -9999 -9999 -9999
751.719604492188 750.953567504883 750.941467285156 751.922302246094 751.053009033203 749.653198242188 747.589019775391 750.130432128906 750.260559082031 749.512893676758 748.278823852539 747.178817749023 745.806060791016 749.155899047852 748.879623413086 742.083984375 738.387664794922 738.545394897461 738.624221801758 736.981140136719 736.641372680664 732.47737121582 738.727066040039 729.853958129883 722.220596313477 719.772888183594 719.862182617188 718.302688598633 -9999 -9999 -9999 -9999 -9999 -9999 691.303817749023 -9999 -9999 -9999 -9999 -9999 -9999 -9999 -9999 -9999 -9999 -9999 -9999 -9999 -9999 -9999
748.623809814453 747.986968994141 746.046691894531 745.766250610352 746.784408569336 745.426986694336 742.179168701172 741.712768554688 741.935592651367 740.765380859375 738.721939086914 737.717147827148 739.05793762207 742.050506591797 742.331314086914 741.432266235352 737.797378540039 730.822021484375 707.216445922852 -9999 735.760589599609 -9999 -9999 -9999 -9999 714.261215209961 712.674133300781 -9999 -9999 -9999 -9999 -9999 -9999 -9999 -9999 -9999 -9999 -9999 -9999 -9999 -9999 -9999 -9999 -9999 -9999 -9999 -9999 -9999 -9999 -9999
745.389007568359 745.647567749023 743.327697753906 741.460723876953 742.210357666016 741.903732299805 739.836929321289 736.407379150391 735.04768371582 734.937805175781 734.512176513672 734.298461914062 736.527496337891 730.77082824707 727.384246826172 732.753646850586 730.443771362305 699.415283203125 705.98893737793 -9999 -9999 -9999 -9999 -9999 -9999 -9999 -9999 -9999 -9999 -9999 -9999 -9999 -9999 -9999 -9999 -9999 -9999 -9999 -9999 -9999 -9999 -9999 -9999 -9999 -9999 -9999 -9999 -9999 -9999 -9999
751.676773071289 751.921264648438 752.207717895508 749.54052734375 746.163681030273 743.03125 740.581359863281 736.635177612305 730.436676025391 726.245361328125 729.130386352539 727.908660888672 730.25422668457 728.848770141602 -9999 -9999 -9999 -9999 -9999 -9999 -9999 -9999 -9999 -9999 -9999 -9999 -9999 -9999 -9999 -9999 -9999 -9999 -9999 -9999 -9999 -9999 -9999 -9999 -9999 -9999 -9999 -9999 -9999 -9999 -9999 -9999 -9999 -9999 -9999 -9999
756.308044433594 756.237701416016 754.754959106445 751.997116088867 750.341339111328 747.112442016602 743.577377319336 739.18766784668 735.48811340332 729.763916015625 728.055145263672 -9999 722.402160644531 671.334686279297 669.21696472168 -9999 -9999 -9999 -9999 -9999 -9999 -9999 -9999 -9999 -9999 -9999 -9999 -9999 -9999 -9999 -9999 -9999 -9999 -9999 -9999 -9999 -9999 -9999 -9999 -9999 -9999 -9999 -9999 -9999 -9999 -9999 -9999 -9999 -9999 -9999
758.146286010742 758.406219482422 754.858474731445 751.285034179688 750.375274658203 747.759017944336 746.254745483398 744.459030151367 739.870223999023 736.093322753906 732.315048217773 727.870834350586 723.847732543945 721.321243286133 703.081420898438 -9999 -9999 -9999 -9999 -9999 -9999 -9999 -9999 -9999 -9999 -9999 -9999 -9999 -9999 -9999 -9999 -9999 -9999 -9999 -9999 -9999 -9999 -9999 -9999 -9999 -9999 -9999 -9999 -9999 -9999 -9999 -9999 -9999 -9999 -9999
754.624862670898 754.811309814453 751.529296875 747.840576171875 746.2919921875 743.851638793945 743.089324951172 743.389709472656 741.859085083008 739.138244628906 734.449417114258 729.300521850586 724.783813476562 709.348129272461 -9999 -9999 -9999 -9999 -9999 -9999 -9999 -9999 -9999 -9999 -9999 -9999 -9999 -9999 -9999 -9999 -9999 -9999 -9999 -9999 -9999 -9999 -9999 -9999 -9999 -9999 -9999 -9999 -9999 -9999 -9999 -9999 -9999 -9999 -9999 -9999
751.514617919922 747.91569519043 745.318664550781 745.474807739258 743.91064453125 742.146224975586 743.194885253906 743.598526000977 743.69970703125 739.900604248047 736.271301269531 730.303939819336 712.626403808594 719.891723632812 673.610122680664 -9999 -9999 -9999 -9999 -9999 -9999 -9999 -9999 -9999 -9999 -9999 -9999 -9999 -9999 -9999 -9999 -9999 -9999 -9999 -9999 -9999 -9999 -9999 -9999 -9999 -9999 -9999 -9999 -9999 -9999 -9999 -9999 -9999 -9999 -9999
751.677536010742 747.14128112793 744.964279174805 743.795715332031 743.833541870117 744.567123413086 744.591186523438 743.831924438477 743.712295532227 743.383850097656 741.583053588867 736.702362060547 730.154266357422 724.196411132812 673.353958129883 -9999 -9999 -9999 -9999 -9999 -9999 -9999 -9999 -9999 -9999 -9999 -9999 -9999 -9999 -9999 -9999 -9999 -9999 -9999 -9999 -9999 -9999 -9999 -9999 -9999 -9999 -9999 -9999 -9999 -9999 -9999 -9999 -9999 -9999 -9999
749.923553466797 748.26057434082 743.681823730469 744.449478149414 745.353286743164 743.968643188477 743.960174560547 744.728378295898 744.624313354492 745.790573120117 743.877639770508 738.139572143555 730.664810180664 -9999 670.520248413086 -9999 -9999 -9999 -9999 -9999 -9999 -9999 -9999 -9999 -9999 -9999 -9999 -9999 -9999 -9999 -9999 -9999 -9999 -9999 -9999 -9999 -9999 -9999 -9999 -9999 -9999 -9999 -9999 -9999 -9999 -9999 -9999 -9999 -9999 -9999
