data/spatiotemp/temp3/bio4_norsw_test_2011_2014.asc
NCOLS 654 
NROWS 380 
XLLCORNER 3.91666666666667 
YLLCORNER 55.3333333333333 
CELLSIZE 0.0416666666666667 
NODATA_value -9999 
[rows 154 to 175 of 380, columns 300 to 349 of 654]
935.242309570312 938.170837402344 947.005813598633 949.56852722168 947.969329833984 938.487243652344 932.679412841797 935.977264404297 935.877883911133 934.348709106445 927.116836547852 914.609909057617 909.107864379883 907.795867919922 901.306289672852 899.200256347656 895.092742919922 886.265365600586 886.686935424805 880.4619140625 867.426223754883 858.091079711914 851.653549194336 854.084396362305 860.875625610352 865.523208618164 869.011306762695 874.730590820312 880.693405151367 878.288589477539 863.796569824219 869.606201171875 879.713012695312 889.790374755859 883.561340332031 884.457550048828 893.524063110352 901.210418701172 907.504089355469 909.701522827148 907.539855957031 908.377944946289 911.415405273438 906.608367919922 898.996551513672 900.588287353516 901.336822509766 895.228057861328 898.054840087891 903.454833984375
936.253662109375 934.343612670898 930.898956298828 933.797790527344 937.610321044922 927.445617675781 928.465972900391 928.340026855469 932.255828857422 935.227951049805 936.931579589844 935.088500976562 929.746673583984 919.319046020508 904.703323364258 900.731109619141 892.321395874023 878.200042724609 869.49430847168 864.46435546875 859.662704467773 868.601943969727 868.555694580078 866.828231811523 866.31217956543 866.145126342773 863.151672363281 858.442367553711 856.800842285156 867.802093505859 881.534973144531 886.558090209961 884.608917236328 876.683990478516 881.285614013672 886.337173461914 887.901214599609 893.576034545898 898.407745361328 896.448211669922 889.678771972656 894.371139526367 905.128082275391 893.372695922852 895.114761352539 897.140899658203 891.848846435547 897.787826538086 903.326217651367 903.541229248047
939.584503173828 939.916610717773 938.830261230469 938.02897644043 937.007095336914 939.322830200195 938.730865478516 923.512680053711 931.133804321289 933.197311401367 935.367782592773 930.530258178711 924.631408691406 910.375305175781 892.280624389648 883.578033447266 894.226821899414 892.048767089844 878.620300292969 865.806106567383 873.348266601562 874.59831237793 881.793930053711 877.460556030273 869.993255615234 865.623992919922 863.962310791016 853.916488647461 849.273895263672 854.579849243164 864.908477783203 874.390090942383 868.48486328125 847.365585327148 854.467025756836 865.125534057617 871.847503662109 875.814117431641 879.203216552734 876.223266601562 873.434509277344 883.408828735352 899.319869995117 902.701171875 900.722305297852 894.226135253906 881.090408325195 880.77326965332 891.61083984375 901.097229003906
939.757568359375 938.547943115234 932.179702758789 933.941513061523 938.135406494141 938.108047485352 939.517593383789 934.310073852539 931.945602416992 926.906799316406 932.067169189453 934.839538574219 929.384750366211 910.034606933594 894.598190307617 907.094116210938 911.96809387207 903.179107666016 893.422454833984 898.352294921875 895.542251586914 897.610443115234 886.099365234375 876.288024902344 875.076034545898 872.886276245117 869.623947143555 863.943832397461 858.784194946289 848.957824707031 855.172592163086 862.393356323242 860.610122680664 851.494644165039 851.222900390625 854.966430664062 845.421951293945 846.23030090332 850.890151977539 863.251007080078 866.871658325195 868.919799804688 876.785049438477 877.784652709961 884.778350830078 894.359039306641 882.901596069336 885.499481201172 891.300918579102 899.698135375977
934.999893188477 932.661437988281 925.778533935547 929.893844604492 927.240371704102 927.341934204102 933.331985473633 931.640823364258 924.209106445312 932.457641601562 930.099700927734 930.5966796875 927.099639892578 925.309951782227 923.007080078125 925.243041992188 924.603805541992 916.951141357422 911.083755493164 911.556243896484 899.453536987305 896.222045898438 889.317108154297 880.592102050781 873.854751586914 876.474563598633 881.117462158203 878.839859008789 872.491149902344 859.958541870117 847.407257080078 849.388458251953 854.545379638672 859.332366943359 856.98193359375 852.972518920898 847.812515258789 848.518829345703 850.315246582031 851.538757324219 856.991119384766 858.593734741211 865.053344726562 870.3662109375 881.342086791992 892.392623901367 881.083343505859 879.76416015625 880.765182495117 889.565093994141
918.520889282227 918.606018066406 929.870025634766 931.92839050293 928.14323425293 931.771484375 939.545989990234 943.371032714844 939.752304077148 934.770980834961 923.973709106445 912.324234008789 909.859893798828 913.663208007812 927.024658203125 935.972198486328 933.563186645508 923.121627807617 917.80810546875 916.138259887695 907.303375244141 904.866134643555 904.703735351562 903.008316040039 883.451049804688 872.878402709961 879.772735595703 882.853775024414 878.79508972168 861.756896972656 845.690017700195 850.494674682617 855.10920715332 854.142456054688 853.549545288086 850.30615234375 842.410278320312 837.801574707031 837.834945678711 837.875640869141 839.24951171875 842.292205810547 849.482269287109 855.632843017578 869.497940063477 885.164764404297 883.111755371094 885.097198486328 892.012817382812 895.391311645508
918.430084228516 921.528091430664 921.013046264648 925.268676757812 926.090393066406 932.02424621582 935.177185058594 925.12516784668 934.530578613281 927.811965942383 923.882553100586 923.63655090332 921.721572875977 926.715087890625 937.370086669922 942.148239135742 941.391983032227 932.458847045898 924.727203369141 923.049407958984 915.835784912109 905.531021118164 910.319259643555 913.305435180664 906.839828491211 897.838790893555 887.036743164062 871.364593505859 866.227752685547 868.560592651367 856.953979492188 848.989517211914 848.908294677734 844.61003112793 842.817993164062 846.302093505859 840.177780151367 833.027389526367 834.686050415039 827.098480224609 833.66015625 838.760620117188 846.257339477539 857.182830810547 863.051025390625 871.054763793945 872.011901855469 875.427658081055 883.033432006836 884.974655151367
915.028167724609 921.712631225586 918.243118286133 911.217178344727 916.933090209961 928.929611206055 942.683700561523 941.596160888672 942.139801025391 938.654693603516 935.293869018555 927.044067382812 908.624481201172 918.942810058594 932.232925415039 925.85205078125 927.125671386719 931.294158935547 937.306137084961 931.967590332031 919.315795898438 906.057922363281 913.810119628906 920.054153442383 896.276641845703 882.503570556641 874.065963745117 865.924942016602 875.508636474609 889.167022705078 875.935287475586 868.066741943359 864.632049560547 847.994277954102 838.783996582031 834.961868286133 833.79084777832 830.580169677734 837.352554321289 844.396591186523 847.218002319336 848.246078491211 854.609756469727 860.492706298828 855.672927856445 853.383850097656 859.758666992188 866.473922729492 874.460083007812 869.377563476562
924.77783203125 931.148696899414 931.926666259766 919.966888427734 918.872100830078 917.442291259766 929.611190795898 938.159927368164 938.37190246582 941.941375732422 940.094375610352 925.077423095703 891.695220947266 911.848602294922 920.566116333008 910.400543212891 913.581405639648 919.946228027344 929.487884521484 937.56575012207 922.397613525391 915.21516418457 918.414276123047 925.262481689453 922.278686523438 906.765167236328 898.334381103516 888.217636108398 894.084457397461 900.670486450195 888.260848999023 879.868637084961 884.854263305664 874.051620483398 848.398040771484 835.148788452148 832.045440673828 835.759841918945 843.34049987793 842.961486816406 847.093826293945 851.172698974609 854.718048095703 860.991775512695 855.920593261719 848.167602539062 850.473937988281 857.256439208984 864.772155761719 874.142639160156
936.652526855469 945.196533203125 948.019683837891 947.180969238281 946.159957885742 944.997940063477 944.453720092773 945.163284301758 938.999588012695 939.04573059082 941.096237182617 941.630020141602 932.847122192383 926.853958129883 929.790985107422 918.229568481445 904.216049194336 900.014099121094 913.797164916992 925.457214355469 924.713134765625 914.547622680664 905.810043334961 905.565277099609 901.462249755859 914.222198486328 913.715515136719 898.973922729492 902.279998779297 907.691635131836 893.530242919922 874.818359375 871.464248657227 865.141860961914 864.931045532227 864.465698242188 855.937973022461 850.786437988281 853.291000366211 856.606033325195 856.819549560547 862.065826416016 864.832427978516 863.752639770508 862.008743286133 855.208877563477 849.173187255859 851.817153930664 858.650207519531 867.123489379883
948.875030517578 952.650131225586 953.317657470703 949.033172607422 949.278305053711 949.436080932617 949.392852783203 951.669662475586 954.721420288086 948.57356262207 946.791076660156 948.961715698242 941.326385498047 928.379806518555 921.118881225586 911.829147338867 908.636947631836 911.130477905273 923.04150390625 923.244857788086 918.351440429688 908.499160766602 903.263549804688 899.555938720703 904.490829467773 914.13835144043 922.442932128906 923.427307128906 921.394882202148 921.244094848633 907.070739746094 884.628479003906 867.40478515625 864.467391967773 864.648910522461 868.722503662109 867.462905883789 857.76432800293 858.286041259766 863.277160644531 868.17057800293 868.8173828125 873.076354980469 874.554458618164 870.951965332031 872.461318969727 863.55305480957 853.92253112793 861.888031005859 868.805953979492
943.939071655273 953.864471435547 958.028549194336 954.915893554688 954.230056762695 955.411743164062 952.617050170898 949.996215820312 951.13606262207 954.256866455078 955.783615112305 955.529571533203 941.943237304688 935.263763427734 920.901550292969 908.105545043945 911.102752685547 915.387878417969 911.008865356445 920.366577148438 935.631713867188 922.420104980469 925.438751220703 926.525695800781 922.509231567383 915.882400512695 921.754379272461 926.524703979492 923.021286010742 916.04167175293 901.511901855469 888.930267333984 883.244018554688 877.67138671875 871.879455566406 870.681350708008 861.282791137695 868.763061523438 869.695220947266 873.992080688477 878.646255493164 884.141021728516 885.345947265625 886.949554443359 878.63835144043 876.468872070312 877.948791503906 866.686172485352 860.684646606445 865.334014892578
933.626373291016 947.859085083008 955.101837158203 947.217193603516 946.845428466797 943.893127441406 949.254318237305 947.133331298828 942.030792236328 940.959823608398 948.340606689453 951.798248291016 944.977294921875 940.042572021484 935.293533325195 914.395156860352 913.674591064453 924.944351196289 922.744186401367 922.471725463867 948.223663330078 941.575607299805 940.981262207031 942.331207275391 940.731170654297 933.959518432617 927.533065795898 920.549926757812 912.231979370117 907.274597167969 892.648513793945 897.678756713867 892.422210693359 890.773666381836 884.533279418945 876.849197387695 872.877166748047 870.150421142578 872.540588378906 880.716674804688 885.012573242188 890.249313354492 894.946731567383 894.621566772461 886.652694702148 878.824111938477 865.82389831543 859.896682739258 859.786056518555 857.856750488281
925.529144287109 936.047470092773 948.670974731445 952.893432617188 948.971664428711 948.709747314453 948.388946533203 941.743667602539 934.327362060547 931.227554321289 939.251129150391 943.100891113281 943.816497802734 935.537750244141 935.047088623047 941.439224243164 944.240585327148 946.664016723633 942.708053588867 943.528457641602 955.219696044922 960.894836425781 958.888488769531 956.295349121094 950.642135620117 940.558166503906 926.165832519531 905.962417602539 894.651092529297 889.580764770508 894.803817749023 890.173431396484 893.964263916016 889.145797729492 870.493865966797 862.349166870117 863.299057006836 864.96452331543 869.474594116211 886.342147827148 890.452682495117 890.265075683594 888.885299682617 887.093383789062 892.437088012695 894.042449951172 880.460372924805 877.82942199707 865.59797668457 866.57112121582
927.914001464844 933.932846069336 942.00260925293 943.976867675781 945.46354675293 949.316787719727 949.92707824707 943.663146972656 944.211029052734 933.586242675781 934.756927490234 934.02619934082 938.327407836914 932.68212890625 928.311080932617 933.472473144531 944.04328918457 948.893951416016 941.82958984375 936.93994140625 951.264007568359 962.761444091797 957.132095336914 950.204147338867 941.128280639648 939.387542724609 929.182876586914 899.56982421875 884.416625976562 884.354125976562 885.358764648438 885.780349731445 878.510986328125 880.031402587891 879.328659057617 876.747650146484 879.265106201172 885.098480224609 891.570693969727 893.552536010742 894.176406860352 898.884231567383 899.906173706055 889.10954284668 884.150848388672 890.030197143555 895.191665649414 894.501037597656 884.939590454102 888.54345703125
943.064193725586 941.95051574707 937.245986938477 930.352081298828 929.839065551758 938.82633972168 944.765563964844 947.946197509766 949.401672363281 936.066055297852 932.692352294922 931.952651977539 934.184844970703 936.365112304688 921.467651367188 920.735855102539 931.477142333984 941.217102050781 952.417587280273 953.329040527344 953.702774047852 960.371765136719 947.358840942383 944.339080810547 933.858047485352 929.170623779297 927.735824584961 920.113098144531 899.890411376953 903.306503295898 892.869079589844 881.974533081055 879.850158691406 872.593338012695 872.982177734375 870.523406982422 881.314208984375 884.555236816406 881.035079956055 868.968002319336 872.721038818359 886.696731567383 896.841247558594 899.231246948242 895.232147216797 892.370162963867 894.858154296875 894.367630004883 894.074905395508 897.046752929688
953.280517578125 948.676712036133 939.398376464844 936.188766479492 935.139099121094 924.704391479492 924.352798461914 930.098220825195 937.859512329102 930.86686706543 914.841934204102 903.601699829102 911.419235229492 918.679489135742 921.594741821289 937.243499755859 946.329925537109 949.908309936523 941.668319702148 945.548568725586 954.245758056641 949.036117553711 951.547515869141 951.76383972168 948.321136474609 944.870590209961 936.625442504883 932.366928100586 928.812149047852 923.971466064453 912.205764770508 900.048004150391 887.195327758789 878.982757568359 879.429733276367 876.875900268555 884.027908325195 869.2587890625 863.823608398438 866.086563110352 861.046539306641 864.619369506836 873.845169067383 880.580078125 887.636947631836 895.167282104492 892.885864257812 897.629669189453 900.248229980469 900.686172485352
948.372436523438 954.733032226562 950.319900512695 938.991165161133 933.742034912109 916.228057861328 902.939636230469 905.403289794922 923.720977783203 925.256072998047 905.018630981445 902.970291137695 916.884017944336 925.093460083008 916.489532470703 927.050003051758 941.899765014648 948.156326293945 930.913040161133 942.52214050293 955.590347290039 951.378051757812 942.324523925781 947.486404418945 942.842391967773 936.862380981445 934.238296508789 929.282089233398 928.324981689453 923.157073974609 908.951614379883 894.348236083984 894.173294067383 898.38639831543 891.638397216797 877.800552368164 874.525085449219 877.852828979492 872.816696166992 872.649597167969 861.329071044922 853.94743347168 862.069290161133 872.05241394043 878.449798583984 896.758544921875 900.666778564453 902.731246948242 900.328231811523 890.679946899414
945.158645629883 950.61328125 958.28076171875 951.390518188477 940.216659545898 928.781799316406 918.143859863281 927.354125976562 933.336822509766 921.222793579102 913.247756958008 917.064102172852 921.179000854492 928.951797485352 926.0498046875 928.01579284668 937.937255859375 950.796875 938.202911376953 945.424758911133 953.543334960938 939.987045288086 925.848770141602 928.652313232422 922.364166259766 911.277313232422 911.191299438477 918.962097167969 914.797561645508 902.621032714844 879.268661499023 879.818023681641 888.920150756836 891.365829467773 886.715133666992 877.754577636719 873.925140380859 866.624038696289 865.550720214844 878.764022827148 876.7998046875 867.269653320312 869.654159545898 882.454086303711 900.852661132812 905.490661621094 906.081436157227 907.902221679688 905.151763916016 905.971969604492
939.868804931641 944.702346801758 953.424713134766 946.131851196289 932.773147583008 927.841659545898 932.732971191406 946.359710693359 939.802917480469 927.326873779297 924.024169921875 929.988861083984 932.109466552734 928.650680541992 922.325988769531 932.458282470703 941.199584960938 948.878601074219 954.700668334961 960.549041748047 956.732650756836 940.548309326172 937.158050537109 930.142547607422 927.23258972168 911.577117919922 908.653213500977 906.032836914062 904.183135986328 902.40901184082 893.2900390625 876.17399597168 875.125564575195 885.848190307617 875.39860534668 877.844116210938 873.121475219727 872.800521850586 877.251922607422 879.77131652832 886.840270996094 880.299301147461 880.304763793945 890.178558349609 901.267196655273 905.784362792969 903.289916992188 910.498031616211 906.487442016602 900.590560913086
935.722457885742 932.729583740234 932.151397705078 937.543762207031 929.771926879883 929.919372558594 932.031692504883 935.5341796875 951.280227661133 943.261520385742 933.206665039062 935.64111328125 931.223495483398 939.037017822266 944.012161254883 947.4208984375 945.779754638672 954.359512329102 959.564697265625 954.135986328125 949.568008422852 942.070343017578 938.146545410156 915.361907958984 905.857406616211 908.36491394043 910.02880859375 908.118560791016 896.435729980469 882.618209838867 878.706558227539 874.104827880859 871.051025390625 872.405136108398 869.354110717773 869.83415222168 872.849792480469 869.429122924805 876.565139770508 887.387252807617 882.560592651367 873.077117919922 868.147842407227 883.216400146484 881.095718383789 894.196273803711 897.290115356445 904.573745727539 909.034286499023 905.348495483398
938.37419128418 933.959548950195 930.595291137695 933.633575439453 948.08317565918 948.872848510742 934.632614135742 927.0751953125 936.595672607422 956.937622070312 944.501678466797 943.788879394531 924.62971496582 921.514358520508 942.701568603516 958.904418945312 964.915710449219 962.959243774414 947.026016235352 920.507308959961 921.157440185547 925.865982055664 928.752899169922 921.886169433594 907.785720825195 900.654388427734 894.536071777344 895.894073486328 898.6298828125 891.719085693359 892.784164428711 877.234878540039 865.537017822266 870.139175415039 874.718811035156 874.85693359375 877.561386108398 877.389419555664 878.107879638672 877.150085449219 873.611953735352 868.292678833008 874.75862121582 883.400238037109 888.778839111328 889.269592285156 895.243591308594 894.476745605469 901.700180053711 910.560501098633
