data/spatiotemp/temp3/bio4_norsw_test_2011_2014.asc
NCOLS 654 
NROWS 380 
XLLCORNER 3.91666666666667 
YLLCORNER 55.3333333333333 
CELLSIZE 0.0416666666666667 
NODATA_value -9999 
[rows 198 to 219 of 380, columns 400 to 449 of 654]
-9999 -9999 -9999 -9999 -9999 -9999 -9999 -9999 -9999 -9999 -9999 816.826095581055 751.042510986328 -9999 841.149063110352 844.268981933594 846.616928100586 845.809356689453 848.080429077148 851.374313354492 850.794326782227 849.002105712891 850.952423095703 855.177551269531 861.699020385742 867.151809692383 869.359771728516 871.497314453125 871.535034179688 869.958908081055 869.25602722168 870.217819213867 872.938491821289 877.234252929688 881.219329833984 884.667678833008 885.307846069336 884.452392578125 883.657958984375 883.016098022461 882.923049926758 885.632537841797 888.409164428711 890.003784179688 889.595169067383 891.812713623047 895.551788330078 897.343490600586 896.883850097656 895.58576965332
-9999 -9999 -9999 -9999 -9999 -9999 -9999 -9999 -9999 -9999 -9999 -9999 841.620788574219 841.566833496094 841.401901245117 843.931838989258 845.084121704102 844.063995361328 845.060043334961 849.692535400391 852.007888793945 853.148025512695 854.857711791992 856.803100585938 859.208923339844 861.425415039062 863.933639526367 867.944808959961 869.450241088867 869.605087280273 870.072845458984 871.704986572266 872.695495605469 873.624938964844 876.022277832031 878.924896240234 881.56803894043 883.739624023438 883.238037109375 882.659637451172 883.055725097656 884.028259277344 885.122192382812 883.706665039062 882.064071655273 883.268127441406 887.037338256836 889.617218017578 891.63737487793 891.382949829102
-9999 -9999 -9999 -9999 -9999 -9999 -9999 -9999 -9999 -9999 -9999 -9999 842.347732543945 841.142074584961 842.437973022461 842.883728027344 843.309173583984 843.821731567383 846.516189575195 849.566070556641 854.430801391602 855.147399902344 855.822158813477 857.336288452148 859.146545410156 862.795516967773 866.434799194336 869.289306640625 869.784133911133 870.322509765625 868.066940307617 869.31755065918 867.756042480469 867.972686767578 872.173034667969 875.993835449219 878.111770629883 878.557281494141 879.061935424805 880.955154418945 882.859176635742 883.159286499023 882.861831665039 881.106994628906 881.091354370117 882.621063232422 886.238052368164 891.881759643555 895.165191650391 898.295516967773
-9999 -9999 -9999 -9999 -9999 -9999 -9999 -9999 -9999 -9999 -9999 -9999 -9999 836.957260131836 841.258926391602 842.9580078125 845.48014831543 846.985427856445 847.952987670898 850.026977539062 853.408462524414 856.18310546875 857.337814331055 858.280639648438 862.294738769531 867.099990844727 872.019058227539 872.326049804688 869.059494018555 865.869934082031 866.030654907227 868.199981689453 868.104293823242 872.44367980957 875.816284179688 880.163269042969 884.566558837891 884.444229125977 879.194076538086 874.892715454102 874.933242797852 876.923873901367 882.088882446289 885.639312744141 881.594528198242 881.257568359375 885.698089599609 892.972076416016 897.158096313477 898.652877807617
-9999 -9999 -9999 -9999 -9999 -9999 -9999 -9999 -9999 -9999 -9999 827.251434326172 837.31852722168 844.37614440918 843.674957275391 844.761367797852 848.31477355957 849.246200561523 850.16796875 850.675643920898 852.921875 853.982604980469 855.050231933594 857.513900756836 863.505447387695 869.421279907227 870.893661499023 868.850051879883 865.046508789062 864.572799682617 870.296127319336 876.387969970703 879.565704345703 879.257110595703 876.424453735352 878.67057800293 879.375137329102 876.954727172852 872.976348876953 874.681640625 877.572067260742 877.353485107422 880.103668212891 887.763854980469 890.047592163086 888.039077758789 889.225311279297 892.455749511719 893.838104248047 891.539733886719
-9999 -9999 -9999 -9999 -9999 -9999 -9999 -9999 -9999 -9999 -9999 827.677856445312 836.332534790039 843.119415283203 845.097854614258 848.546051025391 849.907897949219 852.602279663086 853.760192871094 851.903671264648 854.872177124023 856.683609008789 859.141250610352 862.079498291016 864.691284179688 868.577331542969 871.514175415039 871.040740966797 867.466384887695 868.401901245117 872.615371704102 878.634979248047 880.686157226562 883.162322998047 878.683746337891 873.309585571289 869.79948425293 870.301162719727 871.166534423828 873.087509155273 877.721466064453 881.613037109375 881.974182128906 886.339981079102 891.723358154297 892.321762084961 888.350692749023 887.484313964844 887.248931884766 886.497314453125
-9999 -9999 -9999 -9999 -9999 -9999 -9999 -9999 -9999 -9999 -9999 828.988174438477 837.821151733398 843.383758544922 845.892883300781 848.102874755859 847.840789794922 849.957366943359 852.912384033203 852.546020507812 857.087753295898 861.101684570312 864.665481567383 863.543670654297 861.749816894531 864.456176757812 868.164932250977 870.442184448242 872.748733520508 873.976776123047 876.511352539062 877.806564331055 875.807876586914 875.795883178711 874.391647338867 871.711364746094 869.835723876953 872.705322265625 872.911697387695 869.327239990234 871.957321166992 877.857894897461 881.926544189453 887.78515625 890.951889038086 885.678298950195 882.551284790039 882.798614501953 884.156784057617 885.068344116211
-9999 -9999 -9999 -9999 -9999 -9999 -9999 -9999 -9999 -9999 -9999 836.444305419922 838.08381652832 846.686569213867 848.411026000977 849.577606201172 848.004013061523 847.700973510742 851.220016479492 854.997451782227 860.366912841797 865.923583984375 866.676956176758 864.206832885742 864.580596923828 867.184463500977 868.079025268555 870.225021362305 872.264846801758 872.987228393555 874.692840576172 874.930206298828 874.296325683594 876.510375976562 878.658874511719 876.987014770508 872.759643554688 875.747436523438 874.88459777832 873.153915405273 875.576873779297 882.320281982422 886.702774047852 890.303558349609 888.575866699219 888.496170043945 888.304321289062 888.767059326172 889.563247680664 892.101959228516
-9999 -9999 -9999 -9999 -9999 -9999 -9999 -9999 -9999 -9999 -9999 832.139572143555 837.871597290039 843.818084716797 846.011627197266 847.243545532227 846.930740356445 847.556945800781 850.44677734375 857.210006713867 863.417068481445 865.308807373047 862.11279296875 858.358444213867 860.834854125977 865.553833007812 866.672821044922 870.220672607422 874.08479309082 876.273178100586 876.052139282227 878.007522583008 880.23908996582 884.584014892578 886.617401123047 883.644424438477 878.281402587891 880.03938293457 879.38801574707 878.115921020508 882.809906005859 888.161346435547 889.533386230469 889.391677856445 884.371459960938 884.818786621094 886.451248168945 888.097152709961 891.274520874023 895.23616027832
-9999 -9999 -9999 -9999 -9999 -9999 -9999 -9999 -9999 -9999 -9999 832.941757202148 838.61491394043 839.441711425781 842.412368774414 844.987823486328 844.566635131836 847.608184814453 853.15950012207 860.189895629883 863.727645874023 861.288375854492 856.823471069336 854.419998168945 858.090454101562 863.256774902344 866.814041137695 872.674270629883 878.649337768555 881.616012573242 879.614929199219 879.084259033203 880.825744628906 885.69743347168 891.139678955078 889.672927856445 883.116714477539 881.344314575195 881.284896850586 881.41455078125 886.358215332031 886.253677368164 884.012023925781 884.445327758789 881.089202880859 880.612777709961 881.644393920898 883.143371582031 885.54475402832 890.832443237305
-9999 -9999 -9999 -9999 -9999 -9999 -9999 -9999 -9999 -9999 -9999 -9999 833.765029907227 834.963043212891 839.691711425781 842.772537231445 844.286865234375 849.039108276367 855.161026000977 857.915008544922 859.167495727539 858.044555664062 857.333984375 857.627716064453 862.182067871094 866.397033691406 870.420196533203 874.084289550781 874.815155029297 876.987686157227 877.286834716797 875.473815917969 876.154830932617 878.678573608398 885.920806884766 889.449356079102 887.243682861328 885.387176513672 886.718490600586 887.489074707031 885.394561767578 881.375457763672 879.517852783203 880.240509033203 879.254776000977 881.025726318359 883.120208740234 884.129318237305 885.845825195312 889.491668701172
-9999 -9999 -9999 -9999 -9999 -9999 -9999 -9999 -9999 -9999 -9999 -9999 -9999 -9999 834.060852050781 840.517379760742 842.634674072266 847.948104858398 852.661224365234 852.240081787109 851.284530639648 852.960403442383 856.595886230469 861.765243530273 865.160675048828 866.846176147461 869.214233398438 869.916763305664 867.418731689453 870.031066894531 874.902618408203 874.379104614258 874.939315795898 877.038192749023 879.731140136719 884.906921386719 889.243026733398 889.692123413086 890.881988525391 888.714309692383 881.675201416016 878.883117675781 880.249557495117 880.589080810547 880.896377563477 880.66178894043 884.667251586914 887.711166381836 890.258224487305 892.260772705078
-9999 -9999 -9999 -9999 -9999 -9999 -9999 -9999 -9999 -9999 -9999 -9999 -9999 822.964050292969 827.887939453125 836.1328125 841.206420898438 841.729873657227 847.256271362305 847.927200317383 845.898056030273 848.710083007812 851.692260742188 860.861328125 864.070846557617 865.651702880859 867.820007324219 870.272506713867 870.896469116211 873.634796142578 879.349426269531 881.809646606445 882.84228515625 884.588912963867 881.763931274414 882.526473999023 885.831695556641 884.8466796875 884.129379272461 883.811370849609 879.305679321289 877.971771240234 879.504653930664 881.047592163086 883.511352539062 884.528274536133 885.1630859375 887.388931274414 888.441497802734 890.021926879883
-9999 -9999 -9999 -9999 -9999 -9999 -9999 -9999 -9999 -9999 -9999 -9999 -9999 -9999 822.680969238281 825.942337036133 -9999 837.457733154297 844.062805175781 843.76953125 845.874435424805 850.847564697266 854.382278442383 862.891189575195 867.430038452148 869.11247253418 873.979705810547 876.941665649414 874.972686767578 876.723281860352 879.399490356445 880.661773681641 883.686187744141 883.106048583984 882.700302124023 881.579116821289 879.828018188477 877.210342407227 877.042922973633 881.402938842773 881.188690185547 878.716720581055 881.309158325195 883.786331176758 888.251342773438 891.504623413086 889.300003051758 885.952301025391 885.837707519531 888.87580871582
-9999 -9999 -9999 -9999 -9999 -9999 -9999 -9999 -9999 -9999 -9999 -9999 -9999 -9999 -9999 -9999 -9999 833.346343994141 840.563446044922 843.467666625977 850.025588989258 857.622192382812 861.609176635742 865.594879150391 866.061187744141 867.562286376953 878.8203125 882.501953125 879.226974487305 879.663162231445 878.551559448242 878.608612060547 878.884704589844 878.821960449219 878.618896484375 876.156311035156 875.641998291016 878.708648681641 880.01383972168 882.366073608398 882.631683349609 878.688842773438 881.943222045898 886.415435791016 888.720108032227 891.435317993164 891.193756103516 889.670471191406 889.534942626953 890.74153137207
-9999 -9999 -9999 -9999 -9999 -9999 -9999 -9999 -9999 -9999 -9999 -9999 -9999 -9999 -9999 -9999 -9999 825.054992675781 836.803802490234 843.868270874023 849.150329589844 857.481842041016 865.790786743164 869.928436279297 868.025238037109 870.425277709961 881.131561279297 881.447219848633 877.262084960938 877.996139526367 877.447372436523 875.270660400391 876.402450561523 876.630584716797 880.237716674805 881.313064575195 878.801162719727 878.513900756836 879.760299682617 881.397476196289 883.239685058594 879.792358398438 881.354385375977 888.560531616211 889.472869873047 889.999633789062 889.851379394531 891.989685058594 894.123565673828 893.012954711914
-9999 -9999 -9999 -9999 -9999 -9999 -9999 -9999 -9999 -9999 -9999 -9999 -9999 -9999 -9999 -9999 -9999 -9999 832.884658813477 841.681106567383 847.931762695312 856.346298217773 863.573959350586 868.743713378906 871.52375793457 873.908554077148 874.970306396484 875.063262939453 877.526290893555 877.934707641602 878.063690185547 876.623138427734 875.209457397461 874.69010925293 879.30354309082 880.759399414062 878.07731628418 875.961441040039 877.754150390625 880.459518432617 880.298492431641 880.119338989258 882.752304077148 888.791793823242 890.757019042969 888.785797119141 888.25048828125 888.990631103516 893.285568237305 893.920547485352
-9999 -9999 -9999 -9999 -9999 -9999 -9999 -9999 -9999 -9999 -9999 -9999 -9999 -9999 -9999 -9999 -9999 -9999 833.760635375977 840.161773681641 848.823928833008 854.869506835938 858.477020263672 860.409164428711 864.424758911133 868.319641113281 865.06672668457 868.189361572266 876.182815551758 881.091751098633 881.63671875 878.517807006836 878.025512695312 877.995651245117 879.632293701172 879.364532470703 876.257720947266 874.798416137695 875.933441162109 878.982604980469 881.457290649414 882.627700805664 885.064071655273 891.030838012695 892.105102539062 891.058959960938 890.339218139648 891.642349243164 895.518981933594 895.461212158203
-9999 -9999 -9999 -9999 -9999 -9999 -9999 -9999 -9999 -9999 -9999 -9999 -9999 -9999 -9999 -9999 -9999 832.729080200195 835.502349853516 839.451110839844 847.63591003418 854.272552490234 857.083633422852 857.838317871094 860.00617980957 864.648696899414 866.42839050293 868.285659790039 876.051879882812 878.8623046875 879.510803222656 878.134002685547 876.292831420898 874.844940185547 876.632598876953 876.492980957031 873.181259155273 871.311279296875 873.348220825195 877.260543823242 880.385940551758 883.111221313477 886.42887878418 887.393798828125 887.912307739258 891.67903137207 895.335784912109 897.105239868164 895.219711303711 894.463714599609
-9999 -9999 -9999 -9999 -9999 -9999 -9999 -9999 -9999 -9999 -9999 -9999 -9999 -9999 -9999 -9999 -9999 828.508666992188 833.938720703125 839.572448730469 846.194381713867 852.070846557617 855.656585693359 854.989486694336 857.434326171875 861.927276611328 865.79914855957 867.580093383789 870.022186279297 871.4365234375 871.213958740234 872.251403808594 877.000625610352 879.616744995117 880.377182006836 880.404510498047 877.799667358398 875.916976928711 877.372009277344 881.542495727539 883.681121826172 885.456634521484 887.824615478516 887.735153198242 889.457565307617 892.576553344727 896.841995239258 896.804168701172 895.529571533203 895.357223510742
-9999 -9999 -9999 -9999 -9999 -9999 -9999 -9999 -9999 -9999 -9999 -9999 -9999 -9999 -9999 -9999 824.58219909668 825.793060302734 831.9501953125 838.148468017578 844.83430480957 849.581436157227 853.872695922852 855.563568115234 857.35546875 859.399368286133 862.899948120117 867.551086425781 870.07177734375 868.356384277344 868.697189331055 871.04280090332 873.832382202148 877.881759643555 881.178176879883 882.799163818359 881.469604492188 880.831314086914 882.362030029297 886.756591796875 890.28678894043 890.867584228516 891.165740966797 892.505523681641 894.823669433594 895.698333740234 896.990905761719 895.755340576172 894.766220092773 896.589157104492
-9999 -9999 -9999 -9999 -9999 -9999 -9999 -9999 -9999 -9999 -9999 -9999 -9999 -9999 -9999 -9999 741.825119018555 827.892669677734 833.807800292969 839.292755126953 845.381225585938 848.158203125 851.775665283203 853.769226074219 855.050140380859 857.443466186523 861.100891113281 865.145095825195 868.672134399414 870.229461669922 871.3671875 870.439468383789 870.358612060547 873.076019287109 877.344360351562 881.137100219727 883.91047668457 886.049987792969 885.666839599609 886.903915405273 889.590881347656 890.542205810547 893.472396850586 892.320373535156 892.759521484375 895.371398925781 896.665237426758 896.214706420898 895.316513061523 895.543655395508
