data/spatiotemp/temp3/bio5_norsw_test_2011_2014.asc
NCOLS 654 
NROWS 380 
XLLCORNER 3.91666666666667 
YLLCORNER 55.3333333333333 
CELLSIZE 0.0416666666666667 
NODATA_value -9999 
[rows 66 to 87 of 380, columns 400 to 449 of 654]
17.1907620429993 17.1476347446442 17.2725074291229 17.3813831806183 17.5741579532623 17.7268354892731 17.8795113563538 17.9401898384094 18.0128674507141 17.9575424194336 17.9782204627991 17.9788975715637 17.991575717926 18.0282516479492 18.1089291572571 18.1496067047119 18.1279969215393 18.1200985908508 18.1602029800415 18.2283048629761 18.2564086914062 18.4165115356445 18.5646133422852 18.5727186203003 18.5528216362 18.5129232406616 18.3810267448425 18.3091297149658 18.2804403305054 18.23095703125 18.3414745330811 18.4479918479919 18.5345087051392 18.56902551651 18.6515426635742 18.7620620727539 18.7725787162781 18.7510957717896 18.725613117218 18.6641292572021 18.6507863998413 18.7455811500549 18.7883772850037 18.7791728973389 18.5899667739868 18.3047618865967 18.3555574417114 18.5743522644043 18.7731485366821 18.8039436340332
17.4066634178162 17.4395246505737 17.4923870563507 17.5892498493195 17.6418631076813 17.7342276573181 17.9105925559998 18.0069561004639 17.9993214607239 17.9796848297119 18.0240507125854 18.0844168663025 18.112781047821 18.1291446685791 18.1735095977783 18.2418727874756 18.2804126739502 18.2651309967041 18.2218465805054 18.246563911438 18.2672786712646 18.3919959068298 18.4887113571167 18.4454293251038 18.34614610672 18.3428616523743 18.4275779724121 18.5282950401306 18.5719299316406 18.6504817008972 18.6410331726074 18.6235847473145 18.5981364250183 18.6406893730164 18.7192420959473 18.8297934532166 18.8643455505371 18.8468971252441 18.6814494132996 18.492000579834 18.5268321037292 18.6859397888184 18.797046661377 18.7921547889709 18.6312613487244 18.4383697509766 18.5574765205383 18.7125849723816 18.8116936683655 18.8508005142212
17.5705645084381 17.5714147090912 17.5562672615051 17.5771157741547 17.4775669574738 17.4696197509766 17.7056720256805 17.8257246017456 17.8817765712738 17.8458280563354 17.7658798694611 17.8939318656921 18.0059838294983 18.0620374679565 17.9620895385742 18.0301399230957 18.0368328094482 18.1661615371704 18.3034915924072 18.324821472168 18.3421511650085 18.3954811096191 18.4128098487854 18.3421416282654 18.2874722480774 18.3048009872437 18.39413022995 18.4874601364136 18.5514192581177 18.574004650116 18.5325922966003 18.5471782684326 18.7297654151917 18.7523527145386 18.7709403038025 18.849524974823 18.8721127510071 18.7706990242004 18.497284412384 18.4958720207214 18.4628763198853 18.6022958755493 18.665717124939 18.7291369438171 18.5685572624207 18.5239772796631 18.5753974914551 18.6708173751831 18.7462382316589 18.7416586875916
17.6104669570923 17.5913054943085 17.6001443862915 17.5849840641022 17.537273645401 17.5330131053925 17.5367527008057 17.5164921283722 17.6442310810089 17.7319703102112 17.8317108154297 17.9634504318237 17.9871897697449 18.0709290504456 18.2106704711914 18.190408706665 18.1492500305176 18.2831916809082 18.3571357727051 18.4270801544189 18.5050239562988 18.498966217041 18.4809093475342 18.3068518638611 18.1327972412109 18.3227381706238 18.4086818695068 18.2906265258789 18.3989067077637 18.5255289077759 18.632152557373 18.7547721862793 18.7853941917419 18.7880153656006 18.7426362037659 18.7092590332031 18.7718796730042 18.8065023422241 18.7891240119934 18.7637448310852 18.7149219512939 18.6466541290283 18.5663871765137 18.6541194915771 18.6458511352539 18.673583984375 18.7053184509277 18.7170505523682 18.6567821502686 18.6405138969421
17.2646961212158 17.4095540046692 17.5664105415344 17.6432671546936 17.5475528240204 17.5552687644958 17.646986246109 17.5987019538879 17.5624194145203 17.6141359806061 17.7338514328003 17.8735673427582 17.9372844696045 18.0010008811951 18.0967173576355 18.1644349098206 18.2192883491516 18.1812763214111 18.1992659568787 18.2652564048767 18.3832459449768 18.5652356147766 18.65922498703 18.577214717865 18.5152034759521 18.549192905426 18.4751825332642 18.509171962738 18.6374468803406 18.556004524231 18.626561164856 18.7171201705933 18.7836771011353 18.7182359695435 18.6447939872742 18.5513510704041 18.577908039093 18.6444654464722 18.6870245933533 18.5935821533203 18.5887904167175 18.5806498527527 18.5605096817017 18.516369342804 18.4922299385071 18.4240913391113 18.5359501838684 18.6478099822998 18.703670501709 18.7115306854248
17.3692564964294 17.4341609477997 17.6430640220642 17.7599654197693 17.8324074745178 17.8563899993896 17.8483731746674 17.7563564777374 17.712338924408 17.7323217391968 17.8123042583466 17.8002860546112 17.9002690315247 17.8922519683838 17.8882353305817 17.9082162380219 18.0469436645508 18.1524128913879 18.2778797149658 18.3793482780457 18.4608163833618 18.59028673172 18.6397552490234 18.6892251968384 18.7866926193237 18.8401622772217 18.8776302337646 18.9110989570618 18.9150309562683 18.8254280090332 18.5798225402832 18.582218170166 18.5566139221191 18.563009262085 18.4894051551819 18.4878015518188 18.5061974525452 18.5085926055908 18.5629887580872 18.6213846206665 18.6444840431213 18.6962857246399 18.7000885009766 18.6878905296326 18.6116919517517 18.5994935035706 18.6312975883484 18.5870995521545 18.7149014472961 18.782702922821
17.709817647934 17.8387665748596 17.7957150936127 17.7566628456116 17.8492629528046 17.9615116119385 18.0337610244751 17.9820098876953 17.9262590408325 17.9905071258545 17.9467573165894 17.9830050468445 17.9792542457581 17.8555028438568 17.9357514381409 18.0440001487732 18.1745986938477 18.2475481033325 18.2764954566956 18.3454427719116 18.4303908348083 18.4913377761841 18.3322868347168 18.369234085083 18.7821831703186 18.9711308479309 19.0240793228149 19.0170259475708 18.9646167755127 18.8468499183655 18.5810842514038 18.4193186759949 18.5735521316528 18.6037855148315 18.7180190086365 18.6562538146973 18.5944867134094 18.4127206802368 18.4789538383484 18.6611881256104 18.7121782302856 18.7799210548401 18.7716665267944 18.7514109611511 18.6191530227661 18.5708980560303 18.7026419639587 18.7023868560791 18.7981314659119 18.8218765258789
17.8383765220642 17.727371931076 17.8403670787811 17.861362695694 17.9101185798645 18.0106339454651 18.1351494789124 18.0436635017395 17.9161782264709 18.0686941146851 18.1052103042603 18.14972448349 18.0982389450073 18.0307550430298 18.0552701950073 18.1197853088379 18.1222553253174 18.150682926178 18.311110496521 18.3795366287231 18.4239645004272 18.5243902206421 18.6168179512024 18.8172450065613 18.9856715202332 19.0660991668701 19.0185256004333 18.8949522972107 18.7662019729614 19.0282740592957 19.0703468322754 18.9324173927307 18.8664898872375 18.8685612678528 18.9106316566467 18.812705039978 18.7027773857117 18.4888477325439 18.506920337677 18.6369915008545 18.7918710708618 18.8635568618774 18.8712425231934 18.7629289627075 18.6026163101196 18.5583019256592 18.6779885292053 18.7656760215759 18.7053618431091 18.7890477180481
17.7269372940063 17.7519788742065 17.7810201644897 17.6100633144379 18.0629739761353 18.3037552833557 18.3885364532471 18.3413171768188 18.2540993690491 18.2348799705505 18.2476620674133 18.2764434814453 18.2492251396179 18.1020059585571 18.0147876739502 17.9075665473938 18.0059113502502 18.177818775177 18.2377247810364 18.3256306648254 18.5775361061096 18.7694439888 18.8413491249084 18.7612557411194 18.9491620063782 19.1570687294006 19.1529755592346 19.1248807907104 19.0957889556885 19.1696991920471 19.1996088027954 19.1415190696716 19.0834269523621 19.1573362350464 19.1432452201843 19.0051555633545 18.5310654640198 18.3969755172729 18.6468844413757 18.7527942657471 18.883563041687 18.9111905097961 18.8628206253052 18.6584486961365 18.7220773696899 18.7137064933777 18.6533341407776 18.7169632911682 18.7685928344727 18.9282197952271
18.271496295929 18.408586025238 18.3896732330322 18.2627611160278 18.247829914093 18.4048752784729 18.3579235076904 18.2749705314636 17.8960185050964 17.6210675239563 18.0701150894165 18.3871603012085 18.4042086601257 18.2572569847107 18.2183046340942 18.1793527603149 18.3255681991577 18.4609532356262 18.5443387031555 18.4717240333557 18.5711102485657 18.7664947509766 18.9018797874451 18.933265209198 19.0126509666443 19.0880370140076 19.1354231834412 19.1508073806763 19.1173748970032 19.0151224136353 18.9968700408936 19.0346164703369 19.1363644599915 19.1781125068665 19.1678590774536 19.10160779953 18.6913547515869 18.6411023139954 18.6468496322632 18.6045980453491 18.751256942749 18.9228267669678 18.9703979492188 18.8979687690735 18.8295383453369 18.6811103820801 18.684681892395 18.8042516708374 18.9478216171265 19.0353922843933
17.8440573215485 18.2931914329529 18.5823259353638 18.6394600868225 18.6446862220764 18.6459984779358 18.4193115234375 18.2886257171631 18.1339392662048 18.0272536277771 18.1885671615601 18.4858803749084 18.6431941986084 18.5565085411072 18.5098223686218 18.6271362304688 18.7932257652283 18.9040880203247 18.7749538421631 18.5298175811768 18.6406841278076 18.7675471305847 18.8704123497009 18.9332761764526 18.9601411819458 18.9590058326721 18.8018703460693 18.8927345275879 18.9509592056274 18.804545879364 18.802131652832 18.9877152442932 19.0853018760681 19.1228880882263 19.2044734954834 19.2300591468811 19.1756453514099 19.0972285270691 19.0628147125244 18.9564003944397 18.8869495391846 18.9784617424011 18.9259753227234 18.813488483429 18.8330020904541 18.8445143699646 18.9240274429321 18.9555401802063 19.0510520935059 19.0905656814575
18.1046180725098 18.2777976989746 18.4109783172607 18.6641597747803 18.8255391120911 18.8151206970215 18.9006996154785 18.7022786140442 18.3718600273132 18.4254398345947 18.5470185279846 18.6725988388062 18.8341794013977 18.815758228302 18.6933403015137 18.76291847229 18.924880027771 18.9752240180969 18.945568561554 18.851912021637 18.7062563896179 18.6286001205444 18.7349438667297 18.6252861022949 18.9036312103271 18.737973690033 18.6603193283081 18.6906633377075 18.7845454216003 18.8059692382812 18.8433918952942 18.896815776825 19.0382390022278 19.027663230896 19.0650858879089 19.2385106086731 19.2319345474243 19.1573576927185 19.2147808074951 19.2322053909302 19.1826438903809 19.1140990257263 19.0455532073975 18.9490079879761 18.896463394165 18.8679184913635 18.8753728866577 18.9228267669678 18.9022831916809 19.0777373313904
18.3251781463623 18.2624053955078 18.3476319313049 18.5368585586548 18.4543957710266 17.9682409763336 18.4900875091553 18.8439331054688 18.9977788925171 19.055624961853 18.9374723434448 18.9753174781799 19.1331639289856 19.1870102882385 19.100857257843 19.1147022247314 19.1445364952087 19.0663590431213 19.1161823272705 19.1220049858093 19.0718274116516 18.8656511306763 18.7594738006592 18.749297618866 19.0631203651428 19.0969433784485 19.0387663841248 19.0205888748169 18.938129901886 18.9313917160034 18.9726538658142 19.0099143981934 19.09117603302 19.1444382667542 19.1696996688843 19.2589621543884 19.2962226867676 19.1494832038879 19.2547473907471 19.3040070533752 19.2983365058899 19.1137337684631 19.1131296157837 19.0845274925232 19.1079244613647 19.1273221969604 19.2027206420898 19.1861176490784 19.1255125999451 18.9969100952148
18.6017394065857 18.6230125427246 18.6202845573425 18.6175575256348 18.5512495040894 18.3493633270264 18.4994740486145 18.8295879364014 18.9836983680725 18.9738121032715 18.6239247322083 18.3180365562439 18.6641492843628 19.1102614402771 19.3723740577698 19.442485332489 19.4881930351257 19.305495262146 19.3107967376709 19.4200983047485 19.4454007148743 19.4187030792236 19.2760057449341 19.1813077926636 19.2826099395752 19.3879117965698 19.4212136268616 19.3865160942078 19.3237156867981 19.3608169555664 19.3819146156311 19.3670148849487 19.1961131095886 19.1412138938904 19.2583141326904 19.3194127082825 19.3845114707947 19.4456105232239 19.4707098007202 19.4838099479675 19.4780287742615 19.3733673095703 19.304708480835 19.3560476303101 19.3753862380981 19.3947267532349 19.4500651359558 19.4254050254822 19.3007431030273 19.2160820960999
18.2102994918823 18.3076176643372 18.4809384346008 18.4462561607361 18.564106464386 18.5704846382141 18.8368630409241 19.099241733551 19.2176194190979 19.195999622345 18.978376865387 18.4527554512024 18.4951329231262 18.8215131759644 19.1478910446167 19.386269569397 19.4758491516113 19.4966306686401 19.6294121742249 19.7221941947937 19.7789750099182 19.7477564811707 19.7085371017456 19.6813182830811 19.4940996170044 19.3588809967041 19.4356603622437 19.5724439620972 19.6413016319275 19.674241065979 19.6671767234802 19.6121139526367 19.4690499305725 19.3419899940491 19.4309267997742 19.4878635406494 19.520800113678 19.5497374534607 19.5626754760742 19.5876140594482 19.597722530365 19.5410041809082 19.5322847366333 19.5835661888123 19.6628484725952 19.6661295890808 19.6134114265442 19.5766911506653 19.6239738464355 19.6432552337646
18.2748594284058 18.3402242660522 18.4015889167786 18.5349564552307 18.6569609642029 18.8636059761047 19.0502505302429 19.2288961410522 19.2915406227112 19.1941843032837 18.9688291549683 18.8914732933044 19.1301183700562 19.2807641029358 19.4274077415466 19.5700540542603 19.5435066223145 19.6357660293579 19.7720260620117 19.9402856826782 20.0405464172363 19.8768072128296 19.9050679206848 19.9173274040222 19.7895894050598 19.7658495903015 19.7221093177795 19.6623702049255 19.6868877410889 19.7636637687683 19.7164387702942 19.6492147445679 19.5179877281189 19.4747657775879 19.4675393104553 19.5123147964478 19.585090637207 19.6498651504517 19.6586422920227 19.6634168624878 19.6814169883728 19.6566390991211 19.619863986969 19.6750869750977 19.7463111877441 19.7335343360901 19.6567578315735 19.7639813423157 19.9112043380737 19.9544281959534
18.0411152839661 18.2983984947205 18.4316830635071 18.5649676322937 18.6028895378113 18.8294472694397 19.0320057868958 19.1865639686584 19.2851228713989 19.3076796531677 19.3782358169556 19.4527945518494 19.5593528747559 19.657910823822 19.7444686889648 19.8710269927979 19.9402527809143 19.9561500549316 19.8960456848145 19.8799414634705 20.1558380126953 20.2517337799072 20.2196288108826 20.1995253562927 20.0994215011597 20.0713171958923 20.0752120018005 20.0031085014343 19.9475536346436 19.8885478973389 19.8295431137085 19.7665395736694 19.6635341644287 19.5405287742615 19.5575256347656 19.5665197372437 19.635516166687 19.6885108947754 19.6895065307617 19.6985006332397 19.6845307350159 19.6555905342102 19.6426539421082 19.6577138900757 19.7007761001587 19.7678370475769 19.8268980979919 19.9579601287842 20.1050205230713 20.2040829658508
18.1810660362244 18.1701416969299 18.1992182731628 18.2482943534851 18.4978928565979 18.7120108604431 18.9861283302307 19.1722469329834 19.2703657150269 19.2844824790955 19.3306012153625 19.4247188568115 19.5108366012573 19.5889549255371 19.6550736427307 19.7491912841797 19.8540935516357 19.917781829834 19.9254693984985 19.9891562461853 20.1488456726074 20.2445316314697 20.2722187042236 20.2879066467285 20.3475937843323 20.3632807731628 20.346969127655 20.3146567344666 20.2152991294861 20.1408953666687 19.9984912872314 19.9200882911682 19.8456869125366 19.7792840003967 19.7408819198608 19.6704783439636 19.7282862663269 19.7903594970703 19.7832698822021 19.784866809845 19.7430644035339 19.6618580818176 19.7046542167664 19.7594499588013 19.746244430542 19.7250394821167 19.807834148407 19.9706296920776 20.0934262275696 20.2002210617065
18.5810179710388 18.6058864593506 18.4307541847229 18.2036209106445 18.3928942680359 18.7305722236633 19.0242505073547 19.2099285125732 19.307608127594 19.2412858009338 19.2989630699158 19.2766437530518 19.270320892334 19.2999992370605 19.3336763381958 19.4153566360474 19.5079345703125 19.5114135742188 19.4588928222656 19.6583728790283 19.8418517112732 20.0333304405212 20.1528105735779 20.1882891654968 20.2260251045227 20.2952461242676 20.3267250061035 20.2462038993835 20.1070442199707 20.0132422447205 19.9994411468506 20.0072999000549 20.0398392677307 19.9700379371643 19.9122371673584 19.8664364814758 19.8232698440552 19.8628354072571 19.8930339813232 19.9310488700867 19.8895955085754 19.856125831604 19.8546543121338 19.8571834564209 19.8477139472961 19.8382415771484 19.9167709350586 20.0072994232178 20.0218291282654 20.0763583183289
18.4769682884216 18.3336291313171 18.3742871284485 18.5989475250244 18.6878957748413 18.8491349220276 19.0703740119934 19.1636118888855 19.2008519172668 19.1420884132385 18.919328212738 18.9085659980774 18.9578046798706 18.8950438499451 18.8122806549072 18.557520866394 18.9977741241455 19.1770443916321 19.3443164825439 19.3795871734619 19.5152659416199 19.7593331336975 19.8914017677307 19.9264717102051 19.8875389099121 19.966607093811 20.0876760482788 20.0757427215576 19.7833352088928 19.7654500007629 19.7605657577515 19.7191920280457 19.8539934158325 19.9647936820984 20.0395941734314 20.0223951339722 19.8932514190674 19.9043655395508 19.9754796028137 20.0415945053101 20.0029573440552 19.9515695571899 19.9286551475525 19.9509181976318 19.9384074211121 20.0080194473267 20.0657062530518 20.0999703407288 20.0862331390381 20.1364960670471
18.3609204292297 18.4093708992004 18.553822517395 18.6502747535706 18.7628989219666 18.8556971549988 18.9204969406128 18.9292950630188 19.0260939598083 19.0388922691345 18.9076905250549 19.0644898414612 19.0852890014648 19.0820875167847 19.1268854141235 18.9156837463379 18.8756160736084 18.6626777648926 19.0875754356384 18.9886546134949 19.034734249115 19.2578144073486 19.5218939781189 19.5659747123718 19.4370541572571 19.6251339912415 19.6922135353088 19.7102937698364 19.4981513023376 19.5477862358093 19.7144222259521 19.7710576057434 19.7836933135986 19.6475486755371 19.7879643440247 20.0135984420776 20.0802335739136 20.077868938446 20.1275043487549 20.1821393966675 20.173620223999 20.0809426307678 19.9662642478943 19.9965872764587 20.0399112701416 20.1912341117859 20.2255563735962 20.2598810195923 20.1986365318298 20.2286348342896
18.380871295929 18.441113948822 18.6413569450378 18.6336007118225 18.6299023628235 18.7262597084045 18.6666193008423 18.7029776573181 18.9273371696472 19.1116962432861 19.152054309845 19.228413105011 19.2847738265991 19.3251309394836 19.3334894180298 19.3658480644226 19.445454120636 19.4123096466064 19.4380202293396 19.4281120300293 19.3042035102844 19.3702945709229 19.4373865127563 19.6164779663086 19.5435690879822 19.3526616096497 19.2897520065308 19.365843296051 19.4399676322937 19.5151219367981 19.6112790107727 19.628436088562 19.6695923805237 19.7177486419678 19.7709045410156 19.8690605163574 19.9632167816162 20.0803713798523 20.2125291824341 20.3206853866577 20.3312802314758 20.3093137741089 20.258348941803 20.2193808555603 20.1854152679443 20.2414488792419 20.2874822616577 20.361515045166 20.337550163269 20.3207716941833
