data/spatiotemp/temp3/bio5_norsw_test_2011_2014.asc
NCOLS 654 
NROWS 380 
XLLCORNER 3.91666666666667 
YLLCORNER 55.3333333333333 
CELLSIZE 0.0416666666666667 
NODATA_value -9999 
[rows 88 to 109 of 380, columns 300 to 349 of 654]
14.9988265037537 15.0459971427917 15.1151690483093 15.1543400287628 15.3415112495422 15.462682723999 15.4518539905548 15.3910253047943 15.2843992710114 15.395975112915 15.7246351242065 15.7350249290466 15.5354528427124 15.0056183338165 14.43319439888 14.393584728241 14.7841155529022 15.4622805118561 15.6524460315704 15.2226111888885 14.7300069332123 14.441339969635 14.2996733188629 14.36900639534 14.451340675354 13.2648870944977 12.1243762969971 11.3773400783539 11.750673532486 12.5828454494476 13.3263356685638 14.0578248500824 14.783757686615 14.8921337127686 13.9605097770691 13.2288866043091 13.0372622013092 13.8096385002136 14.4580147266388 14.7983908653259 15.3347661495209 16.6711428165436 17.3073487281799 17.1857783794403 16.9088168144226 17.6644644737244 17.9431118965149 17.6807594299316 16.7809526920319 16.1380350589752
15.316312789917 15.2377152442932 15.3931181430817 15.3805208206177 15.1471540927887 14.5856275558472 14.021101474762 13.7245750427246 13.6497585773468 14.0996508598328 14.9415428638458 15.0787100791931 14.8524010181427 15.0340919494629 15.5637826919556 15.8934745788574 15.967164516449 15.8008561134338 15.6065471172333 15.316237449646 14.6903262138367 13.6379375457764 12.9800415039062 12.1226246356964 12.1752083301544 13.2643823623657 12.9539930820465 13.1316039562225 12.3412148952484 10.3908262252808 10.0424375534058 9.69640457630157 11.2865927219391 13.2990267276764 15.0154600143433 14.6078946590424 13.2203278541565 13.1327624320984 13.6251962184906 14.4496307373047 15.4940640926361 16.3424990177155 16.4269328117371 16.667366027832 16.708164691925 17.0758306980133 17.2198431491852 17.6448550224304 17.8188664913177 18.0288791656494
15.0977985858917 15.0774328708649 15.0810673236847 15.0107011795044 14.9863357543945 15.1419701576233 15.2936043739319 15.4972376823425 15.7986626625061 15.8310575485229 15.9869158267975 15.8521320819855 15.5053489208221 15.2465658187866 15.3677818775177 15.6489984989166 15.9822144508362 15.9034304618835 15.0046472549438 14.1138648986816 14.0326457023621 14.2325344085693 13.6494235992432 12.405312538147 11.9742016792297 11.3480904102325 11.8449792861938 12.7758679389954 14.8378074169159 14.1341996192932 12.7385342121124 11.1184237003326 10.0294270515442 11.1339182853699 13.8904106616974 15.4989025592804 15.9593939781189 15.9158864021301 16.0723786354065 16.0728704929352 16.4893615245819 16.1418538093567 15.2663450241089 14.9668369293213 15.375705242157 16.1009492874146 16.487574338913 16.4879500865936 17.3603265285492 18.1647043228149
15.1640877723694 15.5637576580048 15.455016374588 15.2248818874359 15.0027480125427 15.0906128883362 15.1611120700836 15.3082211017609 15.1353294849396 15.7800712585449 16.0688133239746 15.7935545444489 14.2742967605591 13.0910394191742 13.3219480514526 14.079845905304 14.8932642936707 15.3620069026947 15.6747481822968 14.7594907283783 13.290965795517 12.2171323299408 12.4262986183167 12.1484649181366 12.4716317653656 13.0507984161377 13.9659652709961 12.5501892566681 12.5750334262848 13.7918767929077 15.1567206382751 15.4135637283325 14.4642612934113 15.0848109722137 14.8453607559204 13.165910243988 12.2144603729248 12.4230101108551 13.4835596084595 15.8441097736359 16.2286593914032 16.6652090549469 15.1937584877014 14.3703079223633 13.5952453613281 14.0885713100433 14.549896478653 15.2552211284637 16.1405470371246 17.4058721065521
13.6665024757385 14.7622716426849 14.5620408058167 14.853809595108 15.2175786495209 15.7453479766846 15.8978800773621 15.8073210716248 15.8061752319336 15.9744424819946 15.8427097797394 15.3629770278931 15.0112450122833 14.5955119132996 14.4458663463593 14.6382658481598 14.8283143043518 14.99658203125 15.7088499069214 15.085116147995 13.7498979568481 13.0711932182312 13.2484884262085 12.385782957077 11.8790621757507 10.4283728599548 11.0016689300537 10.2309641838074 10.3868405818939 11.8655543327332 14.2228491306305 15.8881440162659 14.523095369339 13.4997029304504 13.5323112010956 12.7889184951782 12.2107863426208 11.9089841842651 13.3667414188385 13.5153486728668 15.3519568443298 16.7525641918182 16.0571718215942 15.6217796802521 16.2187860012054 15.5801930427551 15.1295983791351 15.8190054893494 16.8244116306305 17.3898174762726
13.3622570037842 14.2567846775055 14.6353902816772 14.5007970333099 14.9342036247253 15.7876093387604 15.4210157394409 14.8664216995239 13.8210215568542 13.9128148555756 15.0526072978973 15.5524003505707 15.3281931877136 15.0959854125977 15.1077785491943 15.0315713882446 14.523365020752 14.8391568660736 15.3189506530762 14.8347425460815 13.567512512207 13.373259305954 12.2350056171417 12.0007514953613 12.7624983787537 13.1082448959351 13.4019918441772 13.8797383308411 13.4254851341248 14.3392312526703 15.580977678299 16.1587238311768 15.3259301185608 15.9385952949524 15.0952613353729 13.7999258041382 12.6205923557281 11.9701797962189 12.065922498703 12.4585883617401 13.0712542533875 14.271919965744 15.132584810257 15.4412505626678 16.4903266429901 17.231814622879 16.9973015785217 16.5867898464203 17.3082766532898 17.2457630634308
14.0607588291168 14.1137390136719 14.8723561763763 15.285692691803 14.375030040741 13.6083662509918 13.9697034358978 14.2950396537781 14.653529882431 14.0251715183258 12.9368143081665 12.9004564285278 13.1680991649628 14.2677416801453 15.259384393692 15.0310266017914 15.2226688861847 15.6383109092712 14.701954126358 13.4455950260162 13.5102844238281 12.8440191745758 11.641753911972 11.9049355983734 12.4336433410645 12.9383516311646 13.0690588951111 13.1144289970398 13.7321643829346 13.4778988361359 13.4116332530975 12.5693683624268 12.492568731308 11.6612348556519 13.469899892807 15.7505660057068 16.6552307605743 15.8118963241577 14.7245616912842 13.4932281970978 13.3378934860229 14.1505589485168 15.4112241268158 15.8718893527985 16.3090405464172 16.9346792697906 17.5403158664703 17.565954208374 17.6355924606323 17.641229391098
13.6310260295868 13.4721336364746 13.6110124588013 13.264244556427 13.6774768829346 13.3107097148895 11.9879429340363 12.7237796783447 13.6597001552582 14.3075160980225 14.2753314971924 13.4951474666595 13.2109637260437 13.7787799835205 14.5785961151123 15.3384115695953 16.238226890564 15.5820438861847 14.4498598575592 13.677675485611 13.0982139110565 12.9274740219116 14.2247343063354 14.9059951305389 14.8312554359436 13.992516040802 13.0097765922546 11.9550364017487 10.5602974891663 11.1775574684143 12.2988176345825 13.212078332901 13.9230124950409 13.5036199092865 13.7722272872925 15.5928354263306 16.7054431438446 17.1780502796173 17.4866588115692 16.6032655239105 16.1718728542328 15.9164814949036 16.1170887947083 16.2016959190369 16.5349290370941 16.5847864151001 17.0386445522308 17.512501001358 17.7583601474762 17.8882160186768
10.49529337883 10.9185280799866 12.2657628059387 13.5107970237732 14.2599258422852 14.8210535049438 14.2661824226379 14.1073110103607 14.2778701782227 14.5418593883514 14.6938490867615 14.6618390083313 14.3538284301758 14.1738176345825 13.9738070964813 14.8297972679138 16.045786857605 16.061776638031 14.8577659130096 13.6537556648254 13.9901432991028 14.4709286689758 14.6237156391144 14.7445001602173 16.2612860202789 16.2660720348358 14.3388590812683 12.3556437492371 11.8084299564362 11.6132159233093 11.7780013084412 12.7907876968384 13.6654553413391 14.830005645752 15.7745554447174 16.3111045360565 15.8196547031403 14.9762043952942 15.4567542076111 16.4533040523529 17.7498543262482 17.4264025688171 17.5429534912109 18.0515027046204 17.98481798172 17.7228953838348 17.5409705638885 17.4310486316681 17.8131277561188 18.0232048034668
12.9115605354309 12.826922416687 13.8003251552582 14.9453482627869 15.3943727016449 15.8753976821899 15.5084218978882 14.6214463710785 13.9960398674011 14.0122034549713 13.9683663845062 14.1845293045044 14.2486932277679 14.080855846405 14.0970196723938 15.3211827278137 16.1053454875946 16.8855090141296 15.505672454834 15.1538350582123 15.2060725688934 15.7623839378357 16.3026955127716 15.2710063457489 15.7953181266785 16.8356304168701 16.2679402828217 15.632251739502 15.1285636425018 15.1288740634918 15.3611860275269 15.8374977111816 16.2158982753754 16.3923909664154 16.4688827991486 16.6533749103546 16.7138664722443 16.2343590259552 15.7508504390717 15.7793424129486 16.4518344402313 17.5003259181976 17.5088183879852 17.669310092926 17.9627051353455 17.7690033912659 17.6592988967896 18.0335965156555 18.3838930130005 18.1461911201477
14.5918278694153 15.5580606460571 15.9269807338715 16.071900844574 15.8728210926056 16.089741230011 15.4226605892181 14.7635815143585 14.4862101078033 14.5665471553802 14.3348836898804 14.3792207241058 14.1475577354431 13.9798939228058 14.2402307987213 14.7605676651001 15.9049043655396 16.9372420310974 16.3575785160065 14.0779149532318 14.1140019893646 14.2178390026093 14.9136757850647 15.7255127429962 16.4973492622375 17.1611864566803 17.6450233459473 17.8648600578308 18.2366967201233 17.8365337848663 17.5363698005676 17.2802062034607 17.3383409976959 17.3507766723633 17.0952100753784 17.2476449012756 17.9000792503357 18.0165123939514 17.9889464378357 18.2053799629211 18.4138145446777 18.4142484664917 18.2986831665039 18.227117061615 18.2765927314758 18.3831100463867 18.3336272239685 18.2961435317993 18.3706617355347 18.4771785736084
15.8190951347351 16.0617122650146 16.2216365337372 16.2984530925751 16.65926861763 15.7800855636597 14.6529011726379 14.3377170562744 13.7443804740906 13.7088904380798 14.4254009723663 15.0539112091064 15.1264219284058 14.6709318161011 13.8074431419373 14.1119537353516 14.9804637432098 15.5609741210938 16.6814846992493 16.6539952754974 15.7059316635132 13.4012932777405 13.6286556720734 14.2000188827515 14.3633809089661 14.7827425003052 15.7781050205231 17.0414679050446 18.2088294029236 18.6921916007996 18.7315530776978 18.0989155769348 17.9647850990295 17.905161857605 17.653537273407 17.4579141139984 17.2262899875641 16.5786664485931 16.6830422878265 16.6074187755585 16.8197946548462 16.4961712360382 16.4165480136871 16.9249231815338 17.4744791984558 17.8172166347504 17.6759550571442 17.4866924285889 18.2494277954102 18.4761657714844
16.4268698692322 16.5155808925629 16.3482933044434 16.4770045280457 16.1057167053223 14.9024291038513 14.0111408233643 14.4758524894714 14.4785497188568 14.1632344722748 14.4959185123444 15.6246023178101 15.4932861328125 15.2179706096649 14.1026546955109 13.5073382854462 14.132022857666 14.8047063350677 15.4973907470703 16.3700749874115 16.865861415863 16.9647481441498 16.5716364383698 16.4185245037079 16.8614113330841 16.1202993392944 16.5871872901917 17.4140751361847 17.448962688446 17.8878512382507 18.8707385063171 18.7096266746521 17.8712296485901 17.5955464839935 17.6358661651611 17.6641838550568 17.4405016899109 17.0208206176758 17.0731389522552 17.3094561100006 17.1337761878967 16.9140944480896 17.3384108543396 17.6507294178009 17.8403668403625 17.9833254814148 18.0822815895081 18.1812386512756 18.2201957702637 18.3871536254883
16.2737338542938 16.2103416919708 16.2509489059448 16.4035577774048 16.5281646251678 16.3887722492218 16.0293798446655 16.2659873962402 16.3367202281952 15.9175782203674 14.8184354305267 14.4712932109833 14.9241509437561 16.1970088481903 16.0658659934998 14.8667235374451 13.7555813789368 14.0164391994476 14.4852969646454 14.8781545162201 15.1697897911072 15.5162038803101 16.454617023468 17.2250299453735 17.3314428329468 17.9418561458588 18.5802693367004 18.8386826515198 18.8850965499878 18.9715094566345 19.0099220275879 19.220335483551 18.3776717185974 17.3419337272644 17.414192199707 17.2624540328979 18.0027146339417 18.0629739761353 17.3152356147766 17.4394941329956 18.0717549324036 18.4040160179138 18.3322763442993 18.3765368461609 18.6542549133301 18.7654337882996 19.0966100692749 19.3597865104675 19.4389638900757 19.5341401100159
16.6845989227295 16.8411026000977 16.7736058235168 16.7061088085175 16.7706127166748 16.6311166286469 16.6036190986633 16.3001224994659 16.1148898601532 16.2319221496582 16.5209534168243 16.5459845066071 15.7070157527924 15.7960467338562 16.5970773696899 16.4901087284088 15.6351408958435 15.0561723709106 14.3172030448914 14.0422341823578 14.0097193717957 14.4316585063934 15.3335967063904 16.4235353469849 16.8134748935699 17.1394135951996 17.6373510360718 17.5832898616791 17.3492283821106 17.4951679706573 17.7171063423157 18.2190446853638 18.9121150970459 18.8483180999756 18.8165211677551 18.5767240524292 18.6209254264832 19.1291275024414 19.1533298492432 19.1455330848694 19.209734916687 19.3619379997253 19.5181407928467 19.4823436737061 19.6121435165405 19.4955396652222 19.6069359779358 19.5343332290649 19.3857316970825 19.3971276283264
16.095463514328 16.095862865448 16.1322622299194 16.2486622333527 16.2650599479675 16.5294601917267 16.949859380722 16.9982581138611 16.8450603485107 16.8462653160095 16.9994707107544 17.3886742591858 17.6938800811768 17.2910852432251 17.3002896308899 17.709495306015 17.5906984806061 16.7239053249359 15.9891095161438 14.622314453125 14.0696485042572 14.5951132774353 14.632577419281 14.3220412731171 15.1355059146881 16.32896900177 17.1984345912933 17.827898979187 17.8333623409271 17.5788264274597 17.6642904281616 17.633754491806 17.5385582447052 17.7547047138214 18.2468481063843 18.9989938735962 19.4311370849609 19.5072822570801 19.5194263458252 19.1275725364685 18.3397164344788 18.5278611183167 18.9440064430237 19.3561496734619 19.3020305633545 19.0256490707397 18.7332639694214 18.2208824157715 18.260498046875 18.2041153907776
15.3703284263611 15.6946227550507 15.4069178104401 15.31121301651 15.6875078678131 15.6198031902313 14.760098695755 15.2443943023682 15.587230682373 15.9406094551086 15.837986946106 15.987366437912 16.4487447738647 16.6701231002808 16.7235012054443 17.3848788738251 18.0262584686279 17.8636376857758 17.8370161056519 17.1343936920166 16.4175777435303 15.3745679855347 14.8035578727722 15.7445471286774 15.4135372638702 16.1705260276794 16.7955164909363 17.3285067081451 17.5294947624207 18.1424841880798 18.2594747543335 18.3964643478394 18.4850015640259 18.5730900764465 18.6171751022339 18.6852626800537 18.9013495445251 18.8334369659424 18.5895228385925 18.5336098670959 18.5936980247498 18.74578332901 18.5298700332642 18.6299576759338 18.539918422699 18.191755771637 18.1675925254822 17.9554300308228 18.1432666778564 17.7711019515991
13.8171923160553 14.9213833808899 15.5575747489929 15.8577649593353 15.53395652771 15.9381470680237 13.7823390960693 12.9625289440155 13.6334006786346 14.8789529800415 15.2805051803589 15.6700572967529 16.0716087818146 16.1011617183685 15.7507131099701 16.3122656345367 16.8498175144196 17.4433705806732 17.9569215774536 18.1264743804932 18.1935091018677 18.114022731781 17.8185379505157 17.9070541858673 18.0635695457458 18.0000834465027 17.8565990924835 17.6971125602722 17.8256278038025 17.8261427879333 17.6146578788757 17.5471739768982 17.6354455947876 17.2994742393494 17.103503704071 17.44753241539 18.0715618133545 18.5195913314819 18.6196203231812 18.6316485404968 18.6836771965027 18.7437052726746 18.7957344055176 18.6037635803223 18.6778073310852 18.8698635101318 18.6699199676514 18.4019770622253 18.1700339317322 18.5260891914368
13.7944421768188 14.2305409908295 14.4626388549805 15.2147371768951 15.8828358650208 16.2669341564178 16.3070333003998 15.3831307888031 14.538072347641 14.0518555641174 14.3776392936707 15.0394232273102 15.8052067756653 16.8589897155762 16.4767732620239 15.0065577030182 15.4003410339355 16.002124786377 16.6159086227417 17.265691280365 17.6448531150818 18.3493905067444 18.4339280128479 18.3664674758911 18.1870055198669 18.3395447731018 17.8120827674866 17.5646195411682 17.753157377243 17.7416965961456 17.5502355098724 17.3667740821838 17.4229850769043 17.4988696575165 17.6747539043427 17.7546358108521 17.8465213775635 18.0024061203003 17.9702885150909 17.9621737003326 18.1860585212708 18.2339434623718 18.4658279418945 18.5857110023499 18.6075749397278 18.4194178581238 18.0712594985962 18.2871012687683 18.4189443588257 18.6667861938477
14.7420783042908 15.0260951519012 15.5661120414734 15.8821296691895 16.3621473312378 16.9221642017365 16.526181936264 16.0501997470856 15.8772451877594 16.1273174285889 16.297390460968 16.1674628257751 15.9575355052948 16.655609369278 17.1536817550659 15.8437547683716 14.6698279380798 14.5319013595581 15.5859735012054 16.2920470237732 16.6916127204895 17.6566724777222 18.2857313156128 18.3387904167175 18.1278500556946 18.2769079208374 17.9219679832458 17.9670259952545 18.0240845680237 18.0451440811157 18.1182036399841 17.7232630252838 17.4196181297302 17.7432718276978 17.9629237651825 18.1425776481628 18.2422299385071 18.1898832321167 18.0055356025696 17.8051879405975 17.8448414802551 18.0404934883118 17.9481468200684 18.0758004188538 18.1572237014771 18.0164165496826 17.9716110229492 18.2148056030273 18.3699998855591 18.5851936340332
14.1657135486603 13.9096496105194 14.3575854301453 14.8495228290558 15.5254583358765 16.2933945655823 16.9973316192627 17.1572678089142 16.6124169826508 16.3387796878815 16.2691419124603 16.391503572464 16.5218660831451 16.8842289447784 17.2785906791687 16.34095287323 15.8513157367706 15.5456781387329 15.1520400047302 15.6864025592804 16.586373090744 17.327953338623 17.7695331573486 17.8871123790741 18.0766935348511 18.2422733306885 18.0358533859253 17.7854323387146 18.2910118103027 18.4965925216675 18.6141715049744 18.707751750946 18.6842527389526 18.6276741027832 18.5830950737 18.3745160102844 18.2219386100769 18.0493593215942 17.8647804260254 17.9802026748657 18.2516236305237 18.1070437431335 17.8904654979706 17.9458858966827 17.8788709640503 17.6694169044495 17.6599626541138 17.7465085983276 17.8170557022095 17.8596005439758
15.2013492584229 14.1532039642334 13.6770598888397 13.9169147014618 14.2847700119019 14.7766251564026 15.1524810791016 16.0883362293243 16.511589050293 17.1742415428162 17.4368934631348 17.4515454769135 17.146196603775 16.7928478717804 16.6234991550446 16.514151096344 16.7368025779724 17.3834543228149 17.2541046142578 16.9287574291229 16.5491337776184 16.7952344417572 17.4853353500366 17.7834355831146 17.8135361671448 17.8036377429962 18.3977375030518 18.4998388290405 18.4499397277832 18.6160397529602 18.7861413955688 18.8882427215576 18.9728856086731 18.8880777359009 18.5552668571472 18.2904567718506 18.0136456489563 17.6208372116089 17.3120267391205 17.2792162895203 17.5144059658051 17.4055948257446 17.2647850513458 18.0959753990173 18.352518081665 18.386417388916 18.2643151283264 17.8982131481171 17.7201108932495 17.9340085983276
