data/spatiotemp/temp3/bio5_norsw_test_2011_2014.asc
NCOLS 654 
NROWS 380 
XLLCORNER 3.91666666666667 
YLLCORNER 55.3333333333333 
CELLSIZE 0.0416666666666667 
NODATA_value -9999 
[rows 132 to 153 of 380, columns 200 to 249 of 654]
-9999 17.9677429199219 18.5325241088867 16.2635645866394 15.2488284111023 16.4480214118958 17.6813406944275 18.3646607398987 18.7128491401672 18.3912982940674 18.0437941551208 18.6136212348938 18.1311960220337 17.7845158576965 16.9158358573914 16.6084206104279 16.1664049625397 15.3043894767761 15.74311876297 17.1984391212463 17.434344291687 18.1563305854797 16.2543153762817 17.5362997055054 18.7682180404663 17.074068069458 16.4319186210632 17.5817697048187 17.383620262146 16.96147108078 16.8113210201263 16.9891724586487 16.6310226917267 16.1368727684021 15.9187235832214 16.4565737247467 16.340217590332 16.3296527862549 16.8990874290466 17.2405228614807 17.1219584941864 16.9073932170868 17.0488286018372 17.0302634239197 17.007698059082 16.7331340312958 16.4905691146851 15.880003452301 15.2998940944672 14.9662389755249
-9999 18.3435063362122 17.8613543510437 16.1518683433533 16.3710489273071 16.8192827701569 18.1614103317261 18.2125902175903 17.1611745357513 16.141804933548 15.6014358997345 17.4790668487549 18.6646871566772 18.6702971458435 18.3219065666199 17.7865161895752 17.2611267566681 15.6384782791138 15.8285918235779 17.5399560928345 17.1168150901794 18.0709271430969 16.4690408706665 16.2431523799896 18.2628035545349 18.6639947891235 18.1971855163574 18.4423761367798 16.4915673732758 16.3847594261169 16.4779500961304 16.2871413230896 16.6243319511414 16.6415224075317 16.4427130222321 16.4639048576355 16.7715883255005 17.0297634601593 16.9959392547607 17.6461153030396 18.012291431427 17.914466381073 17.8486437797546 17.6348202228546 17.2289946079254 16.7471704483032 16.2933473587036 16.011522769928 15.9158413410187 15.8943014144897
18.1773209571838 18.4342713356018 -9999 16.8694319725037 15.7254738807678 17.0257105827332 18.5788908004761 18.4921879768372 16.8272111415863 15.7896440029144 15.6320781707764 17.9535126686096 18.2351794242859 17.0590782165527 15.8178491592407 15.1548767089844 15.6707768440247 16.1616752147675 14.9548077583313 15.6490478515625 16.2312874794006 18.0255274772644 16.7677655220032 15.3900051116943 15.9493913650513 17.4099223613739 18.3304524421692 18.8029837608337 17.415515422821 16.8600471019745 16.5725781917572 16.8651099205017 17.5256409645081 17.4381713867188 17.2707035541534 17.4312345981598 17.6149590015411 17.733874797821 17.7247908115387 17.323707818985 16.8706250190735 17.9295411109924 17.9244589805603 16.9833755493164 16.9102914333344 17.02920794487 16.9481244087219 16.9350409507751 17.0477869510651 16.7783639431
17.8661317825317 18.309618473053 18.7042708396912 18.8690619468689 18.2289929389954 18.0553126335144 17.8401737213135 18.1171183586121 17.2442119121552 16.3874835968018 15.5767204761505 17.1809592247009 18.0456705093384 16.5291900634766 15.5595569610596 16.0262377262115 16.0534250736237 15.4916143417358 14.8130235671997 16.5073909759521 16.9977576732635 16.75612449646 17.3104915618896 17.2848591804504 16.2879776954651 16.9878489971161 18.4757208824158 18.8395924568176 18.1074638366699 17.8633344173431 18.1352062225342 18.3790793418884 18.2229490280151 17.9548211097717 18.1026911735535 18.2065629959106 17.6903295516968 16.4979856014252 16.0256433486938 15.4413003921509 16.0529582500458 17.7126157283783 17.9322729110718 17.3279304504395 17.359587430954 17.6872444152832 17.6229026317596 17.2985599040985 16.7677347660065 16.2224268913269
18.5825352668762 18.9207987785339 18.4923958778381 17.9553265571594 18.7074661254883 -9999 -9999 17.4503827095032 17.9746761322021 17.4791009426117 16.6823635101318 17.8097376823425 17.9054355621338 16.1236412525177 16.6101188659668 17.9615969657898 17.4320750236511 15.6847457885742 14.6770312786102 15.0235087871552 15.5802290439606 14.3227233886719 15.1012170314789 16.603711605072 17.0625648498535 17.3457765579224 17.8729882240295 18.6322002410889 17.0794117450714 16.7626233100891 16.7978343963623 16.6410467624664 16.9762580394745 17.3594706058502 17.8786821365356 17.4898931980133 16.3936989307404 15.3660974502563 14.2664952278137 13.5108933448792 14.3352911472321 17.0676896572113 17.3400883674622 16.2524859905243 16.164883852005 16.2932817935944 16.1096806526184 16.2020785808563 17.0476813316345 17.6624898910522
17.0709381103516 17.5584678649902 16.8511881828308 17.8638129234314 18.9190258979797 18.7696514129639 18.2921886444092 18.8139495849609 18.746392250061 17.6307291984558 15.6886723041534 16.4875640869141 18.0136547088623 17.681421995163 18.2411894798279 17.0589570999146 16.4562139511108 15.7588357925415 15.2682588100433 15.1070263385773 14.1767933368683 13.2775609493256 13.3093285560608 14.4250953197479 14.2251510620117 16.0797033309937 17.5342552661896 18.6768064498901 17.3353588581085 15.7659113407135 14.9884641170502 16.1270153522491 16.6375677585602 17.01211977005 17.4106721878052 15.7412240505219 14.8850693702698 14.2262077331543 14.6393465995789 15.3644857406616 16.3336248397827 17.3547632694244 16.5999031066895 16.2850408554077 16.3461804389954 16.4993193149567 16.1244575977325 15.2535960674286 15.0396280288696 14.7145512104034
18.5108404159546 18.4633269309998 17.2078127861023 16.9141182899475 18.4567852020264 19.0730810165405 19.0671486854553 18.9524178504944 18.880729675293 18.641215801239 17.3186485767365 16.3792955875397 17.1361465454102 16.2092037200928 16.7852602005005 16.2043168544769 14.9461753368378 15.3569247722626 15.168487071991 15.0915441513062 14.4246513843536 14.5426571369171 15.0877132415771 14.2974171638489 14.8677382469177 16.6496305465698 18.2995219230652 17.665415763855 15.7393066883087 14.7011997699738 14.6150925159454 15.5689840316772 16.6228768825531 17.1167688369751 15.5466618537903 14.4485533237457 13.3204395771027 12.8543186187744 13.1121983528137 14.9540781974792 16.3359582424164 17.4298372268677 16.9637176990509 16.1775965690613 15.8714759349823 15.4933559894562 16.0432360172272 15.9331154823303 15.1355752944946 15.1546151638031
18.3417434692383 17.2840912342072 17.9724373817444 18.2458438873291 18.5169887542725 18.7682285308838 18.9358267784119 18.3149394989014 18.2783899307251 18.890869140625 18.5372157096863 17.8487405776978 16.5456392765045 15.719509601593 16.105331659317 16.9456765651703 17.4980220794678 17.8403697013855 15.3258893489838 14.8340611457825 15.1114072799683 16.2705187797546 17.2133941650391 17.49627161026 17.2583260536194 18.3035569190979 18.5927896499634 17.7780225276947 16.1672556400299 15.1844880580902 15.8497197628021 16.9429521560669 17.1441855430603 15.0094180107117 12.9386510848999 12.4039626121521 11.0376126766205 11.6944310665131 13.3850502967834 14.9076714515686 15.9702913761139 16.6169121265411 16.6355330944061 16.4061532020569 16.160772562027 16.0233941078186 16.2340133190155 16.6046345233917 16.6955215930939 16.1226768493652
18.6236457824707 18.5599660873413 17.749062538147 17.6451048851013 18.2883682250977 18.1666650772095 18.5539183616638 18.7541728019714 18.5944256782532 18.7546792030334 18.1119327545166 17.8181862831116 16.8651311397552 16.7370896339417 17.7956514358521 18.808322429657 17.8967499732971 17.1083078384399 17.2149438858032 15.4511091709137 15.2381131649017 16.4091169834137 17.3681204319 17.447124004364 17.9089107513428 18.6494841575623 18.4220581054688 17.1146306991577 15.9232025146484 16.6877756118774 17.3843483924866 17.1769216060638 15.9614944458008 14.6100671291351 14.9866404533386 14.2072124481201 13.3711802959442 13.3585410118103 13.205902338028 14.3492629528046 15.1486251354218 15.7239861488342 15.2193470001221 15.3587079048157 14.9860694408417 15.2534306049347 15.556791305542 16.0401520729065 16.4874680042267 16.8627400398254
18.9620490074158 18.4162855148315 17.6274652481079 18.7021384239197 18.2887153625488 16.7672913074493 17.7763485908508 19.0794048309326 19.1724610328674 19.2225179672241 18.4755764007568 17.7606329917908 17.874623298645 18.7286024093628 17.5083286762238 16.2769305706024 15.4240612983704 14.6391921043396 15.3401703834534 15.8850955963135 15.2285840511322 14.9277148246765 15.4628462791443 16.2339761257172 17.8314981460571 18.4714107513428 17.6873252391815 16.6072371006012 17.2311503887177 17.5670635700226 16.0629773139954 14.1828904151917 15.7588036060333 16.0387165546417 15.3186295032501 13.9625427722931 13.9865505695343 13.7346525192261 13.9067535400391 14.7708563804626 15.5149576663971 15.9070601463318 16.1991617679596 16.3312637805939 15.995365858078 16.0834677219391 15.8875691890717 15.7556717395782 15.5114159584045 15.4548025131226
18.5041847229004 18.6747488975525 18.4948582649231 17.9944128990173 18.0969533920288 17.6946225166321 17.4622180461884 16.6938138008118 17.4486584663391 18.5505037307739 18.1203508377075 18.501624584198 19.1931800842285 17.1932158470154 16.26291680336 15.4819667339325 15.4050166606903 15.5565614700317 15.9104602336884 15.1003584861755 15.7622575759888 16.6522641181946 16.9313137531281 17.2063632011414 17.2917077541351 18.0593433380127 17.6869788169861 17.4706125259399 17.6342492103577 16.1778833866119 13.8535189628601 14.409154176712 14.8447890281677 13.4164252281189 13.0872693061829 13.7885897159576 12.3195903301239 12.0357439517975 13.695898771286 15.0120522975922 15.6282060146332 15.3883609771729 15.0845143795013 14.7126684188843 14.7448222637177 14.6929759979248 14.9691302776337 14.9532845020294 14.4692633152008 13.8010659217834
18.8676652908325 18.7492446899414 18.4717969894409 17.2825553417206 17.7696232795715 17.5224094390869 16.6941266059875 16.8813991546631 17.8820190429688 18.3010239601135 17.9806871414185 17.1254515647888 18.1438417434692 17.1286840438843 16.4434430599213 15.9622037410736 15.3649637699127 16.3122534751892 16.2938096523285 15.9052450656891 15.5160052776337 15.5467655658722 16.3935265541077 17.1602873802185 17.6815371513367 18.0772752761841 17.745016336441 17.5087547302246 17.2644953727722 15.3802337646484 15.8079741001129 15.6237132549286 15.079452753067 14.3711926937103 13.6749322414398 14.4906718730927 14.5542995929718 14.4098179340363 15.0533347129822 15.2008521556854 14.7043690681458 14.4718866348267 13.9314045906067 13.2909214496613 13.6304395198822 14.0659565925598 14.8454737663269 15.1889908313751 15.2170100212097 15.209531545639
18.471875667572 18.9237413406372 18.2265644073486 17.4366433620453 17.4706110954285 17.7001957893372 18.0096611976624 18.8888597488403 18.0320439338684 18.4075217247009 17.8131668567657 16.9141969680786 16.6550276279449 15.8734986782074 15.6919703483582 15.5264406204224 15.8529121875763 16.4489438533783 16.1498544216156 16.1003251075745 15.7027955055237 15.4612672328949 17.3677387237549 18.0382084846497 17.8793663978577 17.8672103881836 17.4470551013947 17.4748980998993 17.0307416915894 17.0065848827362 16.1784286499023 14.9142723083496 14.6661159992218 15.3819603919983 14.9858031272888 15.8656468391418 16.1370096206665 15.9678902626038 15.7787711620331 15.2296514511108 14.8445320129395 14.5114138126373 14.1262948513031 13.6531748771667 13.9640555381775 13.7069363594055 13.7578177452087 14.0246977806091 14.2407586574554 14.5739965438843
17.0361671447754 18.6315584182739 18.9990081787109 18.6634135246277 18.788562297821 18.7867312431335 17.9554004669189 17.7625689506531 18.3027377128601 17.6658780574799 16.4807434082031 15.5436096191406 15.5441331863403 16.5423145294189 16.6444962024689 17.2106773853302 17.3688588142395 17.0390419960022 16.6332235336304 16.2154054641724 16.853586435318 16.3717679977417 17.0379500389099 18.0161309242249 18.0331959724426 17.9371440410614 18.1770911216736 17.5090394020081 17.6689872741699 17.1169369220734 15.7448837757111 15.5368318557739 15.3967792987823 16.0007271766663 16.2046749591827 15.85662317276 15.871719121933 16.6019630432129 16.5762069225311 15.7504518032074 14.9686961174011 14.2749404907227 13.9571843147278 13.6436307430267 14.3336727619171 14.5999174118042 14.682160615921 14.8444051742554 14.744505405426 15.1184623241425
17.7944359779358 18.1128859519958 18.3554401397705 16.7923831939697 18.0610074996948 19.1532673835754 18.8742108345032 18.6931548118591 17.8453967571259 17.6719379425049 16.7384788990021 15.8930208683014 15.9692380428314 17.5431301593781 17.9970216751099 16.5909154415131 15.7608077526093 15.4306995868683 16.0685927867889 16.8064846992493 18.0243763923645 17.7102692127228 17.2321622371674 17.5260546207428 18.275025844574 18.5750784873962 17.7831315994263 17.2671825885773 17.3472337722778 17.659286737442 16.6153395175934 16.4713909626007 16.5474421977997 16.5794942378998 16.6955468654633 16.6195993423462 16.7944285869598 17.340035200119 16.449643611908 15.3712508678436 14.9648590087891 15.2664670944214 14.8200736045837 14.4536821842194 14.9512894153595 15.9888980388641 14.9985053539276 14.5721125602722 15.1642532348633 15.6869263648987
17.1557202339172 18.2624359130859 17.3111531734467 16.2406923770905 17.520587682724 18.2373051643372 18.7270216941833 18.3707389831543 17.1877813339233 18.3899970054626 18.9268894195557 18.3476085662842 18.2983431816101 17.9919457435608 17.3775494098663 16.0351529121399 15.9367554187775 16.0623581409454 15.1359615325928 15.6335649490356 16.2711672782898 17.7767715454102 18.0903744697571 18.3799757957458 18.5088562965393 17.5210120677948 16.9331686496735 15.4053251743317 15.3934810161591 16.7136368751526 17.493793964386 17.0859484672546 17.0621047019958 17.1542618274689 17.254417181015 17.1345736980438 17.1371383666992 17.0821096897125 17.0630803108215 16.9560506343842 16.4330224990845 16.7379932403564 16.0949649810791 15.4839355945587 15.7049062252045 15.829877614975 16.2428483963013 16.459819316864 16.4280016422272 16.4313924312592
16.8718841075897 17.631374835968 16.9388034343719 16.6766972541809 17.306590795517 17.636483669281 16.7943773269653 15.6602711677551 15.9661645889282 16.6280584335327 16.8379518985748 16.7638454437256 16.0874488353729 16.0327632427216 16.1140761375427 16.4473898410797 16.088702917099 17.3260173797607 17.7033307552338 16.4326434135437 17.089958190918 18.2352719306946 18.5205855369568 18.5938992500305 17.2946848869324 16.5149457454681 16.3472058773041 16.339467048645 15.5797274112701 16.527987241745 17.3362491130829 17.1565084457397 17.0967688560486 17.2010304927826 17.2412891387939 16.9855499267578 16.7718467712402 16.5321819782257 16.3725159168243 16.2328500747681 16.0571854114532 16.1535205841064 16.5218539237976 16.590188741684 16.3945233821869 16.2268576622009 17.035192489624 17.0755276679993 17.0437483787537 16.9758574962616
18.4920496940613 18.842315196991 18.6415801048279 17.9488463401794 17.6782717704773 16.7358407974243 16.8454096317291 16.1349794864655 15.5485486984253 15.3934400081635 15.0617053508759 14.9959716796875 15.7005546092987 16.3815779685974 16.1906032562256 16.0956268310547 17.1326501369476 17.6336767673492 18.4867000579834 18.4397239685059 18.4887490272522 18.2657718658447 18.2587971687317 17.9118218421936 17.4485154151917 16.5008797645569 16.0732455253601 17.0576095581055 17.0139734745026 17.3463377952576 17.2547032833099 17.3470666408539 17.1794319152832 16.4317963123322 15.8041608333588 15.7125256061554 15.4185571670532 16.0542552471161 16.3059523105621 16.3216505050659 15.8253481388092 15.7290465831757 15.944744348526 16.2684421539307 16.7081401348114 17.2038373947144 17.387535572052 16.7432339191437 16.2994961738586 16.4083228111267
17.2692139148712 17.7532544136047 18.5372939109802 18.9443335533142 18.4243745803833 18.0904135704041 18.030454158783 17.2096879482269 16.8429327011108 16.7081780433655 15.8574235439301 15.6806540489197 16.4056594371796 17.4183938503265 18.0991287231445 17.2198646068573 16.9965994358063 17.4733331203461 17.4980685710907 18.574803352356 17.3715398311615 17.9442734718323 17.7650082111359 17.1777441501617 16.6143450737 16.0268142223358 16.7952830791473 17.2677507400513 17.2522211074829 17.4926900863647 17.4211580753326 17.497626543045 17.4980952739716 17.2305645942688 16.7150321006775 16.1195013523102 16.0852661132812 16.3283267021179 16.2473886013031 16.95845079422 17.0535123348236 16.8885724544525 16.8316352367401 16.6146957874298 16.4857573509216 17.0448184013367 17.1638798713684 16.5629410743713 16.4872441291809 16.6207885742188
16.0699474811554 17.0508677959442 18.1757893562317 19.0058226585388 18.1906366348267 17.0945534706116 16.6354742050171 16.7723960876465 16.5253171920776 16.6102385520935 16.7831597328186 16.0520808696747 16.2187647819519 17.039210319519 18.3116550445557 17.9361011981964 17.5645473003387 18.3089923858643 18.4334383010864 18.4298844337463 18.1383304595947 17.3827750682831 17.051221370697 16.7236664295197 16.7001762390137 17.1047487258911 17.2973217964172 17.6658933162689 17.4424667358398 17.579039812088 17.3036136627197 17.0961856842041 16.6887588500977 16.4133315086365 16.437903881073 16.6424767971039 16.4239761829376 16.0944006443024 16.7728252410889 16.6912496089935 16.6456747055054 17.0240998268127 17.0385241508484 17.0129499435425 16.7153739929199 16.5737986564636 17.0482242107391 17.354647397995 17.2549929618835 17.0332541465759
17.1989245414734 17.6961324214935 18.940721988678 18.5523090362549 17.6973123550415 17.7939097881317 17.2985062599182 16.8551042079926 16.9957015514374 17.6322984695435 17.0488955974579 17.6174931526184 16.9518692493439 16.9360258579254 17.5681822299957 18.7403392791748 18.9164943695068 18.316650390625 18.1128077507019 18.6249632835388 18.0491194725037 17.4252772331238 16.873432636261 16.7255890369415 16.3940057754517 16.7866816520691 17.4153590202332 17.0000369548798 16.6687133312225 17.2413897514343 17.2700686454773 17.098744392395 16.9594218730927 16.6800985336304 16.5607755184174 16.4454526901245 15.5906853675842 15.6684739589691 16.3222613334656 16.3000493049622 15.893837928772 16.3996267318726 17.0414140224457 17.6472027301788 17.8329927921295 17.6427795886993 17.3085677623749 17.2943551540375 16.8267390727997 16.4337184429169
18.4717087745667 19.1170721054077 18.8574352264404 18.3017973899841 17.1609921455383 16.3452661037445 15.9455392360687 17.1978116035461 18.0020854473114 18.4383587837219 18.6506319046021 18.0589051246643 18.2289748191833 18.3288421630859 18.6687092781067 18.7125744819641 18.6884436607361 18.6563091278076 18.244176864624 17.9960427284241 16.9639103412628 15.9637770652771 16.4156448841095 16.2555108070374 16.007835149765 15.628616809845 16.9693968296051 17.3061790466309 16.6029591560364 15.7997410297394 16.5765223503113 17.2253041267395 17.0460851192474 16.9468655586243 16.5076470375061 16.3244287967682 16.4453947544098 16.5865471363068 16.4156985282898 16.6168494224548 16.8540019989014 16.9671528339386 16.9483051300049 16.9534561634064 17.0026080608368 17.1717586517334 17.5369114875793 17.282062292099 16.4584875106812 16.5461840629578
