data/spatiotemp/temp3/bio5_norsw_test_2011_2014.asc
NCOLS 654 
NROWS 380 
XLLCORNER 3.91666666666667 
YLLCORNER 55.3333333333333 
CELLSIZE 0.0416666666666667 
NODATA_value -9999 
[rows 308 to 329 of 380, columns 250 to 299 of 654]
21.8444976806641 21.760488986969 21.7634806632996 21.852472782135 21.8604636192322 21.8604545593262 21.8524465560913 21.6464381217957 22.4524292945862 22.9982342720032 22.9222860336304 22.8690466880798 22.8388004302979 22.8925538063049 23.0103068351746 22.9760608673096 22.9018139839172 22.8595671653748 23.0533218383789 23.1670746803284 23.0288290977478 22.9705810546875 22.9762749671936 23.0259056091309 23.0355386734009 23.0531697273254 23.0348029136658 23.0084342956543 22.9980654716492 23.0476980209351 22.9533290863037 22.9629607200623 23.1045942306519 23.2862243652344 23.2723693847656 23.2430267333984 23.317681312561 23.4003372192383 23.3909945487976 23.3376512527466 23.2763066291809 23.2749633789062 23.2816195487976 23.3242769241333 23.3149318695068 23.2615885734558 23.2931580543518 23.3056406974792 23.3101239204407 23.4306063652039
21.7448091506958 21.7576851844788 21.7585620880127 21.8044390678406 21.8523163795471 21.8471927642822 21.8370699882507 22.1529474258423 22.6258230209351 22.8202815055847 22.7416071891785 22.6632099151611 22.5808129310608 22.5944156646729 22.6800179481506 22.6936225891113 22.6792244911194 22.6728277206421 22.8184294700623 22.8000345230103 22.7976360321045 22.8632397651672 22.8606376647949 22.8578300476074 22.8510208129883 22.8322124481201 22.8654065132141 22.9345970153809 22.9157905578613 22.8569812774658 22.8901743888855 22.9913673400879 23.148558139801 23.1817512512207 23.1354384422302 23.0936193466187 23.1158013343811 23.2099823951721 23.2801651954651 23.3103470802307 23.3165283203125 23.2867102622986 23.264892578125 23.3190741539001 23.3052554130554 23.3434381484985 23.2671465873718 23.3323798179626 23.2936148643494 23.3468503952026
21.683473110199 21.7518658638 21.7542614936829 21.7556557655334 21.7780504226685 21.8334455490112 21.8538398742676 22.2082357406616 22.4986963272095 22.4602890014648 22.3859753608704 22.3837561607361 22.3895401954651 22.3753223419189 22.3331036567688 22.402886390686 22.6966691017151 22.6704511642456 22.6922345161438 22.7420153617859 22.7757968902588 22.7815809249878 22.7589201927185 22.6958165168762 22.6527147293091 22.6936111450195 22.6905078887939 22.8034043312073 22.8643026351929 22.8451991081238 22.9060955047607 23.1269936561584 23.1998896598816 23.1887874603271 23.0862164497375 23.0081787109375 23.0461401939392 23.1121029853821 23.2540640830994 23.3600258827209 23.3539867401123 23.2639498710632 23.2459111213684 23.2678737640381 23.2418355941772 23.2157974243164 23.267484664917 23.3488993644714 23.3223152160645 23.3037276268005
21.6534881591797 21.7280321121216 21.7475771903992 21.7491221427917 21.7926669120789 21.8102135658264 21.8137583732605 22.1102590560913 22.2562551498413 22.2862515449524 22.2603960037231 22.2386870384216 22.1929788589478 22.2032694816589 22.1975622177124 22.3158531188965 22.5821471214294 22.7084360122681 22.6107296943665 22.5530219078064 22.651312828064 22.6456046104431 22.5831246376038 22.5758695602417 22.5446162223816 22.5413637161255 22.5341086387634 22.5628566741943 22.6196026802063 22.7443480491638 22.86909532547 23.1058416366577 23.0945892333984 23.0553345680237 23.0847063064575 23.0587024688721 23.0327000617981 23.0826969146729 23.1926927566528 23.346688747406 23.3886861801147 23.2946820259094 23.2646789550781 23.2706751823425 23.1446733474731 23.1066694259644 23.2061767578125 23.3671984672546 23.4522194862366 23.3972396850586
21.6465020179749 21.7111978530884 21.72989320755 21.7665882110596 21.814284324646 21.72998046875 21.8410115242004 22.0954117774963 22.1618123054504 22.1482157707214 22.0948171615601 22.0576190948486 22.0564198493958 22.0872211456299 22.1740198135376 22.3608207702637 22.435622215271 22.5144233703613 22.5092244148254 22.4400253295898 22.5188264846802 22.5576286315918 22.4873266220093 22.495922088623 22.4205169677734 22.4291138648987 22.4297094345093 22.4383063316345 22.5469026565552 22.6114978790283 22.7520933151245 22.9926905632019 23.2292847633362 23.2498812675476 23.2631959915161 23.1852278709412 23.1352586746216 23.0212912559509 23.0073213577271 23.1533522605896 23.1713838577271 23.1054167747498 23.1394472122192 23.2894778251648 23.2755088806152 23.273540019989 23.2088708877563 23.4134969711304 23.50612449646 23.5147519111633
21.7025170326233 21.7903633117676 21.8082089424133 21.8060555458069 21.7689027786255 21.6309533119202 21.8577604293823 21.9525666236877 21.9953742027283 21.9861798286438 21.9452395439148 21.9245491027832 22.0318593978882 22.0671696662903 22.1344785690308 22.3457894325256 22.4050993919373 22.4084095954895 22.4277205467224 22.415030002594 22.3983392715454 22.4296493530273 22.4795279502869 22.4319729804993 22.4204187393188 22.4248652458191 22.4933109283447 22.4977560043335 22.614203453064 22.5666480064392 22.7190918922424 22.9075379371643 23.2759833335876 23.3884301185608 23.3696856498718 23.2557501792908 23.2258167266846 22.9558835029602 22.9139490127563 23.0240168571472 23.0500812530518 23.0721478462219 23.0422143936157 23.1042799949646 23.1743469238281 23.200412273407 23.4035615921021 23.4277949333191 23.4680299758911 23.480263710022
21.8725333213806 21.8895297050476 21.7835254669189 21.7855219841003 21.4920845031738 21.5712962150574 21.8065085411072 21.8937201499939 21.9289317131042 21.9521436691284 21.9636607170105 22.0514802932739 22.0992984771729 22.0271196365356 22.202938079834 22.4267563819885 22.4345755577087 22.354395866394 22.3582153320312 22.4380350112915 22.5178546905518 22.4376740455627 22.4797306060791 22.5040259361267 22.4643216133118 22.5366177558899 22.5409121513367 22.5012068748474 22.5895023345947 22.6097960472107 22.8020911216736 23.1143860816956 23.2666816711426 23.2869772911072 23.4601740837097 23.3262753486633 23.1163763999939 22.9664764404297 22.9965786933899 23.018678188324 23.0607800483704 23.1108813285828 23.0369815826416 23.015082359314 23.0971832275391 23.1992845535278 23.2822532653809 23.438093662262 23.6059350967407 23.5697746276855
21.8915481567383 21.7816939353943 21.7738409042358 21.6364064216614 21.7080245018005 21.7676410675049 21.8432579040527 21.9068741798401 22.0184907913208 22.0221085548401 22.0140819549561 22.0424108505249 22.1707382202148 22.1950669288635 22.2953968048096 22.5077257156372 22.3680539131165 22.3923826217651 22.352710723877 22.4290399551392 22.4893684387207 22.409698009491 22.4639344215393 22.4440784454346 22.5642232894897 22.6483683586121 22.6765122413635 22.7446565628052 22.7888011932373 22.7049465179443 22.9130907058716 23.081235408783 23.1493802070618 23.3015236854553 23.3706650733948 23.4087991714478 23.2789354324341 23.1850714683533 23.1792058944702 23.0613422393799 23.0114779472351 23.1216130256653 23.1077499389648 23.1138849258423 23.1480197906494 23.1981558799744 23.2129459381104 23.3083925247192 23.4158396720886 23.5552868843079
21.7285633087158 21.679895401001 21.8199186325073 21.9679403305054 22.0639634132385 22.0159850120544 21.9360074996948 21.8440289497375 21.9200510978699 22.0800719261169 22.0365028381348 22.1613402366638 22.1781764030457 22.087016582489 22.2798542976379 22.1166925430298 22.1015305519104 22.1543684005737 22.3112053871155 22.3680453300476 22.3848819732666 22.2817206382751 22.3441362380981 22.4361310005188 22.520124912262 22.5361204147339 22.6241135597229 22.6441082954407 22.8521003723145 22.9160952568054 22.9960899353027 23.2640829086304 23.0760779380798 23.0160727500916 23.1131534576416 23.311324596405 23.2174940109253 23.1476635932922 23.1418352127075 23.0480065345764 23.0141754150391 23.0883455276489 23.2425165176392 23.2006864547729 23.2468547821045 23.3370261192322 23.3076367378235 23.3786907196045 23.4137449264526 23.5127973556519
21.5701928138733 21.990620136261 22.1350464820862 22.0034742355347 22.0199003219604 21.8603277206421 21.8087553977966 21.7131819725037 21.77760887146 21.9500374794006 21.9869236946106 22.1722712516785 21.9776177406311 21.9429664611816 21.7723121643066 21.8336596488953 21.8870072364807 22.0883536338806 22.0977010726929 22.3230495452881 22.4483952522278 22.2017436027527 22.3483381271362 22.5401835441589 22.5840277671814 22.5158705711365 22.5157141685486 22.6595568656921 22.6714024543762 22.8112449645996 22.7670879364014 22.9349327087402 22.9467754364014 22.9946193695068 23.1556434631348 23.1738495826721 23.408052444458 23.4062576293945 23.3524632453918 23.2026672363281 23.0208740234375 23.1430778503418 23.2092823982239 23.2874875068665 23.2856922149658 23.3518967628479 23.3783297538757 23.5409898757935 23.5676498413086 23.690309047699
21.9325108528137 22.1053423881531 21.9621758460999 21.8670072555542 21.8398404121399 21.7646703720093 21.7415027618408 21.7543358802795 21.6951675415039 21.7640008926392 21.9373440742493 22.219202041626 22.0090589523315 21.7909140586853 21.7007703781128 21.7186274528503 21.852484703064 21.9303398132324 21.9481978416443 22.0460534095764 22.2319097518921 22.4057674407959 22.4085426330566 22.4442353248596 22.6479287147522 22.5836205482483 22.55131483078 22.4630084037781 22.6867003440857 22.7023944854736 22.8700866699219 22.9257802963257 23.0294728279114 23.1051669120789 23.242133140564 23.3683724403381 23.4506125450134 23.3768515586853 23.1990914344788 23.2613320350647 23.1995706558228 23.1978106498718 23.2000503540039 23.3662891387939 23.364529132843 23.4187684059143 23.3970212936401 23.4952869415283 23.5215549468994 23.6881542205811
21.8548283576965 21.8040661811829 22.0053043365479 21.9545421600342 21.8517770767212 21.749014377594 21.6742520332336 21.639488697052 21.5847263336182 21.617965221405 21.8717660903931 22.1261310577393 22.1644983291626 21.8308644294739 21.6492280960083 21.7275948524475 21.8939604759216 22.0603275299072 22.0466928482056 22.1410584449768 22.1834230422974 22.2737889289856 22.3327450752258 22.3322858810425 22.5478301048279 22.6553721427917 22.6629147529602 22.6944589614868 22.7820010185242 22.7255444526672 22.8090863227844 22.9886293411255 23.0481719970703 23.2477130889893 23.4566235542297 23.4548969268799 23.3371720314026 23.2354459762573 23.1417198181152 23.2119951248169 23.1982684135437 23.236542224884 23.2388162612915 23.3330917358398 23.3913660049438 23.4496397972107 23.3917140960693 23.3575859069824 23.3714590072632 23.4693326950073
21.9971475601196 22.0907893180847 22.1884322166443 21.9940738677979 21.9077172279358 21.8773603439331 21.7309999465942 21.6566424369812 21.602285861969 21.7079286575317 21.8541860580444 21.9610614776611 22.0439367294312 21.7948112487793 21.6976866722107 21.8045625686646 21.8634371757507 22.022313117981 22.1171870231628 22.208062171936 22.2709369659424 22.3058137893677 22.4569458961487 22.3723382949829 22.4197311401367 22.5671243667603 22.710515499115 22.7859082221985 22.9772996902466 22.8046932220459 22.8640851974487 22.9154772758484 23.1308693885803 23.3622617721558 23.5311136245728 23.5094227790833 23.2677302360535 23.1900391578674 23.1523489952087 23.1626577377319 23.2449669837952 23.2952761650085 23.2815847396851 23.367892742157 23.4262037277222 23.4885125160217 23.53040599823 23.4638848304749 23.4933643341064 23.514844417572
22.1274652481079 22.1655120849609 22.1235609054565 22.0056080818176 21.8716559410095 21.8897023200989 21.835750579834 21.6977968215942 21.5278453826904 21.6098937988281 21.8126082420349 21.9519925117493 21.8673777580261 21.7467622756958 21.7141451835632 21.6975293159485 21.7249145507812 21.8602991104126 22.0276837348938 22.0150671005249 22.0984516143799 22.0378370285034 22.1491498947144 22.1923904418945 22.2436323165894 22.470874786377 22.5581178665161 22.6453590393066 22.8606004714966 23.1158428192139 22.9910845756531 22.8263244628906 22.9375681877136 23.1768097877502 23.4896025657654 23.5999460220337 23.4942898750305 23.2886333465576 23.2949767112732 23.3013205528259 23.2836637496948 23.3820080757141 23.348352432251 23.3866953849792 23.4290399551392 23.4553837776184 23.5410985946655 23.4701843261719 23.4872694015503 23.5203552246094
22.0396151542664 21.9736351966858 21.9436535835266 21.9616718292236 21.8116903305054 21.7217073440552 21.7677273750305 21.7417440414429 21.6597628593445 21.6057825088501 21.7287201881409 21.848578453064 21.8004379272461 21.7642974853516 21.820155620575 21.8320136070251 21.8918752670288 21.7957315444946 21.8315925598145 21.9034509658813 21.9713106155396 22.0471687316895 22.2149558067322 22.4266724586487 22.558388710022 22.6621046066284 22.6618208885193 22.7455368041992 22.7572546005249 23.14897108078 23.240686416626 22.9884037971497 23.0481195449829 23.1798357963562 23.4128494262695 23.7071580886841 23.4854655265808 23.3997755050659 23.3940849304199 23.4643931388855 23.4707040786743 23.433012008667 23.4193205833435 23.4336304664612 23.4599390029907 23.4542469978333 23.499792098999 23.5125708580017 23.4453492164612 23.4821276664734
21.9495968818665 21.743152141571 21.848708152771 21.9422650337219 21.7718200683594 21.6293749809265 21.6669297218323 21.7044849395752 21.6500406265259 21.57559633255 21.526524066925 21.6028218269348 21.7031216621399 21.9394207000732 22.1597194671631 22.4080176353455 22.172315120697 22.0846147537231 22.0209136009216 22.0012121200562 22.017511844635 22.1018114089966 22.2103672027588 22.303183555603 22.4479985237122 22.6968159675598 22.8416304588318 23.0024466514587 23.0272622108459 23.0320782661438 23.2448935508728 23.1977090835571 23.2505249977112 23.2913417816162 23.3848514556885 23.6270580291748 23.597261428833 23.4954676628113 23.4536719322205 23.45587682724 23.5700812339783 23.5322866439819 23.4664916992188 23.3926959037781 23.5189008712769 23.5171065330505 23.53848695755 23.5510478019714 23.5236058235168 23.5121645927429
21.8915781974792 21.7566714286804 21.6817636489868 21.7828550338745 21.619948387146 21.5010423660278 21.5541334152222 21.5592255592346 21.7803177833557 21.8214120864868 21.6403279304504 21.6970643997192 21.7538032531738 21.9785437583923 22.2272796630859 22.4640197753906 22.2327580451965 22.0774974822998 22.1422357559204 22.2549738883972 22.2317128181458 22.31645154953 22.4177780151367 22.4796924591064 22.6736092567444 22.7555241584778 22.7334389686584 22.8873553276062 23.0332698822021 23.1111850738525 23.1691002845764 22.9430174827576 23.1529331207275 23.334846496582 23.4008560180664 23.5909566879272 23.8370566368103 23.7031574249268 23.4972586631775 23.4833598136902 23.5534596443176 23.5435609817505 23.5616602897644 23.5437626838684 23.6418619155884 23.575963973999 23.5971827507019 23.577522277832 23.4978618621826 23.5262012481689
21.8415608406067 21.7421903610229 21.7148184776306 21.6954479217529 21.5360774993896 21.4527082443237 21.4653391838074 21.5139675140381 21.6145958900452 21.6912260055542 21.7021293640137 21.7073078155518 21.8204870223999 21.9056649208069 22.1028432846069 22.3160228729248 22.3172011375427 22.2223796844482 22.2155570983887 22.3007354736328 22.2899136543274 22.2270917892456 22.2931895256042 22.3842039108276 22.5472183227539 22.654233455658 22.769248008728 22.9762630462646 23.0032782554626 23.1222925186157 23.3013076782227 23.1923241615295 23.2113389968872 23.1863527297974 23.384859085083 23.5948557853699 23.7848520278931 23.7228479385376 23.6448459625244 23.6388416290283 23.6848387718201 23.6268358230591 23.6128311157227 23.6308283805847 23.65682554245 23.6308221817017 23.6598801612854 23.6319985389709 23.5801181793213 23.600236415863
21.7395415306091 21.7077069282532 21.7318744659424 21.6680417060852 21.4642086029053 21.4643750190735 21.4565405845642 21.5007085800171 21.6248741149902 21.7050409317017 21.7479329109192 21.9215521812439 21.9391703605652 21.9887890815735 22.2464065551758 22.3280248641968 22.3456425666809 22.351261138916 22.3888792991638 22.3464970588684 22.3081150054932 22.2977328300476 22.3646001815796 22.4567141532898 22.4848289489746 22.4249424934387 22.5130581855774 22.6611714363098 22.6972861289978 22.777400970459 22.8895153999329 23.0256314277649 23.27774477005 23.4378600120544 23.4368634223938 23.5987553596497 23.6806478500366 23.6705393791199 23.7524313926697 23.6703243255615 23.6602177619934 23.6661095619202 23.6400017738342 23.6818933486938 23.631787776947 23.6616797447205 23.6545748710632 23.6624746322632 23.5823740959167 23.5982723236084
21.9175229072571 21.8012256622314 21.736930847168 21.5726327896118 21.452338218689 21.4520425796509 21.4957447052002 21.5834484100342 21.6471514701843 21.7588567733765 21.9297375679016 21.9517965316772 21.9018530845642 21.9599113464355 22.1739673614502 22.2200269699097 22.1380839347839 22.228141784668 22.3902006149292 22.3522582054138 22.2263164520264 22.3563752174377 22.2280116081238 22.2812242507935 22.4104385375977 22.5676527023315 22.7088661193848 22.7660803794861 22.9152956008911 22.9685077667236 23.0217227935791 23.2269372940063 23.2481498718262 23.5333642959595 23.6888661384583 23.9346542358398 23.9804430007935 23.8742289543152 23.8680176734924 23.8578071594238 23.8275938034058 23.7653827667236 23.6591734886169 23.6729607582092 23.654748916626 23.6685376167297 23.7132701873779 23.6569509506226 23.6126298904419 23.5883078575134
22.011504650116 21.8707447052002 21.65398645401 21.5772266387939 21.4884662628174 21.4997086524963 21.6669492721558 21.7021889686584 21.8334302902222 21.9486708641052 22.0635395050049 22.0020384788513 21.9805364608765 21.9590339660645 22.0095319747925 22.0720281600952 22.2265267372131 22.2570247650146 22.3475227355957 22.4580211639404 22.6005187034607 22.4910159111023 22.3834223747253 22.3057341575623 22.4200496673584 22.590362071991 22.7566766738892 22.9429898262024 23.0813035964966 23.0396165847778 23.1499304771423 23.240243434906 23.2745571136475 23.436870098114 23.5288701057434 23.7585535049438 24.036238193512 24.0219211578369 23.8916058540344 23.825288772583 23.7989730834961 23.7846565246582 23.7623424530029 23.712025642395 23.6777114868164 23.6873941421509 23.7039651870728 23.6274251937866 23.6028852462769 23.6063446998596
22.045485496521 21.9202647209167 21.7910404205322 21.7378182411194 21.7565975189209 21.7353749275208 21.834153175354 21.8969302177429 21.963707447052 21.9384870529175 21.9853439331055 22.0122799873352 22.0432186126709 22.1381554603577 22.1570930480957 22.2520322799683 22.338969707489 22.5099077224731 22.6448435783386 22.6197814941406 22.7307195663452 22.7736573219299 22.7468338012695 22.6662454605103 22.7096590995789 22.8090715408325 22.9324855804443 23.1038980484009 23.1393113136292 23.2627229690552 23.4421372413635 23.3815498352051 23.3449621200562 23.5083775520325 23.6208734512329 23.8344531059265 24.08003282547 24.1056127548218 23.8991923332214 23.8807721138 23.8303518295288 23.7759318351746 23.74951171875 23.7270917892456 23.692672252655 23.6982517242432 23.650661945343 23.5779013633728 23.5211396217346 23.5003795623779
