data/spatiotemp/temp3/bio6_norsw_test_2011_2014.asc
NCOLS 654 
NROWS 380 
XLLCORNER 3.91666666666667 
YLLCORNER 55.3333333333333 
CELLSIZE 0.0416666666666667 
NODATA_value -9999 
[rows 22 to 43 of 380, columns 384 to 431 of 654]
-9999 -9999 -9999 -9999 -9999 -9999 -7.65677082538605 -7.1863774061203 -6.71516239643097 -9999 -9999 -9999 -9999 -9999 -7.72252333164215 -7.9973611831665 -8.51765406131744 -7.27203702926636 -8.07520818710327 -8.43064153194427 -7.3917875289917 -7.11781251430511 -9999 -9999 -9999 -9999 -9999 -9999 -9999 -9999 -6.63239598274231 -7.19096064567566 -8.43549299240112 -8.06107711791992 -10.1684110164642 -9.32674515247345 -7.984579205513 -7.78055608272552 -8.63374722003937 -9.37208116054535 -9.46941530704498 -9.565749168396 -8.36303758621216 -8.0564169883728 -7.22295928001404 -8.73265111446381 -9.47479343414307 -10.8668768405914
-5.85552090406418 -5.87315982580185 -6.09079885482788 -9999 -9999 -9999 -9999 -9999 -9999 -9999 -9999 -5.3568058013916 -6.90573871135712 -7.96111118793488 -7.55326414108276 -9.01658344268799 -8.62665271759033 -8.98472213745117 -9.24679160118103 -10.7318608760834 -9.14586806297302 -7.61031246185303 -9999 -9999 -9999 -9999 -9999 -9999 -9999 -9999 -9999 -7.69434022903442 -8.62452268600464 -8.98406505584717 -10.2152889966965 -10.444512963295 -9.85573732852936 -8.24787795543671 -9.4171849489212 -10.8534088134766 -10.237633228302 -10.0538568496704 -9.67408108711243 -11.1053051948547 -8.91665410995483 -8.05600297451019 -10.1111855506897 -11.2974925041199
-6.74328792095184 -6.26340371370316 -6.27033573389053 -6.03746539354324 -9999 -9999 -9999 -9999 -9999 -9999 -9999 -6.92341423034668 -8.74390304088593 -9.53220403194427 -8.67350459098816 -9.34180557727814 -9.94710671901703 -10.483407497406 -10.8827083110809 -9.72700941562653 -8.0672105550766 -8.26915848255157 -8.34341430664062 -9999 -9999 -9999 -9999 -9999 -9999 -9999 -9999 -9999 -7.99593842029572 -8.26705288887024 -10.0681672096252 -8.61928081512451 -8.87347197532654 -9.67755079269409 -10.2676231861115 -10.3017373085022 -10.7248513698578 -12.073965549469 -12.5840792655945 -12.9931933879852 -12.2045161724091 -10.3300465345383 -9.4105771780014 -11.7861077785492
-8.47813189029694 -7.27125227451324 -7.21862304210663 -6.89685022830963 -6.27616894245148 -9999 -9999 -9999 -9999 -9999 -9999 -8.47928965091705 -8.71443068981171 -9.91396307945251 -8.95099556446075 -9.72880029678345 -10.6015603542328 -10.182092666626 -10.4806251525879 -8.77015721797943 -8.52140557765961 -9.76106262207031 -10.0424882173538 -8.75828266143799 -7.5093400478363 -9999 -9999 -9999 -9999 -9999 -9999 -9999 -9999 -6.48404049873352 -7.02254474163055 -9999 -9.02705276012421 -9.65963625907898 -10.590311050415 -9.74951004981995 -10.4174330234528 -11.6150736808777 -13.1760773658752 -12.9860818386078 -11.7084605693817 -11.3302149772644 -12.0809683799744 -11.8747227191925
-8.20218753814697 -7.63986098766327 -9999 -9999 -9999 -9999 -9999 -9999 -9999 -9999 -9999 -8.90194463729858 -9.48020827770233 -8.66284728050232 -9.09548616409302 -9.46124994754791 -9.69001376628876 -9.07902753353119 -9.50654125213623 -9.81330549716949 -8.73031234741211 -8.50725638866425 -9.31383526325226 -8.11031198501587 -9999 -6.93638384342194 -6.55656230449677 -9999 -9999 -9999 -9999 -7.56281232833862 -7.2751339673996 -9999 -9999 -9999 -9999 -9999 -9999 -9999 -8.91978740692139 -10.0613067150116 -10.901383638382 -11.8183035850525 -10.7960727214813 -8.89738321304321 -9.39536035060883 -9.73708772659302
-6.60274302959442 -6.13084483146667 -9999 -9999 -9999 -9999 -9999 -9999 -9999 -9999 -9999 -9999 -9999 -9999 -8.3574765920639 -8.63347232341766 -8.67821788787842 -9999 -9999 -9.27206885814667 -10.3062384128571 -10.0251984596252 -8.5759140253067 -8.29721033573151 -7.86414158344269 -7.14258074760437 -6.95693254470825 -5.90600651502609 -5.80508065223694 -9999 -7.3282288312912 -7.83730292320251 -7.62445425987244 -8.89801621437073 -9.10152781009674 -8.87958455085754 -8.57322609424591 -6.80615317821503 -9999 -6.87772154808044 -8.14739465713501 -9.27178978919983 -8.80069887638092 -8.17335832118988 -8.964350938797 -9.60009670257568 -10.6241207122803 -11.0829527378082
-6.48538196086884 -6.00464117527008 -9999 -9999 -9999 -9999 -9999 -9999 -9.23996317386627 -8.98583328723907 -9999 -9999 -9999 -9999 -9999 -9999 -8.03192126750946 -8.14721047878265 -7.88437461853027 -8.79185128211975 -10.4588305950165 -11.4533123970032 -10.6937103271484 -9.29244196414948 -8.29350662231445 -7.89852976799011 -7.8291779756546 -7.17545115947723 -9999 -9999 -9999 -9.45679366588593 -10.2323298454285 -10.6730041503906 -11.7546782493591 -12.0253524780273 -11.3250267505646 -10.4508829116821 -9.92087507247925 -9999 -9999 -9999 -8.14857220649719 -9999 -9999 -9999 -8.47314381599426 -10.4338178634644
-9999 -9999 -9999 -9999 -9999 -8.21369385719299 -8.70135426521301 -9.36252808570862 -10.3279354572296 -9.91716647148132 -9.12419641017914 -9999 -9999 -9999 -9999 -9999 -8.16270852088928 -8.47174215316772 -8.21729135513306 -9999 -10.1999652385712 -10.9616935253143 -10.7980699539185 -10.1718397140503 -9.08175826072693 -8.60586774349213 -8.15975654125214 -7.79668116569519 -9999 -9999 -9.3815621137619 -10.0301976203918 -10.2414276599884 -10.4949917793274 -12.1115560531616 -12.9461207389832 -13.1236846446991 -13.0832490921021 -11.4338130950928 -10.0334541797638 -9999 -8.76150631904602 -8.87040424346924 -8.23763489723206 -7.41424083709717 -7.24188828468323 -9.13203585147858 -10.4055168628693
-9999 -9999 -9999 -9999 -8.70695602893829 -8.81613874435425 -9.42589342594147 -11.2876782417297 -11.5253098011017 -11.077999830246 -10.2047848701477 -8.93712949752808 -9999 -9999 -9999 -9.62201380729675 -9.6991970539093 -10.7868514060974 -9.23020792007446 -8.26314806938171 -9.70776557922363 -10.3453121185303 -10.2473320960999 -10.1959047317505 -9.44961762428284 -8.75799751281738 -9999 -8.95808982849121 -9999 -9999 -9.56239557266235 -10.706351518631 -12.9390804767609 -10.6471374034882 -10.4604341983795 -10.8718881607056 -12.4103426933289 -12.6377968788147 -12.99525141716 -12.3252468109131 -11.7809097766876 -10.6358287334442 -10.4702117443085 -10.1801896095276 -9999 -7.8845009803772 -8.20342755317688 -9.68444538116455
-9999 -7.92602980136871 -8.55209469795227 -9.28232610225677 -10.3862242698669 -10.3002893924713 -9.69921135902405 -10.9386692047119 -12.6374835968018 -11.7725002765656 -10.2172996997833 -8.91467583179474 -9999 -9999 -9.6097252368927 -11.3769061565399 -12.1002821922302 -11.1792032718658 -10.3059024810791 -9.55504596233368 -9.63696122169495 -10.0145621299744 -9.93647789955139 -9.75563621520996 -9.05767285823822 -9999 -8.99591374397278 -9.85651159286499 -10.7773361206055 -10.2647330760956 -9.60689544677734 -10.6232657432556 -12.8196229934692 -12.904967546463 -12.111311674118 -10.9346561431885 -11.5830006599426 -12.3813445568085 -13.0086894035339 -13.4950339794159 -13.19637799263 -12.3107223510742 -11.8120665550232 -11.8504114151001 -11.3141305446625 -10.1398916244507 -9.51231932640076 -9.01141357421875
-8.84927093982697 -8.69247341156006 -9.39744079113007 -10.2819373607635 -11.328492641449 -11.5510482788086 -11.6073663234711 -10.6431596279144 -12.2071454524994 -11.5910415649414 -9.63381910324097 -9999 -9999 -9999 -9.77576351165771 -11.1185829639435 -12.1748607158661 -11.9363884925842 -11.0421123504639 -10.1070399284363 -10.9737350940704 -11.2603120803833 -11.7910070419312 -10.8578374385834 -9.89072823524475 -9.8830897808075 -10.6804506778717 -10.6604785919189 -10.2801728248596 -10.6018674373627 -12.0555617809296 -13.0452561378479 -14.0387208461761 -14.2679550647736 -14.6461899280548 -13.199423789978 -12.7186584472656 -12.6368930339813 -13.6901271343231 -13.413361787796 -12.5375964641571 -12.9558305740356 -12.8660650253296 -13.6762998104095 -13.1740756034851 -11.8313932418823 -11.3347527980804 -10.3935289382935
-9.54157638549805 -9.85331010818481 -10.8756687641144 -11.2447152137756 -11.5997612476349 -12.6218075752258 -12.4048540592194 -12.5094265937805 -11.4542820453644 -9.99892830848694 -9999 -9999 -9999 -9.26560807228088 -9.83749771118164 -11.0459716320038 -12.1414115428925 -12.5030956268311 -11.4199578762054 -10.9483420848846 -12.2450432777405 -13.0020620822906 -13.7060806751251 -13.5220987796783 -12.2271175384521 -10.949385881424 -10.3571543693542 -10.8131728172302 -11.6861915588379 -12.3782105445862 -12.4112286567688 -12.2612471580505 -13.0698182582855 -13.1809430122375 -14.2530672550201 -14.555192232132 -15.031316280365 -15.2574405670166 -16.1025657653809 -15.6556901931763 -13.7658143043518 -13.3879387378693 -13.5860631465912 -13.955188035965 -13.3140203952789 -13.1265616416931 -12.6711027622223 -11.4846436977386
-10.2225859165192 -10.9514846801758 -11.7323832511902 -12.4482822418213 -13.0491807460785 -13.00807929039 -12.7009780406952 -12.8114674091339 -11.1273930072784 -9.66843700408936 -9999 -9999 -9999 -9.60306668281555 -10.735830783844 -12.8338813781738 -14.3802886009216 -13.9816963672638 -12.8011040687561 -12.2555110454559 -13.7230715751648 -14.1407866477966 -14.9535012245178 -14.8802163600922 -14.3719308376312 -12.9616456031799 -11.8823602199554 -11.1140751838684 -11.7697894573212 -12.0695040225983 -11.6672186851501 -11.3449335098267 -12.4733040332794 -15.1323297023773 -15.9453561306 -16.2163822650909 -16.3784081935883 -16.2964346408844 -16.4924609661102 -15.8064866065979 -14.8145127296448 -14.3005387783051 -14.2875649929047 -14.4245908260345 -13.6614472866058 -13.6631324291229 -14.3328185081482 -14.3145039081573
-10.7182996273041 -12.2114119529724 -13.2975251674652 -13.2456378936768 -13.3837506771088 -13.1018636226654 -12.8809764385223 -11.8750021457672 -10.4397566318512 -9999 -9.24003469944 -9999 -9999 -10.3633677959442 -11.3294787406921 -13.2098119258881 -14.0570344924927 -15.1152565479279 -14.504478931427 -14.2777006626129 -13.9187030792236 -14.4344863891602 -14.5932695865631 -15.6690526008606 -15.5898351669312 -14.6766180992126 -13.8554012775421 -12.3381843566895 -13.3869676589966 -14.0637500286102 -13.1175334453583 -11.7183158397675 -11.8101773262024 -13.8591170310974 -15.3570559024811 -15.5529952049255 -15.6829347610474 -16.4548740386963 -16.6058127880096 -16.2547528743744 -16.1396911144257 -16.1016311645508 -15.3895704746246 -14.1925091743469 -14.3233547210693 -14.9631066322327 -15.421858549118 -15.8576104640961
-12.3080129623413 -12.8583400249481 -12.1886665821075 -12.3849937915802 -12.3243210315704 -12.3536474704742 -12.4819746017456 -11.5093019008636 -10.6271200180054 -10.3548061847687 -9.68898582458496 -9999 -9999 -11.5361688137054 -13.8567051887512 -14.2807424068451 -13.7767794132233 -14.3498165607452 -14.8068535327911 -15.0928907394409 -15.4663343429565 -16.171186208725 -15.0050370693207 -15.57288813591 -15.543740272522 -15.2885909080505 -14.6694421768188 -13.9382936954498 -13.3291451931 -14.7289962768555 -15.0738477706909 -13.2066991329193 -12.3690509796143 -12.9429032802582 -14.7347555160522 -15.6476080417633 -16.0574610233307 -16.1473128795624 -16.5161657333374 -17.0150184631348 -17.2638700008392 -16.4957230091095 -15.4715762138367 -14.6094279289246 -15.6742627620697 -15.9360811710358 -16.3748989105225 -16.4277160167694
-11.3985731601715 -11.5340175628662 -11.9755704402924 -12.3663499355316 -13.4814143180847 -13.252432346344 -12.7029728889465 -12.120513677597 -11.0477101802826 -10.6575148105621 -10.0700807571411 -10.3677661418915 -11.3196175098419 -11.5027196407318 -12.4691548347473 -13.0174345970154 -13.6455252170563 -14.4413766860962 -14.6742284297943 -15.0640804767609 -14.9829664230347 -15.9768857955933 -16.3578054904938 -15.9947247505188 -15.8836450576782 -15.1285643577576 -15.7574827671051 -15.1304032802582 -14.8983228206635 -16.5492422580719 -15.8801617622375 -13.2490811347961 -12.8259239196777 -13.1066896915436 -15.3214552402496 -16.3012206554413 -16.8429865837097 -16.9247522354126 -17.044517993927 -17.1582837104797 -16.9240491390228 -16.7488150596619 -16.0135805606842 -15.5573465824127 -15.7011709213257 -16.5820543766022 -16.903938293457 -16.9198222160339
-13.1447179317474 -13.8935284614563 -12.8009502887726 -13.789205789566 -13.4780495166779 -12.490216255188 -11.5839715003967 -10.8494319915771 -10.0984373092651 -9999 -9999 -11.7451040744781 -13.1616036891937 -12.9916386604309 -11.3276035785675 -9999 -12.5227074623108 -13.9229369163513 -15.2266039848328 -15.9802701473236 -16.4995977878571 -16.273585319519 -16.6545729637146 -16.5305609703064 -16.659548997879 -16.2815365791321 -16.3255243301392 -15.6315124034882 -16.4565002918243 -16.6054887771606 -15.9804766178131 -14.4714636802673 -13.1967973709106 -13.3024764060974 -14.794154882431 -15.9178342819214 -16.6595125198364 -17.1591913700104 -17.2798705101013 -17.4095492362976 -17.1792278289795 -16.7459073066711 -16.4965863227844 -16.5802643299103 -16.8610785007477 -16.9210290908813 -17.1399781703949 -17.3549275398254
-14.2541537284851 -14.0981230735779 -13.7370924949646 -13.3710615634918 -13.4890308380127 -12.6740000247955 -11.499969959259 -10.8841743469238 -9.52216410636902 -9999 -10.8584606647491 -12.8686084747314 -14.0700898170471 -13.4525711536407 -11.9750528335571 -13.5221178531647 -12.7451267242432 -13.2771637439728 -13.2980899810791 -13.7909598350525 -13.958062171936 -14.7322435379028 -15.896341085434 -16.5333971977234 -16.8364531993866 -16.9145095348358 -16.8545660972595 -16.7576217651367 -16.8936779499054 -17.0817341804504 -17.1347906589508 -16.7538464069366 -15.8716704845428 -15.1312630176544 -14.7838547229767 -14.0694472789764 -14.8730390071869 -16.4786303043365 -17.1372230052948 -17.309814453125 -17.3914074897766 -17.2499985694885 -16.7475910186768 -17.2781834602356 -17.4449872970581 -17.5590019226074 -17.6040186882019 -17.9960336685181
-14.7598671913147 -14.0720505714417 -13.7412340641022 -14.4974176883698 -14.209600687027 -12.9717843532562 -11.2397174835205 -10.8847827911377 -9999 -10.8846876621246 -12.4995250701904 -14.4092800617218 -15.2775757312775 -14.3168723583221 -13.004168510437 -15.4044647216797 -14.8367607593536 -15.7410571575165 -16.3520350456238 -16.8752820491791 -17.0458605289459 -15.6124136447906 -13.9677755832672 -14.3474836349487 -15.732358455658 -16.7564826011658 -17.0906074047089 -17.1957316398621 -17.2858557701111 -17.4429798126221 -17.3281049728394 -17.1012287139893 -16.8145444393158 -17.0970494747162 -16.5735540390015 -15.0730595588684 -14.7865650653839 -14.5890703201294 -15.6855757236481 -16.7780804634094 -17.1695857048035 -17.095091342926 -16.7915959358215 -17.1161012649536 -17.5698952674866 -17.7959761619568 -18.068058013916 -18.1281399726868
-14.2915806770325 -14.4159781932831 -14.8183760643005 -14.2187733650208 -13.13117146492 -11.7798542976379 -9999 -9999 -11.8862843513489 -12.9307289123535 -13.936840057373 -15.3049511909485 -16.0260615348816 -16.2251727581024 -14.9272842407227 -14.2033948898315 -16.2455067634583 -16.493617773056 -16.9557290077209 -17.1738395690918 -17.3964915275574 -17.4196848869324 -17.201877117157 -16.6400694847107 -14.8382623195648 -16.22345495224 -17.3416481018066 -17.6688404083252 -17.6280336380005 -17.544225692749 -17.3324184417725 -17.2476115226746 -16.9644179344177 -16.9078359603882 -17.0612540245056 -17.001672744751 -16.9540910720825 -16.4395093917847 -15.6069278717041 -15.3303461074829 -15.8257648944855 -16.0481827259064 -16.3256013393402 -16.835019826889 -17.2988028526306 -17.7239503860474 -17.8720979690552 -17.9302453994751
-14.1162939071655 -13.5809059143066 -13.2285177707672 -12.8331294059753 -12.5559914112091 -11.6513526439667 -12.7029645442963 -12.4129095077515 -12.2245943546295 -13.0557706356049 -14.2796967029572 -15.4556226730347 -16.3925483226776 -16.8244738578796 -16.2043998241425 -15.0473260879517 -16.3712522983551 -17.0981774330139 -17.4411039352417 -17.7210297584534 -17.9661235809326 -18.0763840675354 -18.0176448822021 -17.8819065093994 -17.5861668586731 -16.8894281387329 -17.4966897964478 -17.9779500961304 -18.1072106361389 -18.0024719238281 -17.9277334213257 -17.7549939155579 -17.4892911911011 -17.5556221008301 -17.8629541397095 -17.856285572052 -17.6956171989441 -17.4699482917786 -17.2162799835205 -17.504611492157 -17.3709435462952 -16.907274723053 -16.2736067771912 -16.080938577652 -16.3717112541199 -16.9509243965149 -17.3081378936768 -17.5703511238098
-12.9520080089569 -12.0715003013611 -11.4995167255402 -12.5334854125977 -13.9176640510559 -14.9958868026733 -15.2410459518433 -13.8137881755829 -12.9920716285706 -13.0378122329712 -13.5235528945923 -14.5742938518524 -16.0570352077484 -17.1007750034332 -17.1635158061981 -17.0762567520142 -17.2179970741272 -17.3147377967834 -17.6424784660339 -17.9692196846008 -18.2097544670105 -18.3330836296082 -18.3734126091003 -18.3857421875 -18.3880710601807 -18.4274010658264 -18.3217301368713 -18.1480598449707 -18.1863889694214 -18.2137174606323 -18.3010478019714 -18.2483773231506 -18.2061643600464 -18.1604080200195 -18.2166528701782 -18.0058989524841 -17.949143409729 -17.9663877487183 -17.880633354187 -17.791877746582 -17.8111219406128 -17.6973667144775 -17.7106113433838 -17.4468560218811 -17.1126189231873 -16.6958980560303 -16.7111773490906 -16.8554573059082
