data/spatiotemp/temp3/bio6_norsw_test_2011_2014.asc
NCOLS 654 
NROWS 380 
XLLCORNER 3.91666666666667 
YLLCORNER 55.3333333333333 
CELLSIZE 0.0416666666666667 
NODATA_value -9999 
[rows 66 to 87 of 380, columns 384 to 431 of 654]
-18.070930480957 -18.243323802948 -18.3507175445557 -18.53511095047 -18.9705047607422 -18.9598970413208 -19.1062917709351 -19.2816848754883 -19.4602293968201 -19.6559276580811 -19.8006234169006 -19.8363199234009 -19.958016872406 -20.125714302063 -20.2714109420776 -20.4001083374023 -20.5358037948608 -20.6635007858276 -20.7331976890564 -20.7968950271606 -20.8267149925232 -20.9056577682495 -21.0285992622375 -21.1935424804688 -21.3284854888916 -21.5224270820618 -21.7143712043762 -21.8633131980896 -21.9352564811707 -21.9941983222961 -22.0551414489746 -22.1420845985413 -22.2114677429199 -22.2342910766602 -22.2191143035889 -22.2189383506775 -22.2747616767883 -22.3575849533081 -22.4464077949524 -22.5302319526672 -22.4610548019409 -22.3528790473938 -22.2977027893066 -22.1835265159607 -22.0388841629028 -21.8787779808044 -21.7036719322205 -21.6065649986267
-18.4978609085083 -18.4774394035339 -18.5340175628662 -18.7115969657898 -18.8571753501892 -19.0447549819946 -19.2433338165283 -19.3929109573364 -19.5494222640991 -19.7158641815186 -19.8143062591553 -19.8977489471436 -19.9571905136108 -20.0936336517334 -20.2090754508972 -20.2795171737671 -20.3949599266052 -20.5214014053345 -20.619843006134 -20.7312860488892 -20.8540048599243 -20.9649996757507 -21.0199937820435 -21.1389889717102 -21.3159837722778 -21.5419788360596 -21.7719736099243 -21.9419679641724 -22.0209617614746 -22.0759582519531 -22.1439523696899 -22.2189478874207 -22.2914123535156 -22.3403449058533 -22.3972778320312 -22.4422106742859 -22.4571452140808 -22.4960784912109 -22.5690126419067 -22.6209454536438 -22.583878993988 -22.4718127250671 -22.3617448806763 -22.1916799545288 -22.0321850776672 -21.8682641983032 -21.7913427352905 -21.776421546936
-18.1337909698486 -18.389554977417 -18.5033192634583 -18.6960830688477 -18.8238463401794 -19.0626106262207 -19.2023749351501 -19.4491381645203 -19.6546144485474 -19.8088011741638 -19.9109892845154 -19.9211769104004 -19.9163641929626 -20.0375518798828 -20.1097388267517 -20.2109270095825 -20.3291158676147 -20.4663014411926 -20.6134896278381 -20.7536783218384 -20.9452939033508 -21.0413398742676 -21.0533881187439 -21.1514353752136 -21.2984819412231 -21.505527973175 -21.7295756340027 -21.8406219482422 -21.9216690063477 -21.9787158966064 -22.036762714386 -22.0618095397949 -22.1603555679321 -22.2073993682861 -22.2994427680969 -22.422483921051 -22.5015287399292 -22.5725722312927 -22.6466159820557 -22.6796593666077 -22.5687031745911 -22.4107465744019 -22.2857899665833 -22.1828331947327 -22.0824866294861 -21.9867496490479 -21.9510145187378 -21.8752770423889
-17.9347224235535 -18.1676707267761 -18.4656205177307 -18.5725693702698 -18.6355185508728 -18.7234673500061 -18.9094161987305 -19.198365688324 -19.4098062515259 -19.4657382965088 -19.527672290802 -19.5136051177979 -19.685537815094 -19.8984708786011 -20.0774040222168 -20.1983366012573 -20.2422690391541 -20.3472027778625 -20.513135433197 -20.7320685386658 -20.8745846748352 -20.9736828804016 -21.1107816696167 -21.2578816413879 -21.3639798164368 -21.4390797615051 -21.4861779212952 -21.552276134491 -21.6973762512207 -21.7924757003784 -21.8465738296509 -21.9716725349426 -22.1332993507385 -22.1744523048401 -22.2306051254272 -22.3477592468262 -22.4519124031067 -22.558066368103 -22.6462197303772 -22.6983728408813 -22.6085262298584 -22.3936786651611 -22.2668323516846 -22.2219862937927 -22.1407876014709 -22.0332365036011 -21.9046850204468 -21.8061347007751
-17.6558136940002 -17.9846830368042 -18.3605532646179 -18.6554203033447 -18.6392912864685 -18.7441601753235 -18.699028968811 -18.8368978500366 -19.3087196350098 -19.6414937973022 -19.6352672576904 -19.2940411567688 -19.6218147277832 -19.9675884246826 -20.0423622131348 -20.1551361083984 -20.2869095802307 -20.3066835403442 -20.45445728302 -20.6772308349609 -20.8987655639648 -21.0380616188049 -21.1463575363159 -21.2876534461975 -21.3999490737915 -21.4552440643311 -21.4785404205322 -21.5538363456726 -21.6911315917969 -21.7874279022217 -21.889723777771 -22.0240197181702 -22.1527981758118 -22.2660613059998 -22.3223257064819 -22.4175882339478 -22.5028514862061 -22.5441155433655 -22.5793776512146 -22.616641998291 -22.5879049301147 -22.5111684799194 -22.4744319915771 -22.3726954460144 -22.2616424560547 -22.1992740631104 -22.0079050064087 -21.8965358734131
-18.8270673751831 -18.5155925750732 -18.6421155929565 -18.7286400794983 -18.9601650238037 -18.9476890563965 -18.7892122268677 -18.6037373542786 -18.9393548965454 -19.1870641708374 -19.517774105072 -19.5644845962524 -19.6831951141357 -19.9019045829773 -19.9186153411865 -20.0263247489929 -20.1180353164673 -20.2837462425232 -20.4444551467896 -20.6091661453247 -20.7918395996094 -20.9854764938354 -21.155113697052 -21.3017506599426 -21.3933882713318 -21.4720253944397 -21.579662322998 -21.7272996902466 -21.7999367713928 -21.837574005127 -21.9072113037109 -22.0038480758667 -22.0798535346985 -22.161226272583 -22.2445998191833 -22.3499727249146 -22.4293460845947 -22.5127196311951 -22.5160927772522 -22.4454660415649 -22.4908394813538 -22.6292128562927 -22.6145858764648 -22.5499591827393 -22.4470510482788 -22.2968621253967 -22.0866727828979 -21.9274835586548
-19.5953211784363 -19.2845001220703 -19.0706796646118 -18.8058581352234 -18.726037979126 -19.1442179679871 -19.3013968467712 -19.1215767860413 -18.8539886474609 -18.987636089325 -19.1142826080322 -19.2839288711548 -19.4975757598877 -19.6282224655151 -19.7838683128357 -19.914514541626 -19.9661612510681 -20.0778079032898 -20.2984538078308 -20.3951001167297 -20.6039137840271 -20.8718910217285 -21.0588693618774 -21.2028489112854 -21.2978272438049 -21.404806137085 -21.6127843856812 -21.7567629814148 -21.8287420272827 -21.8577208518982 -21.8826990127563 -21.9476771354675 -22.0209083557129 -22.0693917274475 -22.1608743667603 -22.2843585014343 -22.3508415222168 -22.4563250541687 -22.4858069419861 -22.4002900123596 -22.4717741012573 -22.6862573623657 -22.646740436554 -22.5782237052917 -22.4744606018066 -22.3504500389099 -22.1744408607483 -21.9814314842224
-19.7805757522583 -19.7004089355469 -19.5452437400818 -19.1940779685974 -18.9349122047424 -18.9087467193604 -19.0395812988281 -19.0704159736633 -18.9326238632202 -19.0092072486877 -19.1187901496887 -19.218373298645 -19.3469552993774 -19.4005374908447 -19.5221209526062 -19.6807041168213 -19.803286075592 -19.9508700370789 -19.9294514656067 -19.9260354042053 -20.2269864082336 -20.6573071479797 -20.9296259880066 -21.1099467277527 -21.2132668495178 -21.2995862960815 -21.5479068756104 -21.7652273178101 -21.8495469093323 -21.8578672409058 -21.8791875839233 -21.8915071487427 -21.9199633598328 -21.9485559463501 -22.0011501312256 -22.1437425613403 -22.2433362007141 -22.3409299850464 -22.3835225105286 -22.3871154785156 -22.5937094688416 -22.75630235672 -22.6738948822021 -22.5294876098633 -22.4738693237305 -22.4300384521484 -22.3762092590332 -22.2373781204224
-19.9718279838562 -19.8333172798157 -19.7668080329895 -19.6852970123291 -19.4337854385376 -19.1382761001587 -18.92076587677 -19.0492553710938 -18.9232592582703 -18.9417781829834 -19.0652980804443 -19.1528172492981 -19.1513361930847 -19.1298546791077 -19.2453742027283 -19.4328932762146 -19.6314120292664 -19.7819318771362 -19.9044508934021 -20.1869702339172 -20.2500600814819 -20.5107216835022 -20.7993831634521 -21.0130438804626 -21.1437058448792 -21.2163681983948 -21.4280290603638 -21.6736898422241 -21.80735206604 -21.8360137939453 -21.8246746063232 -21.8163361549377 -21.7940182685852 -21.827721118927 -21.9034242630005 -21.9601278305054 -22.102831363678 -22.3305339813232 -22.4862370491028 -22.5079398155212 -22.5856432914734 -22.7273464202881 -22.7130494117737 -22.6297535896301 -22.5552792549133 -22.4826273918152 -22.438976764679 -22.3343253135681
-20.1120810508728 -20.0202264785767 -19.9223709106445 -19.7535157203674 -19.7316598892212 -19.6388049125671 -19.2499499320984 -18.9560942649841 -19.0038948059082 -19.0773496627808 -19.1958041191101 -19.0042600631714 -19.0707159042358 -19.2091717720032 -19.3386268615723 -19.3500823974609 -19.3745379447937 -19.6259932518005 -19.8204488754272 -19.9929046630859 -20.1751341819763 -20.3471360206604 -20.6561398506165 -20.8531432151794 -20.9801454544067 -21.0441484451294 -21.121150970459 -21.4241542816162 -21.6231565475464 -21.6731595993042 -21.6941618919373 -21.7131652832031 -21.7630734443665 -21.8478865623474 -21.9806995391846 -22.0795125961304 -22.1913261413574 -22.339138507843 -22.4739518165588 -22.5437650680542 -22.6005783081055 -22.6153917312622 -22.6392040252686 -22.6590175628662 -22.5566883087158 -22.3902158737183 -22.3057441711426 -22.2732725143433
-20.2883358001709 -20.1771354675293 -20.0179343223572 -19.8307342529297 -19.724534034729 -19.642333984375 -19.6101336479187 -19.2219338417053 -19.2005286216736 -19.2029209136963 -19.1743125915527 -19.1397047042847 -19.1300964355469 -19.3014883995056 -19.4608798027039 -19.5472717285156 -19.6196637153625 -19.6320557594299 -19.8604474067688 -20.0748386383057 -20.1882071495056 -20.3405513763428 -20.5798954963684 -20.7222399711609 -20.7935848236084 -20.8389291763306 -21.0242738723755 -21.3206167221069 -21.544960975647 -21.6533069610596 -21.6906504631042 -21.8089942932129 -21.9981284141541 -22.1590514183044 -22.2069749832153 -22.1578969955444 -22.1948208808899 -22.3597431182861 -22.4656667709351 -22.4995894432068 -22.5645127296448 -22.5114359855652 -22.3943586349487 -22.4112815856934 -22.398097038269 -22.2788047790527 -22.2095122337341 -22.1562209129333
-20.372588634491 -20.2150435447693 -20.0954976081848 -19.9459528923035 -19.8874073028564 -19.7298626899719 -19.5683174133301 -19.362771987915 -19.2841644287109 -19.1864924430847 -18.9578199386597 -19.0031490325928 -19.1204767227173 -19.2048058509827 -19.3151335716248 -19.4044609069824 -19.5037894248962 -19.638117313385 -19.8584451675415 -20.0577735900879 -20.3042802810669 -20.3459663391113 -20.3976516723633 -20.5643382072449 -20.6840243339539 -20.6927099227905 -20.8663949966431 -21.1460819244385 -21.372766494751 -21.5174517631531 -21.6281385421753 -21.7948246002197 -22.0281829833984 -22.1782169342041 -22.2352499961853 -22.2212820053101 -22.2123155593872 -22.2143483161926 -22.2733817100525 -22.3284139633179 -22.35444688797 -22.3984794616699 -22.3225131034851 -22.3205461502075 -22.3125057220459 -22.2383942604065 -22.1412806510925 -22.0781674385071
-20.4588422775269 -20.3299517631531 -20.2230620384216 -20.0601720809937 -19.9232821464539 -19.7703919410706 -19.6335020065308 -19.4316115379333 -19.1507987976074 -19.0450625419617 -18.9683265686035 -18.9705920219421 -19.0638566017151 -19.0931215286255 -19.2163863182068 -19.2246499061584 -19.382915019989 -19.5731792449951 -19.7664437294006 -19.7627086639404 -19.9433541297913 -20.2503809928894 -20.2114095687866 -20.431435585022 -20.6494631767273 -20.7554903030396 -20.8495173454285 -20.9615440368652 -21.1675715446472 -21.3575983047485 -21.4716258049011 -21.6556539535522 -21.9292373657227 -22.073380947113 -22.1855239868164 -22.2646670341492 -22.2918095588684 -22.2319531440735 -22.1930961608887 -22.1722388267517 -22.311381816864 -22.4675250053406 -22.4436678886414 -22.3858103752136 -22.2819156646729 -22.1649823188782 -22.0960483551025 -22.0751152038574
-20.4260964393616 -20.3508605957031 -20.208625793457 -20.0163912773132 -19.8611555099487 -19.6409211158752 -19.4376859664917 -19.2294507026672 -18.9854331016541 -18.9486346244812 -18.946834564209 -19.0220351219177 -19.1182374954224 -19.1444382667542 -19.1566381454468 -19.2348399162292 -19.4020395278931 -19.6282410621643 -19.8104419708252 -19.5146431922913 -19.3874273300171 -19.8187966346741 -20.1481652259827 -20.4745335578918 -20.7989020347595 -20.9702711105347 -20.9076390266418 -20.8520078659058 -21.0173768997192 -21.3117446899414 -21.5951132774353 -21.7994828224182 -21.8852934837341 -21.9025459289551 -22.0377993583679 -22.2570514678955 -22.4213047027588 -22.4765582084656 -22.4088101387024 -22.3190631866455 -22.4813160896301 -22.7095699310303 -22.7018222808838 -22.5900750160217 -22.4313244819641 -22.3405704498291 -22.3448162078857 -22.2740621566772
-20.441349029541 -20.3427691459656 -20.2061891555786 -20.13560962677 -19.9090299606323 -19.7014493942261 -19.5468692779541 -19.2252898216248 -19.1390686035156 -19.1242055892944 -19.1223435401917 -19.3074798583984 -19.3346171379089 -19.2447547912598 -19.3438911437988 -19.4110283851624 -19.5431661605835 -19.6223039627075 -19.7134404182434 -19.6865782737732 -19.630500793457 -19.8882117271423 -20.181921005249 -20.5466313362122 -20.8533411026001 -21.0160512924194 -20.8747611045837 -20.8014712333679 -20.9401812553406 -21.196891784668 -21.490602016449 -21.7213115692139 -21.8703470230103 -21.9217109680176 -22.0640730857849 -22.3254370689392 -22.502799987793 -22.5861630439758 -22.6385254859924 -22.6558880805969 -22.5872507095337 -22.5416140556335 -22.6159772872925 -22.6683392524719 -22.6617336273193 -22.5981597900391 -22.5295844078064 -22.3730096817017
-20.1426029205322 -20.2666783332825 -20.3547530174255 -20.2198281288147 -20.0849032402039 -19.8999786376953 -19.7060537338257 -19.5821299552917 -19.5217032432556 -19.4527759552002 -19.4108505249023 -19.2609238624573 -19.2189979553223 -19.333071231842 -19.4361448287964 -19.5352182388306 -19.5442914962769 -19.6273655891418 -19.7594385147095 -19.7995114326477 -19.8665742874146 -19.9986271858215 -20.2586779594421 -20.5507297515869 -20.7517805099487 -20.9128317832947 -20.8588824272156 -20.769935131073 -20.9189863204956 -21.2010383605957 -21.4330892562866 -21.6221408843994 -21.7584018707275 -21.8588752746582 -22.0873484611511 -22.3238220214844 -22.4802942276001 -22.5367674827576 -22.6192402839661 -22.7177138328552 -22.7181859016418 -22.6876592636108 -22.6711320877075 -22.6036043167114 -22.5461430549622 -22.535747051239 -22.4783520698547 -22.3049564361572
-20.4533801078796 -20.4603419303894 -20.4113039970398 -20.2852663993835 -20.1912288665771 -20.088191986084 -19.9501538276672 -19.8301162719727 -19.7297210693359 -19.5609679222107 -19.4102153778076 -19.4984622001648 -19.4727091789246 -19.4239559173584 -19.4632034301758 -19.5714507102966 -19.5736975669861 -19.5309443473816 -19.6761922836304 -19.7534403800964 -19.8718838691711 -19.9635262489319 -20.2051668167114 -20.4868083000183 -20.6784505844116 -20.797091960907 -20.7347345352173 -20.7233762741089 -20.9530177116394 -21.2256598472595 -21.4503011703491 -21.6329436302185 -21.7835540771484 -21.886134147644 -22.0357136726379 -22.1422939300537 -22.2898736000061 -22.4554524421692 -22.6010336875916 -22.7586126327515 -22.7951936721802 -22.8037724494934 -22.7903523445129 -22.6059327125549 -22.4598603248596 -22.44313621521 -22.3324117660522 -22.1236882209778
-20.7486801147461 -20.7787618637085 -20.6308431625366 -20.3809247016907 -20.1940064430237 -19.9650874137878 -19.7741694450378 -19.7682514190674 -19.8161201477051 -19.8027787208557 -19.7724361419678 -19.6080937385559 -19.4047527313232 -19.3744111061096 -19.3820686340332 -19.4827270507812 -19.6413855552673 -19.7460427284241 -19.7897005081177 -19.7423582077026 -19.6984286308289 -19.819908618927 -20.0633897781372 -20.3428707122803 -20.5253520011902 -20.5788331031799 -20.6153140068054 -20.7047939300537 -20.8562760353088 -21.0477566719055 -21.2442374229431 -21.4107184410095 -21.5977997779846 -21.7024850845337 -21.7261691093445 -21.7478532791138 -21.9515357017517 -22.2562198638916 -22.4749050140381 -22.662588596344 -22.7862730026245 -22.8379564285278 -22.7656397819519 -22.5553250312805 -22.3498864173889 -22.2433257102966 -22.0967655181885 -21.9212045669556
-20.8469805717468 -20.7941818237305 -20.7333812713623 -20.5875825881958 -20.3587837219238 -20.1119842529297 -19.791184425354 -19.6843857765198 -19.7035207748413 -19.7175893783569 -19.7376589775085 -19.725727558136 -19.6547956466675 -19.6028652191162 -19.5669341087341 -19.5700030326843 -19.6020722389221 -19.6311407089233 -19.6072092056274 -19.6732797622681 -19.6969728469849 -19.8372936248779 -20.0916128158569 -20.2919330596924 -20.4012513160706 -20.438572883606 -20.425892829895 -20.5102133750916 -20.6405329704285 -20.7598528862 -20.8551731109619 -20.9144930839539 -21.0860471725464 -21.3028354644775 -21.4746232032776 -21.5594115257263 -21.6881995201111 -21.941987991333 -22.1977763175964 -22.3775639533997 -22.5003523826599 -22.5641403198242 -22.5179290771484 -22.3457174301147 -22.0939126014709 -21.9015154838562 -21.7021174430847 -21.5367193222046
-20.9912815093994 -20.9246006011963 -20.828920841217 -20.6792402267456 -20.5035610198975 -20.3648805618286 -20.0052013397217 -19.8275208473206 -19.713921546936 -19.6044001579285 -19.5908808708191 -19.6093602180481 -19.6488399505615 -19.6263203620911 -19.5587997436523 -19.5442795753479 -19.5537586212158 -19.5492386817932 -19.4967179298401 -19.534197807312 -19.7405171394348 -19.9416761398315 -20.1608357429504 -20.3049945831299 -20.4581527709961 -20.5653123855591 -20.552472114563 -20.5316319465637 -20.6617913246155 -20.782949924469 -20.8451085090637 -20.8602676391602 -20.877293586731 -21.0381860733032 -21.2330784797668 -21.3609714508057 -21.4378633499146 -21.6267552375793 -21.8676471710205 -22.0225405693054 -22.0224323272705 -22.0583248138428 -22.1052165031433 -21.9601101875305 -21.7169375419617 -21.4887037277222 -21.3894696235657 -21.3082346916199
-20.9985814094543 -20.9040198326111 -20.8074588775635 -20.6198983192444 -20.5063381195068 -20.4047780036926 -20.2852163314819 -20.1706562042236 -19.9953198432922 -19.8002104759216 -19.5881018638611 -19.5929918289185 -19.6098828315735 -19.566773891449 -19.5066647529602 -19.5235543251038 -19.5134449005127 -19.4433360099792 -19.4242262840271 -19.5331168174744 -19.6780614852905 -19.8670592308044 -19.9630589485168 -20.0460562705994 -20.2400546073914 -20.4750528335571 -20.5700511932373 -20.5990495681763 -20.8260478973389 -21.002046585083 -21.0840444564819 -21.0770425796509 -21.0845408439636 -21.0915365219116 -21.1535325050354 -21.2935290336609 -21.3425259590149 -21.4445219039917 -21.5945191383362 -21.7185168266296 -21.7025127410889 -21.7035083770752 -21.6885051727295 -21.5555019378662 -21.3819642066956 -21.2478933334351 -21.2188229560852 -21.1997509002686
-20.8488807678223 -20.7714395523071 -20.6739978790283 -20.5735578536987 -20.4961152076721 -20.3976731300354 -20.2832322120667 -20.1657915115356 -20.0477209091187 -19.9570217132568 -19.8463230133057 -19.7396245002747 -19.6629266738892 -19.5512275695801 -19.5315294265747 -19.5198316574097 -19.4921317100525 -19.5034346580505 -19.4727354049683 -19.5850367546082 -19.6956067085266 -19.7924437522888 -19.8002805709839 -19.7891178131104 -19.9299554824829 -20.2507929801941 -20.5176305770874 -20.6814675331116 -20.8803052902222 -21.0191431045532 -21.1359801292419 -21.2378187179565 -21.2707867622375 -21.3228874206543 -21.3639869689941 -21.4890880584717 -21.5481886863708 -21.6102895736694 -21.636390209198 -21.7104921340942 -21.6715922355652 -21.494692325592 -21.3497924804688 -21.2938942909241 -21.253990650177 -21.1610832214355 -21.0321741104126 -20.925265789032
