data/spatiotemp/temp3/bio6_norsw_test_2011_2014.asc
NCOLS 654 
NROWS 380 
XLLCORNER 3.91666666666667 
YLLCORNER 55.3333333333333 
CELLSIZE 0.0416666666666667 
NODATA_value -9999 
[rows 66 to 87 of 380, columns 528 to 575 of 654]
-21.9814071655273 -21.950207233429 -21.868007183075 -21.8036341667175 -21.7410135269165 -21.6203932762146 -21.5227727890015 -21.4431509971619 -21.3891115188599 -21.3336539268494 -21.2671976089478 -21.2107410430908 -21.1872839927673 -21.1598272323608 -21.1673693656921 -21.1469120979309 -21.0494537353516 -21.0119972229004 -21.0565404891968 -21.069082736969 -20.9265446662903 -20.7899255752563 -20.7363061904907 -20.6646881103516 -20.5580682754517 -20.4844489097595 -20.4718298912048 -20.3892102241516 -20.242591381073 -20.1169719696045 -19.9723529815674 -19.7997331619263 -19.6378273963928 -19.5656337738037 -19.4734411239624 -19.3042469024658 -19.2260541915894 -19.3148608207703 -19.3006677627563 -19.3544731140137 -19.4962811470032 -19.5890870094299 -19.623893737793 -19.7107014656067 -19.8493685722351 -20.0048990249634 -20.0974287986755 -20.1079578399658
-21.9398326873779 -21.9146776199341 -21.8065233230591 -21.725368976593 -21.6829900741577 -21.583062171936 -21.4931344985962 -21.4602065086365 -21.4746308326721 -21.5204076766968 -21.497184753418 -21.4489617347717 -21.3537378311157 -21.3075141906738 -21.2792916297913 -21.169068813324 -21.0398449897766 -21.0266222953796 -21.0783977508545 -21.0971751213074 -20.968282699585 -20.8367204666138 -20.7601594924927 -20.6965990066528 -20.6550374031067 -20.6164751052856 -20.5589141845703 -20.479353427887 -20.3477916717529 -20.2662301063538 -20.2086691856384 -20.0671067237854 -19.9358186721802 -19.8308043479919 -19.6447892189026 -19.4817733764648 -19.396758556366 -19.4167442321777 -19.3497281074524 -19.3647136688232 -19.5076985359192 -19.5556826591492 -19.6436686515808 -19.7186532020569 -19.8159532546997 -19.8725700378418 -19.950186252594 -19.9968028068542
-21.8112573623657 -21.7651481628418 -21.683039188385 -21.6149291992188 -21.6279654502869 -21.5647315979004 -21.429497718811 -21.3902630805969 -21.4731516838074 -21.5731616020203 -21.5991716384888 -21.489182472229 -21.3671922683716 -21.3202028274536 -21.2742142677307 -21.1632242202759 -21.0722351074219 -21.0612454414368 -21.04425573349 -20.9882664680481 -20.8670196533203 -20.744517326355 -20.6270127296448 -20.5475096702576 -20.5150051116943 -20.5495018959045 -20.5779986381531 -20.5784950256348 -20.464991569519 -20.4014887809753 -20.3549847602844 -20.2394814491272 -20.1018118858337 -19.978973865509 -19.7941370010376 -19.6433000564575 -19.5644640922546 -19.527626991272 -19.5967903137207 -19.5619540214539 -19.6311159133911 -19.676278591156 -19.7214426994324 -19.799605846405 -19.8495383262634 -19.9402418136597 -20.0229449272156 -20.1146483421326
-21.821683883667 -21.7576193809509 -21.6825551986694 -21.637490272522 -21.6899428367615 -21.6374015808105 -21.5598607063293 -21.490318775177 -21.436671257019 -21.418915271759 -21.3871593475342 -21.3454041481018 -21.3236479759216 -21.2568922042847 -21.1501369476318 -21.1113810539246 -21.1306247711182 -21.12286901474 -21.0281138420105 -20.9413571357727 -20.8867564201355 -20.8263111114502 -20.7308650016785 -20.6414203643799 -20.573974609375 -20.5825295448303 -20.5950837135315 -20.5366382598877 -20.4421925544739 -20.3927464485168 -20.3162999153137 -20.2198548316956 -20.1518030166626 -20.0461444854736 -19.9404854774475 -19.8788266181946 -19.827169418335 -19.830509185791 -19.8618507385254 -19.8991928100586 -19.8885340690613 -19.8948760032654 -19.9082164764404 -19.9815583229065 -20.0661244392395 -20.1499147415161 -20.2037043571472 -20.2234935760498
-21.8920288085938 -21.8271842002869 -21.7333378791809 -21.7456221580505 -21.7695722579956 -21.7325224876404 -21.7204718589783 -21.5674214363098 -21.3718795776367 -21.2938480377197 -21.2398161888123 -21.2357845306396 -21.2827525138855 -21.2317214012146 -21.1336894035339 -21.099657535553 -21.1456260681152 -21.1555943489075 -21.0585632324219 -20.9935302734375 -20.9531660079956 -20.9194684028625 -20.8737697601318 -20.8470730781555 -20.7763767242432 -20.7026796340942 -20.6119823455811 -20.4562840461731 -20.3115873336792 -20.2108898162842 -20.1531925201416 -20.1344952583313 -20.121120929718 -20.0840721130371 -20.0810232162476 -20.0699729919434 -20.0099248886108 -20.0228753089905 -20.1098260879517 -20.2217764854431 -20.2897281646729 -20.2816781997681 -20.2856297492981 -20.3045797348022 -20.360915184021 -20.4066367149353 -20.4713568687439 -20.4730768203735
-21.8042945861816 -21.7701425552368 -21.7613797187805 -21.7576179504395 -21.7038555145264 -21.6800923347473 -21.6183300018311 -21.4995684623718 -21.4147782325745 -21.3229608535767 -21.0761437416077 -20.9523258209229 -20.9515080451965 -20.8986902236938 -20.9298734664917 -21.0790553092957 -21.1632375717163 -21.1544198989868 -21.0676021575928 -20.9997839927673 -20.9282455444336 -20.8769869804382 -20.8707284927368 -20.8884701728821 -20.8282117843628 -20.7679533958435 -20.7216939926147 -20.5554351806641 -20.3601760864258 -20.2109184265137 -20.1056594848633 -20.1324009895325 -20.1527667045593 -20.132758140564 -20.0887489318848 -20.0407404899597 -20.004732131958 -20.0727229118347 -20.2037148475647 -20.3587055206299 -20.4556970596313 -20.5156888961792 -20.5756797790527 -20.6466703414917 -20.6819138526917 -20.7144083976746 -20.7359042167664 -20.7173981666565
-21.6685600280762 -21.6585607528687 -21.6830859184265 -21.6556119918823 -21.5911374092102 -21.5456638336182 -21.5171890258789 -21.4607162475586 -21.4286770820618 -21.288074016571 -20.907470703125 -20.7128663063049 -20.6792635917664 -20.5176601409912 -20.6210560798645 -20.8524532318115 -20.9408488273621 -21.0072460174561 -21.072642326355 -21.0500383377075 -20.9743270874023 -20.9195065498352 -20.8726859092712 -20.8858652114868 -20.8500471115112 -20.8242273330688 -20.8304057121277 -20.7025866508484 -20.5147657394409 -20.4169454574585 -20.3291258811951 -20.3243055343628 -20.3294115066528 -20.3134436607361 -20.1444754600525 -19.9755077362061 -19.933539390564 -20.0975713729858 -20.3466029167175 -20.449634552002 -20.5326657295227 -20.6526985168457 -20.8077306747437 -20.8977618217468 -20.9519109725952 -20.9931812286377 -20.9234509468079 -20.8317189216614
-21.58216381073 -21.5499777793884 -21.5407919883728 -21.4946060180664 -21.4634208679199 -21.4732356071472 -21.4320497512817 -21.3748641014099 -21.3675761222839 -21.3041868209839 -21.1937971115112 -21.1814079284668 -21.1090183258057 -20.8496289253235 -20.7952394485474 -20.6598496437073 -20.5214610099792 -20.5880718231201 -20.8156824111938 -20.8332924842834 -20.8754067420959 -20.9620251655579 -20.9256443977356 -20.8852634429932 -20.8658819198608 -20.8224997520447 -20.7781181335449 -20.6717376708984 -20.554356098175 -20.5489745140076 -20.5615935325623 -20.509211063385 -20.464056968689 -20.4631290435791 -20.3922019004822 -20.2112741470337 -20.1633462905884 -20.3604187965393 -20.6304907798767 -20.5905637741089 -20.6736364364624 -20.8717079162598 -20.9797806739807 -20.986852645874 -21.0039105415344 -21.0959539413452 -21.1029977798462 -21.0050411224365
-21.5042934417725 -21.5043964385986 -21.4874992370605 -21.4526023864746 -21.4777045249939 -21.462806224823 -21.4029083251953 -21.3730120658875 -21.4204750061035 -21.4322986602783 -21.385124206543 -21.3329491615295 -21.2367734909058 -21.1215987205505 -21.0434231758118 -20.9862470626831 -20.862072467804 -20.5348973274231 -20.3947224617004 -20.2865471839905 -20.4724879264832 -20.8085451126099 -20.9036016464233 -20.8436584472656 -20.8057160377502 -20.780773639679 -20.7418313026428 -20.6528887748718 -20.5589461326599 -20.5060024261475 -20.4580602645874 -20.4331169128418 -20.4367022514343 -20.5318155288696 -20.5399279594421 -20.4810404777527 -20.5581541061401 -20.7372660636902 -20.7623791694641 -20.7944912910461 -20.8736042976379 -21.0187177658081 -21.1228322982788 -21.1649446487427 -21.1919088363647 -21.1637272834778 -21.1445441246033 -21.0983629226685
-21.3414249420166 -21.3678154945374 -21.4092063903809 -21.4645962715149 -21.4949865341187 -21.4513778686523 -21.3727688789368 -21.2791590690613 -21.2583737373352 -21.2954125404358 -21.3054513931274 -21.2754902839661 -21.1385288238525 -21.055567741394 -20.9916067123413 -20.9456448554993 -20.9106841087341 -20.9407234191895 -20.8167610168457 -20.5038003921509 -20.445568561554 -20.6370635032654 -20.763560295105 -20.7520561218262 -20.6575517654419 -20.6440467834473 -20.6465439796448 -20.6150393486023 -20.5045351982117 -20.4010305404663 -20.3575263023376 -20.3660221099854 -20.4013466835022 -20.5035004615784 -20.3866543769836 -20.2998070716858 -20.4939603805542 -20.6461143493652 -20.6972680091858 -20.7954216003418 -20.9285740852356 -20.9937281608582 -21.0828819274902 -21.212034702301 -21.223906993866 -21.1024990081787 -21.0260910987854 -21.021683216095
-21.1675543785095 -21.2692337036133 -21.3149123191833 -21.3845906257629 -21.4192700386047 -21.3929495811462 -21.2806272506714 -21.1523065567017 -21.0742716789246 -21.1185240745544 -21.1787786483765 -21.1690306663513 -21.0742835998535 -21.0415372848511 -20.9767904281616 -20.9420418739319 -20.9782953262329 -20.9585480690002 -20.8998017311096 -20.7570538520813 -20.790647983551 -20.9115824699402 -20.8935174942017 -20.8414516448975 -20.7263870239258 -20.6613211631775 -20.7242555618286 -20.7251906394958 -20.5861258506775 -20.4610586166382 -20.4079942703247 -20.4379281997681 -20.5599927902222 -20.7221865653992 -20.6333804130554 -20.3415746688843 -20.1877684593201 -20.3239617347717 -20.4951567649841 -20.5243496894836 -20.5905442237854 -20.5727372169495 -20.6849317550659 -20.8921251296997 -20.9139046669006 -21.014271736145 -21.1336393356323 -21.2560043334961
-21.2296853065491 -21.2486519813538 -21.1686182022095 -21.1795854568481 -21.2735524177551 -21.2415204048157 -21.2054867744446 -21.2144532203674 -21.2041702270508 -21.1646375656128 -21.0431051254272 -20.9505724906921 -20.8590393066406 -20.8545064926147 -20.8279733657837 -20.8564410209656 -20.9049072265625 -20.9683737754822 -20.9728407859802 -20.8153085708618 -20.8787288665771 -21.0281014442444 -21.0374755859375 -20.9888482093811 -20.8992209434509 -20.8345942497253 -20.7999682426453 -20.7293419837952 -20.6347150802612 -20.604088306427 -20.6554608345032 -20.6978340148926 -20.7446370124817 -20.8138718605042 -20.5041060447693 -20.2103409767151 -20.2915754318237 -20.356810092926 -20.4150428771973 -20.4912786483765 -20.5825128555298 -20.6647477149963 -20.7549829483032 -20.8542160987854 -20.9649043083191 -21.2100439071655 -21.3311848640442 -21.3433256149292
-21.2808151245117 -21.310070514679 -21.3053259849548 -21.2325801849365 -21.1558356285095 -21.107090473175 -21.1173458099365 -21.1786012649536 -21.2290697097778 -21.2337503433228 -21.1074318885803 -20.9151134490967 -20.8167939186096 -20.7664766311646 -20.7821574211121 -20.8678379058838 -20.9265189170837 -20.9931998252869 -21.0228810310364 -20.930561542511 -20.9408092498779 -21.0306210517883 -21.034432888031 -20.9472441673279 -20.8670558929443 -20.8568682670593 -20.8356800079346 -20.7824921607971 -20.7093048095703 -20.7171158790588 -20.7669281959534 -20.8107399940491 -20.8372831344604 -20.866557598114 -20.6168327331543 -20.4181079864502 -20.4493813514709 -20.4866576194763 -20.6009321212769 -20.5412073135376 -20.5964818000793 -20.6897583007812 -20.7860321998596 -21.0363082885742 -21.2639021873474 -21.3858170509338 -21.4307317733765 -21.4216465950012
-21.1899452209473 -21.1974883079529 -21.3320322036743 -21.3515753746033 -21.2391180992126 -21.154661655426 -21.0762047767639 -21.0247492790222 -20.9839687347412 -20.9458637237549 -20.8867597579956 -20.8336544036865 -20.8475494384766 -20.9154448509216 -21.0073394775391 -21.0922355651855 -21.0951309204102 -21.0340261459351 -20.9659218788147 -20.9018158912659 -20.9498896598816 -21.0731401443481 -21.0903911590576 -21.0336413383484 -20.964891910553 -20.9771418571472 -20.9823927879333 -20.9446430206299 -20.8578929901123 -20.7671437263489 -20.7253956794739 -20.724645614624 -20.7559280395508 -20.8092436790466 -20.8065590858459 -20.774875164032 -20.7221899032593 -20.6765055656433 -20.6398210525513 -20.5261363983154 -20.6214528083801 -20.7287673950195 -20.8290829658508 -21.0743975639343 -21.3509001731873 -21.5315895080566 -21.5382790565491 -21.4219675064087
-21.1770749092102 -21.182906627655 -21.2637386322021 -21.3365697860718 -21.3574018478394 -21.3262338638306 -21.1120643615723 -20.8508973121643 -20.7618670463562 -20.7989764213562 -20.8930854797363 -20.9581942558289 -21.0003042221069 -21.0364141464233 -21.1165237426758 -21.1576328277588 -21.1407427787781 -21.0848522186279 -21.0319619178772 -20.9520707130432 -20.9789710044861 -21.0336594581604 -21.0753483772278 -21.0760378837585 -21.0847268104553 -21.0894165039062 -21.0951046943665 -21.0647945404053 -20.9624834060669 -20.7871723175049 -20.6378626823425 -20.5615510940552 -20.6615743637085 -20.8089289665222 -20.904284954071 -20.9086408615112 -20.9129977226257 -20.9553527832031 -20.965708732605 -20.9620652198792 -20.9474215507507 -21.0147767066956 -21.1391334533691 -21.3744888305664 -21.5938992500305 -21.6763620376587 -21.6418261528015 -21.5142893791199
-21.2172060012817 -21.1603255271912 -21.1184458732605 -21.1405649185181 -21.2156848907471 -21.2808041572571 -21.168924331665 -20.9730434417725 -20.8687653541565 -20.912088394165 -20.9984121322632 -21.0157356262207 -21.0760593414307 -21.0913834571838 -21.1297073364258 -21.1470303535461 -21.1333537101746 -21.1616778373718 -21.1580014228821 -21.1213250160217 -21.0620512962341 -21.0631785392761 -21.0683064460754 -21.0624341964722 -21.0685620307922 -21.1256899833679 -21.1628184318542 -21.0899453163147 -20.9340724945068 -20.7692012786865 -20.6523299217224 -20.6574554443359 -20.7992177009583 -20.9486141204834 -21.0250110626221 -21.0414090156555 -21.0448045730591 -21.1082010269165 -21.2155981063843 -21.2619934082031 -21.2573900222778 -21.3737869262695 -21.4931836128235 -21.5595798492432 -21.6168975830078 -21.6021347045898 -21.5453724861145 -21.4736108779907
-21.1888313293457 -21.1123700141907 -21.0319080352783 -21.0384459495544 -21.0789837837219 -21.1345224380493 -21.1500606536865 -21.1105990409851 -21.0259652137756 -21.0241613388062 -21.0443587303162 -21.0535545349121 -21.0757503509521 -21.0839462280273 -21.0791435241699 -21.1313400268555 -21.1115355491638 -21.1717329025269 -21.1779284477234 -21.163125038147 -21.0748267173767 -21.0650353431702 -21.1172442436218 -21.0534534454346 -20.9966626167297 -21.049870967865 -21.1090807914734 -21.0682892799377 -21.0034976005554 -20.9537057876587 -20.8919148445129 -20.885124206543 -20.9728946685791 -21.0682277679443 -21.1005611419678 -21.1168937683105 -21.1782259941101 -21.2515587806702 -21.3548913002014 -21.3892250061035 -21.4545583724976 -21.5318908691406 -21.5742239952087 -21.4745564460754 -21.4277839660645 -21.408905506134 -21.3930268287659 -21.3821496963501
-21.1039524078369 -21.1100392341614 -21.0301270484924 -21.0002136230469 -21.0253005027771 -20.9913864135742 -21.0114731788635 -21.0325603485107 -21.0434670448303 -21.0561947822571 -21.0809226036072 -21.0436501502991 -21.0423774719238 -21.0151052474976 -20.9678320884705 -21.0365605354309 -21.091287612915 -21.1000142097473 -21.0977420806885 -21.0584697723389 -21.0292997360229 -21.0452318191528 -21.025164604187 -20.9280967712402 -20.9040284156799 -20.9599599838257 -21.0088925361633 -21.0278253555298 -21.061758518219 -21.1136903762817 -21.096622467041 -21.0445547103882 -21.0516023635864 -21.0607676506042 -21.0909333229065 -21.181097984314 -21.2692627906799 -21.3364272117615 -21.3895931243896 -21.4667582511902 -21.560923576355 -21.5970883369446 -21.5702538490295 -21.4584178924561 -21.3275580406189 -21.2226753234863 -21.2907910346985 -21.3829069137573
-21.0710735321045 -21.0247106552124 -20.9673457145691 -20.9209809303284 -20.9316172599792 -20.9112524986267 -20.8378877639771 -20.8195219039917 -20.8929691314697 -20.9602284431458 -20.9434866905212 -20.9027452468872 -20.9110040664673 -20.8902626037598 -20.8475217819214 -20.875780582428 -20.9340391159058 -20.9742975234985 -20.9925556182861 -20.9778146743774 -21.0227727890015 -21.0034279823303 -20.9010834693909 -20.863739490509 -20.9043946266174 -20.9500498771667 -20.9817070960999 -21.0183620452881 -21.0460181236267 -21.077672958374 -21.0833287239075 -21.0479850769043 -21.0503106117249 -21.0313076972961 -21.1153059005737 -21.2383017539978 -21.2582993507385 -21.3012962341309 -21.3652935028076 -21.4192914962769 -21.4922881126404 -21.543285369873 -21.5132822990417 -21.4682788848877 -21.346333026886 -21.2664442062378 -21.387553691864 -21.4806642532349
-20.9801969528198 -20.8953800201416 -20.8705644607544 -20.902747631073 -20.9069328308105 -20.8421149253845 -20.6972999572754 -20.6294851303101 -20.7084712982178 -20.7652606964111 -20.7890510559082 -20.8388414382935 -20.85063123703 -20.8534216880798 -20.8712110519409 -20.8820009231567 -20.9007911682129 -20.936580657959 -20.9643707275391 -20.9851603507996 -21.0432457923889 -21.0246253013611 -20.9530024528503 -20.9573817253113 -20.99476146698 -21.038140296936 -21.0715188980103 -21.0898976325989 -21.031277179718 -20.9996562004089 -20.958034992218 -20.9144139289856 -20.9940185546875 -21.0958476066589 -21.169677734375 -21.2125067710876 -21.1983361244202 -21.2111654281616 -21.2529940605164 -21.3098230361938 -21.3706531524658 -21.3714818954468 -21.3033118247986 -21.307140827179 -21.3861074447632 -21.4462122917175 -21.5073175430298 -21.5014219284058
-20.9173178672791 -20.8580498695374 -20.7787828445435 -20.8205161094666 -20.8742480278015 -20.8359813690186 -20.6907134056091 -20.5964460372925 -20.6449723243713 -20.7352938652039 -20.7766151428223 -20.8429365158081 -20.8492584228516 -20.8985776901245 -20.9618997573853 -21.0102210044861 -21.0085430145264 -21.0508632659912 -21.0081849098206 -20.952507019043 -21.0267181396484 -21.0858206748962 -21.0699229240417 -21.055025100708 -21.0781283378601 -21.1452302932739 -21.1183323860168 -21.0874342918396 -21.0305376052856 -20.9796390533447 -20.9347410202026 -20.9108438491821 -20.9827260971069 -21.0693879127502 -21.1060495376587 -21.1277108192444 -21.1433730125427 -21.1300344467163 -21.1626958847046 -21.1973571777344 -21.2910180091858 -21.2776808738708 -21.1963419914246 -21.259003162384 -21.4638833999634 -21.4839820861816 -21.3840804100037 -21.328179359436
-20.9134387969971 -20.9117207527161 -20.8500027656555 -20.8072829246521 -20.8855648040771 -20.8848457336426 -20.7701268196106 -20.6834077835083 -20.7004752159119 -20.7193279266357 -20.7091798782349 -20.7210321426392 -20.7618856430054 -20.8667373657227 -20.9885892868042 -20.9834418296814 -20.9212942123413 -20.9271459579468 -20.9219980239868 -20.9508514404297 -21.0061912536621 -21.0570163726807 -21.0668430328369 -21.0476679801941 -21.0694942474365 -21.0973196029663 -21.0971455574036 -20.9949703216553 -20.9717969894409 -21.0186233520508 -21.0444483757019 -21.0452733039856 -20.9914336204529 -20.9409279823303 -20.9984216690063 -21.0689153671265 -21.09840965271 -21.1079025268555 -21.1763963699341 -21.2128901481628 -21.2713832855225 -21.2828774452209 -21.2833709716797 -21.339864730835 -21.4636583328247 -21.5017514228821 -21.389844417572 -21.2629375457764
