data/spatiotemp/temp3/bio6_norsw_test_2011_2014.asc
NCOLS 654 
NROWS 380 
XLLCORNER 3.91666666666667 
YLLCORNER 55.3333333333333 
CELLSIZE 0.0416666666666667 
NODATA_value -9999 
[rows 0 to 21 of 380, columns 528 to 575 of 654]
-9999 -7.87072312831879 -7.06997108459473 -9999 -9999 -9999 -9999 -9999 -9999 -9999 -9999 -9999 -9999 -9999 -9999 -9999 -9999 -9999 -9999 -9999 -9999 -9999 -9999 -9999 -9999 -9999 -9999 -9999 -9999 -9999 -9999 -9999 -9999 -9999 -9999 -9999 -9999 -9999 -9999 -9999 -9999 -9999 -9999 -9999 -9999 -9999 -9999 -9999
-7.97954714298248 -7.66532111167908 -7.17238986492157 -9999 -9999 -9999 -9999 -9999 -9999 -9999 -9999 -9999 -9999 -9999 -9999 -9999 -9999 -9999 -9999 -9999 -9999 -9999 -9999 -9999 -9999 -9999 -9999 -9999 -9999 -9999 -9999 -9999 -9999 -9999 -9999 -9999 -9999 -9999 -11.0002665519714 -11.5635766983032 -11.3827199935913 -10.8268632888794 -10.6672565937042 -9.91015005111694 -9999 -9999 -9999 -9999
-6.7630729675293 -6.42144083976746 -9999 -9999 -9999 -8.46616268157959 -8.13328111171722 -7.27498233318329 -9999 -9999 -9999 -9999 -9999 -9999 -9999 -9999 -9999 -9999 -9999 -9999 -9999 -9999 -9999 -9999 -9999 -9999 -9999 -9999 -9999 -9999 -9999 -9999 -9999 -9999 -9999 -9999 -9999 -10.3527431488037 -10.9432990550995 -11.6841042041779 -11.8907849788666 -11.6954650878906 -11.1555204391479 -10.9398264884949 -10.6352775096893 -10.0679161548615 -10.3324999809265 -10.6658337116241
-7.50262129306793 -7.31596636772156 -7.42222785949707 -8.32182276248932 -8.56134521961212 -8.82351243495941 -8.12423479557037 -7.17520225048065 -9999 -9999 -9999 -9999 -9999 -9999 -9999 -9999 -9999 -9999 -9999 -9999 -9999 -9999 -9999 -9999 -9999 -9999 -9999 -9999 -9999 -9999 -9999 -10.5166673660278 -10.6928594112396 -10.9448270797729 -11.2363777160645 -11.6395952701569 -11.5711460113525 -11.2919824123383 -10.6309146881104 -11.0241315364838 -11.698349237442 -12.1355667114258 -12.0427839756012 -11.7340021133423 -11.460009098053 -11.2865781784058 -11.2897324562073 -11.3174414634705
-7.68404507637024 -7.83965837955475 -7.88173007965088 -8.5046352148056 -8.2471239566803 -9999 -9999 -9999 -9999 -9999 -9999 -9999 -9999 -9999 -9999 -9999 -9999 -9999 -9.64083337783813 -9999 -9999 -9999 -9999 -9999 -9999 -9999 -9999 -9999 -9999 -10.7400004863739 -11.2277784347534 -11.4600002765656 -10.5388779640198 -11.0428824424744 -11.7933871746063 -12.2631416320801 -12.1848957538605 -11.8006505966187 -11.2604050636292 -11.613516330719 -12.0619142055511 -12.4246685504913 -12.5074231624603 -12.3671779632568 -12.2081844806671 -12.1884446144104 -12.2257039546967 -12.2029628753662
-9999 -9999 -9999 -9999 -9999 -9999 -9999 -9999 -9999 -9999 -9999 -9999 -9999 -10.2213890552521 -10.4198613166809 -10.633026599884 -11.1905555725098 -10.977611541748 -10.4595837593079 -10.1122224330902 -9999 -9999 -9999 -9999 -9999 -9999 -9999 -9999 -10.8333339691162 -11.1010870933533 -11.6390006542206 -11.8980002403259 -11.9117982387543 -11.9578130245209 -11.985937833786 -12.0250208377838 -12.1133127212524 -12.3086040019989 -12.4908957481384 -12.5121874809265 -12.6134788990021 -12.8117704391479 -12.8900618553162 -12.845353603363 -12.8463606834412 -12.8340830802917 -12.7568056583405 -12.6815278530121
-9999 -9999 -9999 -9999 -9999 -9999 -9999 -9999 -9999 -9999 -9999 -10.3702778816223 -10.3404762744904 -10.8289976119995 -11.4459443092346 -11.8655004501343 -11.8500554561615 -11.4926114082336 -10.8561670780182 -10.2997224330902 -9999 -9999 -9999 -9999 -9999 -9999 -9999 -9999 -9999 -11.025000333786 -11.345000743866 -11.5875005722046 -11.8077003955841 -12.0571665763855 -11.7879056930542 -11.5101504325867 -11.8744792938232 -12.2244329452515 -12.6333866119385 -12.9112150669098 -13.0950434207916 -13.2248718738556 -13.2927010059357 -13.3585298061371 -13.3675365447998 -13.2787218093872 -13.1699070930481 -13.126092672348
-9999 -9999 -9999 -9999 -9999 -9999 -9999 -9999 -9999 -9.82416677474976 -10.6683330535889 -11.3872776031494 -11.8298332691193 -12.0673892498016 -12.0639443397522 -11.8995001316071 -11.7340559959412 -11.2538197040558 -10.7408335208893 -10.3997225761414 -10.1250004768372 -9999 -9999 -9999 -9999 -9999 -9999 -9999 -9999 -9999 -9999 -9999 -9999 -9999 -9999 -9999 -9999 -11.8858451843262 -12.4676866531372 -12.9402432441711 -13.2016086578369 -13.3419742584229 -13.5093402862549 -13.5717053413391 -13.5567126274109 -13.4863605499268 -13.453008890152 -13.4386568069458
-9999 -9999 -9999 -9999 -9999 -9999 -9999 -10.1729688644409 -10.5994930267334 -10.952166557312 -11.5647220611572 -12.0302777290344 -12.2538332939148 -12.1053893566132 -11.9329442977905 -11.8735001087189 -11.9830553531647 -11.7776110172272 -11.2147920131683 -10.6425795555115 -9999 -9999 -9999 -9999 -9999 -9999 -9999 -9999 -9999 -9999 -10.7750008106232 -9999 -11.4854519367218 -11.8678545951843 -12.637757062912 -13.0280511379242 -12.9862496852875 -12.6665275096893 -12.863073348999 -13.0258498191833 -13.1151733398438 -13.2444095611572 -13.3840615749359 -13.3497564792633 -13.2991263866425 -13.2418174743652 -13.2311105728149 -13.2134721279144
-9999 -9999 -9999 -9999 -9999 -9.04033672809601 -10.2225868701935 -11.2649273872375 -11.6986110210419 -12.206166267395 -12.3977220058441 -12.5822777748108 -12.6358332633972 -12.7693891525269 -12.9789443016052 -12.9995002746582 -12.8040556907654 -12.1216115951538 -11.4102783203125 -10.9372227191925 -9999 -9999 -9999 -9999 -9999 -9999 -9999 -9999 -9999 -9999 -10.8392860889435 -9999 -11.5377204418182 -12.1863746643066 -13.1351907253265 -13.6845397949219 -13.8559792041779 -13.8844192028046 -13.934858083725 -13.9692986011505 -13.9067380428314 -13.9761776924133 -14.010617017746 -13.8240571022034 -13.4405879974365 -13.2134072780609 -13.1002836227417 -13.3891198635101
-9999 -9999 -9.76596939563751 -9.73408818244934 -10.0697078704834 -10.7322015762329 -11.8934459686279 -12.8865649700165 -13.3619165420532 -13.4025011062622 -13.4350862503052 -13.5756707191467 -13.2512555122375 -12.6758399009705 -12.5034244060516 -12.8964672088623 -12.6430933475494 -11.8020870685577 -11.3117628097534 -9999 -9999 -9999 -9999 -9999 -9999 -9999 -9999 -9999 -11.7977130413055 -12.1707217693329 -12.595730304718 -13.2707395553589 -13.1923518180847 -13.441784620285 -13.822478055954 -14.3111720085144 -14.4718656539917 -14.5855593681335 -14.6902532577515 -14.6409468650818 -14.5396406650543 -14.4333345890045 -14.2980282306671 -14.1687219142914 -14.3057432174683 -14.3460919857025 -14.2804417610168 -14.1917903423309
-9999 -9999 -10.1191482543945 -10.7432239055634 -11.1314425468445 -11.928661108017 -12.7498800754547 -13.3850989341736 -13.3805291652679 -12.984171628952 -12.5908138751984 -12.8462066650391 -12.6447656154633 -12.4541954994202 -11.9531335830688 -11.572526216507 -10.8523349761963 -9999 -9999 -9999 -9999 -9999 -9999 -9999 -9999 -9999 -9999 -11.988112449646 -12.1231384277344 -12.7395536899567 -13.3391907215118 -13.8012170791626 -14.1525621414185 -14.3532266616821 -14.5798916816711 -14.8105568885803 -14.922221660614 -15.0248866081238 -15.1345512866974 -15.152215719223 -15.0128808021545 -14.9735450744629 -15.0122103691101 -14.935875415802 -14.806925535202 -14.7073616981506 -14.5857975482941 -14.3943696022034
-9999 -10.8364729881287 -11.2807681560516 -11.9773592948914 -12.2936780452728 -12.2039959430695 -12.3923139572144 -12.5126326084137 -12.5091416835785 -12.5268423557281 -12.6577920913696 -12.6859924793243 -12.6698477268219 -12.5151646137238 -12.2363433837891 -12.1111795902252 -11.8957438468933 -11.6014440059662 -9999 -9999 -9999 -9999 -9999 -9999 -9999 -9999 -9999 -12.5635206699371 -13.0150344371796 -13.3886075019836 -13.8266508579254 -14.2186944484711 -14.4930336475372 -14.6266691684723 -14.7913057804108 -15.0689418315887 -15.2405781745911 -15.3322131633759 -15.3178486824036 -15.2194857597351 -15.0331206321716 -14.8527569770813 -14.7773926258087 -14.7211117744446 -14.5714237689972 -14.4508800506592 -14.1691534519196 -14.0261752605438
-10.6262412071228 -10.9023814201355 -11.3880770206451 -12.0454947948456 -12.4049129486084 -12.4833302497864 -12.6497483253479 -12.699166059494 -12.9207541942596 -13.0115122795105 -13.1172702312469 -13.2880284786224 -13.5217859745026 -13.5315446853638 -13.5713024139404 -13.3040611743927 -12.6278643608093 -9999 -9999 -9999 -9999 -9999 -9999 -10.9636855125427 -9999 -12.5731816291809 -13.2855343818665 -13.430233001709 -13.8082201480865 -14.0740504264832 -13.9107778072357 -14.1406424045563 -14.426374912262 -14.7201118469238 -14.8957192897797 -15.0273265838623 -15.1199331283569 -15.1145403385162 -15.156147480011 -15.0837545394897 -15.0213611125946 -14.8848011493683 -14.964075088501 -15.0929319858551 -15.0509724617004 -14.8318996429443 -14.7425091266632 -14.8751192092896
-11.9420781135559 -12.0895953178406 -12.3971133232117 -12.7516305446625 -13.1681478023529 -13.6026647090912 -13.8051826953888 -13.7366995811462 -13.917366027832 -14.1081819534302 -14.3159985542297 -14.362813949585 -14.2006304264069 -13.9674458503723 -13.7422618865967 -13.3090782165527 -12.7743556499481 -10.3117101192474 -9999 -9999 -9999 -9999 -9999 -9999 -9999 -13.0314877033234 -13.6413416862488 -14.1793367862701 -14.6824145317078 -14.7794926166534 -14.75457072258 -14.6966488361359 -14.885977268219 -15.0725553035736 -15.0981338024139 -15.1797111034393 -15.4342894554138 -15.6828675270081 -15.7774453163147 -15.7700238227844 -15.6656017303467 -15.6441793441772 -15.7307574748993 -15.7043352127075 -15.6404728889465 -15.6641690731049 -15.6988649368286 -15.6745619773865
-13.2139151096344 -13.2485318183899 -13.5751488208771 -13.9807662963867 -14.2943825721741 -14.4479994773865 -14.4536166191101 -14.6592330932617 -14.7689785957336 -14.7838528156281 -14.8167264461517 -14.6905999183655 -14.483473777771 -14.1443479061127 -13.717221736908 -12.9754798412323 -11.7609691619873 -9999 -9999 -9999 -9999 -9999 -12.7642664909363 -12.7560286521912 -9999 -13.63538646698 -14.0253632068634 -14.6217451095581 -15.047839641571 -15.3719353675842 -15.5540308952332 -15.7121269702911 -15.7984488010406 -15.7739980220795 -15.6465468406677 -15.6520962715149 -15.9196455478668 -16.1531946659088 -16.3077430725098 -16.3242931365967 -16.2518420219421 -16.193391084671 -16.2249402999878 -16.1094892024994 -16.012654542923 -15.9464383125305 -15.6932215690613 -15.4665949344635
-13.6387522220612 -13.8864684104919 -14.2881846427917 -14.6829013824463 -14.9526176452637 -15.0553340911865 -15.0030500888824 -15.0167667865753 -15.0535910129547 -14.997522354126 -14.9034543037415 -14.6853864192963 -14.3323178291321 -14.0472495555878 -13.5591812133789 -12.8194880485535 -9999 -9999 -9999 -9999 -13.4174871444702 -14.1561419963837 -14.6845877170563 -14.382200717926 -13.689813375473 -14.6774265766144 -14.815039396286 -14.7484855651855 -15.1357200145721 -15.6003782749176 -15.8444910049438 -16.0106043815613 -16.1049211025238 -16.1414401531219 -16.062961101532 -16.0214812755585 -16.2300012111664 -16.3235213756561 -16.3920414447784 -16.4345617294312 -16.4160816669464 -16.362601518631 -16.2321221828461 -16.1186425685883 -16.041836977005 -15.8880984783173 -15.4844660758972 -15.6025893688202
-14.0325891971588 -14.3644049167633 -14.5472211837769 -14.7330360412598 -14.9608523845673 -15.1236684322357 -15.0984845161438 -15.0043003559113 -14.9282031059265 -14.8401927947998 -14.8111824989319 -14.6941719055176 -14.7451615333557 -14.326150894165 -13.5899097919464 -12.8244161605835 -12.6861197948456 -13.4049665927887 -13.8130991458893 -14.1849222183228 -14.581315279007 -15.0947790145874 -15.2239089012146 -15.2610394954681 -15.1991691589355 -15.4632997512817 -15.5914299488068 -15.6905605792999 -15.8796906471252 -16.0388214588165 -16.1889507770538 -16.342081785202 -16.3993918895721 -16.3878831863403 -16.3943755626678 -16.4948658943176 -16.5193569660187 -16.5468487739563 -16.6463394165039 -16.7058308124542 -16.7123222351074 -16.660813331604 -16.5043046474457 -16.4197957515717 -16.4160194396973 -16.3479764461517 -16.3593945503235 -16.3498899936676
-14.4304254055023 -14.6073410511017 -14.6542565822601 -14.7361719608307 -15.0360872745514 -15.2620034217834 -15.2419183254242 -15.058833360672 -15.009815454483 -14.9648630619049 -15.0169103145599 -14.9619579315186 -14.7320053577423 -14.4900527000427 -14.0216000080109 -14.3851473331451 -13.8748316764832 -14.5362422466278 -14.9737064838409 -15.2543375492096 -15.5689351558685 -15.8790822029114 -15.9052295684814 -15.9203779697418 -15.9525256156921 -16.1516733169556 -16.4098210334778 -16.5079691410065 -16.699116230011 -16.7402634620667 -16.8834111690521 -16.8955588340759 -16.9298632144928 -16.8963260650635 -16.8907883167267 -16.9672513008118 -16.9737129211426 -16.9621753692627 -16.9526381492615 -16.978099822998 -16.970561504364 -16.9030241966248 -16.8624868392944 -16.8789491653442 -16.8752017021179 -16.873245716095 -16.9252886772156 -17.0203323364258
-14.7652626037598 -14.6912772655487 -14.7252924442291 -14.8593075275421 -14.9933216571808 -15.3753378391266 -15.5153522491455 -15.4083676338196 -15.3234279155731 -15.3135333061218 -15.2486386299133 -15.090743303299 -14.9408485889435 -14.83176445961 -14.9590594768524 -15.1921644210815 -15.3792705535889 -15.5253758430481 -15.7784810066223 -16.0165863037109 -16.1592216491699 -16.3093864917755 -16.382551908493 -16.4107162952423 -16.4458813667297 -16.6910462379456 -16.817211151123 -16.9233765602112 -17.0265417098999 -17.0907063484192 -17.1908717155457 -17.2560367584229 -17.2903347015381 -17.309769153595 -17.3582019805908 -17.3126358985901 -17.2700691223145 -17.2855024337769 -17.2569355964661 -17.2123689651489 -17.1918020248413 -17.1822357177734 -17.2096691131592 -17.214102268219 -17.2573843002319 -17.311514377594 -17.3646454811096 -17.4167747497559
-15.1730992794037 -15.464213848114 -15.1833283901215 -15.0034432411194 -15.0365579128265 -15.1526720523834 -15.4367866516113 -15.5539014339447 -15.4180400371552 -15.4002032279968 -15.2563669681549 -15.4005296230316 -15.6006925106049 -15.4368560314178 -15.5920195579529 -15.7291824817657 -15.9063458442688 -16.0425086021423 -16.053671836853 -16.228835105896 -16.4855070114136 -16.6296899318695 -16.7478723526001 -16.7840547561646 -16.8222374916077 -16.9294197559357 -17.0926012992859 -17.1677842140198 -17.2159662246704 -17.301148891449 -17.4083318710327 -17.5095138549805 -17.5498070716858 -17.6432108879089 -17.6636157035828 -17.5650205612183 -17.5034251213074 -17.4848294258118 -17.4372339248657 -17.4136381149292 -17.4250431060791 -17.4764475822449 -17.4928517341614 -17.58025598526 -17.6475667953491 -17.7737836837769 -17.7410016059875 -17.7272176742554
-15.2809357643127 -15.6151502132416 -15.7233645915985 -15.457578420639 -15.370792388916 -15.3720071315765 -15.3572208881378 -15.4164347648621 -15.4916522502899 -15.5928735733032 -15.8550941944122 -16.0543155670166 -16.0265364646912 -16.0207576751709 -16.1099786758423 -16.1872000694275 -16.2284209728241 -16.2646420001984 -16.2678627967834 -16.3920843601227 -16.6297941207886 -16.8159940242767 -16.9341926574707 -17.0133938789368 -17.097592830658 -17.2207927703857 -17.3249926567078 -17.3801922798157 -17.4743919372559 -17.5595917701721 -17.636791229248 -17.7069911956787 -17.7912793159485 -17.8136539459229 -17.8150291442871 -17.7684054374695 -17.7147808074951 -17.714156627655 -17.7055315971375 -17.7179079055786 -17.727283000946 -17.7186579704285 -17.7860336303711 -17.7974095344543 -17.8747491836548 -17.9260530471802 -17.9433565139771 -17.9926600456238
