data/spatiotemp/temp3/bio7_norsw_test_2011_2014.asc
NCOLS 654 
NROWS 380 
XLLCORNER 3.91666666666667 
YLLCORNER 55.3333333333333 
CELLSIZE 0.0416666666666667 
NODATA_value -9999 
[rows 22 to 43 of 380, columns 500 to 549 of 654]
31.9962334632874 31.9679765701294 31.8897199630737 31.7324638366699 31.5132088661194 30.8860936164856 29.9850091934204 -9999 28.3053202629089 28.2446436882019 28.7089667320251 29.2607889175415 29.6105208396912 -9999 -9999 30.3873257637024 30.8819108009338 31.5263814926147 31.7778553962708 31.7683267593384 31.8987989425659 32.0102725028992 31.6957426071167 31.5462169647217 31.5894989967346 31.9005889892578 32.3126811981201 32.1337695121765 31.9208607673645 32.0289511680603 31.9360423088074 31.671133518219 31.7852244377136 32.1543135643005 32.4224042892456 32.4164958000183 32.4091668128967 32.2764172554016 32.1786670684814 32.2879152297974 32.4511666297913 32.5334153175354 32.5786666870117 32.6839170455933 32.9191665649414 33.0054173469543 32.9166655540466 33.0159149169922 33.5528693199158 33.7815260887146
32.4002537727356 32.5042653083801 32.5002708435059 32.3042807579041 32.1281070709229 -9999 31.2763066291809 -9999 30.3896565437317 -9999 -9999 -9999 30.7757291793823 30.8076934814453 31.1195449829102 31.1829800605774 31.5147285461426 31.9454793930054 32.1862301826477 32.1249794960022 32.2237300872803 32.2434797286987 32.1212306022644 32.1589803695679 32.1860342025757 32.2783885002136 32.7557454109192 32.6311006546021 32.2484564781189 32.0348119735718 31.9791679382324 32.2525234222412 32.0638809204102 32.3532342910767 32.0795912742615 31.8219466209412 31.8773889541626 31.7659163475037 31.6684436798096 31.6589727401733 32.0854988098145 32.06702709198 32.1935563087463 32.7750840187073 33.200611114502 33.2011389732361 33.0418405532837 33.0180983543396 33.6106290817261 34.0724277496338
32.8702754974365 32.9265494346619 32.854823589325 32.631763458252 32.5043711662292 31.9769787788391 31.5537519454956 31.3940672874451 31.0239653587341 31.2507386207581 -9999 30.8792853355408 31.195104598999 31.6214652061462 32.0344944000244 32.1645212173462 32.1875476837158 32.2945771217346 32.4366035461426 32.647632598877 32.7256603240967 32.7876896858215 32.7197155952454 32.7457447052002 32.9375686645508 33.0711889266968 33.0748100280762 32.8144302368164 32.545051574707 32.2046718597412 32.2742929458618 32.551914691925 32.4915356636047 32.8021574020386 32.5127768516541 31.5733985900879 30.8016109466553 31.1800479888916 32.0772213935852 32.0250282287598 32.2148323059082 32.5836386680603 32.7734436988831 32.9552502632141 33.2460560798645 33.3365893363953 33.3130397796631 33.2194900512695 33.6963496208191 34.1746182441711
32.9532976150513 32.8038363456726 32.6893754005432 32.7130451202393 32.6874508857727 31.8159899711609 32.0526242256165 32.0951743125916 31.3853573799133 -9999 31.7936849594116 31.8367691040039 31.8011450767517 32.3944506645203 32.6787567138672 32.7580628395081 32.8563690185547 32.9026732444763 33.0979804992676 33.1882853507996 33.250590801239 33.31489610672 33.4302020072937 33.6925077438354 33.5961022377014 33.2239909172058 33.0128746032715 32.7937607765198 32.6406469345093 32.7575340270996 32.9904193878174 33.1013050079346 33.2921929359436 32.9530777931213 32.5749635696411 31.6768498420715 30.4841256141663 30.1946501731873 31.1630001068115 32.1170835494995 32.323166847229 32.6202502250671 32.8833336830139 33.3094162940979 33.5119585990906 33.7196002006531 33.9442400932312 34.1818799972534 34.2830686569214 34.437807559967
33.1273193359375 33.0111227035522 32.9639258384705 33.1377296447754 33.1245346069336 33.1033382415771 33.1622123718262 32.9289455413818 33.1026315689087 33.1079893112183 32.7463135719299 32.661159992218 33.0558533668518 33.2974381446838 33.250020980835 33.1406054496765 33.2091879844666 33.3207716941833 33.4373540878296 33.5619382858276 33.7015223503113 33.9151058197021 34.1836886405945 34.2452712059021 34.0056395530701 33.8297891616821 33.6469392776489 33.3620901107788 33.2862434387207 33.4063940048218 33.5855460166931 33.7266945838928 33.5668468475342 33.4069986343384 32.9771480560303 32.1883006095886 31.1633610725403 30.8972525596619 31.8867774009705 32.8271389007568 33.2044997215271 33.3438611030579 33.5412216186523 34.1449465751648 34.4207758903503 34.5716080665588 34.9074392318726 34.9432697296143 34.8977909088135 35.1629981994629
33.5543403625488 33.7334089279175 33.6514768600464 33.6685461997986 33.7276167869568 33.7596836090088 33.732753276825 33.6808228492737 33.7478895187378 33.8079595565796 33.8520278930664 33.9710965156555 33.6685633659363 33.2274241447449 33.2352843284607 33.4451460838318 33.9450068473816 34.2328677177429 34.2367300987244 34.0585913658142 33.8464517593384 34.1793131828308 34.6671748161316 34.4070343971252 34.1141748428345 34.1215901374817 33.9220056533813 33.5214214324951 33.3329572677612 33.2861490249634 33.4686713218689 33.7450866699219 33.8135008811951 33.7629170417786 33.3023338317871 32.4967503547668 32.4292774200439 32.6969156265259 33.0405554771423 33.2591938972473 33.8165040016174 34.347526550293 34.727548122406 35.0045709609985 35.2725944519043 35.5486154556274 35.7266387939453 35.7856616973877 35.6935110092163 35.6491851806641
33.5153608322144 33.9776930809021 34.0090279579163 34.0833625793457 34.2336964607239 34.2230305671692 34.2333655357361 34.2736983299255 34.265031337738 34.4643669128418 34.5986986160278 34.702033996582 34.3742718696594 33.523898601532 33.7825489044189 33.7416882514954 33.8028268814087 34.4459652900696 34.5991058349609 34.2362442016602 34.5043811798096 34.8595218658447 34.9226598739624 34.7168011665344 34.3037099838257 33.9853897094727 33.7410707473755 33.3157525062561 33.0191879272461 32.9988441467285 33.434796333313 33.781476020813 33.6511588096619 33.0494599342346 33.2191166877747 33.7997708320618 33.7957053184509 34.1509175300598 34.6501293182373 34.9813432693481 35.0705575942993 35.2307720184326 35.3749847412109 35.5091991424561 35.7044124603271 36.0326251983643 36.3298387527466 36.4040517807007 36.3832321166992 36.44837474823
33.4533829689026 34.0009818077087 33.886579990387 34.4331793785095 34.6707773208618 34.6633777618408 34.6329765319824 34.7745742797852 34.8951740264893 34.9377727508545 34.7343730926514 34.7699718475342 34.8489799499512 34.7933950424194 34.2401766777039 33.6349906921387 34.2238025665283 35.1206140518188 34.9554262161255 34.9772386550903 35.3510522842407 35.4877290725708 35.1511468887329 35.0745639801025 34.7822456359863 34.2801914215088 34.0831360816956 34.394082069397 34.0964207649231 33.8549742698669 33.5949220657349 34.4018664360046 34.3978848457336 34.2460007667542 34.6541171073914 34.9272336959839 35.1999940872192 35.564398765564 35.9258041381836 36.1222066879272 36.2876129150391 36.0620164871216 35.9424209594727 35.9498243331909 36.2042293548584 36.3726358413696 36.7280378341675 36.9524431228638 36.7929515838623 36.7635650634766
33.4084038734436 34.1742687225342 34.0271315574646 34.8889942169189 35.1448612213135 35.2377233505249 35.2745866775513 35.2754516601562 35.2563161849976 35.1671800613403 34.448043346405 34.1369090080261 34.6426882743835 35.2353830337524 35.0390777587891 35.3337707519531 35.7648916244507 36.0959129333496 36.3209342956543 36.130955696106 36.1389760971069 35.927996635437 35.6990175247192 35.3760395050049 35.1503381729126 35.2129163742065 35.2164926528931 35.2450723648071 35.106650352478 35.2502269744873 35.347806930542 35.4593839645386 35.6389636993408 35.7415409088135 35.8421192169189 35.9206972122192 35.9642839431763 36.1308794021606 36.1434755325317 36.6680707931519 36.4916658401489 36.2142629623413 35.9518556594849 36.0734519958496 36.2900476455688 36.2956418991089 36.4242401123047 36.8758335113525 37.1266708374023 36.8887538909912
34.7144241333008 34.5265550613403 34.7966814041138 35.5048131942749 35.6049423217773 35.7170715332031 35.9141998291016 35.9183292388916 35.869457244873 35.838586807251 35.6907167434692 35.6838455200195 35.8273973464966 35.9612951278687 36.2985239028931 36.5743131637573 36.8099813461304 36.9682121276855 36.9444417953491 36.8546705245972 36.6208992004395 36.6071300506592 36.5703582763672 36.3995866775513 36.0647230148315 35.7297630310059 35.9528007507324 36.130841255188 36.1708812713623 36.2149219512939 36.2039613723755 36.0390005111694 36.0590419769287 36.159083366394 36.1931209564209 36.2871618270874 36.1955738067627 36.596360206604 36.8571472167969 36.8359308242798 36.6567182540894 36.5065078735352 36.3722915649414 36.54407787323 36.5538644790649 36.7786512374878 36.9624366760254 37.1032257080078 37.2893924713135 37.2229442596436
35.7854471206665 35.6438398361206 35.817234992981 36.075629234314 36.317024230957 36.3964166641235 36.4408111572266 36.5352048873901 36.6475992202759 36.7849931716919 36.7793874740601 36.9208126068115 37.0623226165771 37.0157604217529 37.0211982727051 37.271635055542 37.473072052002 37.5695095062256 37.5529479980469 37.4603862762451 37.287823677063 37.2362594604492 37.2537002563477 37.0461359024048 37.0521049499512 36.9976081848145 37.0481090545654 37.2466106414795 37.3581113815308 37.1296148300171 37.0081148147583 36.8866186141968 36.6971197128296 36.7726211547852 37.0311222076416 37.423623085022 37.0038642883301 36.9858407974243 36.7048177719116 36.7137956619263 36.7607736587524 36.8227529525757 36.8937292098999 36.9047060012817 37.0626831054688 37.1696615219116 37.3106384277344 37.4806156158447 37.8401126861572 38.1241340637207
36.2750663757324 36.3939085006714 36.5897855758667 36.6255960464478 36.6544361114502 36.7892799377441 37.042121887207 37.2069664001465 37.2888088226318 37.392650604248 37.3964929580688 37.4603338241577 37.4695796966553 37.6932249069214 37.8538703918457 37.8705158233643 37.8241634368896 37.8408098220825 37.8834533691406 37.9831018447876 38.0357456207275 38.0073947906494 37.9710388183594 37.7676849365234 37.7274904251099 37.6944513320923 37.6904144287109 37.8093795776367 37.9233436584473 37.7533073425293 37.6732683181763 37.6632347106934 37.6341991424561 37.6851596832275 37.9181222915649 37.8900871276855 37.5751533508301 37.536322593689 37.5184907913208 37.5146598815918 37.4488277435303 37.4019956588745 37.4211654663086 37.4673328399658 37.6135015487671 37.7856702804565 37.9108371734619 38.0570049285889 38.3208341598511 38.5533218383789
36.7644176483154 36.7846927642822 36.9169692993164 37.0932445526123 37.2125215530396 37.4357986450195 37.5910768508911 37.5483522415161 37.6156272888184 37.8149042129517 37.9851808547974 37.9114599227905 37.9177846908569 37.8801574707031 38.0445318222046 38.2739057540894 38.3282794952393 38.2896528244019 38.345027923584 38.5474014282227 38.6917734146118 38.533148765564 38.3315229415894 38.1578960418701 38.0955295562744 38.1144199371338 38.1413106918335 37.9762029647827 38.0010929107666 38.240984916687 38.1138744354248 38.097767829895 38.0816593170166 37.8155479431152 37.7184400558472 37.8563327789307 37.949390411377 37.9176149368286 37.7788352966309 37.7820606231689 37.7212829589844 37.7755060195923 37.795729637146 37.944953918457 38.1211757659912 38.2393999099731 38.3306226730347 38.3448467254639 38.4727516174316 38.6633367538452
37.2414417266846 37.2263288497925 37.3002128601074 37.3450975418091 37.4529848098755 37.7138690948486 37.9527559280396 38.0806407928467 38.1675243377686 38.3564119338989 38.4102973937988 38.3481798171997 38.380934715271 38.2655591964722 38.3791780471802 38.6338005065918 38.9764223098755 39.0440425872803 38.8946657180786 38.8292875289917 38.9429082870483 39.0135288238525 38.8841514587402 38.7317733764648 38.5022258758545 38.6025114059448 38.454794883728 38.4250793457031 38.4323663711548 38.0246496200562 37.9339361190796 37.9042186737061 37.9605045318604 38.0007858276367 37.6680736541748 37.4463577270508 37.6665706634521 37.6067132949829 37.264856338501 37.42799949646 37.6351413726807 37.7532835006714 37.8604259490967 38.0245685577393 38.1237106323242 38.26185131073 38.4419937133789 38.6421375274658 38.919864654541 39.1041784286499
37.8124685287476 37.6819629669189 37.6164569854736 37.5369520187378 37.6524477005005 37.802939414978 38.1234359741211 38.4379291534424 38.5914239883423 38.7949161529541 38.8634119033813 38.882905960083 38.8410873413086 38.7919549942017 38.6118240356445 38.7596940994263 39.2765655517578 39.4644327163696 39.2043027877808 38.9011735916138 38.8270435333252 38.9919099807739 39.2987813949585 39.3216485977173 39.2739229202271 38.8136005401611 38.3872814178467 38.5499582290649 38.5876350402832 38.2343139648438 38.0829916000366 38.2656707763672 38.2343502044678 38.119026184082 37.9917020797729 37.801383972168 37.6357517242432 37.6108140945435 37.6058759689331 37.2149391174316 37.3449983596802 37.4010572433472 37.7241201400757 37.9521837234497 38.0692443847656 38.2743062973022 38.4943656921387 38.62242603302 38.8049774169922 39.0340232849121
38.0914974212646 38.0715999603271 38.055700302124 38.0968046188354 38.2079076766968 38.3430109024048 38.548113822937 38.6982173919678 38.8143196105957 39.0244245529175 39.1365280151367 39.2086315155029 39.1922388076782 39.2793569564819 39.277473449707 39.3735904693604 39.6157064437866 39.8868236541748 39.7769412994385 39.6670598983765 39.5891742706299 39.5272903442383 39.7374086380005 39.7185249328613 39.7456188201904 39.2576904296875 38.7817640304565 38.6508340835571 38.959906578064 39.0039777755737 38.5590505599976 38.6221218109131 38.6161956787109 38.6212644577026 38.5873374938965 38.5534105300903 38.4629354476929 38.368914604187 38.0368957519531 37.7018747329712 37.5498542785645 37.692834854126 37.869815826416 38.0217990875244 38.1427774429321 38.3637552261353 38.6057367324829 38.9017171859741 39.1490926742554 39.3858623504639
38.5005216598511 38.5012331008911 38.5309467315674 38.5926570892334 38.71937084198 38.918083190918 39.0567941665649 39.1475048065186 39.2202177047729 39.3409299850464 39.3946409225464 39.3403539657593 39.4603910446167 39.5007572174072 39.5961217880249 39.5444869995117 39.709849357605 39.7422151565552 39.6215772628784 39.5369434356689 39.5763082504272 39.7826719284058 39.8110370635986 39.8384008407593 39.8693170547485 39.8777809143066 39.6922483444214 39.4877099990845 39.1481781005859 38.8696441650391 38.9571075439453 38.8215742111206 38.7860383987427 38.8415021896362 39.0329675674438 39.0954351425171 39.1051158905029 39.0730133056641 38.9019155502319 38.7678155899048 38.690712928772 38.5606117248535 38.2925119400024 38.33141040802 38.3663101196289 38.5582084655762 38.9311084747314 39.2080087661743 39.2592058181763 39.1727046966553
38.9235486984253 38.9628715515137 39.0221910476685 39.0745115280151 39.2018327713013 39.3071517944336 39.3994741439819 39.3927936553955 39.5471134185791 39.6774349212646 39.7267570495605 39.8290748596191 39.8185424804688 39.6701545715332 39.8327674865723 40.1303796768188 40.1689939498901 39.8396043777466 39.9572143554688 39.9968280792236 40.0234432220459 40.1460542678833 40.1206665039062 40.0642786026001 40.0350131988525 40.0648698806763 40.1167287826538 39.6135911941528 39.3474493026733 39.0503063201904 38.8421649932861 38.8930244445801 38.9598827362061 39.2267427444458 39.3616008758545 39.3524589538574 39.1792984008789 39.1251153945923 39.01393699646 38.7547540664673 38.5705709457397 38.6193914413452 38.6152076721191 38.890025138855 39.0028438568115 39.0376625061035 38.8384799957275 38.7342967987061 38.6953191757202 38.7665491104126
39.4125757217407 39.383505821228 39.3344345092773 39.2973642349243 39.5242929458618 39.6482238769531 39.6081523895264 39.515082359314 39.4480123519897 39.6569395065308 40.148868560791 40.3517990112305 40.250693321228 40.1575546264648 40.2234134674072 40.5262746810913 40.9651355743408 41.0359945297241 41.2578535079956 40.9887142181396 40.3385753631592 40.1884346008301 40.0122938156128 40.1431541442871 40.1557092666626 40.2539625167847 40.1612129211426 39.586464881897 39.3257188796997 39.179970741272 39.0402231216431 39.0954751968384 39.2597255706787 39.3179798126221 39.2482318878174 39.2134847640991 39.1264810562134 38.872218132019 38.8229551315308 38.62269115448 38.4874296188354 38.4761648178101 38.6119012832642 38.7986402511597 38.9583787918091 39.0571146011353 39.0418510437012 39.0585889816284 39.0554342269897 39.0173892974854
39.8286008834839 39.9391384124756 39.9236783981323 39.909215927124 39.9257545471191 40.0672941207886 40.1298303604126 40.0273685455322 39.8429079055786 40.2264451980591 40.4649848937988 40.6425218582153 40.7298440933228 40.743953704834 40.9890623092651 41.0621690750122 41.0322751998901 41.0393838882446 41.2894897460938 41.4495992660522 41.0997076034546 40.9578161239624 40.8609209060669 40.8270301818848 40.7634057998657 40.6350536346436 39.7826976776123 39.2413444519043 39.0489902496338 38.7666358947754 38.6632814407349 38.9699258804321 39.2855710983276 39.3142194747925 39.3318653106689 39.3275117874146 39.2836608886719 39.1613178253174 38.9859743118286 38.9076290130615 38.7702865600586 38.8079442977905 38.8396005630493 38.9732542037964 39.1169137954712 39.3495664596558 39.3392248153687 39.166880607605 39.1385488510132 39.0372323989868
39.9286279678345 40.0007772445679 39.9859228134155 40.0030717849731 39.94921875 39.9673643112183 40.1435098648071 40.2326574325562 40.3328075408936 40.6229524612427 40.4610986709595 40.229248046875 40.3249979019165 40.6753530502319 40.9487085342407 40.5330638885498 40.5324201583862 40.41477394104 40.4671287536621 40.6384840011597 40.6618394851685 40.8031949996948 40.8455514907837 40.7629051208496 40.7131023406982 40.6851434707642 40.3461818695068 40.058219909668 39.8972606658936 39.7532997131348 39.5953388214111 39.62437915802 39.7274188995361 39.7504577636719 39.6144981384277 39.4805355072021 39.4338436126709 39.4914178848267 39.4949941635132 39.4815692901611 39.3501443862915 39.3747177124023 39.4322948455811 39.4508714675903 39.4984445571899 39.6040191650391 39.642596244812 39.5901708602905 39.5216636657715 39.2480754852295
40.1666574478149 40.2444114685059 40.2441682815552 40.2159242630005 40.233678817749 40.3674364089966 40.5791912078857 40.7389478683472 40.8097047805786 40.958459854126 40.7072143554688 40.5049705505371 40.4771499633789 40.6247529983521 40.5853548049927 40.5759582519531 40.7565622329712 40.5841646194458 40.5057668685913 40.7823715209961 40.8349723815918 40.9555759429932 40.9041776657104 40.7287817001343 40.7327995300293 40.4482326507568 40.260666847229 40.3440980911255 40.2475328445435 40.1789627075195 40.1103954315186 40.0368299484253 40.0802640914917 40.0516948699951 39.9371290206909 39.8515625 39.8160247802734 39.7535209655762 39.7080125808716 39.6535091400146 39.5940017700195 39.6944961547852 39.7859907150269 39.7664823532104 39.7549800872803 39.7454719543457 39.7689666748047 39.7944612503052 39.7547769546509 39.6549158096313
