data/spatiotemp/temp3/bio7_norsw_test_2011_2014.asc
NCOLS 654 
NROWS 380 
XLLCORNER 3.91666666666667 
YLLCORNER 55.3333333333333 
CELLSIZE 0.0416666666666667 
NODATA_value -9999 
[rows 352 to 373 of 380, columns 600 to 649 of 654]
38.127854347229 38.1169013977051 38.1409482955933 38.101993560791 38.1380386352539 38.0900840759277 37.9671316146851 37.942177772522 37.8669519424438 37.7834568023682 37.7019605636597 37.7694654464722 37.8659696578979 37.9844741821289 37.8499765396118 37.8964805603027 37.9929876327515 38.0904903411865 37.9959936141968 37.8994979858398 37.9830665588379 38.0296993255615 37.9223318099976 37.8569641113281 37.7565956115723 37.7302293777466 37.7208614349365 37.6934938430786 37.7401256561279 37.9897594451904 38.4583911895752 38.813024520874 38.9070377349854 38.7704296112061 38.5998220443726 38.5642147064209 38.5946092605591 38.387001991272 38.2563953399658 38.1977853775024 38.3091793060303 38.385573387146 38.2749662399292 38.0873584747314 38.1614427566528 38.2012195587158 38.105996131897 38.0067720413208 37.9645481109619 37.911322593689
38.1763134002686 38.1948394775391 38.2213668823242 38.2108964920044 38.2734222412109 38.2989492416382 38.3174772262573 38.3440055847168 38.229588508606 38.1682262420654 38.052864074707 38.022500038147 37.9881381988525 38.0507736206055 37.872410774231 37.8230476379395 37.8486852645874 37.8763236999512 37.8399610519409 37.8165979385376 37.8873872756958 37.9443264007568 37.7532644271851 37.5852031707764 37.5851430892944 37.6900825500488 37.6940231323242 37.7299613952637 37.9518995285034 38.3348407745361 38.7287788391113 38.8067178726196 38.6657419204712 38.5178518295288 38.5479612350464 38.6730690002441 38.8161792755127 38.7152900695801 38.4563980102539 38.4055070877075 38.3706169128418 38.4767246246338 38.276837348938 38.1669445037842 38.2619476318359 38.2028465270996 38.0287427902222 37.9406414031982 37.9155397415161 37.8874359130859
38.4297695159912 38.4087800979614 38.359787940979 38.2727994918823 38.2858095169067 38.3788146972656 38.3708248138428 38.405834197998 38.3772249221802 38.2649955749512 38.0777654647827 37.9725351333618 38.0063056945801 38.0730772018433 37.9058485031128 37.8126163482666 37.8503875732422 37.8691568374634 37.8009281158447 37.770697593689 37.812705039978 37.9269523620605 37.7661991119385 37.5904426574707 37.6686897277832 37.875937461853 37.9661827087402 38.0764255523682 38.3846740722656 38.613920211792 38.8091650009155 38.7064113616943 38.5034475326538 38.4232740402222 38.4100980758667 38.4929246902466 38.7277507781982 38.796576499939 38.619402885437 38.5502271652222 38.6450538635254 38.7698812484741 38.6767072677612 38.4235315322876 38.3694534301758 38.3624744415283 38.2814922332764 38.1665134429932 38.1675291061401 38.0615510940552
38.6952285766602 38.6217184066772 38.5592098236084 38.4487009048462 38.4261913299561 38.4096822738647 38.4581727981567 38.4806642532349 38.4218606948853 38.3337631225586 38.3516664505005 38.3045711517334 38.1214742660522 37.9743795394897 37.9102802276611 37.976185798645 38.1370878219604 37.9859914779663 37.7258939743042 37.8257970809937 38.007025718689 37.968578338623 37.7761325836182 37.7646856307983 37.9112358093262 38.0817880630493 38.177342414856 38.3368949890137 38.5264492034912 38.6049995422363 38.619553565979 38.4311056137085 38.2811527252197 38.3626947402954 38.3942375183105 38.433780670166 38.5843229293823 38.7648639678955 38.8704061508179 38.8899488449097 38.8974933624268 38.8840341567993 38.7295751571655 38.5851182937622 38.5269594192505 38.4050998687744 38.2662401199341 38.2863817214966 38.231520652771 38.011661529541
38.9756879806519 38.7836580276489 38.6446294784546 38.5776042938232 38.4645767211914 38.3455486297607 38.3845205307007 38.3524923324585 38.3124971389771 38.3515338897705 38.4275693893433 38.3656044006348 38.1906433105469 38.0416793823242 38.0607175827026 38.1487531661987 38.2917881011963 38.0608263015747 37.735860824585 37.8278970718384 37.9983472824097 37.9892053604126 37.7760639190674 37.7909231185913 37.9357824325562 37.9406433105469 38.0115032196045 38.0953617095947 38.279221534729 38.3190813064575 38.2929391860962 38.1367988586426 38.0598573684692 38.2321166992188 38.3053760528564 38.3976345062256 38.539891242981 38.6261520385742 38.7884111404419 38.7446699142456 38.704927444458 38.6821889877319 38.6304445266724 38.5167036056519 38.5754642486572 38.5597276687622 38.4619884490967 38.4362497329712 38.4135131835938 38.322774887085
38.783145904541 38.666600227356 38.5720539093018 38.5345058441162 38.4939603805542 38.3644132614136 38.3518676757812 38.2933216094971 38.2601318359375 38.2313013076782 38.2474727630615 38.2466411590576 38.2608127593994 38.2529821395874 38.2401514053345 38.1543197631836 38.234489440918 38.124659538269 37.9468278884888 37.8889961242676 37.8416662216187 37.8118314743042 37.7539968490601 37.8311653137207 37.8703308105469 37.8244981765747 37.7636623382568 37.8558282852173 37.968994140625 38.0101613998413 37.9403266906738 37.8674936294556 37.8765640258789 37.9645385742188 38.1185131072998 38.3234891891479 38.3714647293091 38.4454393386841 38.4914150238037 38.5133905410767 38.471363067627 38.4363412857056 38.4143152236938 38.3122911453247 38.3949708938599 38.3743543624878 38.330738067627 38.4201211929321 38.4365043640137 38.3738880157471
38.4232797622681 38.4393262863159 38.4243745803833 38.3884210586548 38.4314670562744 38.4275140762329 38.40456199646 38.4016084671021 38.3393774032593 38.2638664245605 38.1873559951782 38.1938457489014 38.2783355712891 38.4978246688843 38.3963117599487 38.2018032073975 38.1342935562134 37.9937829971313 37.8772735595703 37.885763168335 37.8464279174805 37.7312707901001 37.7061138153076 37.6959571838379 37.7228012084961 37.7336435317993 37.7774887084961 37.8553304672241 37.8421745300293 37.7660179138184 37.6398611068726 37.6507034301758 37.7703895568848 37.8589210510254 37.9404525756836 38.0509824752808 38.1575136184692 38.2630434036255 38.2405729293823 38.134105682373 38.2106370925903 38.2911672592163 38.2646961212158 38.084228515625 38.0753011703491 38.1099166870117 38.0495300292969 38.0781450271606 38.0687618255615 38.0773763656616
38.2160921096802 38.2318429946899 38.2585945129395 38.2983455657959 38.318097114563 38.3078489303589 38.3106021881104 38.3313522338867 38.3512268066406 38.2562236785889 38.1452207565308 38.1252164840698 38.2422132492065 38.4252080917358 38.3922052383423 38.1912021636963 38.0731992721558 37.9901962280273 37.9081907272339 37.7761898040771 37.7386331558228 37.6705226898193 37.5384149551392 37.4283027648926 37.5311937332153 37.711085319519 37.8679761886597 37.8858671188354 37.8047590255737 37.6916484832764 37.6015396118164 37.6534290313721 37.7743377685547 37.7972631454468 37.8521871566772 37.8991136550903 37.9730386734009 38.0819644927979 38.0868883132935 38.0148162841797 38.0147399902344 37.9266681671143 37.9965925216675 37.9675168991089 37.9704580307007 37.9814128875732 37.9093704223633 37.8343276977539 37.7702836990356 37.9002408981323
38.0829029083252 38.1173582077026 38.2198162078857 38.2782726287842 38.243727684021 38.1471853256226 38.1866416931152 38.2980995178223 38.2630786895752 38.2035818099976 38.1370859146118 38.1595897674561 38.2530927658081 38.2705945968628 38.2550983428955 38.1086006164551 38.0481052398682 38.0286092758179 37.9241142272949 37.7336168289185 37.6798372268677 37.6457767486572 37.5827131271362 37.5826501846313 37.7155895233154 37.8355274200439 37.8674640655518 37.7704019546509 37.6693420410156 37.719277381897 37.7592172622681 37.7261552810669 37.7422847747803 37.7196035385132 37.769923210144 37.8362436294556 37.8925647735596 38.040885925293 38.1312046051025 38.0985240936279 38.0188455581665 37.8341655731201 37.871485710144 37.9478073120117 38.0036134719849 37.9619131088257 37.8632106781006 37.8435087203979 37.8038053512573 37.89710521698
37.9947128295898 38.0908737182617 38.226035118103 38.2331972122192 38.1123580932617 38.0245189666748 38.1006832122803 38.194842338562 38.1379270553589 38.1649398803711 38.1479501724243 38.2069578170776 38.2189693450928 38.1349802017212 38.1169900894165 38.1149988174438 38.0560121536255 37.9070234298706 37.7820320129395 37.8040447235107 37.7230415344238 37.7160263061523 37.8030118942261 37.9009981155396 38.0009822845459 38.0289697647095 37.9009523391724 37.7219400405884 37.7379264831543 37.8349113464355 37.8388948440552 37.847882270813 37.809229850769 37.7059469223022 37.661660194397 37.6703758239746 37.755090713501 37.9448070526123 38.0775213241577 38.0662355422974 37.993950843811 37.9866647720337 37.9733781814575 37.8730936050415 37.9617710113525 37.952410697937 37.8500518798828 37.8396902084351 37.8123302459717 37.8359689712524
37.9625234603882 38.1903886795044 38.2782554626465 38.2251214981079 38.1219892501831 38.0448551177979 38.0457210540771 38.0815877914429 38.0577802658081 38.1192979812622 38.1398143768311 38.123330116272 38.1548480987549 38.1173667907715 38.0898818969727 38.1494007110596 38.0769186019897 37.9544363021851 37.7769536972046 37.7434701919556 37.8152465820312 37.8202781677246 38.0013113021851 38.0423440933228 38.0593757629395 38.0644092559814 38.0004425048828 37.9004755020142 37.9305086135864 37.8905410766602 37.7825756072998 37.8156080245972 37.8501806259155 37.724289894104 37.580397605896 37.5895071029663 37.6886167526245 37.7427272796631 37.8408365249634 37.8819446563721 37.8100538253784 37.9871644973755 38.0242738723755 37.8833837509155 37.817928314209 37.8749103546143 37.9498901367188 37.8358716964722 37.8358516693115 37.8858337402344
38.0823345184326 38.2989053726196 38.3224763870239 38.187047958374 38.0706195831299 37.9741897583008 37.9797620773315 38.0343322753906 38.0136289596558 38.1056537628174 38.1246786117554 38.103702545166 38.1747274398804 38.1197509765625 38.0867748260498 38.0517988204956 38.0188264846802 38.0038499832153 37.9228744506836 37.8248987197876 37.8774509429932 37.9845304489136 38.0906105041504 38.1796903610229 38.1687717437744 38.1838521957397 38.1289319992065 38.0780124664307 37.9030933380127 37.7831735610962 37.7672519683838 37.7613334655762 37.7231254577637 37.6596298217773 37.6711349487305 37.6286392211914 37.6481428146362 37.6946477890015 37.794150352478 37.8006553649902 37.7651596069336 37.8986644744873 38.0281686782837 38.0146722793579 37.8430843353271 37.8264064788818 37.8977298736572 37.8720512390137 37.9953737258911 37.9966955184937
38.1701431274414 38.1524219512939 38.2216958999634 38.2379732131958 38.1042490005493 37.9675245285034 38.0078010559082 37.9440774917603 37.9344816207886 38.0500106811523 38.0915422439575 38.2210731506348 38.1556053161621 38.0801362991333 38.0486688613892 38.0051984786987 37.9027318954468 37.9012622833252 37.8387937545776 37.8283252716064 37.8766555786133 37.9307804107666 38.0339097976685 38.0620384216309 37.8971643447876 37.9712934494019 38.0324211120605 37.9525480270386 37.7396774291992 37.6458053588867 37.7459325790405 37.7600584030151 37.7410736083984 37.7739715576172 37.6878709793091 37.5617694854736 37.5796689987183 37.6865682601929 37.7884674072266 37.6913661956787 37.6642646789551 37.8961639404297 37.9970626831055 37.9469614028931 37.9122428894043 37.9449081420898 37.9055690765381 37.8832330703735 37.8508968353271 37.7995615005493
38.0999536514282 38.1209363937378 38.1439161300659 38.1958980560303 38.1678781509399 38.1118602752686 38.1648406982422 37.9958219528198 38.0323314666748 38.1483688354492 38.0964069366455 38.0384454727173 37.9274845123291 37.8685216903687 37.9515600204468 37.9605979919434 37.8796358108521 37.8356761932373 37.8247137069702 37.7347526550293 37.6688585281372 37.6720342636108 37.8762102127075 38.0423851013184 37.9765586853027 37.8557348251343 37.8509092330933 37.8090848922729 37.6762619018555 37.6104354858398 37.6196117401123 37.6637859344482 37.7500219345093 37.836314201355 37.6946067810059 37.5299015045166 37.6011953353882 37.6084880828857 37.7287817001343 37.6870756149292 37.7913694381714 37.8886623382568 37.8969573974609 37.8362503051758 37.8493986129761 37.9474048614502 37.9764099121094 37.8434143066406 37.7144212722778 37.6274251937866
37.9637670516968 38.0454521179199 38.1181373596191 38.1408224105835 38.1665077209473 38.1971960067749 38.1208820343018 37.9925670623779 38.1401815414429 38.2407264709473 38.1882724761963 38.0838174819946 37.9573631286621 37.9729070663452 37.9564533233643 37.8589973449707 37.714542388916 37.6450891494751 37.6066331863403 37.6511793136597 37.6790618896484 37.620285987854 37.7065076828003 37.8477306365967 37.8629541397095 37.801176071167 37.6283988952637 37.4976215362549 37.4998455047607 37.4950666427612 37.4682912826538 37.705512046814 37.9309682846069 37.8976554870605 37.7323446273804 37.5950326919556 37.5267200469971 37.5214071273804 37.6840972900391 37.7907848358154 37.862473487854 37.8741607666016 37.882851600647 37.9315376281738 37.8835554122925 37.9339027404785 37.9332485198975 37.6505975723267 37.5779438018799 37.6022901535034
37.912576675415 38.0449666976929 38.1553573608398 38.109748840332 38.2671394348145 38.4925308227539 38.4399223327637 38.3613109588623 38.3650321960449 38.2780857086182 38.1981353759766 38.0611886978149 38.158242225647 38.1142930984497 37.9233446121216 37.8323965072632 37.6654500961304 37.5715007781982 37.5535535812378 37.5266056060791 37.4742679595947 37.5325374603271 37.5368070602417 37.5660772323608 37.6903476715088 37.8186178207397 37.592887878418 37.534158706665 37.6294279098511 37.6956987380981 37.5299701690674 37.5942401885986 37.759916305542 37.7849979400635 37.7150812149048 37.5911636352539 37.49924659729 37.530330657959 37.5714120864868 37.6464958190918 37.702579498291 37.7646608352661 37.8137435913086 37.9438257217407 37.9207134246826 37.8514003753662 37.7460889816284 37.4837779998779 37.3854665756226 37.4761543273926
37.9873876571655 38.0474843978882 38.0825777053833 38.0296745300293 38.1967697143555 38.3518667221069 38.3089628219604 38.2990570068359 38.2518835067749 38.1384420394897 38.1130018234253 38.1335601806641 38.2161197662354 38.1666793823242 37.9502382278442 37.7377958297729 37.5853567123413 37.5119152069092 37.4944734573364 37.428035736084 37.378472328186 37.4087896347046 37.4661045074463 37.4524250030518 37.4487409591675 37.6080589294434 37.7163772583008 37.7426948547363 37.6720132827759 37.6983299255371 37.5746479034424 37.4299669265747 37.3948640823364 37.5223417282104 37.5268182754517 37.4092960357666 37.5737724304199 37.6552505493164 37.6967287063599 37.6242065429688 37.7736835479736 37.8351612091064 37.8586378097534 37.9081153869629 37.9478702545166 37.7008981704712 37.4569282531738 37.5409574508667 37.6579875946045 37.6290159225464
38.0141983032227 37.9489994049072 37.9287996292114 37.9545984268188 38.0124006271362 38.1022005081177 38.1929998397827 38.3188028335571 38.2877349853516 38.0118007659912 38.0088672637939 38.050931930542 37.9779987335205 37.7870635986328 37.6081295013428 37.5351972579956 37.4902610778809 37.4723291397095 37.4773941040039 37.4524602890015 37.4916744232178 37.5010404586792 37.4224061965942 37.3257713317871 37.3091354370117 37.4145030975342 37.6688661575317 37.5672330856323 37.3945960998535 37.2849617004395 37.3043279647827 37.3076915740967 37.3818101882935 37.3436832427979 37.2495555877686 37.275426864624 37.4413003921509 37.6591701507568 37.8010416030884 37.7459154129028 37.7517881393433 37.8316593170166 37.9085311889648 37.8834047317505 37.9270267486572 37.7923984527588 37.5587692260742 37.5851392745972 37.8655099868774 38.1408824920654
37.9863157272339 37.9939813613892 38.1896486282349 38.2943172454834 38.123984336853 38.0696506500244 38.1533193588257 38.1719846725464 38.1857061386108 38.0384759902954 38.0242481231689 37.9980182647705 37.835789680481 37.69455909729 37.6303291320801 37.6360998153687 37.6098699569702 37.5616426467896 37.637412071228 37.7201833724976 37.6383953094482 37.4750461578369 37.4296989440918 37.3123502731323 37.2890033721924 37.4026536941528 37.4173030853271 37.3169555664062 37.2096071243286 37.2012586593628 37.2219104766846 37.2565612792969 37.3080186843872 37.3752775192261 37.3475379943848 37.3807973861694 37.4990587234497 37.6843185424805 37.8755779266357 37.917839050293 37.8360977172852 37.8373556137085 37.928617477417 37.9398765563965 37.9496479034424 37.8569297790527 37.6862106323242 37.689492225647 38.0437717437744 38.5290546417236
37.9067373275757 37.9784336090088 38.0901288986206 38.1198253631592 38.0195226669312 38.0002193450928 38.0589141845703 38.1446104049683 38.2037954330444 38.0774688720703 38.0151443481445 37.8948173522949 37.7414894104004 37.6931638717651 37.6848363876343 37.7265110015869 37.6181840896606 37.6208572387695 37.7525300979614 37.7082042694092 37.5386304855347 37.4698066711426 37.4339828491211 37.4501619338989 37.4973392486572 37.535514831543 37.4196920394897 37.2908697128296 37.3150472640991 37.1812238693237 37.1963996887207 37.1645774841309 37.2274875640869 37.4001274108887 37.4877681732178 37.5284070968628 37.6230497360229 37.6186904907227 37.8493309020996 37.8509721755981 37.7416124343872 37.7702531814575 37.8378944396973 37.893533706665 37.9177350997925 38.0504961013794 38.1692571640015 38.1600170135498 38.1527757644653 38.1185388565063
37.7761573791504 37.7758855819702 37.7626085281372 37.8233346939087 37.9250593185425 38.0137853622437 38.1595106124878 38.4312343597412 38.4908866882324 38.0974607467651 37.8380393981934 37.7486162185669 37.6721906661987 37.6367673873901 37.5953435897827 37.5639200210571 37.5114946365356 37.5620737075806 37.6096496582031 37.5072250366211 37.468864440918 37.5875682830811 37.5702695846558 37.6359720230103 37.5306749343872 37.4513759613037 37.3290796279907 37.3027820587158 37.2504835128784 37.2531890869141 37.3758897781372 37.2665920257568 37.178955078125 37.2799739837646 37.3939971923828 37.4130172729492 37.5220394134521 37.4640617370605 37.5960836410522 37.574104309082 37.5481262207031 37.6391468048096 37.681170463562 37.7251920700073 37.8258209228516 38.1440629959106 38.5443000793457 38.4855394363403 38.0317802429199 37.6000204086304
37.895580291748 37.8283357620239 37.8000888824463 37.8548431396484 37.9465970993042 38.0173530578613 38.1521062850952 38.4418592453003 38.5339775085449 38.0994558334351 37.8069343566895 37.7094135284424 37.6728925704956 37.5713710784912 37.4808521270752 37.4463300704956 37.5118093490601 37.6292877197266 37.7257671356201 37.6702470779419 37.6221017837524 37.571328163147 37.545557975769 37.5887842178345 37.5760126113892 37.5762405395508 37.3484678268433 37.2836961746216 37.3079242706299 37.4011507034302 37.4503793716431 37.2966070175171 37.1284227371216 37.1078252792358 37.2162275314331 37.2776308059692 37.40403175354 37.4464340209961 37.4778347015381 37.3742380142212 37.2976417541504 37.3670434951782 37.3644456863403 37.3458480834961 37.4459095001221 37.8316278457642 38.0823459625244 37.9490642547607 37.6847839355469 37.6075010299683
