data/spatiotemp/temp3/bio7_norsw_test_2011_2014.asc
NCOLS 654 
NROWS 380 
XLLCORNER 3.91666666666667 
YLLCORNER 55.3333333333333 
CELLSIZE 0.0416666666666667 
NODATA_value -9999 
[rows 286 to 307 of 380, columns 150 to 199 of 654]
27.200777053833 27.1579265594482 27.2713460922241 27.3010382652283 27.2671866416931 27.2597875595093 27.3215446472168 27.3080592155457 26.4374089241028 25.5413627624512 -9999 -9999 26.8781476020813 27.6295862197876 27.7785983085632 28.078061580658 28.2742285728455 28.4383387565613 28.6147317886353 28.6402506828308 28.5307703018188 28.2502903938293 28.1508088111877 28.0963273048401 28.0608472824097 27.8393654823303 27.7011580467224 27.7262258529663 27.8292922973633 27.9623589515686 28.186427116394 28.4093813896179 28.4915962219238 28.5768103599548 28.6500239372253 28.8602356910706 29.1474509239197 29.2706637382507 29.3114852905273 29.3409161567688 29.494345664978 29.9627785682678 30.3702073097229 30.8006381988525 30.9810671806335 30.6764988899231 30.548930644989 30.6693625450134 30.8457908630371 31.0292220115662
26.9309186935425 26.9266395568848 26.9060244560242 26.7390756607056 26.4617919921875 26.5564026832581 26.5836844444275 26.3804202079773 26.068076133728 25.4292964935303 -9999 -9999 -9999 25.2683939933777 27.4228687286377 27.6036195755005 27.8389272689819 28.0009851455688 28.1178283691406 28.3425998687744 28.0493612289429 27.8393263816833 27.7204203605652 27.6113848686218 27.6500353813171 27.5414438247681 27.4879899024963 27.6125512123108 27.7444019317627 27.8397035598755 27.9720053672791 28.1033067703247 28.3178300857544 28.4172191619873 28.6026110649109 28.8480024337769 29.0923924446106 29.2257823944092 29.2243871688843 29.2962079048157 29.5130262374878 29.9458465576172 30.1716666221619 30.5354857444763 30.8073053359985 30.7051243782043 30.7229442596436 30.7017631530762 30.7635836601257 30.9014019966125
27.0750584602356 27.0363516807556 26.7796607017517 26.39311170578 25.9664363861084 25.9284524917603 25.8693370819092 25.2354893684387 -9999 -9999 -9999 -9999 -9999 -9999 -9999 27.1796231269836 -9999 27.3826303482056 27.4207429885864 28.0177807807922 27.452570438385 27.2357263565063 27.1780276298523 27.2312254905701 27.0769233703613 27.2564959526062 27.4508209228516 27.5231924057007 27.6978621482849 27.8415336608887 27.8492026329041 27.8518714904785 27.9535431861877 28.181631565094 28.4631991386414 28.6957669258118 28.8733348846436 29.0099034309387 29.1672902107239 29.3425002098083 29.4527072906494 29.6759161949158 30.0151233673096 30.3373332023621 30.4885411262512 30.4577488899231 30.5799584388733 30.6461663246155 30.6253752708435 30.7145829200745
26.9391984939575 26.839066028595 26.3701605796814 25.7671480178833 25.5919137001038 25.6357975006104 25.633111000061 25.2615761756897 -9999 -9999 -9999 -9999 -9999 -9999 25.3308672904968 -9999 26.8906469345093 27.1079468727112 26.9844150543213 26.6568937301636 26.3270993232727 26.6523041725159 26.5625100135803 26.4039645195007 26.6529202461243 26.8359823226929 27.0452470779419 27.1572866439819 27.3833241462708 27.6833624839783 27.8524017333984 27.7224388122559 27.7474770545959 28.0505151748657 28.3117866516113 28.510534286499 28.6512794494629 28.741024017334 29.0231943130493 29.2237915992737 29.2093877792358 29.3869853019714 29.8135824203491 30.143180847168 30.3037767410278 30.4883751869202 30.4829721450806 30.5595698356628 30.6081657409668 30.4127650260925
26.5073404312134 26.10014295578 25.6806979179382 25.2393627166748 -9999 25.4715747833252 25.4885535240173 25.215160369873 23.7684621810913 -9999 -9999 -9999 -9999 -9999 -9999 -9999 26.9367752075195 26.9660387039185 26.8127665519714 26.3528523445129 26.3906273841858 26.4929046630859 26.1266803741455 25.5950398445129 26.0008983612061 26.4777579307556 26.7609739303589 26.8583812713623 27.0587868690491 27.3911910057068 27.6475992202759 27.6720061302185 27.7734117507935 27.9218173027039 28.0822238922119 28.3332977294922 28.5812220573425 28.6451425552368 28.8700952529907 28.9990816116333 28.9690685272217 29.1330561637878 29.7080416679382 29.9810285568237 30.0250129699707 30.1039991378784 30.3529853820801 30.4979724884033 30.4219584465027 30.1929450035095
26.290096282959 25.8634934425354 -9999 -9999 -9999 -9999 -9999 -9999 -9999 -9999 -9999 -9999 -9999 -9999 -9999 -9999 -9999 -9999 26.5681290626526 26.2988104820251 26.2611560821533 26.0521559715271 25.7137656211853 25.6222877502441 25.9995422363281 26.4116926193237 26.6366996765137 26.8064737319946 26.9982476234436 27.1430230140686 27.4287962913513 27.5155711174011 27.7073445320129 27.8851208686829 28.0768933296204 28.2640652656555 28.5151643753052 28.6502623558044 28.7599987983704 28.9043745994568 28.87975025177 29.0511255264282 29.4574999809265 29.7528748512268 29.749249458313 29.8506259918213 30.0509996414185 30.1773762702942 30.210750579834 30.1761250495911
-9999 23.9673018455505 -9999 -9999 -9999 -9999 -9999 -9999 -9999 -9999 -9999 -9999 -9999 -9999 -9999 -9999 -9999 -9999 25.3288507461548 25.2260174751282 25.7606840133667 25.714102268219 25.3737707138062 25.7327418327332 26.1316447257996 26.3950209617615 26.5814251899719 26.8005681037903 27.0017099380493 27.1308526992798 27.2729949951172 27.4241371154785 27.6152806282043 27.7784218788147 28.0235648155212 28.3047065734863 28.5008482933044 28.6029915809631 28.7679023742676 28.8356657028198 28.7124319076538 28.8041944503784 29.0109567642212 29.4637222290039 29.6684861183167 29.7192497253418 29.8770127296448 29.8067784309387 30.0175414085388 30.0713062286377
-9999 -9999 -9999 -9999 -9999 -9999 -9999 -9999 -9999 -9999 -9999 -9999 -9999 -9999 -9999 -9999 -9999 -9999 -9999 -9999 -9999 -9999 25.4358568191528 25.6650390625 25.9903373718262 26.3386521339417 26.5851497650146 26.7916603088379 26.9991707801819 27.0876812934875 27.1971917152405 27.3437032699585 27.5772132873535 27.6467232704163 27.8782348632812 28.1517448425293 28.2962555885315 28.4747657775879 28.725079536438 28.7781963348389 28.7471108436584 28.8512635231018 29.0464162826538 29.3845701217651 29.6087217330933 29.625874042511 29.6560273170471 29.7221813201904 29.8023324012756 29.8334860801697
-9999 -9999 -9999 -9999 -9999 -9999 -9999 -9999 -9999 -9999 -9999 -9999 -9999 -9999 -9999 -9999 -9999 -9999 -9999 25.7523083686829 25.7959904670715 25.7553000450134 25.5916924476624 25.616415977478 25.8082246780396 26.2412829399109 26.5848770141602 26.7037553787231 26.8736343383789 27.0275120735168 27.1713895797729 27.2782683372498 27.4681477546692 27.5650272369385 27.7449045181274 27.9967823028564 28.1896624565125 28.3985414505005 28.5897393226624 28.6642618179321 28.8617849349976 29.1193342208862 29.2948746681213 29.46941614151 29.5079588890076 29.4954991340637 29.4300422668457 29.577582359314 29.6351256370544 29.4906678199768
-9999 -9999 -9999 -9999 -9999 -9999 -9999 -9999 -9999 -9999 -9999 -9999 -9999 -9999 -9999 -9999 -9999 -9999 -9999 25.4763913154602 25.6292695999146 25.5705409049988 25.6975283622742 25.5430202484131 25.7612400054932 26.3665819168091 26.7126021385193 26.7778491973877 26.9070949554443 27.0263419151306 27.076587677002 27.2228355407715 27.3940815925598 27.6213278770447 27.7735757827759 27.9378218650818 28.1250677108765 28.2913146018982 28.4624013900757 28.5943307876587 28.77325963974 29.0671887397766 29.1501183509827 29.3502640724182 29.4071950912476 29.3891253471375 29.2720551490784 29.349986076355 29.470917224884 29.3358478546143
-9999 -9999 -9999 -9999 -9999 -9999 -9999 -9999 -9999 -9999 -9999 -9999 -9999 -9999 -9999 -9999 -9999 -9999 -9999 -9999 25.7687983512878 25.8777475357056 25.9366965293884 25.7706470489502 25.8370971679688 26.3227558135986 26.7203273773193 26.7979421615601 26.8855581283569 26.977171421051 27.0087857246399 27.1343998908997 27.3660159111023 27.6226301193237 27.6782445907593 27.7998600006104 27.9564738273621 28.0800890922546 28.2210636138916 28.4583973884583 28.6857333183289 28.8710689544678 28.901403427124 29.1277389526367 29.1734323501587 29.1737518310547 29.1950707435608 29.3583898544312 29.2857084274292 29.2360286712646
-9999 -9999 -9999 -9999 -9999 -9999 -9999 -9999 -9999 -9999 -9999 -9999 -9999 -9999 -9999 -9999 -9999 -9999 -9999 -9999 -9999 -9999 25.0758666992188 26.0550904273987 26.1967401504517 26.5601325035095 26.8120536804199 26.88103723526 26.9780192375183 27.0220022201538 27.0669841766357 27.1919665336609 27.3619499206543 27.6019320487976 27.6579155921936 27.7948985099792 27.9158806800842 27.9908628463745 28.1177253723145 28.3844666481018 28.5372071266174 28.6469488143921 28.6466908454895 28.8604326248169 29.0191736221313 29.1763768196106 29.1870851516724 29.2897934913635 29.1315021514893 29.0802097320557
-9999 -9999 -9999 -9999 -9999 -9999 -9999 -9999 -9999 -9999 -9999 -9999 -9999 -9999 -9999 -9999 -9999 -9999 -9999 -9999 -9999 -9999 -9999 25.3514380455017 26.4532556533813 26.7765650749207 27.0697302818298 27.1629567146301 27.222972869873 27.2059907913208 27.1950092315674 27.2650270462036 27.3640446662903 27.5430603027344 27.6070790290833 27.7180967330933 27.8291149139404 27.8681311607361 28.074737071991 28.2779359817505 28.3891324996948 28.5073294639587 28.476526260376 28.602725982666 28.7829222679138 28.9771194458008 29.1003170013428 29.0075731277466 28.7436156272888 28.7456593513489
-9999 -9999 -9999 -9999 -9999 -9999 -9999 -9999 -9999 -9999 -9999 -9999 -9999 -9999 -9999 -9999 -9999 -9999 -9999 -9999 -9999 -9999 -9999 -9999 26.2288799285889 26.8507719039917 27.2894382476807 27.3637037277222 27.4354224205017 27.3141412734985 27.2948598861694 27.3345785140991 27.4112973213196 27.553014755249 27.5227346420288 27.5814538002014 27.6801714897156 27.7638907432556 28.0601024627686 28.1558036804199 28.2515077590942 28.2812099456787 28.3709139823914 28.5736174583435 28.7113213539124 28.7680244445801 28.8347272872925 28.5717353820801 28.498058795929 28.5373811721802
-9999 -9999 -9999 -9999 -9999 -9999 -9999 -9999 -9999 -9999 -9999 -9999 -9999 -9999 -9999 -9999 -9999 -9999 -9999 -9999 -9999 -9999 -9999 25.4406628608704 25.8229265213013 26.8801879882812 27.3480310440063 27.4764504432678 27.4498696327209 27.3832902908325 27.4007096290588 27.4021306037903 27.4275498390198 27.5099697113037 27.4963912963867 27.6358108520508 27.6442317962646 27.7766518592834 28.0514669418335 28.1356744766235 28.1038842201233 28.0470933914185 28.2883019447327 28.5185108184814 28.6557192802429 28.6439275741577 28.4511370658875 28.2573475837708 28.2755002975464 28.3341007232666
-9999 -9999 -9999 -9999 -9999 -9999 -9999 -9999 -9999 -9999 -9999 -9999 -9999 -9999 -9999 -9999 -9999 -9999 -9999 -9999 -9999 26.6968841552734 -9999 -9999 25.9919714927673 27.2936658859253 27.4231452941895 27.5831961631775 27.5343174934387 27.4424381256104 27.4735589027405 27.4586825370789 27.4748034477234 27.5399250984192 27.5120458602905 27.6111679077148 27.6432905197144 27.7054104804993 27.9348287582397 27.9495429992676 27.9352593421936 28.0119729042053 28.2466883659363 28.3804035186768 28.3681178092957 28.3088321685791 28.1735472679138 28.0922632217407 28.1409769058228 28.3816919326782
-9999 -9999 -9999 -9999 -9999 -9999 -9999 -9999 -9999 -9999 -9999 -9999 -9999 -9999 -9999 -9999 -9999 -9999 -9999 -9999 -9999 26.24263048172 -9999 -9999 25.8610153198242 27.5338106155396 27.58167552948 27.6665139198303 27.6097660064697 27.5545873641968 27.5664114952087 27.5592341423035 27.5010557174683 27.5658802986145 27.4497027397156 27.472526550293 27.5263481140137 27.5661725997925 27.7061939239502 27.7844142913818 27.7966356277466 27.9348545074463 28.131076335907 28.2672963142395 28.1925163269043 28.0387372970581 27.9409580230713 28.0251789093018 28.2573986053467 28.5026183128357
-9999 -9999 -9999 -9999 -9999 -9999 -9999 -9999 -9999 -9999 -9999 -9999 -9999 -9999 -9999 -9999 -9999 -9999 -9999 -9999 -9999 -9999 -9999 -9999 -9999 27.6918711662292 27.7372698783875 27.8046889305115 27.704213142395 27.6257376670837 27.4932618141174 27.4717864990234 27.5273118019104 27.6408343315125 27.5333590507507 27.4448838233948 27.3354086875916 27.4149322509766 27.5265574455261 27.6282849311829 27.7310094833374 27.8227348327637 27.9474620819092 27.9901895523071 27.9309139251709 27.8916411399841 27.9413681030273 28.1010956764221 28.3318214416504 28.4875464439392
-9999 -9999 -9999 -9999 -9999 -9999 -9999 -9999 -9999 -9999 -9999 -9999 -9999 -9999 -9999 -9999 -9999 -9999 -9999 -9999 -9999 -9999 -9999 -9999 -9999 -9999 27.8392095565796 27.8440189361572 27.7287521362305 27.5638856887817 27.4461116790771 27.4443392753601 27.3945641517639 27.5610074996948 27.5070147514343 27.464241027832 27.4194674491882 27.4036927223206 27.49192237854 27.5561542510986 27.5943851470947 27.6746172904968 27.7398500442505 27.7580819129944 27.7593126296997 27.8675465583801 27.94677734375 28.0570111274719 28.1542420387268 28.283474445343
-9999 -9999 -9999 -9999 -9999 -9999 -9999 -9999 -9999 -9999 -9999 -9999 -9999 -9999 -9999 -9999 -9999 -9999 -9999 -9999 -9999 -9999 -9999 -9999 -9999 28.1625785827637 28.1121010780334 27.9301824569702 27.7151098251343 27.5320358276367 27.4822130203247 27.5220580101013 27.4298181533813 27.3419623374939 27.2341480255127 27.3129796981812 27.3799057006836 27.4074530601501 27.4702854156494 27.4470238685608 27.4067625999451 27.4964985847473 27.6082377433777 27.676974773407 27.7587113380432 27.8494501113892 27.8901882171631 27.9139261245728 27.9186644554138 27.9924025535583
-9999 -9999 -9999 -9999 -9999 -9999 -9999 -9999 -9999 -9999 -9999 -9999 -9999 -9999 -9999 -9999 -9999 -9999 -9999 -9999 -9999 -9999 -9999 -9999 -9999 28.2053413391113 28.0429248809814 27.8059272766113 27.5415573120117 27.4155378341675 27.4159450531006 27.5414414405823 27.4320712089539 27.2910332679749 27.0013270378113 27.1081156730652 27.2405848503113 27.3442130088806 27.466649055481 27.4508924484253 27.4311366081238 27.5593791007996 27.6756238937378 27.7038674354553 27.754111289978 27.7983555793762 27.7665987014771 27.7608428001404 27.8000874519348 27.828330039978
-9999 -9999 -9999 -9999 -9999 -9999 -9999 -9999 -9999 -9999 -9999 -9999 -9999 -9999 -9999 -9999 -9999 -9999 -9999 -9999 -9999 -9999 -9999 -9999 26.4437408447266 27.7345328330994 27.7875227928162 27.4166741371155 27.2923617362976 27.3117456436157 27.469331741333 27.469868183136 27.3393235206604 27.1771168708801 27.098690032959 27.1473126411438 27.2402687072754 27.2568783760071 27.2917094230652 27.4237613677979 27.6299290657043 27.7740120887756 27.8380107879639 27.7097601890564 27.6625108718872 27.6752605438232 27.6650085449219 27.6357579231262 27.6965079307556 27.774257183075
