data/spatiotemp/temp3/bio7_norsw_test_2011_2014.asc
NCOLS 654 
NROWS 380 
XLLCORNER 3.91666666666667 
YLLCORNER 55.3333333333333 
CELLSIZE 0.0416666666666667 
NODATA_value -9999 
[rows 198 to 219 of 380, columns 150 to 199 of 654]
27.2412314414978 27.5175685882568 27.3628883361816 27.5931901931763 27.7944922447205 27.7357950210571 27.7900986671448 28.1153998374939 28.1021246910095 28.2039642333984 28.3098039627075 28.503643989563 28.6884851455688 28.6103234291077 28.6755061149597 28.9070320129395 29.0085573196411 28.9980835914612 28.9246101379395 29.2601356506348 29.9296622276306 29.9771881103516 30.1297144889832 30.5502400398254 30.5377669334412 30.4322929382324 30.5553455352783 30.4289236068726 30.7465038299561 30.8040838241577 30.9116625785828 30.648241519928 30.3208212852478 30.134400844574 29.6969799995422 29.9985594749451 30.4711384773254 30.5587182044983 30.8764867782593 30.8154492378235 31.0374102592468 31.2053713798523 31.1893329620361 30.8342938423157 30.2652549743652 29.9112162590027 30.6771774291992 31.2211399078369 31.0991005897522 31.5860614776611
27.45583152771 27.5527863502502 27.4592137336731 27.635112285614 27.8720111846924 27.7278637886047 28.1702537536621 28.3416419029236 28.42103099823 28.1364207267761 27.9548106193542 28.2671990394592 28.6785883903503 28.4989790916443 28.9448099136353 28.8280820846558 28.8543548583984 29.0626273155212 29.4078993797302 29.9601731300354 30.068443775177 29.8117175102234 30.181990146637 30.5952625274658 30.7685351371765 30.8798084259033 31.1226925849915 31.296190738678 31.2546877861023 31.3671855926514 31.4956827163696 31.1591787338257 30.9436755180359 30.7121734619141 30.7116703987122 30.9021673202515 31.2116646766663 31.3161616325378 31.1775093078613 31.0207076072693 31.2769060134888 31.5241045951843 31.4013032913208 30.9155011177063 29.9996991157532 30.0138983726501 30.6120977401733 30.733295917511 30.890495300293 31.3716931343079
27.6679949760437 27.6092205047607 27.721302986145 27.9312434196472 28.0091814994812 27.970121383667 28.3650598526001 28.3259983062744 28.4889388084412 28.6228775978088 28.6988158226013 28.5067563056946 28.5116949081421 28.3896341323853 28.7341136932373 29.0351328849792 29.3831515312195 29.526171207428 29.4771904945374 29.6122093200684 29.7542281150818 29.8192477226257 30.1912660598755 30.8212852478027 31.0203046798706 30.5793242454529 30.9400410652161 31.5855684280396 31.8243403434753 31.8781080245972 31.7987008094788 31.8121156692505 31.6725296974182 31.578944683075 31.7003602981567 31.5957760810852 31.1821908950806 31.2256059646606 31.5365314483643 31.6409673690796 31.5854029655457 31.7758374214172 31.7412729263306 31.5617098808289 30.888144493103 30.980580329895 31.3180170059204 30.8234534263611 30.4578886032104 30.931324005127
27.481969833374 27.7197680473328 27.6929106712341 27.6463990211487 27.9408893585205 27.9533777236938 28.4008674621582 28.1303563117981 28.260844707489 28.4833340644836 28.7968230247498 28.913311958313 28.5378012657166 28.5862903594971 28.8234171867371 28.8311834335327 29.31094789505 29.5447144508362 29.6804800033569 29.7242455482483 30.2730112075806 30.4607768058777 30.5645422935486 31.1343078613281 31.0910739898682 30.6838397979736 30.9063878059387 31.6848573684692 31.8135209083557 31.7543864250183 31.9457206726074 31.5650525093079 31.2873854637146 31.025719165802 31.2800512313843 31.6713843345642 31.6837167739868 31.6680498123169 31.680552482605 31.9242253303528 31.7528982162476 31.9055724143982 32.0092449188232 32.0999174118042 32.2185916900635 32.0462636947632 32.325936794281 32.0426092147827 31.3522820472717 31.5099558830261
27.7616534233093 27.8031992912292 27.5642566680908 27.3648266792297 27.7333974838257 28.1089673042297 28.2995371818542 28.4711079597473 28.4186773300171 28.4812474250793 28.5308165550232 29.011387348175 28.9859571456909 28.7365274429321 28.7116851806641 29.0954308509827 29.5371761322021 29.6389212608337 30.135666847229 30.2884120941162 30.0401573181152 29.956901550293 30.3626480102539 31.1813941001892 30.9511394500732 30.931884765625 31.2113881111145 32.0924115180969 31.9570460319519 31.8761677742004 32.3353147506714 32.4529500007629 32.143584728241 32.1442089080811 32.1704697608948 31.9757313728333 32.1979923248291 32.3202514648438 32.343976020813 32.289165019989 32.0720839500427 32.1398873329163 32.6566905975342 32.7884922027588 32.8672933578491 32.7732934951782 33.0054807662964 32.9066705703735 33.1078577041626 33.115044593811
28.168044090271 28.1095142364502 28.068341255188 27.637523651123 27.8477063179016 28.2558884620667 27.9490704536438 27.9752521514893 28.4624347686768 28.5816168785095 28.7647995948792 28.6269812583923 28.7971639633179 29.1103463172913 28.9769163131714 29.3028745651245 29.1958336830139 29.8497924804688 30.0297493934631 29.6947083473206 29.8636665344238 29.9136247634888 30.1995830535889 30.9225416183472 30.7994990348816 31.3194584846497 31.6800360679626 31.9772295951843 32.5119142532349 32.8775963783264 32.9772772789001 32.949963092804 32.7296423912048 32.8363265991211 32.6440081596375 32.5416913032532 32.8173723220825 32.9030556678772 32.7516417503357 32.6591339111328 32.8386240005493 32.6701159477234 32.7166080474854 32.666708946228 32.8736886978149 33.0146703720093 33.407573223114 33.4120626449585 33.1196141242981 33.0225930213928
28.2444343566895 28.2958297729492 28.3334250450134 28.4602198600769 28.1270141601562 28.4028077125549 28.1566033363342 28.3383975028992 28.3981928825378 28.8159871101379 29.1397819519043 29.1095752716064 29.2273707389832 29.1941652297974 29.3101477622986 29.6863198280334 29.7494902610779 30.0726618766785 30.0408339500427 29.7290048599243 29.9351758956909 30.6123476028442 31.2635183334351 30.9856882095337 31.115861415863 31.7400326728821 32.0113224983215 32.3560523986816 33.0837831497192 33.3655128479004 33.0502433776855 32.4659714698792 32.6267013549805 32.7344312667847 32.7771620750427 32.984893321991 32.7596225738525 32.6513509750366 32.8938055038452 33.0959854125977 33.0461654663086 32.8343458175659 32.7215261459351 32.9427046775818 33.065272808075 33.163046836853 33.5922479629517 33.5954256057739 33.4473676681519 33.4811425209045
27.6608257293701 28.3221459388733 28.5905094146729 28.7469162940979 28.6393232345581 28.8207297325134 28.5871367454529 28.8035430908203 28.6089496612549 29.1303563117981 29.5627632141113 29.4481701850891 29.3335781097412 29.1989846229553 29.3693795204163 29.8327631950378 30.3181486129761 30.561532497406 30.6199159622192 30.2943015098572 30.5846848487854 31.3239006996155 31.6724143028259 31.2469263076782 31.5414390563965 31.959951877594 32.6280980110168 33.1808748245239 33.5696535110474 33.299430847168 33.3352060317993 33.3039817810059 33.2587604522705 33.3295383453369 33.2003140449524 33.1220927238464 32.8658714294434 32.9826459884644 33.2629699707031 33.2788395881653 33.0627055168152 33.0445761680603 32.3507237434387 32.8812894821167 33.0868563652039 32.6784248352051 33.1009912490845 33.6147871017456 33.5086569786072 33.5846900939941
28.2412161827087 28.2344603538513 28.457592010498 29.0546126365662 29.2176303863525 29.0206508636475 29.1706681251526 29.2016878128052 29.0277070999146 29.184727191925 29.2887454032898 29.3927645683289 29.4887838363647 29.529803276062 29.6136102676392 29.6182079315186 30.0178055763245 30.3754019737244 30.6040000915527 30.9170503616333 31.5675735473633 32.0110993385315 31.7546234130859 31.3701481819153 32.0276713371277 32.4701962471008 33.0298709869385 33.5226955413818 33.6465196609497 33.9253454208374 33.5481700897217 33.282995223999 33.1708188056946 33.1056451797485 33.1254682540894 33.4732933044434 32.9781174659729 32.8239436149597 33.0771336555481 33.5646905899048 33.9112462997437 33.7128067016602 32.3297219276428 31.7960815429688 31.4814400672913 32.0468001365662 32.8881611824036 32.7485198974609 33.2468776702881 33.6542634963989
28.7119445800781 28.8537764549255 28.8486771583557 28.6423087120056 29.0929384231567 29.0215711593628 29.067202091217 29.1708331108093 29.0654654502869 28.9920964241028 28.9177274703979 29.2063593864441 29.5269908905029 30.0396218299866 30.2318425178528 30.078652381897 30.2764630317688 29.8302736282349 30.1240820884705 30.9542245864868 31.6037611961365 32.1212978363037 32.4158320426941 32.3393683433533 32.4129047393799 32.9134411811829 33.3796434402466 32.8415169715881 32.5973901748657 32.498260974884 33.1681342124939 33.5650072097778 33.6738758087158 33.6187505722046 33.2516222000122 33.5544948577881 33.7273654937744 33.8352365493774 33.8802967071533 33.8795433044434 34.0967893600464 34.0470342636108 33.8712825775146 33.1405267715454 32.3110237121582 31.4691767692566 32.4563279151917 33.0864825248718 33.0826354026794 33.337785243988
28.7569966316223 28.8400912284851 29.0667600631714 29.0940036773682 29.3302478790283 29.429491519928 29.1267356872559 29.1869783401489 29.5742225646973 29.819465637207 29.4247088432312 29.4679522514343 29.7361974716187 30.0334401130676 30.4690737724304 30.4540967941284 30.3601202964783 30.3191432952881 30.9818525314331 31.4633994102478 31.7729468345642 31.7544941902161 32.098042011261 32.6995906829834 32.7491383552551 32.5476870536804 32.9234180450439 32.8843374252319 32.7522583007812 32.3581781387329 32.1830983161926 32.8910164833069 32.9069356918335 33.1688556671143 34.0107746124268 34.4176931381226 34.4956140518188 34.6075325012207 34.6384611129761 34.798397064209 34.5333309173584 34.3372640609741 34.3931999206543 34.4471349716187 34.1890697479248 33.8830041885376 33.6259355545044 33.7614421844482 34.375807762146 34.5197429656982
28.3513875007629 28.5034070014954 28.6138443946838 28.7157006263733 29.3245558738708 29.8634128570557 29.6832685470581 29.4761233329773 29.7159805297852 30.0298357009888 30.039692401886 30.0275473594666 29.8394041061401 30.2712593078613 30.4637789726257 30.2465424537659 30.4608979225159 31.2414565086365 31.6160159111023 31.8665752410889 31.9481348991394 32.4186930656433 32.8002524375916 32.3808121681213 31.134370803833 30.5079030990601 30.5149326324463 31.8921594619751 32.7411274909973 33.463095664978 33.0050587654114 32.699028968811 33.4479942321777 33.451961517334 33.6899299621582 34.0878944396973 33.7268629074097 33.9588298797607 34.4506244659424 34.6432485580444 34.6578731536865 34.4244947433472 34.0971183776855 34.3237409591675 34.7373638153076 35.0279865264893 35.1746110916138 35.2762355804443 35.3658561706543 35.4414806365967
27.9327783584595 28.4057221412659 28.2979273796082 28.6033964157104 29.218864440918 29.7863335609436 29.7978014945984 29.8522691726685 29.6477370262146 29.9992060661316 30.4926729202271 30.4991421699524 30.4445290565491 30.4379172325134 30.2135372161865 30.2794671058655 31.3310375213623 31.7706079483032 31.959180355072 32.2687492370605 32.1943197250366 32.1288900375366 32.5544610023499 32.6680312156677 32.4216027259827 32.047173500061 31.6365814208984 31.2723426818848 32.1609964370728 32.4020090103149 33.4810237884521 33.0230374336243 33.0950527191162 33.7330694198608 32.9600820541382 33.6320953369141 33.9801111221313 33.9981241226196 34.2677888870239 34.3361005783081 34.540412902832 34.2147245407104 33.4510383605957 33.8423480987549 34.9296598434448 35.2259731292725 35.1922845840454 35.4995956420898 35.3859081268311 35.2812204360962
27.8721690177917 27.7750377655029 27.8900122642517 28.5550942420959 29.0321726799011 29.3742532730103 29.7513332366943 29.8024144172668 29.9294943809509 30.1885747909546 30.2916564941406 30.6063222885132 30.5572824478149 30.5172429084778 30.5540132522583 31.1605958938599 31.7801775932312 32.2767586708069 32.1363439559937 31.632924079895 31.5015058517456 31.666088104248 31.8746709823608 32.5222544670105 33.0078349113464 32.9724197387695 32.7767395973206 32.7808022499084 32.8728632926941 32.370924949646 33.2829856872559 33.8030490875244 33.7391128540039 34.1211738586426 33.8112344741821 33.7482967376709 34.0673589706421 34.5354204177856 33.7099523544312 33.130952835083 33.7609539031982 34.2639532089233 33.8799538612366 34.106954574585 35.1559562683105 35.4549579620361 35.5869560241699 35.8109588623047 35.9629583358765 35.9839611053467
27.9995608329773 27.7463517189026 28.5460963249207 28.986789226532 28.7374820709229 28.7841739654541 29.4068675041199 29.8685598373413 29.9312524795532 30.0949454307556 30.4176378250122 30.3865041732788 31.0350351333618 31.5405673980713 31.2791304588318 31.9137229919434 32.3893175125122 31.4259123802185 31.8155040740967 31.2600984573364 31.2922501564026 31.6241254806519 31.7040004730225 31.7518758773804 32.2980690002441 32.8866634368896 33.3795137405396 33.3596248626709 33.4997320175171 32.8468427658081 33.1479520797729 33.0790610313416 32.8621697425842 33.6642799377441 33.852388381958 33.9924993515015 34.2606077194214 34.7667179107666 34.1501150131226 33.8168039321899 34.3564939498901 34.5501832962036 34.1368732452393 34.6535625457764 35.3022499084473 35.6039409637451 35.7536306381226 35.8013200759888 35.8160085678101 35.6526966094971
28.8999495506287 28.3216667175293 28.7001795768738 29.2674851417542 29.4847898483276 29.4460964202881 29.8734006881714 30.0247049331665 29.6390104293823 29.571316242218 30.3486199378967 31.3836879730225 31.7007913589478 32.1438927650452 32.253246307373 32.1908540725708 31.9454569816589 31.3410634994507 31.7416667938232 31.8502740859985 31.1848788261414 31.7234835624695 31.7389354705811 32.0880236625671 32.3091115951538 32.0991992950439 32.4972867965698 32.8384432792664 33.2576017379761 33.793758392334 33.2599158287048 32.6250715255737 31.4819674491882 32.397385597229 33.1765427589417 33.2266998291016 33.6708545684814 34.7040128707886 34.8602800369263 34.7476596832275 34.6420335769653 34.4664134979248 34.0597929954529 34.665168762207 34.7155475616455 34.1139259338379 34.7773036956787 35.4806833267212 35.4200592041016 35.5704383850098
28.693350315094 29.2139406204224 29.3682823181152 29.1383771896362 29.7474699020386 29.6295638084412 29.6906571388245 29.6777510643005 29.7178449630737 30.0919375419617 30.6064157485962 31.5083365440369 31.4192585945129 31.3801789283752 31.2645220756531 31.1192893981934 31.1510572433472 31.2048525810242 31.9745922088623 32.2313580513 31.5051259994507 32.4248957633972 32.1366624832153 32.4794311523438 32.1608352661133 32.1555471420288 31.7638573646545 31.4657621383667 32.348201751709 33.6955442428589 32.9978866577148 33.5672292709351 32.1795716285706 32.2679123878479 32.470253944397 32.8585987091064 33.7889385223389 34.605281829834 35.1399097442627 35.2248258590698 34.7027416229248 33.8426575660706 33.87557554245 34.7694902420044 34.9444065093994 34.3893232345581 33.8600749969482 34.6141548156738 34.0780715942383 34.3799867630005
29.3777585029602 29.6651701927185 29.7644033432007 29.6664628982544 29.8335227966309 29.9745812416077 30.0756411552429 30.08069896698 30.1177597045898 30.3654870986938 31.0024695396423 30.3819346427917 29.0919952392578 30.4070544242859 31.0729565620422 31.1010355949402 31.2159504890442 31.635196685791 31.9322757720947 32.8603553771973 32.3694353103638 31.470682144165 32.3015956878662 32.841676235199 32.60675573349 32.026668548584 32.0818586349487 32.0264925956726 31.9881267547607 33.1972031593323 33.4888668060303 33.7015342712402 34.1261978149414 34.174861907959 33.9065284729004 33.7571926116943 33.9068574905396 34.8875226974487 35.1420059204102 35.0803108215332 34.2536144256592 33.6039190292358 34.1002225875854 34.5485258102417 34.3968296051025 34.4571332931519 34.4264373779297 34.7947406768799 34.9330444335938 34.9333486557007
30.0521655082703 29.5273976325989 29.3085260391235 29.3895497322083 29.1485743522644 29.5545988082886 29.7446222305298 30.1766471862793 30.8174304962158 31.2244791984558 31.5185270309448 30.5187449455261 29.9507694244385 30.2437930107117 31.6303906440735 31.3577823638916 31.5391759872437 32.2595677375793 32.6259608268738 33.2233533859253 32.9817442893982 31.7191376686096 31.3114461898804 31.8922276496887 32.6583161354065 32.8027057647705 32.9168968200684 33.1768865585327 32.7728734016418 33.6558609008789 33.8598499298096 32.6318368911743 32.7728238105774 34.0658102035522 34.7788009643555 34.9287881851196 35.0537757873535 35.1197652816772 34.5621023178101 33.9197936058044 33.6524872779846 34.0511789321899 34.6248693466187 34.7725610733032 33.962251663208 33.0276303291321 33.9196348190308 34.3813285827637 34.3710193634033 34.5677118301392
29.4015731811523 29.2836260795593 29.486647605896 29.7656373977661 29.9796271324158 30.1636157035828 30.1166038513184 30.4075956344604 30.9673581123352 31.2884683609009 31.7495803833008 31.6646914482117 31.2228050231934 31.0155324935913 31.3748245239258 32.4295291900635 32.0542345046997 31.8819389343262 31.926643371582 32.4953484535217 33.5530519485474 32.2457590103149 31.9504632949829 32.7611684799194 33.1758728027344 33.0345783233643 32.5455861091614 32.6188969612122 33.5212087631226 34.2975177764893 34.7078275680542 34.0891399383545 33.5924510955811 33.7127618789673 34.7760715484619 35.2513828277588 35.4496936798096 34.9860057830811 33.9041991233826 33.1692805290222 33.4413585662842 33.9354372024536 34.3715181350708 34.5135946273804 34.8546752929688 34.1667556762695 34.2958345413208 34.0152273178101 34.2005252838135 34.8060722351074
29.1609816551208 29.1978549957275 29.6207704544067 30.0887241363525 30.1946783065796 30.0756349563599 29.8675889968872 30.1915426254272 30.7054977416992 30.7394518852234 31.1304063796997 31.3538103103638 31.807984828949 32.0071630477905 31.5462579727173 31.7492756843567 32.820291519165 32.6993126869202 32.1323275566101 32.4743447303772 33.3633632659912 33.3823795318604 32.5553965568542 32.9074144363403 33.3464336395264 33.2124500274658 32.765275478363 32.8629093170166 33.5275430679321 34.095175743103 34.6398105621338 34.8594446182251 34.8310775756836 34.7447118759155 34.8133459091187 35.4369783401489 35.5986127853394 35.403244972229 35.0322942733765 33.8037648200989 33.606231212616 34.0596981048584 34.574164390564 34.5716323852539 34.9480981826782 35.2645673751831 35.3370332717896 35.2795009613037 35.4979667663574 35.4654331207275
29.5513892173767 29.910083770752 29.9398908615112 29.7348108291626 29.9207315444946 29.7166509628296 29.5905709266663 30.1224908828735 30.5434112548828 30.6253328323364 30.9792518615723 31.0811724662781 31.3441691398621 31.8464088439941 32.2986927032471 32.4800219535828 32.4843525886536 33.2246828079224 33.0340118408203 32.5003414154053 32.6596713066101 34.1020030975342 33.6893310546875 33.3616619110107 33.4359922409058 33.4403209686279 33.5589637756348 33.4299221038818 33.534875869751 33.518835067749 33.7787914276123 34.4947481155396 35.1407041549683 35.3626613616943 35.5496196746826 35.8685731887817 35.9375305175781 35.9454879760742 35.625394821167 34.5142459869385 33.9401016235352 34.226957321167 34.7688131332397 35.1166677474976 34.9765214920044 35.508376121521 35.5722303390503 35.3540868759155 35.3499422073364 35.6807956695557
