data/spatiotemp/temp3/bio8_norsw_test_2011_2014.asc
NCOLS 654 
NROWS 380 
XLLCORNER 3.91666666666667 
YLLCORNER 55.3333333333333 
CELLSIZE 0.0416666666666667 
NODATA_value -9999 
[rows 44 to 65 of 380, columns 600 to 649 of 654]
9.90664631128311 9.84435310959816 9.75656026601791 9.66843363642693 9.74964067339897 9.87034729123116 9.94988763332367 10.0559280514717 10.1168952584267 10.0032898187637 9.86101746559143 9.87824460864067 10.0411393046379 10.0580337643623 10.0162616372108 9.99082237482071 9.79805028438568 9.65244433283806 9.65217211842537 9.71373319625854 9.72954601049423 9.55627700686455 9.41867458820343 9.51673868298531 9.60646948218346 9.67420071363449 5.53666704893112 5.49264031648636 5.40061390399933 5.40658718347549 5.31206095218658 4.6013106405735 5.17935031652451 4.46907398104668 4.35422766208649 4.23288124799728 4.14420190453529 4.06535550951958 4.13200908899307 4.13216286897659 4.06331652402878 4.03213694691658 4.04079034924507 3.91627748310566 4.04529473185539 4.46917617321014 4.61489114165306 4.55210572481155 4.60698711872101 4.79503506422043
9.7850324511528 9.81115534901619 9.85577836632729 9.9317344725132 9.99019116163254 10.015480607748 9.95843699574471 10.0760599970818 10.1701333522797 9.93415629863739 9.79184690117836 9.92553681135178 9.96306052803993 9.64475053548813 9.58110693097115 9.9507971405983 9.89915436506271 9.57284411787987 9.32953438162804 9.1718909740448 9.37971004843712 9.53482374548912 9.5986045897007 9.54188522696495 9.45566561818123 9.37977984547615 9.32939368486404 5.23891264200211 5.33078971505165 5.37183287739754 5.29687666893005 5.20092022418976 5.10903409123421 4.44461274147034 4.3401545882225 4.29636344313622 4.27407196164131 4.29328054189682 4.41632252931595 4.37119781970978 4.38573974370956 4.33311519026756 4.44299039244652 4.50903248786926 4.47423356771469 4.41242697834969 4.00678703188896 4.09948047995567 4.44400706887245 4.79286754131317
9.98630157113075 10.015830039978 10.0615260004997 10.1570546627045 10.214917242527 10.2191127836704 10.2099747061729 10.179837167263 10.0770305395126 10.1473878026009 9.87007862329483 9.70943579077721 9.58062592148781 9.53514996170998 9.71134093403816 9.94086474180222 9.97472184896469 9.80574572086334 9.63026961684227 9.25512710213661 9.08191396296024 9.13379698991776 9.30818027257919 9.28356346487999 9.34077998995781 9.38366323709488 9.29971295595169 9.23326295614243 5.12540492415428 5.17661330103874 5.16398826241493 5.05352994799614 4.47841343283653 4.43539589643478 4.49421116709709 4.57419335842133 5.17933586239815 4.55532419681549 5.15311124920845 4.58512222766876 4.70243752002716 4.75558632612228 5.24966073036194 4.62355080246925 4.50882071256638 4.34087866544724 4.23460340499878 4.32966116070747 5.10100081562996 4.58127719163895
10.0574530363083 10.1243777871132 10.1396358311176 10.1940604746342 10.1993188261986 10.2187432646751 10.1820017397404 10.2159269452095 10.2520866394043 10.190649420023 10.0045450925827 9.70477423071861 9.61816990375519 9.68206602334976 9.74929511547089 9.82435774803162 9.73308688402176 9.51798260211945 9.4220452606678 9.3414411842823 9.25682500004768 9.33869656920433 9.30823478102684 9.33644008636475 9.32881194353104 9.37935057282448 9.30288887023926 9.2914274930954 9.27729925513268 9.30017101764679 9.2648760676384 5.09169670939445 5.01427334547043 5.00962537527084 4.49206405878067 5.12399646639824 5.10601526498795 5.21520066261292 5.28821942210197 4.73610213398933 5.29325702786446 5.2561092376709 5.21829468011856 4.59033241868019 4.4877236187458 4.32503163814545 4.21167317032814 4.34698122739792 4.44328972697258 5.08832693099976
10.0827712416649 10.0304253995419 10.0257458090782 10.1434000134468 10.1577204763889 10.2177076637745 10.2690279483795 10.308848887682 10.1954763829708 10.0254110097885 9.86467894911766 9.7137798666954 9.7353809773922 9.64198198914528 9.5212494134903 9.53418388962746 9.48561856150627 9.2747196406126 9.21198727190495 9.18775519728661 9.24340251088142 9.32392957806587 9.42912337183952 9.45365017652512 9.43234407901764 9.38387098908424 9.35939830541611 9.41892552375793 9.4161191880703 9.3641465306282 9.37684005498886 9.37636718153954 5.21026024222374 5.14216047525406 5.17089402675629 5.21379420161247 5.28852760791779 5.34542790055275 5.24432787299156 5.09322828054428 5.07379513978958 5.14702844619751 5.13542854785919 5.01299548149109 4.40745982527733 4.3841849565506 4.33874309062958 4.42480152845383 4.4901932477951 5.04519757628441
10.0367564558983 9.97280621528625 9.98718902468681 10.1319057047367 10.2234553694725 10.2173385024071 10.2173883020878 10.1524378359318 10.1221993267536 10.1601726412773 10.0311458110809 9.90845170617104 9.86009132862091 9.80223110318184 9.73970428109169 9.63051068782806 9.58398339152336 9.56978958845139 9.46126264333725 9.40773564577103 9.42631351947784 9.49016228318214 9.5183447599411 9.50969371199608 9.49837630987167 9.43189197778702 9.38240775465965 9.33392345905304 9.43510589003563 9.43978843092918 9.49863770604134 9.37648621201515 9.2733356654644 5.20469543337822 5.27064353227615 5.31942543387413 5.28020662069321 5.13932174444199 5.11926990747452 5.08688467741013 4.58718729019165 4.57814562320709 4.49627086520195 4.8986776471138 4.39219602942467 4.47867104411125 5.06425023078918 4.51512169837952 4.48743012547493 4.3387385904789
10.1094080209732 10.212353438139 10.2089661061764 10.2309118211269 10.270190268755 10.2769691944122 10.2542486190796 10.2331935167313 10.1205893456936 10.0846007764339 10.0481123030186 9.92229035496712 9.85013556480408 9.75714707374573 9.57482516765594 9.4793367087841 9.42651522159576 9.45686012506485 9.51920491456985 9.5320497751236 9.54855746030807 9.56156188249588 9.60156637430191 9.59573757648468 9.54140850901604 9.45324608683586 9.4545841217041 9.43342152237892 9.42692556977272 9.41309654712677 9.41360121965408 9.33810570836067 9.40894505381584 9.53545340895653 5.38439357280731 5.36238950490952 5.26205268502235 5.19738209247589 5.11604511737823 5.09787458181381 5.05703750252724 5.07620069384575 5.05419662594795 5.04935964941978 5.0408801138401 4.33499068021774 4.39438301324844 4.39127513766289 4.22616711258888 4.15405932068825
10.1997262537479 10.2270679175854 10.2755761146545 10.2934175729752 10.2472591102123 10.2417670190334 10.2387749552727 10.20461627841 10.0681455433369 9.92019563913345 9.91257935762405 9.91229578852654 9.89817968010902 9.8130629658699 9.71244633197784 9.58366295695305 9.534713357687 9.55459675192833 9.63481396436691 9.59436368942261 9.57796892523766 9.58579489588737 9.63745477795601 9.66661435365677 9.71260726451874 9.6822672188282 9.67475959658623 9.64075264334679 9.61441221833229 9.5685721039772 9.54789838194847 9.47855785489082 9.47872149944305 9.52855524420738 9.55738869309425 5.36718732118607 9.45522353053093 5.18427610397339 9.1807242333889 4.50818887352943 4.42763143777847 4.92978644371033 4.89766389131546 4.31895929574966 4.36666819453239 4.27914395928383 4.22695270180702 4.20609512925148 4.16040408611298 4.27437978982925
10.2517113387585 10.2814483940601 10.2663523852825 10.2157563269138 10.1223269402981 10.0758974850178 10.1506349444389 10.1728720664978 10.0862018465996 9.98845735192299 9.94037967920303 9.8791344165802 9.81139016151428 9.71847894787788 9.60356763005257 9.54298937320709 9.53541171550751 9.59133329987526 9.57358905673027 9.50184437632561 9.52321287989616 9.56552794575691 9.64350959658623 9.69815784692764 9.6878063082695 9.63012108206749 9.59460219740868 9.59975105524063 9.57406568527222 9.46721392869949 9.46569550037384 9.54367750883102 9.63066434860229 9.66315680742264 9.58364936709404 9.47797521948814 9.37013450264931 9.19146022200584 8.56309169530869 8.63009324669838 5.13861355185509 5.03503885865211 4.47097292542458 4.44607451558113 4.23923793435097 4.23679688572884 4.26652276515961 4.15058200061321 4.25614088773727 4.31536677479744
10.2186960577965 10.2886628508568 10.1961292922497 10.181762188673 10.1248952746391 10.0123616158962 10.0638282001019 10.0389610528946 10.0284245312214 9.90955206751823 9.78901287913322 9.66130650043488 9.63743388652802 9.6177282333374 9.62285554409027 9.64031618833542 9.63194343447685 9.64757058024406 9.65603125095367 9.66549184918404 9.67429086565971 9.71976089477539 9.72489780187607 9.74353432655334 9.71333798766136 9.62147510051727 9.55794507265091 9.44774836301804 9.29238545894623 9.19902265071869 9.23965898156166 9.45729628205299 9.60694059729576 9.66059148311615 9.59840962290764 9.48639425635338 9.44371193647385 8.86376193165779 5.31387078762054 9.28249967098236 5.1664847433567 9.28580188751221 5.13543209433556 5.11440560221672 5.05707365274429 4.41345027089119 4.9017978310585 4.41690191626549 4.42787802219391 5.04021799564362
10.0958477556705 10.1957100331783 10.1579055190086 10.0502680540085 9.97079715132713 9.92599266767502 9.89985498785973 9.92121708393097 9.88548114895821 9.85631382465363 9.77081277966499 9.65647885203362 9.67231151461601 9.64847734570503 9.68647676706314 9.70814251899719 9.74914193153381 9.76964119076729 9.82614007592201 9.82913926243782 9.84170165657997 9.82932725548744 9.80778586864471 9.67957830429077 9.56920364499092 9.55849593877792 9.3967878818512 9.32257983088493 9.21237224340439 9.17616441845894 9.25078982114792 9.33724856376648 9.48104953765869 9.59202662110329 9.61050298810005 9.44698017835617 9.4126236140728 9.40976682305336 9.26174384355545 9.14172023534775 5.10252243280411 5.12454423308372 5.15539920330048 5.21392062306404 9.22209268808365 9.15537893772125 9.19666546583176 5.0434864461422 5.07578778266907 9.21685871481895
10.0691659450531 10.0635908991098 9.95501562952995 9.92860686779022 9.96469870209694 10.0166232287884 10.0063814222813 9.95763954520226 9.86653786897659 9.87390860915184 9.87911319732666 9.86831745505333 9.82518872618675 9.80039301514626 9.80993118882179 9.80830243229866 9.79834035038948 9.82237794995308 9.86458206176758 9.87195345759392 9.81894582509995 9.69622683525085 9.62384071946144 9.46245485544205 9.46840214729309 9.40384969115257 9.249630600214 9.27807822823524 9.38302531838417 9.20997270941734 9.08025372028351 8.9880346506834 9.32449233531952 9.46229460835457 9.43843013048172 9.58306562900543 9.48736810684204 9.38267004489899 9.15763914585114 8.65405967831612 9.19140991568565 9.28537908196449 9.35718089342117 9.43048286437988 9.48594525456429 9.42023411393166 9.33352267742157 9.33764490485191 9.31776669621468 9.19672217965126
10.0116513520479 10.0984722226858 10.0547923445702 10.007279753685 10.011433660984 10.0172539949417 9.9935747385025 9.89856213331223 9.88126042485237 9.9230038523674 9.91107967495918 9.91548982262611 9.9143992960453 9.89314258098602 9.85155221819878 9.76962849497795 9.66170525550842 9.74761489033699 9.81169110536575 9.74643394351006 9.63868999481201 9.61812648177147 9.56556242704391 9.50033161044121 9.49576780200005 9.42720344662666 9.38464000821114 9.43657591938972 9.42534536123276 9.59011501073837 9.50221747159958 9.37148660421371 9.33876883983612 9.37106305360794 9.42752403020859 9.51448503136635 9.64944607019424 9.65474006533623 9.53570112586021 9.38266196846962 9.25795608758926 8.88259619474411 9.48187750577927 9.61433884501457 9.65446472167969 9.64258903264999 5.41579213738441 5.35580471158028 9.36929446458817 9.2182520031929
10.074469357729 10.0055192559958 9.99840252101421 9.97611899673939 10.0121686458588 9.88521826267242 9.825101390481 9.94498470425606 9.9181501865387 9.8235981464386 9.83788019418716 9.87482860684395 9.87661013007164 9.86655825376511 9.79800659418106 9.70045512914658 9.64690348505974 9.63751789927483 9.69663292169571 9.59458163380623 9.4407676756382 9.52852588891983 9.50378394126892 9.51337510347366 9.49580025672913 9.48105809092522 9.59298279881477 9.72707408666611 9.65966555476189 9.74875658750534 9.75818136334419 9.72460606694221 9.74587839841843 9.69766455888748 9.58561751246452 9.55857080221176 9.77685695886612 9.86681023240089 9.83259639143944 9.74488279223442 9.60250195860863 9.49412205815315 9.58940854668617 9.68536150455475 9.78715133666992 9.82444414496422 5.59801262617111 5.5467976629734 5.45591595768929 5.44586798548698
9.86193613708019 9.73296524584293 9.78366108238697 9.61352363228798 9.75088615715504 9.99408149719238 10.0092772245407 9.94613960385323 9.95383182168007 9.88535374403 9.82637590169907 9.81173112988472 9.8069204390049 9.59810884296894 9.59479731321335 9.82215279340744 9.7735081911087 9.62286406755447 9.68905261158943 9.8169079720974 9.71780130267143 9.8662320971489 9.81849631667137 9.6320940554142 9.66685855388641 9.75478917360306 9.84922012686729 9.86698415875435 9.95408216118813 9.79434606432915 9.73961049318314 9.80254140496254 9.94360619783401 10.0571376085281 10.033835709095 9.95603331923485 9.93139836192131 10.0040964782238 9.91096127033234 9.89265942573547 9.72702449560165 9.69172239303589 9.71842050552368 9.791618257761 9.85330951213837 9.91499364376068 9.91801089048386 5.6509758234024 5.58542856574059 5.60554838180542
9.28685986995697 9.68381021916866 9.79623521864414 9.683160379529 9.74125196039677 10.0283438265324 10.2089352011681 10.1591939926147 10.0496383309364 10.0674363970757 10.0179007947445 9.9848650097847 10.0621627569199 9.99379387497902 9.90442460775375 9.87388977408409 9.94718730449677 10.0379845798016 9.9474490582943 10.0187465250492 10.0907899737358 10.1199114322662 9.90586656332016 9.72365462779999 9.64727625250816 9.86673077940941 9.71735215187073 9.86097386479378 9.89242869615555 9.98555043339729 9.98367190361023 10.038626819849 10.0882860124111 10.1348153650761 10.1671783030033 10.1628741919994 10.0902369022369 10.0105996131897 10.0352960824966 10.1034922897816 10.0153549611568 9.93788456916809 9.93424713611603 9.88944384455681 9.85044032335281 9.94957083463669 9.86803448200226 9.63399866223335 9.74329537153244 9.90092611312866
10.1731671392918 10.0063217431307 9.42758351564407 9.34050108492374 9.31541883945465 9.98777267336845 9.99726057052612 10.1599144935608 10.2406119406223 10.2911856174469 10.2632587552071 10.1756655275822 10.1679051816463 10.223312497139 10.1850525438786 10.1572925150394 10.1728659272194 10.227439135313 10.1748460233212 10.1194194853306 10.1969456672668 10.1629242300987 10.1285696923733 10.0778815448284 10.0715274512768 10.0683391988277 10.0819846987724 10.0746302306652 10.0644428133965 10.0730879604816 10.0454001426697 10.0152122974396 9.9889652132988 9.941326379776 10.0363537967205 10.0940479040146 10.0159087479115 10.0056030154228 10.0021309554577 9.95399129390717 9.94301930069923 9.85338026285172 9.95707434415817 9.98543500900269 10.0255707502365 9.96231484413147 9.89922487735748 9.95080214738846 9.99621248245239 9.98862260580063
10.2101159393787 10.2361662983894 10.1130501329899 9.65849059820175 9.57727554440498 9.49839314818382 9.82058542966843 10.049302816391 9.99391904473305 10.1327681839466 10.119950056076 10.2156330943108 10.2806484103203 10.2593306601048 10.2743462920189 10.243528932333 10.2240447700024 10.0525602400303 10.0617426633835 10.176591783762 9.88510078191757 9.89577028155327 9.91793975234032 9.91444259881973 9.97811183333397 10.0854477584362 10.043450564146 9.96928644180298 9.94645568728447 9.963458776474 9.98362794518471 9.99046382308006 9.92031145095825 9.8903371989727 9.90119594335556 9.93938878178596 9.94824779033661 9.86210662126541 9.85363206267357 9.89482450485229 9.96001705527306 9.99004256725311 10.0782343447208 10.0459268093109 9.97920167446136 9.67272526025772 9.8012492954731 9.95593905448914 10.0344628095627 10.0128197073936
10.44423148036 10.4225113987923 10.182790979743 10.1635710000992 10.2845174372196 10.2572972476482 10.0374104678631 10.0845231115818 10.1933922469616 10.1741842031479 10.2106417715549 10.172266215086 10.1727245748043 10.2206823825836 10.1788069605827 10.0442654192448 9.82238975167274 9.1983106136322 9.61780607700348 9.7430976331234 9.81592288613319 9.69294965267181 9.80980959534645 9.94616949558258 10.0403628349304 9.81655639410019 9.70974949002266 9.79010945558548 9.77480274438858 9.03939285874367 8.83077770471573 8.87516236305237 8.88375267386436 9.05438342690468 9.09618070721626 9.05847772955894 9.74341925978661 9.87060979008675 9.98063346743584 9.95432391762733 10.0298475623131 10.0868712663651 10.0930615067482 9.98225226998329 9.90899881720543 9.88763603568077 9.94943940639496 9.85140982270241 9.91737973690033 9.97935003042221
10.2445138841867 10.2700225114822 10.3200317025185 10.2792076468468 10.2575502991676 10.2340592741966 10.2535687983036 10.2155776917934 10.2098654508591 10.2587661147118 10.0810000002384 9.62889370322227 10.1321339905262 10.1528674960136 10.10743445158 10.0610017180443 9.91240167617798 9.88496917486191 9.90736949443817 9.76326981186867 9.712745398283 9.61646246910095 9.78984618186951 9.93206363916397 9.98778060078621 10.0243311226368 9.99438175559044 9.98759931325912 9.15006658434868 8.62380363047123 8.72604022920132 9.11711069941521 9.15698674321175 9.02666845917702 9.70838105678558 9.74456918239594 9.81075763702393 9.90027987957001 9.95146837830544 9.89782333374023 10.0093448460102 9.95403319597244 9.86772200465202 9.65607693791389 9.49362993240356 9.52421349287033 9.74979695677757 9.74704658985138 9.95279633998871 10.0032138228416
9.61530008912086 9.49301977455616 9.55973890423775 10.0821777880192 10.1080828905106 10.1368215084076 9.90289360284805 9.89463153481483 9.98967251181602 10.1223488748074 10.2296915054321 10.2670339047909 10.1298766732216 10.1212196648121 10.1493955850601 9.95007145404816 9.9114136993885 9.91042324900627 9.87959939241409 9.77544176578522 9.28907591104507 9.29599869251251 9.49475473165512 9.50867742300034 9.45676690340042 9.14185655117035 8.75744566321373 8.45236854255199 8.97362437844276 8.84388113021851 8.92197021842003 9.68472009897232 9.1587208211422 9.22212016582489 9.20718622207642 9.23875203728676 9.24248483777046 9.87844961881638 9.24228385090828 9.59548926353455 9.87034237384796 9.7255292236805 8.64338140189648 8.85678040981293 9.5982600748539 9.76179057359695 9.80432015657425 9.95318359136581 10.0038803219795 9.99374347925186
9.45935463905334 9.38127443194389 9.27902770042419 9.30544753372669 9.1428674608469 9.81091731786728 9.98938503861427 10.1203528046608 10.1266458630562 10.15009739995 10.2570495903492 10.3006678521633 10.2819527983665 10.2817376852036 10.2588559985161 10.102807611227 9.9472590982914 9.85254445672035 9.90399625897408 9.83144763112068 9.81088936328888 9.27692338824272 8.88653203845024 8.58547373116016 8.36924904584885 8.48269045352936 8.93846561014652 8.9852412045002 9.16134920716286 8.76612471044064 8.92973329126835 8.84934152662754 8.53328786790371 8.72173817455769 8.74452222883701 9.06263962388039 9.29675683379173 9.4247071146965 9.87213775515556 9.22844132781029 9.23339223861694 9.04667580127716 8.69895939528942 8.92474392056465 8.89307633042336 9.39686769247055 9.52884384989738 9.58448749780655 9.97896385192871 10.1094407439232
