data/spatiotemp/temp3/bio8_norsw_test_2011_2014.asc
NCOLS 654 
NROWS 380 
XLLCORNER 3.91666666666667 
YLLCORNER 55.3333333333333 
CELLSIZE 0.0416666666666667 
NODATA_value -9999 
[rows 176 to 197 of 380, columns 300 to 349 of 654]
13.3575875759125 13.2154765129089 13.372456073761 13.3834097385406 13.5370302200317 13.5693173408508 13.648937702179 13.1644825935364 12.985769033432 13.4104528427124 13.6721363067627 13.5313203334808 13.3116707801819 13.1363544464111 13.2893712520599 13.4748888015747 13.6892073154449 13.6157374382019 13.2444398403168 12.8916234970093 12.6316151618958 12.523414850235 12.3718814849854 12.4502768516541 12.5378620624542 12.751113653183 12.789365530014 12.6326172351837 12.4065351486206 12.2764539718628 12.6287052631378 12.560290813446 12.5117995738983 12.5088987350464 12.3909974098206 12.2977631092072 12.3275284767151 12.3569610118866 12.4917261600494 12.4378256797791 12.2575221061707 12.3785817623138 12.5356404781342 12.6606998443604 12.6977562904358 12.6381435394287 12.6333644390106 12.8880853652954 12.7749729156494 12.9471938610077
13.62118268013 13.3429317474365 13.2954051494598 13.4976923465729 13.5293064117432 13.3931610584259 13.4509682655334 13.7152757644653 13.5424513816833 13.5819962024689 13.8337068557739 13.7817511558533 13.492461681366 13.626339673996 13.7373840808868 13.6852612495422 13.7524809837341 13.610445022583 13.4250750541687 13.0750386714935 12.972109079361 12.8722853660583 12.764128446579 12.7553052902222 12.7241485118866 12.7329921722412 12.6945013999939 12.6383447647095 12.8315207958221 12.6896975040436 12.7708742618561 12.7343835830688 12.691041469574 12.8205120563507 12.5563170909882 12.6111216545105 12.4725925922394 12.5337307453156 12.490535736084 12.1452281475067 12.2877542972565 12.2376134395599 12.2673065662384 12.2269985675812 12.3564710617065 12.459890127182 12.6436433792114 12.8695621490479 13.0009820461273 13.0717346668243
13.0979633331299 13.1373131275177 13.1303298473358 13.1530125141144 13.6675641536713 13.5358791351318 13.5465621948242 13.6984119415283 13.7274034023285 13.7097046375275 13.9923388957977 14.0663068294525 13.7537744045258 13.794075012207 13.9913530349731 13.6175105571747 13.7480204105377 13.6155202388763 13.5566873550415 13.1173810958862 13.0718333721161 12.972957611084 12.8847484588623 12.9348728656769 12.9173302650452 12.9084558486938 12.8762464523315 12.9470367431641 12.8664948940277 12.9799530506134 13.0200769901276 13.0678679943085 13.0481290817261 13.0108575820923 12.9065873622894 12.9646499156952 12.9610457420349 12.8254420757294 12.7041716575623 12.5699009895325 12.3275656700134 12.349662065506 12.5654263496399 12.6158554553986 12.5737326145172 12.3855559825897 12.5935463905334 12.9327039718628 13.0063607692719 13.0221848487854
13.151437997818 13.2039549350739 13.5522298812866 13.6691832542419 13.7268025875092 13.6310231685638 13.658873796463 13.7190573215485 13.8104588985443 13.8312466144562 13.9738671779633 14.0321538448334 14.0094408988953 13.9530613422394 13.902015209198 13.9286849498749 13.8068242073059 13.6102969646454 13.3871033191681 13.4162430763245 13.1300272941589 13.1527893543243 13.118884563446 13.1666467189789 13.1844089031219 13.1188380718231 12.9672663211823 12.9916956424713 13.093790769577 13.0562200546265 12.9573149681091 12.8330769538879 13.1437282562256 13.0986015796661 13.0028085708618 12.9573481082916 12.9525547027588 12.844428062439 12.4859149456024 12.7551743984222 12.7097146511078 12.4627285003662 12.5151660442352 12.6621041297913 12.7610402107239 12.6874747276306 12.7507419586182 12.7696762084961 12.6901106834412 12.895378112793
13.6689839363098 13.4359307289124 13.6290130615234 13.6495273113251 13.7977085113525 13.8548896312714 13.7857375144958 13.6815364360809 13.8575148582458 13.7989547252655 13.8625609874725 13.8343346118927 13.8551077842712 13.9476256370544 14.0370714664459 13.9781835079193 13.8806283473969 13.7834072113037 13.5871863365173 13.5732979774475 13.4822208881378 13.3019540309906 13.3076872825623 13.3580870628357 13.2678203582764 13.2525537014008 13.2236201763153 13.2183532714844 13.1890866756439 13.1954867839813 13.0188863277435 12.8352859020233 12.8586614131927 12.9466786384583 13.0663626194 13.1790461540222 13.1873967647552 13.135080575943 12.8141238689423 12.4635696411133 12.4083487987518 12.6166276931763 12.8750731945038 12.8515193462372 12.8495140075684 12.732225894928 12.6152703762054 12.4098153114319 12.5150272846222 12.7999050617218
13.4973108768463 13.5947206020355 13.6974625587463 13.6858720779419 13.4799606800079 13.4551458358765 13.4546632766724 13.4728484153748 13.9410891532898 14.0178396701813 13.7339227199554 13.7876815795898 13.7780940532684 13.8231782913208 13.8679296970367 13.8153479099274 13.9204325675964 13.9191842079163 13.7832691669464 13.740353345871 13.6830816268921 13.3694524765015 13.2131567001343 13.1948609352112 13.2265653610229 13.2582695484161 13.4079740047455 13.4670116901398 13.3723819255829 13.2404198646545 13.2341241836548 13.1904950141907 13.1952610015869 13.2530887126923 13.2842500209808 13.3314108848572 13.4405720233917 13.2793998718262 12.8186662197113 12.7212860584259 12.7529065608978 12.6056935787201 12.8629803657532 12.9597673416138 13.1754882335663 12.915477514267 12.7881326675415 12.6612877845764 12.755943775177 12.6042654514313
13.7363045215607 13.5032751560211 13.1775667667389 13.5112159252167 13.5445201396942 13.7678236961365 13.4927937984467 13.5920979976654 13.8767786026001 14.1211693286896 13.7772266864777 13.6746170520782 13.6916744709015 13.7650649547577 13.6944553852081 13.6211800575256 13.8089036941528 13.7559614181519 13.6043517589569 13.686075925827 13.6316087245941 13.4062840938568 13.3022925853729 13.1529681682587 13.0549767017365 13.1099853515625 13.2943272590637 13.4590027332306 13.5380115509033 13.4420204162598 13.4060287475586 13.3400371074677 13.4388611316681 13.5454988479614 13.6801373958588 13.6087756156921 13.6264140605927 13.225385427475 13.170357465744 12.959169626236 12.9616310596466 12.902259349823 13.1147210597992 13.0475161075592 13.2151296138763 13.2222287654877 12.8671612739563 12.8855938911438 13.0336933135986 13.179292678833
13.6309645175934 13.6768305301666 13.4916951656342 13.1898939609528 13.2400925159454 13.5149569511414 13.6428225040436 13.4430210590363 13.9291353225708 14.1628320217133 13.7808618545532 13.8082251548767 13.8425879478455 13.7652852535248 13.8659811019897 13.8476781845093 13.7093749046326 13.4334044456482 13.3064343929291 13.344464302063 13.4291360378265 13.3507821559906 13.2624287605286 13.3180747032166 13.2037215232849 13.1633682250977 13.1406803131104 13.280660867691 13.3999733924866 13.4196202754974 13.3749327659607 13.4902460575104 13.4507939815521 13.583242893219 13.5673587322235 13.6874740123749 13.6765897274017 13.5337052345276 13.4841539859772 13.270720243454 13.4977180957794 12.9156584739685 12.9564614295959 12.9802641868591 12.9756038188934 13.3244802951813 13.312689781189 13.1200664043427 13.2134425640106 13.2871527671814
13.2796251773834 13.7320518493652 13.8041450977325 13.4372382164001 13.3649978637695 13.5660910606384 13.7858512401581 13.8602776527405 13.9134917259216 14.1998274326324 14.1418302059174 13.9614994525909 13.8181691169739 13.783837556839 13.639173746109 13.5028431415558 13.3111793994904 12.7711815834045 12.9675176143646 13.1708533763885 13.0633301734924 13.0492806434631 13.0318977832794 13.0841822624207 13.0474662780762 13.1057507991791 13.0630342960358 12.8563184738159 12.9376029968262 13.1355538368225 13.3668377399445 13.2151219844818 13.2423939704895 13.3719866275787 13.5749123096466 13.6701722145081 13.7117643356323 13.4576904773712 13.2389590740204 13.3631029129028 13.4085807800293 13.2128913402557 13.1567015647888 13.505345582962 13.1645781993866 13.1233983039856 13.4087190628052 13.4087057113647 13.0015261173248 13.0646796226501
13.2972853183746 13.4896068572998 13.9122607707977 13.7519156932831 13.5482370853424 13.513224363327 13.6008794307709 13.6905333995819 13.8248491287231 13.773490190506 13.9304656982422 14.0761075019836 14.0764157772064 13.7743909358978 13.6573662757874 13.4783413410187 13.3983161449432 13.2956249713898 13.1272666454315 13.2245750427246 12.969190120697 12.7991125583649 12.9090344905853 12.9296228885651 13.0875444412231 13.1354658603668 13.0800547599792 12.9639763832092 12.8912317752838 13.0701534748077 13.1487419605255 13.1993312835693 13.2986600399017 13.1973967552185 13.0394668579102 13.2378697395325 13.4672734737396 13.1065165996552 13.241334438324 13.2774868011475 13.4414718151093 13.5286240577698 13.5414423942566 13.668594121933 13.7200520038605 13.6534831523895 13.564080953598 13.7185113430023 13.607275724411 13.3178732395172
13.3972790241241 13.5168285369873 13.8917107582092 13.8695933818817 13.6048092842102 13.6126916408539 13.6612405776978 13.7107899188995 13.4468715190887 13.5434863567352 13.6594338417053 13.7367150783539 14.1613295078278 13.9706108570099 13.8842251300812 13.7115066051483 13.6044538021088 13.4457352161407 13.3640158176422 13.3909637928009 13.2857177257538 13.152943611145 13.0845038890839 13.1783967018127 13.3002893924713 13.313515663147 13.2710752487183 13.2309679985046 13.1631941795349 13.2110872268677 13.3149802684784 13.1935396194458 13.1599266529083 13.4171409606934 13.2910211086273 13.3655679225922 13.1922240257263 13.3909964561462 13.0178768634796 12.8945364952087 13.0283632278442 13.1515228748322 13.1926832199097 13.2433428764343 13.3120267391205 13.3660678863525 13.4906091690063 13.5606505870819 13.9010255336761 13.6249003410339
13.1869397163391 13.342050075531 13.4198269844055 13.9366042613983 13.9240479469299 13.7498252391815 13.830269575119 13.8297131061554 13.7388951778412 13.7371492385864 13.8580691814423 13.872989654541 14.0259099006653 14.2418301105499 14.1967504024506 13.9266710281372 13.8765914440155 13.5665113925934 13.4707658290863 13.5596861839294 13.4382448196411 13.1431088447571 12.9883062839508 13.2398364543915 13.4100339412689 13.2728979587555 13.1290955543518 13.0626261234283 13.0118236541748 12.9436874389648 12.9752180576324 12.9067485332489 12.7635264396667 12.6454141139984 13.250908613205 13.1704158782959 13.2300837039948 13.4180843830109 13.3212523460388 13.0802536010742 13.0249211788177 13.0512554645538 13.0927567481995 13.1267573833466 12.9795002937317 13.0794861316681 13.2929711341858 13.334290266037 13.5027751922607 13.8280935287476
12.9472663402557 13.2142717838287 13.4239432811737 13.6856153011322 13.9876208305359 14.0092926025391 13.8656311035156 13.9349694252014 14.0472519397736 13.9321444034576 13.9723711013794 13.7105972766876 13.6178238391876 13.7193832397461 13.912609577179 13.9191696643829 13.8867285251617 14.0782890319824 14.1168482303619 13.8077414035797 13.7384386062622 13.7052738666534 13.6281087398529 13.5426106452942 13.4881122112274 13.6432809829712 13.6594486236572 13.0896170139313 12.9741189479828 13.0506210327148 12.9854557514191 13.0602910518646 12.9647929668427 13.0442945957184 12.9049253463745 13.1019344329834 13.1012768745422 13.0664525032043 13.0872945785522 13.0566365718842 12.9876458644867 13.0826551914215 13.4014973640442 13.4541726112366 13.5754754543304 13.5270707607269 13.5796663761139 13.669095993042 13.6683580875397 13.850287437439
12.7929270267487 12.8198270797729 12.8533930778503 13.1519598960876 13.3558595180511 13.6137592792511 13.8116593360901 14.0812253952026 14.0959417819977 14.1094739437103 13.7116730213165 13.8968715667725 13.6560709476471 13.5959362983704 13.8841352462769 13.9776675701141 13.8975331783295 14.063065290451 14.352597951889 13.8827970027924 13.5282990932465 13.4954385757446 13.4969115257263 13.4197175502777 13.236857175827 13.4399964809418 13.8354692459106 13.6932752132416 13.3767485618591 13.4008874893188 13.40602684021 13.2231664657593 13.1420593261719 13.0347521305084 12.9901025295258 12.7734529972076 12.735303401947 12.7664861679077 12.822003364563 12.9465205669403 13.010204076767 13.0727205276489 13.2397375106812 13.4629213809967 13.6404492855072 13.4499888420105 13.4668622016907 8.826879106462 9.99682696629316 10.0737515441142
12.9413683414459 12.7942669391632 12.9194993972778 13.0027310848236 13.1639630794525 13.3385288715363 13.3930938243866 13.6266586780548 13.7296974658966 14.0882084369659 14.0817196369171 13.9845638275146 14.0377414226532 13.9919190406799 13.6790969371796 13.9246077537537 13.9807856082916 13.9099638462067 14.4288077354431 14.1623187065125 13.8371379375458 13.8589317798615 13.6490585803986 13.3148517608643 13.3449788093567 13.6184391975403 13.5258994102478 13.9286932945251 13.7398200035095 13.4152803421021 13.5844068527222 13.5795340538025 13.1919453144073 13.2226326465607 13.2038207054138 12.9310088157654 12.7523634433746 12.6332180500031 12.7947392463684 12.8464276790619 12.9659485816956 13.0491366386414 13.0839915275574 8.34803192317486 8.67318435013294 8.80523781478405 9.0214578229934 9.15417830366641 9.13706509582698 8.08591373637319
13.3919243812561 12.7992594242096 12.8135943412781 12.8729295730591 12.9802646636963 13.1925995349884 13.3602678775787 13.4306027889252 13.4481854438782 13.7933478355408 14.0038440227509 14.0166730880737 13.8181688785553 14.1809985637665 14.1878280639648 14.1319906711578 14.2298195362091 13.9819824695587 14.1818115711212 14.4129745960236 14.2339544296265 14.0014188289642 14.0525496006012 14.0156800746918 14.2361440658569 14.2172749042511 14.0367391109467 14.1808700561523 14.1006677150726 13.396552324295 13.6105079650879 13.652129650116 13.5412023067474 13.4673912525177 13.3980803489685 13.2611026763916 12.9939579963684 11.7050712108612 12.7975027561188 12.9456915855408 12.0811569690704 8.10283914208412 8.02928128838539 8.0197234749794 8.23495763540268 8.61931759864092 8.62434349581599 8.89887005335186 7.89634738862514 7.03591696172953
13.6478137969971 12.6952147483826 12.8470234870911 12.5969877243042 12.9022331237793 12.8760042190552 12.9481086730957 13.3308801651001 13.4370067119598 13.6944878101349 13.8049681186676 13.9651160240173 13.9029302597046 13.9974105358124 14.037225484848 13.7433726787567 13.6205205917358 13.5643351078033 13.5024824142456 13.697963476181 14.1917712688446 14.3315725326538 14.3837068080902 14.338508605957 14.2273097038269 14.1177773475647 13.9252460002899 14.0247135162354 14.2345147132874 14.0609490871429 14.1428487300873 14.1537482738495 13.8549597263336 13.3533163070679 13.4545063972473 13.2835292816162 13.2817189693451 11.8470809459686 8.00308065116405 8.19538101553917 8.24418103694916 8.26764792203903 8.2211145311594 7.30343215167522 7.30379504710436 7.57237549498677 7.80945620452985 6.80130526423454 6.95007970184088 7.00335415452719
13.9420368671417 12.9691882133484 12.8995368480682 12.7788851261139 13.0612010955811 12.8694086074829 13.0546162128448 13.120824098587 13.3934946060181 13.5112936496735 13.7047598361969 13.401891708374 13.5576910972595 13.7251570224762 13.8486227989197 13.5907552242279 13.4885547161102 13.2816874980927 13.4171533584595 13.5512857437134 13.6809215545654 13.8677268028259 14.0565319061279 13.9280033111572 13.6638088226318 13.8149468898773 13.9037525653839 13.8048906326294 14.0046961307526 13.5501792430878 13.7461898326874 14.2073667049408 14.1250500679016 13.6509077548981 13.8729317188263 13.5476229190826 12.3267831802368 7.06876729428768 7.18960571289062 7.16894409060478 7.13761609792709 7.22195476293564 7.46712679415941 7.56179850548506 7.70141338557005 7.63913874700665 7.66003016382456 6.49128231126815 6.66328629478812 6.84629134833813
13.7699258327484 13.8909032344818 13.3878893852234 13.2612833976746 13.4788358211517 13.5088131427765 13.3217980861664 13.5131011009216 13.4966490268707 13.4807662963867 13.5442171096802 13.5570015907288 13.5571188926697 13.6912364959717 13.7566874027252 13.5244715213776 13.3592553138733 13.3333733081818 13.2681574821472 13.4092748165131 13.4167385101318 13.3858799934387 13.511022567749 13.9698317050934 13.6893076896667 13.7911167144775 14.0945916175842 14.1074011325836 14.0294551849365 14.0342433452606 13.8576967716217 14.307984828949 14.2870707511902 14.1581661701202 13.7238581180573 8.58350148797035 7.28010857105255 8.60086692124605 8.68138310313225 7.49453736096621 7.40240263193846 7.50476762652397 7.6767995916307 7.71616495400667 6.74122139066458 7.07701177895069 7.17612713575363 7.17298105359077 7.29962310194969 7.54248574376106
13.5278158187866 13.5825629234314 13.8413095474243 13.6921808719635 13.9571375846863 13.9668838977814 13.5288319587708 13.1162710189819 12.8988163471222 13.1735723018646 13.1050078868866 13.1441111564636 13.2845466136932 13.5206489562988 13.7070851325989 13.6951870918274 13.4659566879272 13.2807250022888 13.1878283023834 13.1735973358154 13.3212213516235 13.2310342788696 13.3275141716003 13.8093268871307 13.9451398849487 13.7332861423492 14.0547654628754 13.6226758956909 13.7680747509003 14.0906398296356 14.2413711547852 14.1002700328827 14.4268431663513 14.3034009933472 12.9203519821167 7.59306365251541 7.62695536017418 7.86951379477978 7.8200719896704 7.7986306194216 7.8395221112296 6.85828375816345 6.91041112318635 6.85596683993936 7.0828790590167 7.26560343801975 7.55568766593933 7.57766625285149 7.82186716794968 7.94245660305023
13.0330386161804 13.128221988678 13.3184053897858 13.4399220943451 13.4425630569458 14.1986224651337 13.4498658180237 12.9451832771301 12.8484110832214 12.9625492095947 13.0260210037231 13.0042202472687 13.1139738559723 13.2650616168976 13.3681488037109 13.332236289978 13.4456567764282 13.6150779724121 13.3634986877441 13.0575861930847 12.9970383644104 13.0325212478638 13.2890050411224 13.4161550998688 12.4187908172607 13.388500213623 13.4761760234833 13.7513515949249 12.8418242931366 12.9788281917572 14.1459619998932 14.3565826416016 14.4713225364685 13.4327707290649 9.54792341589928 8.13321663951501 7.83530185185373 8.05822004750371 8.06747218593955 7.84705676138401 7.88697557151318 6.93609149381518 6.8225335329771 6.95747543871403 7.16715675592422 7.20433111488819 7.10151752829552 7.3052921295166 7.54499047994614 7.72225278615952
12.7895543575287 12.9675476551056 13.2211675643921 13.214643239975 13.6067402362823 13.9132037162781 13.8312330245972 13.2559289932251 13.1026730537415 12.9564647674561 13.0069234371185 12.7265472412109 12.9567348957062 12.9761407375336 12.9592132568359 12.9972856044769 13.1250245571136 13.2140970230103 13.3701694011688 13.3602418899536 13.0815217494965 12.9913418292999 12.1106841564178 11.9853653907776 12.0466141700745 12.1100301742554 11.0449992418289 11.3163862228394 11.6207735538483 12.7328596115112 11.6180477142334 13.0468580722809 13.4424846172333 9.76271212100983 8.53781391680241 8.53800194710493 7.95954447984695 8.14426008239388 8.06320507451892 8.3224833086133 7.0735452324152 6.90789948776364 6.9417535290122 7.29960772395134 7.44108039140701 7.26317226886749 7.37409728765488 7.44744290411472 7.79311418533325 7.79009455442429
