data/spatiotemp/temp3/bio8_norsw_test_2011_2014.asc
NCOLS 654 
NROWS 380 
XLLCORNER 3.91666666666667 
YLLCORNER 55.3333333333333 
CELLSIZE 0.0416666666666667 
NODATA_value -9999 
[rows 330 to 351 of 380, columns 250 to 299 of 654]
11.3240611553192 11.3167020082474 11.2400100827217 11.2321509718895 11.2541255950928 11.2274333238602 11.2740741968155 11.3428820371628 11.370689868927 11.3663313984871 11.4136732816696 11.3288826942444 11.4274251461029 11.5221346616745 11.5483442544937 11.5368866920471 11.6134294271469 11.6881388425827 11.6093480587006 11.4548909664154 11.5497671365738 11.6148099899292 11.7519235610962 11.7816081047058 11.7824597358704 11.8119770288467 11.7974952459335 11.9113464355469 11.9288645982742 14.8589971065521 14.976503610611 14.982010602951 15.0475163459778 15.0671901702881 15.1230597496033 15.197292804718 15.1755259037018 15.057092666626 15.0429921150208 15.1047258377075 15.1426248550415 12.1498944759369 12.182096362114 12.2254649400711 12.2916671037674 12.4160355329514 12.4062470197678 12.4206343889236 12.4481889009476 12.4777425527573
11.344221830368 11.2946609258652 11.3835995197296 11.424204826355 11.3353101015091 11.3697488903999 11.3991878032684 11.4429600834846 11.3923986554146 11.3703374266624 11.3985522985458 11.3603765368462 11.3988666534424 11.4901914596558 11.465182185173 11.4543396234512 11.4523305892944 11.498487830162 11.5276455879211 11.4509697556496 11.4544605016708 11.4872847795486 11.7136843204498 11.802659869194 11.8726348876953 11.939610004425 11.8955850601196 11.9143933057785 11.9635348320007 12.0008432865143 14.9587404727936 15.0470716953278 15.0860714912415 15.0999042987823 15.2010114192963 15.2653923034668 15.2406077384949 15.0648229122162 15.0050370693207 15.0522518157959 15.0856332778931 12.1324702501297 12.1393910646439 12.2133120298386 12.2655657529831 12.3724862337112 12.3929580450058 12.3744803667068 12.4081687927246 12.4531913995743
11.6213824748993 11.4446192979813 11.4823553562164 11.4990917444229 11.4721616506577 11.4245644807816 11.4389675855637 11.3852041363716 11.393440425396 11.437176823616 11.4544314146042 11.4212033748627 11.45647585392 11.3689150214195 11.3643538951874 11.4014595150948 11.4305653572083 11.4498374462128 11.4652763605118 11.4660483598709 11.4326542615891 11.4759262800217 11.6146119832993 11.6480444669724 11.7088100910187 11.6904088258743 11.7520076036453 11.8481070995331 11.843205332756 11.9018044471741 11.9620703458786 11.9091691970825 14.95179271698 15.0334520339966 15.0992960929871 15.2083261013031 15.2896888256073 15.2378854751587 15.1425819396973 15.0736122131348 12.166906952858 12.1902126073837 12.1973522901535 12.2321584224701 12.2899649143219 12.3256038427353 12.3500020503998 12.3609920740128 12.3939827680588 12.4931395053864
11.8295432329178 11.5674110651016 11.4641115665436 11.4676452875137 11.5403463840485 11.538379907608 11.5130809545517 11.5034483671188 11.4704827070236 11.4480167627335 11.531143784523 11.4868642091751 11.4590847492218 11.3753051757812 11.422025680542 11.3632460832596 11.2671329975128 11.2545201182365 11.2387406229973 11.2389608621597 11.211014688015 11.2117348313332 11.3122057914734 11.4654294252396 11.528152346611 11.5497081279755 11.6312643289566 11.6911536455154 11.7578767538071 11.7024328708649 11.7981554269791 11.9243783950806 11.9562673568726 11.9829902648926 14.9562478065491 15.1110920906067 15.1862704753876 15.2994484901428 15.2619605064392 12.220738530159 12.241263628006 12.2789554595947 12.2961468696594 12.3123383522034 12.3245295286179 12.3418884277344 12.3463796377182 12.3736712932587 12.4236294031143 12.5585874319077
11.7342746257782 11.5884277820587 11.3965809345245 11.403900384903 11.4450533390045 11.5578730106354 11.7138593196869 11.5941792726517 11.5039986371994 11.4926514625549 11.5292279720306 11.5093936920166 11.4780596494675 11.3595587015152 11.5665583610535 11.5767240524292 11.4018899202347 11.2525557875633 11.1948885917664 11.2745544314384 11.1923869848251 11.1938860416412 11.2990753650665 11.4149556159973 11.4400020837784 11.4495488405228 11.5105954408646 11.5229756832123 11.6216887235641 11.7020691633224 11.807782292366 11.8906623125076 11.9660419225693 12.0147553682327 12.0868881940842 12.1534389257431 12.2203236818314 15.2526860237122 15.3384344577789 15.2751839160919 15.2665989398956 12.2984135150909 12.3004641532898 12.3100155591965 12.3347334861755 12.3467845916748 12.3886842727661 12.4157655239105 12.4618465900421 12.5275939702988
11.6217433214188 11.5266697406769 11.4347630739212 11.4550226926804 11.4792827367783 11.5872092247009 11.6886357069016 11.59406208992 11.5114889144897 11.5585815906525 11.6978501081467 11.6231250762939 11.5544009208679 11.5761761665344 11.5777848958969 11.7185603380203 11.664502620697 11.2934446334839 11.2883868813515 11.4298287630081 11.2342711687088 11.1510466337204 11.174219250679 11.2924565076828 11.3498606681824 11.3597646951675 11.3980018496513 11.4382389783859 11.5414762496948 11.6158798933029 11.7196172475815 11.8475213050842 11.9509253501892 12.0026627779007 12.0838904380798 12.1594423055649 12.214160323143 12.2718794345856 14.9058618545532 15.3307476043701 12.4193676710129 12.320419549942 12.2863047122955 12.3026906251907 12.3289088010788 12.3414603471756 12.4107493162155 12.4524412155151 12.4621335268021 12.53449177742
11.721045255661 11.6032449007034 11.532112121582 11.4951454401016 11.5133454799652 11.5677119493484 11.6309121847153 11.6321120262146 11.4996457099915 11.50701212883 11.6558047533035 11.7295229434967 11.5792416334152 11.5916266441345 11.5855115652084 11.7838968038559 11.8411151170731 11.4493334293365 11.4600520133972 11.6336035728455 11.4029883742332 11.1985399723053 11.1966965794563 11.2614580392838 11.3263856172562 11.4013134837151 11.4280745983124 11.4978357553482 11.5719304084778 11.6490249633789 11.7821193933487 11.8500471115112 11.8511416912079 11.9345693588257 12.0053931474686 12.1144454479218 12.1548312902451 12.2100502252579 12.2406024932861 12.2843219041824 12.403707742691 12.4025931358337 12.325145483017 12.3288643360138 12.3112506866455 12.3256360292435 12.3814809322357 12.3886169195175 12.464920759201 12.5380570888519
11.8563472032547 11.6848208904266 11.5237945318222 11.4954344034195 11.5210745334625 11.6035484075546 11.6916886568069 11.5801620483398 11.645468711853 11.6974425315857 11.7624264955521 11.8152544498444 11.7239159345627 11.6667442321777 11.5627384185791 11.664733171463 11.8102277517319 11.6597225666046 11.7823837995529 11.7412112951279 11.5385392904282 11.2697005271912 11.2198404073715 11.2652924656868 11.3534110188484 11.3846958875656 11.4128142595291 11.5134321451187 11.5793842077255 11.6238362789154 11.7442882061005 11.8092398643494 11.8271915912628 11.8726428747177 11.9760620594025 12.0854485034943 12.1225016117096 12.1748880147934 12.2404407262802 12.3078275918961 12.3898799419403 12.3477663993835 12.319152712822 12.3205391168594 12.2942589521408 12.2641446590424 12.3088788986206 12.3561263084412 12.4180407524109 12.4871218204498
11.8391487598419 11.6668959856033 11.6004763841629 11.5140572786331 11.5286372900009 11.640717625618 11.7092980146408 11.5688788890839 11.7077925205231 11.8707059621811 11.9267152547836 11.9001529216766 11.8865900039673 11.9160277843475 11.7646322250366 11.7462360858917 11.7500069141388 11.7119442224503 11.6548819541931 11.5951529741287 11.3872569203377 11.2561942338943 11.2323177456856 11.2732935547829 11.3616024255753 11.4214117527008 11.4302203655243 11.5250293016434 11.5845050811768 11.6351475715637 11.6989568471909 11.7754321098328 11.8655744791031 11.9517168998718 12.0038976669312 12.0821185112 12.173171877861 12.2455585002899 12.285445690155 12.3511658906937 12.3863860368729 12.3752731084824 12.3499938249588 12.3050465583801 12.3069341182709 12.2979874610901 12.2832769155502 12.3231358528137 12.4061607122421 12.5593531131744
11.6769506931305 11.6626378297806 11.5848253965378 11.6295130252838 11.6718665361404 11.7933876514435 11.7087411880493 11.7309287786484 11.8046160936356 11.9579700231552 12.052170753479 11.9897177219391 11.9099311828613 11.9656450748444 11.89819252491 11.7564059495926 11.6224529743195 11.6070001125336 11.570880651474 11.5275942087173 11.3789746761322 11.2650218009949 11.2772949337959 11.3842945098877 11.4589612483978 11.463127374649 11.4834599494934 11.5287930965424 11.5552924871445 11.657958984375 11.7934582233429 11.7917914390564 11.8709577322006 11.934623837471 11.9822336435318 12.0499550104141 12.1348420381546 12.2227298021317 12.321283698082 12.4138380289078 12.4672251939774 12.3732798099518 12.3613336086273 12.3408879041672 12.2749418020248 12.2741633653641 12.2680084705353 12.2878112792969 12.3991144895554 12.6017514467239
11.6234194040298 11.672046661377 11.7343407869339 11.7424687147141 11.7639299631119 11.8477236032486 11.9321844577789 11.9601454734802 12.0356059074402 12.1909003257751 12.2131255865097 12.1644493341446 11.9634389877319 11.9195957183838 11.9574191570282 11.8402425050735 11.7388988733292 11.6070556640625 11.5857129096985 11.5538688898087 11.5563589334488 11.4545155763626 11.3742719292641 11.3924623727798 11.480819106102 11.5048432350159 11.487366437912 11.5785564184189 11.6229133605957 11.679270029068 11.7871271371841 11.8754841089249 11.9405075311661 11.990531206131 12.0139031410217 12.0686243772507 12.1368463039398 12.2207341194153 12.2759555578232 12.3675101995468 12.4197319746017 12.3716200590134 12.339341044426 12.2735625505447 12.2781170606613 12.2700046300888 12.2834061384201 12.3561539649963 12.5077350139618 12.6576497554779
11.6840547323227 11.7501224279404 11.8036898374557 11.8185913562775 11.8844920396805 11.9722265005112 11.9057936668396 11.8988618850708 11.969429731369 12.1486637592316 12.2237477302551 12.1770136356354 12.054279923439 11.935546040535 11.77614569664 11.7255786657333 11.6430115699768 11.6571114063263 11.6085441112518 11.5493100881577 11.5142430067062 11.4381757974625 11.3870830535889 11.398796916008 11.4963445663452 11.5382254123688 11.5231064558029 11.5508201122284 11.5882005691528 11.6625816822052 11.7422958612442 11.7995095252991 11.8710573911667 11.9597713947296 12.0479062795639 12.1267943382263 12.2170164585114 12.2807383537292 12.2707940340042 12.3251827955246 12.3242379426956 12.3162928819656 12.2940150499344 12.2722374200821 12.2972921133041 12.314514040947 12.3386381864548 12.3933299779892 12.5118556022644 12.6742141246796
11.6751898527145 11.7245310544968 11.8590393066406 11.9060468673706 12.0078883171082 12.1108956336975 12.0377370119095 11.9372452497482 11.9809195995331 12.1817607879639 12.3703694343567 12.316411614418 12.0707879066467 11.9326634407043 11.8445389270782 11.7732483148575 11.6979577541351 11.6803332567215 11.5727092027664 11.5510847568512 11.5394607782364 11.466336607933 11.4725602865219 11.5084643363953 11.5358695983887 11.5282740592957 11.5688457489014 11.5689171552658 11.6014884710312 11.6637263298035 11.7371308803558 11.8292020559311 11.8771069049835 11.9281784296036 11.971742272377 12.0679644346237 12.1696871519089 12.2444090843201 12.2696318626404 12.304354429245 12.3175772428513 12.3289667367935 12.3263555765152 12.321744799614 12.3421343564987 12.3750233650208 12.4115360975266 12.470339179039 12.5686420202255 12.7071124315262
11.7441582679749 11.690106511116 11.804888010025 11.8816694021225 12.0001171827316 12.1502321958542 12.0671805143356 12.0259616374969 12.0277433395386 12.1305246353149 12.2984912395477 12.2784764766693 12.066628575325 11.9331139326096 11.9039326906204 11.8614180088043 11.8924034833908 11.7143884897232 11.6275410652161 11.6450262069702 11.6421785354614 11.5818302631378 11.5863705873489 11.6212995052338 11.6368948221207 11.6049902439117 11.6359180212021 11.6023471355438 11.6249424219131 11.7017039060593 11.7899661064148 11.8557282686234 11.9414901733398 11.9754189252853 12.0249116420746 12.0753011703491 12.1511906385422 12.2182468175888 12.2714703083038 12.302193403244 12.3352494239807 12.3534730672836 12.3570296764374 12.3919192552567 12.3911422491074 12.4325320720673 15.2618885040283 12.5480151176453 12.6104292869568 12.7635103464127
11.8042936325073 11.7525150775909 11.8412368297577 11.9124585390091 11.9983466863632 12.1830686330795 12.0876235961914 11.9518449306488 11.9244003295898 11.9481214284897 12.0016132593155 12.042708158493 12.0294694900513 11.9775646924973 11.9964929819107 11.9385880231857 11.9278494119644 11.8917781114578 11.8288727998734 11.8204672336578 11.7503962516785 11.7894909381866 11.7210147380829 11.7181339263916 11.7572530508041 11.726872086525 11.7358247041702 11.6864440441132 11.6652297973633 11.6883488893509 11.7791347503662 11.8459205627441 11.9382064342499 11.9809923171997 12.0214142799377 12.1039710044861 12.1778612136841 12.2590847015381 12.2789751291275 12.323365688324 12.360755443573 12.3856462240219 12.3985360860825 12.4589269161224 12.4761506319046 12.5063744783401 15.3271203041077 15.4323883056641 15.5173225402832 15.6021995544434
11.8090955018997 11.7492573261261 11.8690860271454 11.9855809211731 12.0047426223755 12.1199046373367 12.1105663776398 11.9572284221649 11.9222232103348 12.0142186880112 11.9912346601486 11.972939491272 11.9853109121323 12.0078485012054 11.988886475563 11.9089242219925 11.9329620599747 12.0734997987747 12.0603710412979 12.0855753421783 12.0071132183075 12.0056508779526 11.9726585149765 11.9643012285233 11.9854447841644 11.888921380043 11.8653976917267 11.8498740196228 11.8068504333496 11.7804933786392 11.8581367731094 11.9032796621323 11.932256102562 12.004065990448 12.0837498903275 12.1396406888962 12.2756979465485 12.3542560338974 12.3466469049454 12.3840374946594 12.4254288673401 12.4696531295776 12.4762098789215 12.5136015415192 12.5569920539856 15.3659181594849 15.4638519287109 15.580712556839 15.6527690887451 15.6607122421265
11.8288190364838 11.7976136207581 11.8375751972198 11.8982030153275 11.9763312339783 12.0486259460449 12.1480873823166 12.0775487422943 12.107509970665 12.1301380395889 12.0362522602081 12.0553529262543 12.0787864923477 12.0855535268784 12.0146541595459 11.9747540950775 11.9828542470932 12.0906215906143 12.1452223062515 12.1594887971878 12.1109224557877 12.0900228023529 12.0588705539703 12.0486322641373 11.9803941249847 11.9536561965942 11.9017512798309 11.9181801080704 11.9551084041595 11.9298700094223 11.9339655637741 11.9997273683548 12.0683223009109 12.1189173460007 12.2251310348511 12.2912958860397 12.3722940683365 12.4111255407333 12.4282908439636 12.4781215190887 12.5227869749069 12.5666179656982 12.5981161594391 12.6396145820618 12.6712794303894 15.4939827919006 15.6394226551056 15.7783789634705 15.8625299930573 -9999
11.9464641809464 11.8864176273346 11.831038236618 11.8441582918167 11.8937788009644 11.929899096489 12.0853531360626 12.2031397819519 12.2920933961868 12.3110475540161 12.2138321399689 12.2146142721176 12.1842300891876 12.1350126266479 12.059628367424 12.0774104595184 12.0583596229553 12.0134756565094 12.0629252195358 12.0657072067261 12.1423228979111 12.1494387388229 12.1209843158722 12.0719593763351 12.0652685165405 12.0730776786804 12.0393855571747 12.0028614997864 12.0466700792313 12.1228120326996 11.9937875270844 12.0440958738327 12.1039044857025 12.2095469236374 12.3298901319504 12.3796026706696 12.3633149862289 12.3625268936157 12.4012390375137 12.509284734726 12.5971632003784 12.618542432785 12.6847543716431 12.7709667682648 12.7996784448624 12.9143905639648 15.7425000667572 15.8817203044891 16.0082104206085 16.063328742981
11.9799424409866 11.9437216520309 11.9011676311493 11.8651136159897 11.8448927402496 11.9040052890778 12.0032850503922 12.2710642814636 12.3668438196182 12.3936228752136 12.4289116859436 12.3958760499954 12.2361730337143 12.1278049945831 12.185603260994 12.1617337465286 12.1315318346024 12.0711630582809 12.0947942733765 12.1745924949646 12.2032234668732 12.2073545455933 12.0724308490753 11.9814534187317 12.0413091182709 12.148331284523 12.1535205841064 12.1340427398682 12.2062314748764 12.302087187767 12.1987761259079 12.128465294838 12.173653960228 12.2461764812469 12.365149974823 12.3802433013916 12.3800024986267 12.3870949745178 12.4383547306061 12.5167804956436 12.6037064790726 12.6746329069138 12.7427251338959 12.86831843853 12.9467442035675 13.0163298845291 13.0604900121689 15.8451585769653 15.9350671768188 -9999
11.9585874080658 11.9415254592896 11.9809640645981 11.9180688858032 11.9106739759445 11.9321122169495 12.0403836965561 12.2586551904678 12.3152602910995 12.2935317754745 12.3226577043533 12.3381376266479 12.2666174173355 12.1475975513458 12.2839107513428 12.2580572366714 12.1847038269043 12.0750170946121 12.0876638889313 12.1398105621338 12.1862905025482 12.1577703952789 12.0857119560242 12.0149476528168 12.018349647522 12.0959188938141 12.1916548013687 12.2278906106949 12.2779599428177 12.3565294742584 12.2917649745941 12.2133340835571 12.2300699949265 12.3304728269577 12.3865774869919 12.3887168169022 12.4126901626587 12.4459964036942 12.5199700593948 12.5741100311279 12.637083530426 12.7338900566101 12.8421967029572 12.9491696357727 13.0159767866135 13.0603458881378 13.0627247095108 -9999 -9999 13.1448734998703
11.9202321767807 12.0039962530136 12.0727602243423 11.9683570861816 11.9784543514252 11.961385011673 12.0656491518021 12.2034132480621 12.2365101575851 12.1904404163361 12.2064037322998 12.1188992261887 12.1247279644012 12.1495567560196 12.2623854875565 12.3175474405289 12.1688762903214 12.0990383625031 12.1172003746033 12.1655288934708 12.2306908369064 12.121019244194 12.0864923000336 12.1421082019806 12.151057600975 12.1686732769012 12.1889562606812 12.2477387189865 12.3818550109863 12.4208040237427 12.3734201192856 12.2827030420303 12.2854855060577 12.3526015281677 12.3800036907196 12.4035241603851 12.4542109966278 12.5155651569366 12.5884190797806 12.642439365387 12.6934598684311 12.7739803791046 12.9130011796951 13.0000215768814 13.0675420761108 13.1131839752197 -9999 -9999 -9999 13.2151230573654
11.9068775177002 11.9151337146759 11.9125570058823 11.9039793014526 11.9297354221344 11.9524916410446 11.9732474088669 12.0211707353592 12.1040935516357 12.1170164346695 12.0991498231888 12.1236606836319 12.1408380270004 12.1235154867172 12.2020267248154 12.3748704195023 12.2212150096893 12.139725446701 12.1812366247177 12.2729139328003 12.2280915975571 12.1967689990997 12.2254391908646 12.2609354257584 12.2589319944382 12.2822610139847 12.3025907278061 12.309420466423 12.3592495918274 12.3935797214508 12.4200763702393 12.3307384252548 12.3514016866684 12.3712311983109 12.3955965042114 12.4349973201752 12.5152320861816 12.6036331653595 12.659200668335 12.7142685651779 12.7781697511673 12.8527377843857 12.9498057365417 13.0685398578644 13.1108130216599 13.1454255580902 -9999 -9999 -9999 13.3213478326797
