data/spatiotemp/temp3/bio8_norsw_test_2011_2014.asc
NCOLS 654 
NROWS 380 
XLLCORNER 3.91666666666667 
YLLCORNER 55.3333333333333 
CELLSIZE 0.0416666666666667 
NODATA_value -9999 
[rows 176 to 197 of 380, columns 150 to 199 of 654]
3.20277753844857 3.22840965166688 2.88613234460354 2.80061207711697 2.80792507529259 2.35423824191093 2.41721788048744 2.38169765472412 2.23167750239372 2.60732382535934 2.96480384469032 3.34111679345369 3.12092997133732 2.92757622897625 2.78856693208218 2.81873555481434 2.75873789191246 2.86390662193298 2.97040845453739 3.52691045403481 5.61073862761259 6.22400431893766 6.81320178508759 7.02497534453869 6.93466564081609 7.03609271580353 -9999 -9999 -9999 6.9281118363142 6.82640182971954 6.69294203817844 6.4054818674922 6.52868829295039 6.51422841660678 6.29460166394711 5.97347478568554 13.4063003063202 13.309011220932 13.4234364032745 13.385528087616 13.2587864398956 12.9567115306854 12.3894698619843 11.9232280254364 11.6741530895233 11.9574117660522 11.9903366565704 11.5175950527191 11.3801867961884
3.29374314192683 3.28298303298652 2.73692932724953 2.38974824547768 2.35423356294632 2.06421914696693 2.360371530056 2.56469020247459 2.50417567789555 2.47216130793095 2.55564686655998 2.48113234341145 2.56078441441059 2.57443676888943 2.48874619603157 2.32137969136238 2.41817966103554 4.35372616350651 4.47028709948063 5.25626423768699 5.95929731428623 6.72503802459687 6.83105849754065 7.10630739480257 -9999 6.82025227323174 6.89535143971443 6.7972581833601 6.7077511548996 6.76822888851166 6.7147152274847 6.61960817500949 6.4599592524246 6.53547705081291 6.54599519819021 10.7015730068088 14.0547375679016 13.8814423084259 13.8135931491852 13.1428587436676 12.239456653595 11.9653885364532 11.068820476532 10.4860854148865 10.3000175952911 10.8066160678864 10.8563809394836 11.0628130435944 10.6007447242737 10.4675097465515
2.81301776319742 2.86165023595095 2.53180587291718 2.70515134930611 2.91999664902687 2.73184217512608 2.34568756818771 2.25986620783806 2.2190448641777 2.38355711102486 2.4347357749939 2.37774768471718 2.21942645311356 2.28260523080826 2.48869004845619 2.62968127429485 2.96344991028309 5.0341185964644 5.29941551759839 -9999 6.95170599222183 -9999 -9999 7.01532695628703 6.75368731096387 6.67588025331497 6.53611397743225 6.39576377719641 6.36991328373551 6.1257297899574 6.07187924906611 5.98286217451096 13.376039981842 12.8804726600647 12.8272385597229 12.8920047283173 12.6866042613983 12.9183702468872 12.9868259429932 12.4601373672485 11.9572823047638 11.2504267692566 10.9437382221222 10.938383102417 10.7856948375702 10.5523393154144 10.1988174915314 10.3714621067047 10.7232737541199 10.4989185333252
2.45360131561756 3.05074463039637 2.835095718503 2.52582165598869 2.442881077528 2.53827352821827 2.37433302402496 2.49489234387875 2.61428488790989 2.77384440600872 3.19290361180902 2.91054639220238 2.91881988942623 2.8880261182785 3.56123203551397 -9999 -9999 5.86829355359077 5.86141700297594 5.8618324585259 6.42772673815489 6.50669696927071 6.3200224339962 6.45857661962509 6.40313769876957 6.07519882451743 5.34869648516178 9.17751649022102 12.5027756690979 12.1319582462311 12.7343075275421 12.7731568813324 12.4168395996094 11.8668553829193 11.3908712863922 11.3583874702454 11.4085700511932 11.3774194717407 11.8533761501312 11.3479397296906 11.0385036468506 12.0360677242279 11.9764649868011 11.9428622722626 11.2389259338379 10.7534899711609 10.6105537414551 10.1494512557983 10.2516820430756 10.7637457847595
3.33885166794062 3.26350519806147 3.06221878528595 2.67299216985703 2.20076563954353 2.16820529103279 2.05064526200294 2.27441844344139 2.8523583561182 3.0762912556529 3.51823824644089 -9999 -9999 -9999 3.91752389073372 6.05008909851313 5.98700413107872 5.79158575087786 5.84905656427145 12.4486758708954 12.671186208725 12.8741970062256 12.7950410842896 12.8363854885101 12.8800625801086 12.8947398662567 12.6365447044373 12.2344770431519 11.6355760097504 11.930008649826 11.9644410610199 11.3663735389709 11.050972700119 11.3559045791626 11.3350038528442 11.1677696704865 11.1167018413544 10.9853012561798 10.4357590675354 10.1895754337311 10.54172539711 10.5257086753845 11.0501918792725 11.2853412628174 11.135324716568 10.8861405849457 10.5734570026398 10.4247736930847 10.5215904712677 10.6295733451843
3.43843513727188 3.15459960326552 2.63984213769436 2.42932918667793 2.36714990437031 3.08730348944664 3.15634620189667 3.01023942232132 3.81672335416079 -9999 -9999 -9999 4.14754719287157 3.87705701589584 3.84614935517311 6.19740405678749 9.74521823227406 12.7806286811829 12.7664890289307 12.7851974964142 12.6963982582092 12.3680996894836 12.312967300415 12.3345017433167 12.4260363578796 12.6682372093201 12.5526788234711 11.8723611831665 12.1800429821014 11.7363922595978 11.3167412281036 11.586590051651 11.5929391384125 11.8659546375275 11.8588030338287 11.5806522369385 11.1243350505829 10.8313500881195 10.6733090877533 10.5288774967194 10.8376133441925 10.0100162029266 9.70475149154663 10.3459873199463 10.2630562782288 10.129124879837 9.66836071014404 9.49092996120453 9.87683176994324 10.1197340488434
3.39151880517602 2.91328643262386 2.56734022498131 3.01122172176838 3.66600645333529 4.24130667001009 -9999 -9999 -9999 -9999 5.28457394242287 4.67921960353851 4.32488840818405 6.46655912697315 13.0477406978607 13.2214860916138 12.7738780975342 12.557380437851 12.2663421630859 11.9563858509064 11.689110994339 11.7543351650238 11.8042271137238 11.8814516067505 12.0428433418274 12.0824012756348 11.9231464862823 11.5050783157349 11.9405105113983 11.8409423828125 11.4985408782959 11.8931400775909 11.6132385730743 11.7933375835419 10.9199359416962 9.98203468322754 9.87113332748413 10.0615653991699 10.8943588733673 11.5836799144745 11.5320022106171 11.1798233985901 11.1571445465088 10.4822995662689 9.57278752326965 8.89660906791687 8.66393065452576 9.35275208950043 10.0370736122131 10.0552282333374
4.03076900541782 -9999 -9999 -9999 -9999 -9999 -9999 -9999 -9999 -9999 -9999 -9999 -9999 -9999 12.5998752117157 12.5944130420685 12.2958285808563 11.4679107666016 11.3886590003967 12.0445740222931 12.2431557178497 12.4577379226685 12.4676532745361 12.2532348632812 11.7756500244141 12.0155653953552 12.3624472618103 11.9637956619263 12.0361440181732 11.7853262424469 11.9570076465607 12.0793564319611 11.4938714504242 11.1533868312836 10.5847351551056 10.5489172935486 10.7539319992065 10.8826146125793 11.0647420883179 11.1481492519379 10.7747232913971 10.7706305980682 10.8862047195435 9.82544493675232 8.97435259819031 9.61825966835022 9.73316693305969 9.07807457447052 9.37148189544678 9.46438920497894
-9999 -9999 -9999 -9999 -9999 -9999 -9999 -9999 -9999 -9999 -9999 -9999 -9999 -9999 12.7643177509308 12.5794479846954 12.63192486763 12.8219263553619 12.7286570072174 12.4669289588928 12.5023682117462 12.8104734420776 12.8030796051025 12.6258518695831 12.4399576187134 12.2375631332397 12.3944146633148 12.4743466377258 12.4631114006042 12.5287094116211 12.3713080883026 11.9597396850586 11.5476710796356 10.7157695293427 10.5190346240997 10.0607995986938 10.0533978939056 10.7416627407074 11.3257918357849 10.8211183547974 10.3542783260345 10.6914377212524 10.7300977706909 10.0265910625458 10.0495843887329 10.2867436408997 9.64407014846802 9.2715630531311 9.23872315883636 9.10921621322632
3.38858448714018 2.80105987936258 5.67853757739067 5.97417742013931 10.333248257637 10.5957914590836 10.5668112039566 10.5329500436783 10.5131959915161 12.5012505054474 12.3769328594208 12.3270602226257 12.4578125476837 12.3073148727417 12.5404710769653 12.2984614372253 11.8408961296082 12.4268290996552 12.6756548881531 12.505450963974 12.213413476944 11.8238761425018 11.7120056152344 11.834968328476 12.3117640018463 12.1877267360687 12.3447155952454 11.8220634460449 11.9160783290863 11.7022597789764 11.421941280365 10.5327894687653 10.9691376686096 11.6453192234039 12.0958335399628 12.2738485336304 12.6813633441925 12.622878074646 11.8966753482819 10.9072544574738 10.7519996166229 10.8607454299927 10.366824388504 9.95373678207397 9.60648250579834 9.40189468860626 8.63047385215759 9.11255264282227 9.63446474075317 9.22937715053558
5.2392019033432 9.13056743144989 9.24170672893524 9.49939733743668 10.0647548437119 10.4211122989655 9.9624696969986 9.44432693719864 9.69518482685089 11.9402801990509 11.9265804290771 11.8690474033356 11.7910139560699 11.6899809837341 12.0088465213776 11.9957635402679 11.8516800403595 11.7481665611267 11.9046528339386 11.9138059616089 11.8657925128937 11.987945318222 11.6344320774078 11.3290848731995 11.2987377643585 11.2403910160065 11.8431830406189 11.4957809448242 11.3597123622894 11.2614767551422 11.0314083099365 10.2970058917999 9.69410395622253 9.67920160293579 9.04446649551392 10.4720644950867 12.0728290081024 12.2930934429169 12.063225030899 11.941890001297 11.5575544834137 11.1842195987701 10.4452176094055 10.0428824424744 9.72088050842285 9.13604557514191 8.96321034431458 9.01187515258789 9.14870643615723 9.58587145805359
10.0009832382202 9.8592050075531 9.8736098408699 9.78288418054581 9.90365850925446 10.0072662830353 9.76470768451691 9.4729819893837 11.9590594768524 12.0851438045502 12.0543940067291 11.7058115005493 11.2975628376007 11.4289801120758 11.7847774028778 11.5024540424347 11.4714639186859 11.2311406135559 11.0374839305878 11.0609946250916 11.1451711654663 11.4486811161041 11.2776911258698 10.9342014789581 10.6710448265076 10.8235547542572 11.0949835777283 11.2696652412415 11.119012594223 10.3480272293091 9.69437503814697 10.6880559921265 10.3262372016907 9.18625152111053 9.69126582145691 11.1254467964172 11.5716283321381 11.2508089542389 10.9919416904449 11.3936924934387 10.5481095314026 10.0568602085114 10.6026103496552 10.8200283050537 10.5531122684479 9.59936285018921 9.30344676971436 9.28919744491577 9.36144828796387 9.46986556053162
10.2037913799286 10.0002454519272 12.9233181476593 12.8279263973236 12.1957006454468 11.7478082180023 12.3115832805634 12.234023809433 11.3114655017853 11.3039066791534 11.4315149784088 11.3549561500549 11.3972301483154 11.6310048103333 11.6450364589691 11.487991809845 11.4149470329285 10.7802815437317 10.3784823417664 10.4056828022003 10.7367165088654 11.477555513382 11.5388443470001 11.0308177471161 11.2443521022797 10.6740522384644 10.5324518680573 10.2192158699036 10.0451467037201 9.22024393081665 8.68617475032806 8.43227255344391 9.39753651618958 9.7284677028656 10.5580649375916 10.5413291454315 10.3532600402832 10.559858083725 10.6074912548065 10.9506614208221 10.7829976081848 10.3438341617584 9.94200396537781 9.51434063911438 9.36784374713898 9.665846824646 9.76201677322388 9.79835319519043 9.78302335739136 9.96752667427063
9.90269666910172 10.0447511076927 12.9066634178162 11.4258878231049 10.6131117343903 11.6486694812775 12.1733932495117 11.7404508590698 11.6451749801636 11.7667329311371 11.5902905464172 11.6756813526154 11.66623878479 11.5502967834473 11.7960877418518 11.7109463214874 11.4508049488068 11.3558297157288 11.4188554286957 11.74738073349 12.1392390727997 12.295431137085 11.7874555587769 11.7154815196991 11.4733393192291 10.8598830699921 10.4595856666565 10.5210995674133 10.0281136035919 9.98996090888977 9.92047476768494 9.47432231903076 9.62383651733398 9.71468377113342 9.61203122138977 9.38487815856934 9.44655930995941 9.60340642929077 10.0870416164398 10.1881301403046 9.93071961402893 9.79264187812805 8.8655641078949 8.5733197927475 9.19857537746429 9.25499784946442 9.43191981315613 9.70734262466431 9.87409830093384 9.99285411834717
9.1195484995842 12.3008875846863 12.7567768096924 11.77525639534 11.3655691146851 11.7780485153198 11.7885279655457 11.4180071353912 11.1553199291229 10.9629664421082 10.9247789382935 11.0224254131317 10.8255715370178 10.7937171459198 11.1349122524261 11.2823226451874 11.596399307251 11.9423100948334 12.3077199459076 12.3546307086945 12.3007073402405 11.9194512367249 11.7631943225861 11.2376048564911 11.178014755249 10.7765233516693 10.3551597595215 10.2931644916534 9.93866968154907 9.60100746154785 9.9521791934967 10.1611838340759 9.52335548400879 9.52019381523132 9.18403172492981 9.09437000751495 9.14770805835724 8.82537972927094 8.95419907569885 9.26916575431824 9.07513248920441 8.97009885311127 8.7612327337265 8.79836571216583 8.87699913978577 9.52079939842224 9.48093247413635 9.24073231220245 9.07136583328247 8.85166609287262
9.2314590215683 11.9874396324158 12.3598258495331 12.6843662261963 12.1164062023163 11.27427983284 10.9806530475616 10.8406934738159 10.5984008312225 10.4476072788239 10.4386475086212 10.5260207653046 9.97989463806152 10.0524349212646 10.0551767349243 10.7152872085571 10.8717310428619 10.9738411903381 11.6374526023865 11.4635627269745 11.6451730728149 11.7266175746918 11.9138944149017 11.6691715717316 11.7489483356476 11.2183923721313 11.1324937343597 10.8409104347229 10.6021473407745 10.6042172908783 10.4822874069214 10.8370242118835 10.2080941200256 9.17833089828491 8.08856761455536 8.01247096061707 8.76037442684174 8.95061099529266 9.09979748725891 8.88243389129639 8.34723699092865 8.52720642089844 8.75150942802429 9.08214569091797 9.02311539649963 9.14608478546143 9.265221118927 8.33485746383667 7.87532687187195 7.83846318721771
11.6754939556122 11.9848253726959 12.4555411338806 12.1564755439758 11.6110761165619 11.3585109710693 11.2026116847992 10.726212978363 10.6366469860077 10.6227481365204 10.4335157871246 10.3554499149323 9.78255105018616 9.4646520614624 9.9937744140625 10.4119184017181 10.5438959598541 10.8068735599518 11.1198508739471 11.3116619586945 11.0804724693298 10.7949500083923 10.8332602977753 10.7220711708069 10.5305488109589 11.2118594646454 10.9989349842072 10.9584419727325 10.7786152362823 10.6587891578674 10.3839626312256 9.81353092193604 9.80766606330872 8.9244681596756 8.83143663406372 9.0555716753006 9.48437321186066 9.58584237098694 9.43856298923492 8.9743686914444 8.71434128284454 8.72831356525421 8.91111969947815 9.08742535114288 9.00173115730286 8.94103717803955 8.99600970745087 8.59181523323059 8.52745485305786 8.40676033496857
11.8767805099487 12.4702107906342 11.5404236316681 11.1702520847321 10.950413942337 10.8724086284637 10.8517372608185 11.0003988742828 10.8712275028229 11.0345554351807 10.7343838214874 10.7005460262299 10.4690406322479 10.2948694229126 10.3768723011017 10.0790498256683 10.2467277050018 10.6439054012299 10.7454164028168 10.6884274482727 10.8354382514954 10.8899495601654 10.5041267871857 10.0386378765106 10.0831491947174 10.8236598968506 11.4245431423187 11.578132390976 11.49955534935 11.3021442890167 10.3532338142395 9.47448945045471 10.0977380275726 9.61477208137512 9.94413876533508 10.3296728134155 10.3893733024597 9.94557404518127 9.19966161251068 8.85480391979218 8.73594558238983 9.20125472545624 9.22056293487549 9.17970514297485 9.1836804151535 8.75782287120819 8.46063137054443 8.48960673809052 8.63891565799713 8.27055788040161
11.2027339935303 11.2857632637024 12.0024721622467 11.348361492157 10.937584400177 10.4666397571564 10.4266958236694 10.454085111618 10.305807352066 10.2026965618134 10.4309191703796 9.77247500419617 10.4793643951416 10.1434202194214 10.221470117569 10.5483481884003 10.3748922348022 10.5639371871948 10.1313152313232 10.1466927528381 10.3810706138611 10.0947823524475 9.61316001415253 9.24187111854553 9.83408236503601 10.3369600772858 10.4181516170502 10.5076565742493 10.4338281154633 11.1194999217987 11.5701715946198 10.8581762313843 11.3441812992096 11.3055193424225 11.1376912593842 10.6305294036865 10.4258725643158 10.1084713935852 9.4282603263855 8.3515716791153 8.42765545845032 8.75069499015808 8.69167339801788 8.97165155410767 9.19896340370178 8.86160814762115 8.25442016124725 7.6860648393631 7.45504331588745 7.45802140235901
10.3910202980042 11.4706485271454 11.9860212802887 11.8748044967651 11.3634214401245 11.1940379142761 11.3749878406525 10.9711043834686 10.4718878269196 10.3400042057037 10.1512877941132 10.1564040184021 10.1886873245239 9.68063759803772 9.82873463630676 10.5889792442322 10.8008909225464 10.5509688854218 10.0760471820831 9.82645869255066 9.8395369052887 10.1646151542664 10.0698597431183 9.54677081108093 9.28134894371033 8.88092732429504 9.24909317493439 9.74234747886658 9.54110133647919 9.92285537719727 9.71877598762512 9.27119660377502 9.88311719894409 10.1015379428864 10.6329584121704 10.6610455513 10.4424664974213 9.66572022438049 9.8470766544342 9.20033991336823 8.9661545753479 8.9173024892807 9.02745044231415 9.18176484107971 9.11224627494812 8.27539360523224 7.85687494277954 6.86902296543121 6.00500428676605 6.34115195274353
11.2053067684174 11.4595341682434 11.1765701770782 10.4839143753052 10.2084250450134 10.1067688465118 10.6081128120422 11.4741237163544 11.0793008804321 11.365978717804 10.5348224639893 10.5653328895569 11.126677274704 10.9220216274261 10.5199992656708 11.1819438934326 11.373055934906 11.3031673431396 11.1224458217621 10.6132245063782 10.3743360042572 10.3446140289307 10.2790594100952 9.80617117881775 9.33894908428192 9.32789421081543 9.46386849880219 9.30820441246033 9.24220740795135 8.63421082496643 8.26504683494568 8.01588320732117 8.734219789505 9.07288932800293 9.40539228916168 9.54272866249084 9.85573196411133 9.76856851577759 9.65925586223602 9.31296133995056 9.13916671276093 9.14707660675049 9.17789387702942 9.2353777885437 9.12386167049408 8.86001265048981 8.37899684906006 8.39910554885864 7.84081089496613 7.32918334007263
11.210592508316 10.5952529907227 10.3404524326324 10.6030242443085 10.3784284591675 10.0161669254303 10.4285712242126 10.7301433086395 9.9727144241333 10.3081195354462 11.0411906242371 11.4482624530792 11.3390002250671 10.9919054508209 10.7597637176514 10.5614087581635 10.4478874206543 10.2758662700653 10.0768444538116 10.5628232955933 11.0399684906006 11.1144466400146 11.1957588195801 11.0897374153137 10.7262160778046 10.1581947803497 10.1869766712189 10.1443951129913 9.53781425952911 8.76506614685059 8.39465129375458 8.04756999015808 8.24165534973145 7.94257438182831 7.72215986251831 8.23574507236481 9.11083030700684 9.12008225917816 9.5997679233551 9.76022028923035 9.60867238044739 9.51695811748505 9.49041044712067 8.95586252212524 8.01781499385834 7.63576722145081 8.37255275249481 8.70667159557343 8.68062388896942 8.39557611942291
