data/spatiotemp/temp3/bio9_norsw_test_2011_2014.asc
NCOLS 654 
NROWS 380 
XLLCORNER 3.91666666666667 
YLLCORNER 55.3333333333333 
CELLSIZE 0.0416666666666667 
NODATA_value -9999 
[rows 132 to 153 of 380, columns 384 to 431 of 654]
-7.83310294151306 -7.79613327980042 -7.78499639034271 -7.70986068248749 -7.64355731010437 -7.57325434684753 -7.55511784553528 -7.37614810466766 -7.3340390920639 -7.38095760345459 -7.25054275989532 -7.22562742233276 -7.10837876796722 -7.0479644536972 -7.01588225364685 -6.96496748924255 -7.07155215740204 -7.07430398464203 -7.07972228527069 -6.97930717468262 -6.94459021091461 -6.87190449237823 -6.82505190372467 -6.67419934272766 -6.74901342391968 -4.86437880992889 -6.60980892181396 -6.6346230506897 -4.81096041202545 -4.91609859466553 -4.81023705005646 -3.74923282116652 -5.06623446941376 -3.96301226317883 -2.29631207883358 -2.14040670543909 -2.08433481305838 -2.18026295304298 -0.343879610300064 -0.27982097864151 -0.330761760473251 -2.21814175695181 -2.25706991553307 -2.25799813866615 -2.31195289641619 -2.38910210132599 -0.533217668533325 -2.52595561742783
-7.80743563175201 -7.73495411872864 -7.76913845539093 -7.7284904718399 -7.74084222316742 -7.74869394302368 -7.64021217823029 -7.38589751720428 -7.24590146541595 -7.3247252702713 -7.29704892635345 -7.18620598316193 -7.19452953338623 -7.13718640804291 -7.12400984764099 -6.96433329582214 -6.95899033546448 -7.0054806470871 -6.97530424594879 -6.98412787914276 -6.9255713224411 -6.78963446617126 -6.74486374855042 -6.74926006793976 -6.70315647125244 -4.88260841369629 -4.87180125713348 -4.82982742786407 -4.76352000236511 -4.92871260643005 -3.53518176078796 -3.51201252266765 -3.68458453565836 -3.79423100501299 -2.25928401201963 -2.04623326659203 -2.00401593372226 -2.01496531441808 -2.0564143769443 -2.08669707924128 -2.06131319329143 -2.06209575012326 -2.0772115252912 -2.15332745015621 -2.21541111916304 -2.28996226936579 -2.39734686911106 -2.54073150455952
-7.62210166454315 -7.63227462768555 -7.58328092098236 -7.68478739261627 -7.73762714862823 -7.7206335067749 -7.53847360610962 -7.42564630508423 -7.50059723854065 -7.56282615661621 -7.32705497741699 -7.18495059013367 -7.277179479599 -7.30140852928162 -7.15980398654938 -7.11803293228149 -7.06309497356415 -7.08465707302094 -7.07588624954224 -7.0502815246582 -7.00255179405212 -6.82453072071075 -6.72117602825165 -6.73065447807312 -6.68396604061127 -6.61227810382843 -4.90841865539551 -4.81016576290131 -3.48700797557831 -3.46649174019694 -3.48797549679875 -3.55812615156174 -3.55683958530426 -3.64278308302164 -3.71872624009848 -3.69933620840311 -2.0131970345974 -1.8068341264734 -1.88163812924176 -1.91444183886051 -1.92907910607755 -1.98788280785084 -2.06852016970515 -2.17199052125216 -2.24603597074747 -2.27698919177055 -2.28927578777075 -2.40672932565212
-7.57443428039551 -7.50326228141785 -7.56425654888153 -7.53225088119507 -7.52441227436066 -7.48807334899902 -7.44706737995148 -7.48889553546906 -7.53479325771332 -7.53492736816406 -7.50522804260254 -7.32236206531525 -7.21316277980804 -7.21446371078491 -7.15293109416962 -7.13573205471039 -7.14319956302643 -7.10066711902618 -7.10396790504456 -7.06443512439728 -6.99219954013824 -6.91159403324127 -6.83815455436707 -6.77404856681824 -6.74077606201172 -6.74683654308319 -6.64639711380005 -4.78983759880066 -3.50116315484047 -3.4292996712029 -3.4607698135078 -3.53623928502202 -3.54776130244136 -3.57666835188866 -3.61024212837219 -3.56848248839378 -3.4867228269577 -3.32496308255941 -1.78569488227367 -1.81935331225395 -1.90117841027677 -2.00033695995808 -2.05416178703308 -2.12432043999434 -2.20782740414143 -2.26118291914463 -2.30424292385578 -2.3502174988389
-7.37493371963501 -7.45124959945679 -7.48139882087708 -7.43888103961945 -7.4073634147644 -7.4483460187912 -7.44816172122955 -7.46847772598267 -7.48865532875061 -7.51852810382843 -7.51390075683594 -7.46760714054108 -7.32097971439362 -7.21435272693634 -7.17605865001678 -7.15759813785553 -7.14630424976349 -7.12034404277802 -7.06588292121887 -6.99942266941071 -6.97134721279144 -6.8851569890976 -6.73979961872101 -6.69010901451111 -6.72075188159943 -6.62422847747803 -6.49470448493958 -3.63386220484972 -3.67065159231424 -3.61144085973501 -3.48489686846733 -3.47501955553889 -3.53934985399246 -3.66188708692789 -3.60909125953913 -3.45096210204065 -3.4714994225651 -3.47070349752903 -3.43790761660784 -3.41911183809862 -3.45031599700451 -3.5375198610127 -3.62739057838917 -2.10614975914359 -2.19595205038786 -3.84238740056753 -3.85895895212889 -3.88853076100349
-7.27193284034729 -7.30790364742279 -7.29004085063934 -7.22801125049591 -7.21781527996063 -7.21261918544769 -7.30025613307953 -7.39189338684082 -7.4053510427475 -7.45246243476868 -7.50890719890594 -7.45418512821198 -7.35196352005005 -7.34907472133636 -7.36851942539215 -7.31629765033722 -7.28157556056976 -7.21652019023895 -7.12163150310516 -6.93074321746826 -6.77166140079498 -6.74372017383575 -6.70761179924011 -6.59667015075684 -6.55356180667877 -6.41078686714172 -5.47299635410309 -5.41771173477173 -3.59747332334518 -3.6262489259243 -3.47302414849401 -3.39646627567708 -3.43627138435841 -3.54043906927109 -3.56527370214462 -3.40544145833701 -3.35627592110541 -3.37911054491997 -3.4139451039955 -3.49465830624104 -3.51894744299352 -3.52711536549032 -3.62594961747527 -3.69678404182196 -3.7397787347436 -3.75693341344595 -3.78542109578848 -3.84451218694448
-7.14843285083771 -7.15439105033875 -7.13518297672272 -7.09847509860992 -6.98110020160675 -7.04205882549286 -7.2335170507431 -7.34147596359253 -7.38638007640839 -7.44556331634521 -7.50424671173096 -7.50126361846924 -7.34178042411804 -7.22229671478271 -7.28931367397308 -7.37249684333801 -7.26034688949585 -7.20386362075806 -7.15504717826843 -6.95239686965942 -6.83430874347687 -6.77261626720428 -6.75425636768341 -6.74106431007385 -5.77166104316711 -5.59432542324066 -4.26020647957921 -3.33286689780653 -3.27162856853101 -3.4203899987042 -3.52381823584437 -3.45924633741379 -3.48785949125886 -3.54432465136051 -3.54612292721868 -3.44792106747627 -3.39105252921581 -3.36825430890894 -3.42939912248403 -3.46444740891457 -3.51157901622355 -3.54426613822579 -3.5794133991003 -3.68714041262865 -3.75896367430687 -3.76024091988802 -3.74207355827093 -3.81676360964775
-6.94309866428375 -6.99337875843048 -7.06682527065277 -7.08610510826111 -7.08438503742218 -7.01533150672913 -7.17077815532684 -7.30789136886597 -7.36374247074127 -7.36866450309753 -7.42825305461884 -7.43434178829193 -7.30226373672485 -7.15618550777435 -7.14060759544373 -7.14752948284149 -7.19028520584106 -7.1577068567276 -7.14329564571381 -7.05905067920685 -6.906289935112 -6.81901252269745 -6.75206875801086 -6.64629173278809 -6.56701421737671 -6.46107029914856 -4.47209813445807 -4.34960690885782 -3.44378358125687 -3.39853125810623 -3.44994543865323 -3.51402638480067 -3.5114479996264 -6.18171691894531 -6.11101603507996 -3.42573393322527 -3.40316264797002 -3.33170227240771 -3.37727924684441 -3.45174493826926 -3.57732146605849 -3.61602006852627 -3.58440114930272 -9999 -3.80162092298269 -3.78835805505514 -9999 -2.55582132935524
-6.86393141746521 -6.89169931411743 -6.95830094814301 -6.99773526191711 -6.96567022800446 -6.98093795776367 -6.18227875232697 -6.24372744560242 -6.27792513370514 -7.15659880638123 -7.24142599105835 -7.2100864648819 -6.34571468830109 -6.2666620016098 -7.0257351398468 -6.18922328948975 -6.18450391292572 -6.2291179895401 -7.05221080780029 -7.03687131404877 -6.97710394859314 -6.88440907001495 -6.83371376991272 -6.72001898288727 -6.58649039268494 -6.57129561901093 -4.62898989021778 -4.55504581332207 -3.69060525298119 -3.55867233872414 -3.46473944559693 -3.44413990341127 -3.487702999264 -6.01763713359833 -5.91598773002625 -4.08093369507696 -3.35393933951855 -3.35224807774648 -3.4295571744442 -3.46511639095843 -3.53250886127353 -3.57190093398094 -3.60811172798276 -3.71401929110289 -3.67714858800173 -4.30603290721774 -9999 -9999
-5.99880254268646 -6.82102012634277 -6.06534218788147 -6.0697785615921 -6.91662156581879 -6.91754400730133 -6.05642175674438 -6.05952501296997 -6.01291966438293 -6.81919968128204 -6.00062525272369 -6.14431118965149 -6.24266409873962 -7.02029669284821 -6.18237006664276 -6.03138959407806 -5.95107543468475 -6.79605996608734 -6.87395918369293 -6.85002517700195 -6.76891839504242 -6.84230542182922 -6.79785907268524 -6.76241290569305 -4.89017449319363 -4.86594493687153 -4.8025486022234 -4.69498537480831 -3.92076016962528 -3.82881374657154 -3.63953342288733 -3.51025359332561 -3.48395812138915 -3.53931423649192 -3.39200368057936 -3.35602627694607 -3.38938265061006 -3.41807184647769 -3.44076151587069 -3.48678406141698 -3.54347370937467 -3.52778197452426 -3.4681858215481 -9999 -3.60429649055004 -2.14382066950202 -2.20794621482491 -9999
-5.88112831115723 -5.93566083908081 -6.05619359016418 -6.90022778511047 -6.12792575359344 -6.90367639064789 -6.05032384395599 -6.03785634040833 -6.00934147834778 -5.99544525146484 -5.96021544933319 -5.93531954288483 -5.97042310237885 -6.00919365882874 -6.04129719734192 -6.01240146160126 -5.98817181587219 -5.9329422712326 -4.75278528034687 -5.8344829082489 -5.80224871635437 -6.65223574638367 -6.70237517356873 -6.67934763431549 -5.64613302052021 -4.87915340065956 -4.83503316342831 -4.07232241332531 -4.79929296672344 -4.70683924853802 -3.82055025547743 -4.34109919518232 -3.55736130475998 -3.59542159363627 -3.59948207065463 -3.44154236651957 -3.4216027110815 -3.41232960950583 -3.3726627578144 -3.45368851721287 -3.52984410896897 -3.60679360106587 -3.65444997698069 -3.63985872268677 -3.57972226664424 -2.16055572032928 -2.22027785331011 -9999
-5.87823188304901 -5.92630183696747 -6.04003858566284 -6.05244183540344 -6.80891168117523 -6.78350138664246 -5.93098556995392 -5.98272216320038 -5.9558572769165 -5.83405745029449 -5.89325785636902 -5.97845780849457 -6.00965821743011 -5.97219181060791 -5.85139203071594 -5.81359219551086 -5.83945918083191 -4.6992609500885 -4.77929966151714 -5.80672645568848 -4.6386339366436 -4.58251877129078 -6.52059519290924 -5.5041941255331 -5.54632923007011 -5.54079701006413 -4.73344440758228 -4.68849609792233 -3.94018588960171 -4.6940997838974 -4.59465144574642 -3.76192527264357 -3.69257897883654 -3.66441737860441 -3.59025605395436 -3.49742759764194 -3.42193290125579 -3.4437717590481 -3.40286018932238 -3.31500426866114 -9999 -9999 -9999 -3.6141364723444 -9999 -2.19319455698133 -2.19319472834468 -1.85194450616837
-5.88466846942902 -5.97860956192017 -6.03155028820038 -6.04115772247314 -6.79045522212982 -5.90503919124603 -5.76331377029419 -5.77692115306854 -5.77637279033661 -5.85300302505493 -5.89263319969177 -5.81959652900696 -5.89889311790466 -5.99218964576721 -5.95015299320221 -4.81697212159634 -4.81791943311691 -4.73620022833347 -4.62448064982891 -4.57576112449169 -4.66184704005718 -4.58273731172085 -4.52079421281815 -4.52901793271303 -4.54574158042669 -4.56913185119629 -4.58068852126598 -4.59174610674381 -4.60063599050045 -4.56052631884813 -4.53691681474447 -3.81166867166758 -3.79046332091093 -3.76941341906786 -3.71703001856804 -3.61198010668159 -3.46092987991869 -3.37654707831098 -3.35283037507907 -3.29854252003133 -9999 -2.05064308643341 -1.6199639737606 -1.65258067846298 -9999 -9999 -9999 -9999
-5.79843890666962 -5.87758374214172 -5.95739555358887 -5.9772070646286 -5.94635200500488 -5.92949664592743 -6.69263851642609 -5.86178648471832 -5.81222212314606 -5.82128202915192 -5.84934198856354 -5.85740149021149 -4.71819323301315 -4.76404918730259 -4.79157154262066 -4.83026091754436 -4.76645033061504 -4.66330595314503 -4.65216180682182 -4.58118452131748 -4.51822686940432 -4.54362218827009 -4.55951797962189 -4.58324690163136 -4.58547551929951 -4.55253779888153 -4.52526669949293 -4.53299558162689 -4.5352241396904 -4.50661986321211 -3.74560235440731 -3.78874548524618 -3.80568114668131 -3.74774271994829 -3.63713752478361 -3.54186588153243 -3.49259416759014 -3.36265546572395 -3.30346229113638 -3.3197787348181 -2.77384029328823 -9999 -9999 -9999 -9999 -9999 -9999 -9999
-5.65487575531006 -5.74655818939209 -5.84190726280212 -5.89458930492401 -5.89993810653687 -5.91695380210876 -5.91830313205719 -5.86665201187134 -5.81473791599274 -5.78889429569244 -5.75705027580261 -4.58015830814838 -5.78902971744537 -4.7138540148735 -4.64211829006672 -4.73354960978031 -4.78048072755337 -4.68491174280643 -4.54017648100853 -4.48194095492363 -4.41644003242254 -4.45384066551924 -4.56457495689392 -4.59014230966568 -4.53720989078283 -4.55411050468683 -4.49251087754965 -4.47674519568682 -4.45297937840223 -4.46254653483629 -4.48194745928049 -3.71848910301924 -4.3471887037158 -3.66207192838192 -3.58257839456201 -3.52175153791904 -3.42213668394834 -3.37738332152367 -3.34193700086325 -9999 -9999 -9999 -9999 -9999 -9999 -9999 -9999 -9999
-5.63297927379608 -6.53926396369934 -6.64848172664642 -6.67903292179108 -5.88552486896515 -5.87107825279236 -5.84329783916473 -5.83051729202271 -5.85625386238098 -5.84550631046295 -4.63447342813015 -4.56764629483223 -4.59465271234512 -4.59782548248768 -4.53566551208496 -4.46917156130075 -4.55867813527584 -4.62201756238937 -4.51252397149801 -4.45753050595522 -4.47815343737602 -4.51089268177748 -4.53679861873388 -4.54587113112211 -4.48227718472481 -4.40318318456411 -4.39558895677328 -4.39716153591871 -3.63377960771322 -3.69126415252686 -3.71474814414978 -4.37295204401016 -4.30926658213139 -3.56506809592247 -3.51868594065309 -3.47544102929533 -3.42481041420251 -3.38120607536985 -3.35982389748096 -3.31344185210764 -9999 -9999 -9999 -9999 -9999 -9999 -9999 -9999
-5.61974990367889 -5.63817369937897 -5.69559717178345 -6.57546031475067 -6.61079347133636 -6.61196041107178 -5.84962606430054 -5.8500497341156 -4.70405618846416 -5.69911861419678 -5.58546805381775 -4.40163395553827 -4.34404871612787 -4.32879719883204 -4.36071211844683 -4.43229397386312 -4.49287566542625 -4.51179026812315 -4.54070522636175 -4.53178682923317 -4.46219984441996 -4.45327769964933 -4.43918906897306 -4.40626689791679 -4.40334435552359 -4.39958903938532 -4.41600003093481 -4.42974466830492 -4.44415581971407 -3.69999988377094 -3.73798763006926 -3.70264258980751 -3.60200118646026 -3.53711930289865 -3.51725141331553 -4.10667463205755 -9999 -9999 -9999 -9999 -9999 -9999 -9999 -9999 -9999 -9999 -9999 -9999
-5.60251975059509 -5.62348127365112 -5.59144222736359 -5.60540366172791 -5.62936496734619 -6.50078511238098 -5.70762062072754 -4.56888468563557 -4.54381814599037 -6.440190076828 -4.56929838657379 -4.44178856164217 -4.2772785499692 -4.14160226844251 -4.1465924885124 -4.30741572380066 -4.38907263427973 -4.39406288415194 -4.41788652539253 -4.45271009206772 -4.3759132027626 -3.47413386031985 -4.20874607563019 -3.41311777196825 -3.45560942217708 -3.51476792618632 -3.5772597938776 -3.67041847109795 -3.750243447721 -3.75673543661833 -3.70122729986906 -4.38120127469301 -4.2928107380867 -5.93148410320282 -9999 -9999 -9999 -9999 -9999 -9999 -9999 -9999 -9999 -9999 -9999 -9999 -9999 -9999
-4.51867879927158 -4.5484497398138 -4.55872131884098 -4.52565942704678 -4.40126436203718 -4.38786921650171 -4.3889738842845 -5.51378083229065 -4.53058019280434 -4.5116456001997 -4.54087767004967 -5.22779592126608 -4.31500851362944 -4.25224046036601 -4.19963936135173 -4.18987146019936 -4.21193696185946 -4.23566894605756 -4.21423419378698 -4.21113295294344 -4.19462657906115 -4.07138125598431 -3.36516751814634 -3.40416347049177 -3.43982570432127 -3.47482168674469 -3.58715085312724 -3.62947963923216 -3.67580873519182 -3.67080469429493 -3.67023522406816 -4.38793028891087 -4.23012477532029 -9999 -9999 -9999 -9999 -9999 -9999 -9999 -9999 -9999 -9999 -9999 -9999 -9999 -9999 -9999
-4.58310961723328 -4.58694243431091 -4.58727526664734 -4.49727473407984 -4.45727396011353 -4.29910669475794 -4.28660611063242 -4.39560563117266 -4.44334217905998 -4.47431642562151 -4.47245711088181 -4.46626407653093 -4.32823816686869 -4.18971220776439 -4.18118624761701 -4.21482690051198 -4.25163419917226 -4.29327465221286 -4.28058202192187 -4.18638948537409 -4.13050626730546 -3.29687654972076 -3.33837634825613 -3.36520933592692 -3.41737533546984 -3.46287512779236 -4.30210855975747 -4.39390114694834 -3.64737406373024 -3.56502513214946 -3.60852127894759 -5.10161688178778 -9999 -9999 -9999 -9999 -9999 -9999 -9999 -9999 -9999 -9999 -9999 -9999 -9999 -9999 -9999 -9999
-4.49387395381927 -4.51410147547722 -4.56716226041317 -4.62272326648235 -4.51611714065075 -6.3475935459137 -4.41873865574598 -4.36213276535273 -4.35443759709597 -4.31415361911058 -4.33436938375235 -4.32908540964127 -4.22180140018463 -4.15935032628477 -4.15056630037725 -4.15928238630295 -4.16083106398582 -4.1183805167675 -4.10776310157962 -4.15931224822998 -3.41291164327413 -3.44091496802866 -3.48291853442788 -3.49758858606219 -3.46959205903113 -3.41426230501384 -4.21699981950223 -3.46235244907439 -3.46160589717329 -4.16162829101086 -9999 -9999 -9999 -9999 -9999 -9999 -9999 -9999 -9999 -9999 -9999 -9999 -9999 -9999 -9999 -9999 -9999 -9999
-4.59230560064316 -4.54659423232079 -4.55154936015606 -4.62167166173458 -4.60246062278748 -4.56724923849106 -4.50403808057308 -4.41915982961655 -4.31153333187103 -4.26632455736399 -4.16094898059964 -4.12790625356138 -4.08886432647705 -4.05682218074799 -4.02227986883372 -4.06623762845993 -4.07736187183764 -4.05648653674871 -3.30360857676715 -3.33599782502279 -3.33644571900368 -3.30895326007158 -3.30346043407917 -3.32396784890443 -3.3138083666563 -3.32631583511829 -3.36815639834094 -3.47708045504987 -3.48734644055367 -4.18764534592628 -4.14905959367752 -4.10603370331228 -4.04123280476779 -9999 -9999 -9999 -9999 -9999 -9999 -9999 -9999 -9999 -9999 -9999 -9999 -9999 -9999 -9999
