data/spatiotemp/temp3/bio9_norsw_test_2011_2014.asc
NCOLS 654 
NROWS 380 
XLLCORNER 3.91666666666667 
YLLCORNER 55.3333333333333 
CELLSIZE 0.0416666666666667 
NODATA_value -9999 
[rows 286 to 307 of 380, columns 240 to 287 of 654]
1.61588741838932 1.5835697799921 1.51475208997726 1.36543425358832 1.18361652642488 0.999132424592972 0.975314512848854 0.912496909499168 0.819627821445465 0.738040909171104 0.751787349581718 0.859700620174408 0.932780191302299 0.811526745557785 0.798606410622597 0.726019337773323 0.66276590526104 0.545845739543438 0.517258778214455 0.55533866584301 0.6144779920578 0.800010442733765 0.89804282784462 0.944575130939484 0.97877424955368 0.996140077710152 0.979839190840721 0.95770488679409 0.924570694565773 0.943436518311501 0.969968885183334 0.942167952656746 0.889053449034691 0.814125657081604 0.775197803974152 0.724269852042198 0.748842120170593 0.714247539639473 0.666153028607368 0.673725187778473 0.669963963329792 0.620202898979187 0.591108255088329 0.564180418848991 0.554940991103649 0.539556708186865 0.524005781859159 0.518954936414957
1.72935666143894 1.72297778725624 1.61326533555984 1.40288642421365 1.23917388916016 1.12312826514244 1.07424922287464 1.00170344114304 0.900980725884438 0.877247855067253 0.925348252058029 1.01844862103462 0.970549076795578 0.942816078662872 0.816416516900063 0.749183550477028 0.734950661659241 0.719051107764244 0.689151480793953 0.822418689727783 0.95440386235714 0.984774470329285 1.01597808301449 1.03268179297447 0.987385407090187 1.00192262232304 0.988626211881638 1.00882995128632 1.02320027351379 1.04407066106796 1.01944105327129 0.943811386823654 0.929956644773483 0.903043448925018 0.899130210280418 0.875383749604225 0.869637116789818 0.868224158883095 0.870310798287392 0.845730915665627 0.778150975704193 0.742571249604225 0.675324700772762 0.618911661207676 0.63740162551403 0.629461757838726 0.573855377733707 0.524082146584988
1.79149276018143 1.70238573849201 1.54177866131067 1.4006717056036 1.30623120442033 1.26712404936552 1.25985037535429 1.04374340176582 1.0276670306921 1.00778810679913 1.06840904057026 1.10519672930241 1.01065109670162 0.986272171139717 0.922559931874275 0.892014384269714 0.929468676447868 0.938422992825508 1.03137741982937 1.10849840939045 1.080496519804 1.06653808057308 1.06757983565331 1.07178829610348 1.02966313064098 1.050871565938 1.01041339337826 1.00095485150814 1.07699656486511 1.11103826761246 1.04491329193115 0.964788243174553 0.914360016584396 0.912294551730156 0.924896225333214 0.903997659683228 0.861598983407021 0.866533845663071 0.90880198776722 0.904903411865234 0.86183825135231 0.788439631462097 0.739207699894905 0.707309238612652 0.686862252652645 0.689700305461884 0.60953813046217 0.558209404349327
1.78562866151333 1.59112709015608 1.48812520131469 1.47295696800575 1.41612190008163 1.37895344942808 1.36311831325293 1.21028330922127 1.16751991212368 1.14749501645565 1.22863668948412 1.16027835011482 1.07908649742603 1.04956153035164 1.05986991524696 1.09101165831089 1.03798668086529 1.11129495501518 1.15227010846138 1.12224495410919 1.11108914017677 1.0878020375967 1.09518168866634 1.08989468216896 1.08927428722382 1.08898733556271 1.09320023655891 1.0900799036026 1.14779290556908 1.1540058106184 1.07121896743774 0.944931730628014 0.910429716110229 0.894712403416634 0.829995363950729 0.736777901649475 0.750393971800804 0.728510349988937 0.75779302418232 0.754909202456474 0.737858593463898 0.714974746108055 0.67009074985981 0.67004032433033 0.673656143248081 0.704772114753723 0.654054336249828 0.6405034288764
1.82559818029404 1.58653498440981 1.53913852758706 1.54924209660385 1.50417906977236 1.44578278809786 1.38355296477675 1.37048973143101 1.37303943932056 1.39270171150565 1.24769751727581 1.15819323062897 1.10868881642818 1.11051772534847 1.11901335418224 1.21017578244209 1.18267147243023 1.16766701638699 1.14016266167164 1.12215827405453 1.11851494014263 1.11223255097866 1.13445018231869 1.10583452880383 1.06555205583572 1.05893629789352 1.09748736023903 1.11803825199604 1.16208916902542 1.0943067073822 0.951190993189812 0.830908596515656 0.802666202187538 0.805296927690506 0.819260984659195 0.794725373387337 0.7840226739645 0.772320136427879 0.756450802087784 0.731414839625359 0.713379085063934 0.711843177676201 0.737307220697403 0.786771267652512 0.817616865038872 0.835843771696091 0.826403945684433 0.812297597527504
1.93706738948822 1.77744299173355 1.63581867516041 1.5913608726114 1.56740295398049 1.48677869699895 1.4974874756299 1.54752972722054 1.59755904972553 1.56490870937705 1.37009171769023 1.20294120162725 1.17512431740761 1.12414047122002 1.10549022257328 1.18567305803299 1.23218954354525 1.16103911399841 1.13905543088913 1.12107163667679 1.09560762345791 1.11416310071945 1.07538548111916 1.00994095206261 0.932496458292007 0.892885431647301 0.896274238824844 0.925996616482735 0.956385508179665 0.894440934062004 0.811163231730461 0.758218824863434 0.770069241523743 0.776048049330711 0.837193638086319 0.843839019536972 0.799151301383972 0.791963249444962 0.753441989421844 0.714754059910774 0.738566130399704 0.800878256559372 0.83569048345089 0.836169168353081 0.826244279742241 0.809415549039841 0.78825344145298 0.80975815653801
2.04403677582741 1.95885103940964 1.69766534119844 1.56064614653587 1.5374602030497 1.54494120676827 1.57175536267459 1.69723637402058 1.73207853734493 1.64711549133062 1.51698578894138 1.34168944135308 1.24722655117512 1.18076333403587 1.17696692049503 1.19100384414196 1.16654086112976 1.14524440467358 1.08994799852371 0.990151584148407 0.86920028924942 0.901260316371918 0.916153982281685 0.90921413898468 0.922107666730881 0.914667829871178 0.871561467647552 0.855121493339539 0.754348456859589 0.681908592581749 0.6041354611516 0.60852912068367 0.635805793106556 0.667799390852451 0.716292753815651 0.744619473814964 0.71327967941761 0.723273068666458 0.699599623680115 0.661093175411224 0.641419857740402 0.71508015692234 0.811406850814819 0.78723369538784 0.82220484316349 0.867820590734482 0.830603063106537 0.79971881210804
2.07250612974167 1.99959230422974 1.77051191031933 1.52043140120804 1.48518432211131 1.47643700987101 1.52085667359643 1.65894290059805 1.7070981785655 1.61382251605392 1.4572133095935 1.41477076336741 1.35399519652128 1.17288611829281 1.15344361960888 1.20500126481056 1.09289211034775 1.07694980502129 0.993007406592369 0.909731537103653 0.863126158714294 0.905024290084839 0.996589198708534 0.991653859615326 0.960052043199539 0.939283519983292 0.888181746006012 0.816913172602654 1.3305919021368 1.32312016189098 1.29331524670124 0.726172611117363 0.731375694274902 0.742050439119339 0.773891925811768 0.779566690325737 0.82507461309433 0.832749426364899 0.817257553339005 0.770265564322472 0.771607086062431 0.817115262150764 0.85378997027874 0.834798067808151 0.881332218647003 0.887725830078125 0.876119181513786 0.862179383635521
2.04030877351761 1.95883367955685 1.70535852760077 1.54088342376053 1.48607485182583 1.51826652698219 1.5582913197577 1.57814959692769 1.47545118443668 1.9522799551487 1.89766868948936 1.86889079213142 1.8059464097023 1.2070089802146 1.15475365519524 1.19499859213829 1.10674351453781 1.10165511071682 1.02073328197002 0.997311562299728 0.966385468840599 1.01695485413074 1.08252429962158 1.07876038551331 1.00599658489227 1.50645543634892 1.50500282645226 1.41538351774216 1.36026394367218 1.38031126558781 0.793246477842331 1.40423913300037 2.66648460924625 0.786468237638474 2.65796822309494 0.846846953034401 0.890203192830086 0.894225940108299 0.886248767375946 0.867604807019234 0.862127497792244 0.863316938281059 0.894839629530907 0.901362389326096 0.92495946586132 0.904797345399857 0.922135457396507 0.905806630849838
1.94727800786495 1.82224155962467 1.65403850749135 1.58616863749921 1.52796546835452 1.49592901207507 1.4932258464396 1.53152274526656 2.0438084602356 1.99493011832237 1.96855163574219 1.85800665616989 1.89162829518318 1.29779826849699 1.29539716243744 1.1713293120265 1.07842816412449 1.0853603631258 1.04645915329456 1.05172482132912 1.07864460349083 1.69213965535164 1.72153925895691 1.10803359746933 1.10827435553074 1.62240436673164 1.54230386018753 1.40187001228333 1.26810292899609 1.28383576869965 1.41956867277622 1.42346820235252 2.71996465325356 2.69020426273346 2.69827730953693 2.73251678049564 0.923831775784492 0.921369090676308 0.91707319021225 0.896943911910057 0.885481372475624 0.914018705487251 0.934889450669289 0.950926885008812 0.945920005440712 0.948702484369278 0.941151529550552 2.78055448830128
1.80274736136198 1.7544828876853 1.70921850576997 1.67578734457493 1.60035598033573 1.49175826273859 1.44182717055082 2.0864931344986 2.0628924369812 2.03224688768387 2.05810150504112 2.10145583748817 2.09631019830704 2.00849810242653 1.8601858317852 1.14166005700827 1.06361286342144 1.02306574583054 1.00435203313828 1.05830483138561 1.06207053363323 1.11514914035797 1.18406122177839 1.2058065906167 1.70260149240494 1.6615199893713 1.56393846869469 1.41869002580643 1.26577514410019 1.3191936314106 1.41894541680813 2.63505138456821 2.68027848005295 2.67493237555027 2.7114195972681 2.74374030530453 2.81956078112125 2.78554816544056 2.80736871063709 2.83218930661678 2.82234320044518 0.987553775310516 1.00510600209236 1.007324680686 2.84957377612591 2.84062449634075 2.80300852656364 2.81022571027279
1.75638350099325 1.77855749428272 1.67506507784128 1.71757262200117 1.65591344982386 1.52808765135705 1.49726181849837 1.47960276901722 2.07147651910782 2.05189713835716 2.05181774497032 2.12940493226051 2.10115882754326 2.04207965731621 1.35618404299021 1.09665752202272 1.03146433830261 0.98827101290226 1.02241119742393 1.11188463866711 1.23799650371075 1.3462466225028 1.33599645830691 1.38324644695967 1.74119830131531 1.60863550007343 2.14833438396454 3.33687101304531 2.0160463899374 2.66926142573357 1.39232221245766 2.65099863708019 2.6410921216011 2.71332694590092 2.72256205976009 2.84446366131306 2.92719873785973 2.94876691699028 2.90433509647846 2.90407013893127 2.91480496525764 2.86220662295818 2.86577492952347 2.87017668783665 2.87916567921638 2.87624284625053 2.82982003688812 2.79823032021523
0.880380060523748 0.849531695246696 0.852683652192354 1.74250055849552 0.802320403978229 0.735138835967518 1.55430718325078 2.10074365139008 2.07764130830765 2.068284958601 2.02759554982185 2.00190606713295 2.01754987239838 2.03386029601097 1.73883739113808 1.1282874122262 1.06828655302525 0.99145220220089 1.11361809074879 1.30345072597265 1.41908542532474 1.59485617280006 1.96761184930801 1.91563868522644 1.82716536521912 1.6101920902729 1.42271880805492 2.00600661337376 2.03378885984421 1.47846558690071 1.53749243915081 2.74947500228882 2.8072592318058 2.89553879201412 2.99631841480732 3.03226457536221 3.01521077752113 2.98815713822842 2.97077013552189 3.01188308000565 3.0384958833456 3.01210883259773 3.00072169303894 2.98283471167088 2.98149606585503 2.98487213253975 2.93774868547916 2.85962505638599
0.852139856666327 0.842521149665117 0.794902412220836 0.790617138147354 0.820998651906848 0.764379886211827 1.60113013023511 1.57381646847352 2.12422031164169 2.1087444126606 2.02726826071739 2.00362575054169 2.01164978742599 1.39799023792148 1.23218672722578 1.1777166351676 1.30924640595913 1.36227621883154 1.55063920654356 1.69466908276081 1.67383756488562 1.66314494609833 1.68528558313847 1.92998313903809 1.75266969203949 1.60168972611427 1.52887623012066 1.53539626300335 1.54424966871738 1.56393626332283 3.53207106888294 2.83847995102406 2.90894611179829 3.08306735754013 3.10818865895271 3.08014321327209 3.05376437306404 3.02538566291332 3.00184033811092 2.99229480326176 2.99558268487453 2.99287068843842 2.99215830862522 3.0254462659359 3.06323114037514 3.11117959022522 3.07029493153095 2.97324328124523
0.88189958781004 0.829843867570162 0.80512136220932 0.833065748214722 0.822009874507785 0.77728745341301 0.772898428142071 0.767842620611191 2.14513263106346 2.03370353579521 1.47934330068529 1.40290376543999 1.31679752469063 1.33969135582447 1.30341857671738 1.40864556655288 1.59370622970164 1.73593323677778 1.81199376285076 1.82305414974689 1.79792299866676 1.74793374538422 1.70844431221485 1.95016065239906 1.72784069180489 1.62018729746342 1.63220047950745 2.3173249065876 2.28944896161556 3.51998488605022 2.26369708776474 3.57253958284855 2.97279979288578 3.06192946434021 3.09522548317909 3.05252188444138 3.02748462557793 2.99611403048038 2.97524361312389 2.95803977549076 2.9331693649292 2.95529881119728 2.96126192808151 2.97289130091667 3.00096623599529 3.07482036948204 3.12784087657928 2.99669499695301
0.918326158076525 0.916499946266413 0.914673700928688 0.884180966764688 0.847021363675594 0.820861862972379 0.793368868529797 0.767542645335197 0.618168836459517 1.43036120012403 1.42645242065191 1.43771020695567 1.4159680120647 1.44722593203187 1.49431693740189 1.02871837466955 1.17046359181404 1.21954211592674 1.8620148152113 1.84143926203251 1.82217510044575 1.77422228455544 1.66226978600025 1.85483863949776 1.63501159846783 1.62451821565628 3.54454419016838 3.52260486781597 3.51266542077065 3.55872595310211 2.94113481044769 2.99449008703232 2.9886534512043 2.97829124331474 3.04659581184387 3.04456678032875 3.01937147974968 2.97084248065948 2.93648035824299 2.89978469908237 2.87725614011288 2.85922706127167 2.86786507070065 2.93366952240467 3.04936814308167 3.1142942905426 3.10488706827164 3.10897982120514
0.980419307947159 0.966155964881182 0.946559358388186 0.901296008378267 0.857365945354104 0.802769385278225 0.753506042063236 0.730576092959382 0.599607419222593 1.37377301976085 1.30756148695946 0.621251340955496 0.655910588800907 0.726236391812563 0.850562162697315 1.15322126448154 1.28254717588425 1.28453959524632 1.23153202235699 1.83449107408524 1.81659404933453 1.78534454107285 1.70442846417427 1.53734576702118 1.8105161190033 1.80968236923218 2.45034402608871 3.78077936172485 1.84851497411728 3.06223991513252 3.03061774373055 3.00382855534554 2.99384033679962 3.02815333008766 3.07963275909424 3.06361210346222 3.04359149932861 3.01173779368401 2.99438381195068 2.94369672238827 2.94834259152412 2.94515535235405 2.88196821510792 2.88644775748253 2.97743651270866 3.15610161423683 3.16543292999268 3.15276470780373
1.00517906248569 0.963145386427641 0.915444944053888 0.859744444489479 0.794710792601109 0.761676999274641 0.726976489182562 0.714276109822094 0.623379092663527 0.516952220350504 0.539192080497742 0.668098334223032 0.653338268399239 0.781911345897242 0.884484477341175 1.18305757641792 1.30096410214901 1.29120375216007 1.24244353175163 1.1913498789072 1.15474978089333 1.11597628891468 1.75408729910851 1.66404125094414 1.53582854568958 1.84501326084137 1.80267307162285 3.10206788778305 3.12580099701881 3.07836729288101 3.07193395495415 3.04233375191689 3.0445274412632 3.09934866428375 3.14033621549606 3.15899085998535 3.16831171512604 3.14246645569801 3.17378723621368 3.16360846161842 3.19042950868607 3.13741716742516 3.08507162332535 3.03539276123047 3.03750498592854 3.12774229049683 3.17097902297974 3.17204955220222
0.960605621337891 0.91980142518878 0.85699712857604 0.799193049781024 0.754722120938823 0.734917908906937 0.705113741569221 0.71197622269392 0.666484320536256 0.657971391454339 0.66012510843575 0.76761228358373 0.935432586818933 1.04791956394911 1.13307343423367 1.27556045353413 1.32204759120941 1.30153459310532 1.23302172124386 1.1158419251442 0.963231608271599 1.64958882331848 0.870482251048088 0.775441076606512 0.656399796425831 1.30988456308842 1.25254173576832 1.8079833984375 1.22518944740295 1.19134643673897 1.20150378346443 1.25182763487101 1.26226745545864 1.34615638852119 3.26937317848206 3.29486927390099 1.44165679812431 3.31302791833878 3.39002421498299 1.59149029664695 3.38468286395073 3.29934537410736 3.29567503929138 3.27417081594467 3.24640688300133 3.2192160487175 3.18752527236938 3.16833472251892
0.856365401297808 0.79445750080049 0.749549480620772 0.710641545243561 0.688066808506846 0.690158693119884 0.660917587578297 0.607676200568676 0.462256103754044 0.387657135725021 0.578724786639214 0.936792455613613 1.21319352090359 1.33292797207832 1.36666226387024 1.35039666295052 1.32513108849525 1.28453209996223 1.13526636362076 0.910667404532433 0.723380063893273 0.636404350399971 0.621762186288834 0.483119882643223 0.38047743588686 0.352835029363632 1.18551352620125 1.21270748972893 1.24923478066921 1.25242853909731 1.26345580816269 1.29164958745241 1.35790752619505 1.41506295651197 1.47771827504039 1.50404027476907 3.33925223350525 1.49768441170454 1.57417333498597 1.62749532610178 3.5606030523777 3.57310718297958 3.53927838802338 3.46128278970718 3.34214213490486 3.27285671234131 3.18273809552193 3.13761955499649
0.76579200476408 0.703446897212416 0.656101675704122 0.650756547227502 0.638744855299592 0.64739977195859 0.581387918442488 0.438042886555195 0.430694572627544 0.488342944532633 0.804991129785776 1.16430620849133 1.35862129926682 1.38760289549828 1.36258462071419 1.32689961791039 1.29854801297188 1.1921963095665 0.94117796421051 0.70915951859206 0.617195419967175 0.577951893210411 0.518375150859356 0.412798494100571 0.327554941177368 0.321978226304054 0.32006798684597 0.313824534416199 1.26211336255074 1.29084391146898 1.27990768104792 1.28697159141302 1.36021441221237 1.39680279046297 1.40272451937199 1.43181309103966 1.4307346791029 3.24381831288338 0.524775616824627 0.568475164473057 0.640841204673052 3.47920215129852 3.46654814481735 3.39056068658829 3.30454388260841 3.22649747133255 3.14845082163811 3.11423769593239
0.695218498352915 0.665102995932102 0.626987306401134 0.614538427442312 0.609756205230951 0.605307340621948 0.520858507603407 0.516076307743788 0.536799743771553 0.716361977159977 1.0825909525156 1.33748658001423 1.39171555638313 1.38361123204231 1.35117346048355 1.30440247058868 1.27096475660801 0.95919369161129 1.37764170276932 0.630985021591187 0.565010491758585 0.497499346733093 0.451654799282551 0.399477109313011 0.343632459640503 0.302454829216003 0.330943435430527 0.310098960995674 0.27125446498394 0.302743181586266 0.312565430998802 0.344387531280518 1.26835457235575 1.30254270881414 1.32206417620182 3.1750048995018 1.34310718625784 1.3247954621911 0.42162948101759 0.401962339878082 3.13760963082314 1.36621464788914 3.20398458838463 3.24650552868843 3.20877885818481 3.15980452299118 3.1481636762619 3.11685585975647
