data/spatiotemp/temp3/bio9_norsw_test_2011_2014.asc
NCOLS 654 
NROWS 380 
XLLCORNER 3.91666666666667 
YLLCORNER 55.3333333333333 
CELLSIZE 0.0416666666666667 
NODATA_value -9999 
[rows 66 to 87 of 380, columns 336 to 383 of 654]
3.41241949796677 3.30869144201279 2.14129693806171 -1.8803386092186 -1.86801648139954 -2.1678614616394 0.212317317724228 -2.85805094242096 -3.16149026155472 -2.80919063091278 -3.19939088821411 -3.31842488050461 -3.62445867061615 -3.66265904903412 -3.37335956096649 -6.49803155660629 -6.20775520801544 -5.69214561581612 -5.28636947274208 0.947141535580158 1.12478586286306 1.12041303794831 1.12970723491162 1.12333446508273 1.13329517352395 1.1165891289711 -6.09014382958412 -6.35331523418427 -6.57448649406433 -6.64232432842255 -8.25074207782745 -8.9322749376297 -9.01041042804718 -9.22981142997742 -9.39455354213715 -9.46612882614136 -9.36519467830658 -9.15593278408051 -8.72917032241821 -8.89559769630432 -8.42864573001862 -9.0617048740387 -8.77421891689301 -8.61073243618011 -8.44117200374603 -8.47737050056458 -8.43756890296936 -8.36210072040558
-1.47534716129303 0.00281012058258057 -2.32890963554382 -2.78519117832184 -2.26980578899384 -2.46975362300873 -2.98636841773987 -3.45764976739883 -3.53330266475677 -4.02549338340759 -3.65901732444763 -3.21654170751572 -3.23606568574905 -3.02125644683838 -3.25761383771896 -3.13147139549255 -6.34716188907623 -7.63006794452667 -7.60434472560883 -5.3347165286541 1.19463081844151 -1.64153056312352 -1.63806577492505 -1.66760068107396 -7.01413092017174 -7.08429980278015 -7.12563529610634 -7.12647053599358 -6.94963935017586 -6.7724749147892 -6.69831064343452 -6.80647933483124 -6.42553579807281 -7.64616930484772 -8.33723044395447 -8.05119234323502 -8.25069665908813 -8.23003453016281 -8.61824876070023 -8.62175369262695 -8.50159156322479 -8.39859610795975 -8.54426753520966 -8.62327206134796 -8.55584836006165 -8.58049583435059 -8.69197678565979 -8.83095806837082
-2.60789024829865 -2.33310812711716 -3.22432601451874 -3.57504385709763 -2.98492848873138 -2.99664628505707 -3.43236416578293 -3.39324855804443 -3.2911149263382 -3.17296266555786 -3.18097710609436 -3.35399156808853 -3.44067269563675 -6.77679651975632 -6.479776263237 -6.19592249393463 -7.31197756528854 -7.13474267721176 -7.16450822353363 -7.16427367925644 -7.23701632022858 -7.29090332984924 -7.43895655870438 -7.54601001739502 -7.5888968706131 -7.71628379821777 -8.45320332050323 -8.46347135305405 -8.24390578269958 -7.72567403316498 -7.17494171857834 -6.85837611556053 -6.7353367805481 -6.56449013948441 -6.43664303421974 -6.45879617333412 -6.52061596512794 -6.52876877784729 -8.07140666246414 -8.44331026077271 -8.3568799495697 -8.36145013570786 -8.56302016973495 -8.30647838115692 -8.04252430796623 -8.10845437645912 -8.10188475251198 -8.16231513023376
-2.08562886714935 -1.39168614149094 -3.5814089179039 -3.81656312942505 -3.5650509595871 -3.28753864765167 -3.16752642393112 -2.99518102407455 -2.85942721366882 -2.85693204402924 -2.88510364294052 -2.71310836076736 -2.44661301374435 -2.10295140743256 -5.69592672586441 -7.11274415254593 -7.58533132076263 -8.48158502578735 -8.79067182540894 -8.56125843524933 -8.75304961204529 -8.63571059703827 -8.36637222766876 -8.76420021057129 -8.86152791976929 -9.40991151332855 -9.49999570846558 -9.35041308403015 -9.16516411304474 -9.62495231628418 -8.36257314682007 -8.33877372741699 -8.41903793811798 -8.10220021009445 -7.46452915668488 -7.1656910777092 -8.21928143501282 -6.95484909415245 -6.72501105070114 -6.80850633978844 -7.94622573256493 -7.92454540729523 -7.70769810676575 -8.00668421387672 -7.89103376865387 -7.99691301584244 -8.16429251432419 -7.96867200732231
-3.85439121723175 -3.11512416601181 -2.56552392244339 -2.81592363119125 -3.18065667152405 -3.02738958597183 -2.67012274265289 -2.43735581636429 -2.26327180862427 -2.02820497751236 -2.01397138834 -2.03840440511703 -5.84061208367348 -7.44923216104507 -7.65520429611206 -7.82484292984009 -8.02514863014221 -8.91845393180847 -8.85175967216492 -9.90447747707367 -10.1106327772141 -10.034970164299 -9.78247499465942 -9.57497918605804 -9.61615037918091 -9.46232116222382 -9.27665901184082 -9.24933004379272 -8.19008052349091 -9.85459434986115 -9.95630168914795 -10.1480093002319 -9.52857255935669 -10.0100929737091 -9.8831353187561 -9.81367707252502 -9.6603861451149 -9.3355947136879 -8.86297011375427 -8.58184576034546 -8.49322089552879 -8.53326284885406 -8.13530513644218 -7.97434723377228 -7.86503648757935 -7.93153962492943 -7.95287594199181 -7.81171268224716
-0.919683039188385 -0.933767080307007 -2.14283800125122 -1.99495840072632 -2.47191214561462 -2.83353251218796 -2.93731933832169 -3.26943975687027 -3.16064935922623 -6.69968843460083 -6.87607544660568 -6.69762939214706 -7.84141194820404 -7.83916616439819 -8.09392070770264 -8.38617515563965 -8.35009586811066 -8.26235020160675 -8.46293771266937 -9.47693943977356 -9.46750068664551 -9.86733734607697 -9.74193406105042 -9.66615068912506 -9.41220104694366 -8.08229798078537 -9.25796765089035 -9.68585109710693 -10.1816898584366 -9.58695149421692 -9.76000118255615 -10.2867950201035 -10.221338391304 -10.1331681013107 -10.0179982185364 -10.0184949636459 -10.0088243484497 -9.70098799467087 -9.36548447608948 -9.13814747333527 -9.18164426088333 -9.03247404098511 -11.1071691513062 -9.3279669880867 -10.8877248764038 -10.8685851097107 -10.9319450855255 -10.9258048534393
-2.77730339765549 -2.46247762441635 -2.3353186249733 -2.9899930357933 -3.45433396100998 -4.03584182262421 -3.88534951210022 -4.0421906709671 -3.94836020469666 -3.67952489852905 -3.15402334928513 -2.64135456085205 -7.85556375980377 -8.32826709747314 -9.76654410362244 -10.0802158117294 -10.4430538415909 -9.64107990264893 -9.41694974899292 -9.04298615455627 -8.67280340194702 -8.38873434066772 -8.42549800872803 -8.42242932319641 -8.56369340419769 -9.67151391506195 -9.47044289112091 -9.97351968288422 -9.40313470363617 -9.45773041248322 -10.0226068496704 -9.45642197132111 -9.84960460662842 -9.78737425804138 -10.3571946620941 -10.2211458683014 -10.1219300031662 -10.0780475139618 -9.91049861907959 -9.68428319692612 -11.3885974884033 -11.2657945156097 -11.2453255653381 -11.2310225963593 -11.1874446868896 -11.1865911483765 -11.1927371025085 -11.1083831787109
-3.72550928592682 -4.29940444231033 -3.76529943943024 -4.1653613448143 -4.35025608539581 -4.26148438453674 -4.18571305274963 -3.72160792350769 -3.05923753976822 -2.84276837110519 -8.28307819366455 -8.63506352901459 -8.93254888057709 -8.71736764907837 -8.00668680667877 -9.79694771766663 -10.326718211174 -10.7851550579071 -10.7080926895142 -10.3075300455093 -10.0569027662277 -10.2095441818237 -10.3465194702148 -10.1936606168747 -9.10893321037292 -8.80028343200684 -8.89046740531921 -9.73639333248138 -10.1822963953018 -10.1899861097336 -10.2268424034119 -10.1271985769272 -9.96724689006805 -9.71981865167618 -10.2282935976982 -10.2492963075638 -10.3240351676941 -10.1444408893585 -10.147512793541 -10.0575851202011 -9.92732381820679 -9.74389618635178 -11.4808149337769 -11.2992367744446 -11.2271640300751 -11.274263381958 -11.3318626880646 -11.249794960022
-3.50338196754456 -3.66166424751282 -3.7732800245285 -3.65589588880539 -3.41867822408676 -3.53179407119751 -3.39007639884949 -6.75936836004257 -7.08628815412521 -8.06010699272156 -8.20409250259399 -10.2845340967178 -10.4714037179947 -9.80960690975189 -7.79973602294922 -9.55667960643768 -10.3566176891327 -10.4893735647202 -10.3942890167236 -10.3271586894989 -10.3491040468216 -10.185290813446 -10.1248120069504 -10.379687666893 -9.99685263633728 -9.95170652866364 -9.89106059074402 -9.87974750995636 -9.81060111522675 -10.2388392686844 -10.2582451105118 -10.3249845504761 -10.3138673305511 -10.1690602898598 -9.95158720016479 -9.86028093099594 -9.81564056873322 -9.82016694545746 -9.78402721881866 -11.924033164978 -9.85508030653 -10.0337737798691 -11.6591384410858 -11.3667845726013 -11.3298840522766 -11.330602645874 -11.4639875888824 -11.4532067775726
-2.92808794975281 -3.06842458248138 -3.2959275841713 -3.42443037033081 -3.73843348026276 -4.13893675804138 -4.26060628890991 -3.7739429473877 -4.67165917158127 -7.08494013547897 -6.44015347957611 -10.005536198616 -10.100838303566 -10.0438072681427 -9.73710978031158 -8.58783578872681 -8.09905219078064 -9.07934951782227 -9.24615168571472 -9.40612077713013 -9.94090366363525 -10.0123714208603 -10.2829378843307 -10.1251704692841 -10.0437368154526 -9.99646961688995 -9.94436919689178 -10.5314471721649 -10.5140696763992 -10.4640251398087 -10.4688143730164 -10.5169361829758 -10.547654747963 -10.4839690923691 -10.4877836704254 -10.4267643690109 -10.3162461519241 -10.0697270035744 -12.1409792900085 -12.0015172958374 -11.7677206993103 -11.7014243602753 -11.6094613075256 -11.5788321495056 -11.5732700824738 -11.4932751655579 -11.5399465560913 -11.5507853031158
-2.77762734889984 -2.85168445110321 -2.99124163389206 -3.22763210535049 -3.68068897724152 -4.18391299247742 -4.05347001552582 -3.56669348478317 -5.73703587055206 -6.17051482200623 -10.0458035469055 -10.6125383377075 -10.5247728824615 -10.3255071640015 -10.1934088468552 -10.0129773616791 -9.92521190643311 -9.85544621944427 -8.76333034038544 -8.52782940864563 -8.18205004930496 -9.33561825752258 -9.86367952823639 -10.0321824550629 -9.92512023448944 -10.0905660390854 -10.1880110502243 -10.1752902269363 -10.7337061166763 -10.6405448913574 -10.5642166137695 -10.6083884239197 -10.6712753772736 -10.5952112674713 -10.4689803123474 -10.3639152050018 -10.3471847772598 -10.2046200037003 -12.3180723190308 -12.2313339710236 -11.9794285297394 -11.8090233802795 -11.7137851715088 -11.723379611969 -11.669989824295 -11.666613817215 -11.6264052391052 -11.6486968994141
-2.51266670227051 -2.67827790975571 -2.97138899564743 -2.95849996805191 -7.0312597155571 -4.74072235822678 -7.46317267417908 -7.12421274185181 -7.79836618900299 -8.42814707756042 -10.1132063865662 -10.2805405855179 -10.1758737564087 -10.4363746643066 -10.6348754167557 -10.5998755693436 -10.6710426807404 -10.4625436067581 -10.0720443725586 -10.0847113132477 -10.1477072238922 -9.24514019489288 -8.7745019197464 -9.12375354766846 -9.06217908859253 -10.8076332211494 -9.99198710918427 -10.169978260994 -10.7318429946899 -10.7207313776016 -10.737285733223 -10.7275071144104 -10.7837299108505 -10.7901196479797 -10.711176276207 -10.6010664701462 -10.4877899885178 -10.3565137386322 -12.3878316879272 -12.3241503238678 -12.0978031158447 -11.9246220588684 -11.8537752628326 -11.80859375 -11.8123753070831 -11.9061198234558 -11.7138640880585 -11.6774411201477
-2.66987276077271 -2.70403790473938 -2.76336985826492 -6.66703051328659 -6.7299103140831 -8.18681383132935 -7.85973119735718 -6.5853830575943 -7.7850558757782 -7.77995228767395 -9.4897757768631 -9.73487567901611 -10.124808549881 -10.5892416238785 -10.8724126815796 -10.4294410943985 -10.0788743495941 -10.0134738683701 -10.2499272823334 -10.0456733703613 -10.0777417421341 -10.0632780790329 -9.96498167514801 -9.84518527984619 -9.21663993597031 -9.23748904466629 -10.6229379177094 -10.599875330925 -10.6026462316513 -10.8646209836006 -10.880288541317 -10.8821224570274 -10.860155582428 -10.8413872718811 -10.5258730053902 -10.5208840370178 -10.4030613899231 -10.3502399921417 -12.3865909576416 -12.2573003768921 -12.1365110874176 -12.0533878803253 -11.9764313697815 -11.875474691391 -11.8647615909576 -11.8776254653931 -11.843989610672 -11.7908527851105
-6.28001534938812 -6.80423504114151 -6.75445473194122 -6.75000810623169 -6.75106102228165 -5.72315621376038 -6.78933399915695 -7.90979135036469 -7.63957929611206 -7.46409118175507 -8.27293658256531 -9.56137776374817 -9.60574316978455 -9.58477556705475 -9.45664095878601 -9.44467318058014 -8.28534209728241 -8.06952065229416 -8.02769923210144 -8.08637833595276 -9.29510945081711 -9.43135887384415 -9.51777410507202 -10.3180140852928 -10.4666679501534 -9.35137361288071 -10.7476418614388 -10.6149623394012 -10.3359497785568 -10.2847701311111 -10.349757194519 -10.3484114408493 -10.1896380186081 -10.1459368467331 -10.1580689549446 -10.1373683810234 -9.98933398723602 -12.3380823135376 -12.2520163059235 -12.1502845287323 -12.1508855819702 -12.1183199882507 -12.0645880699158 -12.0826890468597 -12.117481470108 -12.001297712326 -11.8812811374664 -11.8037650585175
-6.74047309160233 -6.62503272294998 -7.1272588968277 -7.07448524236679 -6.41521155834198 -7.61268496513367 -8.02755951881409 -7.99493408203125 -7.5227689743042 -7.79422962665558 -8.08569073677063 -7.90231823921204 -9.00817823410034 -9.5148092508316 -9.72844064235687 -9.62290513515472 -9.85753691196442 -9.731001496315 -9.36946594715118 -8.41683900356293 -8.93679642677307 -9.09058392047882 -9.98840022087097 -9.96069550514221 -8.97927904129028 -9.78159117698669 -10.8790131807327 -10.7865498065948 -9.5256786942482 -9.4883748292923 -10.6793267130852 -10.6711972355843 -10.5967584848404 -10.6070120930672 -10.4967654943466 -10.4591855406761 -10.331772685051 -12.6427829265594 -12.4412758350372 -12.3227677345276 -12.2079262733459 -12.1019189357758 -12.0345778465271 -11.9329025745392 -11.8660342693329 -11.7773039340973 -11.7709064483643 -11.8395097255707
-3.82465744018555 -6.90683048963547 -8.35747694969177 -8.02499687671661 -7.56068360805511 -7.81503689289093 -8.6967236995697 -8.34174358844757 -7.20795851945877 -7.48053479194641 -7.88411152362823 -8.11768794059753 -8.01343107223511 -7.60517424345016 -7.86358374357224 -7.90849351882935 -7.93740344047546 -8.2308132648468 -9.59232866764069 -9.88072621822357 -10.0105112791061 -10.0571855306625 -10.0720262527466 -10.0480333566666 -9.96154046058655 -10.6882973909378 -10.7508840560913 -10.8128035068512 -10.8757227659225 -10.8884760141373 -10.8470622301102 -10.7616488337517 -10.7683796882629 -10.7389209866524 -10.6369619369507 -10.669336438179 -12.9674346446991 -12.8781518936157 -12.7712016105652 -12.691251039505 -12.5949673652649 -12.4183509349823 -12.1745681762695 -12.027450799942 -11.9815874099731 -11.9376428127289 -11.7446990013123 -11.6020879745483
-6.84875357151031 -6.85367596149445 -6.80993193387985 -6.87735432386398 -7.42461001873016 -7.77236604690552 -7.41978877782822 -7.26454472541809 -7.52038240432739 -7.80746924877167 -8.02738893032074 -7.85397577285767 -8.88360178470612 -7.68098211288452 -7.17773562669754 -7.49715536832809 -7.75824183225632 -7.82632881402969 -9.25109046697617 -9.47797775268555 -9.6637305021286 -9.66901683807373 -9.73713648319244 -9.80858898162842 -10.6488561630249 -10.0386612415314 -10.8000949621201 -10.8142977952957 -10.8175007104874 -10.8063699007034 -10.7897393107414 -10.7634425163269 -11.0623311400414 -10.7719658017159 -10.7868582606316 -10.8182505369186 -13.0867590904236 -10.7092016935349 -12.900529384613 -12.7464141845703 -12.5744662284851 -12.5201847553253 -12.5514030456543 -12.4199542999268 -12.0951364040375 -11.9419481754303 -11.8832592964172 -11.8482377529144
-7.28080224990845 -8.47100925445557 -8.08409154415131 -7.38584065437317 -6.67909002304077 -6.7990055680275 -6.9727548956871 -7.90050399303436 -9.25074136257172 -8.47919881343842 -9.54927694797516 -9.49921107292175 -9.36481237411499 -9.55624628067017 -8.11198890209198 -7.59814673662186 -7.6591380238533 -7.48962926864624 -7.87378722429276 -9.41135215759277 -9.50580143928528 -10.3325482010841 -10.469434261322 -10.594987154007 -10.7603735923767 -10.0524586439133 -10.8274793624878 -10.8398661613464 -10.7515851259232 -10.7336384057999 -10.716857790947 -10.7257443070412 -10.6911741495132 -10.7089805006981 -10.7912875413895 -10.7500941753387 -11.0753065943718 -13.4835727214813 -13.4319758415222 -13.3230459690094 -12.8877544403076 -13.0841863155365 -12.658417224884 -12.4739146232605 -12.2790150642395 -12.0180511474609 -11.9912552833557 -12.0922913551331
-6.01234149932861 -7.65500903129578 -7.86058473587036 -7.53332734107971 -7.62490260601044 -8.36431205272675 -8.6147209405899 -8.15079665184021 -7.19286584854126 -8.27324402332306 -8.84289240837097 -9.08070731163025 -9.46068918704987 -10.1521705389023 -9.94981908798218 -8.48847150802612 -8.32170045375824 -7.89642989635468 -8.37114280462265 -8.54145640134811 -9.87094539403915 -10.135515332222 -10.2850852012634 -10.4226545095444 -10.6877247095108 -10.8024609684944 -10.8758639097214 -10.9002666473389 -11.0439095497131 -10.7347400784492 -10.6889761090279 -10.6858796477318 -10.6344411969185 -10.5691623091698 -13.4272015094757 -13.4797351360321 -13.5002684593201 -13.4948017597198 -10.5914347171783 -10.9495915174484 -10.9439018964767 -13.3699350357056 -12.9082636833191 -12.6215410232544 -12.2680606842041 -12.0278222560883 -12.1164174079895 -12.2496795654297
-5.68443974852562 -5.92584222555161 -6.35924458503723 -6.60414689779282 -7.11304926872253 -7.96111845970154 -8.38352048397064 -8.59292280673981 -8.37319076061249 -7.89432513713837 -6.55512577295303 -8.41070401668549 -9.55256640911102 -9.45359492301941 -9.74862384796143 -9.81798601150513 -9.75268149375916 -8.51873099803925 -8.66907614469528 -8.63644963502884 -10.0873965024948 -9.09840434789658 -10.3769025802612 -10.3898224830627 -10.5455755591393 -10.6723285913467 -10.7175818681717 -10.7313349843025 -10.7922548055649 -10.846174955368 -10.8970948457718 -10.885681271553 -13.132214307785 -13.0946040153503 -13.0826606750488 -13.0698833465576 -13.1052730083466 -13.0986626148224 -13.0170521736145 -13.0174424648285 -13.4270205497742 -10.8402234315872 -12.884777545929 -12.7985005378723 -12.4746062755585 -12.2480928897858 -12.2950797080994 -12.4193999767303
-6.88694667816162 -6.7118421792984 -6.31907111406326 -5.872299939394 -5.77586236596107 -6.49542433023453 -7.67548668384552 -9.86854934692383 -10.1468057632446 -9.79421472549438 -8.08626019954681 -6.90229892730713 -6.78583800792694 -7.29804331064224 -8.35176205635071 -8.45550483465195 -8.91958093643188 -9.06982356309891 -9.28339958190918 -10.219142973423 -10.3090132474899 -9.22477871179581 -10.3503865003586 -10.4669898152351 -10.4565930962563 -10.6325300335884 -10.6967998743057 -10.782236456871 -10.8153395652771 -10.8919430375099 -10.9708796739578 -10.9866496324539 -10.9528095722198 -13.2126042842865 -13.1099398136139 -13.1127750873566 -13.1652777194977 -13.5195927619934 -13.0954494476318 -12.9906184673309 -12.92045378685 -12.87362241745 -12.8162915706635 -12.6902940273285 -12.5829842090607 -12.5098631381989 -12.5050752162933 -12.5032873153687
-7.91228663921356 -7.69734191894531 -7.72139751911163 -7.44261968135834 -6.96517544984818 -5.99989730119705 -5.78361955285072 -6.44617486000061 -8.33065986633301 -8.96211671829224 -8.66774046421051 -8.24336338043213 -6.47311508655548 -7.10581001639366 -7.22780334949493 -7.37296333909035 -7.6667897105217 -9.0043877363205 -9.2382276058197 -8.52435040473938 -9.58346396684647 -9.85475069284439 -10.1198710203171 -10.2081575393677 -10.3056107759476 -10.4547312259674 -10.5888510346413 -10.7268044352531 -10.8022577762604 -10.8685443401337 -10.9204976558685 -10.9619512557983 -11.3161258101463 -10.9117075800896 -10.8166718482971 -13.2606675624847 -13.2941157817841 -13.2545635700226 -13.2386791706085 -13.0784604549408 -12.8757421970367 -12.6693572998047 -12.681138753891 -12.6667535305023 -12.5663638114929 -12.4623005390167 -12.4244043827057 -12.3853416442871
