data/spatiotemp/temp3/bio9_norsw_test_2011_2014.asc
NCOLS 654 
NROWS 380 
XLLCORNER 3.91666666666667 
YLLCORNER 55.3333333333333 
CELLSIZE 0.0416666666666667 
NODATA_value -9999 
[rows 220 to 241 of 380, columns 0 to 47 of 654]
-9999 -9999 -9999 -9999 -9999 -9999 -9999 -9999 -9999 -9999 -9999 -9999 -9999 -9999 -9999 -9999 -9999 -9999 -9999 -9999 -9999 -9999 -9999 -9999 -9999 5.55977863073349 6.15962498635054 6.25486578047276 6.06406745314598 6.91283987462521 6.72965366393328 6.4569619493559 6.90299700945616 5.85383386909962 5.24758338928223 5.65572175383568 5.55689676851034 6.08996584638953 5.99570182990283 5.38393786549568 4.9823405444622 5.38507664203644 4.36314591765404 4.11688214540482 3.99444717168808 5.26110073924065 4.33356913924217 3.58629673719406
-9999 -9999 -9999 -9999 -9999 -9999 -9999 -9999 -9999 -9999 -9999 -9999 -9999 -9999 -9999 -9999 -9999 -9999 -9999 -9999 -9999 -9999 -9999 -9999 -9999 -9999 6.56248024664819 6.41675824299455 6.27053865790367 6.53753949701786 6.25282415375113 6.09737868607044 5.8356743901968 5.57275167107582 7.14163619279861 6.62838830053806 6.81737266480923 6.99368095397949 6.19254200160503 5.26690743863583 6.6453699618578 7.38307692855597 5.28453865647316 6.46372091025114 7.57810455560684 7.64411836862564 8.00613278150558 7.9834800362587
-9999 -9999 -9999 -9999 -9999 -9999 -9999 -9999 -9999 -9999 -9999 -9999 -9999 -9999 -9999 -9999 -9999 -9999 -9999 -9999 -9999 -9999 -9999 -9999 5.72219830751419 5.28908467292786 5.97123874723911 6.78414694964886 7.97091393172741 7.18233374506235 7.0167037434876 6.9537354297936 6.49627791839885 7.85738871246576 6.17888583242893 5.99996775016189 5.83183033950627 5.99310486996546 7.47084671258926 5.92021061852574 5.39032584428787 8.08266389369965 8.68163323402405 10.048752784729 6.53728240728378 7.61309665441513 8.35530006885529 8.02746403217316
-9999 -9999 -9999 -9999 -9999 -9999 -9999 -9999 -9999 -9999 -9999 -9999 -9999 -9999 -9999 -9999 -9999 -9999 -9999 -9999 -9999 5.32270760834217 5.48254826664925 5.29298454523087 6.0375500023365 7.05669003725052 7.26074261963367 6.02987140417099 5.6056764125824 7.18618793785572 5.00054743885994 6.05702203512192 8.12936015427113 6.3682261928916 5.82249844074249 5.50018987059593 5.07545295357704 4.62257042527199 4.32385447621346 3.99213850498199 3.85692238807678 4.29287335276604 6.50483582168818 8.30448257923126 7.56531757116318 7.62245017290115 5.50816345214844 2.84372162818909
-9999 -9999 -9999 -9999 -9999 -9999 -9999 -9999 -9999 -9999 -9999 -9999 -9999 -9999 -9999 -9999 -9999 -9999 -9999 -9999 -9999 5.91014543920755 6.61250429227948 7.75465063005686 7.84427297860384 7.09399940818548 6.12829683721066 7.37748673558235 8.01265843701549 7.23137797415257 5.62505647540092 5.73098635673523 5.33088830113411 5.34730809926987 4.54840010404587 5.39383853971958 4.7724162042141 4.80532735586166 4.65523865818977 4.4954831302166 6.01308485865593 6.91625718493015 3.30404996871948 1.83162766695023 3.06920951604843 1.79196184873581 0.445714145898819 1.7194664478302
-9999 -9999 -9999 -9999 -9999 -9999 -9999 -9999 -9999 -9999 -9999 -9999 -9999 -9999 -9999 -9999 -9999 -9999 -9999 -9999 -9999 5.78647194057703 7.19070862606168 7.97678139805794 8.17360043525696 7.77666863054037 7.86862609535456 7.44113949686289 7.47910359501839 6.92904740571976 6.77312275767326 6.78373754024506 6.9097748696804 6.75222006440163 4.23502069711685 3.31384116411209 3.25154620409012 2.42408442497253 1.79828935861588 1.99099445343018 2.09169936180115 2.07490426301956 1.92277592420578 1.10631424188614 1.60110837221146 0.568991839885712 1.43470883369446 2.27259206771851
-9999 -9999 -9999 -9999 -9999 -9999 -9999 -9999 -9999 -9999 -9999 -9999 -9999 -9999 -9999 -9999 -9999 -9999 -9999 -9999 -9999 -9999 -9999 -9999 -9999 7.46109875105321 6.39184334874153 5.89227828383446 7.64483137428761 7.53092087805271 7.33784429728985 6.9733102619648 4.52999198436737 3.24335587024689 3.2225689291954 2.04111623764038 2.66333049535751 2.73421138525009 2.38825875520706 1.58713948726654 1.50718688964844 0.814067751169205 1.80244845151901 2.93366253376007 3.03754311800003 3.88175678253174 6.05717244744301 6.97866681963205
-9999 -9999 -9999 -9999 -9999 -9999 -9999 -9999 -9999 -9999 -9999 -9999 -9999 -9999 -9999 -9999 -9999 -9999 -9999 -9999 -9999 -9999 7.46112562716007 8.08365428447723 -9999 7.58510113763623 6.1546485722065 5.87291830778122 6.05652141571045 5.99412429332733 5.71739417314529 6.13149666786194 3.88161051273346 3.11147034168243 3.34649711847305 5.28859812021255 5.79270750284195 4.05187430977821 3.93281322717667 6.917823638767 5.83301183581352 4.25196248292923 3.60656768083572 4.02817314863205 6.76475875079632 6.84843675047159 5.59199930727482 6.58212533593178
-9999 -9999 -9999 -9999 -9999 -9999 -9999 -9999 -9999 -9999 -9999 -9999 -9999 -9999 -9999 -9999 -9999 -9999 -9999 -9999 -9999 7.72758395969868 8.03932964801788 8.18301969766617 -9999 8.08012253046036 7.73534019291401 7.10326680541039 6.56448245048523 6.20309749245644 6.20787888765335 6.1123398244381 6.79362145066261 6.94070163369179 7.45394878089428 7.72652900218964 7.77649731934071 7.20005160570145 6.49843925237656 6.34365980327129 6.89888074994087 6.37526850402355 5.32252058386803 6.99171029031277 7.61200096458197 5.92525619268417 5.28502804040909 5.05230015516281
-9999 -9999 -9999 -9999 -9999 -9999 -9999 -9999 -9999 -9999 -9999 -9999 -9999 -9999 -9999 -9999 -9999 -9999 -9999 -9999 -9999 7.69342313706875 7.75753377377987 8.24928316473961 8.66019958257675 -9999 8.75980973243713 8.62940707802773 8.28422193229198 8.71321833133698 8.58319741487503 8.34425267577171 8.11309739202261 8.19569065049291 8.02324224542826 6.1075087711215 6.68618280440569 5.47136773169041 6.75140953063965 8.09366299211979 7.44941658899188 7.2838368290104 7.01325739920139 5.1780272424221 4.00812149047852 4.84042260050774 4.69822365045547 4.97619137167931
-9999 -9999 -9999 -9999 -9999 -9999 -9999 -9999 -9999 -9999 -9999 -9999 -9999 -9999 -9999 -9999 -9999 -9999 -9999 7.67247821390629 7.74361971020699 7.82910344004631 7.93115451931953 8.21138054132462 -9999 8.68710938096046 8.82914057374001 8.62429685890675 8.63701248168945 8.6573176831007 8.27018229663372 8.54971370100975 8.55562934279442 8.45223526656628 8.34382167458534 8.05247822403908 6.75747396051884 8.47809293866158 7.88921296596527 7.61066588014364 7.48545219376683 7.08390559256077 6.47302530705929 6.73764505982399 8.19565191864967 7.56854600086808 6.33408580720425 5.4889158308506
-9999 -9999 -9999 -9999 -9999 -9999 -9999 -9999 -9999 -9999 -9999 -9999 -9999 -9999 -9999 -9999 -9999 -9999 -9999 -9999 -9999 -9999 -9999 -9999 8.13298696279526 8.60154059529305 -9999 -9999 8.80170819163322 -9999 8.07751438766718 7.48772277310491 7.52400835603476 7.68225334584713 6.21749544143677 4.83861798048019 7.49254425615072 6.70702724158764 5.74736423790455 5.21186751127243 5.09487098455429 5.41254115104675 7.30762639362365 8.45275750756264 8.34606066346169 6.09492220729589 5.14694795012474 3.95147407054901
-9999 -9999 -9999 -9999 -9999 -9999 -9999 -9999 -9999 -9999 -9999 -9999 -9999 -9999 -9999 -9999 -9999 -9999 -9999 -9999 -9999 -9999 -9999 -9999 8.57733505964279 8.61492943763733 -9999 8.37345218658447 8.64309778809547 8.76391857862473 -9999 8.61827459931374 8.42857183516026 8.21182414889336 8.18057478964329 8.53012609481812 8.55732759833336 8.26220268011093 8.08848589658737 7.27008808776736 7.79773198068142 8.20935001969337 6.61743769794703 6.44472504407167 8.15097925066948 8.35511642694473 7.27849048143253 6.65558476746082
-9999 -9999 -9999 -9999 -9999 -9999 -9999 -9999 -9999 -9999 -9999 -9999 -9999 -9999 -9999 -9999 -9999 -9999 -9999 -9999 -9999 -9999 -9999 -9999 -9999 7.98717305064201 7.37324371933937 8.00681430846453 7.21177389472723 6.99256646633148 7.26179671287537 7.14859659969807 6.57387754321098 7.38481341302395 7.43708361685276 6.79946825141087 6.93968662619591 5.22111685574055 2.40333545207977 5.30363050103188 6.50225996226072 6.83777487277985 6.22644968843088 5.54640237987041 5.75283738970757 7.9764888137579 7.22533904016018 8.55754309892654
-9999 -9999 -9999 -9999 -9999 -9999 -9999 -9999 -9999 -9999 -9999 -9999 -9999 -9999 -9999 -9999 -9999 -9999 -9999 -9999 -9999 -9999 -9999 -9999 -9999 7.91774991154671 7.77538683265448 6.98351015150547 7.19508777558804 5.80821403861046 5.89420571923256 6.32419633865356 5.93089562654495 5.91296911239624 6.42954280972481 6.82686966657639 6.77106255292892 6.64642971754074 6.61126004159451 3.80619370937347 4.55783024430275 6.88801283016801 6.36956900544465 6.83291276171803 6.87714113295078 6.49592119827867 6.36103431135416 6.15464778244495
-9999 -9999 -9999 -9999 -9999 -9999 -9999 -9999 -9999 -9999 -9999 -9999 -9999 -9999 -9999 -9999 -9999 -9999 -9999 -9999 -9999 8.24123582243919 7.59229737520218 7.26643370091915 7.71313741803169 7.0233265850693 8.11129704117775 7.78454750403762 8.17772852629423 7.62175121158361 8.14078411832452 7.73592406511307 8.06395715475082 8.09468023478985 7.4073638767004 7.85613818466663 6.76227848976851 7.27152259647846 5.42969575803727 5.47641235589981 5.06262864172459 5.23084533214569 5.71289510279894 7.46417072415352 5.73396579362452 5.18645709007978 6.13789658248425 4.21027347445488
-9999 -9999 -9999 -9999 -9999 -9999 -9999 -9999 -9999 -9999 -9999 -9999 -9999 -9999 -9999 -9999 8.11733090877533 8.14574211835861 8.012844145298 7.25236997008324 6.90044547617435 -9999 -9999 -9999 8.23629331588745 7.92890332639217 8.45918695628643 8.40360768139362 8.46715006232262 8.42936461418867 7.37213545106351 6.90538770332932 6.93694053590298 6.95495973527431 7.14297931268811 6.59810370206833 6.43025723844767 5.423704165034 4.73300080001354 3.99779725074768 3.61176055669785 4.08105719089508 4.92085383832455 5.43381696939468 6.27179959416389 5.94463543593884 5.21013797819614 4.41664025187492
-9999 -9999 -9999 -9999 -9999 -9999 -9999 -9999 -9999 -9999 -9999 -9999 -9999 -9999 -9999 -9999 8.03673756122589 8.03998112678528 7.44084218144417 7.57139191031456 7.33357065916061 -9999 -9999 -9999 7.43380224704742 7.46461409330368 7.3759318292141 6.920434062602 7.09131140013051 7.00698044337332 6.83864910155535 6.44815176725388 5.76407569646835 6.41708840429783 7.18260108679533 6.4257804453373 6.12412637472153 5.84680566191673 4.75967195630074 4.73734913766384 4.3188923895359 4.98226894438267 4.07764574885368 3.57018908858299 3.3413006067276 5.16848032176495 4.7294936478138 3.51433998346329
-9999 -9999 -9999 -9999 -9999 -9999 -9999 -9999 -9999 -9999 -9999 -9999 -9999 -9999 -9999 -9999 -9999 -9999 -9999 7.14549984037876 7.1817444562912 7.38449215888977 7.46119865775108 7.55457136034966 -9999 7.62673369050026 7.49406504631042 7.2804064899683 7.42247747629881 7.06244727503508 6.95566921494901 6.68778616935015 5.93747624754906 5.98957219719887 6.76840235292912 6.72702376544476 6.12052714824677 4.9274208471179 5.27019502967596 6.33864870667458 5.3147431127727 5.27518381923437 4.58895814418793 3.91623225808144 3.9032715857029 6.46439296752214 5.11604742705822 3.40101897716522
-9999 -9999 -9999 -9999 -9999 -9999 -9999 -9999 -9999 -9999 -9999 -9999 -9999 -9999 -9999 -9999 -9999 -9999 -9999 7.23793415725231 7.2696196436882 7.44003915786743 7.44830614328384 7.35698123276234 7.56935341656208 7.48838396370411 6.97998425364494 7.21797315776348 6.31804547458887 4.70222449302673 5.58747917413712 6.81454725051299 7.25396134704351 6.50054918974638 6.685347661376 6.20861729979515 4.13482213020325 5.54932364821434 4.99966816604137 4.80965708196163 4.97631275653839 5.1023018732667 5.16195740550756 4.79628007113934 5.4558795709163 7.24658996611834 5.09996689856052 4.62534382939339
-9999 -9999 -9999 -9999 -9999 -9999 -9999 -9999 -9999 -9999 -9999 -9999 -9999 -9999 -9999 -9999 -9999 -9999 -9999 -9999 7.32103629410267 7.26641939580441 6.93329829722643 7.36528699100018 7.41340136528015 7.21253428608179 7.39371772110462 6.89080005511642 7.67680805921555 5.18037551641464 7.4489461183548 7.27701932191849 7.02214052528143 6.99708405509591 7.10845455527306 7.10136875510216 5.89223347604275 6.73586168885231 5.7938082292676 5.58951185271144 6.67589992284775 6.77518965303898 6.69538548588753 7.95535010099411 7.6539634168148 7.81066246889532 7.77777874935418 8.19561502337456
-9999 -9999 -9999 -9999 -9999 -9999 -9999 -9999 -9999 -9999 -9999 -9999 -9999 -9999 -9999 -9999 -9999 -9999 7.29905685782433 7.33169168233871 7.08891150355339 7.3146744966507 6.49693746399134 7.14961035549641 6.67637993395329 6.53308612853289 7.26385930925608 7.05529358237982 7.78418159484863 -9999 -9999 7.19487319886684 7.46011878550053 7.43258941173553 6.69555580615997 5.23349013179541 5.1356102549471 6.54582919180393 6.97507906891406 7.51498553901911 -9999 5.69755838811398 5.56345631182194 5.17117149755359 4.6430432498455 6.51997983455658 6.58897218108177 5.04272390902042
