data/spatiotemp/temp4/bio17_norsw_test_2015_2018.asc
NCOLS 654 
NROWS 380 
XLLCORNER 3.91666666666667 
YLLCORNER 55.3333333333333 
CELLSIZE 0.0416666666666667 
NODATA_value -9999 
[rows 110 to 131 of 380, columns 450 to 499 of 654]
91.9036197662354 89.2701282501221 90.967586517334 92.1229190826416 91.9204902648926 87.8936519622803 90.6501197814941 91.3902797698975 93.5536327362061 93.5057792663574 91.0936450958252 91.8254337310791 92.33717918396 92.290864944458 92.2488193511963 90.5330448150635 91.6054649353027 88.3181037902832 86.2862377166748 85.8570022583008 85.2010278701782 84.4842586517334 88.4100151062012 90.7629661560059 89.6141719818115 87.8467636108398 86.635534286499 88.9990177154541 86.7625045776367 87.4661521911621 87.5773410797119 88.3369464874268 88.8998699188232 90.9976558685303 89.7853603363037 88.1702575683594 89.1363868713379 89.6683559417725 91.8014163970947 92.356746673584 92.7772483825684 95.1221523284912 94.0338611602783 93.6261615753174 94.7527198791504 96.8621158599854 96.2215003967285 98.9395599365234 99.0748653411865 100.600862503052
90.2513427734375 88.5736770629883 90.9279346466064 92.6257629394531 90.0457916259766 90.6266326904297 90.7339839935303 93.4888000488281 93.2824878692627 94.4157848358154 92.156120300293 91.7083778381348 92.2159614562988 91.5776500701904 92.0896244049072 94.1059017181396 94.070520401001 93.2552261352539 90.362003326416 88.3958358764648 85.7726459503174 85.6207332611084 86.5984992980957 90.533109664917 88.7647495269775 87.2254333496094 88.5262451171875 89.060417175293 91.3528003692627 87.9755039215088 89.5092811584473 89.4534683227539 91.1685047149658 91.495735168457 91.0556087493896 90.22580909729 89.5978870391846 90.5365047454834 91.2690410614014 90.8655872344971 91.2635059356689 93.034330368042 93.1732234954834 94.6828575134277 96.8318481445312 96.7770252227783 97.3629302978516 99.0631675720215 99.4531593322754 101.763154983521
93.0095500946045 91.4821872711182 89.0487766265869 93.6299057006836 90.9200248718262 90.0862636566162 90.0356254577637 92.2348613739014 93.9981441497803 93.4759502410889 93.8237762451172 93.8076343536377 93.3218326568604 93.8227806091309 92.7620601654053 95.091365814209 95.6093730926514 92.7122592926025 93.0731182098389 92.6479930877686 90.2585926055908 86.8678550720215 87.1816253662109 87.9258480072021 87.7358131408691 87.9055347442627 90.2128372192383 91.9321231842041 92.486946105957 91.2665519714355 90.7777824401855 90.3339042663574 90.1160793304443 91.0273895263672 91.739294052124 89.3381786346436 91.113410949707 90.6021537780762 92.5638236999512 91.1975765228271 92.5261898040771 93.4696636199951 94.6374111175537 96.9561309814453 99.0843372344971 100.023784637451 100.613170623779 102.32074546814 101.312093734741 103.883136749268
92.5481376647949 92.4904766082764 89.6149501800537 93.5731430053711 91.8962345123291 89.8672771453857 89.9676933288574 91.6984062194824 94.4541893005371 95.5926342010498 93.5658855438232 94.2890548706055 94.3887119293213 94.3337993621826 96.0331726074219 94.8317317962646 95.9705982208252 93.690938949585 91.2995319366455 93.2377681732178 92.014232635498 89.625560760498 89.6669654846191 90.7593059539795 90.1124286651611 89.0456657409668 90.350643157959 90.287935256958 90.2252330780029 90.3201694488525 90.0998268127441 89.6526527404785 89.4325904846191 90.5621643066406 90.9278907775879 91.0231266021729 91.341365814209 91.7039833068848 92.2741279602051 92.684268951416 95.0083236694336 94.3835144042969 96.1420078277588 99.0484523773193 99.6149787902832 99.599422454834 100.543119430542 102.867881774902 104.623851776123 106.177883148193
91.8679676055908 92.5883674621582 91.7489395141602 91.2873554229736 93.8272647857666 91.5952281951904 91.5389633178711 92.0735206604004 94.392391204834 97.1457004547119 96.4634494781494 96.4045028686523 96.4990921020508 96.4402599334717 98.7615509033203 97.1839218139648 95.5641326904297 95.8712959289551 93.4797134399414 93.4513454437256 92.2249965667725 90.6083831787109 90.2625923156738 91.1317768096924 91.1033496856689 89.1372222900391 88.547248840332 90.4504566192627 89.770824432373 92.3346576690674 91.2694969177246 89.4183044433594 89.3528671264648 91.4533519744873 92.8093147277832 93.3506927490234 94.4757633209229 92.9646339416504 93.3530921936035 94.1092758178711 94.4786987304688 95.6631240844727 96.0774326324463 96.225399017334 98.3714332580566 100.516771316528 103.270225524902 105.573984146118 106.171073913574 107.734508514404
93.957857131958 92.1299896240234 91.2904243469238 90.4537296295166 90.3950595855713 91.9806461334229 92.0734710693359 93.6180362701416 96.374490737915 99.1273746490479 98.04567527771 98.6045322418213 98.5418109893799 98.405445098877 99.677433013916 98.8777523040771 94.8428020477295 96.2445983886719 94.0065937042236 93.5418605804443 91.7695407867432 93.3417263031006 93.9309673309326 91.6154708862305 91.2007293701172 90.9414520263672 90.2796764373779 92.5675678253174 93.4958686828613 91.0698299407959 90.9994163513184 92.129280090332 91.8304615020752 91.3770065307617 91.3050918579102 92.8139572143555 94.0957107543945 95.0614128112793 95.0217189788818 94.5641841888428 94.9381637573242 96.1244697570801 97.317325592041 98.1161346435547 99.4669742584229 101.400983810425 104.1640625 106.16005897522 107.733333587646 108.756381988525
98.7403221130371 95.6485824584961 95.5820808410645 90.3003730773926 93.0679321289062 91.6453609466553 90.9605445861816 93.0991249084473 93.4342212677002 97.397876739502 98.6916904449463 98.9159889221191 98.6989135742188 98.7843055725098 100.489135742188 99.2563591003418 97.5827789306641 97.1664924621582 95.9342308044434 92.7133045196533 93.1527214050293 94.4879341125488 93.4828090667725 93.3569812774658 93.4858303070068 93.8492450714111 93.4120006561279 91.3055553436279 91.0783653259277 92.2072772979736 92.5168609619141 92.2116584777832 93.3406810760498 93.802095413208 93.7263469696045 93.9289588928223 93.8524112701416 95.1315174102783 96.5102024078369 96.5085144042969 96.5894031524658 97.7905254364014 98.0616760253906 99.4193420410156 100.001050949097 102.165060043335 103.904003143311 106.297157287598 106.719747543335 107.92421913147
96.457670211792 98.6301174163818 97.932674407959 93.0828323364258 91.1793270111084 91.3654384613037 92.5154972076416 94.8047142028809 97.4125423431396 98.5578536987305 98.1134586334229 99.2570400238037 98.0265598297119 98.9431915283203 100.05530166626 100.798519134521 98.3533706665039 97.9397220611572 96.3150024414062 95.4606742858887 94.4525260925293 92.0638694763184 92.2680816650391 93.3062744140625 93.510368347168 91.8154544830322 94.1289176940918 91.6884078979492 91.6108627319336 91.533317565918 91.6083145141602 92.1410789489746 92.6525001525879 93.2458324432373 93.5487365722656 93.850341796875 94.9755249023438 95.0482978820801 96.2025356292725 96.585033416748 96.7422866821289 98.154577255249 100.78005027771 102.300054550171 100.489555358887 101.527391433716 103.700527191162 105.068885803223 105.49790763855 105.925491333008
96.186990737915 95.4873561859131 94.1972484588623 92.9584293365479 92.8938274383545 95.0383586883545 94.2021427154541 95.7463302612305 97.4417285919189 101.413909912109 100.420677185059 99.7323474884033 99.0452899932861 99.8104572296143 100.531364440918 101.127229690552 97.6775436401367 98.4233741760254 98.6298389434814 95.7986030578613 96.1562156677246 94.1572418212891 93.308557510376 92.9027900695801 93.1964282989502 95.4478778839111 95.5477771759033 91.5978240966797 91.1324825286865 91.4371070861816 91.5084629058838 92.0384292602539 93.6050777435303 94.1319675445557 94.2013263702393 94.0435428619385 93.9609184265137 93.8782939910889 96.0871601104736 96.626823425293 98.6534309387207 99.2634124755859 99.4255428314209 100.396501541138 100.404794692993 102.052440643311 102.642581939697 104.217821121216 104.986660003662 106.634073257446
97.7436561584473 96.2013511657715 97.1227207183838 93.7456569671631 95.6743583679199 97.8190536499023 95.3674201965332 96.9202575683594 97.6927814483643 98.0219917297363 100.383079528809 101.150060653687 100.315567016602 101.080307006836 100.355466842651 99.1228065490723 96.4432487487793 98.1112537384033 97.856912612915 95.7955093383789 95.2430381774902 94.0117263793945 93.9972667694092 94.2108497619629 93.3690929412842 95.627462387085 95.1919021606445 92.8374633789062 91.1547660827637 92.6707935333252 93.6367511749268 93.7035255432129 94.380859375 94.5256690979004 94.4399356842041 94.5060291290283 96.2146854400635 96.5068893432617 97.070348739624 97.0832023620605 97.0960559844971 97.6918029785156 99.9016990661621 99.8894309997559 100.280906677246 100.34228515625 100.354381561279 102.540313720703 102.707374572754 104.89440536499
95.4437656402588 95.2228107452393 95.7430076599121 94.4597644805908 95.8726634979248 95.2313442230225 96.3927688598633 97.1680355072021 100.859336853027 99.4272422790527 99.4299964904785 100.347017288208 98.4458961486816 98.8509082794189 100.180326461792 99.7798709869385 98.5502834320068 97.5614776611328 98.3162078857422 95.695629119873 94.0266971588135 94.0167560577393 93.4704113006592 94.0761680603027 94.066312789917 93.6712417602539 92.94895362854 93.5324802398682 92.0235347747803 92.3756904602051 93.5047092437744 93.5686855316162 93.4816799163818 94.0051193237305 96.0954475402832 96.005823135376 96.0676937103271 96.3572120666504 95.7127494812012 96.9395809173584 96.9567470550537 98.3383884429932 98.7851810455322 99.181303024292 99.6262531280518 100.405252456665 101.002485275269 100.788946151733 102.448169708252 102.997827529907
96.4454345703125 94.8525066375732 95.7595710754395 94.2551498413086 94.6524868011475 93.9740009307861 95.5201568603516 94.4464225769043 96.4449996948242 99.2081604003906 97.9270839691162 98.2595901489258 99.7108612060547 99.6504135131836 98.007698059082 99.987117767334 97.316837310791 97.6989574432373 97.7731094360352 96.1597194671631 95.0984802246094 95.3232116699219 94.9323215484619 93.7067260742188 93.0857200622559 94.9180088043213 92.8267803192139 93.7922973632812 92.1009483337402 91.3991012573242 93.14186668396 93.2036018371582 92.9639472961426 94.2403450012207 95.1413421630859 95.8625888824463 95.7704772949219 94.6391220092773 94.9829139709473 95.5849647521973 95.2271156311035 96.9918479919434 97.8198394775391 97.8409538269043 98.0148162841797 100.057521820068 100.079103469849 100.223014831543 100.398065567017 101.485998153687
95.1793365478516 94.9946384429932 94.1058483123779 95.4243640899658 94.7482089996338 97.3733425140381 96.6969089508057 94.6496715545654 94.5949573516846 99.0209159851074 99.5040988922119 99.4466552734375 99.826488494873 99.7691841125488 99.591724395752 99.7379817962646 97.6887054443359 95.9292888641357 96.7635192871094 96.1573123931885 94.5480117797852 93.1066761016846 92.9571170806885 93.5737266540527 92.3504428863525 93.8062419891357 92.5377731323242 92.0639972686768 92.3559722900391 93.4848937988281 93.6253108978271 95.1857376098633 92.4478340148926 92.7372207641602 93.1762924194336 93.9239063262939 94.2061252593994 95.9064331054688 95.0383129119873 95.8479099273682 96.3025150299072 96.47998046875 95.2104091644287 96.4525337219238 96.9048004150391 98.5270557403564 98.7062110900879 99.1575241088867 99.3368854522705 101.162784576416
94.0963497161865 96.71142578125 96.6490154266357 94.2026882171631 93.0966491699219 93.4810676574707 96.108118057251 96.4510879516602 95.3854122161865 95.7268714904785 96.5018863677979 98.874532699585 99.2107734680176 97.9325065612793 97.9066829681396 96.904333114624 97.137300491333 96.9925689697266 94.948543548584 94.8034400939941 94.570011138916 93.3493137359619 95.1953754425049 93.9744930267334 93.5948448181152 93.684440612793 93.6396408081055 93.6951770782471 93.6010322570801 91.9037532806396 93.0316429138184 95.0552635192871 95.5721073150635 92.9802436828613 94.3348865509033 93.7785015106201 94.6729221343994 94.1177921295166 94.085168838501 94.1149940490723 94.6738300323486 95.9205074310303 96.1027927398682 96.9378337860107 96.5094470977783 96.5400466918945 98.2168827056885 98.2479972839355 98.4318542480469 99.2637596130371
92.2299385070801 94.4450569152832 93.1424598693848 93.0950908660889 92.4269104003906 91.0051307678223 93.6348781585693 93.5866470336914 94.9123573303223 95.2976360321045 94.2672290802002 95.4444408416748 95.5420475006104 95.9273853302002 95.9065742492676 94.3013877868652 94.1615982055664 94.3169555664062 93.7911319732666 92.1371326446533 94.9583892822266 95.200345993042 93.3639163970947 92.9889602661133 93.6163387298584 93.09375 92.6134738922119 92.9547157287598 93.6253452301025 92.9985065460205 93.2828769683838 93.1863613128662 93.703742980957 94.6761474609375 92.8968257904053 94.6291790008545 92.8536014556885 93.2853488922119 93.2535648345947 93.286735534668 94.6875801086426 94.1112899780273 94.5231552124023 94.7083034515381 94.7425670623779 94.7768268585205 96.4587154388428 96.4936065673828 97.2935409545898 97.1387901306152
90.8593711853027 93.1907348632812 91.2804355621338 91.6667575836182 91.1914443969727 92.8083591461182 93.1584453582764 94.7739925384521 93.645450592041 93.6001949310303 93.4085445404053 93.1777820587158 93.132999420166 93.3177738189697 93.3018531799316 93.3141574859619 91.48122215271 93.3387641906738 92.1232566833496 92.135368347168 92.3820533752441 92.8303050994873 92.4077262878418 92.5691051483154 93.201587677002 92.6844139099121 92.6425933837891 92.5453948974609 93.0659675598145 93.4017333984375 95.1433639526367 92.8243064880371 92.7257423400879 92.4779090881348 92.9076080322266 92.8087863922119 92.8593330383301 92.7605457305908 92.647045135498 92.6842937469482 93.3325977325439 92.7587909698486 93.1735439300537 93.3613204956055 93.8202266693115 94.8113842010498 94.0856781005859 94.2753429412842 94.4654521942139 96.1552543640137
88.5194263458252 89.6875133514404 90.8969707489014 90.0217475891113 89.9812126159668 89.7952156066895 91.8101577758789 91.9141273498535 92.099214553833 90.8279991149902 91.8299446105957 92.1790008544922 92.569221496582 93.145715713501 91.2870254516602 91.9208812713623 92.548318862915 91.568452835083 91.7325553894043 91.6021881103516 92.8491344451904 93.014045715332 93.0313301086426 92.2896518707275 92.0739326477051 92.7123622894287 92.5229892730713 92.4235019683838 93.791088104248 93.0443592071533 92.9434299468994 91.6176109313965 91.5178470611572 91.4180850982666 93.5320377349854 93.4300727844238 90.8850593566895 92.7639579772949 92.3087177276611 92.266674041748 92.1590728759766 92.2007904052734 92.3924770355225 92.8115558624268 92.8533458709717 92.8951377868652 93.087776184082 93.2808570861816 92.3319892883301 92.3739891052246
86.7551364898682 90.182523727417 90.1298046112061 90.0921096801758 88.8206348419189 87.5032444000244 88.7000007629395 89.282470703125 89.6744403839111 89.6378345489502 92.4543743133545 93.0341949462891 90.7588901519775 90.9264698028564 91.0641326904297 91.6977348327637 91.7185516357422 92.171293258667 91.3762226104736 92.0169925689697 92.038724899292 92.2079372406006 92.6637153625488 91.0190677642822 92.0964622497559 91.9705810546875 92.5524253845215 92.0712261199951 90.7393436431885 90.638988494873 91.736141204834 91.544490814209 90.8650531768799 93.0326251983643 95.989372253418 97.4825210571289 94.7371215820312 92.1935157775879 93.3847122192383 91.5999412536621 91.182710647583 89.9587860107422 90.152961730957 91.573034286499 91.4694175720215 91.5155277252197 90.3324604034424 90.3773365020752 90.5730152130127 90.7691173553467
85.5137252807617 89.6302013397217 94.2214221954346 92.770299911499 88.9968318939209 87.727970123291 89.2784729003906 89.9413833618164 89.2101440429688 88.7854976654053 89.1418132781982 89.5359859466553 91.207218170166 91.1727123260498 90.5503005981445 91.5361385345459 91.5610809326172 90.3530120849609 90.6137275695801 91.8729782104492 89.8095149993896 91.6904067993164 90.8637523651123 90.8896293640137 92.2032947540283 92.2717876434326 91.3776664733887 91.3298206329346 91.3749122619629 92.2698822021484 90.936243057251 91.4511413574219 93.0033931732178 95.265453338623 96.3819122314453 96.272575378418 92.5328559875488 92.4278602600098 92.5487766265869 91.1859169006348 89.7774906158447 89.9749584197998 89.795991897583 89.4224643707275 89.4719066619873 88.5641899108887 87.9503116607666 88.1477108001709 90.1957874298096 89.8696346282959
86.138650894165 87.4809951782227 85.2313652038574 -9999 -9999 88.3550148010254 88.8926963806152 87.2335681915283 87.2037830352783 88.182487487793 87.9597625732422 90.1701622009277 90.1382713317871 89.5317821502686 90.6201438903809 -9999 -9999 91.6693344116211 90.4643745422363 91.7296619415283 -9999 91.9367942810059 91.967170715332 -9999 -9999 -9999 89.792293548584 91.3571395874023 91.0169372558594 90.2918395996094 90.6594257354736 91.5507526397705 104.106786727905 106.90157699585 -9999 99.2052631378174 96.827938079834 92.0553588867188 -9999 -9999 95.5531177520752 89.842737197876 90.9386825561523 89.1498069763184 91.19775390625 90.6369667053223 87.9850978851318 87.3889617919922 89.2476196289062 89.3009071350098
-9999 84.0159854888916 83.3517513275146 83.4037399291992 85.4325981140137 85.5484771728516 84.5319843292236 86.7833709716797 -9999 87.8784141540527 86.8414859771729 86.8127861022949 89.4505462646484 88.9478912353516 89.9938850402832 91.4130840301514 -9999 -9999 -9999 88.4023284912109 89.2018928527832 90.325065612793 -9999 -9999 89.038444519043 89.0707931518555 89.6588439941406 90.6436195373535 -9999 -9999 -9999 -9999 -9999 100.287218093872 -9999 96.5732746124268 -9999 -9999 -9999 -9999 -9999 -9999 96.5665473937988 93.265796661377 99.4779224395752 96.5916194915771 90.6505470275879 87.2428340911865 85.4401912689209 85.6406383514404
84.9620037078857 84.9483051300049 -9999 -9999 -9999 84.7046737670898 84.1392269134521 84.1114864349365 86.6791934967041 90.7147235870361 92.5740985870361 -9999 -9999 -9999 -9999 -9999 -9999 -9999 -9999 -9999 -9999 -9999 -9999 -9999 -9999 89.6944599151611 89.6588439941406 -9999 -9999 -9999 -9999 97.2886695861816 96.1340274810791 -9999 96.3405151367188 91.4737434387207 -9999 92.5568237304688 93.6395702362061 93.6919212341309 -9999 -9999 -9999 -9999 101.702869415283 87.6724853515625 93.0649299621582 91.3828792572021 84.9857273101807 82.9544620513916
