data/spatiotemp/temp4/bio12_norsw_test_2015_2018.asc
NCOLS 654 
NROWS 380 
XLLCORNER 3.91666666666667 
YLLCORNER 55.3333333333333 
CELLSIZE 0.0416666666666667 
NODATA_value -9999 
[rows 154 to 175 of 380, columns 550 to 599 of 654]
607.096420288086 606.564483642578 606.923866271973 608.899642944336 609.123023986816 609.594512939453 610.932540893555 610.087181091309 615.069450378418 617.616233825684 621.549461364746 621.591651916504 627.496246337891 630.365081787109 636.707946777344 643.167999267578 649.520721435547 652.707870483398 657.065002441406 666.28401184082 670.442260742188 667.234512329102 680.515182495117 690.384811401367 700.753387451172 714.054672241211 709.700256347656 730.16960144043 736.236099243164 740.597183227539 726.460586547852 717.551055908203 703.964797973633 701.206954956055 699.695816040039 681.198013305664 674.464706420898 669.405853271484 666.644027709961 657.439086914062 650.073364257812 646.303787231445 642.34016418457 642.347717285156 646.54231262207 654.097229003906 655.013046264648 662.392868041992 665.389678955078 671.062316894531
608.841987609863 612.465301513672 614.162590026855 613.660720825195 608.100692749023 609.816139221191 608.989768981934 610.331954956055 613.861618041992 615.032493591309 619.638717651367 626.186485290527 626.240531921387 628.710037231445 630.593368530273 637.673522949219 640.775787353516 646.993041992188 654.910614013672 666.109115600586 672.500030517578 674.415893554688 681.539459228516 690.865127563477 697.116134643555 697.837203979492 697.783279418945 726.467422485352 731.64453125 741.947494506836 719.509216308594 710.774459838867 701.459808349609 702.650527954102 698.624740600586 682.39860534668 675.548904418945 671.896240234375 664.351623535156 653.395278930664 650.210540771484 649.383102416992 646.203521728516 651.323974609375 657.03840637207 662.449081420898 663.617095947266 663.469116210938 666.597213745117 668.889495849609
607.444190979004 609.060256958008 609.735786437988 611.261535644531 610.95295715332 610.67057800293 609.916450500488 612.084274291992 612.24658203125 618.117492675781 618.411529541016 621.494010925293 623.964172363281 628.311569213867 633.517669677734 641.018707275391 646.413696289062 651.427108764648 655.513977050781 656.757888793945 660.915679931641 666.271621704102 676.749221801758 688.794494628906 695.180816650391 689.962982177734 685.689208984375 691.58171081543 722.858383178711 728.516448974609 709.707458496094 713.905258178711 722.359725952148 721.575805664062 702.140090942383 685.541122436523 675.171371459961 670.56770324707 660.044021606445 654.85774230957 655.294174194336 648.129699707031 645.302642822266 646.474853515625 646.830001831055 654.245498657227 654.382690429688 659.32942199707 662.646377563477 670.125869750977
608.573944091797 608.32593536377 609.480415344238 611.232460021973 613.759895324707 614.227294921875 613.611846923828 612.097671508789 612.331069946289 612.704208374023 615.114402770996 620.316413879395 623.777313232422 624.754241943359 630.442504882812 634.525894165039 639.045104980469 643.254928588867 647.244140625 654.565292358398 654.760513305664 663.154052734375 671.317672729492 676.749069213867 689.359985351562 683.055908203125 680.566101074219 677.242050170898 693.917984008789 702.717071533203 702.639068603516 704.341445922852 700.419891357422 694.618850708008 688.543594360352 684.763229370117 670.522033691406 665.690322875977 660.503570556641 656.901672363281 655.137390136719 656.300064086914 658.791244506836 659.182632446289 652.798202514648 653.839508056641 657.367111206055 661.712554931641 665.087158203125 670.774475097656
606.61449432373 609.068954467773 611.891319274902 612.286514282227 606.487335205078 612.500564575195 611.797912597656 615.28044128418 613.328819274902 613.479751586914 613.704536437988 617.1484375 621.558349609375 628.005111694336 633.294158935547 633.376403808594 634.688674926758 637.171951293945 640.320541381836 646.600433349609 647.832717895508 657.279968261719 663.683059692383 670.616806030273 674.950485229492 669.933166503906 674.942916870117 673.56005859375 679.793182373047 684.845642089844 687.314849853516 687.611099243164 684.76725769043 678.235504150391 677.490875244141 669.021514892578 674.707702636719 668.659790039062 661.467315673828 662.362380981445 657.424102783203 658.840515136719 665.292526245117 666.197982788086 665.479278564453 669.5458984375 670.835098266602 671.051834106445 670.530838012695 670.752944946289
602.445945739746 605.429679870605 604.593467712402 605.138786315918 605.667068481445 607.799812316895 606.197006225586 605.992156982422 610.407341003418 609.7119140625 615.175689697266 617.214073181152 618.305358886719 623.76806640625 628.203796386719 629.236785888672 628.796951293945 633.953125 637.169830322266 643.424392700195 645.212173461914 646.40559387207 647.195251464844 654.54475402832 657.296371459961 655.122573852539 662.383880615234 664.411010742188 667.855331420898 669.729965209961 673.084548950195 677.161102294922 668.928833007812 667.89176940918 671.97917175293 668.078857421875 668.297714233398 665.422058105469 669.210922241211 662.848678588867 659.800598144531 658.398162841797 658.507095336914 661.694320678711 666.312286376953 673.660385131836 674.996810913086 676.415145874023 679.582473754883 681.089691162109
605.468338012695 606.564590454102 605.835914611816 607.469696044922 607.841522216797 608.125244140625 607.420799255371 611.012664794922 608.24390411377 609.224174499512 610.790237426758 617.219017028809 616.645050048828 619.125778198242 621.19889831543 622.404495239258 626.154571533203 636.932769775391 639.424285888672 638.523788452148 637.961410522461 638.085144042969 644.075607299805 650.198165893555 648.699081420898 652.095687866211 660.438018798828 660.2001953125 667.671081542969 665.478546142578 664.47819519043 664.740966796875 678.623916625977 688.692520141602 678.433441162109 667.1767578125 664.137222290039 664.404403686523 665.303146362305 666.517318725586 666.903900146484 665.946365356445 671.440902709961 666.257690429688 666.20378112793 668.444137573242 673.762496948242 679.544769287109 686.045715332031 685.33056640625
600.19319152832 602.581024169922 602.947235107422 604.541229248047 607.639808654785 608.025550842285 608.182762145996 608.580047607422 609.078971862793 611.60228729248 611.712074279785 617.443542480469 617.250938415527 617.58821105957 617.960876464844 620.340545654297 628.489868164062 623.429351806641 631.015548706055 630.451629638672 633.595764160156 633.922180175781 645.261428833008 645.908325195312 640.833877563477 649.027648925781 658.458694458008 667.957321166992 675.298767089844 676.426956176758 669.960998535156 673.319854736328 691.950546264648 690.714263916016 674.307525634766 668.231155395508 664.039810180664 662.283477783203 659.111450195312 661.672332763672 660.713256835938 658.589569091797 665.205688476562 667.233932495117 670.329895019531 677.600143432617 680.189422607422 682.667999267578 684.552688598633 686.115966796875
601.833930969238 602.257057189941 602.050338745117 603.416435241699 606.856803894043 606.909057617188 610.661468505859 611.026245117188 610.519073486328 609.065551757812 612.111099243164 611.918937683105 616.656410217285 615.760330200195 612.951530456543 615.846084594727 614.119262695312 611.258712768555 611.381454467773 613.796600341797 615.801361083984 619.327514648438 627.725112915039 632.818237304688 636.684356689453 640.653381347656 650.071823120117 660.810958862305 661.603393554688 669.854782104492 675.127502441406 675.196212768555 682.298599243164 690.609283447266 684.858032226562 682.122467041016 676.847366333008 667.62873840332 663.770462036133 660.614227294922 659.653091430664 658.624053955078 657.445373535156 665.229431152344 668.417266845703 670.736236572266 674.260986328125 675.045440673828 683.858657836914 689.952163696289
599.356986999512 602.933990478516 602.227668762207 605.380973815918 607.997985839844 610.227241516113 611.811935424805 608.101989746094 609.44799041748 609.890808105469 608.796760559082 607.977043151855 611.401397705078 608.311851501465 607.730239868164 606.674713134766 604.913772583008 603.030685424805 604.048385620117 607.590255737305 608.65576171875 619.345825195312 621.622024536133 629.957611083984 631.922622680664 640.17431640625 645.237808227539 649.45442199707 652.594848632812 663.891784667969 669.079681396484 675.622192382812 678.617172241211 681.785034179688 682.968139648438 683.020645141602 684.220886230469 682.956741333008 673.974792480469 664.888534545898 661.877593994141 657.842697143555 659.703475952148 663.137191772461 662.391540527344 665.703598022461 668.211761474609 676.065963745117 682.933532714844 684.54914855957
603.991439819336 602.225547790527 604.901168823242 606.542327880859 603.537963867188 604.882797241211 608.771385192871 611.16625213623 609.423568725586 609.787734985352 609.084053039551 611.260444641113 609.349586486816 606.677940368652 603.335159301758 607.232353210449 608.366584777832 605.096878051758 606.469268798828 604.805084228516 603.762672424316 607.15397644043 620.602630615234 631.299850463867 633.380844116211 637.238418579102 642.400146484375 650.758758544922 651.925537109375 661.40788269043 670.950759887695 678.121780395508 686.403213500977 691.494430541992 691.556427001953 693.594146728516 691.759002685547 684.61083984375 679.345443725586 673.888809204102 668.125930786133 661.740966796875 661.674789428711 668.275329589844 669.592864990234 670.943450927734 672.222244262695 676.148818969727 677.673004150391 680.603927612305
603.405311584473 603.724853515625 607.386199951172 603.536544799805 604.899154663086 605.285118103027 608.952972412109 610.207023620605 609.549728393555 610.962074279785 607.415176391602 606.414779663086 609.943405151367 607.99146270752 610.758895874023 609.881698608398 607.88508605957 605.320724487305 604.798858642578 603.730438232422 608.903533935547 622.762924194336 626.942764282227 629.791198730469 638.279327392578 641.236404418945 650.320709228516 656.876220703125 661.482513427734 661.474334716797 666.6044921875 672.927932739258 683.601455688477 689.703338623047 690.892013549805 687.713775634766 688.758193969727 682.716888427734 672.199783325195 670.954437255859 666.005996704102 665.045852661133 665.142272949219 669.589202880859 670.783950805664 668.996078491211 672.595153808594 679.596984863281 677.85368347168 676.691436767578
608.138496398926 606.418167114258 606.918418884277 606.321563720703 608.620025634766 609.948577880859 610.244232177734 609.946746826172 610.09317779541 614.47966003418 611.847930908203 609.916786193848 609.719680786133 610.067993164062 613.325881958008 613.744476318359 618.198226928711 612.046813964844 609.98486328125 614.448211669922 615.470764160156 626.204727172852 628.494247436523 631.4033203125 638.498580932617 643.740142822266 662.296127319336 661.406478881836 656.289566040039 660.996810913086 665.156677246094 668.35563659668 676.676879882812 685.884185791016 682.808609008789 687.157791137695 687.106109619141 678.983581542969 671.56591796875 669.519989013672 668.496490478516 669.892364501953 667.723190307617 672.788772583008 666.711303710938 665.96452331543 668.283966064453 676.486587524414 673.166885375977 675.083343505859
607.810691833496 610.254699707031 611.747230529785 610.234321594238 612.278633117676 611.760459899902 613.073165893555 612.456787109375 612.64338684082 615.271148681641 614.496910095215 613.536109924316 617.612640380859 624.142074584961 624.259963989258 621.763885498047 622.088394165039 623.443099975586 625.596298217773 626.933883666992 631.210144042969 632.250961303711 633.171737670898 638.359252929688 644.747955322266 649.951812744141 649.896118164062 653.320587158203 656.496292114258 659.802978515625 661.790588378906 667.255737304688 674.255844116211 678.096435546875 673.962829589844 678.409484863281 674.324356079102 670.346496582031 669.418594360352 669.647232055664 666.05207824707 665.063552856445 664.262115478516 663.225051879883 664.28759765625 665.424911499023 667.156814575195 670.094619750977 677.250473022461 676.895919799805
618.696846008301 619.11051940918 617.009735107422 618.331817626953 617.740608215332 619.357307434082 617.357727050781 616.67333984375 619.635345458984 620.056762695312 620.548812866211 619.613876342773 623.775177001953 626.230056762695 626.228408813477 628.701324462891 632.128952026367 637.285568237305 637.369140625 639.684539794922 645.135528564453 646.638885498047 648.985824584961 650.227600097656 649.981323242188 662.588027954102 658.079666137695 668.902587890625 665.854736328125 659.688171386719 664.07487487793 667.178970336914 670.417221069336 676.297256469727 678.28889465332 673.159240722656 670.820953369141 672.028350830078 667.699005126953 664.479827880859 660.390060424805 659.523818969727 658.531326293945 658.073791503906 660.003814697266 660.240081787109 660.952819824219 664.806289672852 669.497329711914 672.226150512695
626.154220581055 625.025741577148 626.101913452148 622.569847106934 623.787628173828 630.050216674805 633.78923034668 627.948104858398 631.690856933594 627.102111816406 624.63671875 627.695251464844 631.722244262695 633.226898193359 634.445327758789 638.929550170898 637.6552734375 641.037322998047 644.110168457031 644.568298339844 652.132858276367 661.935501098633 665.52751159668 664.458602905273 665.549240112305 668.64404296875 679.770004272461 686.645324707031 679.212814331055 672.848236083984 671.347076416016 673.536056518555 677.771392822266 696.824234008789 686.30290222168 669.557189941406 672.161849975586 668.046325683594 666.839859008789 664.765045166016 661.812713623047 661.164443969727 655.996459960938 654.873077392578 652.899154663086 654.904296875 656.436706542969 660.332595825195 660.577194213867 659.407043457031
629.444549560547 630.050750732422 637.01139831543 632.606430053711 633.017288208008 637.544326782227 637.163299560547 638.637283325195 636.749298095703 635.125030517578 635.389343261719 639.807708740234 638.392181396484 640.541931152344 645.964767456055 650.011474609375 648.304321289062 649.478439331055 655.204559326172 657.229095458984 671.212005615234 675.728713989258 683.021896362305 687.247299194336 692.770599365234 696.523666381836 697.64875793457 695.016265869141 690.708770751953 683.034957885742 672.426361083984 676.619827270508 682.853179931641 694.451675415039 679.787612915039 672.785278320312 674.045715332031 675.251739501953 674.331069946289 669.149536132812 663.968505859375 661.986114501953 663.175079345703 657.421722412109 655.796752929688 663.125274658203 662.505798339844 662.044815063477 662.658538818359 663.538787841797
633.208404541016 642.308792114258 640.535751342773 645.099639892578 648.491744995117 650.865295410156 653.384948730469 647.536392211914 646.04833984375 647.636856079102 648.378067016602 651.004699707031 652.506362915039 651.759918212891 653.832305908203 659.47119140625 660.4833984375 661.499404907227 664.879959106445 668.510955810547 668.79362487793 675.378753662109 676.600967407227 688.370834350586 689.208923339844 688.389465332031 690.444869995117 688.72087097168 686.189361572266 690.871932983398 687.928131103516 677.509399414062 682.381637573242 701.394546508789 688.960098266602 683.053527832031 676.883804321289 670.375411987305 671.611587524414 676.152908325195 677.135101318359 666.919235229492 662.912017822266 660.860870361328 660.11181640625 658.816284179688 660.038787841797 662.596115112305 660.285186767578 668.495529174805
631.004913330078 633.421966552734 633.7080078125 640.368698120117 646.851715087891 649.509948730469 651.939086914062 652.124328613281 650.861740112305 647.23371887207 649.892013549805 650.465087890625 654.165634155273 659.600128173828 659.713851928711 662.791931152344 663.820861816406 667.590194702148 667.987930297852 666.636825561523 671.414138793945 675.679092407227 674.712753295898 682.555435180664 688.690063476562 693.763305664062 693.001647949219 692.913970947266 700.658630371094 701.417617797852 696.406784057617 689.990371704102 688.916641235352 691.091125488281 690.399536132812 685.233352661133 680.179870605469 675.923416137695 672.514053344727 677.07275390625 677.043487548828 674.363983154297 671.145904541016 666.081512451172 664.871536254883 660.518997192383 665.444610595703 662.648040771484 662.234558105469 663.978363037109
637.284240722656 638.442489624023 638.713806152344 641.509094238281 646.994918823242 648.021697998047 651.742980957031 652.021530151367 655.577880859375 651.908355712891 649.969085693359 653.074035644531 657.831832885742 660.474075317383 663.329544067383 667.615753173828 672.105422973633 673.411590576172 673.955230712891 676.290603637695 676.533874511719 677.529235839844 679.77978515625 687.228729248047 687.483444213867 685.610443115234 689.664093017578 695.948059082031 701.352890014648 703.624664306641 704.692611694336 713.659927368164 705.736419677734 696.632171630859 692.879455566406 690.77555847168 683.338607788086 671.653671264648 675.090942382812 675.072204589844 672.800521850586 679.221343994141 676.183258056641 671.126815795898 667.923049926758 668.129104614258 666.368438720703 664.996063232422 667.600967407227 666.12092590332
633.783660888672 636.330825805664 636.661544799805 643.296325683594 645.295440673828 646.854537963867 649.156402587891 654.987945556641 655.984512329102 658.892684936523 661.116058349609 657.136215209961 657.536804199219 661.057434082031 662.032638549805 667.185394287109 672.856155395508 672.132659912109 679.005401611328 682.180999755859 683.505416870117 681.398132324219 688.942398071289 688.033920288086 686.069946289062 684.542831420898 689.507385253906 690.284561157227 691.643096923828 696.119827270508 702.270767211914 706.252380371094 718.417709350586 722.532653808594 710.957870483398 709.429122924805 693.834808349609 685.414962768555 687.593566894531 679.249221801758 682.374160766602 675.021194458008 676.067337036133 679.54833984375 671.02995300293 671.719360351562 676.285934448242 675.641937255859 671.509719848633 670.805786132812
629.887161254883 633.057861328125 641.864044189453 646.224609375 646.328674316406 650.063858032227 653.456024169922 653.710601806641 656.287796020508 664.872817993164 667.220321655273 664.637344360352 665.702194213867 667.83740234375 670.244537353516 676.584381103516 677.926895141602 681.083435058594 688.984237670898 696.79621887207 695.97102355957 693.79541015625 688.927444458008 688.944412231445 695.472030639648 693.779556274414 696.757202148438 695.775924682617 698.200866699219 703.467498779297 706.097137451172 707.33903503418 713.636138916016 723.076080322266 726.842330932617 719.908020019531 700.646026611328 685.822052001953 685.401214599609 680.448043823242 674.11018371582 673.168350219727 674.141967773438 668.589736938477 667.86262512207 668.090194702148 672.622909545898 670.891052246094 672.357940673828 672.885208129883
