data/spatiotemp/temp4/bio18_norsw_test_2015_2018.asc
NCOLS 654 
NROWS 380 
XLLCORNER 3.91666666666667 
YLLCORNER 55.3333333333333 
CELLSIZE 0.0416666666666667 
NODATA_value -9999 
[rows 176 to 197 of 380, columns 100 to 149 of 654]
-9999 -9999 -9999 -9999 -9999 -9999 -9999 -9999 -9999 -9999 -9999 293.541221618652 -9999 294.358200073242 294.451580047607 294.346382141113 294.213771820068 293.162494659424 -9999 -9999 -9999 -9999 -9999 -9999 -9999 -9999 -9999 -9999 -9999 -9999 282.492835998535 281.341789245605 281.396224975586 279.350532531738 279.404808044434 -9999 285.092803955078 290.423748016357 296.960647583008 310.881034851074 314.61051940918 314.6259765625 316.742111206055 289.428821563721 296.811931610107 299.544773101807 307.208423614502 318.084884643555 324.276817321777 332.918174743652
-9999 -9999 -9999 -9999 -9999 -9999 -9999 292.76309967041 -9999 -9999 -9999 294.235832214355 294.129867553711 294.358200073242 296.368606567383 296.952972412109 296.818225860596 296.656066894531 292.47061920166 292.639778137207 -9999 -9999 -9999 -9999 -9999 -9999 -9999 -9999 -9999 -9999 281.598655700684 282.546871185303 -9999 -9999 -9999 282.040168762207 291.569808959961 307.277732849121 295.758407592773 264.903411865234 269.118560791016 273.873641967773 280.361186981201 294.644134521484 299.65217590332 298.686229705811 302.221885681152 301.377712249756 314.468406677246 322.704086303711
-9999 -9999 -9999 -9999 -9999 -9999 -9999 -9999 -9999 -9999 295.567760467529 296.685497283936 299.393226623535 300.311172485352 299.504444122314 300.419929504395 301.505653381348 297.633693695068 295.023265838623 293.965873718262 290.795333862305 -9999 -9999 -9999 -9999 -9999 -9999 -9999 -9999 -9999 -9999 -9999 -9999 -9999 278.566123962402 279.516090393066 279.567222595215 256.21703338623 258.724834442139 269.66121673584 280.076267242432 272.528121948242 275.305698394775 280.608585357666 278.969078063965 310.832889556885 297.149517059326 305.585487365723 321.279518127441 333.229675292969
-9999 -9999 -9999 -9999 294.139747619629 295.256767272949 297.081760406494 296.067317962646 296.282970428467 299.00122833252 299.408229827881 299.621894836426 302.665138244629 301.64803314209 301.858882904053 302.96745300293 302.820991516113 298.400421142578 -9999 -9999 -9999 -9999 289.779754638672 293.32592010498 290.348567962646 289.283992767334 -9999 -9999 -9999 -9999 -9999 284.497489929199 281.73526763916 -9999 -9999 280.659385681152 252.381607055664 254.469303131104 256.981399536133 262.027725219727 262.382335662842 298.86421585083 277.372898101807 288.133167266846 301.031112670898 309.101726531982 323.519920349121 321.883422851562 326.955657958984 334.514389038086
-9999 -9999 -9999 -9999 -9999 295.72730255127 295.606941223145 -9999 -9999 297.327053070068 298.627544403076 -9999 -9999 298.718395233154 301.053081512451 300.927753448486 302.90828704834 301.827392578125 299.521450042725 300.953895568848 303.607555389404 297.573532104492 294.76184463501 295.493480682373 296.024757385254 293.031272888184 290.041439056396 -9999 -9999 287.423839569092 284.64372253418 284.476341247559 286.422546386719 -9999 -9999 281.299541473389 -9999 -9999 265.933448791504 262.506404876709 -9999 274.110687255859 275.161907196045 287.441230773926 299.998847961426 307.467247009277 307.284423828125 301.125747680664 304.635112762451 300.753036499023
-9999 -9999 -9999 -9999 -9999 -9999 297.691299438477 297.375965118408 297.763317108154 295.819213867188 300.692249298096 300.887229919434 304.845409393311 303.089977264404 306.134826660156 308.139877319336 311.543037414551 308.311729431152 304.371475219727 305.807430267334 306.334438323975 301.179256439209 303.525764465332 301.217597961426 298.202747344971 294.992179870605 -9999 -9999 -9999 -9999 289.171054840088 287.57971572876 -9999 -9999 285.956390380859 266.147525787354 261.716037750244 263.673301696777 279.152763366699 271.500331878662 257.311004638672 264.361175537109 284.481460571289 297.2571144104 285.070064544678 280.394714355469 279.376537322998 288.17741394043 296.553367614746 298.873355865479
-9999 -9999 -9999 -9999 -9999 -9999 298.549491882324 300.891582489014 300.756820678711 301.858402252197 303.682350158691 307.651084899902 309.658996582031 312.707481384277 310.739570617676 313.061798095703 318.30135345459 312.908767700195 278.758975982666 278.155078887939 279.317356109619 275.021579742432 278.209350585938 279.119857788086 305.887660980225 300.009052276611 298.911811828613 294.673282623291 -9999 294.117309570312 298.60897064209 292.327693939209 296.819187164307 296.547592163086 282.257480621338 273.409187316895 294.249504089355 290.651992797852 286.788513183594 277.569961547852 271.079162597656 261.994167327881 -9999 260.884399414062 268.992240905762 283.646114349365 291.764335632324 288.812412261963 295.076553344727 301.637134552002
-9999 -9999 -9999 -9999 297.715782165527 299.554016113281 301.896823883057 303.913795471191 309.549468994141 314.447906494141 312.465393066406 275.148090362549 278.359764099121 281.061393737793 284.995292663574 287.165428161621 299.904132843018 290.768444061279 283.86124420166 282.551616668701 315.730392456055 310.10865020752 308.801376342773 306.46753692627 302.69229888916 299.447402954102 306.311920166016 306.120101928711 271.918479919434 296.816131591797 290.579666137695 269.800170898438 284.732730865479 283.531120300293 301.698127746582 285.287891387939 292.110130310059 303.98978805542 304.323028564453 299.070789337158 284.576206207275 264.85209274292 -9999 -9999 276.885707855225 273.089992523193 272.596355438232 287.674446105957 287.52486038208 287.031364440918
297.118225097656 296.657402038574 -9999 299.242393493652 298.172698974609 300.936370849609 306.601951599121 308.939025878906 316.019065856934 290.365810394287 283.972118377686 278.817722320557 279.195552825928 278.604721069336 279.779491424561 279.455673217773 280.188205718994 277.810115814209 308.227249145508 274.123382568359 304.951332092285 -9999 301.918273925781 301.725379943848 302.753189086914 297.546546936035 310.18431854248 289.340686798096 276.536354064941 277.317958831787 285.519996643066 278.968376159668 284.531269073486 272.069496154785 282.219619750977 282.831802368164 280.95467376709 277.700988769531 275.825210571289 272.085456848145 275.54500579834 276.172943115234 272.356147766113 256.006809234619 -9999 257.489353179932 260.303009033203 263.943435668945 256.471057891846 -9999
300.863201141357 299.425777435303 -9999 -9999 -9999 301.39176940918 302.487258911133 308.169425964355 312.356628417969 277.540157318115 275.195152282715 274.605255126953 273.208930969238 -9999 -9999 309.83226776123 310.389610290527 314.510116577148 314.114631652832 304.296516418457 304.833457946777 305.369575500488 312.801620483398 284.242332458496 271.577175140381 -9999 332.740539550781 276.668605804443 278.867488861084 298.193271636963 304.330619812012 311.202278137207 294.072639465332 283.497329711914 298.961654663086 297.719131469727 295.264007568359 282.308776855469 282.927730560303 282.064373016357 289.464210510254 286.764846801758 276.44506072998 269.10440826416 266.557559967041 251.639698028564 -9999 -9999 255.217334747314 260.415508270264
304.973323822021 305.659790039062 305.408630371094 303.902168273926 -9999 -9999 -9999 -9999 -9999 268.444156646729 311.257598876953 308.483306884766 308.631492614746 305.363693237305 315.194610595703 284.499347686768 289.003456115723 291.71586227417 298.771049499512 286.898193359375 284.29426574707 284.66926574707 294.59595489502 311.119319915771 314.442794799805 282.638160705566 282.897796630859 278.18745803833 288.915576934814 300.62434387207 301.405826568604 298.368186950684 292.292976379395 285.002433776855 282.524646759033 283.133136749268 286.43775177002 287.983604431152 280.172019958496 290.132926940918 287.165321350098 287.861003875732 277.086456298828 287.56782913208 268.787284851074 250.220279693604 -9999 256.881824493408 257.568141937256 262.304565429688
312.068016052246 309.729866027832 308.331283569336 306.933952331543 305.686973571777 -9999 -9999 -9999 306.914825439453 309.689437866211 311.705276489258 292.210834503174 295.979385375977 287.907737731934 278.045738220215 303.112361907959 301.473964691162 295.697967529297 304.573616027832 297.781532287598 292.000858306885 299.634868621826 291.42407989502 306.920085906982 292.195739746094 273.23380279541 271.934192657471 278.486610412598 285.170055389404 290.778472900391 297.698509216309 289.627635955811 302.121730804443 307.76248550415 300.182273864746 295.479824066162 299.417953491211 289.42707824707 288.814979553223 290.807762145996 292.655323028564 287.308807373047 273.627517700195 267.082817077637 256.704746246338 251.153213500977 253.642917633057 243.779594421387 249.164875030518 250.122200012207
315.11060333252 313.821426391602 312.53271484375 311.244453430176 -9999 310.367546081543 311.451889038086 311.103050231934 312.003883361816 310.12678527832 312.904747009277 324.402114868164 294.594303131104 301.485958099365 302.374546051025 311.518001556396 306.755935668945 308.248615264893 314.350444793701 308.278999328613 307.632862091064 301.818351745605 300.719402313232 286.933891296387 278.385894775391 284.263885498047 290.666381835938 296.754791259766 315.731842041016 318.73539352417 325.870086669922 317.77965927124 300.983703613281 311.937099456787 299.743152618408 292.123489379883 293.177074432373 283.147827148438 288.588249206543 278.757320404053 271.674793243408 254.320018768311 255.451248168945 271.740982055664 264.814277648926 264.907020568848 263.902484893799 249.250110626221 260.682880401611 251.040588378906
318.33479309082 317.934471130371 -9999 317.787338256836 318.353271484375 318.487243652344 318.618041992188 317.490669250488 286.443271636963 313.215072631836 279.258563995361 291.437816619873 305.071388244629 311.230346679688 321.240142822266 331.545795440674 325.627574920654 325.482685089111 319.439350128174 314.470436096191 311.191165924072 301.194816589355 279.866466522217 291.154876708984 305.851215362549 306.777725219727 312.636024475098 314.894023895264 316.135566711426 313.342746734619 312.706619262695 313.298164367676 315.562885284424 316.61096572876 307.253665924072 289.213958740234 270.627403259277 265.900875091553 265.751171112061 266.352439880371 256.361019134521 245.931926727295 263.935890197754 272.328983306885 272.987579345703 262.572025299072 252.140319824219 256.899353027344 267.888023376465 267.335556030273
334.508773803711 328.16731262207 324.823715209961 325.905967712402 326.982559204102 328.829620361328 295.141979217529 282.28129196167 306.499351501465 298.512142181396 283.277099609375 286.107063293457 304.271266937256 320.360565185547 317.916416168213 317.281547546387 316.068759918213 323.816680908203 327.999977111816 319.607303619385 315.540542602539 309.409275054932 282.003273010254 292.893714904785 310.408031463623 321.513946533203 320.48677444458 320.507556915283 314.441307067871 309.191162109375 300.550788879395 301.593784332275 299.733406066895 297.408100128174 292.637584686279 279.617046356201 269.521015167236 269.361450195312 268.732765197754 261.565773010254 245.736907958984 264.524421691895 268.832702636719 270.697818756104 266.022933959961 253.890079498291 254.25940322876 256.114395141602 257.234161376953 250.402233123779
325.386596679688 311.9501953125 303.204559326172 310.664821624756 312.892906188965 290.353824615479 300.688896179199 296.68440246582 299.781719207764 315.808139801025 305.696327209473 283.343925476074 285.18664932251 296.875885009766 288.153759002686 290.930309295654 300.734176635742 302.91662979126 284.181579589844 298.168704986572 296.263263702393 303.197246551514 299.88077545166 316.46862411499 329.39136505127 329.580104827881 325.409816741943 317.869934082031 312.08065032959 313.903301239014 316.655094146729 307.997428894043 295.680961608887 292.884868621826 286.8776512146 271.385311126709 267.559230804443 264.49080657959 267.059314727783 253.765991210938 246.614372253418 256.739597320557 262.718898773193 270.661891937256 270.070991516113 267.84037399292 262.408458709717 256.028079986572 250.125263214111 244.224662780762
313.018211364746 310.304664611816 296.789493560791 296.695789337158 294.706565856934 296.691326141357 289.453342437744 286.995365142822 286.35990524292 287.074115753174 279.826679229736 282.360733032227 296.689517974854 307.580551147461 305.151882171631 316.812969207764 314.325241088867 332.447734832764 318.4221534729 328.269584655762 322.864547729492 327.264705657959 320.946769714355 310.448734283447 325.044326782227 330.354759216309 333.810203552246 323.289653778076 311.893043518066 309.560924530029 301.370990753174 291.955902099609 287.165740966797 288.982597351074 278.351173400879 274.792583465576 268.331363677979 259.420703887939 256.043643951416 258.632026672363 252.673202514648 254.997344970703 253.670684814453 255.078056335449 256.933982849121 257.574947357178 254.548477172852 251.521621704102 244.833065032959 247.151203155518
349.534423828125 299.042919158936 301.818386077881 302.758129119873 295.464332580566 291.378089904785 295.539936065674 301.213535308838 306.881175994873 310.927871704102 299.509475708008 295.983417510986 280.298522949219 300.764442443848 309.394157409668 321.127586364746 326.859443664551 318.739372253418 318.288520812988 315.525012969971 315.566009521484 316.526294708252 317.511672973633 319.241302490234 324.582012176514 324.308834075928 315.811485290527 307.77473449707 300.726428985596 293.762454986572 293.604900360107 288.803897857666 289.386489868164 282.90064239502 274.71117401123 265.287006378174 253.117687225342 265.246929168701 257.997440338135 263.963649749756 257.977714538574 254.494773864746 251.480613708496 251.355762481689 247.867702484131 248.022270202637 247.889801025391 246.545146942139 250.557693481445 249.969745635986
310.148403167725 302.538887023926 301.512390136719 300.917991638184 303.131866455078 304.09827041626 303.440425872803 303.607120513916 307.085475921631 310.452751159668 312.082675933838 316.346183776855 311.663215637207 300.280712127686 293.577007293701 293.827140808105 295.317073822021 301.027992248535 303.742774963379 304.748970031738 309.476860046387 312.145347595215 313.598724365234 315.819847106934 310.410797119141 299.442993164062 285.496921539307 292.382865905762 297.298416137695 291.395240783691 294.490951538086 287.091514587402 292.863742828369 281.895805358887 280.617347717285 271.171421051025 256.338508605957 255.69327545166 252.605484008789 265.669776916504 267.495765686035 261.516883850098 253.873355865479 251.593128204346 252.706157684326 253.776496887207 250.749530792236 248.946662902832 250.488754272461 247.431015014648
314.738235473633 315.086929321289 305.90306854248 302.292060852051 313.539249420166 307.306037902832 297.166355133057 294.868659973145 290.146308898926 290.054534912109 287.539333343506 287.695415496826 285.401073455811 287.200660705566 291.663665771484 293.16162109375 299.356750488281 300.836624145508 300.103885650635 301.565097808838 301.618682861328 298.38752746582 296.738109588623 296.948219299316 291.539161682129 299.686134338379 301.459800720215 291.276733398438 288.617069244385 283.973854064941 280.265689849854 279.520458221436 276.890216827393 278.7965965271 278.985954284668 291.459228515625 287.847518920898 269.417427062988 245.477222442627 241.169639587402 257.498065948486 259.349666595459 257.986545562744 255.392623901367 253.098114013672 252.19849395752 254.514308929443 257.306735992432 252.836605072021 248.075305938721
317.46785736084 314.077217102051 305.911231994629 302.254398345947 295.988952636719 291.120105743408 296.856258392334 292.692840576172 285.847991943359 275.926193237305 278.265632629395 276.993686676025 280.41724395752 273.720222473145 266.569030761719 277.996459960938 280.749011993408 289.029048919678 289.719161987305 286.790992736816 289.51598739624 298.650581359863 313.407203674316 317.841167449951 308.960460662842 316.178310394287 318.900894165039 312.513092041016 311.814159393311 305.24019241333 295.564384460449 277.128494262695 276.077896118164 271.782173156738 271.670612335205 283.614013671875 274.429355621338 261.090538024902 246.219806671143 235.244468688965 232.040409088135 251.463203430176 257.173328399658 255.442680358887 263.562576293945 265.095832824707 261.552890777588 261.137153625488 256.863960266113 244.993656158447
299.667743682861 300.785362243652 299.795986175537 295.342491149902 291.941501617432 288.342235565186 -9999 -9999 282.102390289307 283.257289886475 291.245964050293 299.312992095947 298.873329162598 288.153713226318 273.268226623535 289.888736724854 300.879547119141 301.876518249512 304.130428314209 316.468944549561 319.238647460938 290.962902069092 310.585510253906 328.741638183594 313.484321594238 314.411838531494 323.409523010254 317.693939208984 314.082809448242 312.226692199707 298.325843811035 285.898899078369 286.882164001465 276.8037109375 263.71541595459 260.625301361084 251.744621276855 245.688354492188 240.730072021484 239.476131439209 227.365787506104 243.285385131836 252.654594421387 269.805038452148 287.200679779053 272.896152496338 254.532398223877 243.054946899414 239.505264282227 235.651741027832
