data/spatiotemp/temp4/bio11_norsw_test_2015_2018.asc
NCOLS 654 
NROWS 380 
XLLCORNER 3.91666666666667 
YLLCORNER 55.3333333333333 
CELLSIZE 0.0416666666666667 
NODATA_value -9999 
[rows 198 to 219 of 380, columns 144 to 191 of 654]
-4.34771531820297 -4.04999154806137 -3.71993440389633 -3.57437735795975 -3.36565354466438 -3.80309641361237 -3.90837275981903 -3.75198233127594 -4.30409073829651 -4.3338651061058 -4.21180611848831 -4.47924691438675 -4.56102126836777 -4.27496242523193 -4.74540346860886 -5.23251098394394 -5.46311849355698 -5.02755951881409 -4.44483399391174 -4.92077481746674 -5.54571151733398 -5.83347678184509 -6.08857595920563 -6.38650810718536 -6.6071070432663 -6.43170571327209 -5.867804646492 -5.90490353107452 -5.9996691942215 -5.38610118627548 -5.17470026016235 -6.1786322593689 -6.80118942260742 -7.1645370721817 -7.20488560199738 -7.43673384189606 -7.52374851703644 -7.74009680747986 -8.04144501686096 -8.20245981216431 -8.402472615242 -7.98892199993134 -7.57000410556793 -7.65468621253967 -7.43086135387421 -7.31769704818726 -6.94853258132935 -6.95136857032776
-3.53506934642792 -3.75388121604919 -3.38769289851189 -3.57317131757736 -3.9683164358139 -4.35446131229401 -4.20477306842804 -4.12841826677322 -4.48747843503952 -4.68462091684341 -4.66576319932938 -5.02740567922592 -4.6628811955452 -4.61769044399261 -4.64833265542984 -5.35347497463226 -6.06428408622742 -5.96759295463562 -5.52790200710297 -5.78904461860657 -5.51894307136536 -6.13493084907532 -6.71541881561279 -6.78424000740051 -6.60106134414673 -6.30054950714111 -6.39237058162689 -6.78835892677307 -6.69767999649048 -6.13700115680695 -5.57132267951965 -5.85697710514069 -6.24554133415222 -6.52018117904663 -7.11115515232086 -7.4102954864502 -7.48476910591125 -7.76657581329346 -7.9513828754425 -8.1305228471756 -8.11616313457489 -7.9063036441803 -7.63811039924622 -7.59775054454803 -7.63975870609283 -7.7389680147171 -7.60117757320404 -7.48988687992096
-3.7140901684761 -3.08660420775414 -3.23578473925591 -3.78863197565079 -4.22464579343796 -4.50732618570328 -4.49734032154083 -4.73568767309189 -4.85403281450272 -4.87971013784409 -4.9518871307373 -5.19406425952911 -4.94307458400726 -5.17041832208633 -5.06559532880783 -5.09460586309433 -5.3937828540802 -6.10379350185394 -6.42213726043701 -6.62064743041992 -6.39284098148346 -6.32205152511597 -6.43059527873993 -6.63063907623291 -6.85001611709595 -6.96472609043121 -7.09193670749664 -7.32898032665253 -7.26135778427124 -6.82856774330139 -6.50427842140198 -7.04815530776978 -7.06256008148193 -6.46832549571991 -6.50242459774017 -7.05485701560974 -7.39712262153625 -7.50972127914429 -7.6511538028717 -7.75075256824493 -7.72118484973907 -7.82078409194946 -8.11204957962036 -8.19331502914429 -7.98632264137268 -7.82440590858459 -7.83248889446259 -7.79057204723358
-4.12044447660446 -3.35599380731583 -3.95120990276337 -4.28942579030991 -4.56647515296936 -5.00319135189056 -5.27624064683914 -5.21529006958008 -5.44508719444275 -5.60423541069031 -5.41284424066544 -5.60172271728516 -5.38860088586807 -5.94897973537445 -6.05335807800293 -6.00040352344513 -5.88544821739197 -5.9883269071579 -6.64853882789612 -6.89712977409363 -6.87407290935516 -6.96717214584351 -6.75643837451935 -6.85953772068024 -7.08613729476929 -7.32540333271027 -7.06033635139465 -7.11560249328613 -7.24736845493317 -6.99180126190186 -7.04673433303833 -7.49566698074341 -7.56141209602356 -7.18630313873291 -7.18169414997101 -7.40658509731293 -7.56014287471771 -7.96253371238708 -8.2110915184021 -8.3864825963974 -8.25804007053375 -8.07926452159882 -8.14982223510742 -8.30687987804413 -8.31172025203705 -7.82217705249786 -7.7023001909256 -7.88409018516541
-3.93542182445526 -3.45574516057968 -3.77456843852997 -4.53189188241959 -4.85904848575592 -5.20437204837799 -5.59169542789459 -5.71118557453156 -6.13317120075226 -6.46649062633514 -6.14214360713959 -5.991002202034 -5.93168962001801 -5.96871030330658 -6.31839752197266 -6.57275104522705 -6.73093843460083 -6.36662578582764 -6.52164626121521 -7.01350009441376 -7.31647098064423 -7.18305861949921 -7.03064656257629 -7.17273461818695 -7.03182256221771 -7.07441055774689 -7.32416498661041 -7.48291969299316 -7.40800726413727 -7.10059523582458 -7.39951646327972 -7.68910431861877 -7.79047918319702 -7.48114085197449 -7.68796873092651 -7.89663016796112 -7.88962531089783 -8.03362023830414 -8.26594829559326 -8.30544304847717 -8.27210462093353 -8.37376606464386 -8.27026128768921 -8.22875607013702 -8.19394171237946 -8.01598489284515 -7.91919434070587 -8.00457084178925
-3.90135550498962 -4.12469148635864 -4.00319427251816 -4.48669648170471 -4.8621991276741 -4.750368475914 -5.31253755092621 -5.73837339878082 -6.13175988197327 -6.69859731197357 -6.58182418346405 -6.34706974029541 -6.77561116218567 -6.90517127513885 -6.61821317672729 -6.75631630420685 -6.83808624744415 -7.18918967247009 -7.20145952701569 -7.11189615726471 -7.37470233440399 -7.28237783908844 -7.44172060489655 -7.20206272602081 -7.23240482807159 -7.57774710655212 -7.66508948802948 -7.86659860610962 -7.84994113445282 -7.52411687374115 -7.68562567234039 -7.78080129623413 -7.90192747116089 -7.90883803367615 -7.85208201408386 -7.87265944480896 -7.96606981754303 -8.03348052501678 -8.15405797958374 -8.1668016910553 -8.07921230792999 -8.1501225233078 -8.07103335857391 -8.03977739810944 -8.01665353775024 -8.13099586963654 -8.05533754825592 -8.21434605121613
-4.75495600700378 -4.8639709353447 -4.66281962394714 -5.28133457899094 -5.76034986972809 -5.34636497497559 -5.13271343708038 -5.48639523983002 -6.02224576473236 -6.25343179702759 -6.64411759376526 -6.56813740730286 -7.02732348442078 -7.18084275722504 -7.2047084569931 -6.99838149547577 -6.97223424911499 -7.26925349235535 -7.34860622882843 -7.46212577819824 -7.48910045623779 -7.3696973323822 -7.49696016311646 -7.42289066314697 -7.57598733901978 -7.96458387374878 -8.02318108081818 -7.775111079216 -7.61204135417938 -7.85113787651062 -7.94856798648834 -7.92499816417694 -8.01887631416321 -8.0507025718689 -7.95786201953888 -7.96318829059601 -8.1381813287735 -8.38750767707825 -8.37333381175995 -8.37882649898529 -8.33065330982208 -8.10347950458527 -8.01447224617004 -8.18179869651794 -8.20386576652527 -8.1563401222229 -8.21764767169952 -8.41462182998657
-5.47005605697632 -5.56441736221313 -5.20411157608032 -5.72497284412384 -5.84433364868164 -6.04219472408295 -6.24672245979309 -5.57291674613953 -5.59556472301483 -6.09316694736481 -6.42393577098846 -6.40187132358551 -6.76097357273102 -6.97690892219543 -7.31051099300385 -7.00311315059662 -6.87321555614471 -7.21715068817139 -7.42958652973175 -7.58318841457367 -7.54249858856201 -7.38484942913055 -7.29103422164917 -7.29588532447815 -7.47090327739716 -7.88058769702911 -7.8797721862793 -7.58312356472015 -7.64430820941925 -8.0156592130661 -8.06367671489716 -8.1013617515564 -8.04082477092743 -7.99090015888214 -8.0304753780365 -8.25405073165894 -8.33712601661682 -8.3850349187851 -8.36461007595062 -8.31501913070679 -8.37892746925354 -8.37366926670074 -8.35307812690735 -8.29015338420868 -8.24191129207611 -8.24618422985077 -8.43279111385345 -8.50256443023682
-5.86328029632568 -5.99564206600189 -6.00123691558838 -6.2277774810791 -5.89931738376617 -6.15685760974884 -6.39673101902008 -6.38727140426636 -6.02121734619141 -5.57956898212433 -5.72125387191772 -6.15893888473511 -6.30995690822601 -6.64047527313232 -6.97282683849335 -7.01034498214722 -7.16069650650024 -7.32188165187836 -7.44006645679474 -7.56825160980225 -7.63522982597351 -7.69400203227997 -7.57177448272705 -7.46971344947815 -7.47498595714569 -7.50292456150055 -7.41269683837891 -7.4409693479538 -7.82207500934601 -8.14918065071106 -8.05911958217621 -8.09055817127228 -8.04027354717255 -8.02959764003754 -8.19892239570618 -8.24024641513824 -8.33973789215088 -8.45522844791412 -8.51305282115936 -8.53104412555695 -8.56236851215363 -8.47369253635406 -8.64151668548584 -8.67967486381531 -8.53245627880096 -8.34102869033813 -8.20276749134064 -8.35750675201416
-6.52494251728058 -6.3925666809082 -6.24692630767822 -6.19174861907959 -6.15996789932251 -6.34268760681152 -6.34374034404755 -6.35445952415466 -6.27670323848724 -6.25097095966339 -5.86623847484589 -6.24033963680267 -6.60410726070404 -6.79670798778534 -7.10580909252167 -7.38357663154602 -7.63234448432922 -7.65911221504211 -7.64571309089661 -7.45781409740448 -7.46729469299316 -7.71148800849915 -7.70334792137146 -7.96237468719482 -7.81140172481537 -7.50876152515411 -7.50478839874268 -7.56448173522949 -7.62617492675781 -7.83786869049072 -7.99672865867615 -7.94142198562622 -7.91588854789734 -8.2799619436264 -8.50536906719208 -8.5764422416687 -8.35934889316559 -8.26575589179993 -8.34132874011993 -8.41040217876434 -8.63064229488373 -8.64154922962189 -8.62078928947449 -8.56219613552094 -8.52716839313507 -8.59720635414124 -8.28524434566498 -8.11561572551727
-6.57646691799164 -6.4334911108017 -6.2618213891983 -6.35372006893158 -6.26511871814728 -6.23901736736298 -6.32891571521759 -6.40064787864685 -6.3130224943161 -6.25570595264435 -6.11855626106262 -6.29640686511993 -6.77525722980499 -6.84410774707794 -6.89495801925659 -7.0196418762207 -7.47565913200378 -7.57367599010468 -7.5310263633728 -7.47654366493225 -7.33169257640839 -7.47030687332153 -7.7547550201416 -7.8242027759552 -7.52148389816284 -7.42193186283112 -7.57937979698181 -7.84699428081512 -7.85744190216064 -7.63722312450409 -7.73400413990021 -8.02278554439545 -8.07150399684906 -8.19965946674347 -8.37331545352936 -8.55330443382263 -8.60146033763885 -8.48278284072876 -8.60243856906891 -8.60792779922485 -8.45358335971832 -8.44990563392639 -8.45839476585388 -8.35388386249542 -8.37188029289246 -8.36805057525635 -8.33388769626617 -8.29489135742188
-7.0320600271225 -6.56374907493591 -6.30761349201202 -6.25202488899231 -6.39843583106995 -6.41818034648895 -6.44192481040955 -6.46916937828064 -6.54534137248993 -6.66927468776703 -6.4428745508194 -6.24597430229187 -6.4652407169342 -6.67450714111328 -6.77544045448303 -6.8798736333847 -7.10564017295837 -7.17874014377594 -7.39117348194122 -7.24277305603027 -7.27742409706116 -7.46362626552582 -7.52082848548889 -7.2630307674408 -7.25939965248108 -7.37993550300598 -7.59780418872833 -7.5558397769928 -7.56037533283234 -7.93024432659149 -8.47228002548218 -8.8376487493515 -8.90045249462128 -8.46935725212097 -8.31259560585022 -8.2275003194809 -8.44723856449127 -8.62464332580566 -8.49738097190857 -8.56245267391205 -8.64402449131012 -8.63626229763031 -8.77283370494843 -8.64490532875061 -8.51409208774567 -8.51872825622559 -8.54503130912781 -8.38466680049896
-7.26988232135773 -7.05200684070587 -6.52557253837585 -6.83904838562012 -7.69950306415558 -7.51349139213562 -6.67344343662262 -6.47485756874084 -6.74716055393219 -6.72517657279968 -6.49885904788971 -6.23037481307983 -6.33022451400757 -6.47974038124084 -6.83358943462372 -6.81010556221008 -6.76828801631927 -6.86480402946472 -6.95398652553558 -7.16833567619324 -7.48815560340881 -7.47227895259857 -6.94890201091766 -6.89419198036194 -6.98998236656189 -7.11643898487091 -7.52706229686737 -7.8501855134964 -7.93147587776184 -8.13559901714325 -8.41422247886658 -8.68284583091736 -8.88756775856018 -8.97238838672638 -8.67037534713745 -8.63886260986328 -8.40034961700439 -8.6486701965332 -8.74065744876862 -8.61881124973297 -8.86379849910736 -8.73045241832733 -8.65477287769318 -8.69259321689606 -8.63130438327789 -8.65540611743927 -8.53734111785889 -8.0851092338562
-6.97324597835541 -6.84726166725159 -6.73386454582214 -7.07330238819122 -7.67925536632538 -7.54933977127075 -7.09635865688324 -7.21337723731995 -7.19296300411224 -6.84241199493408 -6.65901064872742 -6.58777558803558 -6.39470791816711 -6.49197316169739 -6.63640511035919 -6.68083703517914 -6.81610250473022 -6.61553466320038 -6.74246656894684 -7.1193984746933 -7.35621988773346 -7.10943126678467 -6.89747595787048 -6.68447124958038 -6.99339818954468 -7.57577574253082 -8.00032031536102 -8.24503123760223 -8.37607598304749 -8.28828692436218 -8.26216471195221 -8.45454275608063 -8.72551643848419 -8.84858584403992 -8.82732212543488 -8.88739156723022 -8.6144608259201 -8.54253053665161 -8.65693354606628 -8.63683664798737 -8.78490579128265 -8.85730850696564 -8.74837863445282 -8.57078111171722 -8.89068293571472 -9.0404167175293 -8.85498428344727 -8.30938482284546
-6.63292562961578 -6.61054134368896 -6.55765676498413 -6.90760552883148 -7.15338730812073 -7.08433628082275 -7.36927330493927 -7.53028988838196 -6.85463213920593 -6.722980260849 -7.09932839870453 -7.16350996494293 -6.73819148540497 -6.50637269020081 -6.67472088336945 -6.87623572349548 -6.81775033473969 -6.86709833145142 -6.60927999019623 -6.58362793922424 -7.07311809062958 -6.83541703224182 -6.6877852678299 -7.32101476192474 -7.24031364917755 -7.79894614219666 -8.24457836151123 -8.51337718963623 -8.70667624473572 -8.80580830574036 -8.65794062614441 -8.47873985767365 -8.44546473026276 -8.63795018196106 -8.65410220623016 -8.83458721637726 -8.80873918533325 -8.87105774879456 -8.89670956134796 -8.71636164188385 -8.75334680080414 -8.72749865055084 -8.66831755638123 -8.52963590621948 -8.86789512634277 -9.01526153087616 -8.80346119403839 -8.25532734394073
-7.37582230567932 -7.1287807226181 -7.11146211624146 -6.87347722053528 -6.86387145519257 -6.73899948596954 -6.7544606924057 -7.23492181301117 -7.01295113563538 -6.71788239479065 -6.7091463804245 -6.79457724094391 -6.44417464733124 -6.33777225017548 -6.73403668403625 -7.09563422203064 -6.75073170661926 -6.2919956445694 -6.47004020214081 -6.45555794239044 -6.63454949855804 -6.74968135356903 -6.97945642471313 -7.50984287261963 -7.50522971153259 -7.60194957256317 -8.21766948699951 -8.3985561132431 -8.6926097869873 -8.80016303062439 -8.90238308906555 -8.87543642520905 -8.66841351985931 -8.6556476354599 -8.60538196563721 -8.53394961357117 -8.77451717853546 -8.99541795253754 -9.25081932544708 -8.96655356884003 -8.78828763961792 -8.89885556697845 -8.83075594902039 -8.53415703773499 -8.63760709762573 -8.83143901824951 -8.72260427474976 -8.16910290718079
-7.81474077701569 -7.12035131454468 -6.59861981868744 -6.98004353046417 -7.11063230037689 -6.91130518913269 -6.98314464092255 -6.76098394393921 -6.73632657527924 -6.84567213058472 -6.30551755428314 -6.49569642543793 -6.56804180145264 -6.57788753509521 -6.61473286151886 -6.4822450876236 -6.34425711631775 -6.08221900463104 -6.58994817733765 -6.83229374885559 -7.10864412784576 -7.35749971866608 -7.63518834114075 -7.84587776660919 -7.58923316001892 -7.4989218711853 -8.16094386577606 -8.11446607112885 -8.52448832988739 -8.66667723655701 -8.91369938850403 -8.98138809204102 -9.08617496490479 -9.05989217758179 -8.68944311141968 -8.31949400901794 -8.6685448884964 -8.66359579563141 -9.07331371307373 -9.02686500549316 -8.99274897575378 -8.95029997825623 -8.76868391036987 -8.63856852054596 -8.58410394191742 -8.65779101848602 -8.38947808742523 -7.90466511249542
-7.1010035276413 -7.53456747531891 -7.15057849884033 -6.60208666324615 -6.50950336456299 -6.43758654594421 -6.51883673667908 -6.39575326442719 -6.32759094238281 -6.34701645374298 -6.29494166374207 -6.28153383731842 -6.31895923614502 -6.367551445961 -6.46580994129181 -6.43573522567749 -6.12166035175323 -6.76141905784607 -7.86317825317383 -7.27793669700623 -7.13233554363251 -7.46904075145721 -7.72724628448486 -7.71878504753113 -7.76432371139526 -7.26419579982758 -7.76723480224609 -8.4292733669281 -8.38964557647705 -8.43768417835236 -8.697056889534 -9.0137619972229 -9.10524904727936 -9.09601724147797 -8.92528593540192 -8.52022123336792 -8.59132301807404 -8.65275800228119 -8.63652646541595 -8.67196178436279 -8.81439661979675 -8.92066562175751 -8.91693389415741 -8.62386929988861 -8.66321921348572 -8.52981734275818 -8.14108228683472 -7.86668026447296
-6.23139894008636 -6.2933931350708 -6.36588680744171 -6.50604736804962 -6.40520787239075 -6.13820171356201 -6.25652897357941 -6.63535606861115 -6.92135560512543 -6.95436060428619 -7.19603264331818 -6.88603758811951 -6.75320971012115 -6.44704818725586 -6.16255366802216 -6.204869389534 -6.13363969326019 -6.9329024553299 -7.56790769100189 -7.51991283893585 -6.72269332408905 -7.27458190917969 -7.69163739681244 -7.68269276618958 -7.69291484355927 -7.18711626529694 -7.37569224834442 -8.213747382164 -8.76263618469238 -8.79385805130005 -8.67724704742432 -8.73380196094513 -8.73415613174438 -8.62880921363831 -8.74279546737671 -8.59944808483124 -8.71626722812653 -9.11992001533508 -9.08357274532318 -8.76955890655518 -8.68087863922119 -8.773197889328 -8.78201735019684 -8.52317011356354 -8.32300078868866 -7.99984347820282 -7.9210193157196 -8.33602833747864
-6.48479497432709 -6.17086601257324 -6.27527034282684 -6.26000785827637 -6.3064124584198 -6.58364987373352 -6.76972091197968 -6.91195869445801 -6.92811989784241 -6.90353846549988 -6.82612335681915 -6.68137526512146 -6.6486269235611 -6.54771196842194 -6.38196361064911 -6.46954894065857 -6.29209733009338 -6.40555202960968 -6.9166374206543 -7.30188918113708 -7.1975508928299 -6.59545624256134 -7.19102823734283 -7.68893349170685 -8.05167233943939 -7.86024415493011 -7.13088917732239 -7.94238805770874 -8.46295988559723 -8.62969887256622 -8.84177041053772 -8.92934250831604 -8.91089701652527 -8.81310093402863 -8.66980445384979 -8.65700829029083 -8.69887840747833 -8.91508209705353 -9.03495264053345 -8.94865620136261 -8.69552671909332 -8.71823048591614 -8.77660048007965 -8.45130455493927 -7.95744967460632 -7.66270327568054 -7.87445664405823 -8.65171051025391
-6.38819098472595 -6.28350555896759 -6.35748720169067 -6.58963537216187 -6.76828360557556 -7.17393147945404 -7.10374653339386 -7.13756120204926 -6.93571794033051 -6.87671589851379 -6.87454771995544 -6.85821259021759 -6.99337756633759 -6.91804265975952 -6.83670723438263 -7.0145388841629 -6.91020369529724 -6.84686875343323 -6.63686716556549 -6.75619852542877 -7.20007526874542 -7.1479971408844 -6.6199266910553 -7.1068412065506 -7.91792964935303 -8.1303516626358 -7.60677325725555 -7.43069541454315 -8.188117146492 -8.60703921318054 -8.96362745761871 -9.06604945659637 -9.03347086906433 -8.93389248847961 -8.80264675617218 -8.81173515319824 -8.75532329082489 -8.75324416160583 -8.87583220005035 -8.98458647727966 -8.98134136199951 -8.80042886734009 -8.77351713180542 -8.73527216911316 -8.54239821434021 -8.26922953128815 -7.91506099700928 -8.40022540092468
-6.53358674049377 -6.2269788980484 -6.45187067985535 -6.99826276302338 -7.21015477180481 -7.05338001251221 -6.78427171707153 -6.7894971370697 -6.95181560516357 -7.23689377307892 -7.13080501556396 -7.25354981422424 -7.42896151542664 -7.16987276077271 -7.08328425884247 -7.22652924060822 -7.15727400779724 -7.1335186958313 -7.0440970659256 -6.99550831317902 -6.90826666355133 -6.85887169837952 -7.01014363765717 -6.77218925952911 -7.24285399913788 -8.02445888519287 -8.20973110198975 -7.27283596992493 -7.64444088935852 -8.28554618358612 -8.76148498058319 -9.022256731987 -8.99037837982178 -8.98201751708984 -9.00365626811981 -9.10229527950287 -9.00860071182251 -8.80040645599365 -8.72104501724243 -8.85618412494659 -8.87998962402344 -8.82229518890381 -8.85510051250458 -8.86607301235199 -8.84534692764282 -8.81158947944641 -8.35099828243256 -8.15140748023987
