data/spatiotemp/temp4/bio16_norsw_test_2015_2018.asc
NCOLS 654 
NROWS 380 
XLLCORNER 3.91666666666667 
YLLCORNER 55.3333333333333 
CELLSIZE 0.0416666666666667 
NODATA_value -9999 
[rows 44 to 65 of 380, columns 600 to 649 of 654]
217.088623046875 219.670116424561 220.926166534424 223.258388519287 223.255756378174 220.919563293457 220.917358398438 218.325592041016 219.554294586182 219.558864593506 219.562522888184 221.762294769287 220.698295593262 224.223918914795 224.160034179688 221.835842132568 224.095806121826 226.29052734375 226.225563049316 227.423538208008 225.054950714111 227.339694976807 228.569080352783 227.209804534912 224.920749664307 224.887187957764 225.001205444336 225.255756378174 226.183372497559 225.136096954346 226.375286102295 228.604084014893 228.871959686279 230.105220794678 231.449420928955 233.797870635986 235.1633644104 237.611541748047 236.452541351318 234.050514221191 235.262645721436 236.474517822266 235.1565284729 235.554531097412 235.059741973877 226.056118011475 221.235683441162 222.220542907715 220.645191192627 217.26636505127
219.644912719727 218.385368347168 219.642425537109 219.641193389893 220.648235321045 219.638706207275 220.963291168213 218.374839782715 218.339912414551 221.863758087158 221.794612884521 224.312561035156 222.98099899292 228.762828826904 230.015563964844 224.034980773926 226.28768157959 229.800830841064 233.252265930176 236.761756896973 234.38988494873 232.097133636475 228.483318328857 228.449913024902 229.408920288086 229.37467956543 228.188285827637 229.306221008301 229.271984100342 226.926570892334 229.251651763916 228.512351989746 228.447799682617 229.67887878418 231.670749664307 231.007305145264 231.21565246582 232.172431945801 229.088241577148 229.01554107666 229.253162384033 229.320640563965 225.440258026123 224.380989074707 225.298191070557 226.43717956543 235.409400939941 233.085517883301 225.064697265625 216.88793182373
219.604000091553 219.598323822021 219.592643737793 218.264919281006 215.988986968994 214.809349060059 214.717082977295 217.295356750488 218.266590118408 219.461006164551 223.989276885986 227.509265899658 228.761451721191 231.016056060791 228.621231079102 223.964931488037 223.896621704102 227.410934448242 231.922409057617 239.012466430664 240.222682952881 240.19068145752 235.3161277771 234.289176940918 230.679885864258 229.384918212891 229.440452575684 230.588008880615 230.55738067627 229.253261566162 229.196025848389 231.76061630249 229.387084960938 229.316215515137 227.943256378174 226.729103088379 226.599784851074 228.873977661133 227.766738891602 225.128883361816 224.099601745605 222.84387588501 223.752712249756 222.705551147461 224.22728729248 227.963626861572 228.345085144043 226.645515441895 221.783832550049 221.294097900391
219.550064086914 218.276401519775 218.260025024414 219.502113342285 217.214748382568 217.19926071167 219.454174041748 219.438194274902 219.400485992432 219.341049194336 223.876922607422 228.722114562988 229.920833587646 229.858726501465 229.79662322998 229.734512329102 228.437824249268 231.972778320312 232.881610870361 235.383419036865 237.600849151611 236.576076507568 235.287872314453 233.999027252197 235.237071990967 232.89811706543 232.873352050781 232.848579406738 231.558746337891 230.569278717041 229.198673248291 231.769840240479 233.0068359375 232.928207397461 229.240055084229 229.162670135498 228.910766601562 226.549331665039 226.494297027588 225.117218017578 225.061859130859 223.774772644043 224.007987976074 223.931270599365 225.136184692383 227.449687957764 231.380443572998 227.586780548096 225.061515808105 223.577831268311
220.514625549316 221.802707672119 221.775787353516 220.733173370361 220.707183837891 221.939609527588 219.338417053223 219.31213760376 222.860458374023 227.404697418213 229.619693756104 232.14128112793 232.086502075195 232.087337493896 234.299167633057 234.243385314941 232.988830566406 236.527317047119 237.655826568604 237.599277496338 237.561294555664 236.279468536377 233.944316864014 233.9250831604 232.907562255859 232.889198303223 233.867351531982 232.852470397949 231.569198608398 229.574306488037 230.538730621338 227.936828613281 227.896686553955 228.016677856445 229.039031982422 228.977153778076 226.330276489258 225.282375335693 227.471607208252 227.409461975098 227.410949707031 226.338886260986 227.552249908447 228.455158233643 228.431297302246 228.36234664917 228.751106262207 226.968975067139 225.95495223999 224.943058013916
221.7751121521 224.30689239502 224.270057678223 222.920383453369 221.625869750977 222.846153259277 222.80904006958 222.771919250488 224.044807434082 226.270370483398 229.808616638184 229.762256622314 230.725917816162 230.678802490234 230.631671905518 231.897434234619 233.110549926758 233.063537597656 235.334415435791 234.978965759277 234.947830200195 234.934070587158 233.918224334717 233.905368804932 232.892234802246 232.88028717041 230.363510131836 230.32234954834 231.596630096436 231.567279815674 228.213752746582 228.173328399658 230.184993743896 227.53267288208 226.611034393311 226.404483795166 226.430812835693 228.646003723145 229.769973754883 229.700820922852 227.104900360107 227.320446014404 227.225967407227 229.705821990967 228.353366851807 228.298824310303 226.287487030029 226.253105163574 224.785926818848 227.158843994141
224.000198364258 222.929260253906 222.881679534912 222.834083557129 222.78649520874 222.738899230957 224.965190887451 224.916637420654 226.184288024902 229.728881835938 228.676830291748 229.651908874512 229.613418579102 232.035720825195 234.279495239258 235.097038269043 235.307201385498 236.577793121338 237.798633575439 237.759426116943 235.166156768799 235.160125732422 233.892135620117 233.885665893555 232.876899719238 231.693408966064 231.345943450928 232.935932159424 230.598690032959 231.584079742432 231.830364227295 231.47566986084 230.215995788574 226.565258026123 226.490962982178 226.511039733887 226.414447784424 227.306861877441 229.824291229248 228.409866333008 227.323581695557 228.220890045166 227.437129974365 227.338935852051 228.261837005615 229.756336212158 228.632026672363 226.874061584473 229.953617095947 232.719421386719
226.509677886963 226.450729370117 222.805854797363 225.310405731201 226.273899078369 226.214954376221 226.156021118164 226.097068786621 228.325679779053 231.875617980957 231.844631195068 230.556407928467 231.832679748535 232.946788787842 234.04088973999 235.267845153809 237.803066253662 238.78243637085 237.740985870361 236.449760437012 235.126823425293 234.873271942139 235.174861907959 232.603893280029 231.599018096924 231.599388122559 230.288768768311 229.024574279785 230.288417816162 229.248397827148 229.218269348145 229.500053405762 230.117599487305 227.702655792236 227.598392486572 226.501132965088 227.389846801758 227.285579681396 230.783790588379 230.988006591797 230.881912231445 230.775810241699 230.669708251953 229.27770614624 228.212223052979 230.671508789062 229.552642822266 229.951377868652 232.40060043335 229.856231689453
225.220188140869 225.357261657715 225.059288024902 226.245090484619 228.507514953613 228.432315826416 227.057502746582 226.986743927002 228.194847106934 229.190402984619 231.727481842041 234.026023864746 234.002277374268 233.978538513184 236.274318695068 237.507888793945 238.742290496826 236.447360992432 237.435840606689 237.411823272705 237.403060913086 234.842868804932 233.839954376221 233.846263885498 233.852565765381 232.596084594727 230.288318634033 230.340381622314 230.346591949463 230.249095916748 229.535152435303 229.510353088379 229.130905151367 227.707485198975 227.596683502197 228.701908111572 228.614086151123 230.867946624756 230.755458831787 230.652732849121 227.241691589355 228.117733001709 228.031452178955 226.92830657959 230.644863128662 231.053070068359 229.940196990967 233.601425170898 231.904792785645 230.452728271484
226.800590515137 225.401153564453 228.61531829834 228.514629364014 228.413955688477 230.642425537109 231.772468566895 230.43741607666 230.386543273926 232.927028656006 233.931655883789 237.492046356201 236.457962036133 237.460273742676 237.444385528564 238.685806274414 237.412609100342 236.382148742676 237.380840301514 236.062320709229 236.103820800781 233.801181793213 233.813865661621 233.826553344727 232.577289581299 232.589408874512 232.601528167725 231.598041534424 233.630138397217 233.641269683838 232.650016784668 231.351245880127 229.042789459229 227.637565612793 228.809856414795 228.715873718262 228.621898651123 228.566337585449 227.167472839355 227.073455810547 226.979438781738 227.083206176758 227.95276260376 226.848129272461 226.781116485596 228.932807922363 229.042667388916 227.713405609131 227.723754882812 226.763591766357
229.096229553223 228.66077041626 228.547306060791 231.976982116699 231.88357925415 231.790184020996 232.722152709961 233.880344390869 233.828998565674 233.821266174316 233.813529968262 236.125602722168 237.372379302979 237.364624023438 237.356868743896 237.349113464355 235.024261474609 237.333599090576 233.751686096191 235.044178009033 232.49040222168 232.50887298584 231.225032806396 232.254051208496 233.574607849121 234.854328155518 234.872386932373 234.890449523926 237.221866607666 235.931861877441 234.944648742676 233.959445953369 230.340026855469 230.239742279053 228.829986572266 231.037132263184 230.935482025146 230.833824157715 230.73217010498 230.630519866943 228.150936126709 229.118789672852 226.911674499512 227.096614837646 229.322704315186 227.013454437256 225.707775115967 227.682453155518 226.724540710449 225.477977752686
228.731773376465 229.639656066895 231.127292633057 231.983722686768 229.57706451416 229.131034851074 231.64338684082 232.496673583984 233.738124847412 233.738079071045 233.695407867432 234.99161529541 234.992126464844 237.268981933594 237.269351959229 235.972843170166 237.27010345459 233.697341918945 234.715663909912 232.439743041992 232.452003479004 233.492259979248 234.776092529297 238.375625610352 236.086307525635 237.414154052734 239.713027954102 239.738597869873 236.18660736084 238.525135040283 239.55619430542 239.580089569092 234.953430175781 232.269462585449 232.16011428833 227.477230072021 229.676513671875 229.814655303955 231.722717285156 231.613372802734 229.417987823486 229.285762786865 227.176372528076 225.739753723145 225.3620262146 225.354690551758 224.348056793213 225.648056030273 224.125827789307 226.735683441162
231.356098175049 230.893081665039 230.751663208008 231.758399963379 230.390289306641 230.274963378906 230.18603515625 232.36462020874 233.560733795166 233.569011688232 234.869979858398 233.585586547852 234.618179321289 233.602142333984 235.887928009033 237.151309967041 235.904327392578 235.912525177002 235.92073059082 234.671291351318 235.709049224854 237.03581237793 236.050037384033 238.357563018799 237.089050292969 239.682060241699 238.45170211792 238.48307800293 238.514461517334 236.232109069824 234.998390197754 236.295063018799 237.559875488281 234.870834350586 232.182109832764 228.492370605469 227.327751159668 225.195747375488 228.349006652832 229.825019836426 229.376483917236 226.642185211182 225.507164001465 224.066593170166 223.996620178223 223.005279541016 223.001434326172 222.997589111328 226.400493621826 226.432807922363
231.315746307373 232.145980834961 231.990474700928 234.159183502197 232.578536987305 233.845485687256 233.688640594482 233.482517242432 235.705539703369 235.721813201904 237.027778625488 235.754348754883 235.770610809326 235.786876678467 235.803134918213 237.073890686035 239.406349182129 238.130676269531 237.124668121338 236.906032562256 240.504463195801 239.522354125977 238.301643371582 238.339485168457 238.377334594727 236.100971221924 236.138851165771 236.176742553711 236.214630126953 233.685031890869 232.456016540527 231.482574462891 231.440574645996 231.320087432861 230.937442779541 231.079128265381 227.611492156982 227.467861175537 227.634021759033 227.490200042725 227.036964416504 227.887157440186 226.673511505127 221.726020812988 221.685894012451 220.66561126709 220.66703414917 220.66845703125 221.833850860596 221.870834350586
235.907749176025 236.785110473633 236.394985198975 238.798351287842 236.374900817871 231.383480072021 234.822021484375 235.720359802246 234.629817962646 238.213268280029 238.229545593262 236.958221435547 236.974143981934 240.558883666992 240.575122833252 237.021873474121 237.072025299072 238.112209320068 239.383628845215 238.108715057373 238.136383056641 235.89669418335 235.937145233154 237.23770904541 236.01802444458 235.041625976562 232.523162841797 232.562873840332 231.338626861572 232.642295837402 232.682010650635 232.465744018555 231.417697906494 230.036235809326 228.618900299072 228.504516601562 227.387256622314 226.006458282471 226.005550384521 227.04866027832 228.022819519043 227.818145751953 224.151794433594 222.758724212646 220.460723876953 219.198719024658 219.236709594727 220.577014923096 221.603134155273 220.625205993652
237.075023651123 238.055736541748 236.60973739624 238.838451385498 236.285739898682 231.425506591797 230.043849945068 231.165874481201 232.135753631592 234.677600860596 235.714042663574 235.942329406738 234.66291809082 234.669078826904 234.448341369629 236.995265960693 237.230461120605 235.981048583984 237.012554168701 234.736354827881 233.501140594482 232.25106048584 234.839935302734 235.900356292725 235.939521789551 232.404808044434 236.017826080322 234.761302947998 232.520111083984 231.26082611084 231.298244476318 230.068618774414 231.339122772217 228.674961090088 227.571521759033 227.213645935059 226.235088348389 226.113082885742 225.922439575195 224.570068359375 223.459190368652 223.337329864502 223.215450286865 223.154449462891 222.849006652832 219.324871063232 219.363792419434 222.968231201172 220.430507659912 219.480564117432
232.238994598389 235.715393066406 237.799934387207 236.473728179932 235.296092987061 232.504669189453 232.375049591064 231.211196899414 231.145011901855 232.17325592041 234.705268859863 235.955108642578 234.696872711182 234.663726806641 233.404289245605 234.655933380127 233.395488739014 232.364154815674 233.386688232422 233.382286071777 232.374435424805 233.437072753906 233.475059509277 232.251831054688 232.288997650146 232.326160430908 232.363327026367 232.400489807129 232.437648773193 232.474815368652 232.511974334717 232.293750762939 232.271690368652 232.19234085083 230.843662261963 229.466815948486 229.387054443359 229.307292938232 228.225082397461 228.171081542969 226.771533966064 226.693256378174 224.345474243164 222.971355438232 221.679210662842 220.726070404053 220.766952514648 219.530757904053 219.570602416992 219.610458374023
230.86157989502 230.734985351562 232.959426879883 232.105415344238 233.965049743652 232.760578155518 235.992237091064 234.799663543701 237.04373550415 235.747882843018 235.73323059082 233.43119430542 233.416809082031 233.402412414551 233.388027191162 234.655715942383 232.101985931396 235.655296325684 235.640338897705 233.316074371338 236.895385742188 236.932815551758 235.709342956543 235.74592590332 234.519878387451 232.247520446777 234.566848754883 235.892234802246 234.66276550293 233.40682220459 233.441600799561 232.207748413086 232.194202423096 233.144027709961 233.081596374512 233.019161224365 231.685260772705 231.661403656006 229.260738372803 230.472156524658 229.115993499756 226.781017303467 224.150646209717 223.092891693115 223.084072113037 226.694370269775 225.459037780762 221.930828094482 218.400890350342 218.440967559814
229.638359069824 229.788124084473 232.970077514648 234.158321380615 232.9641456604 232.591136932373 236.037883758545 234.873020172119 234.773124694824 237.0634765625 234.725093841553 237.014125823975 235.732933044434 234.428237915039 234.403156280518 235.635673522949 237.920742034912 239.175216674805 241.437145233154 239.12455368042 237.849456787109 239.145034790039 237.919555664062 236.69229888916 235.442390441895 239.046054840088 239.100902557373 236.828960418701 237.881084442139 241.673046112061 244.206962585449 242.845104217529 241.570198059082 237.930885314941 237.886993408203 238.852325439453 233.961650848389 231.617389678955 230.567966461182 231.528739929199 227.913619995117 226.868774414062 226.826293945312 227.782043457031 227.781616210938 227.824607849121 224.296211242676 225.634815216064 223.097816467285 222.146377563477
233.257678985596 233.133003234863 233.00834274292 232.883686065674 234.016899108887 232.634357452393 232.72730255127 233.641483306885 234.818092346191 234.783996582031 237.062919616699 237.300621032715 235.735782623291 235.700675964355 235.665561676025 237.920696258545 237.885166168213 235.560241699219 235.525131225586 239.05590057373 241.343692779541 242.63916015625 239.107231140137 237.87907409668 236.649082183838 236.681957244873 236.714828491211 236.747692108154 241.556579589844 250.148399353027 247.288906097412 239.314376831055 239.30428314209 240.30700302124 236.575344085693 233.986995697021 234.224868774414 234.199924468994 232.884536743164 232.859184265137 231.556854248047 230.253032684326 230.226192474365 233.77075958252 235.059741973877 233.811897277832 228.00422668457 228.048248291016 224.516857147217 223.273963928223
236.017539978027 237.581787109375 234.654705047607 234.18314743042 234.059692382812 235.194877624512 239.921455383301 238.519863128662 237.176979064941 237.132019042969 237.08703994751 235.783802032471 236.997104644775 237.986629486084 235.648254394531 239.170387268066 239.124603271484 239.078800201416 239.033020019531 240.017467498779 238.775749206543 241.540561676025 239.057434082031 240.108535766602 240.132614135742 243.555843353271 249.856906890869 254.903106689453 245.219921112061 245.241027832031 243.798725128174 238.826194763184 240.490726470947 240.465896606445 240.441062927246 240.416244506836 236.618591308594 235.225765228271 237.577415466309 237.551654815674 232.634452819824 235.194652557373 244.175731658936 241.658855438232 235.198665618896 232.669906616211 230.423770904541 228.178203582764 226.936744689941 224.697444915771
236.619663238525 237.431449890137 238.283798217773 237.53441619873 242.800449371338 239.877712249756 237.419616699219 236.036533355713 235.947265625 237.166278839111 237.111164093018 237.056056976318 237.000938415527 235.672645568848 234.357967376709 235.575698852539 237.814022064209 241.323612213135 240.234901428223 240.179019927979 241.19807434082 241.458793640137 249.913200378418 256.89009475708 259.650695800781 257.515972137451 248.284786224365 245.55725479126 242.84122467041 248.922817230225 245.615673065186 247.945163726807 253.185543060303 249.846839904785 249.836460113525 241.603607177734 236.779689788818 235.758861541748 235.307987213135 237.791820526123 236.737686157227 239.493618011475 244.699672698975 240.477695465088 240.480522155762 237.671852111816 236.720401763916 234.189487457275 227.07693862915 224.538372039795
