data/spatiotemp/temp4/bio12_norsw_test_2015_2018.asc
NCOLS 654 
NROWS 380 
XLLCORNER 3.91666666666667 
YLLCORNER 55.3333333333333 
CELLSIZE 0.0416666666666667 
NODATA_value -9999 
[rows 44 to 65 of 380, columns 550 to 599 of 654]
468.494239807129 469.706802368164 472.079170227051 474.27995300293 477.679847717285 480.29842376709 481.770484924316 477.456924438477 481.688171386719 481.814735412598 485.052383422852 486.710006713867 485.844032287598 486.689422607422 486.036125183105 482.266494750977 482.253326416016 483.952194213867 482.872566223145 480.937110900879 479.41675567627 482.171539306641 483.878707885742 481.078712463379 482.151107788086 480.939895629883 482.335624694824 477.28694152832 476.31175994873 477.727584838867 475.401840209961 476.841361999512 482.284034729004 479.785835266113 484.861839294434 486.217636108398 484.17350769043 488.623046875 493.559875488281 491.95677947998 494.02710723877 496.269477844238 500.801002502441 504.79759979248 507.23371887207 511.151885986328 512.93431854248 515.959274291992 518.719017028809 523.708053588867
470.160820007324 469.739883422852 470.462135314941 471.943161010742 472.388710021973 473.744804382324 474.020416259766 474.774749755859 480.434310913086 482.762718200684 481.833190917969 480.965766906738 481.288032531738 480.089347839355 476.983467102051 478.622665405273 478.941139221191 477.519561767578 475.835601806641 473.736114501953 477.124244689941 478.75993347168 482.428848266602 479.991744995117 476.25023651123 475.827568054199 477.398506164551 478.615592956543 476.399925231934 474.974540710449 478.403228759766 481.479873657227 483.156440734863 482.879371643066 482.535148620605 482.158920288086 486.73607635498 487.243621826172 490.230545043945 493.491905212402 498.65763092041 503.991882324219 512.561782836914 512.633850097656 513.155082702637 510.892112731934 515.666328430176 523.203514099121 523.051071166992 525.321784973145
477.582412719727 477.061347961426 480.91389465332 475.885238647461 474.231918334961 475.57258605957 475.034156799316 475.435676574707 476.206687927246 476.252586364746 477.533264160156 477.502983093262 475.252372741699 477.470344543457 479.471809387207 475.033363342285 476.155044555664 475.883720397949 478.088218688965 474.775405883789 477.423538208008 476.134963989258 475.92374420166 474.120216369629 476.401397705078 477.067138671875 472.435989379883 473.725616455078 476.783706665039 477.881217956543 478.761726379395 481.844444274902 481.43635559082 482.411071777344 485.312606811523 485.403961181641 491.072288513184 492.247200012207 494.872314453125 498.401741027832 500.132339477539 507.021377563477 506.731964111328 510.712188720703 516.509620666504 521.27278137207 523.531700134277 530.056243896484 527.633949279785 526.58277130127
486.221115112305 486.316017150879 484.918487548828 479.826538085938 478.857307434082 476.836029052734 476.77091217041 476.95987701416 478.986289978027 479.722198486328 478.099182128906 478.082572937012 480.769309997559 476.271530151367 477.348541259766 476.148368835449 477.377502441406 477.382308959961 477.96842956543 475.838035583496 477.513633728027 474.357925415039 474.961814880371 473.109024047852 476.110000610352 475.826629638672 475.900520324707 478.661506652832 477.11351776123 478.348564147949 478.531478881836 478.654922485352 481.442260742188 481.166107177734 484.481109619141 487.665420532227 491.223503112793 493.875350952148 497.697067260742 500.137260437012 503.360038757324 505.969657897949 506.73664855957 516.432563781738 523.453552246094 525.182655334473 531.260238647461 533.409492492676 527.651000976562 525.05931854248
501.658950805664 495.273330688477 490.868186950684 488.147018432617 483.298240661621 478.941383361816 476.720893859863 477.172698974609 478.422271728516 479.239471435547 479.836578369141 479.64429473877 476.389717102051 475.773422241211 475.339454650879 476.749794006348 474.016876220703 475.174453735352 472.818504333496 474.309867858887 474.400840759277 472.911109924316 471.75968170166 471.68482208252 477.467765808105 475.32202911377 475.204307556152 477.096328735352 477.950469970703 476.232490539551 478.547225952148 477.54483795166 483.177169799805 485.478950500488 485.579856872559 489.744766235352 491.047538757324 492.381973266602 494.097549438477 499.847564697266 503.253646850586 509.127494812012 512.575645446777 521.64347076416 526.428367614746 527.330917358398 528.737533569336 531.544509887695 527.93896484375 526.527923583984
500.327461242676 492.977317810059 484.819763183594 483.873733520508 478.60228729248 476.240097045898 476.881675720215 478.592231750488 477.549110412598 478.011978149414 477.453689575195 479.068061828613 476.808532714844 475.664970397949 475.21760559082 474.175910949707 474.889358520508 473.590614318848 473.931488037109 471.644439697266 469.302253723145 468.161437988281 469.352058410645 471.641189575195 472.436172485352 474.311470031738 474.948051452637 473.937149047852 474.102096557617 480.165351867676 479.059997558594 481.507011413574 482.086883544922 486.039398193359 489.668685913086 493.365776062012 495.447738647461 495.200271606445 499.323295593262 504.371643066406 508.446571350098 513.150428771973 520.041633605957 519.49299621582 523.65308380127 527.694747924805 530.618377685547 531.661888122559 530.584625244141 530.881355285645
474.743141174316 477.431953430176 474.468841552734 474.678657531738 476.007598876953 475.066345214844 475.099769592285 476.285652160645 479.075378417969 481.223670959473 481.56258392334 477.522232055664 480.829299926758 476.35205078125 475.928276062012 472.525611877441 473.015808105469 471.702644348145 470.496551513672 469.473030090332 474.389450073242 469.854583740234 472.642959594727 471.610542297363 472.349189758301 476.029357910156 475.495018005371 474.96314239502 475.013618469238 477.967559814453 478.087142944336 478.641250610352 483.920989990234 486.278038024902 483.573104858398 489.854057312012 495.917892456055 500.918418884277 501.758407592773 508.888717651367 513.176910400391 516.950347900391 522.181686401367 526.708625793457 534.588844299316 535.638328552246 538.026863098145 537.86515045166 539.078659057617 535.034637451172
476.395851135254 476.65015411377 476.785858154297 477.117828369141 480.419219970703 481.078567504883 478.47972869873 477.111724853516 478.216201782227 481.021430969238 477.932922363281 476.036750793457 477.120109558105 475.366943359375 473.736518859863 470.527961730957 471.735458374023 471.867134094238 468.485786437988 469.955825805664 475.125595092773 475.055084228516 475.017333984375 473.432258605957 471.675849914551 470.544830322266 473.999557495117 478.489036560059 479.591972351074 476.918342590332 477.593284606934 483.026153564453 487.143814086914 487.075416564941 491.291809082031 496.43579864502 497.545234680176 501.777397155762 508.73853302002 511.241760253906 520.15113067627 519.845565795898 525.395858764648 533.399589538574 537.652046203613 541.661911010742 546.899200439453 546.245544433594 544.928039550781 540.048149108887
481.99730682373 485.140098571777 481.809440612793 483.01522064209 486.675094604492 487.885009765625 485.905387878418 483.24690246582 479.505630493164 478.399444580078 475.755271911621 475.48314666748 475.97151184082 473.663032531738 473.604644775391 471.537109375 472.757843017578 475.899948120117 474.893760681152 471.510223388672 473.565116882324 479.158821105957 477.075866699219 474.883926391602 472.79231262207 476.978805541992 480.15113067627 478.660652160645 480.817855834961 480.91251373291 480.473129272461 485.346450805664 491.732696533203 495.895454406738 497.50341796875 502.178955078125 505.262184143066 506.943115234375 516.177268981934 516.951782226562 515.717895507812 522.19987487793 530.022735595703 534.512985229492 534.515365600586 535.622100830078 537.955627441406 538.446250915527 539.439239501953 540.999649047852
482.357414245605 478.523750305176 483.472442626953 487.540397644043 488.667091369629 484.969535827637 486.367782592773 481.31957244873 476.800430297852 480.324020385742 478.233451843262 476.616317749023 475.599578857422 476.012351989746 475.62678527832 475.76301574707 469.407402038574 473.623176574707 473.767478942871 474.926788330078 479.716575622559 479.317100524902 478.297485351562 479.597938537598 475.657218933105 474.474769592285 478.067016601562 479.254341125488 482.197677612305 483.279693603516 485.722793579102 485.990592956543 488.977912902832 493.480674743652 496.422714233398 498.235778808594 504.078956604004 509.211463928223 515.599266052246 515.190101623535 521.04566192627 521.969589233398 526.981018066406 530.351409912109 535.902725219727 540.123123168945 539.486923217773 539.391502380371 543.479179382324 541.517486572266
495.977416992188 488.410469055176 486.235450744629 488.155158996582 487.10652923584 484.52725982666 485.017333984375 483.237907409668 481.402961730957 481.052673339844 479.756683349609 477.69750213623 478.307548522949 478.564498901367 477.573593139648 478.181854248047 475.353645324707 471.974220275879 477.463104248047 477.328567504883 479.167541503906 478.33171081543 479.628967285156 481.302276611328 479.189147949219 477.002326965332 481.76252746582 482.957313537598 484.870140075684 483.133583068848 491.273590087891 490.881156921387 495.222473144531 491.631996154785 492.141578674316 497.564575195312 499.002395629883 502.888580322266 511.997016906738 522.659233093262 524.19522857666 533.004554748535 537.410018920898 538.164222717285 540.624290466309 545.306106567383 544.188674926758 548.120880126953 551.010635375977 549.641662597656
502.967994689941 502.713943481445 501.285713195801 498.061805725098 497.200675964355 505.751281738281 509.267051696777 503.840560913086 494.525428771973 485.896102905273 482.587364196777 485.372566223145 479.178977966309 479.111938476562 481.045021057129 481.132301330566 477.33952331543 475.737426757812 478.958015441895 482.6640625 482.283973693848 482.665084838867 484.946830749512 484.9775390625 484.024368286133 484.352172851562 486.050193786621 487.716293334961 489.687370300293 488.79020690918 487.262939453125 490.326461791992 489.436592102051 493.608222961426 496.017547607422 496.447341918945 503.042045593262 508.505859375 516.24829864502 524.840866088867 525.904685974121 528.011375427246 535.235305786133 541.557609558105 544.307563781738 544.751312255859 547.742797851562 550.846298217773 549.769836425781 550.587448120117
501.808227539062 513.075126647949 516.709823608398 521.456642150879 514.384201049805 511.830024719238 512.50146484375 513.96452331543 507.69458770752 502.098426818848 496.677291870117 492.950019836426 493.048179626465 486.911727905273 486.980712890625 487.40983581543 479.154434204102 481.458686828613 481.64476776123 481.270439147949 485.636222839355 487.40975189209 488.917984008789 488.786880493164 489.969818115234 488.308082580566 489.815811157227 489.134010314941 490.810073852539 492.968231201172 500.280342102051 500.445816040039 503.765464782715 505.900650024414 508.839057922363 514.55802154541 517.396965026855 518.027900695801 520.124580383301 524.122337341309 534.026275634766 531.636657714844 531.327781677246 535.998725891113 542.32592010498 546.314506530762 549.963928222656 552.742980957031 555.956756591797 552.222091674805
511.350555419922 512.07218170166 511.549621582031 507.006454467773 508.029754638672 504.885398864746 501.116180419922 502.392951965332 506.336067199707 510.149978637695 499.275749206543 488.816253662109 491.115371704102 490.273132324219 488.710845947266 482.515251159668 480.270225524902 483.302307128906 487.10472869873 488.825119018555 491.076690673828 497.579154968262 494.657745361328 492.693916320801 490.200531005859 491.280471801758 496.213417053223 500.21257019043 510.214416503906 506.878387451172 506.285362243652 506.789855957031 508.47240447998 510.029411315918 513.149551391602 518.202796936035 525.028602600098 531.454139709473 528.185508728027 529.256607055664 532.567276000977 536.182357788086 540.69849395752 543.995384216309 549.583305358887 551.21240234375 551.141708374023 554.286071777344 556.46223449707 555.022491455078
519.050758361816 528.373222351074 514.528434753418 506.236610412598 507.624450683594 512.324661254883 509.191017150879 507.103378295898 498.271324157715 497.122886657715 494.50927734375 499.785133361816 506.950302124023 499.182029724121 494.486228942871 493.322792053223 485.603927612305 488.097694396973 490.828094482422 493.152549743652 493.26725769043 493.381973266602 492.946197509766 493.487411499023 498.845581054688 503.476707458496 506.879669189453 509.844505310059 516.388206481934 516.99422454834 514.4375 516.115562438965 513.410568237305 520.075309753418 530.689514160156 530.948715209961 527.253700256348 531.338714599609 538.154747009277 536.480644226074 538.572532653809 539.735198974609 547.232032775879 549.930465698242 557.51416015625 562.4248046875 556.340042114258 555.572082519531 556.232452392578 558.871948242188
515.331451416016 520.313552856445 519.640647888184 507.174591064453 511.854095458984 519.819534301758 515.990547180176 508.189170837402 515.519195556641 520.271820068359 517.447769165039 504.194923400879 509.532112121582 509.424652099609 493.25895690918 490.248291015625 494.2744140625 492.02555847168 492.176727294922 496.96280670166 496.110488891602 497.255142211914 499.266891479492 496.875907897949 499.524070739746 500.646171569824 502.584434509277 501.515800476074 507.941993713379 508.71883392334 517.258819580078 520.608406066895 527.705879211426 538.199760437012 537.49015045166 544.604049682617 551.921531677246 550.068382263184 545.020057678223 546.07600402832 546.052940368652 548.851402282715 545.460861206055 556.193832397461 562.993087768555 556.56559753418 558.855484008789 563.845993041992 562.362197875977 566.243423461914
521.721649169922 518.163902282715 524.442016601562 518.300079345703 525.082168579102 525.498695373535 529.106750488281 511.424095153809 511.405647277832 512.187965393066 514.040161132812 513.127151489258 510.710830688477 504.791465759277 498.197959899902 495.062728881836 493.165351867676 492.584747314453 497.839027404785 499.337471008301 504.939300537109 501.580184936523 499.983062744141 503.705795288086 504.290069580078 510.77124786377 504.084487915039 506.483383178711 505.203369140625 509.082794189453 518.710525512695 517.677947998047 522.789855957031 529.850845336914 532.184768676758 537.380317687988 537.36190032959 552.337860107422 551.035926818848 546.539260864258 546.607582092285 545.992630004883 543.615356445312 544.149658203125 552.211120605469 560.607406616211 563.917358398438 562.697952270508 559.078872680664 549.09642791748
545.306442260742 533.432571411133 533.618667602539 535.316795349121 549.990310668945 546.754730224609 532.051750183105 523.395484924316 526.436569213867 526.493133544922 511.779159545898 504.651512145996 500.93896484375 497.960395812988 492.426368713379 496.648132324219 496.75016784668 501.354385375977 506.528335571289 508.800506591797 514.811454772949 521.932441711426 519.699005126953 531.941307067871 518.54118347168 508.063415527344 521.487022399902 523.817558288574 519.843406677246 523.599159240723 529.168502807617 534.849586486816 530.238273620605 526.950386047363 533.109153747559 534.168701171875 537.662818908691 537.052124023438 532.563682556152 533.804328918457 533.789611816406 534.914054870605 537.118759155273 538.717018127441 541.123382568359 550.830642700195 548.110893249512 555.115180969238 561.258773803711 558.125091552734
546.529769897461 543.881118774414 538.64079284668 540.092071533203 536.270866394043 536.45344543457 529.855598449707 520.247985839844 514.042030334473 510.022926330566 503.472640991211 508.083190917969 507.095893859863 503.293098449707 505.610359191895 510.93017578125 505.062927246094 515.763046264648 530.511375427246 528.97159576416 530.16478729248 532.21361541748 522.431106567383 518.339805603027 523.066276550293 518.461929321289 512.514541625977 517.935218811035 515.759658813477 515.694381713867 523.292633056641 525.609359741211 530.283706665039 532.988052368164 541.279388427734 544.16796875 546.976379394531 545.718597412109 547.296264648438 539.228202819824 539.092445373535 538.66130065918 541.618232727051 538.637313842773 542.143020629883 545.007034301758 545.998634338379 545.173156738281 548.472274780273 551.654830932617
532.437675476074 534.707572937012 529.751960754395 532.077606201172 531.631530761719 533.047554016113 529.376708984375 526.56079864502 523.935432434082 513.074142456055 522.385551452637 523.741195678711 530.680725097656 533.449119567871 527.435638427734 525.864387512207 512.763557434082 522.601112365723 527.99055480957 529.055313110352 525.995208740234 533.453468322754 523.849884033203 521.799728393555 515.618675231934 513.405670166016 513.703018188477 513.993141174316 515.825225830078 514.681747436523 518.397819519043 523.770820617676 531.225875854492 535.816055297852 532.754890441895 535.227516174316 543.110290527344 547.921081542969 552.290016174316 542.610824584961 537.44514465332 535.841064453125 535.263633728027 536.331893920898 538.930419921875 539.974960327148 541.565147399902 543.832069396973 547.794723510742 547.630081176758
533.32145690918 541.789138793945 545.540740966797 539.304832458496 544.41544342041 549.389205932617 558.515823364258 558.244445800781 538.848335266113 529.655113220215 535.685531616211 548.047744750977 553.315246582031 539.453643798828 535.16870880127 535.264427185059 538.636283874512 532.526725769043 532.584609985352 529.216003417969 524.365493774414 519.850547790527 524.572120666504 521.576988220215 513.48690032959 509.015769958496 512.709281921387 516.14966583252 517.239921569824 516.097496032715 515.019470214844 517.389320373535 517.628425598145 521.655784606934 525.097541809082 530.006439208984 529.342269897461 533.884750366211 533.708404541016 530.19751739502 532.527976989746 536.728958129883 538.877113342285 541.059120178223 545.027618408203 547.213256835938 554.640335083008 555.852073669434 557.567443847656 557.842590332031
537.960021972656 538.674705505371 546.545394897461 554.926055908203 552.520278930664 549.269355773926 547.697555541992 552.507225036621 558.505157470703 566.439865112305 559.897735595703 542.245193481445 545.086822509766 560.159255981445 562.575241088867 555.337944030762 546.172592163086 537.59375 537.97550201416 539.112258911133 533.17253112793 526.238082885742 519.865097045898 514.460418701172 517.669105529785 527.876029968262 529.281890869141 533.325500488281 536.559471130371 531.102935791016 533.237983703613 529.818740844727 530.897026062012 533.05167388916 526.916946411133 528.143859863281 530.859916687012 530.851470947266 535.10326385498 540.550903320312 542.307685852051 547.026878356934 545.271713256836 545.756866455078 547.898445129395 549.752296447754 551.127670288086 551.052520751953 559.60563659668 560.576889038086
