data/spatiotemp/temp4/bio10_norsw_test_2015_2018.asc
NCOLS 654 
NROWS 380 
XLLCORNER 3.91666666666667 
YLLCORNER 55.3333333333333 
CELLSIZE 0.0416666666666667 
NODATA_value -9999 
[rows 220 to 241 of 380, columns 550 to 599 of 654]
15.1220607757568 15.2479040622711 15.3350806236267 15.3615911006927 15.4134337902069 15.5019450187683 15.5397889614105 15.5302987098694 15.3774752616882 15.2553193569183 15.2619862556458 15.3594770431519 15.4423007965088 15.377124786377 15.2372832298279 15.288106918335 15.2642638683319 15.2097549438477 15.1852457523346 15.2007367610931 15.2002267837524 15.2023849487305 15.2517509460449 15.2996592521667 15.3049008846283 15.3228101730347 15.436717748642 15.5659604072571 15.6338686943054 15.539110660553 15.4996857643127 15.543594121933 15.5361697673798 15.5827453136444 15.5837707519531 15.528580904007 15.602724313736 15.7088670730591 15.75834441185 15.7304873466492 15.7986309528351 15.9081077575684 15.9802510738373 16.0810604095459 16.1098704338074 16.0853474140167 16.0592465400696 15.9922351837158 15.9632232189178 16.0015454292297
15.3258545398712 15.3010101318359 15.3514993190765 15.4033219814301 15.4151434898376 15.4182996749878 15.4481222629547 15.4346115589142 15.3211002349854 15.2609221935272 15.2148659229279 15.2509307861328 15.2843289375305 15.2783939838409 15.2657923698425 15.2798566818237 15.2779214382172 15.2399864196777 15.2580518722534 15.2761161327362 15.2621810436249 15.2489125728607 15.2690207958221 15.3525056838989 15.4499907493591 15.5074751377106 15.5269603729248 15.5537786483765 15.5532636642456 15.5987486839294 15.5742337703705 15.505717754364 15.5172035694122 15.5846879482269 15.612532377243 15.5987350940704 15.574271440506 15.587141752243 15.5780110359192 15.642215013504 15.6264173984528 15.7059543132782 15.8701567649841 15.9296939373016 16.0732300281525 16.0980999469757 16.1601104736328 16.1505937576294 16.1137442588806 16.0822284221649
15.4669816493988 15.3967826366425 15.3665840625763 15.4197189807892 15.3381867408752 15.2373206615448 15.2297885417938 15.2255897521973 15.2947239875793 15.2905249595642 15.2037451267242 15.1823847293854 15.1923565864563 15.1889953613281 15.1989676952362 15.220273733139 15.2629127502441 15.2702181339264 15.2815244197845 15.2988293170929 15.2968015670776 15.331440448761 15.3916230201721 15.4993512630463 15.574413061142 15.6201407909393 15.5572025775909 15.4929301738739 15.5039916038513 15.568386554718 15.6107807159424 15.5865087509155 15.592236995697 15.5686311721802 15.6399602890015 15.6735565662384 15.651819229126 15.6274151802063 15.6470119953156 15.6319417953491 15.6768712997437 15.6984674930573 15.7773969173431 15.9109930992126 15.9565892219543 16.0075190067291 16.1003062725067 16.2156188488007 16.2495977878571 16.2375771999359
15.4401097297668 15.4572224617004 15.4110021591187 15.360782623291 15.29922914505 15.1910090446472 15.213455915451 15.1972358226776 15.2510159015656 15.2854619026184 15.218624830246 15.1845049858093 15.2750515937805 15.3069305419922 15.2601435184479 15.2966899871826 15.3692362308502 15.3864488601685 15.3796622753143 15.3702082633972 15.3627548217773 15.3373007774353 15.3528933525085 15.4015307426453 15.4708354473114 15.5601396560669 15.5714437961578 15.5460817813873 15.5353856086731 15.5406906604767 15.5673286914825 15.6546323299408 15.7086036205292 15.7125742435455 15.7593882083893 15.7617111206055 15.7387003898621 15.7490229606628 15.766012430191 15.831668138504 15.9006576538086 15.9156472682953 15.8639702796936 15.8796257972717 15.8852818012238 15.8669378757477 15.9951701164246 16.0506448745728 16.2021191120148 16.2535934448242
15.4405705928802 15.4123291969299 15.3127541542053 15.2965128421783 15.2729384899139 15.1940307617188 15.1557896137238 15.1888811588287 15.2086400985718 15.2637321949005 15.2548387050629 15.2319586277008 15.2777454853058 15.3375327587128 15.3899862766266 15.4377737045288 15.5408935546875 15.5046811103821 15.5058012008667 15.5642554759979 15.5087087154388 15.4411625862122 15.397495508194 15.4203763008118 15.4959244728088 15.5608053207397 15.5556862354279 15.6105666160583 15.6047806739807 15.6023278236389 15.6245424747467 15.5994236469269 15.6423041820526 15.6558513641357 15.7381496429443 15.7565314769745 15.7929141521454 15.874630689621 15.9376792907715 15.947395324707 15.9617772102356 16.0288271903992 16.0432102680206 16.0935921669006 16.0953080654144 16.0810239315033 16.1827003955841 16.2203369140625 16.2319729328156 16.2536098957062
15.3203644752502 15.4107685089111 15.3191730976105 15.3315770626068 15.3819811344147 15.3483848571777 15.3047895431519 15.2418601512909 15.2049312591553 15.24800157547 15.2270512580872 15.2254121303558 15.2677731513977 15.3814680576324 15.4898290634155 15.521523475647 15.5705513954163 15.5735790729523 15.6106071472168 15.6276347637177 15.6279964447021 15.5950236320496 15.6354327201843 15.6532230377197 15.617680311203 15.6148042678833 15.6812613010406 15.7377185821533 15.7535090446472 15.6432988643646 15.6990892887115 15.652880191803 15.6826705932617 15.7771277427673 15.8615775108337 15.8293533325195 15.8111283779144 15.9482381343842 16.0120129585266 15.9944560527802 16.0588984489441 16.1220073699951 16.077782869339 16.0555584430695 16.1646676063538 16.1637761592865 16.1162295341492 16.2340288162231 16.2638275623322 16.2496256828308
15.5276675224304 15.5214040279388 15.4991405010223 15.4768772125244 15.4006140232086 15.421683549881 15.4627532958984 15.3438231945038 15.3088929653168 15.3546295166016 15.4129660129547 15.4092354774475 15.4035050868988 15.4311075210571 15.4427103996277 15.4923136234283 15.5305831432343 15.5888526439667 15.6864550113678 15.5713913440704 15.5363278388977 15.6819303035736 15.7243645191193 15.8096282482147 15.7815599441528 15.670158624649 15.6840898990631 15.7166876792908 15.7152850627899 15.7518835067749 15.7798149585724 15.7964127063751 15.8090109825134 15.872275352478 15.8134248256683 15.8764586448669 15.8701584339142 15.9598581790924 15.938892364502 15.9859263896942 16.0309598445892 16.0579934120178 16.053694486618 16.0440616607666 16.0784285068512 15.9427952766418 16.1432867050171 16.1972348690033 16.2785160541534 16.2497973442078
15.5418131351471 15.5542356967926 15.5559916496277 15.4790804386139 15.516836643219 15.3325917720795 15.3163480758667 15.3881039619446 15.4398591518402 15.5682821273804 15.7285823822021 15.788761138916 15.6289405822754 15.4837856292725 15.5066313743591 15.530143737793 15.547655582428 15.6011679172516 15.6060135364532 15.5455255508423 15.5417048931122 15.5925495624542 15.7602913379669 15.8449275493622 15.8442311286926 15.8982005119324 15.8141705989838 15.8194735050201 15.8234438896179 15.8560798168182 15.8807163238525 15.8833532333374 15.8393232822418 15.8606259822845 15.8990230560303 15.934513092041 15.9180035591125 15.9841599464417 15.9309833049774 15.9864733219147 16.0519640445709 16.0041208267212 16.0829441547394 16.0937678813934 16.0299243927002 15.9287474155426 15.9398686885834 15.9846205711365 16.0993721485138 16.1321241855621
15.522625207901 15.4103999137878 15.3941752910614 15.3666167259216 15.4430587291718 15.430166721344 15.4406092166901 15.473717212677 15.5261590480804 15.6006009578705 15.7101991176605 15.736287355423 15.6517088413239 15.5371301174164 15.5178854465485 15.5459733009338 15.5380613803864 15.5661497116089 15.6835718154907 15.6969931125641 15.7664148807526 15.827169418335 15.9102172851562 15.92555975914 15.9982349872589 15.9662435054779 15.8415846824646 15.7715928554535 15.7802686691284 15.7862768173218 15.8469524383545 15.8736271858215 15.8556354045868 15.9069769382477 15.9739544391632 15.9699013233185 15.9665138721466 15.9737944602966 15.9057412147522 15.9196877479553 15.9783005714417 15.9642474651337 15.960193157196 15.9901404380798 15.9887533187866 15.9307000637054 15.9177846908569 15.9020063877106 15.9382283687592 16.0051176548004
15.5854375362396 15.4398984909058 15.3236927986145 15.2994871139526 15.3672811985016 15.3884088993073 15.4195365905762 15.487331867218 15.5444588661194 15.6075866222382 15.7051494121552 15.7951464653015 15.7638111114502 15.6364755630493 15.5964727401733 15.633136510849 15.5838012695312 15.4877984523773 15.5757958889008 15.7204599380493 15.8524577617645 15.9171221256256 15.9508109092712 15.9288585186005 15.9469044208527 15.8969521522522 15.8843324184418 15.8123795986176 15.7857601642609 15.7784733772278 15.7151875495911 15.8492343425751 15.8872811794281 16.0219955444336 16.044887304306 15.9606230258942 15.9123597145081 15.8907618522644 15.9471652507782 15.9582347869873 16.0079712867737 16.0030405521393 15.9634442329407 15.9491794109344 15.8935828208923 15.9206523895264 15.9323668479919 15.8727259635925 15.9217512607574 15.9081103801727
15.5269160270691 15.4273970127106 15.3205435276031 15.2790229320526 15.3948373794556 15.3939845561981 15.4304647445679 15.5429449081421 15.5527589321136 15.581906080246 15.6794328689575 15.7766723632812 15.7459125518799 15.7204868793488 15.6950600147247 15.776967048645 15.7628736495972 15.6927804946899 15.7173533439636 15.7245945930481 15.8678345680237 15.8744082450867 15.8960711956024 15.9421570301056 15.9309084415436 15.8403282165527 15.9710800647736 15.9678325653076 15.882584810257 15.8373370170593 15.8680899143219 15.9695081710815 15.9009275436401 15.9870135784149 15.9618186950684 15.8960115909576 15.8628702163696 15.8763964176178 15.9379227161407 15.9294486045837 15.9583075046539 15.9945003986359 15.9766933917999 15.8855526447296 15.7850785255432 15.7846050262451 15.7822825908661 15.8347780704498 15.8306078910828 15.8237709999084
15.3437283039093 15.2968945503235 15.3553936481476 15.3472266197205 15.3957271575928 15.4428930282593 15.5127260684967 15.5432252883911 15.5750589370728 15.6202247142792 15.69304895401 15.7475321292877 15.7306821346283 15.709165096283 15.7409806251526 15.779464006424 15.8132798671722 15.7964291572571 15.8549122810364 15.8680620193481 15.8538777828217 15.7696943283081 15.7493307590485 15.8054559230804 15.864913225174 15.8870375156403 15.9831612110138 16.0432851314545 15.9194097518921 15.9442002773285 15.9996581077576 16.0217821598053 15.9452395439148 15.9186971187592 15.9287505149841 15.9553999900818 15.943382024765 15.9633641242981 15.9553468227386 15.924663066864 15.9619786739349 16.0086274147034 16.0379436016083 15.8925924301147 15.7865753173828 15.7518904209137 15.7695317268372 15.7621645927429 15.8167972564697 15.8520972728729
15.3785405158997 15.3430590629578 15.3822445869446 15.4380972385406 15.4199492931366 15.4431347846985 15.535653591156 15.4955058097839 15.5600254535675 15.7178764343262 15.8453321456909 15.8343913555145 15.8041167259216 15.8171758651733 15.7895681858063 15.8119599819183 15.8203523159027 15.8314113616943 15.8978040218353 15.9095289707184 15.8612542152405 15.8603134155273 15.8359246253967 15.8380870819092 15.8622500896454 15.946412563324 16.0505757331848 16.0987386703491 16.0162348747253 16.022397518158 16.0918936729431 16.0600566864014 16.0342192649841 16.0137147903442 15.9690155982971 16.0354545116425 15.9252264499664 15.8423316478729 15.8574376106262 15.898542881012 15.8869814872742 15.8654205799103 15.8885262012482 15.8649656772614 15.7467374801636 15.7331762313843 15.6847803592682 15.7062172889709 15.7589867115021 15.7417571544647
15.5973529815674 15.540557384491 15.4977624416351 15.5043003559113 15.550172328949 15.5387101173401 15.6085817813873 15.6057860851288 15.5929915904999 15.6668627262115 15.7462823390961 15.7052507400513 15.7462198734283 15.8205208778381 15.8368217945099 15.8491237163544 15.8454256057739 15.8830604553223 15.9386954307556 15.9616630077362 15.9412977695465 15.9156000614166 15.9151835441589 15.8440525531769 15.8915872573853 15.940455198288 16.045990228653 16.106858253479 16.0330593585968 16.0565946102142 16.0767958164215 16.0696635246277 16.0365316867828 15.9634001255035 15.9219481945038 15.9681761264801 15.9350714683533 15.8786334991455 15.8928625583649 15.9024243354797 15.9053196907043 15.841548204422 15.829110622406 15.7946717739105 15.7442328929901 15.7277953624725 15.6753630638123 15.6742703914642 15.7371771335602 15.7254168987274
15.5968310832977 15.6393887996674 15.6092791557312 15.5725033283234 15.6330606937408 15.658951997757 15.7108421325684 15.6927328109741 15.6139578819275 15.6518487930298 15.7172329425812 15.693443775177 15.6796541213989 15.7471985816956 15.7574095726013 15.7789542675018 15.8271646499634 15.877375125885 15.9549200534821 15.9497973918915 15.9566740989685 15.9642186164856 15.9917778968811 15.9753513336182 15.9589240550995 15.9804975986481 16.0320711135864 16.0496442317963 15.9858839511871 16.0854573249817 16.1090307235718 16.1126036643982 16.1068441867828 15.9784166812897 16.0122129917145 15.988231420517 15.9549155235291 15.9256010055542 15.9069528579712 15.8643045425415 15.8356559276581 15.8070085048676 15.8230261802673 15.7550437450409 15.7137296199799 15.7404148578644 15.7372794151306 15.7543227672577 15.7780334949493 15.8010768890381
15.5916430950165 15.6155536174774 15.5947966575623 15.6307060718536 15.7079501152039 15.6745269298553 15.6817705631256 15.7290132045746 15.6709241867065 15.6508347988129 15.7335157394409 15.7863030433655 15.7897570133209 15.7792100906372 15.7339968681335 15.7601170539856 15.775571346283 15.7723574638367 15.8571443557739 15.9232647418976 15.9560513496399 15.9935047626495 16.0310368537903 16.0293159484863 16.0515954494476 16.0552067756653 16.0434851646423 16.0477640628815 16.0547089576721 16.0823209285736 16.1139323711395 16.101544380188 16.0731570720673 16.0514342784882 16.0584781169891 16.0196192264557 16.0134274959564 16.0125689506531 15.9917099475861 15.9735181331635 15.9319934844971 15.9251348972321 15.8662762641907 15.8834171295166 15.8858921527863 15.827700138092 15.8125281333923 15.8097083568573 15.8228893280029 15.8140699863434
15.5757882595062 15.6063842773438 15.546980381012 15.5915768146515 15.6935060024261 15.6694357395172 15.6406986713409 15.7506279945374 15.7792239189148 15.7098202705383 15.7244658470154 15.7744956016541 15.7218589782715 15.7705540657043 15.7825841903687 15.7506141662598 15.7719767093658 15.7866730690002 15.8533687591553 15.918065071106 15.983428478241 15.9627916812897 15.9602980613708 16.0092813968658 16.0555987358093 16.0579159259796 16.0295662879944 16.0178830623627 16.0515334606171 16.0765175819397 16.0661683082581 16.0151517391205 15.9581356048584 16.0191197395325 16.0280776023865 16.0716753005981 16.0932722091675 16.0882036685944 16.0818011760712 16.0380654335022 16.0403308868408 15.9759278297424 15.899525642395 15.8864569664001 15.9700548648834 15.9669854640961 15.9497773647308 15.8870944976807 15.9297459125519 15.9483964443207
15.591933965683 15.5998821258545 15.5591647624969 15.5597803592682 15.6883957386017 15.7630107402802 15.7709596157074 15.7935745716095 15.8461902141571 15.7281394004822 15.708749294281 15.744021654129 15.7886266708374 15.8258988857269 15.8998377323151 15.9204442501068 15.864382982254 15.7996551990509 15.9229271411896 15.9455327987671 15.8861379623413 15.8567442893982 15.8468909263611 15.8865804672241 15.9522688388824 15.9566245079041 15.9369802474976 15.9206693172455 15.9450259208679 16.0787143707275 16.0570697784424 16.0107598304749 16.0451149940491 16.0788035392761 16.067008972168 16.0883958339691 16.0944504737854 16.065838098526 16.0752258300781 16.0959458351135 16.0493342876434 16.0207211971283 15.9541094303131 15.8868300914764 15.9755508899689 15.9982709884644 15.9563591480255 15.9878137111664 16.0886018276215 16.0280563831329
15.6286633014679 15.6022403240204 15.5704846382141 15.6400618553162 15.6943056583405 15.7492167949677 15.8407940864563 15.795704126358 15.7606148719788 15.7761924266815 15.808655500412 15.832004070282 15.8326854705811 15.8120338916779 15.859382390976 15.856064081192 15.8394124507904 15.9027609825134 15.9601094722748 15.9381246566772 15.7988064289093 15.7228219509125 15.7489595413208 15.7778875827789 15.7921488285065 15.8550753593445 15.9233376979828 15.9762651920319 16.0311932563782 16.0301218032837 16.0557155609131 16.0059764385223 15.9869046211243 16.0998320579529 16.0959515571594 16.0805957317352 16.0939054489136 16.0945491790771 16.1091930866241 16.105170249939 16.0118141174316 15.91712474823 15.9744343757629 16.0370781421661 16.0597221851349 16.0603656768799 16.1024160385132 16.1012055873871 16.1299955844879 16.1161184310913
15.7199757099152 15.6874585151672 15.6656064987183 15.7037553787231 15.7125706672668 15.7507197856903 15.7982013225555 15.7816834449768 15.6811652183533 15.6913146972656 15.758184671402 15.7917759418488 15.7947001457214 15.7669587135315 15.7852172851562 15.7294747829437 15.7157335281372 15.749990940094 15.756249666214 15.7618405818939 15.7820987701416 15.7863569259644 15.8205034732819 15.829870223999 15.8532371520996 15.922602891922 15.955304145813 15.9646711349487 16.020703792572 16.0727379322052 16.0241050720215 15.9721381664276 15.9281721115112 16.0088725090027 16.0742385387421 16.0689384937286 16.086971282959 16.114337682724 16.1217036247253 16.1244037151337 16.0857706069946 16.0284695625305 15.9985020160675 15.9738683700562 15.9579017162323 16.0246012210846 16.1132788658142 16.1066033840179 16.0712599754333 15.9565832614899
15.8626217842102 15.8573424816132 15.8113956451416 15.7721152305603 15.8041694164276 15.7622222900391 15.7189421653748 15.7583296298981 15.6877157688141 15.6611020565033 15.7163796424866 15.7495472431183 15.7207157611847 15.6972167491913 15.7543845176697 15.7275521755219 15.6840541362762 15.6778886318207 15.669723033905 15.7175574302673 15.7447249889374 15.7145597934723 15.7367129325867 15.7891857624054 15.8589918613434 15.9661309719086 16.0212705135345 16.0637423992157 16.1162145137787 16.112021446228 16.0911612510681 16.0029666423798 15.9514391422272 15.9705786705017 16.0171926021576 16.0872814655304 16.1547040939331 16.0961263179779 16.0822150707245 16.1076376438141 16.0157263278961 15.8951482772827 15.8619039058685 15.9433259963989 16.0200817584991 16.0675039291382 16.1594769954681 16.1206674575806 16.0791912078857 16.0017147064209
15.7472679615021 15.7298924922943 15.6838505268097 15.7091424465179 15.698433637619 15.6670587062836 15.665016412735 15.6723084449768 15.64426612854 15.6455571651459 15.6585755348206 15.6593191623688 15.6387305259705 15.650808095932 15.6708858013153 15.6749639511108 15.687707901001 15.7037851810455 15.7351961135864 15.7852735519409 15.7946848869324 15.7794284820557 15.7715904712677 15.7825009822845 15.8214135169983 15.8843245506287 15.9312365055084 15.9494822025299 15.9863934516907 16.0946378707886 16.1068835258484 16.1137952804565 16.1313741207123 16.1636185646057 16.1814799308777 16.1722915172577 16.0084362030029 15.8899137973785 15.8780596256256 15.9722037315369 16.0530159473419 16.0238270759583 15.9279720783234 15.9667835235596 16.0249285697937 16.0890729427338 16.1156737804413 16.1620652675629 16.2397887706757 16.1808459758759
