data/spatiotemp/temp4/bio13_norsw_test_2015_2018.asc
NCOLS 654 
NROWS 380 
XLLCORNER 3.91666666666667 
YLLCORNER 55.3333333333333 
CELLSIZE 0.0416666666666667 
NODATA_value -9999 
[rows 0 to 21 of 380, columns 500 to 549 of 654]
-9999 -9999 -9999 -9999 -9999 -9999 -9999 -9999 -9999 -9999 -9999 -9999 -9999 -9999 107.140174865723 107.191699981689 -9999 -9999 107.346279144287 108.298021316528 109.251565933228 109.304893493652 108.484031677246 108.989084243774 107.389495849609 104.957530975342 -9999 -9999 -9999 103.223644256592 100.324035644531 -9999 -9999 -9999 -9999 -9999 -9999 -9999 -9999 -9999 -9999 -9999 -9999 -9999 -9999 -9999 -9999 -9999 -9999 -9999
111.116031646729 110.117784500122 -9999 -9999 -9999 -9999 -9999 -9999 -9999 -9999 -9999 -9999 109.49981880188 108.227508544922 107.829252243042 108.776655197144 108.827241897583 109.327548980713 109.828731536865 108.979015350342 109.0553855896 109.10668182373 108.29990196228 107.021398544312 105.405693054199 106.049900054932 105.35916519165 105.596008300781 105.355560302734 104.247583389282 101.762363433838 -9999 -9999 -9999 -9999 -9999 -9999 -9999 -9999 -9999 -9999 -9999 -9999 -9999 -9999 -9999 -9999 -9999 -9999 -9999
109.375658035278 108.356184005737 -9999 -9999 108.476308822632 107.015007019043 -9999 -9999 -9999 -9999 -9999 -9999 109.319860458374 109.817113876343 109.86626625061 109.915420532227 109.514776229858 110.01372718811 110.062883377075 109.684543609619 110.185461044312 108.497980117798 107.189977645874 106.811325073242 106.515375137329 105.353563308716 105.117542266846 102.65397644043 100.612396240234 99.9101409912109 -9999 -9999 -9999 100.195371627808 99.4578151702881 94.2499752044678 -9999 -9999 -9999 -9999 -9999 -9999 -9999 -9999 -9999 -9999 -9999 -9999 -9999 -9999
111.631992340088 -9999 -9999 -9999 109.869113922119 109.317867279053 107.02467918396 -9999 -9999 -9999 -9999 -9999 109.567300796509 109.613737106323 110.109661102295 110.156505584717 109.753028869629 108.512475967407 109.416145324707 109.056161880493 108.221473693848 108.267810821533 107.432697296143 107.524513244629 106.744194030762 106.038063049316 104.444341659546 102.389692306519 101.650201797485 99.6078243255615 99.294376373291 100.355325698853 100.091047286987 99.3385963439941 97.2516803741455 94.6969261169434 -9999 -9999 -9999 -9999 -9999 -9999 -9999 -9999 -9999 -9999 -9999 -9999 -9999 -9999
106.7896900177 -9999 -9999 -9999 -9999 107.286182403564 106.757846832275 -9999 -9999 -9999 -9999 -9999 -9999 109.019758224487 107.731069564819 107.774736404419 108.701503753662 108.313302993774 108.809000015259 108.853466033936 108.49040222168 106.745244979858 105.882102966309 104.632465362549 105.629848480225 104.880849838257 104.175758361816 102.556499481201 101.366540908813 101.063014984131 99.8417015075684 100.428651809692 97.9230709075928 -9999 -9999 -9999 -9999 -9999 -9999 -9999 -9999 -9999 -9999 -9999 -9999 -9999 83.5247821807861 -9999 -9999 -9999
108.591297149658 107.635772705078 105.378314971924 106.216014862061 106.562223434448 107.845502853394 105.591133117676 104.185461044312 105.024351119995 -9999 -9999 -9999 104.837738037109 107.520042419434 108.418767929077 108.053421020508 107.209411621094 108.136602401733 107.292362213135 107.786354064941 106.469507217407 106.510210037231 106.57498550415 105.298349380493 -9999 -9999 100.350975036621 -9999 -9999 -9999 -9999 -9999 -9999 -9999 -9999 -9999 -9999 -9999 -9999 -9999 -9999 90.5817279815674 90.6032104492188 90.1609020233154 90.6461715698242 88.4260311126709 85.3024654388428 85.3486137390137 -9999 -9999
109.049331665039 109.010314941406 108.971302032471 107.182518005371 105.841468811035 104.010248184204 104.826578140259 105.687166213989 106.099042892456 105.162223815918 104.717649459839 102.484210968018 -9999 -9999 -9999 106.948637008667 107.031366348267 107.070402145386 106.204196929932 106.26007270813 106.752380371094 105.040390014648 104.170793533325 103.754196166992 102.524122238159 101.277015686035 98.7255535125732 98.4104385375977 -9999 -9999 -9999 -9999 -9999 -9999 -9999 -9999 -9999 -9999 -9999 93.24387550354 90.0972919464111 90.5817279815674 91.0667209625244 91.5522689819336 89.7974433898926 87.5774517059326 85.3560810089111 83.1333236694336 -9999 -9999
107.307842254639 108.185722351074 106.372932434082 105.501438140869 104.137971878052 104.120281219482 104.551998138428 105.433874130249 106.309951782227 105.39995765686 104.932601928711 103.606412887573 101.823040008545 102.748106002808 103.64289855957 103.678260803223 104.604219436646 105.04850769043 106.443487167358 105.633613586426 105.67042350769 104.798824310303 104.380344390869 102.66001701355 101.826862335205 100.149507522583 98.9258041381836 97.7003650665283 -9999 -9999 -9999 -9999 -9999 -9999 -9999 -9999 -9999 91.37477684021 92.7829895019531 92.3658180236816 91.4861545562744 91.9714241027832 90.2177028656006 87.9993667602539 86.2437191009521 84.0229053497314 81.8007106781006 85.8934268951416 84.1208114624023 -9999
106.014005661011 106.463924407959 105.118885040283 104.715814590454 105.166833877563 105.618436813354 105.171167373657 104.277891159058 104.73097038269 104.283424377441 103.835287094116 102.075794219971 102.952966690063 102.986274719238 103.880781173706 104.807626724243 104.8415184021 104.875421524048 104.060022354126 104.094026565552 104.128030776978 103.268552780151 102.437158584595 102.015214920044 99.3646602630615 98.6062850952148 -9999 -9999 -9999 -9999 -9999 -9999 -9999 -9999 -9999 92.2369041442871 93.178991317749 90.4958038330078 90.5693359375 90.151985168457 90.6368465423584 88.420166015625 86.6656227111816 86.2229156494141 85.8328742980957 84.9515991210938 82.7299613952637 80.5069389343262 -9999 -9999
104.271898269653 105.189502716064 105.659797668457 104.783172607422 104.84889793396 103.973327636719 103.545913696289 104.465244293213 104.036420822144 103.60692024231 102.28084564209 103.1976146698 102.780467987061 103.264499664307 103.296447753906 102.875297546387 103.316892623901 103.348661422729 103.380424499512 102.957748413086 103.88503074646 103.020608901978 104.418163299561 102.201084136963 -9999 95.2176761627197 97.0569267272949 -9999 -9999 -9999 -9999 -9999 -9999 89.4329586029053 91.2986621856689 93.1671867370605 92.7909336090088 92.3735027313232 90.4219741821289 90.9046573638916 91.2066688537598 91.5033550262451 92.5250415802002 90.8072490692139 90.3808898925781 84.6197071075439 79.5856018066406 80.0958442687988 -9999 -9999
104.296613693237 102.573596954346 103.499383926392 103.977674484253 104.007398605347 102.689142227173 102.718793869019 102.74845123291 102.778108596802 102.356719970703 101.934623718262 101.963571548462 101.994277954102 102.026750564575 101.162525177002 101.185470581055 101.173696517944 101.205307006836 101.236917495728 102.165616989136 101.742506027222 104.465602874756 103.189081192017 -9999 -9999 -9999 91.7910480499268 -9999 -9999 -9999 89.3078784942627 89.3415870666504 88.9651508331299 91.280122756958 92.8196582794189 94.6202239990234 95.4859886169434 95.4021282196045 95.973388671875 96.002893447876 92.3601703643799 88.6309089660645 86.3396511077881 90.1498241424561 89.3008937835693 80.0402660369873 81.836799621582 -9999 -9999 -9999
103.848031997681 102.9736328125 102.550788879395 101.272077560425 101.29701423645 100.872728347778 100.447772979736 100.921924591064 100.499370574951 100.524600982666 100.549831390381 99.7157382965088 100.197490692139 99.7818222045898 100.706447601318 100.698118209839 100.733352661133 99.4182720184326 98.1022453308105 -9999 -9999 -9999 -9999 -9999 94.3369083404541 95.2658672332764 93.9885292053223 91.3550987243652 -9999 -9999 89.28537940979 90.2329387664795 91.6544284820557 91.7447681427002 92.9481372833252 92.3574123382568 91.3806915283203 89.8577995300293 86.029447555542 88.0257205963135 88.0880699157715 86.7101421356201 83.9088516235352 79.8898468017578 76.7951030731201 -9999 -9999 -9999 -9999 -9999
98.0654926300049 98.0845699310303 98.5515193939209 99.0190925598145 98.1402969360352 98.6091194152832 99.0785694122314 99.0992088317871 98.6701011657715 98.6904315948486 98.3038730621338 98.3238410949707 98.3533821105957 99.2825107574463 98.4177055358887 99.3082656860352 -9999 -9999 -9999 -9999 -9999 -9999 -9999 -9999 -9999 -9999 -9999 -9999 -9999 89.2039165496826 89.6881904602051 89.4117336273193 88.8748226165771 88.9338932037354 85.8005981445312 84.5172958374023 83.8021488189697 85.1470909118652 86.7574691772461 87.2015743255615 85.3839683532715 84.0055675506592 82.8065814971924 78.4455242156982 78.8923206329346 76.6932830810547 -9999 -9999 -9999 -9999
96.7246875762939 97.6338291168213 98.0966129302979 98.5599765777588 97.2292766571045 96.3922634124756 96.8123340606689 95.9304733276367 96.4380664825439 96.4533348083496 96.4686050415039 96.0337257385254 96.958028793335 95.6525611877441 97.9258785247803 -9999 -9999 -9999 -9999 -9999 -9999 -9999 -9999 -9999 -9999 -9999 -9999 -9999 86.436918258667 86.9149932861328 85.6292018890381 85.6507472991943 87.0634746551514 86.1856365203857 85.9223022460938 85.9237689971924 86.279260635376 87.6204566955566 86.1645889282227 88.3078727722168 89.0313529968262 88.1111297607422 87.6302661895752 85.6097564697266 79.1709098815918 -9999 -9999 -9999 -9999 -9999
95.8313026428223 94.4956645965576 94.1033115386963 94.5612182617188 93.6735897064209 93.6846599578857 93.695728302002 93.2582702636719 93.7178707122803 93.7289352416992 91.9450149536133 92.4430904388428 -9999 -9999 -9999 -9999 -9999 -9999 -9999 -9999 -9999 -9999 -9999 -9999 -9999 86.7785987854004 86.7961750030518 86.8618907928467 86.8798446655273 85.591236114502 86.0518074035645 84.9723720550537 87.055814743042 88.6963577270508 88.8467445373535 86.9653072357178 88.8397006988525 90.7847023010254 91.8101005554199 91.0530853271484 89.6446800231934 87.2071781158447 84.5663890838623 82.0067901611328 76.8303623199463 74.1928520202637 -9999 -9999 -9999 -9999
94.0383796691895 93.1964721679688 91.8572368621826 91.4168510437012 91.4233074188232 90.531831741333 89.6872882843018 89.2455463409424 89.2514247894287 91.1532974243164 91.573371887207 89.7189636230469 -9999 -9999 -9999 -9999 -9999 -9999 -9999 -9999 -9999 -9999 -9999 86.6863746643066 85.8159618377686 87.6755790710449 85.5027179718018 86.3168087005615 86.3080539703369 87.1984558105469 89.2771263122559 88.6724033355713 91.8529644012451 91.3374671936035 89.5310764312744 90.7643127441406 92.2548637390137 91.2575721740723 90.4572219848633 88.4701194763184 87.5715198516846 85.4062080383301 80.14892578125 76.691722869873 74.5951023101807 -9999 -9999 -9999 -9999 -9999
92.3099269866943 90.9986877441406 91.3472366333008 90.9366283416748 89.5604381561279 88.7716674804688 87.4294776916504 87.0292434692383 87.4351272583008 87.8860359191895 87.8890914916992 85.6956558227539 86.6160526275635 90.2018146514893 90.2500305175781 -9999 -9999 -9999 -9999 -9999 -9999 85.6955242156982 85.2892799377441 86.410623550415 86.4099884033203 87.218620300293 86.3051853179932 85.7592887878418 83.5794715881348 85.6528720855713 87.3816184997559 90.4705066680908 90.4157772064209 89.4271392822266 89.939208984375 91.8057384490967 92.1212673187256 90.8406658172607 88.7563323974609 85.9356880187988 82.7345066070557 80.0942935943604 77.5363636016846 75.4388866424561 -9999 -9999 -9999 -9999 74.3434715270996 75.962459564209
93.0615005493164 92.1274032592773 91.2669925689697 89.9549617767334 89.4751319885254 88.5438861846924 88.5107879638672 88.8550987243652 88.4445896148682 87.5874614715576 85.1711921691895 84.3197345733643 -9999 -9999 -9999 -9999 -9999 -9999 -9999 83.3438949584961 83.6635723114014 84.5760192871094 85.7823181152344 86.6181411743164 84.0704669952393 85.4045124053955 85.6753730773926 84.8340263366699 84.3600158691406 87.2476615905762 86.2494373321533 86.0028266906738 87.9764156341553 87.8282299041748 87.3085994720459 87.9699993133545 86.3784618377686 84.8361740112305 83.9380836486816 83.044713973999 83.8343696594238 80.3763771057129 75.3048877716064 73.8524227142334 74.2195806503296 74.4747371673584 74.8083209991455 76.2961845397949 77.4258689880371 78.3439331054688
90.8149108886719 89.8786277770996 89.8420028686523 89.8053760528564 88.8706798553467 88.00950050354 87.1489505767822 85.3921585083008 84.1561813354492 83.7455291748047 82.3690013885498 82.3356533050537 80.9839630126953 -9999 -9999 -9999 -9999 81.8827819824219 81.8979759216309 82.7354984283447 83.5728721618652 84.7803974151611 84.4250545501709 83.0872936248779 85.1727867126465 85.9689559936523 83.3226737976074 80.7563095092773 82.4520568847656 84.1468200683594 83.1645450592041 82.2823257446289 85.7892665863037 85.7602977752686 84.98561668396 83.4281520843506 82.6689949035645 82.2966613769531 81.7615661621094 80.137321472168 79.0703105926514 77.3286743164062 74.3320465087891 78.0878810882568 75.588794708252 77.0762424468994 78.925012588501 80.7710514068604 79.9423580169678 81.0726013183594
89.3955192565918 89.3560276031494 89.3165397644043 87.9987831115723 87.9602222442627 86.1993103027344 82.7911148071289 81.9307346343994 81.5174999237061 81.4820499420166 -9999 -9999 -9999 -9999 -9999 80.0356750488281 80.4248561859131 81.2625408172607 82.6261100769043 83.0931358337402 84.7506275177002 82.1465530395508 82.6920986175537 83.0777912139893 82.5393562316895 81.6095504760742 81.5801200866699 81.550687789917 82.50172996521 81.8994255065918 81.4686832427979 82.331563949585 81.403528213501 82.9507293701172 84.8232288360596 83.7442684173584 82.965404510498 83.3306446075439 82.1639595031738 79.841136932373 76.0097751617432 74.459171295166 77.0987091064453 78.9492034912109 77.3992805480957 75.8507118225098 77.3342952728271 79.532657623291 78.7883243560791 78.7650909423828
89.321231842041 89.2790126800537 87.8929119110107 86.127269744873 85.7065849304199 83.5648918151855 82.2558002471924 80.9421920776367 80.9041614532471 80.4892330169678 78.7337455749512 -9999 79.063045501709 78.1850490570068 -9999 79.4891815185547 79.9547729492188 80.8697395324707 81.3361186981201 81.2770004272461 79.8670883178711 80.7470016479492 82.7733783721924 84.3239879608154 83.9157886505127 83.5004253387451 81.7775688171387 82.5372486114502 83.945291519165 88.0015258789062 84.9327049255371 80.9129600524902 79.6631240844727 78.3988399505615 79.5286712646484 81.4065017700195 81.3704814910889 80.9647998809814 77.9882144927979 79.3743515014648 81.2165260314941 77.7866992950439 78.9034900665283 78.8772983551025 79.5631732940674 79.5273838043213 77.9775943756104 79.0937385559082 80.576868057251 80.5522880554199
87.5208301544189 87.0952587127686 85.7081890106201 84.8396987915039 83.8990135192871 80.9312038421631 80.0667095184326 80.0265884399414 79.6088714599609 78.7466354370117 -9999 -9999 79.336217880249 79.8748950958252 77.2808265686035 77.6726951599121 78.7455005645752 78.7315731048584 80.7151050567627 83.2737922668457 86.0276374816895 88.3336734771729 91.9314842224121 95.6005268096924 93.2978572845459 88.3370151519775 84.6116752624512 83.0661678314209 82.6558399200439 86.0515556335449 88.5093517303467 84.4857425689697 82.5666732788086 81.3847923278809 79.8396301269531 79.8158016204834 79.7854118347168 79.7484607696533 82.7482414245605 84.5870361328125 83.3973407745361 83.3574409484863 83.3175468444824 83.6426410675049 83.2377490997314 82.8342914581299 80.9285106658936 80.0942878723145 81.2118358612061 81.1858940124512
