data/spatiotemp/temp4/bio14_norsw_test_2015_2018.asc
NCOLS 654 
NROWS 380 
XLLCORNER 3.91666666666667 
YLLCORNER 55.3333333333333 
CELLSIZE 0.0416666666666667 
NODATA_value -9999 
[rows 44 to 65 of 380, columns 250 to 299 of 654]
-9999 -9999 -9999 -9999 -9999 -9999 -9999 -9999 -9999 -9999 -9999 -9999 -9999 -9999 -9999 -9999 -9999 -9999 -9999 -9999 -9999 -9999 -9999 -9999 -9999 -9999 -9999 -9999 -9999 -9999 -9999 -9999 -9999 -9999 -9999 -9999 -9999 -9999 -9999 25.7507405281067 25.6823117733002 25.6096608638763 25.168301820755 24.8400011062622 -9999 -9999 -9999 -9999 -9999 -9999
-9999 -9999 -9999 -9999 -9999 -9999 -9999 -9999 -9999 -9999 -9999 -9999 -9999 -9999 -9999 -9999 -9999 -9999 -9999 -9999 -9999 -9999 -9999 -9999 -9999 -9999 -9999 -9999 -9999 -9999 -9999 -9999 -9999 -9999 -9999 -9999 -9999 27.6697492599487 27.3438053131104 28.4335446357727 27.5330429077148 26.6358373165131 26.1779568195343 25.8327343463898 25.1877360343933 -9999 -9999 -9999 -9999 -9999
-9999 -9999 -9999 -9999 -9999 -9999 -9999 -9999 -9999 -9999 -9999 -9999 -9999 -9999 -9999 -9999 -9999 -9999 -9999 -9999 -9999 -9999 -9999 -9999 -9999 -9999 -9999 -9999 -9999 -9999 -9999 -9999 -9999 -9999 -9999 -9999 28.1356520652771 29.2059640884399 28.9357583522797 29.4223713874817 28.1776819229126 26.9376165866852 26.0492815971375 -9999 -9999 -9999 -9999 -9999 -9999 -9999
-9999 -9999 -9999 -9999 -9999 -9999 -9999 -9999 -9999 -9999 -9999 -9999 -9999 -9999 -9999 -9999 -9999 -9999 -9999 -9999 -9999 -9999 -9999 -9999 -9999 -9999 -9999 -9999 -9999 -9999 -9999 -9999 -9999 -9999 -9999 28.2211530208588 28.407390832901 29.0972232818604 29.4650115966797 28.8514049053192 28.1530220508575 27.2152087688446 26.738721370697 -9999 -9999 -9999 -9999 -9999 -9999 -9999
-9999 -9999 -9999 -9999 -9999 -9999 -9999 -9999 -9999 -9999 -9999 -9999 -9999 -9999 -9999 -9999 -9999 -9999 -9999 -9999 -9999 -9999 -9999 -9999 -9999 -9999 -9999 -9999 -9999 -9999 -9999 28.9211144447327 29.0594666004181 29.0357921123505 29.0748925209045 29.403012752533 29.2647168636322 29.1021461486816 29.123886346817 28.6256790161133 28.0635786056519 27.7040467262268 27.0356044769287 -9999 -9999 -9999 -9999 -9999 -9999 -9999
-9999 -9999 -9999 -9999 -9999 -9999 -9999 -9999 -9999 -9999 -9999 -9999 -9999 -9999 -9999 -9999 -9999 -9999 -9999 -9999 -9999 -9999 -9999 -9999 -9999 -9999 -9999 -9999 -9999 30.9014475345612 30.5716321468353 30.3077766895294 30.2567238807678 30.2750890254974 30.7678289413452 30.6635625362396 30.435955286026 29.5585026741028 29.027293920517 28.3762102127075 27.7512996196747 -9999 -9999 -9999 -9999 -9999 -9999 -9999 -9999 -9999
-9999 -9999 -9999 -9999 -9999 -9999 -9999 -9999 -9999 -9999 -9999 -9999 -9999 -9999 -9999 -9999 -9999 -9999 -9999 -9999 -9999 -9999 -9999 -9999 -9999 -9999 -9999 -9999 31.3406102657318 31.7373733520508 32.2343502044678 32.333996295929 31.728223323822 31.4356684684753 31.7650439739227 31.3036019802094 30.574533700943 29.7911875247955 29.1308517456055 -9999 -9999 -9999 -9999 -9999 -9999 -9999 -9999 -9999 -9999 -9999
-9999 -9999 -9999 -9999 -9999 -9999 -9999 -9999 -9999 -9999 -9999 -9999 -9999 -9999 -9999 -9999 -9999 -9999 33.5903661251068 32.1881885528564 31.3761188983917 -9999 -9999 -9999 -9999 -9999 -9999 30.7507872581482 31.3657371997833 32.5537550449371 33.0106387138367 33.0147910118103 32.2995984554291 32.032265663147 31.3631391525269 31.001645565033 30.5742607116699 -9999 -9999 -9999 -9999 -9999 -9999 -9999 -9999 -9999 -9999 -9999 28.1942758560181 28.1294584274292
-9999 -9999 -9999 -9999 -9999 -9999 -9999 -9999 -9999 -9999 -9999 -9999 -9999 -9999 34.8690385818481 -9999 35.3327207565308 35.2865037918091 34.6337006092072 32.6691229343414 31.7508158683777 -9999 -9999 -9999 -9999 -9999 31.7315075397491 32.841477394104 32.7913608551025 32.180641412735 31.5199379920959 31.8499891757965 31.6287567615509 31.3790817260742 -9999 -9999 31.811537027359 31.1939678192139 -9999 -9999 -9999 -9999 -9999 -9999 -9999 29.4922137260437 30.38205909729 31.1605656147003 31.4946224689484 30.6904888153076
-9999 -9999 -9999 -9999 -9999 -9999 -9999 -9999 -9999 -9999 -9999 -9999 36.323860168457 36.4710121154785 36.1165075302124 34.6381869316101 35.8833656311035 35.5344762802124 34.2432873249054 33.2330031394958 32.3291141986847 31.2979292869568 31.0551447868347 30.7384881973267 -9999 -9999 33.2595634460449 34.3604602813721 33.7275304794312 32.2252054214478 31.6657619476318 32.4864764213562 32.8724236488342 32.7487337589264 32.7948331832886 33.1863129138947 33.5796222686768 32.8021724224091 -9999 -9999 -9999 -9999 -9999 -9999 -9999 -9999 30.9606838226318 32.1065831184387 31.7596454620361 31.1366143226624
-9999 -9999 -9999 -9999 -9999 -9999 -9999 -9999 -9999 -9999 -9999 -9999 37.5069174766541 37.8789734840393 37.0400552749634 36.0018610954285 34.6760234832764 34.0067880153656 34.1213641166687 34.0676643848419 32.9934451580048 33.2035675048828 32.1676123142242 31.4204404354095 -9999 -9999 33.576858997345 34.1172616481781 33.2220888137817 32.4656732082367 32.9099242687225 33.7156472206116 33.9263803958893 33.9632143974304 34.1358489990234 34.1071381568909 34.1512188911438 33.8478102684021 32.8896324634552 -9999 -9999 31.0799245834351 -9999 -9999 31.0218331813812 30.9261913299561 30.6584811210632 30.8989713191986 31.1244382858276 31.6003592014313
-9999 -9999 -9999 -9999 -9999 -9999 -9999 -9999 -9999 -9999 37.5229549407959 37.6636300086975 37.054470539093 36.7823452949524 36.9246683120728 36.0775609016418 35.3814191818237 35.4677720069885 35.0264267921448 35.0235965251923 35.6132457256317 35.0017266273499 33.378182888031 33.7017295360565 32.0293874740601 31.2835938930511 -9999 -9999 -9999 33.2224245071411 34.4787681102753 34.6001076698303 34.7984979152679 34.7327311038971 34.708694934845 34.4691228866577 34.5851867198944 34.2608706951141 33.3511121273041 32.2454998493195 32.1027684211731 -9999 31.806738615036 31.7720091342926 31.9383702278137 32.2193727493286 32.2109806537628 31.0187981128693 32.0092632770538 31.8411421775818
-9999 -9999 -9999 -9999 36.0748353004456 36.1920108795166 36.1519131660461 37.2427625656128 37.4763426780701 37.3258666992188 37.8319139480591 37.5373220443726 37.4853076934814 36.5743608474731 36.6900324821472 36.5164041519165 35.5614128112793 36.0599541664124 35.5241045951843 34.6100401878357 34.9473719596863 34.1150755882263 34.7250552177429 34.3477652072906 32.4732298851013 31.9276716709137 -9999 32.6113736629486 32.9698657989502 33.48499751091 34.5874073505402 34.6034557819366 34.6820805072784 35.2165570259094 35.1286776065826 35.3449194431305 35.3481678962708 34.1265027523041 33.1044516563416 -9999 -9999 -9999 32.6803848743439 33.2309467792511 33.2778182029724 33.0144212245941 32.7505180835724 32.2947804927826 32.1983828544617 32.2552728652954
-9999 -9999 35.1477007865906 35.8925724029541 36.87766456604 37.1645669937134 36.3565998077393 37.0731353759766 37.1003413200378 37.3394122123718 37.2216806411743 37.4933657646179 37.0506191253662 36.6547503471375 36.4023771286011 36.082507610321 35.5618491172791 35.1571326255798 35.2718195915222 34.7871534824371 34.6531803607941 34.4484021663666 33.9257452487946 32.6219000816345 -9999 -9999 32.6635584831238 33.4248132705688 34.8335702419281 35.3813750743866 35.559458732605 35.724249124527 35.721827507019 35.5145938396454 35.9194884300232 35.9556636810303 35.648405790329 34.6081314086914 34.7104842662811 33.8088271617889 33.9526460170746 32.3400230407715 32.752632856369 33.674763917923 34.2098166942596 34.0116202831268 33.5660600662231 33.1354455947876 32.8851068019867 32.4207422733307
-9999 -9999 35.6137003898621 36.4057965278625 35.349374294281 35.6572017669678 35.6023349761963 36.0365924835205 36.3563618659973 36.5157961845398 36.4642219543457 36.8605976104736 36.7990612983704 36.4561667442322 35.8827610015869 35.8601961135864 35.1713228225708 33.8942899703979 33.6175761222839 33.540340423584 33.8499133586884 34.2718648910522 34.2983067035675 34.0915596485138 33.6968903541565 32.9599475860596 32.86989402771 33.8000094890594 34.6312298774719 35.1831703186035 35.4726843833923 35.4260275363922 35.6491355895996 35.8620638847351 35.6278686523438 35.3157384395599 35.77126121521 35.0953280925751 35.4949162006378 35.1956508159637 -9999 33.7429554462433 33.7735259532928 33.8184466362 34.143500328064 33.7213535308838 33.9577686786652 33.2132253646851 32.8084845542908 32.7258749008179
-9999 34.1446552276611 34.3417468070984 34.7087740898132 35.1205086708069 35.1440420150757 34.7505307197571 34.3549666404724 34.6866569519043 34.9146246910095 35.2680201530457 35.0810384750366 35.2226672172546 35.330708026886 34.6139779090881 33.8785245418549 33.5739843845367 34.0393903255463 34.3327734470367 33.4050619602203 33.5381724834442 34.083824634552 34.5583772659302 34.4875960350037 33.9314796924591 33.0049188137054 32.7610230445862 34.0898113250732 34.9229607582092 35.1747226715088 35.2682673931122 35.3899922370911 35.2572898864746 35.4311227798462 35.3697183132172 35.3453679084778 35.6283583641052 35.606251001358 36.0038039684296 35.2586514949799 34.7449278831482 34.5326569080353 34.620786190033 34.4199414253235 33.9774825572968 33.5140976905823 33.5664052963257 33.6975531578064 33.1062943935394 32.2307841777802
-9999 32.3256676197052 32.6499483585358 33.1877307891846 34.5247988700867 33.7329983711243 32.8158710002899 32.516637802124 32.9848916530609 33.2695295810699 33.0827624797821 32.977724313736 33.8556334972382 34.0814614295959 34.0933957099915 34.1492714881897 34.4988913536072 34.6648395061493 34.5959050655365 34.3599395751953 33.9507534503937 33.6317086219788 33.4362380504608 33.130179643631 32.8210549354553 -9999 32.573851108551 32.9887330532074 34.352313041687 34.8009676933289 35.1400961875916 35.4754185676575 35.1829035282135 35.4244790077209 35.5245859622955 36.1266229152679 36.1984834671021 36.32293176651 35.4400143623352 33.6086103916168 35.0311739444733 36.2085831165314 34.0341558456421 33.2006781101227 33.1223990917206 33.1578621864319 32.3840851783752 33.4588034152985 33.5171411037445 33.7837307453156
30.9994156360626 31.0281009674072 31.311381816864 31.6795320510864 31.9104025363922 31.8572368621826 31.4831788539886 -9999 30.6460025310516 -9999 31.2761290073395 31.8529801368713 32.4303483963013 33.1773216724396 33.3827033042908 33.2674763202667 33.3644561767578 32.7713031768799 32.7785882949829 32.8160035610199 32.2949583530426 -9999 -9999 33.0397078990936 33.3216185569763 32.9610459804535 33.0801110267639 33.7835493087769 34.286942243576 34.3692986965179 34.5653150081635 34.9223284721375 34.7046666145325 35.0906157493591 35.2099418640137 34.5286748409271 34.1366248130798 34.6593542098999 34.2636408805847 34.0707814693451 34.3991119861603 34.1576292514801 34.2487599849701 34.5603656768799 34.3709044456482 33.6737582683563 33.4919428825378 32.9015958309174 32.0925059318542 31.7604751586914
-9999 -9999 -9999 -9999 -9999 -9999 30.1196229457855 31.1444396972656 31.7566106319427 31.5110437870026 31.6059458255768 32.1003739833832 31.6910088062286 31.6150240898132 31.3737144470215 30.892101764679 30.8055410385132 -9999 -9999 -9999 31.1645524501801 31.8902635574341 32.8068380355835 33.2276475429535 33.6768398284912 34.0014686584473 33.8964736461639 34.0905106067657 34.1750471591949 34.497359752655 34.1995370388031 34.3376679420471 34.7846715450287 34.6123886108398 35.147839307785 35.3554272651672 35.1827037334442 34.6591339111328 34.7974896430969 33.1308417320251 32.5617561340332 35.2391541004181 35.7519776821136 33.6333074569702 34.6089894771576 35.2868840694427 35.2666919231415 34.6706683635712 34.1735820770264 34.0000855922699
-9999 -9999 -9999 -9999 -9999 -9999 -9999 29.24196600914 30.6908762454987 30.7259361743927 31.1906526088715 31.3556694984436 30.9451203346252 31.0479743480682 30.6095333099365 30.1624474525452 -9999 -9999 -9999 -9999 30.2887079715729 31.6568760871887 32.184011220932 32.9173612594604 33.723895072937 34.7081651687622 34.033118724823 34.1795048713684 34.2346606254578 34.7854335308075 34.3185198307037 34.3799908161163 34.4088845252991 34.6147253513336 33.8775253295898 34.637966632843 35.7182693481445 35.5407381057739 34.1487395763397 32.5021352767944 32.6061506271362 34.0042669773102 35.6764876842499 34.9995310306549 34.9013795852661 34.1417846679688 33.0546550750732 32.88596367836 32.7958903312683 33.252888917923
-9999 -9999 -9999 -9999 -9999 -9999 -9999 -9999 -9999 27.906060218811 28.6496040821075 -9999 -9999 -9999 28.1209032535553 28.144148349762 28.3950712680817 28.9430773258209 29.3174760341644 29.9066109657288 30.093798160553 31.3798971176147 31.9312810897827 32.2191154956818 32.8492820262909 33.4538695812225 33.6257395744324 33.5532438755035 33.7838399410248 33.2849774360657 33.4218552112579 33.6778800487518 33.7676858901978 33.6769309043884 34.4085652828217 33.8325464725494 34.8102416992188 34.8457584381104 33.813405752182 33.9455540180206 34.9000995159149 35.9846789836884 35.197705745697 34.4259271621704 33.4411737918854 32.4045414924622 31.3412125110626 30.9578161239624 32.5297672748566 33.4504301548004
-9999 -9999 -9999 -9999 -9999 26.4487533569336 26.4690580368042 26.634072303772 26.8818655014038 27.7599778175354 28.8390135765076 27.7216734886169 27.41708111763 29.520715713501 30.9586095809937 29.2755806446075 30.1304576396942 30.7212879657745 31.2163248062134 30.4944779872894 30.6762869358063 31.3765366077423 31.8977105617523 32.1371982097626 31.9151873588562 32.0476217269897 32.2424533367157 32.2871794700623 32.50554728508 32.6975634098053 32.7611815929413 32.6547338962555 33.5144097805023 32.8860602378845 33.7817933559418 33.91934466362 34.3833332061768 33.8783397674561 33.8478116989136 34.8956413269043 34.8024637699127 34.1251709461212 34.0872280597687 34.4097080230713 34.4382524490356 34.5458793640137 34.0008158683777 34.3425569534302 34.7142102718353 34.202005147934
