data/spatiotemp/temp4/bio15_norsw_test_2015_2018.asc
NCOLS 654 
NROWS 380 
XLLCORNER 3.91666666666667 
YLLCORNER 55.3333333333333 
CELLSIZE 0.0416666666666667 
NODATA_value -9999 
[rows 198 to 219 of 380, columns 300 to 349 of 654]
33.7123398780823 33.9377274513245 35.046012878418 36.0183448791504 35.9637250900269 38.1621036529541 36.8849401473999 34.6538162231445 33.8135361671448 33.3665566444397 33.7211837768555 32.8474469184875 32.8482937812805 32.2008228302002 32.1421613693237 31.8428678512573 31.5878067016602 31.8464770317078 31.6786413192749 32.6701440811157 32.1299600601196 32.0835146903992 31.8616948127747 31.6781444549561 31.9935607910156 31.8650574684143 31.8383727073669 32.0547604560852 31.7726440429688 31.3593811988831 31.444438457489 31.6359467506409 31.2060880661011 31.1487579345703 31.3588991165161 31.40584897995 31.498143196106 31.9216847419739 32.1263699531555 32.3370532989502 32.5314064025879 33.0247669219971 33.3699951171875 33.3258094787598 33.6605367660522 33.9536714553833 34.2770476341248 34.4984121322632 34.6794328689575 34.9755029678345
33.5688290596008 33.7805261611938 34.3961205482483 34.9132585525513 35.2982730865479 37.7126054763794 36.2179231643677 34.7806978225708 34.5189504623413 34.2198605537415 33.9604396820068 33.6029992103577 33.8849539756775 33.0430293083191 32.2801375389099 32.1072182655334 31.7189974784851 32.0578660964966 31.4943518638611 31.3993539810181 31.7432308197021 31.7868824005127 31.823860168457 31.4895567893982 31.4621739387512 30.6020793914795 31.5607395172119 31.9703764915466 32.2132287025452 31.7910885810852 31.3356018066406 31.1282329559326 31.1609454154968 31.3078398704529 31.1285223960876 31.5821480751038 31.867066860199 31.9803056716919 32.1030473709106 32.4207625389099 32.603639125824 32.7455096244812 33.2335028648376 34.1812238693237 34.0308742523193 34.8252902030945 34.7974076271057 34.9685463905334 35.0897655487061 -9999
33.4781785011292 33.8616390228271 35.1092205047607 35.5188035964966 36.2479982376099 38.1937341690063 36.7042875289917 35.4663276672363 36.4810791015625 36.0076246261597 35.3598804473877 34.5508460998535 34.2590494155884 33.0244703292847 32.0090775489807 31.7215013504028 31.5401587486267 31.802312374115 32.0574736595154 31.4892821311951 31.224552154541 31.3340249061584 31.6044735908508 31.3865242004395 31.62135887146 31.5613765716553 32.1054797172546 32.1056628227234 32.1181707382202 31.892409324646 31.6407403945923 31.3083472251892 31.0807952880859 30.9760093688965 30.8149189949036 31.1307725906372 31.9621267318726 31.8925681114197 31.9336347579956 32.4951272010803 32.8389534950256 32.9929890632629 33.584502696991 34.2172093391418 34.6509966850281 -9999 -9999 -9999 -9999 -9999
34.5767793655396 33.5747289657593 33.8566298484802 34.1526198387146 35.0983352661133 35.5448637008667 38.1813688278198 37.0677528381348 36.2748918533325 36.0275182723999 35.0413341522217 34.5816831588745 34.020336151123 33.0434732437134 32.624014377594 32.0736908912659 32.2548093795776 32.1941084861755 31.7018957138062 31.6329340934753 31.4856810569763 31.2354526519775 31.4536180496216 31.6190710067749 31.378885269165 32.0768804550171 32.1977806091309 32.2017250061035 32.1429262161255 31.7430868148804 31.6382994651794 31.617338180542 31.9809412956238 31.7997889518738 31.6814694404602 31.5474390983582 31.6943321228027 32.0857853889465 32.6408829689026 33.2846617698669 33.2558913230896 33.2298240661621 -9999 34.5017919540405 -9999 -9999 -9999 -9999 -9999 -9999
35.2240376472473 34.5469841957092 35.5959024429321 35.7335796356201 36.3596744537354 36.0518932342529 37.0371904373169 37.8968811035156 36.9736957550049 36.1402530670166 34.9917850494385 34.1654510498047 33.4637231826782 33.0312542915344 33.2931637763977 32.6417880058289 32.3668656349182 32.712299823761 31.8227109909058 31.2715926170349 31.0304780006409 31.2553548812866 31.1344838142395 31.6180748939514 31.6304888725281 31.878538608551 32.0918579101562 31.3512902259827 32.086540222168 31.8430008888245 31.7968215942383 31.6347637176514 31.6168012619019 31.5459842681885 31.7694644927979 31.9544105529785 31.9707002639771 32.1242699623108 32.7677760124207 33.2299537658691 33.0507974624634 33.6555685997009 -9999 -9999 -9999 -9999 -9999 -9999 -9999 -9999
37.916916847229 36.924919128418 36.7711095809937 37.1631946563721 36.9295978546143 37.3123626708984 37.6306018829346 37.2258577346802 36.9532480239868 35.5647010803223 34.6707096099854 34.1934809684753 33.3495149612427 33.2176551818848 33.3520278930664 33.0841937065125 32.2295732498169 31.8790121078491 31.7024736404419 31.4608125686646 31.2401156425476 31.4654946327209 31.0335655212402 31.4278559684753 31.4674701690674 31.9554834365845 31.8545422554016 31.40780210495 31.8493657112122 31.702085018158 31.6358442306519 31.4063725471497 31.0198926925659 31.0631914138794 31.3248105049133 31.5535650253296 31.9232020378113 32.3506946563721 33.0540924072266 33.110728263855 33.0822677612305 -9999 -9999 -9999 -9999 -9999 -9999 -9999 -9999 -9999
36.8134174346924 36.7434911727905 36.6971549987793 36.7606801986694 37.086220741272 36.9270935058594 36.9288291931152 36.5357284545898 36.035572052002 35.0408134460449 34.6772165298462 34.4870080947876 33.7617115974426 33.0430727005005 32.6020913124084 32.2104587554932 32.0036835670471 31.8956227302551 31.1313271522522 31.167809009552 31.0160269737244 31.135847568512 30.8225436210632 31.1137509346008 31.4479198455811 31.5580406188965 31.4521293640137 31.751965045929 31.6936793327332 31.1646752357483 31.5845699310303 31.1943960189819 31.5290908813477 31.5099925994873 31.3743081092834 31.2571973800659 31.1918091773987 32.024914264679 32.8561968803406 32.9886231422424 33.5757651329041 -9999 -9999 -9999 -9999 -9999 -9999 -9999 -9999 -9999
37.0645198822021 36.4838228225708 36.3740234375 36.4458150863647 36.9106884002686 36.5753326416016 36.7500028610229 36.3724193572998 35.8966665267944 35.4585390090942 34.5905032157898 33.9116244316101 33.569354057312 33.248462677002 32.6694922447205 32.2410688400269 31.7349538803101 31.4972686767578 30.8080978393555 30.5612931251526 30.5456261634827 30.7038588523865 30.9092597961426 30.8696694374084 31.3601250648499 31.6982583999634 31.6122274398804 31.9761123657227 31.6012434959412 31.8539786338806 31.8302493095398 31.6072568893433 31.5172109603882 32.0089993476868 31.8284821510315 31.7886953353882 31.8921704292297 32.2093992233276 32.6560010910034 32.8998274803162 -9999 -9999 -9999 -9999 -9999 -9999 -9999 -9999 -9999 -9999
38.0693588256836 35.2703533172607 35.1644673347473 36.341908454895 35.9814100265503 36.4017305374146 36.5999279022217 36.1635704040527 35.8623571395874 35.3811635971069 34.6737952232361 33.959755897522 33.1959543228149 33.1715788841248 32.5212507247925 32.0594329833984 30.9329314231873 30.6663880348206 30.8391027450562 30.6352925300598 30.2827515602112 30.3592090606689 30.8769540786743 30.8369798660278 31.1687779426575 31.2130599021912 31.5754346847534 31.8034510612488 32.0159463882446 31.8249297142029 32.0194029808044 31.8931746482849 31.9818539619446 31.6495156288147 31.6922559738159 31.5531568527222 31.9404802322388 31.9963841438293 32.5356454849243 -9999 -9999 -9999 -9999 -9999 -9999 -9999 -9999 -9999 -9999 -9999
37.8381633758545 35.4110288619995 34.985267162323 35.4353628158569 35.9224457740784 35.8794159889221 36.0984420776367 36.1802339553833 35.7362079620361 35.1926999092102 34.5264935493469 33.4471998214722 33.2087297439575 32.8437690734863 31.9467415809631 31.6729855537415 30.8612375259399 30.6032066345215 30.3937158584595 30.4833898544312 30.3409419059753 30.234833240509 30.3342795372009 31.1832141876221 31.5736956596375 31.225034236908 31.5935120582581 31.7867693901062 31.8602433204651 32.1243295669556 32.079140663147 31.9547038078308 31.9530653953552 31.9595017433167 31.9198532104492 31.8404874801636 -9999 -9999 -9999 -9999 -9999 -9999 -9999 -9999 -9999 -9999 -9999 -9999 -9999 -9999
37.1641025543213 36.5663199424744 35.5144066810608 35.5665092468262 35.3706784248352 36.340961933136 36.1175675392151 35.5262961387634 35.3573951721191 34.6213231086731 34.1901526451111 33.4710311889648 32.9687395095825 32.1659741401672 32.0846552848816 31.5362815856934 31.0775609016418 30.4984655380249 30.1790518760681 30.4597778320312 30.3200931549072 30.1444072723389 30.5319542884827 31.1205749511719 31.3599920272827 31.6125473976135 31.8998532295227 32.1952557563782 32.0351414680481 32.2732348442078 32.2336354255676 -9999 -9999 32.1094589233398 32.095947265625 -9999 -9999 -9999 -9999 -9999 -9999 -9999 -9999 -9999 -9999 -9999 -9999 -9999 -9999 -9999
39.3393487930298 38.893669128418 37.2553157806396 37.3149151802063 36.3557052612305 36.267991065979 35.2197589874268 35.1735053062439 35.3714537620544 34.9666619300842 34.1682224273682 33.3145084381104 32.9090809822083 32.5197005271912 32.1886305809021 31.6309008598328 31.0954933166504 30.554256439209 30.3920111656189 30.1440825462341 29.9885549545288 30.2242460250854 30.9492812156677 31.4837760925293 31.7553205490112 31.8784055709839 32.6867790222168 32.6363101005554 32.8050179481506 32.5978469848633 33.0276160240173 33.0173110961914 -9999 -9999 -9999 -9999 -9999 -9999 -9999 -9999 -9999 -9999 -9999 -9999 -9999 -9999 -9999 -9999 -9999 -9999
37.999361038208 38.6067581176758 39.0290365219116 37.7583131790161 37.4783239364624 36.726231098175 36.2853946685791 35.8149123191833 35.3681311607361 35.0413961410522 34.1886134147644 33.9673075675964 32.9438991546631 32.477771282196 32.0255794525146 31.5430812835693 31.0240383148193 30.7899813652039 30.8089504241943 30.4120035171509 30.1125512123108 29.9276652336121 30.6351065635681 31.3672494888306 32.1731476783752 32.0372190475464 32.9465751647949 33.5553984642029 33.3687334060669 -9999 33.6082239151001 33.6887273788452 -9999 -9999 -9999 -9999 -9999 -9999 -9999 -9999 -9999 -9999 -9999 -9999 -9999 -9999 -9999 -9999 -9999 -9999
35.8797798156738 36.251118183136 36.7164072990417 36.0262107849121 36.0328531265259 36.1080951690674 35.4051728248596 34.8948016166687 34.8628444671631 34.6167411804199 34.3630156517029 33.874050617218 33.3513836860657 32.7326226234436 32.3103642463684 31.6261129379272 31.3466563224792 31.0457925796509 30.9260740280151 30.5144782066345 30.9737696647644 31.0274648666382 31.1807227134705 32.0204315185547 32.0814371109009 32.6146817207336 32.9356851577759 -9999 -9999 -9999 -9999 -9999 -9999 -9999 -9999 -9999 -9999 -9999 -9999 -9999 -9999 -9999 -9999 -9999 -9999 -9999 -9999 -9999 -9999 -9999
34.9040265083313 35.2445631027222 35.1415166854858 35.122971534729 35.1195478439331 35.4826641082764 35.5179901123047 34.4313087463379 34.3944473266602 34.5914454460144 34.1115050315857 33.801570892334 33.2478590011597 33.0385823249817 32.3733992576599 31.6334733963013 31.6801772117615 31.4869742393494 31.0671648979187 31.0353684425354 30.9977035522461 31.39111328125 31.4875273704529 32.0834708213806 32.6246919631958 -9999 -9999 -9999 -9999 -9999 -9999 -9999 -9999 -9999 -9999 -9999 -9999 -9999 -9999 -9999 -9999 -9999 -9999 -9999 -9999 -9999 -9999 -9999 -9999 -9999
34.2757329940796 34.7256722450256 34.5282249450684 34.2790946960449 34.3086576461792 34.1328401565552 34.5075540542603 34.9292049407959 34.5840091705322 34.3564586639404 34.0966920852661 33.3909378051758 33.10338306427 32.7385683059692 32.5817627906799 32.3041844367981 32.3935041427612 31.9531655311584 31.7266221046448 31.4266982078552 31.3603005409241 31.4804129600525 31.8081312179565 32.0476765632629 32.589056968689 32.7295241355896 33.1146049499512 -9999 -9999 -9999 -9999 -9999 -9999 -9999 -9999 -9999 -9999 -9999 -9999 -9999 -9999 -9999 -9999 -9999 -9999 -9999 -9999 -9999 -9999 -9999
34.854531288147 34.8446202278137 34.9928045272827 34.7560892105103 34.8079142570496 34.8397927284241 34.4053959846497 34.4214634895325 34.7576141357422 34.1310901641846 33.759792804718 33.4674000740051 33.2419581413269 32.9188985824585 32.8409609794617 32.6488018035889 32.6826767921448 32.7177271842957 32.615541934967 31.8710045814514 31.746919631958 32.1785931587219 32.261266708374 32.5142378807068 33.1329131126404 33.0479135513306 33.668484210968 34.3275957107544 34.8010859489441 35.0247688293457 35.3612871170044 35.3166670799255 -9999 -9999 -9999 -9999 -9999 -9999 -9999 -9999 -9999 -9999 -9999 -9999 -9999 -9999 -9999 -9999 -9999 -9999
35.3106565475464 35.0491857528687 34.6050209999084 34.6900911331177 34.3989634513855 35.1657824516296 34.807119846344 34.0390133857727 34.0374689102173 33.6869282722473 33.5966720581055 33.4371619224548 33.4347381591797 33.0279102325439 32.8862671852112 32.9330263137817 33.1221284866333 32.8427886962891 32.7117838859558 32.2118330001831 32.4036326408386 32.6859455108643 32.9486746788025 32.7871246337891 33.3945302963257 33.3836336135864 33.7843346595764 34.4198336601257 35.1675090789795 -9999 35.7068209648132 35.2230639457703 -9999 -9999 -9999 -9999 -9999 -9999 -9999 -9999 -9999 -9999 -9999 -9999 -9999 -9999 -9999 -9999 -9999 -9999
36.6948080062866 36.3871545791626 35.9732127189636 35.6538219451904 35.0305128097534 35.3149585723877 35.2891082763672 35.0464787483215 34.5635190010071 34.2611451148987 33.9095339775085 33.9000020027161 33.7315163612366 33.3188643455505 33.1185793876648 33.1356091499329 33.1563005447388 33.1894145011902 33.1873126029968 32.96852684021 32.9119868278503 32.7915244102478 32.7995171546936 33.0888810157776 33.3252367973328 34.1241269111633 34.0452041625977 -9999 -9999 -9999 -9999 -9999 -9999 -9999 -9999 -9999 -9999 -9999 -9999 -9999 -9999 -9999 -9999 -9999 -9999 -9999 -9999 -9999 -9999 -9999
36.2709808349609 36.4150304794312 36.1833581924438 36.0900077819824 36.3131113052368 35.7469763755798 35.7406053543091 35.2788090705872 34.6144299507141 34.5542311668396 34.3748512268066 33.8852257728577 33.7435336112976 33.3594722747803 33.262758731842 33.4173612594604 33.3106274604797 33.1299614906311 32.9733605384827 33.1403007507324 32.9007358551025 33.0672888755798 33.4322791099548 33.7404375076294 33.8118920326233 33.9088821411133 -9999 -9999 -9999 -9999 -9999 -9999 -9999 -9999 -9999 -9999 -9999 -9999 -9999 -9999 -9999 -9999 -9999 -9999 -9999 -9999 -9999 -9999 -9999 -9999
36.3675661087036 35.859522819519 35.587121963501 35.3160815238953 35.0890808105469 35.1770758628845 34.9606695175171 34.5728096961975 34.8457984924316 34.9196701049805 34.5681595802307 34.2987937927246 34.3192410469055 33.9860014915466 34.108163356781 33.8330717086792 33.4031910896301 33.2129487991333 33.1295366287231 33.1322393417358 32.9571309089661 33.3314414024353 33.5591068267822 33.5651249885559 33.3827395439148 -9999 -9999 -9999 -9999 -9999 -9999 -9999 -9999 -9999 -9999 -9999 -9999 -9999 -9999 -9999 -9999 -9999 -9999 -9999 -9999 -9999 -9999 -9999 -9999 -9999
37.4824557304382 36.869029045105 35.7980389595032 35.9006490707397 35.3540968894958 35.7686042785645 34.8378496170044 35.1958632469177 35.1593627929688 34.9110932350159 34.7503199577332 34.5434112548828 34.3634853363037 34.2202801704407 33.8142991065979 33.732729434967 33.4284234046936 33.4640383720398 33.6380882263184 33.4529256820679 33.3313999176025 33.4949622154236 33.5720686912537 33.6838521957397 33.5652632713318 -9999 -9999 -9999 -9999 33.9957308769226 -9999 -9999 -9999 -9999 -9999 -9999 -9999 -9999 -9999 -9999 -9999 -9999 -9999 -9999 -9999 -9999 -9999 -9999 -9999 -9999
