data/spatiotemp/temp4/bio12_norsw_test_2015_2018.asc
NCOLS 654 
NROWS 380 
XLLCORNER 3.91666666666667 
YLLCORNER 55.3333333333333 
CELLSIZE 0.0416666666666667 
NODATA_value -9999 
[rows 308 to 329 of 380, columns 200 to 249 of 654]
802.25163269043 766.031143188477 765.839706420898 784.001220703125 795.708679199219 779.841659545898 763.73600769043 731.119903564453 727.057357788086 720.810241699219 716.27392578125 699.821258544922 685.363967895508 674.011703491211 664.455230712891 647.011672973633 631.513000488281 615.208679199219 600.57608795166 594.224578857422 588.138900756836 587.428527832031 586.707908630371 586.774772644043 590.89200592041 601.247596740723 606.59691619873 610.908203125 617.370422363281 613.004013061523 614.608688354492 613.851928710938 628.945678710938 665.771041870117 677.940826416016 656.905944824219 661.417449951172 646.361541748047 616.497360229492 605.470642089844 595.270690917969 583.352798461914 573.220916748047 560.237083435059 557.525321960449 565.517181396484 573.553398132324 569.792358398438 558.915496826172 541.763366699219
787.279800415039 774.010040283203 767.640396118164 766.42366027832 763.381271362305 761.349319458008 756.279739379883 752.436462402344 744.072387695312 730.091461181641 721.266540527344 714.815628051758 706.12744140625 695.657241821289 674.358001708984 655.945114135742 639.505233764648 624.390319824219 605.110725402832 594.593864440918 587.87281036377 586.333038330078 592.494514465332 595.701675415039 602.245498657227 609.366943359375 614.012786865234 615.165649414062 616.73957824707 613.421646118164 619.740768432617 621.40966796875 628.540771484375 661.562515258789 657.155151367188 646.855987548828 650.238677978516 628.351058959961 617.996551513672 605.771514892578 597.405151367188 587.320297241211 575.210906982422 564.89298248291 567.092124938965 585.775619506836 595.749420166016 581.49471282959 548.141647338867 533.996612548828
802.884262084961 790.614501953125 780.386383056641 779.168838500977 776.065414428711 774.93603515625 768.6640625 761.571655273438 754.662536621094 750.905548095703 738.570709228516 728.969955444336 722.585983276367 711.26774597168 688.800704956055 671.300323486328 651.965087890625 634.522476196289 614.449813842773 598.987884521484 598.42359161377 603.589942932129 611.641693115234 612.745391845703 614.024063110352 618.768493652344 626.263214111328 621.733596801758 623.288177490234 640.341644287109 645.654937744141 653.094711303711 645.964889526367 640.492568969727 640.96696472168 668.088516235352 672.502075195312 645.396667480469 618.675903320312 606.382522583008 599.859619140625 588.797218322754 583.343170166016 574.842079162598 574.373016357422 602.601715087891 586.542152404785 553.701156616211 539.789070129395 534.362106323242
804.637390136719 804.490173339844 804.397033691406 799.412368774414 793.402770996094 789.07568359375 788.063995361328 780.112838745117 779.842300415039 771.901992797852 759.977035522461 745.911544799805 732.308532714844 720.041427612305 704.433853149414 688.813247680664 671.383193969727 654.125823974609 634.786590576172 621.254867553711 620.554702758789 624.759704589844 631.212326049805 629.347747802734 635.671356201172 641.141510009766 645.736434936523 643.160705566406 673.809295654297 706.771575927734 713.236877441406 669.673248291016 665.054397583008 647.012298583984 641.804107666016 677.58576965332 699.449722290039 658.832321166992 619.202926635742 611.636749267578 601.614822387695 597.212493896484 587.744773864746 584.25422668457 594.534202575684 593.881195068359 568.013236999512 546.97989654541 540.538314819336 535.192649841309
825.038696289062 818.155944824219 815.714889526367 803.249465942383 809.122253417969 807.21826171875 800.170532226562 797.078659057617 793.11328125 787.230255126953 781.702697753906 769.130004882812 752.363632202148 738.506866455078 726.146606445312 713.693084716797 699.199752807617 681.576904296875 670.241806030273 658.743392944336 655.018051147461 661.091400146484 656.537963867188 657.542663574219 655.966766357422 659.513031005859 661.980972290039 672.379486083984 677.814346313477 672.348983764648 668.978439331055 676.187576293945 683.516647338867 650.660736083984 653.84797668457 687.777282714844 676.603393554688 656.348449707031 622.432800292969 619.261184692383 613.733673095703 612.3779296875 600.998947143555 601.375549316406 625.149673461914 619.692367553711 597.85969543457 551.564880371094 542.314880371094 536.271385192871
835.857177734375 832.302429199219 821.23388671875 831.658569335938 843.899719238281 823.784591674805 809.690170288086 815.628753662109 819.322204589844 818.39990234375 812.403213500977 789.111770629883 775.606521606445 762.638824462891 757.040908813477 743.362213134766 727.920074462891 716.012664794922 703.534790039062 695.006103515625 688.37890625 693.327865600586 690.3525390625 686.972457885742 688.818237304688 687.992889404297 687.40348815918 687.875885009766 679.339935302734 675.920745849609 674.340194702148 677.797958374023 677.438186645508 664.789901733398 665.379455566406 668.839752197266 665.111968994141 655.745880126953 638.665252685547 631.476272583008 623.054626464844 645.944976806641 660.885848999023 657.761032104492 633.598159790039 622.501403808594 589.733207702637 551.387489318848 543.269920349121 539.961822509766
839.765823364258 843.874160766602 847.611907958984 863.444366455078 863.326934814453 819.770935058594 813.841384887695 822.778076171875 839.749938964844 839.429000854492 821.420379638672 808.452087402344 799.49626159668 790.871856689453 782.096572875977 767.257934570312 752.503372192383 746.810882568359 734.277389526367 718.279373168945 714.815765380859 721.824829101562 716.256072998047 713.509353637695 713.015335083008 704.561660766602 703.006652832031 697.385864257812 694.136001586914 687.3896484375 683.059173583984 681.61328125 675.037933349609 671.466888427734 675.700134277344 671.247817993164 669.687835693359 659.545547485352 649.173568725586 658.288208007812 661.829605102539 674.892013549805 669.519439697266 651.558792114258 638.265365600586 625.105667114258 578.627555847168 552.963554382324 546.701332092285 543.567588806152
850.153457641602 864.128005981445 874.45182800293 882.394668579102 861.768981933594 824.668045043945 835.392379760742 863.228744506836 861.206848144531 839.983795166016 828.922668457031 819.475799560547 819.756973266602 817.922485351562 813.661407470703 804.873260498047 797.91862487793 788.218078613281 776.334014892578 769.793151855469 754.13752746582 758.25651550293 747.840301513672 748.094696044922 735.595581054688 727.925476074219 721.593597412109 710.991790771484 709.718490600586 700.025405883789 692.645446777344 689.056640625 684.498580932617 679.941177368164 681.405883789062 680.72412109375 676.063064575195 675.436859130859 666.274948120117 701.018829345703 699.615112304688 696.077117919922 659.599197387695 646.29133605957 636.910125732422 602.519409179688 563.015480041504 556.784172058105 554.417007446289 556.143852233887
872.372482299805 888.260726928711 883.356185913086 871.45182800293 847.207809448242 883.201889038086 882.901412963867 861.85075378418 837.414703369141 837.124908447266 853.105865478516 855.988204956055 865.599365234375 861.832916259766 859.340057373047 858.433303833008 847.647720336914 832.816131591797 819.902053833008 805.16487121582 800.471893310547 794.869934082031 776.387161254883 769.629653930664 760.124374389648 746.61833190918 739.049468994141 730.481872558594 728.106094360352 718.440002441406 707.148132324219 705.406158447266 706.59162902832 696.175765991211 695.437683105469 685.005401611328 684.261138916016 682.067077636719 698.089706420898 709.381790161133 710.931823730469 687.81559753418 655.338943481445 641.221725463867 614.095520019531 578.796897888184 569.457801818848 567.005340576172 560.112319946289 558.001625061035
882.561553955078 882.480072021484 870.398086547852 848.034423828125 836.999710083008 839.894622802734 841.885833740234 839.970672607422 854.802291870117 878.643814086914 888.184600830078 899.920883178711 906.816909790039 908.626541137695 904.366912841797 896.2353515625 884.204040527344 883.259582519531 857.492218017578 844.934860229492 850.005096435547 827.602157592773 811.885818481445 797.229431152344 788.588119506836 778.105895996094 770.607681274414 756.984680175781 748.418899536133 730.888397216797 735.959381103516 743.515777587891 726.049652099609 711.644927978516 712.670227050781 701.049224853516 713.33073425293 699.198654174805 684.173843383789 690.455352783203 689.113952636719 673.07470703125 656.89421081543 636.775115966797 606.123794555664 579.36205291748 576.992538452148 575.651802062988 571.457504272461 576.349647521973
889.784912109375 882.951950073242 850.328414916992 839.930053710938 839.918243408203 846.09016418457 857.211929321289 867.300415039062 895.413650512695 928.994247436523 952.599243164062 959.317169189453 962.318862915039 957.84391784668 939.420135498047 923.231140136719 925.151321411133 915.265502929688 902.318313598633 908.872283935547 890.998779296875 861.413162231445 852.761703491211 831.201248168945 822.209167480469 807.721755981445 790.125534057617 784.549819946289 755.037902832031 755.325119018555 758.362609863281 750.027770996094 741.179809570312 724.732650756836 726.720306396484 723.837890625 704.965911865234 701.492034912109 679.370376586914 692.735977172852 702.373764038086 673.685943603516 665.442443847656 654.433471679688 617.808715820312 595.989280700684 590.515296936035 586.322021484375 587.008377075195 628.249160766602
891.905471801758 882.073028564453 866.941558837891 864.632904052734 864.872421264648 880.88232421875 882.787063598633 901.648239135742 925.527252197266 956.875045776367 979.635055541992 992.123336791992 992.658416748047 982.007934570312 967.486282348633 958.910308837891 953.968246459961 955.278564453125 928.443572998047 933.462432861328 915.042541503906 876.165649414062 881.371459960938 843.939102172852 832.416748046875 812.721969604492 794.994842529297 794.125289916992 761.708511352539 794.647979736328 785.039001464844 766.512603759766 776.355117797852 746.126953125 758.959259033203 759.12419128418 725.850967407227 717.69677734375 705.669311523438 696.423980712891 705.133514404297 684.22331237793 675.99821472168 664.889266967773 626.637176513672 622.092681884766 602.214065551758 601.012634277344 616.561660766602 645.042465209961
898.942886352539 887.959106445312 894.149719238281 884.560989379883 911.386764526367 934.792770385742 929.263229370117 954.656112670898 960.352798461914 961.390029907227 985.065811157227 999.670745849609 1004.02624511719 1012.33172607422 1010.58059692383 1008.28810119629 1002.35359191895 964.014389038086 945.337814331055 936.908615112305 918.012344360352 894.199935913086 893.591751098633 873.740432739258 860.195083618164 852.461868286133 817.942199707031 806.210067749023 795.189010620117 820.303695678711 813.533554077148 793.893997192383 782.033660888672 775.328506469727 777.225830078125 777.265625 736.426879882812 736.048980712891 716.18391418457 712.896743774414 726.38720703125 695.85856628418 687.766372680664 679.385879516602 660.388885498047 643.825088500977 617.958892822266 617.656433105469 644.332275390625 693.313598632812
887.086349487305 908.614639282227 922.030548095703 921.015029907227 946.328964233398 950.053359985352 962.035873413086 985.277709960938 967.794158935547 980.022933959961 1001.71383666992 1016.30406188965 1019.61740112305 1035.0456237793 1057.82301330566 1047.46473693848 1022.70526123047 995.399230957031 1011.1692199707 984.072525024414 947.147689819336 954.527481079102 941.390258789062 896.759155273438 883.128814697266 889.122680664062 851.591995239258 800.903244018555 835.029541015625 840.738571166992 838.122787475586 831.917083740234 803.474716186523 798.612686157227 787.694549560547 783.976409912109 742.028533935547 730.795166015625 719.626266479492 718.438201904297 719.268341064453 716.127532958984 702.108505249023 695.738021850586 697.708923339844 661.322982788086 652.471649169922 685.690963745117 682.46369934082 693.627410888672
918.514099121094 928.089706420898 935.091857910156 952.495010375977 980.612609863281 964.118499755859 968.392776489258 984.393081665039 979.168334960938 1005.61663818359 1016.48596191406 1041.75300598145 1050.1484375 1040.60037231445 1054.43197631836 1042.69972229004 1021.15223693848 1020.75050354004 1019.77314758301 1014.09121704102 979.797561645508 971.907623291016 958.090347290039 928.392761230469 902.684646606445 892.732391357422 847.855834960938 810.421417236328 838.151840209961 859.051452636719 845.191558837891 844.263961791992 826.495498657227 823.331130981445 818.60546875 803.582229614258 775.380706787109 746.793167114258 728.735046386719 745.156478881836 742.03369140625 741.914901733398 730.673324584961 725.496185302734 706.808990478516 696.829025268555 728.182510375977 737.841506958008 725.104797363281 718.207550048828
937.373153686523 947.261749267578 952.122482299805 974.597305297852 994.392730712891 974.720031738281 995.811599731445 979.219024658203 1001.23750305176 1006.20002746582 1021.82780456543 1035.80416870117 1029.40060424805 1024.9421081543 1029.69790649414 1018.60624694824 1017.67288208008 1010.38873291016 1009.73608398438 1001.79849243164 991.867095947266 956.668472290039 941.914596557617 916.338775634766 881.504119873047 855.505126953125 837.71369934082 830.530014038086 847.693054199219 850.798919677734 852.786392211914 846.188827514648 818.310363769531 838.254821777344 835.130599975586 822.210342407227 794.902984619141 753.357925415039 747.104293823242 767.491302490234 776.06884765625 771.750900268555 769.516571044922 757.635391235352 754.493927001953 767.929244995117 763.983734130859 754.819839477539 744.932403564453 745.83854675293
956.746688842773 974.986511230469 973.75358581543 984.184539794922 986.177688598633 971.343368530273 985.379287719727 1004.85614013672 1019.89723205566 1013.52584838867 1021.26191711426 1031.94955444336 1039.7777557373 1033.4806060791 1014.98675537109 1011.43487548828 1002.66117858887 997.216278076172 1009.44255065918 1006.71002197266 977.690322875977 947.819122314453 933.043838500977 906.39631652832 885.238586425781 865.330520629883 853.387908935547 847.643966674805 841.821350097656 853.809097290039 850.700134277344 838.062957763672 835.111526489258 850.043304443359 847.101486206055 824.358795166016 783.844436645508 764.945526123047 769.590896606445 772.106201171875 792.411178588867 795.289932250977 791.111267089844 781.778610229492 784.305358886719 783.184814453125 782.147567749023 768.841033935547 763.785202026367 755.033645629883
948.358810424805 964.72004699707 975.169631958008 984.08723449707 977.910308837891 984.389572143555 1014.05741882324 1018.81198120117 1014.75263977051 1027.578125 1016.08238220215 1020.39610290527 1011.19973754883 1002.0711517334 1000.96337890625 991.231414794922 983.475219726562 993.364151000977 1008.36546325684 1020.71878051758 977.731109619141 953.798034667969 934.787994384766 919.987457275391 908.303833007812 891.417373657227 869.397811889648 869.752136230469 861.431304931641 860.527923583984 828.985488891602 835.087615966797 832.007995605469 831.99072265625 824.143661499023 792.572647094727 777.878448486328 781.512603759766 791.916961669922 791.63786315918 800.017868041992 812.568588256836 799.270919799805 797.915908813477 798.670440673828 795.329574584961 788.119155883789 778.806991577148 772.479110717773 778.590560913086
963.812835693359 983.214477539062 985.175827026367 989.315704345703 972.701431274414 993.803039550781 999.789443969727 1010.75451660156 1015.8062286377 1009.62719726562 999.616683959961 1008.5964050293 995.374252319336 1001.85464477539 1009.80033874512 1005.13670349121 1000.92645263672 990.861236572266 1007.6064453125 1007.71801757812 987.549758911133 974.003479003906 959.047668457031 928.076126098633 915.223281860352 905.467163085938 887.407241821289 886.119338989258 870.591262817383 855.547058105469 839.714141845703 837.920104980469 818.766616821289 814.837356567383 799.133575439453 790.370162963867 800.498886108398 807.943588256836 814.455810546875 811.091766357422 822.685531616211 818.327194213867 809.695983886719 814.273300170898 803.845764160156 801.544525146484 802.076934814453 783.920227050781 779.824417114258 787.665863037109
955.095748901367 960.130706787109 977.389801025391 966.880966186523 970.90446472168 1002.38414001465 1000.32020568848 1008.42427062988 1019.37991333008 1014.34948730469 998.062240600586 993.782012939453 1027.55061340332 1046.00744628906 1037.78065490723 1045.88412475586 1043.98413085938 1029.05627441406 1017.40734863281 997.363052368164 984.42041015625 975.935150146484 959.922424316406 951.241668701172 945.739242553711 922.552276611328 900.368377685547 890.550231933594 874.344970703125 866.375335693359 866.600524902344 849.50080871582 823.508972167969 818.565368652344 807.998107910156 813.153915405273 825.272552490234 813.742095947266 822.213455200195 835.76171875 829.214508056641 825.582244873047 827.038635253906 810.649185180664 808.321899414062 805.75439453125 803.306732177734 791.977096557617 784.677185058594 786.721817016602
898.029907226562 923.897216796875 941.486694335938 958.891326904297 992.767776489258 996.662445068359 986.486282348633 1009.54647827148 997.118865966797 987.738525390625 994.943618774414 1016.18772888184 1038.82275390625 1047.45429992676 1054.46437072754 1057.96067810059 1049.93272399902 1044.35858154297 1024.15797424316 1019.53544616699 999.701324462891 991.923431396484 975.014175415039 984.576141357422 964.515563964844 937.201568603516 915.259704589844 906.483459472656 908.787261962891 898.371276855469 886.48991394043 861.761917114258 837.516342163086 824.872055053711 822.758117675781 834.869491577148 830.174270629883 842.661163330078 848.106735229492 837.505706787109 830.986343383789 838.512893676758 827.689422607422 822.913787841797 813.381546020508 812.966522216797 814.52099609375 809.031631469727 788.969757080078 776.895217895508
923.026153564453 942.549758911133 969.506530761719 992.36164855957 994.997146606445 997.626342773438 976.241714477539 985.443954467773 994.295867919922 1006.51931762695 1009.65115356445 1037.16131591797 1059.67401123047 1073.33117675781 1076.68138122559 1079.77868652344 1068.86116027832 1053.07333374023 1050.03355407715 1030.33969116211 1003.35221862793 1003.93615722656 994.508361816406 988.62663269043 976.771118164062 949.821868896484 941.54362487793 923.505722045898 919.852523803711 907.915542602539 908.641159057617 891.5810546875 856.615447998047 838.732177734375 841.992340087891 849.212905883789 850.346008300781 857.581329345703 849.119171142578 837.649063110352 817.842559814453 835.073974609375 823.495086669922 829.784805297852 817.95588684082 814.662506103516 818.923156738281 820.58967590332 796.36279296875 779.067169189453
