data/spatiotemp/temp4/bio1_norsw_test_2015_2018.asc
NCOLS 654 
NROWS 380 
XLLCORNER 3.91666666666667 
YLLCORNER 55.3333333333333 
CELLSIZE 0.0416666666666667 
NODATA_value -9999 
[rows 198 to 219 of 380, columns 600 to 649 of 654]
3.8309645652771 3.82164466381073 3.78032469749451 3.7605048418045 3.72801840305328 3.6758651137352 3.66354531049728 3.63305872678757 3.66503834724426 3.707151055336 3.76793026924133 3.76787626743317 3.7846554517746 3.7246013879776 3.73771399259567 3.80815988779068 3.89610600471497 3.93588507175446 3.92916435003281 3.85044372081757 3.69462847709656 3.62155193090439 3.59497559070587 3.51073235273361 3.47848922014236 3.42357939481735 3.45783621072769 3.51325970888138 3.61468309164047 3.6562734246254 3.68953013420105 3.74845373630524 3.69684648513794 3.60470825433731 3.55790328979492 3.43326508998871 3.37646013498306 3.3636554479599 3.36468380689621 3.39954549074173 3.47657400369644 3.546102643013 3.57546448707581 3.64549273252487 3.67207080125809 3.54303151369095 3.47899234294891 3.48661988973618 3.48591411113739 3.45287489891052
3.85127431154251 3.86455774307251 3.84917438030243 3.86062455177307 3.8607411980629 3.85085797309875 3.82214140892029 3.7967581152916 3.8126135468483 3.81254082918167 3.83363491296768 3.85206210613251 3.87398940324783 3.83991694450378 3.81717747449875 3.84877157211304 3.90269881486893 4.05345958471298 4.09572011232376 4.04631394147873 3.92426687479019 3.65941154956818 3.58322298526764 3.57253450155258 3.48251247406006 3.43782389163971 3.48480206727982 3.53911352157593 3.60592478513718 3.64990323781967 3.72421449422836 3.74102598428726 3.72029316425323 3.6830158829689 3.65457183122635 3.57129442691803 3.54318386316299 3.51890653371811 3.53029590845108 3.55501860380173 3.57140809297562 3.5706307888031 3.51435339450836 3.50474268198013 3.49006021022797 3.48997193574905 3.49138385057449 3.49829572439194 3.5003741979599 3.48078614473343
3.90758389234543 3.9333039522171 3.96702402830124 3.96857732534409 3.94346439838409 3.95018434524536 3.96440410614014 4.0121243596077 4.03985553979874 3.95809745788574 3.8926727771759 3.8835813999176 3.84899020195007 3.89673215150833 4.06464105844498 4.11804962158203 4.15529179573059 4.18236714601517 4.17410916090012 4.12651783227921 4.05490523576736 3.8377713561058 3.58713728189468 3.59350341558456 3.589035987854 3.59873521327972 3.62243491411209 3.52613407373428 3.68950003385544 3.73153257369995 3.75139886140823 3.73293155431747 3.68990641832352 3.74649006128311 3.74724024534225 3.65082383155823 3.59807419776917 3.57865780591965 3.61957478523254 3.59182518720627 3.54057544469833 3.5479924082756 3.53724247217178 3.51032626628876 3.56304955482483 3.56857907772064 3.57277536392212 3.57613795995712 3.57716763019562 3.57819718122482
3.96056038141251 3.94788372516632 3.98854041099548 4.03769707679749 4.04252052307129 4.03084397315979 4.12300044298172 4.23232370615005 4.21909719705582 4.10582077503204 3.96921074390411 3.95176762342453 3.96299088001251 3.9377144575119 3.94877117872238 4.01482790708542 4.06688457727432 4.19560813903809 4.24216490983963 4.20255517959595 4.14504355192184 3.980464220047 3.72171813249588 3.63230556249619 3.614726126194 3.64481347799301 3.70406728982925 3.70915466547012 3.76790869235992 3.77182906866074 3.67841643095016 3.6805037856102 3.7008530497551 3.65813088417053 3.66824197769165 3.67152011394501 3.703464448452 3.63324242830276 3.53135365247726 3.53496479988098 3.54540938138962 3.54768711328506 3.53696531057358 3.53474313020706 3.5337056517601 3.57385283708572 3.60500001907349 3.62998050451279 3.682961165905 3.65244156122208
4.05783212184906 4.06006252765656 4.11395990848541 4.12085711956024 4.1135880947113 4.09148526191711 4.12304937839508 4.2101132273674 4.30187809467316 4.24717730283737 4.07280975580215 3.9994421005249 4.10507482290268 4.04354053735733 3.98067307472229 3.88747209310532 3.94043797254562 4.17923706769943 4.26136964559555 4.21516865491867 4.1101421713829 3.87395679950714 3.81243777275085 3.77725237607956 3.7622337937355 3.74921488761902 3.77702921628952 3.78567713499069 3.73899173736572 3.74363952875137 3.71562063694 3.58360183238983 3.5616569519043 3.61295253038406 3.54708129167557 3.59254360198975 3.61033910512924 3.58846801519394 3.5879300236702 3.49955898523331 3.49235445261002 3.46781665086746 3.45177888870239 3.4784078001976 3.51196950674057 3.55046415328979 3.60179191827774 3.63461983203888 3.6471141576767 3.64444208145142
4.14906537532806 4.15650743246078 4.18061596155167 4.18105792999268 4.14150005578995 4.17410850524902 4.27088397741318 4.29765927791595 4.33119815587997 4.27283388376236 4.12363654375076 4.17593908309937 4.16040807962418 4.05471068620682 4.02034652233124 3.93948233127594 3.95395165681839 4.06725400686264 4.0477232336998 3.94235914945602 3.93270093202591 3.93341547250748 3.94412982463837 3.89767730236053 3.87339174747467 3.90510618686676 3.85482060909271 3.82153505086899 3.64674961566925 3.59663057327271 3.60951149463654 3.63372594118118 3.65348494052887 3.64628821611404 3.64359140396118 3.63022792339325 3.63053107261658 3.5681676864624 3.57047122716904 3.54877418279648 3.52291095256805 3.48254746198654 3.47818410396576 3.48915386199951 3.51384145021439 3.5989128947258 3.6803178191185 3.71088910102844 3.63796055316925 3.65903216600418
4.15896534919739 4.14111864566803 4.10793858766556 4.12109178304672 4.15307849645615 4.17273205518723 4.21755200624466 4.22537195682526 4.18851828575134 4.16282397508621 4.14146339893341 4.25793570280075 4.17774158716202 4.03871417045593 4.00418657064438 4.01932609081268 4.05446511507034 4.07527101039886 4.07041049003601 4.05421632528305 4.04325979948044 4.0058741569519 3.96365511417389 3.93876934051514 3.83238357305527 3.84566444158554 3.79111188650131 3.7698929309845 3.65050727128983 3.58995509147644 3.53456914424896 3.5778501033783 3.63514620065689 3.65545701980591 3.62326806783676 3.62241238355637 3.61989003419876 3.61603426933289 3.54851192235947 3.54882282018661 3.49330061674118 3.53877800703049 3.52558922767639 3.51040005683899 3.54337984323502 3.61836153268814 3.67967665195465 3.69399183988571 3.65630692243576 3.66178870201111
4.28453189134598 4.1532301902771 4.13542795181274 4.15795928239822 4.18332403898239 4.20385545492172 4.21255326271057 4.19908452033997 4.21300464868546 4.28248077630997 4.17795640230179 4.23909920454025 4.13290846347809 4.02671790122986 4.06202709674835 4.10866975784302 4.22131222486496 4.26845479011536 4.2362642288208 4.19557338953018 4.1648183465004 4.13033270835876 4.06651329994202 3.97936099767685 3.93854194879532 3.86172258853912 3.82340347766876 3.7807509303093 3.72109836339951 3.56261265277863 3.66129350662231 3.64730751514435 3.66864091157913 3.65312618017197 3.6401115655899 3.67743003368378 3.6719154715538 3.62306761741638 3.59971952438354 3.58553820848465 3.51719009876251 3.45950895547867 3.46266096830368 3.45714622735977 3.56208503246307 3.58997702598572 3.56720244884491 3.59109455347061 3.62748658657074 3.63804531097412
4.37243211269379 4.26250797510147 4.14475059509277 4.12932652235031 4.20323592424393 4.21864539384842 4.24055451154709 4.2842972278595 4.42932486534119 4.38797074556351 4.19161683320999 4.15876269340515 4.08890867233276 4.06305462121964 4.09286731481552 4.13434666395187 4.22532576322556 4.3401386141777 4.34811788797379 4.31826388835907 4.27054369449615 4.12145787477493 4.0178719162941 3.96645265817642 3.9625335931778 3.95444768667221 3.82319486141205 3.82427555322647 3.74285614490509 3.69827020168304 3.73685097694397 3.72959834337234 3.7151352763176 3.67196178436279 3.66995483636856 3.70461446046829 3.70927423238754 3.7009339928627 3.67226046323776 3.55992019176483 3.56824660301208 3.55107301473618 3.54123264551163 3.56255900859833 3.61429005861282 3.61909252405167 3.61089485883713 3.60619729757309 3.5859996676445 3.63396865129471
4.28766536712646 4.30328613519669 4.29874008893967 4.25286060571671 4.23381465673447 4.18926841020584 4.17472243309021 4.24984312057495 4.41647809743881 4.45879411697388 4.24061018228531 4.13559263944626 4.14307552576065 4.07872480154037 4.12454074621201 4.21619027853012 4.34833955764771 4.42465549707413 4.40647161006927 4.38295435905457 4.301602602005 4.09974980354309 3.98256385326385 3.94487780332565 3.94452500343323 3.93167239427567 3.86265301704407 3.73246687650681 3.78261405229568 3.75126135349274 3.77040868997574 3.74455589056015 3.6802966594696 3.71696406602859 3.72363150119781 3.71929907798767 3.70346635580063 3.72830057144165 3.70546793937683 3.70446878671646 3.65796959400177 3.62047040462494 3.65797102451324 3.66280525922775 3.68566203117371 3.6982079744339 3.6287539601326 3.60413330793381 3.57401269674301 3.55739200115204
4.28723210096359 4.21289730072021 4.23389607667923 4.31539475917816 4.3215599656105 4.18139189481735 4.21789062023163 4.23055559396744 4.31779813766479 4.50095069408417 4.43493688106537 4.32242280244827 4.35674232244492 4.2877282500267 4.29238104820251 4.31470030546188 4.39051991701126 4.42083913087845 4.42065858840942 4.43014472723007 4.38349467515945 4.24270856380463 4.05808901786804 3.97530269622803 3.94868332147598 3.96989715099335 3.94677776098251 3.89649152755737 3.81637191772461 3.80208575725555 3.8006329536438 3.77701336145401 3.69529128074646 3.70163309574127 3.6441416144371 3.64115005731583 3.62865847349167 3.70066690444946 3.81117558479309 3.73518419265747 3.71352595090866 3.69986772537231 3.66404283046722 3.62838453054428 3.65303379297256 3.73449015617371 3.6834465265274 3.65423601865768 3.63935899734497 3.65081536769867
4.45529878139496 4.38534224033356 4.37671881914139 4.34609538316727 4.29980528354645 4.31484866142273 4.36572510004044 4.38043504953384 4.41611802577972 4.60060757398605 4.61593008041382 4.49125301837921 4.47890913486481 4.51289862394333 4.49905449151993 4.38821077346802 4.32036697864532 4.37135618925095 4.43617904186249 4.47500187158585 4.46671992540359 4.36150068044662 4.16978085041046 4.04956126213074 4.00000822544098 3.97212201356888 3.90806895494461 3.88968271017075 3.87829625606537 3.84874337911606 3.8533570766449 3.80963760614395 3.78895264863968 3.71413540840149 3.70898497104645 3.75100111961365 3.80735057592392 3.79536688327789 3.75654977560043 3.79306602478027 3.74591559171677 3.72926527261734 3.67794799804688 3.66879749298096 3.63907223939896 3.66510552167892 3.67363876104355 3.69067186117172 3.67737203836441 3.66407197713852
4.53969877958298 4.50345355272293 4.48604154586792 4.45246279239655 4.42138397693634 4.3854718208313 4.37022644281387 4.56331419944763 4.7542712688446 4.73909747600555 4.63542354106903 4.53674989938736 4.5285758972168 4.5025686621666 4.42206138372421 4.38955420255661 4.33654719591141 4.45703989267349 4.54369938373566 4.47785896062851 4.42094540596008 4.27329248189926 4.07930600643158 4.09898614883423 4.10933327674866 4.03584676980972 3.95802700519562 3.97570735216141 3.94405436515808 3.88006788492203 3.87208139896393 3.81326162815094 3.81244707107544 3.77563762664795 3.78582829236984 3.78668546676636 3.82004272937775 3.76606673002243 3.69009071588516 3.78378129005432 3.79130518436432 3.81399583816528 3.78585308790207 3.73121029138565 3.72844403982162 3.7360543012619 3.67683118581772 3.68810820579529 3.61855173110962 3.64082854986191
4.56043219566345 4.61656486988068 4.55769747495651 4.48133009672165 4.43479591608047 4.38926184177399 4.39689445495605 4.51836049556732 4.69509124755859 4.76792085170746 4.69175028800964 4.47157979011536 4.37174266576767 4.34707224369049 4.31156837940216 4.40256452560425 4.46189415454865 4.5093902349472 4.47605311870575 4.33421593904495 4.22917079925537 4.19858431816101 4.11133116483688 4.1169114112854 4.1491579413414 4.18523824214935 4.10665172338486 4.12506520748138 3.99814522266388 3.8288921713829 3.83147239685059 3.83671921491623 3.83394181728363 3.81480669975281 3.79317158460617 3.85336995124817 3.85823494195938 3.84343349933624 3.77529835700989 3.82116317749023 3.76469475030899 3.74656003713608 3.74159151315689 3.7521231174469 3.75664913654327 3.78833639621735 3.7551903128624 3.73271071910858 3.72906470298767 3.68025183677673
4.62099897861481 4.65067613124847 4.60685360431671 4.5783639550209 4.54870784282684 4.46188515424728 4.45306241512299 4.51423966884613 4.64557802677155 4.78391098976135 4.67891049385071 4.49324327707291 4.43940943479538 4.47190916538239 4.4387418627739 4.4319081902504 4.34574103355408 4.33857393264771 4.37424004077911 4.27473986148834 4.22172963619232 4.20937633514404 4.18752306699753 4.15316969156265 4.16098320484161 4.21729630231857 4.2697765827179 4.07158982753754 3.92606991529465 3.8700498342514 3.87219655513763 3.8551766872406 3.84776967763901 3.84730911254883 3.85868167877197 3.87105447053909 3.876593708992 3.8902999162674 3.81633907556534 3.7937119603157 3.75258469581604 3.75829046964645 3.7526633143425 3.80020272731781 3.78168773651123 3.76595187187195 3.79788279533386 3.81764703989029 3.84374451637268 3.85367518663406
4.57739901542664 4.62478768825531 4.65584290027618 4.67206454277039 4.58061999082565 4.56750851869583 4.52439701557159 4.51311892271042 4.61156463623047 4.74990081787109 4.79007041454315 4.74640691280365 4.65757632255554 4.66341257095337 4.60224866867065 4.40508508682251 4.33142131567001 4.29709106683731 4.28659379482269 4.21843022108078 4.19695508480072 4.20100140571594 4.18388164043427 4.16309487819672 4.16330796480179 4.16652143001556 4.14590120315552 4.03678101301193 3.90949434041977 3.92554098367691 3.93975430727005 3.90946733951569 3.87843108177185 3.87914472818375 3.90769177675247 3.90223878622055 3.90511918067932 3.90799963474274 3.88171344995499 3.87542706727982 3.75747418403625 3.80702137947083 3.85623508691788 3.87728226184845 3.84672635793686 3.84506744146347 3.83007526397705 3.84491622447968 3.78709083795547 3.7675986289978
4.64110910892487 4.63833105564117 4.69138622283936 4.70460796356201 4.72166323661804 4.7272185087204 4.57927358150482 4.57282888889313 4.59625107049942 4.63404083251953 4.75349700450897 4.78545320034027 4.78857600688934 4.74669885635376 4.68898832798004 4.58894443511963 4.41423374414444 4.31552338600159 4.26897948980331 4.27610224485397 4.29178142547607 4.26068359613419 4.21041893959045 4.1638211607933 4.17105638980865 4.15995854139328 4.12119394540787 4.04442954063416 3.98333150148392 3.97690051794052 3.96946918964386 3.96687120199203 3.92087638378143 3.91665118932724 3.91109257936478 3.97936725616455 3.96914201974869 3.96358340978622 3.94835817813873 3.94113290309906 3.90557426214218 3.91368240118027 3.90662384033203 3.91756534576416 3.91868090629578 3.88747072219849 3.876593708992 3.82788336277008 3.78233987092972 3.73229640722275
4.90396249294281 4.84513962268829 4.85115027427673 4.79716086387634 4.73683798313141 4.72668194770813 4.70152568817139 4.71203637123108 4.66497123241425 4.74333047866821 4.88968980312347 4.89738237857819 4.84424161911011 4.73143422603607 4.5866265296936 4.59198582172394 4.61401176452637 4.52603757381439 4.45106357336044 4.43458944559097 4.45837569236755 4.44525575637817 4.3131355047226 4.23751550912857 4.26722878217697 4.16044193506241 4.1286553144455 4.03720194101334 4.02508175373077 3.99779504537582 3.98800832033157 4.00255501270294 3.96660596132278 3.99932831525803 4.04155081510544 4.06927329301834 3.95432883501053 3.97338443994522 4.00077360868454 4.00532907247543 4.07271832227707 4.08577400445938 4.01082956790924 3.98721873760223 3.99005168676376 3.96899515390396 3.89360505342484 3.83338195085526 3.77815860509872 3.76693540811539
4.99614930152893 5.00478184223175 5.04508113861084 4.97854697704315 4.90567970275879 4.78297877311707 4.83961129188538 4.84774398803711 4.80085802078247 4.85845375061035 4.93454933166504 4.92081153392792 4.88207387924194 4.79866933822632 4.53109854459763 4.4061940908432 4.46778970956802 4.45188534259796 4.36614763736725 4.33690983057022 4.32530319690704 4.40482771396637 4.47385197877884 4.39137649536133 4.41356754302979 4.28742522001266 4.10344964265823 4.10597431659698 4.11049872636795 4.03568977117538 4.04371398687363 4.03857177495956 3.96016901731491 3.93350547552109 3.97950887680054 4.03001219034195 3.99284881353378 4.01885229349136 4.02002209424973 4.03719216585159 4.04452872276306 4.08136564493179 4.11336880922318 4.12437224388123 3.98575586080551 3.96385276317596 3.96794986724854 3.95021373033524 3.8078106045723 3.77640783786774
4.99716937541962 5.01559066772461 4.90484535694122 4.78693306446075 4.79918777942657 4.75544250011444 4.78386354446411 4.83378469944 4.7235780954361 4.70874345302582 4.80240869522095 4.80124080181122 4.78390622138977 4.66807150840759 4.50390350818634 4.37923568487167 4.39673429727554 4.4030664563179 4.40023171901703 4.39406377077103 4.36806404590607 4.3380663394928 4.42490208148956 4.46590405702591 4.28990626335144 4.21290862560272 4.18324398994446 4.1620796918869 4.15741550922394 4.17691743373871 4.27658641338348 4.14392203092575 3.99973177909851 3.97484946250916 3.9519670009613 3.93708455562592 3.96770238876343 4.00348657369614 4.06143742799759 4.02738845348358 3.98867273330688 4.00645703077316 4.04074144363403 4.14702558517456 4.1636266708374 4.073710501194 4.04996126890182 4.08287870883942 3.94229602813721 3.89254689216614
5.00635612010956 5.09089934825897 5.01044261455536 4.85815262794495 4.84869575500488 4.86390566825867 4.85594892501831 4.79599225521088 4.70663142204285 4.68336665630341 4.64026832580566 4.66950333118439 4.60640513896942 4.55747365951538 4.5095419883728 4.44677704572678 4.44101202487946 4.40724718570709 4.4143158197403 4.45321744680405 4.43949162960052 4.41897183656693 4.44928526878357 4.33143186569214 4.34707844257355 4.3513919711113 4.18837195634842 4.15201860666275 4.13866549730301 4.13647884130478 4.2281254529953 4.12143886089325 4.03196138143539 4.01119351387024 3.96342515945435 3.94849050045013 3.99222230911255 4.03845435380936 4.08935290575027 4.09608483314514 4.15431666374207 4.0905487537384 3.99194741249084 4.01351249217987 4.12749737501144 4.16740149259567 4.25780606269836 4.31071031093597 4.28011494874954 4.18818604946136
5.05487620830536 5.11254155635834 5.10570681095123 4.97887206077576 4.92203736305237 4.87653577327728 4.87153446674347 4.83119976520538 4.72918462753296 4.7096563577652 4.62896120548248 4.61526584625244 4.65807068347931 4.69120895862579 4.52101373672485 4.48448520898819 4.57512354850769 4.59292829036713 4.47639971971512 4.42520469427109 4.45575273036957 4.39271056652069 4.40916818380356 4.45012611150742 4.48608386516571 4.41137510538101 4.25783288478851 4.14812421798706 4.14408224821091 4.21787315607071 4.223164498806 4.13695567846298 4.15885770320892 4.06670379638672 4.0285502076149 4.02222985029221 4.03090929985046 4.08892220258713 4.13076823949814 4.15411448478699 4.08662730455399 4.00514030456543 4.04681992530823 4.08566588163376 4.13136810064316 4.14809292554855 4.4236506819725 4.54004216194153 4.46560025215149 4.35215836763382
