data/spatiotemp/temp4/bio19_norsw_test_2015_2018.asc
NCOLS 654 
NROWS 380 
XLLCORNER 3.91666666666667 
YLLCORNER 55.3333333333333 
CELLSIZE 0.0416666666666667 
NODATA_value -9999 
[rows 220 to 241 of 380, columns 550 to 599 of 654]
147.954423904419 145.323406219482 145.426124572754 145.317203521729 145.331594467163 143.20471572876 143.219594955444 142.042278289795 140.03003692627 141.296543121338 142.443323135376 142.814107894897 143.100910186768 143.169422149658 144.078149795532 144.366853713989 145.604837417603 146.732559204102 147.107311248779 147.91646194458 147.677675247192 147.746320724487 147.834564208984 147.198165893555 147.74040222168 147.617370605469 147.723682403564 146.421632766724 146.569095611572 146.552938461304 148.148904800415 148.255218505859 149.415855407715 149.521896362305 150.35375213623 149.411575317383 149.778764724731 149.830251693726 149.881731033325 150.9831199646 150.713973999023 150.043970108032 150.256143569946 150.224300384521 150.192453384399 151.445508956909 150.168935775757 151.297386169434 150.337543487549 150.998636245728
145.036859512329 145.126625061035 144.917320251465 145.0065574646 144.031883239746 144.12166595459 143.910301208496 142.836973190308 141.979907989502 142.369449615479 143.725450515747 143.796764373779 143.868085861206 143.720832824707 143.791343688965 145.248476028442 146.684062957764 146.755710601807 146.827360153198 146.899013519287 147.487817764282 148.419403076172 148.400066375732 147.772340774536 146.832912445068 146.948492050171 147.499843597412 147.61581993103 147.731803894043 147.614231109619 146.55357170105 149.446752548218 149.563056945801 149.679347991943 150.517250061035 151.62228012085 151.674438476562 151.726593017578 152.097217559814 151.589153289795 153.009168624878 153.060821533203 152.03634262085 152.087020874023 148.580890655518 148.545763015747 148.53666305542 150.360607147217 151.816257476807 151.654312133789
145.060375213623 144.631156921387 143.981292724609 143.721000671387 143.702657699585 143.350688934326 143.214254379272 142.987079620361 142.001613616943 143.135282516479 143.727380752563 143.80249786377 145.039808273315 146.172342300415 146.247364044189 146.322376251221 146.091178894043 146.472398757935 147.286661148071 147.362585067749 147.438516616821 147.293678283691 146.339555740356 146.464782714844 147.024698257446 147.15034866333 147.587009429932 148.766160964966 148.580268859863 147.420450210571 148.597812652588 149.270446777344 149.396520614624 151.328163146973 150.664573669434 151.470890045166 151.523731231689 153.072265625 151.948139190674 153.050006866455 152.861633300781 152.913997650146 152.966356277466 150.896076202393 151.992275238037 151.000368118286 151.315021514893 150.220006942749 151.348663330078 151.435482025146
144.370906829834 143.708652496338 143.771360397339 142.680112838745 142.742197036743 144.260387420654 142.866363525391 142.928440093994 142.990528106689 143.052604675293 144.482227325439 145.71883392334 145.797203063965 145.875587463379 145.953964233398 145.726490020752 145.804388046265 145.882289886475 145.960189819336 146.777896881104 149.378765106201 149.458034515381 149.566884994507 149.480693817139 149.307842254639 149.444654464722 148.414928436279 148.550769805908 148.91695022583 148.822456359863 148.958293914795 149.845315933228 151.033967971802 151.170789718628 151.265968322754 151.319494247437 151.373027801514 151.426557540894 151.480087280273 150.53967666626 150.271650314331 151.078023910522 151.984264373779 152.118574142456 152.171510696411 152.467538833618 151.032073974609 152.628509521484 150.962778091431 149.271312713623
143.461730957031 142.450729370117 142.710123062134 142.759960174561 143.961639404297 145.797439575195 145.847524642944 145.168802261353 145.218370437622 145.997779846191 145.333595275879 145.415336608887 145.283319473267 145.364225387573 145.445140838623 145.52604675293 145.300519943237 146.643272399902 145.461395263672 146.069261550903 149.100122451782 149.182838439941 149.298343658447 150.27307510376 149.370367050171 149.517496109009 150.941783905029 151.090225219727 151.98694229126 152.136360168457 152.054147720337 152.202381134033 152.27054977417 152.419486999512 152.521615982056 152.340383529663 152.395156860352 151.276542663574 150.576480865479 150.630558013916 151.73006439209 149.581150054932 150.584138870239 150.542596817017 150.501049041748 150.217565536499 149.271595001221 149.293548583984 149.315505981445 149.337459564209
142.515882492065 140.902166366577 143.445224761963 142.539972305298 143.726123809814 143.254825592041 144.855993270874 144.89262008667 145.65803527832 145.695079803467 145.756656646729 147.198230743408 146.233589172363 145.282049179077 145.367151260376 145.237321853638 145.321592330933 145.622463226318 145.490129470825 146.729339599609 147.862226486206 147.946531295776 147.75728225708 148.65594291687 150.171100616455 150.552894592285 150.711303710938 151.616933822632 151.77635383606 152.985277175903 153.144927978516 153.304578781128 153.464227676392 153.38963508606 153.496654510498 153.471466064453 153.843940734863 152.534313201904 151.835857391357 152.281759262085 151.78182220459 151.73685836792 151.691886901855 151.402109146118 151.60195350647 151.556983947754 151.302066802979 149.906400680542 148.890769958496 149.157464981079
140.637447357178 140.666633605957 140.790683746338 141.875335693359 142.410717010498 142.13850402832 144.043573379517 144.699003219604 146.507255554199 146.838977813721 146.592351913452 146.678092956543 146.76383972168 146.116651535034 145.988388061523 146.072277069092 146.156160354614 146.240039825439 146.232439041138 148.300230026245 147.645349502563 147.729612350464 148.280025482178 148.734230041504 149.939958572388 151.473573684692 151.515705108643 153.576717376709 152.657102584839 153.545461654663 152.881326675415 154.083694458008 154.23876953125 153.345891952515 154.817785263062 153.517566680908 153.58039855957 153.643232345581 153.470178604126 153.211776733398 152.707689285278 153.710544586182 153.671226501465 152.459270477295 152.419317245483 150.855134963989 151.086235046387 151.107830047607 152.413898468018 149.974967956543
139.620597839355 140.372400283813 140.60272026062 141.778308868408 141.502202987671 144.536287307739 144.35551071167 145.109552383423 146.487293243408 147.869743347168 146.774991989136 146.552621841431 146.634826660156 146.811710357666 146.064821243286 145.933193206787 146.750072479248 146.831491470337 146.912916183472 148.363357543945 148.445985794067 149.57120513916 149.369491577148 149.503179550171 151.103874206543 150.081760406494 153.474710464478 152.140281677246 152.362697601318 152.723566055298 153.90255355835 154.03826713562 154.173976898193 154.309692382812 154.415481567383 154.491355895996 154.567230224609 154.324419021606 154.48464012146 154.559885025024 154.313261032104 153.404792785645 152.209680557251 153.5921459198 153.193454742432 154.117713928223 153.956642150879 153.710121154785 150.874889373779 150.89098739624
139.233379364014 139.556060791016 141.357610702515 141.681282043457 141.703914642334 142.775512695312 143.100269317627 144.999626159668 146.372707366943 146.395111083984 146.653568267822 146.427139282227 146.505813598633 146.584480285645 146.663150787354 146.005922317505 145.870998382568 146.685863494873 146.238830566406 147.056509017944 148.288536071777 147.625539779663 147.411256790161 150.903854370117 152.459032058716 152.36988067627 154.256645202637 154.685464859009 154.802412033081 156.932529449463 157.05139541626 157.170269012451 157.289134979248 156.426652908325 155.052324295044 155.140369415283 156.392087936401 155.316471099854 155.724370956421 155.580017089844 155.346435546875 154.368047714233 155.845268249512 155.933681488037 155.69580078125 155.354286193848 156.468143463135 154.015748977661 154.093091964722 154.170444488525
136.947917938232 138.319679260254 140.535501480103 141.584266662598 141.604089736938 142.670585632324 142.993070602417 143.012428283691 143.761791229248 144.824378967285 145.078052520752 144.944725036621 143.244325637817 143.317724227905 144.431259155273 144.504180908203 145.939947128296 147.060943603516 146.827604293823 146.16224861145 146.236351013184 146.310451507568 148.155799865723 149.478845596313 150.866344451904 153.082006454468 154.527767181396 155.974109649658 156.820358276367 159.648735046387 159.749465942383 159.310997009277 157.216228485107 156.685470581055 156.71520614624 156.719696044922 157.590305328369 157.462966918945 156.5328540802 157.667560577393 155.218313217163 156.253274917603 155.090944290161 156.909818649292 157.011316299438 156.119590759277 156.443227767944 155.3463306427 155.179510116577 154.465799331665
136.86243057251 137.92805480957 140.440425872803 141.487241744995 141.504261016846 142.565654754639 142.581693649292 142.59774017334 142.918972015381 143.975938796997 144.018419265747 144.820487976074 144.157203674316 144.226598739624 144.295986175537 143.020265579224 144.126289367676 144.715339660645 144.785406112671 146.317701339722 145.865411758423 145.935306549072 149.464002609253 149.539964675903 149.615921020508 153.970127105713 153.23291015625 154.343307495117 156.514337539673 160.347482681274 160.427278518677 158.005125045776 157.86021232605 157.623718261719 158.036790847778 158.154634475708 158.272491455078 159.419425964355 157.754459381104 158.899906158447 158.78539276123 155.937026977539 155.9554271698 157.968418121338 158.318458557129 158.198751449585 158.2900390625 157.004650115967 157.402349472046 155.971115112305
137.823934555054 138.139791488647 138.15389251709 139.212036132812 139.954036712646 139.967649459839 141.432901382446 142.487194061279 142.806142807007 142.819871902466 143.897254943848 143.96311378479 144.028987884521 144.302425384521 144.36893081665 143.192184448242 143.258625030518 143.325071334839 144.424180984497 144.490047454834 145.920866012573 147.042110443115 148.446294784546 149.656827926636 150.743421554565 150.799867630005 154.003238677979 156.170566558838 157.455654144287 158.76259803772 159.041669845581 158.786693572998 159.872825622559 160.023080825806 158.963554382324 158.069385528564 159.227224349976 160.197671890259 160.649471282959 159.622728347778 159.432161331177 159.562881469727 158.199237823486 159.068323135376 159.525415420532 159.51342010498 158.588428497314 158.651252746582 158.146619796753 157.189559936523
136.691440582275 137.747041702271 139.103933334351 139.114284515381 141.0003490448 142.355779647827 142.366216659546 143.720113754272 143.730037689209 143.433216094971 143.468921661377 143.530902862549 143.900762557983 143.136751174927 142.891723632812 143.056016921997 144.15012550354 143.18194770813 143.244916915894 144.337154388428 144.39949798584 145.926280975342 148.271709442139 149.33610534668 150.838417053223 150.563089370728 152.587940216064 146.645597457886 158.200546264648 158.335411071777 158.37370300293 159.435474395752 159.788042068481 159.82621383667 159.918922424316 160.066171646118 161.234937667847 161.700998306274 161.849033355713 161.675651550293 161.916488647461 160.904180526733 161.280883789062 161.10203742981 161.837099075317 160.964855194092 161.06688117981 160.559268951416 159.450983047485 158.491706848145
134.229379653931 136.928600311279 137.66464805603 139.016532897949 139.753665924072 142.250846862793 142.258478164673 142.266096115112 143.614858627319 143.314693450928 143.347232818604 143.713724136353 143.772541046143 143.831357955933 142.757621765137 142.919849395752 143.186769485474 143.246822357178 143.306869506836 144.393363952637 144.763832092285 144.823556900024 147.352071762085 149.139047622681 150.309188842773 151.385440826416 152.639644622803 155.492670059204 157.625946044922 157.164894104004 158.333871841431 159.37126159668 159.388618469238 160.739452362061 161.049383163452 161.2121925354 161.374992370605 161.537801742554 161.475616455078 162.6540184021 162.815464019775 163.300708770752 163.463283538818 163.625871658325 162.300859451294 162.461280822754 162.567066192627 161.624912261963 160.661874771118 159.549703598022
136.633483886719 137.566028594971 138.609550476074 138.918783187866 139.959711074829 142.145915985107 140.698299407959 141.009468078613 142.046319961548 143.196176528931 143.225555419922 143.589031219482 143.848642349243 144.21361541748 144.269752502441 144.120008468628 144.175624847412 141.951984405518 142.95171546936 143.215702056885 144.606586456299 144.974489212036 147.177089691162 147.921178817749 150.61581993103 150.614276885986 152.378578186035 154.545455932617 157.149299621582 156.833257675171 159.31044960022 159.523498535156 160.270414352417 161.282497406006 161.369749069214 161.546962738037 162.304153442383 162.481700897217 162.659236907959 163.15842628479 163.014312744141 164.528438568115 164.478765487671 164.656105041504 164.833446502686 163.851184844971 162.874038696289 161.674016952515 161.718147277832 160.422252655029
137.776929855347 138.81693649292 139.96505355835 141.001895904541 140.587102890015 142.040985107422 143.074737548828 141.929944992065 142.132698059082 142.24033164978 141.957942962646 142.317768096924 142.572338104248 144.081422805786 144.133985519409 143.981643676758 141.86082649231 143.246236801147 142.986799240112 141.274284362793 143.533767700195 143.48263168335 145.576519012451 147.936298370361 150.397596359253 152.349681854248 152.568813323975 145.8134765625 156.5244140625 147.475763320923 148.540935516357 159.228553771973 162.025379180908 162.216648101807 160.939384460449 159.929033279419 160.025205612183 160.121377944946 160.217548370361 163.802845001221 163.995330810547 164.187814712524 165.162326812744 165.353471755981 165.544622421265 164.726976394653 163.683654785156 162.632791519165 162.670314788818 161.702640533447
141.410354614258 140.991910934448 142.137525558472 143.169588088989 143.168064117432 143.473480224609 143.472423553467 142.018043518066 141.815647125244 142.015201568604 142.145904541016 142.193477630615 143.900249481201 142.598707199097 143.794750213623 143.005111694336 143.053266525269 142.08179473877 143.149566650391 142.073587417603 142.122720718384 144.653497695923 145.405128479004 147.846225738525 149.028450012207 152.420532226562 154.540723800659 145.536104202271 146.115837097168 149.609195709229 149.522577285767 150.098592758179 149.537910461426 149.924488067627 150.580272674561 151.129867553711 152.351142883301 152.428344726562 151.543849945068 160.955986022949 161.067489624023 165.176908493042 165.384559631348 165.592206954956 162.519062042236 162.630598068237 160.274744033813 163.43793296814 163.470504760742 161.408210754395
143.583505630493 143.579895019531 144.607601165771 144.909494400024 144.399213790894 144.3942527771 143.362201690674 142.637516021729 142.83415222168 143.963619232178 143.983818054199 144.338415145874 143.646394729614 143.690229415894 142.714576721191 142.759273529053 142.803977966309 143.16033744812 141.985132217407 141.286529541016 141.330938339233 143.134857177734 144.800090789795 146.067512512207 149.124250411987 151.970668792725 153.231601715088 156.594142913818 157.537237167358 158.303165435791 150.206050872803 149.77515411377 150.149560928345 151.853645324707 151.848190307617 151.935203552246 152.681991577148 152.768981933594 152.855974197388 152.942975997925 162.230907440186 163.361429214478 161.971801757812 165.27626991272 162.225843429565 162.352869033813 165.843786239624 165.870275497437 163.741939544678 163.205718994141
147.890350341797 147.889156341553 147.887964248657 147.688259124756 145.51496887207 145.514629364014 145.205875396729 145.005386352539 143.859926223755 144.168790817261 144.191698074341 144.237976074219 144.594985961914 144.641551971436 143.948852539062 143.994394302368 143.02410697937 143.070489883423 142.102729797363 140.998920440674 140.299991607666 143.569259643555 146.038536071777 147.9381275177 150.347368240356 152.438577651978 153.640272140503 156.04043006897 157.724269866943 158.799100875854 160.688425064087 160.617483139038 161.547100067139 162.614797592163 152.987701416016 152.44185256958 152.528408050537 152.614961624146 153.360380172729 153.446876525879 164.18575668335 161.651895523071 161.779281616211 163.42608833313 163.555267333984 162.389142990112 165.663028717041 166.448226928711 166.703876495361 164.741588592529
150.191385269165 149.054847717285 149.062772750854 149.07070350647 149.078628540039 146.919239044189 146.728527069092 146.737100601196 146.745677947998 146.754257202148 146.584342956543 145.492931365967 145.746913909912 146.111030578613 146.164033889771 146.217044830322 145.567733764648 144.675827026367 143.402425765991 142.304981231689 141.751312255859 143.76654624939 146.243726730347 148.261619567871 150.366069793701 153.735721588135 155.83318901062 157.843235015869 159.137727737427 160.081577301025 161.085176467896 162.026628494263 163.106922149658 163.044620513916 164.327342987061 162.577255249023 162.692827224731 153.286720275879 154.655628204346 154.731700897217 155.278450012207 164.269836425781 164.234355926514 163.34955406189 167.68009185791 166.129302978516 166.247255325317 166.276947021484 164.819978713989 163.853635787964
152.070194244385 152.088096618652 152.105989456177 151.288686752319 149.976987838745 149.995685577393 148.871494293213 148.156936645508 148.175022125244 147.992198944092 149.278568267822 149.340023040771 148.46195602417 148.833866119385 148.894290924072 147.940587997437 146.853933334351 146.914232254028 145.218446731567 144.964542388916 145.338270187378 148.307090759277 148.835426330566 150.951259613037 152.977024078369 154.977956771851 156.826652526855 158.100074768066 160.153457641602 161.424856185913 162.378175735474 163.471073150635 163.210277557373 164.476770401001 164.545997619629 164.736726760864 166.891347885132 165.114189147949 165.431146621704 164.022262573242 165.865869522095 167.601020812988 167.793725967407 167.763858795166 167.197109222412 166.059316635132 165.016128540039 165.049179077148 164.749658584595 163.787837982178
154.555179595947 154.583095550537 154.809509277344 153.80517578125 153.83353805542 151.392066955566 151.220584869385 151.248760223389 150.13500213623 150.163200378418 150.522281646729 150.590280532837 150.658279418945 150.726272583008 151.106857299805 150.16236114502 149.489183425903 149.353506088257 149.421087265015 149.692775726318 149.76064491272 150.143606185913 153.068538665771 154.040748596191 155.675670623779 157.393815994263 158.504480361938 159.471506118774 161.53489112854 161.495697021484 162.667778015137 163.772161483765 163.5227394104 164.801603317261 164.868762969971 165.044250488281 166.540901184082 168.253019332886 168.968807220459 168.392807006836 168.569715499878 167.377738952637 167.772569656372 167.190982818604 167.143224716187 165.166133880615 164.939361572266 164.975868225098 167.15496635437 165.048875808716
