data/spatiotemp/temp4/bio19_norsw_test_2015_2018.asc
NCOLS 654 
NROWS 380 
XLLCORNER 3.91666666666667 
YLLCORNER 55.3333333333333 
CELLSIZE 0.0416666666666667 
NODATA_value -9999 
[rows 110 to 131 of 380, columns 400 to 449 of 654]
111.735288619995 113.482154846191 111.720815658569 112.765535354614 113.508558273315 112.458793640137 110.424179077148 110.288850784302 111.413340568542 111.489148139954 109.446741104126 110.577345848083 108.673480033875 111.996843338013 114.606225967407 115.605112075806 117.996759414673 121.156673431396 123.740217208862 123.787479400635 124.896492004395 124.994472503662 126.301008224487 129.612373352051 130.718368530273 131.891288757324 132.135812759399 134.367593765259 134.654424667358 131.705211639404 129.680517196655 128.708909988403 128.995895385742 130.05616569519 130.181377410889 130.110723495483 131.346935272217 131.280035018921 131.603559494019 132.790515899658 132.037927627563 129.93510055542 128.77911567688 128.87479019165 128.97046661377 125.732225418091 125.633310317993 124.86280632019 128.107913970947 129.25842666626
106.452547073364 108.416067123413 108.418272018433 108.420480728149 112.604726791382 110.484325408936 108.363946914673 108.22380065918 108.291851997375 108.3598985672 110.613490104675 111.745439529419 108.768310546875 112.089263916016 115.617294311523 116.951780319214 119.192920684814 120.29030418396 122.513145446777 124.685367584229 127.108160018921 130.609498977661 130.422897338867 130.657108306885 133.074214935303 135.093111038208 134.269208908081 134.500673294067 134.77935218811 135.963285446167 134.135917663574 130.07084274292 131.098285675049 132.32755279541 133.390478134155 134.765985488892 138.001920700073 137.077684402466 135.877855300903 133.816247940063 132.875576019287 131.920385360718 130.694580078125 129.650730133057 128.694673538208 126.59786605835 125.550756454468 123.450511932373 126.885522842407 129.175371170044
100.111045837402 104.400018692017 110.535352706909 109.47407913208 107.316411018372 107.37616443634 107.228614807129 108.347255706787 108.40975189209 108.472244262695 107.613296508789 109.867895126343 111.914517402649 111.978923797607 113.304740905762 117.687828063965 117.935363769531 120.14751625061 122.511875152588 123.665988922119 126.932029724121 131.677946090698 133.884883880615 133.909912109375 136.114910125732 135.048156738281 135.267751693726 135.486526489258 135.757020950317 138.06237411499 139.31837272644 136.355897903442 136.480007171631 139.702651977539 138.780536651611 141.269884109497 143.390676498413 143.59592628479 139.092235565186 137.981122970581 134.779640197754 135.069841384888 133.929119110107 130.701749801636 130.608074188232 128.517890930176 128.803758621216 128.899940490723 126.808298110962 123.371913909912
100.237712860107 98.9664821624756 102.20872592926 108.485566139221 107.450909614563 106.378955841064 105.372713088989 108.470712661743 108.52765083313 108.584590911865 108.437686920166 106.716807365417 112.21604347229 111.147497177124 110.127723693848 113.446997642517 118.732555389404 118.951076507568 120.223342895508 124.759828567505 128.04386138916 132.418754577637 133.683418273926 136.92568397522 137.135187149048 135.003200531006 135.21068572998 135.417308807373 134.384330749512 141.256109237671 138.102891921997 138.421451568604 145.123216629028 142.89935874939 143.221179962158 146.456890106201 147.635149002075 145.48484992981 143.439018249512 140.066535949707 138.946804046631 137.913799285889 138.015968322754 137.075347900391 133.849126815796 131.767818450928 131.867431640625 128.629188537598 127.686292648315 125.478797912598
105.801914215088 101.490052223206 99.0901679992676 102.127821922302 106.665759086609 106.7136926651 107.477108955383 105.545793533325 105.594921112061 108.696937561035 108.545351982117 108.597374916077 106.668155670166 106.720044136047 110.036549568176 112.27147769928 115.537784576416 118.814300537109 120.073841094971 122.259368896484 126.78275680542 133.479871749878 135.854982376099 138.197643280029 140.372817993164 137.298526763916 132.98309135437 132.984306335449 133.23974609375 135.724451065063 138.016094207764 139.266059875488 142.676977157593 142.803224563599 145.095056533813 149.462398529053 153.089757919312 149.729949951172 149.863733291626 144.510513305664 140.081033706665 141.139263153076 141.24439239502 139.160774230957 138.126260757446 133.860425949097 133.773509979248 131.884468078613 129.808057785034 128.555198669434
108.977961540222 107.913042068481 105.719663619995 99.2105846405029 102.274062156677 105.567806243896 105.620625495911 106.722140312195 107.83988571167 106.625913619995 103.410705566406 106.517444610596 106.564582824707 106.61171913147 108.838872909546 113.405564308167 116.897493362427 115.805028915405 117.050769805908 120.318675994873 123.733711242676 131.512340545654 137.99341583252 143.621337890625 143.611572265625 143.795948028564 137.436336517334 131.880414962769 131.936016082764 132.248294830322 134.533140182495 136.818544387817 140.226371765137 142.516149520874 145.744335174561 147.194095611572 152.793817520142 153.965068817139 155.993806838989 154.044828414917 150.774930953979 146.531755447388 143.318277359009 143.423690795898 138.032228469849 137.102531433105 133.871839523315 131.80189704895 131.901622772217 131.817064285278
107.194811820984 104.997995376587 105.853519439697 104.572036743164 99.1416864395142 99.1889629364014 104.669386863708 106.707014083862 107.622993469238 105.455801010132 103.515169143677 103.354345321655 106.662703514099 105.652814865112 110.01678276062 111.505979537964 113.698831558228 115.864645004272 116.050849914551 120.357740402222 123.756181716919 129.37748336792 133.86895942688 137.122001647949 140.501529693604 136.169368743896 135.111293792725 128.548810958862 127.560674667358 129.835584640503 131.069679260254 134.38282585144 139.948808670044 140.070182800293 141.319446563721 145.772241592407 149.198726654053 155.74889755249 158.046745300293 159.332954406738 157.176860809326 151.724395751953 148.515287399292 146.46141242981 144.592351913452 140.34334564209 137.116313934326 133.883373260498 131.819103240967 133.900421142578
113.644556045532 109.448822975159 109.248977661133 104.905067443848 102.523944854736 98.2319269180298 100.396863937378 104.617073059082 105.531127929688 105.766285896301 103.619632720947 104.382237434387 103.489586830139 106.797164916992 112.283313751221 112.517091751099 113.770063400269 112.649428367615 115.904550552368 121.439477920532 125.816368103027 121.781461715698 127.388530731201 130.441509246826 132.769107818604 127.308752059937 124.202133178711 125.10860824585 125.342239379883 127.420124053955 131.002355575562 133.274040222168 137.70652961731 146.562042236328 147.626396179199 146.625650405884 147.879581451416 150.182346343994 155.589202880859 159.034154891968 162.475883483887 154.935264587402 149.572984695435 146.361347198486 145.447105407715 145.556823730469 144.713306427002 140.465539932251 136.868709564209 133.631481170654
108.452075958252 108.234174728394 111.485534667969 111.268856048584 108.010405540466 101.528211593628 98.083137512207 100.286390304565 101.395222663879 107.755023956299 103.461285591125 105.63047504425 104.609558105469 106.782977104187 114.430976867676 112.425772666931 119.170246124268 116.063735961914 116.035593032837 117.241233825684 120.48341178894 120.452795028687 118.37917137146 122.74210357666 127.203393936157 132.592021942139 129.285629272461 124.952219009399 124.987930297852 127.434162139893 129.601076126099 132.887084960938 136.468130111694 138.730508804321 145.234859466553 149.858659744263 147.623519897461 150.856355667114 150.979619979858 154.223670959473 157.653829574585 154.458213806152 150.237215042114 145.064781188965 145.173109054565 147.24884223938 145.207273483276 143.347248077393 142.091775894165 136.71028137207
113.870716094971 111.66707611084 108.181448936462 104.901511192322 105.979995727539 103.654480934143 100.403205871582 101.502914428711 101.517100334167 103.549535751343 103.36678314209 106.651752471924 108.812072753906 107.928573608398 111.214612960815 115.542858123779 116.659662246704 117.859119415283 120.162536621094 122.284969329834 125.707597732544 121.470756530762 120.400787353516 122.514719009399 119.402112960815 122.62638092041 129.020156860352 125.808153152466 124.07341003418 125.003355026245 129.302097320557 134.81748008728 134.920408248901 139.321725845337 140.550155639648 142.797624588013 146.00479888916 146.11382484436 150.533863067627 152.741298675537 149.554636001587 149.663631439209 146.282413482666 142.067255020142 141.225355148315 144.643159866333 141.431480407715 139.392419815063 139.495290756226 135.264543533325
117.100845336914 117.075504302979 116.846508026123 112.304901123047 103.7958984375 106.859689712524 100.338930130005 103.404913902283 105.427060127258 104.508014678955 101.250244140625 107.786420822144 119.755611419678 116.496751785278 113.236993789673 115.581827163696 115.564727783203 117.681715011597 120.246866226196 121.430370330811 120.275514602661 121.536302566528 120.186408996582 120.333673477173 123.547679901123 121.550882339478 123.455627441406 122.290782928467 122.310810089111 123.517152786255 129.003120422363 130.024747848511 129.182897567749 132.340408325195 139.992568969727 140.08776473999 142.316455841064 144.496547698975 144.595230102539 145.889312744141 146.138826370239 148.193389892578 146.011281967163 143.798337936401 138.241172790527 136.389984130859 139.796756744385 136.58757019043 134.552833557129 131.515817642212
114.728685379028 112.723653793335 112.490760803223 109.200392723083 103.747120857239 100.480962753296 100.27465057373 100.269939422607 103.32696723938 106.385507583618 103.319065093994 104.551908493042 117.398025512695 119.620233535767 114.126127243042 119.614240646362 116.521656036377 117.699151992798 119.788499832153 122.164573669434 123.332664489746 125.231126785278 125.369249343872 119.920774459839 123.314159393311 123.261240005493 118.941511154175 120.8327293396 120.022386550903 121.112991333008 128.704141616821 128.783842086792 129.981410980225 130.061368942261 132.081207275391 137.556081771851 141.916255950928 140.808546066284 143.050708770752 144.072696685791 145.355463027954 144.453012466431 144.370693206787 141.18221282959 139.156791687012 132.664333343506 136.056020736694 135.15488243103 134.1233959198 134.219345092773
113.973123550415 112.687194824219 110.437311172485 109.356887817383 105.870069503784 103.684604644775 100.411016464233 100.397346496582 102.348249435425 103.430653572083 105.379323005676 108.624273300171 108.807013511658 121.632455825806 118.358278274536 120.676868438721 121.761966705322 116.495487213135 118.57719039917 118.715526580811 121.913269042969 127.245845794678 123.008522033691 122.949275970459 119.832334518433 117.835494995117 117.778657913208 118.647888183594 119.768787384033 118.712549209595 125.278009414673 127.469520568848 128.468494415283 125.28297996521 127.470369338989 132.731647491455 134.132968902588 130.754783630371 132.941825866699 139.367721557617 139.453720092773 140.547582626343 139.647718429565 139.561861038208 137.552356719971 135.529951095581 133.507429122925 132.609491348267 130.399822235107 132.797903060913
118.331321716309 117.159872055054 115.871578216553 112.570507049561 111.092685699463 109.052391052246 105.568897247314 105.544951438904 107.742587089539 106.421869277954 104.439986228943 105.449165344238 107.577076911926 109.882425308228 114.036548614502 115.11968421936 116.295310974121 115.01537322998 117.281179428101 120.661869049072 115.599868774414 118.593133926392 117.605745315552 117.352046966553 117.480047225952 119.651023864746 121.707893371582 118.404451370239 118.402462005615 118.573055267334 118.820955276489 120.807382583618 122.793071746826 120.530878067017 122.699901580811 123.871053695679 123.928453445435 123.985857009888 127.117778778076 132.608528137207 135.762210845947 132.587738037109 133.666675567627 132.765575408936 132.672294616699 134.112800598145 134.204336166382 131.014108657837 127.638031005859 126.977626800537
119.338726043701 114.986444473267 116.031234741211 119.915674209595 114.447908401489 112.248044967651 108.956521987915 109.847272872925 110.846158981323 111.911708831787 110.774831771851 113.795932769775 117.013628005981 113.92068862915 110.632175445557 108.65131187439 111.852411270142 114.111331939697 115.350975036621 114.268865585327 112.267314910889 116.647861480713 116.388614654541 112.075216293335 112.011182785034 112.950105667114 121.465328216553 120.394422531128 117.153165817261 118.127513885498 120.285638809204 125.680011749268 127.836515426636 123.466817855835 121.199621200562 123.165771484375 121.29740524292 121.346300125122 123.310964584351 124.530277252197 127.848991394043 127.750503540039 127.835515975952 127.920532226562 126.889169692993 126.973249435425 127.23850440979 127.322193145752 125.307525634766 124.413999557495
121.524534225464 117.11354637146 116.858278274536 117.899271011353 117.848743438721 117.601112365723 117.553936004639 110.997272491455 117.459573745728 114.159372329712 112.88928604126 113.869771957397 116.247955322266 113.974092483521 113.927772521973 109.615751266479 110.671875 113.845714569092 117.299160003662 116.019479751587 112.901260375977 119.304656982422 119.229406356812 113.996501922607 110.882633209229 109.625169754028 111.663515090942 114.819927215576 115.726360321045 114.641668319702 123.240571975708 127.293771743774 125.23698425293 119.919862747192 120.88260269165 118.794202804565 119.976821899414 118.870025634766 123.131635665894 123.169979095459 127.271291732788 130.601053237915 124.186130523682 122.175981521606 120.52942276001 121.402618408203 122.415868759155 123.469053268433 121.638652801514 121.717336654663
114.964544296265 115.83304977417 116.810646057129 118.049142837524 114.534067153931 111.222417831421 112.068590164185 112.015354156494 115.214063644409 111.908893585205 113.998847961426 113.942983627319 117.134578704834 117.07759475708 113.775390625 115.949630737305 110.705396652222 112.94736289978 111.66690826416 113.906023025513 113.827322006226 118.291742324829 122.441719055176 119.128536224365 109.681348800659 108.687292098999 109.532726287842 114.588161468506 115.485019683838 114.390256881714 113.43571472168 116.293989181519 118.416015625 118.446830749512 119.399541854858 118.288675308228 121.547714233398 118.34645652771 118.375347137451 120.714223861694 120.585216522217 121.636985778809 120.555494308472 118.730688095093 118.805311203003 118.879936218262 122.024127960205 121.168245315552 118.923799514771 118.063007354736
115.856714248657 117.028125762939 113.504205703735 114.740983963013 117.931835174561 113.382015228271 108.942012786865 108.880336761475 112.992244720459 109.680082321167 112.865158081055 116.047464370728 116.998296737671 113.688415527344 112.610969543457 115.787748336792 117.021629333496 116.933433532715 115.648658752441 112.72283744812 112.639905929565 110.449729919434 109.451005935669 107.459407806396 110.603218078613 110.523582458496 109.457098007202 110.156858444214 112.029451370239 112.970769882202 115.079286575317 116.02041053772 116.228239059448 118.331926345825 117.02862739563 122.163473129272 121.209470748901 118.007141113281 118.026668548584 116.941610336304 116.988143920898 117.243947982788 117.135236740112 118.174158096313 118.246677398682 119.460861206055 118.391706466675 119.425468444824 118.536737442017 117.496643066406
105.109415054321 112.49366569519 118.017166137695 117.747365951538 111.363878250122 111.090948104858 109.993310928345 106.473974227905 109.652317047119 110.795900344849 109.50958442688 112.681354522705 115.849824905396 116.695453643799 112.462327957153 112.389318466187 117.771421432495 124.140914916992 126.352966308594 119.918689727783 123.049808502197 116.711736679077 113.400381088257 108.187868118286 108.104181289673 107.832525253296 107.936805725098 109.935852050781 111.794258117676 111.595144271851 112.524158477783 112.721939086914 113.651515960693 114.635635375977 115.749057769775 118.973119735718 118.808965682983 117.667818069458 117.495014190674 118.651933670044 115.474649429321 115.543186187744 114.689266204834 117.563325881958 -9999 116.056137084961 114.778518676758 115.801498413086 117.040687561035 115.755575180054
105.27614402771 105.008089065552 108.198316574097 111.384494781494 111.306980133057 106.750545501709 103.421525001526 103.344334602356 104.376559257507 107.448890686035 109.597396850586 106.276002883911 108.231523513794 112.396154403687 113.426769256592 113.343151092529 116.601001739502 120.727857589722 123.045738220215 122.024166107178 122.850814819336 119.719711303711 122.644237518311 116.323616027832 113.015830993652 111.94139289856 108.643436431885 110.443006515503 112.473560333252 112.664182662964 112.451818466187 114.339252471924 115.441326141357 115.443260192871 115.445201873779 115.44713973999 115.44907951355 115.451019287109 114.123163223267 113.941213607788 114.932048797607 111.970006942749 112.033843994141 117.006090164185 117.072555541992 -9999 113.481447219849 111.247617721558 113.43044090271 113.494976043701
105.981195449829 107.222074508667 110.413042068481 113.517593383789 113.522682189941 115.384395599365 106.65672492981 106.577260971069 106.497791290283 101.042744636536 105.328287124634 105.250844955444 105.173397064209 113.493055343628 113.409013748169 112.324495315552 118.50269317627 121.821830749512 127.975833892822 124.96745300293 123.947011947632 123.8424949646 119.607122421265 117.419351577759 114.11011505127 116.093730926514 112.788793563843 110.432395935059 110.351224899292 112.226434707642 112.402412414551 113.306972503662 115.177179336548 115.350748062134 115.339639663696 114.186153411865 113.990188598633 113.977848052979 113.782947540283 111.706085205078 111.730506896973 109.740989685059 110.755605697632 102.462820053101 110.69877243042 -9999 -9999 -9999 -9999 -9999
107.484016418457 107.223756790161 107.164419174194 109.252569198608 108.260036468506 110.222015380859 108.836917877197 105.709791183472 104.42555809021 99.9889736175537 102.157022476196 106.341314315796 107.189170837402 110.357961654663 112.521259307861 118.922708511353 126.095026016235 130.35050201416 129.250450134277 129.338661193848 127.137491226196 127.0358543396 125.828695297241 120.611856460571 119.193832397461 116.102863311768 113.712133407593 112.707901000977 113.750743865967 111.618087768555 112.5615234375 112.309648513794 112.282211303711 115.275537490845 115.01983833313 114.076139450073 114.047441482544 114.934419631958 112.659578323364 110.576681137085 108.527236938477 108.406106948853 108.466844558716 110.398216247559 99.8172054290771 133.57626914978 -9999 -9999 107.925481796265 107.803977966309
