data/spatiotemp/temp4/bio13_norsw_test_2015_2018.asc
NCOLS 654 
NROWS 380 
XLLCORNER 3.91666666666667 
YLLCORNER 55.3333333333333 
CELLSIZE 0.0416666666666667 
NODATA_value -9999 
[rows 242 to 263 of 380, columns 0 to 49 of 654]
-9999 -9999 -9999 -9999 -9999 -9999 -9999 -9999 -9999 -9999 -9999 -9999 -9999 -9999 -9999 -9999 -9999 325.904788970947 337.274803161621 339.093223571777 359.309616088867 359.486934661865 376.053085327148 382.414627075195 395.042060852051 -9999 -9999 462.083656311035 470.983200073242 533.066268920898 555.521148681641 572.315910339355 586.523361206055 525.84610748291 -9999 625.807357788086 524.473701477051 627.129371643066 566.003753662109 522.215263366699 567.355056762695 480.18334197998 538.323402404785 580.731246948242 524.482200622559 399.678199768066 533.395149230957 448.545585632324 507.286674499512 518.996147155762
-9999 -9999 -9999 -9999 -9999 -9999 -9999 -9999 -9999 -9999 -9999 -9999 -9999 -9999 -9999 -9999 -9999 321.465358734131 327.67845916748 337.949375152588 342.326740264893 -9999 -9999 -9999 393.298042297363 392.494705200195 436.897933959961 474.359184265137 546.788726806641 578.621459960938 539.97550201416 605.349502563477 612.594032287598 602.550827026367 616.818138122559 621.265625 573.124946594238 495.622901916504 622.182220458984 602.756408691406 613.706703186035 602.301086425781 595.896209716797 586.573265075684 572.503349304199 551.252265930176 545.153137207031 536.754302978516 534.382499694824 523.305366516113
-9999 -9999 -9999 -9999 -9999 -9999 -9999 -9999 -9999 -9999 -9999 -9999 -9999 -9999 -9999 -9999 -9999 -9999 319.251308441162 325.40612411499 -9999 348.911518096924 348.745445251465 357.953720092773 379.002948760986 403.170837402344 402.568321228027 447.661834716797 461.793190002441 500.4677734375 523.749481201172 559.00373840332 569.782752990723 604.095420837402 627.626129150391 630.183631896973 629.352890014648 590.663139343262 626.603912353516 620.181373596191 615.34521484375 608.470237731934 599.082672119141 590.376930236816 579.497528076172 568.442710876465 556.451278686523 547.217819213867 530.597953796387 521.510192871094
-9999 -9999 -9999 -9999 -9999 -9999 -9999 -9999 -9999 -9999 -9999 -9999 -9999 -9999 -9999 -9999 -9999 -9999 -9999 -9999 327.757633209229 335.383102416992 344.624290466309 366.061756134033 373.076244354248 396.615776062012 436.609008789062 462.679351806641 434.458282470703 466.195014953613 551.94921875 576.608352661133 603.732093811035 592.972763061523 597.766860961914 616.395523071289 628.697578430176 623.209815979004 611.250465393066 612.846473693848 616.890724182129 605.732192993164 598.107879638672 591.713935852051 582.930892944336 570.302444458008 559.820739746094 547.325317382812 523.466941833496 464.511505126953
-9999 -9999 -9999 -9999 -9999 -9999 -9999 -9999 -9999 -9999 -9999 -9999 -9999 -9999 -9999 -9999 -9999 -9999 -9999 -9999 -9999 330.775344848633 340.775764465332 354.556762695312 357.182975769043 396.466659545898 382.896453857422 399.295257568359 406.783576965332 494.508567810059 496.626846313477 501.618980407715 527.715591430664 560.900444030762 602.446113586426 578.752128601074 548.798530578613 527.625534057617 566.422538757324 590.783393859863 580.66764831543 597.670936584473 600.282638549805 591.900970458984 582.686141967773 573.205070495605 560.260208129883 547.551933288574 526.526924133301 460.518081665039
-9999 -9999 -9999 -9999 -9999 -9999 -9999 -9999 -9999 -9999 -9999 -9999 -9999 -9999 -9999 -9999 -9999 -9999 -9999 -9999 321.009956359863 322.457286834717 332.571723937988 344.378120422363 343.555648803711 371.464282989502 367.927143096924 390.16365814209 391.337432861328 415.289566040039 405.928276062012 411.568054199219 476.479461669922 512.610229492188 489.372283935547 581.320678710938 619.818557739258 591.219184875488 551.320190429688 608.555778503418 606.619705200195 610.236045837402 603.424018859863 594.600570678711 583.166458129883 573.981399536133 522.834991455078 521.682319641113 499.891883850098 472.745445251465
-9999 -9999 -9999 -9999 -9999 -9999 -9999 -9999 -9999 -9999 -9999 -9999 -9999 -9999 -9999 -9999 -9999 -9999 -9999 -9999 312.803150177002 317.046936035156 326.591564178467 330.443130493164 334.818603515625 345.716823577881 358.395198822021 354.955444335938 -9999 372.842338562012 369.520042419434 389.79598236084 400.498596191406 442.757431030273 543.208038330078 544.004417419434 612.906410217285 617.052284240723 604.905517578125 602.196266174316 608.861701965332 603.624458312988 601.688491821289 579.066558837891 505.630401611328 529.236923217773 524.867324829102 535.151664733887 534.854095458984 523.303604125977
-9999 -9999 -9999 -9999 -9999 -9999 -9999 -9999 -9999 -9999 -9999 -9999 -9999 -9999 -9999 -9999 -9999 -9999 299.392894744873 302.421340942383 -9999 315.28539276123 324.760173797607 328.634544372559 334.164798736572 338.334854125977 347.28865814209 359.843837738037 353.808101654053 387.192764282227 360.094326019287 365.81368637085 445.451210021973 477.08812713623 490.65421295166 535.985679626465 598.064376831055 604.589347839355 600.524520874023 599.405822753906 566.034141540527 577.849601745605 542.278144836426 510.801048278809 566.603080749512 527.793991088867 533.81999206543 540.056777954102 529.173263549805 515.316184997559
-9999 -9999 -9999 -9999 -9999 -9999 -9999 -9999 -9999 -9999 -9999 -9999 -9999 -9999 -9999 -9999 -9999 -9999 -9999 -9999 -9999 -9999 312.275581359863 320.619483947754 328.772911071777 333.174766540527 337.240173339844 341.840797424316 356.35880279541 366.520252227783 367.710205078125 385.255645751953 378.455863952637 398.31982421875 391.442993164062 474.436264038086 559.280311584473 610.568916320801 561.133110046387 567.590850830078 508.032035827637 450.426025390625 535.248420715332 578.592727661133 495.687980651855 521.460716247559 564.546913146973 552.717460632324 543.124488830566 528.730033874512
-9999 -9999 -9999 -9999 -9999 -9999 -9999 -9999 -9999 -9999 -9999 -9999 -9999 -9999 -9999 -9999 -9999 -9999 -9999 293.673046112061 -9999 298.494346618652 -9999 315.670921325684 325.618392944336 335.490737915039 342.38985824585 338.158302307129 337.075229644775 350.049392700195 359.734943389893 391.248245239258 442.357727050781 425.661262512207 376.097137451172 401.589538574219 520.220336914062 590.76261138916 585.184417724609 455.988006591797 403.48136138916 513.29443359375 480.249320983887 468.523483276367 497.239700317383 561.254890441895 572.055030822754 561.268898010254 543.318412780762 529.594635009766
-9999 -9999 -9999 -9999 -9999 -9999 -9999 -9999 -9999 -9999 -9999 -9999 -9999 -9999 -9999 -9999 -9999 -9999 -9999 -9999 -9999 299.776817321777 298.02029800415 316.510963439941 313.87410736084 321.791893005371 333.420589447021 341.685771942139 343.103202819824 352.300224304199 367.521411895752 361.844104766846 370.092609405518 381.481407165527 373.485050201416 412.10115814209 432.258323669434 441.476699829102 512.361526489258 451.626518249512 453.181694030762 561.954658508301 559.5302734375 464.296966552734 531.813362121582 484.55394744873 536.347633361816 486.266204833984 485.190574645996 481.398857116699
-9999 -9999 -9999 -9999 -9999 -9999 -9999 -9999 -9999 -9999 -9999 -9999 -9999 -9999 -9999 -9999 -9999 -9999 -9999 -9999 288.186996459961 296.371604919434 297.660724639893 -9999 318.492168426514 319.016582489014 341.131999969482 344.841934204102 346.811862945557 359.820568084717 349.179328918457 386.404930114746 388.807083129883 422.333137512207 367.563255310059 366.908012390137 400.854835510254 416.890243530273 414.004463195801 470.022064208984 539.312194824219 604.366516113281 586.194366455078 502.504432678223 594.101661682129 507.001327514648 537.817977905273 567.870185852051 554.571250915527 538.573593139648
-9999 -9999 -9999 -9999 -9999 -9999 -9999 -9999 -9999 -9999 -9999 -9999 -9999 -9999 -9999 -9999 -9999 -9999 -9999 -9999 -9999 289.059093475342 295.063571929932 295.607173919678 306.020874023438 309.527278900146 329.549945831299 329.934066772461 339.267929077148 356.824710845947 354.753040313721 351.818519592285 385.641815185547 426.47785949707 379.564804077148 386.098175048828 383.675415039062 444.461921691895 504.061431884766 462.677536010742 495.718231201172 561.028717041016 519.442512512207 481.944267272949 544.84814453125 578.830551147461 582.170417785645 576.547859191895 559.847106933594 545.439743041992
-9999 -9999 -9999 -9999 -9999 -9999 -9999 -9999 -9999 -9999 -9999 -9999 -9999 -9999 -9999 -9999 -9999 -9999 -9999 -9999 -9999 -9999 294.282287597656 294.437408447266 294.52575302124 316.246410369873 314.221424102783 321.978572845459 333.1462059021 350.263454437256 371.61457824707 355.991886138916 396.259407043457 408.211624145508 391.118194580078 438.72940826416 412.27222442627 406.431114196777 418.45337677002 541.988998413086 538.712631225586 556.875381469727 519.246055603027 603.52661895752 600.643661499023 589.844047546387 579.968391418457 568.481811523438 551.597724914551 541.597663879395
-9999 -9999 -9999 -9999 -9999 -9999 -9999 -9999 -9999 -9999 -9999 -9999 -9999 -9999 -9999 -9999 -9999 -9999 -9999 -9999 -9999 -9999 -9999 -9999 296.836563110352 296.176929473877 -9999 314.377563476562 333.642311096191 337.374584197998 341.807975769043 334.531982421875 406.982818603516 415.545379638672 398.894905090332 400.219932556152 413.249336242676 496.360229492188 474.991157531738 522.421546936035 572.537101745605 523.991058349609 490.412239074707 527.438507080078 577.159324645996 596.482086181641 583.982467651367 584.487754821777 562.857063293457 546.928001403809
-9999 -9999 -9999 -9999 -9999 -9999 -9999 -9999 -9999 -9999 -9999 -9999 -9999 -9999 -9999 -9999 -9999 -9999 -9999 -9999 -9999 -9999 -9999 290.781757354736 288.540412902832 295.295555114746 296.837440490723 309.627075195312 316.379768371582 331.642917633057 355.900489807129 346.863632202148 368.308528900146 397.389892578125 448.35466003418 467.238342285156 414.02180480957 414.196464538574 429.295715332031 492.295349121094 476.093627929688 555.925773620605 572.876152038574 572.056526184082 595.172164916992 576.14990234375 580.636169433594 585.488800048828 565.441696166992 550.119049072266
-9999 -9999 -9999 -9999 -9999 -9999 -9999 -9999 -9999 -9999 -9999 -9999 -9999 -9999 -9999 -9999 -9999 -9999 -9999 -9999 -9999 -9999 -9999 -9999 285.246696472168 294.984386444092 305.006603240967 301.523902893066 316.88073348999 331.045219421387 342.159942626953 362.198661804199 373.269897460938 387.465919494629 473.38077545166 533.094841003418 450.138862609863 490.423271179199 553.630653381348 584.584930419922 573.662078857422 498.129356384277 485.195129394531 421.334281921387 468.605712890625 531.39298248291 571.846977233887 582.068664550781 572.319206237793 554.951477050781
-9999 -9999 -9999 -9999 -9999 -9999 -9999 -9999 -9999 -9999 -9999 -9999 -9999 -9999 -9999 -9999 -9999 -9999 -9999 -9999 -9999 -9999 -9999 -9999 283.860534667969 290.97057723999 310.867130279541 311.411533355713 318.744071960449 317.537021636963 336.766620635986 344.990116119385 373.936096191406 398.861213684082 395.89818572998 473.115859985352 454.411926269531 500.696006774902 555.362884521484 555.398887634277 524.608467102051 397.860877990723 486.751617431641 533.388641357422 576.657608032227 570.115608215332 578.442832946777 569.705490112305 561.583305358887 550.414962768555
-9999 -9999 -9999 -9999 -9999 -9999 -9999 -9999 -9999 -9999 -9999 -9999 -9999 -9999 -9999 -9999 -9999 -9999 -9999 -9999 -9999 -9999 -9999 -9999 275.102970123291 278.086273193359 296.932392120361 305.84595489502 346.243213653564 309.71305847168 317.267597198486 339.962787628174 347.616310119629 351.922424316406 380.227661132812 421.787712097168 474.869682312012 461.213256835938 501.81436920166 519.510231018066 436.531143188477 407.448852539062 492.764831542969 571.399253845215 589.954612731934 580.474311828613 571.32349395752 559.973617553711 562.806358337402 524.156997680664
-9999 -9999 -9999 -9999 -9999 -9999 -9999 -9999 -9999 -9999 -9999 -9999 -9999 -9999 -9999 -9999 -9999 -9999 -9999 -9999 -9999 -9999 -9999 -9999 -9999 278.866374969482 285.293514251709 294.234397888184 308.904956817627 302.593173980713 329.234092712402 334.155574798584 337.413005828857 355.424854278564 393.541465759277 395.336097717285 416.105361938477 418.718032836914 474.546363830566 444.646308898926 410.244560241699 393.188720703125 507.578109741211 563.521362304688 551.245292663574 502.837669372559 500.161888122559 547.753593444824 497.838104248047 470.419525146484
-9999 -9999 -9999 -9999 -9999 -9999 -9999 -9999 -9999 -9999 -9999 -9999 -9999 -9999 -9999 -9999 -9999 -9999 -9999 -9999 -9999 -9999 -9999 -9999 -9999 276.435207366943 281.967765808105 293.413761138916 324.1936378479 302.07014465332 309.348255157471 316.552825927734 335.67716217041 373.64559173584 385.689094543457 399.18497467041 385.075973510742 454.307510375977 455.153167724609 403.161605834961 381.881359100342 497.222564697266 449.854621887207 468.792816162109 479.120246887207 448.65096282959 396.248710632324 445.381240844727 524.991310119629 400.522933959961
-9999 -9999 -9999 -9999 -9999 -9999 -9999 -9999 -9999 -9999 -9999 -9999 -9999 -9999 -9999 -9999 -9999 -9999 -9999 -9999 -9999 -9999 -9999 -9999 -9999 -9999 271.157363891602 279.304676055908 308.669639587402 300.701114654541 -9999 -9999 -9999 -9999 362.143306732178 385.908500671387 383.390464782715 383.963813781738 381.682235717773 -9999 454.854484558105 511.12149810791 456.16877746582 474.755363464355 460.419235229492 496.525451660156 484.707969665527 476.746063232422 422.967880249023 331.675048828125
