data/spatiotemp/temp4/bio15_norsw_test_2015_2018.asc
NCOLS 654 
NROWS 380 
XLLCORNER 3.91666666666667 
YLLCORNER 55.3333333333333 
CELLSIZE 0.0416666666666667 
NODATA_value -9999 
[rows 66 to 87 of 380, columns 350 to 399 of 654]
43.4789419174194 44.1693243980408 45.0553035736084 46.6657662391663 48.0977597236633 51.7517766952515 52.7784452438354 53.9884643554688 53.9443511962891 53.6965055465698 53.6587820053101 52.3139915466309 50.7179012298584 49.1648478507996 48.553403377533 49.0861482620239 47.1930546760559 44.7773537635803 45.0026755332947 45.9406552314758 45.4160327911377 45.3580317497253 46.1381039619446 47.2903904914856 48.1779823303223 47.4804220199585 49.9226140975952 50.4442110061646 53.0320239067078 55.5641059875488 56.7189254760742 57.2280683517456 57.9581985473633 58.3235845565796 57.6886043548584 57.5654048919678 57.4783306121826 57.6043882369995 56.3334655761719 56.6976509094238 56.4724769592285 57.0084362030029 56.7736949920654 56.8994092941284 56.6306209564209 56.3873434066772 56.4276275634766 56.2160940170288 55.224045753479 54.8095932006836
42.200581073761 42.6753153800964 43.607038974762 43.8062701225281 43.9580960273743 47.8755421638489 53.8226470947266 55.9303636550903 55.6927375793457 55.2312450408936 54.4432172775269 53.2806143760681 53.2569723129272 52.9973735809326 53.0536999702454 52.8677492141724 52.5954756736755 51.2171063423157 49.2026352882385 49.632351398468 49.638409614563 49.2304768562317 49.2005620002747 49.5780477523804 51.7675652503967 53.1970167160034 53.8401794433594 54.5330381393433 54.5537214279175 55.1782922744751 56.5878086090088 56.2263956069946 56.2224540710449 55.7575817108154 57.8738422393799 58.4577589035034 59.14914894104 58.8023777008057 58.3427333831787 58.2917242050171 58.3518857955933 57.7704944610596 57.6648788452148 57.4190807342529 57.6327686309814 57.3812990188599 56.3906421661377 55.6233730316162 55.4830074310303 55.6124782562256
44.0164699554443 44.0628328323364 44.7969484329224 46.7855324745178 48.2301955223083 50.5643196105957 50.5377264022827 50.2889909744263 49.4417991638184 49.0097398757935 49.3893485069275 48.3093194961548 47.5667142868042 47.564398765564 48.5095529556274 51.679388999939 53.0774059295654 53.2831082344055 52.9018125534058 53.1614532470703 53.256290435791 53.5878281593323 53.8300757408142 53.8128223419189 52.4858226776123 51.3790917396545 51.7932934761047 52.3676996231079 51.5480108261108 53.3079414367676 55.298192024231 57.0947933197021 57.8761901855469 58.2754144668579 58.9222116470337 58.6374263763428 59.1905479431152 58.50648021698 58.457179069519 58.371675491333 57.9099731445312 57.9615421295166 57.8979072570801 57.5080080032349 57.9730777740479 56.4935617446899 55.5256433486938 55.5095062255859 55.9908227920532 55.9735507965088
44.371274471283 45.6768770217896 44.6517109870911 42.6800594329834 43.9131517410278 44.5701928138733 44.0062217712402 44.842725276947 44.8336462974548 43.412495136261 44.3277444839478 45.0125231742859 43.4197778701782 44.9668264389038 46.5888733863831 48.4003629684448 50.2931265830994 50.9595136642456 49.9242005348206 50.1904501914978 52.7912712097168 53.6276435852051 53.4904947280884 53.8987760543823 54.2514019012451 54.0173091888428 53.9589910507202 53.8445873260498 54.6121778488159 54.7654914855957 55.809211730957 57.4601821899414 57.875433921814 58.949315071106 59.1386804580688 59.1678876876831 59.6699771881104 59.1893014907837 59.0054798126221 59.4629373550415 59.0850648880005 57.9801206588745 57.5024738311768 57.1937084197998 55.8480825424194 56.3499011993408 55.8852567672729 56.1945343017578 55.9177513122559 55.3349189758301
43.6835460662842 43.389449596405 42.9378862380981 42.2151393890381 42.9823975563049 42.7477784156799 42.7036757469177 43.2347288131714 44.1586604118347 43.7889623641968 42.6662130355835 43.8626599311829 45.4050531387329 46.5234699249268 48.0641617774963 47.9711360931396 47.463306427002 46.3571462631226 45.9696888923645 47.0985360145569 49.6096148490906 50.1284976005554 51.3591837882996 52.3406257629395 53.6733503341675 54.4766597747803 54.115611076355 53.6284608840942 54.2333269119263 54.2950038909912 55.8540630340576 56.3054351806641 56.1745862960815 57.592227935791 58.0666675567627 58.6670017242432 58.463210105896 58.5130519866943 58.9969463348389 58.3790197372437 57.7931661605835 57.6491470336914 55.2679510116577 54.1445932388306 53.8862924575806 56.0878791809082 56.1351747512817 56.2792901992798 56.1959495544434 55.6178741455078
42.9610462188721 43.3594002723694 43.5168590545654 42.9302191734314 41.887622833252 42.1820302009583 41.8433876037598 41.5816526412964 42.2563219070435 43.4289288520813 44.5487041473389 47.3182830810547 46.4228839874268 43.748074054718 46.2677845954895 46.0628609657288 44.6148247718811 45.4996423721313 46.9514942169189 47.976701259613 48.4121327400208 47.2315316200256 47.4839248657227 50.124870300293 52.4484996795654 52.206880569458 51.7637357711792 52.3009796142578 53.5966548919678 52.9105167388916 55.5974149703979 57.3810548782349 57.4698047637939 57.2363653182983 58.2898349761963 57.9182319641113 57.9398574829102 57.3561229705811 57.3171405792236 56.9746856689453 57.1737184524536 57.775185585022 55.8810739517212 55.4489307403564 54.7026605606079 54.7281036376953 55.6960210800171 55.8043985366821 55.7214107513428 54.7460718154907
40.9991569519043 41.788507938385 41.911985874176 42.9466576576233 44.2747159004211 44.2680912017822 44.3587741851807 45.8900337219238 45.255039691925 46.1955308914185 45.055609703064 44.2629656791687 46.3056445121765 47.1095333099365 45.4069404602051 46.2171359062195 46.5229144096375 45.2127475738525 44.173237323761 45.8233561515808 46.3510513305664 48.0635147094727 49.0714945793152 48.9382171630859 50.4069247245789 51.4628067016602 53.0203695297241 54.2284345626831 54.3316736221313 54.3586683273315 55.9449920654297 56.99107837677 56.2134017944336 56.2362985610962 56.3219060897827 57.1286592483521 57.8994827270508 58.1111278533936 58.293683052063 57.0581150054932 55.6997385025024 56.6401453018188 58.0558128356934 58.1970949172974 57.6638813018799 55.7102384567261 55.4620332717896 55.3428859710693 55.1133737564087 54.6678142547607
41.8327679634094 40.9986062049866 41.7674503326416 42.3938193321228 42.3645324707031 42.7169895172119 43.4554495811462 43.3035798072815 42.9289827346802 43.7124862670898 45.1888866424561 45.9696660041809 45.8307676315308 45.9099521636963 47.1256017684937 45.9884400367737 46.4835958480835 48.136390209198 48.9415698051453 50.3629631996155 47.4407052993774 46.0793557167053 46.9580230712891 48.6375288963318 49.0355896949768 49.9957423210144 50.8249688148499 52.3443288803101 53.5937070846558 54.8272972106934 55.7029104232788 56.4270000457764 55.8858804702759 56.1277074813843 56.3928852081299 55.0827827453613 56.5674486160278 57.3199710845947 58.2134027481079 58.3357534408569 57.0526723861694 56.4807987213135 56.8151569366455 57.1448249816895 56.7777853012085 56.6065826416016 56.0903224945068 55.841194152832 55.2421817779541 55.1087579727173
43.1412210464478 40.2719259262085 40.1429061889648 40.8552284240723 40.7650971412659 40.7307348251343 42.171893119812 42.8349542617798 42.2290968894958 40.5907573699951 42.1379995346069 42.6329736709595 43.4607591629028 44.0368189811707 45.1603784561157 48.2159261703491 47.6227402687073 46.7448534965515 47.4125819206238 49.5134468078613 50.9391465187073 51.4454398155212 50.0759449005127 49.7805190086365 49.7752003669739 50.0163292884827 49.8399453163147 49.5038824081421 52.1045789718628 54.0670824050903 55.4424562454224 55.5791158676147 55.9214200973511 55.5712280273438 55.7195272445679 55.7354707717896 54.8722038269043 54.6537370681763 56.3207387924194 57.2192707061768 57.7144556045532 56.5703325271606 57.1535844802856 57.8451900482178 57.106556892395 56.5383672714233 56.5726413726807 56.6245574951172 56.4089488983154 55.0342903137207
42.4248523712158 42.2782297134399 42.3723926544189 42.6237988471985 42.3350806236267 41.4669036865234 40.8578591346741 41.3720474243164 42.4178309440613 43.1203722953796 43.8312425613403 44.2207818031311 44.8137121200562 45.9088587760925 46.4389796257019 47.3822269439697 46.9670538902283 46.0552530288696 45.8397350311279 46.6195363998413 46.9490103721619 48.1383218765259 49.4674100875854 50.2121992111206 51.2419781684875 50.7917943000793 51.5186624526978 51.9478797912598 52.1432809829712 53.4025793075562 53.9942150115967 54.7879934310913 55.124942779541 54.6221265792847 54.8916521072388 55.7779788970947 55.1869068145752 55.1501178741455 55.4536037445068 55.9513339996338 56.4458017349243 57.476957321167 57.2918262481689 57.4699792861938 56.2929563522339 56.1916828155518 56.4314422607422 55.9811925888062 55.7342185974121 55.7656574249268
42.9482688903809 42.6803698539734 41.9930229187012 41.9720249176025 42.7825384140015 43.9480810165405 45.66370677948 43.8780922889709 41.6285281181335 41.6631622314453 42.0598969459534 42.6828713417053 42.8954544067383 43.9078993797302 45.2066226005554 45.778461933136 47.584912776947 47.6695895195007 47.3277940750122 48.1148772239685 48.5660924911499 48.4707722663879 48.1804671287537 49.0825934410095 49.3815579414368 49.0414762496948 50.7617883682251 52.243631362915 53.1790084838867 52.8878393173218 53.7116813659668 54.055591583252 54.9351539611816 54.9411315917969 55.1895360946655 55.2936429977417 56.1162900924683 56.7838544845581 56.1336765289307 55.6114749908447 55.529390335083 57.0071964263916 56.746410369873 57.0003452301025 55.7280101776123 55.7312297821045 55.7806119918823 54.5404291152954 53.7931060791016 54.2912740707397
42.6016688346863 42.7462038993835 42.1183466911316 43.3068399429321 42.2072052955627 41.6917734146118 41.7703313827515 43.2573413848877 45.96826171875 47.6792159080505 46.7255582809448 45.308648109436 43.3118720054626 43.0456414222717 44.7269577980042 45.2113208770752 45.7911639213562 46.2122139930725 46.0076498985291 46.3536505699158 47.1077065467834 48.8103904724121 49.6823563575745 50.229236125946 50.6182994842529 50.3931722640991 50.9040937423706 51.4375715255737 51.8568639755249 52.3972406387329 52.7246799468994 52.622899055481 53.4978046417236 54.385368347168 54.1048955917358 54.4875841140747 55.4762849807739 55.7920417785645 55.7761392593384 56.5271272659302 57.4377202987671 57.4616346359253 57.0029497146606 56.0675077438354 56.101282119751 55.7862863540649 55.4699678421021 54.8102006912231 54.5547676086426 54.3957452774048
40.3731770515442 41.5155401229858 41.9817233085632 40.4304270744324 40.5757808685303 42.2282385826111 42.2503972053528 41.8351073265076 41.7815837860107 43.959629535675 47.9091634750366 48.1082272529602 46.3453569412231 45.0359282493591 44.6286067962646 45.5994386672974 46.4927735328674 47.0082778930664 46.9928693771362 47.0436367988586 47.1323962211609 47.1613230705261 47.4646368026733 48.3731846809387 48.7187485694885 49.1222257614136 49.458854675293 50.0414810180664 50.6716032028198 51.1873941421509 51.7124624252319 52.0312738418579 52.4926404953003 53.4034051895142 53.5740013122559 54.4179954528809 55.2810153961182 55.2659063339233 55.6950063705444 55.5881519317627 55.5436000823975 55.4672498703003 55.0275707244873 55.020432472229 56.0713119506836 55.7629671096802 55.4818601608276 54.9617977142334 55.2087659835815 55.0776100158691
42.665961265564 42.4421792030334 43.2533583641052 43.5091986656189 43.165295124054 43.4245581626892 43.3985810279846 43.6143198013306 44.6693682670593 45.2599563598633 45.9107131958008 47.4802713394165 47.6969017982483 47.6203994750977 48.3686285018921 48.2682886123657 49.133638381958 49.1355299949646 49.5352940559387 49.8491125106812 50.3347325325012 50.1114020347595 50.1939430236816 50.0383791923523 49.5786547660828 50.9165534973145 50.9129772186279 51.3830137252808 51.916543006897 51.9903078079224 51.8742399215698 51.9201717376709 53.1665754318237 53.5503311157227 53.2468366622925 52.848406791687 53.3562135696411 54.5179462432861 55.0662708282471 54.6049404144287 54.3334474563599 54.3654499053955 55.1690530776978 55.0024032592773 55.0015640258789 55.3251247406006 55.3698272705078 55.2253408432007 54.7744913101196 55.0402593612671
40.1498756408691 40.7403092384338 40.1873726844788 41.1045370101929 42.4286546707153 43.8008556365967 42.5306649208069 42.5179986953735 42.9589247703552 44.3936762809753 44.9002952575684 45.3446393013 45.1235198974609 45.8117337226868 47.3315258026123 47.7563271522522 48.1853647232056 48.271035194397 48.4233121871948 48.1362204551697 49.2744536399841 49.300265789032 50.5603265762329 50.2780923843384 50.6280298233032 51.3160467147827 51.8637838363647 52.8019895553589 52.589298248291 52.0714807510376 51.4958248138428 51.6627311706543 52.1692848205566 52.7464628219604 52.9351034164429 53.0846548080444 53.61305809021 54.4131288528442 54.8965425491333 54.5951700210571 54.1589555740356 54.6856021881104 54.5093288421631 53.8814888000488 54.4169311523438 54.2666330337524 54.6788358688354 54.6978816986084 54.0728216171265 53.8122234344482
41.1893992424011 41.9544110298157 41.9385313987732 42.1047391891479 41.6535482406616 41.1785869598389 40.7703824043274 41.4837675094604 42.6152696609497 43.2677736282349 43.9464197158813 44.7634124755859 45.1063456535339 45.2838683128357 45.4803395271301 45.650589466095 45.8123917579651 46.1992869377136 46.9736886024475 47.0258693695068 48.1129212379456 48.2884755134583 48.7652258872986 48.7508344650269 48.5523347854614 47.9651403427124 48.0154457092285 48.9025716781616 50.8681488037109 51.5204458236694 52.1566390991211 51.5908985137939 52.4889154434204 52.9988136291504 52.6235179901123 53.77965259552 54.2157583236694 54.4948616027832 54.9106464385986 55.0167074203491 54.884105682373 54.430459022522 54.0905408859253 54.5919008255005 54.3320770263672 54.2366018295288 54.1060523986816 54.1248664855957 53.6102104187012 52.7649383544922
42.5502800941467 42.1598296165466 42.6349039077759 42.6183519363403 41.9843721389771 41.6831421852112 42.2874355316162 43.1970324516296 43.2664728164673 43.9692878723145 44.0347499847412 44.3268165588379 44.4880366325378 44.8308968544006 45.2346458435059 46.1701679229736 45.6517539024353 45.8115954399109 46.6785340309143 47.4448390007019 47.9355330467224 47.8072485923767 47.4337792396545 47.9312582015991 48.3833823204041 48.2366757392883 48.4206380844116 48.3286566734314 47.4588770866394 48.1678829193115 49.8935689926147 51.0555505752563 51.6304349899292 52.145396232605 52.8641119003296 53.7239007949829 54.3036737442017 55.1989498138428 56.0832185745239 56.4037275314331 56.5383176803589 55.5374116897583 55.2426023483276 54.8442287445068 54.2834644317627 53.4095582962036 53.3461265563965 53.790472984314 53.5415935516357 52.9485111236572
43.8531994819641 44.4459800720215 43.907012462616 45.2077279090881 43.6347351074219 41.8733491897583 42.6528806686401 43.5290894508362 44.3926272392273 44.296257019043 43.9198045730591 43.4383215904236 44.0232357978821 43.8808135986328 44.4824585914612 45.9724197387695 47.1317224502563 47.5306296348572 47.9474925994873 48.2380862236023 48.1693148612976 48.3909239768982 47.8697023391724 48.0494837760925 48.1296720504761 48.3415675163269 48.6068706512451 49.1177968978882 49.191143989563 48.6632561683655 49.0889654159546 49.9307355880737 51.4030151367188 51.7265014648438 52.7150745391846 53.5312938690186 53.5770788192749 54.8677978515625 55.4340410232544 56.4339590072632 55.4675922393799 55.2215423583984 55.4327507019043 54.6855850219727 55.2364225387573 54.7153577804565 54.2763032913208 53.8661117553711 53.477578163147 53.8702669143677
42.2267804145813 43.8022818565369 43.2935757637024 44.1045184135437 45.4075355529785 44.924015045166 44.8951554298401 44.4734396934509 44.9213356971741 45.0502023696899 44.5573811531067 43.7626714706421 43.8017840385437 43.940691947937 44.6237959861755 45.0120787620544 45.6192789077759 45.4832835197449 46.0834827423096 47.3564023971558 47.7469549179077 47.7097039222717 48.2519626617432 48.6256628036499 49.1448845863342 49.0408802032471 49.1357192993164 49.3136873245239 48.8223037719727 49.4782495498657 49.4587917327881 50.5446033477783 51.1238040924072 52.1039724349976 52.6409816741943 53.281551361084 54.1127462387085 54.6295385360718 55.3349809646606 55.2861766815186 56.2423543930054 56.3295278549194 55.4286470413208 54.827486038208 54.1715106964111 53.597110748291 52.7856206893921 52.8642873764038 53.1110277175903 52.6478996276855
40.4142651557922 40.6228442192078 41.6260271072388 43.1614336967468 45.4621968269348 45.760853767395 45.2128295898438 45.6662087440491 45.3480467796326 46.164391040802 46.1331520080566 46.2204513549805 46.2756519317627 46.4403367042542 46.5300636291504 45.9055585861206 46.0669503211975 46.2657427787781 47.0353965759277 47.4530034065247 47.7255902290344 47.6499071121216 47.7019619941711 48.3289856910706 49.1703400611877 49.6075210571289 49.6530179977417 49.3751859664917 49.2635092735291 48.4489221572876 49.0476670265198 50.4122581481934 51.1220846176147 51.8939409255981 52.2802104949951 53.1423187255859 53.743109703064 54.627628326416 55.2901525497437 54.5566215515137 56.3435773849487 57.5172348022461 56.615062713623 55.6352634429932 55.2248668670654 54.2025098800659 53.1814250946045 52.7755451202393 52.7485752105713 51.7875442504883
42.4593472480774 41.7442364692688 41.6130247116089 42.0592074394226 42.5678629875183 43.6611585617065 44.4805521965027 45.9642624855042 46.1079344749451 46.3636965751648 46.8483567237854 46.4261288642883 46.3197164535522 46.0673341751099 46.0293302536011 46.3247103691101 45.9179081916809 45.9432744979858 45.7022829055786 45.8491697311401 46.472508430481 47.2087159156799 47.6703639030457 48.1428370475769 48.3559160232544 49.4544372558594 48.8846855163574 49.3675851821899 49.6538877487183 49.563081741333 49.7842493057251 50.3479776382446 51.3130970001221 51.8216781616211 52.0389699935913 52.9501791000366 54.5420455932617 55.3818950653076 56.4021282196045 56.8468904495239 56.4574775695801 57.1455812454224 56.8102464675903 56.5408449172974 56.6196346282959 55.778826713562 53.9921960830688 53.2103328704834 52.6056804656982 51.872407913208
46.0394549369812 45.6095323562622 45.709189414978 45.2479043006897 45.3107089996338 44.9483551979065 45.8718891143799 45.7239937782288 45.831850528717 45.9128904342651 47.4244618415833 47.6122193336487 47.6249217987061 47.6593961715698 47.5887293815613 47.3315644264221 47.292097568512 47.3230051994324 46.6626567840576 47.0361843109131 46.9983539581299 47.525680065155 47.4918994903564 47.3244161605835 47.6527676582336 46.9348530769348 47.4914484024048 48.6355743408203 48.9087772369385 49.8208675384521 49.9949007034302 50.2802848815918 50.5288410186768 51.1410236358643 52.3766498565674 53.7151155471802 53.8846950531006 55.7707204818726 56.7375230789185 57.1460161209106 57.4855804443359 57.4506616592407 56.3736782073975 55.3836212158203 54.9430141448975 54.6974439620972 53.5645532608032 52.5496730804443 52.5646162033081 51.4855680465698
