data/spatiotemp/temp4/bio16_norsw_test_2015_2018.asc
NCOLS 654 
NROWS 380 
XLLCORNER 3.91666666666667 
YLLCORNER 55.3333333333333 
CELLSIZE 0.0416666666666667 
NODATA_value -9999 
[rows 22 to 43 of 380, columns 350 to 399 of 654]
-9999 -9999 -9999 -9999 -9999 -9999 -9999 -9999 -9999 -9999 -9999 -9999 -9999 -9999 377.639038085938 377.84105682373 376.790054321289 363.654121398926 -9999 -9999 -9999 -9999 -9999 -9999 343.731521606445 349.008651733398 355.909767150879 341.27458190918 332.234741210938 328.274475097656 321.455787658691 -9999 -9999 -9999 -9999 -9999 -9999 -9999 -9999 -9999 292.069374084473 279.592041015625 263.318214416504 -9999 -9999 -9999 -9999 -9999 252.955024719238 252.017650604248
-9999 -9999 -9999 -9999 -9999 -9999 -9999 409.751686096191 400.845848083496 386.831436157227 383.599311828613 384.057006835938 381.757110595703 -9999 387.96940612793 385.418273925781 384.481842041016 374.149215698242 363.78784942627 -9999 -9999 -9999 -9999 -9999 -9999 -9999 337.906631469727 343.296997070312 346.212715148926 338.26342010498 327.822402954102 327.219108581543 319.889152526855 310.884208679199 304.245269775391 301.380180358887 296.022346496582 -9999 -9999 -9999 -9999 -9999 -9999 -9999 -9999 243.775745391846 249.978057861328 249.463932037354 237.146621704102 254.069877624512
-9999 -9999 -9999 388.190795898438 387.572364807129 -9999 398.25178527832 405.97395324707 404.582153320312 392.164443969727 -9999 384.744422912598 392.285606384277 395.630233764648 396.704658508301 397.659828186035 387.775543212891 374.436447143555 -9999 -9999 374.411109924316 373.17862701416 369.764198303223 365.482986450195 366.861488342285 -9999 -9999 -9999 346.189292907715 343.289894104004 336.353302001953 329.390655517578 327.520515441895 320.088180541992 307.280921936035 299.960914611816 294.866638183594 286.777275085449 -9999 -9999 -9999 -9999 -9999 -9999 -9999 255.386444091797 264.654495239258 259.315898895264 242.613739013672 245.251041412354
-9999 -9999 -9999 -9999 -9999 412.459266662598 404.275314331055 399.978416442871 396.269233703613 397.848915100098 396.21915435791 393.788497924805 389.763565063477 -9999 394.710899353027 395.354843139648 385.097091674805 378.815521240234 -9999 -9999 371.31901550293 374.896430969238 374.946601867676 373.596496582031 368.674461364746 365.907272338867 -9999 -9999 355.983009338379 346.613441467285 344.546882629395 337.675468444824 332.696151733398 332.525421142578 321.592674255371 305.371681213379 298.801559448242 290.684867858887 278.336250305176 -9999 -9999 -9999 -9999 -9999 -9999 267.237255096436 252.375846862793 255.806121826172 236.061466217041 244.248340606689
-9999 396.770942687988 -9999 407.296745300293 419.403686523438 418.559059143066 414.534317016602 406.410736083984 409.735176086426 406.173767089844 399.090728759766 393.351943969727 397.478523254395 398.38402557373 398.583015441895 396.948715209961 392.972213745117 390.275894165039 384.365005493164 377.288146972656 375.942947387695 375.021743774414 385.600059509277 384.548332214355 387.373016357422 -9999 -9999 -9999 -9999 350.823257446289 347.80052947998 338.836730957031 332.536231994629 326.802230834961 316.917190551758 302.94172668457 -9999 -9999 -9999 -9999 -9999 -9999 -9999 -9999 -9999 265.631908416748 254.218296051025 233.287708282471 237.424213409424 238.494007110596
403.384010314941 395.367118835449 -9999 415.396667480469 410.346839904785 409.220603942871 409.38508605957 407.143028259277 409.601943969727 406.938659667969 405.068656921387 407.993110656738 403.061546325684 401.245399475098 402.88013458252 402.997756958008 401.210250854492 396.045883178711 390.117301940918 389.979377746582 -9999 387.784233093262 385.651588439941 378.181823730469 382.652198791504 395.91633605957 378.353546142578 380.015266418457 -9999 -9999 346.29126739502 -9999 323.690994262695 317.346244812012 310.856201171875 300.896499633789 -9999 -9999 -9999 -9999 -9999 -9999 -9999 -9999 -9999 -9999 -9999 -9999 229.3557472229 229.450016021729
390.222755432129 -9999 -9999 -9999 401.485046386719 402.258193969727 -9999 413.51383972168 416.378211975098 415.357200622559 414.292266845703 413.49437713623 410.85612487793 405.951934814453 403.34595489502 405.090644836426 403.19270324707 399.653831481934 394.108390808105 390.994850158691 391.540435791016 389.705924987793 381.791229248047 373.302742004395 383.847457885742 383.256294250488 376.40030670166 370.600425720215 366.914100646973 347.764808654785 335.691650390625 331.500381469727 323.945243835449 -9999 307.25422668457 299.39608001709 -9999 -9999 -9999 -9999 -9999 -9999 255.70238494873 242.736671447754 -9999 -9999 -9999 -9999 -9999 -9999
-9999 -9999 -9999 -9999 -9999 416.544784545898 413.961784362793 414.781776428223 414.395530700684 414.585784912109 415.116188049316 414.004333496094 407.416694641113 410.326461791992 406.367393493652 401.915000915527 402.608436584473 401.831642150879 399.632606506348 393.648162841797 387.828506469727 386.28377532959 386.689918518066 392.120307922363 394.386283874512 372.295928955078 382.477485656738 365.471038818359 353.201843261719 349.854553222656 340.693115234375 335.655723571777 325.408531188965 -9999 -9999 -9999 -9999 -9999 -9999 265.919589996338 262.347991943359 264.507152557373 263.304027557373 249.826419830322 238.511478424072 -9999 -9999 -9999 -9999 -9999
-9999 394.100738525391 395.067008972168 -9999 404.263359069824 423.107398986816 421.95352935791 420.128395080566 420.535202026367 419.410308837891 415.050552368164 416.330368041992 410.09684753418 407.092628479004 397.802864074707 401.661331176758 399.811386108398 399.594619750977 391.52335357666 380.445121765137 383.483673095703 386.043952941895 390.820945739746 383.013130187988 363.496162414551 359.700874328613 356.287033081055 351.718994140625 352.44393157959 341.46565246582 341.858070373535 -9999 -9999 -9999 -9999 -9999 -9999 -9999 271.901569366455 263.952381134033 263.007274627686 284.634078979492 280.726585388184 268.55094909668 250.15926361084 228.62992477417 -9999 -9999 -9999 221.010684967041
412.106338500977 402.420875549316 398.426170349121 410.914520263672 415.972801208496 415.242469787598 415.207832336426 414.743049621582 417.544738769531 418.848587036133 420.061660766602 418.45972442627 415.594444274902 408.325225830078 393.110038757324 393.660133361816 394.670120239258 390.605331420898 389.882049560547 391.335121154785 391.022239685059 393.576271057129 387.268058776855 381.15673828125 372.891654968262 361.826011657715 358.727005004883 365.684532165527 345.074142456055 345.831207275391 -9999 -9999 -9999 -9999 -9999 289.300819396973 278.428993225098 279.044013977051 278.088989257812 269.505916595459 256.091487884521 272.980827331543 304.766395568848 279.960075378418 247.680740356445 225.31063079834 -9999 -9999 221.627216339111 239.440608978271
413.971649169922 407.87459564209 406.539817810059 402.175155639648 413.532600402832 418.237327575684 418.013031005859 418.950035095215 418.877784729004 421.24535369873 421.792724609375 420.698402404785 416.987571716309 413.808433532715 408.078140258789 403.093017578125 398.458992004395 401.91047668457 391.678756713867 393.241287231445 391.829216003418 387.121032714844 -9999 -9999 378.015823364258 374.217010498047 335.230796813965 331.711685180664 329.088394165039 340.418235778809 -9999 -9999 -9999 300.610801696777 297.19588470459 287.893486022949 279.884078979492 277.208335876465 281.583877563477 282.773338317871 276.164428710938 257.146934509277 279.926879882812 266.267395019531 234.098670959473 -9999 -9999 -9999 216.396820068359 230.349811553955
406.704040527344 409.508460998535 406.281623840332 401.396636962891 407.722114562988 409.810020446777 412.058776855469 417.024559020996 415.850868225098 416.041542053223 414.993682861328 412.751693725586 415.473136901855 413.549934387207 410.205055236816 408.384201049805 402.544700622559 396.820198059082 396.30525970459 392.293815612793 389.915191650391 381.423461914062 371.434616088867 363.868408203125 370.552604675293 364.649543762207 348.829200744629 340.028610229492 338.734603881836 336.53825378418 -9999 -9999 307.363891601562 301.098052978516 292.703918457031 284.607795715332 284.061050415039 284.311614990234 287.60294342041 302.913261413574 294.088973999023 284.334426879883 253.195365905762 231.485374450684 -9999 -9999 -9999 209.663349151611 209.147068023682 220.879623413086
413.375419616699 413.386657714844 406.306121826172 399.235214233398 410.214088439941 409.44898223877 404.79443359375 404.272445678711 408.941673278809 420.009048461914 424.467025756836 420.611808776855 417.951286315918 -9999 410.543197631836 405.421501159668 403.512588500977 393.837020874023 383.765266418457 380.119934082031 381.683387756348 370.660942077637 360.625694274902 356.989372253418 350.674110412598 350.883918762207 329.547874450684 328.527206420898 335.287483215332 -9999 -9999 310.238609313965 303.453285217285 294.163208007812 287.920043945312 283.777046203613 288.006324768066 300.969062805176 310.196922302246 303.36735534668 294.70401763916 292.074516296387 247.026767730713 225.923294067383 -9999 -9999 -9999 208.15270614624 213.98083114624 251.783355712891
407.710342407227 401.401969909668 403.411437988281 401.831932067871 405.552223205566 409.749183654785 413.36612701416 413.272613525391 417.81893157959 425.654434204102 422.164085388184 419.951469421387 416.531379699707 410.429275512695 395.486770629883 383.15079498291 389.065071105957 383.792152404785 371.095069885254 368.230125427246 362.714660644531 352.47420501709 349.258392333984 339.962730407715 337.830520629883 333.540687561035 328.249664306641 328.621589660645 -9999 -9999 310.238792419434 304.774070739746 296.418800354004 288.383895874023 283.786033630371 293.052452087402 308.021629333496 303.733207702637 296.919441223145 285.033081054688 280.427711486816 259.68733215332 236.170051574707 -9999 213.449527740479 -9999 -9999 206.874393463135 217.678024291992 249.675312042236
404.291023254395 403.278434753418 402.844711303711 402.06591796875 403.686363220215 401.943138122559 405.99976348877 411.488204956055 412.743408203125 420.040321350098 418.430999755859 407.197219848633 408.436798095703 385.224754333496 377.104652404785 368.515426635742 367.053871154785 369.402671813965 366.96533203125 356.824615478516 360.098571777344 356.447448730469 358.686141967773 358.505760192871 352.837837219238 344.827644348145 336.41096496582 324.207176208496 314.336051940918 309.470489501953 -9999 295.705467224121 289.659324645996 282.378074645996 287.667503356934 295.362380981445 282.866279602051 284.232566833496 270.507011413574 262.359130859375 257.086475372314 235.93297958374 223.2487449646 215.442916870117 210.778636932373 -9999 -9999 218.31099319458 263.480213165283 264.424640655518
396.899681091309 396.560119628906 396.343536376953 397.639854431152 396.419952392578 398.850410461426 402.929489135742 404.260604858398 406.334091186523 -9999 401.666221618652 379.399696350098 380.56396484375 385.119346618652 372.165946960449 368.527114868164 375.465240478516 371.81241607666 375.110275268555 374.868316650391 360.582336425781 347.403472900391 346.80477142334 334.455780029297 327.345611572266 333.393630981445 316.229774475098 311.585021972656 310.310157775879 302.595893859863 294.080017089844 284.81746673584 280.585166931152 274.946201324463 279.477462768555 274.767402648926 273.421012878418 277.726509094238 299.845863342285 284.888175964355 266.328022003174 238.077129364014 218.80252456665 212.492362976074 209.156593322754 202.472370147705 210.704467773438 210.137420654297 219.423030853271 227.911064147949
391.22673034668 388.503723144531 383.942573547363 390.247497558594 393.916229248047 394.951622009277 396.636535644531 399.039337158203 398.129570007324 -9999 407.731590270996 389.644706726074 386.395553588867 386.888092041016 387.504531860352 390.828285217285 385.288925170898 366.633331298828 363.212989807129 343.354904174805 337.796264648438 334.932098388672 329.920280456543 326.592300415039 331.427536010742 324.507759094238 312.481590270996 311.237770080566 307.835464477539 292.951774597168 285.867935180664 281.581649780273 283.243843078613 288.825508117676 307.990447998047 320.077987670898 290.267608642578 294.02033996582 277.218475341797 246.127899169922 226.232509613037 218.12446975708 212.202838897705 -9999 -9999 224.335479736328 242.114715576172 226.288631439209 199.6174659729 -9999
383.999641418457 386.019752502441 392.008605957031 387.777084350586 385.602737426758 386.611404418945 389.466506958008 392.508682250977 391.370399475098 -9999 -9999 397.668991088867 391.132820129395 372.062362670898 358.872825622559 354.299369812012 368.801826477051 372.331199645996 350.766403198242 345.820251464844 334.105323791504 325.068733215332 322.784469604492 323.333694458008 320.20979309082 312.279136657715 308.746139526367 305.427055358887 288.936935424805 286.919151306152 281.827800750732 323.923683166504 319.693367004395 314.345321655273 307.287643432617 306.60831451416 292.959106445312 269.813621520996 261.241775512695 240.121948242188 220.802001953125 210.632144927979 206.993404388428 -9999 207.158798217773 241.116233825684 251.264232635498 221.199817657471 196.721702575684 221.012802124023
396.005615234375 390.723602294922 384.687431335449 385.328559875488 386.501564025879 385.967422485352 381.506202697754 382.599815368652 383.654815673828 383.372901916504 -9999 385.960395812988 379.35327911377 377.401634216309 364.477088928223 345.170776367188 340.698532104492 365.772415161133 341.810623168945 329.30785369873 321.473854064941 320.431694030762 321.035385131836 314.902305603027 309.618789672852 300.307121276855 297.519081115723 292.798881530762 286.781448364258 280.592086791992 306.794326782227 316.384101867676 322.558723449707 332.381538391113 301.058975219727 288.603469848633 274.236488342285 292.604850769043 277.650428771973 241.750999450684 213.489402770996 207.530681610107 -9999 200.651424407959 229.096130371094 270.667377471924 277.718196868896 237.23412322998 203.483043670654 257.897480010986
379.868949890137 377.750831604004 381.837829589844 379.381233215332 377.253005981445 376.115707397461 372.514808654785 367.898109436035 368.696044921875 374.584999084473 374.96809387207 377.442413330078 378.707763671875 365.424987792969 350.960639953613 347.721771240234 340.429244995117 353.006927490234 343.267242431641 326.254440307617 323.138008117676 315.84814453125 307.672325134277 300.652626037598 300.601638793945 301.588172912598 292.238136291504 284.738143920898 276.510677337646 280.984840393066 286.026817321777 316.592658996582 323.473663330078 297.00146484375 286.539985656738 283.262603759766 289.575912475586 266.416313171387 236.786403656006 216.475551605225 -9999 -9999 205.490840911865 216.284202575684 237.06856918335 270.402038574219 280.122150421143 284.861026763916 240.485622406006 212.445781707764
-9999 363.860992431641 366.094223022461 364.605255126953 363.46265411377 366.412956237793 367.741790771484 364.52677154541 361.149597167969 358.890724182129 364.909530639648 367.461296081543 364.198913574219 370.781349182129 354.571685791016 347.296936035156 340.781364440918 338.390594482422 349.585647583008 321.543197631836 323.794639587402 318.57447052002 312.38941192627 303.314277648926 296.971778869629 285.351142883301 282.507942199707 276.451763153076 275.771011352539 299.364837646484 295.223533630371 306.085975646973 304.929039001465 295.67488861084 276.256767272949 262.39720916748 251.778335571289 236.242382049561 222.355632781982 210.987743377686 204.67366027832 197.202045440674 199.324291229248 210.081825256348 230.290996551514 258.076015472412 278.849868774414 289.100475311279 255.120620727539 214.463577270508
347.642509460449 345.471054077148 340.648040771484 354.337852478027 352.721878051758 354.428596496582 354.890022277832 356.288208007812 358.006996154785 358.704414367676 355.993850708008 344.195945739746 344.537132263184 348.780891418457 350.762351989746 351.030555725098 325.681365966797 325.584770202637 339.545936584473 334.822158813477 328.127754211426 307.548385620117 291.713180541992 287.234008789062 285.156066894531 277.988704681396 273.404819488525 263.454650878906 262.179244995117 281.684005737305 284.766441345215 275.268249511719 257.288654327393 260.765193939209 247.15495300293 230.008480072021 215.832332611084 215.768947601318 237.531078338623 262.005458831787 261.18278503418 215.875961303711 197.50606918335 196.550323486328 202.552154541016 224.848979949951 264.304191589355 296.491596221924 283.427406311035 263.265041351318
