data/spatiotemp/temp4/bio16_norsw_test_2015_2018.asc
NCOLS 654 
NROWS 380 
XLLCORNER 3.91666666666667 
YLLCORNER 55.3333333333333 
CELLSIZE 0.0416666666666667 
NODATA_value -9999 
[rows 176 to 197 of 380, columns 500 to 549 of 654]
220.671237945557 222.515636444092 222.247230529785 223.797309875488 224.263168334961 223.905826568604 223.125411987305 222.049758911133 220.639835357666 221.36141204834 221.48119354248 221.280895233154 222.298755645752 222.906856536865 225.488315582275 224.129867553711 225.293743133545 226.112922668457 228.483058929443 231.564498901367 233.344043731689 233.606678009033 232.369850158691 232.392417907715 232.169456481934 233.280261993408 233.239532470703 233.19881439209 234.408828735352 237.425601959229 237.951152801514 239.702522277832 240.565181732178 239.928588867188 241.12561416626 241.427928924561 238.829082489014 239.594821929932 240.520511627197 239.469940185547 240.425762176514 240.179470062256 239.510692596436 242.512462615967 243.111797332764 243.573585510254 243.778038024902 246.827213287354 247.732086181641 245.404720306396
221.464157104492 222.184314727783 223.581428527832 224.650539398193 224.213005065918 225.302936553955 225.445606231689 225.588256835938 224.90699005127 225.290298461914 224.957336425781 224.780490875244 223.18571472168 223.686790466309 224.867164611816 227.310737609863 227.686130523682 228.508373260498 228.885314941406 231.378231048584 233.732601165771 233.617290496826 232.844245910645 233.317485809326 233.098361968994 236.168083190918 236.1256980896 236.889728546143 234.991962432861 237.007919311523 238.248878479004 240.789199829102 241.338531494141 241.017166137695 240.158386230469 241.483219146729 240.758632659912 239.593921661377 241.367137908936 240.56595993042 241.477294921875 241.686248779297 241.84196472168 243.271137237549 242.91263961792 243.473007202148 245.28897857666 246.209827423096 247.725040435791 246.845764160156
223.330913543701 224.078289031982 226.070865631104 225.145839691162 225.645378112793 225.923305511475 224.974761962891 226.379734039307 227.000316619873 226.567970275879 225.188865661621 224.251686096191 223.552864074707 223.935173034668 224.172473907471 225.732971191406 228.268165588379 228.886470794678 229.738246917725 231.85924911499 232.35676574707 232.976482391357 233.94747543335 234.044635772705 234.860050201416 236.353298187256 237.122459411621 237.089832305908 236.734149932861 237.559120178223 238.96431350708 241.613510131836 241.893199920654 242.906135559082 243.14045715332 242.438053131104 241.366397857666 241.933799743652 241.467113494873 239.0673828125 241.224262237549 241.297824859619 244.369548797607 245.341037750244 246.315200805664 244.921627044678 245.830986022949 244.067607879639 245.251247406006 246.114971160889
221.65856552124 224.087280273438 225.432403564453 226.050830841064 224.832389831543 225.97135925293 226.114551544189 225.677894592285 224.451072692871 225.06485748291 226.149719238281 225.150695800781 226.653057098389 224.27791595459 224.553970336914 224.707378387451 227.356826782227 228.334587097168 230.568172454834 232.633029937744 233.25590133667 233.375102996826 234.590908050537 235.564945220947 235.931594848633 236.687393188477 236.254661560059 235.882358551025 237.931594848633 237.606273651123 239.692195892334 240.956321716309 241.818634033203 244.632904052734 246.408069610596 244.290519714355 243.582736968994 242.896144866943 242.184177398682 243.922798156738 243.796104431152 244.437229156494 242.60901260376 244.016414642334 244.972507476807 245.103733062744 246.218536376953 246.750431060791 245.985065460205 245.753852844238
220.270183563232 222.360820770264 223.422740936279 222.62748336792 222.20491027832 223.335601806641 223.085124969482 224.031726837158 224.869358062744 225.436470031738 226.162143707275 227.392276763916 228.841758728027 227.212306976318 225.425182342529 228.010940551758 229.574306488037 231.223155975342 232.037052154541 234.585430145264 234.110137939453 234.152919769287 234.195678710938 235.388622283936 234.616641998291 236.141124725342 235.86279296875 235.407627105713 236.33324432373 237.869548797607 240.182197570801 240.849338531494 241.187171936035 244.135204315186 245.474437713623 246.071231842041 245.375610351562 243.860305786133 244.426086425781 245.397136688232 242.252773284912 240.663875579834 241.657970428467 242.632427215576 242.910270690918 243.534015655518 244.867496490479 247.011123657227 247.92945098877 245.971416473389
221.091743469238 220.719722747803 220.846851348877 221.175746917725 221.812698364258 222.829719543457 223.065326690674 223.972587585449 223.575645446777 225.465404510498 226.265182495117 227.167778015137 226.477813720703 226.635009765625 227.397552490234 229.4680519104 229.517482757568 230.17794418335 232.273559570312 233.096790313721 234.077312469482 236.878238677979 235.683547973633 234.691265106201 235.308818817139 235.776683807373 234.125160217285 234.160343170166 235.67403793335 236.769538879395 238.506233215332 241.029350280762 244.563766479492 246.240810394287 247.291332244873 249.425117492676 247.962493896484 248.074268341064 246.126502990723 246.266086578369 247.654582977295 244.356597900391 244.043266296387 243.539165496826 243.997501373291 244.156566619873 243.797721862793 243.587890625 245.399890899658 245.864677429199
220.521724700928 220.395267486572 220.260864257812 220.694831848145 223.119472503662 222.834690093994 223.489986419678 223.765930175781 224.83215713501 224.954341888428 225.106632232666 224.765151977539 224.743225097656 226.384399414062 226.358348846436 228.246150970459 228.68034362793 231.667125701904 234.702163696289 234.784175872803 236.129783630371 235.402675628662 235.031932830811 235.98380279541 234.587493896484 234.335277557373 234.756980895996 235.040321350098 235.355899810791 238.150135040283 241.706085205078 244.923194885254 247.879573822021 246.789257049561 247.841323852539 247.915424346924 248.883754730225 247.209827423096 246.862617492676 246.95637512207 248.071655273438 248.238109588623 245.720127105713 245.039665222168 244.840721130371 246.806129455566 247.476551055908 246.459758758545 247.235683441162 247.313789367676
220.338275909424 221.922801971436 220.845638275146 222.55948638916 224.127834320068 224.912296295166 225.494514465332 226.121421813965 227.23405456543 227.348529815674 227.286640167236 226.050323486328 225.401817321777 225.325691223145 226.502185821533 227.039100646973 229.143623352051 230.877620697021 230.798751831055 232.089179992676 234.797214508057 234.493312835693 235.176666259766 236.532844543457 236.584209442139 236.334289550781 236.462329864502 238.369487762451 239.235286712646 238.271377563477 237.7688331604 242.399116516113 245.297103881836 245.726669311523 244.789539337158 244.344638824463 244.543434143066 246.700634002686 249.179126739502 249.727897644043 248.031524658203 247.341209411621 245.964935302734 244.26741027832 246.891658782959 248.539806365967 249.244705200195 247.673439025879 248.455192565918 249.60375213623
220.948291778564 221.876026153564 222.290054321289 224.620250701904 225.550449371338 225.910503387451 226.558731079102 226.878341674805 228.057426452637 228.169235229492 230.49670791626 228.216888427734 228.002986907959 227.665519714355 226.045978546143 227.263927459717 229.806419372559 230.965148925781 230.130798339844 230.900882720947 232.442420959473 233.923522949219 234.009960174561 233.449001312256 235.888206481934 236.818054199219 240.173515319824 242.228351593018 242.134765625 242.593692779541 241.935874938965 241.980895996094 242.221675872803 244.504508972168 243.138957977295 241.908443450928 241.643699645996 245.013721466064 247.458534240723 247.791004180908 247.971851348877 245.837268829346 245.417186737061 245.460399627686 245.580005645752 246.577194213867 246.642211914062 248.828182220459 248.426834106445 250.380561828613
222.649726867676 223.754516601562 224.888095855713 224.625579833984 225.988822937012 227.016773223877 227.87073135376 228.087951660156 229.830615997314 230.188343048096 229.604850769043 228.391807556152 229.362815856934 227.214912414551 226.367984771729 226.829025268555 228.034400939941 230.515914916992 229.602516174316 230.571678161621 231.610103607178 232.473819732666 233.246803283691 235.063217163086 235.840625762939 238.297142028809 240.150581359863 240.595058441162 241.376457214355 243.603355407715 242.36510848999 242.77562713623 242.965488433838 245.446666717529 243.528411865234 243.416576385498 244.671455383301 244.792663574219 247.388050079346 246.911586761475 246.716468811035 246.53002166748 246.866233825684 245.783218383789 245.069538116455 246.855827331543 247.577220916748 247.561058044434 249.378246307373 250.124393463135
224.686626434326 225.347354888916 224.981533050537 225.644821166992 225.833297729492 225.837490081787 226.391647338867 227.425262451172 229.389045715332 229.741466522217 229.840072631836 230.511112213135 230.980987548828 230.254180908203 229.867328643799 227.899578094482 228.231349945068 229.849239349365 229.186168670654 230.684982299805 231.156044006348 232.055976867676 234.169086456299 235.294109344482 236.710521697998 237.878295898438 238.677291870117 240.249340057373 241.171588897705 241.701305389404 242.056621551514 241.820491790771 241.719944000244 243.990779876709 242.632995605469 244.877826690674 245.999526977539 246.989200592041 246.752296447754 245.388427734375 245.052047729492 244.711757659912 243.395603179932 245.463703155518 246.996856689453 247.836959838867 248.472702026367 249.852737426758 250.779819488525 251.338108062744
223.540969848633 224.554069519043 225.898975372314 225.301139831543 224.650661468506 225.598083496094 225.398887634277 224.295421600342 225.699703216553 228.353977203369 229.016532897949 229.738243103027 231.038318634033 232.567749023438 231.165283203125 230.967620849609 229.74641418457 228.848052978516 229.959606170654 232.84358215332 231.179328918457 233.172733306885 234.385349273682 233.362018585205 236.192497253418 238.354484558105 239.933891296387 241.786670684814 241.925476074219 243.077415466309 242.010040283203 241.007194519043 241.294010162354 243.87183380127 243.73157119751 242.817070007324 243.950569152832 244.938163757324 247.434867858887 245.751796722412 244.148529052734 243.810539245605 243.781955718994 243.976863861084 246.045738220215 246.778621673584 247.309432983398 248.632751464844 248.787616729736 250.846168518066
224.976055145264 224.601852416992 225.249755859375 227.626846313477 226.602905273438 225.951080322266 224.495433807373 225.319343566895 224.095050811768 225.294723510742 227.876739501953 229.391777038574 229.925785064697 231.800518035889 230.605991363525 231.167896270752 230.710269927979 230.181640625 230.556884765625 232.165004730225 233.902889251709 233.441566467285 232.875534057617 232.33752822876 233.242893218994 235.274147033691 237.267135620117 239.289653778076 241.740699768066 242.37858581543 239.463607788086 243.143947601318 242.321128845215 242.911571502686 242.429328918457 242.730304718018 243.108917236328 243.967567443848 245.726112365723 247.460739135742 244.94038772583 244.805721282959 244.541484832764 243.556198120117 246.126434326172 245.518943786621 246.532691955566 247.176582336426 247.74681854248 251.136013031006
226.120910644531 226.438556671143 227.923904418945 227.933330535889 229.207164764404 229.648056030273 226.746906280518 224.583057403564 223.924621582031 224.481491088867 227.091968536377 227.534496307373 230.140018463135 231.710105895996 231.132976531982 231.126029968262 232.031337738037 232.081531524658 233.015338897705 234.187786102295 236.060527801514 235.879261016846 233.819183349609 232.878929138184 232.962471008301 232.823760986328 234.722812652588 237.848125457764 240.046504974365 240.648807525635 242.525733947754 242.419593811035 243.121044158936 243.351512908936 243.528224945068 241.182392120361 242.392398834229 244.421070098877 246.644870758057 248.719478607178 248.550605773926 245.667964935303 244.488620758057 245.498626708984 245.278438568115 244.840339660645 244.46000289917 244.290355682373 245.676986694336 247.369274139404
227.617958068848 228.383125305176 229.025817871094 227.357711791992 228.262306213379 227.665180206299 226.736934661865 225.410259246826 223.387256622314 224.388195037842 225.623775482178 227.814182281494 228.184230804443 230.174438476562 230.308967590332 230.327709197998 230.224620819092 232.282867431641 232.92985534668 234.738262176514 234.814323425293 234.740299224854 236.563556671143 237.363151550293 237.479396820068 236.172794342041 234.900169372559 236.085174560547 236.666385650635 240.72770690918 241.540798187256 244.69775390625 244.648830413818 243.711959838867 246.746955871582 245.070285797119 243.054340362549 244.175792694092 245.239818572998 247.311580657959 248.968517303467 246.734848022461 246.097747802734 245.668060302734 244.934204101562 245.555862426758 245.391109466553 245.560924530029 247.326103210449 250.547458648682
229.235397338867 227.487964630127 227.84839630127 226.457649230957 227.117408752441 226.955177307129 226.047985076904 225.847629547119 223.054004669189 223.211833953857 224.511825561523 225.983070373535 227.579616546631 227.73014831543 228.949054718018 228.385150909424 228.584617614746 229.606143951416 229.468948364258 229.74743270874 230.860759735107 233.721042633057 236.014427185059 236.830619812012 236.330184936523 235.6960105896 236.334671020508 237.312702178955 237.204772949219 237.815280914307 239.305442810059 242.560222625732 245.271327972412 245.59899520874 245.946708679199 243.825298309326 243.774654388428 244.411296844482 245.01282119751 246.198547363281 245.559791564941 246.161781311035 243.57364654541 244.869777679443 244.305393218994 245.569320678711 246.047183990479 246.903179168701 246.703384399414 246.83768081665
228.242839813232 226.911907196045 226.353157043457 226.089992523193 224.830078125 224.300952911377 223.022125244141 223.433734893799 223.973854064941 221.134952545166 223.437660217285 224.83129119873 228.583404541016 229.642181396484 229.426380157471 227.762546539307 228.417678833008 229.122993469238 229.394176483154 226.85852432251 229.00373840332 228.612998962402 230.440868377686 232.550052642822 234.000846862793 233.381820678711 235.425323486328 236.111869812012 237.504409790039 238.96325302124 239.028198242188 240.245235443115 241.979103088379 243.528671264648 242.81196975708 243.657894134521 244.313060760498 244.919666290283 246.186168670654 244.232601165771 242.568885803223 242.249034881592 242.773834228516 242.590690612793 243.770534515381 245.270755767822 246.528148651123 247.147304534912 248.373828887939 248.358474731445
228.680297851562 227.582187652588 227.33459854126 226.65055847168 225.399196624756 224.706790924072 223.372745513916 221.806415557861 220.851638793945 222.362300872803 222.563953399658 223.817066192627 225.710266113281 227.389663696289 229.663120269775 228.63516998291 228.92554473877 227.050079345703 227.724605560303 229.565372467041 229.270988464355 227.730281829834 227.826080322266 229.335639953613 232.768878936768 233.825523376465 234.134231567383 233.688537597656 237.390857696533 237.362285614014 240.450489044189 241.149444580078 242.227554321289 243.695873260498 244.803379058838 245.890823364258 247.5823097229 245.682239532471 245.784809112549 245.79224395752 244.58927154541 242.628177642822 243.390632629395 243.617610931396 244.229286193848 244.870105743408 246.756496429443 246.982040405273 248.61234664917 247.569007873535
230.228771209717 228.188407897949 228.738662719727 227.667549133301 227.140933990479 226.020149230957 223.568351745605 223.838874816895 221.865989685059 221.704513549805 223.356868743896 225.171779632568 226.480792999268 225.303226470947 225.841732025146 227.076587677002 229.254486083984 229.563785552979 227.419158935547 228.130458831787 231.147422790527 230.947776794434 231.642917633057 232.367050170898 232.284072875977 233.165428161621 232.75269317627 233.188407897949 235.479114532471 236.819862365723 240.057903289795 242.159526824951 240.464569091797 243.543067932129 244.24284362793 245.72717666626 246.770263671875 248.718704223633 245.990089416504 245.832485198975 245.595840454102 243.794666290283 243.77978515625 244.398448944092 245.423484802246 245.658172607422 246.91296005249 246.277179718018 247.412506103516 247.630386352539
228.463527679443 230.69987487793 228.950080871582 228.717887878418 227.52466583252 225.535930633545 225.78498840332 225.707077026367 224.587535858154 223.955230712891 222.722648620605 225.485584259033 226.820903778076 224.613311767578 224.974655151367 224.577472686768 226.666862487793 227.821262359619 227.639636993408 229.345233917236 231.827098846436 234.7685546875 235.83459854126 234.811088562012 235.45890045166 235.625480651855 233.913665771484 233.899490356445 233.943954467773 234.244083404541 236.465564727783 236.768474578857 239.718822479248 241.832473754883 243.290897369385 244.769012451172 247.466667175293 246.839904785156 248.004711151123 248.244167327881 245.583808898926 246.058113098145 245.665950775146 244.957527160645 244.487277984619 244.724338531494 246.764835357666 246.444995880127 246.706020355225 246.861904144287
229.90941619873 229.656635284424 228.307777404785 227.444225311279 228.810111999512 228.655288696289 228.437770843506 227.665271759033 225.969379425049 226.034656524658 225.416736602783 225.687252044678 225.103435516357 224.789154052734 226.236572265625 228.161327362061 226.925724029541 226.549518585205 228.178218841553 229.679515838623 233.1418800354 234.330341339111 235.290229797363 235.4416847229 236.609714508057 235.743064880371 234.261375427246 233.453971862793 233.394565582275 233.608921051025 235.179180145264 236.506946563721 236.411148071289 238.101078033447 240.876403808594 243.365322113037 244.636337280273 247.457363128662 248.628032684326 251.291538238525 249.497638702393 247.077140808105 247.320526123047 248.973293304443 247.17419052124 246.546802520752 246.235050201416 247.091857910156 247.743507385254 247.034084320068
227.052066802979 227.542610168457 228.068580627441 227.493213653564 230.215129852295 230.819171905518 228.029682159424 227.511192321777 226.656158447266 225.205825805664 225.101253509521 226.497573852539 227.318504333496 227.885620117188 229.731548309326 231.204292297363 229.603019714355 227.910049438477 230.242946624756 232.36888885498 235.361442565918 237.944679260254 236.490955352783 234.675464630127 234.485961914062 233.404914855957 235.068801879883 236.100574493408 235.114055633545 233.090808868408 232.986381530762 235.811695098877 238.819278717041 239.748592376709 241.593360900879 243.0417137146 244.334972381592 245.2018699646 247.772155761719 248.862270355225 251.773735046387 252.178680419922 249.124755859375 248.594833374023 249.692363739014 249.686256408691 249.05969619751 245.918746948242 245.945335388184 246.11393737793
