data/spatiotemp/temp4/bio15_norsw_test_2015_2018.asc
NCOLS 654 
NROWS 380 
XLLCORNER 3.91666666666667 
YLLCORNER 55.3333333333333 
CELLSIZE 0.0416666666666667 
NODATA_value -9999 
[rows 44 to 65 of 380, columns 350 to 399 of 654]
53.1111707687378 52.6055822372437 51.5096559524536 53.2059850692749 52.4377279281616 51.6761455535889 51.3851137161255 51.6507616043091 51.1334018707275 51.0665130615234 50.6808824539185 49.4278545379639 48.6830444335938 47.8578491210938 47.085277557373 46.6354322433472 45.6292133331299 46.5443267822266 47.8189964294434 48.28590965271 48.9885988235474 47.3589038848877 46.0727472305298 45.4375877380371 45.3891496658325 45.9460296630859 46.1717576980591 46.4653930664062 47.1297063827515 46.8954668045044 46.8769550323486 47.2800149917603 46.4785833358765 46.5470209121704 47.1929121017456 47.8881244659424 47.0956830978394 47.4969329833984 47.6431198120117 47.5210905075073 47.4836864471436 48.7363443374634 50.5059490203857 51.0503606796265 51.3645811080933 51.0232744216919 50.018651008606 48.0621886253357 47.1386923789978 47.5630970001221
51.6175174713135 50.3046216964722 49.2514362335205 49.8376722335815 51.0855112075806 51.1954889297485 50.6242418289185 49.7254304885864 49.3718929290771 49.7803840637207 49.6450977325439 49.4237928390503 49.50244140625 48.7333993911743 48.3224658966064 47.8577756881714 47.5281391143799 48.0034112930298 48.0764780044556 47.8533020019531 -9999 47.8798789978027 47.133900642395 46.0629186630249 45.7029457092285 45.2588119506836 45.0690174102783 45.6316776275635 46.1122398376465 45.743480682373 46.1345357894897 46.4455041885376 46.1160707473755 46.9891748428345 48.1503400802612 47.0494499206543 46.5420470237732 46.8331084251404 46.6519603729248 48.1277351379395 49.2972807884216 48.346218585968 48.7179536819458 50.9444589614868 51.2052183151245 51.2678899765015 50.6421184539795 50.760009765625 50.6878604888916 49.1603384017944
51.2427263259888 50.9214572906494 50.2707099914551 50.7255563735962 49.568922996521 46.4998264312744 46.925178527832 47.5661611557007 48.9372549057007 49.0474691390991 48.5652189254761 48.0887584686279 48.0371990203857 48.3352813720703 47.9706478118896 47.9359292984009 48.1259021759033 48.2250595092773 48.0168867111206 47.6681814193726 47.5981884002686 46.6746807098389 46.9351854324341 45.890007019043 45.4856443405151 45.8305540084839 45.6086502075195 45.3529710769653 45.8970060348511 46.3061428070068 46.9594974517822 47.6756439208984 48.1660737991333 48.1856489181519 48.1228542327881 48.8571329116821 47.9107275009155 48.6187353134155 48.6899814605713 47.475625038147 48.56809425354 48.8728466033936 48.5885081291199 48.1701636314392 49.1420021057129 50.8775625228882 50.9740505218506 52.0395793914795 51.4876041412354 53.3713960647583
51.9042444229126 51.2490434646606 51.21728515625 51.0343475341797 50.0604047775269 47.784068107605 46.4790563583374 46.1472110748291 46.1691741943359 45.9490203857422 46.5286502838135 46.7632541656494 47.8776807785034 48.3677225112915 48.3483400344849 48.2757015228271 48.1067562103271 47.6342887878418 47.3498964309692 46.3921976089478 45.4177465438843 45.5132608413696 45.7816686630249 46.3319959640503 46.181134223938 46.544864654541 47.5581274032593 46.8560619354248 46.5464334487915 47.0698461532593 48.3331089019775 47.9756593704224 47.3364758491516 48.9994506835938 49.1565675735474 49.2771492004395 46.7931680679321 47.3932518959045 48.9691390991211 50.481390953064 49.8581514358521 49.7538061141968 49.5201358795166 49.3595290184021 49.1330995559692 50.2801504135132 51.5829315185547 49.6012234687805 48.8564066886902 51.3532238006592
51.057409286499 51.6793975830078 51.8106746673584 50.6538515090942 49.5103855133057 47.9416627883911 47.1472253799438 47.1246147155762 47.7893810272217 48.10071849823 48.2285346984863 48.3104677200317 48.5798215866089 48.0285367965698 46.9833955764771 47.2924222946167 47.3646049499512 46.8739042282104 46.5149440765381 45.9477558135986 44.6414680480957 45.0897598266602 45.9866781234741 45.932656288147 46.3904657363892 47.2813186645508 47.2714405059814 47.5574913024902 47.3518514633179 47.3483819961548 47.8733739852905 48.7574911117554 48.3382697105408 48.0472650527954 48.6385731697083 51.6346893310547 51.0694580078125 50.0832386016846 47.2606320381165 47.4309101104736 48.5827779769897 49.6180806159973 49.1501708030701 51.0213918685913 50.1326394081116 47.9179978370667 48.796199798584 50.0927305221558 50.9131693840027 51.7697768211365
48.8902559280396 50.7918672561646 52.0338668823242 50.4645700454712 49.7959003448486 49.4612121582031 49.0532102584839 48.9579963684082 48.8470067977905 48.3373556137085 48.5377588272095 47.9920034408569 47.9413280487061 48.2579250335693 48.1280527114868 47.7002182006836 46.5151271820068 45.9598922729492 46.9216470718384 46.7818918228149 45.9362506866455 45.6688613891602 45.4009389877319 45.0048427581787 46.2516560554504 47.2346210479736 46.2552518844604 46.8277425765991 48.5481128692627 48.6629467010498 47.7519149780273 48.137788772583 48.0129723548889 48.6867961883545 49.1401624679565 48.6944437026978 49.3173036575317 52.4667987823486 52.2658338546753 49.6611194610596 50.2473831176758 50.7009472846985 49.7864508628845 49.1093454360962 50.7704510688782 51.6887578964233 50.5052480697632 50.5675368309021 51.1762871742249 51.1275963783264
51.7725677490234 52.399510383606 52.4584045410156 51.4357318878174 50.5444536209106 48.6865091323853 47.2145709991455 46.7478141784668 46.7116260528564 46.5592670440674 45.9231824874878 45.9369716644287 45.5774755477905 46.7854976654053 47.224235534668 47.3842840194702 47.3418588638306 47.3621072769165 47.922682762146 47.9434852600098 47.3477668762207 46.4751348495483 45.9447460174561 46.0527057647705 46.838586807251 47.4286413192749 47.5059947967529 47.7243614196777 47.2714796066284 48.3599581718445 50.5443868637085 48.8856840133667 48.7952852249146 48.7952618598938 47.6307163238525 48.8464322090149 49.0344982147217 50.7449350357056 52.327187538147 52.3088617324829 51.3465757369995 52.2592573165894 52.8750200271606 52.514497756958 52.7858295440674 53.3921699523926 53.5293426513672 53.2779445648193 52.1041259765625 52.946964263916
52.0746259689331 52.0511322021484 51.789852142334 51.7834930419922 51.4989128112793 51.0494012832642 50.5896329879761 49.9089136123657 48.9821357727051 48.6130409240723 48.2246866226196 47.3894443511963 45.9894819259644 45.8545637130737 46.56077003479 46.3341045379639 46.500880241394 47.0477342605591 48.2403535842896 48.1882343292236 48.1468715667725 47.6561250686646 48.1725645065308 48.0378360748291 47.9075088500977 47.3101387023926 46.7571115493774 47.6486778259277 46.7855763435364 46.8953132629395 46.8090124130249 48.767617225647 49.6079726219177 49.4301691055298 49.2477960586548 50.0660176277161 48.4514212608337 50.5224595069885 49.9696173667908 50.5231161117554 51.0043821334839 51.2923784255981 52.6752319335938 52.1904945373535 51.5145573616028 51.47780418396 52.6728467941284 53.5075969696045 53.4249897003174 52.9938049316406
50.5783042907715 48.101713180542 48.1641969680786 48.43079662323 49.3294486999512 49.6478614807129 49.3521251678467 48.2736444473267 48.8810710906982 49.5697946548462 49.4260702133179 47.6395330429077 47.7530994415283 47.6728582382202 47.3491373062134 47.3014125823975 48.1162748336792 47.5684232711792 47.9431381225586 47.9526815414429 47.6636381149292 48.2808599472046 48.5751304626465 48.7357339859009 49.1275539398193 49.2407388687134 50.7503614425659 51.556960105896 51.1910066604614 50.5521097183228 50.5557823181152 52.3444128036499 53.6924180984497 51.8624582290649 49.4080953598022 48.7311325073242 48.8173007965088 50.9912104606628 50.3629846572876 48.5145845413208 51.1165747642517 51.7818512916565 52.264862537384 53.3320899009705 53.014524936676 52.717297077179 52.8675680160522 52.7714042663574 52.323118686676 52.4468584060669
46.626841545105 45.0360403060913 46.193413734436 47.4492597579956 46.6767559051514 46.1225929260254 47.2207527160645 46.9673748016357 46.8126564025879 48.3333377838135 48.1498556137085 44.8148355484009 43.8873538970947 45.1549844741821 45.1610913276672 45.3685321807861 46.559693813324 46.249532699585 45.9576621055603 47.3723592758179 47.3446054458618 47.0210676193237 48.1453170776367 49.759593963623 49.3637399673462 48.3247404098511 49.7557525634766 53.398265838623 55.0885066986084 49.5932154655457 49.8479804992676 51.0702953338623 50.0907664299011 52.5812110900879 53.434175491333 52.8764677047729 52.403247833252 52.5521960258484 52.6638760566711 49.9695639610291 49.1720652580261 50.3786273002625 52.2874794006348 54.3639039993286 54.333025932312 54.6776399612427 54.5000143051147 54.2831411361694 55.5104522705078 55.1948728561401
46.7916383743286 46.0720243453979 45.2464485168457 46.0066528320312 46.4049644470215 45.8224039077759 46.5265111923218 46.3695669174194 47.2810802459717 46.8294401168823 44.9369983673096 46.6624765396118 46.4138221740723 44.7429876327515 44.2139072418213 45.0693202018738 45.227952003479 45.7511835098267 46.481605052948 45.4757061004639 46.4862184524536 48.2664995193481 48.8761682510376 50.4490995407104 51.8081579208374 50.1022729873657 48.554075717926 52.7514524459839 54.4578227996826 52.3517560958862 49.1836214065552 48.8034229278564 48.0646290779114 48.9246215820312 50.0769577026367 51.5581002235413 53.5456504821777 53.7608814239502 54.3653087615967 54.5153532028198 54.2919359207153 53.8162450790405 53.8261499404907 54.2021236419678 54.5314874649048 54.5440702438354 54.3450727462769 53.4276962280273 53.9819459915161 54.2861671447754
46.7644243240356 45.7983112335205 46.6212911605835 46.4083070755005 45.6792116165161 45.0848088264465 45.3424158096313 46.3615140914917 46.5896635055542 46.9829416275024 44.7133173942566 44.9886898994446 45.5434441566467 46.7548112869263 46.1679954528809 45.3428854942322 46.0526757240295 45.5381546020508 45.268844127655 46.7686791419983 46.1467003822327 46.0920901298523 47.9033856391907 48.9535007476807 53.925009727478 56.7962245941162 54.7658758163452 55.1961002349854 54.7902641296387 52.8812198638916 53.147027015686 54.17458152771 54.1595029830933 53.6143283843994 51.6217255592346 50.6056566238403 51.1089344024658 50.7555289268494 51.9372544288635 51.976110458374 52.6267652511597 53.8555936813354 55.4811182022095 53.9857149124146 53.4416227340698 52.3644251823425 53.9662399291992 54.7812538146973 54.8121013641357 54.9579887390137
49.5920963287354 47.8316173553467 46.3159008026123 45.624436378479 45.330602645874 44.6949014663696 45.5455760955811 45.2940702438354 45.02716588974 45.1062669754028 45.1940288543701 45.0822381973267 45.9671721458435 46.2705073356628 46.1752257347107 45.8106055259705 46.2432689666748 46.8177952766418 47.0222043991089 46.9560031890869 47.8540048599243 47.450722694397 47.5400524139404 48.3220362663269 49.5602197647095 51.2588520050049 56.4080543518066 61.2637767791748 57.9225492477417 53.012638092041 51.6627421379089 52.5291271209717 53.3158855438232 54.703685760498 53.534677028656 52.1534514427185 51.2672848701477 52.9700741767883 52.8828110694885 53.1867895126343 53.3379220962524 54.3865022659302 55.5037212371826 55.7275257110596 55.1926145553589 53.9741563796997 54.1371335983276 53.8968925476074 53.3838286399841 53.7077794075012
50.5477533340454 49.769627571106 47.2712955474854 46.6410331726074 46.0884313583374 46.1987619400024 45.4566173553467 45.5156898498535 45.3281412124634 45.397403717041 44.8215761184692 45.4845967292786 45.4991412162781 45.1282901763916 44.4767541885376 44.335702419281 45.0698194503784 46.0462145805359 46.7337431907654 47.1380891799927 48.2789964675903 48.9016289710999 48.8079690933228 48.8173565864563 49.4394979476929 51.1994476318359 51.7194242477417 55.5936822891235 66.359715461731 58.057318687439 51.5062026977539 49.8189172744751 50.7928929328918 54.5056667327881 55.1268167495728 55.0267181396484 53.9071025848389 53.5991716384888 52.6029739379883 52.5154991149902 53.4997491836548 53.6302833557129 54.9526319503784 54.8023872375488 56.1279439926147 56.1587629318237 55.4113931655884 55.2579765319824 54.2542910575867 53.9790058135986
48.6339721679688 48.7157258987427 47.7073135375977 49.0444307327271 46.3818635940552 46.6427688598633 46.1191959381104 44.4781932830811 45.0909299850464 46.3034381866455 45.8693265914917 46.0940504074097 45.5474286079407 46.3662114143372 45.7612314224243 45.3458466529846 46.2404980659485 46.1911625862122 46.8891043663025 48.7764539718628 48.7351412773132 46.5129837989807 44.522876739502 45.1607394218445 45.8420805931091 47.2367515563965 47.4927582740784 50.2762775421143 55.2661399841309 65.252236366272 59.6656198501587 54.4263257980347 52.991096496582 54.5988550186157 53.3229360580444 53.788369178772 54.8513221740723 52.2845087051392 51.781430721283 51.9761662483215 52.8774118423462 52.9763798713684 54.1379747390747 54.5223007202148 54.7749834060669 55.6465110778809 56.1082248687744 55.7236986160278 55.27867603302 55.5125703811646
47.5162982940674 47.8617124557495 45.0084581375122 46.6342926025391 47.4140195846558 46.0222864151001 45.482720375061 43.9434995651245 44.8681325912476 45.6805047988892 46.8772678375244 46.1902103424072 45.1936354637146 46.2488217353821 45.6968512535095 45.9883999824524 46.9346971511841 46.14186668396 45.7539148330688 45.4995565414429 45.9959597587585 47.5649847984314 50.4351892471313 50.5630350112915 50.7487716674805 51.6324558258057 51.2635354995728 51.465217590332 53.0952925682068 59.6617450714111 62.6453256607056 53.8061199188232 48.9114236831665 49.1774930953979 49.0785727500916 50.2250485420227 54.4616241455078 55.6268501281738 55.0535678863525 54.5821256637573 53.8701992034912 52.748110294342 54.3815927505493 54.6360893249512 55.3039169311523 55.5012645721436 56.1835069656372 56.437572479248 57.0941123962402 56.2744674682617
46.1450986862183 47.4908924102783 44.5036478042603 44.980206489563 45.2542991638184 46.1616940498352 47.9677324295044 46.6448678970337 46.9787311553955 46.9262065887451 46.8535342216492 48.3094577789307 47.9802613258362 47.5561671257019 47.3035516738892 46.4035134315491 44.9963788986206 45.2536044120789 45.9504113197327 46.5471959114075 47.5272359848022 48.2706289291382 48.2402658462524 49.5555148124695 51.4382104873657 51.9133667945862 53.0888004302979 53.0710258483887 52.418662071228 51.4801936149597 57.3988418579102 60.0512609481812 56.7455530166626 53.3428254127502 52.563081741333 53.4651560783386 53.2149181365967 52.6474442481995 52.4219546318054 52.9216332435608 54.2037382125854 55.2580127716064 54.0643863677979 52.5623250007629 53.1615738868713 54.4567489624023 56.0207366943359 56.1669044494629 56.2694711685181 56.5813999176025
44.404887676239 46.579496383667 44.2348141670227 43.5136818885803 44.0975151062012 45.1298856735229 45.0547466278076 45.1471033096313 46.1413760185242 45.3667182922363 44.2259645462036 44.8508143424988 45.8609418869019 46.9886226654053 48.2505297660828 49.250648021698 48.8793025016785 48.344190120697 48.2714977264404 48.9146776199341 48.9798054695129 48.8543367385864 47.4309740066528 47.2003645896912 48.2753458023071 47.7944812774658 48.7852125167847 50.6962594985962 50.9024653434753 52.1769099235535 55.8485651016235 58.0162954330444 57.9985799789429 55.7761669158936 55.197527885437 56.0649995803833 56.5321578979492 55.3160591125488 53.2445273399353 53.6458797454834 54.1309275627136 54.0638661384583 55.4680042266846 55.1841650009155 53.9884333610535 55.4540557861328 56.1993532180786 55.3002977371216 54.9509658813477 56.1835069656372
43.8196563720703 45.2514472007751 44.9720754623413 42.6690349578857 42.4833931922913 42.8921756744385 44.0128049850464 44.7380266189575 45.4121913909912 45.2291603088379 45.1100602149963 44.9709868431091 45.6980910301208 44.7188186645508 45.3044157028198 47.8364100456238 49.3654088973999 48.555070400238 45.5488305091858 46.0336060523987 47.5934958457947 52.3050198554993 53.5593557357788 50.9483780860901 47.2901368141174 46.6279401779175 48.2523183822632 48.6461539268494 50.0605807304382 52.4286303520203 55.0843305587769 56.6412496566772 58.4156265258789 56.7161493301392 55.1111373901367 54.2467098236084 54.6612949371338 55.3935232162476 57.2865972518921 57.2968292236328 57.8150625228882 57.0708847045898 57.0785207748413 56.5002517700195 56.5499620437622 56.6584577560425 56.6582002639771 56.9302129745483 56.9042053222656 57.0393533706665
43.6899452209473 44.4624085426331 45.591383934021 44.5343098640442 43.5422396659851 44.0124387741089 44.5967063903809 44.2833733558655 44.1845941543579 44.1817383766174 44.8507442474365 45.0383925437927 45.9468712806702 46.3128690719604 46.316987991333 47.5649247169495 46.9069309234619 48.4112687110901 49.5841627120972 47.5205507278442 46.6981134414673 47.394154548645 49.9238185882568 52.0668325424194 54.5935354232788 54.7499051094055 54.7718052864075 55.0607895851135 54.4644246101379 55.6399030685425 56.809063911438 58.0895547866821 58.3785972595215 58.7762241363525 58.4419088363647 57.3996734619141 56.9186363220215 56.8763399124146 57.2346677780151 57.0257701873779 56.7044343948364 56.8300199508667 56.6557321548462 56.103816986084 55.8849792480469 56.767861366272 56.9034299850464 57.4952754974365 57.2577228546143 57.2313890457153
46.7151012420654 47.015585899353 47.6714086532593 47.7596197128296 46.6245560646057 45.9450607299805 46.2559585571289 47.1070942878723 45.7625923156738 45.6721706390381 45.4082446098328 45.4412279129028 46.5826787948608 46.699836730957 45.3848495483398 46.8206944465637 47.5603709220886 48.2532081604004 49.8782577514648 50.0867218971252 49.6943340301514 50.9006948471069 51.1268744468689 52.4690804481506 54.1358804702759 53.2319540977478 53.2051210403442 55.3736047744751 57.0742073059082 57.7786903381348 57.4113445281982 57.915472984314 56.1804828643799 55.1865701675415 55.5052881240845 57.1772928237915 58.3956813812256 56.6243314743042 56.4950246810913 56.4518356323242 55.9604444503784 55.886757850647 56.5447244644165 56.5179300308228 56.2790422439575 54.5875434875488 53.0540223121643 54.6434078216553 55.5969944000244 56.5243101119995
46.6609678268433 46.6485376358032 47.7033605575562 49.0376882553101 50.2411060333252 50.4763040542603 50.8130950927734 51.4692831039429 50.4419012069702 49.0999035835266 45.9743852615356 45.3467931747437 45.3027911186218 46.2764801979065 46.7505393028259 47.4301743507385 48.383421421051 48.6805329322815 47.497820854187 45.7914519309998 45.8654632568359 47.7450833320618 46.5185384750366 47.8168888092041 49.7250161170959 51.3900198936462 53.61083984375 54.8802003860474 54.8983173370361 56.6376876831055 58.3865633010864 57.822566986084 56.5310773849487 55.5066699981689 52.7426133155823 52.4791684150696 54.3316535949707 55.8698043823242 56.2398815155029 55.7138767242432 55.737398147583 56.3816509246826 56.0332908630371 56.2298288345337 56.5836162567139 56.4871864318848 55.8070411682129 55.5833673477173 55.1279792785645 55.588098526001
