data/spatiotemp/temp4/bio19_norsw_test_2015_2018.asc
NCOLS 654 
NROWS 380 
XLLCORNER 3.91666666666667 
YLLCORNER 55.3333333333333 
CELLSIZE 0.0416666666666667 
NODATA_value -9999 
[rows 66 to 87 of 380, columns 400 to 449 of 654]
103.127639770508 104.310968399048 103.291786193848 104.227858543396 103.204188346863 103.155427932739 102.859498023987 100.733179092407 99.7074203491211 98.5047397613525 97.538914680481 97.4928979873657 97.4468822479248 96.4964504241943 96.4515228271484 96.4065933227539 95.4420185089111 96.3175582885742 97.2529735565186 97.2091646194458 96.4889602661133 94.0825119018555 93.118579864502 91.9430704116821 91.9021081924438 90.9392194747925 92.9470043182373 92.9041109085083 94.13844871521 95.117959022522 93.2596273422241 91.2656145095825 90.0833120346069 87.8449115753174 86.8987274169922 86.948278427124 85.6378726959229 83.5126161575317 83.3197889328003 84.5414009094238 84.5854215621948 84.6248188018799 83.9682941436768 82.8877067565918 84.9814949035645 86.2712507247925 86.3107023239136 83.0392999649048 82.8402366638184 81.8626108169556
98.7165002822876 100.819443702698 100.777827262878 100.736206054688 100.691165924072 102.717111587524 100.594239234924 100.792023658752 100.743386268616 100.694746017456 99.497184753418 98.5307245254517 98.4833631515503 97.4569120407104 97.4096088409424 95.0558156967163 95.2543029785156 94.963152885437 94.0239381790161 93.7351303100586 92.7706317901611 92.9694871902466 90.5693817138672 90.5260248184204 90.7256050109863 91.6661739349365 91.6231498718262 90.6591672897339 90.6675863265991 89.7390375137329 88.6795749664307 87.8135032653809 87.871000289917 86.6907825469971 86.7464561462402 86.8021297454834 85.98388671875 84.8690605163574 86.4892635345459 86.7850999832153 86.8327159881592 85.6219425201416 86.036036491394 86.0743646621704 87.2279539108276 87.5043230056763 87.542875289917 85.9910621643066 82.9580106735229 82.9948301315308
96.2150325775146 97.3387451171875 99.9246206283569 100.799694061279 100.753253936768 103.752605438232 103.701428413391 101.506115913391 100.308740615845 100.504294395447 102.516622543335 101.323161125183 100.599599838257 100.549647331238 103.536361694336 101.429313659668 100.398682594299 97.0701084136963 93.9881381988525 91.8901214599609 91.8426170349121 90.6691741943359 90.3807983398438 90.3353939056396 92.6365385055542 93.8161716461182 93.7695026397705 93.7228298187256 91.3922643661499 89.5496301651001 89.3728771209717 89.678316116333 87.4660949707031 86.2919454574585 86.3539562225342 86.4159669876099 86.4779787063599 86.5399875640869 88.8808736801147 90.1930456161499 90.4837102890015 89.271354675293 88.200382232666 88.3185110092163 90.6393270492554 90.6782293319702 87.4164686203003 87.2180185317993 84.8887825012207 84.9256458282471
95.3091526031494 97.4098348617554 98.3478899002075 99.4535808563232 101.550381660461 102.644692420959 103.754487037659 104.683325767517 103.649418830872 103.352423667908 103.544344902039 101.192736625671 100.16101360321 100.110067367554 98.2517337799072 98.4454393386841 98.3941087722778 95.9892530441284 94.777045249939 91.7017335891724 89.6115283966064 89.5638809204102 89.5162324905396 90.5854921340942 93.7952108383179 93.6157560348511 92.5817232131958 92.5324935913086 92.5446243286133 89.3602266311646 87.1620073318481 87.2322149276733 86.3060855865479 85.8942375183105 85.9625902175903 86.2703886032104 86.3385190963745 86.6456623077393 86.9523639678955 90.3057994842529 90.3599157333374 90.3976650238037 90.4354152679443 90.4731607437134 90.5109090805054 88.4240303039551 88.4603652954102 87.3263921737671 87.1279954910278 87.1647644042969
99.0318298339844 98.9876003265381 98.2721881866455 99.2102108001709 100.078740119934 100.272059440613 102.585062026978 104.430701255798 104.377820968628 106.618637084961 105.432233810425 103.237593650818 101.138767242432 100.106040000916 97.7683029174805 96.7374649047852 94.648458480835 94.6032218933105 94.5579900741577 94.5127544403076 91.450439453125 89.3742341995239 89.0904674530029 89.0483369827271 89.247239112854 88.287636756897 89.1625757217407 89.1202449798584 87.1157093048096 88.2945528030396 86.0340423583984 86.1074066162109 85.9414396286011 88.0410537719727 88.5932998657227 89.9103260040283 92.0151710510254 90.0625705718994 90.1386919021606 92.2462320327759 92.5416851043701 91.6483087539673 91.6864547729492 92.6574478149414 92.9317016601562 92.7346239089966 92.773211479187 89.5168981552124 87.9797658920288 88.2505731582642
99.0326499938965 99.904914855957 98.7036304473877 98.6614379882812 98.8589143753052 99.0520973205566 99.9163932800293 100.10923576355 103.083572387695 103.031628608704 102.979685783386 102.187989234924 99.8565940856934 99.5637331008911 99.7555408477783 99.7050132751465 97.6310834884644 97.5983600616455 94.3117961883545 92.252269744873 92.2217960357666 90.1661710739136 89.1513872146606 87.0991020202637 86.0839233398438 85.1381130218506 86.0968742370605 83.7400770187378 83.7648286819458 85.8602323532104 88.9522047042847 89.2722959518433 89.3535737991333 89.6729679107666 92.7813472747803 92.8657655715942 91.9425535202026 93.0346031188965 93.1190176010132 92.5098180770874 92.4868679046631 93.5434513092041 93.8197908401489 93.8601598739624 93.9005317687988 92.9214525222778 92.7272472381592 92.7673063278198 89.2793626785278 89.0858125686646
94.4719667434692 94.4316082000732 94.6345815658569 96.4903783798218 97.8144292831421 98.7482395172119 98.6985092163086 99.8046827316284 99.7549200057983 99.9473009109497 100.638637542725 99.8474817276001 99.5558643341064 101.403340339661 100.68080329895 100.630846977234 98.5735950469971 97.5712556838989 95.2907562255859 94.2876844406128 92.0099468231201 88.9880142211914 90.748387336731 88.4747648239136 85.4544048309326 83.901496887207 84.8750076293945 83.8695554733276 83.9022064208984 85.9978723526001 89.329948425293 92.6686153411865 89.2645139694214 89.5878524780273 89.6738185882568 91.7825651168823 91.8699340820312 93.0551805496216 93.142804145813 92.1320285797119 92.1966867446899 93.490816116333 93.7676410675049 93.8095149993896 93.8513879776001 93.7420597076416 92.6812810897827 92.7228193283081 91.509840965271 91.5510444641113
92.0349111557007 94.1329078674316 94.3364534378052 94.2972135543823 95.4799499511719 96.3441410064697 97.41139793396 99.2584800720215 100.562941551208 100.627504348755 100.578359603882 100.529218673706 100.721017837524 100.671724319458 100.381786346436 99.3486385345459 99.3212375640869 97.0624294281006 94.9730319976807 94.0541353225708 90.5717115402222 90.3278217315674 87.3242645263672 85.3094110488892 86.7716312408447 84.7584371566772 84.7548713684082 83.2842855453491 85.5716552734375 84.9781475067139 86.9811582565308 85.8347072601318 88.2537517547607 89.2665967941284 89.3577365875244 90.5440406799316 91.561918258667 93.9977130889893 94.3277273178101 93.1721706390381 92.1429033279419 93.4381828308105 94.5811681747437 94.8587694168091 95.6026287078857 95.8799753189087 94.9028491973877 94.9466829299927 96.0137414932251 96.2891082763672
94.987455368042 96.8418636322021 96.8033952713013 100.495311737061 97.2042646408081 96.9148502349854 98.0923080444336 98.0440874099731 98.9066152572632 99.0991039276123 99.2913131713867 100.227751731873 100.419593811035 100.371126174927 102.32928276062 102.279441833496 103.48397064209 100.263606071472 97.0424785614014 93.5818119049072 90.359411239624 88.3635482788086 88.1338596343994 86.9141855239868 84.9184579849243 84.3893098831177 84.3977909088135 83.4128265380859 83.2255525588989 83.5525407791138 86.650092124939 86.7445211410522 85.8362598419189 87.2552671432495 87.113353729248 87.8967227935791 92.349666595459 93.6098003387451 93.0154190063477 93.1139125823975 94.4371156692505 94.4830503463745 94.5289897918701 95.1210384368896 96.6527166366577 95.6781892776489 96.9781017303467 97.0249004364014 97.3019647598267 97.3483848571777
87.9558343887329 87.9206275939941 91.1245231628418 94.3262882232666 96.4182033538818 95.1455154418945 96.3236303329468 97.1855478286743 101.705819129944 105.015502929688 101.497446060181 98.461597442627 98.8930549621582 98.6061840057373 98.5587072372437 99.7362298965454 98.7378787994385 95.3007583618164 93.0887889862061 93.1111221313477 91.1367101669312 90.168342590332 88.1921987533569 87.2211465835571 84.7701168060303 83.7071142196655 83.0482263565063 83.3037424087524 83.3610324859619 84.9880142211914 85.3207206726074 86.7394847869873 86.8377542495728 86.9360313415527 88.965446472168 88.8330755233765 92.0437526702881 93.3082399368286 93.4137983322144 94.6142892837524 93.8285636901855 95.1277770996094 95.1761522293091 94.2036142349243 94.2512092590332 97.5835514068604 97.8629083633423 99.1655597686768 99.2148847579956 98.3292102813721
92.9072132110596 90.6243457794189 89.4919948577881 92.687292098999 92.6475782394409 92.6025295257568 96.0215368270874 97.973030090332 100.058109283447 100.010251998901 99.9623994827271 99.9145421981812 98.1142959594727 98.0677185058594 98.021143913269 95.7495555877686 94.9962348937988 93.0453157424927 91.8542060852051 92.6420612335205 89.9348134994507 90.9607763290405 88.0125427246094 86.8166790008545 86.0873928070068 84.8897037506104 84.6868515014648 84.7193937301636 84.7869358062744 86.8877897262573 86.9927310943604 87.3313884735107 88.6748361587524 87.5407276153564 87.6453971862793 88.8386211395264 90.8823728561401 92.3144960403442 93.351806640625 93.4628019332886 94.4067211151123 93.5929622650146 94.9694023132324 96.18088722229 97.2536859512329 97.5343399047852 97.5851497650146 97.8647603988647 97.9152240753174 97.9656887054443
90.602240562439 90.5686702728271 91.4409189224243 91.4073905944824 92.3542308807373 92.3098487854004 92.5041065216064 95.6735649108887 99.7467823028564 99.6996669769287 99.652551651001 99.6054344177246 97.8143329620361 97.7685146331787 97.7227029800415 94.4738597869873 93.4073123931885 92.5487251281738 92.3613700866699 90.34885597229 91.4683866500854 90.6057758331299 89.5816192626953 89.6291818618774 86.459810256958 87.736798286438 87.7832345962524 87.8296747207642 86.9088325500488 87.018536567688 87.1282377243042 87.2379388809204 87.3476409912109 90.7027711868286 90.5846519470215 90.9303503036499 91.0441389083862 92.247410774231 93.5206031799316 93.8672714233398 94.5838241577148 95.5653495788574 95.6178998947144 95.8996534347534 97.0482988357544 97.1011829376221 99.3399057388306 99.6217775344849 101.156887054443 100.983486175537
89.8267593383789 90.9381084442139 91.1447410583496 91.1125812530518 94.0451440811157 97.2073698043823 96.084300994873 95.1344528198242 95.3269901275635 96.1870317459106 98.4373369216919 98.6280298233032 97.2772836685181 94.2726135253906 93.9920673370361 92.8862380981445 91.9906272888184 92.2898578643799 91.361083984375 89.2144384384155 89.2750253677368 89.1007490158081 89.161660194397 89.2225761413574 86.3056526184082 86.3640804290771 87.6549367904663 86.7138738632202 87.8017177581787 86.9150218963623 86.7976980209351 87.9895257949829 88.1063776016235 90.3854112625122 90.5046787261963 90.8545637130737 92.0595149993896 93.1059474945068 93.4575796127319 94.6706390380859 95.6874799728394 96.8345766067505 98.8412065505981 98.8970737457275 97.9290246963501 97.9840774536133 97.106463432312 97.1608419418335 97.0511808395386 99.4585762023926
86.5660572052002 88.9004573822021 91.4070625305176 91.6137294769287 93.4663143157959 95.1597490310669 95.7815761566162 95.9743032455444 97.1547727584839 99.0784893035889 101.320444107056 102.177464485168 99.1778907775879 96.9339218139648 93.9394817352295 91.9374113082886 90.6649522781372 90.7404613494873 88.9163188934326 88.9899377822876 87.0105228424072 86.1724796295166 86.0094718933105 85.8471374511719 84.8559513092041 84.245813369751 84.5472278594971 86.5965280532837 86.6917486190796 86.8115119934082 88.1685619354248 88.2895841598511 90.1757755279541 90.3002376556396 91.5045366287231 91.8607177734375 92.9112014770508 93.038516998291 93.165825843811 95.539270401001 95.6319541931152 96.7795181274414 98.7880477905273 99.0726776123047 99.1297740936279 97.9347648620605 96.895658493042 96.9515676498413 97.2332010269165 97.2888040542603
91.4434690475464 91.6502561569214 90.5523796081543 92.8125276565552 91.71071434021 93.3965187072754 93.5889253616333 94.7693977355957 96.8525524139404 96.8091402053833 98.9587926864624 101.859224319458 99.7716035842896 98.8237247467041 94.5532236099243 92.5612697601318 90.4557647705078 89.2624092102051 86.4015893936157 86.4861621856689 85.6629590988159 85.7465553283691 85.8301467895508 84.8578243255615 84.940055847168 86.0809345245361 86.164529800415 86.4791879653931 87.8186807632446 87.9446430206299 88.0706033706665 89.1152753829956 90.3149280548096 91.5192975997925 92.5728302001953 92.7055807113647 94.08314037323 95.3015022277832 96.3637437820435 96.5010528564453 97.916259765625 98.6759643554688 98.7348937988281 99.0200691223145 99.0787086486816 97.8854484558105 97.9435405731201 98.2267332077026 97.1885871887207 97.245735168457
92.3600473403931 92.5677146911621 93.4386873245239 93.4098386764526 93.3737449645996 93.3304004669189 94.5110883712769 94.4680099487305 95.3257627487183 95.517970085144 98.6481637954712 98.6038856506348 96.6144771575928 96.5717058181763 93.3606538772583 92.2804365158081 92.3126277923584 90.2855548858643 88.4412689208984 85.5953483581543 85.4584674835205 85.5546436309814 85.8827857971191 83.7865991592407 83.8800411224365 82.9705829620361 84.0669193267822 86.1317176818848 86.4746627807617 86.6044902801514 86.7343149185181 89.8601837158203 91.064697265625 92.1226634979248 92.2611646652222 92.6272716522217 95.090389251709 96.3838481903076 96.2997636795044 97.7570457458496 98.7868976593018 99.9373874664307 99.7726936340332 100.988885879517 100.119916915894 98.8631153106689 98.1201915740967 99.2082099914551 97.1439790725708 97.2026634216309
93.8915710449219 92.8110799789429 94.3139200210571 94.289174079895 96.3801908493042 94.3912572860718 94.5893316268921 95.4525728225708 95.4159383773804 95.3793087005615 95.3426761627197 93.3633632659912 93.0941047668457 93.0589714050293 90.9938144683838 90.2917919158936 89.5266265869141 88.4969205856323 88.6028146743774 87.4789323806763 85.6342544555664 84.4602117538452 83.651816368103 83.7514190673828 83.6206874847412 82.9461545944214 84.2798070907593 84.3790349960327 86.2369709014893 86.5963954925537 89.7188339233398 89.8544464111328 91.0584716796875 92.1177768707275 92.4840822219849 93.9261684417725 96.0106182098389 97.2360553741455 97.3824377059937 98.6814098358154 99.6494045257568 99.9371728897095 101.955388069153 102.019624710083 101.055987358093 101.119334220886 100.09006690979 99.4426717758179 99.5043210983276 97.2162532806396
94.0542316436768 96.1597843170166 97.4335660934448 97.4176387786865 96.3442659378052 96.3185729980469 95.2436151504517 95.4532070159912 95.6625003814697 95.6378231048584 95.379638671875 95.3551139831543 93.6209316253662 93.5973243713379 93.3408098220825 92.2799501419067 90.4258680343628 88.2665519714355 87.4676342010498 86.5300512313843 85.4947900772095 85.5974979400635 83.6494779586792 82.608003616333 82.7069797515869 83.0350246429443 83.1336221694946 84.4688844680786 85.4977235794067 86.4560461044312 88.794075012207 88.9245548248291 90.2972717285156 92.422700881958 92.5578193664551 94.9196128845215 96.1367378234863 97.5255136489868 97.892502784729 98.7378101348877 99.9290065765381 102.01203918457 102.077938079834 101.05407333374 101.119326591492 101.184574127197 101.472731590271 100.445352554321 99.4752264022827 97.2865018844604
92.2632541656494 93.1561794281006 96.089599609375 98.2690944671631 97.3593997955322 96.5286540985107 96.5151567459106 95.6871385574341 95.4414291381836 97.3223400115967 95.4165992736816 95.4041833877563 95.3917675018311 94.3380250930786 93.4240531921387 93.4124069213867 91.4264526367188 90.6318969726562 90.9719429016113 90.8502769470215 88.0024566650391 85.9197425842285 86.0222244262695 86.1247072219849 84.0316467285156 83.9033727645874 84.2314357757568 86.5346345901489 86.6475973129272 88.753363609314 89.8943958282471 89.2330751419067 90.3768539428711 92.5002956390381 92.6315536499023 95.0860795974731 96.1476306915283 97.5888671875 98.8797264099121 98.7942113876343 100.207176208496 100.273290634155 101.048350334167 101.33848285675 101.182663917542 101.249819755554 101.316976547241 101.606058120728 100.580841064453 99.3871402740479
95.3626079559326 97.3160610198975 97.3190479278564 96.2712240219116 96.5056180953979 96.5044689178467 96.7361316680908 96.7347841262817 98.8592071533203 98.6266136169434 99.528205871582 98.6262712478638 98.6261005401611 98.8573789596558 99.9915256500244 102.261262893677 96.8761291503906 94.8139686584473 91.7454166412354 90.9476327896118 91.0569953918457 88.2009677886963 88.0777626037598 88.1833801269531 88.0613374710083 86.1946716308594 87.4423408508301 87.5463047027588 90.8794755935669 91.0047588348389 92.1957015991211 93.340726852417 93.4697017669678 92.5778923034668 92.9299011230469 96.0843276977539 96.216136932373 97.652229309082 98.0094547271729 98.8506116867065 100.03781414032 100.106097221375 102.364227294922 102.434142112732 101.467995643616 101.536800384521 101.384120941162 100.583830833435 100.651985168457 99.457799911499
97.4702968597412 97.2493486404419 97.2617921829224 96.2245082855225 96.4690885543823 96.480281829834 96.49147605896 97.7267951965332 98.8716869354248 98.8837957382202 100.843776702881 98.9080142974854 99.1509838104248 99.1628742218018 98.3618869781494 100.090982437134 100.157657623291 100.508192062378 95.2589340209961 96.4212331771851 95.4874935150146 93.4554100036621 91.3735961914062 91.48313331604 92.7357654571533 91.7021980285645 92.0377283096313 90.8603820800781 94.1992664337158 94.3251762390137 94.4510869979858 94.8015394210815 95.9975833892822 98.1240196228027 97.3270101547241 96.1568021774292 96.2846403121948 96.4124803543091 97.6222858428955 97.9746379852295 99.0070362091064 100.162403106689 101.389207839966 101.238368988037 101.309336662292 100.34031867981 99.3210620880127 99.3901958465576 100.502890586853 99.5284585952759
98.0591821670532 98.08131980896 97.2045335769653 98.3578052520752 99.3703746795654 100.526850700378 100.551805496216 100.576755523682 98.653133392334 98.9087514877319 99.1638927459717 98.9579200744629 98.1670093536377 98.4215621948242 97.5415229797363 96.335108757019 95.1304473876953 95.2449636459351 95.3594741821289 94.7915267944336 95.8159694671631 94.7898092269897 92.8394727706909 92.7235565185547 92.8343172073364 95.2420854568481 96.2755899429321 96.3901081085205 97.5258007049561 97.6521158218384 97.7784290313721 96.6597785949707 98.0310592651367 99.2299919128418 99.5810575485229 99.486120223999 98.3618173599243 97.7789430618286 97.9043283462524 98.0297164916992 98.1277494430542 99.1337718963623 99.4263124465942 100.362898826599 100.655558586121 100.578357696533 99.3862247467041 99.4571895599365 99.5281553268433 99.5991191864014
