data/spatiotemp/temp4/bio1_norsw_test_2015_2018.asc
NCOLS 654 
NROWS 380 
XLLCORNER 3.91666666666667 
YLLCORNER 55.3333333333333 
CELLSIZE 0.0416666666666667 
NODATA_value -9999 
[rows 308 to 329 of 380, columns 600 to 649 of 654]
6.08322870731354 5.98814105987549 6.00755321979523 6.04563236236572 6.06721150875092 6.104123711586 6.16736948490143 6.22344839572906 6.2765554189682 6.3178573846817 6.34665906429291 6.35329413414001 6.34292936325073 6.33239781856537 6.35036599636078 6.3585010766983 6.33680307865143 6.30327165126801 6.29790675640106 6.28070843219757 6.25613844394684 6.23769629001617 6.23325455188751 6.22264587879181 6.21903705596924 6.21526169776917 6.2074863910675 6.22271120548248 6.22876918315887 6.23682725429535 6.24538505077362 6.19861006736755 6.18798959255219 6.18119072914124 6.15972554683685 6.13492667675018 6.10679459571838 6.06732904911041 6.03119695186615 6.01439821720123 6.02059936523438 6.04330050945282 6.03300189971924 6.00486993789673 6.00724124908447 5.9891163110733 6.00449120998383 6.02703285217285 6.01140773296356 6.01811635494232
6.09013855457306 6.00690746307373 6.04850947856903 6.05561125278473 6.12471318244934 6.16948187351227 6.19641733169556 6.22235238552094 6.28155279159546 6.31851828098297 6.35981738567352 6.36528301239014 6.36608183383942 6.37171399593353 6.39034640789032 6.38964509963989 6.38361072540283 6.33707618713379 6.30904197692871 6.31100738048553 6.30744826793671 6.30269730091095 6.28078007698059 6.25036251544952 6.23761200904846 6.22052776813507 6.22527730464935 6.24002647399902 6.23777568340302 6.23419153690338 6.24944090843201 6.27135694026947 6.24954104423523 6.22899305820465 6.20311188697815 6.1728972196579 6.15384948253632 6.12146818637848 6.0897536277771 6.07537233829498 6.09682440757751 6.10344326496124 6.08622860908508 6.05501401424408 6.06826066970825 6.04430139064789 6.05400896072388 6.09071660041809 6.13942420482635 6.18696510791779
6.11699986457825 6.05841028690338 6.07165443897247 6.09923183917999 6.14014267921448 6.18938660621643 6.24079716205597 6.27170789241791 6.2570298910141 6.29859662055969 6.31049656867981 6.32572984695435 6.35962986946106 6.37052977085114 6.37276327610016 6.36049628257751 6.34456312656403 6.31012976169586 6.32252967357635 6.33326303958893 6.32739984989166 6.30160665512085 6.29064726829529 6.28868758678436 6.29322791099548 6.28443491458893 6.29314208030701 6.30468237400055 6.28922271728516 6.27526307106018 6.26497006416321 6.25634384155273 6.24910163879395 6.25007700920105 6.24138557910919 6.24036073684692 6.23333609104156 6.21581125259399 6.16028654575348 6.14209520816803 6.15057063102722 6.15204560756683 6.12935423851013 6.12482953071594 6.13349640369415 6.13668835163116 6.15221333503723 6.18873846530914 6.24376380443573 6.24712216854095
6.10664510726929 6.10248339176178 6.10598874092102 6.09716081619263 6.12499904632568 6.18633782863617 6.18750953674316 6.2300146818161 6.27265334129333 6.28709185123444 6.30253005027771 6.34630167484283 6.38057339191437 6.36684513092041 6.34361672401428 6.35755491256714 6.35899341106415 6.35776519775391 6.3525367975235 6.36597514152527 6.33666002750397 6.31509137153625 6.31318926811218 6.32412040233612 6.32755172252655 6.32598316669464 6.32524764537811 6.3071790933609 6.28477692604065 6.28704166412354 6.29080629348755 6.27207088470459 6.26617205142975 6.2687760591507 6.26787984371185 6.26581740379333 6.27042138576508 6.27802515029907 6.258629322052 6.23156654834747 6.22033727169037 6.20960807800293 6.19404530525208 6.1896493434906 6.16978180408478 6.13244295120239 6.09960424900055 6.09793198108673 6.12659323215485 6.16875433921814
6.08362364768982 6.1053900718689 6.11632311344147 6.13958942890167 6.18435597419739 6.23378896713257 6.23288857936859 6.26382184028625 6.29977667331696 6.30742001533508 6.35056328773499 6.38987350463867 6.42635035514832 6.4106605052948 6.37313711643219 6.35644710063934 6.34975719451904 6.35840082168579 6.36987769603729 6.35518741607666 6.32975375652313 6.3172425031662 6.32539808750153 6.34072017669678 6.33320927619934 6.32169806957245 6.31702029705048 6.31700909137726 6.30549812316895 6.32365357875824 6.32064259052277 6.28913128376007 6.28074193000793 6.29680812358856 6.29687428474426 6.27360689640045 6.26767301559448 6.27640581130981 6.2711386680603 6.2255380153656 6.18993759155273 6.1705037355423 6.16123640537262 6.14496922492981 6.11856746673584 6.10053133964539 6.07466173171997 6.05695903301239 6.08258962631226 6.12838661670685
6.07410204410553 6.11396336555481 6.12632417678833 6.16618490219116 6.22087931632996 6.27057325839996 6.32243430614471 6.35079538822174 6.37523341178894 6.37891519069672 6.38993012905121 6.415278673172 6.41429376602173 6.40780889987946 6.42849063873291 6.43200588226318 6.41235435009003 6.38436949253082 6.36255121231079 6.38023316860199 6.39318072795868 6.39039385318756 6.37527346611023 6.36548674106598 6.36969971656799 6.37007939815521 6.35545921325684 6.34117257595062 6.33471870422363 6.32326531410217 6.31547844409943 6.3128582239151 6.32897889614105 6.33634042739868 6.29670178890228 6.27156352996826 6.28259181976318 6.2757865190506 6.24064803123474 6.18417620658875 6.16737115383148 6.15723276138306 6.13942766189575 6.13462257385254 6.12568652629852 6.12478637695312 6.11388611793518 6.0866527557373 6.11275219917297 6.14851891994476
6.18724751472473 6.18020296096802 6.16049158573151 6.20611393451691 6.26440262794495 6.30985808372498 6.36631345748901 6.39510214328766 6.40035676956177 6.38991022109985 6.42363047599792 6.41818380355835 6.40573740005493 6.40379083156586 6.45351123809814 6.46789813041687 6.44261837005615 6.41200506687164 6.39922523498535 6.42727887630463 6.44944083690643 6.44887828826904 6.40798234939575 6.38191962242126 6.38369023799896 6.38012754917145 6.37473177909851 6.36283576488495 6.33893990516663 6.32504379749298 6.31981444358826 6.31725180149078 6.32204902172089 6.29287242889404 6.26452946662903 6.25485324859619 6.26067686080933 6.24500060081482 6.21999073028564 6.18964767456055 6.16763806343079 6.16896176338196 6.14661872386932 6.13260912895203 6.12230551242828 6.11487472057343 6.1107771396637 6.11451280117035 6.15558195114136 6.19298446178436
6.27189266681671 6.27277600765228 6.3003261089325 6.32237613201141 6.32942593097687 6.37130928039551 6.38385903835297 6.42957580089569 6.4274799823761 6.38740527629852 6.42016386985779 6.42558908462524 6.4440141916275 6.44177281856537 6.44336485862732 6.44129014015198 6.44038164615631 6.42597389221191 6.43739914894104 6.45665752887726 6.475701212883 6.47869610786438 6.45019102096558 6.41968595981598 6.42084753513336 6.42217600345612 6.40783751010895 6.36949896812439 6.33616077899933 6.3084888458252 6.28998374938965 6.27581214904785 6.26161909103394 6.23590469360352 6.2260240316391 6.23930978775024 6.234095454216 6.22288131713867 6.19916701316833 6.18878591060638 6.17673850059509 6.17602431774139 6.14764332771301 6.13092887401581 6.10892426967621 6.10046279430389 6.13200128078461 6.1583731174469 6.18174493312836 6.19578325748444
6.41570460796356 6.42251574993134 6.40666019916534 6.39780461788177 6.41461575031281 6.4189270734787 6.42323815822601 6.44171619415283 6.45227015018463 6.4285671710968 6.40869760513306 6.42032766342163 6.4501246213913 6.46608805656433 6.46155178546906 6.45084881782532 6.439812541008 6.46660959720612 6.47557306289673 6.49070334434509 6.51812815666199 6.50768053531647 6.48823308944702 6.45911908149719 6.43883836269379 6.41422414779663 6.40077650547028 6.38332903385162 6.35354828834534 6.32893407344818 6.30065321922302 6.27670562267303 6.26685583591461 6.2502703666687 6.24318504333496 6.26143288612366 6.24434721469879 6.18959522247314 6.16750967502594 6.1440908908844 6.14633858203888 6.15408635139465 6.14483428001404 6.12058198451996 6.09204304218292 6.12238430976868 6.16905879974365 6.20873332023621 6.21874141693115 6.22874903678894
6.46751666069031 6.47475564479828 6.46882784366608 6.44673347473145 6.43113923072815 6.45354497432709 6.46595060825348 6.4793564081192 6.49006021022797 6.48156237602234 6.450230717659 6.45089948177338 6.48306798934937 6.49057018756866 6.49390542507172 6.47807419300079 6.45490956306458 6.48707807064056 6.51458048820496 6.51291573047638 6.49672162532806 6.48816502094269 6.45610880851746 6.42988550662994 6.41499555110931 6.39643895626068 6.36771583557129 6.34949243068695 6.33793592453003 6.32571280002594 6.31348919868469 6.30793285369873 6.29442632198334 6.27680289745331 6.25534605979919 6.24288928508759 6.2279326915741 6.19614243507385 6.17235243320465 6.12722909450531 6.12860548496246 6.12714886665344 6.13385879993439 6.12056851387024 6.10766208171844 6.12430584430695 6.19294989109039 6.23159348964691 6.25790405273438 6.27021455764771
6.47032868862152 6.47916197776794 6.46949565410614 6.40849578380585 6.40349590778351 6.44266271591187 6.45032966136932 6.47266328334808 6.51235020160675 6.51839065551758 6.48259747028351 6.52313816547394 6.55901181697845 6.56305205821991 6.53575932979584 6.50646638870239 6.49800670146942 6.50188064575195 6.51492083072662 6.51346123218536 6.4664820432663 6.42964959144592 6.41965067386627 6.41248488426208 6.41281950473785 6.41365373134613 6.39482140541077 6.35865569114685 6.34599018096924 6.35699117183685 6.33415877819061 6.28982627391815 6.2433295249939 6.22233510017395 6.2458404302597 6.2521790266037 6.25018429756165 6.25085651874542 6.18136167526245 6.13953375816345 6.13087248802185 6.14687788486481 6.16104972362518 6.13605523109436 6.12044775485992 6.15339422225952 6.21017396450043 6.23562061786652 6.28090035915375 6.31451344490051
6.43714022636414 6.43073511123657 6.43949639797211 6.46659123897552 6.51501929759979 6.53428065776825 6.51937556266785 6.54047036170959 6.55997359752655 6.58721899986267 6.60729765892029 6.60487651824951 6.60195541381836 6.60320067405701 6.58677959442139 6.57402527332306 6.55777049064636 6.53501617908478 6.53076136112213 6.50950682163239 6.48374247550964 6.449467420578 6.45485949516296 6.44608461856842 6.43714308738708 6.4452018737793 6.41309380531311 6.37715244293213 6.34787774085999 6.31943643093109 6.28332829475403 6.2483868598938 6.20589983463287 6.22020053863525 6.25600135326385 6.25480222702026 6.27093613147736 6.25040364265442 6.20803797245026 6.17233860492706 6.15430593490601 6.15277361869812 6.15390765666962 6.13670837879181 6.14773309230804 6.15131568908691 6.18873167037964 6.23648071289062 6.28989660739899 6.30181229114532
6.43045222759247 6.42297470569611 6.434330701828 6.47235321998596 6.57720923423767 6.57389867305756 6.56175434589386 6.58211028575897 6.5957635641098 6.62088060379028 6.62683129310608 6.62161505222321 6.61356556415558 6.6098495721817 6.60946655273438 6.5874171257019 6.55786776542664 6.52948486804962 6.50776886940002 6.49105262756348 6.46150243282318 6.42261850833893 6.4030681848526 6.40118432044983 6.41913402080536 6.4300833940506 6.40153288841248 6.3498158454895 6.31159865856171 6.30138146877289 6.29699754714966 6.28894698619843 6.26780319213867 6.25606608390808 6.24066233634949 6.22875869274139 6.23268806934357 6.22478437423706 6.19771373271942 6.19314336776733 6.19040644168854 6.17733585834503 6.15909862518311 6.16102826595306 6.18235230445862 6.16057062149048 6.18528914451599 6.25584089756012 6.28105938434601 6.2856113910675
6.46559762954712 6.49571466445923 6.5503317117691 6.5807820558548 6.56789934635162 6.55451631546021 6.57846677303314 6.60708403587341 6.60972023010254 6.62120914459229 6.60703146457672 6.60718715190887 6.59734237194061 6.57999801635742 6.57465362548828 6.59614264965057 6.54829800128937 6.49262058734894 6.47677612304688 6.4504314661026 6.41826283931732 6.38726997375488 6.3647768497467 6.37378406524658 6.38362431526184 6.3912980556488 6.38230526447296 6.35131251811981 6.32565295696259 6.30815994739532 6.29583370685577 6.28684079647064 6.28387331962585 6.25493180751801 6.22949004173279 6.22138166427612 6.21627342700958 6.21333181858063 6.20772337913513 6.22894835472107 6.19983994960785 6.18173158168793 6.18545663356781 6.18684816360474 6.18597114086151 6.18299233913422 6.20784687995911 6.26203453540802 6.2780556678772 6.27707672119141
6.54685199260712 6.57156038284302 6.59160208702087 6.59397745132446 6.57351934909821 6.58356094360352 6.61960279941559 6.63814473152161 6.62850451469421 6.5941823720932 6.56769335269928 6.55487108230591 6.56571567058563 6.56905996799469 6.55840420722961 6.54508233070374 6.52542650699615 6.47093772888184 6.43111526966095 6.42129302024841 6.40874826908112 6.37681436538696 6.34704685211182 6.3661128282547 6.3905121088028 6.38574481010437 6.36614418029785 6.34804356098175 6.32310938835144 6.31267547607422 6.29007458686829 6.28664064407349 6.27901995182037 6.27537930011749 6.25390517711639 6.22793114185333 6.2289571762085 6.22181618213654 6.2096756696701 6.20453488826752 6.20056092739105 6.19425356388092 6.18244612216949 6.18713867664337 6.19204485416412 6.19749784469604 6.23711776733398 6.28590416908264 6.30569052696228 6.31297695636749
6.53621542453766 6.55167889595032 6.57264256477356 6.56743907928467 6.55306911468506 6.60269927978516 6.63782918453217 6.63579273223877 6.61178302764893 6.59163331985474 6.55631721019745 6.54866766929626 6.54218471050262 6.51453483104706 6.48588538169861 6.4880690574646 6.52725267410278 6.5101033449173 6.47628688812256 6.47647070884705 6.46262574195862 6.42741847038269 6.4098778963089 6.416170835495 6.38613033294678 6.36675655841827 6.35821604728699 6.34367537498474 6.30980157852173 6.2872611284256 6.29405403137207 6.28584671020508 6.2930760383606 6.28990852832794 6.27507436275482 6.27607345581055 6.26507258415222 6.23790490627289 6.20990407466888 6.20290327072144 6.20623564720154 6.19573497772217 6.20673406124115 6.2310665845871 6.2279064655304 6.21508741378784 6.24193501472473 6.278116106987 6.31163048744202 6.31464469432831
6.55591225624084 6.57846415042877 6.56451570987701 6.55656731128693 6.5859522819519 6.60650396347046 6.62422251701355 6.60744071006775 6.5982278585434 6.56975114345551 6.54627418518066 6.52679717540741 6.49298691749573 6.45501005649567 6.42419981956482 6.40288949012756 6.42007911205292 6.46593546867371 6.51995849609375 6.52698159217834 6.50250279903412 6.47768914699554 6.4540421962738 6.40489530563354 6.36074829101562 6.36026811599731 6.3601211309433 6.33997392654419 6.31249356269836 6.28618001937866 6.29786646366119 6.29121923446655 6.29896521568298 6.3061044216156 6.30857682228088 6.30754911899567 6.27535462379456 6.2436603307724 6.221799492836 6.2446049451828 6.27107715606689 6.27488279342651 6.27168846130371 6.27299416065216 6.24610137939453 6.22434365749359 6.20458579063416 6.21449494361877 6.25157046318054 6.28247940540314
6.56327593326569 6.55591595172882 6.54138910770416 6.55036222934723 6.55350232124329 6.57147550582886 6.58228206634521 6.58058869838715 6.57050657272339 6.52136898040771 6.46539783477783 6.4134269952774 6.33062267303467 6.26565170288086 6.26851403713226 6.28104305267334 6.26423859596252 6.28626763820648 6.35929667949677 6.44115900993347 6.45471358299255 6.41929340362549 6.47387337684631 6.4081197977066 6.36319971084595 6.3604462146759 6.35352623462677 6.34443926811218 6.34551906585693 6.35076546669006 6.34517896175385 6.31625890731812 6.29868805408478 6.30330038070679 6.32141244411469 6.31635797023773 6.2908034324646 6.255415558815 6.26186108589172 6.28180658817291 6.30308544635773 6.31219756603241 6.29964315891266 6.2674218416214 6.25312972068787 6.24109995365143 6.22957003116608 6.2385401725769 6.2628436088562 6.29364717006683
6.58397281169891 6.59253454208374 6.60576236248016 6.57082402706146 6.56538534164429 6.53928029537201 6.51900863647461 6.49423658847809 6.45061838626862 6.41548681259155 6.38685500621796 6.29172337055206 6.17792499065399 6.14262664318085 6.15749490261078 6.18069660663605 6.15106511116028 6.13726675510406 6.15663516521454 6.23433661460876 6.39475762844086 6.3855642080307 6.441370844841 6.44051110744476 6.40898442268372 6.39995801448822 6.3810977935791 6.37390458583832 6.38604474067688 6.38018465042114 6.36332476139069 6.33196473121643 6.3254109621048 6.33349609375 6.33424806594849 6.30783355236053 6.28941905498505 6.26967096328735 6.27542293071747 6.28450834751129 6.28976023197174 6.29484558105469 6.28593075275421 6.27568304538727 6.27365791797638 6.25802278518677 6.25722086429596 6.27308547496796 6.30911719799042 6.32598173618317
6.64016973972321 6.65131938457489 6.64713573455811 6.60345232486725 6.5671021938324 6.53025209903717 6.47656846046448 6.40221810340881 6.30456352233887 6.28243768215179 6.21047854423523 6.06885302066803 6.00089395046234 6.03643488883972 6.04080939292908 6.09668374061584 6.13389122486115 6.10676550865173 6.0944732427597 6.11551427841187 6.24546813964844 6.37433516979218 6.40486860275269 6.41540217399597 6.4806022644043 6.50796961784363 6.50816977024078 6.46186995506287 6.42623686790466 6.41460371017456 6.40513718128204 6.37950420379639 6.35230016708374 6.33535861968994 6.34375047683716 6.32030892372131 6.30436778068542 6.286092877388 6.29348468780518 6.29487681388855 6.28110182285309 6.26416039466858 6.26071882247925 6.26744401454926 6.26485300064087 6.26127910614014 6.2785382270813 6.30163109302521 6.31389009952545 6.32398319244385
6.6632000207901 6.64477121829987 6.6320093870163 6.5962473154068 6.54631865024567 6.45139026641846 6.3727947473526 6.28503274917603 6.17917537689209 6.14172196388245 6.04643583297729 5.96131598949432 5.90652978420258 5.93774342536926 6.02262377738953 6.0560040473938 6.10738432407379 6.05676436424255 6.04681158065796 6.0551917552948 6.29484570026398 6.41577255725861 6.42369961738586 6.42929351329803 6.45455396175385 6.52831423282623 6.48974132537842 6.44500184059143 6.41542899608612 6.39085614681244 6.38344967365265 6.35387682914734 6.34602284431458 6.31888794898987 6.31008636951447 6.32078456878662 6.33164966106415 6.3288482427597 6.32104671001434 6.31974494457245 6.29111015796661 6.26864194869995 6.2740067243576 6.25603854656219 6.24288129806519 6.25520205497742 6.28852248191833 6.28050971031189 6.28449690341949 6.27831757068634
6.67789709568024 6.64088988304138 6.58221590518951 6.55087554454803 6.47720205783844 6.36052846908569 6.25468778610229 6.17101407051086 6.09362030029297 6.0775066614151 6.03555953502655 5.96677899360657 5.93316543102264 5.96738505363464 6.0099378824234 6.05215775966644 6.06037724018097 6.08009684085846 6.06331646442413 6.07536935806274 6.30238962173462 6.40637671947479 6.40603089332581 6.37985122203827 6.397505402565 6.42499256134033 6.39914643764496 6.38263380527496 6.38995444774628 6.38377499580383 6.3479288816452 6.34908270835876 6.32591235637665 6.32141721248627 6.31225538253784 6.31242704391479 6.31709837913513 6.33227014541626 6.33610844612122 6.33177995681763 6.31111824512482 6.28562319278717 6.26346123218536 6.23113298416138 6.23857629299164 6.26462483406067 6.27683997154236 6.2662216424942 6.25593674182892 6.25381863117218
