data/spatiotemp/temp4/bio12_norsw_test_2015_2018.asc
NCOLS 654 
NROWS 380 
XLLCORNER 3.91666666666667 
YLLCORNER 55.3333333333333 
CELLSIZE 0.0416666666666667 
NODATA_value -9999 
[rows 88 to 109 of 380, columns 600 to 649 of 654]
612.256134033203 609.847122192383 618.086242675781 622.391418457031 628.124389648438 624.591949462891 626.863739013672 629.004028320312 636.759002685547 638.053588867188 639.752914428711 641.860427856445 640.925079345703 644.337005615234 645.815368652344 651.032257080078 653.302627563477 660.929382324219 660.567459106445 655.655395507812 645.445678710938 643.399078369141 646.668594360352 642.698669433594 641.025390625 631.852325439453 628.713439941406 634.360137939453 633.805099487305 636.248870849609 640.008850097656 638.775802612305 638.597366333008 642.935394287109 645.871505737305 647.215606689453 645.520767211914 636.315963745117 629.554244995117 623.845306396484 611.399948120117 603.815277099609 603.559494018555 598.971969604492 598.410949707031 600.027954101562 606.7578125 613.345031738281 597.568145751953 595.078964233398
615.877700805664 621.180282592773 621.282470703125 626.178283691406 634.063720703125 640.333251953125 645.0546875 639.474456787109 641.248275756836 642.53742980957 640.392654418945 639.992370605469 643.015975952148 648.920593261719 656.417129516602 668.470352172852 670.279403686523 668.969650268555 655.058685302734 647.583877563477 644.899459838867 651.287307739258 643.63410949707 636.21418762207 634.185562133789 633.472076416016 637.431579589844 636.10173034668 635.784637451172 642.667251586914 652.446044921875 651.852081298828 656.178314208984 652.21907043457 652.369018554688 657.081527709961 638.606307983398 622.423461914062 613.397094726562 611.28254699707 608.705963134766 607.539596557617 608.278442382812 612.476516723633 605.397613525391 599.363876342773 604.338012695312 606.987731933594 614.908462524414 603.496459960938
638.726837158203 629.072937011719 628.41325378418 635.827301025391 647.499069213867 655.383438110352 648.841293334961 647.576385498047 650.052307128906 647.262847900391 647.450469970703 649.901626586914 655.797500610352 658.438873291016 661.741561889648 661.671646118164 672.987701416016 671.640075683594 659.540161132812 657.424560546875 661.857681274414 661.702667236328 652.020446777344 647.454788208008 639.237884521484 637.541839599609 638.608169555664 646.708450317383 658.51872253418 655.661193847656 651.227996826172 645.754302978516 646.661499023438 649.157089233398 655.845977783203 646.473419189453 638.103164672852 628.308609008789 618.737731933594 620.392990112305 612.875625610352 608.378112792969 610.706726074219 613.179656982422 610.425003051758 608.873138427734 613.983413696289 618.093978881836 610.965255737305 607.895553588867
622.317718505859 621.686325073242 629.174957275391 630.577590942383 630.901657104492 636.601913452148 638.855361938477 640.891128540039 651.251373291016 648.148864746094 646.158157348633 650.889038085938 654.634048461914 658.573944091797 660.878067016602 656.900985717773 657.028289794922 656.137237548828 655.305236816406 659.569671630859 656.171905517578 648.45458984375 645.380142211914 644.252624511719 640.955749511719 642.550079345703 643.083862304688 640.957885742188 645.316970825195 646.351058959961 646.879501342773 656.310012817383 651.152801513672 646.048309326172 646.202499389648 646.943298339844 642.819625854492 634.466201782227 627.277145385742 618.012420654297 615.708908081055 618.756195068359 614.739715576172 615.950805664062 616.398986816406 616.803421020508 623.754089355469 628.473251342773 618.707702636719 621.538162231445
619.43733215332 629.426727294922 635.090225219727 631.078140258789 629.847473144531 635.237426757812 640.645111083984 643.587646484375 643.617691040039 646.405044555664 648.142532348633 649.399993896484 650.654449462891 650.405166625977 647.967407226562 646.459243774414 648.986877441406 653.878753662109 653.534408569336 654.809020996094 655.095962524414 646.708526611328 642.2392578125 643.400650024414 643.152328491211 648.731826782227 654.021453857422 657.232345581055 654.467559814453 650.149276733398 647.236053466797 647.365676879883 645.934677124023 639.212112426758 651.127182006836 664.320663452148 669.617706298828 659.498840332031 647.401275634766 644.512985229492 644.612289428711 637.492080688477 623.809921264648 626.351318359375 621.691421508789 616.72721862793 621.655975341797 624.710098266602 630.426513671875 635.699523925781
622.709411621094 634.548492431641 635.65657043457 635.657211303711 635.58610534668 637.875198364258 636.321334838867 642.347015380859 647.658508300781 647.94206237793 648.598327636719 651.011077880859 649.537750244141 647.804473876953 643.778030395508 646.25732421875 652.183074951172 646.701461791992 648.146759033203 648.882232666016 648.427673339844 642.635848999023 637.610778808594 638.193817138672 639.540390014648 643.621475219727 643.652359008789 642.043884277344 638.801498413086 640.572540283203 640.829513549805 639.691009521484 639.195663452148 641.331008911133 648.671661376953 654.249908447266 670.774597167969 664.21240234375 652.743667602539 647.412063598633 646.627365112305 647.417083740234 629.575714111328 622.747589111328 631.669967651367 629.199066162109 634.905166625977 631.079055786133 622.55436706543 630.915344238281
610.587265014648 613.447799682617 622.613128662109 633.349761962891 637.665298461914 640.906097412109 638.046875 638.684844970703 641.680206298828 644.09342956543 647.737533569336 649.128723144531 650.172225952148 647.777908325195 647.995819091797 643.148056030273 639.391525268555 639.663330078125 640.996948242188 640.152648925781 639.918716430664 640.418853759766 638.50244140625 637.857223510742 636.821731567383 637.615493774414 638.813400268555 641.719360351562 642.914916992188 640.735580444336 641.746154785156 638.98127746582 640.219116210938 633.377914428711 635.859649658203 639.742614746094 646.771026611328 650.248611450195 665.428192138672 669.949890136719 663.385986328125 665.272872924805 652.283905029297 638.616836547852 633.815368652344 634.1806640625 645.070938110352 646.590057373047 648.418060302734 636.224365234375
627.292388916016 627.34260559082 631.144943237305 632.839431762695 637.382369995117 633.68879699707 634.43212890625 641.246520996094 640.681091308594 642.501098632812 648.360092163086 648.249954223633 648.107482910156 645.754653930664 645.54118347168 645.796325683594 640.053970336914 629.597763061523 632.224822998047 634.351211547852 636.70947265625 637.256927490234 634.624038696289 637.352264404297 648.483474731445 644.633850097656 637.242065429688 637.600814819336 639.619644165039 641.789611816406 643.037384033203 643.619934082031 644.274307250977 646.378448486328 643.356781005859 644.712921142578 644.13818359375 636.640228271484 647.586608886719 648.09001159668 642.694366455078 649.206680297852 657.841018676758 662.919860839844 654.964828491211 641.93180847168 645.128829956055 649.55712890625 656.774291992188 640.851715087891
611.981918334961 610.599235534668 616.007293701172 625.035751342773 626.170043945312 626.726287841797 635.677429199219 642.043426513672 640.879348754883 642.377487182617 641.188049316406 644.667129516602 646.796295166016 645.266128540039 633.606994628906 633.832794189453 642.022766113281 635.862274169922 637.308212280273 638.820556640625 637.904418945312 638.142822265625 633.658569335938 633.388198852539 639.72200012207 645.554306030273 640.285202026367 641.156173706055 645.457122802734 642.201690673828 646.245513916016 648.062286376953 647.160339355469 649.730316162109 653.213012695312 648.20524597168 643.132431030273 640.998397827148 647.363128662109 645.465148925781 643.298645019531 647.81916809082 649.510971069336 662.659423828125 662.897888183594 632.242034912109 628.360565185547 624.314376831055 615.546798706055 613.403106689453
594.477104187012 597.685432434082 602.375350952148 606.377838134766 609.709823608398 616.634216308594 620.900756835938 625.723892211914 633.412750244141 640.309921264648 640.466537475586 639.576934814453 639.579605102539 638.664031982422 639.968322753906 641.535034179688 644.403381347656 638.877838134766 638.338409423828 640.12028503418 641.830047607422 640.290512084961 632.814407348633 630.866607666016 637.647109985352 634.549438476562 631.28596496582 635.336700439453 638.319427490234 643.987823486328 651.889938354492 651.550598144531 651.376846313477 641.290054321289 641.794769287109 637.962539672852 623.275894165039 626.046981811523 637.788238525391 629.97770690918 621.956893920898 626.589447021484 621.166717529297 622.950347900391 631.365783691406 634.268676757812 631.887573242188 641.743011474609 637.969329833984 628.886856079102
590.410606384277 593.728439331055 595.915458679199 601.590126037598 610.151969909668 620.898681640625 626.725921630859 628.975128173828 629.688049316406 632.005172729492 635.108184814453 635.290435791016 637.625747680664 639.100143432617 652.818817138672 665.187026977539 672.762557983398 654.022811889648 641.188461303711 638.974685668945 643.93701171875 641.079574584961 644.727844238281 640.051376342773 639.38542175293 642.7470703125 644.747573852539 644.985290527344 643.273345947266 639.831344604492 633.814727783203 631.990829467773 634.654266357422 625.559265136719 616.394866943359 615.272399902344 621.229598999023 619.832229614258 621.263931274414 622.478332519531 623.112167358398 621.606185913086 616.843170166016 607.663497924805 610.480163574219 608.505310058594 611.018692016602 610.936553955078 612.894424438477 611.116897583008
585.175590515137 584.235633850098 590.629745483398 596.379577636719 602.337547302246 614.852447509766 617.061462402344 618.090255737305 628.550674438477 625.72624206543 626.911041259766 634.010879516602 637.700912475586 635.088821411133 637.351745605469 657.186752319336 660.219619750977 656.160614013672 648.929077148438 638.138580322266 639.464416503906 641.903366088867 646.6025390625 642.693466186523 636.435440063477 637.978485107422 637.184936523438 637.12971496582 631.869369506836 625.896133422852 616.25080871582 608.857719421387 608.986099243164 609.678756713867 609.777877807617 610.168960571289 623.627288818359 634.948059082031 620.982727050781 617.428329467773 615.917938232422 613.852645874023 611.777404785156 618.139892578125 605.001625061035 602.302505493164 605.553367614746 603.932655334473 607.39599609375 608.122131347656
582.444160461426 582.980407714844 587.396438598633 588.41707611084 595.859580993652 605.276649475098 609.3154296875 611.077529907227 616.271911621094 619.414810180664 624.875274658203 627.000228881836 631.814514160156 635.416793823242 628.939071655273 633.602249145508 642.512893676758 649.047958374023 646.101333618164 635.744110107422 639.621444702148 644.236221313477 645.525466918945 650.518997192383 648.8466796875 651.817199707031 644.444061279297 638.507431030273 634.605819702148 620.891128540039 614.450050354004 606.061225891113 607.455848693848 609.386680603027 610.78596496582 607.747940063477 605.261260986328 607.798698425293 613.728332519531 613.25643157959 607.145385742188 607.262542724609 624.655715942383 622.195709228516 606.266906738281 594.539817810059 592.57332611084 595.59245300293 605.878494262695 610.858215332031
579.426147460938 586.135787963867 591.885116577148 596.837928771973 613.426948547363 602.163185119629 612.797721862793 613.948654174805 615.521827697754 617.617370605469 620.981246948242 625.922821044922 635.686676025391 635.795974731445 635.905288696289 630.044906616211 631.050659179688 638.419769287109 644.916564941406 650.085372924805 650.104415893555 657.207229614258 648.54052734375 654.297607421875 656.266174316406 652.997222900391 643.510406494141 639.750930786133 627.305801391602 621.677459716797 615.808380126953 610.616676330566 609.55574798584 607.964584350586 605.913200378418 600.89867401123 599.649154663086 606.446342468262 606.666534423828 611.437614440918 605.724914550781 602.648857116699 595.765693664551 596.298065185547 601.561820983887 604.972885131836 599.946784973145 592.945785522461 601.709968566895 601.728530883789
579.744255065918 604.66185760498 604.127960205078 629.858322143555 617.14533996582 622.052886962891 656.483779907227 665.442733764648 616.230758666992 614.888488769531 619.811965942383 629.299850463867 644.007217407227 655.378829956055 644.840454101562 630.956008911133 630.116241455078 630.724090576172 643.185348510742 653.484313964844 657.040176391602 651.778274536133 649.255966186523 649.927307128906 651.572769165039 647.800216674805 639.581115722656 631.072540283203 623.515319824219 617.697494506836 612.832885742188 608.480430603027 613.098693847656 610.987571716309 602.099449157715 601.682388305664 598.384719848633 595.650764465332 597.852027893066 598.451179504395 605.144905090332 608.312850952148 602.052230834961 590.225532531738 585.90372467041 587.944839477539 589.483093261719 587.323516845703 585.066780090332 586.648277282715
601.830757141113 605.820419311523 611.31324005127 619.766662597656 632.244857788086 635.331771850586 635.391876220703 633.603790283203 630.272323608398 621.27278137207 620.988098144531 620.948303222656 644.633987426758 658.333572387695 653.682006835938 640.684768676758 639.725387573242 627.415054321289 631.909561157227 645.505981445312 647.404144287109 641.646301269531 643.643676757812 643.2080078125 640.897369384766 638.280029296875 632.766815185547 630.458343505859 626.625991821289 619.082946777344 607.517219543457 603.973594665527 604.399085998535 603.76685333252 599.482894897461 598.626487731934 597.130264282227 594.139198303223 594.854461669922 604.26815032959 619.759674072266 615.427917480469 602.178771972656 596.415534973145 590.399948120117 586.244606018066 583.656982421875 581.88818359375 587.446739196777 585.775100708008
613.277862548828 625.597839355469 618.081169128418 618.135299682617 619.860939025879 625.441436767578 632.770812988281 636.122406005859 646.033660888672 634.127578735352 624.974411010742 626.29914855957 619.885009765625 626.280303955078 637.154861450195 653.719177246094 646.878112792969 645.739349365234 646.078918457031 639.836853027344 634.49641418457 633.316757202148 639.231094360352 640.580230712891 645.435089111328 642.844589233398 624.740249633789 616.526573181152 614.733184814453 614.935150146484 617.490127563477 609.711502075195 599.995178222656 595.781272888184 595.746231079102 593.825942993164 591.589179992676 591.344230651855 595.726943969727 597.896255493164 593.536773681641 593.562789916992 597.337036132812 590.384628295898 582.586685180664 581.21452331543 583.10767364502 587.583557128906 587.106285095215 597.12264251709
608.135635375977 623.546974182129 612.293960571289 616.472496032715 620.763496398926 622.717208862305 629.506713867188 640.141494750977 643.636932373047 644.61669921875 638.380599975586 633.783126831055 631.724075317383 631.097213745117 643.095336914062 654.881393432617 653.884307861328 650.921096801758 649.974212646484 641.494277954102 634.214553833008 628.30339050293 625.91813659668 634.80647277832 636.603057861328 632.42951965332 625.136703491211 616.777374267578 607.478675842285 608.390968322754 605.843856811523 613.999328613281 610.762535095215 607.573394775391 599.731437683105 595.927200317383 589.033882141113 595.429244995117 598.018539428711 591.501556396484 590.398345947266 592.237930297852 598.847618103027 596.510635375977 584.98307800293 584.126968383789 582.385536193848 577.258666992188 577.247436523438 578.192413330078
606.805770874023 614.176803588867 612.318374633789 615.050872802734 617.402587890625 621.583992004395 625.873107910156 628.980560302734 639.862823486328 647.621154785156 650.590530395508 641.526672363281 643.142990112305 649.918151855469 665.303924560547 643.946044921875 641.168655395508 639.037185668945 634.433166503906 643.205993652344 634.886627197266 628.627044677734 630.244049072266 629.378799438477 625.346405029297 626.981018066406 629.733840942383 625.583099365234 617.464019775391 610.149444580078 608.409378051758 605.165054321289 603.04443359375 600.732200622559 597.604034423828 596.53849029541 590.441444396973 590.638061523438 589.034469604492 587.924293518066 587.306465148926 586.195182800293 586.200294494629 587.101760864258 601.629615783691 595.926391601562 597.209365844727 592.593803405762 577.562812805176 574.213844299316
606.757415771484 606.672096252441 611.721733093262 609.80339050293 613.633712768555 615.950386047363 620.243072509766 623.020462036133 624.28971862793 637.370544433594 645.621475219727 645.503814697266 663.601745605469 646.274658203125 645.396423339844 648.984298706055 638.035934448242 636.69709777832 639.592178344727 648.316741943359 650.806854248047 639.786148071289 626.210357666016 628.411163330078 628.314270019531 624.861770629883 620.478820800781 625.363265991211 630.181488037109 628.072982788086 620.863662719727 615.612464904785 608.098678588867 607.92236328125 609.016929626465 600.543518066406 599.092552185059 601.221549987793 596.100051879883 590.836395263672 587.600616455078 586.462882995605 587.313934326172 592.950248718262 592.9853515625 589.919898986816 584.200965881348 579.248611450195 578.329162597656 586.326515197754
602.587425231934 605.175758361816 604.217323303223 613.864677429199 613.352317810059 612.635581970215 616.990653991699 617.646057128906 620.545486450195 626.816253662109 638.390884399414 642.158264160156 637.117279052734 640.571258544922 655.364379882812 641.077987670898 636.140869140625 636.895553588867 635.680053710938 639.326400756836 638.793807983398 633.715026855469 625.245559692383 632.557510375977 636.451416015625 627.755004882812 623.777862548828 626.319595336914 627.576644897461 623.903045654297 625.146545410156 623.522109985352 618.10693359375 622.410140991211 620.965118408203 625.230163574219 623.702392578125 610.513031005859 601.726356506348 596.13313293457 591.058113098145 593.807113647461 586.879356384277 586.598640441895 585.018249511719 581.508338928223 583.614540100098 585.041389465332 586.770011901855 587.972663879395
606.390274047852 604.029090881348 606.108383178711 607.797698974609 612.167991638184 612.083267211914 615.282409667969 625.776473999023 625.722702026367 625.69596862793 633.537551879883 633.870346069336 635.282135009766 639.796844482422 645.607833862305 642.878128051758 640.782455444336 634.629196166992 632.319793701172 635.322998046875 635.707321166992 631.126708984375 630.185913085938 630.18717956543 636.25471496582 630.867050170898 626.414703369141 628.645385742188 628.385437011719 632.704498291016 633.496139526367 630.474594116211 629.109237670898 621.383773803711 610.338371276855 605.66374206543 609.205154418945 608.145225524902 604.191093444824 599.521865844727 600.627021789551 593.754852294922 583.894546508789 578.843902587891 580.771896362305 579.832725524902 581.616012573242 581.818290710449 580.483879089355 577.043998718262
