data/spatiotemp/temp4/bio13_norsw_test_2015_2018.asc
NCOLS 654 
NROWS 380 
XLLCORNER 3.91666666666667 
YLLCORNER 55.3333333333333 
CELLSIZE 0.0416666666666667 
NODATA_value -9999 
[rows 176 to 197 of 380, columns 500 to 549 of 654]
81.8722581863403 82.2521085739136 82.7289237976074 83.108473777771 83.1338300704956 83.1591901779175 82.3754777908325 82.4001512527466 81.2647800445557 81.6383714675903 81.6623592376709 81.6863527297974 82.0548753738403 82.8829040527344 83.2452478408813 82.4436626434326 82.6818962097168 82.6740465164185 83.9451150894165 84.8684883117676 85.5502319335938 86.0099678039551 85.6819620132446 85.6959629058838 86.5212135314941 86.5131225585938 86.5050373077393 86.4969463348389 86.8237609863281 87.9748115539551 87.137939453125 87.4590625762939 88.2763690948486 87.4360542297363 87.7526264190674 87.8320045471191 87.4105224609375 87.4169769287109 87.6540756225586 86.6427116394043 86.5999565124512 86.6053276062012 86.2925109863281 87.4557189941406 87.7379112243652 87.8769283294678 88.0159454345703 89.2635059356689 89.6455230712891 89.4728870391846
82.1992492675781 83.0368213653564 83.0698108673096 83.9097013473511 83.1357870101929 83.5215711593628 83.5540781021118 83.5865869522095 83.6190948486328 82.8400573730469 82.8717908859253 82.9035234451294 82.9289569854736 82.9480953216553 82.4992914199829 83.6801080703735 83.7532720565796 83.7504291534424 84.0974731445312 85.026421546936 86.0949382781982 85.7705211639404 85.7889585494995 85.9551343917847 86.6373100280762 87.7944927215576 87.7880916595459 87.7816886901855 86.9478397369385 87.2741260528564 87.5993137359619 88.4183788299561 89.2403717041016 88.4008350372314 88.3920593261719 88.7096881866455 87.9724369049072 87.3041706085205 87.8704929351807 87.5489082336426 87.7061920166016 87.5510082244873 87.552059173584 87.7523632049561 87.8873519897461 88.0223407745361 89.2658977508545 89.4025897979736 89.7815399169922 89.8725242614746
82.9571599960327 83.3476848602295 84.5432434082031 84.2262125015259 84.2628841400146 84.2995529174805 84.3362216949463 84.3728904724121 84.7603321075439 83.9847402572632 82.8577127456665 82.8927364349365 82.9208517074585 82.9420728683472 82.1553163528442 83.3306970596313 83.7844352722168 84.534782409668 84.7223539352417 85.4179410934448 85.4173879623413 86.0051078796387 86.3454999923706 86.6454277038574 86.9269924163818 87.8164978027344 87.8142185211182 87.811939239502 87.809663772583 88.1399993896484 88.1365165710449 89.2944774627686 89.2906837463379 89.6146965026855 89.93630027771 89.9300975799561 88.7653522491455 88.7621479034424 87.9212226867676 86.7580070495605 87.1620941162109 87.5908870697021 88.5809574127197 88.9766826629639 89.1107902526855 89.2448978424072 89.3790035247803 88.6665115356445 89.6255950927734 89.983097076416
82.8923749923706 84.0860157012939 84.4743137359619 84.5095090866089 84.1931676864624 85.0373554229736 85.0739049911499 84.3003149032593 83.9865570068359 83.5599489212036 83.9432697296143 83.9776372909546 84.3526153564453 83.2112350463867 82.4284973144531 83.2516279220581 84.0897731781006 84.4539270401001 85.2939481735229 85.9260129928589 85.6768255233765 86.2634477615356 86.5408573150635 86.9001178741455 87.1833019256592 87.5006847381592 87.4622611999512 87.0679054260254 88.0848751068115 88.0875930786133 88.2293491363525 88.8749294281006 88.8059272766113 89.9111995697021 90.7461109161377 89.9114112854004 89.0716915130615 89.064640045166 88.218936920166 88.2109241485596 88.2029132843018 88.0112342834473 87.825626373291 88.8004570007324 89.1960277557373 89.3290386199951 89.4620609283447 89.860408782959 89.1271057128906 89.2224006652832
82.0233287811279 83.5660648345947 84.4053831100464 83.6328134536743 83.3158273696899 84.1582126617432 83.8437070846558 83.8790149688721 84.2625026702881 84.2972650527954 84.6791133880615 84.7133312225342 85.087194442749 84.292857170105 83.9687871932983 84.3329677581787 85.5134878158569 85.5335988998413 85.2485828399658 86.1866073608398 86.7687721252441 86.7748193740845 86.7949895858765 87.1189708709717 87.1009731292725 87.0673332214355 87.03369140625 87.0000438690186 87.297082901001 88.2099666595459 88.5039825439453 88.8267612457275 88.7589721679688 89.8798999786377 90.7220096588135 90.7294425964355 89.8915843963623 89.044261932373 88.8480949401855 89.3648738861084 87.857946395874 86.7221164703369 87.6498641967773 88.0422477722168 88.1725196838379 88.5670166015625 88.6980018615723 89.9426651000977 90.3251838684082 90.1583957672119
82.6390695571899 83.1472473144531 83.1802082061768 83.2131652832031 83.2461280822754 84.0875453948975 84.1213521957397 84.5026216506958 84.1889724731445 84.5690927505493 84.6023235321045 84.6355600357056 84.6630039215088 84.6846523284912 84.2326812744141 84.4988451004028 84.4957647323608 85.1113128662109 85.7707815170288 85.767523765564 86.1016874313354 87.3781871795654 87.0382080078125 86.4493112564087 87.0186443328857 86.9898281097412 86.9610061645508 86.9321899414062 86.9033660888672 87.8234367370605 88.1219577789307 89.1719379425049 90.3458442687988 90.905782699585 90.6979064941406 91.032678604126 90.7134399414062 90.18190574646 89.4125537872314 89.3366622924805 89.3018398284912 88.1318950653076 87.9983024597168 88.1275043487549 88.5204811096191 88.6503944396973 88.7803039550781 88.9102191925049 89.2930145263672 89.3961143493652
82.4565315246582 82.2754249572754 83.1124353408813 83.1444282531738 84.3320236206055 84.364275932312 84.049729347229 84.0825843811035 84.4610319137573 84.4932823181152 83.7127866744995 83.7441787719727 83.7506666183472 83.7906799316406 83.4883623123169 84.1720924377441 84.4202661514282 85.3583669662476 86.0539131164551 86.2704010009766 86.9641275405884 86.9596109390259 86.9550914764404 87.2837409973145 86.3515768051147 86.3270225524902 86.6648540496826 86.8643283843994 86.8403339385986 88.0927963256836 89.1097774505615 90.2891979217529 90.8917865753174 90.8650074005127 90.838228225708 90.5400333404541 90.4882183074951 89.8440704345703 89.8302192687988 89.948486328125 89.874662399292 89.9188289642334 88.9296741485596 88.248498916626 88.6049213409424 89.8462505340576 89.3936061859131 89.523904800415 89.6429576873779 89.7507762908936
82.0707731246948 82.9785871505737 82.2388229370117 83.0756950378418 83.453556060791 84.2923974990845 84.3236665725708 84.6998662948608 85.5415496826172 85.5730562210083 84.7917776107788 84.0087614059448 83.6917390823364 84.0195159912109 84.0722208023071 84.091649055481 84.9294595718384 84.9498434066772 85.2782869338989 85.6090421676636 86.8831739425659 86.5212860107422 86.5407943725586 87.4493141174316 87.4374980926514 87.1642074584961 87.180196762085 88.0735206604004 88.0538692474365 87.5531215667725 87.9054679870605 89.0902442932129 90.2751998901367 90.2352390289307 89.8479404449463 89.5186328887939 89.5243053436279 89.8246440887451 90.9647235870361 90.9478282928467 90.1278915405273 89.4219303131104 89.2796897888184 88.5615901947021 89.8012886047363 90.1957130432129 90.3258323669434 89.6057300567627 89.993501663208 90.1731662750244
82.4869203567505 83.1483306884766 83.4939250946045 83.8099403381348 84.6545057296753 84.873875617981 84.5951328277588 85.4349460601807 85.4654512405396 85.4959554672241 85.8681392669678 84.7432613372803 84.7681694030762 84.7883577346802 84.470193862915 84.4913187026978 85.6674032211304 85.6885585784912 85.2016277313232 85.5297966003418 86.1034212112427 86.4637413024902 86.4579954147339 86.8187675476074 87.7205600738525 88.2898540496826 88.9702453613281 88.9149475097656 88.9477882385254 89.2513542175293 89.2361698150635 89.3704319000244 89.4031772613525 90.5926933288574 89.4686679840088 89.1848831176758 88.3520069122314 89.5718269348145 90.1448268890381 90.0894660949707 90.2186107635498 89.2395610809326 89.3671131134033 89.7584915161133 89.0483493804932 89.4311561584473 89.5593547821045 89.9543685913086 90.0770454406738 91.0457801818848
83.5575752258301 83.8643732070923 84.2124605178833 84.1141757965088 85.0511589050293 85.2688779830933 85.2349710464478 85.1040878295898 85.7930088043213 86.0114526748657 85.6373596191406 85.4778528213501 85.0299472808838 84.7084035873413 84.391489982605 84.4124402999878 84.7683792114258 85.9419822692871 84.8083658218384 84.8283586502075 85.6906518936157 85.6918239593506 86.042064666748 86.9500865936279 87.270378112793 88.115327835083 88.5291442871094 88.5240135192871 88.888111114502 89.5141201019287 88.9684047698975 89.3280506134033 89.4800930023193 90.5622253417969 89.2468357086182 89.3946971893311 89.5383892059326 89.8965225219727 90.233959197998 90.3118648529053 90.1279640197754 90.1748085021973 90.5654125213623 89.8450736999512 89.9722938537598 90.3651065826416 90.4930801391602 89.7693824768066 91.0130252838135 91.13401222229
84.5722217559814 84.916579246521 84.8728141784668 85.3918952941895 85.3553972244263 85.3189010620117 85.2824010848999 85.5309791564941 85.8356037139893 86.0530490875244 86.0166826248169 86.6064577102661 86.5755386352539 85.780611038208 85.4649639129639 84.3667316436768 84.693507194519 84.7076377868652 84.7274341583252 85.5689029693604 85.5896883010864 85.6104764938354 85.958930015564 86.8043727874756 87.1868228912354 88.0400371551514 88.1313056945801 88.4596462249756 88.817455291748 89.1334419250488 89.1281623840332 89.1228790283203 89.0141315460205 89.9933319091797 89.1070365905762 89.4869499206543 89.903980255127 90.354621887207 90.4337749481201 90.1419143676758 90.2212238311768 90.3005352020264 89.7891578674316 90.1324653625488 90.4773082733154 90.5578193664551 90.8433399200439 91.2536430358887 91.0973129272461 91.4912166595459
83.6548824310303 84.637885093689 85.4861755371094 85.104229927063 85.0658931732178 84.9561834335327 85.6158008575439 84.6956090927124 85.2836532592773 85.5007095336914 86.1050815582275 85.4239807128906 86.2681970596313 86.5652828216553 85.3849010467529 85.4055013656616 84.616678237915 84.1682567596436 84.6465034484863 85.4879169464111 85.5085191726685 85.5291213989258 85.8757963180542 86.2045097351074 87.1032619476318 88.0567359924316 88.3803882598877 88.7543621063232 88.7551174163818 89.3758697509766 88.9133911132812 88.7776756286621 88.8971557617188 90.0733547210693 90.2480068206787 89.3207740783691 89.7294425964355 90.0700626373291 91.0852508544922 90.2330112457275 89.7251262664795 89.8062686920166 89.8931903839111 90.0182418823242 90.4086666107178 90.5344944000244 89.8079795837402 91.0538539886475 91.1816024780273 92.4344463348389
84.752610206604 84.7046422958374 85.2014751434326 86.1293411254883 86.087628364563 86.045916557312 85.9215526580811 85.8807668685913 85.2451314926147 85.2049741744995 85.7584028244019 86.0869064331055 86.0788459777832 86.2654457092285 86.1217164993286 86.1431512832642 85.3456754684448 84.5966691970825 84.817850112915 85.4069337844849 86.5768203735352 85.7732543945312 85.7926616668701 85.812068939209 86.6972885131836 87.0794849395752 87.9857387542725 88.3308944702148 89.2962207794189 89.428394317627 88.7108154296875 89.7908840179443 89.5925102233887 89.342113494873 89.2338199615479 89.4128551483154 89.8232707977295 89.9472064971924 90.2404689788818 91.3045921325684 90.4077472686768 90.4429492950439 89.9808578491211 90.104829788208 90.4944305419922 90.3527717590332 90.7439479827881 91.1367034912109 91.2658863067627 92.5237617492676
85.4222555160522 86.161190032959 86.33567237854 86.442813873291 87.2840805053711 87.2400159835815 86.8578119277954 85.5914897918701 85.5489368438721 85.2476110458374 85.539834022522 85.4963274002075 86.414529800415 86.6327857971191 86.3728618621826 85.6630096435547 85.699444770813 85.5136737823486 85.5587158203125 86.1913118362427 86.6461524963379 86.6356773376465 86.211841583252 86.2331027984619 86.2945613861084 86.3455410003662 86.7515354156494 88.0205688476562 89.3375053405762 89.4820327758789 89.6698741912842 89.8577194213867 90.2411575317383 90.3726558685303 90.4212436676025 89.5049381256104 89.6587181091309 90.0410480499268 91.2729835510254 91.6592292785645 91.7843761444092 90.7958297729492 90.0685272216797 90.4565105438232 90.3143005371094 90.4371929168701 89.9934902191162 90.0966930389404 90.4947910308838 90.6306476593018
86.4441165924072 86.7356100082397 87.1276082992554 86.4869899749756 87.3333597183228 86.9548740386963 86.2864303588867 86.2459344863892 85.6102390289307 85.309778213501 85.0090169906616 85.5620985031128 85.7833051681519 86.0748224258423 86.0349760055542 85.4043006896973 85.0378856658936 86.0822324752808 86.2758102416992 86.5991439819336 86.9657163619995 86.5792236328125 87.52565574646 87.8389797210693 87.841817855835 87.5405197143555 86.8965377807617 87.9174957275391 88.3601455688477 89.6416091918945 89.8331089019775 91.1215934753418 91.3154335021973 90.6651554107666 91.9613304138184 91.0495090484619 90.0979499816895 90.2176761627197 91.1874008178711 91.5698528289795 91.9539165496826 91.2238807678223 90.4924793243408 90.6131286621094 90.7337779998779 90.8544311523438 90.9750823974609 90.5080432891846 90.6364231109619 91.9003105163574
87.1433134078979 86.8465013504028 87.0748157501221 86.7052898406982 87.3016738891602 87.0073223114014 86.7126455307007 86.3135375976562 85.4234962463379 85.3914756774902 85.3594570159912 85.9205093383789 85.886531829834 85.8512363433838 86.445240020752 85.7806377410889 85.4802312850952 86.1161422729492 85.4087524414062 85.0099992752075 85.6041450500488 86.5755882263184 87.5560722351074 87.7914600372314 87.8622188568115 87.7997856140137 88.2419757843018 88.4318542480469 88.621732711792 88.8116111755371 89.0014915466309 90.2915706634521 91.8433074951172 92.0385456085205 91.9754981994629 91.3194313049316 90.6221199035645 90.7375774383545 90.8530406951904 91.8221645355225 91.3468780517578 91.4631423950195 90.4593601226807 90.8395328521729 90.9551811218262 91.0708274841309 91.4542255401611 91.5706768035889 90.8361396789551 90.9684791564941
87.3471603393555 87.3117961883545 86.9416522979736 86.7429542541504 86.4546337127686 86.1659822463989 85.8096523284912 85.7857666015625 85.7618808746338 84.5781211853027 85.4491186141968 85.6902265548706 86.8858699798584 86.8545818328857 86.5570039749146 85.8943557739258 85.8625507354736 85.8307476043701 85.7989444732666 84.6477537155151 85.4665222167969 85.4855117797852 85.6329593658447 86.8652305603027 88.1209335327148 87.2222499847412 88.2489891052246 88.6927223205566 88.883321762085 89.3290119171143 89.5202598571777 89.7115097045898 90.1598110198975 91.2021408081055 91.3957500457764 91.5893497467041 91.741626739502 91.8525772094727 92.2248802185059 91.2178363800049 90.4710311889648 90.5808601379395 90.6906986236572 90.8005352020264 90.3171520233154 91.5542411804199 91.6656970977783 91.7771453857422 92.1670665740967 92.2973594665527
88.1266746520996 87.5104026794434 87.4933776855469 87.4763450622559 87.128475189209 86.2155151367188 86.198844909668 85.853611946106 85.2431564331055 85.4947624206543 85.4796123504639 85.7899723052979 86.0359764099121 86.3326473236084 86.9371356964111 86.0080680847168 85.9797649383545 85.6770286560059 85.7543811798096 86.081075668335 85.6383180618286 85.4648809432983 85.8698062896729 86.863862991333 88.1276397705078 88.5709686279297 88.7622814178467 88.6996536254883 90.2444591522217 90.1829147338867 91.4802284240723 91.6756267547607 92.1281776428223 92.5820083618164 92.5202598571777 92.9753761291504 93.3870735168457 92.3757629394531 92.4823894500732 91.7293968200684 91.8355293273926 90.8172054290771 91.1866989135742 91.2923374176025 91.3979778289795 91.770715713501 91.8771667480469 91.9836177825928 92.3692741394043 92.2256126403809
89.0329704284668 88.6932678222656 88.7472305297852 87.7781600952148 87.769416809082 87.7606678009033 86.5248470306396 86.1901187896729 85.8568801879883 85.8498725891113 86.2065296173096 86.7922897338867 86.5073623657227 85.624568939209 85.8265075683594 86.0736217498779 86.7526531219482 86.8353176116943 85.7621173858643 86.4787826538086 87.0833072662354 87.0257034301758 87.1955394744873 88.2047576904297 88.3861751556396 89.4203720092773 88.7689762115479 88.9603729248047 90.2545223236084 90.4482917785645 91.7495594024658 92.2023181915283 91.2868537902832 92.8537368774414 93.0511436462402 93.2485466003418 93.6580696105957 94.0214767456055 93.0013771057129 92.8413887023926 92.3429679870605 91.3174667358398 91.4181060791016 91.5187397003174 91.8857402801514 91.9871921539307 92.0886383056641 92.1900901794434 92.3018913269043 92.42405128479
88.7752056121826 89.3721046447754 88.5020179748535 88.1597671508789 87.8134593963623 87.2170925140381 87.2169914245605 87.4876308441162 87.1645393371582 86.8942317962646 85.9390258789062 86.6239738464355 86.9343109130859 85.881519317627 85.9679660797119 85.8067989349365 86.1408596038818 86.8637313842773 86.6765556335449 87.0126705169678 88.0116138458252 89.1837139129639 89.6190719604492 88.961368560791 89.7411327362061 89.9356422424316 89.2825908660889 90.0704135894775 90.2643032073975 90.4581928253174 90.908182144165 91.102689743042 92.4126682281494 92.8675155639648 93.3235950469971 93.5217266082764 94.7935428619385 94.0266075134277 94.124153137207 94.2216968536377 92.3241844177246 92.684175491333 92.7809867858887 92.6121807098389 92.1468086242676 92.2144336700439 92.3001117706299 92.3965606689453 92.504020690918 92.6224937438965
89.6868476867676 89.6947479248047 89.0711040496826 88.7541007995605 88.7622375488281 88.770378112793 88.5058860778809 88.1922492980957 87.6070117950439 87.889404296875 86.9899806976318 86.9986705780029 86.7211494445801 86.7751216888428 87.1137676239014 87.4805774688721 87.2975730895996 87.1406326293945 87.2054615020752 87.5732841491699 88.8315525054932 89.5644302368164 89.8648242950439 89.2147312164307 90.2554054260254 90.4512577056885 90.3933219909668 89.7362079620361 89.6746692657471 90.7234439849854 91.1742973327637 91.3695411682129 91.564790725708 92.0180721282959 92.4725761413574 92.9282913208008 93.9400901794434 94.2924098968506 94.435676574707 95.6080875396729 94.8327045440674 93.7926540374756 93.8847064971924 94.2424507141113 93.4652576446533 92.6874656677246 92.779727935791 92.8719902038574 92.9759044647217 92.2193851470947
89.1013298034668 89.3916873931885 89.7313098907471 88.8407192230225 89.7636966705322 89.7798919677734 89.2014408111572 88.5831890106201 88.0056419372559 87.704402923584 87.0851058959961 88.0127964019775 87.7359409332275 87.8037052154541 88.5396575927734 89.5534706115723 89.3747997283936 88.3065052032471 88.681396484375 89.0287780761719 90.0185260772705 91.0102405548096 90.216136932373 90.0639972686768 90.2645282745361 89.6087169647217 90.6564922332764 91.1070232391357 91.0484561920166 90.9886951446533 91.1840763092041 92.4989929199219 92.9543037414551 93.1526832580566 93.6097812652588 94.0680751800537 94.2110290527344 94.2973670959473 94.6453685760498 94.9950122833252 96.2180690765381 96.3070983886719 94.6516494750977 94.4744396209717 94.8287677764893 94.0443725585938 93.2595062255859 92.4741611480713 92.3042678833008 92.415548324585
