data/spatiotemp/temp4/bio10_norsw_test_2015_2018.asc
NCOLS 654 
NROWS 380 
XLLCORNER 3.91666666666667 
YLLCORNER 55.3333333333333 
CELLSIZE 0.0416666666666667 
NODATA_value -9999 
[rows 242 to 263 of 380, columns 50 to 99 of 654]
9.67875576019287 10.13440990448 10.0313975811005 9.4972186088562 8.48421549797058 9.52690052986145 11.1469116210938 13.7453670501709 11.2487907409668 13.5349838733673 11.721978187561 11.3786246776581 12.4479339122772 12.9770488739014 13.0353305339813 9.74994540214539 6.61956036090851 7.8911749124527 6.69459140300751 7.47414195537567 9.01702570915222 12.3472428321838 12.758467912674 12.9843144416809 14.3878116607666 11.3186609745026 10.3769054412842 9.54251790046692 8.21909773349762 7.10781502723694 8.59901404380798 9.12223505973816 10.3433599472046 9.69181704521179 8.51360821723938 11.4527328014374 13.3478572368622 11.0469818115234 10.2181060314178 11.2652306556702 10.5910215377808 11.1334795951843 9.95116066932678 11.4800660610199 9.7543044090271 9.89454293251038 10.3741147518158 9.72368621826172 8.48192501068115 7.21149635314941
8.33111333847046 8.51796174049377 9.66814374923706 10.3224284648895 9.98600029945374 9.64040637016296 10.6474525928497 10.9451396465302 12.5122663974762 13.9730613231659 9.9733681678772 9.40905499458313 10.4625759124756 11.2814297676086 10.1756165027618 9.66297054290771 7.99515783786774 6.32613527774811 5.50077295303345 7.60650217533112 9.27415537834167 8.21630895137787 9.56229543685913 10.9164490699768 13.3218019008636 11.2416679859161 10.1361970901489 8.90624022483826 8.04038333892822 8.09003674983978 8.20134830474854 8.56881833076477 8.52547407150269 6.84809172153473 6.52589511871338 10.8598902225494 8.49980652332306 8.26705622673035 10.2396392822266 10.5848891735077 9.76013946533203 8.73072218894958 9.25161075592041 10.2628040313721 9.02799773216248 8.01385831832886 7.77438533306122 7.77491247653961 9.01077246665955 8.54396641254425
10.1073436737061 10.5068817138672 11.0698139667511 10.3476378917694 9.20796513557434 9.09236741065979 9.00189876556396 9.80489277839661 10.6775121688843 10.7616052627563 10.7831981182098 9.81912446022034 9.40821719169617 8.97564315795898 8.34023654460907 7.07609987258911 8.13195896148682 8.51568174362183 6.90843307971954 8.29952907562256 9.82395195960999 10.4255414009094 11.2902979850769 12.6400635242462 12.4257051944733 12.6046359539032 10.6698215007782 9.46062970161438 9.23350238800049 7.96809184551239 6.43051612377167 6.65310859680176 7.40286779403687 6.46279358863831 6.28755259513855 7.09547853469849 7.27223789691925 6.07233047485352 7.06008923053741 8.01788127422333 9.76059007644653 7.41596508026123 7.02472734451294 7.01887595653534 8.56502509117126 7.80784058570862 7.34998953342438 7.27884364128113 7.63419449329376 7.86910283565521
10.1961226463318 9.57211780548096 9.29202914237976 9.60259032249451 9.90581798553467 9.55204606056213 9.69956398010254 9.35253882408142 8.99880313873291 8.33084321022034 9.01779627799988 9.06743764877319 8.32807946205139 7.87088775634766 8.03852915763855 7.65750408172607 9.22001981735229 9.80085158348083 8.1498636007309 8.25672245025635 10.8600816726685 11.8736071586609 11.4097998142242 8.10599267482758 6.77868461608887 10.7278769016266 10.9660222530365 13.8934640884399 12.2545921802521 8.38648009300232 6.86635041236877 6.73539900779724 7.3204470872879 6.96049535274506 6.56354367733002 5.92075872421265 5.63030731678009 6.2000218629837 6.17907047271729 6.86911869049072 7.84904086589813 6.98520791530609 6.46165370941162 6.0176488161087 6.93264400959015 7.25515651702881 6.69813418388367 6.37846267223358 6.97929096221924 7.68995261192322
12.0029110908508 10.2670710086823 8.98980522155762 9.29122281074524 9.7946400642395 9.76322412490845 9.2145619392395 9.35348701477051 8.41274499893188 8.98466992378235 8.96059465408325 10.2031850814819 8.92540740966797 8.31620252132416 8.55785083770752 9.41837954521179 9.88345003128052 10.7053546905518 8.71812105178833 8.60174965858459 12.5345447063446 8.97867321968079 6.89680171012878 7.41193056106567 8.89039254188538 9.72952079772949 9.91673755645752 13.7874085903168 12.2201368808746 12.108083486557 9.42056512832642 10.1315226554871 9.71448373794556 8.0113639831543 6.44870185852051 5.8822056055069 6.04454326629639 6.40238046646118 6.27871811389923 6.03055572509766 6.56555950641632 6.49389708042145 6.0612188577652 5.83935832977295 6.232497215271 6.85213661193848 6.3209422826767 5.89791476726532 5.56222069263458 6.25552654266357
10.7868666648865 9.56061148643494 9.07958126068115 9.88352155685425 10.3875901699066 10.2144219875336 9.48009753227234 10.2241671085358 9.31690382957458 9.24618482589722 10.8368554115295 11.8523316383362 10.5506417751312 10.0589516162872 9.50042819976807 10.4065713882446 11.1148812770844 11.4690244197845 10.9683780670166 10.3954432010651 8.1453412771225 7.92657279968262 7.86063730716705 7.61703538894653 7.96310019493103 9.31783127784729 13.2937295436859 10.7643485069275 8.19956648349762 9.15466856956482 11.390429019928 11.1561803817749 11.000598192215 9.71301627159119 8.0080258846283 7.35098588466644 7.39661240577698 6.63873910903931 6.18103241920471 6.0858256816864 5.90511906147003 6.1890789270401 6.06178390979767 5.86473381519318 6.3286839723587 7.83596742153168 7.46391701698303 7.64386701583862 6.99731683731079 7.24476718902588
11.1484889984131 10.6916511058807 10.3149838447571 11.4311423301697 11.2229716777802 10.5579676628113 10.3029894828796 10.0622053146362 9.11642098426819 10.3134694099426 12.4366853237152 12.366400718689 11.2209496498108 11.7319989204407 11.4710478782654 12.2062630653381 12.53431224823 10.6936943531036 9.20813608169556 7.75630366802216 7.83313751220703 8.00647902488708 8.41794729232788 8.13514041900635 8.14430773258209 9.28064179420471 12.3104763031006 9.7915198802948 7.68897795677185 8.28497850894928 7.85335373878479 7.1849365234375 8.71404600143433 7.31525611877441 8.28913271427155 8.03193259239197 8.01351511478424 8.04509770870209 6.99051344394684 6.71042919158936 6.38351166248322 6.55109429359436 6.42784917354584 6.37477648258209 6.95137047767639 8.07213127613068 8.58172512054443 8.99865245819092 8.53291320800781 7.72984075546265
11.5437777042389 11.3348581790924 11.2232720851898 11.0645189285278 9.8912661075592 9.03284645080566 8.75186395645142 8.64331841468811 8.65167140960693 10.883061170578 12.4910154342651 13.54097032547 11.9255912303925 12.360045671463 10.7325005531311 9.99912166595459 11.0739097595215 10.8455307483673 9.39422678947449 9.01999711990356 9.20476722717285 9.07003784179688 9.09030795097351 7.7725784778595 7.50651526451111 8.02111899852753 10.3152227401733 7.92949306964874 7.40359687805176 8.22470033168793 6.09718811511993 6.06689310073853 7.35859763622284 6.84296977519989 6.33717477321625 6.51037979125977 6.67925119400024 8.33212280273438 7.47699451446533 6.80603265762329 6.74323773384094 6.53494250774384 6.52091431617737 6.739985704422 7.06289076805115 7.58296203613281 8.42153358459473 9.40626859664917 9.44919443130493 9.13411927223206
10.9976570606232 10.6875791549683 12.2965006828308 12.0630888938904 10.839510679245 9.82493257522583 9.35401582717896 9.16647362709045 8.54309797286987 9.5116126537323 11.8852231502533 13.7089998722076 11.207777261734 11.3310539722443 10.9219973087311 10.1704406738281 9.50905108451843 8.48416113853455 8.88084053993225 10.02658867836 9.92500305175781 9.80841755867004 8.6304988861084 8.82824683189392 8.59499502182007 7.80274331569672 8.40732431411743 8.21690595149994 9.06432032585144 7.79840135574341 6.36535692214966 5.70585298538208 6.62618231773376 6.28901171684265 5.73850774765015 5.80117046833038 6.4049996137619 7.92166256904602 7.51165866851807 7.32915461063385 7.57281732559204 8.11898005008698 8.43068301677704 7.90858399868011 8.04421019554138 8.20433640480042 8.71466875076294 9.21883153915405 9.6416609287262 9.62915754318237
11.2324612140656 11.5703136920929 13.025000333786 10.4996869564056 10.5040397644043 10.2392263412476 9.5535774230957 9.13709306716919 9.658775806427 9.24279189109802 12.8003077507019 14.5154905319214 12.4636726379395 12.6043555736542 11.7190382480621 11.6275541782379 11.6277368068695 11.100085735321 10.2148108482361 10.7410776615143 10.831178188324 9.96911191940308 9.66037893295288 8.88097906112671 6.95324647426605 6.73334670066833 6.26294720172882 6.68621444702148 8.11548149585724 8.13191497325897 7.02969312667847 6.34164881706238 5.8041045665741 5.95889365673065 5.71801602840424 5.66013860702515 6.36626076698303 6.7727165222168 7.41583907604218 8.0326281785965 8.1099374294281 8.54073858261108 9.14298057556152 9.41533064842224 9.83149671554565 9.57136464118958 9.62771463394165 9.97739744186401 10.0464146137238 9.56676483154297
13.3230979442596 13.3578820228577 13.495500087738 13.3117842674255 13.4660685062408 13.0888528823853 12.517706155777 13.2032945156097 12.0917160511017 12.9524707794189 14.6287260055542 14.2054805755615 14.0242357254028 11.750657081604 10.4092454910278 9.64216709136963 9.75792193412781 8.87201023101807 8.99328088760376 8.53206706047058 8.66635274887085 8.90763926506042 7.53909230232239 8.82887816429138 7.37899792194366 8.02611720561981 7.18357038497925 7.10702311992645 7.58397591114044 7.80876195430756 7.42202973365784 7.29977834224701 6.97836005687714 6.92444252967834 6.27119112014771 5.99410653114319 5.67968881130219 5.88643729686737 5.96201956272125 6.37226808071136 6.64251697063446 7.05443239212036 7.37050187587738 7.97422575950623 8.58435249328613 9.1835560798645 9.07209372520447 9.50129747390747 10.6738345623016 10.6437051296234
10.7354016304016 10.792950630188 10.9293327331543 12.2242152690887 12.4495978355408 11.7139799594879 12.122168302536 12.7916619777679 13.4424893856049 13.1361501216888 13.1704773902893 12.6156377792358 12.9597985744476 12.8777923583984 11.9784529209137 12.1619465351105 11.8382740020752 10.6602683067322 10.0535843372345 10.5997228622437 11.2636947631836 11.5463335514069 11.6923055648804 11.0319440364838 11.3977494239807 10.5280549526215 8.55369305610657 8.36283183097839 8.12313675880432 7.80727565288544 7.4531991481781 6.922407746315 6.38911604881287 6.38849115371704 6.99086606502533 7.19690775871277 7.30211663246155 7.17415821552277 6.89353311061859 6.59474170207977 6.21511685848236 6.18665862083435 6.13702428340912 6.6157134771347 5.67740273475647 6.11392545700073 7.52578151226044 8.30253005027771 9.07592105865479 9.92064571380615
11.0582053661346 10.6466856002808 10.6384990215302 11.584645986557 11.6032931804657 10.5587732791901 9.43813014030457 8.58969664573669 8.34626281261444 9.28366255760193 11.5407285690308 11.67462849617 10.1668615341187 11.4690937995911 11.9908270835876 11.1898937225342 13.8697612285614 13.3651928901672 12.358913898468 11.224672794342 12.8924312591553 14.2088565826416 14.6120879650116 13.5364918708801 10.8241329193115 9.08099174499512 8.43464946746826 7.92930722236633 8.04613173007965 8.07195580005646 7.11303544044495 6.09487020969391 4.6627049446106 3.70620661973953 4.26970791816711 5.43587613105774 6.90637743473053 7.69437909126282 7.62888014316559 7.74454855918884 8.05955016613007 8.58755135536194 8.59520578384399 8.62411713600159 8.2633558511734 7.61851060390472 6.92416524887085 6.12382030487061 6.37380814552307 8.37025249004364
10.6815087795258 11.6452538967133 11.8224987983704 10.8475773334503 10.7634890079498 9.57090067863464 9.12844324111938 8.35615301132202 7.86718738079071 8.2905547618866 10.3006467819214 11.9149520397186 11.0384242534637 11.5687294006348 12.3105530738831 12.0906729698181 13.8674919605255 13.0062954425812 11.8318252563477 10.7494165897369 10.9710073471069 13.3683085441589 13.670800447464 11.9398074150085 10.0690853595734 7.72426211833954 8.39643907546997 9.39411568641663 9.76079273223877 10.0984690189362 9.31737184524536 7.53849947452545 5.37162744998932 4.0937551856041 3.77871626615524 4.78517746925354 6.33947169780731 7.11959969997406 7.54989397525787 7.23385548591614 7.90531611442566 8.49227774143219 9.33083629608154 9.65193462371826 9.60570025444031 9.45279860496521 9.5092306137085 9.49766254425049 9.35142803192139 9.41585969924927
10.7946457862854 10.4014887809753 9.76249837875366 10.1666748523712 12.3320181369781 10.863694190979 9.79038786888123 9.08834338188171 9.43060517311096 9.42538809776306 9.89139842987061 10.2339425086975 11.110319852829 12.0251977443695 13.5624165534973 13.6834180355072 11.2367796897888 11.4273748397827 12.2924213409424 13.1735887527466 13.9472494125366 13.4280972480774 12.8016476631165 12.557281255722 12.5299892425537 13.6228866577148 12.2671563625336 10.1130917072296 9.24328708648682 9.25598311424255 9.25304126739502 9.33446216583252 8.72804975509644 7.42530381679535 7.61705803871155 8.60714530944824 8.30139970779419 8.41115367412567 8.27974104881287 8.35699546337128 8.59924960136414 8.90450382232666 9.13325691223145 9.17700934410095 9.26770496368408 9.4249906539917 9.57827639579773 9.80889534950256 9.67884755134583 9.59813356399536
9.74644947052002 9.58489060401917 10.7958316802979 11.4387724399567 11.4775466918945 13.8634877204895 10.8640165328979 10.1379663944244 10.8909163475037 12.1205677986145 12.6087431907654 12.9855241775513 14.761049747467 13.4572403430939 13.6302831172943 13.1697602272034 12.3286828994751 14.5847277641296 12.087872505188 10.6823544502258 9.91839528083801 9.07010984420776 9.35949182510376 9.99592471122742 9.3745129108429 10.6391015052795 13.7736902236938 11.1062784194946 10.5082006454468 10.4334557056427 10.3866229057312 9.45970106124878 9.37211322784424 9.43401908874512 9.39473295211792 9.34228038787842 9.01899409294128 8.73204112052917 8.67592215538025 8.51463556289673 8.66118240356445 8.98406338691711 9.09377884864807 9.11466360092163 9.00437641143799 9.09984922409058 9.09798860549927 9.13746166229248 9.22826766967773 9.31240701675415
11.3650863170624 11.1892921924591 11.8609976768494 13.3583703041077 14.2327420711517 14.3514404296875 13.9874467849731 12.8324625492096 14.3413286209106 -9999 -9999 14.0777571201324 12.4479281902313 10.5976347923279 11.3969900608063 14.0839660167694 14.4657847881317 11.7793519496918 9.11810207366943 8.38716971874237 8.06740355491638 7.35697102546692 8.20987141132355 8.85660576820374 8.21800649166107 8.92957401275635 10.7185924053192 11.4836797714233 9.52543354034424 9.73452115058899 10.196293592453 9.98675203323364 10.0005438327789 9.57166886329651 9.00612735748291 8.6705858707428 8.47958862781525 8.63626217842102 8.58926868438721 8.85827565193176 9.1116156578064 9.07528948783875 9.08013439178467 9.38872146606445 9.25171494483948 9.14804100990295 9.11303424835205 9.18802762031555 9.29635453224182 9.46068072319031
12.7398898601532 13.3793606758118 13.1023309230804 13.8005764484406 14.665864944458 15.0007419586182 15.0344405174255 -9999 14.3355021476746 13.7544703483582 12.3344929218292 11.0409138202667 9.80550861358643 9.54026961326599 12.7841973304749 14.4538598060608 11.2838654518127 12.1252574920654 11.0861382484436 9.11749243736267 8.49224519729614 7.53333163261414 6.99091827869415 7.4793381690979 8.48325800895691 9.04784440994263 9.39949488639832 10.2724144458771 9.26266717910767 8.29025316238403 7.83405017852783 7.98551714420319 8.44231677055359 8.82347917556763 9.05398368835449 8.9711549282074 8.78018283843994 8.5388160943985 8.43294906616211 8.55174922943115 8.93404865264893 8.96584892272949 9.22532320022583 9.40320563316345 9.41971921920776 9.4575662612915 9.59941339492798 9.48326063156128 9.39310741424561 9.92895460128784
13.1388607025146 12.2285952568054 11.9264967441559 14.1658985614777 14.5721957683563 14.3992850780487 13.7836170196533 13.5402960777283 13.009569644928 11.768737077713 10.5565707683563 9.98740434646606 8.81240463256836 9.40640473365784 13.9063940048218 12.6290681362152 10.592405796051 9.39523959159851 8.54104244709015 9.4343147277832 9.43275356292725 8.32852602005005 7.95063161849976 7.95940387248993 8.49050951004028 9.04744839668274 9.24439692497253 9.70448184013367 8.88523364067078 8.30653738975525 7.59588658809662 7.78114604949951 7.84923899173737 7.92149877548218 7.97759163379669 8.17918455600739 8.78977727890015 8.62703704833984 8.59662961959839 8.39455580711365 8.4901487827301 9.02940845489502 9.1989893913269 9.20902347564697 9.27772402763367 9.56509160995483 9.59245896339417 9.68249297142029 9.67986083030701 9.61789488792419
14.2967193126678 13.4407429695129 13.7974967956543 14.5638296604156 14.8244123458862 12.9382452964783 12.7195315361023 11.9884376525879 11.5841770172119 11.1034164428711 8.84082198143005 7.64539480209351 8.20363426208496 12.8266849517822 14.4089457988739 10.4393725395203 8.22692465782166 8.48266363143921 8.21467936038971 8.04030406475067 8.70826172828674 8.69388675689697 8.44317817687988 8.09463608264923 8.11876094341278 8.6640522480011 9.12834358215332 9.50988292694092 8.67713308334351 7.29855120182037 7.35505616664886 7.72977566719055 8.13682842254639 8.20171391963959 8.31376647949219 8.33181917667389 8.49020528793335 8.6985912322998 8.76431035995483 8.83102917671204 8.80708193778992 8.76546788215637 8.8512864112854 8.96750783920288 9.03839564323425 9.30395030975342 9.39083814620972 9.51972603797913 9.62794733047485 9.63283514976501
14.9159035682678 -9999 14.5664505958557 14.3247096538544 12.9137563705444 11.2169790267944 10.8782613277435 10.3498451709747 9.47976183891296 8.7660117149353 7.58859550952911 6.26345229148865 8.81191372871399 13.1550121307373 12.5861375331879 9.12434601783752 7.71042943000793 7.46317934989929 6.71244740486145 6.54223358631134 7.36935305595398 7.39530563354492 8.10442495346069 7.82387804985046 7.70383048057556 8.1849502325058 8.69123601913452 8.91937875747681 8.88791084289551 8.09526085853577 7.95423829555511 8.1630734205246 8.253741979599 8.30574429035187 8.21591258049011 8.2407478094101 8.48558282852173 8.66958498954773 8.72075343132019 8.84858894348145 8.96292400360107 8.99909257888794 8.87537717819214 8.70492696762085 8.94729971885681 9.19367265701294 9.28604531288147 9.15708422660828 9.09279036521912 9.15249681472778
-9999 -9999 13.3462955951691 12.2153451442719 10.644275188446 10.059318780899 10.935759305954 10.4724586009979 10.1288247108459 8.42469096183777 6.1528627872467 6.57676470279694 10.3204555511475 13.7158589363098 10.9842803478241 8.58088707923889 8.14558637142181 7.47045254707336 6.8853588104248 6.68049323558807 6.9236273765564 6.74509501457214 7.51487255096436 7.5111289024353 7.22855174541473 7.17364156246185 7.49273133277893 7.72265446186066 8.4382438659668 8.39250028133392 8.02426564693451 7.78737330436707 7.96998107433319 8.23625540733337 8.38986301422119 8.37513756752014 8.45707821846008 8.59968566894531 8.76212692260742 8.81873416900635 8.90684199333191 8.91211628913879 9.01304125785828 9.06061434745789 9.09776949882507 9.12625813484192 9.06007981300354 8.93723487854004 8.98372316360474 9.30154514312744
