data/spatiotemp/temp4/bio11_norsw_test_2015_2018.asc
NCOLS 654 
NROWS 380 
XLLCORNER 3.91666666666667 
YLLCORNER 55.3333333333333 
CELLSIZE 0.0416666666666667 
NODATA_value -9999 
[rows 88 to 109 of 380, columns 576 to 623 of 654]
-12.0555927753448 -12.0000596046448 -11.8666930198669 -11.8006596565247 -11.8426263332367 -11.8332600593567 -11.7575602531433 -11.6906936168671 -11.6580383777618 -11.5959267616272 -11.5256490707397 -11.4275388717651 -11.4134275913239 -11.3754827976227 -11.3418717384338 -11.3050937652588 -11.2433159351349 -11.1495385169983 -11.0612602233887 -10.9839825630188 -10.9354023933411 -10.8505203723907 -10.8498039245605 -10.8679218292236 -10.806872844696 -10.7599904537201 -10.8459415435791 -10.8587250709534 -10.7600095272064 -10.6436274051666 -10.6442451477051 -10.6293623447418 -10.6141254901886 -10.5260336399078 -10.5076084136963 -10.5225157737732 -10.5709238052368 -10.6071655750275 -10.5822401046753 -10.5963151454926 -10.5970561504364 -10.5017971992493 -10.40553855896 -10.4482800960541 -10.5392596721649 -10.5958106517792 -10.670529127121 -10.7477469444275
-11.9661109447479 -11.8924934864044 -11.7833750247955 -11.7580900192261 -11.7851388454437 -11.7670211791992 -11.7422361373901 -11.710284948349 -11.6290123462677 -11.5392532348633 -11.4834940433502 -11.4400682449341 -11.3879754543304 -11.3300497531891 -11.2527902126312 -11.192697763443 -11.1316056251526 -11.0695126056671 -10.9999203681946 -10.9226605892181 -10.8782577514648 -10.765876531601 -10.7843284606934 -10.7936141490936 -10.7558999061584 -10.7611854076385 -10.7586374282837 -10.759256362915 -10.6600420475006 -10.548660993576 -10.5406134128571 -10.5438988208771 -10.5808181762695 -10.5858702659607 -10.6427569389343 -10.7028095722198 -10.7258620262146 -10.6582479476929 -10.6088006496429 -10.6160202026367 -10.5580728054047 -10.5439586639404 -10.5565116405487 -10.6793975830078 -10.7074983119965 -10.7494807243347 -10.7934632301331 -10.929779291153
-11.7817962169647 -11.7585935592651 -11.7553904056549 -11.7350213527679 -11.6959846019745 -11.6806151866913 -11.6725788116455 -11.630042552948 -11.568487405777 -11.5357468128204 -11.480171918869 -11.42209815979 -11.3698580265045 -11.3286168575287 -11.2050430774689 -11.1051352024078 -11.0632281303406 -11.0078206062317 -11.0229134559631 -11.0145058631897 -10.9679458141327 -10.9562327861786 -10.9056866168976 -10.8441395759583 -10.7744266986847 -10.6842131614685 -10.7263333797455 -10.7571210861206 -10.6792411804199 -10.5895278453827 -10.5524816513062 -10.6199355125427 -10.6330111026764 -10.652708530426 -10.7769055366516 -10.8027696609497 -10.7541334629059 -10.6573309898376 -10.6291947364807 -10.6520590782166 -10.671422958374 -10.7022869586945 -10.7618174552917 -10.8423483371735 -10.8335704803467 -10.8258175849915 -10.8873977661133 -11.0426456928253
-11.6118149757385 -11.5846939086914 -11.607072353363 -11.6289513111115 -11.64466381073 -11.6358759403229 -11.6494212150574 -11.6339666843414 -11.5916285514832 -11.5587394237518 -11.4848508834839 -11.4321281909943 -11.4404065608978 -11.4560177326202 -11.3052954673767 -11.1537396907806 -11.1196842193604 -11.1026284694672 -11.1577398777008 -11.1688504219055 -11.0714666843414 -11.0072550773621 -10.9308772087097 -10.8916652202606 -10.8484539985657 -10.8029086589813 -10.8210306167603 -10.7416522502899 -10.6646065711975 -10.6722283363342 -10.6470167636871 -10.6538047790527 -10.6492033004761 -10.6658792495728 -10.765721321106 -10.8105630874634 -10.7624051570892 -10.7417469024658 -10.8234221935272 -10.8640975952148 -10.8184397220612 -10.8537817001343 -10.8917906284332 -10.8897988796234 -10.93914270401 -11.0613212585449 -11.1714999675751 -11.2843453884125
-11.5328335762024 -11.5127942562103 -11.5662546157837 -11.5807151794434 -11.5903427600861 -11.5994696617126 -11.6284303665161 -11.6168911457062 -11.588103055954 -11.5157325267792 -11.4558622837067 -11.4338257312775 -11.4887881278992 -11.4817514419556 -11.3107142448425 -11.1708438396454 -11.1716403961182 -11.1821031570435 -11.2197327613831 -11.1775288581848 -11.1301555633545 -11.0721113681793 -10.9960680007935 -11.046190738678 -11.0281472206116 -10.9019367694855 -10.7788932323456 -10.6488494873047 -10.6489725112915 -10.7342615127563 -10.7308850288391 -10.7551746368408 -10.7788963317871 -10.8097159862518 -10.7842032909393 -10.7793564796448 -10.8048431873322 -10.8929963111877 -11.0168163776398 -11.0381364822388 -11.0251231193542 -10.9822764396667 -10.9292628765106 -10.9644165039062 -11.0523810386658 -11.1693248748779 -11.2949345111847 -11.3997111320496
-11.5725185871124 -11.6163942813873 -11.6011030673981 -11.5699791908264 -11.570855140686 -11.5732309818268 -11.6112728118896 -11.624648809433 -11.5920774936676 -11.5462255477905 -11.5000405311584 -11.4548554420471 -11.4490041732788 -11.3303184509277 -11.1982998847961 -11.2504482269287 -11.2249295711517 -11.2067444324493 -11.1253926753998 -11.0665402412415 -11.0223433971405 -11.0469677448273 -11.0079252719879 -11.007383108139 -10.936341047287 -10.8067984580994 -10.6987562179565 -10.6663808822632 -10.6820042133331 -10.7116289138794 -10.7197532653809 -10.7673780918121 -10.8279218673706 -10.8197205066681 -10.8145186901093 -10.8586497306824 -10.8934473991394 -10.9735794067383 -11.0083773136139 -11.0246753692627 -11.0233063697815 -11.0266046524048 -11.0334029197693 -11.0810341835022 -11.129453420639 -11.2123279571533 -11.3193693161011 -11.4212439060211
-11.593533039093 -11.6420302391052 -11.6010274887085 -11.5425248146057 -11.5615217685699 -11.5828533172607 -11.6033504009247 -11.5676805973053 -11.553302526474 -11.516881942749 -11.4539611339569 -11.4118745326996 -11.350620508194 -11.2771990299225 -11.2047784328461 -11.1681914329529 -11.1767709255219 -11.1616840362549 -11.1445960998535 -11.0876758098602 -11.1104626655579 -11.0459580421448 -10.9831199645996 -10.9116158485413 -10.861944437027 -10.7942733764648 -10.7689354419708 -10.7439308166504 -10.6459257602692 -10.5925879478455 -10.6315832138062 -10.7044124603271 -10.7767579555511 -10.7554547786713 -10.8098180294037 -10.8321805000305 -10.8690438270569 -10.9064073562622 -10.894603729248 -10.8946335315704 -10.9523301124573 -11.1035258769989 -11.2287223339081 -11.2695858478546 -11.3098990917206 -11.3483283519745 -11.4017579555511 -11.4631876945496
-11.5020434856415 -11.4297018051147 -11.3905267715454 -11.3893520832062 -11.4430112838745 -11.4963362216949 -11.4936609268188 -11.4119865894318 -11.3594443798065 -11.3063676357269 -11.2872910499573 -11.3345477581024 -11.3208043575287 -11.3153944015503 -11.2636511325836 -11.1695740222931 -11.1733312606812 -11.2164211273193 -11.1906774044037 -11.1457674503326 -11.101847410202 -10.991250038147 -10.9431529045105 -10.8503892421722 -10.8536250591278 -10.834361076355 -10.8259305953979 -10.7651672363281 -10.6779029369354 -10.6179723739624 -10.6935420036316 -10.7479448318481 -10.7612371444702 -10.7712523937225 -10.7791013717651 -10.7747828960419 -10.780797958374 -10.8058135509491 -10.8229959011078 -10.8490109443665 -10.8800263404846 -11.0650413036346 -11.2747240066528 -11.3149056434631 -11.3160507678986 -11.3376593589783 -11.3949337005615 -11.4790418148041
-11.3468868732452 -11.2518737316132 -11.2128601074219 -11.2681798934937 -11.3485000133514 -11.3421530723572 -11.3083064556122 -11.2837927341461 -11.217586517334 -11.1020205020905 -11.0976207256317 -11.1645545959473 -11.1999883651733 -11.2240891456604 -11.268189907074 -11.2604568004608 -11.2213912010193 -11.1794917583466 -11.1592588424683 -11.146692276001 -11.1265647411346 -11.0148749351501 -10.9101848602295 -10.8231620788574 -10.7803053855896 -10.7862825393677 -10.8379256725311 -10.8349030017853 -10.8040463924408 -10.818856716156 -10.8655006885529 -10.8264770507812 -10.8287160396576 -10.7900500297546 -10.752384185791 -10.7610516548157 -10.7558856010437 -10.7663867473602 -10.7790546417236 -10.8493883609772 -10.9092226028442 -11.0645568370819 -11.2322244644165 -11.265725851059 -11.2265357971191 -11.2908227443695 -11.3887760639191 -11.4748964309692
-11.3940644264221 -11.2813787460327 -11.2533595561981 -11.2830076217651 -11.3113217353821 -11.317636013031 -11.2881178855896 -11.2295987606049 -11.224728345871 -11.1713392734528 -11.1516172885895 -11.1097283363342 -11.1361727714539 -11.1632838249207 -11.2402284145355 -11.3041729927063 -11.2689507007599 -11.2368955612183 -11.2401733398438 -11.2424511909485 -11.2224485874176 -11.1206669807434 -11.0202176570892 -10.9517683982849 -10.926319360733 -10.954537153244 -10.9390878677368 -10.8898057937622 -10.8413562774658 -10.8297407627106 -10.8134586811066 -10.8385095596313 -10.8565280437469 -10.8480138778687 -10.8698337078094 -10.9259877204895 -10.9524738788605 -10.9052932262421 -10.874279499054 -10.8730993270874 -10.8445861339569 -10.9950726032257 -11.2163922786713 -11.3240451812744 -11.3245210647583 -11.374153137207 -11.4249515533447 -11.54075050354
-11.4810743331909 -11.3985502719879 -11.3563594818115 -11.3330013751984 -11.3334770202637 -11.3854532241821 -11.3914287090302 -11.3575711250305 -11.3260359764099 -11.3029918670654 -11.2441136837006 -11.2297353744507 -11.2191905975342 -11.1991457939148 -11.2006006240845 -11.189222574234 -11.2165110111237 -11.2591326236725 -11.2805876731873 -11.2620429992676 -11.2341663837433 -11.1661250591278 -11.0995836257935 -11.0348751544952 -11.0025000572205 -11.0214581489563 -11.0227496623993 -10.9547083377838 -10.8956668376923 -10.8982915878296 -10.9199166297913 -10.9307086467743 -10.8603405952454 -10.8811459541321 -11.038117647171 -11.1627557277679 -11.2093944549561 -11.1883664131165 -11.1286716461182 -11.061977148056 -11.0206160545349 -11.0594203472137 -11.2435593605042 -11.4406981468201 -11.5273399353027 -11.5006504058838 -11.5252945423126 -11.6212718486786
-11.4582517147064 -11.406888961792 -11.3605258464813 -11.3573293685913 -11.3637998104095 -11.3667697906494 -11.359406709671 -11.3580439090729 -11.3138449192047 -11.3139774799347 -11.326776266098 -11.3435759544373 -11.2825412750244 -11.223840713501 -11.1261396408081 -11.0554385185242 -11.0660710334778 -11.0867035388947 -11.1155028343201 -11.1371350288391 -11.1833839416504 -11.192750453949 -11.1551160812378 -11.0673146247864 -10.9451804161072 -10.9607129096985 -10.9785785675049 -10.9549441337585 -10.9513101577759 -10.9920094013214 -11.006374835968 -10.9347410202026 -10.8869860172272 -10.9346096515656 -11.118400812149 -11.239358663559 -11.2439820766449 -11.207939863205 -11.2190639972687 -11.2290210723877 -11.1733124256134 -11.1864364147186 -11.3147268295288 -11.4696846008301 -11.5774910449982 -11.5811471939087 -11.6049702167511 -11.6237926483154
-11.3675961494446 -11.3532273769379 -11.2828586101532 -11.2399899959564 -11.2117879390717 -11.1519198417664 -11.1878848075867 -11.2456829547882 -11.2503199577332 -11.2634632587433 -11.2762727737427 -11.2817492485046 -11.2460587024689 -11.1675353050232 -11.0866785049438 -11.0294880867004 -10.9926309585571 -10.9492745399475 -10.9389173984528 -10.9483938217163 -11.005101442337 -11.0555417537689 -11.0649814605713 -11.0332543849945 -10.9828610420227 -10.9234671592712 -10.8939073085785 -10.8615140914917 -10.8674540519714 -10.8765604496002 -10.8720004558563 -10.8361067771912 -10.8634645938873 -10.9749073982239 -11.0920174121857 -11.137793302536 -11.1015696525574 -11.0670132637024 -11.1034557819366 -11.2098989486694 -11.2856755256653 -11.2921183109283 -11.3232281208038 -11.4295041561127 -11.5304763317108 -11.5526447296143 -11.5766458511353 -11.5951476097107
-11.1981055736542 -11.224898815155 -11.1253583431244 -11.0573172569275 -11.0346105098724 -11.0142362117767 -11.0320296287537 -11.0774886608124 -11.077629327774 -11.0756163597107 -11.1184365749359 -11.1647565364838 -11.1710765361786 -11.1470634937286 -11.0940501689911 -11.0633709430695 -11.0576915740967 -10.9910118579865 -10.95716547966 -10.917652130127 -10.9028193950653 -10.9294998645782 -10.9215137958527 -10.8970277309418 -10.9138751029968 -10.8830552101135 -10.8187358379364 -10.7802500724792 -10.7619307041168 -10.6319446563721 -10.6429584026337 -10.6161389350891 -10.7244436740875 -10.9093718528748 -11.0428009033203 -11.056229352951 -11.0123240947723 -10.9929194450378 -11.0255143642426 -11.1259431838989 -11.2492053508759 -11.2479667663574 -11.227728843689 -11.3434908390045 -11.4347949028015 -11.5103085041046 -11.559987783432 -11.6345009803772
-11.0827834606171 -11.1002371311188 -11.034857749939 -11.0859785079956 -11.0857660770416 -11.111720085144 -11.1118409633636 -11.0886282920837 -11.0879375934601 -11.0442683696747 -11.0990986824036 -11.1425964832306 -11.0980944633484 -10.991925239563 -10.9940896034241 -11.1049203872681 -11.1184179782867 -11.0897493362427 -11.054413318634 -10.9569108486176 -10.8978703022003 -10.8657915592194 -10.8390464782715 -10.8146340847015 -10.8267221450806 -10.8701434135437 -10.8098981380463 -10.8921525478363 -10.7469074726105 -10.69966173172 -10.7254166603088 -10.7458384037018 -10.6237559318542 -10.7993366718292 -10.9642503261566 -11.0454976558685 -11.0852448940277 -11.0774924755096 -10.9917402267456 -11.0634872913361 -11.1889011859894 -11.1874821186066 -11.2722299098969 -11.3651437759399 -11.4609467983246 -11.552472114563 -11.6686637401581 -11.7381892204285
-11.0197937488556 -11.1355755329132 -11.1381902694702 -11.1493060588837 -11.1910874843597 -11.2065365314484 -11.112818479538 -11.0329346656799 -11.0087461471558 -11.0275871753693 -11.089595079422 -11.0777702331543 -11.0136120319366 -10.98295378685 -10.9841282367706 -11.0204699039459 -11.005811214447 -11.0188202857971 -10.9906613826752 -10.9385030269623 -10.8584213256836 -10.8814163208008 -10.8584122657776 -10.7372407913208 -10.8854029178619 -10.9135646820068 -10.9637269973755 -10.9937224388123 -11.0305511951447 -10.9943795204163 -10.9310414791107 -10.8870375156403 -10.8954010009766 -10.9071338176727 -10.9765341281891 -11.078266620636 -11.1603331565857 -11.1150660514832 -11.0577983856201 -11.0843648910522 -11.1935977935791 -11.2068305015564 -11.2672307491302 -11.3721303939819 -11.4860985279083 -11.602302312851 -11.729339838028 -11.7253770828247
-11.0026376247406 -11.079080581665 -11.0811903476715 -11.1044669151306 -11.1227433681488 -11.1415197849274 -11.0727968215942 -10.9964065551758 -10.9573876857758 -10.9272396564484 -10.9820921421051 -11.0177772045135 -11.0306296348572 -11.0571479797363 -10.9958338737488 -10.889185667038 -10.8527047634125 -10.8767237663269 -10.9069092273712 -10.9365947246552 -10.9433054924011 -10.9638755321503 -10.9761111736298 -10.8033473491669 -10.9214165210724 -10.9993193149567 -11.0222220420837 -11.1137919425964 -11.2163608074188 -11.28009724617 -11.2461667060852 -11.1817362308502 -11.1213803291321 -11.0322654247284 -11.0353174209595 -11.1182022094727 -11.1574201583862 -11.1939725875854 -11.1693572998047 -11.1997425556183 -11.2416279315948 -11.3105127811432 -11.3360645771027 -11.3844492435455 -11.4719166755676 -11.5709662437439 -11.6795153617859 -11.6972315311432
-10.9946477413177 -11.1225852966309 -11.1765232086182 -11.2061276435852 -11.2120654582977 -11.1410031318665 -11.031608581543 -10.9682126045227 -10.916529417038 -10.8953921794891 -10.9159216880798 -10.9031181335449 -10.9678139686584 -10.9821767807007 -10.931539773941 -10.9905688762665 -11.0224323272705 -10.9984614849091 -10.9781577587128 -10.9693536758423 -10.9816901683807 -10.9694998264313 -10.9974768161774 -10.9214539527893 -10.9665975570679 -11.0259075164795 -11.1233842372894 -11.1598608493805 -11.2228379249573 -11.3623147010803 -11.3701255321503 -11.3139352798462 -11.2810258865356 -11.2663960456848 -11.2916004657745 -11.3106377124786 -11.3246750831604 -11.331378698349 -11.3030831813812 -11.2771201133728 -11.2806577682495 -11.3298616409302 -11.3853986263275 -11.4249360561371 -11.503901720047 -11.551629781723 -11.5908575057983 -11.6010856628418
-10.9299681186676 -11.106339931488 -11.1595451831818 -11.2022504806519 -11.1971216201782 -11.1334936618805 -11.0311989784241 -10.9659044742584 -10.9351298809052 -10.9268758296967 -10.9169552326202 -10.9318678379059 -10.9696142673492 -10.9873600006104 -11.0739393234253 -11.1843519210815 -11.2502644062042 -11.2223436832428 -11.1654236316681 -11.0983364582062 -11.0149440765381 -10.9572460651398 -10.9958808422089 -11.0255162715912 -11.0549848079681 -11.1161201000214 -11.2304224967957 -11.3382244110107 -11.376359462738 -11.4248280525208 -11.4802973270416 -11.4562659263611 -11.4064087867737 -11.3597254753113 -11.3360421657562 -11.3451929092407 -11.3686761856079 -11.2924933433533 -11.2128100395203 -11.1792933940887 -11.3291103839874 -11.466094493866 -11.5012443065643 -11.5268952846527 -11.5311121940613 -11.6205637454987 -11.6835150718689 -11.6783006191254
-10.8837661743164 -11.0553441047668 -11.0642557144165 -11.0530014038086 -11.0554130077362 -11.0483243465424 -11.0167362689972 -10.9479813575745 -10.924188375473 -10.9486906528473 -10.9758591651917 -11.025527715683 -11.0378630161285 -11.0353651046753 -11.0840337276459 -11.2640359401703 -11.3338713645935 -11.3268735408783 -11.2530422210693 -11.1487107276917 -11.0905675888062 -10.9907791614532 -11.0498239994049 -11.1155350208282 -11.1580803394318 -11.2114584445953 -11.3310034275055 -11.4060482978821 -11.4387595653534 -11.492137670517 -11.5490159988403 -11.5050609111786 -11.4218618869781 -11.3520863056183 -11.3079769611359 -11.3247010707855 -11.3057582378387 -11.2473154067993 -11.2633724212646 -11.2690961360931 -11.3831539154053 -11.6130442619324 -11.6761012077332 -11.5874924659729 -11.5213809013367 -11.5767681598663 -11.6199882030487 -11.6317090988159
-10.8877301216125 -10.9740152359009 -10.9311337471008 -10.9345853328705 -10.9295370578766 -10.9388220310211 -10.9186069965363 -10.8803923130035 -10.8912470340729 -10.950671672821 -11.0262629985809 -11.0486876964569 -11.007611989975 -10.984203338623 -11.109295129776 -11.2500531673431 -11.2921447753906 -11.2960686683655 -11.2516603469849 -11.204085111618 -11.1540246009827 -11.1569786071777 -11.0945999622345 -11.0750541687012 -11.140508890152 -11.2379634380341 -11.3325843811035 -11.3710384368896 -11.3901598453522 -11.4626138210297 -11.5325684547424 -11.5790228843689 -11.5681488513947 -11.4949467182159 -11.3737444877625 -11.3207087516785 -11.3673393726349 -11.4271368980408 -11.380101442337 -11.2855660915375 -11.3721966743469 -11.5771610736847 -11.6427919864655 -11.5574226379395 -11.5318164825439 -11.606139421463 -11.6567947864532 -11.6169512271881
-10.9013609886169 -10.9293527603149 -10.8845114707947 -10.8841695785522 -10.9004948139191 -10.8546526432037 -10.8011441230774 -10.8011360168457 -10.9248054027557 -11.0538191795349 -11.0733332633972 -11.0596807003021 -11.0193614959717 -11.0573751926422 -11.1297223567963 -11.207403421402 -11.2150838375092 -11.2174310684204 -11.1586120128632 -11.1152925491333 -11.1123151779175 -11.1240122318268 -11.0365426540375 -10.9589066505432 -11.0859375 -11.2276346683502 -11.3171651363373 -11.3795294761658 -11.4527261257172 -11.5470902919769 -11.6301207542419 -11.7101516723633 -11.7349359989166 -11.699640750885 -11.6473450660706 -11.596883058548 -11.630087852478 -11.6131258010864 -11.460330247879 -11.3622016906738 -11.3925731182098 -11.5932774543762 -11.7113161087036 -11.6840200424194 -11.6829187870026 -11.718843460083 -11.7017683982849 -11.6148602962494
