data/spatiotemp/temp4/bio17_norsw_test_2015_2018.asc
NCOLS 654 
NROWS 380 
XLLCORNER 3.91666666666667 
YLLCORNER 55.3333333333333 
CELLSIZE 0.0416666666666667 
NODATA_value -9999 
[rows 220 to 241 of 380, columns 50 to 99 of 654]
337.851703643799 337.000637054443 316.959537506104 331.706275939941 317.618915557861 331.182308197021 303.222591400146 307.293506622314 298.59326171875 297.30513381958 250.235530853271 244.442764282227 223.908061981201 243.561908721924 265.168601989746 267.487857818604 264.227310180664 275.071170806885 288.53303527832 259.820156097412 274.726970672607 275.857494354248 264.344917297363 280.653907775879 243.740894317627 254.928646087646 272.522354125977 239.773014068604 262.593776702881 225.401969909668 239.644550323486 243.958461761475 240.871894836426 230.947032928467 229.107334136963 225.061405181885 212.804985046387 203.783527374268 197.184864044189 190.004192352295 182.172271728516 176.208786010742 159.339797973633 132.70122718811 118.896318435669 133.154108047485 158.46236038208 165.088916778564 163.805694580078 158.468870162964
342.025287628174 318.73885345459 301.652954101562 292.950645446777 297.880462646484 249.660236358643 247.281204223633 239.085376739502 239.157962799072 236.36079788208 226.381977081299 223.28929901123 230.740711212158 237.34196472168 258.716724395752 251.516246795654 265.507556915283 279.373329162598 270.048622131348 239.235874176025 221.453144073486 209.881664276123 201.620471954346 194.568626403809 181.127950668335 220.209728240967 220.952938079834 230.27571105957 236.430866241455 211.540687561035 244.838611602783 250.490623474121 256.449417114258 255.601329803467 252.482032775879 245.170448303223 227.476745605469 246.826435089111 251.552249908447 240.381359100342 218.659427642822 202.471172332764 190.410247802734 156.767631530762 115.31311416626 118.978065490723 122.926546096802 113.964086532593 97.5481586456299 128.863136291504
305.401481628418 318.714424133301 316.8030128479 299.966049194336 293.919143676758 284.446514129639 293.535297393799 310.689296722412 330.125274658203 320.938159942627 308.428607940674 295.111427307129 262.107215881348 219.398731231689 205.286727905273 217.821796417236 200.511047363281 217.156841278076 227.916496276855 238.958114624023 272.145790100098 275.514793395996 277.880493164062 279.116966247559 225.763481140137 198.051025390625 177.414636611938 233.93302154541 212.824447631836 224.725925445557 216.365428924561 242.258346557617 250.640460968018 235.780025482178 232.624324798584 223.572593688965 218.368934631348 213.619884490967 207.681507110596 194.890823364258 198.903625488281 183.005645751953 152.406860351562 132.366849899292 114.443584442139 119.434028625488 129.155790328979 120.073579788208 89.0826082229614 89.9611339569092
270.33325958252 238.878677368164 290.421730041504 349.535957336426 295.615055084229 261.895122528076 268.283393859863 238.293346405029 270.15047454834 297.628265380859 291.480239868164 267.121185302734 218.15873336792 205.982765197754 201.195953369141 229.827049255371 261.804664611816 257.773933410645 205.956825256348 203.734561920166 229.551773071289 202.057910919189 248.171775817871 283.704578399658 288.073566436768 287.207271575928 260.383460998535 224.375114440918 251.873020172119 275.4026222229 256.14627456665 249.229732513428 259.229053497314 248.895812988281 254.04141998291 243.225646972656 259.395458221436 262.087215423584 244.096126556396 222.484638214111 208.216342926025 158.362213134766 156.714660644531 189.821865081787 194.363178253174 196.717601776123 187.794403076172 151.17248916626 168.969161987305 194.21603012085
362.675598144531 308.378929138184 215.890998840332 230.791110992432 289.771938323975 327.454528808594 337.66316986084 318.262119293213 269.595588684082 273.492694854736 232.494197845459 220.774707794189 210.637966156006 255.478828430176 286.594738006592 288.365879058838 297.195934295654 313.045169830322 271.121929168701 199.97571182251 296.317192077637 301.204620361328 229.079128265381 195.816905975342 248.086292266846 256.211978912354 261.554599761963 278.05179977417 260.862907409668 256.665878295898 267.322616577148 256.022605895996 250.04430770874 221.260791778564 243.668621063232 229.482315063477 214.544494628906 208.466278076172 190.319423675537 188.403503417969 157.592161178589 153.741662979126 199.563972473145 208.358173370361 190.45140838623 178.740676879883 172.77131652832 200.545265197754 224.662029266357 218.423526763916
425.692222595215 358.72155380249 246.472736358643 239.687114715576 192.631935119629 228.344879150391 278.97741317749 300.396919250488 303.428508758545 304.365097045898 308.021926879883 285.560123443604 285.261238098145 295.15482711792 301.982200622559 312.959720611572 312.834064483643 330.059078216553 295.13500213623 200.541172027588 279.003940582275 328.074584960938 274.857921600342 246.986190795898 222.193470001221 285.768859863281 289.825752258301 304.417461395264 302.938423156738 243.40327835083 255.680061340332 233.390369415283 252.123783111572 233.068111419678 213.848968505859 224.519882202148 217.729103088379 201.656372070312 193.070751190186 195.16593170166 193.732257843018 211.588886260986 207.705757141113 195.387889862061 213.238361358643 232.255344390869 223.916370391846 201.662551879883 187.334548950195 188.443717956543
421.762847900391 400.28343963623 386.829444885254 348.009407043457 335.564025878906 330.602157592773 309.912368774414 305.389526367188 230.665668487549 216.77356338501 262.196533203125 248.201732635498 237.161361694336 292.155616760254 270.790706634521 347.255306243896 356.855934143066 327.274642944336 236.654067993164 231.1881980896 309.102012634277 327.550407409668 291.185535430908 307.046424865723 260.004302978516 299.201763153076 300.538799285889 292.179878234863 291.116680145264 265.311515808105 243.502624511719 214.088821411133 180.442848205566 211.954006195068 219.235706329346 231.536285400391 229.471748352051 238.313690185547 219.549102783203 237.578685760498 247.44987487793 215.365215301514 205.097026824951 216.508605957031 228.381694793701 205.279075622559 195.150997161865 211.603214263916 229.263336181641 224.597610473633
393.976291656494 375.942649841309 366.182243347168 378.39722442627 383.729820251465 388.159317016602 383.073684692383 351.570240020752 282.063743591309 227.126918792725 317.156295776367 340.726722717285 261.213047027588 331.91678237915 296.129035949707 324.573387145996 348.446472167969 334.957096099854 280.176982879639 211.682605743408 271.446632385254 306.744911193848 323.872585296631 330.397308349609 330.137329101562 317.669345855713 290.316299438477 250.108142852783 226.924758911133 237.455532073975 223.882225036621 181.703943252563 213.447219848633 232.721530914307 232.897434234619 218.626468658447 206.528266906738 192.282848358154 212.501300811768 226.896926879883 213.955562591553 178.496646881104 189.221237182617 187.150074005127 180.696670532227 191.782428741455 190.24796295166 188.77462387085 181.606925964355 174.883735656738
386.231887817383 385.311939239502 398.633674621582 401.58740234375 394.126457214355 382.453426361084 383.48766708374 381.294727325439 328.79126739502 315.101905822754 265.882438659668 346.472610473633 302.026554107666 329.826240539551 320.618968963623 322.353401184082 330.102226257324 296.19412612915 314.618171691895 282.535087585449 300.411869049072 325.645072937012 328.189155578613 326.925788879395 316.724014282227 276.967163085938 237.800476074219 223.359275817871 216.071022033691 192.082548141479 170.547595977783 200.750465393066 236.666439056396 231.471672058105 242.556091308594 227.473472595215 202.065464019775 174.696784973145 203.073799133301 203.972869873047 206.199474334717 188.091121673584 155.524078369141 185.060283660889 192.925445556641 192.694129943848 177.703929901123 154.213844299316 142.771076202393 139.551630020142
381.640399932861 382.738170623779 383.707359313965 384.673652648926 385.491355895996 376.008209228516 366.606983184814 356.997638702393 353.456596374512 346.905639648438 308.51810836792 293.533531188965 272.020984649658 292.610992431641 285.387912750244 272.065803527832 282.937004089355 267.050559997559 304.544464111328 339.006980895996 336.459487915039 322.057041168213 295.585071563721 267.836421966553 286.262077331543 271.776748657227 248.545795440674 248.928276062012 235.411136627197 214.85026550293 171.112380981445 186.868202209473 212.769630432129 238.276966094971 241.370594024658 235.055274963379 207.832702636719 182.136051177979 157.84321975708 174.139793395996 213.399047851562 183.308540344238 154.585834503174 210.769969940186 193.662349700928 173.012672424316 169.671535491943 172.467311859131 165.34853553772 187.226150512695
419.498657226562 394.021896362305 393.040657043457 397.273979187012 389.750183105469 354.511444091797 348.946502685547 330.960426330566 303.772506713867 288.382919311523 281.958473205566 275.635108947754 306.378276824951 328.111812591553 331.382141113281 304.266960144043 330.841644287109 312.975608825684 335.069297790527 330.351680755615 269.231754302979 244.379199981689 260.647644042969 228.906463623047 270.939010620117 280.108825683594 234.947090148926 231.992031097412 257.403438568115 220.634742736816 173.834884643555 190.277402877808 241.007122039795 211.301807403564 214.210090637207 217.245952606201 183.63756942749 164.954402923584 151.897529602051 155.129230499268 174.123901367188 131.164651870728 134.572877883911 165.298496246338 162.954734802246 178.988975524902 179.313846588135 182.732074737549 175.561183929443 196.828636169434
350.960628509521 364.884189605713 384.829605102539 335.44673538208 318.353580474854 292.505104064941 300.598583221436 300.224575042725 298.717803955078 322.147151947021 321.138263702393 318.320346832275 309.832160949707 283.449436187744 295.189834594727 308.279365539551 334.318538665771 338.500762939453 331.389003753662 318.925308227539 292.327205657959 283.13191986084 245.069309234619 221.766014099121 274.763328552246 269.666854858398 236.522132873535 209.569122314453 237.452709197998 217.780933380127 170.898765563965 198.103122711182 189.111953735352 196.950187683105 182.837121963501 190.022243499756 188.039497375488 164.733402252197 123.563888549805 156.317197799683 119.463087081909 149.686006546021 179.830379486084 172.362968444824 185.361427307129 210.654941558838 198.57096862793 182.422435760498 163.963676452637 190.730480194092
340.936988830566 325.458450317383 341.214836120605 345.61722946167 375.049583435059 368.689758300781 360.176780700684 367.425807952881 361.733699798584 363.950351715088 361.896148681641 361.326957702637 364.777969360352 333.545707702637 323.092842102051 319.630313873291 316.331165313721 255.679069519043 283.172847747803 270.650489807129 262.341121673584 291.649211883545 261.447750091553 236.086860656738 215.603038787842 232.740116119385 264.136787414551 222.797252655029 188.170301437378 183.606237411499 179.817260742188 205.98902130127 207.947666168213 186.378704071045 148.215847015381 180.039768218994 165.253602981567 123.408924102783 131.97039604187 133.970127105713 138.533390045166 163.627552032471 165.552932739258 188.386512756348 208.651123046875 215.844966888428 193.813175201416 147.662433624268 139.214826583862 150.928375244141
314.392097473145 341.968502044678 362.891124725342 366.875980377197 386.242782592773 391.353057861328 380.76042175293 368.953197479248 345.27269744873 339.700187683105 332.334781646729 327.45556640625 330.586158752441 335.31127166748 324.961471557617 307.091579437256 290.345737457275 233.162544250488 220.105331420898 246.025081634521 292.966022491455 282.440063476562 263.892154693604 256.841781616211 248.359100341797 203.801063537598 211.233570098877 244.909397125244 197.420288085938 167.094253540039 168.041362762451 188.850442886353 195.093448638916 183.567953109741 137.124675750732 123.037448883057 143.609546661377 177.014919281006 201.197154998779 197.644222259521 188.825466156006 186.408508300781 224.287677764893 209.768531799316 200.61153793335 186.648296356201 173.474132537842 124.690946578979 157.856986999512 166.369560241699
414.918453216553 384.387565612793 384.144630432129 355.04704284668 361.792610168457 336.456348419189 328.888793945312 340.832759857178 341.87691116333 341.963512420654 345.441837310791 346.225120544434 346.687641143799 317.428314208984 317.543407440186 302.923690795898 262.945026397705 210.666320800781 247.889839172363 282.231113433838 283.476139068604 277.067142486572 277.30810546875 257.476070404053 246.97290802002 201.691082000732 205.877052307129 233.972980499268 203.003093719482 178.137062072754 150.823068618774 154.803047180176 153.148155212402 140.332637786865 139.7958984375 165.722370147705 196.072662353516 194.884872436523 199.779510498047 199.039360046387 168.382171630859 165.975807189941 178.054260253906 170.419097900391 184.525363922119 160.162956237793 123.490995407104 122.395278930664 166.685497283936 184.978382110596
420.003616333008 394.931438446045 340.583423614502 321.527137756348 345.070213317871 351.420501708984 361.839351654053 351.02379989624 349.993698120117 341.645538330078 335.202777862549 332.867160797119 308.718528747559 277.093894958496 329.59460067749 286.760597229004 264.316802978516 209.240711212158 276.544403076172 298.789978027344 265.615936279297 236.33324432373 263.354644775391 243.570053100586 224.579475402832 194.15404510498 188.72679901123 213.048473358154 197.283699035645 170.0784740448 156.325983047485 159.65419960022 126.036359786987 138.525409698486 173.255519866943 186.332485198975 185.388210296631 187.022716522217 191.039581298828 193.683322906494 168.90625 141.513336181641 150.86794090271 162.962474822998 126.485595703125 115.719755172729 128.146392822266 139.417997360229 153.309139251709 172.649852752686
363.648639678955 372.116725921631 389.774188995361 374.12621307373 348.077953338623 350.762752532959 355.033489227295 358.430015563965 341.326377868652 343.619892120361 336.023544311523 337.810787200928 315.789268493652 236.925247192383 315.275932312012 257.885795593262 237.773590087891 261.937831878662 307.803356170654 291.33366394043 274.462741851807 252.606349945068 229.181842803955 211.660263061523 225.10969543457 205.297870635986 173.808498382568 170.126197814941 163.534652709961 154.855459213257 146.571376800537 139.303762435913 163.741752624512 171.853736877441 180.911815643311 194.447326660156 197.301586151123 186.072807312012 180.841232299805 154.836273193359 143.467960357666 129.490489959717 110.386127471924 108.18424987793 114.806451797485 145.690872192383 170.404624938965 169.710655212402 173.578979492188 174.189939498901
427.275756835938 418.521385192871 407.383499145508 401.16650390625 382.684562683105 378.545700073242 371.933876037598 367.601028442383 367.538959503174 355.892757415771 346.185028076172 281.673698425293 240.760192871094 239.841835021973 253.923343658447 242.468551635742 287.596706390381 284.757568359375 288.526683807373 277.141273498535 254.18909072876 248.63737487793 230.882259368896 206.788681030273 201.309406280518 212.097507476807 191.06795501709 153.500793457031 168.405939102173 188.246561050415 172.845039367676 155.304449081421 144.119829177856 157.497808456421 190.813737869263 185.450733184814 183.065368652344 156.374757766724 167.792873382568 135.488739013672 162.025463104248 114.282054901123 115.664531707764 162.604030609131 164.355663299561 162.54737663269 152.932788848877 151.064109802246 149.544828414917 154.908338546753
412.166355133057 359.278125762939 373.865337371826 378.186534881592 382.862449645996 368.754512786865 366.601974487305 363.403217315674 364.56067276001 359.164169311523 332.346572875977 261.439517974854 247.644226074219 177.322847366333 251.621692657471 268.37474822998 290.583061218262 262.372882843018 258.159461975098 250.523490905762 229.546752929688 232.718723297119 215.734642028809 202.033966064453 189.142875671387 172.484554290771 147.099609375 168.984701156616 175.068502426147 176.104759216309 185.033432006836 165.093635559082 117.149549484253 156.293207168579 170.393615722656 151.704093933105 140.010786056519 134.195785522461 133.065252304077 107.694505691528 119.606042861938 139.934459686279 171.361192703247 171.361471176147 187.874313354492 184.588790893555 180.305494308472 169.356582641602 165.136865615845 157.214935302734
379.885414123535 348.739360809326 377.709766387939 391.513240814209 349.70512008667 338.623115539551 366.768047332764 346.226886749268 355.196178436279 347.802295684814 330.422351837158 290.964912414551 203.768646240234 -9999 -9999 155.061305999756 207.779005050659 207.204969406128 206.402820587158 192.378810882568 182.116552352905 222.723285675049 228.906787872314 205.850868225098 161.026794433594 173.975385665894 189.860776901245 175.304235458374 142.913673400879 134.677017211914 148.86568069458 151.821495056152 131.694690704346 113.61915397644 130.474910736084 132.532772064209 125.037281036377 136.815523147583 120.791763305664 125.059652328491 179.791282653809 193.288654327393 191.700454711914 192.939888000488 192.159736633301 198.199638366699 186.031421661377 168.955890655518 136.367752075195 140.167861938477
346.648029327393 318.57487487793 337.378067016602 328.478256225586 244.60046005249 287.805374145508 283.030490875244 303.695022583008 312.205585479736 320.809982299805 310.854965209961 269.968055725098 210.143165588379 -9999 198.522287368774 212.879817962646 221.04976272583 185.440616607666 192.709392547607 201.238571166992 174.970491409302 141.476675033569 162.269847869873 169.197376251221 184.111663818359 188.289396286011 175.503551483154 150.439096450806 122.918804168701 145.862937927246 138.241189956665 115.338272094727 110.117301940918 127.214302062988 159.24927520752 172.248655319214 176.499588012695 189.908996582031 188.356395721436 171.680126190186 176.876930236816 173.454650878906 174.714870452881 179.003576278687 171.176666259766 175.162382125854 173.573226928711 146.679401397705 135.497730255127 151.066766738892
369.796436309814 344.778438568115 306.329944610596 330.496025085449 323.628967285156 302.708946228027 264.275417327881 199.950805664062 232.831687927246 219.730926513672 208.641738891602 171.305433273315 225.384010314941 185.801950454712 233.574668884277 269.515357971191 274.774291992188 255.734916687012 230.078868865967 281.014240264893 206.952844619751 138.941673278809 154.673835754395 155.544834136963 152.86954498291 155.918380737305 157.493186950684 175.348827362061 199.75742149353 218.726642608643 201.373954772949 154.629997253418 184.943155288696 135.27720451355 133.372835159302 128.013668060303 136.260459899902 179.70325088501 203.011360168457 193.020961761475 202.986427307129 192.759979248047 179.273557662964 179.567142486572 139.455993652344 168.67839050293 183.574810028076 157.012889862061 134.290660858154 161.326654434204
