data/spatiotemp/temp4/bio16_norsw_test_2015_2018.asc
NCOLS 654 
NROWS 380 
XLLCORNER 3.91666666666667 
YLLCORNER 55.3333333333333 
CELLSIZE 0.0416666666666667 
NODATA_value -9999 
[rows 88 to 109 of 380, columns 500 to 549 of 654]
245.318431854248 245.304462432861 245.35013961792 245.395824432373 247.855434417725 247.901672363281 247.947929382324 251.624141693115 251.671020507812 251.778125762939 250.550220489502 254.229541778564 253.064601898193 251.891014099121 253.168594360352 252.025428771973 249.948436737061 250.10913848877 247.720664978027 247.785938262939 245.699699401855 245.763137817383 245.983589172363 247.64022064209 245.263740539551 246.180068969727 246.277393341064 243.941017150879 242.885158538818 242.469249725342 240.436305999756 238.369762420654 238.160354614258 237.105014801025 237.005546569824 238.115367889404 238.305572509766 237.02124786377 235.903366088867 233.335674285889 231.074871063232 229.288509368896 229.669178009033 228.25239944458 228.122203826904 224.859104156494 224.426433563232 224.297962188721 225.195682525635 225.401565551758
242.91508102417 245.313873291016 245.361072540283 246.682704925537 246.73002243042 248.052055358887 249.317222595215 250.519897460938 250.580760955811 250.528316497803 251.85209274292 250.625099182129 251.816699981689 251.897830963135 253.101932525635 253.528999328613 252.0705909729 248.464820861816 249.735832214355 248.883834838867 249.299602508545 248.172756195068 247.091327667236 248.951393127441 249.546985626221 251.306446075439 250.241641998291 247.385662078857 246.017528533936 242.968547821045 239.916347503662 241.01607131958 239.648426055908 238.758602142334 238.512966156006 236.930770874023 235.884948730469 235.95671081543 235.812644958496 233.24108505249 231.953128814697 231.346969604492 228.570556640625 228.94356918335 226.383281707764 227.383354187012 225.595249176025 227.607543945312 227.490768432617 226.049095153809
243.274230957031 243.334880828857 243.395534515381 245.57458114624 246.91077041626 249.389640808105 250.471893310547 251.664791107178 250.719173431396 252.909194946289 255.38627243042 255.449733734131 254.331798553467 253.114799499512 254.412666320801 253.244995117188 252.048530578613 253.40299987793 253.369354248047 251.344120025635 249.935432434082 249.709930419922 248.287483215332 246.187366485596 246.587642669678 246.710983276367 244.321960449219 244.920841217041 242.87633895874 243.25577545166 242.582500457764 240.653861999512 240.731845855713 237.365528106689 238.461029052734 238.538673400879 239.020656585693 238.733909606934 234.616981506348 234.983013153076 232.665218353271 231.239582061768 228.927059173584 227.802742004395 226.556297302246 226.108982086182 225.960819244385 225.001445770264 225.395439147949 225.607452392578
244.886291503906 244.948852539062 244.498016357422 245.073989868164 247.254997253418 249.737228393555 249.893859863281 253.429691314697 253.494606018066 254.318561553955 256.618625640869 255.602146148682 255.681331634521 255.739963531494 254.793071746826 252.431060791016 251.300163269043 252.509605407715 252.404655456543 251.290351867676 248.218681335449 249.239906311035 248.330268859863 247.230518341064 248.779205322266 249.563423156738 245.485660552979 243.957874298096 242.204486846924 242.272579193115 243.832576751709 241.778694152832 242.816604614258 241.915603637695 244.797744750977 245.392356872559 242.92106628418 242.455589294434 241.137241363525 238.850421905518 236.395500183105 234.565677642822 230.971229553223 229.789817810059 227.518283843994 225.973430633545 224.796173095703 224.342174530029 223.252338409424 223.979911804199
245.987087249756 246.050971984863 245.273586273193 245.962844848633 249.420574188232 250.629287719727 251.83911895752 253.050071716309 255.259620666504 255.313865661621 254.395023345947 255.738628387451 255.813270568848 254.860683441162 254.930152893066 252.838771820068 253.515663146973 253.565567016602 251.978618621826 250.237434387207 250.68839263916 251.455589294434 250.597648620605 249.68643951416 250.257419586182 248.763767242432 246.80936050415 245.713939666748 244.023155212402 245.102508544922 244.831233978271 243.047149658203 242.775268554688 241.68049621582 243.091369628906 247.120269775391 245.797618865967 242.675262451172 242.370346069336 239.052700042725 237.853385925293 238.200607299805 233.954425811768 230.977787017822 229.372970581055 228.237289428711 225.678016662598 225.528167724609 225.923267364502 226.608493804932
244.516273498535 244.581577301025 244.64688873291 244.7121925354 247.822105407715 249.033782958984 251.302871704102 253.710166931152 253.94758605957 258.616352081299 255.814929962158 257.032188415527 259.069873809814 257.665504455566 257.187274932861 256.215496063232 255.588348388672 252.641929626465 252.199306488037 253.251468658447 254.306106567383 255.214149475098 253.037178039551 251.703998565674 251.538105010986 249.413902282715 247.288562774658 245.223361968994 245.273937225342 245.030620574951 242.964248657227 243.839309692383 242.733936309814 243.608413696289 244.684642791748 246.585838317871 245.070327758789 244.589389801025 241.258605957031 237.112716674805 236.92858505249 235.452499389648 235.501884460449 232.626712799072 229.025043487549 228.845695495605 225.755550384521 225.36833190918 225.579399108887 226.62548828125
244.08118057251 243.175895690918 244.737678527832 247.225723266602 248.439296722412 250.624355316162 253.737712860107 254.955432891846 256.302223205566 256.372180938721 257.592739105225 258.284931182861 260.602298736572 261.318492889404 260.827541351318 258.748386383057 256.623500823975 256.661647796631 256.076412200928 255.581954956055 254.462955474854 255.843101501465 251.503723144531 251.541305541992 249.466884613037 247.815235137939 247.660804748535 246.249900817871 246.290168762207 245.840454101562 246.904956817627 245.788131713867 247.680068969727 248.255451202393 246.84981918335 245.930904388428 244.988670349121 243.353713989258 240.278430938721 236.905139923096 235.261383056641 233.929244995117 232.311088562012 231.1015625 229.959865570068 230.917087554932 230.622863769531 229.489940643311 229.52853012085 227.184375762939
244.715740203857 245.868000030518 245.404193878174 247.893569946289 250.077301025391 252.570335388184 255.907043457031 257.128639221191 259.62788772583 256.481105804443 257.653255462646 259.844200134277 262.338584899902 262.391357421875 262.444149017334 262.496921539307 262.549709320068 260.160800933838 256.937896728516 256.453125 253.260112762451 250.981746673584 250.538143157959 248.879428863525 248.496784210205 250.790943145752 251.355571746826 247.418170928955 247.310451507568 247.875427246094 250.506942749023 250.527172088623 248.766742706299 246.744762420654 245.615299224854 244.687145233154 244.896133422852 243.266334533691 239.408721923828 235.801700592041 236.650798797607 236.043956756592 233.16007232666 232.982345581055 233.222259521484 232.113464355469 230.663471221924 231.808876037598 232.387752532959 233.771141052246
246.876884460449 248.575065612793 248.662685394287 249.900913238525 252.141975402832 251.695377349854 252.938377380371 255.337059020996 257.395904541016 260.47993850708 260.036590576172 260.327564239502 262.403728485107 264.577407836914 267.071933746338 265.969947814941 267.522079467773 266.294124603271 260.400749206543 257.166610717773 255.09415435791 255.616409301758 252.525512695312 250.092090606689 250.949844360352 248.638801574707 249.67813873291 249.693428039551 250.910060882568 250.513927459717 250.536052703857 249.385482788086 248.101718902588 245.999038696289 244.176029205322 244.729579925537 243.487083435059 241.195365905762 238.296031951904 237.832927703857 236.084495544434 235.908668518066 233.631740570068 233.457759857178 234.933067321777 234.784610748291 235.161273956299 234.058406829834 233.935554504395 231.585987091064
249.389179229736 250.623924255371 251.12914276123 251.404808044434 251.659923553467 253.191612243652 254.434478759766 256.68367767334 258.221683502197 259.470989227295 261.817302703857 262.779273986816 265.309368133545 267.473964691162 266.27746963501 266.86882019043 266.997131347656 265.592014312744 261.344638824463 260.63399887085 257.256553649902 257.98913192749 256.869174957275 256.913581848145 253.800533294678 251.402561187744 251.80895614624 251.406406402588 249.957450866699 249.083889007568 249.341426849365 251.106540679932 249.944271087646 245.997360229492 242.653251647949 242.941593170166 240.459957122803 239.414085388184 237.261920928955 235.650844573975 236.015975952148 234.694236755371 233.57498550415 233.406005859375 234.97546005249 233.690124511719 234.077281951904 233.936298370361 234.956321716309 235.56859588623
247.917007446289 251.108257293701 253.343162536621 254.86890411377 253.705738067627 253.531295776367 256.935878753662 259.136932373047 261.39041519165 262.3821144104 264.642360687256 268.405704498291 266.803997039795 268.68189239502 270.032741546631 269.465740203857 268.063884735107 265.098140716553 262.41482925415 261.731758117676 260.61323928833 260.229644775391 257.541385650635 254.023448944092 253.015815734863 250.89436340332 251.42894744873 250.251983642578 249.955738067627 249.324718475342 250.594268798828 248.474296569824 251.117446899414 246.554218292236 243.876472473145 241.951240539551 241.877143859863 239.632064819336 239.495346069336 236.717803955078 237.120628356934 236.985687255859 235.615970611572 236.715801239014 234.668491363525 232.436580657959 233.605205535889 232.892177581787 234.076629638672 236.587757110596
247.026718139648 249.500877380371 250.57804107666 254.927082061768 254.05196762085 255.74439239502 258.14818572998 258.518718719482 261.724067687988 263.129856109619 267.349422454834 269.900947570801 268.961902618408 270.312503814697 270.080383300781 269.231018066406 269.284282684326 265.038246154785 260.239765167236 260.35046005249 261.607585906982 259.545852661133 258.141178131104 253.049980163574 254.644973754883 254.623874664307 253.434310913086 251.304397583008 251.831340789795 251.190551757812 252.731986999512 250.603118896484 252.424125671387 249.000011444092 245.354740142822 244.391605377197 242.048904418945 240.723819732666 239.617835998535 237.354267120361 236.59317779541 237.003589630127 237.411334991455 235.980770111084 235.8508644104 234.161739349365 235.17749786377 236.350254058838 235.456569671631 233.881134033203
248.437496185303 249.671180725098 250.90731048584 250.918579101562 252.548679351807 254.791477203369 257.322898864746 260.963970184326 265.888031005859 270.54471206665 271.798866271973 272.851013183594 269.744857788086 270.355758666992 268.225574493408 266.825580596924 266.879627227783 265.37580871582 261.22970199585 260.111141204834 259.262104034424 258.142738342285 256.760452270508 256.827217102051 257.634189605713 257.879138946533 257.456413269043 255.742282867432 253.371131896973 251.232318878174 252.140441894531 251.17057800293 249.972568511963 248.422679901123 246.053779602051 243.208423614502 241.834831237793 241.846012115479 239.485218048096 238.422256469727 235.842140197754 236.25931930542 236.136363983154 237.315872192383 237.728412628174 236.130737304688 235.235774993896 235.642105102539 235.525772094727 235.418827056885
251.156761169434 252.849216461182 253.982418060303 253.496047973633 254.960361480713 258.193603515625 258.878353118896 261.294578552246 264.782600402832 269.089214324951 272.456737518311 274.727310180664 273.214244842529 268.459102630615 264.298694610596 265.930606842041 264.813694000244 262.241619110107 259.16535949707 259.540111541748 260.151203155518 262.167591094971 262.778667449951 257.828945159912 256.100437164307 253.941429138184 258.080364227295 259.886421203613 258.548194885254 252.444812774658 250.488433837891 249.277057647705 245.379981994629 246.540271759033 244.395908355713 241.963050842285 242.409824371338 240.544631958008 239.48014831543 238.427589416504 237.180446624756 238.737125396729 241.252174377441 241.132244110107 237.618427276611 238.972019195557 240.533828735352 239.100444793701 236.209243774414 236.629959106445
258.331188201904 254.895133972168 254.015308380127 255.508453369141 257.573745727539 259.29723739624 262.554317474365 263.233940124512 263.758682250977 269.135410308838 272.577423095703 276.630275726318 275.860984802246 271.618675231934 268.029125213623 264.238758087158 261.945308685303 262.565963745117 260.145626068115 259.587032318115 260.670463562012 260.016464233398 257.607532501221 257.182621002197 256.003154754639 257.672672271729 259.096878051758 258.100509643555 256.874378204346 252.248374938965 250.039627075195 248.805656433105 247.523986816406 244.097057342529 242.854705810547 245.822090148926 245.740898132324 243.529766082764 242.119159698486 242.007785797119 243.742240905762 243.630405426025 240.123676300049 242.101936340332 239.749134063721 240.172222137451 241.364585876465 239.167343139648 235.664180755615 236.698551177979
258.486248016357 259.713031768799 252.298217773438 257.039604187012 263.670116424561 264.572078704834 268.756561279297 271.884887695312 270.794200897217 267.73295211792 266.405654907227 268.49796295166 270.423145294189 268.639686584473 266.349048614502 265.80407333374 262.270526885986 261.873397827148 262.708099365234 260.660255432129 259.693321228027 257.395092010498 255.398971557617 255.463878631592 254.399208068848 254.883026123047 255.27965927124 256.98705291748 254.452964782715 253.122570037842 250.943054199219 250.867382049561 252.657485961914 247.470985412598 244.278209686279 244.211547851562 244.652332305908 248.262561798096 248.154758453369 244.731990814209 242.482280731201 242.347633361816 241.865600585938 242.67569732666 241.637420654297 239.838214874268 238.802654266357 237.548480987549 235.198986053467 235.08683013916
252.583930969238 253.691356658936 252.462940216064 260.603706359863 263.124443054199 267.878269195557 272.060413360596 268.98770904541 271.410346984863 272.660850524902 273.66300201416 269.184513092041 267.146751403809 265.576320648193 264.463954925537 260.51053237915 261.423011779785 261.23649597168 261.873748779297 260.193431854248 257.769737243652 256.192977905273 256.724231719971 257.102027893066 255.91329574585 255.38988494873 253.176410675049 253.093688964844 253.571479797363 252.311534881592 248.808353424072 247.799865722656 250.195865631104 248.02428817749 244.837539672852 242.10368347168 245.192657470703 245.508026123047 245.355117797852 248.704654693604 246.501071929932 242.441654205322 242.877040863037 238.822284698486 238.713596343994 239.886222839355 238.860824584961 240.452659606934 238.657382965088 238.542232513428
251.488521575928 255.887897491455 259.063533782959 258.285343170166 259.512355804443 266.732307434082 270.573009490967 270.180095672607 272.602146148682 272.66809463501 275.104476928711 273.408004760742 270.075828552246 267.585948944092 266.017318725586 260.648906707764 258.687965393066 259.605834960938 258.032608032227 258.692111968994 257.580230712891 256.185527801514 256.25602722168 254.680164337158 255.233287811279 255.134429931641 253.417652130127 249.370529174805 251.149181365967 249.888687133789 248.865482330322 248.566261291504 248.49015045166 246.874492645264 243.669830322266 242.652057647705 240.506870269775 240.916061401367 242.405944824219 242.742435455322 242.639060974121 242.535678863525 242.290306091309 242.74382019043 242.650867462158 239.934238433838 237.607189178467 238.828769683838 239.262741088867 240.83073425293
258.110580444336 260.932403564453 262.902206420898 263.854270935059 264.223087310791 266.018882751465 268.269264221191 269.400547027588 274.262622833252 274.595520019531 272.063076019287 269.775543212891 271.148464202881 266.046546936035 266.238189697266 263.086330413818 257.980026245117 259.934314727783 260.000549316406 258.881771087646 258.488708496094 256.185508728027 254.606693267822 256.16397857666 254.960704803467 252.346939086914 253.484909057617 252.181785583496 253.31270980835 252.611965179443 248.657161712646 246.827472686768 246.367767333984 246.266624450684 244.77970123291 241.171714782715 238.559978485107 238.976615905762 243.225650787354 242.936073303223 240.182270050049 244.569755554199 244.358200073242 243.480712890625 241.164806365967 239.768741607666 240.613586425781 240.526836395264 239.242450714111 242.919616699219
254.719665527344 258.729560852051 261.219173431396 263.048606872559 266.814929962158 266.623336791992 267.577430725098 267.624877929688 271.405494689941 271.893653869629 268.939575195312 266.857559204102 268.981254577637 264.180778503418 263.859630584717 260.132076263428 260.687622070312 260.865882873535 259.73579788208 258.606170654297 259.122611999512 256.615589141846 255.485939025879 254.356742858887 251.261604309082 252.589778900146 253.408489227295 250.907791137695 253.460674285889 250.136096954346 248.058753967285 245.862564086914 246.882106781006 244.012832641602 242.056221008301 240.645965576172 240.562450408936 240.472938537598 242.058223724365 241.96794128418 240.604930877686 242.337677001953 241.122821807861 241.5774269104 241.48327255249 241.048942565918 237.556838989258 237.465026855469 240.374084472656 239.725524902344
253.445030212402 255.58890914917 259.582485198975 262.720180511475 264.524436950684 266.54080581665 268.596862792969 270.733665466309 270.860759735107 269.085750579834 266.258934020996 270.332580566406 269.968830108643 265.434814453125 264.592765808105 263.990642547607 261.010875701904 258.814086914062 256.356414794922 258.525421142578 255.125663757324 253.70817565918 252.110637664795 250.0520362854 248.709213256836 247.491542816162 248.25271987915 248.553985595703 249.486034393311 249.388488769531 246.759094238281 243.890235900879 244.767784118652 244.300277709961 241.569221496582 239.402938842773 240.80158996582 241.47314453125 242.367805480957 242.839813232422 242.755779266357 241.75267791748 242.218029022217 241.00798034668 239.227344512939 237.640434265137 237.475933074951 239.09986114502 240.323532104492 241.140998840332
253.920440673828 259.725677490234 264.364601135254 265.230133056641 266.522567749023 268.531414031982 271.366241455078 271.043781280518 269.776634216309 269.538150787354 268.823257446289 269.780990600586 270.746269226074 268.64981842041 265.656646728516 262.224472045898 263.533744812012 261.629734039307 260.122234344482 256.666297912598 253.821285247803 254.1721534729 257.248489379883 252.999591827393 248.279468536377 248.185718536377 246.718399047852 246.016967773438 245.922317504883 246.397197723389 244.816734313965 243.546123504639 241.970355987549 240.561721801758 241.655281066895 240.811305999756 240.735549926758 242.947761535645 242.869720458984 242.985580444336 242.713649749756 240.359142303467 240.832500457764 238.710933685303 239.178184509277 239.946311950684 239.879722595215 240.088626861572 239.879489898682 237.709857940674
