data/spatiotemp/temp4/bio19_norsw_test_2015_2018.asc
NCOLS 654 
NROWS 380 
XLLCORNER 3.91666666666667 
YLLCORNER 55.3333333333333 
CELLSIZE 0.0416666666666667 
NODATA_value -9999 
[rows 330 to 351 of 380, columns 400 to 449 of 654]
-9999 -9999 -9999 -9999 -9999 -9999 -9999 -9999 -9999 -9999 -9999 -9999 -9999 -9999 -9999 -9999 -9999 -9999 -9999 -9999 -9999 -9999 134.607213973999 132.806289672852 133.098976135254 131.417591094971 130.530797958374 127.568838119507 126.85466003418 125.732353210449 124.164484024048 122.14817237854 120.072360992432 118.115791320801 111.825899124146 116.043632507324 110.913249969482 109.512470245361 109.769676208496 109.43782043457 112.411489486694 113.437608718872 111.044769287109 111.184421539307 110.982585906982 111.73090171814 111.532108306885 111.674953460693 112.8112449646 112.32989692688
-9999 -9999 -9999 -9999 -9999 -9999 -9999 -9999 -9999 -9999 -9999 -9999 -9999 -9999 -9999 -9999 -9999 -9999 -9999 -9999 -9999 136.758750915527 136.027782440186 136.839908599854 134.005144119263 133.112022399902 131.286666870117 129.326431274414 127.470127105713 125.59868812561 123.661947250366 122.103288650513 120.604398727417 116.771074295044 115.381885528564 116.989894866943 116.048715591431 111.751502990723 111.429122924805 114.005653381348 113.519605636597 113.03959274292 111.991937637329 108.213088989258 110.039768218994 111.797031402588 111.607524871826 110.064012527466 111.292011260986 111.098260879517
-9999 -9999 -9999 -9999 -9999 -9999 -9999 -9999 -9999 -9999 -9999 -9999 -9999 -9999 -9999 -9999 -9999 -9999 -9999 -9999 132.024133682251 137.182239532471 136.44202041626 136.919290542603 136.017999649048 134.876941680908 132.971096038818 130.442039489746 127.525150299072 125.802257537842 125.702533721924 124.342262268066 122.02138710022 120.471082687378 119.986225128174 118.049942016602 116.497785568237 116.013231277466 114.965641021729 114.480926513672 113.557024002075 112.015062332153 110.540824890137 111.577507019043 111.103466033936 111.580945968628 112.169158935547 112.202013015747 112.234861373901 111.75590133667
-9999 -9999 -9999 -9999 -9999 -9999 -9999 -9999 -9999 -9999 -9999 -9999 -9999 -9999 -9999 -9999 -9999 -9999 -9999 -9999 132.322717666626 138.6897315979 137.628210067749 136.86022567749 136.08918762207 134.940925598145 134.030723571777 131.191469192505 129.280397415161 128.491907119751 126.778388977051 126.126960754395 124.472881317139 122.755472183228 121.990236282349 118.997119903564 117.453733444214 116.977708816528 116.054399490356 113.340278625488 111.530918121338 110.982439041138 110.42954826355 110.644542694092 109.737150192261 111.226959228516 112.270318984985 113.838150024414 115.321353912354 114.922967910767
-9999 -9999 -9999 -9999 -9999 -9999 -9999 -9999 -9999 -9999 -9999 -9999 -9999 -9999 -9999 -9999 -9999 -9999 -9999 -9999 138.827714920044 139.950496673584 137.790390014648 137.022109985352 136.946229934692 135.103801727295 134.193737030029 131.917663574219 131.207778930664 129.360130310059 128.849225997925 128.200450897217 126.486860275269 125.699354171753 122.980615615845 120.561046600342 119.016672134399 113.282155990601 115.484018325806 114.393239974976 113.796127319336 111.176986694336 110.491470336914 109.938966751099 110.093536376953 111.247985839844 112.400737762451 113.94331741333 115.947259902954 118.080026626587
-9999 -9999 -9999 -9999 -9999 -9999 -9999 -9999 -9999 -9999 -9999 -9999 -9999 -9999 -9999 -9999 -9999 -9999 -9999 139.113534927368 139.895294189453 140.137342453003 137.889846801758 137.825246810913 137.200458526611 136.064464569092 135.163787841797 134.397758483887 131.488162994385 130.834718704224 129.117395401001 129.165729522705 128.373929977417 125.950218200684 123.088756561279 122.29471206665 118.863706588745 113.341972351074 112.44482421875 114.472970962524 113.873765945435 111.25634765625 110.572423934937 110.732362747192 110.178371429443 112.051637649536 112.627368927002 114.002367019653 117.133306503296 116.749073028564
-9999 -9999 -9999 -9999 -9999 -9999 -9999 -9999 -9999 -9999 -9999 -9999 -9999 -9999 -9999 -9999 -9999 -9999 -9999 140.073377609253 133.359140396118 140.598762512207 139.125316619873 138.071708679199 137.879671096802 136.053356170654 136.00026512146 135.243297576904 131.904594421387 131.813140869141 131.153854370117 129.429277420044 128.632179260254 126.768423080444 123.333629608154 122.534420013428 120.803091049194 120.139577865601 116.56153678894 116.465547561646 114.794580459595 114.119951248169 112.501974105835 111.816707611084 111.979078292847 113.221141815186 114.51877784729 114.681848526001 115.976928710938 115.410900115967
-9999 -9999 -9999 -9999 -9999 -9999 -9999 -9999 -9999 -9999 -9999 -9999 -9999 -9999 -9999 -9999 -9999 -9999 -9999 -9999 139.32120513916 141.048093795776 141.138746261597 140.016094207764 138.27236366272 138.090404510498 137.34061050415 136.229396820068 134.815944671631 132.951042175293 131.150133132935 129.419200897217 128.753204345703 126.883640289307 124.148372650146 123.344116210938 120.899681091309 120.094438552856 118.354860305786 117.684823989868 116.081867218018 115.410264968872 113.794439315796 113.828311920166 113.279033660889 114.444328308105 114.610599517822 114.185079574585 115.345222473145 115.508169174194
-9999 -9999 -9999 -9999 -9999 -9999 -9999 -9999 -9999 -9999 -9999 -9999 -9999 -9999 -9999 -9999 -9999 -9999 -9999 141.427928924561 141.270378112793 141.112827301025 141.238189697266 141.201807022095 140.092000961304 140.194625854492 139.453979492188 138.711069107056 135.804740905762 135.134941101074 133.26317024231 132.456485748291 129.71900177002 128.775424957275 126.190385818481 125.517599105835 123.775203704834 122.101005554199 120.356250762939 119.681358337402 117.872146606445 117.33930015564 116.666593551636 115.046911239624 115.218574523926 114.666746139526 114.835876464844 114.276435852051 115.439374923706 115.472965240479
-9999 -9999 -9999 -9999 -9999 -9999 -9999 -9999 -9999 -9999 -9999 -9999 -9999 -9999 -9999 -9999 -9999 -9999 -9999 141.847640991211 142.224676132202 142.067602157593 142.178825378418 141.583990097046 144.469537734985 143.371162414551 142.637435913086 141.901634216309 139.706701278687 137.119752883911 136.444074630737 133.566705703735 130.84065246582 129.028589248657 127.282180786133 126.603717803955 125.925071716309 124.175867080688 122.649631500244 119.898435592651 119.159664154053 117.420539855957 117.601758956909 117.062274932861 116.517578125 117.691034317017 117.866584777832 117.311006546021 115.533519744873 115.702703475952
-9999 -9999 -9999 -9999 -9999 -9999 -9999 -9999 -9999 -9999 -9999 -9999 -9999 -9999 -9999 -9999 -9999 136.078525543213 142.90934753418 142.794765472412 144.737110137939 143.287258148193 143.545276641846 145.450481414795 145.434345245361 144.346826553345 143.621917724609 142.759792327881 142.768129348755 139.175214767456 140.205244064331 136.61022567749 133.013763427734 130.414461135864 129.596054077148 126.844005584717 126.024774551392 124.269542694092 123.44952583313 122.629417419434 120.953178405762 120.426078796387 119.893627166748 120.211719512939 119.538312911987 119.720798492432 119.040851593018 117.403734207153 116.712991714478 115.670042037964
-9999 -9999 -9999 -9999 -9999 -9999 -9999 -9999 -9999 -9999 -9999 -9999 -9999 -9999 -9999 -9999 138.736881256104 144.023101806641 143.928522109985 144.810255050659 144.599185943604 144.222026824951 143.508865356445 145.426355361938 145.691707611084 145.685621261597 146.540437698364 143.89182472229 143.768663406372 142.23323059082 142.261379241943 138.793788909912 136.903093338013 131.37975692749 130.55606842041 129.86669921875 127.972175598145 126.2839012146 123.672283172607 122.846904754639 122.957927703857 122.435831069946 123.038360595703 123.097482681274 121.482107162476 120.807903289795 119.263593673706 117.496454238892 117.546377182007 116.855735778809
-9999 -9999 -9999 -9999 -9999 -9999 -9999 -9999 -9999 -9999 -9999 -9999 -9999 135.702428817749 136.624300003052 142.556516647339 143.487197875977 144.393312454224 144.669773101807 144.673805236816 145.524530410767 145.529102325439 145.533681869507 145.673677444458 147.519191741943 147.660585403442 147.801528930664 146.957063674927 146.121337890625 143.363645553589 144.385292053223 141.844167709351 138.233463287354 134.41534614563 131.519176483154 129.972942352295 129.143625259399 127.242874145508 125.549486160278 124.853178024292 124.171064376831 123.649337768555 123.846670150757 123.185096740723 122.519214630127 120.767978668213 119.225509643555 118.544681549072 117.643402099609 116.954524993896
-9999 -9999 -9999 -9999 -9999 -9999 -9999 -9999 -9999 -9999 -9999 134.366632461548 134.65885925293 135.566440582275 141.385288238525 141.809663772583 141.917655944824 142.780647277832 144.591289520264 145.454654693604 145.741479873657 146.469976425171 147.608324050903 147.760213851929 147.776748657227 147.793285369873 147.944179534912 147.108428955078 147.126554489136 145.359659194946 143.530025482178 141.978879928589 139.079277038574 134.534219741821 132.56976890564 130.664798736572 129.830310821533 129.129125595093 126.636203765869 126.653688430786 126.046768188477 125.530771255493 125.008993148804 123.272714614868 122.738540649414 122.805027008057 121.051677703857 120.6305809021 119.948455810547 118.921522140503
-9999 -9999 -9999 -9999 -9999 -9999 -9999 -9999 -9999 -9999 -9999 134.258930206299 133.559928894043 134.454406738281 140.756408691406 142.193620681763 142.924728393555 144.88624382019 145.763675689697 146.641717910767 147.520355224609 147.683143615723 148.697511672974 149.799913406372 148.751846313477 148.913280487061 148.220825195312 147.979713439941 147.281038284302 145.37377166748 144.669105529785 141.043399810791 138.354242324829 136.444778442383 132.684282302856 131.844869613647 130.066682815552 129.359624862671 128.652322769165 127.944766998291 126.262659072876 126.610891342163 126.8193359375 126.165857315063 125.637157440186 124.021026611328 123.478879928589 122.804285049438 120.791156768799 120.234336853027
-9999 -9999 -9999 -9999 -9999 -9999 -9999 -9999 -9999 -9999 -9999 135.742469787598 134.415422439575 140.697294235229 141.619102478027 142.21430015564 144.174386978149 145.064542770386 145.955070495605 146.98169708252 147.872659683228 150.688583374023 151.581680297852 150.768375396729 151.793823242188 150.841239929199 149.084543228149 148.266387939453 147.568643569946 146.725173950195 145.881591796875 141.177480697632 138.481706619263 136.566181182861 134.650039672852 133.672479629517 131.241630554199 129.456720352173 128.743598937988 129.748424530029 128.28197479248 128.498519897461 126.906848907471 126.255327224731 126.465124130249 126.06177520752 124.31450843811 123.644750595093 122.970764160156 120.333366394043
-9999 -9999 -9999 -9999 -9999 -9999 -9999 -9999 -9999 -9999 -9999 134.970359802246 140.600486755371 141.444343566895 141.965913772583 143.731904983521 144.522392272949 145.425455093384 146.328935623169 147.232843399048 149.117105484009 151.102788925171 152.009231567383 152.916090011597 153.099700927734 153.015644073486 151.213863372803 149.330432891846 150.703327178955 147.786441802979 146.938617706299 141.364154815674 140.515741348267 136.871774673462 135.890991210938 133.968198776245 132.256174087524 132.533765792847 131.81616973877 129.891466140747 129.274703979492 128.624814987183 128.100177764893 129.429555892944 128.895248413086 128.228569030762 125.478063583374 123.714756011963 123.156610488892 122.592607498169
-9999 -9999 -9999 -9999 -9999 -9999 -9999 -9999 -9999 -9999 -9999 135.759847640991 140.359100341797 141.583494186401 143.525255203247 145.211769104004 145.053245544434 145.968790054321 146.749582290649 149.370634078979 151.374431610107 152.295276641846 154.431783676147 156.20717048645 155.413431167603 155.340969085693 154.539978027344 152.794664382935 151.968452453613 151.117784500122 149.27011680603 144.804786682129 140.885890960693 138.570613861084 136.510141372681 135.658761978149 133.728673934937 133.007919311523 132.417747497559 131.565748214722 130.805595397949 129.181602478027 128.633106231689 129.68691444397 129.258071899414 128.570363998413 126.914672851562 125.223052978516 124.184158325195 123.603385925293
-9999 -9999 -9999 -9999 -9999 -9999 -9999 -9999 -9999 -9999 135.032396316528 135.919080734253 142.109226226807 144.088335037231 143.861927032471 144.610231399536 145.311695098877 146.240411758423 147.170227050781 148.235986709595 151.965049743652 152.899799346924 153.835651397705 154.991304397583 155.79487991333 155.86749458313 155.206394195557 153.332265853882 152.639595031738 151.785682678223 147.987579345703 145.186771392822 141.519235610962 140.665172576904 137.9934425354 136.273584365845 135.419555664062 136.426956176758 135.70267868042 133.763898849487 132.127052307129 132.557651519775 131.98916053772 130.199512481689 129.620903015137 128.912162780762 128.324752807617 125.519697189331 125.67879486084 123.859266281128
-9999 -9999 -9999 -9999 -9999 -9999 -9999 -9999 -9999 -9999 134.208587646484 140.771667480469 140.671678543091 142.184955596924 142.968955993652 143.752023696899 144.613887786865 146.647890090942 146.365253448486 148.400751113892 149.347009658813 150.294700622559 153.453201293945 154.271409988403 155.441184997559 155.524738311768 154.738292694092 154.952535629272 154.261119842529 152.321582794189 150.724733352661 146.91530418396 143.976459503174 141.29415512085 140.567157745361 139.710397720337 137.766454696655 136.909597396851 136.053001403809 135.325393676758 134.669961929321 134.083644866943 132.400480270386 131.678291320801 131.703716278076 130.006534576416 129.524166107178 128.66605758667 125.835102081299 123.993188858032
-9999 -9999 -9999 -9999 -9999 -9999 -9999 -9999 -9999 -9999 140.011953353882 140.961463928223 140.801845550537 141.620304107666 143.167675018311 143.984703063965 143.890314102173 146.920314788818 145.799850463867 148.835210800171 149.795333862305 149.887660980225 152.073699951172 153.896547317505 155.952369689941 155.306018829346 155.399753570557 153.532564163208 153.587020874023 152.112724304199 151.252891540527 150.523242950439 146.702526092529 143.627040863037 141.677972793579 140.94766998291 140.088701248169 139.358362197876 138.627891540527 135.930053710938 136.006813049316 135.271091461182 133.435878753662 132.819608688354 132.199636459351 131.451763153076 129.723615646362 129.092052459717 126.236721038818 126.238792419434
-9999 -9999 -9999 -9999 -9999 -9999 -9999 -9999 -9999 124.480836868286 135.100919723511 140.169521331787 139.968622207642 140.820266723633 141.789144515991 142.640386581421 144.280033111572 145.112071990967 147.31245803833 148.282707214355 148.383386611938 149.35680770874 152.41760635376 153.396081924438 154.364067077637 155.824394226074 155.929433822632 155.155359268188 155.21594619751 154.353845596313 153.751171112061 151.797510147095 147.96561050415 146.35412979126 143.272624969482 142.539726257324 140.582902908325 139.721834182739 138.988346099854 137.15608215332 136.473428726196 135.714466094971 133.851936340332 133.087882995605 132.445924758911 130.696403503418 130.047130584717 129.394691467285 126.515686035156 126.621738433838
