data/spatiotemp/temp4/bio14_norsw_test_2015_2018.asc
NCOLS 654 
NROWS 380 
XLLCORNER 3.91666666666667 
YLLCORNER 55.3333333333333 
CELLSIZE 0.0416666666666667 
NODATA_value -9999 
[rows 264 to 285 of 380, columns 300 to 349 of 654]
16.7180551290512 16.4349845647812 16.0370264053345 15.8391700983047 16.0778064727783 15.8009130954742 15.7638601064682 15.490055680275 15.4795432090759 15.614687204361 15.665909409523 15.6822057962418 15.6985026597977 15.6793833971024 15.8911187648773 15.9376182556152 16.1269507408142 16.0427384376526 15.9224965572357 15.9731216430664 15.8780417442322 15.8459386825562 15.8138355016708 16.0006365776062 15.8400421142578 15.9737294912338 16.1599245071411 15.9096378087997 16.0390672683716 15.827232837677 15.8337526321411 15.8014192581177 15.7682015895844 15.7740094661713 15.6249976158142 15.1816725730896 15.0877225399017 15.1184713840485 14.6977987289429 14.6670327186584 14.4868574142456 14.3913071155548 14.4029014110565 14.4149751663208 14.3946826457977 14.528879404068 14.7312331199646 14.8631806373596 14.6371541023254 14.7953827381134
16.6228739023209 16.1899191141129 15.9462789297104 15.8737202882767 16.1054433584213 15.9514176845551 15.6772986650467 15.6411924362183 15.6277335882187 15.7906138896942 15.8353428840637 15.8457946777344 15.5921832323074 15.6038818359375 15.842436671257 15.7416812181473 15.8282787799835 15.9416935443878 15.8585571050644 15.9112954139709 15.8527767658234 16.0391981601715 15.8384671211243 15.8065832853317 15.7381185293198 15.7059261798859 15.4932355880737 15.4616321325302 15.5913622379303 15.5968081951141 15.7620601654053 15.5126299858093 15.5179281234741 15.3667674064636 15.3336682319641 14.8916580677032 14.8996074199677 15.0822858810425 14.8360197544098 14.8042256832123 14.5998330116272 14.5685873031616 14.5373420715332 14.2934613227844 14.2721743583679 14.4470973014832 14.4349040985107 14.4227111339569 14.4105174541473 14.6113202571869
16.5276920795441 16.2486200332642 15.8207225799561 16.1744730472565 15.8648772239685 15.8631119728088 15.5907380580902 15.5892435312271 15.9258140325546 15.9303369522095 15.7369413375854 15.4787608385086 15.4858620166779 15.5980113744736 15.7265104055405 15.8570125102997 16.0876945257187 16.0932198762894 16.0007430315018 15.7126795053482 15.6213129758835 15.7923147678375 15.5914413928986 15.5239728689194 15.4558265209198 15.4230408668518 15.3902547359467 15.3574684858322 15.1082073450089 15.273265004158 15.2778080701828 15.4984879493713 15.6983585357666 15.6631717681885 15.2794015407562 15.0709149837494 15.0380754470825 14.7520854473114 14.5459072589874 14.5136971473694 14.4814867973328 14.4492771625519 14.4170665740967 14.1731839179993 14.1922028064728 14.3237924575806 14.3105659484863 14.2973401546478 14.5381460189819 14.5252149105072
16.5821176767349 16.5451339483261 16.3585622310638 16.2329088449478 16.0472763776779 15.774806022644 15.772959113121 15.5030300617218 15.8365167379379 15.8365335464478 15.6385402679443 15.4870268106461 15.6080632209778 15.6093233823776 15.9922004938126 16.1165791749954 16.3419889211655 16.1203016042709 16.1839225292206 15.8539335727692 15.7628853321075 15.5264792442322 15.4931894540787 15.4254506826401 15.2263787984848 14.9416136741638 15.0723053216934 14.8765336275101 14.8802888393402 15.0080778598785 15.0488843917847 15.2115435600281 15.4293403625488 15.0245382785797 14.9907116889954 14.8032715320587 14.5575094223022 14.5250396728516 14.4307582378387 14.3975772857666 14.2159531116486 14.1838059425354 14.1516597270966 14.1599578857422 14.137690782547 14.2687029838562 14.1874747276306 14.4252874851227 14.663640499115 14.4391098022461
17.262825012207 16.8374752998352 16.8006371259689 16.5264120101929 16.2539546489716 16.070502281189 15.800714969635 15.7990139722824 15.7795703411102 15.5434494018555 15.6581811904907 15.5368285179138 15.5335184335709 15.6507278680801 15.8738683462143 16.0245800018311 16.1447035074234 16.1104716062546 16.2046250104904 15.948789358139 16.0394531488419 15.6654323339462 15.6809910535812 15.6132640838623 15.3616923093796 15.0766993761063 15.0078871250153 14.7578015327454 14.59840965271 14.9763296842575 14.7647494077682 14.9824479818344 14.9856607913971 14.9510922431946 14.8789594173431 14.6907596588135 14.4449281692505 14.4498090744019 14.4551935195923 14.5326101779938 14.3502521514893 14.1066582202911 14.113379240036 14.2905213832855 14.2673368453979 14.1875441074371 14.2137975692749 14.3414695262909 14.3266587257385 14.3530042171478
17.1289930343628 16.7401207685471 16.4669938087463 16.399401307106 16.014263510704 15.7454018592834 15.7122085094452 15.6790162324905 15.6896601915359 15.828778386116 15.3245157003403 15.4338392019272 15.4259413480759 15.5374814271927 15.681912779808 15.6754372119904 16.0135254859924 15.9753843545914 16.0348272323608 15.6516896486282 15.6689785718918 15.6019911766052 15.7839241027832 15.1146811246872 14.8819669485092 14.8147007226944 14.7804870605469 14.7462736368179 14.4975683689117 14.6587357521057 14.5014470815659 14.5407435894012 14.7201946973801 14.6856980323792 14.6512030363083 14.6167075634003 14.371052980423 14.3368966579437 14.3027398586273 14.2685849666595 14.2344279289246 14.0535423755646 14.0204555988312 14.0265772342682 13.7552406787872 13.923841714859 14.0913116931915 14.1163311004639 13.9609351158142 14.0866165161133
16.6774516105652 16.7565016746521 16.3393833637238 16.305703163147 15.9229723215103 15.5415447950363 15.5091679096222 15.6227511167526 15.5686239004135 15.5861580371857 15.6035128831863 15.2137986421585 15.3183659315109 15.3058797121048 15.5181980133057 15.6242618560791 15.7012172937393 15.9105001688004 15.7453521490097 15.5122122764587 15.3858622312546 15.4512938261032 15.1174690723419 14.8847651481628 14.8506369590759 14.7838754653931 14.5533355474472 14.2714422941208 14.0237929821014 14.1845328807831 14.1855707168579 14.3996353149414 14.6125658750534 14.4220000505447 14.3876059055328 14.1426115036011 14.1085662841797 13.9016590118408 14.0777769088745 14.0439889431 14.2190625667572 13.7919478416443 13.7589893341064 13.7260296344757 13.8845496177673 13.8697650432587 13.8942339420319 14.0206048488617 14.0449342727661 13.8222441673279
16.6921229362488 16.3090853691101 16.2762504816055 16.0086390972137 15.5976810455322 15.4526225328445 15.4520894289017 15.1888426542282 15.5098400115967 15.3766872882843 15.1293535232544 14.8841421604156 15.0640672445297 15.1937170028687 15.1766434907913 15.3963667154312 15.5731756687164 15.43676841259 15.3900555372238 15.1536471843719 15.0296378135681 14.8909640312195 14.8560602664948 14.8211562633514 14.7549629211426 14.7195680141449 14.2747291326523 14.2406024932861 14.2064757347107 14.3654532432556 14.3306920528412 14.3848224878311 14.1394772529602 14.1044665575027 13.880047082901 14.0344455242157 14.0355821847916 13.8503642082214 13.9660820960999 13.7461434602737 13.7122373580933 13.4707627296448 13.6444252729416 13.2598223686218 13.4812371730804 13.2603335380554 13.3874309062958 13.4112467765808 13.5362174510956 13.6988928318024
16.6245235204697 16.2126741409302 16.1808780431747 15.8021726608276 15.7709895372391 15.3636994361877 15.3333057165146 15.0719617605209 14.9323358535767 15.138943195343 14.9170122146606 14.5227155685425 14.5008028745651 14.8200763463974 15.0309520959854 15.1265913248062 15.0769463777542 15.1589266061783 14.9166496992111 14.8953098058701 14.6737917661667 14.8121476173401 14.7579778432846 14.7276611328125 14.6914602518082 14.4915158748627 14.2425553798676 14.1762074232101 13.7684634923935 13.927619934082 13.9469875097275 13.9137480258942 13.845244884491 13.6901510953903 13.8099807500839 13.8103649616241 13.7757694721222 13.7769447565079 13.7426127195358 13.6719821691513 13.2835675477982 13.2504583597183 13.1802603006363 13.0034211874008 13.0431067943573 13.0291147232056 13.3350496292114 13.2926108837128 13.4545915126801 13.4768071174622
16.1470189094543 15.8818236589432 15.7090889215469 15.6790947914124 15.304178237915 15.2449713945389 15.2157384157181 15.0735886096954 15.0744032859802 14.7890915870667 14.3071260452271 14.2806857824326 14.2542463541031 14.342910528183 14.7995324134827 14.8610529899597 14.8351957798004 14.5886766910553 14.5364542007446 14.6130508184433 14.6356917619705 14.6791542768478 14.5633372068405 14.4990513324738 14.4631879329681 14.4273233413696 14.1474783420563 13.7378731966019 13.6723673343658 13.6703333854675 13.9125878810883 13.4794162511826 13.2569284439087 13.4324176311493 13.3988785743713 13.5521510839462 13.6688094139099 13.4260914325714 13.6331062316895 13.562152504921 13.2099764347076 13.1400034427643 12.9617322683334 12.7490082979202 12.6885458230972 12.6733810901642 13.0141408443451 13.2128148078918 13.3351726531982 13.355726480484
15.8196209669113 15.6771711111069 15.2715594768524 14.8674951791763 14.8384603261948 14.838804602623 15.0398899316788 14.75135409832 14.4937328100204 14.3529143333435 13.9845621585846 13.9853452444077 13.9296491146088 13.9021931886673 14.1043009757996 14.4421479701996 14.3873400688171 13.9969625473022 14.2164163589478 14.3803689479828 14.1829260587692 14.2521151304245 14.1731238365173 14.2219934463501 14.1552476882935 13.955640912056 13.7067874670029 13.6407223939896 13.3936958312988 13.4102029800415 13.4076915979385 13.3734276294708 13.1506068706512 13.3246062994003 13.290514588356 13.4421646595001 13.2005670070648 13.3154106140137 13.3144521713257 13.2789649963379 13.2434779405594 13.0630741119385 12.8491464853287 12.7090682983398 12.6489055156708 12.7739341259003 12.9340815544128 13.0930804014206 13.1123193502426 13.2325367927551
15.3044739961624 15.0390990972519 14.8662797212601 14.6936453580856 14.5505166053772 14.6315977573395 14.4883027076721 14.569549202919 14.5395332574844 14.5105251073837 13.9157862663269 13.7748367786407 13.7192605733871 13.4683589935303 13.5837724208832 13.6721923351288 13.646081328392 13.6199707984924 13.8123910427094 14.002879858017 14.0207644701004 14.3004322052002 14.0284867286682 14.0626246929169 13.9294710159302 13.8906341791153 13.4787757396698 13.4419261217117 13.3741898536682 13.3368117809296 13.2994345426559 13.1066433191299 13.0717109441757 13.0380567312241 13.3628705739975 13.1217150688171 13.1206895112991 12.8581498861313 13.0284368991852 13.3445873260498 13.162614107132 12.9828472137451 12.7449033260345 12.7109347581863 12.5436506271362 12.7291651964188 12.648493885994 12.8052591085434 12.9246475696564 13.1439744234085
14.6685823202133 14.3830057382584 14.350613951683 14.1770536899567 13.9139922857285 13.7704430818558 13.8509620428085 14.1601113080978 14.3574426174164 14.2141554355621 13.7344415187836 13.4820606708527 13.1179943084717 13.0644608736038 12.816831946373 12.5711599588394 12.9088767766953 13.2181574106216 13.6549780368805 13.627418756485 13.8326948881149 14.0358834266663 14.2193993330002 14.150031208992 14.1082289218903 13.8546987771988 13.3832265138626 13.3432910442352 13.1452399492264 13.2634207010269 13.4309989213943 13.2035756111145 13.1664774417877 12.9266158342361 13.0982768535614 13.042281627655 13.3391028642654 12.9499583244324 12.9483135938644 12.913290143013 13.0817496776581 13.0464005470276 12.6655124425888 12.666085600853 12.8419535160065 12.6206200122833 12.7407703399658 12.8946114778519 13.0759488344193 13.2925546169281
14.2784309387207 14.1028805971146 13.9275943040848 13.4816083908081 13.053089261055 12.8552696704865 13.3048186302185 13.6406296491623 13.722136259079 13.6944435834885 13.4416891336441 13.0501871109009 12.9109199047089 12.5489486455917 12.3023718595505 11.9434410333633 12.39484167099 12.7035722732544 13.0109384059906 13.2013701200485 13.4567322731018 13.7981998920441 13.9966799020767 14.1664879322052 14.2849190235138 13.839430809021 13.556831240654 13.5139448642731 13.2834852933884 13.0339169502258 13.1991592645645 13.1253085136414 13.0870006084442 13.0530225038528 13.2018790245056 13.1123167276382 12.9054961204529 13.017745256424 13.0145305395126 12.9785132408142 12.9757786989212 12.5943689346313 12.4176895618439 12.5859521627426 12.5929274559021 12.6783782243729 12.9271627664566 13.0444408655167 12.9884586334229 13.1676009893417
14.1122225522995 13.9106619358063 13.4812988042831 12.9949399232864 12.716028213501 12.4537516832352 13.1578190326691 13.2072324752808 13.2885900735855 12.9239761829376 12.9253952503204 12.899092912674 12.7323403358459 12.5924127101898 12.2314409017563 12.205401301384 12.1019561290741 12.409174323082 12.7149802446365 13.0455882549286 13.2973680496216 13.5792725086212 13.5626976490021 13.8659788370132 13.6091241836548 13.5640770196915 13.4899775981903 13.4444819688797 13.1916400194168 13.3534917831421 13.1230688095093 13.0783364772797 13.0391074419022 12.7698687314987 12.886027097702 13.0001621246338 12.7616202831268 12.758535861969 12.6990152597427 13.0749650001526 12.8944866657257 12.6571542024612 12.4799975156784 12.4784861803055 12.4504902362823 12.6627168655396 12.7793416976929 12.9236487150192 13.2378122806549 13.1120023727417
13.4808528423309 13.3330056667328 13.2677340507507 12.8610851764679 12.4565004110336 12.4223208427429 12.5277518033981 12.8318822383881 12.8009983301163 12.8590098619461 12.6363286972046 12.6110399961472 12.4727998971939 12.3339858055115 12.1677941083908 12.0279694795609 12.2563991546631 12.4472901821136 12.5350844860077 12.8642939329147 13.2281373739243 13.3132020235062 13.2676632404327 13.3839590549469 13.3092435598373 13.0245134830475 12.8196665048599 12.9815382957458 13.0908569097519 13.2487504482269 12.9956378936768 12.7960076332092 12.7249660491943 12.8414288759232 12.8069758415222 12.5702345371246 12.365576505661 12.3076477050781 12.2731993198395 12.4464906454086 12.6441727876663 12.5767271518707 12.5733728408813 12.5379724502563 12.4016765356064 12.5176649093628 12.6939879655838 12.6378240585327 12.6142545938492 12.6541339159012
13.2242472171783 13.278330206871 13.0094449520111 12.8324421644211 12.7953999042511 12.7583576440811 12.6935569047928 12.7681931257248 12.7364846467972 12.8490211963654 12.8225631713867 12.7961050271988 12.656925201416 12.6301912069321 12.6826955080032 12.6547793149948 12.4361606836319 12.5232536792755 12.7115589380264 12.7984516620636 12.830669760704 12.9873168468475 13.266646027565 13.0880062580109 12.9906542301178 12.725749373436 12.491156578064 12.8348252773285 12.7852036952972 12.7355822324753 12.6859613656998 12.6363397836685 12.4444141387939 12.5604114532471 12.3247429132462 12.1436886787415 12.086980342865 12.0534553527832 12.1954404115677 11.9918695688248 11.9577705860138 12.12355864048 12.4608292579651 12.2574397325516 12.0889798402786 12.4024977684021 12.3780714273453 12.3536443710327 12.3597420454025 12.1684917211533
13.776174902916 13.5952014923096 13.5826746225357 13.513352394104 13.1326558589935 13.0926471948624 13.1639158725739 13.0966211557388 13.0629060268402 13.3976806402206 13.3691438436508 13.3406060934067 13.1361118555069 13.3101190328598 13.2284599542618 12.7560505867004 12.8416862487793 12.8140335083008 12.7863807678223 12.7587285041809 12.7368389368057 12.5875626802444 12.624523639679 12.6064831018448 12.6984441280365 12.6366214752197 12.428488612175 12.3782131671906 12.5110418796539 12.4598797559738 12.4087173938751 12.559224486351 12.1658673286438 12.3117170333862 12.1002213954926 12.0673989057541 11.8343924283981 11.9769226312637 11.7436991930008 11.7104363441467 11.677173614502 12.0145680904388 12.0108816623688 12.1463627815247 12.1160806417465 11.9531779289246 12.0653952360153 12.2378131151199 11.8792989253998 12.0520038604736
14.0122433900833 13.9395624399185 13.8955229520798 13.9693930149078 13.6963307857513 13.6247893571854 13.354834318161 13.3119827508926 13.6114897727966 13.4195736646652 13.4045523405075 13.4161313772202 13.2888604402542 13.2748812437057 13.4835541248322 13.1863279342651 13.0182112455368 13.1289043426514 13.1001923084259 13.0714807510376 12.8360476493835 12.7273752689362 12.7594202756882 12.5828702449799 12.471253991127 12.6251511573792 12.5714435577393 12.3414624929428 12.4423741102219 12.620423078537 12.3644711971283 12.161693572998 12.2676935195923 12.2340455055237 12.1704833507538 11.7916442155838 11.9039124250412 11.9003890752792 11.6680839061737 11.4926859140396 11.2618786096573 11.598301410675 11.7344963550568 11.8389595746994 11.8083529472351 11.8122329711914 11.9531282186508 11.9267004728317 11.9305783510208 12.1007038354874
14.2092934846878 14.3936015367508 14.3743042945862 14.444416642189 14.5069031715393 14.4584053754807 14.1572493314743 14.1099783182144 13.923278927803 13.9076430797577 13.8920075893402 13.6372866630554 13.7279319763184 13.990161895752 13.9173258543015 13.4159877300262 13.5843319892883 13.4156891107559 13.3601566553116 13.2425277233124 13.1074965000153 13.0338395833969 12.8539222478867 12.8621299266815 12.5710879564285 12.3583110570908 12.4859592914581 12.4298326969147 12.402094244957 12.5479829311371 12.5201779603958 12.2346632480621 12.1604812145233 11.9280290603638 12.0699101686478 11.6921463012695 11.773649930954 11.9671038389206 11.9328354597092 11.8715963363647 11.6959586143494 11.6618461608887 11.6569588184357 11.957972407341 11.8185895681381 11.7919300794601 11.7652710676193 12.0699242353439 11.8464485406876 12.0147103071213
14.5262942314148 14.4769569635391 14.6845870018005 14.5231271982193 14.4725472927094 14.4219672679901 14.3713879585266 14.2942590713501 14.0300761461258 14.1102861166 14.05337703228 14.1359758377075 14.1205798387527 13.9614427089691 13.9155210256577 14.0495729446411 13.9875518083572 13.7122070789337 13.6255495548248 13.3535075187683 13.0578165054321 13.1287409067154 12.7315878868103 12.8316979408264 12.5885498523712 12.6857726573944 12.422255396843 12.3914332389832 12.3331135511398 12.6542853116989 12.5939168930054 12.6813266277313 12.4056589603424 12.1435565948486 11.9924795627594 11.9049165248871 11.7554935216904 11.8639574050903 11.9994814395905 12.5845882892609 11.9278551340103 11.7528069019318 11.9427766799927 11.9075766801834 11.8757928609848 11.7113060951233 11.6836305856705 11.9859796762466 12.0913865566254 12.0907261371613
14.3805963993073 14.5601001977921 14.6267278194427 14.6015782356262 14.5488796234131 14.4961811304092 14.416933298111 14.3644849061966 14.0736812353134 14.1537767648697 14.1231994628906 14.1186068058014 14.3283034563065 14.2815532684326 14.2488321065903 14.1609675884247 14.0732108354568 13.7985844612122 13.737687587738 13.4663352966309 13.3788948059082 13.1065582036972 12.8848494291306 12.8009060621262 12.7392768859863 12.6776475906372 12.4130265712738 12.352462053299 12.4705318212509 12.6367406845093 12.7225676774979 12.6302845478058 12.5007615089417 12.1228047609329 12.0593202114105 12.2246183156967 12.5561761856079 12.3228783607483 12.2860835790634 12.2492890357971 12.2969088554382 12.0648871660233 12.2244653701782 12.0234991312027 11.7956962585449 11.7663190364838 12.094355225563 12.226055264473 12.3564457893372 12.4909340143204
