data/spatiotemp/temp4/bio10_norsw_test_2015_2018.asc
NCOLS 654 
NROWS 380 
XLLCORNER 3.91666666666667 
YLLCORNER 55.3333333333333 
CELLSIZE 0.0416666666666667 
NODATA_value -9999 
[rows 110 to 131 of 380, columns 550 to 599 of 654]
13.1943278312683 13.2176446914673 13.2222952842712 13.1996126174927 13.234929561615 13.2755796909332 13.3348970413208 13.4008805751801 13.4455313682556 13.4168481826782 13.3863353729248 13.4199929237366 13.4483170509338 13.4279744625092 13.3442983627319 13.3739559650421 13.3162798881531 13.0772712230682 13.1415948867798 13.2819187641144 13.3622431755066 13.4452335834503 13.481023311615 13.519611120224 13.432865858078 13.2561204433441 13.1853749752045 13.1926295757294 13.2112171649933 13.3104727268219 13.1930603981018 12.9756479263306 12.7875697612762 12.7721576690674 12.8518936634064 12.9081118106842 12.8609972000122 12.7512152194977 12.6267666816711 12.6709847450256 12.7705364227295 12.7747542858124 12.6969723701477 12.5778574943542 12.5314090251923 12.4976277351379 12.5786535739899 12.623153924942 12.5496551990509 12.4554901123047
13.2136266231537 13.2354941368103 13.1653621196747 13.1405642032623 13.2124314308167 13.2536330223083 13.2821679115295 13.3233687877655 13.3919041156769 13.4357719421387 13.4314253330231 13.4121963977814 13.4209682941437 13.3957402706146 13.3171780109406 13.2186167240143 13.1187214851379 13.0354933738708 12.8515980243683 12.9330360889435 13.0058078765869 13.205913066864 13.3560879230499 13.2849998474121 13.3785789012909 13.312824010849 13.163069486618 13.0246481895447 13.0482270717621 13.0051386356354 12.9660511016846 12.8449628353119 12.9358749389648 12.8921203613281 12.9134745597839 12.8999376296997 12.875067949295 12.7981977462769 12.7686607837677 12.7544572353363 12.7835867404938 12.735383272171 12.6591796875 12.626309633255 12.5414400100708 12.6252357959747 12.6640045642853 12.6784121990204 12.6694865226746 12.673228263855
13.3442578315735 13.2686769962311 13.2210965156555 13.2015151977539 13.1546010971069 13.1903529167175 13.2587721347809 13.2158575057983 13.2182769775391 13.3466954231262 13.3978478908539 13.4017333984375 13.402952671051 13.351505279541 13.2613906860352 13.1332771778107 12.9684963226318 12.9210484027863 13.0162675380707 12.9074869155884 12.8253722190857 12.9932584762573 12.9698195457458 13.0717220306396 13.1722915172577 13.2535276412964 13.0467646121979 12.9106667041779 12.9645700454712 12.9804723262787 13.0350415706635 13.0449447631836 13.0061807632446 12.9747500419617 12.9237222671509 12.8477637767792 12.7958052158356 12.8185131549835 12.7572214603424 12.7092628479004 12.6726379394531 12.5933456420898 12.3460540771484 12.324095249176 12.3481366634369 12.5075116157532 12.5826897621155 12.6396708488464 12.6853182315826 12.7529664039612
13.3075568675995 13.2191932201385 13.1841630935669 13.1911332607269 13.1261029243469 13.140406370163 13.1700432300568 13.2930128574371 13.3293159008026 13.3422856330872 13.3822703361511 13.4612708091736 13.4182708263397 13.3392703533173 13.2082707881927 13.0979378223419 12.9716041088104 12.8199372291565 12.7696044445038 12.8239374160767 12.9129376411438 13.0412707328796 13.0708842277527 12.8757774829865 13.0086712837219 13.0988986492157 13.1391253471375 13.0193517208099 13.0855791568756 13.0891389846802 13.0726993083954 13.0662596225739 12.9911525249481 12.9647128582001 12.9613032341003 12.9242563247681 12.9138758182526 12.8894956111908 12.7984483242035 12.6494016647339 12.6270215511322 12.5819742679596 12.5569281578064 12.5578811168671 12.5188341140747 12.5097870826721 12.5613741874695 12.5675957202911 12.6384830474854 12.7253704071045
13.2548553943634 13.0950429439545 13.2092301845551 13.1420841217041 12.963604927063 12.9257926940918 13.1533133983612 13.2215008735657 13.3690221309662 13.4298765659332 13.5040271282196 13.5308079719543 13.3902554512024 13.2663700580597 13.2158172130585 13.0405979156494 12.966712474823 12.8454928398132 12.7029404640198 12.7503886222839 12.7345020771027 12.9559500217438 13.0826163291931 13.0684998035431 13.0430507659912 13.0422682762146 12.981486082077 12.9447033405304 13.0212545394897 13.0898056030273 13.0936894416809 13.0382406711578 12.9527916908264 12.9626758098602 12.9575507640839 12.9547488689423 12.9346132278442 12.8538112640381 12.800342798233 12.7735407352448 12.7320728302002 12.747270822525 12.685135602951 12.5496664047241 12.4881982803345 12.5727295875549 12.6493923664093 12.6715202331543 12.8049812316895 12.8731091022491
13.3148205280304 13.1555588245392 13.1636304855347 13.2303695678711 13.2324409484863 13.2638454437256 13.3372511863708 13.4599895477295 13.3367283344269 13.1574671268463 13.1224498748779 13.190345287323 13.3522396087646 13.2728016376495 13.0893633365631 13.1032583713531 13.1351535320282 13.101048707962 12.9102771282196 12.8475050926208 12.7387337684631 12.7572958469391 12.9383473396301 13.0438888072968 13.1080975532532 13.0743060112 13.0311801433563 13.0273892879486 13.0882637500763 13.1371388435364 13.1040139198303 13.0842223167419 13.0024306774139 12.989972114563 13.0191309452057 12.9532408714294 12.9526841640472 12.9354603290558 12.9102368354797 12.8563468456268 12.7717897891998 12.7278995513916 12.8026757240295 12.8254523277283 12.8215622901917 12.8090052604675 12.83074426651 12.8361115455627 12.8821458816528 12.8855130672455
13.4241194725037 13.5140748023987 13.5640308856964 13.4326539039612 13.2486097812653 13.2838990688324 13.4258553981781 13.5078110694885 13.2344346046448 13.1377234458923 13.1528730392456 13.2078819274902 13.2282245159149 13.3032341003418 13.2762432098389 13.2505857944489 13.1875953674316 13.0459380149841 12.9629464149475 12.920622587204 12.8289651870728 12.7919745445251 12.9434115886688 12.9719445705414 13.0724771022797 13.0743424892426 13.109542131424 13.1334075927734 13.1892733573914 13.1831390857697 13.1683378219604 13.1302034854889 13.0720694065094 13.0339353084564 13.03404545784 13.0124001502991 12.9547548294067 12.9451096057892 12.9047980308533 12.8604853153229 12.7948408126831 12.6798617839813 12.6728835105896 12.7252380847931 12.788259267807 12.8579473495483 12.8894286155701 12.907369852066 12.9093103408813 12.8965849876404
13.3714179992676 13.4059245586395 13.5384314060211 13.4189386367798 13.2187790870667 13.2092862129211 13.2697925567627 13.322966337204 13.3814730644226 13.3693137168884 13.3766288757324 13.3374185562134 13.3208751678467 13.2423326969147 13.0104563236237 12.8739130496979 12.9120366573334 12.8848264217377 12.8569502830505 12.911740064621 12.9751970767975 12.9073202610016 13.0124769210815 13.1180000305176 13.1741900444031 13.1737132072449 13.1119027137756 13.0920922756195 13.1696157455444 13.2071385383606 13.1579954624176 13.1268515586853 13.0737080574036 13.0058979988098 13.0302927494049 13.0168929100037 12.9974925518036 12.9960916042328 12.9873583316803 12.8986251354218 12.6912250518799 12.6038243770599 12.5850908756256 12.6423573493958 12.7129566669464 12.8335564136505 12.9214468002319 12.896627664566 12.9364755153656 12.9729900360107
13.4097852706909 13.3769617080688 13.4148035049438 13.5253129005432 13.5258221626282 13.4156632423401 13.2155058383942 13.2086815834045 13.2851901054382 13.3423657417297 13.390212059021 13.4187281131744 13.4239106178284 13.3190934658051 13.1869435310364 13.0387930870056 13.0019755363464 13.0211589336395 12.9530081748962 13.0135245323181 13.052707195282 13.0638904571533 13.1256306171417 13.1625947952271 13.1975593566895 13.2158575057983 13.2308220863342 13.2091202735901 13.2314176559448 13.2043817043304 13.1926794052124 13.1703107357025 13.1279420852661 13.0482397079468 13.0561146736145 13.0362327098846 12.9663512706757 12.8064694404602 12.5452544689178 12.5527057647705 12.4921581745148 12.3562760353088 12.5177268981934 12.726512670517 12.774631023407 12.8640818595886 12.9398937225342 12.9740655422211 12.9822373390198 12.9584095478058
13.4505572319031 13.3931858539581 13.2904806137085 13.3517758846283 13.3484044075012 13.3656997680664 13.3469948768616 13.3556230068207 13.3689184188843 13.2948799133301 13.1889550685883 13.2104759216309 13.2233300209045 13.3148503303528 13.3510382175446 13.1938922405243 13.0447466373444 13.1009340286255 13.1391212940216 13.152642250061 13.1041634082794 13.0696840286255 13.1255400180817 13.1750621795654 13.1825857162476 13.1787755489349 13.1809656620026 13.1798219680786 13.1706783771515 13.0582010746002 13.1097247600555 13.0559141635895 13.048770904541 12.9396274089813 12.850177526474 12.6810877323151 12.5779981613159 12.5075747966766 12.5644850730896 12.7247288227081 12.8169722557068 12.8738822937012 12.9247932434082 12.9777035713196 12.9472801685333 12.9195239543915 12.9134359359741 12.9083497524261 12.8612635135651 12.7535107135773
13.5293281078339 13.5414097309113 13.5141572952271 13.4795722961426 13.4829876422882 13.3777356147766 13.1818170547485 13.2125654220581 13.3493127822876 13.3940608501434 13.3730311393738 13.3282234668732 13.245415687561 13.2032742500305 13.204466342926 13.1316587924957 13.1308510303497 13.1520428657532 13.1232349872589 13.1124274730682 13.0996196269989 13.0634782314301 13.0354483127594 13.0048630237579 13.0542783737183 13.0390267372131 13.0211088657379 13.1311905384064 13.1806056499481 13.1486873626709 13.121435880661 13.1101846694946 13.0555996894836 12.9136815071106 12.7655732631683 12.6232762336731 12.7523114681244 12.8606810569763 12.8743827342987 12.8787519931793 12.9011211395264 12.9108228683472 12.9225258827209 12.9448947906494 12.9412636756897 12.8896322250366 12.7636449337006 12.582633972168 12.650289773941 12.6346120834351
13.5460999011993 13.5703008174896 13.5971682071686 13.5727024078369 13.5449035167694 13.4764380455017 13.3693056106567 13.3775067329407 13.4737071990967 13.4912416934967 13.4364409446716 13.3866376876831 13.3235013484955 13.3010313510895 13.2158946990967 13.1907579898834 13.1902883052826 13.189151763916 13.192015171051 13.192878484726 13.1370754241943 13.0412719249725 12.9073569774628 12.869330406189 12.8413047790527 12.8692784309387 12.971919298172 13.0658929347992 13.1451995372772 13.1878407001495 13.2024807929993 13.1397879123688 13.0437614917755 12.9744017124176 12.8603031635284 12.8847970962524 12.9559581279755 13.0051190853119 13.011613368988 12.9127748012543 12.8846023082733 12.8444304466248 12.831591129303 12.8820853233337 12.877913236618 12.8224074840546 12.7551872730255 12.6575849056244 12.7159826755524 12.7823801040649
13.5868709087372 13.6131911277771 13.6035122871399 13.585165977478 13.526153087616 13.4884743690491 13.4994611740112 13.5144481658936 13.5081026554108 13.5257563591003 13.4478507041931 13.4097185134888 13.4089200496674 13.2954545021057 13.2026562690735 13.2838573455811 13.2897250652313 13.2715935707092 13.2807948589325 13.270663022995 13.3065311908722 13.2770657539368 13.1865992546082 13.1351318359375 13.0789976119995 13.0575296878815 13.111396074295 13.1692614555359 13.2111270427704 13.2009932994843 13.1635255813599 13.0607244968414 13.040590763092 13.0744557380676 13.0823652744293 13.0616517066956 13.0356049537659 12.9955582618713 12.9495115280151 12.9887976646423 13.0214171409607 13.0060374736786 12.9646570682526 12.9972767829895 12.9758968353271 12.9058499336243 12.8900623321533 12.8578686714172 12.8163418769836 12.8081479072571
13.6136424541473 13.6020827293396 13.5285224914551 13.4696292877197 13.4880695343018 13.5238430500031 13.5202834606171 13.570056438446 13.5791637897491 13.4982707500458 13.4059271812439 13.4887993335724 13.4636723995209 13.3645453453064 13.3067510128021 13.3502902984619 13.3464961051941 13.3313691616058 13.3335750102997 13.2777812480927 13.2713205814362 13.1608600616455 13.1605091094971 13.0702660083771 13.0240235328674 13.1084485054016 13.2108726501465 13.2819640636444 13.280387878418 13.2181460857391 13.1019034385681 13.0976612567902 13.0587525367737 12.9331769943237 12.973094701767 13.0138404369354 13.016585111618 13.0419971942902 13.0567421913147 13.0974872112274 13.0815660953522 13.0589773654938 13.0150561332703 12.9264681339264 12.8972129821777 12.8366248607635 12.7709383964539 12.6574862003326 12.6700346469879 12.6692490577698
13.5590801239014 13.4849729537964 13.4768664836884 13.519425868988 13.5499863624573 13.5652124881744 13.5897719860077 13.6089985370636 13.6055586338043 13.5707850456238 13.5240032672882 13.5305471420288 13.5024247169495 13.4443018436432 13.4061796665192 13.4147231578827 13.4492676258087 13.4364776611328 13.3370220661163 13.2075657844543 13.2027766704559 13.2193202972412 13.188417673111 13.1074004173279 13.1463832855225 13.1586995124817 13.1176824569702 13.1226663589478 13.171648979187 13.2299656867981 13.2169485092163 13.0832650661469 13.0109145641327 12.9918973445892 13.0831575393677 13.1293621063232 13.1208984851837 13.089102268219 13.068639755249 13.1008439064026 12.9323806762695 12.8645849227905 12.7987883090973 12.8249926567078 12.7478632926941 12.7167339324951 12.7611474990845 12.7811040878296 12.7417273521423 12.6863508224487
13.54851770401 13.5305302143097 13.4792101383209 13.4338893890381 13.5059020519257 13.5812482833862 13.6532607078552 13.6706070899963 13.6239531040192 13.6006326675415 13.5854132175446 13.6196281909943 13.5698435306549 13.55939245224 13.5416076183319 13.5044898986816 13.4813716411591 13.4269199371338 13.2944686412811 13.2420170307159 13.1495659351349 13.0411145687103 12.984992980957 13.0658683776855 13.0927431583405 13.0316178798676 13.0204932689667 13.0793681144714 13.1662425994873 13.2097849845886 13.1959934234619 13.1335349082947 13.1724100112915 13.1886188983917 13.2125537395477 13.2328827381134 13.1645457744598 13.1322083473206 13.141871213913 13.1501998901367 13.0738627910614 12.9628582000732 12.8751878738403 12.8948500156403 12.8138463497162 12.7955090999603 12.8513560295105 12.8527212142944 12.8167531490326 12.7887852191925
13.6206228733063 13.5420877933502 13.4182205200195 13.3363523483276 13.5118181705475 13.6312837600708 13.7327494621277 13.7395489215851 13.6896810531616 13.6878130435944 13.7154893875122 13.7213764190674 13.6765956878662 13.6818158626556 13.6597023010254 13.5982556343079 13.4354751110077 13.3780291080475 13.3739149570465 13.1724684238434 13.026355266571 13.002908706665 12.9215683937073 12.9610021114349 13.0691025257111 13.1545362472534 13.153303861618 13.1514031887054 13.2035038471222 13.2262711524963 13.2117047309875 13.2304716110229 13.3299055099487 13.3273386955261 13.2286162376404 13.204404592514 13.1355261802673 13.08664727211 13.0957684516907 13.0722231864929 12.9713444709778 12.8064658641815 12.922253370285 12.9447078704834 12.8811626434326 12.881617307663 12.8982317447662 12.8950052261353 12.921112537384 12.8845529556274
13.6593940258026 13.5296452045441 13.5152306556702 13.5588164329529 13.6477353572845 13.7253201007843 13.7689054012299 13.7778234481812 13.7854089736938 13.7743277549744 13.7628989219666 13.7524566650391 13.7306814193726 13.7109060287476 13.6824638843536 13.6646888256073 13.5389127731323 13.3798038959503 13.304694890976 13.316920042038 13.3258109092712 13.0280356407166 12.8221445083618 12.8468029499054 12.9307954311371 13.0474541187286 13.0881135463715 13.1261060237885 13.1587653160095 13.1807572841644 13.1807496547699 13.1874084472656 13.2754006385803 13.3180594444275 13.273345708847 13.1365926265717 12.9171726703644 13.0617523193359 13.1509993076324 13.1029126644135 12.9841589927673 12.7954061031342 12.8179860115051 12.9372327327728 12.9251458644867 12.9437260627747 12.9044408798218 12.8919560909271 12.8801383972168 12.8563203811646
13.7028317451477 13.6892027854919 13.6542415618896 13.6686127185822 13.7663173675537 13.7960226535797 13.8050601482391 13.823431968689 13.8411371707916 13.8341746330261 13.8123087882996 13.8182046413422 13.7994339466095 13.7539963722229 13.7292256355286 13.680454492569 13.4376838207245 13.2795794010162 13.2101426124573 13.1627044677734 13.2432670593262 13.02849650383 12.8520529270172 12.8219375610352 12.9264883995056 12.9603724479675 12.9862570762634 12.8714747428894 12.9566924571991 13.0119094848633 13.1097939014435 13.1470119953156 13.0928962230682 13.0721135139465 13.040741443634 12.9734470844269 13.0188195705414 13.1128580570221 13.1935632228851 13.1829357147217 13.0776407718658 12.8850131034851 12.9950518608093 13.0424237251282 12.9344623088837 12.9698348045349 12.960649728775 12.8782405853271 12.8998312950134 12.9400885105133
13.7596025466919 13.7920937538147 13.8019180297852 13.7937426567078 13.8422334194183 13.8593909740448 13.8445489406586 13.8637068271637 13.8401985168457 13.8213560581207 13.8123853206635 13.7959523200989 13.8115198612213 13.8030865192413 13.7539873123169 13.6095542907715 13.3224544525146 13.0480215549469 12.9842555522919 12.8711559772491 13.0653896331787 13.1382908821106 13.1806290149689 13.2044048309326 13.1808478832245 12.9919574260712 12.969733953476 12.9455099105835 12.877286195755 12.9410622119904 12.865505695343 12.8259484767914 12.7830579280853 12.7268342971802 12.7514717578888 12.8623015880585 12.9377994537354 13.06529712677 13.1687943935394 13.1569583415985 13.0624558925629 13.0699536800385 13.1887845993042 13.1936147212982 13.1264460086823 13.0026099681854 12.9515252113342 12.9271907806396 13.0048575401306 13.0511901378632
13.73326420784 13.8021237850189 13.8263168334961 13.8271765708923 13.9027030467987 13.92422914505 13.939088344574 13.9399480819702 13.9221408367157 13.8943338394165 13.8680880069733 13.8674035072327 13.8613851070404 13.8300344944 13.6626832485199 13.510665178299 13.3626472949982 13.2419626712799 13.0806114673615 13.087926864624 13.176575422287 13.2832238674164 13.3300726413727 13.287121295929 13.230170249939 13.219886302948 13.2289350032806 13.1239838600159 13.0670325756073 13.0807480812073 13.1144638061523 13.0895125865936 13.0692279338837 12.9562771320343 12.9356293678284 12.9706180095673 13.0042741298676 13.025262594223 13.1122517585754 13.1532406806946 13.0962295532227 13.1792185306549 13.1888740062714 13.1698634624481 13.1241853237152 13.1005079746246 13.1221516132355 13.1397843360901 13.1234166622162 13.0550484657288
13.6764838695526 13.7086272239685 13.8007705211639 13.891580581665 13.9397249221802 13.9572010040283 13.9846777915955 13.9914882183075 13.9849653244019 13.9544417858124 13.9154171943665 13.8598911762238 13.8503649234772 13.7681722640991 13.3459799289703 13.0357871055603 12.9175941944122 13.1327352523804 13.3732089996338 13.4403495788574 13.4654905796051 13.3819642066956 13.2323853969574 13.1167540550232 13.1037895679474 13.2201581001282 13.2085270881653 12.9022288322449 12.98326420784 13.0622997283936 13.1873347759247 13.2723703384399 13.2714059352875 13.2171080112457 13.2225487232208 13.228394985199 13.2142417430878 13.2260885238647 13.2566015720367 13.2211148738861 13.1569616794586 13.1961414813995 13.2126553058624 12.9985010623932 12.9810144901276 13.1241946220398 13.1638627052307 13.1946859359741 13.1541750431061 13.0189981460571
