data/spatiotemp/temp4/bio14_norsw_test_2015_2018.asc
NCOLS 654 
NROWS 380 
XLLCORNER 3.91666666666667 
YLLCORNER 55.3333333333333 
CELLSIZE 0.0416666666666667 
NODATA_value -9999 
[rows 264 to 285 of 380, columns 600 to 649 of 654]
-9999 -9999 -9999 -9999 -9999 22.0420429706573 -9999 22.037540435791 22.0927019119263 22.0836327075958 21.6324863433838 21.6212413311005 22.1364855766296 -9999 -9999 -9999 -9999 -9999 -9999 -9999 -9999 -9999 22.9527671337128 22.6061136722565 22.6105296611786 22.4811539649963 22.7854118347168 22.8144807815552 22.6465849876404 23.0397930145264 22.9864156246185 23.1016278266907 23.1495461463928 22.8453533649445 22.7098169326782 22.7725236415863 22.8352293968201 23.002274274826 23.4414892196655 23.4946262836456 23.6580810546875 23.7193396091461 23.4919018745422 23.5547137260437 23.5269365310669 23.4037973880768 23.6566302776337 23.5162019729614 23.5805945396423 23.7404389381409
-9999 -9999 -9999 -9999 -9999 -9999 -9999 -9999 -9999 -9999 -9999 -9999 -9999 -9999 -9999 -9999 -9999 -9999 -9999 -9999 -9999 -9999 -9999 -9999 22.5888459682465 22.6192653179169 22.7666661739349 22.5136539936066 22.3449265956879 22.657381772995 22.771365404129 22.8017847537994 22.7648389339447 22.9133796691895 23.1730446815491 23.5177800655365 23.0124089717865 23.1704041957855 23.5159268379211 23.570086479187 23.633398771286 23.5048000812531 23.4783742427826 23.350679397583 23.5041048526764 23.6570987701416 23.6258494853973 23.7801659107208 24.0292434692383 23.7873537540436
-9999 -9999 -9999 -9999 -9999 -9999 -9999 -9999 -9999 -9999 -9999 -9999 -9999 -9999 -9999 -9999 -9999 -9999 -9999 -9999 -9999 -9999 -9999 23.9858832359314 22.5677089691162 22.5163462162018 22.5471606254578 22.3767185211182 22.4909749031067 22.5242507457733 22.9199261665344 22.9512374401093 22.9161183834076 23.1791682243347 22.5898661613464 23.0205726623535 23.3734829425812 23.2345225811005 23.6777033805847 23.4508850574493 23.5156972408295 23.3868808746338 23.6453227996826 23.7101354598999 23.769948720932 24.107611656189 23.9717879295349 24.1200549602509 24.176112651825 24.3264789581299
-9999 -9999 -9999 -9999 -9999 -9999 -9999 -9999 -9999 -9999 -9999 -9999 -9999 -9999 -9999 -9999 -9999 23.3637399673462 22.4199452400208 22.505274772644 22.5024588108063 22.6680836677551 22.921856880188 -9999 -9999 22.5792028903961 22.6927065849304 22.6034467220306 22.5571563243866 22.8702759742737 22.9847552776337 22.7322523593903 22.6142737865448 23.04594373703 23.1111462116241 23.4656119346619 23.3339922428131 23.3067548274994 23.5689063072205 23.5245931148529 23.3945245742798 23.7572994232178 23.8248400688171 24.0866622924805 24.1453909873962 24.2868962287903 24.1457762718201 24.1975522041321 24.2493295669556 24.1861038208008
-9999 -9999 -9999 21.7489080429077 22.141871213913 22.0950262546539 22.568427324295 22.1580109596252 22.2048873901367 22.6334536075592 22.6969237327576 22.6813313961029 22.7446467876434 -9999 23.2848401069641 -9999 -9999 24.2242469787598 23.8225483894348 22.5685844421387 22.6427187919617 23.237646818161 -9999 -9999 -9999 -9999 22.4757475852966 22.8697500228882 22.6980080604553 22.7334995269775 22.7651448249817 22.7967889308929 23.3347251415253 23.8883028030396 24.0390701293945 23.6214327812195 23.689471244812 23.7575085163116 23.4451823234558 23.3132095336914 23.7640037536621 24.1178202629089 24.0976963043213 23.8655586242676 23.9210059642792 24.3578233718872 24.1002371311188 24.144862651825 24.4945521354675 24.3328633308411
-9999 -9999 -9999 22.1263003349304 22.1561644077301 22.6286840438843 22.5814146995544 22.6118996143341 23.1026659011841 22.7187192440033 23.2273344993591 23.2896685600281 23.273374080658 23.3355460166931 23.3977179527283 23.4598903656006 23.4389357566833 23.4852480888367 23.5315594673157 22.9304161071777 22.9244811534882 -9999 23.916600227356 24.082573890686 23.9210286140442 23.6680541038513 24.0658917427063 -9999 -9999 -9999 22.6239376068115 22.6980450153351 23.8362345695496 25.9986991882324 26.1325612068176 24.3731427192688 23.9629545211792 23.7452368736267 23.4326171875 23.7957029342651 24.1499128341675 24.3054542541504 24.1757369041443 23.8543491363525 24.2991456985474 24.4287524223328 24.4688720703125 24.4179906845093 24.7428903579712 24.4751043319702
-9999 22.0859086513519 22.1140913963318 22.0652811527252 22.5369148254395 22.6427791118622 22.6715869903564 22.7776441574097 23.1904268264771 23.2502779960632 23.2324237823486 23.6925711631775 23.8029088973999 23.7855825424194 23.7559671401978 23.8030571937561 23.8501467704773 23.8972373008728 23.8652667999268 23.8329572677612 23.5204372406006 23.1526989936829 23.1601357460022 22.7001750469208 22.7850198745728 22.8698637485504 -9999 24.1670832633972 24.4893217086792 24.3670043945312 23.096935749054 22.9702162742615 24.1308045387268 24.5035138130188 24.1423704624176 24.2544887065887 24.2400460243225 23.8186507225037 23.7938885688782 24.159252166748 24.1415901184082 24.2970094680786 24.4536972045898 24.5232095718384 24.2706928253174 24.0159540176392 24.3357453346252 24.1721110343933 24.5128149986267 24.4333233833313
-9999 -9999 23.1721229553223 23.1235589981079 23.0748558044434 23.1024966239929 23.1301379203796 23.1577806472778 23.7245645523071 23.7830739021301 24.2143378257751 24.1965141296387 24.3332529067993 24.3150753974915 24.8287153244019 24.62247133255 24.5927772521973 24.2317128181458 24.4152593612671 24.4627537727356 24.5057973861694 24.1392006874084 23.7642016410828 23.385265827179 23.3923370838165 23.4787197113037 23.3074395656586 23.0962605476379 23.0141067504883 23.5443277359009 23.3707890510559 23.6952900886536 24.0371022224426 23.8197135925293 24.0552473068237 23.3796010017395 23.6546363830566 24.0966954231262 24.1665802001953 23.9476413726807 24.0174856185913 24.0873308181763 24.1571755409241 24.5160012245178 24.6531944274902 24.6811261177063 24.6197047233582 24.7369885444641 24.4564199447632 24.574188709259
23.1397643089294 23.1657676696777 23.1917705535889 23.6638498306274 23.6903681755066 24.0881381034851 24.1150941848755 24.2180562019348 24.1839485168457 24.1644673347473 24.1446175575256 24.2010889053345 24.6204037666321 24.7681751251221 24.8256912231445 24.8057818412781 24.6584362983704 24.7063827514648 24.8997983932495 24.4965257644653 24.5697913169861 24.5307059288025 24.1309723854065 23.8314995765686 24.074236869812 23.9091815948486 24.0258378982544 23.9840717315674 24.0215153694153 24.0589604377747 24.0964045524597 24.1338491439819 24.189667224884 23.9716529846191 24.0445017814636 24.0350608825684 24.1072616577148 24.1794610023499 24.2516617774963 24.3238615989685 24.0944695472717 24.165328502655 24.2361879348755 24.191831111908 24.5297799110413 24.754222869873 24.7767109870911 24.7992000579834 24.8216881752014 24.8441762924194
24.0555510520935 24.1555843353271 24.1808099746704 24.2060346603394 24.6042523384094 24.5546355247498 24.6554579734802 24.6056761741638 25.0961627960205 25.1521410942078 25.0124473571777 24.7348809242249 25.1674995422363 25.006688117981 24.9020266532898 25.1677989959717 25.1391711235046 25.2646570205688 24.8192882537842 24.8629112243652 24.4740209579468 24.4869236946106 24.557993888855 24.5978984832764 24.3673319816589 24.4562382698059 24.511577129364 24.5504393577576 24.6682505607605 24.415141582489 24.6670274734497 24.7058911323547 24.5519437789917 24.2548785209656 24.3294930458069 24.1080961227417 24.2637486457825 24.2545847892761 24.3278293609619 24.4010734558105 24.474317073822 24.7532205581665 24.6065740585327 24.7654762268066 24.5191469192505 24.9086174964905 24.9994993209839 24.8016080856323 24.8055334091187 24.8955001831055
24.0712237358093 24.1723079681396 24.6473879814148 25.572256565094 25.6004014015198 25.6285448074341 25.5817608833313 25.6098122596741 25.1998200416565 25.7060947418213 25.685389995575 25.6643028259277 25.718761920929 25.697105884552 25.7513737678528 25.8056421279907 25.4011244773865 25.3775992393494 25.5078229904175 25.0223770141602 24.9397439956665 25.109203338623 24.6567316055298 24.746705532074 24.9146723747253 25.0047874450684 25.0949048995972 25.185022354126 25.0130982398987 25.0535273551941 25.3076581954956 25.0553975105286 24.9002404212952 24.8958487510681 24.7594990730286 24.5381555557251 24.3203959465027 24.2217745780945 24.3766102790833 24.4488520622253 24.3017997741699 24.4584765434265 24.4448308944702 24.5163474082947 24.9121947288513 24.9151110649109 24.9180278778076 24.5166673660278 24.7226223945618 24.9267778396606
24.5237412452698 25.0784912109375 26.0092401504517 25.9685997962952 26.0769119262695 26.1854462623596 26.1445851325989 26.1035013198853 26.1185364723206 25.7481508255005 25.8014154434204 25.8546810150146 25.9079456329346 25.809289932251 25.8621959686279 25.8387856483459 25.8915128707886 25.8675632476807 25.3816843032837 25.4331517219543 25.5053687095642 25.2099041938782 25.2236332893372 25.3147010803223 25.4772562980652 25.2234883308411 25.4029564857483 25.306013584137 25.2689361572266 25.2346415519714 25.2741007804871 25.0998063087463 25.1563835144043 24.9264526367188 25.0063571929932 24.8668823242188 24.4295554161072 24.7114062309265 24.4807786941528 24.6760492324829 24.5363941192627 24.605589389801 24.55424451828 24.3497242927551 24.6048021316528 24.6128673553467 24.7079911231995 24.7121472358704 24.6343150138855 24.6439213752747
24.9772229194641 25.4638752937317 25.9518256187439 25.9907507896423 26.1041116714478 26.1431636810303 26.1822171211243 26.2212696075439 26.2671675682068 26.2447776794434 25.7665944099426 26.2744569778442 26.3018178939819 25.8453598022461 25.8967151641846 25.871928691864 25.8468050956726 25.7954139709473 25.8384780883789 25.923047542572 25.5306129455566 25.6853256225586 25.6497774124146 25.7687478065491 25.5927352905273 25.5572414398193 25.5992951393127 25.1410188674927 25.1830439567566 25.1910996437073 25.5828471183777 25.3822417259216 24.9063625335693 24.6010279655457 24.8817901611328 25.0203824043274 24.8375663757324 24.8651547431946 24.932005405426 24.7064251899719 24.3837060928345 24.0950837135315 24.6502947807312 24.6791186332703 24.6748380661011 24.687915802002 24.8988695144653 24.9126539230347 24.9264392852783 24.5997242927551
25.5053753852844 25.9985041618347 26.0427722930908 26.0870423316956 26.131311416626 26.1755800247192 26.2198486328125 26.1894016265869 26.1620903015137 26.2129168510437 26.263744354248 26.3145704269409 25.8316254615784 25.8814282417297 25.8554248809814 26.270486831665 26.0917415618896 26.3531293869019 25.9775748252869 26.027063369751 25.8781518936157 25.81050157547 25.622504234314 25.5863947868347 25.1862945556641 25.1953344345093 25.5343170166016 25.7616658210754 25.2730865478516 25.2820358276367 25.6216464042664 25.2216005325317 25.1609535217285 25.0806007385254 25.1069369316101 25.0254416465759 25.0513987541199 24.6140322685242 24.640655040741 24.4570350646973 24.1648564338684 24.2189421653748 24.4281740188599 24.6628956794739 24.6847939491272 24.4959726333618 24.6939959526062 25.1148920059204 25.1325278282166 24.8105049133301
26.0340518951416 26.0836992263794 26.5105261802673 26.5312638282776 26.3471188545227 26.6028213500977 26.7117609977722 26.5997672080994 26.5628256797791 26.6380653381348 26.2303781509399 26.2794790267944 26.2532286643982 26.2266845703125 26.351137638092 26.4000926017761 26.449047088623 26.1918420791626 26.2306537628174 25.9778909683228 25.9111704826355 25.8884906768799 25.8282113075256 25.8380680084229 25.8479256629944 25.9350290298462 25.5450100898743 25.7217988967896 25.52978515625 25.5392532348633 25.442346572876 25.5969624519348 24.922682762146 24.6250376701355 24.6494565010071 24.6738753318787 24.5092515945435 24.8257884979248 24.8492565155029 24.6617851257324 24.6858263015747 24.709867477417 24.6505351066589 24.7579483985901 24.9619064331055 24.6917314529419 24.9202756881714 24.6900491714478 24.5063710212708 24.7323217391968
26.343460559845 26.472336769104 26.9059715270996 26.5835609436035 26.7072868347168 26.6947855949402 26.676064491272 26.2753028869629 26.7835321426392 26.7573609352112 26.5702548027039 26.1695775985718 26.6772284507751 26.793025970459 26.3868417739868 26.3586249351501 26.4058866500854 25.9734749794006 25.9835638999939 26.2835478782654 26.2159600257874 25.9469022750854 25.9301552772522 25.8474450111389 25.8580660820007 25.8406939506531 25.9531402587891 25.6823706626892 25.4654488563538 25.4755253791809 25.4856028556824 25.2796521186829 25.1101140975952 24.5576810836792 24.4720668792725 24.7082352638245 24.8100137710571 24.5100512504578 24.6636929512024 24.8967056274414 24.9993786811829 24.8924398422241 24.8319654464722 24.951536655426 24.7663798332214 24.4731273651123 24.9151010513306 24.9410910606384 24.5099635124207 24.5364480018616
26.3504972457886 26.4112162590027 26.4719381332397 26.5326595306396 26.5933785438538 26.6540994644165 26.6406064033508 26.7011303901672 26.754843711853 26.7270503044128 26.5732097625732 26.6826319694519 26.6158590316772 26.7073035240173 26.2719192504883 26.6646037101746 26.3630995750427 26.3330049514771 26.4273419380188 26.1169123649597 26.3983936309814 26.1127004623413 25.9498963356018 25.9616298675537 25.9733638763428 26.0219302177429 26.032742023468 25.9941415786743 26.0250477790833 25.7408227920532 25.2059006690979 25.2170085906982 25.1240320205688 25.2508978843689 24.695059299469 24.9287528991699 24.9474139213562 24.8327240943909 24.7421340942383 24.7613816261292 24.7806296348572 24.5886254310608 24.5262565612793 24.2959427833557 24.5713810920715 24.6996083259583 24.2722578048706 24.3037853240967 24.6271948814392 24.6585431098938
26.619535446167 26.3505043983459 26.8692564964294 26.482093334198 26.4742178916931 26.5398015975952 26.679479598999 26.6709671020508 26.6518836021423 26.6936888694763 26.7257981300354 26.7123880386353 26.7146053314209 26.6417870521545 26.5687446594238 26.5707359313965 26.572726726532 26.5747179985046 26.50110912323 26.3495054244995 26.0614795684814 25.9751863479614 25.9878687858582 25.8189468383789 25.8311405181885 25.5177125930786 25.4328327178955 25.4453148841858 25.3807754516602 25.3931102752686 25.3281269073486 24.7947211265564 24.9177041053772 24.9338183403015 24.8407883644104 24.6414098739624 24.7369356155396 24.8332262039185 24.9837889671326 24.7868866920471 24.2300763130188 24.5776424407959 24.3455648422241 24.2809858322144 24.2252235412598 24.3574638366699 24.6011033058167 24.7488741874695 24.54643201828 24.5817527770996
26.2919654846191 26.3630294799805 26.7532162666321 26.8133635520935 26.8851432800293 26.5735421180725 26.6443772315979 26.7152132987976 26.6980605125427 26.7415623664856 26.7850623130798 26.2911081314087 26.3337292671204 26.3014698028564 26.5882964134216 26.3656187057495 26.5126776695251 26.5123596191406 26.5120406150818 26.542694568634 26.2932481765747 25.9085569381714 25.8163366317749 25.8292818069458 25.8422274589539 25.8551712036133 25.5876355171204 25.6003050804138 25.5361709594727 25.733464717865 25.5283422470093 25.5737357139587 25.1189579963684 25.0240840911865 24.7435941696167 24.9420671463013 24.9556589126587 24.969250202179 24.9828419685364 24.7827081680298 24.2227458953857 24.1565766334534 24.3828616142273 24.6081290245056 24.4229941368103 24.2666168212891 24.3882346153259 24.4274606704712 24.466685295105 24.7055802345276
26.2268400192261 26.2302994728088 26.3061423301697 26.308865070343 26.4578275680542 26.5336699485779 26.5356550216675 26.6535902023315 27.1840691566467 26.9495449066162 26.8728203773499 26.7959113121033 26.5890555381775 26.6415500640869 26.8253254890442 26.6054267883301 26.2789630889893 26.0536313056946 26.0522541999817 26.2714347839355 25.8739190101624 25.8877644538879 26.1233186721802 26.0609464645386 25.7466521263123 25.836163520813 25.8496880531311 25.6133694648743 25.4073486328125 25.748471736908 25.1078834533691 24.9031186103821 24.8069519996643 24.7412981987 24.6750292778015 24.6863284111023 24.8028030395508 24.9498534202576 24.9027910232544 24.6991200447083 24.4293456077576 24.3398408889771 24.1588530540466 24.0897908210754 24.1174397468567 24.1614680290222 24.5303287506104 24.5425577163696 24.586594581604 24.6306324005127
26.2343163490295 26.2432317733765 26.2516222000122 26.3324389457703 26.559681892395 26.5675463676453 26.5874614715576 26.816737651825 26.6865320205688 26.6210889816284 26.6322631835938 26.4174928665161 26.5056252479553 26.5166401863098 26.5276532173157 26.2900381088257 26.2947344779968 26.0667881965637 26.0622000694275 26.2056541442871 26.1353831291199 25.9939560890198 25.5112476348877 25.8253011703491 25.7572379112244 25.9455990791321 25.6122756004333 25.7705407142639 25.7078204154968 25.6869640350342 24.8273105621338 24.7649564743042 24.7767009735107 24.6758303642273 24.6070847511292 24.6156339645386 24.6241822242737 24.8156762123108 24.823657989502 24.831639289856 24.8396224975586 24.385627746582 24.3943166732788 24.403003692627 24.2187638282776 24.4795951843262 24.5277590751648 24.4609475135803 24.5087890625 24.5249485969543
25.9413681030273 26.2530679702759 26.2454996109009 26.3101534843445 26.3748054504395 26.3661193847656 26.7151145935059 26.5504665374756 26.6448655128479 26.6159048080444 26.5515689849854 26.6356539726257 26.5711812973022 26.5809869766235 26.5163059234619 26.5260429382324 26.2876315116882 26.2227396965027 26.2220573425293 26.1403141021729 26.1444001197815 25.9764428138733 26.0377368927002 26.0825080871582 25.7732424736023 25.6419682502747 25.6570243835449 25.816912651062 25.6109895706177 25.6258945465088 24.9856381416321 24.7808570861816 25.0107383728027 24.8294787406921 24.5397605895996 24.7006077766418 24.4584155082703 24.3530960083008 24.6096873283386 24.5029573440552 24.5084981918335 24.6273856163025 24.3051443099976 24.3111453056335 24.3055205345154 24.3578243255615 24.622389793396 24.6741013526917 24.8085498809814 24.7775230407715
