data/spatiotemp/temp4/bio11_norsw_test_2015_2018.asc
NCOLS 654 
NROWS 380 
XLLCORNER 3.91666666666667 
YLLCORNER 55.3333333333333 
CELLSIZE 0.0416666666666667 
NODATA_value -9999 
[rows 176 to 197 of 380, columns 480 to 527 of 654]
-6.40354418754578 -6.41487121582031 -6.45236492156982 -6.43919193744659 -6.41468560695648 -6.41184568405151 -6.40083932876587 -6.32683289051056 -6.31443881988525 -6.29798984527588 -6.26004076004028 -6.19609141349792 -6.1601425409317 -6.15219342708588 -6.14607787132263 -6.16196203231812 -6.24084603786469 -6.33373034000397 -6.33328127861023 -6.29699909687042 -6.27273297309875 -6.22131657600403 -6.25856673717499 -6.27965044975281 -6.28090047836304 -6.24836266040802 -6.20831751823425 -6.29565143585205 -6.39973509311676 -6.41548550128937 -6.43156898021698 -6.43398582935333 -6.43736433982849 -6.44095420837402 -6.44671046733856 -6.46613347530365 -6.5228898525238 -6.55531275272369 -6.5745689868927 -6.60165882110596 -6.58374857902527 -6.58850491046906 -6.61276113986969 -6.64285087585449 -6.69418001174927 -6.70824801921844 -6.69964993000031 -6.69405126571655
-6.38782501220703 -6.39269661903381 -6.44073438644409 -6.45243906974792 -6.40914368629456 -6.3378484249115 -6.29305303096771 -6.24009084701538 -6.27820181846619 -6.31138551235199 -6.25123572349548 -6.15591931343079 -6.09726965427399 -6.09078669548035 -6.11713695526123 -6.172487616539 -6.20483767986298 -6.23652124404907 -6.26753830909729 -6.25422167778015 -6.21148037910461 -6.16648077964783 -6.172647356987 -6.21596729755402 -6.2478141784668 -6.23461031913757 -6.20393145084381 -6.2254194021225 -6.25057423114777 -6.26472890377045 -6.30921685695648 -6.33403837680817 -6.35431742668152 -6.36372053623199 -6.36679077148438 -6.42702758312225 -6.45826423168182 -6.4930008649826 -6.5552374124527 -6.59514093399048 -6.60171055793762 -6.60828053951263 -6.63268399238586 -6.64458775520325 -6.6098290681839 -6.59557569026947 -6.69232225418091 -6.70373547077179
-6.35976207256317 -6.34840977191925 -6.37005770206451 -6.40837204456329 -6.42451965808868 -6.37550091743469 -6.29764878749847 -6.20762979984283 -6.20955884456635 -6.24426853656769 -6.19614565372467 -6.09868896007538 -6.03823244571686 -6.07327580451965 -6.1663191318512 -6.21436262130737 -6.22157287597656 -6.1929497718811 -6.19399297237396 -6.17703640460968 -6.17585813999176 -6.12809026241302 -6.11547911167145 -6.15570092201233 -6.17842292785645 -6.14797794818878 -6.14620018005371 -6.17525553703308 -6.15064418315887 -6.17086613178253 -6.21942126750946 -6.26697683334351 -6.34047329425812 -6.36141109466553 -6.37601459026337 -6.43145179748535 -6.44438910484314 -6.51232635974884 -6.56959736347198 -6.59453439712524 -6.58497166633606 -6.58040916919708 -6.60851275920868 -6.63528335094452 -6.64251673221588 -6.63487958908081 -6.69840919971466 -6.66927194595337
-6.30202257633209 -6.27351200580597 -6.26866841316223 -6.27932453155518 -6.30931437015533 -6.32430398464203 -6.2849600315094 -6.23111653327942 -6.14600968360901 -6.13597321510315 -6.125936627388 -6.08923351764679 -6.03469693660736 -6.05299401283264 -6.14612424373627 -6.21125459671021 -6.22238445281982 -6.1856814622879 -6.15531194210052 -6.12777531147003 -6.13669908046722 -6.14124894142151 -6.10849666595459 -6.10915327072144 -6.12797677516937 -6.10680019855499 -6.12429022789001 -6.18694722652435 -6.22693705558777 -6.21126055717468 -6.21875083446503 -6.26324105262756 -6.30466532707214 -6.33485651016235 -6.36858189105988 -6.41123950481415 -6.40376448631287 -6.45678961277008 -6.50014793872833 -6.54367256164551 -6.57636415958405 -6.54155564308167 -6.54374718666077 -6.59527206420898 -6.61940979957581 -6.65349352359772 -6.66774368286133 -6.65882730484009
-6.23761630058289 -6.26494777202606 -6.27327919006348 -6.24444401264191 -6.18294191360474 -6.151606798172 -6.13360476493835 -6.16326940059662 -6.11412692070007 -6.1205108165741 -6.15489482879639 -6.10894465446472 -6.11382830142975 -6.07737874984741 -6.05392909049988 -6.10047948360443 -6.14319658279419 -6.14358019828796 -6.15613079071045 -6.13084757328033 -6.12603962421417 -6.17287302017212 -6.15403974056244 -6.1732063293457 -6.16437315940857 -6.19637322425842 -6.21104693412781 -6.25030553340912 -6.25789701938629 -6.20048856735229 -6.19374680519104 -6.2270051240921 -6.26585698127747 -6.28846943378448 -6.31608188152313 -6.38202774524689 -6.39180672168732 -6.43291938304901 -6.48036515712738 -6.50681090354919 -6.53559017181396 -6.51653563976288 -6.50831508636475 -6.5324273109436 -6.53863608837128 -6.56977379322052 -6.49007821083069 -6.41904938220978
-6.19021022319794 -6.22804999351501 -6.24555647373199 -6.20422971248627 -6.11456966400146 -6.06507611274719 -6.04924952983856 -6.04575622081757 -6.08291113376617 -6.14338195323944 -6.17218554019928 -6.14665591716766 -6.12145948410034 -6.0722633600235 -6.02823424339294 -6.04070448875427 -6.07884204387665 -6.09414565563202 -6.0977828502655 -6.09491991996765 -6.10004699230194 -6.15149712562561 -6.13294720649719 -6.20089709758759 -6.17801415920258 -6.23513102531433 -6.25058114528656 -6.19016349315643 -6.183189868927 -6.21071624755859 -6.2724095582962 -6.30043566226959 -6.29304885864258 -6.28241586685181 -6.3039493560791 -6.37214910984039 -6.40351581573486 -6.45038235187531 -6.4607492685318 -6.44961583614349 -6.46298265457153 -6.49401605129242 -6.51054930686951 -6.52508270740509 -6.52802896499634 -6.50955414772034 -6.37307953834534 -6.23214864730835
-6.20563697814941 -6.15798544883728 -6.12533378601074 -6.08084881305695 -6.03153073787689 -6.03087913990021 -6.05089426040649 -6.04357588291168 -6.1065286397934 -6.18208599090576 -6.17864346504211 -6.13203406333923 -6.04492473602295 -6.02431511878967 -6.04270601272583 -6.04542982578278 -6.07365369796753 -6.07737767696381 -6.00610184669495 -5.88449227809906 -5.91522085666656 -5.96412122249603 -5.96068823337555 -6.1392548084259 -6.1789882183075 -6.15343284606934 -6.15756034851074 -6.13668835163116 -6.13531637191772 -6.18211078643799 -6.24623870849609 -6.29428923130035 -6.3039493560791 -6.26403510570526 -6.22878789901733 -6.33793711662292 -6.39955818653107 -6.41701233386993 -6.42663300037384 -6.40792095661163 -6.41887497901917 -6.43182921409607 -6.5009503364563 -6.50340473651886 -6.50125479698181 -6.49600100517273 -6.45591402053833 -6.27778339385986
-6.23056435585022 -6.19575428962708 -6.12344455718994 -6.05046820640564 -5.98199152946472 -5.98234832286835 -5.99637198448181 -5.99122881889343 -6.06914615631104 -6.12479054927826 -6.10810112953186 -6.08807873725891 -6.04155576229095 -6.03519999980927 -6.01884377002716 -5.9951548576355 -6.01679909229279 -6.04777634143829 -5.9827538728714 -5.84473133087158 -5.82839518785477 -5.82641208171844 -5.89309549331665 -6.10777914524078 -6.16319179534912 -6.15858781337738 -6.19215047359467 -6.22937989234924 -6.24044251441956 -6.21283888816833 -6.16390144824982 -6.15079760551453 -6.1777663230896 -6.16598272323608 -6.09924507141113 -6.28567409515381 -6.33260011672974 -6.36080896854401 -6.33268392086029 -6.31689214706421 -6.3352677822113 -6.35430955886841 -6.39518463611603 -6.44706010818481 -6.49798142910004 -6.50561499595642 -6.46658229827881 -6.37038266658783
-6.17199146747589 -6.2070232629776 -6.14922213554382 -6.01258754730225 -5.93561923503876 -5.89198482036591 -5.95768356323242 -5.94038200378418 -5.95342993736267 -5.98832786083221 -6.01089203357697 -6.01095616817474 -6.00852072238922 -6.03075158596039 -6.03881585597992 -6.04471349716187 -6.0676109790802 -6.06967508792877 -6.10440599918365 -6.1413037776947 -6.15790271759033 -6.10520267486572 -6.12633633613586 -6.16930305957794 -6.18957912921906 -6.24007642269135 -6.26440715789795 -6.26857149600983 -6.26640212535858 -6.2462329864502 -6.18239712715149 -6.12756145000458 -6.11129152774811 -6.11692106723785 -6.05436909198761 -6.27030813694 -6.31880915164948 -6.32160520553589 -6.26973485946655 -6.27153098583221 -6.26266026496887 -6.32312321662903 -6.34641909599304 -6.34521543979645 -6.46787405014038 -6.46772885322571 -6.47525000572205 -6.46360468864441
-6.06591820716858 -6.06762552261353 -6.01833283901215 -5.93470668792725 -5.87858068943024 -5.8381210565567 -5.98932826519012 -5.95786869525909 -5.94471442699432 -5.93203210830688 -5.96568322181702 -5.99983417987823 -6.01481854915619 -6.05613601207733 -6.11028742790222 -6.15927183628082 -6.1682562828064 -6.15257394313812 -6.16972494125366 -6.15470921993256 -6.15940988063812 -6.18532693386078 -6.18807697296143 -6.16282713413239 -6.15313303470612 -6.17673194408417 -6.21566426753998 -6.25026297569275 -6.27202832698822 -6.24796080589294 -6.1940598487854 -6.1243257522583 -6.11948347091675 -6.13720059394836 -6.09008407592773 -6.14760899543762 -6.16235172748566 -6.17673528194427 -6.17378568649292 -6.24100244045258 -6.20921945571899 -6.26826965808868 -6.39132022857666 -6.40637052059174 -6.42243361473083 -6.44117569923401 -6.42858481407166 -6.43949353694916
-6.05634546279907 -6.00656127929688 -5.99244356155396 -5.93715918064117 -5.89420795440674 -5.89525699615479 -5.90997266769409 -5.91918814182281 -5.93016493320465 -5.97056984901428 -6.00380754470825 -6.02271211147308 -6.04478323459625 -6.10635447502136 -6.14975917339325 -6.15949678421021 -6.15573477745056 -6.1749724149704 -6.15621042251587 -6.18028151988983 -6.23175096511841 -6.2501175403595 -6.17581796646118 -6.08781969547272 -6.13421869277954 -6.18105363845825 -6.18008768558502 -6.19912135601044 -6.24082148075104 -6.25552189350128 -6.24088907241821 -6.22458958625793 -6.19950878620148 -6.12664663791656 -6.10528481006622 -6.02225601673126 -5.91486811637878 -5.87916016578674 -5.95628559589386 -6.16214084625244 -6.18170261383057 -6.18141663074493 -6.25838780403137 -6.28985917568207 -6.35065960884094 -6.37662291526794 -6.4039192199707 -6.42104887962341
-5.96210587024689 -5.94216370582581 -5.93972086906433 -5.91327822208405 -5.89466917514801 -5.91205990314484 -5.92461729049683 -5.92784154415131 -5.97728264331818 -6.06694078445435 -6.08209848403931 -6.06242334842682 -6.01658141613007 -6.07307279109955 -6.12106394767761 -6.0962221622467 -6.06888020038605 -6.10320472717285 -6.12886273860931 -6.16502046585083 -6.21609115600586 -6.23174166679382 -6.21889209747314 -6.13854265213013 -6.1783595085144 -6.20167624950409 -6.15866005420685 -6.13664364814758 -6.16744792461395 -6.17324995994568 -6.19705188274384 -6.20902049541473 -6.220867395401 -6.16725981235504 -6.07865178585052 -6.03054404258728 -6.02376925945282 -5.95581376552582 -5.96261560916901 -6.0922794342041 -6.14017152786255 -6.11989688873291 -6.02562236785889 -6.02229118347168 -6.24221909046173 -6.33556962013245 -6.37725365161896 -6.38077116012573
-5.89519971609116 -5.91943234205246 -5.96683168411255 -5.97139751911163 -5.968630194664 -5.96919620037079 -5.99676239490509 -6.00566172599792 -6.01590025424957 -6.05914497375488 -6.07988965511322 -6.10080134868622 -6.1207127571106 -6.08579087257385 -6.06420254707336 -6.10261392593384 -6.11585867404938 -6.13743650913239 -6.20284807682037 -6.18359291553497 -6.19359874725342 -6.20153248310089 -6.17146646976471 -6.14356684684753 -6.12683379650116 -6.10869753360748 -6.07993423938751 -6.13217103481293 -6.13107419013977 -6.09514451026917 -6.13404762744904 -6.19128453731537 -6.24622595310211 -6.24170577526093 -6.18701899051666 -6.09716534614563 -6.05031168460846 -6.06712460517883 -6.0419374704361 -6.09808444976807 -6.15489733219147 -5.98321413993835 -5.76819211244583 -5.73150396347046 -5.8888167142868 -6.10029733181 -6.25811100006104 -6.34382653236389
-5.8501268029213 -5.89403468370438 -5.94727563858032 -6.0005167722702 -6.00042462348938 -6.02966558933258 -6.04474020004272 -6.01431465148926 -6.00518453121185 -5.99968230724335 -6.03634762763977 -6.06567919254303 -6.09051060676575 -6.0830090045929 -6.08734059333801 -6.142005443573 -6.20883691310883 -6.23200213909149 -6.25150036811829 -6.25166511535645 -6.21443951129913 -6.16915678977966 -6.18220710754395 -6.11475765705109 -6.10751461982727 -6.11535274982452 -6.02585792541504 -6.04852950572968 -6.11317658424377 -6.10856020450592 -6.14687705039978 -6.14938199520111 -6.20258462429047 -6.22981834411621 -6.18521928787231 -6.0731201171875 -6.04135394096375 -6.05408799648285 -6.04515516757965 -6.04705560207367 -6.07278966903687 -6.0278571844101 -5.93222832679749 -5.81838321685791 -5.83490324020386 -5.92328894138336 -6.15034103393555 -6.24939322471619
-5.87302911281586 -5.92557430267334 -5.96445262432098 -5.9763308763504 -5.96337604522705 -5.96058773994446 -6.01063275337219 -5.99901103973389 -5.98786306381226 -5.96202230453491 -6.02134811878204 -6.04250729084015 -6.02683317661285 -6.04865884780884 -6.07648456096649 -6.09164381027222 -6.1134694814682 -6.14896214008331 -6.18695461750031 -6.2031135559082 -6.17487728595734 -6.15641176700592 -6.15561270713806 -6.08264744281769 -6.07752656936646 -6.07234859466553 -6.00100433826447 -6.04232656955719 -6.04481995105743 -6.00902140140533 -6.04912662506104 -6.10344874858856 -6.11562860012054 -6.13033211231232 -6.08420240879059 -6.00723910331726 -5.99194276332855 -6.01464653015137 -5.95735013484955 -5.97922027111053 -5.970090508461 -5.94779419898987 -5.9871643781662 -5.98120152950287 -5.96804761886597 -5.99435770511627 -6.11016809940338 -6.20614492893219
-5.93624007701874 -5.97421765327454 -5.96752882003784 -5.94050669670105 -5.92248451709747 -5.9326286315918 -5.97993969917297 -5.98025071620941 -5.99543678760529 -6.00233066082001 -6.02522468566895 -6.02045214176178 -6.00384640693665 -6.02740716934204 -6.05863463878632 -6.04452884197235 -6.0360894203186 -6.07115006446838 -6.11787736415863 -6.16643834114075 -6.1405782699585 -6.10729789733887 -6.10501718521118 -6.03964042663574 -6.04566299915314 -6.03435170650482 -6.0063738822937 -6.02044665813446 -5.89516639709473 -5.71938556432724 -5.8006049990654 -6.01932430267334 -6.06519103050232 -6.0174126625061 -5.99230146408081 -5.96218979358673 -5.96274542808533 -5.95513391494751 -5.91718900203705 -5.88141119480133 -5.9016569852829 -5.93818819522858 -5.97441005706787 -5.96696531772614 -5.94220435619354 -5.97229385375977 -6.06054985523224 -6.15568053722382
-5.90061777830124 -5.90952825546265 -5.9061051607132 -5.91201555728912 -5.93825924396515 -5.94933652877808 -5.97141361236572 -5.97432374954224 -6.01384353637695 -6.05397272109985 -6.09260165691376 -6.0423971414566 -6.01485979557037 -6.05348873138428 -6.04378461837769 -6.03691375255585 -6.01654267311096 -6.02617156505585 -6.067134141922 -6.08676314353943 -6.04407644271851 -5.99863219261169 -6.00485420227051 -5.99241006374359 -5.98296570777893 -5.95468819141388 -5.93687117099762 -5.96510827541351 -5.87851285934448 -5.63108336925507 -5.60332095623016 -5.91755831241608 -6.05425298213959 -6.0213268995285 -5.9414005279541 -5.90747392177582 -5.92354762554169 -5.91428780555725 -5.9326947927475 -5.87294185161591 -5.81236612796783 -5.73229032754898 -5.78848892450333 -5.87589609622955 -5.94976186752319 -5.94575357437134 -5.98057854175568 -6.06607007980347
-5.85166186094284 -5.86583834886551 -5.88301455974579 -5.89385807514191 -5.92836743593216 -5.9697105884552 -5.98138737678528 -5.98156368732452 -6.00558376312256 -6.07978093624115 -6.07481181621552 -6.01900911331177 -6.02087295055389 -6.04290378093719 -6.01260113716125 -6.00546526908875 -6.00181519985199 -6.0206161737442 -6.04289042949677 -6.05705106258392 -6.04057931900024 -5.99016833305359 -6.00759065151215 -6.0158463716507 -5.964435338974 -5.91819107532501 -5.88378012180328 -5.90177011489868 -5.8290256857872 -5.59644782543182 -5.50953680276871 -5.77462577819824 -5.98014891147614 -5.91590762138367 -5.89133274555206 -5.86975789070129 -5.87484991550446 -5.86994206905365 -5.74404853582382 -5.73331165313721 -5.78740829229355 -5.62233811616898 -5.52793484926224 -5.62886482477188 -5.76331859827042 -5.94829607009888 -5.92644047737122 -5.84975099563599
-5.85137283802032 -5.83264863491058 -5.85592442750931 -5.90203350782394 -5.88347619771957 -5.92308515310287 -5.95002746582031 -5.96063649654388 -5.98799073696136 -6.02458953857422 -6.01885521411896 -5.9872875213623 -6.0030529499054 -6.01165175437927 -5.99858427047729 -5.96668314933777 -5.94594871997833 -5.96838116645813 -6.02381324768066 -6.05632936954498 -6.04708230495453 -5.99037110805511 -6.01266014575958 -6.01428246498108 -5.97290503978729 -5.91452741622925 -5.86164975166321 -5.86593878269196 -5.78437167406082 -5.65381228923798 -5.68125236034393 -5.82902610301971 -5.8947114944458 -5.82848834991455 -5.81159853935242 -5.74320864677429 -5.76481914520264 -5.80880981683731 -5.61424565315247 -5.68634808063507 -5.8901172876358 -5.74455296993256 -5.57848876714706 -5.63459104299545 -5.68585330247879 -5.83794212341309 -5.87753105163574 -5.79645311832428
-5.88058388233185 -5.84345895051956 -5.87750065326691 -5.88904237747192 -5.87775081396103 -5.8786261677742 -5.90166789293289 -5.90620958805084 -5.94806391000748 -5.99539792537689 -5.9847320318222 -5.98439908027649 -6.01806616783142 -6.02740013599396 -6.01273381710052 -5.99823462963104 -5.9835684299469 -5.96756899356842 -5.97173619270325 -6.02540349960327 -6.00375115871429 -5.99957382678986 -5.98339629173279 -5.98105227947235 -5.95254147052765 -5.90503013134003 -5.89518600702286 -5.87717521190643 -5.81316411495209 -5.76267665624619 -5.77146852016449 -5.80846482515335 -5.84327363967896 -5.78373581171036 -5.80853080749512 -5.7011182308197 -5.66972661018372 -5.64900147914886 -5.63060975074768 -5.82538449764252 -5.9064689874649 -5.85893082618713 -5.84489262104034 -5.80852127075195 -5.79176795482635 -5.79496628046036 -5.82312172651291 -5.86115539073944
-5.81812822818756 -5.84510254859924 -5.83224356174469 -5.81155145168304 -5.80835920572281 -5.80433386564255 -5.84364157915115 -5.90311598777771 -5.94880419969559 -5.97853994369507 -6.0036084651947 -6.01867723464966 -6.06291306018829 -6.04614865779877 -5.99871718883514 -6.00786602497101 -6.00441253185272 -5.982626080513 -5.96115952730179 -6.04656159877777 -6.04758775234222 -6.02861022949219 -6.01963257789612 -6.03765511512756 -6.00867760181427 -5.97736668586731 -5.94172251224518 -5.91174507141113 -5.85360062122345 -5.7857900261879 -5.69935113191605 -5.75499439239502 -5.83016955852509 -5.78064978122711 -5.7906299829483 -5.79827684164047 -5.71175706386566 -5.59852606058121 -5.63830679655075 -5.77892118692398 -5.84667813777924 -5.84399157762527 -5.80613845586777 -5.79578518867493 -5.78132575750351 -5.76759266853333 -5.84037911891937 -5.82952404022217
-5.74533897638321 -5.80624639987946 -5.80448639392853 -5.79739367961884 -5.78846740722656 -5.79120779037476 -5.82728183269501 -5.88885563611984 -5.91437792778015 -5.95134818553925 -5.99831867218018 -6.00795602798462 -5.99375951290131 -5.9787300825119 -5.95968776941299 -5.97283792495728 -5.95164144039154 -5.92240715026855 -5.90258258581161 -5.91805303096771 -5.97045242786407 -6.00964629650116 -6.03436899185181 -6.04877018928528 -6.05964720249176 -6.01903653144836 -5.96025896072388 -5.92081439495087 -5.85803717374802 -5.79275989532471 -5.76423346996307 -5.83187127113342 -5.84306514263153 -5.87389707565308 -5.85772889852524 -5.79489415884018 -5.77039283514023 -5.7117246389389 -5.72872304916382 -5.78422182798386 -5.83255350589752 -5.82621896266937 -5.77421724796295 -5.74471575021744 -5.74788284301758 -5.75221908092499 -5.81913661956787 -5.86105942726135
