data/spatiotemp/temp4/bio17_norsw_test_2015_2018.asc
NCOLS 654 
NROWS 380 
XLLCORNER 3.91666666666667 
YLLCORNER 55.3333333333333 
CELLSIZE 0.0416666666666667 
NODATA_value -9999 
[rows 44 to 65 of 380, columns 550 to 599 of 654]
64.9741048812866 66.3818483352661 65.4509181976318 64.4546127319336 63.4523010253906 63.5067338943481 62.5054035186768 59.2770948410034 59.434606552124 59.4849967956543 58.4762134552002 59.5931854248047 59.6453800201416 60.755560874939 60.8074083328247 60.8592557907104 60.8120450973511 60.8643264770508 61.9728765487671 62.979850769043 62.8050012588501 65.0752849578857 65.8161420822144 64.4674167633057 65.5676345825195 65.3894176483154 66.6079807281494 66.243052482605 66.2823534011841 65.9180641174316 65.1675186157227 66.2711505889893 67.5028085708618 67.5435619354248 70.2390937805176 71.3347978591919 72.5581216812134 75.253080368042 76.3529262542725 74.1156539916992 74.1450080871582 75.6466426849365 76.0784339904785 76.1082592010498 76.1380844116211 77.3704319000244 77.3950881958008 78.4881782531738 80.1122150421143 80.5333099365234
65.9507741928101 66.2983322143555 65.4214658737183 63.3606252670288 64.4684524536133 63.462742805481 61.3941421508789 59.2195167541504 58.2064933776855 58.2509574890137 58.2975492477417 57.2870531082153 57.3361520767212 56.2195596694946 56.2673397064209 58.4474077224731 58.496600151062 60.6809158325195 59.6749505996704 59.7259359359741 63.8404855728149 63.875340461731 65.4618883132935 64.3277769088745 64.1303968429565 63.7659749984741 64.8641538619995 67.6668977737427 68.8888731002808 69.9949016571045 67.7891435623169 68.4951372146606 68.5382270812988 69.6487693786621 71.1531953811646 72.3717670440674 74.6611595153809 75.0921115875244 76.1929798126221 75.0308628082275 75.0612277984619 75.4917278289795 77.3948574066162 77.4256362915039 77.4564170837402 77.0873413085938 77.5121192932129 79.1296844482422 77.9491844177246 77.9678974151611
66.24733543396 66.2973222732544 65.2935037612915 63.2289009094238 63.2760534286499 62.2666873931885 61.2555141448975 60.2425336837769 59.2277460098267 57.0490617752075 57.0938415527344 57.1414289474487 54.9686899185181 57.2365989685059 58.3579320907593 58.4073152542114 58.4566984176636 60.64333152771 61.8624601364136 62.5337762832642 62.5675897598267 62.3934288024902 62.4314451217651 63.3239068984985 64.7860527038574 65.886326789856 65.5269441604614 67.1449298858643 69.828800201416 69.8735055923462 68.7367887496948 69.9629135131836 70.675931930542 71.520655632019 72.7431478500366 73.842134475708 76.5289745330811 75.3721160888672 74.2136783599854 75.4323101043701 76.5347652435303 79.6278457641602 78.0695629119873 76.2327613830566 77.3368434906006 77.7653331756592 78.9846096038818 80.0800476074219 80.1001300811768 79.0428829193115
67.8532104492188 67.2354564666748 66.3245801925659 64.1694793701172 62.1018495559692 61.0923490524292 61.2336320877075 62.4334888458252 61.3269300460815 60.312460899353 60.3607168197632 60.4114999771118 60.4622869491577 59.4521818161011 59.5031642913818 61.7919006347656 60.6833477020264 61.7962017059326 61.8487586975098 61.780101776123 63.3630199432373 62.3383131027222 62.1688575744629 63.2714767456055 64.7099685668945 66.9858293533325 67.0281982421875 68.1347541809082 68.2887887954712 69.3994188308716 70.6225986480713 69.4896221160889 69.8222045898438 70.6504535675049 72.555588722229 75.237174987793 76.4492778778076 76.4785213470459 78.0927505493164 78.1228122711182 78.1528759002686 78.070384979248 75.3238792419434 76.8247547149658 79.5194931030273 79.9461364746094 79.971097946167 80.3873672485352 77.7409553527832 77.759952545166
71.0992498397827 69.379677772522 68.3801021575928 66.3546237945557 64.2014560699463 63.1943435668945 62.1853437423706 61.1695203781128 61.3076572418213 60.2039785385132 61.4051685333252 61.5474996566772 60.4450855255127 60.4963159561157 61.6231536865234 61.6761293411255 60.5697746276855 61.7820806503296 61.8350563049316 63.4807910919189 63.3092241287231 63.3450222015381 64.9504089355469 66.1581764221191 69.9981002807617 69.6454849243164 68.520092010498 68.5640525817871 69.278715133667 69.3237323760986 69.7674617767334 69.8126640319824 73.6823863983154 74.80344581604 75.2410850524902 75.2682037353516 75.2953205108643 73.7418384552002 72.1905193328857 73.0120048522949 74.1139316558838 75.6124954223633 76.7162475585938 79.8016681671143 82.6017322540283 81.0445919036865 79.882230758667 79.1094284057617 80.3168430328369 80.3366470336914
71.0480690002441 69.2404336929321 67.1822748184204 66.3332872390747 64.1835498809814 64.2360992431641 64.3753957748413 63.3664693832397 61.2022590637207 60.1887340545654 60.2383785247803 62.5112686157227 63.7166185379028 62.6181898117065 61.6077747344971 61.661171913147 61.7145671844482 62.8320341110229 64.5467491149902 64.5849046707153 64.4158239364624 66.3103790283203 66.3524408340454 67.6375732421875 67.6809110641479 68.3957033157349 68.4400129318237 68.4843196868896 68.5310668945312 71.2126045227051 70.8634872436523 71.3087749481201 71.3555126190186 73.6515007019043 75.9431171417236 75.9693794250488 76.2898826599121 73.6621417999268 75.1636161804199 74.4046192169189 75.5072650909424 75.5322742462158 77.4304313659668 77.4558753967285 78.6633968353271 79.7700366973877 79.793363571167 79.8134365081787 81.8113708496094 82.6238842010498
65.4816961288452 66.6579151153564 67.5978164672852 68.7824897766113 66.8294267654419 65.3300733566284 66.5148401260376 66.6168794631958 65.6090545654297 63.4530763626099 62.3594608306885 61.3478126525879 62.5498361587524 62.6038484573364 62.6578607559204 62.7118740081787 64.6149864196777 65.808331489563 66.334041595459 66.3749008178711 67.5726690292358 67.4073810577393 67.9032382965088 67.5523653030396 68.757378578186 69.8721408843994 69.9211740493774 68.8024845123291 68.8473052978516 69.6647644042969 68.5427160263062 69.268235206604 71.9587068557739 72.0065889358521 69.2982387542725 71.9694356918335 75.1320781707764 77.4086456298828 75.0840854644775 73.9324588775635 75.4286136627197 76.6285953521729 76.9563331604004 78.4543571472168 80.0493831634521 79.6819877624512 80.7874145507812 81.1996994018555 81.2199878692627 79.7647094726562
69.3311138153076 67.4788608551025 67.523307800293 66.713737487793 66.9623498916626 68.1464757919312 67.1287612915039 65.5343160629272 64.4472665786743 64.5022087097168 64.5572891235352 63.5464515686035 63.6013431549072 62.5895109176636 62.6350526809692 64.5121784210205 65.7024869918823 65.7439393997192 65.5788335800171 66.1050119400024 67.3002243041992 67.7807178497314 69.6482524871826 68.5378503799438 67.1183805465698 66.0037250518799 68.2845182418823 71.0450572967529 71.0925483703613 69.5836019515991 67.5855159759521 68.0285577774048 70.3180732727051 69.1966018676758 69.2293968200684 71.8975372314453 72.3110380172729 72.332010269165 73.8332633972168 75.0266761779785 77.6043319702148 78.0186443328857 77.2675628662109 79.9383525848389 79.9614791870117 81.0689945220947 81.4814281463623 81.1111946105957 81.1314544677734 80.0658721923828
69.0108404159546 69.4425296783447 68.4384546279907 68.7036848068237 69.087610244751 69.3396186828613 67.0560550689697 65.9620037078857 65.1464309692383 65.1898641586304 64.16565990448 63.5211582183838 66.5346927642822 66.5776710510254 67.7655467987061 67.6034364700317 68.335768699646 68.3800268173218 68.4242858886719 67.1911344528198 67.2348031997681 69.915843963623 69.5615825653076 68.0637226104736 66.5634412765503 67.762978553772 70.4377517700195 70.4851503372192 70.5325489044189 69.4197673797607 67.9130802154541 67.9580698013306 68.3104972839355 70.600380897522 70.6330013275146 72.1320323944092 72.9272232055664 73.3381605148315 74.062876701355 75.251012802124 75.2713108062744 77.9353351593018 79.4408569335938 79.4625358581543 78.7877445220947 79.8950443267822 79.9157524108887 79.9357070922852 79.955659866333 81.1492691040039
69.3326635360718 68.8335781097412 69.4694185256958 70.3788375854492 71.5773220062256 70.6034603118896 69.1111440658569 69.0269708633423 69.9639854431152 72.0854644775391 70.1316146850586 69.1097116470337 69.1556701660156 69.2016286849976 69.2475881576538 68.2227163314819 66.9188766479492 66.9633417129517 68.1527261734009 69.3436489105225 70.1896362304688 69.8272590637207 69.4749126434326 69.52903175354 68.0282964706421 67.6840705871582 68.1271057128906 70.0155868530273 71.1422328948975 71.1905288696289 71.6289758682251 70.5180521011353 70.5651702880859 72.0929470062256 73.2087535858154 72.064079284668 72.0819654464722 73.6532859802246 74.459623336792 73.3127765655518 75.5814571380615 75.5999488830566 77.0935668945312 79.3777503967285 79.7856674194336 80.1931228637695 80.2128715515137 80.2327938079834 80.2527160644531 79.8853588104248
71.2545022964478 70.4321632385254 69.6983995437622 69.0926570892334 70.2747850418091 70.3267412185669 71.7156352996826 71.6781673431396 70.8219738006592 68.6030368804932 66.4465799331665 66.9454822540283 68.8128547668457 67.7888374328613 67.8351955413818 69.0210704803467 66.8546333312988 65.7593631744385 68.0874900817871 68.5403680801392 68.5676860809326 68.5950031280518 68.243597984314 68.2897186279297 67.9475250244141 65.6967391967773 65.7402725219727 66.9435625076294 68.0696353912354 69.2685203552246 73.1048307418823 73.4707632064819 73.5201435089111 73.1063289642334 71.9797525405884 71.996129989624 71.6240854263306 72.0288867950439 73.9187517166138 75.4845123291016 76.5891494750977 78.1558570861816 80.8240394592285 80.0662460327148 81.1738243103027 82.3560352325439 81.9898338317871 83.4872264862061 82.4173564910889 82.4381198883057
72.4976959228516 71.7442035675049 72.6977062225342 72.1662044525146 72.0331764221191 73.8984613418579 73.1155309677124 73.1716928482056 69.7562198638916 68.535945892334 67.5162200927734 67.5641212463379 66.2817049026489 68.5165824890137 67.7701950073242 67.8178577423096 65.6533641815186 66.8371906280518 69.504204750061 69.5326023101807 69.5610027313232 69.2027273178101 70.7783985137939 70.440203666687 69.3449115753174 67.8500127792358 68.2928247451782 68.3385944366455 68.3843669891357 70.6642322540283 70.3244218826294 70.3719282150269 69.2655038833618 71.9511241912842 72.7509508132935 71.9281806945801 73.099817276001 74.590106010437 76.0808048248291 77.6530952453613 77.6692485809326 78.0711307525635 80.7358093261719 81.1378479003906 82.2460346221924 82.2631015777588 81.1215000152588 81.5948715209961 82.7773914337158 84.2914066314697
71.5819234848022 74.2808666229248 75.7491836547852 77.8406887054443 75.2396726608276 74.500319480896 74.7785396575928 74.847993850708 73.6347618103027 71.4931354522705 71.2732124328613 69.7023725509644 69.7533197402954 67.3049907684326 67.6474590301514 67.6968698501587 66.313985824585 68.2575063705444 69.03440284729 69.0635480880737 67.9566841125488 67.9852838516235 68.0226154327393 69.6042098999023 69.2664833068848 69.3138294219971 68.2184209823608 70.4937000274658 70.541543006897 71.6755771636963 71.3594150543213 70.3194923400879 72.6046085357666 72.6531972885132 73.3860664367676 73.7855539321899 74.8882865905762 75.3001804351807 75.3138866424561 77.5730667114258 78.7555923461914 79.5403442382812 81.8028926849365 82.2020797729492 81.4447174072266 81.4592761993408 81.4769859313965 81.4978370666504 84.1709003448486 84.1925163269043
73.5173149108887 74.7186813354492 74.582049369812 75.5023231506348 74.8642778396606 74.1198120117188 73.800892829895 74.2566089630127 73.2406663894653 73.6246776580811 72.2648525238037 70.8371295928955 72.3855047225952 70.2132596969604 70.2441349029541 69.9415311813354 69.9721765518188 70.0028209686279 71.5601987838745 70.8439025878906 69.3460683822632 69.7721338272095 68.7255115509033 68.3886642456055 69.5717124938965 69.6195068359375 70.7543315887451 71.8900461196899 72.7201881408691 72.3719568252563 72.420825958252 72.4821891784668 73.6206789016724 73.6699085235596 73.7002611160278 74.8028316497803 76.7473621368408 77.1436080932617 77.1553478240967 78.2601165771484 79.8221282958984 80.9287776947021 82.0935897827148 82.4892387390137 82.5023155212402 81.4194774627686 82.5327701568604 84.1077117919922 84.511775970459 84.1525211334229
75.8797302246094 78.0415372848511 74.9458522796631 74.675220489502 74.3857889175415 75.9983386993408 76.0391225814819 75.2037696838379 72.7640771865845 74.2555894851685 73.3039703369141 72.594575881958 72.3300876617432 70.5070705413818 70.1534452438354 70.9272842407227 68.7518863677979 69.9103469848633 69.9417142868042 71.4965858459473 71.5287809371948 71.5609798431396 71.6015653610229 70.5188732147217 70.5664901733398 72.4814481735229 72.5297374725342 73.6673765182495 75.2374858856201 74.1479034423828 73.8133907318115 74.9529495239258 73.9107360839844 73.9594058990479 77.009147644043 77.0220603942871 77.7448043823242 78.1414279937744 78.9354019165039 78.566385269165 78.9619178771973 81.2187461853027 82.3812007904053 82.3955307006836 82.7905464172363 84.6815280914307 82.8232421875 82.8465919494629 84.021203994751 85.5422267913818
77.707727432251 78.0140113830566 76.894829750061 74.6290416717529 75.4808988571167 77.0585317611694 77.1364154815674 75.1404790878296 75.6360082626343 76.0755405426025 76.1215190887451 74.6972217559814 75.118070602417 74.0748720169067 72.2627182006836 70.8230562210083 71.2495307922363 71.2832889556885 72.4412660598755 73.6002712249756 71.422384262085 70.3297729492188 71.4584045410156 70.4152345657349 73.0758867263794 74.2544946670532 74.3037281036377 75.4437894821167 74.7402963638306 74.4067811965942 75.9288177490234 77.5125045776367 79.085205078125 81.0086650848389 79.9015483856201 80.3015441894531 81.7950420379639 81.8617095947266 80.3539619445801 80.3714370727539 80.3889083862305 80.4063816070557 80.0435848236084 83.0831069946289 84.5792217254639 82.7213478088379 83.8422451019287 84.6967735290527 84.3250770568848 84.7515621185303
76.8145666122437 76.8914728164673 78.4603424072266 77.5360069274902 78.3743381500244 78.4456214904785 79.1608619689941 76.2830514907837 77.0555591583252 76.6785869598389 77.1283416748047 76.7902431488037 76.6096773147583 74.2870044708252 73.2419357299805 72.1947193145752 71.8492193222046 71.8852367401123 72.3017835617065 71.2491846084595 73.1786975860596 71.6979598999023 72.8606700897217 71.7971210479736 72.9678497314453 73.394118309021 74.5326728820801 75.3288536071777 74.2841815948486 74.2922344207764 75.1148834228516 76.2968330383301 77.4385776519775 80.4956035614014 80.5321350097656 79.4156951904297 79.437894821167 81.7578430175781 81.7802734375 80.2644138336182 81.0480651855469 81.070520401001 81.048225402832 79.9722728729248 82.2367401123047 83.4150791168213 85.6855907440186 84.2379398345947 83.8695602416992 81.2739410400391
81.945198059082 79.9466257095337 79.8133316040039 80.7479057312012 84.5887069702148 84.6638126373291 80.2997417449951 79.1641159057617 78.3952655792236 78.4497756958008 75.5726146697998 75.6120853424072 75.2706565856934 74.2263326644897 72.7601270675659 73.1779861450195 73.2155170440674 73.6446990966797 73.6825113296509 75.2164659500122 75.6332340240479 76.4422092437744 76.8321933746338 77.6505241394043 75.8323230743408 73.9980182647705 75.940333366394 77.0807189941406 74.9061183929443 76.0800800323486 77.6004276275635 79.5530567169189 78.0892143249512 76.6463031768799 78.5526752471924 78.5783615112305 79.7001342773438 79.7262859344482 78.2764091491699 78.3023090362549 78.3282089233398 79.493278503418 80.6595592498779 80.6456451416016 81.8136005401611 83.7170906066895 83.7477073669434 83.7808609008789 85.3364200592041 84.2254276275635
84.0588130950928 82.9577350616455 81.7304859161377 81.0743885040283 80.7647533416748 81.1130905151367 79.9777488708496 79.1893272399902 78.4225959777832 76.5020847320557 75.085765838623 75.5057697296143 75.5459842681885 74.4998683929443 74.5390968322754 76.0451993942261 74.9737110137939 76.5032224655151 79.5159015655518 79.1797122955322 80.7128849029541 79.6607322692871 77.1169624328613 76.7849578857422 77.9484748840332 75.779972076416 74.3262395858765 75.8698692321777 75.5369453430176 74.4567518234253 77.1002979278564 77.1453437805176 77.9631099700928 78.3870735168457 78.4247932434082 78.8330364227295 81.0925064086914 79.9900188446045 81.5320854187012 79.6727352142334 80.8385677337646 80.5291194915771 80.9575214385986 80.5920810699463 82.8626804351807 81.7563152313232 81.7902984619141 81.1018905639648 82.2395267486572 83.4190235137939
78.5368938446045 80.077657699585 79.4220151901245 79.879994392395 79.8439521789551 79.9116611480713 79.6011333465576 79.2266693115234 79.7445259094238 77.4823894500732 79.3995971679688 79.4431953430176 79.8644981384277 79.9078960418701 79.9512958526611 79.9946956634521 77.0853481292725 78.9891357421875 79.4080810546875 78.3560924530029 78.3974018096924 81.0519332885742 79.217565536499 77.0521812438965 75.6228790283203 74.1738471984863 76.8426418304443 75.3763542175293 74.3227491378784 73.2445983886719 74.3833160400391 75.1955261230469 77.8370018005371 79.0072231292725 80.1748027801514 79.0823059082031 82.1162662506104 83.2512989044189 82.9106864929199 81.0940589904785 79.6534309387207 79.2925796508789 78.9515762329102 78.9867649078369 79.3977222442627 79.432767868042 79.8449954986572 80.6095771789551 82.1636009216309 81.0619792938232
78.456127166748 80.3753852844238 80.4421291351318 79.6812324523926 81.2240905761719 84.3097305297852 87.4453411102295 86.6864128112793 81.7392158508301 81.1858940124512 82.7262229919434 83.7532157897949 84.1760959625244 82.3676681518555 80.2195777893066 80.2635803222656 80.6964244842529 79.2571582794189 80.4054794311523 79.7327690124512 77.9145202636719 76.4841947555542 79.1229228973389 78.0676860809326 76.2342414855957 74.0649604797363 74.1052446365356 74.5207271575928 75.6774501800537 74.6015186309814 74.2663831710815 75.4268436431885 75.8441677093506 76.2790699005127 77.4429302215576 76.7329044342041 76.395206451416 79.0349636077881 77.9467868804932 76.5093841552734 76.5474452972412 78.0620079040527 78.100414276123 79.2708683013916 81.5459022521973 81.9835624694824 83.534854888916 82.4423236846924 82.4631729125977 84.7477474212646
79.5884065628052 80.7398891448975 81.8270683288574 83.3567047119141 84.5133647918701 84.593053817749 84.661413192749 85.1045608520508 86.6406173706055 89.664794921875 88.1376724243164 83.6415843963623 82.5968856811523 86.6929225921631 87.1164417266846 84.97190284729 83.1616592407227 81.7337131500244 80.6821670532227 81.1007976531982 78.5699024200439 77.8509387969971 76.7922134399414 76.4587163925171 76.4986534118652 78.4022541046143 77.342658996582 77.3830127716064 78.5229892730713 78.2035160064697 79.7344551086426 79.4030342102051 79.8380813598633 80.9802665710449 77.2920799255371 76.2350463867188 76.6516284942627 76.693754196167 77.4626750946045 78.9809761047363 79.3980922698975 80.568286895752 79.1354732513428 79.1790599822998 80.7001819610596 80.7441501617432 81.9207019805908 81.9662265777588 84.6476993560791 85.0694637298584
