data/spatiotemp/temp4/bio18_norsw_test_2015_2018.asc
NCOLS 654 
NROWS 380 
XLLCORNER 3.91666666666667 
YLLCORNER 55.3333333333333 
CELLSIZE 0.0416666666666667 
NODATA_value -9999 
[rows 220 to 241 of 380, columns 400 to 449 of 654]
-9999 -9999 -9999 -9999 -9999 -9999 -9999 -9999 -9999 -9999 -9999 -9999 -9999 -9999 -9999 -9999 -9999 159.563869476318 161.19548034668 163.069515228271 164.944581985474 167.674766540527 169.465991973877 171.580543518066 173.198680877686 174.995035171509 175.485754013062 176.328268051147 179.346374511719 180.10131072998 182.189319610596 186.585315704346 188.672578811646 191.475090026855 194.278991699219 197.084270477295 199.170249938965 199.93872833252 199.263153076172 199.309604644775 199.237255096436 198.469715118408 200.46671295166 200.713829040527 200.678173065186 201.947460174561 200.898059844971 202.902420043945 201.855255126953 200.808921813965
-9999 -9999 -9999 -9999 -9999 -9999 -9999 -9999 -9999 -9999 -9999 -9999 -9999 -9999 -9999 -9999 -9999 -9999 160.163070678711 161.577693939209 165.185091018677 167.057893753052 169.78794670105 172.282800674438 172.574058532715 175.931520462036 175.410461425781 178.29566192627 180.440898895264 181.208515167236 182.863059997559 186.564790725708 188.501745223999 191.323909759521 195.02908706665 195.974754333496 198.80016708374 200.029495239258 200.095211029053 199.283458709717 199.657028198242 198.885459899902 200.002574920654 199.230598449707 201.077865600586 201.185764312744 201.293670654297 201.401573181152 203.123519897461 202.952960968018
-9999 -9999 -9999 -9999 -9999 -9999 -9999 -9999 -9999 -9999 -9999 -9999 -9999 -9999 -9999 -9999 -9999 -9999 -9999 -9999 163.90810585022 165.940916061401 168.749635696411 170.782806396484 173.514911651611 175.549226760864 175.33517074585 178.219074249268 179.027179718018 181.859178543091 183.52965927124 185.201824188232 188.21626663208 191.054904937744 194.178176879883 195.856960296631 197.98893737793 198.072895050049 199.323547363281 198.528179168701 198.910865783691 200.903831481934 200.129081726074 200.363059997559 202.35929107666 203.63028717041 202.135448455811 202.24333190918 203.233680725098 204.224769592285
-9999 -9999 -9999 -9999 -9999 -9999 -9999 -9999 -9999 -9999 -9999 -9999 -9999 -9999 -9999 -9999 -9999 -9999 -9999 -9999 169.827533721924 164.925966262817 167.65559387207 170.386936187744 172.424945831299 175.158975601196 175.259880065918 178.142484664917 179.843330383301 181.802335739136 183.487314224243 186.061079025269 190.082397460938 191.773559570312 194.634128570557 197.497573852539 197.600406646729 197.703247070312 198.092887878418 198.48469543457 198.589824676514 197.812915802002 199.373020172119 200.483497619629 201.59481048584 202.86682510376 200.636459350586 201.625904083252 201.731159210205 203.45076751709
-9999 -9999 -9999 -9999 -9999 -9999 -9999 -9999 -9999 -9999 -9999 -9999 -9999 -9999 -9999 -9999 -9999 -9999 -9999 -9999 171.886100769043 164.765390396118 165.943201065063 168.673162460327 171.164005279541 172.307373046875 175.184593200684 178.065900802612 179.772388458252 182.635196685791 184.334114074707 187.203119277954 188.907077789307 191.782276153564 193.773979187012 195.486343383789 196.777626037598 196.898723602295 197.307113647461 197.429351806641 197.831321716309 197.050586700439 197.440643310547 198.71427154541 198.650077819824 200.644004821777 202.356212615967 201.738079071045 201.560501098633 202.553283691406
-9999 -9999 -9999 -9999 -9999 -9999 -9999 -9999 -9999 -9999 -9999 -9999 -9999 -9999 -9999 -9999 -9999 -9999 -9999 -9999 162.735733032227 163.71257019043 166.441888809204 167.377750396729 170.11003112793 170.177358627319 175.109298706055 176.822483062744 177.641998291016 181.411710739136 182.23365020752 185.119102478027 188.008441925049 191.601627349854 194.500503540039 195.527374267578 195.665431976318 196.090034484863 197.403812408447 197.54377746582 197.954582214355 199.058437347412 196.38529586792 196.773223876953 198.478694915771 198.581020355225 199.402305603027 200.225921630859 202.392421722412 205.000652313232
-9999 -9999 -9999 -9999 -9999 -9999 -9999 -9999 -9999 -9999 -9999 -9999 -9999 -9999 -9999 -9999 -9999 -9999 -9999 -9999 -9999 -9999 164.504289627075 166.306781768799 169.0406665802 170.113777160645 175.734167098999 175.867506027222 178.752473831177 179.582233428955 181.307815551758 185.098176956177 186.829570770264 190.433082580566 193.344947814941 194.386608123779 195.711624145508 196.148700714111 196.301616668701 196.742233276367 196.870185852051 197.258979797363 196.470268249512 195.395366668701 194.605690002441 197.487079620361 196.414535522461 197.690311431885 199.403114318848 202.292057037354
-9999 -9999 -9999 -9999 -9999 -9999 -9999 -9999 -9999 -9999 -9999 -9999 -9999 -9999 -9999 -9999 -9999 -9999 -9999 -9999 161.523693084717 163.117546081543 164.552778244019 167.041988372803 168.020708084106 170.063457489014 171.774972915649 174.654861450195 178.232078552246 181.132299423218 182.868564605713 185.777042388916 188.690063476562 190.436611175537 193.357898712158 192.626491546631 193.679782867432 194.12325668335 193.393669128418 194.025485992432 194.863800048828 195.431201934814 195.348190307617 195.447937011719 195.547687530518 195.647441864014 193.679054260254 194.494644165039 198.275249481201 201.164134979248
-9999 -9999 -9999 -9999 -9999 -9999 -9999 -9999 -9999 -9999 -9999 -9999 -9999 -9999 -9999 -9999 -9999 -9999 -9999 159.944952011108 159.994045257568 161.616661071777 162.778955459595 165.980945587158 168.721967697144 169.534460067749 171.727493286133 175.295278549194 178.190607070923 181.099006652832 182.15408706665 185.761734008789 187.514265060425 191.135425567627 191.30513381958 191.474853515625 192.817611694336 192.988235473633 193.630466461182 194.505218505859 194.216552734375 193.420112609863 193.517837524414 194.605430603027 192.817901611328 191.74044418335 192.551097869873 192.649887084961 195.53470993042 200.492744445801
-9999 -9999 -9999 -9999 -9999 -9999 -9999 -9999 -9999 -9999 -9999 -9999 -9999 -9999 -9999 -9999 -9999 -9999 -9999 -9999 159.358135223389 160.981958389282 162.146055221558 165.349422454834 166.874797821045 168.589185714722 170.78457069397 175.248832702637 177.253227233887 179.003950119019 182.82063293457 184.850299835205 186.612445831299 188.377754211426 188.554294586182 189.902404785156 190.079906463623 191.430904388428 191.609375 191.787841796875 191.500091552734 191.404090881348 191.50053024292 190.699405670166 190.086650848389 189.006694793701 187.927051544189 189.909534454346 193.96724319458 198.466186523438
-9999 -9999 -9999 -9999 -9999 -9999 -9999 -9999 -9999 -9999 -9999 -9999 -9999 -9999 -9999 -9999 -9999 -9999 -9999 -9999 -9999 160.560649871826 163.055160522461 164.937023162842 166.820791244507 166.95947265625 169.839775085449 172.458486557007 175.361270904541 178.283327102661 181.89935874939 183.666690826416 183.84813117981 184.92756652832 186.973495483398 187.15761756897 188.937587738037 192.368385314941 192.556449890137 190.24426651001 191.560073852539 191.458389282227 191.553607940674 190.748779296875 188.061157226562 186.979831695557 187.073760986328 189.95401763916 193.737476348877 193.833980560303
-9999 -9999 -9999 -9999 -9999 -9999 -9999 -9999 -9999 -9999 -9999 -9999 -9999 -9999 -9999 -9999 -9999 -9999 -9999 -9999 -9999 160.352228164673 161.986051559448 164.48729133606 165.869800567627 166.908292770386 169.790416717529 169.934280395508 171.677337646484 174.604223251343 178.435314178467 180.896793365479 183.150928497314 184.031715393066 185.122291564941 186.483562469482 187.371192932129 188.737060546875 188.029724121094 188.223701477051 189.542423248291 191.512687683105 191.606685638428 190.093811035156 189.716724395752 189.810642242432 190.612274169922 189.998485565186 192.880653381348 195.765251159668
-9999 -9999 -9999 -9999 -9999 -9999 -9999 -9999 -9999 -9999 -9999 -9999 -9999 -9999 -9999 -9999 -9999 -9999 158.223945617676 -9999 -9999 161.070064544678 162.894018173218 164.533634185791 165.814743041992 167.537733078003 168.842811584473 170.570764541626 173.697162628174 176.41967010498 176.347721099854 179.293037414551 180.388662338257 182.175849914551 184.443632125854 184.642406463623 186.01216506958 186.212087631226 186.681083679199 187.579616546631 189.599933624268 189.691505432129 188.878040313721 189.672187805176 188.156147003174 189.857566833496 189.950260162354 190.042953491211 192.019630432129 193.018558502197
-9999 -9999 -9999 -9999 -9999 -9999 -9999 -9999 -9999 -9999 -9999 -9999 -9999 -9999 -9999 -9999 -9999 -9999 -9999 -9999 159.699190139771 160.183238983154 162.074420928955 162.816328048706 165.281963348389 168.165325164795 170.372653961182 171.422758102417 173.656391143799 174.538330078125 176.323673248291 178.112785339355 181.071315765381 182.179901123047 183.554080963135 183.761409759521 185.139213562012 185.34775352478 185.556285858154 186.938926696777 188.052234649658 188.141456604004 187.323085784912 187.412384033203 188.203643798828 189.4697265625 189.560333251953 190.356231689453 191.355087280273 192.154270172119
-9999 -9999 -9999 -9999 -9999 -9999 -9999 -9999 -9999 -9999 -9999 -9999 -9999 -9999 -9999 -9999 -9999 -9999 -9999 165.05118560791 157.696884155273 160.224332809448 161.866111755371 162.610380172729 166.38210105896 169.26851272583 171.902673721313 174.116506576538 173.138427734375 176.090511322021 177.201921463013 178.097780227661 179.473733901978 180.590984344482 182.399118423462 183.092727661133 182.400564193726 182.615043640137 184.002014160156 184.481422424316 186.502582550049 184.504510879517 185.766496658325 185.853706359863 185.940898895264 187.639106750488 188.429683685303 192.484577178955 193.2799949646 193.371871948242
-9999 -9999 -9999 -9999 -9999 -9999 -9999 -9999 -9999 -9999 -9999 -9999 -9999 -9999 -9999 -9999 -9999 -9999 -9999 -9999 157.737672805786 160.010944366455 161.656160354614 165.095623016357 164.495742797852 166.480319976807 169.371192932129 173.168172836304 174.938501358032 176.057783126831 177.17911529541 178.302501678467 178.522354125977 178.742183685303 180.557552337646 181.947549819946 182.170757293701 183.564737319946 184.049621582031 184.535102844238 183.776706695557 186.644054412842 185.817230224609 187.991149902344 186.687931060791 186.775177001953 189.651214599609 191.353038787842 194.9365234375 193.413097381592
-9999 -9999 -9999 -9999 -9999 -9999 -9999 -9999 -9999 -9999 -9999 -9999 -9999 -9999 -9999 -9999 -9999 -9999 -9999 -9999 174.838802337646 160.051208496094 161.698699951172 163.348863601685 166.270011901855 168.006286621094 170.900447845459 173.799814224243 175.798595428467 176.025058746338 177.156312942505 178.289949417114 178.518783569336 178.747608184814 181.73872756958 181.971054077148 182.20339012146 183.606056213379 185.268939971924 182.982105255127 185.005577087402 184.173933029175 186.127521514893 185.03803062439 187.910484313965 188.911457061768 188.997749328613 192.574825286865 193.364582061768 193.454326629639
-9999 -9999 -9999 -9999 -9999 -9999 -9999 -9999 -9999 -9999 -9999 -9999 -9999 -9999 -9999 -9999 -9999 -9999 -9999 -9999 -9999 160.09147644043 161.741231918335 163.557643890381 165.539474487305 169.106090545654 171.752342224121 172.819118499756 175.076944351196 176.215950012207 179.199270248413 180.345943450928 180.5865650177 182.421730041504 183.830047607422 184.074312210083 184.31856918335 182.731914520264 184.399341583252 183.034814834595 183.451065063477 184.224834442139 184.308113098145 185.085205078125 186.781608581543 186.866714477539 188.128631591797 188.912506103516 191.791965484619 192.580394744873
-9999 -9999 -9999 -9999 -9999 -9999 -9999 -9999 -9999 -9999 -9999 -9999 -9999 -9999 -9999 -9999 -9999 -9999 156.740760803223 157.404449462891 159.969039916992 160.448390960693 163.212888717651 162.919742584229 165.797916412354 169.356569290161 171.092712402344 174.212089538574 174.405996322632 176.222620010376 178.269866943359 180.574703216553 181.495468139648 183.581399917603 183.822620391846 184.063833236694 183.389459609985 183.881679534912 185.061183929443 186.474136352539 185.029315948486 184.195178985596 183.106969833374 185.286571502686 187.934226989746 188.022701263428 188.111190795898 189.376728057861 190.163360595703 190.952167510986
-9999 -9999 -9999 -9999 -9999 -9999 -9999 -9999 -9999 -9999 -9999 -9999 -9999 -9999 -9999 -9999 -9999 -9999 156.967531204224 158.595928192139 160.18189239502 160.909440994263 161.089902877808 164.856986999512 166.816270828247 168.533475875854 172.083385467529 174.285429000854 175.370357513428 176.49464225769 181.049575805664 183.343860626221 183.570219039917 185.391231536865 185.870620727539 184.017887115479 184.01167678833 185.405666351318 185.883392333984 185.189712524414 183.740575790405 182.912010192871 184.177732467651 185.190593719482 187.149341583252 187.243469238281 188.031349182129 189.302742004395 190.094341278076 192.287158966064
-9999 -9999 -9999 -9999 -9999 -9999 -9999 -9999 -9999 -9999 -9999 -9999 -9999 -9999 -9999 -9999 -9999 156.483406066895 -9999 -9999 158.862874984741 162.280057907104 163.286128997803 164.984722137451 167.83758354187 171.369180679321 172.401298522949 174.109869003296 177.922716140747 180.194791793823 181.991474151611 183.361831665039 186.327362060547 186.541389465332 185.840744018555 185.820098876953 185.115242004395 185.326278686523 186.471652984619 185.998306274414 183.625072479248 182.115669250488 183.822608947754 186.015636444092 186.804866790771 188.079395294189 190.047073364258 190.842502593994 190.945861816406 191.049217224121
-9999 -9999 -9999 -9999 -9999 -9999 -9999 -9999 -9999 -9999 -9999 -9999 -9999 -9999 -9999 -9999 -9999 156.31526184082 -9999 157.719417572021 158.470142364502 162.745468139648 163.426568984985 167.173505783081 168.861848831177 171.7057762146 173.398406982422 175.092643737793 177.984554290771 180.243072509766 184.0954246521 187.525547027588 188.404972076416 188.605602264404 187.407077789307 185.772560119629 185.969223022461 185.929317474365 186.374126434326 185.886638641357 184.431419372559 181.758340835571 181.175928115845 185.920574188232 187.888038635254 190.780559539795 192.75415802002 192.864875793457 193.667980194092 190.988567352295
