data/spatiotemp/temp4/bio17_norsw_test_2015_2018.asc
NCOLS 654 
NROWS 380 
XLLCORNER 3.91666666666667 
YLLCORNER 55.3333333333333 
CELLSIZE 0.0416666666666667 
NODATA_value -9999 
[rows 88 to 109 of 380, columns 450 to 499 of 654]
83.0982131958008 84.7677783966064 85.7813148498535 85.0683851242065 85.8626956939697 87.4755897521973 89.168342590332 88.714334487915 88.0077114105225 87.9625244140625 87.9173355102539 86.8119335174561 87.9295749664307 87.8874568939209 87.810417175293 87.7044811248779 88.0675525665283 87.3025970458984 87.3695049285889 87.2578468322754 87.1537475585938 87.2215194702148 87.5013694763184 87.1334095001221 86.128438949585 85.8378810882568 84.935375213623 85.330358505249 85.518440246582 84.7016639709473 84.8802280426025 85.9617977142334 86.5083341598511 87.5741500854492 87.5653686523438 86.0978183746338 82.8547306060791 83.2387351989746 83.205756187439 84.1485300064087 84.7104873657227 84.6521530151367 84.9717407226562 83.8336839675903 82.0140237808228 83.0363845825195 81.5246086120605 81.468189239502 80.7055511474609 82.347900390625
82.5952472686768 82.5303440093994 83.548565864563 85.8330879211426 88.1128578186035 88.0646667480469 88.0164775848389 87.307544708252 85.7869319915771 85.56467628479 85.2928972244263 85.2489452362061 86.7755870819092 88.8226108551025 89.5938968658447 89.7268524169922 87.5139789581299 89.3101825714111 88.5415458679199 88.4239044189453 89.3558082580566 89.2363662719727 87.3934345245361 86.6319751739502 87.0842876434326 86.9673824310303 86.9117622375488 86.9633693695068 86.2811412811279 85.8244590759277 87.4234180450439 85.8247909545898 86.0109634399414 84.9380073547363 83.6881132125854 81.820779800415 81.8102693557739 81.7997512817383 84.1894102096558 84.1733388900757 84.9785919189453 85.044093132019 85.3589172363281 82.8422384262085 82.3916730880737 82.3300476074219 81.8936252593994 82.9158248901367 83.844934463501 82.3274517059326
82.6838836669922 82.624098777771 82.9988327026367 84.8569116592407 85.650013923645 85.6030559539795 85.5560932159424 87.00266456604 87.3641757965088 87.9990882873535 87.5494918823242 86.6723136901855 86.2269725799561 87.8798179626465 88.879581451416 89.6094646453857 89.3520889282227 89.4068717956543 89.2831859588623 88.3345432281494 89.4390029907227 89.8852863311768 88.9382743835449 87.911714553833 87.1472911834717 87.0256271362305 86.966365814209 86.3295230865479 86.719539642334 85.0021867752075 84.2207355499268 84.2234201431274 83.5854969024658 82.5059432983398 82.7653865814209 82.9487361907959 82.9516496658325 82.9545612335205 84.5922908782959 85.392804145813 85.3705272674561 84.444314956665 85.3259677886963 85.3005180358887 84.8568992614746 83.801513671875 83.3479690551758 82.5830011367798 83.1303043365479 83.0641250610352
83.4380187988281 82.7178525924683 83.5045642852783 83.2236423492432 82.0912599563599 84.0279350280762 83.981014251709 85.0235872268677 86.0680732727051 86.0230808258057 87.0704555511475 87.6495609283447 88.0289745330811 87.9988498687744 88.7633647918701 89.9052867889404 88.574779510498 88.8547859191895 88.7274284362793 88.7768325805664 88.3610095977783 88.2333202362061 87.9285545349121 87.8007564544678 87.8502559661865 86.0027027130127 86.3287696838379 87.2317810058594 86.5932312011719 85.5099849700928 84.264552116394 82.5420455932617 82.5415344238281 85.1216869354248 84.7377681732178 85.556734085083 83.8307981491089 81.888503074646 82.5696277618408 84.208701133728 84.8222141265869 84.4611473083496 86.4664478302002 86.3949222564697 84.8584899902344 85.8770523071289 84.7169704437256 84.6462135314941 84.5754499435425 84.1333103179932
83.5260934829712 81.3087301254272 81.2614736557007 82.2911605834961 83.745171546936 84.3783321380615 84.5832052230835 84.7136421203613 84.2612447738647 85.3125686645508 85.6750144958496 87.3145732879639 88.9772891998291 88.7706890106201 88.6578636169434 88.95778465271 88.8568420410156 88.4313488006592 89.790132522583 89.6560306549072 88.0359706878662 86.6381931304932 88.6413555145264 90.3900203704834 90.0386276245117 88.571195602417 88.5025634765625 88.3225002288818 86.3739910125732 86.3707237243652 85.7309322357178 85.3418684005737 85.3392343521118 84.2475719451904 82.8261222839355 82.823902130127 82.8216848373413 83.3806800842285 84.0012397766113 84.4271535873413 86.3071632385254 85.3672752380371 86.4790935516357 86.4035568237305 84.8600788116455 84.7854051589966 84.7107315063477 84.636058807373 85.5407104492188 85.4653263092041
81.442193031311 81.3986444473267 82.0168628692627 82.2083435058594 83.0173282623291 84.9634971618652 85.5763645172119 86.2169990539551 85.0741710662842 84.1401901245117 85.1961669921875 87.3204193115234 87.0401763916016 88.4768714904785 88.995569229126 90.536262512207 92.2451229095459 91.0672359466553 90.5284881591797 89.5690059661865 88.3353519439697 87.8032608032227 88.0599555969238 88.3271007537842 88.1886539459229 88.226095199585 88.5570774078369 86.2501659393311 86.2440891265869 85.7801494598389 83.4856357574463 84.7478199005127 83.0736923217773 82.0488500595093 82.0439624786377 82.8518381118774 83.2297210693359 84.319730758667 84.4797639846802 85.6408319473267 87.2782688140869 87.244556427002 87.8442897796631 87.4342403411865 86.0968685150146 85.8820552825928 85.8499488830566 86.5416374206543 85.8021945953369 86.2007637023926
83.2490510940552 82.6202592849731 82.5777978897095 83.1940336227417 84.6608257293701 84.7903175354004 86.5034561157227 86.2849617004395 85.5848274230957 85.1343173980713 85.6719017028809 86.7334423065186 87.3426189422607 87.8863925933838 89.3057327270508 90.2744655609131 91.7680683135986 92.5255298614502 90.8417625427246 90.1307182312012 88.8928070068359 87.192741394043 87.5858020782471 87.3292388916016 87.1937026977539 87.0581703186035 86.4732856750488 85.2514877319336 84.3964786529541 84.8493299484253 83.7468185424805 82.7744045257568 81.0377998352051 82.1269283294678 82.1196880340576 84.0211219787598 84.0147762298584 84.5681533813477 85.7392024993896 85.3236904144287 85.921329498291 85.2547960281372 85.2203464508057 87.4918918609619 85.5892887115479 85.7478466033936 86.8306446075439 86.7960052490234 86.7613697052002 88.6415309906006
82.6806411743164 82.8137426376343 81.4985198974609 82.9714164733887 84.0309562683105 83.9885005950928 85.0508422851562 86.0730667114258 87.3091850280762 87.2665958404541 89.1573905944824 89.7021865844727 90.7006435394287 89.4436893463135 90.4356555938721 90.9830436706543 91.0740585327148 90.8890113830566 90.7572536468506 90.62548828125 88.9238300323486 88.4001083374023 86.7765121459961 87.4504737854004 87.3228073120117 86.1717338562012 86.1039066314697 84.7518157958984 84.351824760437 83.9370555877686 83.1193895339966 81.6211032867432 81.6105537414551 82.7028408050537 82.0615100860596 82.6830902099609 84.1607551574707 84.5048418045044 84.4820470809937 84.6965751647949 84.6611633300781 85.813512802124 85.4001731872559 85.3651027679443 87.2046089172363 87.9784622192383 88.1974868774414 87.9051723480225 87.8685283660889 88.0156078338623
83.2878274917603 84.8415718078613 85.2151165008545 84.930118560791 85.3000917434692 86.3654937744141 88.0861644744873 88.0436363220215 88.1731090545654 88.5459632873535 88.6755046844482 89.2819633483887 90.1810817718506 89.4913234710693 89.8115425109863 90.5705833435059 91.5109405517578 91.387149810791 91.0201072692871 91.06960105896 90.7237720489502 88.1152439117432 87.8227519989014 88.2854995727539 88.9722194671631 86.9415321350098 85.6641807556152 84.090106010437 84.0772686004639 83.046178817749 83.0341558456421 82.8472204208374 82.8349809646606 84.1066770553589 84.0952920913696 83.5060348510742 82.5604162216187 82.5679874420166 83.5553522109985 83.5187664031982 84.2889471054077 85.3637523651123 85.5061321258545 86.9577903747559 86.3851661682129 86.3480892181396 88.2302227020264 88.1933536529541 87.9744567871094 89.2297897338867
84.8655891418457 85.5217685699463 85.4391670227051 84.9811668395996 84.2841491699219 85.1841239929199 85.7756671905518 88.0808601379395 88.0393581390381 90.350736618042 90.309139251709 90.2675361633301 91.9199848175049 91.8781909942627 91.0948925018311 89.5208053588867 89.4080085754395 89.295202255249 90.7117500305176 89.4819221496582 89.9363212585449 88.6195087432861 86.8283290863037 85.6922836303711 86.6074447631836 86.6699657440186 84.4776420593262 82.5491781234741 82.1455135345459 82.1308650970459 81.942271232605 80.8928594589233 81.0530214309692 82.538215637207 83.1527833938599 82.9300746917725 83.7024021148682 83.8632469177246 83.2806940078735 83.4205741882324 84.012318611145 85.8705005645752 86.0103435516357 86.5133457183838 87.4274845123291 88.1949214935303 87.5303974151611 88.9813842773438 89.1957511901855 90.4540576934814
84.4658784866333 84.189356803894 84.149377822876 83.5249862670898 85.6648902893066 86.6904067993164 85.170768737793 86.4194869995117 86.786994934082 89.2711696624756 89.0597057342529 90.1411037445068 92.0387706756592 90.632719039917 89.0326137542725 89.825065612793 89.703821182251 89.3704128265381 90.3174304962158 88.0401992797852 87.542049407959 85.9247665405273 84.2128877639771 84.1136245727539 82.5058670043945 84.1066808700562 83.420280456543 81.4892902374268 80.3562030792236 80.3398284912109 80.3234558105469 81.638897895813 83.9285020828247 83.9116888046265 83.5107021331787 83.4945793151855 85.1788330078125 86.5209159851074 85.6925354003906 85.8301029205322 85.7927551269531 85.755407333374 87.239372253418 88.2036819458008 89.2855262756348 89.2458877563477 89.3850708007812 89.7412853240967 89.88108253479 90.9618186950684
84.7151470184326 84.9149312973022 83.7556638717651 85.0825824737549 84.6305322647095 85.6503582000732 86.7333679199219 87.5084495544434 88.1235332489014 87.4376487731934 88.9297866821289 89.0586471557617 90.1462135314941 90.2760925292969 90.2072505950928 87.94091796875 87.8455219268799 89.2754287719727 89.1784553527832 89.6665210723877 87.6393489837646 85.391658782959 84.4922199249268 84.4006862640381 82.6235246658325 81.9051036834717 82.0227756500244 80.3203601837158 79.0061845779419 79.0957431793213 79.6369457244873 81.3695840835571 81.3512172698975 82.8435792922974 83.797306060791 84.7324447631836 85.5134086608887 85.9003524780273 87.5554389953613 88.6442584991455 87.6524353027344 89.6975479125977 88.354585647583 89.2401523590088 90.7042102813721 89.3603744506836 89.8953666687012 89.8545665740967 90.9393100738525 91.0774059295654
84.574068069458 84.2276420593262 84.022723197937 83.9830179214478 85.7178421020508 85.67795753479 85.6380767822266 86.2428092956543 86.3490295410156 86.3108882904053 87.265172958374 88.5261325836182 90.2608833312988 90.1533222198486 90.6590919494629 90.1675701141357 88.0781536102295 86.0538940429688 87.4964866638184 86.7752895355225 85.1631326675415 84.5136518478394 82.6696157455444 82.364953994751 81.4846496582031 79.8854866027832 79.2748460769653 78.8429040908813 77.5224742889404 77.5018625259399 78.6113786697388 79.172534942627 79.7770404815674 81.8299674987793 84.5296058654785 86.4367904663086 86.2422409057617 85.5965957641602 87.4960441589355 88.0102729797363 88.5478801727295 87.9531764984131 87.9125862121582 89.1795463562012 89.1390838623047 92.1810913085938 92.314977645874 93.7782611846924 93.3608341217041 92.9449062347412
85.6635246276855 83.2684993743896 83.3979177474976 83.1939897537231 83.9669666290283 84.5724420547485 84.1236391067505 85.8621234893799 87.1926918029785 86.5138607025146 86.4769268035889 88.4000778198242 88.1267108917236 88.6605472564697 90.3080596923828 92.3501358032227 89.5085544586182 87.6567859649658 84.8243436813354 86.696231842041 85.6509294509888 85.1781234741211 82.6042203903198 82.7644548416138 82.6889724731445 80.4628639221191 79.6114711761475 78.9638605117798 78.3827571868896 77.2254810333252 77.5902471542358 77.5673933029175 79.8865737915039 82.0091571807861 84.6866073608398 86.2089462280273 87.8779029846191 88.4754104614258 86.2991104125977 86.4309558868408 88.1505031585693 89.825740814209 88.0247631072998 89.6733417510986 90.2083225250244 92.3001251220703 94.3449840545654 94.2999095916748 94.2548389434814 94.9713935852051
89.2794399261475 86.8821392059326 83.4214744567871 82.9722967147827 85.6056499481201 85.7331504821777 85.6955127716064 86.7190208435059 86.826150894165 86.7890930175781 86.5128936767578 87.0478782653809 87.4315204620361 89.1054496765137 90.3584671020508 90.2844429016113 88.8347129821777 87.7296104431152 85.4665803909302 83.8589286804199 83.6214389801025 82.7546615600586 81.5685873031616 81.8325242996216 80.625659942627 79.9993743896484 79.7335929870605 77.9441947937012 77.3611421585083 78.4781675338745 78.454155921936 79.8511152267456 81.9100246429443 83.6488275527954 83.7934799194336 84.3887844085693 84.771879196167 86.2720432281494 87.9354553222656 88.9205055236816 88.4290618896484 87.8335762023926 87.9638423919678 88.0948543548584 89.9762954711914 92.2449321746826 93.9183082580566 96.1836261749268 96.4878883361816 97.9822196960449
90.8660144805908 86.7414226531982 84.4231948852539 83.9754219055176 84.7454719543457 84.5463304519653 85.5718688964844 86.1747074127197 86.4535827636719 86.2534980773926 86.7889156341553 87.3396530151367 88.6149215698242 89.1479339599609 90.4088687896729 89.1969375610352 88.6653385162354 87.9692401885986 88.3027210235596 85.6471557617188 86.003080368042 85.7723941802979 85.5412578582764 83.3137454986572 81.7148017883301 81.0952548980713 79.5150699615479 77.8902149200439 77.8628902435303 78.457633972168 78.7865333557129 78.7594270706177 82.2607231140137 82.6173725128174 84.9397258758545 84.6741504669189 85.4344253540039 84.6148853302002 88.4606246948242 88.4164638519287 87.9918651580811 87.9483318328857 88.0769634246826 88.4394874572754 90.3341617584229 92.2186584472656 93.86962890625 96.5394725799561 96.6653156280518 97.9373111724854
88.9114551544189 86.8580513000488 88.039363861084 88.0034770965576 85.6076745986938 85.6372566223145 85.6025848388672 86.2045154571533 85.762020111084 86.4544773101807 86.4373779296875 87.6074695587158 87.1042366027832 88.7880954742432 90.057933807373 90.5667972564697 88.7279167175293 89.6559867858887 91.1461277008057 88.4918041229248 85.0479106903076 86.4336013793945 86.2100582122803 83.8175468444824 82.219183921814 81.6066083908081 81.1742916107178 80.5858535766602 79.9703998565674 79.5523672103882 79.9095497131348 80.1128749847412 82.2057552337646 83.3117790222168 87.1754913330078 85.4057197570801 84.5856266021729 84.3836975097656 85.2899169921875 86.6556091308594 86.9524173736572 88.0630893707275 88.5979404449463 90.4950428009033 92.2157554626465 91.790994644165 92.6988487243652 94.3520584106445 95.6278629302979 95.5793838500977
86.5684928894043 86.8894233703613 87.493860244751 88.6701583862305 90.2103118896484 87.3916416168213 87.8303718566895 87.795503616333 86.4445343017578 87.7899951934814 87.9186382293701 88.0014553070068 88.7644538879395 89.2978382110596 88.7894058227539 90.4597568511963 91.3961277008057 92.3069019317627 91.2295112609863 87.7864055633545 83.8173923492432 84.1906356811523 84.1431121826172 83.536584854126 83.7423286437988 83.9261388778687 81.297700881958 81.0965948104858 80.5069494247437 79.9183158874512 79.469030380249 80.0555715560913 82.3205299377441 83.423957824707 87.295862197876 89.4225635528564 88.7701854705811 85.3090515136719 85.1005115509033 86.2172393798828 89.0794372558594 89.5835742950439 89.1576080322266 90.8496513366699 94.6917190551758 92.6988315582275 93.8074073791504 94.4786357879639 94.8343238830566 95.9400424957275
87.7790946960449 89.2190341949463 88.7711868286133 87.9403762817383 89.6976985931396 90.5451374053955 90.0995998382568 90.063606262207 90.0276126861572 89.1616439819336 89.1266288757324 89.6784286499023 89.6436500549316 89.7719306945801 89.8950881958008 90.1204586029053 90.6393985748291 88.5788154602051 87.7440910339355 85.4914865493774 85.1043968200684 84.2708473205566 84.4565658569336 83.4626712799072 83.4203863143921 84.9619207382202 82.8134508132935 80.6382007598877 81.2215347290039 81.1852836608887 81.9265909194946 80.8936166763306 82.5757474899292 82.5400123596191 83.3044939041138 87.3489303588867 89.4425506591797 88.8537654876709 89.2595920562744 86.8858642578125 88.0076122283936 89.1587562561035 90.4475631713867 90.8130970001221 92.8884868621826 95.1664390563965 94.5049114227295 95.071346282959 95.0238018035889 96.6838684082031
88.7063751220703 88.6691913604736 90.4288063049316 90.8163070678711 89.7823581695557 89.744535446167 90.1790237426758 92.3615245819092 89.6960849761963 88.4951267242432 88.4573802947998 89.9059753417969 89.8688125610352 90.0594806671143 90.5815525054932 89.0197467803955 88.7493324279785 86.8676776885986 85.4329967498779 84.160683631897 86.3329753875732 86.7146682739258 86.1155529022217 85.5177593231201 83.9186859130859 83.9434518814087 85.1094760894775 83.3086023330688 83.4990997314453 83.4591884613037 81.2133893966675 81.3400602340698 85.8099231719971 84.5689888000488 84.5630187988281 87.6580963134766 89.9498405456543 91.4930877685547 91.4513607025146 91.4106769561768 89.8276386260986 90.4014625549316 90.9417190551758 92.6159381866455 92.9858493804932 94.488899230957 97.3508758544922 96.929651260376 98.1149787902832 99.4046802520752
91.0122890472412 88.5976619720459 90.7862606048584 91.3779850006104 90.136022567749 91.1350898742676 90.6861591339111 90.6449337005615 91.6388931274414 90.9663219451904 90.0935859680176 89.8107166290283 89.7706871032715 89.3306674957275 90.6387939453125 90.1320705413818 90.8711013793945 85.9979305267334 83.7017002105713 83.9910593032837 87.9965324401855 88.5788860321045 84.0394430160522 86.9688549041748 86.7662181854248 85.0014915466309 86.3615398406982 84.5928421020508 83.9973011016846 83.367467880249 83.4888114929199 83.4460010528564 85.7105827331543 88.2595291137695 86.4571762084961 86.8311443328857 90.2625865936279 91.9364490509033 94.263729095459 90.9312210083008 91.5438232421875 91.5077228546143 93.4371318817139 93.5663261413574 94.8671321868896 95.2417736053467 96.6056041717529 97.9042816162109 97.8649387359619 97.7582092285156
94.8168087005615 88.5280628204346 89.0709342956543 90.8328857421875 90.7888526916504 90.1801223754883 90.7672786712646 91.15283203125 93.0701694488525 93.0259666442871 90.189962387085 91.4796085357666 91.4369468688965 90.8473510742188 92.1390285491943 91.871696472168 89.376802444458 86.4871559143066 85.1697158813477 83.9244718551636 86.4674549102783 86.6959609985352 86.8868045806885 89.0716018676758 86.9145622253418 85.1491508483887 85.1068859100342 86.235912322998 83.9117565155029 84.2520694732666 85.544490814209 85.112096786499 86.065845489502 87.7801265716553 88.1157913208008 89.8280906677246 89.6153831481934 90.5312366485596 92.4432201385498 92.0304145812988 92.2513999938965 93.0145320892334 93.3122882843018 94.2400398254395 95.9268589019775 95.9754333496094 97.7277507781982 99.2959613800049 98.4033184051514 98.451976776123
