data/spatiotemp/temp4/bio1_norsw_test_2015_2018.asc
NCOLS 654 
NROWS 380 
XLLCORNER 3.91666666666667 
YLLCORNER 55.3333333333333 
CELLSIZE 0.0416666666666667 
NODATA_value -9999 
[rows 286 to 307 of 380, columns 250 to 299 of 654]
6.81699752807617 6.9306845664978 7.03337180614471 6.89705908298492 6.89791309833527 6.80743360519409 6.73612082004547 6.60014140605927 6.54116201400757 6.55001580715179 6.58928501605988 6.79930293560028 6.94115459918976 7.04083931446075 7.08769059181213 7.11754202842712 7.1187264919281 7.12741136550903 7.09559619426727 7.14428079128265 7.1917986869812 7.16981673240662 7.12108612060547 7.05510652065277 7.03979384899139 7.00714790821075 7.08466827869415 7.07235550880432 7.02220940589905 7.0708966255188 7.18408381938934 7.24143755435944 7.28095817565918 7.28931212425232 7.28158473968506 7.26527547836304 7.24929988384247 7.24582421779633 7.23951494693756 7.21870601177216 7.16006362438202 7.06508791446686 7.03277885913849 7.04230308532715 7.05532765388489 7.05985176563263 7.05810105800629 7.09340798854828 7.12071537971497 7.09235572814941
6.97924387454987 7.08609473705292 7.03944575786591 7.04446339607239 6.90981435775757 6.79899883270264 6.7933497428894 6.7813675403595 6.70671844482422 6.81706929206848 6.96696877479553 7.01574969291687 7.09753048419952 7.14681160449982 7.10459244251251 7.13154006004333 7.13115429878235 7.16276884078979 7.19554960727692 7.24516403675079 7.23944497108459 7.16989254951477 7.16369354724884 7.14801430702209 7.15250194072723 7.14215612411499 7.14514374732971 7.15246474742889 7.16811871528625 7.18677294254303 7.19876074790955 7.28108155727386 7.28923571109772 7.2490565776825 7.30866682529449 7.33206617832184 7.26579880714417 7.1628645658493 7.04909729957581 7.00816309452057 6.99489557743073 6.97129499912262 6.98502790927887 7.01592695713043 7.03882646560669 7.05172574520111 7.07776355743408 7.09493970870972 6.99794936180115 6.98412549495697
7.13132345676422 7.17650461196899 7.07068622112274 7.09803426265717 7.02921581268311 6.94656372070312 6.98891198635101 7.0114266872406 7.10394144058228 7.17728960514069 7.1519855260849 7.14219605922699 7.17174005508423 7.18528389930725 7.14849448204041 7.17987155914307 7.12408220767975 7.12362611293793 7.24383664131165 7.31854712963104 7.24625790119171 7.16163516044617 7.12746751308441 7.14492213726044 7.17637670040131 7.16849792003632 7.1242858171463 7.13024020195007 7.1803617477417 7.19381618499756 7.18410396575928 7.18805837631226 7.21884655952454 7.24096786975861 7.25858223438263 7.299356341362 7.17763090133667 7.03607177734375 7.0161794424057 7.09312057495117 7.15139448642731 7.05783557891846 7.04294335842133 7.01405084133148 6.98299193382263 6.95076620578766 6.97292602062225 6.99380445480347 7.0231831073761 7.01972818374634
7.32006943225861 7.23574805259705 7.14459323883057 7.14493846893311 7.15261697769165 7.15696239471436 7.09164071083069 7.189985871315 7.258997797966 7.23934316635132 7.20783579349518 7.17330932617188 7.20194935798645 7.20608961582184 7.20339632034302 7.20836973190308 7.21917653083801 7.21865022182465 7.31312346458435 7.36359715461731 7.29523730278015 7.16054379940033 7.12857484817505 7.12232971191406 7.04091799259186 6.93467283248901 6.95492792129517 6.92634963989258 6.9602712392807 6.97702610492706 6.97344756126404 6.98086893558502 6.96429073810577 6.98487913608551 7.00366449356079 7.05631363391876 6.99462962150574 6.95144557952881 7.01576173305511 7.06157779693604 7.12356019020081 7.05020940303802 6.99635887145996 6.99167490005493 6.97815752029419 7.02480673789978 7.0634218454361 7.14116930961609 7.12091720104218 7.11449790000916
7.36331570148468 7.23715817928314 7.17833364009857 7.18584263324738 7.20668506622314 7.34202742576599 7.32620286941528 7.31404542922974 7.26772093772888 7.21922981739044 7.19368577003479 7.19058895111084 7.24382543563843 7.22406184673309 7.183464884758 7.17236793041229 7.22460448741913 7.25817406177521 7.33757710456848 7.29531347751617 7.15438330173492 7.03011977672577 6.99951565265656 6.99723744392395 7.00262606143951 6.96601474285126 6.96406984329224 6.97579181194305 6.99618029594421 6.96456909179688 6.92029106616974 6.90834629535675 6.93323493003845 6.9909565448761 7.03541302680969 7.08060419559479 7.09462857246399 7.08915281295776 7.08117711544037 7.08786809444427 7.09339225292206 7.08258330821991 7.06594097614288 7.04513204097748 7.02032279968262 7.01834726333618 7.0275844335556 7.14970111846924 7.24031746387482 7.24343407154083
7.55872869491577 7.29273474216461 7.22624087333679 7.16908025741577 7.15341973304749 7.30759251117706 7.38243198394775 7.30027115345001 7.22694408893585 7.15595006942749 7.13020300865173 7.16553544998169 7.15186822414398 7.09636735916138 7.016033411026 6.97769951820374 6.99686539173126 7.06236469745636 7.11936414241791 7.06619679927826 6.98352944850922 6.92102873325348 6.9252895116806 6.92531192302704 7.00550067424774 7.02402305603027 6.97754538059235 7.00006759166718 6.99108994007111 6.94911217689514 6.94780111312866 6.99515688419342 7.02717900276184 7.03686785697937 7.04649519920349 7.06422817707062 7.07596075534821 7.10935997962952 7.07325947284698 7.12082540988922 7.15472447872162 7.16829061508179 7.13518989086151 7.14258909225464 7.18015491962433 7.16222083568573 7.15491342544556 7.17056584358215 7.23055148124695 7.29003715515137
7.74380838871002 7.43631148338318 7.27181470394135 7.19165134429932 7.19415426254272 7.26565742492676 7.2413272857666 7.22283065319061 7.14083361625671 6.99883711338043 6.87021970748901 6.92314875125885 6.96841096878052 6.98867321014404 7.01360201835632 7.02469766139984 6.98212659358978 6.97972214221954 6.87731766700745 6.82024669647217 6.75034201145172 6.74443781375885 6.77473020553589 6.81055283546448 6.86070883274078 6.90119814872742 6.87735402584076 6.89784336090088 6.88666594028473 6.85198843479156 6.84514451026917 6.91813373565674 7.03078997135162 7.00527906417847 7.04424405097961 7.11468517780304 7.14095938205719 7.15590047836304 7.12417471408844 7.1222825050354 7.12572336196899 7.18449771404266 7.19927191734314 7.19554615020752 7.23582053184509 7.25092804431915 7.17074251174927 7.18459737300873 7.23428535461426 7.26830673217773
7.5665545463562 7.46288824081421 7.36622190475464 7.15505528450012 7.1530556678772 7.27155601978302 7.17738974094391 7.18488991260529 7.09305691719055 6.96355724334717 6.87756979465485 6.93542850017548 7.07678687572479 7.12047874927521 7.09517049789429 7.06886231899261 7.02138781547546 6.93691289424896 6.86693799495697 6.88812983036041 6.87215507030487 6.8733469247818 6.90767097473145 6.92696046829224 6.9374166727066 6.93303990364075 7.00082957744598 7.03045225143433 7.03057563304901 6.98636507987976 6.98148810863495 7.02927756309509 7.09056735038757 7.06969022750854 7.12265980243683 7.14780902862549 7.19579136371613 7.24627423286438 7.2205902338028 7.21223974227905 7.20522201061249 7.14953815937042 7.1300208568573 7.154336810112 7.15098595619202 7.13163542747498 7.15773856639862 7.23346209526062 7.24618577957153 7.2962429523468
7.25680088996887 7.21296465396881 7.14562892913818 7.180792927742 7.14362359046936 7.23828768730164 7.16895174980164 7.22228264808655 7.1889466047287 7.12927746772766 7.0202534198761 7.07904160022736 7.19199621677399 7.2406177520752 7.17890584468842 7.08019387722015 7.08998203277588 6.97077023983002 6.9082248210907 6.95017969608307 6.93880105018616 7.01858937740326 7.01144516468048 6.97470152378082 6.99412488937378 7.00338172912598 7.0621383190155 7.09772801399231 7.12215161323547 7.12440836429596 7.07933139801025 7.07442152500153 7.11501133441925 7.12943458557129 7.17640852928162 7.17293274402618 7.19729042053223 7.191814661026 7.1486724615097 7.12752997875214 7.11438775062561 7.11641192436218 7.12893640995026 7.10412728786469 7.1308182477951 7.15400922298431 7.17506766319275 7.1994936466217 7.21875309944153 7.24567914009094
7.31704699993134 7.22704148292542 7.31820273399353 7.32269716262817 7.35552489757538 7.24085283279419 7.14268064498901 7.16817498207092 7.144003033638 7.1399974822998 7.14410376548767 7.17882132530212 7.25253903865814 7.2887567281723 7.33747434616089 7.25552546977997 7.14257633686066 6.95596086978912 6.82001185417175 6.85406291484833 7.0116138458252 7.03066492080688 7.06355226039886 7.04394257068634 7.04166615009308 7.06488990783691 7.08761370182037 7.08717060089111 7.10472750663757 7.11945104598999 7.07700836658478 7.10156536102295 7.11762225627899 7.13651251792908 7.14232397079468 7.17072331905365 7.18762266635895 7.2020218372345 7.2262544631958 7.18065369129181 7.12571978569031 7.09645235538483 7.09918522834778 7.11258435249329 7.14998364448547 7.16038310527802 7.21123003959656 7.24585866928101 7.24165368080139 7.28428196907043
7.48262679576874 7.65645158290863 7.76160979270935 7.72376811504364 7.54759287834167 7.26625108718872 7.14440953731537 7.08873450756073 7.05039262771606 7.10305106639862 7.11812055110931 7.19760119915009 7.33841502666473 7.43339562416077 7.39937615394592 7.29852366447449 7.1550041437149 6.97548472881317 6.82679879665375 6.89694607257843 7.02475988864899 6.98157405853271 7.01615953445435 7.00468373298645 7.03920757770538 7.08139824867249 7.18342232704163 7.13311290740967 7.14380395412445 7.17116093635559 7.16901838779449 7.15087580680847 7.18123304843903 7.19959032535553 7.20390629768372 7.22801387310028 7.20512139797211 7.20339572429657 7.17450320720673 7.1389445066452 7.08788526058197 7.05599308013916 7.07076728343964 7.08604156970978 7.12031579017639 7.11459016799927 7.0973926782608 7.13839018344879 7.20572090148926 7.24838495254517
7.49003946781158 7.69702804088593 7.76901698112488 7.7943389415741 7.5128276348114 7.17681646347046 7.07247173786163 7.02496027946472 7.05661582946777 7.15977132320404 7.33230412006378 7.51754772663116 7.5862911939621 7.65053462982178 7.54161155223846 7.29818844795227 7.04593205451965 6.94067561626434 6.88775253295898 6.99566256999969 7.00307285785675 7.01731634140015 6.98826706409454 7.02809131145477 7.03608238697052 7.18957340717316 7.31639766693115 7.32888865470886 7.24621295928955 7.22920405864716 7.24119508266449 7.19801950454712 7.21034383773804 7.22683501243591 7.23498821258545 7.25030422210693 7.20312035083771 7.16076958179474 7.15391898155212 7.12340152263641 7.06371736526489 7.0232001543045 7.05151605606079 7.09916543960571 7.11314809322357 7.10113084316254 7.06472182273865 7.09625518321991 7.15578830242157 7.26382124423981
7.42135691642761 7.42397630214691 7.51326215267181 7.68338131904602 7.31083393096924 7.18161976337433 7.09457242488861 6.99402511119843 7.12497746944427 7.35026323795319 7.51092565059662 7.7539644241333 7.81833648681641 7.79920876026154 7.67141437530518 7.31811952590942 7.00682497024536 6.870197057724 6.90206921100616 7.04344141483307 7.11531341075897 7.07685220241547 7.13075006008148 7.20934057235718 7.3114310503006 7.36618793010712 7.37061166763306 7.33103561401367 7.31829249858856 7.35088300704956 7.35480678081512 7.32856369018555 7.32648754119873 7.32557797431946 7.32187354564667 7.33087420463562 7.30170845985413 7.23787581920624 7.20020985603333 7.13954401016235 7.0863778591156 7.03654527664185 7.02921283245087 7.09371340274811 7.08338069915771 7.08254849910736 7.04943132400513 7.0263637304306 7.13046264648438 7.19039499759674
7.44874584674835 7.39462888240814 7.43534541130066 7.43739533424377 7.26127815246582 7.18132817745209 7.31637787818909 7.37159442901611 7.59331071376801 7.77786064147949 7.78431844711304 7.80251824855804 7.85471796989441 7.77375102043152 7.50178384780884 7.2286502122879 7.09618318080902 7.09421634674072 7.11141586303711 7.14411556720734 7.16614842414856 7.17451465129852 7.24027574062347 7.40576457977295 7.42892026901245 7.40440905094147 7.39089775085449 7.36338663101196 7.35087561607361 7.33903098106384 7.33701992034912 7.32934212684631 7.32899737358093 7.36298656463623 7.39122843742371 7.4560569524765 7.43938541412354 7.36738073825836 7.36004269123077 7.24353814125061 7.10369980335236 7.06702828407288 7.07535707950592 7.2086855173111 7.23834729194641 7.1943427324295 7.15535449981689 7.10071611404419 7.24407768249512 7.25143957138062
7.57946813106537 7.4304484128952 7.28809547424316 7.33207559585571 7.27905607223511 7.37386977672577 7.58168351650238 7.75883042812347 7.86747753620148 7.90445792675018 7.88771152496338 7.85590553283691 7.84626603126526 7.75079321861267 7.44298684597015 7.23434770107269 7.22704136371613 7.25240194797516 7.23826241493225 7.19612300395966 7.19198346138 7.23851084709167 7.32130134105682 7.39885520935059 7.42490923404694 7.37929654121399 7.36435055732727 7.34240448474884 7.32712507247925 7.30884575843811 7.27906632423401 7.2954535484314 7.30084085464478 7.31372809410095 7.33924996852875 7.42440629005432 7.54739606380463 7.53005254268646 7.61987555027008 7.58003199100494 7.39452183246613 7.29684472084045 7.34866786003113 7.51249098777771 7.68471682071686 7.67597055435181 7.6946108341217 7.50279068946838 7.57277631759644 7.46200788021088
7.45935714244843 7.47193467617035 7.39984548091888 7.42775642871857 7.4495005607605 7.77391147613525 7.87932217121124 7.91573309898376 7.92364406585693 7.91438841819763 7.89960443973541 7.86579239368439 7.78348076343536 7.58283531665802 7.2695232629776 7.21671140193939 7.20139980316162 7.18908786773682 7.20277571678162 7.25779700279236 7.304652094841 7.35784006118774 7.34566032886505 7.32494592666626 7.3862316608429 7.37668406963348 7.35130321979523 7.31192219257355 7.29437482357025 7.25749361515045 7.22511279582977 7.19789850711823 7.21385085582733 7.28030335903168 7.40077149868011 7.46575582027435 7.56824004650116 7.74139094352722 7.73070847988129 7.69719278812408 7.60051035881042 7.53766119480133 7.59881210327148 7.75146317481995 7.94073903560638 7.90618932247162 7.78897142410278 7.68850922584534 7.64895403385162 7.63186192512512
7.25441265106201 7.47792077064514 7.51926231384277 7.59643697738647 7.64727854728699 7.87178635597229 7.95646131038666 7.94730257987976 7.91964399814606 7.89798545837402 7.88466417789459 7.86301302909851 7.79819560050964 7.6583776473999 7.47939336299896 7.46790885925293 7.40992450714111 7.4459400177002 7.51628911495209 7.51780450344086 7.52282047271729 7.49800252914429 7.42085254192352 7.3857034444809 7.43722093105316 7.41640508174896 7.38258898258209 7.35460650920868 7.34512424468994 7.30164170265198 7.29949259757996 7.28800988197327 7.22952735424042 7.23521173000336 7.33162653446198 7.50777184963226 7.56325042247772 7.61556267738342 7.64370799064636 7.6201868057251 7.57249879837036 7.56114423274994 7.58962309360504 7.66460168361664 7.76924729347229 7.82622575759888 7.74345672130585 7.65227353572845 7.63959002494812 7.63157320022583
7.30896806716919 7.51807343959808 7.50184547901154 7.67361748218536 7.71072280406952 7.88999474048615 7.94693338871002 7.92953872680664 7.90997731685638 7.88474953174591 7.86989033222198 7.85373365879059 7.83441019058228 7.77492010593414 7.6739296913147 7.56843936443329 7.48794937133789 7.46962583065033 7.4948023557663 7.48431217670441 7.50415539741516 7.48483180999756 7.44654476642609 7.45379400253296 7.50104331970215 7.51095914840698 7.51354205608368 7.48429107666016 7.53137350082397 7.56262302398682 7.68403899669647 7.68095469474792 7.63320434093475 7.55562031269073 7.52831470966339 7.5842878818512 7.59926116466522 7.57190120220184 7.5592075586319 7.55668091773987 7.50832092761993 7.46362733840942 7.49326729774475 7.51407372951508 7.52938032150269 7.56285381317139 7.58987998962402 7.6077926158905 7.60220527648926 7.60961771011353
7.40535712242126 7.53905963897705 7.68326222896576 7.77429807186127 7.82150053977966 7.90703630447388 7.92973911762238 7.90994143486023 7.87697756290436 7.80551326274872 7.72861659526825 7.71045398712158 7.73045825958252 7.68012881278992 7.59946620464325 7.46397018432617 7.43564105033875 7.43231153488159 7.40431571006775 7.36815309524536 7.38165700435638 7.44866120815277 7.44940364360809 7.51688480377197 7.59419906139374 7.61868011951447 7.61382782459259 7.65080893039703 7.73779010772705 7.80843782424927 7.86675179004669 7.81723296642303 7.79738104343414 7.74719500541687 7.69916975498199 7.64563727378845 7.59927153587341 7.56523942947388 7.54537391662598 7.51850819587708 7.50264286994934 7.45761048793793 7.43707835674286 7.49137938022614 7.50701367855072 7.52198147773743 7.5544695854187 7.58314490318298 7.59098708629608 7.60049557685852
7.2472460269928 7.59321236610413 7.79984557628632 7.87714517116547 7.90544486045837 7.91074466705322 7.90171134471893 7.88051068782806 7.80431079864502 7.67977714538574 7.58567607402802 7.56784117221832 7.58550596237183 7.48533773422241 7.4036693572998 7.3973343372345 7.34883236885071 7.39483070373535 7.43249571323395 7.43349397182465 7.4483255147934 7.48115718364716 7.54442942142487 7.59047555923462 7.6453549861908 7.66140115261078 7.66711401939392 7.66599333286285 7.75503981113434 7.82508552074432 7.92263174057007 7.92584478855133 7.8802238702774 7.78893685340881 7.68269097805023 7.61748671531677 7.53794896602631 7.50957798957825 7.48370695114136 7.45983576774597 7.43396461009979 7.43076014518738 7.42888915538788 7.46901786327362 7.43481361865997 7.43394267559052 7.44755923748016 7.47749757766724 7.50010228157043 7.57270681858063
7.44430148601532 7.73086535930634 7.86526215076447 7.89199244976044 7.89355635643005 7.88111972808838 7.86685025691986 7.8040806055069 7.68047749996185 7.59520769119263 7.5594025850296 7.54589509963989 7.5213874578476 7.42754662036896 7.35137236118317 7.36836493015289 7.38802421092987 7.40734994411469 7.46367573738098 7.48583483695984 7.4803272485733 7.48781979084015 7.55412173271179 7.58323287963867 7.57351076602936 7.59245538711548 7.58739972114563 7.57884442806244 7.58645582199097 7.64806711673737 7.70867812633514 7.81528949737549 7.80890095233917 7.73634541034698 7.65437936782837 7.57933604717255 7.50979280471802 7.49008274078369 7.48553991317749 7.45166301727295 7.44795310497284 7.45424330234528 7.43786668777466 7.44615685939789 7.45178020000458 7.440070271492 7.42014908790588 7.44451677799225 7.50605094432831 7.55808484554291
7.66685712337494 7.84651780128479 7.87301206588745 7.87550640106201 7.87033402919769 7.8523280620575 7.82515561580658 7.57231652736664 7.34281075000763 7.55413854122162 7.54596209526062 7.50478231906891 7.48143553733826 7.41458904743195 7.34090900421143 7.33239543437958 7.37004888057709 7.37453556060791 7.35402226448059 7.39134228229523 7.38416218757629 7.41531562805176 7.44598066806793 7.47565686702728 7.48283338546753 7.50900971889496 7.49735248088837 7.47869575023651 7.46220541000366 7.45021486282349 7.46772456169128 7.4937344789505 7.55157721042633 7.59992027282715 7.57273423671722 7.53585207462311 7.52663671970367 7.49808788299561 7.48070585727692 7.48582398891449 7.48827505111694 7.48505973815918 7.47234439849854 7.43862879276276 7.41624677181244 7.41769802570343 7.42107212543488 7.43120229244232 7.49083256721497 7.54996287822723
