data/spatiotemp/temp4/bio14_norsw_test_2015_2018.asc
NCOLS 654 
NROWS 380 
XLLCORNER 3.91666666666667 
YLLCORNER 55.3333333333333 
CELLSIZE 0.0416666666666667 
NODATA_value -9999 
[rows 44 to 65 of 380, columns 450 to 499 of 654]
16.1419548988342 16.1616477966309 16.3795646429062 16.9364196062088 16.6386685371399 17.2169449329376 16.3087656497955 15.5334407091141 15.5756435394287 15.6178456544876 15.2350180149078 15.1605430841446 15.0242100954056 15.2420287132263 15.2832064628601 15.4059853553772 15.4479718208313 14.9393649101257 14.6684390306473 15.0203460454941 14.8805972337723 14.5447497367859 14.7578208446503 15.1811493635178 15.4093049764633 15.2632886171341 15.0306599140167 14.9673722982407 15.1990392208099 15.2473804950714 15.417742729187 15.4664741754532 15.5488753318787 15.7032427787781 15.7348101139069 15.3858637809753 15.5198758840561 15.7657117843628 15.6065911054611 15.4543875455856 15.1710140705109 15.3094135522842 15.2087826728821 15.4728496074677 15.7415305376053 15.5835475921631 15.691682100296 15.7820695638657 16.4146674871445 16.452117562294
15.0813431739807 15.2831622362137 15.6559525728226 15.1698036193848 15.3994044065475 16.4322626590729 16.843236207962 15.5281319618225 15.2796550989151 15.3219063282013 15.1169967651367 14.9808501005173 14.9058539867401 14.9260867834091 14.7373462915421 14.5990746021271 14.521844625473 14.679603099823 14.4663993120193 14.5058972835541 14.5453954935074 14.2307765483856 14.3230128288269 14.9211864471436 15.144221663475 15.001714348793 14.6655464172363 14.8103733062744 15.0565981864929 15.1044375896454 15.7236751317978 15.4738618135452 15.5227004289627 15.384152173996 15.5563933849335 15.5964388847351 15.6275057792664 15.5683422088623 15.2949910163879 15.1287113428116 15.2906060218811 15.1342397928238 15.1694211959839 15.3058848381042 15.617515206337 15.6717228889465 15.7454199790955 16.1340969800949 16.0032494068146 15.9396656751633
15.102029800415 14.8301697969437 14.6926661729813 14.7342295646667 14.889440536499 14.9313721656799 16.2095665931702 15.7186967134476 15.0571691989899 15.0991017818451 14.9627962112427 15.0044292211533 14.6192442178726 14.6597561836243 14.450573682785 14.4901276826859 14.4931263923645 14.4509317874908 14.6087871789932 14.3477607965469 14.3865584135056 14.1341605186462 14.0886734724045 14.3826632499695 14.4211295843124 14.459596991539 14.5020424127579 14.5484681129456 14.594893693924 15.124835729599 15.3478167057037 15.5017033815384 15.5326850414276 15.5283007621765 15.3637255430222 15.4115035533905 15.4416992664337 15.2812809944153 15.2233520746231 15.423718214035 15.6064832210541 15.3907306194305 15.4920715093613 15.3329490423203 15.5633755922318 15.6925545930862 15.8287527561188 15.7380255460739 15.7480742931366 15.6586972475052
14.6946487426758 14.3483163118362 14.3763530254364 14.5308771133423 14.5717754364014 14.4463405609131 14.4108579158783 14.8099155426025 14.6843233108521 14.3793466091156 13.8780100345612 14.2641327381134 14.3037143945694 13.9953256845474 14.2015365362167 13.8708807229996 14.2769277095795 14.3146232366562 13.9680781364441 13.8348791599274 13.5809586048126 13.7368397712708 13.9436491727829 14.2721849679947 14.0161625146866 14.4096579551697 14.5363018512726 14.582501411438 14.8019201755524 14.8485293388367 14.8870700597763 14.9417454004288 14.9883540868759 15.2244601249695 15.0815715789795 15.4444152116776 15.4815412759781 15.5114895105362 15.2618751525879 15.2971860170364 15.4189523458481 15.1733309030533 15.2079162597656 15.4676824808121 15.7550848722458 15.7693617343903 15.7929716110229 15.7033236026764 15.4956523180008 15.4068964719772
14.6282292604446 14.3938575983047 14.2569360733032 14.0446982383728 14.0843427181244 14.1239868402481 13.7420423030853 14.0761843919754 13.7694754600525 13.5111581087112 13.5491684675217 13.5871797800064 13.5072494745255 13.5816674232483 13.3174209594727 13.5337376594543 13.5051084756851 13.5544513463974 13.5890382528305 13.5032784938812 13.7418992519379 13.946298956871 13.9815114736557 14.0167237520218 14.0519361495972 14.3585191965103 14.5705609321594 14.5306804180145 14.6625090837479 14.8968942165375 14.9434148073196 14.8004320859909 15.0200980901718 15.0664700269699 14.9383552074432 15.1592160463333 15.030303478241 15.1410442590714 15.2121214866638 15.3306113481522 15.0869678258896 15.2110824584961 15.2457858324051 15.2804882526398 15.2841725349426 15.4491642713547 15.6588145494461 15.9443166255951 15.9804058074951 15.7833318710327
14.4240351915359 14.4393985271454 13.9349697828293 13.9745111465454 13.8343725204468 13.7485654354095 13.4420778751373 13.5971628427505 13.4399913549423 13.1946147680283 12.9700590372086 13.0060428380966 12.9234116077423 12.7765667438507 13.2316282987595 13.2645795345306 13.3806861639023 13.5979419946671 14.0033941268921 14.3066651821136 14.2204459905624 13.8634839057922 14.0193736553192 14.0535415410995 14.0877101421356 14.3770146369934 14.4169816970825 14.338294506073 14.5073771476746 14.9134302139282 15.0468119382858 14.9212149381638 14.9673699140549 14.9250609874725 14.9708099365234 14.9272811412811 14.9726231098175 14.8240649700165 15.047961473465 15.0959613323212 15.124675154686 15.0633426904678 15.1532768011093 15.1876163482666 15.3209290504456 15.8485835790634 15.9038859605789 15.9496475458145 16.0508906841278 15.8650140762329
14.7649828195572 14.8960100412369 14.3909004926682 13.8961292505264 13.638151884079 13.3317165374756 13.2922465801239 12.9836933612823 13.0206212997437 12.9776891469955 12.6665618419647 12.7022819519043 12.7380024194717 12.7737232446671 13.3782818317413 13.2262284755707 13.7295060157776 13.4562655687332 13.8605455160141 14.079590678215 13.9909883737564 14.0241125822067 14.1800026893616 13.9222323894501 13.9550430774689 14.1566071510315 14.1952692270279 14.3705331087112 14.5401092767715 14.7105219364166 14.9470340013504 14.8219871520996 14.7408509254456 14.785995721817 14.8311412334442 15.048787355423 15.0039908885956 15.049742937088 15.2284651994705 15.2827745676041 15.2068722248077 15.353790640831 15.138395190239 15.522863984108 15.6914448738098 15.9169293642044 15.9525303840637 15.9881317615509 16.0139836072922 15.9262993335724
15.1651175022125 15.0000736713409 14.7918630838394 14.297208070755 13.7535543441772 13.4932579994202 12.9902704954147 13.1456451416016 12.6382756233215 12.6741943359375 12.7101145982742 12.7460337877274 12.7819529771805 12.6975594758987 13.4049830436707 13.8268415927887 13.4674319028854 13.3333530426025 13.5298815965652 13.4386895895004 13.6772738695145 13.7520225048065 13.9283181428909 13.7508673667908 13.8677159547806 13.8991496562958 14.104466676712 14.1480398178101 14.5728417634964 14.743757724762 14.9811305999756 15.0268518924713 14.774918794632 14.8198485374451 14.8412636518478 15.0810159444809 15.1263142824173 15.3436560630798 15.4879485368729 15.4482864141464 15.5028192996979 15.5573513507843 15.6035805940628 15.7512896060944 15.7865128517151 15.8217355012894 16.0845816135406 16.1206953525543 16.0623273849487 16.1915230751038
15.3298102617264 15.3456815481186 14.8389273881912 13.9984230995178 13.4990091323853 13.6562063694 13.1523530483246 12.9481153488159 12.6814296245575 12.4253932237625 12.873619556427 12.9100824594498 12.8259040117264 13.0054949522018 13.408130645752 13.0454118251801 13.6328483819962 13.6634454727173 13.5712900161743 13.4784260988235 13.5083134174347 13.5382015705109 13.819430232048 13.9979727268219 14.0287299156189 13.9342530965805 13.9709579944611 14.1400204896927 14.3510692119598 14.65008020401 14.6945867538452 14.570408821106 14.8089854717255 14.8537000417709 14.8984150886536 15.242733001709 15.2331168651581 15.3742207288742 15.4241292476654 15.6098177433014 15.7049431800842 15.8501515388489 15.9765713214874 15.9862403869629 16.1983603239059 16.2527292966843 16.1121108531952 16.1215300559998 15.8262822628021 16.3465988636017
14.9595890045166 15.0495219230652 14.4657497406006 13.9675661325455 13.7049478292465 13.3201996088028 13.1965574026108 13.2344872951508 13.2724161148071 12.8811980485916 12.9178549051285 12.9545125961304 12.9473956823349 13.4212731122971 13.702984213829 13.5249176025391 13.2563821077347 13.7065184116364 13.736137509346 13.6419594287872 13.6712199449539 13.700480222702 13.7297405004501 13.8450099229813 14.2308059930801 14.09530377388 14.1317913532257 14.3411786556244 14.3847688436508 14.595197558403 14.4719505310059 14.6036019325256 15.1398857831955 15.0557811260223 15.1006276607513 15.4446512460709 15.4902794361115 15.40478515625 15.4545029401779 15.5087441205978 15.7128329277039 15.7489111423492 15.8823239803314 16.1209980249405 15.9917362928391 16.3292632102966 16.2800025939941 16.2900439500809 16.2042692899704 16.5187141895294
14.8889478445053 14.3655940294266 14.2091021537781 13.6674908399582 13.5102261304855 13.3633935451508 13.5216139554977 13.5601938962936 13.3170533180237 13.0771174430847 13.1233605146408 13.155121088028 13.0128899812698 13.381630897522 13.8254053592682 13.6923110485077 13.0604103803635 13.7495925426483 13.7782331705093 13.8068737983704 13.8285045623779 14.3049511909485 14.9012998342514 14.489507317543 14.4792214632034 14.8656578063965 14.9031777381897 14.9482383728027 14.6336109638214 14.6777600049973 14.8879520893097 14.8328377008438 15.0068233013153 15.0884611606598 15.1330825090408 15.3087241649628 15.5750155448914 15.6884281635284 15.9078569412231 15.7626795768738 15.8854643106461 16.2450114488602 16.5426285266876 16.6114139556885 16.4131526947021 16.3271520137787 16.3374447822571 16.3477368354797 16.3580293655396 16.3683211803436
14.7756195068359 14.4111874103546 14.017641544342 14.0580718517303 13.7524493932724 13.6721156835556 13.4450380802155 13.6044942140579 13.6432766914368 13.4942376613617 13.4106841087341 13.1186289787292 13.166363120079 13.1860793828964 13.3968205451965 13.4237315654755 13.2138032913208 13.2209494113922 13.0663540363312 13.2352423667908 13.3960921764374 13.8640180826187 14.1802296638489 14.4010939598083 14.6429715156555 14.5442261695862 14.7439193725586 15.1112221479416 15.2438604831696 15.201793551445 15.1175167560577 15.5458601713181 15.2957681417465 15.3409136533737 15.2968790531158 15.7971903085709 15.8432419300079 15.8892925977707 15.8069701194763 15.9453251361847 16.1436023712158 16.2505497932434 16.3569779396057 16.3668723106384 16.3767673969269 16.3866612911224 16.396555185318 16.6124911308289 16.8312134742737 16.8416845798492
15.3638589382172 14.8387504816055 14.3259346485138 14.1033248901367 13.9848675727844 13.8378759622574 13.7977206707001 13.918363571167 13.8763602972031 13.567263841629 13.6061710119247 13.1381723880768 13.1583696603775 13.3383718729019 13.6009922027588 13.4669778347015 13.2049757242203 13.3937160968781 13.3394536972046 13.750969171524 13.7592688798904 13.574275135994 14.2177147865295 14.6873340606689 14.7147254943848 14.7421164512634 15.1885648965836 15.2339223623276 15.4349218606949 15.3340958356857 15.4915366172791 15.7352703809738 15.9457606077194 15.992173910141 16.0385860204697 15.9196546077728 15.9657504558563 16.0486389398575 15.9483163356781 16.0826556682587 16.314795255661 16.7171711921692 16.7281403541565 16.6292247772217 16.640129327774 16.6510345935822 16.6632316112518 17.0662844181061 17.1706371307373 17.1805565357208
15.5719265937805 15.1654587984085 14.6513621807098 14.5356628894806 14.389848947525 14.3520957231522 14.3933035135269 14.434511423111 14.4757196903229 14.1682492494583 14.0294276475906 13.8609170913696 13.7239040136337 13.9046094417572 13.8360600471497 13.5102244615555 13.5351790189743 13.5601340532303 13.5269941091537 13.3242788314819 13.2197557687759 13.0414324998856 13.3451309204102 14.004362821579 14.2654381990433 14.7766889333725 14.8988617658615 15.1398996114731 15.3465754985809 15.3915522098541 15.8860721588135 15.854523062706 15.9448255300522 16.0245012044907 16.0706441402435 16.4080061912537 16.3651857376099 16.4119174480438 16.4636900424957 16.6918878555298 16.8750607967377 16.7768700122833 17.0859913825989 16.8902459144592 16.995861530304 16.8821113109589 16.8767600059509 16.8249263763428 16.9838242530823 16.9785537719727
15.8392373323441 15.3098456859589 15.460706949234 15.5046125650406 14.9997490644455 14.7295269966125 14.6901327371597 14.730836391449 14.6136349439621 14.7783253192902 14.260805606842 14.3335349559784 14.3395161628723 13.8856443166733 13.8792029619217 13.7454693317413 13.7504578828812 13.7554475069046 13.566108584404 13.3436862230301 13.0359027385712 13.30508685112 13.714456319809 14.0151485204697 14.6215242147446 14.6294754743576 14.9268889427185 15.0373924970627 15.3224070072174 15.4254133701324 15.3959723711014 15.6126234531403 15.6294760704041 16.1021053791046 16.3239760398865 16.5434622764587 16.7649004459381 17.1557657718658 17.2087745666504 17.2411732673645 17.3445346355438 17.2365713119507 17.3259043693542 17.4535281658173 17.3142156600952 17.3083703517914 17.3963522911072 17.1889650821686 17.2757208347321 17.0677697658539
16.2492425441742 16.2258969545364 16.1295329332352 15.8236314058304 15.6618374586105 15.2737305164337 15.3126302957535 15.194179058075 14.8838783502579 14.8390457630157 14.8767611980438 14.5461676120758 14.5468595027924 14.5830929279327 14.5981924533844 14.3523111343384 14.2963318824768 14.3002867698669 14.4559125900269 14.4458656311035 13.7311841249466 13.6679887771606 13.8964252471924 14.6172709465027 15.0908176898956 15.0284123420715 15.0159419775009 15.2161239385605 15.2579259872437 15.3624937534332 15.5316321849823 15.5468982458115 15.6974066495895 15.9413182735443 15.9996058940887 16.2620649337769 16.4700872898102 16.8381810188293 16.8458137512207 16.2912127971649 16.8389101028442 17.033638715744 17.3226938247681 17.5101108551025 17.612726688385 17.712033033371 17.7972440719604 17.9014101028442 17.3967142105103 17.4086079597473
15.9837492704391 16.1165273189545 15.7914234399796 15.7033330202103 15.7398717403412 15.3476414680481 15.3831171989441 15.4185923337936 15.2972705364227 15.5260722637177 15.5250185728073 15.5604938268661 15.0323454141617 15.0664794445038 14.8804601430893 14.5507249832153 14.5692484378815 14.4224510192871 14.4173355102539 14.4196718931198 14.4220085144043 14.4243452548981 14.4266817569733 14.429018497467 15.5790996551514 15.4701372385025 15.3269903659821 15.4531199932098 15.8493441343307 15.6941640377045 15.4921275377274 15.6519637107849 15.8748512268066 15.7113034725189 15.5222084522247 16.0846592187881 16.7559096813202 17.2005481719971 17.0109798908234 16.3500335216522 16.5178213119507 16.9973967075348 17.2093086242676 17.4659729003906 17.4757790565491 17.277414560318 17.5193164348602 17.2478678226471 17.2387022972107 17.7111811637878
16.0753697156906 16.2069227695465 16.4304986000061 16.067857503891 15.8952527046204 15.7345336675644 15.6100109815598 15.358321428299 15.3901114463806 15.4219006299973 15.4536892175674 15.0504914522171 15.0813403129578 15.1121883392334 15.1380416154861 15.0032025575638 14.5325973033905 14.6783849000931 14.6070309877396 14.5351009368896 14.5359351634979 14.5367699861526 14.8698630332947 15.0380063056946 15.8484885692596 15.7365987300873 15.7671269178391 15.8071527481079 15.6310416460037 15.6422154903412 15.9521262645721 16.1546441316605 15.7504122257233 15.7509487867355 15.9074685573578 16.1957852840424 16.8596653938293 16.8602697849274 16.8640370368958 16.4270143508911 16.2134647369385 16.1783595085144 16.8505611419678 17.1453676223755 17.1125807762146 17.1205043792725 16.9312717914581 17.3576917648315 17.1692230701447 17.177604675293
16.2743680477142 16.3268610239029 16.0590237379074 16.022803068161 15.6887866258621 15.7174019813538 15.5516271591187 15.5527150630951 15.4524539709091 15.6099663972855 15.529860496521 15.5118985176086 15.540647983551 15.3547857999802 15.4632688760757 15.3980497121811 15.0885145664215 14.9527912139893 14.8398594856262 14.9907058477402 14.877036690712 15.0286202430725 14.9142129421234 15.3508567810059 15.6578019857407 15.9056537151337 16.3636400699615 15.7324287891388 15.8835101127625 15.461797118187 15.5888364315033 15.6749885082245 15.6729825735092 15.8248249292374 16.0626711845398 16.0610220432281 16.1457560062408 16.0577239990234 16.2777105569839 16.2617037296295 16.4415891170502 16.1180131435394 16.7823665142059 16.9846091270447 16.7936136722565 16.7992372512817 16.7645580768585 16.9905610084534 16.9968159198761 17.0030691623688
16.3871603012085 16.4155744314194 16.4284518957138 15.9749896526337 16.0004950761795 16.025999546051 15.89604139328 15.8156048059464 16.1264801025391 15.8667267560959 16.0229203701019 15.7205793857574 15.7457802295685 15.5994522571564 15.3223404884338 15.3318442106247 15.2563192844391 15.2739417552948 15.4448894262314 15.3091864585876 15.3268097639084 14.9677827358246 15.0749844312668 15.0924409627914 15.3453788757324 15.7253596782684 15.8940958976746 15.8656046390533 15.8505625724792 15.7624024152756 15.3414393663406 15.553369641304 15.5493339300156 15.6971247196198 16.1934816837311 16.1893839836121 16.4227330684662 16.221474647522 16.2212674617767 16.2898157835007 16.0752195119858 15.9690048694611 16.1246118545532 16.3680720329285 16.3718922138214 16.5938701629639 16.5978438854218 16.8202812671661 16.9773209095001 16.9815497398376
16.5071083307266 16.3480522632599 16.3582175970078 16.5111501216888 16.4032311439514 16.149861574173 16.0165991783142 16.1697969436646 16.1842441558838 16.0380952358246 15.9501645565033 15.8276114463806 15.6982371807098 15.3325202465057 15.7683799266815 15.7757000923157 15.7830194234848 15.5548709630966 15.6454256772995 15.6530159711838 15.6606075763702 15.2987349033356 15.3889043331146 15.3964000940323 15.4180368185043 15.4248969554901 15.4391266107559 15.3058902025223 15.4499465227127 15.5270619392395 15.0732727050781 15.2818412780762 15.4256858825684 15.419620513916 15.3004086017609 15.4447447061539 15.4393297433853 15.4339151382446 15.5812313556671 15.5821470022202 15.8187243938446 16.0560145378113 16.207494020462 16.2091844081879 16.4274392127991 16.4292843341827 16.7981083393097 17.0383241176605 17.1696496009827 17.1719310283661
16.3104997873306 16.305584192276 16.288600564003 16.2288025617599 16.0926290750504 16.1117135286331 15.99775826931 16.5170133113861 16.5363737344742 16.5483115911484 16.0080428123474 15.6769530773163 15.9113025665283 15.7770309448242 15.6265336275101 15.6316225528717 15.4848886728287 15.338835477829 15.3446055650711 15.5634899139404 15.7196470499039 15.4383277893066 15.5805815458298 15.7357172966003 15.3906718492508 15.3957366943359 15.4022550582886 15.3937827348709 15.3853105306625 15.3768384456635 15.3182262182236 15.5410368442535 15.5330699682236 15.7218898534775 15.5171360969543 15.954391002655 15.7513418197632 15.7441103458405 15.525984287262 15.634295463562 15.7179324626923 15.7167117595673 15.8628995418549 15.6694509983063 15.9024016857147 16.2646987438202 16.4119222164154 16.4797210693359 16.627149105072 16.6270458698273
