data/spatiotemp/temp4/bio10_norsw_test_2015_2018.asc
NCOLS 654 
NROWS 380 
XLLCORNER 3.91666666666667 
YLLCORNER 55.3333333333333 
CELLSIZE 0.0416666666666667 
NODATA_value -9999 
[rows 110 to 131 of 380, columns 250 to 299 of 654]
8.82183480262756 10.7272298336029 9.42724680900574 8.29659748077393 8.52889275550842 8.34982371330261 7.74608826637268 9.42168617248535 9.16861724853516 7.35288166999817 7.0656830072403 7.56968748569489 8.40369236469269 9.21887993812561 10.3659763336182 9.54290628433228 10.2873365879059 9.30209970474243 9.42686319351196 8.64829349517822 7.68239557743073 7.06040048599243 8.34433722496033 9.68877649307251 9.56404638290405 8.93915438652039 8.30625975131989 7.86219882965088 7.55867969989777 7.80933773517609 7.89266228675842 7.63412165641785 8.49289345741272 8.46133255958557 8.97790932655334 8.68499565124512 8.51145339012146 8.32157766819 8.49636888504028 9.13466024398804 9.48961758613586 9.46457529067993 9.25219964981079 9.30032420158386 9.63028192520142 9.86557292938232 10.2071204185486 10.6587569713593 10.5805604457855 10.2521977424622
11.4276514053345 9.38546347618103 8.717942237854 8.78142070770264 8.11092805862427 8.63073992729187 9.17055153846741 9.11236381530762 9.63417601585388 9.63279294967651 8.69681406021118 9.07837724685669 10.042106628418 11.3965032100677 11.0216183662415 11.0689105987549 9.6883692741394 8.53142213821411 8.52365183830261 9.20654821395874 9.06461119651794 8.7230076789856 9.46679472923279 9.59463953971863 9.1174840927124 8.86849546432495 8.72383999824524 8.57618498802185 8.36602926254272 8.46504044532776 8.61188530921936 8.61339640617371 8.51224136352539 8.11225259304047 7.65092194080353 7.90708303451538 7.30174362659454 7.02923774719238 7.06256532669067 7.50955963134766 7.52611541748047 8.02675449848175 8.69156002998352 9.16186475753784 9.58967041969299 9.75180912017822 10.1303598880768 10.6214897632599 10.5342860221863 10.4244155883789
11.3473584651947 10.5290307998657 9.91247081756592 9.21241116523743 8.40085160732269 8.26365613937378 7.71034872531891 8.14437472820282 9.03977942466736 8.85455298423767 8.10970449447632 9.57423400878906 11.7495863437653 10.6547758579254 10.7554647922516 10.2309875488281 10.5051765441895 10.432032585144 9.46588850021362 9.29874444007874 9.56833267211914 10.2786226272583 9.5093207359314 8.63216924667358 8.33975303173065 8.50116980075836 8.80458664894104 8.85633707046509 8.78158760070801 8.72883772850037 8.64042115211487 8.61050510406494 8.57792186737061 8.27100563049316 7.69110131263733 8.13070869445801 7.82214975357056 6.96125757694244 6.50586485862732 7.01380610466003 7.37308049201965 7.68259942531586 7.80958616733551 7.95657241344452 8.21372520923615 8.4480447769165 8.99993276596069 9.90172219276428 10.2028443813324 10.4618003368378
11.1135728359222 10.7608044147491 11.0567464828491 11.6786887645721 11.4682734012604 10.1279063224792 8.86010718345642 9.08484244346619 9.05641102790833 10.1094796657562 11.3069665431976 11.8810527324677 9.9787540435791 9.46491646766663 9.94807910919189 9.00724124908447 8.77790427207947 9.62706685066223 10.7338230609894 10.9402430057526 9.85899567604065 9.12658166885376 9.63399887084961 9.36274766921997 9.03485488891602 8.52567768096924 8.24800050258636 8.08898997306824 7.80081248283386 7.50796842575073 7.40679109096527 7.38594698905945 7.63176965713501 7.92459201812744 8.2776141166687 8.79750180244446 9.24727582931519 9.08994293212891 8.4034435749054 8.39477753639221 8.60227823257446 8.8954451084137 8.80461239814758 8.55477952957153 8.60811352729797 8.68478107452393 8.99083876609802 9.24578762054443 9.45590305328369 9.66768503189087
11.9892880916595 12.932413816452 12.9087064266205 12.6918320655823 13.1152913570404 13.0352509021759 12.64337682724 12.6721692085266 12.2412950992584 11.5142540931702 10.5060584545135 10.1682817935944 9.121577501297 9.78270626068115 9.59600210189819 8.86846446990967 9.20359373092651 9.61222243309021 9.94635152816772 10.5240743160248 10.1200571060181 9.50854063034058 9.47517728805542 9.04706263542175 8.67412400245667 8.26185238361359 8.09774720668793 8.1081417798996 8.20603704452515 8.21776533126831 7.667689204216 7.08688867092133 6.79561686515808 7.29351198673248 7.47779357433319 7.84862768650055 8.42696261405945 8.8865647315979 9.35441279411316 9.70159459114075 9.93010950088501 9.59112405776978 9.75097227096558 9.68282079696655 10.0105018615723 10.0898501873016 9.97474503517151 9.79035353660583 9.44646143913269 9.10523653030396
13.612336397171 12.9959542751312 12.3119060993195 12.0623581409454 12.03764295578 11.9964284896851 12.0632133483887 12.0041646957397 11.881783246994 11.367901802063 10.5441508293152 9.59836435317993 9.89391112327576 10.3947913646698 9.53859186172485 8.79485392570496 9.14028239250183 9.63487815856934 9.78847360610962 9.84523868560791 10.4676194190979 9.84349966049194 9.62318873405457 8.86868095397949 8.38005948066711 8.12235987186432 7.965327501297 7.99979484081268 7.75918650627136 7.65139961242676 7.74827969074249 7.79233062267303 7.74879789352417 7.95876514911652 7.77063953876495 7.66708731651306 7.60603535175323 7.79031670093536 8.05109786987305 8.35291123390198 8.98610734939575 9.36530303955078 9.50983190536499 9.69469451904297 10.1698899269104 10.2775862216949 10.3788177967072 10.4859187602997 10.3995201587677 10.3167881965637
13.0238845348358 12.363495349884 11.6969397068024 11.4263834953308 11.3938279151917 11.3759386539459 11.4810495376587 11.4781603813171 11.3441047668457 11.1228821277618 11.4084095954895 11.4141869544983 10.9119639396667 9.23674082756042 8.60301470756531 7.59124338626862 8.10797190666199 8.81220030784607 9.14109563827515 9.43699097633362 9.34634804725647 10.062292098999 10.0503666400909 9.8030731678009 9.51727938652039 9.55548572540283 9.61469197273254 9.29689836502075 8.56082034111023 8.29752635955811 8.12623250484467 8.45677268505096 8.46947884559631 8.20585179328918 7.74748563766479 7.3968802690506 7.21277487277985 7.18216919898987 7.41439735889435 7.65279221534729 8.31427156925201 8.22281515598297 7.61252522468567 7.66240179538727 7.9596118927002 8.24365520477295 8.14439082145691 8.99165105819702 9.60407853126526 10.0975062847137
10.861599445343 11.1577024459839 11.2004730701447 11.1867427825928 11.2406792640686 10.5396158695221 9.8013858795166 9.48465609550476 10.2680926322937 10.8405294418335 10.1686677932739 10.2103424072266 10.0803496837616 10.1603572368622 10.0126981735229 9.02313280105591 7.9646612405777 7.30852270126343 7.33205139636993 8.04724633693695 9.14110779762268 9.63818669319153 9.81587862968445 9.55112600326538 9.29070711135864 9.42995500564575 9.51736950874329 9.68545079231262 9.85819840431213 9.78177976608276 9.48269414901733 9.377108335495 9.0416898727417 8.76093745231628 8.42099857330322 8.15450656414032 7.96701443195343 8.32468903064728 8.60565423965454 8.82621169090271 9.20260286331177 8.910160779953 9.09538459777832 9.10094261169434 9.16416645050049 9.23689126968384 9.25213027000427 9.35121703147888 9.4294707775116 9.69072437286377
10.3642411231995 10.2371606826782 9.88828349113464 9.838702917099 10.7727782726288 10.9165728092194 10.0292007923126 8.86599540710449 9.05968618392944 9.1069757938385 9.5192973613739 10.1399848461151 10.1595051288605 10.0992698669434 10.3835206031799 10.0150105953217 9.23366737365723 8.54294180870056 8.87829566001892 9.0348162651062 8.64067029953003 8.96735763549805 9.72637605667114 9.78190112113953 9.54042649269104 9.28745150566101 9.16847658157349 9.14566850662231 9.32119345664978 9.76655220985413 10.047577381134 10.0134358406067 9.51312756538391 8.73248648643494 8.04027009010315 7.84891843795776 8.05541241168976 8.28889846801758 8.41510796546936 9.05648374557495 9.39469313621521 9.13540267944336 9.11061191558838 9.26215434074402 9.43753051757812 9.44540667533875 9.59864568710327 9.64574766159058 9.7905158996582 9.85061764717102
10.7181074619293 10.6115174293518 10.1969270706177 9.72433686256409 10.0776233673096 10.2494745254517 9.98699259757996 9.64151072502136 8.45971870422363 8.23212862014771 7.74668610095978 7.73705816268921 8.16476356983185 8.86413550376892 9.94198513031006 10.2398774623871 10.2896020412445 10.2583274841309 9.62055230140686 9.08361077308655 9.27916932106018 9.39689421653748 9.65552639961243 9.72989773750305 9.49576997756958 9.37014102935791 9.36118006706238 9.30088520050049 9.53942394256592 9.85562920570374 9.90650081634521 10.1065392494202 9.58874416351318 9.56178307533264 9.35805130004883 9.30188322067261 9.34238171577454 9.38404703140259 9.23921227455139 9.06604385375977 8.88137602806091 8.99187445640564 8.79737329483032 8.01387155056 8.05237019062042 8.47636866569519 9.34077072143555 9.68824243545532 9.8712146282196 9.8448531627655
10.5960102081299 10.6937072277069 10.5849039554596 10.6388943195343 10.5966355800629 11.0178773403168 10.4574518203735 10.1596927642822 9.50728058815002 9.05094790458679 9.11940813064575 8.73996520042419 8.65935516357422 8.88191223144531 9.50930261611938 9.71165370941162 10.0555367469788 9.72699689865112 9.02612352371216 8.86675024032593 8.74264359474182 9.01036715507507 9.15284299850464 9.31139469146729 9.81927967071533 9.53766489028931 9.75321650505066 9.87660217285156 9.63215374946594 9.52153873443604 9.52709078788757 9.27497601509094 8.98519420623779 9.09907960891724 9.40083265304565 9.28028702735901 9.01940774917603 8.74686241149902 8.48931670188904 9.23527121543884 9.73522567749023 9.74717998504639 9.29696774482727 8.8867552280426 8.46254277229309 8.34433054924011 8.53072881698608 8.68123745918274 9.65474653244019 9.58042192459106
8.58641290664673 8.17856335639954 8.71521377563477 9.33060240745544 10.3418145179749 10.5874798297882 10.5237517356873 10.7160234451294 10.7182834148407 10.6236007213593 10.4722971916199 10.4847049713135 10.2411136627197 9.45783305168152 8.83809685707092 9.08317232131958 9.76580452919006 9.29883289337158 8.49086141586304 8.39330530166626 8.60054707527161 8.48328876495361 8.08772552013397 7.84535729885101 8.77079010009766 9.48268842697144 9.4150869846344 10.089652299881 10.1092169284821 9.50378203392029 8.6371808052063 7.21757912635803 6.57338166236877 6.81734049320221 7.20060801506042 7.76719045639038 8.07026743888855 8.46201086044312 8.68792128562927 8.90849804878235 9.06190824508667 9.8604850769043 10.3412284851074 9.47197222709656 8.96171593666077 8.91079258918762 8.62052059173584 8.81539940834045 9.03844499588013 9.14449071884155
9.46174621582031 9.97458696365356 10.1288573741913 10.1262950897217 10.0342326164246 9.47683668136597 8.64310741424561 9.2565450668335 10.1643106937408 9.79826712608337 9.8146595954895 10.5452561378479 10.6458530426025 9.94661593437195 9.49821281433105 9.53154015541077 9.79423952102661 10.1038360595703 9.81309938430786 9.42219591140747 8.8359591960907 8.24171030521393 7.7076655626297 7.86114966869354 8.05813348293304 9.07221174240112 10.1309571266174 10.2425355911255 10.01544713974 9.64652562141418 9.40910363197327 8.72651553153992 7.97776091098785 7.60099065303802 7.29744696617126 7.1417088508606 7.77147054672241 8.07149314880371 8.37952542304993 9.01389169692993 9.70525789260864 9.49145674705505 9.56265616416931 10.5428555011749 10.3857219219208 9.76675415039062 9.27014541625977 8.89889478683472 9.03547668457031 8.87055921554565
6.75688529014587 8.88160991668701 9.95666766166687 9.21005940437317 8.55778360366821 8.79417443275452 8.78589940071106 9.32229042053223 9.44499254226685 8.74686169624329 9.08235096931458 9.32701563835144 9.79534721374512 9.47101259231567 9.41804051399231 9.84296417236328 10.2752418518066 10.3362028598785 10.144504070282 9.88183546066284 9.03883337974548 8.649165391922 8.56993889808655 8.94460892677307 9.22105050086975 9.66140198707581 10.2551605701447 10.210752248764 10.001177072525 9.76593565940857 9.40769410133362 9.19461917877197 9.26704406738281 9.30346894264221 9.19667601585388 8.74366450309753 8.81081962585449 8.54764175415039 8.32046353816986 8.56361865997314 9.51160717010498 9.97709536552429 9.75508427619934 10.045072555542 10.8217279911041 10.2372162342072 9.84643697738647 9.38005638122559 9.53884220123291 9.40912818908691
5.988121509552 7.97996616363525 10.1736674308777 9.63916850090027 8.81833434104919 8.51667976379395 8.80635762214661 9.08770251274109 8.67171430587769 8.61239266395569 8.39779591560364 8.65725922584534 8.00305533409119 7.29068458080292 7.55081391334534 8.48744344711304 10.0714063644409 10.0447900295258 9.40440797805786 9.21080803871155 8.99604153633118 8.84394145011902 8.3837296962738 8.19206809997559 8.61915397644043 9.36775851249695 10.0485303401947 10.2046353816986 9.70474028587341 9.59817862510681 9.32895040512085 9.3425555229187 9.39966082572937 9.26759886741638 9.80212378501892 10.0299015045166 9.8020122051239 9.7607901096344 9.68923425674438 9.48801207542419 9.57878994941711 9.94390082359314 10.23117852211 10.3261227607727 10.8812339305878 10.7348449230194 10.4540617465973 10.4330513477325 10.4615409374237 10.3513634204865
9.36935758590698 9.66532278060913 10.3358907699585 9.84600472450256 9.41615676879883 9.40868401527405 9.28598284721375 8.7821147441864 7.97274672985077 8.68687844276428 8.70651817321777 8.01966571807861 8.05281341075897 8.18412792682648 8.46127533912659 9.55453610420227 10.2043764591217 9.12671113014221 8.1867983341217 7.46255242824554 6.97763967514038 6.89339363574982 7.6584860086441 8.48452711105347 8.67071008682251 8.82711553573608 9.59306740760803 10.3396854400635 10.1733038425446 10.0874221324921 9.8328742980957 9.5693256855011 9.55194401741028 9.60489559173584 9.80140495300293 9.65980529785156 9.29120516777039 9.35410571098328 9.16850566864014 9.25173950195312 9.35813927650452 9.48753952980042 9.74277305603027 10.3161733150482 10.4352400302887 10.5351402759552 11.0398535728455 10.9172132015228 10.2670726776123 10.2302658557892
10.4279267787933 10.6253459453583 10.919114112854 10.3442935943604 10.0980417728424 9.73562359809875 9.57484102249146 9.05327272415161 9.03037095069885 9.75480246543884 9.44401502609253 8.45073938369751 7.90440487861633 8.29157054424286 9.43865299224854 10.5836079120636 9.56381130218506 8.43134760856628 7.88173246383667 7.85606491565704 8.03256380558014 6.93222951889038 6.78725934028625 8.06315302848816 9.0772066116333 9.64463901519775 10.2159371376038 10.4952359199524 10.4482007026672 10.2379989624023 9.98229765892029 9.68642926216125 9.89822745323181 9.87069225311279 9.8690197467804 9.6490421295166 9.27723169326782 8.97258734703064 9.04011011123657 8.85513257980347 8.82415533065796 8.71067810058594 8.8388671875 9.34522342681885 9.77541255950928 9.89143538475037 10.1708121299744 10.7393748760223 10.9842715263367 10.9050014019012
8.39149641990662 8.83936929702759 9.91533732414246 9.62673425674438 9.11546444892883 8.70586180686951 9.5872585773468 10.1886355876923 10.2472739219666 10.3169124126434 10.4732835292816 10.1403887271881 9.76139402389526 9.62243151664734 10.1495361328125 10.7461407184601 10.675078868866 9.87801694869995 9.34945511817932 8.26256012916565 7.41563403606415 6.65115118026733 7.30486631393433 8.80944585800171 9.32036972045898 10.0428290367126 10.4266407489777 10.2917857170105 10.0412638187408 10.0519089698792 10.1370539665222 10.2001988887787 10.2583439350128 10.0838222503662 9.66980075836182 9.53794598579407 9.49409103393555 9.43940281867981 9.6833815574646 9.42235970497131 9.76650476455688 9.622150182724 9.53312849998474 9.35260725021362 9.350919008255 9.61006426811218 9.7982702255249 9.91386961936951 10.1269702911377 10.5647366046906
10.3982861042023 10.4345316886902 10.4852273464203 10.2723710536957 9.81723284721375 9.71842789649963 9.94162321090698 10.0884850025177 10.0661795139313 9.84720802307129 10.0116422176361 10.2946486473083 10.4434881210327 10.3991615772247 10.2638342380524 10.441174030304 10.6813468933105 10.7791862487793 10.4021935462952 9.72586584091187 8.53887224197388 7.67890572547913 7.68530607223511 8.38123846054077 9.49486112594604 10.1825194358826 10.5218441486359 9.96150255203247 9.63966059684753 10.1008188724518 10.307977437973 10.4888019561768 10.4127938747406 9.90328550338745 9.30108189582825 9.91968274116516 9.88145041465759 9.70238471031189 10.1724858283997 10.2157535552979 10.0651879310608 10.1626219749451 10.3233897686005 10.2109904289246 9.88792490959167 9.8680260181427 9.85456156730652 9.84636521339417 9.89266896247864 9.97497224807739
9.6704626083374 10.2587900161743 10.2837414741516 10.2739932537079 10.1920783519745 10.1238298416138 10.1219153404236 9.86400032043457 9.68925213813782 9.81267046928406 10.1101670265198 10.181408405304 10.1819832324982 10.3042242527008 10.0652987957001 10.1287066936493 10.2056148052216 10.0391893386841 10.577597618103 10.597838640213 9.66541361808777 9.26848793029785 9.54536128044128 9.7205331325531 9.96970462799072 10.6753761768341 10.8390474319458 10.3172190189362 10.2572240829468 10.4565625190735 10.4719004631042 10.1890721321106 9.82324385643005 9.84874892234802 9.81336283683777 9.80241990089417 9.74181008338928 9.78386664390564 10.1329233646393 10.1983134746552 10.3292038440704 10.4015941619873 10.3763172626495 10.6347072124481 10.7817642688751 10.4444878101349 10.0536866188049 9.98219347000122 10.040322303772 10.0751020908356
8.85912609100342 9.56107473373413 9.75852370262146 9.69637989997864 9.98540019989014 10.526419878006 10.7748594284058 10.7829658985138 10.6312386989594 10.3538453578949 10.3066692352295 10.3345456123352 10.3919222354889 10.4902982711792 10.6368408203125 10.6897172927856 10.7395930290222 10.564802646637 10.6011788845062 10.6835551261902 10.9150977134705 10.7623069286346 10.4796226024628 10.9060432910919 10.8801312446594 10.2542185783386 10.2894730567932 10.8228940963745 11.0426487922668 10.5725696086884 10.1528239250183 9.94307804107666 9.69749927520752 9.51425337791443 9.46471095085144 9.75870394706726 9.700364112854 9.46569085121155 9.48151779174805 9.67584419250488 9.81383776664734 10.0604977607727 9.92815780639648 10.0866510868073 10.6153109073639 10.866304397583 10.4480772018433 10.0662970542908 10.1603500843048 10.4494025707245
9.67937207221985 9.81420421600342 9.79353618621826 9.89736843109131 9.8211681842804 10.0160303115845 10.1756227016449 9.55088114738464 9.30147314071655 9.29337000846863 9.2744414806366 9.33489418029785 9.49347162246704 9.85604906082153 10.1744604110718 10.2000379562378 10.3094482421875 10.2940261363983 10.4421036243439 10.3096809387207 10.1039252281189 10.4268362522125 10.8526613712311 11.1109013557434 11.0469744205475 10.6648812294006 10.1901209354401 10.2561948299408 10.9466006755829 10.6888406276703 10.0209138393402 9.91548705101013 9.85106039047241 9.78263354301453 10.0944590568542 10.3990361690521 10.0261135101318 10.0041906833649 10.1012680530548 10.1420121192932 9.85258889198303 9.79033303260803 9.88741016387939 10.1449873447418 10.2327313423157 10.4263088703156 10.9375674724579 10.8580086231232 10.5009498596191 10.7508330345154
