data/spatiotemp/temp4/bio13_norsw_test_2015_2018.asc
NCOLS 654 
NROWS 380 
XLLCORNER 3.91666666666667 
YLLCORNER 55.3333333333333 
CELLSIZE 0.0416666666666667 
NODATA_value -9999 
[rows 44 to 65 of 380, columns 600 to 649 of 654]
89.1621112823486 90.2657089233398 90.5999965667725 91.6836891174316 91.6653022766113 90.5457515716553 90.5276660919189 89.3867378234863 89.7024421691895 90.0641670227051 90.4252185821533 91.0497932434082 90.6654644012451 92.0575199127197 92.0004730224609 91.2648067474365 92.3012771606445 92.9214363098145 92.8635158538818 93.1582984924316 92.0259895324707 93.0882987976074 93.4139213562012 92.6203804016113 91.9185428619385 91.8916835784912 91.8648204803467 91.8379573822021 92.1306705474854 91.7842330932617 92.0760288238525 92.7208786010742 93.1069602966309 93.4370365142822 94.1793575286865 94.8258266448975 95.1555709838867 96.3540477752686 95.4610233306885 94.3156890869141 94.6453113555908 94.9749412536621 94.596435546875 94.5719947814941 94.5493621826172 91.5052528381348 89.7418537139893 90.1281681060791 89.8048305511475 88.3937664031982
90.1418647766113 89.7712688446045 90.105806350708 90.0877780914307 90.400915145874 90.0517196655273 90.8018856048584 89.6628513336182 89.6241092681885 91.0141353607178 90.9537982940674 92.0134372711182 91.5998973846436 93.6643199920654 94.3681926727295 91.7706527709961 92.800106048584 94.1805744171143 95.1474800109863 96.5246334075928 95.3922691345215 94.69016456604 93.2247848510742 93.1986274719238 93.4933223724365 93.4667167663574 93.0865287780762 93.4134998321533 93.3868961334229 92.2779788970947 93.333683013916 92.9529495239258 92.9289455413818 93.2618293762207 94.3208770751953 93.5733814239502 93.5520687103271 93.8848838806152 92.7446784973145 92.7231941223145 92.7017059326172 92.6802253723145 91.2267360687256 90.8515129089355 91.1858520507812 91.1676044464111 94.3658275604248 93.9504566192627 91.1055164337158 88.2584075927734
89.9900417327881 89.9700698852539 89.9500980377197 89.1644077301025 88.4608669281006 88.0883750915527 88.0686702728271 89.1681079864502 89.4579906463623 89.7521724700928 91.4670524597168 92.8519325256348 93.5555477142334 94.5844058990479 93.4326477050781 91.6049098968506 91.5449199676514 92.9245491027832 94.6255550384521 97.4387969970703 97.7472305297852 97.7223167419434 95.9076175689697 95.5621166229248 94.1020240783691 93.7244892120361 93.7004566192627 94.0302696228027 94.0063552856445 93.2204875946045 93.1965713500977 94.2518463134766 93.1499500274658 93.1284446716309 92.7526149749756 92.0075206756592 91.9863185882568 92.6338043212891 92.298168182373 91.1594524383545 90.8250865936279 90.4499683380127 90.741117477417 90.4555950164795 90.7008209228516 92.1135482788086 92.0968456268311 92.0286560058594 90.2714557647705 89.5788955688477
89.8283615112305 89.4516792297363 89.4277248382568 89.7565231323242 89.0497894287109 89.0263175964355 89.6846866607666 89.6607437133789 89.621883392334 89.5681076049805 91.2845115661621 93.4347095489502 93.7313213348389 93.6750602722168 93.6187992095947 93.562536239624 93.1532821655273 94.5343685150146 94.799991607666 95.8558559417725 96.4915809631348 96.1497001647949 95.7761383056641 95.4023323059082 95.7355461120605 94.6351928710938 94.6152935028076 94.595386505127 94.2213478088379 93.8835792541504 93.1032104492188 94.1989135742188 94.4933567047119 94.4684104919434 93.0123043060303 92.9877185821533 92.9631366729736 91.8629989624023 91.8387699127197 91.0526847839355 91.0283184051514 90.6494617462158 90.6251049041748 90.6007461547852 90.8917045593262 91.9938449859619 93.4061489105225 91.9638938903809 90.8775005340576 90.55784034729
89.9980659484863 90.7310199737549 90.7026901245117 90.3444557189941 90.316614151001 90.6415004730225 89.4991664886475 89.4712467193604 90.8747463226318 92.5931835174561 93.2215099334717 94.2839431762695 94.2323875427246 94.588306427002 95.2137088775635 95.1613655090332 94.7559967041016 96.138744354248 96.4387130737305 96.3856163024902 96.3509731292725 95.9814071655273 94.8858280181885 94.8698348999023 94.5343036651611 94.5187454223633 94.821849822998 94.4876289367676 94.1177673339844 93.4302845001221 93.7694702148438 92.6397876739502 92.6182136535645 92.59055519104 92.9176692962646 92.890007019043 91.747386932373 91.4061145782471 92.0466537475586 92.0188980102539 91.9911460876465 91.6086196899414 91.9356384277344 92.2626476287842 92.2422618865967 92.1835975646973 92.1697998046875 91.8004360198975 91.4929466247559 91.5330352783203
90.5950946807861 91.6749076843262 91.6425724029541 90.8508033752441 90.4657001495361 90.7860240936279 90.75364112854 90.7212505340576 91.4423332214355 92.0764636993408 93.468807220459 93.4229068756104 93.7017841339111 93.6553916931152 93.6089973449707 94.3205337524414 94.6269645690918 94.5803890228271 95.6128711700439 95.1298999786377 95.1000823974609 95.0879993438721 94.7559280395508 94.7442798614502 94.4135112762451 94.4022979736328 93.2790412902832 93.2675361633301 94.0141830444336 94.0028247833252 92.5617237091064 92.5505084991455 93.2001304626465 92.0551319122314 91.7092247009277 91.6784267425537 91.6476287841797 92.6888694763184 93.0126361846924 92.9813919067383 91.8359813690186 91.8046722412109 91.773365020752 92.8563976287842 92.0754375457764 92.0633716583252 91.3872871398926 91.3755359649658 90.6036434173584 91.6587944030762
91.1140365600586 90.747350692749 90.7109260559082 90.6744976043701 90.6380729675293 90.6016445159912 91.2448959350586 91.2078800201416 91.9267692565918 93.3220062255859 92.9561443328857 93.2405681610107 93.1998500823975 94.2392654418945 94.8740768432617 95.1550693511963 95.1435947418213 95.857536315918 96.1688632965088 96.1270370483398 94.9940357208252 94.9868927001953 94.6260242462158 94.6187286376953 94.2927188873291 93.9316635131836 93.4860095977783 94.2350463867188 93.5559501647949 93.9035739898682 93.896556854248 93.4477424621582 93.1112613677979 91.6493968963623 91.6155529022217 91.5817089080811 91.5478668212891 91.8266487121582 92.9052314758301 92.1132164001465 91.7235565185547 92.0445175170898 91.6548290252686 91.6204681396484 91.9534778594971 92.7011985778809 91.9328289031982 91.5663261413574 92.2189617156982 93.3236064910889
92.0575428009033 92.016450881958 90.5386600494385 91.6061916351318 91.8931770324707 91.8520851135254 91.8109970092773 91.7699012756348 92.4096794128418 93.8067779541016 93.7708778381348 93.3822975158691 94.100887298584 94.3879108428955 94.7042598724365 95.0207824707031 96.0914745330811 96.376350402832 96.0185279846191 95.6286735534668 94.8555278778076 94.8186531066895 95.2502326965332 94.1391773223877 93.8177642822266 93.8150768280029 93.0572757720947 92.6996746063232 93.0513954162598 92.6934680938721 92.6903629302979 92.6872653961182 92.9818229675293 91.8730735778809 91.8356533050537 91.4849910736084 91.7608165740967 91.7233963012695 93.1094760894775 93.0715141296387 93.0335559844971 92.9955978393555 92.9576320648193 92.1634998321533 91.7842025756836 92.8873424530029 92.1217079162598 92.1125736236572 93.1669120788574 92.094310760498
91.5377655029297 91.5170745849609 91.4475955963135 91.7552604675293 92.7901000976562 92.744327545166 91.9454822540283 91.8997325897217 92.2139930725098 92.5080699920654 93.582670211792 94.6281051635742 94.5968837738037 94.5656604766846 95.6089515686035 95.9302368164062 96.25172996521 95.5460586547852 95.8352718353271 95.8036212921143 95.7885189056396 94.6839809417725 94.3662242889404 94.3676242828369 94.3690242767334 94.0159549713135 92.9463901519775 93.3469657897949 93.3484363555908 92.9110317230225 92.5964260101318 92.5975952148438 92.5779056549072 91.7820472717285 91.741569519043 92.0567970275879 92.0163497924805 93.0426692962646 93.0016117095947 92.9605464935303 91.4987163543701 91.7677917480469 91.7267761230469 91.3298225402832 92.724063873291 92.7650604248047 92.0027084350586 93.4138660430908 93.0494022369385 92.7364749908447
92.122220993042 91.3218326568604 92.7040939331055 92.654167175293 92.604248046875 93.2325344085693 93.5342655181885 93.131290435791 93.0931816101074 94.1706409454346 94.468391418457 95.8684749603271 95.5197296142578 95.8158874511719 95.7895927429199 96.1163597106934 95.7370014190674 95.3903179168701 95.6844158172607 94.9080257415771 95.2942180633545 94.2305736541748 94.2363185882568 94.2420692443848 93.8933906555176 93.8989562988281 93.9045181274414 93.5551071166992 94.2314529418945 94.2365989685059 93.9267807006836 93.1781883239746 92.488826751709 91.6910171508789 92.0033836364746 91.959888458252 91.9163951873779 91.8728942871094 91.4733562469482 91.4298248291016 91.3862934112549 91.3427600860596 91.6077365875244 91.2556991577148 91.2312469482422 91.8893661499023 92.2805500030518 91.5209770202637 91.515079498291 91.2044448852539
92.6346626281738 92.5805969238281 92.5265254974365 93.9004249572754 93.8455352783203 93.7906494140625 94.0602645874023 94.3569164276123 94.3187713623047 94.2981109619141 94.2774486541748 95.3275737762451 95.6591625213623 95.6382293701172 95.6172943115234 95.5963611602783 94.5066986083984 95.5544910430908 94.1121654510498 94.8398723602295 93.7324409484863 93.7423419952393 93.0028743743896 93.3298454284668 94.0891208648682 94.4533653259277 94.4630451202393 94.4727268218994 95.5496368408203 94.8070869445801 94.5017757415771 94.1972961425781 92.755786895752 92.7090892791748 91.9095268249512 92.9276695251465 92.8804035186768 92.8331451416016 92.7858791351318 92.738618850708 91.5830078125 91.8922824859619 91.1806945800781 91.134105682373 92.1674671173096 91.0548248291016 90.7445964813232 91.403413772583 91.094482421875 90.7329845428467
92.4653911590576 92.7340126037598 93.4221801757812 93.7160129547119 92.5575866699219 92.4987773895264 93.5103607177734 93.8028697967529 94.5116367340088 94.496129989624 94.0865077972412 94.8175830841064 94.8022308349609 95.4605712890625 95.4449939727783 94.6828746795654 95.4138450622559 93.978853225708 94.2825317382812 93.5943946838379 93.5937461853027 93.925874710083 94.2939929962158 95.7278423309326 94.6767539978027 95.4401721954346 96.1258029937744 96.1402931213379 94.7337131500244 95.8135623931885 96.1420364379883 96.1559143066406 94.4017906188965 93.2425384521484 93.1915950775146 91.4096755981445 92.4222946166992 92.3718795776367 92.9878273010254 92.9368839263916 92.2206344604492 92.1702194213867 91.4555511474609 90.6557083129883 90.6297912597656 90.6276531219482 89.8748779296875 90.6233711242676 89.8699798583984 90.9772644042969
92.9763469696045 92.9131736755371 92.8500003814697 93.139575958252 92.723653793335 92.6604785919189 92.5973072052002 93.6009483337402 93.9157695770264 93.9056701660156 94.639892578125 93.8854732513428 94.1960849761963 93.8652744293213 94.5281143188477 94.8709354400635 94.5075531005859 94.4972705841064 94.4869899749756 94.1229267120361 94.444766998291 95.208459854126 94.9098987579346 95.6000556945801 94.8715133666992 95.992504119873 95.6561660766602 95.6748733520508 95.6935768127441 94.6482830047607 94.3107738494873 94.6854801177979 95.4186553955078 94.2570133209229 93.095724105835 91.6236534118652 91.2136726379395 90.1005897521973 91.4637832641602 92.1598205566406 92.1063003540039 90.9469299316406 90.5865840911865 89.7854270935059 89.7587928771973 89.4005565643311 89.3995723724365 89.398588180542 90.8093662261963 90.8084373474121
92.8065776824951 93.0924282073975 93.0248432159424 94.0243644714355 93.2134780883789 93.8876152038574 93.819242477417 93.7508678436279 94.3875408172607 94.3825759887695 95.1198234558105 94.3726482391357 94.3676853179932 94.362720489502 94.3577556610107 94.7059078216553 95.7627944946289 95.0148258209229 94.6915721893311 94.6507434844971 96.0744094848633 95.7803115844727 95.4491443634033 95.4722671508789 95.4953899383545 94.4567546844482 94.4797172546387 94.5026798248291 94.5256462097168 93.4439525604248 93.1098346710205 92.8187808990479 92.8016815185547 92.7451152801514 92.6430511474609 92.6319847106934 91.1596355438232 91.1038799285889 91.0481224060059 90.9923648834229 90.9366035461426 91.1879405975342 90.8250923156738 89.001823425293 88.9749317169189 88.6183776855469 88.6193695068359 88.6203594207764 88.9798908233643 88.981128692627
94.4518280029297 94.7057552337646 94.6340980529785 95.656644821167 94.9086284637451 92.6809253692627 94.0256805419922 94.2758178710938 93.916561126709 95.3244647979736 95.3192501068115 94.5734348297119 94.5681228637695 95.9757022857666 95.9703407287598 94.5521774291992 94.9343757629395 95.2467555999756 95.5949687957764 94.8480434417725 94.8574180603027 94.2108955383301 94.2354564666748 94.6150207519531 94.2845726013184 93.9943695068359 92.9184513092041 92.94260597229 92.6105995178223 92.9909114837646 93.015064239502 92.9947242736816 92.6673374176025 92.2562599182129 91.4544677734375 91.4006519317627 91.0373649597168 90.6267261505127 90.5734176635742 90.8777027130127 91.1315498352051 91.077730178833 89.6144981384277 89.2035312652588 88.5145359039307 87.7696971893311 87.7703552246094 88.5175647735596 88.8212299346924 88.131649017334
94.6865463256836 95.3547019958496 94.5420951843262 95.5637130737305 94.3976421356201 92.5893383026123 92.1656532287598 92.4482688903809 92.7271099090576 93.8075561523438 94.1151695251465 94.1377964019775 93.387149810791 93.3757171630859 93.3283538818359 94.4097385406494 94.4349155426025 94.0694389343262 94.3745746612549 93.6921215057373 93.3435211181641 92.6267223358154 93.745813369751 94.0842361450195 94.1076221466064 92.7187080383301 94.1543941497803 93.4341087341309 92.7876930236816 92.0659122467041 92.0883541107178 91.7535037994385 92.4879035949707 91.338680267334 90.9832096099854 90.889533996582 90.5351142883301 90.4899139404297 90.4447078704834 89.6546115875244 89.2512226104736 89.2060832977295 89.1609382629395 89.1699295043945 89.0927562713623 87.6846141815186 87.6836280822754 89.0899658203125 87.9836139678955 87.6806735992432
92.8532466888428 94.1997032165527 94.8049182891846 94.3772926330566 93.9501304626465 92.8184242248535 92.746696472168 92.3555488586426 92.3111629486084 92.6120910644531 93.6858100891113 94.0218696594238 93.6499786376953 93.2484912872314 92.8763847351074 93.2129611968994 92.840612411499 92.5067825317383 92.8048343658447 92.7869472503662 92.4741306304932 92.8111209869385 92.8331985473633 92.4994316101074 92.5212726593018 92.5431137084961 92.5649528503418 92.5867958068848 92.6086349487305 92.6304759979248 92.6523151397705 92.6269569396973 92.6185359954834 92.5804920196533 92.1842384338379 91.402379989624 91.3642807006836 91.3261833190918 90.9814224243164 90.9438915252686 90.1631145477295 90.1256713867188 89.4245223999023 88.6445198059082 88.2650833129883 87.9593944549561 87.956995010376 87.5942726135254 87.5916442871094 87.5890140533447
92.0260181427002 91.9545764923096 92.9428272247314 92.5152015686035 93.118673324585 92.7259578704834 94.0646152496338 93.2902069091797 94.2965927124023 93.5354042053223 93.5109615325928 92.8148460388184 92.7906494140625 92.7664527893066 92.7422542572021 93.4541664123535 92.3387660980225 93.720609664917 93.6959838867188 92.6212730407715 94.0251083374023 94.0463924407959 93.7116451263428 93.73268699646 93.397216796875 92.3675193786621 93.0568084716797 93.8168468475342 93.4804153442383 92.7606887817383 92.7809772491455 92.4430713653564 92.4382076263428 92.7170543670654 92.6867294311523 92.6564025878906 92.267017364502 92.2365264892578 91.1584014892578 91.4880199432373 90.7164859771729 90.0226230621338 88.8914318084717 88.5587825775146 88.5421161651611 89.942663192749 89.5774726867676 88.1680297851562 86.7585906982422 86.7540321350098
91.5815505981445 91.5097846984863 92.8520488739014 93.0993671417236 92.7063465118408 92.6334953308105 93.9703273773193 93.5787105560303 93.1462383270264 94.1680545806885 93.0853614807129 94.10618019104 93.7199039459229 92.9541091918945 92.9232616424561 93.2479476928711 94.2659358978271 94.968822479248 95.6068820953369 94.9059505462646 94.1663131713867 94.5422267913818 94.2057514190674 93.868782043457 93.1522941589355 94.5760021209717 94.9748401641846 93.9466857910156 94.2760696411133 95.7012233734131 96.7686500549316 96.4794292449951 96.1193695068359 94.3096923828125 94.2875843048096 94.5721416473389 92.7841320037842 91.7159194946289 91.3887405395508 91.6716823577881 90.2448863983154 89.9195709228516 89.898250579834 90.1793212890625 90.1651287078857 90.1586036682129 88.7483825683594 89.4833679199219 88.3733329772949 88.0672855377197
92.9081020355225 92.8346843719482 92.7612724304199 92.6878566741943 92.9710292816162 92.5410270690918 92.5063247680664 92.7501087188721 93.0506992340088 93.0139198303223 94.0267105102539 93.9893684387207 93.596061706543 93.5586814880371 93.5212993621826 94.1538753509521 94.1161823272705 93.4091567993164 93.3717765808105 94.7350807189941 95.3941173553467 95.7696018218994 94.3874988555908 94.0491924285889 93.7103881835938 93.7286930084229 93.746997833252 93.7652988433838 95.4957599639893 98.6295509338379 97.2442417144775 94.4541721343994 94.4558429718018 95.1793231964111 93.7613620758057 92.6494903564453 92.6901340484619 92.6766052246094 91.9245910644531 91.9109001159668 91.5361175537109 91.1608924865723 91.1467628479004 92.5353298187256 92.8858966827393 92.1378421783447 90.0642585754395 90.0560474395752 88.6454448699951 88.2742881774902
93.4969367980957 93.7801170349121 93.0282726287842 92.9540729522705 92.8798713684082 93.1627731323242 95.2292461395264 94.4199905395508 94.0038013458252 93.960054397583 93.9163017272949 93.5159797668457 93.8288021087646 94.0987358093262 93.3847007751465 94.7417545318604 94.6973686218262 94.6529788970947 94.6085987091064 94.8757762908936 94.1319541931152 95.2365875244141 94.2128028869629 94.5404739379883 94.5577182769775 95.6165981292725 98.0755462646484 99.4272289276123 96.2846794128418 96.3012065887451 96.0104122161865 94.2662963867188 94.631404876709 94.6259231567383 94.6204357147217 94.614953994751 93.2078819274902 92.8413791656494 93.5003967285156 93.4944190979004 91.7251243591309 92.8184986114502 95.9172782897949 94.872034072876 92.7991695404053 91.6876678466797 90.6390151977539 89.5909309387207 89.2174758911133 88.5456962585449
93.4071292877197 93.6904850006104 94.348575592041 93.5392913818359 95.5468006134033 94.7951107025146 93.6701240539551 93.2369003295898 93.1741943359375 93.856050491333 93.8058948516846 93.7557392120361 93.7055854797363 92.9251403808594 92.5181674957275 93.1979732513428 93.8166732788086 95.163516998291 94.8012828826904 94.7504024505615 95.0436763763428 95.0601806640625 97.8692226409912 99.949914932251 100.634078979492 100.292724609375 97.1560287475586 96.081901550293 95.4308490753174 97.5108795166016 96.1279411315918 97.2361259460449 98.9503936767578 97.5540790557861 97.5568237304688 95.1338748931885 93.0023937225342 92.7013740539551 92.7039833068848 93.7442760467529 93.0108890533447 94.111909866333 95.815559387207 94.4175891876221 94.4125061035156 93.3635864257812 93.0527572631836 91.9393730163574 89.1275806427002 88.0132331848145
