data/spatiotemp/temp4/bio18_norsw_test_2015_2018.asc
NCOLS 654 
NROWS 380 
XLLCORNER 3.91666666666667 
YLLCORNER 55.3333333333333 
CELLSIZE 0.0416666666666667 
NODATA_value -9999 
[rows 132 to 153 of 380, columns 500 to 549 of 654]
191.691516876221 198.772430419922 216.688564300537 196.443840026855 196.466304779053 198.871524810791 198.894309997559 201.300510406494 201.323619842529 204.965869903564 206.138591766357 206.162342071533 209.681518554688 209.77672958374 212.259220123291 213.596057891846 216.082714080811 217.424282073975 218.835292816162 220.081592559814 220.181148529053 220.280723571777 222.775329589844 225.271865844727 223.027702331543 221.855983734131 221.935997009277 222.016002655029 225.582668304443 225.664054870605 227.977993011475 229.317562103271 229.400310516357 231.83177947998 230.655727386475 233.144763946533 234.334064483643 235.538166046143 235.651374816895 237.027988433838 237.141746520996 239.612113952637 239.726661682129 238.575588226318 238.689586639404 238.80358505249 238.917583465576 240.299404144287 242.64803314209 242.733531951904
-9999 -9999 -9999 210.947746276855 194.511184692383 194.713470458984 202.989665985107 198.194244384766 198.22123336792 201.691993713379 202.86266708374 202.890106201172 205.326637268066 206.655345916748 209.128902435303 211.604419708252 215.154720306396 214.180282592773 217.735000610352 216.760040283203 219.243358612061 219.343700408936 218.366706848145 219.607162475586 220.846000671387 222.19066619873 221.039440155029 222.277137756348 222.373905181885 222.470687866211 224.902687072754 225.001029968262 227.494884490967 229.934104919434 230.034973144531 231.221904754639 231.33194732666 233.680149078369 233.799903869629 236.266403198242 236.501369476318 237.768054962158 237.889209747314 236.748798370361 239.220283508301 239.341709136963 239.463138580322 240.736499786377 240.844509124756 242.029289245605
-9999 211.609046936035 -9999 -9999 -9999 -9999 -9999 -9999 197.342250823975 197.373134613037 199.769824981689 199.801116943359 202.23046875 205.758083343506 208.223205566406 210.690284729004 212.02229309082 209.818523406982 212.288787841797 213.624256134033 216.098533630371 215.127937316895 216.364189147949 216.463840484619 217.706295013428 218.955417633057 220.142902374268 221.501537322998 222.752994537354 224.114692687988 222.98210144043 223.096633911133 225.540573120117 228.045677185059 229.357894897461 229.362079620361 230.565795898438 230.691074371338 230.816333770752 232.083232879639 234.548797607422 237.016101837158 237.144077301025 237.27205657959 237.400032043457 237.528007507324 238.741413116455 238.869709014893 240.134998321533 241.498252868652
-9999 -9999 -9999 -9999 -9999 -9999 -9999 -9999 -9999 -9999 -9999 197.865936279297 201.441036224365 202.669147491455 205.125095367432 206.28356552124 208.743198394775 209.010204315186 209.109394073486 210.408340454102 211.740516662598 212.971939086914 214.203365325928 215.53946685791 215.718399047852 217.085205078125 217.214401245117 219.546810150146 219.677104949951 219.807411193848 221.071342468262 221.201889038086 223.652866363525 223.785301208496 224.994083404541 224.955730438232 226.33667755127 227.60327911377 230.063591003418 231.334167480469 232.718952178955 232.79150390625 235.318935394287 236.533760070801 236.668575286865 236.80339050293 239.274753570557 240.557228088379 240.681571960449 239.64616394043
-9999 -9999 -9999 -9999 -9999 -9999 -9999 -9999 -9999 -9999 -9999 -9999 198.283576965332 199.601852416992 200.824508666992 202.145557403564 203.369415283203 207.046714782715 207.145790100098 208.371955871582 210.827606201172 212.055095672607 213.282783508301 213.553649902344 212.443134307861 211.523052215576 212.793704986572 214.001392364502 215.382125854492 216.656227111816 220.238433837891 220.385746002197 220.533073425293 221.751262664795 221.89953994751 224.365371704102 225.641006469727 228.098308563232 229.310844421387 230.696723937988 230.835933685303 232.05065536499 234.577907562256 235.795471191406 235.937122344971 237.329208374023 238.61449432373 238.691547393799 237.571231842041 238.94393157959
-9999 -9999 -9999 -9999 -9999 244.062953948975 244.098457336426 -9999 -9999 -9999 -9999 -9999 -9999 197.506938934326 197.773212432861 198.990646362305 201.430156707764 203.87166595459 206.144371032715 207.467506408691 209.914707183838 210.015586853027 210.184116363525 211.40758895874 209.357410430908 210.639171600342 209.73864364624 209.895942687988 212.239444732666 215.819839477539 217.107402801514 219.569602966309 219.733692169189 221.136219024658 223.49666595459 224.731754302979 226.129150390625 228.585250854492 229.862148284912 228.703472137451 230.092540740967 231.30980682373 233.836879730225 235.057174682617 236.451499938965 236.600505828857 236.749526977539 235.651100158691 238.11213684082 238.241710662842
-9999 194.64440536499 189.117839813232 -9999 -9999 245.690742492676 246.875778198242 -9999 -9999 -9999 -9999 -9999 192.776134490967 195.59147644043 195.687362670898 199.232597351074 200.547409057617 202.980449676514 204.196472167969 205.515403747559 205.615314483643 206.833251953125 207.105598449707 207.20584487915 206.291389465332 207.583255767822 207.756065368652 209.049579620361 211.507076263428 215.091087341309 216.392059326172 217.630531311035 220.167366027832 221.473445892334 221.59423828125 223.966487884521 224.134220123291 226.588035583496 227.867980957031 229.086967468262 229.240222930908 231.700866699219 231.855159759521 232.009437561035 233.232437133789 233.387214660645 234.784832000732 234.940143585205 235.086101531982 237.435306549072
-9999 -9999 -9999 -9999 -9999 -9999 -9999 -9999 -9999 -9999 -9999 -9999 193.417304992676 193.513278961182 194.821601867676 196.029163360596 198.451099395752 200.875057220459 203.301029205322 203.401042938232 203.67423248291 203.774196624756 203.874168395996 205.261337280273 204.359783172607 204.546653747559 205.849533081055 208.203224182129 210.667194366455 213.202117919922 215.567813873291 218.045593261719 219.363742828369 220.619609832764 223.172267913818 224.433799743652 224.614292144775 226.95694732666 228.177886962891 228.337894439697 228.497909545898 229.720996856689 231.118190765381 231.279266357422 231.440349578857 232.666656494141 234.067035675049 235.468475341797 236.759727478027 237.974594116211
-9999 -9999 -9999 -9999 -9999 -9999 -9999 -9999 -9999 -9999 -9999 197.682861328125 190.242137908936 192.65060043335 193.852603912354 195.15885925293 197.572399139404 199.987983703613 201.298343658447 200.361976623535 202.78148651123 201.844203948975 203.053489685059 204.367191314697 204.519714355469 204.793186187744 204.996574401855 208.574867248535 209.827304840088 213.417163848877 214.74356842041 217.121158599854 218.560119628906 219.828189849854 222.326137542725 222.545852661133 223.85684967041 224.021167755127 225.242668151855 225.407562255859 226.630805969238 229.154418945312 230.381225585938 229.420440673828 230.820663452148 230.987777709961 233.34924697876 235.887260437012 236.04993057251 236.034160614014
-9999 -9999 -9999 -9999 -9999 -9999 -9999 -9999 -9999 -9999 232.062168121338 228.875717163086 197.322189331055 190.583724975586 192.985385894775 194.288566589355 196.693710327148 197.999202728271 200.40784072876 201.611778259277 200.681564331055 204.126724243164 204.404315948486 204.506759643555 205.774631500244 204.960563659668 206.393352508545 207.723968505859 210.202251434326 211.363998413086 213.919330596924 215.193058013916 218.802795410156 219.036762237549 221.43444442749 222.895137786865 223.099422454834 224.322639465332 224.494190216064 224.665752410889 227.118934631348 228.414810180664 228.519752502441 228.693073272705 231.223163604736 232.455638885498 232.631462097168 232.807277679443 235.168479919434 236.565120697021
-9999 -9999 -9999 -9999 -9999 -9999 -9999 -9999 -9999 -9999 -9999 -9999 187.615264892578 188.807300567627 191.130958557129 193.527458190918 195.926063537598 198.326774597168 198.429573059082 198.532360076904 198.706188201904 200.012851715088 202.420341491699 202.524620056152 203.788520812988 205.21667098999 206.542655944824 206.766258239746 209.305591583252 210.569282531738 214.156036376953 214.386947631836 217.984664916992 219.262977600098 219.499015808105 220.781707763672 223.322299957275 223.501544952393 223.680793762207 224.909896850586 225.089855194092 228.663688659668 230.06982421875 229.130554199219 230.435894012451 231.673038482666 231.856792449951 232.040534973145 234.502773284912 234.679203033447
-9999 -9999 -9999 -9999 -9999 -9999 -9999 -9999 -9999 -9999 -9999 -9999 186.972564697266 187.073837280273 189.46265411377 191.853713989258 194.178337097168 195.374691009521 197.771953582764 197.878326416016 198.160137176514 198.160140991211 200.563087463379 201.872264862061 202.029151916504 203.332633972168 205.948448181152 207.256824493408 207.466598510742 209.812408447266 212.269588470459 213.587223052979 216.052783966064 217.375606536865 218.636211395264 220.070899963379 222.426517486572 223.723777770996 224.959121704102 226.365871429443 226.55655670166 229.012981414795 229.204921722412 228.178680419922 229.588813781738 230.832473754883 231.025245666504 232.271381378174 233.683609008789 236.056396484375
-9999 -9999 -9999 -9999 -9999 -9999 -9999 -9999 209.330581665039 203.313938140869 -9999 187.280055999756 186.329856872559 188.712547302246 189.903018951416 191.204574584961 192.397689819336 192.505374908447 195.917980194092 197.224281311035 198.423316955566 197.511268615723 198.819484710693 200.128593444824 201.371280670166 201.562355041504 205.249473571777 206.538036346436 208.85865020752 210.259284973145 211.490016937256 213.928966522217 215.229587554932 215.431823730469 217.773414611816 220.288940429688 222.63387298584 223.873821258545 224.072982788086 225.483009338379 225.682540893555 226.927600860596 227.128086090088 228.540878295898 229.790103912354 229.991897583008 233.575645446777 233.780269622803 233.985317230225 235.245552062988
176.27311706543 177.303997039795 178.393280029297 180.614002227783 -9999 -9999 -9999 -9999 -9999 185.740081787109 182.54691696167 185.448902130127 -9999 187.88899230957 188.174007415771 191.57169342041 191.682716369629 194.068489074707 194.245399475098 196.570243835449 198.962230682373 199.07698059082 199.257022857666 201.588691711426 202.822937011719 204.198348999023 204.377571105957 206.845169067383 208.224933624268 209.434906005859 210.710453033447 214.219860076904 214.406372070312 216.828918457031 217.017414093018 218.303123474121 219.703536987305 220.944999694824 222.250751495361 222.291759490967 222.498264312744 222.704769134521 226.268997192383 226.478446960449 226.687900543213 229.151336669922 230.410163879395 230.622055053711 230.837387084961 234.434707641602
176.809783935547 176.813102722168 177.885726928711 177.889389038086 180.093425750732 181.16716003418 182.357959747314 182.361652374268 -9999 -9999 -9999 -9999 -9999 188.429405212402 188.542560577393 188.65571975708 191.034252166748 192.225761413574 194.609016418457 194.900291442871 197.224391937256 198.422256469727 200.813842773438 199.915168762207 202.157554626465 205.619007110596 205.785346984863 208.231678009033 208.399394989014 209.592437744141 210.95743560791 213.412368774414 214.612144470215 215.981708526611 217.245826721191 217.419231414795 218.810489654541 218.85795211792 220.167488098145 220.381656646729 222.734668731689 225.191513061523 226.610252380371 227.871067047119 228.090908050537 228.31075668335 229.576351165771 229.797389984131 231.137294769287 232.42179107666
177.515525817871 179.583435058594 179.574760437012 179.56608581543 180.74178314209 181.798431396484 181.789962768555 180.771297454834 -9999 -9999 -9999 -9999 -9999 -9999 -9999 189.082439422607 189.19983291626 191.57580947876 193.954524993896 195.262161254883 197.645511627197 197.767524719238 198.965900421143 199.088768005371 202.508594512939 204.927967071533 206.159091949463 207.502155303955 207.654624938965 208.829288482666 211.258033752441 211.412826538086 212.759967803955 213.941860198975 214.09810256958 217.564441680908 218.84338760376 220.259918212891 220.482978820801 220.706035614014 221.964691162109 222.189079284668 223.451686859131 225.97290802002 227.241313934326 228.512355804443 229.786022186279 230.017524719238 231.366802215576 231.617027282715
179.104331970215 179.083595275879 181.304496765137 -9999 -9999 -9999 -9999 -9999 -9999 -9999 184.617893218994 184.597946166992 185.827949523926 187.128437042236 187.248363494873 188.433731079102 189.7373046875 190.925868988037 192.231960296631 195.618465423584 195.802200317383 197.112804412842 198.310070037842 200.635963439941 201.840389251709 204.236930847168 206.576061248779 207.78950881958 207.92781829834 208.0661277771 210.412044525146 211.631076812744 212.959087371826 213.099548339844 215.346698760986 216.677040100098 216.86323928833 219.309535980225 220.628810882568 220.861976623535 222.283618927002 222.362350463867 223.691772460938 226.153827667236 225.202808380127 228.769435882568 229.010509490967 230.294231414795 230.547748565674 233.048690795898
178.616554260254 178.583759307861 -9999 -9999 -9999 -9999 -9999 -9999 -9999 -9999 -9999 186.135559082031 186.180713653564 186.47794342041 187.660793304443 188.790172576904 190.094577789307 191.282272338867 192.589321136475 194.9616355896 197.336936950684 198.532794952393 199.846614837646 201.161594390869 202.355987548828 204.671829223633 205.86351776123 209.254322052002 211.633827209473 210.685428619385 210.809242248535 212.007869720459 211.056846618652 213.277263641357 213.402973175049 214.711303710938 217.154731750488 218.418251037598 218.65841293335 222.19441986084 222.43798828125 223.770210266113 224.015571594238 226.478134155273 228.855007171631 230.142723083496 230.394603729248 229.463363647461 229.728691101074 231.191314697266
-9999 183.545154571533 184.549472808838 185.510082244873 187.690406799316 186.63932800293 186.593688964844 186.548053741455 186.502426147461 187.63126373291 187.58532333374 -9999 -9999 187.882183074951 188.010429382324 188.138683319092 190.499736785889 191.633098602295 193.999423980713 196.368846893311 197.68115234375 200.055843353271 201.371505737305 201.507781982422 202.69261932373 203.979297637939 206.331111907959 206.437602996826 207.611621856689 208.731761932373 211.088226318359 211.197124481201 213.499938964844 213.60950088501 213.719055175781 213.828617095947 217.278095245361 217.52698135376 218.952980041504 222.484439849854 222.586353302002 225.101787567139 226.387683868408 227.822345733643 229.113262176514 229.372531890869 228.454807281494 230.986484527588 231.127140045166 231.422870635986
185.138751983643 185.080001831055 185.021266937256 188.185947418213 188.126201629639 189.11226272583 190.225208282471 189.16414642334 189.104988098145 189.045848846436 188.986694335938 190.098125457764 189.137474060059 189.270729064941 189.403987884521 188.486793518066 190.843711853027 192.151428222656 194.513824462891 194.649955749512 197.017211914062 199.387702941895 201.588233947754 202.906776428223 203.023590087891 204.292778015137 204.438457489014 204.529968261719 205.797061920166 206.897682189941 210.239231109619 211.506450653076 212.665382385254 212.758899688721 214.024929046631 215.186836242676 216.378089904785 217.707912445068 220.159004211426 221.496288299561 221.611663818359 223.048034667969 225.511463165283 229.062034606934 228.246765136719 227.344169616699 228.783603668213 230.088241577148 230.244976043701 231.65030670166
188.851669311523 188.77827835083 188.704895019531 190.843059539795 190.769367218018 190.695671081543 190.621971130371 191.717418670654 190.64533996582 192.781818389893 192.70825958252 192.634712219238 191.672687530518 191.811672210693 191.950653076172 192.089637756348 193.398635864258 194.708953857422 194.849239349365 197.211082458496 197.353054046631 199.719932556152 201.037525177002 202.235511779785 202.346618652344 204.652858734131 204.729900360107 204.806934356689 206.055667877197 206.131996154785 208.43843460083 208.514915466309 210.661987304688 213.980609893799 215.227199554443 215.305675506592 216.543685913086 218.992977142334 219.16662979126 221.623378753662 221.897380828857 223.193908691406 224.635257720947 225.937419891357 226.215118408203 227.523052215576 228.887977600098 230.334300994873 230.58455657959 233.039165496826
190.370552062988 190.28341293335 191.365070343018 193.481430053711 193.393352508545 193.342662811279 192.219615936279 193.298717498779 194.206676483154 194.160007476807 195.237125396729 195.149127960205 194.185577392578 193.337543487549 194.475231170654 195.786224365234 195.931728363037 196.077236175537 198.434600830078 197.585453033447 199.898651123047 201.093437194824 202.413349151611 204.783592224121 203.719047546387 203.952743530273 204.014408111572 207.299133300781 207.52677154541 207.587463378906 208.652294158936 208.713779449463 208.77526473999 212.064170837402 213.184986114502 216.476959228516 216.648426055908 216.927581787109 218.220252990723 220.584022521973 222.029304504395 221.243324279785 223.759044647217 225.0676612854 225.354564666748 228.907485961914 230.228157043457 230.520965576172 230.838199615479 232.339302062988
