data/spatiotemp/temp4/bio18_norsw_test_2015_2018.asc
NCOLS 654 
NROWS 380 
XLLCORNER 3.91666666666667 
YLLCORNER 55.3333333333333 
CELLSIZE 0.0416666666666667 
NODATA_value -9999 
[rows 132 to 153 of 380, columns 200 to 249 of 654]
-9999 430.615409851074 423.050659179688 464.151039123535 487.834907531738 474.782485961914 456.142715454102 439.602684020996 429.03197479248 431.004211425781 432.976943969727 421.278266906738 428.400917053223 389.596138000488 401.381645202637 405.639709472656 451.204399108887 454.123008728027 439.865158081055 370.278747558594 360.424728393555 344.258880615234 368.274276733398 346.94995880127 317.973320007324 337.476058959961 341.914588928223 317.677932739258 310.845359802246 292.664916992188 306.892456054688 295.398315429688 292.741775512695 297.757064819336 324.53897857666 306.029106140137 299.251174926758 265.794097900391 249.8830909729 223.856052398682 220.552055358887 219.723754882812 213.806064605713 209.234733581543 206.168029785156 208.666896820068 215.328651428223 227.748500823975 248.595066070557 272.74157333374
-9999 413.134208679199 427.950569152832 460.004760742188 469.227394104004 465.349922180176 445.481414794922 440.90795135498 453.893730163574 464.549224853516 466.037879943848 437.547409057617 413.130111694336 368.617485046387 372.829399108887 376.490081787109 380.429328918457 440.816551208496 434.077293395996 359.843971252441 357.997711181641 341.092353820801 335.414665222168 359.42440032959 321.101173400879 305.43212890625 306.979568481445 298.97582244873 300.774795532227 299.967140197754 310.174812316895 304.700454711914 290.561698913574 284.84245300293 282.986396789551 275.120613098145 263.163627624512 251.986503601074 233.853031158447 221.463977813721 216.405746459961 213.34016418457 209.172542572021 207.077713012695 207.261478424072 211.639511108398 219.643329620361 223.048889160156 235.038707733154 233.094764709473
415.602897644043 413.643692016602 -9999 447.697860717773 471.920333862305 453.669075012207 425.043533325195 421.281280517578 450.812171936035 465.208076477051 458.034759521484 427.875289916992 372.968887329102 390.290473937988 449.228942871094 447.735710144043 427.890357971191 425.733512878418 436.634399414062 422.608657836914 368.195991516113 336.663932800293 327.966667175293 369.907974243164 353.300300598145 321.212417602539 299.279884338379 269.23316192627 282.536449432373 287.620491027832 287.558837890625 276.385677337646 260.951454162598 253.965091705322 249.480587005615 241.435287475586 235.011585235596 229.596904754639 224.454738616943 227.500358581543 230.865425109863 212.15869140625 208.110820770264 212.617790222168 209.544116973877 204.636123657227 203.637748718262 201.536228179932 200.021778106689 201.903804779053
423.724258422852 424.846496582031 417.250511169434 412.481010437012 425.507545471191 425.263442993164 426.327690124512 415.788047790527 435.293060302734 449.382904052734 457.910621643066 435.243362426758 374.006309509277 394.416679382324 444.325859069824 428.880844116211 422.990272521973 422.773139953613 428.986991882324 407.182899475098 352.517906188965 349.701881408691 316.086860656738 312.207588195801 344.170616149902 326.444786071777 294.894645690918 265.438896179199 270.537712097168 270.46365737915 260.636013031006 253.34260559082 248.223720550537 246.604541778564 239.89436340332 234.67981338501 234.621150970459 246.95565032959 251.620346069336 258.844108581543 242.384372711182 211.269641876221 206.685722351074 206.84147644043 204.861522674561 198.200843811035 196.103500366211 196.609035491943 204.897613525391 214.72159576416
411.160957336426 409.468284606934 420.837196350098 428.39778137207 407.522445678711 -9999 -9999 426.504386901855 416.918746948242 424.99577331543 435.647277832031 419.96947479248 369.820686340332 392.876487731934 424.440368652344 401.353561401367 403.063545227051 422.871925354004 419.433128356934 414.430297851562 403.60033416748 419.885665893555 405.816902160645 336.282829284668 322.260292053223 293.898590087891 279.148426055908 263.644504547119 280.140426635742 281.396682739258 275.193298339844 269.744625091553 259.92834854126 249.361545562744 239.565784454346 239.735958099365 251.210906982422 267.682426452637 304.286956787109 340.105049133301 310.602691650391 231.285579681396 209.179138183594 220.225959777832 219.669025421143 214.239837646484 216.02908706665 216.5322265625 204.230617523193 191.945861816406
438.86548614502 434.152893066406 446.033264160156 428.901947021484 402.213035583496 397.704177856445 405.698989868164 392.41081237793 390.415184020996 412.098861694336 440.268440246582 427.874649047852 400.171684265137 359.092178344727 351.072059631348 366.467147827148 373.822235107422 415.070861816406 407.043739318848 403.237754821777 409.242073059082 418.628868103027 413.821479797363 392.196014404297 392.721473693848 328.633338928223 300.77320098877 261.185794830322 273.758289337158 296.909889221191 322.008247375488 294.414489746094 262.883922576904 251.998805999756 244.28422164917 266.582786560059 295.491371154785 333.661796569824 313.250640869141 287.623565673828 264.295894622803 213.95308303833 218.300910949707 220.909084320068 217.261177062988 212.402034759521 217.771381378174 236.686374664307 242.725994110107 245.856872558594
415.964820861816 417.898849487305 438.039070129395 441.099456787109 412.20484161377 398.624145507812 394.998168945312 391.268058776855 389.197631835938 390.467590332031 410.375244140625 424.24422454834 409.569831848145 419.734169006348 409.26732635498 416.091522216797 436.361846923828 426.113342285156 413.011154174805 398.37548828125 401.786354064941 398.749938964844 389.235557556152 397.958518981934 389.434387207031 317.924049377441 289.089599609375 272.808959960938 302.65699005127 332.660758972168 357.130462646484 328.000823974609 275.269760131836 260.668724060059 276.575790405273 311.483337402344 328.766632080078 336.023658752441 333.078430175781 295.060005187988 243.520668029785 213.87109375 215.954975128174 223.909801483154 226.695079803467 231.814971923828 220.278945922852 223.867153167725 242.094127655029 240.646911621094
419.507438659668 437.423210144043 424.077178955078 416.52604675293 408.972343444824 402.86336517334 397.481071472168 404.244964599609 399.656448364258 386.179641723633 386.288970947266 394.937240600586 373.850975036621 425.16869354248 417.708023071289 398.70458984375 382.106239318848 335.533386230469 404.778816223145 405.815940856934 391.262496948242 374.696922302246 319.375114440918 309.511856079102 291.218971252441 273.666004180908 263.114463806152 270.844867706299 294.233039855957 324.187042236328 303.402359008789 275.839790344238 267.272789001465 322.469749450684 359.683395385742 363.018630981445 378.342094421387 355.386985778809 321.077789306641 288.193145751953 269.575656890869 238.747116088867 225.591247558594 228.950057983398 229.966953277588 228.391525268555 220.703880310059 211.169040679932 208.366207122803 221.037086486816
410.871574401855 410.999900817871 421.537033081055 421.523628234863 409.055625915527 409.163948059082 399.655303955078 392.315246582031 392.607131958008 384.75496673584 390.751129150391 352.69359588623 364.476341247559 365.274604797363 344.23429107666 322.177452087402 326.664215087891 369.925140380859 366.546577453613 389.831069946289 390.443344116211 361.821510314941 307.92756652832 304.627639770508 276.300834655762 265.272808074951 262.957656860352 278.903301239014 293.24666595459 293.270729064941 273.268829345703 269.383247375488 285.832916259766 339.405288696289 328.384552001953 333.980201721191 339.456108093262 327.409538269043 333.857025146484 304.797897338867 286.253158569336 276.630519866943 267.215934753418 251.934181213379 268.289535522461 249.020595550537 238.997287750244 225.381454467773 214.149429321289 205.811744689941
405.062324523926 404.131217956543 417.229995727539 398.971527099609 406.042465209961 428.297164916992 408.128257751465 380.389503479004 374.589317321777 371.852027893066 341.622863769531 351.35767364502 344.66918182373 327.045257568359 338.292404174805 353.716987609863 399.925605773926 409.176864624023 389.381820678711 379.434623718262 385.459350585938 386.37525177002 372.07984161377 324.509696960449 278.928356170654 265.311023712158 269.991828918457 284.141654968262 271.301128387451 273.846420288086 287.185234069824 341.032554626465 311.223731994629 300.929580688477 307.72184753418 329.467918395996 321.388145446777 308.148002624512 302.464797973633 297.017044067383 282.845962524414 272.316009521484 244.725719451904 230.278358459473 233.302978515625 228.447662353516 231.466388702393 231.96656036377 235.87366104126 235.16743850708
402.829315185547 393.317291259766 398.119651794434 405.662788391113 402.710388183594 409.470230102539 410.5546875 374.414764404297 362.650115966797 341.228164672852 341.875007629395 333.439094543457 316.40185546875 342.363525390625 357.776153564453 366.970603942871 400.392852783203 390.328987121582 379.029167175293 386.39453125 376.518348693848 354.794532775879 312.989624023438 304.500839233398 281.076225280762 264.876369476318 266.722839355469 266.24006652832 261.682754516602 280.918556213379 355.311515808105 337.936973571777 323.821113586426 341.448707580566 343.315475463867 324.51097869873 352.65470123291 351.72533416748 308.15845489502 284.791072845459 278.064086914062 280.677635192871 280.550300598145 285.235801696777 280.493041992188 282.539260864258 276.715751647949 275.813060760498 284.774841308594 299.104827880859
405.079330444336 391.985984802246 395.689758300781 415.14185333252 407.601898193359 407.78441619873 375.055061340332 371.570930480957 354.048774719238 342.76806640625 338.400192260742 349.417373657227 330.513137817383 343.547950744629 352.971237182617 392.483757019043 398.539451599121 369.993942260742 366.05143737793 371.094573974609 376.397094726562 370.443542480469 319.504066467285 301.588539123535 271.901664733887 274.497646331787 257.85916519165 261.233711242676 264.795299530029 293.299644470215 297.950042724609 317.443267822266 322.96044921875 331.418891906738 335.637565612793 315.857864379883 314.888740539551 320.535087585449 297.666007995605 289.432952880859 292.749755859375 293.531944274902 298.686851501465 309.832252502441 303.894775390625 293.606674194336 274.321422576904 265.186706542969 247.545669555664 245.01265335083
415.243026733398 396.723251342773 399.752540588379 413.929718017578 411.37328338623 362.516822814941 355.354469299316 333.53670501709 339.388702392578 332.748580932617 341.414596557617 353.18399810791 355.130004882812 361.679290771484 396.013618469238 392.02490234375 379.27082824707 363.171699523926 359.064819335938 363.227745056152 370.684646606445 370.400787353516 302.052932739258 269.13782119751 263.802272796631 259.504230499268 260.043586730957 258.736808776855 264.922325134277 264.688999176025 288.658790588379 330.693710327148 332.260925292969 314.064521789551 316.933471679688 296.950805664062 288.536193847656 288.958862304688 289.735679626465 296.275360107422 298.683876037598 295.278182983398 294.072959899902 301.552139282227 298.186080932617 304.566291809082 301.804969787598 291.600959777832 285.761558532715 279.46760559082
435.308395385742 405.431266784668 387.996673583984 388.808097839355 381.917602539062 379.132759094238 348.803359985352 350.123916625977 339.388320922852 345.08723449707 360.792114257812 369.484642028809 403.065155029297 386.365509033203 381.29468536377 328.695045471191 319.151947021484 319.793563842773 324.799415588379 330.292739868164 317.157852172852 318.075752258301 300.532661437988 264.082141876221 260.801612854004 260.572895050049 253.688766479492 259.897247314453 257.910888671875 265.612281799316 296.741645812988 317.152893066406 314.140319824219 296.708152770996 288.211479187012 294.550025939941 292.284461975098 255.481750488281 254.972156524658 266.17505645752 298.154693603516 304.172561645508 295.835517883301 297.720909118652 289.718765258789 287.938972473145 285.20442199707 276.981548309326 280.812141418457 268.627223968506
382.124717712402 371.638534545898 364.473892211914 376.649055480957 357.474655151367 333.368370056152 333.826950073242 335.605567932129 344.907707214355 344.981391906738 353.369918823242 364.85173034668 396.203125 333.018951416016 320.481025695801 320.051391601562 345.081077575684 378.379058837891 330.456565856934 314.443534851074 277.825347900391 278.464057922363 278.259136199951 269.537189483643 257.262805938721 250.147552490234 255.849700927734 263.547241210938 261.497234344482 255.701736450195 266.690090179443 277.664520263672 271.038429260254 265.458866119385 262.149627685547 259.393325805664 254.776672363281 233.228034973145 245.735710144043 272.516342163086 294.727546691895 285.123245239258 291.983154296875 296.344429016113 283.119316101074 243.488693237305 262.934310913086 272.029106140137 254.212322235107 241.133697509766
389.176910400391 377.522392272949 379.97777557373 386.088111877441 366.88143157959 348.885208129883 335.265007019043 334.447654724121 347.145294189453 326.765632629395 313.129920959473 319.375114440918 318.066955566406 300.196617126465 305.402313232422 325.170906066895 338.190467834473 363.447616577148 342.556205749512 329.135803222656 315.557777404785 272.724460601807 265.962989807129 257.248008728027 251.227363586426 261.027446746826 268.217315673828 294.022560119629 290.994148254395 264.485488891602 247.714458465576 248.474868774414 247.771671295166 243.306743621826 252.474658966064 247.878665924072 243.862369537354 241.513065338135 232.184593200684 237.266002655029 242.346908569336 234.686767578125 243.368026733398 260.387195587158 254.19055557251 248.056991577148 228.110248565674 223.522621154785 224.810520172119 225.140651702881
385.37353515625 378.110717773438 380.643119812012 379.389045715332 366.528480529785 355.18790435791 359.578689575195 372.101531982422 365.989486694336 348.996070861816 340.072296142578 338.502960205078 346.665626525879 341.821273803711 335.83226776123 326.104705810547 328.813331604004 304.470367431641 295.301696777344 313.602165222168 286.827941894531 266.31436920166 255.646347045898 250.116668701172 264.067367553711 276.418689727783 277.706207275391 273.157005310059 297.923553466797 277.933036804199 258.984024047852 245.194629669189 243.231029510498 239.414615631104 236.363193511963 237.122055053711 239.963603973389 240.462356567383 244.771011352539 246.278579711914 247.786472320557 241.985153198242 234.146362304688 228.826747894287 230.76233291626 232.799255371094 219.603977203369 216.321266174316 215.851722717285 215.095024108887
368.118743896484 358.160491943359 354.447135925293 357.954627990723 357.624145507812 343.898803710938 359.72297668457 364.099815368652 406.139694213867 402.042900085449 394.615844726562 391.053092956543 381.659805297852 333.513633728027 332.728950500488 330.215034484863 306.196792602539 276.419746398926 261.710620880127 258.789306640625 254.531665802002 255.188457489014 252.90047454834 256.62389755249 262.349906921387 276.673156738281 280.270767211914 260.243244171143 259.291118621826 252.29280090332 248.533050537109 243.010749816895 245.652103424072 252.702590942383 260.600414276123 258.292194366455 262.64083480835 250.665824890137 246.126960754395 244.144435882568 249.98840713501 248.53316116333 241.682209014893 234.276721954346 226.444313049316 217.874652862549 213.639484405518 217.613887786865 226.246002197266 221.146270751953
376.728164672852 367.241905212402 353.185585021973 338.734619140625 338.847991943359 341.285247802734 336.892776489258 342.621406555176 341.758773803711 338.857688903809 348.030700683594 374.930572509766 365.137313842773 308.783111572266 294.55094909668 288.55802154541 290.342559814453 279.568878173828 271.98853302002 253.110553741455 264.947555541992 255.423923492432 256.087898254395 264.136028289795 273.891429901123 281.057403564453 265.854686737061 255.949069976807 253.269378662109 245.452606201172 242.317413330078 240.37251663208 239.665828704834 242.285148620605 247.587944030762 252.919746398926 249.869548797607 245.067405700684 244.83438873291 233.714225769043 229.70182800293 230.475009918213 228.381610870361 230.379508972168 229.898773193359 219.102672576904 214.5703125 219.868278503418 222.650291442871 221.104122161865
381.846313476562 371.11311340332 355.290985107422 335.556083679199 337.963569641113 347.317420959473 350.191184997559 346.385917663574 343.574783325195 338.30297088623 330.075508117676 333.282936096191 329.252044677734 311.136207580566 271.722438812256 273.737155914307 276.99889755249 264.75505065918 256.582004547119 252.57735824585 252.273345947266 261.665977478027 267.242992401123 271.342021942139 268.076164245605 257.683334350586 254.18111038208 246.614891052246 245.201602935791 237.917415618896 235.012111663818 237.637252807617 245.511528015137 251.052314758301 251.463241577148 245.722229003906 245.350593566895 248.224876403809 236.03540802002 236.16247177124 234.073886871338 227.770652770996 225.020416259766 223.039115905762 224.304164886475 222.742832183838 212.919002532959 208.104934692383 210.394462585449 214.438663482666
370.798683166504 363.482261657715 343.713356018066 318.970344543457 323.118461608887 337.145812988281 338.023780822754 340.562126159668 336.550422668457 320.191009521484 304.901329040527 292.16512298584 314.889526367188 294.120864868164 278.91968536377 258.302173614502 253.460922241211 260.15896987915 258.751430511475 249.471809387207 255.061405181885 261.625205993652 268.927368164062 268.492282867432 268.531410217285 258.888519287109 247.799392700195 247.750701904297 247.318923950195 238.817695617676 233.854427337646 242.687698364258 243.862533569336 248.78494644165 241.709114074707 247.003269195557 261.608276367188 258.922233581543 244.447483062744 243.253940582275 245.974002838135 235.408195495605 223.162677764893 216.926517486572 212.892669677734 209.038146972656 209.579719543457 210.365753173828 216.15202331543 225.843353271484
355.221702575684 341.904312133789 335.180503845215 317.467178344727 326.289352416992 351.39134979248 354.438438415527 334.519897460938 299.602264404297 286.121398925781 277.665863037109 279.545799255371 273.680812835693 268.418758392334 259.385307312012 254.043174743652 252.139114379883 251.856792449951 254.625785827637 256.046401977539 270.11109161377 285.004913330078 274.758659362793 267.438407897949 267.753242492676 269.652782440186 257.264934539795 244.874450683594 250.933387756348 262.388523101807 242.303497314453 241.22647857666 239.838352203369 238.929496765137 244.671588897705 241.053379058838 246.331569671631 245.348236083984 244.035373687744 237.522457122803 231.00305557251 226.578388214111 223.523838043213 222.330169677734 219.329833984375 214.774379730225 210.813262939453 212.629150390625 226.774276733398 229.779167175293
