data/spatiotemp/temp4/bio11_norsw_test_2015_2018.asc
NCOLS 654 
NROWS 380 
XLLCORNER 3.91666666666667 
YLLCORNER 55.3333333333333 
CELLSIZE 0.0416666666666667 
NODATA_value -9999 
[rows 286 to 307 of 380, columns 240 to 287 of 654]
0.0136968791484833 -0.0975373536348343 -0.252105064690113 -0.538672685623169 -1.02457997202873 -1.50181132927537 -1.56320911645889 -1.63977333903313 -1.71618992602453 -1.77962506376207 -1.78156027663499 -1.71966202068143 -1.69693051744252 -1.76236579816032 -1.7766343305484 -1.835569486022 -1.89983799122274 -1.97860656306148 -1.96670845709741 -1.900310148485 -1.811653053388 -1.63723679631948 -1.55782072246075 -1.56873791664839 -1.56348836421967 -1.54790546745062 -1.54282265156507 -1.53773975372314 -1.51415692269802 -1.4832406938076 -1.46815791726112 -1.47240842878819 -1.46380670368671 -1.50618667900562 -1.55340000241995 -1.5982798859477 -1.60782638937235 -1.64320633560419 -1.67925284802914 -1.62096612900496 -1.47195971012115 -1.39080183207989 -1.32802572846413 -1.31383265554905 -1.31903147697449 -1.34462229907513 -1.3590465337038 -1.35630406439304
0.222514753229916 0.1695073004812 -0.0632316395640373 -0.486989955417812 -0.979359969496727 -1.36794349551201 -1.46126608550549 -1.54675531387329 -1.6338357180357 -1.66050700843334 -1.6335116121918 -1.56384956464171 -1.61818757653236 -1.64169217087328 -1.73886343324557 -1.78520143032074 -1.78553939866833 -1.76871067285538 -1.75738199613988 -1.6350532323122 -1.52979463338852 -1.49760631471872 -1.493751257658 -1.51139635592699 -1.5253746137023 -1.50551960617304 -1.49949788302183 -1.44414274394512 -1.43328773975372 -1.4154327660799 -1.44124440848827 -1.47122265398502 -1.47984416782856 -1.51344222575426 -1.52154029160738 -1.57047172635794 -1.61373648792505 -1.63250119239092 -1.6159326210618 -1.60036417096853 -1.54079550504684 -1.35328993201256 -1.28852950036526 -1.33510234951973 -1.25280986726284 -1.21106857061386 -1.30349384248257 -1.45582515746355
0.315154165029526 0.0955908931791782 -0.300691645592451 -0.684147052466869 -1.03782787919044 -1.25207556039095 -1.29865634441376 -1.47507071122527 -1.50948156788945 -1.54005560278893 -1.50246305391192 -1.47487051784992 -1.56011117622256 -1.56485184654593 -1.6139259301126 -1.64300003275275 -1.59474075213075 -1.55431490391493 -1.48388884216547 -1.43396296352148 -1.43676967173815 -1.43547586351633 -1.45284861326218 -1.45605476200581 -1.46309409290552 -1.43396689742804 -1.42733970284462 -1.3705457597971 -1.33391861617565 -1.33195807039738 -1.3621641099453 -1.39103695750237 -1.44654816389084 -1.48436435312033 -1.49434731155634 -1.52383015304804 -1.57981318235397 -1.58112948387861 -1.55661227554083 -1.55326187610626 -1.51674484461546 -1.41006118059158 -1.32308150827885 -1.2910518348217 -1.25369709730148 -1.20135067403316 -1.34367080032825 -1.5405929684639
0.269126971485093 -0.217178244143724 -0.598369233310223 -0.830529108643532 -1.0325348675251 -1.15587414056063 -1.18588007241488 -1.30955260246992 -1.37112728506327 -1.39343749731779 -1.33324769884348 -1.40605788677931 -1.49170153960586 -1.50067831575871 -1.47032184898853 -1.43246534466743 -1.45294215530157 -1.37575238198042 -1.37322909384966 -1.41703937202692 -1.3885780647397 -1.37967861443758 -1.3907792121172 -1.41921309381723 -1.39781371504068 -1.370580971241 -1.33418162167072 -1.28378222882748 -1.24254946410656 -1.25848333537579 -1.31291727721691 -1.38185122609138 -1.39691869914532 -1.4234531968832 -1.47132101655006 -1.51785541325808 -1.51705664396286 -1.53959095478058 -1.52262541651726 -1.54132654517889 -1.55586098879576 -1.52372861653566 -1.49692987650633 -1.44713091850281 -1.40644219517708 -1.37369699776173 -1.48011844605207 -1.58737340569496
0.254716565134004 -0.340280910022557 -0.665917821228504 -0.778977870941162 -0.913408771157265 -1.02183955907822 -1.06810377538204 -1.06936794519424 -1.02393984794617 -0.940259531140327 -1.16469909250736 -1.34841201454401 -1.41895834356546 -1.41783790290356 -1.3815509006381 -1.22309723496437 -1.20214352011681 -1.242023229599 -1.32723613828421 -1.35911580920219 -1.32971973717213 -1.32004827260971 -1.32570992410183 -1.36670497059822 -1.3990333378315 -1.34686180949211 -1.28052355349064 -1.24718527495861 -1.20934703946114 -1.26334211230278 -1.35617052018642 -1.4136656075716 -1.42245610058308 -1.42287547886372 -1.40879461169243 -1.39688055217266 -1.39763322472572 -1.39155246317387 -1.42347173392773 -1.48255774378777 -1.51664367318153 -1.50506297498941 -1.48448214679956 -1.44290149956942 -1.43111715465784 -1.45496260374784 -1.50347470492125 -1.52848692983389
0.412405956536531 -0.0195500291883945 -0.432571534067392 -0.672640092670918 -0.781949132680893 -0.840471759438515 -0.74182765930891 -0.542012423276901 -0.379314661026001 -0.372897535562515 -0.705647207796574 -1.14176620543003 -1.27571527659893 -1.33699777722359 -1.32911341637373 -1.19589580595493 -1.13301150500774 -1.2292939722538 -1.2799096852541 -1.28602541983128 -1.27452810108662 -1.25475101172924 -1.29897393286228 -1.35603019595146 -1.39391962438822 -1.38480930030346 -1.3658654242754 -1.3354217261076 -1.28247793018818 -1.2925341874361 -1.34859035909176 -1.37381321191788 -1.35732682049274 -1.36613087356091 -1.33526833355427 -1.33140575885773 -1.35520981252193 -1.34301392734051 -1.40515147149563 -1.46762233227491 -1.46525967121124 -1.40906377881765 -1.38403455913067 -1.39667201042175 -1.43062540888786 -1.46672815084457 -1.48216431587934 -1.44660050421953
0.569712124764919 0.323180878534913 -0.214698202908039 -0.624804444611073 -0.786822885274887 -0.756770312786102 -0.573172517120838 -0.182759657502174 0.0568214505910873 -0.0658038184046745 -0.399595921393484 -0.903108343482018 -1.14863893389702 -1.23682411015034 -1.22800935059786 -1.21886102855206 -1.25621288269758 -1.25489810109138 -1.27458338439465 -1.33826852589846 -1.39616980403662 -1.34778719395399 -1.33923788368702 -1.34118860960007 -1.3054726421833 -1.29042339324951 -1.33770729601383 -1.35215809941292 -1.37894214689732 -1.38089282810688 -1.43067693710327 -1.43012754619122 -1.40969739854336 -1.38538636267185 -1.36907528340816 -1.36543095111847 -1.40428654849529 -1.40814214944839 -1.45033114403486 -1.48585339635611 -1.50920911878347 -1.45156463980675 -1.38242021203041 -1.41977596282959 -1.40430033951998 -1.36466053128242 -1.3526873588562 -1.32621414959431
0.563684873282909 0.360578324645758 -0.100991420447826 -0.600635416805744 -0.839196667075157 -0.905402451753616 -0.751184076070786 -0.380840202793479 -0.175542294979095 -0.334710049442947 -0.66544471681118 -0.917641207575798 -1.06439584493637 -1.21998383849859 -1.22407185286283 -1.18399308621883 -1.28108105063438 -1.23883555829525 -1.27509021759033 -1.35817815363407 -1.38064482063055 -1.31932340562344 -1.25933520495892 -1.26601386070251 -1.24402563273907 -1.24170428514481 -1.29771588742733 -1.35339444875717 -1.38507291674614 -1.356251552701 -1.35293005406857 -1.34577520191669 -1.34523469209671 -1.33864186704159 -1.30488239228725 -1.30862268805504 -1.3131964802742 -1.3364369571209 -1.35134416818619 -1.37491795420647 -1.37965841591358 -1.35606552660465 -1.35147263109684 -1.36954642832279 -1.32980866730213 -1.32442611455917 -1.30704361200333 -1.27716110646725
0.420236278325319 0.244309057481587 -0.216284777969122 -0.622466407716274 -0.866737022995949 -0.914867758750916 -0.859165042638779 -0.774962410330772 -0.817356452345848 -0.983013868331909 -1.10833787918091 -1.15066210180521 -1.18531935662031 -1.14581023156643 -1.17296765744686 -1.14812506735325 -1.23111565411091 -1.18893976509571 -1.20976391434669 -1.23008792102337 -1.25378650426865 -1.20435951650143 -1.16126574575901 -1.15617211163044 -1.17507855594158 -1.22648493945599 -1.23155790567398 -1.301464214921 -1.33303725719452 -1.28344352543354 -1.27901650965214 -1.23358958959579 -1.25660538673401 -1.28839737176895 -1.25352263450623 -1.25231456756592 -1.24310654401779 -1.26939848065376 -1.27069042623043 -1.26431572437286 -1.27660770714283 -1.30889974534512 -1.31019158661366 -1.30431704223156 -1.28748367726803 -1.29485847055912 -1.25939981639385 -1.2642747014761
0.132824535481632 -0.108793426305056 -0.46499414741993 -0.698055028915405 -0.865110844373703 -0.947333097457886 -0.980222105979919 -0.961777672171593 -0.992335602641106 -1.01272918283939 -0.990289360284805 -0.966501250863075 -0.841074377298355 -0.820980876684189 -0.851220592856407 -1.04159031808376 -1.19965042173862 -1.20437730848789 -1.19777084887028 -1.16049766540527 -1.11726155877113 -1.0785623639822 -1.04302982985973 -1.0321639329195 -1.01104359328747 -1.08759889006615 -1.17273318767548 -1.28486734628677 -1.35600143671036 -1.30230218172073 -1.17660310864449 -1.16957059502602 -1.17097616195679 -1.20298616588116 -1.19349636137486 -1.17117311060429 -1.16051660478115 -1.17935997247696 -1.19553688168526 -1.20771355926991 -1.23639033734798 -1.2384005188942 -1.22407738864422 -1.2335873991251 -1.24915872514248 -1.24479083716869 -1.23625618219376 -1.25338827073574
-0.280371482484043 -0.446290470659733 -0.588523231446743 -0.709003910422325 -0.8394845277071 -0.957631841301918 -1.00861239433289 -1.00242638587952 -0.993814736604691 -0.911111071705818 -0.677669912576675 -0.274352443404496 -0.0548142977058887 -0.0927760526537895 -0.440404504537582 -0.898148447275162 -1.13968525826931 -1.21114811301231 -1.18527776002884 -1.08207400143147 -1.02756989002228 -0.936118930578232 -0.824434265494347 -0.739083081483841 -0.813065096735954 -0.974713727831841 -1.12424156069756 -1.24660374224186 -1.32963235676289 -1.24682761728764 -1.13735631108284 -1.16238503158092 -1.132513448596 -1.13224174082279 -1.10947009921074 -1.0841983705759 -1.05075994133949 -1.09882161021233 -1.11721658706665 -1.11811153590679 -1.12467312812805 -1.12973479926586 -1.12829646468163 -1.14869128167629 -1.17733360826969 -1.18805633485317 -1.22644589841366 -1.25633539259434
-0.491021886467934 -0.565141476690769 -0.676880389451981 -0.69078603386879 -0.791524887084961 -0.911263763904572 -0.965336084365845 -0.989408239722252 -0.974293917417526 -0.877493008971214 -0.678411588072777 -0.224176922813058 -0.0165144875645638 0.082648042589426 -0.341689601540565 -0.882169857621193 -1.12205331027508 -1.19425240159035 -1.1089514195919 -0.961243197321892 -0.765233933925629 -0.51519700884819 -0.341131826397032 -0.145132660865784 -0.281133497133851 -0.697382926940918 -1.069679453969 -1.19434009492397 -1.22042991220951 -1.11701960861683 -1.11360944807529 -1.11353255808353 -1.11555065214634 -1.06133051216602 -1.04944361746311 -0.969556793570518 -0.934003293514252 -0.965783089399338 -1.03689631819725 -1.05584269762039 -1.06912249326706 -1.09556899964809 -1.09951549768448 -1.10479517281055 -1.10934193432331 -1.12282195687294 -1.19180224835873 -1.24861563742161
-0.548674367368221 -0.602268002927303 -0.62536146491766 -0.679455175995827 -0.761048763990402 -0.842642262578011 -0.897902473807335 -0.916662663221359 -0.910506129264832 -0.842099606990814 -0.786359682679176 -0.708725541830063 -0.490303829312325 -0.165566463023424 -0.638086378574371 -0.936705470085144 -1.04561713337898 -1.11051309108734 -0.911440402269363 -0.596352010965347 -0.288645088672638 0.122955858707428 0.315736134536564 0.315464004874229 0.0965251885354519 -0.555806890130043 -1.03673329949379 -1.17816676199436 -1.14383395016193 -1.05250096321106 -1.00966817140579 -1.03083531558514 -0.986906707286835 -0.957715690135956 -0.943524792790413 -0.907667085528374 -0.913642913103104 -0.936118558049202 -0.944427594542503 -0.957403302192688 -1.01554565131664 -1.0396880209446 -1.03483049571514 -1.04080612957478 -1.02648082375526 -1.02868789434433 -1.08156159520149 -1.16593536734581
-0.569210827350616 -0.542474217712879 -0.622800044715405 -0.691344603896141 -0.727889120578766 -0.794267013669014 -0.806978285312653 -0.790356174111366 -0.760618031024933 -0.720430567860603 -0.777409687638283 -0.817555531859398 -0.748828127980232 -0.625803761184216 -0.832112863659859 -0.922755137085915 -0.780064195394516 -0.660039871931076 -0.190296059474349 0.227028633176815 0.304851640947163 0.359747430309653 0.449338242411613 0.306929211132228 -0.198695745319128 -0.748183995485306 -0.979857623577118 -0.997750401496887 -0.985344409942627 -0.990771785378456 -0.976365745067596 -0.950459897518158 -0.920081496238708 -0.883230805397034 -0.905213460326195 -0.890362739562988 -0.887512028217316 -0.889161348342896 -0.887810707092285 -0.913126721978188 -0.951109319925308 -0.965091913938522 -0.975407913327217 -0.968224033713341 -0.952917039394379 -0.918820694088936 -0.94922436773777 -1.01762796938419
-0.530747376382351 -0.538663856685162 -0.589571796357632 -0.627400681376457 -0.678229585289955 -0.713225200772285 -0.690554112195969 -0.621878035366535 -0.552193559706211 -0.617233268916607 -0.660272978246212 -0.819324791431427 -0.903189703822136 -0.816058829426765 -0.803765222430229 -0.624471619725227 -0.245177961885929 0.14657127391547 0.464113418012857 0.585130415856838 0.5720324665308 0.518152974545956 0.484940260648727 0.279727548360825 -0.328150336979888 -0.800161629915237 -0.888648465275764 -0.892468735575676 -0.914288848638535 -0.942109107971191 -0.927563443779945 -0.884084329009056 -0.845923006534576 -0.832245841622353 -0.819568768143654 -0.824058428406715 -0.822381272912025 -0.827870860695839 -0.86436040699482 -0.896516725420952 -0.912339687347412 -0.922662526369095 -0.940152198076248 -0.95447501540184 -0.933186560869217 -0.884786859154701 -0.769387051463127 -0.738883554935455
-0.493617095053196 -0.503897093236446 -0.536843657493591 -0.584790155291557 -0.630070067942142 -0.640183314681053 -0.570973686873913 -0.50859772413969 -0.658461667597294 -0.724232003092766 -0.744002461433411 -0.759772956371307 -0.784511506557465 -0.721313893795013 -0.552750967442989 0.0687357652932405 0.435249518603086 0.597658179700375 0.647094868123531 0.645198300480843 0.622575171291828 0.555225320160389 0.375208992511034 -0.0500339940190315 -0.592438273131847 -0.837805941700935 -0.90277273952961 -0.916406214237213 -0.922706365585327 -0.874006494879723 -0.815306603908539 -0.802375599741936 -0.821597769856453 -0.808927655220032 -0.764424085617065 -0.76292060315609 -0.769917145371437 -0.804413735866547 -0.846410229802132 -0.903740122914314 -0.930403277277946 -0.940066501498222 -0.938896372914314 -0.908892959356308 -0.853456184267998 -0.844919607043266 -0.701383128762245 -0.508210070431232
-0.41848699003458 -0.466884590685368 -0.510282106697559 -0.551179692149162 -0.574243955314159 -0.613141477108002 -0.610660642385483 -0.604650802910328 -0.716063097119331 -0.789897501468658 -0.850065320730209 -0.722899854183197 -0.670400992035866 -0.549902193248272 -0.284736695699394 0.327905416488647 0.653030134737492 0.715553298592567 0.681409738957882 0.641932889819145 0.613117769360542 0.554297752678394 0.396811012178659 0.0587909780442715 -0.336059411522001 -0.496743239462376 -0.725563675165176 -0.757010385394096 -0.698790475726128 -0.666570581495762 -0.643350623548031 -0.680464096367359 -0.754510715603828 -0.768609300255775 -0.715779438614845 -0.744282871484756 -0.762453064322472 -0.787123203277588 -0.80812668800354 -0.833963453769684 -0.847966969013214 -0.857637122273445 -0.891973912715912 -0.887977346777916 -0.839892461895943 -0.774552464485168 -0.716045916080475 -0.635372444987297
-0.404023438692093 -0.470705255866051 -0.511887215077877 -0.553235791623592 -0.599751099944115 -0.619932897388935 -0.658281490206718 -0.671963408589363 -0.725997909903526 -0.804563105106354 -0.777461528778076 -0.661026813089848 -0.645258657634258 -0.45415722578764 -0.219055689871311 0.387741569429636 0.689838744699955 0.736781641840935 0.701724536716938 0.65866743773222 0.614993758499622 0.565370045602322 0.497079767286777 0.335456073284149 0.0874860398471355 -0.263810662552714 -0.621687844395638 -0.771614611148834 -0.779874578118324 -0.771801203489304 -0.754394605755806 -0.790654674172401 -0.788096845149994 -0.761291086673737 -0.74580155313015 -0.737145200371742 -0.725822329521179 -0.720666021108627 -0.675343126058578 -0.612020209431648 -0.504092253744602 -0.513050004839897 -0.548674419522285 -0.604632139205933 -0.641742303967476 -0.651351943612099 -0.673375204205513 -0.690565124154091
-0.400559939444065 -0.453859485685825 -0.511325724422932 -0.564958579838276 -0.608258180320263 -0.628724358975887 -0.662690617144108 -0.649090133607388 -0.670932665467262 -0.659895159304142 -0.62752453237772 -0.476487010717392 -0.199782967567444 0.0728166196495295 0.287530601024628 0.617284715175629 0.753980726003647 0.766676768660545 0.696039341390133 0.523401997983456 0.250169132836163 0.055093064904213 0.0185169354081154 -0.0873924940824509 -0.259801964275539 -0.541405357420444 -0.762145444750786 -0.85455197095871 -0.89529199898243 -0.916698694229126 -0.920854046940804 -0.88958252966404 -0.849788755178452 -0.769306108355522 -0.718990132212639 -0.688174292445183 -0.680691614747047 -0.614708945155144 -0.55589298158884 -0.490076936781406 -0.409835912287235 -0.455105058848858 -0.48904075473547 -0.538976527750492 -0.590764999389648 -0.658318117260933 -0.708037972450256 -0.738091021776199
-0.447523415088654 -0.517945297062397 -0.571033820509911 -0.61545567214489 -0.645544230937958 -0.661632873117924 -0.680721372365952 -0.701476514339447 -0.796867430210114 -0.826894015073776 -0.600587375462055 -0.141947330906987 0.354072038084269 0.638463884592056 0.761891230940819 0.792340338230133 0.784122794866562 0.75590518116951 0.515020795166492 0.0838145110756159 -0.307283493690193 -0.558170102536678 -0.601723290979862 -0.741609826683998 -0.865496501326561 -0.909049734473228 -0.967602968215942 -0.941822931170464 -0.904042854905128 -0.881596073508263 -0.879051685333252 -0.863540381193161 -0.810296878218651 -0.746487811207771 -0.655512109398842 -0.623036488890648 -0.62456077337265 -0.624251708388329 -0.578442692756653 -0.547133646905422 -0.455491237342358 -0.471515633165836 -0.540873192250729 -0.627064093947411 -0.703201159834862 -0.743117600679398 -0.790867283940315 -0.807783618569374
-0.529680237174034 -0.590468175709248 -0.630922995507717 -0.655044361948967 -0.666165612637997 -0.666953638195992 -0.715408250689507 -0.812529653310776 -0.791802302002907 -0.690559580922127 -0.277983692940325 0.288638401776552 0.6941227465868 0.789658233523369 0.800527051091194 0.784062519669533 0.767598032951355 0.636466838419437 0.149459247943014 -0.377466231584549 -0.572528094053268 -0.649561263620853 -0.708261132240295 -0.834960907697678 -0.946660906076431 -0.964027300477028 -0.960060596466064 -0.953760415315628 -0.913460209965706 -0.867167070508003 -0.85885988175869 -0.841559827327728 -0.796138241887093 -0.745169594883919 -0.697034254670143 -0.663398742675781 -0.679263338446617 -0.685294479131699 -0.691825851798058 -0.666190311312675 -0.585721619427204 -0.501586236059666 -0.541450850665569 -0.614981964230537 -0.665637493133545 -0.713417008519173 -0.75936333835125 -0.776309609413147
-0.564170382916927 -0.598657831549644 -0.629145391285419 -0.667299546301365 -0.675453588366508 -0.667607724666595 -0.719428613781929 -0.706249333918095 -0.633403711020947 -0.335065089166164 0.196015670895576 0.669963739812374 0.802585691213608 0.825207620859146 0.813162833452225 0.773118078708649 0.733073323965073 0.339028585702181 -0.310670944862068 -0.557438798248768 -0.628439396619797 -0.709285885095596 -0.740132242441177 -0.814312070608139 -0.918825179338455 -0.983671605587006 -0.944518133997917 -0.952697977423668 -0.968877658247948 -0.92605747282505 -0.894237264990807 -0.854417055845261 -0.829775154590607 -0.790311634540558 -0.766222730278969 -0.75892761349678 -0.749132454395294 -0.747004017233849 -0.762708827853203 -0.787413701415062 -0.734118655323982 -0.655990079045296 -0.618361622095108 -0.611899793148041 -0.623406991362572 -0.661383226513863 -0.689192712306976 -0.719335556030273
