data/spatiotemp/temp4/bio1_norsw_test_2015_2018.asc
NCOLS 654 
NROWS 380 
XLLCORNER 3.91666666666667 
YLLCORNER 55.3333333333333 
CELLSIZE 0.0416666666666667 
NODATA_value -9999 
[rows 198 to 219 of 380, columns 300 to 349 of 654]
3.03333455324173 3.09317338466644 3.27467900514603 3.44535106420517 3.5515233874321 4.012362241745 3.78220123052597 3.28320670127869 3.10904788970947 3.05889129638672 3.24473482370377 3.06874507665634 3.09275525808334 2.97176516056061 2.97460871934891 3.00328552722931 2.98746222257614 3.10313910245895 3.07098257541656 3.33665943145752 3.30651116371155 3.33887159824371 3.33839851617813 3.24125862121582 3.39845234155655 3.33464592695236 3.41783964633942 3.60553324222565 3.75489354133606 3.85708713531494 3.75394743680954 4.11514109373093 4.30887234210968 4.48530781269073 4.63463926315308 4.68901240825653 4.28623276948929 4.11205011606216 4.3696523308754 4.45258796215057 4.53602349758148 4.47379243373871 4.4472279548645 4.63105583190918 4.68246853351593 4.59004020690918 4.58370172977448 4.75300800800323 4.95987737178802 5.04718589782715
2.94933128356934 2.97747200727463 3.11427962779999 3.21442049741745 3.4158947467804 4.06186896562576 3.53900986909866 3.2443174123764 3.21285665035248 3.16979444026947 3.1590656042099 3.24067002534866 3.26894110441208 3.10821223258972 2.99181669950485 3.02375441789627 2.96919226646423 3.10929679870605 3.06323456764221 3.04200571775436 3.22782576084137 3.38536208868027 3.53339827060699 3.36060106754303 3.43380379676819 3.06933999061584 3.28020930290222 3.51807886362076 3.72944831848145 3.90415102243423 4.03968727588654 4.20355665683746 4.21382915973663 4.23683804273605 4.58211481571198 4.75648546218872 4.50186467170715 4.51704013347626 4.62087202072144 4.66899299621582 4.45581316947937 4.44557547569275 4.78398716449738 4.86159336566925 4.87841367721558 4.86199796199799 4.83522498607635 4.96138501167297 5.06068730354309 -9999
2.95382797718048 2.96377062797546 3.14654690027237 3.30932313203812 3.45876604318619 4.03770881891251 3.6234849691391 3.46459448337555 3.62483197450638 3.53403061628342 3.43072950839996 3.47159504890442 3.45546060800552 3.20615929365158 3.01185804605484 3.03389018774033 3.0195888876915 3.1551211476326 3.3489865064621 3.21868538856506 3.18180733919144 3.34801942110062 3.6007314324379 3.60094326734543 3.61698853969574 3.34820050001144 3.42157906293869 3.52329099178314 3.79750299453735 3.79154825210571 3.84576016664505 3.97597223520279 4.31861919164658 4.42053461074829 4.65266990661621 4.70428240299225 4.77668416500092 4.85760402679443 4.80461227893829 4.79976844787598 4.65406823158264 4.7586921453476 4.86908793449402 4.91679394245148 4.97747254371643 -9999 -9999 -9999 -9999 -9999
3.03149127960205 2.88373619318008 2.95331436395645 3.03489243984222 3.17480391263962 3.3647153377533 4.00162690877914 3.80187165737152 3.67564076185226 3.58560055494308 3.53222697973251 3.41052001714706 3.40614652633667 3.27660644054413 3.17973268032074 3.20435935258865 3.32098561525345 3.3359454870224 3.54407185316086 3.44186502695084 3.31395548582077 3.35384303331375 3.58739769458771 3.89145219326019 3.82367318868637 3.76006096601486 3.60711550712585 3.73783659934998 3.66855776309967 3.87077885866165 4.07449996471405 4.00405424833298 4.06640946865082 4.15556472539902 4.34038710594177 4.61837577819824 4.78168797492981 4.9254595041275 4.96160423755646 4.86716425418854 4.68097126483917 4.89114189147949 -9999 5.20428621768951 -9999 -9999 -9999 -9999 -9999 -9999
3.2719761133194 3.14828652143478 3.36459708213806 3.3779074549675 3.4578845500946 3.38102823495865 3.62633883953094 3.90048253536224 3.99997615814209 3.66148632764816 3.58899658918381 3.40750658512115 3.30051684379578 3.40069365501404 3.62287044525146 3.54804736375809 3.55105751752853 3.73790103197098 3.57224464416504 3.34408807754517 3.34071552753448 3.40246033668518 3.50403839349747 3.93578308820724 3.88319444656372 3.86793923377991 4.02835059165955 4.21742880344391 3.8858402967453 3.89741832017899 4.27699619531631 4.17074120044708 4.33148944377899 4.42024099826813 4.39515936374664 4.50991106033325 4.72058629989624 4.97499752044678 4.68136835098267 4.57891774177551 4.91773009300232 5.15453565120697 -9999 -9999 -9999 -9999 -9999 -9999 -9999 -9999
3.82744926214218 3.67858898639679 3.71306198835373 3.80253493785858 3.63950794935226 3.70448070764542 3.72495383024216 3.8102599978447 4.02983808517456 3.95685470104218 3.63420474529266 3.48205476999283 3.3197380900383 3.4502546787262 3.65710461139679 3.81945484876633 3.77263790369034 3.93215453624725 3.91733795404434 3.74385452270508 3.58925431966782 3.75953727960587 3.74298673868179 4.06510281562805 3.82638561725616 3.68983507156372 3.93428474664688 4.33356755971909 4.11335015296936 4.13696658611298 4.11574947834015 4.32919895648956 4.45235884189606 4.66222989559174 4.77371418476105 4.79884827136993 4.72175896167755 4.91396284103394 4.8249169588089 4.82412874698639 5.06314492225647 -9999 -9999 -9999 -9999 -9999 -9999 -9999 -9999 -9999
3.69508934020996 3.53289133310318 3.51852691173553 3.5859956741333 3.70279783010483 3.70526665449142 3.78356873989105 3.76170438528061 3.65070021152496 3.66439008712769 3.74724632501602 4.07526963949203 3.94245928525925 3.66248232126236 3.69817209243774 3.73902857303619 3.67205172777176 3.70157486200333 3.99276459217072 4.07695436477661 4.03779309988022 4.18761384487152 4.00043481588364 4.20858919620514 3.89957672357559 3.87106442451477 3.84371876716614 3.99970644712448 4.25152719020844 4.35468149185181 4.33316904306412 4.44582331180573 4.49772882461548 4.58005213737488 4.74297249317169 4.86381781101227 5.14576125144958 5.03802442550659 5.1487238407135 5.13260686397552 5.1736478805542 -9999 -9999 -9999 -9999 -9999 -9999 -9999 -9999 -9999
3.68372911214828 3.52819401025772 3.44915848970413 3.50728982686996 3.49775457382202 3.49871915578842 3.61168372631073 3.74898189306259 3.63739550113678 3.64109164476395 3.57128810882568 3.63631749153137 3.901347219944 4.08887666463852 4.19357305765152 4.0276026725769 3.80346548557281 3.67399507761002 3.77469122409821 3.89222061634064 3.93099850416183 4.10185754299164 4.22538328170776 4.33990883827209 3.92026782035828 3.77346032857895 3.85498583316803 3.98017835617065 4.20520406961441 4.30706316232681 4.37142205238342 4.39978110790253 4.52093183994293 4.48837423324585 4.57598316669464 4.94496190547943 5.13232159614563 4.97364377975464 5.15546703338623 5.30386173725128 -9999 -9999 -9999 -9999 -9999 -9999 -9999 -9999 -9999 -9999
3.73336917161942 3.32966291904449 3.23845678567886 3.36341726779938 3.37937772274017 3.50567162036896 3.47279894351959 3.55875939130783 3.58309096097946 3.57262682914734 3.63632959127426 3.80686569213867 3.82740157842636 3.94110441207886 3.96697354316711 4.18317645788193 4.28354585170746 4.11991518735886 3.90361791849136 3.8476539850235 3.94870382547379 4.10443419218063 4.27366459369659 4.47472834587097 4.26029223203659 4.13435614109039 4.24358654022217 4.23281711339951 4.34604746103287 4.4382780790329 4.47567522525787 4.44107222557068 4.41730165481567 4.73069643974304 4.81897306442261 5.09474921226501 5.30288088321686 5.20002567768097 5.29217040538788 -9999 -9999 -9999 -9999 -9999 -9999 -9999 -9999 -9999 -9999 -9999
3.75517576932907 3.40996533632278 3.22092181444168 3.23304480314255 3.41683441400528 3.53745740652084 3.49858045578003 3.53037017583847 3.64445304870605 3.65916210412979 3.73337125778198 3.76824700832367 3.92895621061325 4.06666535139084 4.14670783281326 4.18325042724609 4.17695963382721 4.30950200557709 4.26087772846222 4.23692041635513 4.29640913009644 4.44417762756348 4.53044652938843 4.57854831218719 4.66666531562805 4.54891872406006 4.40768718719482 4.44162249565125 4.49889099597931 4.57799291610718 4.72309482097626 4.7820063829422 4.82100462913513 4.91268515586853 5.07251167297363 5.30460202693939 -9999 -9999 -9999 -9999 -9999 -9999 -9999 -9999 -9999 -9999 -9999 -9999 -9999 -9999
3.77398228645325 3.72993451356888 3.48005336523056 3.58450561761856 3.48112446069717 3.68107658624649 3.73569548130035 3.7611477971077 3.80181497335434 3.79669731855392 3.85957956314087 3.87612849473953 3.96234405040741 3.966392993927 4.06527537107468 4.1486576795578 4.37070655822754 4.50508892536163 4.22263777256012 4.3936870098114 4.44511449337006 4.57992124557495 4.75181138515472 4.79217100143433 4.84067451953888 4.88614797592163 4.78891289234161 4.64959454536438 4.69040107727051 4.85934543609619 4.96851444244385 -9999 -9999 5.16550731658936 5.23664033412933 -9999 -9999 -9999 -9999 -9999 -9999 -9999 -9999 -9999 -9999 -9999 -9999 -9999 -9999 -9999
4.2187887430191 4.12057018280029 3.95168501138687 4.09229969978333 3.97391438484192 3.97102910280228 3.69864386320114 3.61109203100204 3.76351028680801 3.89873248338699 3.80295449495316 3.92901003360748 4.03256523609161 4.0474539399147 4.11100953817368 4.26373147964478 4.41728711128235 4.59117567539215 4.41806447505951 4.50478661060333 4.58481991291046 4.64716470241547 4.84117615222931 4.93631255626678 4.78569889068604 4.89234757423401 5.12180519104004 5.0381498336792 5.00484192371368 5.11063122749329 5.23593425750732 5.40144550800323 -9999 -9999 -9999 -9999 -9999 -9999 -9999 -9999 -9999 -9999 -9999 -9999 -9999 -9999 -9999 -9999 -9999 -9999
4.02826201915741 4.19787245988846 4.28864979743958 4.26359403133392 4.32120448350906 4.44631505012512 4.46725881099701 4.41486966609955 4.19587242603302 4.29826766252518 4.34499627351761 4.31222468614578 4.20945334434509 4.19368189573288 4.20074367523193 4.3398055434227 4.49036741256714 4.63809597492218 4.57765781879425 4.62655293941498 4.7256920337677 4.83129024505615 5.01992273330688 5.15715885162354 4.86539018154144 4.87477290630341 5.12419164180756 5.27128875255585 5.81350493431091 -9999 5.29061615467072 5.42376470565796 -9999 -9999 -9999 -9999 -9999 -9999 -9999 -9999 -9999 -9999 -9999 -9999 -9999 -9999 -9999 -9999 -9999 -9999
3.64306873083115 3.76450848579407 3.82494813203812 3.87622117996216 3.94116079807281 4.15776747465134 3.86220705509186 3.81914687156677 3.97390103340149 4.14313596487045 4.20587110519409 4.41810619831085 4.64834117889404 4.74474263191223 4.70231103897095 4.60354614257812 4.46544778347015 4.24584949016571 4.30708426237106 4.4633195400238 4.44689738750458 4.51781845092773 4.952019572258 5.32860481739044 5.11771094799042 5.06977999210358 5.22925651073456 -9999 -9999 -9999 -9999 -9999 -9999 -9999 -9999 -9999 -9999 -9999 -9999 -9999 -9999 -9999 -9999 -9999 -9999 -9999 -9999 -9999 -9999 -9999
3.45620858669281 3.55531084537506 3.55624639987946 3.70168220996857 3.77595102787018 3.95088654756546 4.04132235050201 3.95009124279022 4.03576290607452 4.14283800125122 4.21674603223801 4.30048757791519 4.51456224918365 4.66463708877563 4.76437854766846 4.92762017250061 4.68119478225708 4.60160291194916 4.74267768859863 4.74458587169647 4.61793613433838 4.80156183242798 5.0424929857254 5.13398873806 5.18125283718109 -9999 -9999 -9999 -9999 -9999 -9999 -9999 -9999 -9999 -9999 -9999 -9999 -9999 -9999 -9999 -9999 -9999 -9999 -9999 -9999 -9999 -9999 -9999 -9999 -9999
3.35134840011597 3.44494652748108 3.41971135139465 3.47730946540833 3.48857432603836 3.49117243289948 3.79077041149139 4.02420210838318 4.02462488412857 4.14720630645752 4.2849543094635 4.35486888885498 4.45311677455902 4.61653161048889 4.6492794752121 4.82419395446777 4.85510861873627 4.68952333927155 4.6884378194809 4.75301909446716 4.70880830287933 4.94147205352783 5.07813596725464 5.08979952335358 5.11713016033173 5.22934532165527 5.2867077589035 -9999 -9999 -9999 -9999 -9999 -9999 -9999 -9999 -9999 -9999 -9999 -9999 -9999 -9999 -9999 -9999 -9999 -9999 -9999 -9999 -9999 -9999 -9999
3.36271864175797 3.43522936105728 3.55357336997986 3.67291730642319 3.71592795848846 3.76727187633514 3.65544927120209 3.84262657165527 4.06510990858078 4.0855661034584 4.18985539674759 4.3586448431015 4.44343435764313 4.55505692958832 4.65051305294037 4.71680247783661 4.79359173774719 4.70254790782928 4.77767062187195 4.93796026706696 5.04059040546417 4.9953955411911 4.99603390693665 5.02067220211029 5.12731027603149 5.21594870090485 5.2830867767334 5.32553887367249 5.43488955497742 5.49864733219147 5.58161211013794 5.63836133480072 -9999 -9999 -9999 -9999 -9999 -9999 -9999 -9999 -9999 -9999 -9999 -9999 -9999 -9999 -9999 -9999 -9999 -9999
3.45881921052933 3.45249235630035 3.42166554927826 3.50900536775589 3.61151194572449 3.96051847934723 3.98185831308365 3.84769815206528 3.78671765327454 3.88591688871384 3.89728277921677 4.02598202228546 4.32784789800644 4.30171376466751 4.47141289710999 4.47327899932861 4.53831124305725 4.83534395694733 4.84804320335388 4.86440908908844 4.77128338813782 4.76566553115845 4.99171459674835 5.01709711551666 5.07647919654846 5.25729930400848 5.36586928367615 5.41616368293762 5.48578667640686 -9999 5.6102180480957 5.65160048007965 -9999 -9999 -9999 -9999 -9999 -9999 -9999 -9999 -9999 -9999 -9999 -9999 -9999 -9999 -9999 -9999 -9999 -9999
3.86141973733902 3.90525543689728 3.92575794458389 4.04559350013733 3.87559586763382 4.01109820604324 4.08510059118271 4.1439363360405 4.13082545995712 4.03826767206192 4.06387674808502 4.21031934022903 4.36742806434631 4.29503732919693 4.44581282138824 4.48208856582642 4.60786437988281 4.77813982963562 4.77491557598114 4.73152470588684 4.65180921554565 4.82476913928986 5.11072862148285 5.17168867588043 5.18531537055969 5.34317207336426 5.41184592247009 -9999 -9999 -9999 -9999 -9999 -9999 -9999 -9999 -9999 -9999 -9999 -9999 -9999 -9999 -9999 -9999 -9999 -9999 -9999 -9999 -9999 -9999 -9999
3.86485362052917 4.03201854228973 4.09534996747971 4.24084812402725 4.37067985534668 4.39951145648956 4.45217633247375 4.45634114742279 4.42243313789368 4.29578518867493 4.29197078943253 4.32515645027161 4.48367512226105 4.37352728843689 4.48721277713776 4.50706505775452 4.68341720104218 4.63760256767273 4.67412149906158 4.78147375583649 4.95050179958344 5.05920577049255 5.13690960407257 5.2232803106308 5.36148428916931 5.48264062404633 -9999 -9999 -9999 -9999 -9999 -9999 -9999 -9999 -9999 -9999 -9999 -9999 -9999 -9999 -9999 -9999 -9999 -9999 -9999 -9999 -9999 -9999 -9999 -9999
3.93362075090408 3.89928156137466 3.94244235754013 4.01610308885574 3.86426377296448 4.0405912399292 4.08491861820221 4.01991277933121 4.60670745372772 4.75630271434784 4.72723126411438 4.63449335098267 4.52608871459961 4.63551735877991 4.74444591999054 4.77337491512299 5.01280343532562 5.08256542682648 5.07299423217773 5.17208957672119 5.23786127567291 5.24080955982208 5.30675733089447 5.37087213993073 5.49789583683014 -9999 -9999 -9999 -9999 -9999 -9999 -9999 -9999 -9999 -9999 -9999 -9999 -9999 -9999 -9999 -9999 -9999 -9999 -9999 -9999 -9999 -9999 -9999 -9999 -9999
4.27105468511581 4.08837795257568 3.95203441381454 4.02302443981171 4.05501437187195 4.25817102193832 4.07516080141068 4.17798441648483 4.63181507587433 4.84432017803192 4.75582551956177 4.89983069896698 4.92566895484924 4.99517428874969 5.11634612083435 5.16535115242004 5.10035634040833 5.0976949930191 5.06770002841949 5.24287188053131 5.30372047424316 5.36324608325958 5.41893815994263 5.49296379089355 5.60252749919891 -9999 -9999 -9999 -9999 6.52111685276031 -9999 -9999 -9999 -9999 -9999 -9999 -9999 -9999 -9999 -9999 -9999 -9999 -9999 -9999 -9999 -9999 -9999 -9999 -9999 -9999
