data/spatiotemp/temp4/bio15_norsw_test_2015_2018.asc
NCOLS 654 
NROWS 380 
XLLCORNER 3.91666666666667 
YLLCORNER 55.3333333333333 
CELLSIZE 0.0416666666666667 
NODATA_value -9999 
[rows 352 to 373 of 380, columns 200 to 249 of 654]
-9999 -9999 -9999 -9999 -9999 -9999 -9999 -9999 -9999 -9999 40.7602281570435 40.7233219146729 41.0364618301392 -9999 -9999 -9999 41.4152669906616 41.3340454101562 41.4093217849731 40.9695358276367 40.5605640411377 39.9717016220093 39.7678937911987 39.5066537857056 39.5161647796631 39.320068359375 39.0395517349243 39.2057571411133 39.2467861175537 39.1649799346924 39.1227149963379 39.2163162231445 39.1099863052368 39.0468692779541 39.0038242340088 39.2917947769165 39.2871904373169 39.1496267318726 39.0751047134399 38.7909641265869 39.1474666595459 39.1414957046509 38.9632110595703 39.1305503845215 39.0940647125244 39.0791616439819 38.8546333312988 38.831169128418 38.6972360610962 38.5851049423218
-9999 -9999 -9999 -9999 -9999 -9999 -9999 41.7135038375854 41.2995510101318 40.8727540969849 40.6796460151672 40.4760046005249 40.7900671958923 40.7228136062622 40.7941560745239 41.3274774551392 41.2755584716797 41.2514028549194 41.1991844177246 40.8534212112427 40.3703546524048 40.0109128952026 39.8497924804688 39.4791173934937 39.4776945114136 39.4463129043579 39.3010387420654 39.2848472595215 39.2275762557983 39.2920303344727 38.9685745239258 39.1982049942017 39.2124948501587 39.1676959991455 39.330867767334 39.0859813690186 38.7886247634888 39.2108249664307 39.1678762435913 39.015308380127 39.0698080062866 39.0445890426636 38.8855094909668 38.9064102172852 39.1629161834717 38.9568386077881 38.9447622299194 38.758620262146 38.6585063934326 38.685450553894
-9999 -9999 -9999 -9999 -9999 -9999 -9999 -9999 -9999 40.9117226600647 40.5844416618347 40.4575705528259 40.2666664123535 40.728280544281 40.6394300460815 40.8606252670288 41.0073547363281 40.8502969741821 40.715726852417 40.4776935577393 40.2600030899048 40.1129951477051 39.8069829940796 39.419921875 39.6640701293945 39.5459461212158 39.7707195281982 39.4381484985352 39.2718858718872 39.231897354126 39.3172359466553 39.166259765625 39.3432922363281 39.2668371200562 39.1701707839966 39.3813772201538 39.1891574859619 39.2793674468994 39.1663246154785 38.9492235183716 38.8246488571167 38.992413520813 38.9839859008789 38.8463535308838 38.7950248718262 38.9469604492188 38.7545051574707 38.6113471984863 38.7205228805542 38.5784044265747
-9999 -9999 -9999 -9999 -9999 -9999 -9999 -9999 -9999 -9999 40.9190707206726 40.8713550567627 40.9344692230225 40.7030739784241 40.7040338516235 40.6674976348877 40.6923985481262 40.7517023086548 40.828067779541 40.8056201934814 40.652006149292 40.2461919784546 40.0771169662476 39.8953437805176 39.7059640884399 39.6635026931763 39.6913623809814 39.6132850646973 39.7101001739502 39.4782304763794 39.4266366958618 39.5309839248657 39.5972661972046 39.4669809341431 39.2880420684814 39.2843503952026 39.3825387954712 39.0166902542114 39.2239303588867 39.079216003418 39.1235265731812 38.9700698852539 38.7558345794678 39.1498708724976 38.8703527450562 38.880973815918 38.6764192581177 38.8516540527344 38.6347217559814 38.8505268096924
-9999 -9999 -9999 -9999 41.7156782150269 41.5047521591187 41.4594860076904 -9999 -9999 -9999 -9999 -9999 41.3828916549683 41.3146486282349 41.6464996337891 41.6347484588623 41.2197828292847 40.9261646270752 40.941234588623 40.8664083480835 40.2915153503418 40.1720104217529 40.1863021850586 40.2195043563843 40.0911264419556 40.1324625015259 39.8525857925415 39.641327381134 39.8146848678589 39.6879987716675 39.71910572052 39.6859903335571 39.7094717025757 39.5789642333984 39.5527420043945 39.2990732192993 39.1016178131104 39.1967258453369 38.9692430496216 38.8759632110596 38.8304281234741 38.830906867981 38.9785594940186 39.0374517440796 38.9470100402832 38.8446245193481 38.6586656570435 38.523193359375 38.6523275375366 38.6501684188843
-9999 -9999 -9999 -9999 -9999 41.8154010772705 41.4849452972412 41.373122215271 41.4595136642456 41.5117444992065 -9999 -9999 -9999 41.8809785842896 41.8718948364258 41.8080577850342 41.6339635848999 41.0667963027954 41.0008096694946 40.843563079834 40.5260133743286 40.0209836959839 39.9412488937378 39.8700885772705 39.8710279464722 39.8077220916748 39.9703998565674 39.8957281112671 39.8375310897827 39.8326168060303 39.7240295410156 39.8642463684082 39.8650417327881 39.7050867080688 39.4896068572998 39.2954587936401 39.34144115448 39.2746448516846 38.9552087783813 39.0378255844116 38.9284057617188 39.0356302261353 38.8832550048828 39.0128087997437 39.0236082077026 38.739109992981 38.7835969924927 38.5531492233276 38.7702836990356 38.7680063247681
-9999 -9999 -9999 -9999 -9999 -9999 41.638069152832 41.6610851287842 41.5711612701416 41.8240365982056 42.4512548446655 42.7740144729614 43.1314935684204 42.4173517227173 42.1623697280884 41.8456792831421 42.0776176452637 41.6210441589355 41.1512660980225 40.6840162277222 40.5062732696533 40.1003475189209 39.893931388855 39.9477243423462 39.8334283828735 39.9190073013306 39.8778209686279 39.9763059616089 40.1199588775635 39.9990911483765 39.90256690979 39.9752244949341 40.1695518493652 39.7448081970215 39.5597639083862 39.5364246368408 39.5651168823242 39.3490304946899 39.2592458724976 39.148268699646 39.2272520065308 38.7630472183228 38.7309770584106 38.9074506759644 38.5431842803955 39.0706653594971 38.8697748184204 38.7592639923096 38.6052408218384 38.6849746704102
-9999 -9999 -9999 -9999 -9999 -9999 -9999 42.2033882141113 42.1457843780518 42.5849046707153 43.0103883743286 43.5038480758667 43.2327356338501 42.4710426330566 42.1260595321655 41.6518907546997 41.5836877822876 41.510103225708 41.2028799057007 40.3011627197266 40.240852355957 40.0590505599976 39.951319694519 39.8123149871826 39.9219570159912 39.8642892837524 39.7491426467896 40.0547294616699 40.2125692367554 40.1397256851196 40.1482782363892 40.0970134735107 40.1501340866089 40.1310138702393 39.7147874832153 39.6102714538574 39.6805696487427 39.2951498031616 39.2600297927856 39.0556535720825 39.1128749847412 38.7558727264404 38.8341436386108 38.6406507492065 38.6911163330078 38.5486116409302 38.7748022079468 38.5768098831177 38.5271940231323 38.6561212539673
42.9707326889038 -9999 -9999 -9999 -9999 -9999 -9999 42.3320550918579 42.4975023269653 42.7782115936279 43.2603158950806 43.4342756271362 43.1316080093384 42.5252809524536 41.9245147705078 41.7152185440063 41.3998689651489 41.2261505126953 40.860447883606 40.4777793884277 40.1682052612305 39.9266166687012 39.9781742095947 39.6159648895264 39.8388090133667 39.8436546325684 40.1759834289551 39.9654998779297 40.1679487228394 40.2323007583618 40.1008701324463 40.3537979125977 40.3211717605591 40.0641918182373 39.9595241546631 39.8438415527344 39.7092046737671 39.4980268478394 39.3208780288696 39.4261512756348 39.3140077590942 38.8492765426636 38.7256116867065 38.783031463623 38.7435598373413 38.7062520980835 38.9031419754028 38.749342918396 38.6844482421875 38.6365480422974
43.0584926605225 42.4673347473145 42.1887493133545 41.791937828064 41.9769067764282 42.2457370758057 42.2168502807617 -9999 42.5394878387451 42.3697576522827 42.495171546936 42.7088556289673 42.4070463180542 42.2079858779907 41.6655406951904 41.6040678024292 41.0989818572998 40.9395437240601 40.8962173461914 40.5674867630005 40.2652816772461 40.0282917022705 40.032244682312 39.9710969924927 39.7191333770752 39.8396806716919 40.2459707260132 40.2903289794922 40.3690452575684 40.3068027496338 40.4335870742798 40.4215202331543 40.5432710647583 40.3237819671631 40.0776653289795 39.7802209854126 39.9036874771118 39.8389663696289 39.4379682540894 39.5303888320923 39.0763502120972 39.0002851486206 38.7206840515137 38.6899490356445 38.4854955673218 38.8032331466675 38.9329957962036 38.788423538208 38.7341442108154 39.1971063613892
42.7317543029785 42.1692171096802 41.6618242263794 41.7745161056519 41.834132194519 41.6479549407959 41.5056076049805 41.4218339920044 41.7447156906128 42.433235168457 41.9611320495605 41.7672958374023 41.5438013076782 41.4869365692139 41.4107294082642 40.9840364456177 41.0387144088745 40.8974828720093 40.8197298049927 40.7989292144775 41.1805095672607 41.2971458435059 40.820951461792 40.3991708755493 40.103723526001 40.2007112503052 40.2497692108154 40.4263858795166 40.5971269607544 40.5456438064575 40.6004295349121 40.6595268249512 40.4004697799683 40.4260473251343 40.2785348892212 40.0246953964233 39.8784961700439 39.7849435806274 39.6462240219116 39.4970846176147 39.3527860641479 39.0144758224487 38.9186954498291 38.8059558868408 38.8219757080078 38.8171195983887 38.5912437438965 38.7303590774536 38.875509262085 38.9761047363281
42.2528133392334 41.9373292922974 41.6445732116699 41.7632522583008 41.3956098556519 41.273811340332 41.2936592102051 41.1363477706909 41.0675525665283 -9999 41.0976514816284 41.2718534469604 40.9689245223999 41.0854873657227 40.5474576950073 40.6984901428223 40.7281951904297 40.7606115341187 40.7418632507324 40.7053232192993 40.9491653442383 41.2149000167847 41.2700252532959 41.5341205596924 40.7413835525513 40.366584777832 40.4822816848755 40.6335401535034 40.496654510498 40.4342098236084 40.4272470474243 40.7105550765991 40.6250114440918 40.140061378479 40.0880212783813 39.9511957168579 39.7361545562744 39.7030124664307 39.2461004257202 39.3669748306274 39.1674137115479 39.1409091949463 38.8499546051025 38.6947889328003 38.7406253814697 38.6530475616455 38.6542863845825 38.6856813430786 38.9071626663208 39.0747108459473
41.9523601531982 41.7024784088135 41.3637981414795 41.3851737976074 41.0841379165649 40.882194519043 41.066933631897 40.9830570220947 -9999 -9999 -9999 41.0716276168823 40.445384979248 40.5526723861694 40.380805015564 40.5780801773071 40.5224990844727 40.6985788345337 40.7672967910767 40.7370510101318 40.6357221603394 41.0717964172363 41.5444078445435 41.5177421569824 41.3860836029053 40.8713626861572 40.7398900985718 40.9697198867798 40.7013158798218 40.8034944534302 40.9072570800781 40.780327796936 40.3432025909424 40.4413976669312 40.3306617736816 40.3543787002563 40.1441974639893 39.751030921936 39.3908081054688 39.3824300765991 39.3749980926514 39.2573738098145 39.0147790908813 38.7715873718262 38.6885213851929 38.6000957489014 38.6767930984497 38.7048425674438 38.7386531829834 38.878851890564
42.1573448181152 41.8097257614136 41.7035360336304 41.1796503067017 41.0327529907227 40.9507684707642 40.8770704269409 -9999 -9999 -9999 40.210090637207 -9999 40.2516431808472 40.3811616897583 40.2818684577942 40.1417465209961 40.4577264785767 40.40234375 40.3873357772827 40.8404626846313 40.8357515335083 41.3159217834473 41.1927328109741 41.6496782302856 41.7007884979248 41.3679342269897 40.99436378479 40.8112106323242 40.5026226043701 40.724681854248 40.524076461792 40.3222379684448 40.7715120315552 40.6401586532593 40.5455923080444 40.4746999740601 40.4478015899658 40.0388774871826 39.7181854248047 39.6943063735962 39.403790473938 39.3575973510742 38.972954750061 38.9566793441772 38.72008228302 38.8307876586914 38.6214036941528 38.9212799072266 38.8231964111328 39.0552225112915
42.0572710037231 41.6951627731323 41.4455938339233 40.8898372650146 40.8864603042603 40.5998315811157 40.3925447463989 40.0561532974243 -9999 -9999 40.2172145843506 40.056932926178 -9999 40.1796269416809 39.8539395332336 39.9894156455994 40.2028932571411 40.3327560424805 40.5430269241333 40.7779417037964 40.7465677261353 41.0497407913208 41.3810262680054 41.3283834457397 41.3978652954102 41.2911252975464 41.1389989852905 40.8969449996948 40.742115020752 40.9555444717407 40.7984075546265 40.5862255096436 40.5555725097656 40.9332304000854 41.3182744979858 41.1797323226929 41.1236171722412 40.800518989563 40.309362411499 40.3173666000366 40.5998725891113 40.2355995178223 39.386402130127 39.0144300460815 38.8030595779419 38.6360282897949 38.8050937652588 38.6256113052368 38.9198369979858 38.8448429107666
41.6975240707397 41.4442567825317 41.3655338287354 40.93785572052 40.5320959091187 40.3013229370117 40.0265111923218 40.0060367584229 -9999 -9999 -9999 -9999 -9999 39.7288346290588 39.7054572105408 39.8243265151978 39.9379754066467 40.0908303260803 40.419008731842 40.7309150695801 40.7901697158813 41.0367050170898 41.191611289978 41.1592073440552 41.3030261993408 41.2348480224609 41.3676872253418 41.6271905899048 41.212384223938 41.0044107437134 40.7519207000732 40.7558708190918 40.6412744522095 41.0568866729736 41.2099533081055 41.6706514358521 41.8911228179932 41.7498512268066 41.1468334197998 41.1501016616821 41.0478553771973 40.6024971008301 40.1432056427002 39.4785709381104 39.016339302063 39.0231275558472 38.7039623260498 38.7516002655029 -9999 -9999
41.8495788574219 41.3402652740479 40.6666011810303 40.4179267883301 40.1681804656982 39.9255719184875 39.75679063797 39.7100157737732 39.6938796043396 -9999 -9999 -9999 -9999 -9999 -9999 -9999 40.4132919311523 40.2909846305847 40.4196290969849 40.6060495376587 40.7890644073486 40.9961223602295 41.1316542625427 41.0107789039612 41.1798610687256 41.1118731498718 41.0615983009338 41.1722249984741 41.0891962051392 41.0337953567505 41.121410369873 41.3206787109375 41.7839450836182 41.8230581283569 42.2186117172241 42.8535089492798 42.7002096176147 41.9314422607422 41.8109607696533 41.7067651748657 41.4212493896484 40.8484401702881 40.6838846206665 40.1118011474609 39.5974369049072 38.9332246780396 38.9194717407227 38.553822517395 -9999 -9999
41.6505270004272 41.1797475814819 40.6891250610352 40.337550163269 40.1390690803528 40.0069150924683 39.6294283866882 39.8533759117126 39.6131730079651 -9999 -9999 -9999 -9999 -9999 -9999 40.2060298919678 40.4238004684448 40.2835392951965 40.4249053001404 40.6722497940063 40.6775135993958 41.1658611297607 41.2086791992188 41.0245971679688 41.2932829856873 41.1564922332764 41.1385307312012 41.1836528778076 41.6173515319824 41.6579494476318 41.5136022567749 41.5573692321777 41.6476612091064 42.0128011703491 42.3451299667358 42.6545000076294 42.8321676254272 42.2769641876221 42.1310157775879 42.0152616500854 41.6504383087158 41.1985578536987 41.0822105407715 40.5097761154175 39.964503288269 39.6787605285645 39.2928333282471 -9999 -9999 -9999
41.1825828552246 40.9889183044434 40.2796640396118 40.2328157424927 39.8162117004395 39.7325835227966 39.6315693855286 39.4339075088501 39.3972330093384 -9999 -9999 -9999 -9999 -9999 -9999 -9999 40.3990712165833 40.4677672386169 40.5607099533081 40.9857234954834 41.0601983070374 41.1621227264404 40.9496936798096 41.4035787582397 41.8276081085205 41.4971408843994 41.2246551513672 41.2876806259155 40.9577140808105 41.0911960601807 41.1867542266846 41.3247509002686 41.5213232040405 41.7038526535034 42.127950668335 42.242618560791 42.081597328186 42.0028028488159 41.88405418396 41.8008222579956 41.5494575500488 41.3073635101318 40.9178133010864 40.6677913665771 40.1591825485229 39.6570520401001 39.2977256774902 -9999 -9999 -9999
41.3637094497681 40.8189601898193 40.5860433578491 40.395058631897 39.5744705200195 39.509560585022 39.3099884986877 39.3329386711121 39.3512721061707 39.4143257141113 -9999 -9999 40.0970177650452 -9999 -9999 -9999 -9999 -9999 -9999 40.7052383422852 41.1757402420044 40.8028535842896 40.6392488479614 40.7822642326355 41.1748170852661 41.5535974502563 41.7566804885864 41.6913719177246 41.534854888916 41.4596605300903 41.1836366653442 40.8780298233032 41.0402641296387 40.9576587677002 41.5856266021729 41.6113348007202 41.5415010452271 41.7976884841919 41.6065301895142 41.2810831069946 41.3232622146606 41.6383466720581 41.4394693374634 41.3788967132568 41.0688276290894 40.407772064209 40.2256984710693 39.7622880935669 39.7141237258911 -9999
41.7933988571167 41.2937507629395 40.5174989700317 40.1837186813354 40.0033769607544 39.7474269866943 39.6283588409424 39.4423189163208 39.5206689834595 39.5747985839844 39.9022235870361 39.773862361908 39.7332396507263 -9999 -9999 -9999 -9999 40.5998239517212 40.4351634979248 40.7929382324219 41.1388721466064 40.7617778778076 40.9912614822388 40.7953033447266 41.1525945663452 41.3302059173584 41.7340631484985 42.0087060928345 42.006856918335 41.7736320495605 41.3535995483398 41.4006967544556 41.4858932495117 41.272855758667 41.2439813613892 41.6902809143066 41.4221305847168 41.2640132904053 41.4832277297974 41.5186824798584 41.5796346664429 41.5686655044556 41.7900485992432 41.6972684860229 41.774489402771 41.316858291626 41.2057876586914 40.5424747467041 40.1041460037231 -9999
41.6815567016602 41.0592975616455 40.7521686553955 40.3343782424927 40.3452196121216 39.94198179245 39.7997159957886 39.6000189781189 39.7446413040161 39.7699875831604 39.8059735298157 39.9525508880615 39.908935546875 -9999 -9999 -9999 40.3564376831055 40.4591817855835 40.249192237854 40.7733993530273 40.9120626449585 40.8627853393555 41.0576429367065 41.2465887069702 41.5205554962158 41.8549108505249 42.3848247528076 41.9917325973511 42.1706981658936 42.3264589309692 42.2526617050171 42.0267114639282 41.5307540893555 41.4745960235596 41.4111194610596 41.5469150543213 41.8162040710449 41.7971696853638 41.695330619812 41.8282098770142 41.7181463241577 41.7368125915527 42.1659183502197 41.8344449996948 42.0204172134399 41.8663320541382 41.8844947814941 41.4979343414307 40.9424352645874 40.6182403564453
