data/spatiotemp/temp4/bio2_norsw_test_2015_2018.asc
NCOLS 654 
NROWS 380 
XLLCORNER 3.91666666666667 
YLLCORNER 55.3333333333333 
CELLSIZE 0.0416666666666667 
NODATA_value -9999 
[rows 198 to 219 of 380, columns 250 to 299 of 654]
8.4196879863739 8.14592206478119 8.0218231678009 7.89672350883484 8.00929093360901 8.15719187259674 8.19409275054932 8.15199327468872 8.2312273979187 8.42079520225525 8.5519483089447 8.4946870803833 8.51509261131287 8.71383190155029 8.82857084274292 8.71131014823914 8.69238233566284 8.83245468139648 9.06419372558594 9.1085991859436 9.14367151260376 9.13241052627563 9.07402873039246 9.13719201087952 9.25168871879578 9.28951859474182 9.34468269348145 9.00051259994507 8.874342918396 9.0578396320343 9.23633623123169 9.03983306884766 9.02899670600891 9.05982708930969 9.0863471031189 9.1698899269104 9.22209978103638 9.09897637367249 9.03985285758972 9.10072946548462 9.35827279090881 9.29614901542664 9.19669246673584 9.26990246772766 9.40011262893677 9.42465567588806 9.28149127960205 9.36961984634399 9.30808186531067 9.24854350090027
8.3834490776062 8.31436395645142 8.10461270809174 8.06519436836243 8.17944312095642 8.27002477645874 8.28860664367676 8.25085544586182 8.27043700218201 8.52235245704651 8.63817095756531 8.56155896186829 8.60661435127258 8.65200233459473 8.86972451210022 8.95944571495056 9.05550074577332 9.13288879394531 9.22627735137939 9.17766571044922 9.16772055625916 9.07344269752502 9.18853712081909 9.14767074584961 9.16247129440308 9.30527234077454 9.30907297134399 9.13654017448425 9.1426739692688 9.19780802726746 9.19160842895508 9.07107591629028 9.07987642288208 9.10334372520447 9.35367846488953 9.37621402740479 9.49308276176453 9.3796181678772 9.3018205165863 9.50702285766602 9.55122423171997 9.40242695808411 9.24062919616699 9.31483125686646 9.46670007705688 9.51690220832825 9.46514940261841 9.48377394676208 9.46673250198364 9.30469036102295
8.45154285430908 8.48847246170044 8.42340207099915 8.35633206367493 8.33326148986816 8.40619134902954 8.38978743553162 8.24705076217651 8.31964707374573 8.54257678985596 8.5847270488739 8.67443156242371 8.79513549804688 8.84817314147949 8.90021085739136 8.99158215522766 9.06395268440247 9.11099052429199 9.17169451713562 9.23806571960449 9.31243681907654 9.28580760955811 9.23137855529785 9.15648293495178 9.18092083930969 9.27435874938965 9.14446306228638 8.93990087509155 9.02867197990417 9.07544302940369 9.07988095283508 9.32831859588623 9.3134229183197 9.41519403457642 9.51434350013733 9.41953802108765 9.35539960861206 9.34892702102661 9.36745452880859 9.62964916229248 9.65484380722046 9.4990382194519 9.33423256874084 9.30576014518738 9.51695466041565 9.58714962005615 9.62180709838867 9.57059526443481 9.56671643257141 9.37250399589539
8.37463688850403 8.54658102989197 8.58485889434814 8.14946937561035 8.16074681282043 8.36669111251831 8.41563510894775 8.28057932853699 8.3665235042572 8.49080061912537 8.59828329086304 8.61630344390869 8.65065693855286 8.63434386253357 8.80303072929382 9.10871767997742 9.09973812103271 9.17575812339783 9.24611210823059 9.23313236236572 9.25915265083313 9.28950595855713 9.27521991729736 9.19796180725098 9.20036959648132 9.23677825927734 9.18918657302856 9.02626132965088 8.87600326538086 9.10907816886902 9.21715354919434 9.20356106758118 9.18830299377441 9.40704464912415 9.53400897979736 9.51152920722961 9.48138236999512 9.42723560333252 9.33908915519714 9.48327589035034 9.51579594612122 9.56998252868652 9.57216930389404 9.471022605896 9.46087574958801 9.63306260108948 9.64013171195984 9.69241571426392 9.51603293418884 9.5103178024292
8.34115886688232 8.54800724983215 8.58718919754028 8.17537128925323 8.14988672733307 8.16040194034576 8.40091705322266 8.45176601409912 8.37894773483276 8.45879626274109 8.52893447875977 8.5876944065094 8.64745450019836 8.70721507072449 8.89597511291504 9.11373567581177 9.1994960308075 9.33858895301819 9.23768305778503 9.17710995674133 9.28086972236633 9.26496410369873 9.2371141910553 9.17432332038879 9.09753155708313 9.14574027061462 9.2079484462738 9.21782374382019 9.09569907188416 9.0475742816925 9.10078287124634 9.03499126434326 9.04886627197266 9.2004086971283 9.30977368354797 9.42396235466003 9.34315085411072 9.21733951568604 9.13619446754456 9.16638350486755 9.21757221221924 9.2200939655304 9.27894973754883 9.28047132492065 9.43599319458008 9.63284873962402 9.5179545879364 9.68131136894226 9.413001537323 9.53669118881226
8.48810815811157 8.60675096511841 8.51039481163025 8.33470439910889 8.35134720802307 8.20032429695129 8.18030059337616 8.28561067581177 8.49425363540649 8.54823040962219 8.52334713935852 8.38927149772644 8.51252913475037 8.59478688240051 8.9340443611145 9.0379683971405 9.04455924034119 9.27948331832886 9.08607459068298 9.07399868965149 9.12525582313538 9.16384696960449 9.11972856521606 9.14956712722778 9.11607193946838 9.13524413108826 9.26241564750671 9.22425436973572 9.11809301376343 9.10026454925537 9.18010330200195 9.0276083946228 9.05411386489868 9.08161902427673 9.17397165298462 9.18317127227783 9.21370553970337 9.28023886680603 9.2381055355072 9.18697285652161 9.2748396396637 9.38203978538513 9.33157348632812 9.47877383232117 9.61530733108521 9.69150733947754 9.62161016464233 9.66528129577637 9.67395329475403 9.57062435150146
8.71472430229187 8.72716188430786 8.5709331035614 8.50270390510559 8.48780870437622 8.40524625778198 8.23801732063293 8.23378872871399 8.43455958366394 8.56499743461609 8.60775995254517 8.55584836006165 8.52960324287415 8.54935812950134 8.78644633293152 8.98120093345642 9.06962251663208 9.18471097946167 9.12613272666931 8.91022062301636 8.86797499656677 9.02939677238464 8.97434163093567 9.04881072044373 8.93361210823059 8.94708061218262 8.96954917907715 9.21401810646057 9.14915299415588 8.91928863525391 9.07742381095886 9.08022570610046 9.14936065673828 9.201495885849 9.37250256538391 9.20904779434204 9.22025966644287 9.19680500030518 9.26468324661255 9.17222857475281 9.28544044494629 9.45631909370422 9.39353036880493 9.30274271965027 9.51862072944641 9.65583252906799 9.64426517486572 9.70925211906433 9.67923855781555 9.61689162254333
8.79834032058716 8.74457240104675 8.76080465316772 8.62870407104492 8.51893615722656 8.35116863250732 8.27906775474548 8.37796640396118 8.54386520385742 8.45576453208923 8.64883995056152 8.60842537879944 8.56534433364868 8.66592931747437 8.79651498794556 8.90076732635498 8.93868613243103 8.93060493469238 8.99552345275879 9.12210893630981 8.95202827453613 8.94861340522766 8.939288854599 9.04038763046265 9.00881934165955 8.89191794395447 8.93368315696716 9.17911458015442 9.3125467300415 9.10964560508728 9.32141065597534 9.57850933074951 9.61027455329895 9.45003962516785 9.51203441619873 9.5865912437439 9.33814740180969 9.20870399475098 9.33659386634827 9.39315104484558 9.56037402153015 9.76426410675049 9.68048739433289 9.50804424285889 9.56493401527405 9.50682473182678 9.3969202041626 9.37088871002197 9.50252389907837 9.61182522773743
8.80728960037231 8.59764957427979 8.71300983428955 8.62503671646118 8.27239727973938 8.31242370605469 8.37945055961609 8.40681099891663 8.58117127418518 8.55119824409485 8.52058625221252 8.55366921424866 8.75575184822083 8.64383482933044 8.54791760444641 8.8320004940033 8.82941651344299 8.84816575050354 8.80958199501038 9.22099804878235 8.99741387367249 8.82116317749023 8.76090288162231 8.96596431732178 9.15335941314697 9.19808793067932 9.18715000152588 9.32454538345337 9.45394062995911 9.38566923141479 9.44339823722839 9.63279294967651 9.85418844223022 9.86258363723755 9.78156518936157 9.89946722984314 9.77336835861206 9.51860332489014 9.58183813095093 9.39374017715454 9.38397479057312 9.88221001625061 9.91911125183105 9.92334628105164 10.0682480335236 9.86181640625 9.63024210929871 9.40885901451111 9.60247540473938 9.65875864028931
8.8252387046814 8.86572694778442 8.969881772995 8.76770353317261 8.60985803604126 8.47734594345093 8.52516770362854 8.6493227481842 8.7758104801178 8.44629859924316 8.5169997215271 8.77291297912598 8.82615947723389 9.05407309532166 8.77698636054993 8.79756665229797 8.65214657783508 8.70505952835083 8.8849732875824 9.26221990585327 9.30813336372375 9.28171324729919 9.19618248939514 9.07320809364319 9.07256650924683 9.27125883102417 9.38361716270447 9.47030925750732 9.59666776657104 9.73002648353577 9.78805184364319 9.7677435874939 9.87976861000061 9.92446064949036 9.84876322746277 9.79500961303711 9.74092316627502 9.81316924095154 9.89408302307129 10.0253291130066 9.9002423286438 9.98548865318298 10.2607355117798 10.3789820671082 10.4238948822021 10.1308081150055 9.99089741706848 9.79516243934631 9.83776068687439 9.75302529335022
8.94818806648254 9.02647113800049 8.76042032241821 8.6917028427124 8.88231897354126 8.80393505096436 8.69588422775269 8.80550026893616 8.88678312301636 8.82073259353638 8.83007907867432 8.96615672111511 8.96123385429382 9.15597820281982 9.14905476570129 9.07046556472778 8.78954362869263 8.59128737449646 8.83536458015442 9.20110845565796 9.34385228157043 9.41992998123169 9.33546304702759 9.21178483963013 9.08044052124023 9.1847620010376 9.36441707611084 9.43107271194458 9.47439479827881 9.58371686935425 9.6013720035553 9.5586941242218 9.50634908676147 9.41133785247803 9.27529430389404 9.20788598060608 9.40014386177063 9.6630687713623 9.81632685661316 9.91825175285339 10.0041766166687 10.1584346294403 10.1490261554718 10.1076173782349 10.2782089710236 10.2424669265747 10.1718859672546 10.1504662036896 10.0710458755493 9.84229230880737
8.79013776779175 9.03888154029846 8.63829183578491 8.36003637313843 8.49777984619141 8.7555239200592 8.74293446540833 8.40901160240173 8.24208867549896 8.20116627216339 8.56349229812622 8.93406677246094 8.99464154243469 9.07654929161072 9.13379073143005 9.14769864082336 9.14827299118042 9.07118129730225 9.06475615501404 8.91299748420715 9.09057211875916 9.24047994613647 9.15574359893799 8.97769522666931 9.03264737129211 9.12626576423645 9.27555108070374 9.26383638381958 9.0647885799408 9.26274061203003 9.38302564620972 9.34397745132446 9.33259606361389 9.23121500015259 9.14115929603577 9.26809525489807 9.48303174972534 9.6266348361969 9.53223776817322 9.34584069252014 9.55877709388733 9.77271318435669 9.51398301124573 9.46625280380249 9.76185584068298 9.87945866584778 9.7592077255249 9.76043653488159 9.87633109092712 9.94289302825928
8.81875419616699 8.92562532424927 8.99583053588867 8.90636920928955 8.8122410774231 8.68377947807312 8.66431784629822 8.76452279090881 8.76372838020325 8.64893341064453 8.73557186126709 8.8676438331604 8.95538187026978 8.98345422744751 9.07019305229187 9.10359859466553 9.06000351905823 9.08574223518372 9.09481382369995 9.15455269813538 9.20729160308838 9.23136329650879 8.91935706138611 8.81860542297363 8.99785423278809 9.10076951980591 9.19001841545105 9.37160015106201 9.22984886169434 9.14509749412537 9.1926794052124 9.33792805671692 9.32451009750366 9.16842532157898 9.14335703849792 9.26230454444885 9.42591977119446 9.54020071029663 9.45748209953308 9.33709645271301 9.4117112159729 9.58265948295593 9.56627368927002 9.47855472564697 9.75850296020508 9.86545085906982 9.74952983856201 9.64373970031738 9.70028305053711 9.67815947532654
8.77036929130554 8.70636916160583 8.6300356388092 8.51203536987305 8.77803492546082 8.93403482437134 8.98336791992188 8.89503407478333 8.74770045280457 8.39303374290466 8.32898497581482 8.55488753318787 8.64812326431274 8.62369298934937 8.7715950012207 9.00683116912842 9.04073405265808 8.98696970939636 8.97620558738708 8.87244129180908 8.99734401702881 9.15024662017822 9.07330369949341 8.84618258476257 8.86839461326599 8.89060616493225 8.83348488807678 9.12536382675171 9.2102427482605 9.19512104988098 9.20133352279663 9.20621180534363 9.2587571144104 9.16363573074341 9.1832218170166 9.21151447296143 9.26080703735352 9.280433177948 9.34905934333801 9.19668531417847 9.23497891426086 9.40727114677429 9.40256428718567 9.36585712432861 9.47114992141724 9.51577591896057 9.42885160446167 9.33304309844971 9.48190140724182 9.57276010513306
8.39265275001526 8.34577989578247 8.35690712928772 8.28803515434265 8.51049637794495 8.65795683860779 8.6267511844635 8.59487867355347 8.63100647926331 8.82346749305725 8.76006460189819 8.83913087844849 8.74786400794983 8.63726425170898 8.58899688720703 8.78539681434631 8.96513032913208 8.96653032302856 8.94726347923279 8.76533007621765 8.83639645576477 8.99646282196045 9.02958393096924 8.99775886535645 8.90493488311768 8.81911015510559 8.9412853717804 9.00746083259583 8.91963624954224 8.97714495658875 9.05498671531677 9.26382899284363 9.36200404167175 9.28218007087708 9.1407527923584 9.05339050292969 9.18802833557129 9.20199942588806 9.25330352783203 9.25960803031921 9.31624555587769 9.44455051422119 9.32118797302246 9.28015899658203 9.30779671669006 9.36776781082153 9.2151734828949 9.21634650230408 9.26585340499878 9.36902689933777
8.51793503761292 8.39985704421997 8.41011238098145 8.43370127677917 8.49162364006042 8.35987949371338 8.33146810531616 8.33805680274963 8.36131238937378 8.55923461914062 8.74347710609436 8.88370800018311 8.78027153015137 8.77350211143494 8.59473276138306 8.72296333312988 8.95486044883728 8.92909121513367 8.9246551990509 8.78255248069763 8.77511596679688 8.9546799659729 8.90253114700317 8.75466966629028 8.80714154243469 8.96961379051208 9.17208576202393 9.17755794525146 9.0660297870636 9.0908350944519 9.0773069858551 9.24044585227966 9.31425142288208 9.21139001846313 9.15728378295898 9.09660005569458 9.04058289527893 9.16123223304749 9.27554798126221 9.31553077697754 9.35518002510071 9.3728289604187 9.28281164169312 9.29479455947876 9.30311036109924 9.27942609786987 9.27482843399048 9.27364993095398 9.29113864898682 9.29762649536133
8.7533974647522 8.54853081703186 8.41633105278015 8.38346433639526 8.27993130683899 8.25106501579285 8.1975314617157 8.28499841690063 8.11379861831665 8.1979318857193 8.71710252761841 9.0303099155426 9.04751706123352 8.99872446060181 8.82226490974426 8.83447289466858 8.8790135383606 8.68822050094604 8.83709454536438 8.89930200576782 8.92150950431824 8.99171686172485 8.97188258171082 8.79000687599182 8.72713088989258 8.93758869171143 9.05404615402222 9.32683706283569 9.30762815475464 9.30608558654785 9.33854341506958 9.30166745185852 9.24312496185303 9.11791586875916 9.12548160552979 9.20748972892761 9.22749710083008 9.07983803749084 9.09051299095154 9.23185348510742 9.42019462585449 9.54753565788269 9.36554360389709 9.26888465881348 9.26255893707275 9.22323298454285 9.30034303665161 9.38122153282166 9.34076690673828 9.26964545249939
8.84570574760437 9.03013443946838 8.6918957233429 8.49865746498108 8.38341903686523 8.29684710502625 8.35027551651001 8.41337037086487 8.58246517181396 8.39256024360657 8.49460601806641 8.8062698841095 8.99026679992676 9.01759719848633 9.00826120376587 8.96925830841064 8.93525528907776 8.73191905021667 8.67524981498718 8.88224697113037 8.84257745742798 8.87157440185547 8.87630558013916 8.82843708992004 8.73823618888855 8.83270144462585 8.9358332157135 9.11996507644653 9.24743056297302 9.27856230735779 9.38536071777344 9.48782634735107 9.3116250038147 9.12142372131348 9.20667886734009 9.25105929374695 9.26110506057739 9.26981806755066 9.3088641166687 9.38224387168884 9.49229049682617 9.50000357627869 9.456383228302 9.45142912864685 9.43047547340393 9.38752174377441 9.37771725654602 9.46206092834473 9.4767382144928 9.35074901580811
8.98201489448547 8.76840448379517 9.20979404449463 9.09818363189697 8.72957324981689 8.47629642486572 8.43301939964294 8.70174193382263 8.72846555709839 8.70652198791504 8.63510966300964 8.66122984886169 8.70801711082458 8.86980390548706 8.95359063148499 8.93571090698242 8.98649764060974 8.69228434562683 8.34973812103271 8.7435245513916 8.72497820854187 8.72743153572083 8.69506192207336 8.65720129013062 8.70800733566284 8.76948046684265 8.89662027359009 8.87776017189026 8.69756627082825 8.77437233924866 9.07684540748596 9.35498476028442 9.31145834922791 9.16659808158875 9.16087675094604 9.21629500389099 9.03937983512878 9.10013127326965 9.30721616744995 9.41263461112976 9.50271940231323 9.53713750839233 9.50955557823181 9.4573073387146 9.40739226341248 9.41014385223389 9.35875749588013 9.3309006690979 9.3680431842804 9.42718625068665
9.64998984336853 9.46234130859375 9.33269214630127 9.16737675666809 9.23706126213074 9.07907867431641 8.88042950630188 8.8347806930542 8.60246539115906 8.39714956283569 8.15361332893372 8.12319040298462 8.25310003757477 8.55700969696045 8.85958623886108 8.87082982063293 8.7544059753418 8.7769832611084 8.61289262771606 8.52813601493835 8.6740460395813 8.41695594787598 8.53981804847717 8.53963184356689 8.67277908325195 8.78759360313416 8.89340734481812 8.83255457878113 8.5387020111084 8.57518291473389 8.76433038711548 9.02414417266846 9.15762495994568 9.19710564613342 9.15907454490662 9.18153119087219 9.07765483856201 9.14977812767029 9.24990177154541 9.34802532196045 9.42681479454041 9.2849383354187 9.22839522361755 9.29051876068115 9.42830872535706 9.47243213653564 9.37346506118774 9.32374000549316 9.20001482963562 9.27862286567688
9.90263199806213 9.79527735710144 9.63425660133362 9.31090259552002 9.2392156124115 9.27352786064148 9.19217324256897 9.00715279579163 8.80313205718994 8.76444482803345 8.56111717224121 8.44714999198914 8.46584987640381 8.63721609115601 8.5909161567688 8.60594844818115 8.62731504440308 8.62101459503174 8.74204778671265 8.7744140625 8.59778022766113 8.51681303977966 8.51190733909607 8.60272908210754 8.56021785736084 8.82603931427002 8.96952772140503 8.66368269920349 8.57017087936401 8.59632611274719 8.56948113441467 8.65430331230164 8.94479155540466 8.94494700431824 9.0572714805603 9.23043394088745 9.20326256752014 9.33909153938293 9.53325343132019 9.51241540908813 9.43657755851746 9.37173914909363 9.38456797599792 9.3327305316925 9.43222594261169 9.62805414199829 9.50550532341003 9.38824582099915 9.37665295600891 9.38072681427002
9.79027414321899 9.63088130950928 9.6581552028656 9.433762550354 9.20936965942383 9.25697708129883 9.13425087928772 9.08252453804016 8.8717987537384 8.67240571975708 8.50795412063599 8.51111006736755 8.47059941291809 8.34442257881165 8.20424509048462 8.29973435401917 8.26655697822571 8.2600462436676 8.4798698425293 8.68635869026184 8.82084798812866 8.75367069244385 8.74466347694397 8.64115977287292 8.54132270812988 8.53981900215149 8.82998156547546 8.86614441871643 8.84164047241211 8.71446967124939 8.65129923820496 8.79346203804016 8.97195816040039 9.00412106513977 8.98546957969666 9.14900350570679 9.25020384788513 9.29107093811035 9.40627193450928 9.44447231292725 9.39333987236023 9.33154058456421 9.26874113082886 9.21760845184326 9.34214210510254 9.55467629432678 9.70721292495728 9.5980851650238 9.379958152771 9.47349715232849
