data/spatiotemp/temp4/bio2_norsw_test_2015_2018.asc
NCOLS 654 
NROWS 380 
XLLCORNER 3.91666666666667 
YLLCORNER 55.3333333333333 
CELLSIZE 0.0416666666666667 
NODATA_value -9999 
[rows 330 to 351 of 380, columns 100 to 149 of 654]
-9999 -9999 -9999 -9999 -9999 -9999 -9999 -9999 -9999 -9999 -9999 -9999 -9999 -9999 -9999 -9999 -9999 -9999 -9999 -9999 -9999 -9999 -9999 -9999 -9999 -9999 -9999 -9999 -9999 -9999 -9999 -9999 -9999 -9999 -9999 -9999 -9999 -9999 -9999 6.66298055648804 6.71175861358643 6.81671524047852 6.84567201137543 6.86562871932983 6.85958552360535 6.84120917320251 6.82849931716919 6.79278898239136 6.70874607563019 6.61736977100372
-9999 -9999 -9999 -9999 -9999 -9999 -9999 -9999 -9999 -9999 -9999 -9999 -9999 -9999 -9999 -9999 -9999 -9999 -9999 -9999 -9999 -9999 -9999 -9999 -9999 -9999 -9999 -9999 -9999 -9999 -9999 -9999 -9999 -9999 -9999 -9999 -9999 -9999 6.7956200838089 6.82211947441101 6.88589656352997 6.91252768039703 6.92549204826355 6.93345677852631 6.93875443935394 6.91971921920776 6.89268326759338 6.82231473922729 6.71494579315186 6.63324379920959
-9999 -9999 -9999 -9999 -9999 -9999 -9999 -9999 -9999 -9999 -9999 -9999 -9999 -9999 -9999 -9999 -9999 -9999 -9999 -9999 -9999 -9999 -9999 -9999 -9999 -9999 -9999 -9999 -9999 -9999 -9999 -9999 -9999 -9999 -9999 -9999 -9999 6.96832311153412 6.94897997379303 7.00580382347107 7.04503452777863 7.04867386817932 7.06331276893616 7.06528508663177 7.0735901594162 7.04622912406921 6.99153482913971 6.90317356586456 6.81214570999146 6.72211790084839
-9999 -9999 -9999 -9999 -9999 -9999 -9999 -9999 -9999 -9999 -9999 -9999 -9999 -9999 -9999 -9999 -9999 -9999 -9999 -9999 -9999 -9999 -9999 -9999 -9999 -9999 -9999 -9999 -9999 -9999 -9999 -9999 -9999 -9999 -9999 7.03292679786682 7.03298366069794 7.09370732307434 7.11876428127289 7.15648794174194 7.21550643444061 7.26081955432892 7.26979970932007 7.21677958965302 7.19509255886078 7.16440582275391 7.10138618946075 7.02403247356415 6.95967888832092 6.86999201774597
-9999 -9999 -9999 -9999 -9999 -9999 -9999 -9999 -9999 -9999 -9999 -9999 -9999 -9999 -9999 -9999 -9999 -9999 -9999 -9999 -9999 -9999 -9999 -9999 -9999 -9999 -9999 -9999 -9999 -9999 -9999 -9999 -9999 -9999 7.12745404243469 7.10133743286133 7.14463806152344 7.23177146911621 7.25390529632568 7.2667053937912 7.35044455528259 7.41812264919281 7.39746701717377 7.31414496898651 7.27182269096375 7.24583435058594 7.2088451385498 7.1408566236496 7.07186782360077 7.00421273708344
-9999 -9999 -9999 -9999 -9999 -9999 -9999 -9999 -9999 -9999 -9999 -9999 -9999 -9999 -9999 -9999 -9999 -9999 -9999 -9999 -9999 -9999 -9999 -9999 -9999 -9999 -9999 -9999 -9999 -9999 -9999 -9999 7.1337479352951 7.17963469028473 7.20252168178558 7.20190834999084 7.25129544734955 7.27101540565491 7.31506896018982 7.3377890586853 7.40718245506287 7.4522488117218 7.41531503200531 7.35304772853851 7.30278086662292 7.27684700489044 7.22658014297485 7.17364645004272 7.14671242237091 7.11111223697662
-9999 -9999 -9999 -9999 -9999 -9999 -9999 -9999 -9999 -9999 -9999 -9999 -9999 -9999 -9999 -9999 -9999 -9999 -9999 6.71934747695923 6.70874834060669 6.69504284858704 6.67205715179443 6.64167594909668 6.78226017951965 6.9006005525589 7.0021984577179 7.06879615783691 7.07734680175781 6.99786388874054 7.01786184310913 7.08263599872589 7.13005888462067 7.20769917964935 7.25300574302673 7.2706458568573 7.26728618144989 7.26492619514465 7.30689966678619 7.36220645904541 7.37392044067383 7.37004196643829 7.38982963562012 7.37761783599854 7.3120721578598 7.24252676963806 7.12331438064575 7.16143584251404 7.21822392940521 7.20367848873138
-9999 -9999 -9999 -9999 -9999 -9999 -9999 -9999 -9999 -9999 -9999 6.33745300769806 6.34950697422028 6.31599950790405 6.40496695041656 6.51609790325165 6.57710313796997 6.59534931182861 6.62313234806061 6.69550764560699 6.74658715724945 6.73199999332428 6.64574611186981 6.64482545852661 6.90123808383942 6.99998414516449 7.09506380558014 7.15280950069427 7.13912951946259 7.11002290248871 7.13258302211761 7.10180974006653 7.15003669261932 7.22859680652618 7.25982356071472 7.21938359737396 7.14627707004547 7.10088241100311 7.1551593542099 7.20429074764252 7.19007134437561 7.18969750404358 7.31359434127808 7.3765207529068 7.3370304107666 7.28399801254272 7.1974116563797 7.22989213466644 7.25240159034729 7.20724499225616
-9999 -9999 -9999 -9999 -9999 -9999 -9999 -9999 -9999 -9999 6.25442349910736 6.30224609375 6.32454085350037 6.34418296813965 6.49449169635773 6.59880042076111 6.64681887626648 6.66721320152283 6.69794070720673 6.6926680803299 6.61872935295105 6.57045745849609 6.56418514251709 6.53891253471375 6.74030733108521 6.90970158576965 7.06876254081726 7.14415693283081 7.16876089572906 7.17124092578888 7.1683874130249 7.1578676700592 7.1573474407196 7.1354945898056 7.0816410779953 6.95445489883423 6.81865668296814 6.72958111763 6.76967215538025 6.89398062229156 6.99556350708008 6.95881843566895 7.11031758785248 7.29802680015564 7.35870254039764 7.29461193084717 7.21239507198334 7.16647362709045 7.1712464094162 7.18614399433136
-9999 -9999 -9999 -9999 -9999 -9999 -9999 -9999 6.13147354125977 6.14610648155212 6.13040614128113 6.09212243556976 6.20383882522583 6.34388875961304 6.48927140235901 6.57598805427551 6.62636768817902 6.63534092903137 6.56578588485718 6.45916211605072 6.41344738006592 6.38898825645447 6.38715147972107 6.31454741954803 6.33926463127136 6.53997397422791 6.74577617645264 6.97083747386932 7.10905849933624 7.10640621185303 7.0350044965744 6.97640454769135 6.9245753288269 6.83396780490875 6.72612524032593 6.41196954250336 -9999 6.90865850448608 7.05574023723602 7.31912517547607 7.402468085289 7.42208755016327 7.46737396717072 7.53365993499756 7.54994630813599 7.51856577396393 7.48518538475037 7.2664715051651 7.02605414390564 7.00117242336273
-9999 -9999 -9999 -9999 -9999 -9999 -9999 6.09522533416748 6.1620157957077 6.2334315776825 6.22688901424408 6.23401308059692 6.32047021389008 6.41859400272369 6.4817179441452 6.53750848770142 6.55158281326294 6.47544097900391 6.33029806613922 6.12265586853027 6.0400139093399 -9999 -9999 -9999 -9999 -9999 -9999 6.58985102176666 6.76883280277252 7.0410099029541 7.17132985591888 7.24364972114563 7.26596963405609 7.28095614910126 7.09327638149261 6.78524303436279 6.91891610622406 7.10301375389099 7.35122275352478 7.43020939826965 7.48254001140594 7.51321411132812 7.57188856601715 7.57922983169556 7.52490448951721 7.46457898616791 7.4299201965332 7.34892785549164 7.29093563556671 7.21094346046448
-9999 -9999 -9999 -9999 -9999 5.84404754638672 6.13459622859955 6.23077726364136 6.284308552742 6.3291734457016 6.37237167358398 6.41890323162079 6.4157680273056 6.33048152923584 6.23749768733978 6.20936262607574 6.17646455764771 5.79297077655792 6.04094755649567 6.27681648731232 6.35748898983002 -9999 -9999 -9999 -9999 -9999 6.33652532100677 6.69803154468536 7.04832124710083 7.24389445781708 7.32080113887787 7.41937434673309 7.46661376953125 7.48652040958405 7.30906558036804 7.16528618335724 7.23857355117798 7.37581360340118 7.4267201423645 7.43829321861267 7.49561142921448 7.46567404270172 7.50073671340942 7.57379949092865 7.50719618797302 7.44292557239532 7.39165484905243 7.43838429450989 7.43778026103973 7.37684321403503
-9999 -9999 -9999 -9999 -9999 5.96784281730652 6.1344313621521 6.2360372543335 6.30597615242004 6.38658201694489 6.43118786811829 6.4501268863678 6.38173270225525 6.13550508022308 5.85577750205994 5.88354992866516 5.98512482643127 6.17253828048706 6.30421113967896 6.42662465572357 -9999 -9999 -9999 5.9269278049469 5.98424887657166 -9999 6.54992294311523 7.00554537773132 7.20995259284973 7.32811224460602 7.39060521125793 7.43509864807129 7.45725858211517 7.49141848087311 7.45224475860596 7.42973804473877 7.45656454563141 7.49372434616089 7.49821734428406 7.47671055793762 7.49868261814117 7.53246700763702 7.60325181484222 7.56470274925232 7.49782073497772 7.48293840885162 7.46538949012756 7.45550727844238 7.43195855617523 7.42707622051239
-9999 -9999 -9999 -9999 5.7629714012146 6.04827010631561 6.18961656093597 6.20463025569916 6.27331006526947 6.38199055194855 6.43033719062805 6.41735053062439 6.32608342170715 6.15473628044128 6.25739073753357 6.37207078933716 6.46022915840149 6.51253163814545 6.45783448219299 6.23763728141785 -9999 5.93807601928711 6.02466428279877 6.04712605476379 -9999 -9999 6.52125644683838 6.98055922985077 7.25691735744476 7.36999690532684 7.39674341678619 7.4468230009079 7.45890271663666 7.47864937782288 7.51172912120819 7.5561420917511 7.54322183132172 7.54930150508881 7.53938150405884 7.49479460716248 7.46875405311584 7.51926028728485 7.48543286323547 7.44160544872284 7.45511209964752 7.47028493881226 7.49912393093109 7.47129690647125 7.46713650226593 7.52164220809937
-9999 -9999 -9999 5.06374990940094 5.48362720012665 5.94271492958069 6.17313575744629 6.24922335147858 6.26831150054932 6.28555834293365 6.24492406845093 6.20709252357483 6.0223286151886 6.10677719116211 6.42983722686768 6.62092459201813 6.69411063194275 6.69639539718628 6.54152297973633 -9999 6.22241508960724 6.21522068977356 6.30281758308411 6.22343528270721 -9999 -9999 6.58981251716614 7.0295729637146 7.26788187026978 7.37821471691132 7.42821431159973 7.48854744434357 7.51354718208313 7.53321349620819 7.55587995052338 7.5812132358551 7.58087921142578 7.59454596042633 7.56754553318024 7.47221171855927 7.37649238109589 7.34005331993103 7.25861442089081 7.24817538261414 7.29906988143921 7.34263110160828 7.42619180679321 7.46441996097565 7.45764768123627 7.46620869636536
-9999 -9999 -9999 5.00541663169861 5.42038643360138 5.84831237792969 6.09332144260406 6.21348345279694 6.18264544010162 5.95956921577454 5.72196924686432 5.90404343605042 6.05595982074738 6.22212159633636 6.44728398323059 6.61511242389679 6.69299268722534 6.73059248924255 6.60202515125275 6.30820143222809 6.41350162029266 6.72999024391174 6.81953155994415 6.67852258682251 6.46361196041107 -9999 6.67622554302216 7.06623613834381 7.29951286315918 7.41043257713318 7.48035216331482 7.52427208423615 7.55319166183472 7.5707780122757 7.58636403083801 7.59928369522095 7.59120357036591 7.5717898607254 7.53404307365417 7.44296276569366 7.34956359863281 7.29517984390259 7.29279577732086 7.344078540802 7.36036145687103 7.38631093502045 7.43192672729492 7.48054265975952 7.47349226474762 7.44177508354187
-9999 -9999 -9999 4.88702034950256 -9999 5.72841000556946 5.91148722171783 6.00767576694489 5.96219754219055 5.84183704853058 5.61074125766754 5.85240888595581 6.05220139026642 6.24251484870911 6.37632858753204 6.42885005474091 6.41213750839233 6.58144330978394 6.41514182090759 6.4596141576767 6.72713911533356 7.0069967508316 7.05518794059753 7.04737973213196 6.81923758983612 6.52468526363373 6.63162016868591 6.89578127861023 7.01702332496643 7.19725561141968 7.44282126426697 7.52938711643219 7.56761932373047 7.58485186100006 7.60041701793671 7.61698257923126 7.60288155078888 7.58078062534332 7.5490128993988 7.52057838439941 7.47819948196411 7.45720946788788 7.47621989250183 7.49456322193146 7.51590657234192 7.47191679477692 7.37026059627533 7.35193681716919 7.3916140794754 7.39670360088348
-9999 -9999 4.62791514396667 4.6549608707428 -9999 -9999 5.6423476934433 5.86588406562805 5.83900713920593 5.86205625534058 5.92613565921783 5.93605935573578 5.77630352973938 5.87601041793823 6.00832331180573 6.07669413089752 6.11991894245148 6.44467151165009 6.64466416835785 6.78151631355286 6.91449308395386 7.06788647174835 7.08394646644592 6.99300694465637 6.77028918266296 6.60887718200684 6.48895823955536 6.6486519575119 6.65741300582886 6.8801212310791 7.30362141132355 7.52689218521118 7.57582974433899 7.60710096359253 7.60937178134918 7.61797595024109 7.61924660205841 7.6171840429306 7.6111216545105 7.60505902767181 7.59939932823181 7.56914269924164 7.49655294418335 7.4622962474823 7.43603944778442 7.40579879283905 7.29015123844147 7.30654740333557 7.42134642601013 7.41142308712006
-9999 4.80085158348083 4.78749072551727 4.9245685338974 -9999 -9999 -9999 -9999 5.8797379732132 5.95407712459564 6.0100302696228 5.97443389892578 5.76443338394165 5.59755158424377 -9999 6.25476026535034 6.38065183162689 6.65906023979187 6.8669890165329 6.94458508491516 7.00551354885101 7.07110953330994 6.98970532417297 6.76649153232574 6.56278550624847 6.72971427440643 -9999 7.01635038852692 -9999 6.97586238384247 7.31242156028748 7.52773118019104 7.58637392520905 7.60068297386169 7.60065948963165 7.60630214214325 7.61061143875122 7.59492099285126 7.58823037147522 7.56787300109863 7.58526635169983 7.56396496295929 7.43442964553833 7.39452886581421 7.40258920192719 7.37814915180206 7.35745859146118 7.46126866340637 7.55674529075623 7.57555520534515
-9999 4.8873143196106 5.06580078601837 5.17711448669434 5.2791759967804 5.29796767234802 -9999 -9999 -9999 -9999 5.79285037517548 5.73599421977997 5.56992399692535 5.38913226127625 5.70792400836945 6.08138179779053 6.4973429441452 6.75247466564178 6.89827227592468 6.98340368270874 7.03886795043945 7.0859991312027 6.94612991809845 6.55792856216431 6.936847448349 7.15424335002899 7.29998826980591 7.3277862071991 7.18319237232208 7.1677258014679 7.38622200489044 7.54723644256592 7.63891768455505 7.64693236351013 7.66028046607971 7.62596201896667 7.58464300632477 7.56899130344391 7.56533920764923 7.59568727016449 7.58179926872253 7.56900930404663 7.52955222129822 7.52909553050995 7.56430518627167 7.56818163394928 7.53172469139099 7.54726791381836 7.54981124401093 7.54635453224182
-9999 4.87027490139008 5.08472514152527 5.27211689949036 5.36532258987427 5.46541237831116 5.54057145118713 5.65434205532074 5.74338960647583 5.81125712394714 5.71898579597473 5.70553398132324 5.44485950469971 5.49196314811707 -9999 5.80033719539642 6.2854038476944 6.68255543708801 6.91022253036499 7.01455545425415 7.0978889465332 7.2138888835907 7.2118889093399 7.17138910293579 7.28994965553284 7.45755553245544 7.50888872146606 7.46688878536224 7.32316553592682 7.13472318649292 7.26513314247131 7.51340842247009 7.66846179962158 7.70284831523895 7.67590129375458 7.61162149906158 7.55034148693085 7.47972798347473 7.490114569664 7.60350120067596 7.63433265686035 7.62894201278687 7.5945520401001 7.57082831859589 7.56577134132385 7.58471441268921 7.58865749835968 7.51260042190552 7.48320984840393 7.51881968975067
4.93616557121277 5.0000741481781 5.18664944171906 5.32189106941223 5.42805302143097 5.53280174732208 5.63455104827881 5.72096657752991 5.81404876708984 5.89513123035431 5.97421336174011 5.9114990234375 5.70660042762756 5.44868278503418 -9999 5.8342365026474 6.34576749801636 6.77496957778931 6.90350496768951 6.93470740318298 7.08590960502625 7.28877878189087 7.36264705657959 7.41384935379028 7.44038534164429 7.50958704948425 7.5451226234436 7.56432461738586 7.5527218580246 7.49006366729736 7.4928914308548 7.59391403198242 7.63633906841278 7.63876414299011 7.61885607242584 7.56861472129822 7.50937330722809 7.47979831695557 7.54255676269531 7.57198214530945 7.55219912528992 7.55054223537445 7.59055149555206 7.55956137180328 7.55390429496765 7.57824718952179 7.6015899181366 7.56459951400757 7.5302757024765 7.51728522777557
