data/spatiotemp/temp4/bio2_norsw_test_2015_2018.asc
NCOLS 654 
NROWS 380 
XLLCORNER 3.91666666666667 
YLLCORNER 55.3333333333333 
CELLSIZE 0.0416666666666667 
NODATA_value -9999 
[rows 242 to 263 of 380, columns 100 to 149 of 654]
6.73454439640045 6.7531863451004 6.32582867145538 6.46847057342529 6.86852788925171 6.84900009632111 6.70713889598846 6.78427767753601 7.05308318138123 7.02488875389099 7.31569457054138 7.62316679954529 7.91230547428131 7.49344432353973 7.4115834236145 7.83038890361786 8.02948796749115 8.08688044548035 8.06527328491211 8.1466658115387 8.24539184570312 8.79978466033936 8.91384387016296 8.53623652458191 8.84362888336182 8.94935512542725 8.64574766159058 8.2494740486145 8.11943078041077 8.20795273780823 8.40980768203735 8.33366274833679 8.19218444824219 8.13237297534943 8.26622796058655 8.17141628265381 7.98860430717468 7.73645949363708 7.61964797973633 7.54516959190369 7.39648044109344 7.35324656963348 7.54701292514801 7.67144572734833 7.76054513454437 7.57397794723511 7.67941093444824 7.63084387779236 7.50027668476105 7.52570986747742
7.13219165802002 7.04581570625305 6.81577277183533 6.80206298828125 6.87311887741089 7.26027309894562 6.77242743968964 6.66424834728241 6.54273593425751 6.64255714416504 6.76071119308472 7.46619892120361 7.6606867313385 7.5001745223999 7.62932860851288 7.80948293209076 8.21200180053711 8.13755166530609 8.30910158157349 8.46865129470825 8.23886799812317 8.07675135135651 8.65063452720642 8.99685096740723 8.67840075492859 8.51461720466614 8.89783382415771 8.6500506401062 8.42320203781128 8.36362195014954 8.18370842933655 7.99579524993896 7.94688212871552 8.20996856689453 8.39338874816895 8.40314245223999 8.0522289276123 7.98398232460022 7.94240260124207 7.93882250785828 7.87018942832947 7.93483662605286 7.99848425388336 7.92379820346832 7.93144571781158 7.92509305477142 7.92040705680847 7.89572107791901 7.50036859512329 7.41801595687866
6.81350600719452 7.08677816390991 6.89171695709229 6.9039888381958 7.03437650203705 7.25487959384918 7.53438258171082 7.22788560390472 7.34338879585266 7.27289199829102 7.2480616569519 7.48489797115326 7.90573441982269 7.75923764705658 7.26974081993103 7.58824372291565 8.17451572418213 7.95722270011902 7.91792976856232 8.28030371665955 8.32734370231628 8.26638436317444 8.2367582321167 8.34446501731873 8.74850559234619 8.79687929153442 8.90791964530945 9.08429336547852 8.98497271537781 8.71962451934814 8.19160962104797 7.9982613325119 7.93557977676392 8.1288982629776 8.31721663475037 8.57620143890381 8.58951997756958 8.17350506782532 8.03949022293091 7.95947515964508 7.87656533718109 7.85976052284241 7.9006222486496 7.84348428249359 7.82034611701965 7.77387464046478 7.86307013034821 8.04126501083374 7.95279347896576 7.71932232379913
6.83048689365387 6.965740442276 7.13932752609253 7.26691472530365 7.40296769142151 7.38048613071442 7.53467118740082 7.73785650730133 7.7087082862854 7.44222676753998 7.18641197681427 7.04193043708801 7.09611570835114 7.61896753311157 8.02515268325806 8.11133813858032 8.19336247444153 8.27622675895691 8.27242469787598 8.35128903388977 8.31248641014099 8.27735090255737 8.14554858207703 8.02541267871857 8.12094378471375 8.2411413192749 8.25100588798523 8.35420298576355 8.63807702064514 9.17096018791199 8.98117709159851 8.64972734451294 8.08427739143372 7.8588273525238 7.9103776216507 8.1219277381897 8.66681098937988 8.29102778434753 7.93757772445679 8.00979447364807 8.06060743331909 7.90068411827087 7.7957603931427 7.76516997814178 7.8369128704071 7.87265634536743 7.92339932918549 7.91047561168671 8.0688853263855 7.8612949848175
6.46880114078522 6.59936964511871 6.72860491275787 7.19850730895996 7.34889221191406 7.45642602443695 7.42929327487946 7.67716038227081 8.05502772331238 7.90156173706055 7.56942903995514 7.48196291923523 6.96883022785187 6.92003083229065 7.36589813232422 7.97409880161285 8.12054288387299 8.24123120307922 8.41258645057678 8.47227430343628 8.53162908554077 8.59331774711609 8.50067210197449 8.41769361495972 8.35938191413879 8.29940342903137 8.23575830459595 8.34711289405823 8.57418131828308 8.33962965011597 8.2750780582428 8.71552658081055 8.82730841636658 8.4227569103241 8.11253881454468 8.16965353488922 8.51243543624878 8.76155018806458 8.42166519165039 8.14644706249237 8.15931665897369 8.18194127082825 7.96556532382965 7.74552285671234 7.67781364917755 7.69677126407623 7.9310622215271 7.9753532409668 7.76931059360504 7.69326841831207
6.68444859981537 6.88099884986877 6.9518826007843 6.97476625442505 7.21248304843903 7.34203255176544 7.53224837779999 7.77179777622223 7.7480137348175 7.78322994709015 7.96044588088989 8.41499543190002 8.3545446395874 8.26009440422058 8.28697681427002 8.39185929298401 8.33239006996155 8.23190236091614 8.34374785423279 8.35025954246521 8.45243859291077 8.63928413391113 8.68312931060791 8.63330769538879 8.75448679924011 8.77399897575378 8.69884419441223 8.59702277183533 8.56528568267822 8.26029920578003 8.04997909069061 8.16999280452728 8.33200621604919 8.82435274124146 8.74436640739441 8.44671297073364 8.38705968856812 8.30573987960815 8.4580864906311 8.69076633453369 8.18169260025024 8.17919778823853 8.44437026977539 8.2372088432312 8.1900475025177 8.16388607025146 8.2293918132782 8.2205638885498 7.86306917667389 7.80090796947479
6.55109596252441 6.46162796020508 6.67116010189056 6.86969232559204 6.99774098396301 7.29063904285431 7.42320370674133 7.40743541717529 7.34866654872894 7.27023148536682 7.29179644584656 7.43836104869843 7.88525927066803 8.62049031257629 8.6310555934906 8.5399534702301 8.43657088279724 8.38224005699158 8.32124257087708 8.1125785112381 8.14391446113586 8.530916929245 8.77458643913269 8.84858894348145 8.84659171104431 8.6992609500885 8.45126342773438 8.25326585769653 8.08305644989014 8.13796842098236 8.18621373176575 8.21079158782959 8.36270380020142 8.4046151638031 8.6755268573761 8.97843861579895 8.35901737213135 8.14726221561432 8.02817404270172 8.32108592987061 8.38840198516846 8.12078833580017 8.05217468738556 8.05989468097687 7.95961451530457 7.9613344669342 8.04605460166931 8.19777417182922 8.29982733726501 8.07221400737762
6.88141000270844 6.61325716972351 6.51710438728333 6.54961836338043 6.718998670578 7.01657855510712 7.41249215602875 7.33707273006439 7.37031936645508 7.46689999103546 7.65481328964233 7.6990602016449 7.80964028835297 8.03922069072723 8.2984676361084 8.61638116836548 8.87708473205566 8.88091111183167 8.7334041595459 8.55923080444336 8.56005692481995 8.7775502204895 8.81571006774902 8.69586944580078 8.49302959442139 8.18218946456909 7.93034970760345 7.96484279632568 8.03049409389496 8.11963772773743 8.10178112983704 8.14159107208252 8.30906796455383 8.39321112632751 8.35768795013428 8.49416470527649 8.77330827713013 8.83411860466003 8.54992866516113 8.29507207870483 8.05244433879852 7.89537847042084 7.93664646148682 7.89891397953033 7.87284862995148 7.86578297615051 7.82505071163177 7.80598509311676 7.8242529630661 7.87952089309692
7.2378956079483 7.29805874824524 7.40222179889679 7.40538477897644 7.45083951950073 7.55958557128906 7.65333187580109 7.78741133213043 7.93082404136658 7.99457025527954 8.10198330879211 8.23006224632263 8.23747515678406 8.26755452156067 8.26763439178467 8.31671380996704 8.34761261940002 8.37966370582581 8.60504817962646 9.07809948921204 8.87181758880615 8.99286842346191 8.87725281715393 8.6499707698822 8.39402222633362 8.35707354545593 8.25945782661438 8.15684223175049 8.13819634914398 8.14618563652039 8.34484171867371 8.4918315410614 8.54615497589111 8.59247732162476 8.52146697044373 8.38145637512207 8.30677962303162 8.30776953697205 8.71575880050659 8.48508167266846 8.27681994438171 8.21997332572937 7.95112657546997 7.92161297798157 7.91343331336975 7.85225343704224 7.79307341575623 7.82022655010223 7.81504678726196 7.80453324317932
7.32655251026154 7.39736580848694 7.51317930221558 7.58632612228394 7.67893064022064 7.81365990638733 7.92272245883942 7.9494514465332 7.99251389503479 8.15324282646179 8.34397220611572 8.21303510665894 8.37609767913818 8.50615978240967 8.57622241973877 8.65295147895813 8.78382110595703 8.9831645488739 9.09017467498779 9.15518474578857 9.08319520950317 9.02887201309204 9.53921484947205 8.69389176368713 8.81823515892029 8.5199122428894 8.26092219352722 8.14059901237488 8.24582934379578 8.42527937889099 8.50939655303955 8.49451375007629 8.40363049507141 8.32208061218262 8.24453067779541 8.27598118782043 8.43143081665039 8.48621439933777 8.55899858474731 8.77878165245056 8.30052876472473 8.13257229328156 8.30761551856995 8.15832531452179 8.09870219230652 8.10274565219879 7.89712262153625 7.77483284473419 7.74620914459229 7.81258594989777
7.48420965671539 7.55167305469513 7.52280342578888 7.51193368434906 7.57135498523712 7.6787337064743 7.79011285305023 7.8918251991272 7.99453687667847 8.04058241844177 8.27596139907837 8.65967345237732 8.77838540077209 8.8037645816803 8.80881023406982 8.70352268218994 8.8346962928772 8.67699885368347 8.39530110359192 8.42160367965698 8.63290596008301 8.89654159545898 9.37951064109802 9.45247936248779 9.04178237915039 8.7210841178894 8.48471999168396 8.36435580253601 8.37946271896362 8.47503995895386 8.49128437042236 8.27052855491638 8.13077259063721 8.09701657295227 8.14826118946075 8.2161717414856 8.38874959945679 8.46666026115417 8.43890476226807 8.58248209953308 8.50390434265137 8.40017127990723 8.36177110671997 8.5107045173645 8.38763833045959 8.33357167243958 7.91850471496582 7.75877153873444 7.73470509052277 7.82230544090271
7.43786633014679 7.56464684009552 7.62009429931641 7.69154131412506 7.83444607257843 8.07047462463379 8.02117002010345 7.83953166007996 8.04556024074554 8.34292221069336 8.33795046806335 8.20597910881042 8.13900780677795 8.15736961364746 8.1733980178833 8.11409366130829 8.15523827075958 8.23283290863037 8.37109422683716 8.4970223903656 8.45561671257019 8.43754482269287 8.55813908576965 9.60706686973572 9.17532873153687 9.31692290306091 8.89651799201965 8.55611300468445 8.34909558296204 8.13980066776276 8.13683843612671 8.45487689971924 8.29724836349487 8.0552864074707 8.06399130821228 7.99702954292297 8.15473425388336 8.2447726726532 8.42747735977173 8.61884903907776 8.13594651222229 8.09543669223785 8.10226047039032 8.34808373451233 8.37924027442932 8.44906401634216 7.83888781070709 7.69737768173218 7.78286755084991 7.69335794448853
7.14919006824493 7.36762070655823 7.54105162620544 7.74314916133881 7.96453714370728 7.96454882621765 7.87456047534943 8.0315717458725 8.07891654968262 8.02826154232025 7.96260678768158 7.88495135307312 7.98462963104248 7.98597455024719 7.93531954288483 8.06233084201813 8.21344685554504 8.27833366394043 8.3302206993103 8.37310767173767 8.6693274974823 8.94921469688416 9.01710152626038 9.05365514755249 9.66687536239624 9.66642880439758 9.21064925193787 8.38120269775391 8.12806177139282 8.06689405441284 8.09405946731567 8.63022518157959 8.36372375488281 8.0158896446228 8.03705477714539 8.00022053718567 7.93138587474823 7.86521816253662 8.32371687889099 8.72488260269165 8.38065552711487 8.32736897468567 8.40208220481873 8.4407958984375 8.49850964546204 8.51622319221497 8.15427017211914 7.86798357963562 7.98103058338165 7.83041083812714
7.44718015193939 7.6139280796051 7.67634236812592 7.76175689697266 7.68062794208527 7.70795607566833 7.77561736106873 7.89861214160919 7.94093990325928 7.99460101127625 7.91726219654083 7.94792354106903 7.98258483409882 8.03657960891724 8.1175742149353 8.18656826019287 8.22765564918518 8.36283469200134 8.53668069839478 8.66419291496277 8.50070524215698 8.41255140304565 8.33939695358276 8.07390928268433 8.46408796310425 9.49193406105042 9.32644653320312 8.37362575531006 8.19702839851379 8.04732096195221 8.14494729042053 8.32524037361145 8.4651997089386 8.61149263381958 8.54111862182617 8.18007802963257 8.01070427894592 8.02399706840515 8.3402898311615 8.03224968910217 8.24936437606812 8.3269681930542 7.74790477752686 7.97550821304321 8.08844554424286 8.24071550369263 8.1453195810318 8.18958950042725 8.02919340133667 7.98113024234772
7.18817043304443 7.31956839561462 7.55263328552246 7.74236452579498 7.85071909427643 7.8230299949646 7.80367434024811 7.89631867408752 8.00862956047058 8.15760731697083 8.20291805267334 8.30089592933655 8.11720657348633 8.21785092353821 8.26416206359863 8.31213974952698 8.34453082084656 8.49500203132629 8.44214010238647 8.20761179924011 8.03474962711334 8.0412210226059 8.09702575206757 8.12749695777893 8.14763486385345 8.59610605239868 9.47824430465698 9.46204948425293 8.89832830429077 8.32541513442993 8.34183502197266 8.63592195510864 8.83767533302307 8.52742910385132 8.26084876060486 7.87493562698364 7.47902286052704 7.54710936546326 7.58152961730957 7.45361626148224 7.38640642166138 8.06123352050781 7.62639379501343 7.61822080612183 7.77571427822113 7.98920834064484 8.26636838912964 8.10986185073853 7.91335558891296 7.80951571464539
7.17149388790131 7.30320906639099 7.39359068870544 7.4786388874054 7.49414336681366 7.58010423183441 7.8057314157486 7.90669214725494 7.80731952190399 7.90927994251251 8.09690725803375 8.21953463554382 8.31649518013 8.28978943824768 8.19441676139832 8.4163773059845 8.51540613174438 8.52816963195801 8.44293308258057 8.08903014659882 7.94946038722992 7.91489088535309 7.80632078647614 7.8194180727005 8.13251495361328 8.30694508552551 8.74937558174133 8.30947208404541 9.00629472732544 9.37550854682922 9.23905611038208 9.34060382843018 9.43148446083069 9.21269845962524 8.45724606513977 8.31979370117188 8.50200748443604 8.3062219619751 8.0094358921051 7.8999832868576 7.99944877624512 8.11549937725067 8.20888304710388 7.96960008144379 7.88931667804718 7.90036725997925 8.12475085258484 8.15613448619843 7.9945182800293 7.94456875324249
7.328817486763 7.42851626873016 7.44088137149811 7.46191334724426 7.54190111160278 7.64917814731598 7.82712197303772 7.95039892196655 7.97934246063232 8.01328635215759 8.08089637756348 8.01417350769043 8.00811743736267 8.0733939409256 8.04867136478424 8.11228179931641 7.93961465358734 8.03267061710358 8.54972624778748 8.27444934844971 8.13317143917084 8.25789380073547 8.05561625957489 7.74433922767639 7.70306158065796 7.88911724090576 8.40583944320679 8.32856249809265 8.4935941696167 8.58560252189636 8.58927726745605 8.70795202255249 8.38296031951904 8.95196843147278 9.1636426448822 9.13831758499146 9.02965927124023 8.91700053215027 8.83834195137024 8.61001682281494 8.49749112129211 8.47309803962708 8.30603861808777 7.95797896385193 7.80091941356659 7.6248596906662 7.8771333694458 8.14007413387299 7.83068096637726 7.98695456981659
7.47714126110077 7.39982330799103 7.34183895587921 7.32852101325989 7.34632551670074 7.4429190158844 7.58517897129059 7.82377231121063 7.73703265190125 7.80329251289368 7.82388579845428 7.66947913169861 7.65207242965698 7.69299912452698 7.75225949287415 8.16151940822601 8.14182329177856 7.96350491046906 8.35085320472717 8.32486772537231 8.22121596336365 8.30889701843262 8.38957858085632 8.13092660903931 8.03094148635864 7.9289562702179 8.31863760948181 8.10898566246033 8.12889409065247 8.25969624519348 7.69783186912537 7.74696743488312 8.02910232543945 8.0652379989624 8.53803968429565 8.666508436203 9.0199773311615 8.85911297798157 8.4772481918335 8.43205070495605 8.27753305435181 8.55069732666016 8.4561939239502 8.30335783958435 8.08452165126801 7.69501900672913 7.73618268966675 8.05834639072418 7.81517684459686 7.70667397975922
7.20279800891876 7.2511305809021 7.27979648113251 7.2757955789566 7.38074994087219 7.51599287986755 7.62990272045135 7.73147904872894 7.87072229385376 7.94729864597321 8.22187495231628 7.90245127677917 7.54402768611908 7.4996041059494 7.63651382923126 7.92042350769043 8.10336542129517 8.68233895301819 8.2776460647583 8.13328635692596 8.4009268283844 8.54256701469421 8.53387403488159 8.23351454734802 8.0121545791626 8.04546201229095 8.41176891326904 8.44140934944153 8.27552723884583 8.09045648574829 7.85705280303955 7.41064882278442 7.50657820701599 7.76850771903992 8.11643695831299 8.22669959068298 8.60062909126282 8.91789150238037 8.42382121086121 8.62608408927917 8.50224208831787 8.44262957572937 8.65501618385315 8.5910701751709 8.34212422370911 8.28651142120361 8.04156494140625 7.91195213794708 7.95533931255341 7.99139332771301
7.06078839302063 7.16843771934509 7.19908738136292 7.19340312480927 7.20684123039246 7.36006700992584 7.35995984077454 7.29151928424835 7.43874537944794 7.61363804340363 7.56253087520599 8.0317565202713 8.1153165102005 8.11854267120361 8.27343511581421 8.57599472999573 8.72124075889587 8.82683968544006 8.96043920516968 8.8153715133667 8.76230406761169 9.07623696327209 8.71516942977905 8.56376886367798 8.34403443336487 8.19330048561096 8.08556628227234 8.51349925994873 8.91382718086243 8.47821688652039 8.52160692214966 8.30099701881409 7.76405382156372 7.40577733516693 7.6865006685257 8.38655734062195 8.73494720458984 8.83867073059082 8.5773937702179 8.3921172618866 8.70828461647034 8.59556150436401 8.49283862113953 8.46644949913025 8.57639336585999 8.28967046737671 8.19561433792114 7.98389160633087 7.95016872882843 8.05944585800171
7.07108652591705 7.1987783908844 7.16847014427185 7.23249554634094 7.1799453496933 7.25448632240295 7.34269416332245 7.39690172672272 7.37877643108368 7.55698394775391 7.57285845279694 7.51639950275421 7.60994040966034 7.67781519889832 7.69635629653931 7.74656403064728 7.94446611404419 8.35472989082336 8.36065983772278 8.14392340183258 7.97685360908508 8.88978362083435 9.08271408081055 8.62331032752991 8.60324096679688 8.43250441551208 8.30343461036682 8.43403148651123 8.6964066028595 8.82322692871094 9.39404726028442 8.98853421211243 8.50502109527588 8.27250838279724 8.02132868766785 8.1904821395874 9.03330230712891 8.63778924942017 8.40727615356445 8.44276332855225 8.71362829208374 8.66320466995239 8.65111446380615 8.53035759925842 8.57093358039856 8.42450952529907 8.28941965103149 8.11199545860291 8.04323875904083 7.9871484041214
7.02502608299255 7.18681919574738 7.15194571018219 7.10140550136566 7.06606256961823 7.10058391094208 7.16043877601624 7.24129378795624 7.25881505012512 7.35000312328339 7.28119122982025 7.28537929058075 7.30990076065063 7.19308888912201 7.2232768535614 7.25946485996246 7.48270881175995 7.64500868320465 7.8709751367569 7.97460794448853 7.83290803432465 8.83020758628845 8.93484091758728 8.43614077568054 8.82110714912415 8.52107357978821 8.34903979301453 8.28100657463074 8.16393280029297 8.24948668479919 8.93004012107849 9.38459396362305 8.94114756584167 8.79103422164917 8.67925429344177 8.81347441673279 9.03002834320068 8.52158141136169 8.49646806716919 8.73768854141235 8.75160765647888 8.61489176750183 8.41217660903931 8.0151275396347 8.09641206264496 8.20769643783569 8.01664757728577 7.98559844493866 8.02688312530518 7.97983407974243
