data/spatiotemp/temp4/bio2_norsw_test_2015_2018.asc
NCOLS 654 
NROWS 380 
XLLCORNER 3.91666666666667 
YLLCORNER 55.3333333333333 
CELLSIZE 0.0416666666666667 
NODATA_value -9999 
[rows 44 to 65 of 380, columns 500 to 549 of 654]
9.66351842880249 9.70313906669617 9.68009328842163 9.6523802280426 9.62333464622498 9.64295554161072 9.63624262809753 9.61553001403809 9.60448384284973 9.55577111244202 9.53172469139099 9.43767929077148 9.35113263130188 9.33775210380554 9.29237151145935 9.32132458686829 9.34127712249756 9.47389698028564 9.53818273544312 9.48080229759216 9.45575499534607 9.41737461090088 9.34699440002441 9.35828042030334 9.18413305282593 9.04455280303955 9.03430533409119 9.02372455596924 9.02181029319763 8.97789573669434 8.91331553459167 8.88873481750488 8.82282114028931 8.8039071559906 8.80199265480042 8.77441143989563 8.75079107284546 8.75379729270935 8.74613666534424 8.75180983543396 8.72948241233826 8.75748801231384 8.79582786560059 8.78316712379456 8.78950667381287 8.75717926025391 8.74985194206238 8.74352502822876 8.75731897354126 8.76023483276367
9.75838351249695 9.76745581626892 9.6765284538269 9.66860127449036 9.66434073448181 9.64308023452759 9.6368191242218 9.62522506713867 9.59396481513977 9.61703705787659 9.63244295120239 9.58718252182007 9.53829574584961 9.49544978141785 9.48793697357178 9.51242423057556 9.56257843971252 9.60406589508057 9.65021991729736 9.66137409210205 9.58152794837952 9.5030152797699 9.4368360042572 9.43132305145264 9.27049136161804 9.23667240142822 9.24785399436951 9.18570232391357 9.09021711349487 8.96673154830933 8.84291315078735 8.81676125526428 8.84327602386475 8.87479043006897 8.84263896942139 8.8284866809845 8.80090951919556 8.83190703392029 8.83490419387817 8.81190180778503 8.7635657787323 8.76156282424927 8.72289395332336 8.74689126014709 8.6828887462616 8.68421959877014 8.69688367843628 8.63488125801086 8.68935632705688 8.71397662162781
9.79992079734802 9.74138236045837 9.69917821884155 9.62930679321289 9.63810157775879 9.65223002433777 9.67802596092224 9.67082071304321 9.63061594963074 9.61641097068787 9.60820627212524 9.62600111961365 9.62781071662903 9.61996746063232 9.59445714950562 9.58461332321167 9.61943650245667 9.66192626953125 9.66308259963989 9.66957259178162 9.62539601325989 9.57055187225342 9.52104187011719 9.38786482810974 9.28436732292175 9.26454949378967 9.26073169708252 9.16591310501099 9.13442826271057 9.09027695655823 9.00379228591919 8.89697408676147 8.8791561126709 8.86833810806274 8.89352011680603 8.88103556632996 8.87415742874146 8.8862190246582 8.81894779205322 8.7070095539093 8.66207218170166 8.7474672794342 8.7325291633606 8.59825801849365 8.6413197517395 8.61504912376404 8.58911108970642 8.62150597572327 8.68302655220032 8.66867208480835
9.83513021469116 9.78125214576721 9.74270725250244 9.70382928848267 9.67461776733398 9.61307311058044 9.59819459915161 9.60698318481445 9.63310503959656 9.63456034660339 9.65968179702759 9.70113706588745 9.70767736434937 9.73497128486633 9.71826481819153 9.71289134025574 9.69718503952026 9.68314504623413 9.64910483360291 9.64106512069702 9.64469194412231 9.59265184402466 9.56261205673218 9.45890522003174 9.35342884063721 9.34184980392456 9.28893733024597 9.21169137954712 9.13111209869385 9.09186577796936 8.99528670310974 8.97870755195618 8.92679476737976 8.87854933738708 8.88530302047729 8.86239051818848 8.85986733436584 8.87806749343872 8.82093405723572 8.7624671459198 8.78933382034302 8.74486684799194 8.64040064811707 8.60993337631226 8.53480052947998 8.60966682434082 8.69720005989075 8.68206644058228 8.58199596405029 8.62532186508179
9.87967300415039 9.77812170982361 9.74023628234863 9.68435168266296 9.63613367080688 9.58691549301147 9.56269717216492 9.58414554595947 9.62526035308838 9.65704226493835 9.69915747642517 9.76493906974792 9.79687809944153 9.81030869483948 9.78673934936523 9.77650284767151 9.76826620101929 9.77069640159607 9.72446012496948 9.70689082145691 9.65598797798157 9.61441826820374 9.55218195915222 9.53461194038391 9.39649057388306 9.31648349761963 9.29714322090149 9.25213599205017 9.22246217727661 9.18078875541687 9.09711456298828 8.97177386283875 8.92176651954651 8.91975927352905 8.9110860824585 8.89841222763062 8.82724404335022 8.8272488117218 8.749920129776 8.79792451858521 8.71926236152649 8.69960021972656 8.64827156066895 8.61360931396484 8.58194756507874 8.6059513092041 8.57462310791016 8.54129433631897 8.53296589851379 8.54763841629028
9.87321639060974 9.80265784263611 9.73109936714172 9.63887453079224 9.62331628799438 9.64642429351807 9.64953279495239 9.63764071464539 9.65374970436096 9.69685792922974 9.73996615409851 9.78674077987671 9.80707883834839 9.80231285095215 9.807213306427 9.81478047370911 9.78768134117126 9.74891519546509 9.7538161277771 9.74271655082703 9.68761730194092 9.64351773262024 9.60408496856689 9.5486524105072 9.42688512802124 9.3327841758728 9.28434872627258 9.29991364479065 9.29581212997437 9.2283775806427 9.11427545547485 9.04184055328369 8.99107265472412 8.9443039894104 8.94386911392212 8.91110062599182 8.82195448875427 8.72409677505493 8.72323942184448 8.6867151260376 8.7311909198761 8.7519998550415 8.70080924034119 8.65728449821472 8.65809345245361 8.65356993675232 8.65337920188904 8.65952134132385 8.60626888275146 8.5369553565979
9.84675908088684 9.82152724266052 9.75562906265259 9.7333972454071 9.75083208084106 9.77926731109619 9.80770182609558 9.83213663101196 9.8352382183075 9.81267309188843 9.76277446746826 9.7268762588501 9.72694563865662 9.66865038871765 9.66502118110657 9.69372534751892 9.7454297542572 9.77246713638306 9.76517152786255 9.76120901107788 9.76091384887695 9.72928428649902 9.65332198143005 9.61535930633545 9.51061320304871 9.44375109672546 9.41155457496643 9.34469175338745 9.25416231155396 9.20063281059265 9.11043667793274 8.99724078178406 9.07037806510925 9.04951477050781 8.97931838035583 8.93578910827637 8.82733106613159 8.77661108970642 8.85189199447632 8.85750579833984 8.82511925697327 8.81739974021912 8.76968002319336 8.73229384422302 8.73490762710571 8.76552104949951 8.75213479995728 8.74474883079529 8.63723874092102 8.56360507011414
9.85163497924805 9.79039692878723 9.76215839385986 9.77158665657043 9.78568148612976 9.8161096572876 9.85387110710144 9.8569655418396 9.81172704696655 9.79015564918518 9.81124997138977 9.78001165390015 9.69747948646545 9.67998766899109 9.69549560546875 9.72967028617859 9.75351142883301 9.7613525390625 9.79052710533142 9.78670167922974 9.75187587738037 9.71405076980591 9.66722559928894 9.63373327255249 9.55834174156189 9.43471765518188 9.4117603302002 9.35280323028564 9.32751226425171 9.29122161865234 9.22859740257263 9.14164018630981 9.05934977531433 9.05439233779907 9.01676845550537 9.03247737884521 8.96770811080933 8.8974597454071 8.82987785339355 8.83629608154297 8.83304786682129 8.81879949569702 8.79588437080383 8.7866358757019 8.76338768005371 8.76780652999878 8.76489090919495 8.76564288139343 8.67720818519592 8.58025479316711
9.8471782207489 9.82226610183716 9.82502102851868 9.82477593421936 9.85286402702332 9.89661860466003 9.90304017066956 9.74179458618164 9.64488291740417 9.72663736343384 9.7880585193634 9.79348039627075 9.77234697341919 9.78465819358826 9.79863667488098 9.81628131866455 9.8172595500946 9.81590437889099 9.79854941368103 9.77886080741882 9.74983882904053 9.73248386383057 9.73079514503479 9.66943979263306 9.54406976699829 9.49968504905701 9.42229962348938 9.36091446876526 9.36586260795593 9.34714388847351 9.27675890922546 9.17470717430115 9.08365511894226 9.11360311508179 9.09388494491577 9.03816628456116 9.01141858100891 8.94130802154541 8.9061975479126 8.87342023849487 8.85664296150208 8.84753251075745 8.85975551605225 8.82431173324585 8.80486798286438 8.78575754165649 8.80698013305664 8.81153678894043 8.63717818260193 8.48590469360352
9.86238789558411 9.85046887397766 9.83655023574829 9.87963175773621 9.91637992858887 9.9407947063446 9.9152090549469 9.81562352180481 9.69970512390137 9.76945281028748 9.84886789321899 9.87394881248474 9.87921357154846 9.86832904815674 9.86744403839111 9.87189269065857 9.88700795173645 9.88512253761292 9.87590456008911 9.82902002334595 9.79913473129272 9.77225041389465 9.70703148841858 9.59448051452637 9.55379819869995 9.52331852912903 9.40550541877747 9.39269232749939 9.40454626083374 9.38373327255249 9.29158663749695 9.21310687065125 9.12262725830078 9.10748100280762 9.11600112915039 9.09585452079773 9.07279491424561 9.04448938369751 8.99818325042725 8.97521114349365 8.96790504455566 8.97259926795959 8.94995999336243 8.94932079315186 8.88468146324158 8.8713755607605 8.83373641967773 8.78643083572388 8.63581442832947 8.52355456352234
9.82393050193787 9.84400510787964 9.87974667549133 9.88515448570251 9.90889573097229 9.87730360031128 9.86037826538086 9.87378621101379 9.86819410324097 9.89160180091858 9.91367626190186 9.93475079536438 9.93674755096436 9.9433331489563 9.94091868400574 9.91583704948425 9.88742256164551 9.87600827217102 9.85226035118103 9.8218457698822 9.81176471710205 9.75201654434204 9.67360186576843 9.60885405540466 9.58352613449097 9.55261898040771 9.51237797737122 9.46813678741455 9.43622922897339 9.37965512275696 9.35508060455322 9.31184029579163 9.26293253898621 9.22702503204346 9.15578413009644 9.11120986938477 9.072505235672 9.07033753395081 9.02250289916992 8.97033476829529 8.9788339138031 8.98666548728943 8.95383048057556 8.85432982444763 8.82349514961243 8.7963273525238 8.78382563591003 8.75865769386292 8.65245079994202 8.50653791427612
9.79947376251221 9.83420825004578 9.85494256019592 9.86734366416931 9.85841178894043 9.85281252861023 9.87388062477112 9.9322817325592 9.95268297195435 9.9400839805603 9.90181851387024 9.91055274009705 9.8686146736145 9.84467053413391 9.83905911445618 9.83611536026001 9.81717109680176 9.79489350318909 9.776282787323 9.75267171859741 9.73106074333191 9.71078324317932 9.66950583457947 9.64489459991455 9.59325504302979 9.54225254058838 9.50391745567322 9.44691491127014 9.40191268920898 9.30557775497437 9.24390888214111 9.23190712928772 9.19757127761841 9.1825692653656 9.14123368263245 9.09389805793762 9.09321522712708 9.09685254096985 9.06715536117554 9.06379222869873 9.05409526824951 8.95906567573547 8.87670207023621 8.79300498962402 8.71197485923767 8.70427846908569 8.7685821056366 8.73521852493286 8.65775370597839 8.56418776512146
9.79568362236023 9.82207775115967 9.80747222900391 9.78620028495789 9.82126092910767 9.87998867034912 9.91438293457031 9.92677760124207 9.90983867645264 9.88723254203796 9.85462689399719 9.829021692276 9.81714844703674 9.83334112167358 9.82953381538391 9.80239343643188 9.77358627319336 9.77244544029236 9.76163792610168 9.739497423172 9.70935654640198 9.69021606445312 9.6374089717865 9.56626844406128 9.44198322296143 9.40421962738037 9.38212323188782 9.33402585983276 9.3025963306427 9.24650001525879 9.23773694038391 9.1879734992981 9.12720990180969 9.10511350631714 9.08934998512268 9.11958718299866 9.11559224128723 9.10070013999939 9.02680802345276 8.9675829410553 8.94735717773438 8.86813187599182 8.76290655136108 8.69068074226379 8.6557891368866 8.69156360626221 8.6946713924408 8.63977932929993 8.64272332191467 8.62083768844604
9.82089281082153 9.86994743347168 9.87500143051147 9.86572265625 9.85511016845703 9.84416460990906 9.86821866035461 9.87860655784607 9.90232706069946 9.85938167572021 9.71110272407532 9.76915717124939 9.8406822681427 9.85334539413452 9.82034158706665 9.73367118835449 9.70900058746338 9.78199744224548 9.80699324607849 9.77265667915344 9.67265295982361 9.50764918327332 9.45064544677734 9.4579746723175 9.38137769699097 9.37351989746094 9.38799548149109 9.30713748931885 9.31761312484741 9.34808874130249 9.3468976020813 9.25770664215088 9.17751550674438 9.13532400131226 9.17279982566833 9.19094181060791 9.14196920394897 9.04021501541138 8.95812749862671 8.90903949737549 8.91428589820862 8.90586447715759 8.8474440574646 8.72068977355957 8.66793608665466 8.61684823036194 8.58476066589355 8.60000658035278 8.5476930141449 8.55615401268005
9.80950331687927 9.8372642993927 9.83435869216919 9.86878633499146 9.88254714012146 9.83164191246033 9.85240292549133 9.88349723815918 9.90725803375244 9.82301902770996 9.70777988433838 9.80520749092102 9.85145020484924 9.85184097290039 9.76056504249573 9.69628930091858 9.75301361083984 9.82173800468445 9.79746222496033 9.73652005195618 9.64091062545776 9.56130146980286 9.51669239997864 9.51475024223328 9.49717426300049 9.40163087844849 9.35275411605835 9.36254405975342 9.28133368492126 9.32512426376343 9.36891388893127 9.31003761291504 9.17416095733643 9.14928460121155 9.14740753173828 9.12119770050049 9.0695538520813 9.07980942726135 9.07939839363098 9.01098704338074 8.99257588386536 8.93116474151611 8.81841993331909 8.72734212875366 8.65726447105408 8.58618640899658 8.57044196128845 8.56303071975708 8.51006245613098 8.40553784370422
9.76351404190063 9.79602861404419 9.84654331207275 9.8647243976593 9.85490560531616 9.81041955947876 9.84026789665222 9.87144875526428 9.88463020324707 9.77747774124146 9.76932525634766 9.8198401927948 9.85045218467712 9.83849501609802 9.72353863716125 9.71524786949158 9.75729155540466 9.7756679058075 9.75871109962463 9.70875382423401 9.6207971572876 9.56084012985229 9.55554986000061 9.49092578887939 9.44470453262329 9.39188480377197 9.34639811515808 9.33991241455078 9.3707594871521 9.33960604667664 9.23711943626404 9.17863345146179 9.18114733695984 9.16899418830872 9.14084100723267 9.13735461235046 9.14734601974487 9.17314982414246 9.12261986732483 9.01209020614624 8.98956036567688 8.87869739532471 8.79850077629089 8.66930413246155 8.63677430152893 8.65191125869751 8.61638140678406 8.59651827812195 8.53483200073242 8.4383225440979
9.75552535057068 9.79212665557861 9.80972743034363 9.83299541473389 9.81126379966736 9.79519844055176 9.79579949378967 9.84773421287537 9.87466883659363 9.8276035785675 9.80320477485657 9.83613896369934 9.85245442390442 9.80381608009338 9.71817803382874 9.70920658111572 9.74356865882874 9.74293065071106 9.72462606430054 9.69065475463867 9.61734986305237 9.58604526519775 9.52840733528137 9.47176909446716 9.47590208053589 9.45447278022766 9.38604283332825 9.26861381530762 9.1575174331665 9.20475459098816 9.25232529640198 9.25622916221619 9.25246644020081 9.20303678512573 9.12160754203796 9.09884452819824 9.10947227478027 9.0761570930481 8.98450899124146 8.94286012649536 8.91187882423401 8.79822993278503 8.68324780464172 8.63493323326111 8.68528437614441 8.66463613510132 8.62232136726379 8.55133938789368 8.47560143470764 8.47644090652466
9.76720309257507 9.74989080429077 9.75091242790222 9.75293350219727 9.78262186050415 9.79630970954895 9.7956645488739 9.82668614387512 9.842041015625 9.84072875976562 9.86041688919067 9.87510514259338 9.86512327194214 9.79113721847534 9.74648451805115 9.69649887084961 9.6938464641571 9.70786046981812 9.71220779418945 9.69622206687927 9.67590284347534 9.62858390808105 9.56359767913818 9.54661250114441 9.46043300628662 9.49139356613159 9.3816876411438 9.38264846801758 9.35527610778809 9.2602367401123 9.32086396217346 9.32549142837524 9.26678562164307 9.15774655342102 9.12804079055786 9.09700083732605 9.07193112373352 8.97816443443298 8.97339725494385 8.85496354103088 8.84319639205933 8.76709604263306 8.75866222381592 8.74356174468994 8.72312808036804 8.68202757835388 8.5649266242981 8.5158269405365 8.47803711891174 8.44255924224854
9.78321385383606 9.74198937416077 9.7167637348175 9.70087170600891 9.73664689064026 9.78475499153137 9.80352973937988 9.80697154998779 9.82641315460205 9.77418828010559 9.79129600524902 9.80540418624878 9.79379177093506 9.7751247882843 9.77279090881348 9.74679040908813 9.71279048919678 9.69045686721802 9.69312286376953 9.69645643234253 9.67112255096436 9.63712239265442 9.56145524978638 9.49512147903442 9.51863050460815 9.5349817276001 9.47599911689758 9.42534995079041 9.38436794281006 9.28238582611084 9.26606941223145 9.30208730697632 9.28277134895325 9.25178933143616 9.14647364616394 9.0548243522644 9.01405739784241 9.01550459861755 8.98028588294983 8.93840026855469 8.85451436042786 8.82862854003906 8.8090763092041 8.79552435874939 8.73597168922424 8.59208536148071 8.51820015907288 8.47198081016541 8.51213979721069 8.47367691993713
9.77989149093628 9.73841977119446 9.70928144454956 9.7104766368866 9.74233841896057 9.74453377723694 9.74239468574524 9.75092315673828 9.76278495788574 9.72764658927917 9.72217535972595 9.79270315170288 9.78912687301636 9.77411246299744 9.78043079376221 9.76541590690613 9.73940134048462 9.71971988677979 9.66937208175659 9.63869047164917 9.6470091342926 9.62832736968994 9.59931302070618 9.5552978515625 9.53782796859741 9.54723572731018 9.49264359474182 9.40338468551636 9.33045959472656 9.33186721801758 9.35394167900085 9.32001662254333 9.26109099388123 9.21416544914246 9.15490674972534 9.07298135757446 8.99351644515991 8.99251222610474 8.9815080165863 8.97150373458862 8.8751654624939 8.79916167259216 8.71915698051453 8.75015258789062 8.78514814376831 8.65914392471313 8.55747270584106 8.52980208396912 8.54490947723389 8.54412841796875
9.75590300559998 9.74651765823364 9.7434663772583 9.75074815750122 9.78669667243958 9.79031133651733 9.77926015853882 9.76787543296814 9.7171573638916 9.66243934631348 9.69672107696533 9.75066924095154 9.73312902450562 9.71776628494263 9.74773716926575 9.76237440109253 9.75967884063721 9.74831628799438 9.70962047576904 9.68159127235413 9.63189506530762 9.61319899559021 9.61317014694214 9.59047389030457 9.57735848426819 9.56649017333984 9.5419545173645 9.47008633613586 9.44988441467285 9.39834928512573 9.33114719390869 9.3229455947876 9.2730770111084 9.17454171180725 9.0793399810791 9.03847122192383 9.04997563362122 9.05218601226807 9.05106282234192 8.97660636901855 8.84848380088806 8.83936071395874 8.83923768997192 8.82378125190735 8.71265840530396 8.6102020740509 8.56041216850281 8.5046226978302 8.45401191711426 8.47724652290344
9.73524689674377 9.73128223419189 9.74398422241211 9.7720193862915 9.79838824272156 9.82142329216003 9.82045912742615 9.75716042518616 9.69086265563965 9.67489814758301 9.69593334197998 9.70730185508728 9.6931312084198 9.6894211769104 9.68737697601318 9.70199990272522 9.70262289047241 9.70257925987244 9.70820236206055 9.69582509994507 9.65311479568481 9.61173748970032 9.56336045265198 9.53898358345032 9.54522275924683 9.54141092300415 9.51493263244629 9.48645448684692 9.47897672653198 9.43049764633179 9.37868618965149 9.32020807266235 9.29472947120667 9.22858476638794 9.16610622406006 9.12329459190369 9.10343480110168 9.07719302177429 9.01161813735962 8.92070984840393 8.9224681854248 8.91589283943176 8.90131855010986 8.84707713127136 8.76983523368835 8.7005934715271 8.64968538284302 8.56144380569458 8.47478127479553 8.42703104019165
