data/spatiotemp/temp4/bio3_norsw_test_2015_2018.asc
NCOLS 654 
NROWS 380 
XLLCORNER 3.91666666666667 
YLLCORNER 55.3333333333333 
CELLSIZE 0.0416666666666667 
NODATA_value -9999 
[rows 242 to 263 of 380, columns 500 to 549 of 654]
25.1210618019104 25.0619974136353 25.0034112930298 25.1004672050476 25.1771774291992 25.1828308105469 25.1919150352478 24.8811955451965 24.3815178871155 24.1116971969604 24.1422238349915 24.1821851730347 24.0936903953552 23.8972716331482 23.6233515739441 23.343593120575 23.1747832298279 23.3077569007874 23.5553789138794 23.4404439926147 23.1783385276794 23.4407691955566 23.7410659790039 23.5565938949585 23.4338030815125 23.3560390472412 23.3495306968689 23.3186478614807 23.2544846534729 23.2225680351257 23.1928701400757 23.2246298789978 23.2462220191956 23.1821479797363 23.0838007926941 23.0805487632751 23.0471534729004 23.0297908782959 22.9591383934021 22.9751214981079 23.0182890892029 22.8729319572449 22.8833518028259 22.9584460258484 22.8246040344238 22.7324080467224 22.7400274276733 22.932689666748 23.0456433296204 23.0605792999268
25.0669655799866 24.9224781990051 24.9733824729919 25.131805896759 25.1806426048279 25.1998977661133 25.2296710014343 25.0883493423462 24.8260974884033 24.6322932243347 24.4893007278442 24.4392580986023 24.3600511550903 24.2257237434387 24.0783834457397 23.9502711296082 23.912157535553 23.8504900932312 23.8202815055847 23.6661124229431 23.4268217086792 23.6184453964233 23.9043083190918 23.7633814811707 23.6936831474304 23.6093282699585 23.526421546936 23.3657803535461 23.1317100524902 22.8652124404907 22.9567441940308 23.2681374549866 23.3175058364868 23.1438336372375 23.0957536697388 23.220184803009 23.3118853569031 23.3340878486633 23.1794123649597 22.9507417678833 22.7906255722046 22.5595245361328 22.5540232658386 22.9202470779419 23.2045140266418 23.2810487747192 23.347011089325 23.3875398635864 23.3674640655518 23.2649793624878
24.9376602172852 24.8962097167969 24.9233584403992 25.1358337402344 25.2232837677002 25.1900987625122 25.2001309394836 25.1579332351685 25.0172629356384 24.8565034866333 24.7474365234375 24.6234831809998 24.5075860023499 24.4682459831238 24.4322547912598 24.3834371566772 24.3550806045532 24.2940773963928 24.3289175033569 24.3624501228333 24.368622303009 24.4664807319641 24.4217925071716 24.1269211769104 23.7945437431335 23.51824426651 23.4338512420654 23.4404621124268 23.2691612243652 23.210738658905 23.333797454834 23.4004220962524 23.1339259147644 23.0889430046082 23.0867714881897 23.0550875663757 23.206395149231 23.330258846283 23.3409867286682 23.0958323478699 22.9323167800903 23.0207152366638 23.0333738327026 23.164071559906 23.3506946563721 23.345055103302 23.3901953697205 23.322078704834 23.2324247360229 23.0972671508789
25.1059536933899 25.0271635055542 24.9762907028198 25.0950245857239 25.2202749252319 25.2591624259949 25.1928563117981 25.136682510376 25.0479550361633 24.9252758026123 24.842945098877 24.7625827789307 24.6647725105286 24.6785001754761 24.6206159591675 24.5523657798767 24.497145652771 24.5217509269714 24.6582646369934 24.7243423461914 24.8497824668884 24.9267230033875 24.7563753128052 24.4863996505737 24.1817245483398 24.0046186447144 23.9004821777344 23.8592095375061 23.6799812316895 23.6864542961121 23.7481474876404 23.7045164108276 23.4953317642212 23.4684729576111 23.3462285995483 23.2245602607727 23.1884422302246 23.1669087409973 23.2352771759033 23.0700044631958 23.0231013298035 23.3950538635254 23.5243134498596 23.4873533248901 23.4749178886414 23.4533071517944 23.3323321342468 23.0038385391235 23.0032715797424 23.0109939575195
25.1906914710999 25.1560626029968 25.0466318130493 24.9323167800903 25.0149912834167 25.1256523132324 25.0985283851624 25.0565180778503 25.02525806427 24.9486627578735 24.927538394928 24.8224387168884 24.7652440071106 24.7440643310547 24.7198052406311 24.6896505355835 24.587685585022 24.5667414665222 24.6541800498962 24.7006912231445 24.8523440361023 24.9650263786316 24.9169626235962 24.7148299217224 24.4978756904602 24.3482918739319 24.2605838775635 24.2196159362793 24.1070017814636 24.0706658363342 24.0589962005615 24.0984058380127 24.1122155189514 24.0193390846252 23.858952999115 23.7547631263733 23.7018632888794 23.6302804946899 23.5245151519775 23.245087146759 23.1342601776123 23.447199344635 23.5674333572388 23.6317081451416 23.6829409599304 23.6485505104065 23.5168514251709 23.2219767570496 23.1750001907349 23.0785965919495
25.211245059967 25.1812019348145 25.1528496742249 25.0918173789978 25.0833659172058 25.0754451751709 24.9863867759705 25.0289516448975 25.072910785675 24.9988856315613 24.9201745986938 24.8158354759216 24.7436165809631 24.7600469589233 24.7668390274048 24.7323341369629 24.7034063339233 24.7149705886841 24.7516617774963 24.800817489624 24.8862471580505 24.9457931518555 24.8781085014343 24.6827545166016 24.5190110206604 24.4175486564636 24.3559575080872 24.3184680938721 24.2986097335815 24.2858486175537 24.3014521598816 24.351713180542 24.3436880111694 24.2798676490784 24.140202999115 24.0730428695679 24.0578474998474 24.0003290176392 23.8849000930786 23.7442102432251 23.6854953765869 23.7229270935059 23.7615504264832 23.8225183486938 23.8451504707336 23.8684544563293 23.8413105010986 23.7415418624878 23.659481048584 23.5068416595459
25.2222867012024 25.2158303260803 25.1849074363708 25.167603969574 25.1363949775696 25.0398111343384 24.9427146911621 25.0199513435364 25.1001038551331 25.0274529457092 24.9284257888794 24.8621244430542 24.8255968093872 24.8628835678101 24.8152275085449 24.7709465026855 24.8067045211792 24.8234844207764 24.795280456543 24.8265805244446 24.8096714019775 24.8051471710205 24.7259078025818 24.6068954467773 24.5093879699707 24.4431619644165 24.3994054794312 24.4185342788696 24.4488034248352 24.4688992500305 24.4819645881653 24.5156049728394 24.5221247673035 24.4147868156433 24.1801905632019 24.1044692993164 24.1778373718262 24.1807670593262 24.137017250061 24.1019940376282 24.1011505126953 24.0583357810974 24.0564475059509 24.0808043479919 24.0465512275696 23.9893698692322 24.0251970291138 24.000340461731 23.9334301948547 23.8582329750061
25.2643556594849 25.243839263916 25.2070622444153 25.1469573974609 25.135600566864 25.0833978652954 25.0355548858643 25.1127271652222 25.1457252502441 25.0463137626648 24.9631676673889 24.8869276046753 24.7958297729492 24.758584022522 24.7543444633484 24.7658762931824 24.6887836456299 24.6505675315857 24.7819623947144 24.8011536598206 24.6518034934998 24.6621990203857 24.694447517395 24.6780409812927 24.6389317512512 24.5900249481201 24.5481128692627 24.4989042282104 24.4774041175842 24.3841147422791 24.2950301170349 24.2873339653015 24.4071836471558 24.4555983543396 24.3474960327148 24.2661910057068 24.3078866004944 24.3081493377686 24.2027258872986 24.1715016365051 24.2303824424744 24.2323341369629 24.1962490081787 24.1666851043701 24.1332459449768 24.0835218429565 24.0895581245422 24.0744042396545 24.0501275062561 23.9238061904907
25.206871509552 25.1947474479675 25.1356515884399 25.01034116745 25.0399303436279 25.1326642036438 25.1286606788635 25.0737638473511 25.0464987754822 25.0061082839966 24.8580412864685 24.7257723808289 24.6967921257019 24.6156120300293 24.6831960678101 24.7166624069214 24.6473631858826 24.590802192688 24.7573261260986 24.8627338409424 24.7951717376709 24.7647666931152 24.8056387901306 24.7482171058655 24.7608909606934 24.6697340011597 24.5910611152649 24.5081968307495 24.4958868026733 24.3818612098694 24.2571339607239 24.3539576530457 24.4906659126282 24.6078495979309 24.6685471534729 24.5763430595398 24.4485626220703 24.3878674507141 24.2931990623474 24.2759447097778 24.2584090232849 24.245165348053 24.1926636695862 24.1444563865662 24.0996508598328 24.1005840301514 24.1265063285828 24.1172618865967 24.0807709693909 23.9782843589783
25.0492134094238 25.1295824050903 25.0704340934753 24.9258508682251 24.9971609115601 25.0261783599854 24.9075899124146 24.8332257270813 24.860785484314 24.8249273300171 24.6815371513367 24.5726084709167 24.6465425491333 24.6540222167969 24.7207570075989 24.7153511047363 24.7630743980408 24.8190994262695 24.902334690094 24.9826889038086 25.0353908538818 24.9992866516113 24.8878636360168 24.7629351615906 24.7085628509521 24.6554017066956 24.5604615211487 24.5532283782959 24.6362352371216 24.7173261642456 24.79212474823 24.8850812911987 24.8752503395081 24.8151211738586 24.8258266448975 24.8138599395752 24.651750087738 24.5338840484619 24.4526133537292 24.3962788581848 24.2690806388855 24.2327184677124 24.1159472465515 24.1527495384216 24.1156010627747 24.0494561195374 24.0392303466797 23.9778180122375 24.0045685768127 24.0172004699707
24.9961986541748 25.0979046821594 25.0793037414551 25.0418219566345 25.0218377113342 24.8391518592834 24.6951336860657 24.6551327705383 24.7376899719238 24.6965684890747 24.6053948402405 24.5836319923401 24.6016182899475 24.6677017211914 24.6905779838562 24.6751732826233 24.7250738143921 24.8507914543152 24.9339637756348 24.9749455451965 24.94313621521 24.8592762947083 24.8081622123718 24.787504196167 24.7450656890869 24.7099432945251 24.6150064468384 24.5828423500061 24.7542161941528 24.9089064598083 25.0063447952271 25.048996925354 24.9799637794495 24.9064836502075 24.9128088951111 24.9306559562683 24.7871131896973 24.6064448356628 24.4138402938843 24.3062539100647 24.267418384552 24.1990103721619 24.0259571075439 23.9849591255188 23.9730763435364 23.8943972587585 23.8459854125977 23.7482204437256 23.7224078178406 23.69429063797
25.0186758041382 25.0658011436462 25.0671663284302 25.0434942245483 24.9580855369568 24.8562393188477 24.7307906150818 24.6366558074951 24.60955286026 24.6076331138611 24.5224356651306 24.5297846794128 24.5706672668457 24.5338191986084 24.462944984436 24.5259222984314 24.6489496231079 24.7846007347107 24.9266271591187 24.9236159324646 24.8623495101929 24.8067507743835 24.8084859848022 24.8636555671692 24.8324975967407 24.7184591293335 24.715208530426 24.7548780441284 24.8903379440308 24.9303212165833 25.0046525001526 24.9869222640991 24.9031133651733 24.9363656044006 24.9517412185669 24.9012298583984 24.8011121749878 24.6146578788757 24.4312539100647 24.2689671516418 24.0866250991821 23.7908692359924 23.5435905456543 23.39794921875 23.5748329162598 23.6093654632568 23.5541906356812 23.4650511741638 23.3552370071411 23.2248544692993
24.7586150169373 24.9285440444946 24.9604005813599 24.8956274986267 24.859534740448 24.7873711585999 24.6572508811951 24.5845794677734 24.5166578292847 24.4894371032715 24.4323868751526 24.4453620910645 24.431565284729 24.3323950767517 24.1891307830811 24.3863878250122 24.5909819602966 24.7413854598999 24.835597038269 24.8230881690979 24.7737770080566 24.7543115615845 24.7586703300476 24.7759323120117 24.7635006904602 24.6926536560059 24.7556200027466 24.8664102554321 24.9351148605347 24.9787197113037 25.0001487731934 24.922354221344 24.6362385749817 24.7063083648682 24.8217477798462 24.7862515449524 24.5862865447998 24.4050717353821 24.2440133094788 24.1304869651794 23.9431853294373 23.6008453369141 23.066294670105 22.9405226707458 23.2183389663696 23.2969102859497 23.2445120811462 23.1024651527405 22.8913621902466 22.6628665924072
24.6189846992493 24.7396550178528 24.7796893119812 24.7248177528381 24.6613068580627 24.5806851387024 24.4605255126953 24.3920383453369 24.3438510894775 24.3270435333252 24.2887434959412 24.3282923698425 24.2936325073242 24.3005023002625 24.314058303833 24.4222745895386 24.5209732055664 24.6365056037903 24.78528881073 24.8062391281128 24.7777128219604 24.7627115249634 24.750853061676 24.8186812400818 24.8409996032715 24.8421483039856 24.8202180862427 24.891176700592 24.9201612472534 24.8916840553284 24.9152317047119 24.9078922271729 24.853280544281 24.8077955245972 24.7714805603027 24.664074420929 24.4744672775269 24.2280850410461 23.9322547912598 23.6969780921936 23.5377011299133 23.2494950294495 23.078959941864 23.0822434425354 23.047342300415 22.9964656829834 22.9075016975403 22.6491236686707 22.2754435539246 21.9123139381409
24.4091491699219 24.4886946678162 24.5008616447449 24.4455099105835 24.3984980583191 24.3248066902161 24.2504448890686 24.1354775428772 24.04425573349 24.0259895324707 23.9878168106079 23.9906411170959 24.0653853416443 24.1782441139221 24.2930612564087 24.3529257774353 24.407163143158 24.454897403717 24.6206283569336 24.7733206748962 24.8064565658569 24.8353548049927 24.9410004615784 24.9353151321411 24.7742609977722 24.7788820266724 24.8538956642151 24.9229984283447 24.8783802986145 24.7506594657898 24.7282433509827 24.7551331520081 24.6933755874634 24.650158405304 24.5865268707275 24.4021096229553 24.2129063606262 24.1169109344482 23.8862519264221 23.5581831932068 23.2115902900696 22.9122309684753 22.9001851081848 22.8059582710266 22.6073179244995 22.4685206413269 22.3013868331909 21.9603133201599 21.5253138542175 21.1302967071533
24.0908069610596 24.1382331848145 24.1869120597839 24.2535276412964 24.2396340370178 24.0224599838257 23.7870712280273 23.6819100379944 23.7342200279236 23.7617201805115 23.7584133148193 23.8042249679565 23.8933777809143 23.9757380485535 24.0623779296875 24.0915207862854 24.2609415054321 24.4530253410339 24.6054759025574 24.7140340805054 24.7877349853516 24.7690649032593 24.7545986175537 24.7854204177856 24.7629570960999 24.7528338432312 24.8377585411072 24.8531746864319 24.8236103057861 24.6259927749634 24.452766418457 24.4607305526733 24.2960467338562 24.2211909294128 24.1541132926941 23.9745287895203 23.8937993049622 23.7334051132202 23.5593700408936 23.2440986633301 22.7522916793823 -9999 22.5803437232971 21.9822907447815 21.8536567687988 21.629213809967 21.5554647445679 21.2225499153137 -9999 -9999
23.6484789848328 23.7724313735962 23.8530840873718 23.9411249160767 23.9979844093323 23.8969225883484 23.6721792221069 23.5552215576172 23.5499262809753 23.5578346252441 23.5272359848022 23.614896774292 23.7159514427185 23.7825765609741 23.8599395751953 23.9621534347534 24.2014765739441 24.4603476524353 24.5399541854858 24.6480059623718 24.7702288627625 24.8080282211304 24.6859126091003 24.6162548065186 24.5955657958984 24.6886310577393 24.5527219772339 24.5227098464966 24.6113390922546 24.5455622673035 24.2904095649719 23.9191226959229 23.6124114990234 23.7429099082947 23.6307420730591 23.5467581748962 23.3221273422241 23.1219267845154 23.0180568695068 22.5149164199829 22.0062975883484 21.7048783302307 21.6669425964355 21.4949073791504 21.5553774833679 -9999 20.8617081642151 20.5744547843933 -9999 -9999
23.2643094062805 23.3925795555115 23.5235157012939 23.6273603439331 23.7224912643433 23.6832547187805 23.4155583381653 23.260395526886 23.2388715744019 23.1470460891724 23.1237959861755 23.2257947921753 23.3897342681885 23.4854974746704 23.5766386985779 23.7576656341553 24.0223445892334 24.2690420150757 24.3513131141663 24.3795218467712 24.4380083084106 24.3904418945312 24.2785339355469 24.3843612670898 24.473494052887 24.5509634017944 24.4611196517944 24.236732006073 24.1300282478333 24.1607990264893 24.0495381355286 23.8627700805664 23.4883055686951 -9999 23.3222398757935 22.9886174201965 -9999 22.3654251098633 22.6595559120178 22.3058714866638 21.9769067764282 21.6234760284424 21.2610139846802 -9999 20.9955186843872 20.579963684082 -9999 20.6297240257263 19.142550945282 -9999
22.7350258827209 22.8368825912476 22.9785318374634 23.1040844917297 23.263587474823 23.2741055488586 23.0634746551514 22.9051246643066 22.7866201400757 22.6709337234497 22.6933841705322 22.81769323349 22.9961204528809 23.1223373413086 23.3302416801453 23.5535202026367 23.7569136619568 23.9691462516785 24.0281381607056 23.9363861083984 23.7853260040283 24.0361542701721 24.2853708267212 24.3574666976929 24.2903618812561 24.3263125419617 24.2404260635376 23.9184684753418 23.7588429450989 23.9014678001404 23.7952508926392 23.7029123306274 23.4631991386414 23.2196593284607 23.0527110099792 22.7708263397217 22.1545691490173 -9999 -9999 -9999 -9999 -9999 -9999 -9999 -9999 -9999 -9999 -9999 -9999 18.4916768074036
22.2819762229919 22.3483171463013 22.3572368621826 22.2908363342285 22.3338685035706 22.4668579101562 22.4383912086487 22.4380698204041 22.3330035209656 22.3240127563477 22.3839902877808 22.4593653678894 22.6055884361267 22.7781810760498 23.021336555481 23.193085193634 23.3672099113464 23.5578284263611 23.6915555000305 23.5403809547424 23.5495500564575 23.6141362190247 24.1188325881958 24.1332573890686 23.9241194725037 23.9783539772034 23.7090921401978 23.5709652900696 23.5742335319519 23.7743935585022 23.6201305389404 23.3811345100403 23.2868700027466 23.2136206626892 -9999 -9999 -9999 -9999 -9999 -9999 -9999 -9999 -9999 -9999 -9999 -9999 -9999 -9999 -9999 -9999
21.7926044464111 21.8217849731445 21.6792073249817 21.3852891921997 21.2904939651489 21.2495374679565 21.1724705696106 21.4768786430359 21.6941871643066 21.8369507789612 21.8978247642517 21.5190930366516 21.7324829101562 22.1188073158264 22.303318977356 22.9087743759155 22.8810634613037 23.0935845375061 22.9078574180603 -9999 23.4217510223389 23.4025902748108 23.3458371162415 -9999 23.5770325660706 23.3302183151245 23.312198638916 23.2463526725769 23.2207608222961 23.0749382972717 -9999 -9999 -9999 -9999 -9999 -9999 -9999 -9999 -9999 -9999 -9999 -9999 -9999 -9999 -9999 -9999 -9999 -9999 -9999 -9999
21.1054639816284 20.9423785209656 20.6254110336304 20.2255325317383 19.8231239318848 20.0517001152039 20.2848796844482 20.3040289878845 21.1048789024353 21.4688930511475 21.5820560455322 -9999 -9999 -9999 21.3863368034363 -9999 22.0968432426453 22.2427988052368 22.5060601234436 -9999 -9999 23.215669631958 -9999 -9999 -9999 23.2595496177673 23.2500228881836 -9999 -9999 -9999 -9999 -9999 -9999 -9999 -9999 -9999 -9999 -9999 -9999 -9999 -9999 -9999 -9999 -9999 -9999 -9999 -9999 -9999 -9999 -9999
