data/spatiotemp/temp4/bio3_norsw_test_2015_2018.asc
NCOLS 654 
NROWS 380 
XLLCORNER 3.91666666666667 
YLLCORNER 55.3333333333333 
CELLSIZE 0.0416666666666667 
NODATA_value -9999 
[rows 66 to 87 of 380, columns 250 to 299 of 654]
-9999 21.2258129119873 21.0167813301086 20.5921306610107 20.2453308105469 20.061173915863 20.0468921661377 19.7823610305786 19.6607155799866 19.925922870636 19.8991379737854 20.098210811615 20.4745311737061 20.448947429657 20.4170985221863 20.3495616912842 20.6426877975464 20.8686852455139 21.2157053947449 21.2469472885132 21.3020105361938 21.3957920074463 21.6429200172424 21.9130792617798 22.4954690933228 22.6292853355408 22.1959528923035 22.2048797607422 22.2234792709351 21.7654075622559 21.7519841194153 22.0470285415649 22.1453900337219 22.4707102775574 22.7830929756165 22.8433933258057 23.2578325271606 22.9957823753357 22.6647639274597 22.8310794830322 -9999 23.5702896118164 23.4059658050537 22.93416929245 22.5640602111816 22.4294509887695 -9999 -9999 22.4531908035278 22.064582824707
21.1165480613708 20.9002084732056 20.5421876907349 20.2599592208862 19.9559473991394 19.5708794593811 19.5463399887085 19.4749360084534 19.3897252082825 19.504873752594 19.7583045959473 20.0556983947754 19.8319392204285 19.826014995575 19.9116683006287 20.2239742279053 20.8727540969849 20.9081473350525 20.8676266670227 20.9372596740723 21.121949672699 21.5828981399536 21.7499685287476 22.6012706756592 22.6733975410461 22.6672081947327 22.5862550735474 22.4614672660828 22.6030302047729 22.4656867980957 22.3648586273193 22.3765630722046 22.6223797798157 22.8501887321472 -9999 -9999 -9999 -9999 -9999 -9999 -9999 23.8198385238647 23.3312726020813 23.215922832489 23.2774648666382 22.8312664031982 23.43763256073 23.0553674697876 22.3141570091248 21.9060654640198
20.8744215965271 20.2994790077209 19.9062581062317 19.6694021224976 19.3606100082397 19.0978102684021 18.9490189552307 18.8332805633545 18.9116616249084 19.3096132278442 20.0235590934753 19.3682613372803 19.273325920105 19.497287273407 19.9065971374512 20.6966886520386 20.8879671096802 20.9765000343323 21.025417804718 21.1071457862854 21.4898977279663 -9999 22.3421592712402 22.8244948387146 22.6469917297363 -9999 -9999 -9999 -9999 23.0747394561768 23.0254945755005 22.9982175827026 -9999 -9999 -9999 -9999 -9999 -9999 -9999 -9999 -9999 -9999 -9999 23.2923040390015 22.9427337646484 22.3870506286621 22.1999545097351 22.2292575836182 22.2390398979187 22.1722264289856
20.2235608100891 19.9004626274109 19.7428736686707 19.6082820892334 19.0981183052063 19.2333173751831 18.6486191749573 18.517716884613 18.830774307251 19.1760811805725 19.3844518661499 19.6543669700623 19.6100935935974 19.5888962745667 19.8257069587708 20.8151617050171 20.8332352638245 20.9352836608887 21.1752562522888 -9999 -9999 -9999 -9999 23.0216288566589 -9999 -9999 -9999 24.0406880378723 -9999 23.5384974479675 -9999 -9999 -9999 -9999 -9999 -9999 -9999 -9999 23.7982635498047 23.2255506515503 22.8678903579712 22.9160304069519 -9999 23.7411923408508 23.1752128601074 22.5106244087219 22.2195429801941 22.2096076011658 22.2545719146729 22.2689175605774
20.1142902374268 19.9030890464783 19.2802896499634 18.9994068145752 18.7233605384827 18.7170085906982 18.7640008926392 18.8114938735962 -9999 19.6510863304138 19.5152788162231 19.840639591217 19.8074193000793 19.4560928344727 -9999 -9999 -9999 -9999 -9999 -9999 -9999 -9999 -9999 -9999 -9999 -9999 -9999 -9999 -9999 -9999 -9999 -9999 -9999 -9999 -9999 -9999 -9999 -9999 23.3385910987854 22.7538962364197 22.6442766189575 22.8337435722351 22.9870719909668 -9999 23.4926495552063 23.2608575820923 23.0053873062134 22.8946118354797 22.8290538787842 22.4757680892944
20.1207284927368 19.9998078346252 20.0870985984802 19.9218153953552 -9999 -9999 -9999 -9999 18.5897130966187 19.0569620132446 19.1483159065247 -9999 -9999 -9999 -9999 -9999 -9999 -9999 -9999 -9999 -9999 -9999 -9999 -9999 -9999 -9999 -9999 -9999 -9999 -9999 23.4262385368347 23.3680820465088 23.1516366004944 23.3226637840271 23.7627348899841 -9999 23.3221263885498 23.0643339157104 22.5913662910461 22.3891553878784 22.4876794815063 22.6279792785645 22.8080940246582 23.0162110328674 -9999 -9999 -9999 23.0871572494507 23.3735146522522 22.9149804115295
-9999 -9999 -9999 -9999 -9999 -9999 -9999 -9999 18.774670124054 18.7316164970398 -9999 -9999 -9999 -9999 -9999 -9999 -9999 -9999 -9999 -9999 -9999 -9999 -9999 -9999 -9999 22.5600051879883 22.5670781135559 22.7230129241943 22.8460865020752 22.8290767669678 22.8045725822449 22.8401379585266 22.913722038269 23.157356262207 23.2959432601929 23.4243001937866 -9999 23.1184272766113 22.687427520752 22.4160919189453 22.2632884979248 22.3616237640381 22.7083721160889 23.0322265625 -9999 -9999 23.4315371513367 23.2810926437378 22.8528523445129 22.7919201850891
-9999 -9999 -9999 -9999 -9999 -9999 -9999 -9999 -9999 -9999 -9999 -9999 -9999 -9999 -9999 -9999 -9999 -9999 -9999 -9999 -9999 -9999 -9999 -9999 22.054310798645 22.0466613769531 21.917760848999 22.2343859672546 22.5432529449463 22.5001749992371 22.5240941047668 22.5574245452881 22.6283226013184 22.7655577659607 22.6594829559326 22.6934838294983 22.6422262191772 22.3901371955872 22.2874631881714 22.2099394798279 22.2233905792236 22.3382406234741 22.8304901123047 -9999 -9999 23.0881781578064 23.011456489563 23.28724193573 23.1380805969238 22.9787702560425
-9999 -9999 -9999 -9999 -9999 -9999 -9999 -9999 -9999 -9999 -9999 -9999 -9999 -9999 -9999 -9999 -9999 -9999 -9999 -9999 -9999 -9999 22.0762195587158 22.0481238365173 21.8649368286133 22.0327091217041 22.2892498970032 22.4764580726624 22.5058498382568 22.5803484916687 22.6149535179138 22.6392340660095 22.47252368927 22.4645915031433 22.5966019630432 22.5425124168396 22.2762064933777 22.1448860168457 22.2607140541077 22.3576145172119 22.4593501091003 22.6717252731323 23.0021033287048 23.5628957748413 23.6266956329346 23.2043175697327 22.7596702575684 22.9564208984375 23.3643727302551 22.9816741943359
-9999 -9999 -9999 -9999 -9999 -9999 -9999 -9999 -9999 -9999 -9999 -9999 -9999 -9999 -9999 -9999 -9999 -9999 22.2396378517151 -9999 22.0827431678772 21.9398102760315 22.0575428009033 22.3690423965454 22.36115026474 22.4061183929443 22.5239300727844 22.824188709259 22.6259660720825 22.5539908409119 22.6414604187012 22.6023960113525 22.8030004501343 22.9708757400513 22.9233574867249 22.7069854736328 22.5148892402649 22.4508199691772 22.4014420509338 22.4016108512878 22.4697923660278 22.5259475708008 22.7425193786621 22.9087553024292 23.3824033737183 23.5845518112183 23.4488081932068 23.5900874137878 23.3853120803833 23.265645980835
-9999 -9999 -9999 -9999 -9999 -9999 -9999 -9999 -9999 -9999 -9999 -9999 -9999 -9999 -9999 21.2638111114502 21.2567534446716 21.300359249115 21.5486936569214 21.8974590301514 22.092972278595 21.9817852973938 22.2654628753662 22.7251534461975 -9999 22.6816992759705 22.875551700592 22.8846983909607 22.7868328094482 22.8136858940125 22.8255376815796 22.9086318016052 23.0986886024475 22.2890539169312 22.5796003341675 23.0490646362305 22.9982838630676 22.7266654968262 22.5576663017273 22.3829975128174 22.3111267089844 22.3604836463928 22.4163527488708 22.5103659629822 22.781786441803 23.1240334510803 23.7425899505615 23.2612934112549 23.1405344009399 22.8427443504333
-9999 -9999 -9999 -9999 -9999 -9999 -9999 -9999 -9999 -9999 20.7110290527344 -9999 20.8645167350769 -9999 21.1604552268982 21.2604775428772 21.1279587745667 21.1074061393738 21.2237672805786 21.4120020866394 21.6558122634888 22.0017676353455 22.3781480789185 22.8529810905457 -9999 -9999 22.3924684524536 22.2606883049011 22.2334156036377 22.3397073745728 22.1284217834473 22.0889439582825 22.0653262138367 21.658061504364 21.6167678833008 22.1085743904114 22.6800150871277 22.6505312919617 22.2628970146179 22.1638760566711 22.1184058189392 22.1375336647034 22.1930480003357 22.3200707435608 22.56502866745 23.0570502281189 22.9634404182434 22.5618963241577 22.3189291954041 22.6102242469788
-9999 -9999 -9999 -9999 -9999 -9999 -9999 -9999 -9999 -9999 -9999 20.8558568954468 20.7970271110535 20.8216075897217 20.8709292411804 20.872022151947 20.8056797981262 20.9169278144836 21.1411652565002 21.347514629364 21.5568299293518 21.9071369171143 21.741837978363 21.744743347168 21.8667063713074 21.9102416038513 21.7801861763 21.8369393348694 21.8622055053711 21.565628528595 21.4444222450256 21.7728853225708 21.6463332176208 21.5258340835571 21.5756063461304 21.8471660614014 22.2741866111755 22.2199716567993 22.0188264846802 21.9608006477356 21.8591198921204 21.8373560905457 21.9762325286865 22.067018032074 22.5368814468384 22.5046219825745 23.0106840133667 22.8558125495911 22.4109678268433 22.2011590003967
-9999 -9999 -9999 -9999 -9999 -9999 -9999 -9999 -9999 -9999 20.7405877113342 20.7488527297974 20.6992015838623 20.7207293510437 20.6952638626099 20.6446490287781 20.6419739723206 20.7864723205566 21.0908141136169 21.2949070930481 21.4373250007629 21.492537021637 21.3306818008423 21.2769966125488 21.5620527267456 22.038140296936 22.0011315345764 21.871190071106 21.7323617935181 21.5902218818665 21.6535177230835 21.6940608024597 21.4367203712463 21.2987151145935 21.6085696220398 21.9785528182983 22.0283155441284 22.1031541824341 22.1689953804016 22.2975115776062 22.0392208099365 21.8427333831787 21.922905921936 21.8746500015259 22.0771985054016 22.0720200538635 22.2624287605286 22.3411922454834 22.4834394454956 22.9144020080566
-9999 -9999 -9999 -9999 -9999 -9999 -9999 21.0067019462585 21.0657396316528 20.7636413574219 20.8572359085083 20.8410720825195 20.7931356430054 20.9152269363403 20.936749458313 20.90274477005 20.8571529388428 20.9804215431213 21.1474828720093 21.1921124458313 21.2062139511108 21.1493821144104 21.3295059204102 21.4471273422241 21.705509185791 22.0924773216248 22.3053035736084 22.2183918952942 21.8977518081665 21.4884972572327 21.4984073638916 21.7868595123291 21.8485617637634 21.8911051750183 22.043824672699 22.0613312721252 21.9298524856567 21.838728427887 22.1630592346191 22.2722449302673 22.0758423805237 22.0876150131226 21.9352602958679 21.998553276062 22.0404491424561 21.9330863952637 21.8609852790833 21.928530216217 22.0471453666687 22.3280339241028
-9999 -9999 -9999 -9999 -9999 -9999 -9999 -9999 -9999 -9999 21.1610851287842 21.1692266464233 21.0749411582947 21.1624155044556 21.1187715530396 21.2962956428528 21.4197678565979 21.3860840797424 21.4035129547119 21.3999342918396 21.4224328994751 21.3482747077942 21.4389157295227 21.6779909133911 -9999 -9999 22.451295375824 22.3208513259888 22.2550625801086 22.2453203201294 22.2872681617737 22.0726308822632 22.0385046005249 22.1086750030518 22.1519770622253 21.8863368034363 21.6242890357971 21.8478631973267 22.0098991394043 22.1111855506897 22.2233572006226 22.2469048500061 22.0477566719055 22.0596628189087 21.7129201889038 21.8693776130676 21.8579759597778 21.8907823562622 21.8408675193787 21.8567471504211
-9999 -9999 -9999 -9999 -9999 21.5817937850952 21.5929927825928 -9999 -9999 21.4007635116577 21.472987651825 21.470977306366 21.4375424385071 21.2965569496155 21.1644067764282 21.0756931304932 21.1241960525513 21.2125539779663 21.3252921104431 21.5900511741638 21.7256155014038 -9999 22.1944818496704 21.9322285652161 21.9714984893799 22.4152841567993 22.5046973228455 22.2753143310547 21.9916133880615 22.0383138656616 21.8904256820679 21.8868398666382 22.0419702529907 22.0372414588928 22.47443151474 22.387095451355 22.2594618797302 22.1712207794189 22.0960841178894 21.9743609428406 22.1602830886841 22.0622153282166 21.9014143943787 21.9480662345886 22.0640358924866 22.0903754234314 22.0010685920715 21.7742285728455 21.6609063148499 21.6985912322998
-9999 -9999 -9999 -9999 -9999 -9999 -9999 -9999 -9999 21.8307700157166 21.8126926422119 21.6395769119263 21.8343305587769 21.6681985855103 20.9349808692932 20.7469115257263 21.1665802001953 21.3013963699341 21.4135179519653 -9999 -9999 -9999 22.0984263420105 21.9536242485046 21.7709536552429 21.8086190223694 21.9808588027954 22.0019879341125 21.6696004867554 21.7011981010437 21.5957255363464 21.5961790084839 21.600790977478 21.6404256820679 22.1006546020508 22.325026512146 22.2832045555115 22.1192765235901 22.0798935890198 22.0895447731018 22.1008310317993 22.0959882736206 22.0277733802795 22.1266198158264 22.2373390197754 22.1385817527771 21.769579410553 21.6904020309448 21.7481818199158 21.7887921333313
-9999 -9999 -9999 -9999 -9999 -9999 -9999 -9999 -9999 -9999 21.7542662620544 21.7915878295898 21.8116159439087 22.2079529762268 22.3287572860718 22.2967462539673 22.2704262733459 22.3445515632629 22.4637179374695 -9999 22.8825678825378 22.5133094787598 22.13951587677 21.9134039878845 21.7756237983704 21.7580733299255 21.7582879066467 21.7628927230835 21.5951523780823 21.5903086662292 21.5672264099121 21.5650329589844 21.7447690963745 21.932231426239 22.1232204437256 22.0435109138489 22.1667857170105 22.3641710281372 22.446741104126 22.4418077468872 22.3223352432251 22.1366319656372 22.0237126350403 21.9672250747681 22.1088485717773 22.0604224205017 21.9836249351501 21.9106049537659 21.7340135574341 21.6786518096924
-9999 -9999 -9999 -9999 -9999 -9999 -9999 23.1641283035278 23.1917538642883 22.57257604599 -9999 -9999 -9999 -9999 -9999 -9999 21.857316493988 21.9832873344421 22.1551103591919 22.8357510566711 23.0071911811829 22.9354944229126 22.2340860366821 21.7780051231384 21.8328375816345 22.0102481842041 22.0914907455444 21.7926745414734 21.6360015869141 21.5937638282776 21.707507610321 21.7627892494202 22.0652956962585 22.3789596557617 22.4134421348572 22.3931255340576 22.4281706809998 22.434654712677 22.4800429344177 22.5170693397522 22.3693232536316 22.3002691268921 22.3561387062073 22.3797574043274 22.2907433509827 22.2211146354675 22.135151386261 22.0247473716736 21.9930572509766 21.9600687026978
-9999 -9999 -9999 -9999 -9999 -9999 -9999 22.9104561805725 22.8642625808716 -9999 -9999 -9999 21.9643411636353 21.6616535186768 21.4395303726196 21.5767483711243 21.7689971923828 21.9434947967529 22.0573697090149 22.1979660987854 -9999 22.489607334137 22.372284412384 21.9752955436707 21.8845572471619 22.1021046638489 22.2037553787231 22.1336779594421 22.1402530670166 22.1577935218811 22.2811288833618 22.3779926300049 22.3409600257874 22.4346833229065 22.3336024284363 22.1573748588562 22.0456700325012 22.1872529983521 22.3614344596863 22.3357157707214 22.2178521156311 22.1116256713867 22.0632500648499 22.0698862075806 22.061939239502 22.0226330757141 21.8543553352356 21.8418807983398 21.9588584899902 22.0173935890198
-9999 -9999 -9999 -9999 -9999 -9999 23.186957359314 -9999 -9999 21.991810798645 21.8719191551208 21.8303785324097 21.6408448219299 21.5478129386902 21.5908050537109 21.6026954650879 21.6893172264099 21.7265105247498 21.6458511352539 21.812150478363 22.1540927886963 22.5043416023254 22.6699876785278 22.9900131225586 23.0912590026855 22.9542918205261 22.7126302719116 22.7443180084229 22.8528995513916 22.7364430427551 22.5750374794006 22.2800631523132 22.0144515037537 21.870105266571 21.8358912467957 21.8632526397705 21.9216389656067 21.9557814598083 22.0597329139709 22.2116031646729 22.3434581756592 22.3323278427124 22.2524313926697 22.1416888237 22.0954351425171 22.1611695289612 22.0058283805847 21.9701104164124 22.1341624259949 22.2740058898926
