data/spatiotemp/temp4/bio3_norsw_test_2015_2018.asc
NCOLS 654 
NROWS 380 
XLLCORNER 3.91666666666667 
YLLCORNER 55.3333333333333 
CELLSIZE 0.0416666666666667 
NODATA_value -9999 
[rows 44 to 65 of 380, columns 600 to 649 of 654]
21.5547595024109 21.4720139503479 21.3735933303833 21.3146305084229 21.284481048584 21.2400789260864 21.128674030304 21.0686950683594 20.9582805633545 20.8258638381958 20.7753486633301 20.6740822792053 20.5961093902588 20.5141496658325 20.4584269523621 20.4489555358887 20.3112573623657 20.3155980110168 20.3784093856812 20.4000210762024 20.3585829734802 20.2462577819824 20.2246174812317 20.2587418556213 20.2491965293884 20.2387790679932 20.1334218978882 20.0678253173828 20.0277771949768 20.0458474159241 19.99041223526 19.922975063324 19.894567489624 19.8059978485107 19.7792444229126 19.7325592041016 19.7205276489258 19.6526122093201 19.7104902267456 19.7025661468506 19.6808533668518 19.7181549072266 19.782301902771 19.7484602928162 19.853581905365 20.1460604667664 20.2517070770264 20.2762441635132 20.3327097892761 20.3845372200012
21.8727803230286 21.7646813392639 21.6597728729248 21.5423383712769 21.4622693061829 21.3739418983459 21.2191214561462 21.0829405784607 20.9328927993774 20.8203773498535 20.826220035553 20.8145084381104 20.6915926933289 20.5191116333008 20.5241665840149 20.6476693153381 20.4871182441711 20.3811097145081 20.3805551528931 20.3033347129822 20.4145693778992 20.4379367828369 20.4234623908997 20.3331789970398 20.2262697219849 20.0570554733276 19.9663443565369 19.960693359375 20.0410370826721 20.0506672859192 19.9925112724304 19.94362449646 19.8817529678345 19.8343858718872 19.7919821739197 19.7676501274109 19.7418055534363 19.7274713516235 19.8056879043579 19.8060102462769 19.8128514289856 19.7652077674866 19.8804707527161 19.947892665863 19.9248995780945 19.9872751235962 19.928213596344 20.1344132423401 20.3968524932861 20.4998712539673
22.1314921379089 21.9688506126404 21.8527641296387 21.8085246086121 21.6962070465088 21.5200653076172 21.2940192222595 21.0718851089478 20.885977268219 20.877881526947 20.8165326118469 20.7732572555542 20.6790099143982 20.6737003326416 20.7610015869141 20.7895321846008 20.6780242919922 20.5255694389343 20.4432640075684 20.2894415855408 20.1837468147278 20.1623253822327 20.2044224739075 20.1686511039734 20.1023306846619 19.963161945343 19.8709502220154 19.8742804527283 19.9069375991821 19.9121499061584 19.8563160896301 19.8475575447083 19.9510402679443 19.9305067062378 19.9349155426025 19.942714214325 19.9126868247986 19.8802804946899 19.9026498794556 19.9231343269348 19.9141025543213 19.8499178886414 19.8687262535095 19.9215240478516 19.9203677177429 19.9679808616638 20.1076183319092 20.2689914703369 20.3951382637024 20.3864092826843
22.1767354011536 22.0490732192993 21.9496173858643 21.8752655982971 21.7785401344299 21.6431698799133 21.4471726417542 21.2778720855713 21.1073746681213 21.0326151847839 21.01531457901 20.8641304969788 20.8093328475952 20.7977800369263 20.7708339691162 20.7348275184631 20.6010212898254 20.4260988235474 20.3382534980774 20.2435746192932 20.1135754585266 20.0788908004761 20.0316495895386 19.9848408699036 19.9624085426331 20.0105361938477 19.9737071990967 19.9439511299133 19.8861570358276 19.8826842308044 19.8235349655151 19.8899393081665 19.9966993331909 19.9906120300293 20.010241985321 20.0254125595093 19.9600372314453 20.0082173347473 20.0250639915466 20.0001163482666 19.9622921943665 19.9162335395813 19.9521088600159 20.0097517967224 20.0081515312195 20.0436382293701 20.1686997413635 20.330500125885 20.3902225494385 20.4320044517517
22.1240167617798 22.0479173660278 22.004008769989 21.9510793685913 21.819531917572 21.7007741928101 21.5530533790588 21.4190511703491 21.2519626617432 21.1497364044189 21.0757322311401 20.9633932113647 20.9000306129456 20.7692823410034 20.6760234832764 20.6229839324951 20.5298914909363 20.4292187690735 20.3582801818848 20.2544674873352 20.1924781799316 20.1445426940918 20.0681939125061 19.9066963195801 19.8625354766846 19.9632692337036 19.9877018928528 19.9667448997498 19.9282836914062 19.894944190979 19.9050750732422 19.944197177887 20.017026424408 20.0304255485535 20.0748991966248 20.0635004043579 20.0341572761536 20.0639238357544 20.0427536964417 20.0116429328918 20.0217571258545 20.0146555900574 19.952422618866 19.9937272071838 20.087474822998 20.1285123825073 20.1895999908447 20.3745360374451 20.4674925804138 20.5014991760254
22.1230616569519 22.0880899429321 22.0673489570618 22.038330078125 21.9453887939453 21.7380700111389 21.5751943588257 21.4299192428589 21.3852138519287 21.2530455589294 21.1369233131409 21.0924463272095 21.058753490448 20.93581199646 20.8145313262939 20.7223601341248 20.6265759468079 20.4957518577576 20.3948030471802 20.3080105781555 20.2640700340271 20.2185635566711 20.1619162559509 20.0243239402771 19.9678826332092 19.9621686935425 19.9761729240417 19.9502034187317 19.9326934814453 19.95161485672 19.9722471237183 19.968647480011 19.9812712669373 20.0306663513184 20.0217328071594 19.9809331893921 19.940821647644 19.9401936531067 19.9962449073792 20.0624256134033 20.0678873062134 20.06622838974 20.055522441864 20.068567276001 20.1663026809692 20.1995754241943 20.2015895843506 20.3412733078003 20.4282517433167 20.4687266349792
22.398540019989 22.2842001914978 22.1513080596924 22.0550050735474 21.9401106834412 21.8004555702209 21.646644115448 21.5507526397705 21.3929486274719 21.2722034454346 21.1813397407532 21.070424079895 20.9892420768738 20.8631734848022 20.7274355888367 20.6533169746399 20.5899176597595 20.4962096214294 20.4007596969604 20.3316750526428 20.2659878730774 20.2335505485535 20.2125787734985 20.0652089118958 19.9454379081726 19.8801255226135 19.947452545166 19.9792265892029 20.0294737815857 20.0222859382629 19.9640822410583 19.9740853309631 20.0647559165955 20.1052703857422 20.0945057868958 19.9677481651306 19.8915462493896 19.9270482063293 19.9705500602722 20.066680431366 20.107843875885 20.1261096000671 20.1415224075317 20.1925520896912 20.2604794502258 20.2129716873169 20.3075737953186 20.3948435783386 20.4146771430969 20.4765954017639
22.4759612083435 22.3050756454468 22.220564365387 22.1176319122314 21.9773316383362 21.871190071106 21.7224550247192 21.5874662399292 21.4433488845825 21.3378558158875 21.2198987007141 21.0594658851624 20.9134302139282 20.7729215621948 20.6957836151123 20.6308107376099 20.5290389060974 20.4443783760071 20.3794717788696 20.3521509170532 20.358380317688 20.275514125824 20.224992275238 20.1441235542297 20.0862679481506 19.9571623802185 19.8988471031189 19.8655438423157 19.9655499458313 20.020366191864 20.0068802833557 20.0164823532104 20.0840644836426 20.1168804168701 20.0933589935303 20.0410709381104 20.0176811218262 20.0271654129028 20.0322704315186 20.0953841209412 20.1330080032349 20.1516695022583 20.1697244644165 20.2105784416199 20.3097758293152 20.3037300109863 20.3600087165833 20.4428429603577 20.4890513420105 20.5627880096436
22.5411677360535 22.4580411911011 22.3608117103577 22.1853866577148 22.0047144889832 21.8893723487854 21.7608032226562 21.590473651886 21.4413404464722 21.3530306816101 21.2378149032593 21.0787687301636 20.898446559906 20.7469863891602 20.6415109634399 20.5695295333862 20.4988608360291 20.360933303833 20.2678709030151 20.27210521698 20.2650766372681 20.246063709259 20.2353982925415 20.1899976730347 20.1228742599487 20.0731043815613 20.0070261955261 19.9889273643494 19.9691181182861 19.9355049133301 19.9892373085022 20.0930814743042 20.1435618400574 20.1065897941589 20.1059708595276 20.0947937965393 20.0826048851013 20.0967817306519 20.1615557670593 20.2327995300293 20.300365447998 20.2928700447083 20.3260107040405 20.3441848754883 20.295024394989 20.397602558136 20.5288376808167 20.5153026580811 20.5999989509583 20.6304669380188
22.6469979286194 22.5527944564819 22.3093729019165 22.1335959434509 21.9878587722778 21.8399591445923 21.7261471748352 21.5923552513123 21.4952502250671 21.3664712905884 21.2295169830322 21.0765399932861 20.9774527549744 20.8362445831299 20.7027535438538 20.585569858551 20.4149451255798 20.304958820343 20.3099722862244 20.3640055656433 20.3395171165466 20.3157739639282 20.2497777938843 20.2158555984497 20.147846698761 20.1116075515747 20.0600471496582 20.0252680778503 20.0078349113464 20.0277433395386 20.1172957420349 20.2538433074951 20.2664937973022 20.2031145095825 20.1908783912659 20.1186332702637 20.0107822418213 20.0254673957825 20.1292066574097 20.1753931045532 20.2139711380005 20.2487092018127 20.2965579032898 20.3197813034058 20.3501515388489 20.4456148147583 20.5409297943115 20.6347670555115 20.6329717636108 20.6898989677429
22.6264319419861 22.4891324043274 22.2663087844849 22.0591225624084 21.9052901268005 21.79745054245 21.7038407325745 21.6422276496887 21.5063695907593 21.3556065559387 21.2015557289124 21.0606408119202 21.0328922271729 20.8807954788208 20.779972076416 20.6412134170532 20.5502896308899 20.4434161186218 20.3847594261169 20.3267984390259 20.2466340065002 20.2144536972046 20.1927094459534 20.1712355613708 20.1651916503906 20.149941444397 20.0539541244507 20.0454754829407 20.0753755569458 20.1468234062195 20.2698979377747 20.3116793632507 20.3136863708496 20.2792015075684 20.239324092865 20.1250014305115 20.07524061203 20.0392217636108 20.0825934410095 20.1416478157043 20.2056589126587 20.2311296463013 20.3006463050842 20.3960528373718 20.4190812110901 20.5559344291687 20.6528420448303 20.6242270469666 20.6502766609192 20.7295098304749
22.5204811096191 22.3531250953674 22.1493105888367 22.0507612228394 21.91996717453 21.7549228668213 21.6497383117676 21.578441619873 21.4315843582153 21.2697672843933 21.1241188049316 21.0419249534607 20.9687695503235 20.8713531494141 20.7890782356262 20.7102680206299 20.640727519989 20.4946599006653 20.2984371185303 20.1360650062561 20.060450553894 20.1289772987366 20.1716065406799 20.1778655052185 20.2425465583801 20.1665625572205 20.1055388450623 20.1195125579834 20.1943798065186 20.1572241783142 20.1689581871033 20.1506857872009 20.2791829109192 20.2791357040405 20.1972713470459 20.2562484741211 20.2195057868958 20.2435078620911 20.2282981872559 20.3447365760803 20.334698677063 20.3795385360718 20.4616956710815 20.5885109901428 20.6938433647156 20.7268271446228 20.721969127655 20.7255363464355 20.7710652351379 20.7464804649353
22.3598794937134 22.3093109130859 22.1887254714966 22.0733432769775 21.8942799568176 21.7035851478577 21.6117978096008 21.4693417549133 21.3640704154968 21.2592325210571 21.1202621459961 20.9828977584839 20.8746795654297 20.7208971977234 20.6473660469055 20.5809597969055 20.5272946357727 20.4923272132874 20.3831353187561 20.2192211151123 20.1945147514343 20.274178981781 20.2892260551453 20.2602210044861 20.2511219978333 20.1631712913513 20.1665859222412 20.1722059249878 20.1419177055359 20.2817153930664 20.288450717926 20.2328314781189 20.1945767402649 20.1974358558655 20.2427167892456 20.3183660507202 20.4046015739441 20.4789381027222 20.4641132354736 20.4416861534119 20.395721912384 20.5204300880432 20.63507604599 20.8206577301025 20.8943877220154 20.87153673172 20.8290638923645 20.8454155921936 20.7939825057983 20.7678642272949
22.263382434845 22.215717792511 22.1624698638916 22.0651612281799 21.9856715202332 21.8057146072388 21.6395173072815 21.5396404266357 21.4267635345459 21.3081822395325 21.2053418159485 21.0788245201111 20.9213857650757 20.7302222251892 20.6411657333374 20.5830173492432 20.5699663162231 20.5339531898499 20.4876418113708 20.3942933082581 20.3119630813599 20.3240523338318 20.2558813095093 20.2273960113525 20.190185546875 20.1636271476746 20.2078075408936 20.2244625091553 20.1917519569397 20.2692379951477 20.2915434837341 20.2538509368896 20.243136882782 20.2287154197693 20.2124733924866 20.284200668335 20.4567151069641 20.4930663108826 20.4837012290955 20.4909138679504 20.4953379631042 20.5333657264709 20.6856875419617 20.8773121833801 20.9622368812561 20.9192562103271 20.8260879516602 20.8573098182678 20.9049277305603 20.9543747901917
22.1116771697998 22.0649724006653 22.1052484512329 21.9523987770081 21.9872536659241 21.9640808105469 21.7050652503967 21.4882988929749 21.4558997154236 21.3641057014465 21.199444770813 21.0789623260498 21.0115270614624 20.8088040351868 20.7919030189514 20.8485956192017 20.7188420295715 20.5283107757568 20.4605402946472 20.4298820495605 20.3423266410828 20.4407277107239 20.3901619911194 20.2972784042358 20.3492221832275 20.3840489387512 20.3909020423889 20.3508896827698 20.383508682251 20.2453193664551 20.1787576675415 20.2400350570679 20.3057112693787 20.2904415130615 20.2031593322754 20.2035574913025 20.3033051490784 20.4311833381653 20.4238271713257 20.4094395637512 20.398871421814 20.4994697570801 20.6296052932739 20.7233004570007 20.8119626045227 20.7637991905212 20.7403593063354 20.8322458267212 20.98876953125 21.0508394241333
22.1036510467529 21.9982175827026 22.0287728309631 21.9085783958435 21.8952164649963 21.9259119033813 21.7149834632874 21.4446802139282 21.3608288764954 21.2940893173218 21.1883516311646 21.1087069511414 21.1166887283325 20.9943284988403 20.8795199394226 20.7957787513733 20.755708694458 20.742045879364 20.5969700813293 20.554835319519 20.5357460975647 20.5284156799316 20.4351735115051 20.3431692123413 20.3378853797913 20.458860874176 20.3468923568726 20.4042644500732 20.3867826461792 20.3732347488403 20.32301902771 20.3409671783447 20.3454942703247 20.3368630409241 20.3067092895508 20.2352252006531 20.2736887931824 20.3729076385498 20.4418301582336 20.4349765777588 20.4326686859131 20.5390281677246 20.6121339797974 20.6205811500549 20.6177144050598 20.6110620498657 20.6355562210083 20.8120908737183 21.0066556930542 21.0476064682007
22.126115322113 21.9519033432007 21.899188041687 21.8432931900024 21.7909908294678 21.7779450416565 21.5573439598083 21.4638857841492 21.3473677635193 21.2534580230713 21.1986780166626 21.1470489501953 21.1051392555237 21.0157680511475 20.9030547142029 20.8203525543213 20.792929649353 20.7721371650696 20.6918892860413 20.6290011405945 20.6215467453003 20.5335474014282 20.4683232307434 20.4762034416199 20.495924949646 20.536431312561 20.5291714668274 20.4757952690125 20.507550239563 20.5097951889038 20.522584438324 20.4536147117615 20.4286828041077 20.450300693512 20.5535273551941 20.5494117736816 20.4977388381958 20.54572057724 20.6217446327209 20.6657943725586 20.7459421157837 20.7679352760315 20.8859233856201 20.8646726608276 20.7120170593262 20.6622905731201 20.7747793197632 20.8484601974487 20.8597207069397 20.869393825531
22.0875735282898 22.0255017280579 21.9303164482117 21.8741345405579 21.7665390968323 21.674506187439 21.5135078430176 21.5619854927063 21.3606848716736 21.2680377960205 21.1428666114807 21.121111869812 21.0682697296143 21.0461406707764 21.0134243965149 20.8956499099731 20.8204922676086 20.7245650291443 20.7201547622681 20.7334518432617 20.5488886833191 20.5075659751892 20.4745163917542 20.4862413406372 20.5563230514526 20.5852599143982 20.5112037658691 20.456494808197 20.4986696243286 20.5966320037842 20.6552929878235 20.6195487976074 20.54811668396 20.5731816291809 20.6348657608032 20.6499924659729 20.6734294891357 20.6352252960205 20.6952605247498 20.767237663269 20.8244476318359 20.8968362808228 20.9875421524048 20.9099640846252 20.7695074081421 20.793562412262 21.0746493339539 21.123589515686 21.0695848464966 21.0539455413818
22.0602054595947 22.063099861145 21.9312648773193 21.8581743240356 21.7434158325195 21.6146903038025 21.5506477355957 21.5489020347595 21.4676523208618 21.3156175613403 21.2312593460083 21.1138863563538 21.087543964386 21.0784087181091 20.9887499809265 20.8165397644043 20.6417198181152 20.6075944900513 20.5887813568115 20.6081376075745 20.5876436233521 20.4071407318115 20.4020004272461 20.4825401306152 20.5313711166382 20.3896026611328 20.3338589668274 20.442319393158 20.4503226280212 20.3338470458984 20.2935409545898 20.4049348831177 20.4177718162537 20.5152149200439 20.5466494560242 20.5430126190186 20.662148475647 20.6898984909058 20.7199940681458 20.696928024292 20.8493995666504 21.0046305656433 20.9404625892639 20.8570313453674 20.9253950119019 21.0364580154419 21.1252012252808 21.1283869743347 21.2702407836914 21.3032956123352
22.051739692688 22.0871424674988 22.1117691993713 21.9874496459961 21.8206706047058 21.6816415786743 21.6494808197021 21.5311665534973 21.4149627685547 21.2926979064941 21.0984354019165 21.089391708374 21.0826272964478 20.9930992126465 20.8519597053528 20.7351822853088 20.674961566925 20.6966242790222 20.677704334259 20.5411286354065 20.4693832397461 20.3554396629333 20.4206104278564 20.4478416442871 20.4368414878845 20.4006214141846 20.285918712616 20.2395548820496 20.1176786422729 20.0376834869385 20.2965173721313 20.5874786376953 20.5874276161194 20.492612361908 20.6156153678894 20.6349220275879 20.6629371643066 20.6707854270935 20.5636014938354 20.6003413200378 20.7742338180542 20.8551640510559 20.916736125946 20.9006361961365 20.9428634643555 21.0441994667053 21.2226915359497 21.2903637886047 21.4601974487305 21.4741325378418
22.0755553245544 21.9720034599304 22.0101447105408 21.9696283340454 21.863685131073 21.7322473526001 21.4761242866516 21.4177737236023 21.3548622131348 21.2962822914124 21.2288136482239 21.1572041511536 20.9911556243896 20.9196772575378 20.8147931098938 20.6126337051392 20.6154003143311 20.6059670448303 20.523238658905 20.3882522583008 20.395845413208 20.4131078720093 20.4646019935608 20.3601970672607 20.2860836982727 20.0562114715576 19.8702120780945 19.7710838317871 20.1476130485535 20.1148338317871 20.2697858810425 20.5091729164124 20.4759078025818 20.511429309845 20.4636540412903 20.476535320282 20.485417842865 20.6404671669006 20.5618872642517 20.5988841056824 20.8421912193298 20.8191356658936 20.583466053009 20.8800201416016 21.2112889289856 21.368143081665 21.4009261131287 21.4642486572266 21.4768214225769 21.4540367126465
22.0363574028015 22.0114583969116 21.9120435714722 21.8555302619934 21.670880317688 21.6650977134705 21.6493878364563 21.5712814331055 21.4342575073242 21.3078470230103 21.1901421546936 20.9854407310486 20.8671402931213 20.7274374961853 20.5537447929382 20.494873046875 20.53235912323 20.4975790977478 20.450439453125 20.3505029678345 20.3581829071045 20.3481254577637 20.1074528694153 19.9314002990723 19.8455333709717 19.915018081665 20.1420292854309 20.2136454582214 20.3196091651917 20.064923286438 20.2154788970947 20.1982145309448 20.0538840293884 20.2235989570618 20.2609491348267 20.4512810707092 20.5816121101379 20.6491317749023 20.6677703857422 20.6452231407166 20.7497277259827 20.7033610343933 20.6228814125061 20.8881969451904 21.0051498413086 21.1054759025574 21.2117357254028 21.2432117462158 21.4451894760132 21.5021333694458
