data/spatiotemp/temp4/bio3_norsw_test_2015_2018.asc
NCOLS 654 
NROWS 380 
XLLCORNER 3.91666666666667 
YLLCORNER 55.3333333333333 
CELLSIZE 0.0416666666666667 
NODATA_value -9999 
[rows 154 to 175 of 380, columns 300 to 349 of 654]
25.3971743583679 25.2935562133789 25.1943435668945 25.2304396629333 25.2239856719971 25.1652359962463 25.1422281265259 25.1644802093506 25.1117601394653 25.0654654502869 24.9818782806396 24.959620475769 24.9554643630981 24.9338269233704 24.7866725921631 24.6476483345032 24.5462622642517 24.5451774597168 24.6485152244568 24.6733794212341 24.6193337440491 24.4784750938416 24.3370084762573 24.3240036964417 24.2755446434021 24.1528820991516 24.2315564155579 24.4674801826477 24.5837121009827 24.4890756607056 24.2754211425781 24.3065299987793 24.3467493057251 24.4327778816223 24.2001447677612 24.1603579521179 24.2415943145752 24.2281770706177 24.1946420669556 24.0729427337646 23.933274269104 23.9322662353516 24.0654449462891 24.1075201034546 24.1264324188232 24.1624050140381 24.1540102958679 24.1360483169556 24.2364358901978 24.360577583313
25.4984130859375 25.4473376274109 25.355682849884 25.3251900672913 25.2302846908569 25.0676069259644 25.074921131134 25.1038455963135 25.1449737548828 25.0737476348877 25.0069527626038 24.9948053359985 24.9825510978699 24.9217019081116 24.8248448371887 24.7944598197937 24.7905325889587 24.7415652275085 24.6705231666565 24.660083770752 24.5412354469299 24.462543964386 24.3321623802185 24.2513046264648 24.1004347801208 23.877525806427 23.8262534141541 24.0294675827026 24.2138891220093 24.3600854873657 24.4525279998779 24.3695020675659 24.2076134681702 24.2101497650146 24.2495121955872 24.122175693512 24.0661759376526 24.044243812561 24.0127267837524 23.9392619132996 23.9229736328125 24.0464582443237 24.1928095817566 24.0233359336853 24.112566947937 24.1006469726562 24.0828566551208 24.2755508422852 24.3361129760742 24.3689861297607
25.5711727142334 25.4734072685242 25.374810218811 25.2357053756714 25.0682544708252 25.015061378479 25.1154284477234 25.1401104927063 25.1859550476074 25.0361337661743 25.0295848846436 24.9759020805359 24.9217519760132 24.8744764328003 24.7641129493713 24.6984887123108 24.7821664810181 24.6875114440918 24.552312374115 24.5117058753967 24.5297112464905 24.4008526802063 24.3023452758789 24.1975154876709 24.0687909126282 23.9417252540588 23.8485565185547 23.8394050598145 23.9939517974854 24.0975565910339 24.2029089927673 24.2177457809448 24.0521140098572 23.7927484512329 23.9434542655945 23.9590373039246 23.8950581550598 23.8733477592468 23.8564620018005 23.8188376426697 23.8345522880554 24.026349067688 24.1542973518372 24.1310935020447 24.1363759040833 24.0683569908142 24.0915498733521 24.2708821296692 24.4620823860168 24.5295166969299
25.8340435028076 25.7088007926941 25.5641641616821 25.3801584243774 25.1521530151367 25.0717124938965 25.2067370414734 25.1723070144653 25.1604042053223 25.0987410545349 25.1012582778931 24.992938041687 24.885395526886 24.8093428611755 24.6516556739807 24.6318354606628 24.6287140846252 24.5672488212585 24.4893083572388 24.4708156585693 24.4201192855835 24.3886241912842 24.3347778320312 24.1917667388916 24.0277557373047 23.9019441604614 23.7931590080261 23.6571736335754 23.6811547279358 23.7403445243835 23.9227676391602 23.9544730186462 23.8157329559326 23.7096953392029 23.7288694381714 23.6554112434387 23.3914928436279 23.4525971412659 23.5523285865784 23.7806477546692 23.7973785400391 23.8040270805359 23.8975348472595 23.8977866172791 24.0454931259155 24.210967540741 24.2452683448792 24.3868727684021 24.5243520736694 24.6348767280579
25.9974246025085 25.8809146881104 25.8369727134705 25.7806463241577 25.5747485160828 25.441556930542 25.3292112350464 25.1939005851746 25.2140331268311 25.2996706962585 25.2083897590637 25.1057271957397 25.0130839347839 24.9382500648499 24.8679041862488 24.6883435249329 24.5807647705078 24.6045594215393 24.5699939727783 24.4649262428284 24.3147025108337 24.2649955749512 24.235378742218 24.2006788253784 24.0847682952881 24.0147910118103 23.840075969696 23.6687178611755 23.5892519950867 23.5474634170532 23.6485371589661 23.7425770759583 23.7250833511353 23.6884765625 23.5878462791443 23.3729062080383 23.2527680397034 23.2396645545959 23.3010668754578 23.4689335823059 23.6610245704651 23.7303872108459 23.8504447937012 23.985857963562 24.2086114883423 24.3292379379272 24.235405921936 24.3569617271423 24.5335917472839 24.675094127655
25.9708595275879 25.841356754303 25.9340481758118 25.86643409729 25.7312536239624 25.7163968086243 25.5929584503174 25.3835272789001 25.2588520050049 25.263988494873 25.2099537849426 25.1494522094727 25.0626459121704 25.0086035728455 24.9687089920044 24.8194465637207 24.7647867202759 24.7070546150208 24.6831102371216 24.5644488334656 24.4175968170166 24.4043254852295 24.3162336349487 24.2399263381958 24.1062607765198 24.0198373794556 23.8683934211731 23.7347831726074 23.7391138076782 23.661304473877 23.6683082580566 23.7621374130249 23.6766910552979 23.5542168617249 23.4228453636169 23.1900181770325 23.0219712257385 22.91388463974 22.9379925727844 23.1780920028687 23.4599070549011 23.5841722488403 23.7716917991638 24.0166058540344 24.2376599311829 24.3914842605591 24.3618774414062 24.4973301887512 24.6486482620239 24.6298127174377
25.9150919914246 25.7767162322998 25.8296437263489 25.8681993484497 25.7826523780823 25.7222867012024 25.5155735015869 25.3395748138428 25.3407573699951 25.2693314552307 25.2566342353821 25.1968884468079 25.1232671737671 25.073016166687 25.0118818283081 24.880115032196 24.7661151885986 24.7199320793152 24.6650853157043 24.5460929870605 24.4516234397888 24.4296517372131 24.414146900177 24.312520980835 24.1954660415649 24.1534523963928 23.9869375228882 23.8528809547424 23.880530834198 23.9175019264221 23.805525302887 23.6459894180298 23.5405912399292 23.3798289299011 23.2144708633423 23.0472812652588 22.8234934806824 22.8306407928467 22.9382901191711 23.0267324447632 23.4480309486389 23.6793351173401 23.8586983680725 24.0898585319519 24.1911988258362 24.3087406158447 24.3258924484253 24.4832220077515 24.5654993057251 24.5839066505432
26.0738921165466 26.0000805854797 25.8042259216309 25.7050170898438 25.680513381958 25.6453194618225 25.5018320083618 25.3723754882812 25.3373994827271 25.2145771980286 25.280285358429 25.2040824890137 25.0113363265991 24.9837164878845 24.9122557640076 24.7658548355103 24.7715921401978 24.7822222709656 24.7351493835449 24.5630474090576 24.4270634651184 24.392951965332 24.4451522827148 24.3344984054565 24.1086025238037 24.1476564407349 24.0773768424988 23.9668431282043 23.9940724372864 23.9835987091064 23.7766976356506 23.7715973854065 23.6112198829651 23.2871613502502 23.1795897483826 23.0954666137695 23.043203830719 23.1057353019714 23.2447652816772 23.2563405036926 23.3507018089294 23.6013627052307 23.8610515594482 23.9558391571045 24.0150198936462 24.132622718811 24.3503694534302 24.5344038009644 24.6734857559204 24.5591707229614
26.1480669975281 26.0737586021423 25.9929347038269 25.8854422569275 25.8224086761475 25.6783709526062 25.5905904769897 25.4293842315674 25.326033115387 25.1762971878052 25.1300101280212 25.0611128807068 24.8990259170532 25.047887802124 24.9703593254089 24.861466884613 24.8277816772461 24.7002501487732 24.5560216903687 24.4145336151123 24.3166356086731 24.426775932312 24.4204435348511 24.3005294799805 24.2647218704224 24.218722820282 24.1790919303894 24.06059217453 24.0134658813477 23.8351402282715 23.6506991386414 23.701566696167 23.7216153144836 23.5274505615234 23.3075037002563 23.2445459365845 23.2948389053345 23.4078087806702 23.5040984153748 23.4433965682983 23.5910778045654 23.7524561882019 23.8199849128723 23.9412398338318 24.0636262893677 24.1833214759827 24.4363675117493 24.6466245651245 24.7823781967163 24.9214520454407
26.1954855918884 26.0553703308105 25.913215637207 25.8219294548035 25.8049621582031 25.7586569786072 25.6648373603821 25.5464458465576 25.393385887146 25.285927772522 25.1828846931458 25.0301380157471 24.9239325523376 24.907705783844 24.9333519935608 24.8728842735291 24.8025126457214 24.6691346168518 24.5925765037537 24.4261384010315 24.3130106925964 24.3640794754028 24.2532358169556 24.1614112854004 24.1310467720032 24.301344871521 24.2633204460144 24.0995817184448 24.081298828125 23.9914398193359 23.8209366798401 23.6663956642151 23.5974650382996 23.4676394462585 23.5961894989014 23.6799411773682 23.5714497566223 23.5888810157776 23.8051104545593 23.9127435684204 23.9522342681885 24.0163068771362 24.0323252677917 24.0871920585632 24.1144247055054 24.0788946151733 24.275785446167 24.6718668937683 24.8530769348145 25.0020565986633
26.26092004776 26.1058282852173 25.9446740150452 25.7789716720581 25.7384905815125 25.6931843757629 25.6297564506531 25.5730214118958 25.4898014068604 25.4153232574463 25.2998251914978 25.0494613647461 24.8632464408875 24.7691931724548 24.7268147468567 24.7155814170837 24.7370500564575 24.6959524154663 24.6196913719177 24.4055309295654 24.3165502548218 24.4016456604004 24.3592119216919 24.3331146240234 24.392324924469 24.4691829681396 24.3856205940247 24.3283648490906 24.1720280647278 24.0529980659485 23.9483408927917 23.8224987983704 23.685519695282 23.6709270477295 23.6961903572083 23.7334384918213 23.7204918861389 23.6965169906616 23.890558719635 24.0869135856628 24.1689314842224 24.1817717552185 24.2778024673462 24.1969327926636 24.1551523208618 24.273606300354 24.3629159927368 24.5853176116943 24.9393434524536 24.9960193634033
26.2167325019836 26.171893119812 26.0511245727539 25.8973960876465 25.7938323020935 25.7204203605652 25.5905776023865 25.554874420166 25.4723629951477 25.4222640991211 25.3458771705627 25.1438708305359 24.995343208313 25.0528569221497 24.947473526001 24.7571430206299 24.7111687660217 24.5888214111328 24.3732256889343 24.3641977310181 24.4883341789246 24.5091066360474 24.5776605606079 24.5726728439331 24.5051202774048 24.3993573188782 24.3343152999878 24.2700338363647 24.2129745483398 24.1323375701904 24.06822681427 24.0776433944702 24.0812683105469 23.9965648651123 23.9913196563721 24.0186948776245 23.8870820999146 24.1730175018311 24.268337726593 24.323486328125 24.3520822525024 24.501811504364 24.5413341522217 24.4521384239197 24.3222904205322 24.4009346961975 24.5738983154297 24.593008518219 24.7777905464172 24.9596061706543
26.2542366981506 26.2494378089905 26.0733089447021 25.7450137138367 25.6522884368896 25.5047450065613 25.4683747291565 25.5239725112915 25.4123306274414 25.3622574806213 25.2561812400818 25.1147522926331 25.0617995262146 25.1711254119873 25.1696162223816 24.853141784668 24.7323989868164 24.7103033065796 24.5718483924866 24.500572681427 24.5658197402954 24.4837679862976 24.4842739105225 24.4830179214478 24.4290199279785 24.4089150428772 24.4076147079468 24.4260058403015 24.3789620399475 24.3270421028137 24.1699686050415 24.3457250595093 24.2304253578186 24.2266278266907 24.2908515930176 24.3326191902161 24.3660869598389 24.445454120636 24.5568361282349 24.5604948997498 24.503276348114 24.5665593147278 24.6781659126282 24.6714911460876 24.590425491333 24.5756216049194 24.4849514961243 24.5423369407654 24.7865962982178 24.9544501304626
26.3431901931763 26.2640557289124 26.0795769691467 25.8178296089172 25.6554608345032 25.5471048355103 25.4023456573486 25.4102048873901 25.2556662559509 25.3613619804382 25.3178653717041 25.2532644271851 25.2381119728088 25.2076644897461 25.2113471031189 25.154351234436 25.0859804153442 24.9532909393311 24.8334412574768 24.8034982681274 24.6417760848999 24.4567828178406 24.4209251403809 24.435706615448 24.4907746315002 24.4576549530029 24.4493179321289 24.4110565185547 24.311306476593 24.1939692497253 24.2718915939331 24.1574387550354 24.2812829017639 24.3367490768433 24.1539096832275 24.1926555633545 24.3678846359253 24.4662208557129 24.4420204162598 24.6344523429871 24.6178574562073 24.5345706939697 24.5164632797241 24.6356897354126 24.8831286430359 24.9843435287476 24.8632707595825 24.9325299263 24.8490924835205 25.0127320289612
26.3397889137268 26.2617087364197 26.1324858665466 25.914900302887 25.8000965118408 25.693775177002 25.538435459137 25.4242238998413 25.2960662841797 25.416561126709 25.5101180076599 25.4825224876404 25.4606223106384 25.3622331619263 25.2852506637573 25.2825417518616 25.2273216247559 25.0076713562012 24.7646770477295 24.7073450088501 24.6687188148499 24.4767837524414 24.3988480567932 24.4406976699829 24.486921787262 24.5399403572083 24.5363974571228 24.3771367073059 24.2620868682861 24.2447805404663 24.2796111106873 24.2150387763977 24.2185440063477 24.3915538787842 24.531665802002 24.6825046539307 24.8721837997437 24.8974146842957 24.7788791656494 24.773108959198 24.8464422225952 24.8846073150635 24.871838092804 24.7733535766602 24.7984919548035 24.9695448875427 25.0085215568542 24.9976873397827 24.9799785614014 25.0413761138916
26.4216680526733 26.3212718963623 26.2701930999756 26.1277756690979 26.0145397186279 25.9460120201111 25.8302068710327 25.7240571975708 25.5966429710388 25.5344514846802 25.6349000930786 25.573317527771 25.4880967140198 25.4621300697327 25.3307909965515 25.2744460105896 25.2041459083557 25.056969165802 24.9208087921143 24.824511051178 24.7419476509094 24.5830535888672 24.4242506027222 24.4238324165344 24.399998664856 24.4823179244995 24.5903177261353 24.6810851097107 24.5308260917664 24.5815057754517 24.4481897354126 24.4155960083008 24.4245910644531 24.3298192024231 24.4743580818176 24.6229019165039 24.8736004829407 24.8723921775818 24.8278470039368 24.7235789299011 24.9572367668152 25.1633496284485 25.1054763793945 25.0510144233704 24.9611296653748 24.9789619445801 25.0562567710876 25.0313835144043 25.0613327026367 24.9641623497009
26.5294227600098 26.4443860054016 26.3433084487915 26.3037452697754 26.2268528938293 26.1387929916382 26.0314564704895 25.9316296577454 25.8712306022644 25.7721509933472 25.5851311683655 25.4469513893127 25.5004906654358 25.502694606781 25.4348573684692 25.4643335342407 25.3330707550049 25.1766686439514 25.0017151832581 24.957314491272 24.8625979423523 24.6727390289307 24.6033325195312 24.5022430419922 24.604284286499 24.7017598152161 24.677773475647 24.6981978416443 24.6937346458435 24.5916681289673 24.5707569122314 24.6342797279358 24.607159614563 24.5509347915649 24.6010141372681 24.6896648406982 24.9197459220886 24.7134408950806 24.8558087348938 25.0297360420227 25.0074148178101 25.0966348648071 25.2343883514404 25.1987147331238 25.1100969314575 25.0765409469604 25.1580920219421 25.1995668411255 25.2776093482971 25.2658939361572
26.5182957649231 26.5339384078979 26.4426050186157 26.2888045310974 26.1625914573669 26.1290135383606 25.9900164604187 25.9371938705444 25.9218502044678 25.8212475776672 25.6297860145569 25.606879234314 25.678774356842 25.6896548271179 25.5362005233765 25.4725112915039 25.328622341156 25.1413645744324 25.0156440734863 25.1829972267151 25.0687093734741 25.0064525604248 24.9410510063171 24.9471979141235 24.9013557434082 24.8855924606323 24.8250608444214 24.8097290992737 24.8179154396057 24.7850027084351 24.774374961853 24.7076025009155 24.7588901519775 24.8226590156555 24.77090883255 24.7449193000793 24.8636536598206 25.0711522102356 25.1553196907043 25.2543559074402 25.1174373626709 25.1777882575989 25.4330039024353 25.5226669311523 25.3874125480652 25.4482097625732 25.3599228858948 25.3414831161499 25.6446061134338 25.6779141426086
26.4667272567749 26.44136095047 26.4164233207703 26.3745374679565 26.2927899360657 26.2261400222778 26.1615056991577 26.1631317138672 26.0375461578369 25.8589959144592 25.763090133667 25.777599811554 25.7331047058105 25.7163734436035 25.6337032318115 25.5172953605652 25.2541809082031 25.0531568527222 24.9432311058044 25.0359668731689 24.9922614097595 25.0170998573303 25.0016107559204 25.0459904670715 24.9960861206055 24.9354858398438 25.0321350097656 25.0798625946045 25.00626039505 24.9223198890686 24.7776112556458 24.9997749328613 25.1540017127991 25.0971341133118 25.0241069793701 24.9449057579041 24.9496088027954 25.0164089202881 25.2183752059937 25.554102897644 25.5207805633545 25.420464515686 25.5572094917297 25.7076363563538 25.7670798301697 25.6855931282043 25.6344108581543 25.5974774360657 25.8431415557861 26.0050272941589
26.5967836380005 26.5034852027893 26.4633536338806 26.3727054595947 26.3278803825378 26.288143157959 26.2499341964722 26.2133588790894 26.0059947967529 25.9209685325623 25.9238572120667 25.9375033378601 25.8703088760376 25.7248568534851 25.5796360969543 25.550181388855 25.3201508522034 25.0320706367493 24.87633228302 24.7700934410095 24.9245538711548 25.102677822113 25.1509776115417 25.0924348831177 24.9667997360229 24.9269213676453 25.0344800949097 25.0450477600098 25.0561504364014 25.0980887413025 25.0599761009216 25.047712802887 25.1641068458557 25.2996006011963 25.1210627555847 25.1315312385559 25.110426902771 25.3702216148376 25.6380696296692 25.7019128799438 25.8236713409424 25.8571467399597 26.0223183631897 26.1722493171692 26.2042756080627 26.1513419151306 26.0763382911682 26.114734172821 26.0432333946228 25.9823274612427
26.664571762085 26.5268278121948 26.3968801498413 26.3707690238953 26.3159670829773 26.3075394630432 26.1658434867859 26.108142375946 26.1255564689636 25.9763345718384 25.9238657951355 25.9055275917053 25.7882986068726 25.7819185256958 25.7668161392212 25.7432136535645 25.6497931480408 25.4439415931702 25.0688452720642 24.8848791122437 25.0274090766907 25.2458510398865 25.271737575531 25.1215753555298 25.0786595344543 25.1007466316223 25.0536823272705 25.0971903800964 25.1442885398865 25.1391444206238 25.1490178108215 25.1566624641418 25.2580995559692 25.3658308982849 25.3511381149292 25.3778676986694 25.3895144462585 25.5135312080383 25.8201780319214 26.0089402198792 25.888099193573 25.9096555709839 26.0098948478699 26.2568688392639 26.1115775108337 26.317093372345 26.2253184318542 26.1581015586853 26.0103702545166 26.1126880645752
26.5660042762756 26.4490461349487 26.3799839019775 26.3198909759521 26.2421922683716 26.1951031684875 26.1582942008972 26.1396069526672 26.1260848045349 26.1104774475098 25.9677157402039 25.9793400764465 25.7821998596191 25.7414965629578 25.83669090271 25.7923650741577 25.6396317481995 25.4828453063965 25.3205881118774 25.2003002166748 25.2961025238037 25.3496723175049 25.4039072990417 25.3757004737854 25.3133749961853 25.3042454719543 25.2313017845154 25.2066941261292 25.32599401474 25.3980946540833 25.5181851387024 25.3560223579407 25.3582015037537 25.5018258094788 25.6150636672974 25.6183724403381 25.6236944198608 25.660017490387 25.7831721305847 25.9211935997009 25.9203071594238 25.9846649169922 26.2265901565552 26.2882294654846 26.3645005226135 26.4493560791016 26.5024313926697 26.3666405677795 26.350935459137 26.4506883621216
