data/spatiotemp/temp4/bio4_norsw_test_2015_2018.asc
NCOLS 654 
NROWS 380 
XLLCORNER 3.91666666666667 
YLLCORNER 55.3333333333333 
CELLSIZE 0.0416666666666667 
NODATA_value -9999 
[rows 330 to 351 of 380, columns 500 to 549 of 654]
837.244873046875 842.98518371582 844.936492919922 843.867401123047 842.919006347656 844.810317993164 847.611846923828 849.221313476562 849.226791381836 848.641937255859 851.826232910156 853.440673828125 851.002883911133 850.904815673828 849.430145263672 848.826202392578 850.639282226562 851.946701049805 851.239791870117 850.889282226562 848.508071899414 846.119827270508 842.691299438477 839.759887695312 838.771713256836 838.279434204102 837.900604248047 836.978515625 831.517852783203 823.442764282227 820.198440551758 817.326858520508 818.218505859375 817.99040222168 816.237747192383 812.824813842773 808.67854309082 805.973770141602 804.621780395508 804.977828979492 800.592819213867 798.927459716797 799.699966430664 800.713027954102 802.255462646484 804.543045043945 806.061233520508 805.708297729492 805.441009521484 806.992065429688
835.938949584961 840.163192749023 843.008483886719 842.940414428711 843.789215087891 845.232482910156 846.16325378418 848.565567016602 849.482574462891 847.162490844727 845.341156005859 846.659088134766 845.780502319336 848.932769775391 848.458526611328 847.377746582031 848.821701049805 850.36604309082 849.978103637695 849.387847900391 848.155746459961 844.643646240234 838.855209350586 834.739074707031 834.352890014648 834.337478637695 834.920822143555 835.039459228516 830.377029418945 821.750076293945 816.712417602539 813.773025512695 812.91455078125 814.582122802734 814.161315917969 809.917175292969 803.733779907227 798.013458251953 796.430603027344 798.117553710938 797.716873168945 796.486709594727 798.048522949219 796.797012329102 797.432830810547 799.79914855957 800.371612548828 801.189041137695 803.35856628418 807.535079956055
833.744659423828 836.277969360352 840.941329956055 842.342559814453 840.334075927734 840.413162231445 842.000061035156 843.038238525391 844.5595703125 843.686874389648 842.379959106445 845.833953857422 846.48942565918 846.110748291016 847.298446655273 848.121017456055 847.51936340332 846.450378417969 846.92578125 847.185256958008 847.415740966797 844.558624267578 839.8701171875 836.944244384766 836.531478881836 835.425369262695 834.580963134766 833.040939331055 829.309646606445 822.613342285156 815.767349243164 812.822082519531 813.783187866211 815.269653320312 812.128601074219 806.80207824707 801.682022094727 796.878036499023 795.482437133789 795.913375854492 798.081832885742 797.463150024414 798.046646118164 798.079055786133 796.532333374023 795.663787841797 796.244506835938 797.742416381836 802.173110961914 805.561065673828
833.27783203125 836.606918334961 838.164566040039 836.851333618164 836.86408996582 837.357727050781 840.095916748047 840.293121337891 840.198547363281 841.111755371094 843.356857299805 846.188217163086 847.892242431641 848.244445800781 848.432556152344 846.809341430664 845.85383605957 844.310424804688 843.399337768555 844.019683837891 845.356903076172 843.188980102539 840.789291381836 839.660110473633 839.249465942383 839.597274780273 839.501403808594 837.110458374023 833.006164550781 828.111679077148 822.260391235352 819.309616088867 821.635528564453 820.918487548828 813.664733886719 806.16731262207 803.696823120117 800.973541259766 800.39485168457 801.701354980469 800.341400146484 798.340576171875 797.987228393555 796.115310668945 792.564193725586 790.707427978516 790.942031860352 795.20149230957 799.032897949219 801.238311767578
835.041137695312 836.840942382812 832.936996459961 832.659042358398 837.364959716797 841.848785400391 843.636444091797 842.906951904297 842.085418701172 841.382080078125 841.517837524414 843.123886108398 844.563064575195 845.385559082031 842.151809692383 841.287857055664 840.359191894531 839.812316894531 839.291656494141 839.990112304688 842.564483642578 842.955017089844 840.966217041016 839.799713134766 841.370758056641 844.223266601562 845.667221069336 841.943054199219 837.402282714844 832.844879150391 829.288299560547 827.180755615234 824.513610839844 822.511901855469 817.497756958008 811.577255249023 807.007827758789 804.275939941406 805.662780761719 807.256591796875 801.401824951172 796.738815307617 795.963470458984 792.730560302734 791.091323852539 788.437393188477 787.072052001953 791.006896972656 795.044189453125 798.942779541016
832.833999633789 833.683319091797 834.531616210938 836.561813354492 839.094131469727 842.341018676758 846.858474731445 846.975433349609 843.815734863281 841.428192138672 840.761642456055 841.513549804688 841.438247680664 842.910217285156 841.904998779297 839.375671386719 839.082229614258 838.900680541992 838.092330932617 839.211242675781 841.959243774414 845.240661621094 844.821853637695 841.448348999023 842.5009765625 844.715301513672 846.039932250977 843.866683959961 842.671691894531 838.905563354492 835.416488647461 831.444076538086 823.713760375977 817.332580566406 814.968734741211 811.709228515625 807.036026000977 804.818862915039 805.645523071289 806.140090942383 801.394561767578 794.7099609375 793.886016845703 794.602020263672 792.795257568359 790.555114746094 788.28401184082 790.371826171875 793.701324462891 796.347686767578
829.166290283203 831.220855712891 837.628982543945 843.099639892578 843.055267333984 843.027206420898 847.358154296875 846.396331787109 841.279449462891 838.852737426758 837.204620361328 838.752807617188 838.878829956055 839.526763916016 839.968994140625 839.317367553711 838.903594970703 840.415100097656 841.522384643555 841.206756591797 844.571563720703 849.003448486328 848.769546508789 846.142944335938 846.027618408203 846.976333618164 846.734954833984 848.021392822266 846.696395874023 842.575958251953 834.306457519531 828.208312988281 823.011932373047 816.474136352539 812.677108764648 811.123199462891 810.010498046875 808.407165527344 804.803482055664 804.058792114258 802.689270019531 796.845748901367 794.485733032227 794.569885253906 793.759231567383 791.639205932617 789.362564086914 789.796997070312 792.911895751953 792.804901123047
829.621017456055 831.209396362305 837.927444458008 841.747344970703 844.934265136719 843.977355957031 844.458984375 844.437286376953 840.917068481445 837.39567565918 837.479034423828 839.426055908203 839.937561035156 839.536346435547 839.90022277832 841.441650390625 842.890670776367 843.817153930664 845.390960693359 844.656555175781 844.396301269531 848.204513549805 851.189514160156 848.921493530273 847.420501708984 848.668487548828 848.066955566406 846.24609375 842.440582275391 837.573165893555 830.707534790039 824.182723999023 819.818725585938 817.636245727539 815.314895629883 813.283325195312 812.499221801758 811.282516479492 806.992706298828 803.620666503906 799.410888671875 794.051681518555 793.54670715332 794.007781982422 793.930084228516 791.529586791992 789.971313476562 793.223052978516 790.780029296875 788.512969970703
825.933288574219 829.108871459961 838.293579101562 841.434127807617 842.159332275391 841.772918701172 843.360916137695 844.728775024414 845.834365844727 846.391052246094 844.98551940918 842.919647216797 843.40104675293 843.098022460938 842.819091796875 842.344375610352 844.123962402344 844.943939208984 845.212936401367 845.257843017578 846.392700195312 849.409698486328 852.42610168457 853.371887207031 852.769927978516 851.557907104492 849.085571289062 845.508438110352 841.171524047852 836.867553710938 832.144012451172 827.833953857422 824.422607421875 820.495101928711 816.871597290039 815.419372558594 813.916290283203 812.483993530273 812.224746704102 809.300277709961 803.461791992188 800.492172241211 800.762222290039 801.617340087891 799.7939453125 798.515213012695 796.81950378418 795.59619140625 790.02326965332 786.7998046875
824.891510009766 829.579650878906 835.941253662109 840.461883544922 842.497344970703 842.98811340332 843.519485473633 843.51123046875 843.446762084961 844.747207641602 846.61018371582 845.260299682617 846.413711547852 846.500061035156 847.755310058594 845.724945068359 846.847915649414 847.040145874023 847.406143188477 846.558853149414 847.893768310547 850.012680053711 853.238494873047 856.174880981445 856.572814941406 853.515884399414 851.316528320312 847.283050537109 843.59065246582 840.441619873047 836.744155883789 835.684127807617 832.641082763672 825.541839599609 818.690582275391 815.100143432617 815.543151855469 816.897644042969 816.760208129883 815.484725952148 813.145980834961 809.899398803711 805.239929199219 804.152099609375 801.772109985352 797.979553222656 795.812057495117 792.9873046875 788.139099121094 787.85758972168
825.131195068359 827.24870300293 832.411834716797 839.837860107422 843.158538818359 843.839508056641 843.402709960938 842.847885131836 842.718948364258 844.793365478516 848.024780273438 848.750946044922 848.133941650391 845.749618530273 847.271575927734 846.576049804688 846.921569824219 847.324600219727 847.833679199219 848.915130615234 848.640121459961 852.692153930664 855.997222900391 853.275177001953 851.663787841797 848.671981811523 847.390670776367 844.574798583984 842.135696411133 841.029434204102 839.181564331055 838.249755859375 832.964599609375 826.28190612793 819.704116821289 815.743957519531 815.579956054688 818.712631225586 819.300582885742 816.120193481445 812.313034057617 807.707489013672 802.224655151367 800.810440063477 798.151397705078 792.98616027832 791.294525146484 792.792175292969 792.337768554688 792.03303527832
826.981399536133 827.299392700195 833.018539428711 840.610961914062 844.5712890625 843.247863769531 844.011306762695 844.839263916016 844.000381469727 846.406982421875 848.322006225586 847.915466308594 847.697570800781 848.015716552734 848.67839050293 848.086212158203 849.033187866211 848.623840332031 848.296768188477 847.836318969727 849.662811279297 853.951034545898 856.687301635742 855.942810058594 853.011856079102 847.763092041016 845.541809082031 844.048614501953 841.512680053711 839.608612060547 839.666885375977 838.568374633789 833.508422851562 826.701461791992 819.98307800293 814.719680786133 814.402648925781 817.464340209961 818.680511474609 814.860458374023 811.065872192383 805.646697998047 799.763626098633 800.279174804688 800.432662963867 797.700592041016 797.540466308594 797.703750610352 797.622207641602 797.663330078125
825.839691162109 829.697845458984 834.873947143555 839.566818237305 843.708068847656 843.290588378906 844.09716796875 847.919448852539 850.140090942383 850.492385864258 849.054779052734 849.84228515625 850.921234130859 852.566284179688 853.625991821289 853.106628417969 853.235961914062 853.587890625 852.730361938477 852.106079101562 852.976928710938 854.394012451172 853.593170166016 851.71403503418 850.234344482422 847.212539672852 848.210678100586 845.524200439453 841.9375 839.481826782227 835.933074951172 835.546768188477 834.332977294922 830.739181518555 824.923095703125 820.979217529297 820.981674194336 821.893936157227 818.984191894531 814.457748413086 808.548446655273 804.873458862305 805.514572143555 811.003829956055 808.562881469727 804.290054321289 802.747940063477 803.340606689453 802.243789672852 801.049621582031
823.079025268555 824.07942199707 829.016159057617 834.635360717773 837.926010131836 838.350692749023 841.652770996094 848.22900390625 851.476028442383 852.286209106445 852.184692382812 850.53564453125 851.822280883789 853.03727722168 853.965682983398 853.062774658203 853.652053833008 854.405685424805 853.14697265625 853.243728637695 852.912414550781 853.099136352539 852.862915039062 852.363952636719 851.202682495117 851.820999145508 852.636627197266 846.515411376953 842.021118164062 838.792205810547 836.725952148438 834.881942749023 834.851684570312 833.642456054688 832.755844116211 831.912292480469 827.40950012207 823.992492675781 821.314392089844 818.311935424805 812.498733520508 807.269943237305 806.243682861328 810.717224121094 810.855346679688 810.900329589844 811.427017211914 813.060592651367 812.94270324707 813.361663818359
828.990173339844 830.315399169922 832.572463989258 836.186340332031 835.205215454102 835.265075683594 840.251037597656 845.90007019043 848.505401611328 849.658248901367 849.888000488281 851.101409912109 852.488357543945 853.109252929688 854.314666748047 856.744735717773 858.104141235352 857.032043457031 854.986419677734 854.878082275391 856.374069213867 856.748138427734 856.448654174805 856.484451293945 853.952743530273 852.31396484375 850.048141479492 847.39892578125 843.523773193359 841.760604858398 842.532760620117 841.21272277832 840.692932128906 837.941558837891 836.146026611328 834.119125366211 830.060348510742 827.308975219727 824.531707763672 822.533874511719 817.193618774414 814.219268798828 811.034118652344 812.371368408203 814.838439941406 816.178787231445 817.978805541992 820.961669921875 823.22119140625 824.421173095703
831.856231689453 835.96614074707 836.478775024414 837.193450927734 836.96452331543 837.400527954102 842.704986572266 847.256561279297 849.709075927734 850.549957275391 850.035263061523 850.077362060547 851.753692626953 851.394561767578 852.252792358398 853.156433105469 855.309661865234 856.522338867188 856.646926879883 857.389724731445 858.07829284668 859.052597045898 859.095275878906 858.691757202148 857.399276733398 854.971145629883 852.623306274414 851.710418701172 848.836380004883 846.919998168945 848.309921264648 847.517913818359 846.574264526367 840.696762084961 837.439559936523 834.235565185547 831.110229492188 829.03874206543 827.300430297852 824.091262817383 821.354034423828 820.932922363281 820.724273681641 821.907012939453 823.404220581055 822.571228027344 824.258087158203 827.472274780273 827.373580932617 825.637344360352
828.981994628906 835.078353881836 836.373870849609 837.622528076172 839.98030090332 841.408981323242 844.960861206055 847.707977294922 850.315902709961 851.973098754883 850.072036743164 849.869110107422 854.058715820312 852.918228149414 852.477401733398 852.675140380859 853.985107421875 856.498794555664 858.731597900391 857.922317504883 855.633270263672 856.707077026367 859.97184753418 857.655624389648 855.209289550781 853.531448364258 853.542083740234 854.275360107422 854.419235229492 854.290054321289 852.076919555664 849.783142089844 848.21061706543 843.289657592773 839.682083129883 836.502670288086 834.22119140625 831.635284423828 829.506820678711 825.964859008789 824.340133666992 825.54133605957 826.290786743164 826.195373535156 828.198303222656 825.272491455078 824.884979248047 825.561660766602 824.366577148438 823.307159423828
826.200622558594 830.226119995117 833.328765869141 837.470672607422 840.139999389648 842.466156005859 842.810668945312 845.68603515625 850.781616210938 853.782348632812 851.711547851562 851.416778564453 855.457611083984 855.944427490234 854.59748840332 856.084228515625 857.565673828125 858.522430419922 857.888900756836 856.305465698242 852.58821105957 855.418060302734 860.405487060547 859.42887878418 856.431167602539 855.238845825195 854.852981567383 855.869216918945 856.149688720703 855.024490356445 851.515243530273 848.65007019043 848.351303100586 845.439300537109 839.753234863281 836.173934936523 833.936264038086 833.666748046875 833.791915893555 830.95231628418 830.58283996582 830.897750854492 829.269119262695 828.311340332031 829.335083007812 826.004409790039 825.081069946289 825.491714477539 823.593353271484 823.03369140625
825.385528564453 824.614334106445 828.476547241211 833.899017333984 837.71858215332 840.172927856445 841.223785400391 844.590866088867 849.388626098633 852.540466308594 853.170059204102 853.007904052734 855.440643310547 855.921829223633 853.58122253418 854.767623901367 857.233993530273 857.625213623047 856.011672973633 854.596740722656 853.824569702148 858.812408447266 862.342269897461 862.11279296875 862.202499389648 861.739349365234 860.530471801758 860.708984375 858.331481933594 853.802124023438 849.070846557617 847.923416137695 847.628723144531 843.532150268555 836.034790039062 831.732666015625 831.972076416016 834.134826660156 835.74072265625 835.370513916016 836.141082763672 835.518402099609 834.271942138672 833.805953979492 831.140213012695 829.381210327148 829.944732666016 832.354858398438 830.361312866211 827.575286865234
824.703063964844 822.289886474609 825.606048583984 831.111297607422 833.099029541016 836.852401733398 840.523208618164 841.264419555664 842.483871459961 845.7333984375 848.892990112305 852.401382446289 853.8427734375 853.188339233398 853.440277099609 851.826553344727 852.695831298828 857.919067382812 859.524383544922 858.758224487305 859.434280395508 862.796539306641 865.099395751953 865.326370239258 864.931091308594 863.011642456055 862.445297241211 863.826950073242 863.88313293457 859.810653686523 855.634735107422 851.911041259766 846.304138183594 840.517669677734 836.129043579102 832.44059753418 832.664398193359 833.906753540039 834.764617919922 834.896514892578 834.232025146484 834.497573852539 836.982360839844 836.742858886719 833.655609130859 833.054397583008 833.914077758789 832.915115356445 834.316772460938 836.450698852539
823.908798217773 823.141418457031 825.527435302734 828.729705810547 830.12727355957 831.83805847168 833.687225341797 834.246765136719 835.062622070312 838.495712280273 843.434814453125 849.257568359375 850.636199951172 851.856491088867 853.873565673828 855.286209106445 854.543884277344 854.833740234375 857.295913696289 858.501708984375 859.421890258789 860.280700683594 860.846817016602 863.480758666992 865.773971557617 865.608200073242 867.722625732422 868.275299072266 867.407455444336 862.459945678711 858.09651184082 851.435928344727 846.319885253906 840.346725463867 837.69172668457 838.453414916992 838.393463134766 837.653121948242 837.805374145508 835.466552734375 833.205505371094 830.632583618164 834.427886962891 836.68098449707 834.150939941406 834.701904296875 834.883529663086 832.020584106445 833.884338378906 837.812042236328
825.576644897461 824.330535888672 824.304656982422 823.504592895508 825.8544921875 826.969192504883 828.225631713867 831.71272277832 835.097473144531 839.309417724609 844.849182128906 848.701263427734 847.704788208008 848.18473815918 850.380966186523 851.956130981445 851.080551147461 851.870742797852 852.742599487305 852.453552246094 853.197814941406 853.619201660156 855.451248168945 860.300796508789 866.549575805664 867.715835571289 868.760940551758 868.090576171875 866.373641967773 861.22819519043 855.600799560547 850.347961425781 846.701309204102 841.986968994141 840.939697265625 842.314437866211 841.25390625 840.064498901367 838.855499267578 834.879974365234 832.73388671875 830.90625 831.845108032227 833.019088745117 833.559188842773 832.454238891602 833.869659423828 833.839614868164 835.284545898438 839.534439086914
