data/spatiotemp/temp4/bio4_norsw_test_2015_2018.asc
NCOLS 654 
NROWS 380 
XLLCORNER 3.91666666666667 
YLLCORNER 55.3333333333333 
CELLSIZE 0.0416666666666667 
NODATA_value -9999 
[rows 242 to 263 of 380, columns 200 to 249 of 654]
850.562194824219 849.421447753906 843.199203491211 858.937423706055 862.710861206055 842.270080566406 847.661346435547 870.921981811523 878.437515258789 868.935546875 859.590637207031 862.14794921875 867.290054321289 857.005844116211 845.070220947266 840.885162353516 845.043197631836 849.670593261719 852.554595947266 850.664962768555 846.837310791016 840.987197875977 831.044708251953 820.261779785156 822.866333007812 844.350433349609 841.949783325195 836.615280151367 837.459060668945 844.408935546875 846.031097412109 844.65412902832 846.563812255859 855.273864746094 863.713348388672 855.900146484375 838.840774536133 846.520889282227 842.932159423828 837.266784667969 833.248229980469 831.244445800781 831.297424316406 825.540252685547 822.788116455078 820.957412719727 814.442779541016 813.965133666992 829.460037231445 834.993850708008
851.371002197266 855.996398925781 850.479553222656 840.803985595703 855.016036987305 870.1103515625 872.21272277832 883.279769897461 876.055892944336 859.115432739258 842.94384765625 843.638259887695 850.654327392578 857.839019775391 856.390853881836 842.318649291992 836.045837402344 842.529708862305 855.545227050781 860.81005859375 858.487747192383 853.877288818359 846.063385009766 843.65641784668 842.286911010742 851.015991210938 834.427291870117 832.234375 836.973968505859 840.994934082031 845.425277709961 849.80419921875 847.326950073242 845.303726196289 842.704132080078 848.800689697266 846.84846496582 851.949737548828 851.909896850586 844.157241821289 838.642883300781 845.713897705078 844.43017578125 838.286056518555 828.382354736328 819.432861328125 809.895095825195 807.263900756836 807.813842773438 817.374984741211
852.918731689453 857.867553710938 861.642135620117 866.901229858398 876.306732177734 883.887985229492 879.466461181641 858.648559570312 851.611114501953 857.810729980469 852.334732055664 850.082397460938 843.836181640625 843.478546142578 856.341537475586 855.691955566406 849.26481628418 837.551956176758 842.734100341797 852.515762329102 853.035766601562 859.381866455078 859.933990478516 856.166473388672 844.503387451172 846.501602172852 840.110092163086 832.149841308594 821.944686889648 828.522705078125 841.395568847656 852.698120117188 850.834411621094 843.049285888672 835.324722290039 839.328430175781 849.792663574219 857.377578735352 863.08821105957 859.701049804688 851.815200805664 850.422973632812 845.913299560547 842.608642578125 834.419830322266 826.768798828125 825.354751586914 820.013900756836 813.108200073242 808.52018737793
857.814971923828 869.265838623047 869.598327636719 869.800430297852 885.65087890625 897.753433227539 891.45622253418 869.239501953125 851.822479248047 832.960006713867 828.528472900391 839.136932373047 855.345458984375 859.606735229492 856.947662353516 865.7314453125 862.330230712891 856.785507202148 855.427093505859 847.160659790039 846.583374023438 847.293029785156 843.657318115234 849.416473388672 853.144577026367 851.379730224609 849.851455688477 831.773559570312 823.400329589844 826.854248046875 835.090667724609 845.861801147461 844.443298339844 836.445266723633 828.267944335938 832.232803344727 839.928604125977 844.471405029297 850.807830810547 858.202011108398 858.871826171875 850.201950073242 844.298690795898 843.959594726562 843.430282592773 838.04866027832 830.451721191406 826.555938720703 822.48908996582 817.230514526367
848.498397827148 871.135009765625 879.517608642578 879.515380859375 881.791915893555 882.93489074707 874.901290893555 885.299102783203 873.510131835938 854.239456176758 826.896499633789 825.556777954102 836.928314208984 858.761642456055 863.244750976562 867.21598815918 868.3818359375 862.869003295898 857.462142944336 849.334869384766 831.591094970703 833.589141845703 836.971908569336 831.109512329102 829.077972412109 832.194778442383 843.43147277832 841.831527709961 828.578628540039 823.211456298828 830.952835083008 832.355056762695 820.409332275391 818.732284545898 819.430328369141 822.875106811523 822.624450683594 820.540756225586 827.690475463867 840.627578735352 851.06867980957 855.659210205078 846.274230957031 839.684783935547 832.051605224609 823.95231628418 825.860977172852 830.401382446289 833.054809570312 830.537887573242
861.236022949219 869.946853637695 854.856979370117 853.268951416016 858.919372558594 852.581619262695 849.849990844727 847.712509155273 847.389892578125 861.858642578125 846.722412109375 832.722244262695 843.645217895508 850.021240234375 850.358535766602 857.89111328125 859.512771606445 862.67463684082 861.600967407227 855.954284667969 836.355514526367 814.396987915039 817.615310668945 828.506088256836 824.408065795898 822.273803710938 831.030502319336 845.540237426758 841.478988647461 835.634368896484 831.712677001953 827.048706054688 813.540222167969 806.112884521484 807.379135131836 815.530014038086 822.147659301758 819.704772949219 818.804977416992 831.568450927734 844.180191040039 853.8984375 851.352752685547 846.162673950195 841.144287109375 835.31884765625 831.693634033203 832.862503051758 830.947021484375 824.803573608398
867.052047729492 872.737365722656 858.256072998047 851.220657348633 843.171493530273 845.504211425781 844.577194213867 833.399017333984 827.774826049805 840.872497558594 858.102661132812 860.014907836914 862.018508911133 858.995895385742 843.621719360352 836.973693847656 840.595138549805 842.139801025391 851.696868896484 842.518020629883 835.644714355469 827.644683837891 817.784164428711 820.795333862305 829.432189941406 833.062103271484 836.691146850586 848.203201293945 852.383865356445 848.358871459961 839.780517578125 826.589279174805 816.969696044922 810.979919433594 810.61750793457 816.6044921875 817.863433837891 819.166381835938 827.586334228516 838.109771728516 844.903518676758 847.977966308594 845.426300048828 844.943176269531 841.543182373047 843.652130126953 841.896987915039 840.533981323242 829.288803100586 813.194717407227
868.773696899414 880.164291381836 875.230438232422 868.329177856445 857.091659545898 856.992477416992 854.619323730469 848.367126464844 838.205627441406 836.396881103516 851.070556640625 864.698059082031 865.088241577148 860.933563232422 847.335311889648 833.311492919922 833.469970703125 834.328521728516 833.407409667969 827.858993530273 829.93522644043 836.138885498047 837.253295898438 832.940185546875 834.763549804688 838.574813842773 842.263488769531 844.846145629883 844.470489501953 848.250274658203 845.304351806641 841.364501953125 835.293991088867 828.835144042969 819.023696899414 817.117233276367 820.935684204102 824.149978637695 835.0234375 841.997085571289 842.828491210938 841.397827148438 836.487152099609 837.369537353516 838.620040893555 841.089279174805 838.254364013672 836.154769897461 830.04020690918 818.944534301758
868.261840820312 881.860473632812 881.46110534668 872.065765380859 858.592666625977 858.726364135742 858.658096313477 856.306610107422 857.208480834961 858.116394042969 855.795989990234 845.530715942383 843.965560913086 845.846145629883 854.255722045898 840.123291015625 836.403533935547 837.879302978516 832.776779174805 829.688385009766 828.557357788086 837.514205932617 844.588302612305 838.741058349609 833.763000488281 836.832824707031 839.587585449219 838.205062866211 830.731369018555 832.849258422852 843.025329589844 846.503967285156 842.518676757812 838.909393310547 832.312805175781 829.534103393555 834.224029541016 837.985305786133 834.89387512207 832.835525512695 828.670959472656 828.004623413086 831.956878662109 831.992385864258 832.348648071289 830.612701416016 825.117416381836 821.244598388672 816.338363647461 810.461608886719
866.636032104492 869.659744262695 865.647857666016 864.385604858398 854.646743774414 846.2763671875 852.920715332031 849.477462768555 854.111679077148 852.246170043945 851.733596801758 847.555526733398 844.146423339844 839.022964477539 838.835540771484 847.346237182617 845.075607299805 838.089141845703 842.51838684082 834.986846923828 829.65397644043 837.372711181641 847.738967895508 835.656005859375 824.586944580078 824.383804321289 825.988403320312 827.495895385742 824.729263305664 823.866714477539 830.264495849609 825.779678344727 825.912673950195 828.724655151367 834.307662963867 836.806976318359 834.818511962891 835.021835327148 823.978408813477 815.969863891602 812.448211669922 816.394012451172 821.369033813477 819.213272094727 824.402542114258 814.467224121094 812.19889831543 808.982650756836 801.844055175781 800.846954345703
862.895599365234 863.286590576172 850.57048034668 844.15202331543 835.280731201172 821.108245849609 823.199493408203 824.310150146484 830.459365844727 832.602737426758 832.682327270508 839.803359985352 841.221603393555 832.423355102539 825.377166748047 826.598251342773 828.958374023438 849.412322998047 847.525161743164 843.719116210938 832.559539794922 839.612838745117 846.923080444336 844.612762451172 836.304565429688 827.295471191406 827.008941650391 828.237777709961 828.416473388672 822.687606811523 821.294006347656 816.244354248047 814.114730834961 816.59228515625 821.17414855957 826.12174987793 819.949844360352 819.013854980469 816.126419067383 812.388610839844 808.741073608398 810.921737670898 816.633712768555 814.904342651367 815.543441772461 817.394653320312 812.975128173828 801.056915283203 806.474304199219 810.648574829102
840.506195068359 848.109802246094 837.257690429688 828.795333862305 826.358108520508 819.950134277344 814.293655395508 813.462295532227 809.685501098633 812.433532714844 815.475952148438 823.804824829102 823.500854492188 829.425384521484 829.625793457031 824.196197509766 824.720504760742 832.070816040039 846.353897094727 854.720657348633 841.314575195312 844.39436340332 848.118728637695 841.042282104492 836.222259521484 836.193328857422 833.329010009766 825.836776733398 819.798095703125 814.936492919922 811.341796875 817.348358154297 822.115325927734 816.479873657227 813.821212768555 815.324905395508 817.753021240234 820.354827880859 813.56884765625 822.997314453125 824.71110534668 817.661010742188 817.052139282227 818.087554931641 817.191833496094 823.433624267578 823.224319458008 814.40299987793 816.586608886719 828.040252685547
829.607376098633 832.21435546875 825.506484985352 816.858261108398 816.928344726562 821.665924072266 826.231384277344 829.158325195312 823.434951782227 817.208038330078 821.0986328125 821.500778198242 822.543212890625 823.037368774414 822.130798339844 829.815521240234 831.101226806641 828.7392578125 835.297286987305 846.016418457031 853.189575195312 853.176254272461 851.38264465332 843.908660888672 844.05451965332 839.879425048828 835.395751953125 832.756530761719 824.139389038086 815.207260131836 816.810043334961 822.027160644531 828.163940429688 824.432479858398 822.319183349609 820.386795043945 818.823577880859 826.968643188477 828.109558105469 834.241226196289 832.760131835938 817.456970214844 811.160873413086 814.85807800293 816.693496704102 823.187240600586 823.424392700195 819.837463378906 823.407211303711 830.237167358398
827.853134155273 832.990753173828 827.88410949707 815.177871704102 818.179550170898 822.397750854492 830.888488769531 837.707000732422 830.573669433594 820.386322021484 819.87565612793 812.826614379883 822.147399902344 820.267486572266 820.026260375977 827.980850219727 827.062713623047 829.971420288086 835.320053100586 832.53923034668 840.655563354492 853.461776733398 839.145980834961 839.750213623047 847.462890625 850.708419799805 840.349945068359 841.067443847656 834.133010864258 823.105941772461 820.027420043945 819.529968261719 823.136703491211 819.881195068359 813.929122924805 801.663589477539 812.546615600586 824.806854248047 833.406524658203 836.612274169922 833.928237915039 826.238845825195 814.261413574219 818.210678100586 818.138702392578 819.756652832031 823.164093017578 822.066513061523 820.454513549805 822.994720458984
817.817443847656 819.499160766602 823.618988037109 822.78938293457 823.839920043945 826.617874145508 833.74479675293 832.321533203125 828.353958129883 820.979400634766 821.327331542969 811.32177734375 807.917907714844 816.289199829102 816.366058349609 823.3486328125 823.792724609375 830.248489379883 838.76301574707 828.023132324219 828.742752075195 844.376480102539 852.684097290039 850.176315307617 850.850616455078 846.337158203125 841.661193847656 840.070678710938 834.757019042969 822.188049316406 821.107574462891 824.349060058594 827.764068603516 820.46223449707 810.123016357422 810.534271240234 812.086822509766 823.54231262207 831.249114990234 833.437133789062 833.165191650391 833.15852355957 828.194519042969 821.911254882812 818.093658447266 818.765914916992 820.262985229492 821.077880859375 820.236862182617 820.148529052734
817.612091064453 807.128067016602 818.52262878418 826.430709838867 826.641494750977 825.205932617188 827.226577758789 823.603424072266 822.165756225586 810.883056640625 807.91682434082 813.033386230469 813.426620483398 806.084060668945 821.675827026367 824.771835327148 816.506546020508 820.626388549805 837.000610351562 841.007690429688 838.721405029297 841.667098999023 842.892913818359 851.302124023438 849.17024230957 835.185348510742 833.813507080078 832.578308105469 832.506652832031 816.680862426758 819.898834228516 820.041412353516 823.308166503906 823.777160644531 820.120407104492 822.384246826172 825.737228393555 823.742324829102 823.68603515625 826.782989501953 828.360458374023 829.247924804688 822.902542114258 808.350006103516 804.424621582031 804.860733032227 810.678741455078 810.046829223633 806.090042114258 798.425506591797
818.803649902344 818.935745239258 814.780731201172 820.505310058594 818.533157348633 811.677764892578 814.017913818359 815.926681518555 811.860809326172 808.780639648438 808.310852050781 804.659805297852 812.104339599609 803.712768554688 816.016876220703 823.153289794922 820.892593383789 821.702194213867 823.608734130859 840.934753417969 837.873428344727 833.328598022461 838.50309753418 843.026885986328 850.227142333984 839.676452636719 834.347793579102 830.012542724609 832.070678710938 820.30094909668 824.397933959961 820.876037597656 822.464233398438 814.329010009766 813.605484008789 818.956039428711 827.091674804688 820.171585083008 809.355117797852 803.405456542969 802.962265014648 812.149002075195 808.088668823242 803.350967407227 802.862777709961 798.238616943359 796.083648681641 796.432830810547 791.884353637695 788.786285400391
817.652313232422 818.207244873047 814.445495605469 812.841262817383 816.714019775391 811.338531494141 810.677459716797 808.244445800781 804.377883911133 804.981689453125 810.944229125977 811.247146606445 813.969375610352 808.434844970703 814.723892211914 823.773513793945 834.528274536133 831.623748779297 830.661041259766 836.539932250977 828.48681640625 830.921691894531 834.881317138672 832.823211669922 824.086227416992 839.506576538086 838.778961181641 824.993774414062 827.353378295898 832.618896484375 829.731079101562 825.646942138672 829.469223022461 819.762969970703 820.109619140625 824.06233215332 828.301239013672 826.60514831543 812.557479858398 798.831558227539 793.670150756836 802.55744934082 805.244827270508 800.1748046875 803.818222045898 792.516891479492 787.680465698242 785.215621948242 787.047271728516 783.118713378906
816.587310791016 814.090362548828 809.959854125977 807.324966430664 813.333465576172 811.741424560547 804.287322998047 804.948944091797 801.950378417969 798.857421875 810.589233398438 816.194396972656 820.952926635742 817.587387084961 820.303787231445 816.785339355469 812.027847290039 818.951538085938 838.045211791992 833.204650878906 829.59765625 825.41796875 824.691818237305 829.974868774414 827.065246582031 827.010208129883 836.894897460938 836.922439575195 839.726699829102 839.440704345703 834.587493896484 839.72184753418 836.214691162109 827.062545776367 825.290145874023 830.227874755859 827.903015136719 826.263092041016 813.761856079102 805.938003540039 798.019943237305 795.102569580078 802.352493286133 807.416351318359 804.053024291992 800.723495483398 788.462844848633 782.558135986328 787.717132568359 786.999496459961
807.548583984375 808.406890869141 810.62467956543 801.887237548828 801.694244384766 810.936553955078 817.715148925781 810.743057250977 799.905075073242 796.483520507812 797.137481689453 811.111373901367 825.736099243164 830.418701171875 825.734649658203 808.783386230469 804.315124511719 810.609817504883 834.445205688477 837.650329589844 833.41227722168 825.524108886719 828.033538818359 829.568786621094 830.324340820312 835.165603637695 830.385391235352 836.047088623047 847.459335327148 846.400405883789 838.02458190918 844.174652099609 844.5673828125 832.897918701172 827.307357788086 824.196212768555 823.732330322266 825.520553588867 813.827163696289 809.929489135742 808.367080688477 796.391494750977 794.445205688477 799.381759643555 805.635711669922 801.542755126953 786.577743530273 784.804260253906 786.986175537109 782.21907043457
793.031448364258 795.279937744141 804.872253417969 805.080429077148 807.336288452148 807.953079223633 811.763885498047 813.493041992188 804.065002441406 798.962448120117 795.451217651367 799.985885620117 804.323455810547 822.513458251953 830.043701171875 820.951538085938 812.311294555664 823.080810546875 832.323822021484 825.530746459961 828.6572265625 833.26887512207 835.071990966797 833.559356689453 837.108489990234 840.136871337891 836.618667602539 838.333892822266 844.891189575195 853.363037109375 851.817581176758 849.267501831055 843.618606567383 840.096893310547 832.974594116211 819.105377197266 818.790191650391 821.465682983398 818.017105102539 814.219360351562 810.665542602539 807.049407958984 796.085678100586 795.612655639648 802.196792602539 805.6083984375 793.251480102539 791.759078979492 784.63786315918 774.961654663086
789.177978515625 798.667434692383 806.196823120117 805.755630493164 805.057968139648 800.538909912109 799.14909362793 796.761978149414 799.677215576172 800.943740844727 798.528610229492 797.120010375977 800.590682983398 806.48420715332 820.592193603516 826.268341064453 824.739562988281 830.772659301758 837.306167602539 829.880844116211 831.956130981445 835.391479492188 837.809616088867 833.784545898438 833.958679199219 835.541885375977 834.117385864258 841.272918701172 847.897430419922 854.075698852539 853.412811279297 837.538543701172 828.233383178711 831.433013916016 834.700561523438 830.029663085938 826.51091003418 828.739105224609 818.42839050293 815.936889648438 815.006256103516 812.414428710938 804.027725219727 792.395278930664 800.212387084961 804.986999511719 802.582290649414 792.814559936523 778.329284667969 777.12287902832
