data/spatiotemp/temp4/bio4_norsw_test_2015_2018.asc
NCOLS 654 
NROWS 380 
XLLCORNER 3.91666666666667 
YLLCORNER 55.3333333333333 
CELLSIZE 0.0416666666666667 
NODATA_value -9999 
[rows 110 to 131 of 380, columns 600 to 649 of 654]
964.29411315918 971.522384643555 979.991455078125 987.693634033203 995.608428955078 1002.30639648438 1006.83969116211 1006.62100219727 1001.48234558105 998.066314697266 1000.93571472168 996.890655517578 989.480438232422 977.825744628906 967.862152099609 969.725494384766 976.743148803711 989.458404541016 996.640609741211 991.661148071289 984.948364257812 986.935180664062 989.304779052734 987.729370117188 985.389572143555 987.731170654297 991.132965087891 983.320495605469 975.665542602539 979.572143554688 975.510299682617 978.243957519531 979.282821655273 980.870895385742 978.576644897461 978.452056884766 974.246459960938 979.5673828125 983.861312866211 991.204223632812 998.024475097656 1003.31156921387 1002.86347961426 1005.52891540527 997.159088134766 994.150604248047 995.900939941406 991.492950439453 989.956466674805 989.033782958984
975.833724975586 978.439819335938 980.269821166992 985.17756652832 993.586486816406 1001.81286621094 1007.76853942871 1011.74969482422 1009.86027526855 1007.89540100098 1008.63804626465 1007.27893066406 1001.76202392578 995.091323852539 988.932022094727 987.016616821289 988.630111694336 990.766494750977 993.715057373047 993.801132202148 990.819793701172 987.876312255859 986.407730102539 980.518692016602 972.212341308594 970.551010131836 982.733581542969 979.878540039062 978.646530151367 975.879104614258 980.003128051758 979.15217590332 979.791717529297 984.438049316406 986.663711547852 991.592208862305 994.487380981445 992.022018432617 991.716598510742 992.734756469727 996.438613891602 1001.49139404297 1002.80145263672 1001.66493225098 1001.34715270996 995.334197998047 992.416702270508 996.769165039062 993.862670898438 994.879470825195
981.688613891602 983.71240234375 982.615936279297 986.113525390625 991.483947753906 998.277404785156 1006.21412658691 1015.66557312012 1017.22418212891 1016.27223205566 1015.93383789062 1014.34020996094 1009.37632751465 1005.57112121582 1003.91815185547 998.988418579102 992.914077758789 988.39501953125 985.037551879883 991.403442382812 995.543060302734 992.044692993164 989.533050537109 976.310989379883 972.050064086914 966.327377319336 974.577758789062 981.70964050293 982.436462402344 976.145416259766 979.702331542969 974.376953125 973.508148193359 974.239959716797 985.486312866211 993.118408203125 994.943435668945 986.037750244141 979.051467895508 975.564208984375 982.486373901367 995.532531738281 1000.79850769043 995.270446777344 994.267578125 994.594772338867 994.52880859375 996.563552856445 997.286849975586 993.212158203125
979.611892700195 983.566299438477 985.69303894043 989.259017944336 993.095275878906 996.39518737793 1001.85987854004 1008.79681396484 1012.01612854004 1010.01856994629 1010.59580993652 1010.47299194336 1009.60028076172 1008.28825378418 1008.79542541504 1004.49621582031 996.642181396484 988.283660888672 988.402328491211 990.090637207031 994.518508911133 996.798233032227 997.26887512207 993.601638793945 993.722839355469 989.366470336914 986.331115722656 985.573852539062 983.204452514648 979.284591674805 974.156143188477 962.984634399414 956.510437011719 965.645645141602 972.267425537109 974.57470703125 975.575942993164 970.703048706055 965.410888671875 969.897689819336 982.325759887695 996.295883178711 994.564331054688 986.783767700195 982.301239013672 992.629745483398 1002.65693664551 1000.8412322998 1002.99978637695 1005.10256958008
984.822479248047 986.796890258789 987.148422241211 988.163833618164 990.123748779297 991.070587158203 994.28532409668 999.518264770508 1002.67034912109 1000.43319702148 999.386093139648 1002.44990539551 1000.19136047363 997.853546142578 998.767913818359 999.711975097656 995.136627197266 992.48860168457 992.724609375 995.574356079102 998.25910949707 997.748153686523 995.792831420898 991.620193481445 986.958206176758 985.943374633789 979.641464233398 968.849868774414 968.698608398438 966.918350219727 962.689254760742 961.048721313477 962.637832641602 958.704925537109 957.066665649414 959.035400390625 970.96940612793 980.96028137207 985.8974609375 992.820022583008 997.071594238281 999.132125854492 991.35595703125 985.474365234375 984.987503051758 993.060302734375 1003.4605255127 1006.75802612305 1004.34925842285 999.508972167969
981.432403564453 982.515151977539 985.903030395508 989.070419311523 986.985046386719 984.184783935547 987.260192871094 988.665557861328 990.370834350586 1000.71374511719 999.131149291992 998.659133911133 999.358703613281 995.190612792969 991.089569091797 988.587692260742 988.377868652344 991.646881103516 994.426620483398 994.701232910156 994.608413696289 992.756454467773 991.574600219727 987.703109741211 983.596633911133 978.839859008789 966.807357788086 953.638793945312 955.407012939453 961.244842529297 964.726455688477 963.081939697266 962.585357666016 961.034332275391 963.998901367188 968.058486938477 970.080413818359 977.227874755859 984.285903930664 988.000076293945 984.444976806641 980.013549804688 975.54866027832 977.990768432617 978.07878112793 981.079254150391 990.015167236328 998.468780517578 1002.54747009277 997.815200805664
966.294219970703 971.249038696289 978.171478271484 983.703063964844 986.263198852539 987.533554077148 988.372131347656 989.843719482422 993.15885925293 991.715362548828 991.319381713867 989.725433349609 989.307708740234 988.947662353516 990.966949462891 993.492401123047 996.444427490234 996.295684814453 996.843673706055 993.338302612305 985.370193481445 975.446395874023 974.380264282227 969.4580078125 966.222732543945 969.652847290039 951.462875366211 942.84211730957 947.678512573242 953.240707397461 958.312347412109 962.237777709961 961.850814819336 966.862457275391 971.799987792969 966.882568359375 968.309783935547 971.031112670898 970.851898193359 966.405563354492 964.679473876953 967.752380371094 971.962783813477 974.161743164062 970.693511962891 964.624923706055 965.480346679688 981.055099487305 995.85188293457 1002.04867553711
961.812683105469 958.478073120117 959.931701660156 969.176391601562 979.18928527832 983.085388183594 984.345977783203 984.450347900391 988.233047485352 989.856201171875 995.087142944336 996.358001708984 995.391479492188 994.115661621094 993.543258666992 995.628829956055 999.651168823242 1002.51290893555 1002.56687927246 999.107467651367 995.096588134766 992.667572021484 983.087280273438 975.702072143555 978.551467895508 976.090316772461 975.704376220703 975.018280029297 976.702178955078 973.75114440918 968.039016723633 966.313400268555 966.356826782227 970.395294189453 973.287948608398 971.968933105469 975.375686645508 979.042877197266 981.959106445312 980.574066162109 973.610229492188 970.028244018555 971.490447998047 971.220703125 971.173187255859 970.327987670898 966.875701904297 966.766738891602 972.383102416992 974.03630065918
960.71711730957 961.284866333008 966.34130859375 973.205093383789 977.847930908203 978.568435668945 972.482528686523 961.970855712891 963.968109130859 969.843612670898 980.165054321289 988.325088500977 992.832962036133 993.424285888672 992.100280761719 991.921112060547 993.345733642578 994.573532104492 991.89599609375 987.901229858398 981.932083129883 976.861907958984 970.175582885742 966.189102172852 970.866394042969 978.102035522461 981.671340942383 980.921493530273 980.135467529297 977.046676635742 973.927474975586 967.840530395508 964.14404296875 966.852020263672 968.787445068359 973.238815307617 972.230712890625 966.573120117188 968.00373840332 972.651306152344 974.3818359375 977.134033203125 979.445831298828 978.512420654297 979.376617431641 967.880493164062 952.908096313477 948.508361816406 949.225875854492 950.149108886719
955.898529052734 958.547882080078 961.320129394531 965.276062011719 964.18928527832 955.62190246582 947.613189697266 951.084533691406 959.144790649414 964.143615722656 970.151641845703 976.728439331055 982.152679443359 983.496932983398 984.637145996094 986.972274780273 988.242736816406 984.727386474609 978.528335571289 974.874389648438 976.011505126953 976.86930847168 975.272048950195 970.925567626953 968.911468505859 973.555419921875 979.842239379883 982.46484375 979.758453369141 977.591400146484 979.117324829102 977.155395507812 972.022720336914 967.164260864258 967.760345458984 971.301727294922 973.15104675293 968.726547241211 961.801055908203 965.9482421875 973.509979248047 970.411193847656 965.843948364258 960.287612915039 956.452041625977 947.937683105469 940.733261108398 943.550201416016 947.059448242188 950.389953613281
952.196426391602 955.811309814453 955.122863769531 956.415740966797 954.091613769531 943.623123168945 947.575073242188 954.455230712891 960.14680480957 961.26286315918 956.158538818359 958.963745117188 965.16926574707 972.644897460938 978.492752075195 983.578079223633 986.235290527344 987.40168762207 986.198257446289 980.096817016602 967.520660400391 960.992645263672 965.853164672852 970.730972290039 974.425872802734 978.895080566406 981.275405883789 977.825729370117 978.764236450195 980.436325073242 973.86506652832 959.961563110352 963.325088500977 968.288497924805 970.746826171875 972.432067871094 968.455307006836 963.866638183594 965.404067993164 971.353424072266 970.000671386719 967.83430480957 959.981475830078 947.8515625 938.800857543945 934.16633605957 933.100784301758 934.93408203125 939.524490356445 943.067565917969
952.325347900391 953.171722412109 954.356094360352 954.312149047852 950.798889160156 948.328994750977 952.804443359375 957.145980834961 957.579879760742 958.091934204102 957.233825683594 958.709899902344 962.187591552734 965.615783691406 969.032424926758 977.11979675293 983.001815795898 986.012390136719 983.730117797852 976.792694091797 972.304580688477 972.043090820312 975.428405761719 978.890335083008 983.670562744141 985.834320068359 982.73713684082 973.896743774414 972.791473388672 973.877777099609 972.241546630859 970.673522949219 969.842025756836 967.601409912109 970.251007080078 974.106353759766 968.989120483398 962.561676025391 961.103332519531 963.423080444336 964.056533813477 959.318664550781 955.57014465332 947.794677734375 941.781585693359 934.04182434082 930.928482055664 932.562911987305 933.070907592773 934.329376220703
952.213409423828 955.161758422852 956.441390991211 956.353897094727 952.08837890625 951.561996459961 954.541168212891 955.793975830078 949.729827880859 947.272827148438 952.040588378906 955.673980712891 958.272094726562 964.543106079102 968.503280639648 966.83918762207 966.215774536133 973.217987060547 977.996383666992 974.771377563477 976.980926513672 981.78173828125 985.455352783203 986.777542114258 987.891525268555 988.587371826172 985.913314819336 979.715606689453 977.565124511719 977.784194946289 978.916564941406 974.944259643555 966.220428466797 966.529266357422 967.737274169922 968.730133056641 964.411071777344 961.878005981445 966.251571655273 972.039840698242 971.663879394531 957.029907226562 943.403228759766 936.379302978516 933.613464355469 936.752517700195 943.285095214844 948.973373413086 944.514678955078 934.435852050781
944.293304443359 946.677947998047 947.703506469727 948.838516235352 951.163040161133 950.803695678711 948.174591064453 947.242645263672 947.973327636719 943.742340087891 948.360778808594 954.022415161133 956.349990844727 957.790100097656 960.893753051758 961.300659179688 963.399200439453 968.884078979492 971.451446533203 971.312271118164 975.319961547852 982.474853515625 985.193588256836 985.734359741211 987.109359741211 987.480224609375 987.765151977539 985.971969604492 985.680938720703 985.110336303711 986.033782958984 987.007766723633 985.411148071289 981.620376586914 974.772384643555 970.042755126953 962.065979003906 954.337310791016 964.00927734375 964.518508911133 964.412261962891 954.398361206055 940.485977172852 933.235748291016 932.428329467773 936.469985961914 939.753189086914 941.646194458008 938.374557495117 932.430297851562
942.976425170898 941.968933105469 942.387725830078 944.002792358398 946.168991088867 947.407333374023 947.960601806641 952.203216552734 955.110122680664 952.277389526367 954.316207885742 960.903503417969 964.590744018555 961.900039672852 962.288330078125 964.055770874023 965.926452636719 964.988952636719 965.059799194336 967.465454101562 970.294067382812 976.487564086914 977.980819702148 978.010070800781 980.503875732422 983.32780456543 984.853530883789 982.238555908203 983.845092773438 985.244918823242 986.784957885742 989.82746887207 991.584854125977 988.002456665039 983.965103149414 983.648681640625 980.461410522461 970.795989990234 964.507629394531 960.148834228516 955.701873779297 949.275787353516 945.347091674805 946.328964233398 950.73811340332 943.44026184082 931.93034362793 929.733840942383 932.13151550293 931.355819702148
946.159042358398 941.139221191406 938.975158691406 936.770034790039 937.44709777832 940.635696411133 946.063430786133 952.018630981445 955.925598144531 953.0576171875 951.250213623047 954.720626831055 959.180480957031 959.516860961914 961.818695068359 964.867080688477 965.415115356445 965.059066772461 967.913635253906 971.2109375 971.029052734375 972.980331420898 974.079299926758 973.264617919922 974.833389282227 979.635009765625 982.469680786133 980.974212646484 983.342956542969 985.439636230469 985.979019165039 986.353286743164 985.479614257812 983.543701171875 983.062164306641 984.752365112305 986.667404174805 981.919876098633 971.789810180664 967.448516845703 967.376770019531 963.070709228516 961.831512451172 962.811904907227 964.527679443359 951.778060913086 942.890075683594 945.186737060547 951.082962036133 951.964126586914
945.264312744141 938.784942626953 935.06787109375 933.453948974609 932.533966064453 933.976455688477 938.499664306641 943.315124511719 948.019515991211 948.947280883789 948.195755004883 949.628448486328 954.00016784668 959.082748413086 961.700988769531 965.202529907227 966.202026367188 968.312118530273 972.876937866211 975.459884643555 975.208389282227 972.814437866211 970.14436340332 971.406005859375 971.504470825195 975.277481079102 977.682632446289 981.036819458008 982.534591674805 983.269607543945 981.99641418457 978.025146484375 975.177734375 975.084136962891 977.619262695312 981.50553894043 984.62255859375 982.365982055664 976.96826171875 976.301345825195 976.539367675781 978.072448730469 975.125137329102 970.503341674805 969.266708374023 964.483413696289 960.272079467773 962.997985839844 966.802780151367 972.817443847656
944.00895690918 936.800903320312 935.437515258789 936.422760009766 937.478530883789 937.611740112305 939.063079833984 940.955703735352 945.237731933594 948.851089477539 949.251647949219 950.885696411133 955.446197509766 960.525283813477 963.484848022461 966.630920410156 967.832733154297 965.361709594727 965.701431274414 970.059020996094 972.24821472168 970.43391418457 967.306335449219 969.342819213867 969.938323974609 971.491760253906 973.613616943359 976.818542480469 978.495986938477 976.204986572266 972.833633422852 967.525802612305 967.008163452148 971.037658691406 974.686386108398 977.455673217773 979.787887573242 977.217834472656 975.569259643555 976.453414916992 976.022018432617 976.833374023438 975.959548950195 972.826431274414 971.514129638672 969.144409179688 962.896224975586 962.626113891602 969.689483642578 978.77409362793
946.842910766602 941.21940612793 936.179443359375 938.100677490234 942.24104309082 939.382583618164 937.75407409668 942.65397644043 946.519561767578 948.76057434082 949.257217407227 953.251251220703 957.866592407227 960.162155151367 962.545166015625 967.966094970703 970.542892456055 960.92057800293 953.167510986328 960.239517211914 965.620986938477 965.147155761719 963.692260742188 965.710800170898 966.828277587891 968.871490478516 970.688446044922 971.833633422852 973.1103515625 973.92546081543 976.729385375977 974.390975952148 970.601791381836 975.453063964844 979.238220214844 978.621383666992 974.765609741211 974.013412475586 978.630249023438 978.522079467773 975.992874145508 976.146408081055 975.001235961914 973.228454589844 972.132202148438 968.614456176758 961.523315429688 962.851684570312 972.635711669922 982.381759643555
950.104064941406 947.728851318359 941.043807983398 941.023406982422 941.987152099609 939.126968383789 937.31982421875 942.971740722656 947.803146362305 951.538665771484 951.858978271484 955.548065185547 960.429168701172 963.061553955078 964.86442565918 965.192230224609 965.69255065918 964.335433959961 956.742492675781 955.400527954102 956.958114624023 954.791061401367 954.48974609375 959.141860961914 962.157730102539 963.408966064453 963.514877319336 963.369995117188 963.977508544922 968.163208007812 973.740447998047 972.26530456543 969.628387451172 972.605407714844 976.306076049805 976.584716796875 975.820922851562 977.03694152832 981.59423828125 979.715393066406 975.318634033203 976.550659179688 974.661102294922 971.472412109375 972.083511352539 968.836608886719 966.49723815918 970.792419433594 975.658416748047 977.372573852539
946.54801940918 942.516632080078 939.8544921875 939.7607421875 940.895874023438 939.245040893555 941.730728149414 945.788528442383 950.382873535156 955.157012939453 957.334716796875 957.77864074707 956.054458618164 956.170837402344 959.932403564453 960.226425170898 961.782730102539 964.617309570312 965.051712036133 963.458374023438 960.397506713867 956.461441040039 956.638702392578 960.754211425781 964.895935058594 965.783401489258 964.907730102539 963.976303100586 965.612777709961 966.614883422852 967.773941040039 965.039672851562 963.899429321289 967.306640625 971.32991027832 973.321090698242 972.590454101562 973.274520874023 977.497329711914 979.355850219727 977.805328369141 976.479385375977 971.152587890625 968.769790649414 969.143768310547 969.934219360352 972.188018798828 975.469970703125 976.397705078125 972.148010253906
939.615524291992 940.048690795898 937.354034423828 934.217254638672 936.809936523438 940.240341186523 941.061996459961 944.460235595703 949.110504150391 954.150512695312 953.155166625977 951.666519165039 953.125534057617 955.456695556641 957.987670898438 963.418823242188 967.615768432617 966.993530273438 964.113357543945 964.288879394531 966.081008911133 965.83967590332 963.934417724609 966.118560791016 971.299194335938 973.051818847656 970.989593505859 969.278015136719 970.431945800781 968.949462890625 969.040908813477 968.913543701172 968.007354736328 970.047210693359 972.956924438477 976.240386962891 978.149291992188 977.304901123047 977.873306274414 977.560623168945 972.750427246094 971.513122558594 972.565200805664 973.104721069336 973.68928527832 973.954147338867 974.713806152344 974.589691162109 973.633026123047 969.264984130859
