data/spatiotemp/temp4/bio4_norsw_test_2015_2018.asc
NCOLS 654 
NROWS 380 
XLLCORNER 3.91666666666667 
YLLCORNER 55.3333333333333 
CELLSIZE 0.0416666666666667 
NODATA_value -9999 
[rows 44 to 65 of 380, columns 300 to 349 of 654]
-9999 -9999 -9999 -9999 -9999 -9999 -9999 -9999 -9999 -9999 -9999 491.335960388184 496.83650970459 514.31143951416 537.918067932129 542.968727111816 555.101211547852 565.651458740234 583.577239990234 592.344772338867 592.004699707031 590.032760620117 590.411010742188 592.67610168457 610.775085449219 621.331390380859 632.544815063477 629.603866577148 629.762008666992 646.501403808594 651.842025756836 656.357986450195 661.434524536133 666.775405883789 672.955444335938 665.6328125 648.236373901367 609.950119018555 621.271224975586 631.888122558594 630.579284667969 656.064865112305 680.341506958008 701.421752929688 697.386108398438 685.091949462891 696.73779296875 662.985244750977 645.685211181641 679.865692138672
-9999 -9999 -9999 -9999 -9999 -9999 -9999 -9999 433.834144592285 437.086853027344 -9999 -9999 506.492080688477 515.851921081543 541.982833862305 547.695205688477 551.916786193848 568.70524597168 582.864105224609 585.907485961914 586.709365844727 592.339828491211 611.725006103516 618.236373901367 605.480834960938 625.71125793457 645.465881347656 640.609283447266 653.55256652832 668.710510253906 675.144592285156 677.482498168945 678.972885131836 676.629806518555 676.126312255859 669.789306640625 662.946746826172 620.773361206055 624.286529541016 628.443817138672 632.509124755859 669.587310791016 698.066268920898 688.99951171875 654.827743530273 670.120346069336 706.252548217773 704.76872253418 695.633270263672 726.777801513672
-9999 -9999 -9999 -9999 -9999 -9999 -9999 -9999 -9999 -9999 -9999 485.097938537598 500.04573059082 520.691909790039 548.813354492188 562.207183837891 551.658226013184 565.201904296875 580.99153137207 598.788833618164 616.323013305664 631.634918212891 627.580932617188 637.596389770508 647.81867980957 640.547241210938 639.666229248047 658.312316894531 671.68473815918 676.785232543945 671.472229003906 668.548110961914 673.294052124023 679.69303894043 680.998596191406 671.278228759766 667.258529663086 630.37760925293 636.189727783203 637.478424072266 663.773132324219 697.930511474609 701.838241577148 698.509796142578 705.302825927734 715.499053955078 729.620498657227 743.581069946289 750.548538208008 754.401519775391
-9999 -9999 -9999 -9999 -9999 -9999 -9999 -9999 -9999 -9999 -9999 488.587882995605 497.73063659668 534.458801269531 565.423385620117 566.622512817383 560.681602478027 564.416976928711 593.660736083984 604.581619262695 607.547424316406 623.363540649414 641.19499206543 643.920486450195 651.892333984375 617.58528137207 611.310668945312 634.918701171875 655.093368530273 657.693801879883 656.515686035156 662.246124267578 656.635284423828 650.096786499023 651.120468139648 655.499557495117 656.876022338867 632.703460693359 -9999 638.799118041992 653.725875854492 679.641067504883 689.847045898438 705.313552856445 716.235397338867 715.812210083008 717.20686340332 733.395645141602 752.86979675293 760.496490478516
-9999 -9999 -9999 -9999 -9999 -9999 -9999 -9999 -9999 -9999 -9999 507.698692321777 521.430854797363 542.050521850586 566.91374206543 571.344329833984 579.119384765625 588.296585083008 606.866500854492 619.615615844727 628.557022094727 627.474685668945 628.290420532227 630.985275268555 583.882659912109 584.906478881836 598.836242675781 625.539260864258 638.130355834961 641.861328125 661.525756835938 -9999 656.724243164062 629.004455566406 635.801666259766 629.961776733398 630.11474609375 635.429122924805 663.647186279297 682.014511108398 677.421417236328 697.210296630859 707.740234375 699.911926269531 700.961013793945 707.977127075195 719.856689453125 731.299865722656 737.120803833008 734.687240600586
-9999 -9999 -9999 -9999 -9999 -9999 -9999 -9999 504.632568359375 495.575126647949 530.058029174805 543.329528808594 551.728210449219 562.202659606934 591.620971679688 593.129486083984 591.143661499023 592.601211547852 606.076293945312 621.075134277344 634.033798217773 645.322387695312 -9999 -9999 -9999 583.167129516602 587.064392089844 585.649993896484 -9999 587.774993896484 627.13151550293 655.128295898438 650.789321899414 637.961212158203 632.871780395508 627.647735595703 638.367614746094 671.711181640625 686.354537963867 677.921203613281 681.885543823242 704.707717895508 724.796249389648 721.900085449219 725.178817749023 737.65348815918 741.356338500977 744.328750610352 743.925674438477 738.966125488281
-9999 462.513252258301 459.234031677246 454.448585510254 -9999 -9999 -9999 -9999 507.745262145996 520.384048461914 544.49063873291 570.750305175781 584.858367919922 588.149322509766 578.309967041016 566.577575683594 578.691833496094 590.247650146484 594.665557861328 572.403030395508 -9999 -9999 -9999 546.501663208008 583.445831298828 601.568161010742 617.554138183594 613.796096801758 611.38525390625 623.07470703125 646.836013793945 673.638641357422 669.288864135742 668.534652709961 663.950134277344 660.055969238281 684.468811035156 666.436508178711 665.132919311523 658.201400756836 646.420608520508 680.423736572266 717.168334960938 713.230667114258 714.892990112305 738.334213256836 753.724533081055 757.893905639648 764.206909179688 775.542556762695
-9999 480.091941833496 486.705703735352 484.055015563965 -9999 -9999 -9999 -9999 -9999 -9999 570.286911010742 549.019996643066 -9999 -9999 555.809837341309 564.957908630371 581.651779174805 596.733154296875 596.280792236328 579.062637329102 -9999 -9999 570.851821899414 586.603576660156 617.425659179688 632.973281860352 582.966049194336 598.965759277344 621.35969543457 634.018264770508 664.736801147461 682.570281982422 657.368804931641 669.361190795898 687.560592651367 686.118011474609 674.089752197266 661.754089355469 670.138305664062 674.391738891602 653.580459594727 662.704086303711 683.19287109375 664.033096313477 683.322067260742 708.410110473633 731.319625854492 747.954315185547 758.156784057617 783.379058837891
479.765464782715 494.122566223145 508.457962036133 489.351455688477 493.69815826416 -9999 491.559959411621 509.179077148438 -9999 -9999 -9999 -9999 -9999 -9999 -9999 -9999 -9999 -9999 -9999 -9999 -9999 -9999 569.478149414062 604.840148925781 -9999 599.075134277344 589.68132019043 631.066818237305 648.380447387695 660.643844604492 687.310928344727 696.766052246094 686.16423034668 689.482925415039 669.179779052734 644.832702636719 652.688766479492 675.544006347656 671.907424926758 687.128768920898 688.937713623047 668.340347290039 675.233993530273 671.547622680664 690.506042480469 724.202438354492 741.606384277344 746.092727661133 753.053146362305 779.007629394531
515.156318664551 525.160980224609 526.001968383789 521.203712463379 523.583786010742 498.525260925293 501.160217285156 517.154525756836 -9999 -9999 -9999 -9999 -9999 -9999 -9999 -9999 548.297668457031 544.567070007324 543.706390380859 550.925514221191 555.824989318848 563.823097229004 568.301200866699 -9999 -9999 557.607116699219 566.314735412598 613.719177246094 647.428207397461 657.640197753906 669.608673095703 697.069625854492 684.759201049805 678.233688354492 675.298263549805 669.975936889648 670.984115600586 697.532180786133 721.917526245117 719.188903808594 709.649765014648 700.837921142578 701.397644042969 692.551574707031 697.370101928711 701.96321105957 705.313278198242 709.714782714844 753.665817260742 786.017669677734
543.550834655762 551.163360595703 554.226188659668 557.982482910156 550.829727172852 525.041694641113 501.129402160645 505.120307922363 -9999 -9999 -9999 -9999 -9999 -9999 -9999 -9999 548.781227111816 553.327438354492 576.9794921875 582.911514282227 581.834442138672 580.638107299805 584.815246582031 592.456817626953 592.005020141602 588.640640258789 617.679397583008 648.004013061523 631.712417602539 655.600952148438 662.164916992188 677.564208984375 688.116409301758 686.729370117188 695.306457519531 708.750045776367 717.923385620117 733.899444580078 746.376815795898 736.907257080078 716.79443359375 726.769683837891 734.562149047852 729.653198242188 730.097763061523 723.209381103516 736.407043457031 773.637496948242 754.225036621094 728.385238647461
528.185218811035 556.192291259766 -9999 504.574234008789 498.335739135742 -9999 495.317588806152 496.265075683594 -9999 -9999 -9999 -9999 -9999 556.287178039551 566.490539550781 575.112518310547 -9999 582.208450317383 578.722595214844 605.380966186523 618.03466796875 616.65592956543 616.024475097656 617.535110473633 627.272537231445 620.317657470703 589.423675537109 599.660247802734 609.732345581055 622.77864074707 641.814193725586 645.564788818359 673.232116699219 700.392959594727 710.537002563477 721.175003051758 736.216720581055 746.825241088867 754.002182006836 753.937515258789 750.420837402344 742.448272705078 736.754302978516 740.836517333984 759.770477294922 772.86848449707 781.504150390625 775.350357055664 766.085876464844 755.479766845703
566.120010375977 571.978126525879 572.395706176758 516.250686645508 504.40746307373 -9999 -9999 -9999 -9999 -9999 -9999 -9999 586.304901123047 590.904220581055 586.388122558594 609.732757568359 627.527587890625 621.367767333984 611.885818481445 624.019989013672 599.826065063477 621.381134033203 652.248672485352 648.954544067383 642.89811706543 643.675430297852 649.238586425781 640.250610351562 634.641235351562 649.91618347168 649.708984375 664.618316650391 665.762222290039 694.727264404297 694.0947265625 684.240417480469 688.67805480957 693.997268676758 691.194152832031 698.379455566406 709.704055786133 748.889801025391 756.876724243164 744.03125 744.184677124023 741.384490966797 737.808563232422 750.333801269531 773.430282592773 786.958145141602
587.065383911133 578.998382568359 579.815002441406 569.138702392578 539.683616638184 -9999 -9999 -9999 -9999 -9999 528.394020080566 543.641510009766 592.026473999023 597.612762451172 596.545974731445 592.765777587891 584.620635986328 601.808090209961 601.993621826172 -9999 612.812103271484 605.048629760742 622.379501342773 620.521286010742 626.910339355469 630.732086181641 649.550003051758 668.507186889648 680.189147949219 691.79150390625 697.965713500977 709.690368652344 718.373153686523 706.487396240234 693.365982055664 684.177749633789 667.482650756836 667.530303955078 673.038970947266 677.704360961914 702.055282592773 744.775680541992 731.823654174805 712.107543945312 690.459579467773 686.339752197266 683.430801391602 683.656951904297 690.089767456055 736.97785949707
586.837341308594 585.260406494141 585.448425292969 572.185089111328 560.090232849121 494.800598144531 502.150611877441 -9999 -9999 537.20580291748 534.205879211426 556.223587036133 601.584030151367 595.735076904297 611.228042602539 609.430801391602 587.725982666016 587.871353149414 598.634384155273 615.262802124023 631.042877197266 639.339309692383 651.613616943359 661.385452270508 649.288772583008 642.910064697266 639.536834716797 636.328979492188 635.486404418945 666.674758911133 680.062408447266 692.604385375977 711.823196411133 709.426361083984 695.10139465332 690.769836425781 672.935012817383 661.576293945312 666.096389770508 706.441665649414 735.147537231445 697.974075317383 686.542129516602 686.510940551758 676.297027587891 676.659362792969 678.166946411133 668.412673950195 677.24641418457 700.827026367188
584.975524902344 593.814025878906 599.82145690918 587.802749633789 576.414169311523 581.013916015625 -9999 563.877449035645 591.167831420898 597.584320068359 604.757797241211 604.745788574219 606.002975463867 602.992935180664 618.312103271484 629.631286621094 615.691909790039 607.534713745117 609.699966430664 618.114013671875 631.959777832031 641.972030639648 657.021942138672 671.722137451172 674.63835144043 671.725372314453 662.824920654297 666.705261230469 668.934036254883 668.354431152344 685.984130859375 700.521591186523 682.532943725586 669.125885009766 669.124404907227 692.65364074707 722.347122192383 721.027084350586 706.597106933594 706.155349731445 730.587890625 716.914825439453 698.699432373047 691.99072265625 679.27018737793 672.238739013672 677.539093017578 688.180801391602 697.100708007812 699.165298461914
602.023101806641 600.448791503906 591.10595703125 586.063751220703 581.383010864258 592.083526611328 602.839096069336 598.821151733398 612.768417358398 621.572280883789 607.912902832031 608.286514282227 618.336227416992 628.24235534668 639.002105712891 628.934478759766 637.271301269531 652.04621887207 660.383117675781 666.447982788086 653.330078125 640.897598266602 640.147872924805 648.591323852539 629.547225952148 649.0693359375 672.746780395508 678.835968017578 678.482971191406 699.734100341797 714.455139160156 707.641525268555 690.910461425781 674.381713867188 686.667907714844 713.953857421875 698.150634765625 671.149185180664 666.287490844727 664.997665405273 673.748794555664 696.033050537109 741.011322021484 745.800674438477 713.425598144531 697.167221069336 674.473114013672 676.410400390625 704.384399414062 718.810684204102
596.726135253906 602.148834228516 592.807052612305 582.547912597656 597.543380737305 617.93115234375 626.811630249023 626.169692993164 631.729629516602 628.443862915039 621.176879882812 623.932678222656 608.828796386719 618.671783447266 621.154220581055 620.408569335938 610.636611938477 621.151901245117 656.797897338867 675.795440673828 679.946243286133 679.64697265625 679.983520507812 686.57666015625 674.64501953125 672.895690917969 662.448928833008 666.018402099609 695.623306274414 699.988784790039 677.446212768555 663.977340698242 665.694931030273 686.515258789062 690.678009033203 673.984237670898 667.456939697266 664.824768066406 657.504501342773 682.027359008789 678.874328613281 681.307891845703 714.202163696289 697.083267211914 680.454879760742 688.884460449219 678.567886352539 694.020889282227 692.05744934082 676.613922119141
596.356735229492 591.38232421875 590.46826171875 598.50407409668 604.985656738281 621.476928710938 634.876480102539 644.333831787109 639.028533935547 634.26676940918 630.16242980957 625.402816772461 610.518692016602 621.266510009766 625.766586303711 639.268463134766 633.771179199219 643.918014526367 668.561309814453 692.747756958008 689.82453918457 689.601547241211 698.128723144531 707.307800292969 705.214385986328 693.597366333008 690.210372924805 711.342529296875 712.453720092773 709.405715942383 710.113357543945 707.260177612305 703.317504882812 697.616836547852 692.514114379883 689.594421386719 681.54052734375 672.959121704102 660.062103271484 652.741653442383 661.307037353516 680.17333984375 711.659774780273 689.942962646484 681.748016357422 678.13932800293 698.172790527344 712.601409912109 707.067535400391 710.891647338867
607.305023193359 597.026062011719 604.899780273438 613.066680908203 625.374984741211 637.781723022461 649.239028930664 654.855102539062 646.837249755859 645.719711303711 658.461944580078 657.616317749023 648.888320922852 650.356948852539 657.370681762695 658.386520385742 661.597778320312 683.302108764648 698.544937133789 704.896240234375 707.301132202148 707.467391967773 707.92399597168 715.564270019531 708.84912109375 715.972442626953 708.88752746582 679.969970703125 693.879684448242 700.103134155273 713.100952148438 717.112182617188 721.227249145508 719.013031005859 710.729553222656 713.073593139648 718.197143554688 715.979721069336 712.320205688477 709.11247253418 711.752593994141 720.779937744141 729.783584594727 730.246704101562 724.635070800781 719.661285400391 724.79377746582 748.78092956543 755.743728637695 769.993545532227
609.768188476562 612.380813598633 613.941772460938 618.641632080078 633.99430847168 643.833480834961 653.16096496582 641.684509277344 645.461395263672 650.17919921875 656.70735168457 665.866027832031 655.025863647461 651.70246887207 608.389236450195 633.032928466797 657.683242797852 668.490982055664 674.525817871094 678.664428710938 685.752029418945 695.196182250977 707.189376831055 -9999 -9999 657.772079467773 661.784652709961 678.789291381836 692.954330444336 704.892532348633 713.166366577148 723.288009643555 733.045028686523 717.874572753906 716.491882324219 722.048126220703 728.721267700195 733.588714599609 727.814178466797 725.982666015625 734.317810058594 743.185928344727 746.885665893555 749.171951293945 755.354507446289 765.862915039062 774.360931396484 780.94416809082 783.363372802734 794.729949951172
628.267639160156 -9999 602.965042114258 616.244094848633 598.936645507812 583.036193847656 652.827178955078 584.69709777832 -9999 -9999 -9999 -9999 -9999 -9999 607.995254516602 629.635284423828 658.154205322266 -9999 -9999 -9999 -9999 640.355270385742 653.747039794922 635.503662109375 649.86328125 636.170486450195 646.292114257812 639.539260864258 652.080368041992 682.130676269531 687.868362426758 719.705078125 721.068923950195 717.566940307617 721.793762207031 722.624862670898 735.408630371094 741.795104980469 741.232711791992 737.167388916016 740.693420410156 758.298065185547 765.434036254883 762.344985961914 762.236999511719 770.670593261719 778.950576782227 782.096572875977 787.042984008789 798.075729370117
