data/spatiotemp/temp4/bio5_norsw_test_2015_2018.asc
NCOLS 654 
NROWS 380 
XLLCORNER 3.91666666666667 
YLLCORNER 55.3333333333333 
CELLSIZE 0.0416666666666667 
NODATA_value -9999 
[rows 176 to 197 of 380, columns 100 to 149 of 654]
-9999 -9999 -9999 -9999 -9999 -9999 -9999 -9999 -9999 -9999 -9999 16.8956246376038 -9999 17.1036806106567 17.1178278923035 17.3471531867981 17.382847070694 17.2518751621246 -9999 -9999 -9999 -9999 -9999 -9999 -9999 -9999 -9999 -9999 -9999 -9999 17.094722032547 17.33003282547 17.4830942153931 17.3692455291748 17.1911101341248 -9999 17.345555305481 17.4074993133545 17.4822914600372 17.2762217521667 17.3520822525024 17.4395799636841 17.5920777320862 17.6685767173767 17.6730756759644 17.784574508667 17.7750720977783 17.7525706291199 17.8910684585571 17.9365668296814
-9999 -9999 -9999 -9999 -9999 -9999 -9999 17.0711810588837 -9999 -9999 -9999 17.1556248664856 17.237152338028 17.2536807060242 17.3635420799255 17.5994029045105 17.6615142822266 17.6752080917358 17.479691028595 17.3623116016388 -9999 -9999 -9999 -9999 -9999 -9999 -9999 -9999 -9999 -9999 17.1081943511963 17.3427777290344 -9999 -9999 -9999 17.3849987983704 17.3843050003052 17.3192059993744 17.7909088134766 17.9105553627014 18.0206294059753 18.0393462181091 17.9706888198853 17.7100296020508 17.7493720054626 17.9749751091003 17.9736680984497 18.151017665863 17.9957399368286 18.0030827522278
-9999 -9999 -9999 -9999 -9999 -9999 -9999 -9999 -9999 -9999 17.1878876686096 17.3668580055237 17.5142798423767 17.4975252151489 17.7336010932922 17.8974046707153 17.95769739151 18.0004811286926 18.0479307174683 17.5032143592834 17.3668310642242 -9999 -9999 -9999 -9999 -9999 -9999 -9999 -9999 -9999 -9999 -9999 -9999 -9999 17.3748202323914 17.5481119155884 17.7939324378967 17.9582362174988 18.102264881134 17.9794211387634 17.8281311988831 18.2276296615601 18.2056083679199 18.2105050086975 17.9178509712219 17.9022812843323 17.7128477096558 17.7440586090088 17.4805705547333 17.3187515735626
-9999 -9999 -9999 -9999 16.9962668418884 17.0604686737061 17.2342185974121 17.5350828170776 17.6130385398865 17.5932807922363 17.5529689788818 17.6906561851501 17.8014345169067 17.9145321846008 18.0683856010437 18.2031707763672 18.172679901123 18.2191934585571 -9999 -9999 -9999 -9999 17.549834728241 17.5634632110596 17.628758430481 17.3557214736938 -9999 -9999 -9999 -9999 -9999 17.4485242366791 17.4924476146698 -9999 -9999 17.7713022232056 17.9542527198792 18.1234550476074 18.1626553535461 18.3078207969666 18.455463886261 17.9484753608704 17.8382744789124 17.6921324729919 17.2413218021393 17.0875248908997 16.8145368099213 17.1575491428375 17.1625618934631 17.016574382782
-9999 -9999 -9999 -9999 -9999 17.1232814788818 17.1872625350952 -9999 -9999 17.7859783172607 17.8855504989624 -9999 -9999 18.1942653656006 18.2227263450623 18.250075340271 18.2330622673035 18.2401738166809 18.2889952659607 18.1548037528992 17.9943499565125 18.0348491668701 17.8389382362366 17.8004412651062 17.7057838439941 17.561940908432 17.6251645088196 -9999 -9999 17.5591840744019 17.3873901367188 17.4086258411407 17.4626903533936 -9999 -9999 17.8284206390381 -9999 -9999 17.8973388671875 18.0957207679749 -9999 17.5300703048706 17.8073196411133 17.7203307151794 17.5091738700867 17.4080183506012 17.5528635978699 17.9237079620361 17.9035520553589 18.1933965682983
-9999 -9999 -9999 -9999 -9999 -9999 17.4803066253662 17.4940481185913 17.6208853721619 17.5536751747131 17.8531322479248 17.814254283905 17.9323062896729 18.0764985084534 18.0479545593262 18.0674114227295 17.9558777809143 18.0770764350891 18.2822751998901 18.1624736785889 18.1606736183167 18.3448724746704 18.0895709991455 18.1305203437805 18.1864700317383 18.3336687088013 -9999 -9999 -9999 -9999 17.5224015712738 17.5987792015076 -9999 -9999 17.9069004058838 17.7478156089783 17.9528384208679 17.9829320907593 17.5752754211426 17.9695286750793 18.5811305046082 17.9838066101074 17.416482925415 17.2354094982147 17.9053778648376 18.2695126533508 18.4161891937256 18.2388653755188 18.0405416488647 18.0152182579041
-9999 -9999 -9999 -9999 -9999 -9999 17.4733514785767 17.5976915359497 17.7993049621582 17.9598331451416 18.0349974632263 18.1820521354675 18.2593922615051 18.1200299263 18.249484539032 18.2329392433167 18.0320205688477 18.2307305335999 18.2214379310608 18.3751463890076 18.2748537063599 18.3705625534058 18.2252697944641 18.2279787063599 18.2476878166199 18.1639666557312 17.9955458641052 17.9562921524048 -9999 17.6228652000427 17.5640797615051 18.0385618209839 17.9498701095581 17.7676892280579 17.2789688110352 17.8760838508606 17.1478831768036 17.372261762619 17.5696406364441 17.9740195274353 18.1575989723206 18.4768285751343 -9999 18.1556558609009 18.125497341156 17.8510069847107 17.7605142593384 17.9690237045288 17.8725323677063 17.6220407485962
-9999 -9999 -9999 -9999 17.3523325920105 17.4121704101562 17.7788949012756 17.9968695640564 17.8948431015015 17.8620681762695 18.1589818000793 18.4375405311584 18.5830993652344 18.5836582183838 18.4312176704407 18.1907753944397 17.6071653366089 18.0023818016052 18.3015990257263 18.3278164863586 18.1070342063904 18.0988221168518 18.1795806884766 18.2444825172424 18.2613749504089 18.1056051254272 17.7776131629944 17.9096207618713 17.95698595047 16.9219532012939 17.1536991596222 18.1017804145813 17.4420709609985 17.5089390277863 16.8463518619537 17.5947666168213 17.3491785526276 16.9205920696259 16.929004907608 17.2014179229736 17.8017950057983 18.4728870391846 -9999 -9999 17.6616148948669 18.0544996261597 18.3868408203125 17.8691806793213 17.8885231018066 17.9013919830322
17.5840282440186 17.6776394844055 -9999 17.2116117477417 17.3479461669922 17.5259552001953 17.7194395065308 17.9725475311279 17.8616561889648 17.5176341533661 18.0872979164124 18.5949611663818 18.8436226844788 18.9595727920532 18.8557925224304 18.6992797851562 18.4114370346069 18.5275354385376 18.521454334259 18.557487487793 18.4299650192261 -9999 18.024516582489 18.0848693847656 17.8827228546143 18.143075466156 17.792064666748 17.5563025474548 18.1318907737732 18.0483379364014 17.7127857208252 17.981484413147 17.7114915847778 18.2495045661926 17.8175783157349 17.847026348114 17.9064741134644 17.9859223365784 18.0333704948425 18.1908183097839 18.0181279182434 17.8933019638062 17.9680533409119 18.5707902908325 -9999 18.5429940223694 18.5401668548584 18.5673394203186 18.9745125770569 -9999
17.8753061294556 17.9879860877991 -9999 -9999 -9999 17.5493230819702 17.9399828910828 18.1146335601807 18.1129689216614 18.1444621086121 18.341362953186 18.6452269554138 19.1818146705627 -9999 -9999 18.1934208869934 18.1222658157349 17.9972133636475 18.0496621131897 18.0466923713684 18.2870578765869 18.2024221420288 18.00927734375 17.9785408973694 18.5793404579163 -9999 17.05424451828 18.1212787628174 18.1352601051331 17.3415017127991 17.0148169994354 16.7305932044983 17.4938373565674 17.9463205337524 17.1848034858704 17.37628698349 17.4957692623138 18.0202512741089 17.9517345428467 17.9232177734375 17.5404615402222 17.6694660186768 17.9414720535278 18.2084774971008 18.1833400726318 18.8067722320557 -9999 -9999 18.7610025405884 18.6076517105103
18.1005835533142 18.1850843429565 18.1667265892029 18.0520834922791 -9999 -9999 -9999 -9999 -9999 18.5921578407288 17.6410365104675 17.9999136924744 18.1959338188171 18.2019543647766 17.9183626174927 17.9166731834412 17.8575944900513 17.8213410377502 17.4840860366821 18.1391248703003 18.1983675956726 18.2808222770691 17.8432841300964 17.0778124332428 17.0105576515198 18.4689693450928 17.8395490646362 18.318838596344 17.8959245681763 17.4464423656464 17.3989601135254 17.5264773368835 17.7354941368103 17.9223303794861 17.9840288162231 18.0225467681885 17.8570647239685 17.7065815925598 17.9580998420715 17.4556164741516 17.578794002533 17.5726308822632 18.0614681243896 17.4293065071106 18.2594623565674 18.9919810295105 -9999 18.5817666053772 18.6884932518005 18.7053308486938
18.1438612937927 18.2052841186523 18.291250705719 17.7956953048706 17.641731262207 -9999 -9999 -9999 18.086094379425 17.9848556518555 18.0136179924011 17.5301060676575 17.5411396026611 17.9212069511414 18.4486632347107 17.2296786308289 17.6157383918762 17.948992729187 17.596248626709 18.0025024414062 18.2597570419312 17.8450117111206 18.2762660980225 17.6665201187134 18.3007750511169 18.8135299682617 18.5387840270996 18.3165383338928 17.9857544898987 17.8485498428345 17.3361711502075 17.7543482780457 17.0725255012512 16.8707027435303 17.3902547359467 17.6328063011169 17.2393591403961 17.6369109153748 17.4724640846252 17.3300161361694 17.1941266059875 17.5267958641052 18.0375533103943 18.2881364822388 18.5898051261902 18.5498080253601 18.4381446838379 18.9760642051697 19.0533018112183 19.1439862251282
17.7651395797729 17.5843067169189 17.620644569397 17.6726393699646 -9999 17.882969379425 17.8982820510864 17.9615116119385 18.0210132598877 18.1875534057617 18.1047692298889 17.6615109443665 17.5131123065948 17.1970736980438 17.2522139549255 16.8471269607544 17.2988827228546 17.3266460895538 17.1784100532532 17.7261734008789 17.7799363136292 18.0667023658752 18.059464931488 18.6882295608521 18.9762649536133 18.405113697052 18.0948386192322 17.8222846984863 16.8129596710205 16.889545917511 16.330132484436 16.7747201919556 17.5963072776794 16.7638938426971 17.3684811592102 17.6690669059753 17.3706545829773 17.9042420387268 17.4518284797668 17.8104152679443 18.0504593849182 18.8453788757324 18.7927122116089 17.7195444107056 17.9994668960571 17.9429683685303 18.1034698486328 18.8512635231018 18.1892237663269 18.7191982269287
17.4104175567627 17.4679174423218 -9999 17.9829168319702 17.6525988578796 17.8404150009155 17.9968810081482 18.087474822998 17.7638254165649 18.3160815238953 18.2271127700806 17.7453083992004 17.1862456798553 16.9414293766022 16.4846131801605 15.8757975101471 16.543025970459 16.6972985267639 17.2445719242096 17.6818451881409 17.8601174354553 18.3033905029297 18.9926643371582 18.4999384880066 17.8638772964478 17.8454837799072 17.4587554931641 17.3670294284821 17.217976808548 17.4525980949402 17.3482208251953 17.0828413963318 16.8144626617432 16.4760844707489 16.9937062263489 17.7333288192749 18.3979496955872 18.373571395874 18.3131937980652 18.2728147506714 18.8537917137146 19.3471260070801 18.3894600868225 17.8397946357727 17.757128238678 18.3544626235962 18.960795879364 18.5631303787231 17.8544635772705 17.9247970581055
17.4895663261414 17.7455048561096 17.7361783981323 17.9278330802917 17.7136240005493 17.7631735801697 17.6333923339844 18.4496092796326 16.8678271770477 17.4800441265106 18.3574380874634 18.1844792366028 17.2522823810577 16.4613132476807 16.8253433704376 16.9333746433258 17.2006464004517 16.744158744812 16.7576723098755 17.3291852474213 17.789698600769 18.0902123451233 19.1577248573303 18.6342387199402 17.8847517967224 17.2892649173737 17.3027777671814 17.1442911624908 17.3812444210052 17.6216373443604 17.9830303192139 17.7084231376648 17.6948170661926 17.6432104110718 17.8416032791138 18.2199964523315 18.3753895759583 18.2407822608948 18.1341753005981 18.4855680465698 19.312388420105 18.2226395606995 17.9148898124695 17.8391394615173 18.0023889541626 18.7466397285461 18.7138895988464 18.5441384315491 18.2443890571594 18.6476392745972
16.1885871887207 16.8962886333466 17.2654354572296 16.7876918315887 16.5466821193695 18.1551055908203 17.4069800376892 17.7497324943542 17.576352596283 16.5919721126556 17.3725912570953 18.521981716156 18.3948307037354 17.8551177978516 18.4331231117249 18.265691280365 17.6462693214417 17.5911736488342 18.8418364524841 18.2161955833435 18.4895963668823 18.176118850708 18.4546480178833 17.4181323051453 16.5036170482635 16.4751007556915 16.9115850925446 17.3480696678162 17.5697617530823 17.1726632118225 16.7235641479492 17.132465839386 17.8813667297363 17.8022675514221 17.9421691894531 18.5120701789856 18.5069713592529 18.6128730773926 18.2747735977173 18.8676753044128 19.1852507591248 18.4734997749329 18.0587496757507 17.6360011100769 17.7012500762939 17.8004999160767 17.9907512664795 18.3540005683899 18.5492506027222 18.6465005874634
17.3883352279663 17.4080739021301 18.0005393028259 17.9276194572449 18.0433921813965 17.8457503318787 18.4472336769104 18.4763369560242 18.3703784942627 18.3727540969849 18.8647122383118 18.6968035697937 17.8673806190491 17.1225900650024 17.3087980747223 16.6100077629089 17.1188390254974 15.8192946910858 17.2307500839233 16.427205324173 17.0096604824066 16.6301157474518 17.2205712795258 18.0660271644592 16.8824820518494 16.3859376907349 16.0413925647736 16.9158480167389 17.6422810554504 17.4126899242401 17.8520994186401 18.2095074653625 18.1699166297913 17.7823266983032 18.0817356109619 18.0731463432312 18.2745547294617 18.6939640045166 18.6793732643127 18.4097819328308 18.5611124038696 18.3343625068665 18.3026127815247 18.2568626403809 18.1141114234924 18.0833621025085 18.2386112213135 18.343861579895 18.5601115226746 18.2913618087769
17.781129360199 18.3785247802734 17.8479442596436 17.4783172607422 18.3815102577209 18.6292524337769 18.3171410560608 17.6359391212463 16.8837375640869 16.6175360679626 17.6543345451355 17.8271322250366 19.0088186264038 17.7517285346985 17.321525812149 16.5903239250183 16.3679351806641 17.1703629493713 17.3697884082794 17.7352151870728 17.9896411895752 17.8780679702759 17.7764940261841 17.63592004776 16.9373469352722 17.0597739219666 17.4711995124817 18.0226268768311 18.4697985649109 18.7307162284851 18.3316330909729 18.2715501785278 17.7644672393799 17.8283853530884 18.1213030815125 18.5172200202942 18.9871373176575 17.9960541725159 18.2999725341797 17.6728897094727 17.8969721794128 17.9532232284546 18.1294727325439 18.07972240448 18.3139724731445 18.3452229499817 18.2984733581543 18.2307224273682 17.9129724502563 18.0342221260071
17.6296496391296 18.2281422615051 18.4263024330139 18.1286296844482 17.7028827667236 17.5586259365082 17.4721565246582 17.4765429496765 17.1949298381805 16.9243173599243 16.8597042560577 16.5520913600922 16.9184789657593 17.8078656196594 18.4292526245117 18.5776400566101 18.5640320777893 18.2734303474426 18.1988277435303 18.325225353241 18.2266221046448 18.0390195846558 17.8484172821045 17.7718148231506 17.9162130355835 18.6086096763611 19.3930077552795 19.0484042167664 18.5403161048889 18.0127410888672 17.0431673526764 17.4145922660828 17.2030177116394 16.9504432678223 17.4488687515259 17.8082947731018 18.6287198066711 18.4671459197998 18.5025715827942 17.2619965076447 17.0148334503174 17.4690828323364 17.9903340339661 17.959584236145 17.8058338165283 17.7960848808289 17.926332950592 18.0175833702087 17.950834274292 18.0320839881897
17.3886709213257 16.8613827228546 17.9601473808289 17.9839415550232 16.4358842372894 17.2159311771393 18.0971179008484 18.1876459121704 18.4608726501465 18.3350992202759 18.562075138092 18.4930505752563 18.7220287322998 18.7140040397644 18.4979815483093 18.502956867218 18.0931296348572 18.0064978599548 18.1108660697937 18.1732349395752 18.2996029853821 18.5639715194702 18.6963400840759 18.5157089233398 18.7770771980286 18.4154453277588 18.2558145523071 18.2951831817627 18.2438349723816 18.2247681617737 18.2117018699646 17.9686341285706 17.7935681343079 17.3495018482208 16.961434841156 16.2083692550659 16.2633023262024 17.1192367076874 18.5401692390442 18.8661031723022 17.5296950340271 17.3799457550049 17.5001935958862 17.7074451446533 17.7846946716309 17.7869448661804 17.5591950416565 17.2884449958801 17.395694732666 17.735945224762
16.4683032035828 16.6671013832092 17.3847692012787 18.6854376792908 18.0883870124817 18.3405084609985 17.3001081943512 17.8322496414185 18.6367697715759 19.2142691612244 18.9580564498901 18.9213962554932 18.8546600341797 19.3004584312439 20.044707775116 19.3082733154297 18.9732255935669 18.3015666007996 18.2759056091309 18.6772446632385 18.7565836906433 18.2529239654541 17.3492629528046 16.8576035499573 17.620943069458 16.5062825679779 15.9946222305298 16.9169616699219 16.1793529987335 16.5537941455841 17.2612354755402 17.8116774559021 17.5721197128296 17.6255598068237 17.32000207901 16.4934434890747 16.8848853111267 17.3843262195587 18.1357688903809 18.8152103424072 18.7545552253723 17.5058059692383 17.20405626297 17.1493055820465 16.603556394577 16.6348061561584 16.7540559768677 16.6773059368134 16.9525556564331 17.7438054084778
18.7640452384949 18.323664188385 18.139280796051 18.3231716156006 18.8168888092041 19.3770451545715 -9999 -9999 17.9105076789856 17.9155759811401 17.2958171367645 16.6289718151093 17.0651259422302 18.2192807197571 19.5734362602234 18.0905895233154 17.2203221321106 17.2506330013275 17.4599437713623 16.5392549037933 16.4315645694733 18.4108757972717 16.0771861076355 15.169497013092 17.2728083133698 16.5341188907623 15.1374294757843 15.212739944458 15.307870388031 15.5298202037811 16.6257698535919 16.6677196025848 16.164669752121 16.8846187591553 17.3335690498352 17.0895180702209 17.4434676170349 17.7484178543091 17.9173665046692 17.9123167991638 18.9054164886475 17.3606667518616 16.8989169597626 15.9391670227051 15.0674171447754 15.9376673698425 17.0429167747498 17.5461668968201 17.7084164619446 18.0176672935486
