data/spatiotemp/temp4/bio5_norsw_test_2015_2018.asc
NCOLS 654 
NROWS 380 
XLLCORNER 3.91666666666667 
YLLCORNER 55.3333333333333 
CELLSIZE 0.0416666666666667 
NODATA_value -9999 
[rows 88 to 109 of 380, columns 500 to 549 of 654]
20.7901225090027 20.7709488868713 20.7157778739929 20.7676057815552 20.7204322814941 20.7062602043152 20.6550879478455 20.5579147338867 20.4427418708801 20.3835701942444 20.3513984680176 20.2362236976624 20.2742652893066 20.2265200614929 20.197772026062 20.2190251350403 20.2482800483704 20.3255333900452 20.410786151886 20.4080410003662 20.3982939720154 20.3815479278564 20.3528017997742 20.2130541801453 20.2350993156433 20.1429347991943 20.1917700767517 20.2706069946289 20.3454413414001 20.4442777633667 20.4251127243042 20.445948600769 20.469783782959 20.5006198883057 20.5474543571472 20.5052905082703 20.3722248077393 20.5022587776184 20.5272922515869 20.6913256645203 20.7703595161438 20.797393321991 20.8014268875122 20.8474612236023 20.8324937820435 20.7885279655457 20.7965607643127 20.7955951690674 20.7447290420532 20.7219643592834
20.8966727256775 20.928765296936 20.8438596725464 20.8279538154602 20.7660465240479 20.7391409873962 20.650233745575 20.5563282966614 20.4514217376709 20.472514629364 20.5096082687378 20.4967031478882 20.4678239822388 20.4469742774963 20.3781232833862 20.3322734832764 20.3604216575623 20.3885722160339 20.385721206665 20.3408699035645 20.284019947052 20.3581690788269 20.4273176193237 20.255467414856 20.1353797912598 19.9390516281128 19.9377255439758 20.0393991470337 20.1620726585388 20.3147478103638 20.3574213981628 20.3680944442749 20.3067674636841 20.314441204071 20.3811149597168 20.4557886123657 20.4935779571533 20.5414843559265 20.5253901481628 20.6252975463867 20.7032036781311 20.7391104698181 20.7660155296326 20.7879223823547 20.8188290596008 20.7947354316711 20.864640712738 20.7445473670959 20.7547769546509 20.8223314285278
20.8952221870422 20.9665813446045 20.8659429550171 20.7743020057678 20.640661239624 20.5870213508606 20.5393810272217 20.4617404937744 20.4641003608704 20.3614616394043 20.3408212661743 20.3411812782288 20.4463844299316 20.4854288101196 20.4824738502502 20.501519203186 20.4595646858215 20.3436107635498 20.3686547279358 20.3996996879578 20.3847460746765 20.3247909545898 20.4588341712952 20.5218806266785 20.4576587677002 20.4191703796387 20.3536820411682 20.3281941413879 20.3697056770325 20.4892158508301 20.4387288093567 20.3862409591675 20.3207511901855 20.351263999939 20.346776008606 20.3662853240967 20.3529314994812 20.4437098503113 20.5764889717102 20.6322684288025 20.67604637146 20.6758255958557 20.7476048469543 20.7793846130371 20.8351640701294 20.9159417152405 20.9737200737 20.9614992141724 20.8138256072998 20.735698223114
20.8467721939087 20.8873982429504 20.8720245361328 20.6976494789124 20.6372756958008 20.5369019508362 20.4595289230347 20.3081541061401 20.2837815284729 20.3164072036743 20.2920327186584 20.3986597061157 20.3629422187805 20.3868837356567 20.379825592041 20.4387650489807 20.4427061080933 20.4636473655701 20.469587802887 20.5355296134949 20.5574707984924 20.5204110145569 20.5143518447876 20.5082931518555 20.4339394569397 20.3972887992859 20.4436383247375 20.4639873504639 20.4773368835449 20.5446858406067 20.4910354614258 20.4133863449097 20.3397350311279 20.2890839576721 20.1574349403381 20.054783821106 20.1152844429016 20.225935459137 20.3755879402161 20.4722390174866 20.511890411377 20.5995421409607 20.6781945228577 20.7418465614319 20.8304977416992 20.9071483612061 20.9177994728088 20.9174513816833 20.8148732185364 20.6760640144348
20.7723212242126 20.7812147140503 20.7981057167053 20.7499980926514 20.7118911743164 20.6917819976807 20.6326756477356 20.5075678825378 20.3904604911804 20.3953523635864 20.484245300293 20.4971375465393 20.4125022888184 20.4143385887146 20.4241762161255 20.4760112762451 20.4688496589661 20.5276851654053 20.5505218505859 20.5843596458435 20.5741963386536 20.4600329399109 20.4788694381714 20.4537062644958 20.3942184448242 20.4354066848755 20.4625930786133 20.4677810668945 20.4819688796997 20.5121555328369 20.5773439407349 20.5495309829712 20.497718334198 20.4659061431885 20.3440942764282 20.0802812576294 20.033637046814 20.1251611709595 20.2766857147217 20.4352097511292 20.352735042572 20.3052592277527 20.4457836151123 20.6463074684143 20.7958312034607 20.9043555259705 20.948881149292 20.9114046096802 20.8559212684631 20.8374304771423
20.8588714599609 20.866030216217 20.8041892051697 20.7213478088379 20.7155051231384 20.7546634674072 20.6668219566345 20.5389804840088 20.5151391029358 20.4462966918945 20.5214557647705 20.5126152038574 20.3410611152649 20.2577934265137 20.3605265617371 20.4802584648132 20.5369915962219 20.5977239608765 20.5674562454224 20.4641885757446 20.3829231262207 20.4106540679932 20.471387386322 20.499119758606 20.5294995307922 20.5415244102478 20.5135493278503 20.4085755348206 20.3276009559631 20.4356265068054 20.5626521110535 20.5406765937805 20.499701499939 20.4177279472351 20.3637542724609 20.2897796630859 20.3279905319214 20.3213872909546 20.4277844429016 20.5211811065674 20.5285773277283 20.4549746513367 20.4213733673096 20.5747699737549 20.6771664619446 20.7375631332397 20.8819608688354 20.9333567619324 20.9329681396484 20.9507966041565
20.8682980537415 20.9494214057922 20.8985457420349 20.8086705207825 20.7347941398621 20.6759171485901 20.6600408554077 20.5461654663086 20.5232882499695 20.5694127082825 20.5435361862183 20.5066604614258 20.3651485443115 20.1969990730286 20.1938514709473 20.3087019920349 20.4555535316467 20.5234041213989 20.5162553787231 20.5321068763733 20.5019578933716 20.5418090820312 20.6146612167358 20.5915122032166 20.6039500236511 20.6029758453369 20.5590014457703 20.5030264854431 20.4790525436401 20.5310773849487 20.5841031074524 20.5021290779114 20.3271536827087 20.3121795654297 20.3702049255371 20.3672308921814 20.3773584365845 20.4775867462158 20.5778155326843 20.6250448226929 20.6492748260498 20.6395039558411 20.6687331199646 20.6989631652832 20.7291922569275 20.7254214286804 20.8136496543884 20.890878200531 20.8493347167969 20.9490203857422
20.9316024780273 20.9233899116516 20.944179058075 20.8629679679871 20.7847561836243 20.7515435218811 20.7063312530518 20.6221203804016 20.5189080238342 20.6136965751648 20.6424832344055 20.5472726821899 20.5077633857727 20.4299554824829 20.3251476287842 20.2353415489197 20.2555351257324 20.3937273025513 20.5509190559387 20.6301116943359 20.6453051567078 20.5324969291687 20.4596905708313 20.5048823356628 20.5395722389221 20.4597601890564 20.3839473724365 20.5151348114014 20.5643229484558 20.5775094032288 20.4336972236633 20.3638858795166 20.4190731048584 20.4712595939636 20.4434475898743 20.3966355323792 20.3937397003174 20.5147595405579 20.621780872345 20.6708011627197 20.702823638916 20.738844871521 20.6978645324707 20.6838855743408 20.66490650177 20.7389273643494 20.8019485473633 20.7409691810608 20.6620211601257 20.56010389328
20.9869065284729 20.9063601493835 20.9218120574951 20.8932657241821 20.8467173576355 20.9161696434021 20.8586225509644 20.7590751647949 20.6375274658203 20.5619797706604 20.6534328460693 20.6728844642639 20.6443777084351 20.423912525177 20.2724471092224 20.217981338501 20.0935144424438 20.1180491447449 20.3785829544067 20.5341167449951 20.5676517486572 20.4091858863831 20.3447208404541 20.3512544631958 20.3331956863403 20.4235458374023 20.5038948059082 20.4952430725098 20.4435930252075 20.4279432296753 20.4182925224304 20.4266419410706 20.537992477417 20.5933418273926 20.5466909408569 20.4970407485962 20.5431218147278 20.6679339408875 20.7307457923889 20.7055587768555 20.7683725357056 20.813184261322 20.8069968223572 20.7548093795776 20.649621963501 20.5614342689514 20.5772471427917 20.6840596199036 20.725706577301 20.6241879463196
20.8922114372253 20.8553290367126 20.838445186615 20.8755631446838 20.9326786994934 20.8607964515686 20.8729124069214 20.9040293693542 20.8621473312378 20.7812647819519 20.7493796348572 20.6914978027344 20.6349945068359 20.4188694953918 20.4277443885803 20.3366203308105 20.1624965667725 20.2813715934753 20.3962464332581 20.4221220016479 20.4999971389771 20.4688725471497 20.4307494163513 20.3776240348816 20.4568176269531 20.4383306503296 20.535840511322 20.5273532867432 20.5568647384644 20.5173754692078 20.4228882789612 20.4363994598389 20.4759106636047 20.5514221191406 20.6339344978333 20.6464457511902 20.7075033187866 20.8041081428528 20.877712726593 20.8783168792725 20.8609204292297 20.8395256996155 20.8061285018921 20.7697334289551 20.69233751297 20.6889405250549 20.6525449752808 20.6921491622925 20.5603914260864 20.5382699966431
21.0645155906677 20.8822965621948 20.8100790977478 20.8958601951599 20.9086403846741 20.9624223709106 20.965202331543 20.9799838066101 20.9127655029297 20.878547668457 20.7403283119202 20.6801090240479 20.6226081848145 20.5258255004883 20.5160417556763 20.4232597351074 20.4094777107239 20.4726929664612 20.5269103050232 20.3901271820068 20.4613442420959 20.5145606994629 20.5917778015137 20.6599955558777 20.6714401245117 20.6671137809753 20.5817885398865 20.6114616394043 20.6321353912354 20.6238088607788 20.6234827041626 20.603157043457 20.4318289756775 20.4885025024414 20.5751776695251 20.6718502044678 20.7658848762512 20.7942814826965 20.8156771659851 20.8660740852356 20.8414688110352 20.7928643226624 20.7292609214783 20.6756563186646 20.7170524597168 20.8004484176636 20.8168439865112 20.8302407264709 20.7570772171021 20.6713547706604
21.0758194923401 21.1032657623291 21.0967121124268 20.9961566925049 21.0516018867493 20.9950480461121 21.0084929466248 21.0199384689331 20.9513854980469 20.8688306808472 20.6562752723694 20.6927223205566 20.7132244110107 20.6167817115784 20.6903405189514 20.5458979606628 20.4454584121704 20.5160155296326 20.595573425293 20.5971331596375 20.4286913871765 20.5072507858276 20.6028079986572 20.6923666000366 20.6030631065369 20.5488996505737 20.6117348670959 20.6395707130432 20.6624064445496 20.6312413215637 20.6220779418945 20.6809139251709 20.5457472801208 20.6455836296082 20.692419052124 20.6732549667358 20.6772685050964 20.7884554862976 20.8326416015625 20.8848309516907 20.9100179672241 20.9092054367065 20.8573927879333 20.8495802879333 20.8997673988342 20.875955581665 20.7971429824829 20.7393293380737 20.7327609062195 20.7434377670288
21.1601252555847 21.1932349205017 21.2013454437256 21.128454208374 21.0855641365051 21.0826740264893 21.0507845878601 20.9788947105408 20.778003692627 20.6401138305664 20.6292247772217 20.6913347244263 20.7658400535583 20.7297387123108 20.7306385040283 20.7285385131836 20.5794382095337 20.5163383483887 20.5652375221252 20.6691384315491 20.6590390205383 20.6379370689392 20.6458382606506 20.6477370262146 20.3896861076355 20.3166837692261 20.3226819038391 20.3716797828674 20.4696760177612 20.5966744422913 20.6386723518372 20.7506699562073 20.7766680717468 20.7556657791138 20.7886633872986 20.8446617126465 20.8626494407654 20.8526291847229 20.9076075553894 20.9135880470276 20.9545660018921 20.9655456542969 20.9435243606567 20.9595036506653 20.9664831161499 20.9104619026184 20.8414416313171 20.7844195365906 20.7674469947815 20.7315216064453
21.0794291496277 21.1342024803162 21.1199774742126 21.1927514076233 21.1705260276794 21.1013011932373 21.0450739860535 21.0148487091064 20.9686231613159 20.8493986129761 20.7131714820862 20.696946144104 20.6634540557861 20.7946963310242 20.8669371604919 20.8571786880493 20.8674192428589 20.86266040802 20.8519034385681 20.7751445770264 20.6903834342957 20.5336256027222 20.3888664245605 20.5341091156006 20.5443091392517 20.555468082428 20.3626275062561 20.1467885971069 20.2319483757019 20.557107925415 20.6932663917542 20.828426361084 20.9295864105225 20.7847471237183 20.8899059295654 20.9740662574768 20.9230308532715 20.8818020820618 20.9215726852417 20.9253430366516 20.9681143760681 20.9528851509094 20.7646555900574 20.7644262313843 20.8741979598999 20.7209687232971 20.6397390365601 20.7225112915039 20.7951316833496 20.8516035079956
20.8577337265015 20.9071726799011 21.0116100311279 21.0120482444763 21.1124873161316 21.0029273033142 20.8223652839661 20.9138040542603 20.952241897583 20.840681552887 20.7471213340759 20.6715588569641 20.6470694541931 20.7656526565552 20.7852354049683 20.8388185501099 20.954400062561 20.9639825820923 20.9365653991699 20.8671493530273 20.8007311820984 20.7273144721985 20.7498970031738 20.7584795951843 20.7259311676025 20.545253276825 20.3745756149292 20.3828964233398 20.5132179260254 20.711540222168 20.7958631515503 20.9211845397949 20.9385056495667 21.0118274688721 21.043149471283 20.8074703216553 20.7234129905701 20.8249750137329 20.8795375823975 20.8001008033752 20.8186626434326 20.887225151062 20.9447875022888 20.8313493728638 20.8399128913879 20.8124756813049 20.7820372581482 20.8646001815796 20.8588171005249 20.8026871681213
20.8130378723145 20.6671409606934 21.1242442131042 20.986346244812 20.6974501609802 20.6435532569885 20.59765625 20.4567580223083 20.6058616638184 20.7609634399414 20.873067855835 20.9001717567444 20.8776850700378 20.8656096458435 20.9095330238342 20.8934564590454 20.9373812675476 20.9143047332764 20.8822298049927 20.901153087616 20.8550777435303 20.9180030822754 20.9159269332886 20.8918509483337 20.8645539283752 20.7860374450684 20.6805214881897 20.5720052719116 20.6994895935059 20.6999731063843 20.7414569854736 20.7329411506653 20.5794253349304 20.7519087791443 20.9353928565979 20.9538764953613 20.8717942237854 20.6631498336792 20.6655025482178 20.7798571586609 20.8822112083435 20.935564994812 20.9219188690186 20.8232736587524 20.8776278495789 21.0369815826416 21.1293363571167 21.0976901054382 20.9805016517639 20.8127703666687
21.2743430137634 21.2561106681824 21.3298768997192 20.9416432380676 20.7824110984802 20.62317943573 20.407947063446 20.6617131233215 20.6114802360535 20.5712485313416 20.4900150299072 20.715784072876 20.8923010826111 20.9685649871826 20.9848313331604 21.0240960121155 21.0013613700867 20.972626209259 20.9498925209045 20.9381585121155 21.006422996521 21.0256886482239 20.9319548606873 20.9112215042114 20.9131765365601 20.8788223266602 20.8784685134888 20.7911148071289 20.7157611846924 20.7424058914185 20.8200521469116 20.8336987495422 20.7123441696167 20.7039895057678 20.9396357536316 21.0702800750732 20.9061760902405 20.9023232460022 20.8314690589905 20.6126127243042 20.7917609214783 21.0449061393738 21.0560503005981 21.119197845459 21.1093430519104 21.1124887466431 21.2196340560913 21.1787805557251 21.0611863136292 20.9668536186218
21.3916463851929 21.2330780029297 21.112509727478 21.1159420013428 21.0633726119995 20.7498044967651 20.5832366943359 20.7396683692932 20.6710996627808 20.587532043457 20.3809633255005 20.5213952064514 20.6379151344299 20.7565221786499 20.8881282806396 21.0857348442078 21.1213426589966 21.0919494628906 21.1075553894043 21.0971636772156 21.0247702598572 20.979377746582 20.9849843978882 21.0095915794373 20.9067997932434 20.8826079368591 20.8664155006409 20.8552227020264 20.782030582428 20.7818388938904 20.821647644043 20.8984551429749 20.8882627487183 20.9450707435608 20.957878112793 20.9956865310669 21.1075592041016 21.1284966468811 21.0474328994751 20.9783706665039 21.0193090438843 21.0892457962036 21.1101841926575 21.1001214981079 21.0660576820374 21.2189965248108 21.2259330749512 21.1538701057434 21.0578718185425 20.9079370498657
21.0982403755188 21.0625424385071 20.9598445892334 21.0061450004578 21.0504469871521 21.0017485618591 20.9610509872437 20.8103518486023 20.5796537399292 20.4819536209106 20.7102570533752 20.8035573959351 20.711040019989 20.8667020797729 20.896363735199 21.0920248031616 21.1806879043579 21.0243501663208 20.9560112953186 20.9146733283997 20.9013357162476 20.9119973182678 20.8876600265503 20.8003206253052 20.8174591064453 20.8540735244751 20.755687713623 20.6043004989624 20.4639158248901 20.5645289421082 20.7281432151794 20.8087587356567 20.872371673584 20.9849858283997 21.0145993232727 21.0772137641907 21.1171116828918 21.1172957420349 20.9594788551331 20.995662689209 21.0288453102112 20.9010286331177 21.0362124443054 21.1103954315186 21.1645789146423 21.1767625808716 21.1899461746216 21.1151294708252 21.0731825828552 20.9091057777405
21.298125743866 21.2735033035278 21.1768798828125 21.2082562446594 21.0926322937012 21.0980091094971 20.9843864440918 21.0627636909485 20.891140460968 20.8955173492432 20.9308938980103 20.9922704696655 20.8496747016907 20.9471039772034 20.8485345840454 20.9879651069641 20.9643959999084 20.8728270530701 20.9722566604614 20.9126873016357 20.9031167030334 20.8975477218628 20.8759779930115 20.8354086875916 20.8181571960449 20.6702208518982 20.6312851905823 20.6383500099182 20.5154132843018 20.5844774246216 20.7355427742004 20.8696069717407 20.8676714897156 21.030734539032 21.0477995872498 21.0958638191223 21.155837059021 21.1037216186523 21.1096043586731 21.0814881324768 21.0333714485168 21.0812554359436 21.2071399688721 21.157021522522 21.0009069442749 21.1107897758484 21.2076735496521 21.1645569801331 21.0811195373535 21.080361366272
21.5060105323792 21.5144629478455 21.4429154396057 21.3703675270081 21.2858185768127 21.1642699241638 21.1457228660583 21.0731739997864 21.0186266899109 21.102077960968 21.1655306816101 20.8939824104309 20.8593082427979 20.9695076942444 20.929705619812 20.8619050979614 21.0011038780212 21.0123023986816 21.0195021629333 20.9377012252808 21.0029001235962 20.9510984420776 20.8482990264893 20.8384981155396 20.8078532218933 20.7453680038452 20.7458839416504 20.6983976364136 20.6899127960205 20.7034268379211 20.8869404792786 21.072455406189 21.1289701461792 21.124484539032 21.1539993286133 21.154513835907 21.0665636062622 21.0061469078064 21.0867304801941 21.055314540863 21.0488977432251 21.1664819717407 21.2140650749207 21.1986498832703 21.2192330360413 21.1998176574707 21.1564002037048 21.145984172821 21.0870566368103 21.0786161422729
21.5928955078125 21.492422580719 21.2969508171082 21.279477596283 21.2680053710938 21.1165308952332 20.9760584831238 21.043586730957 21.0471138954163 21.0636396408081 21.0791673660278 21.0366940498352 20.9119429588318 20.905909538269 20.9638781547546 20.9328451156616 20.8308124542236 20.8017807006836 20.7987475395203 20.849714756012 21.0046825408936 20.9006495475769 20.6086177825928 20.5635852813721 20.6975522041321 20.7155165672302 20.8104801177979 20.9314460754395 20.8704109191895 20.9233751296997 20.9853391647339 21.1173048019409 21.1702699661255 21.2162346839905 21.1501984596252 21.1521644592285 21.1372876167297 21.1225728988647 21.1228561401367 21.149139881134 21.1974239349365 21.2657084465027 21.305992603302 21.2822771072388 21.2935619354248 21.256844997406 21.2101283073425 21.1764135360718 21.1779937744141 21.1928725242615
