data/spatiotemp/temp4/bio5_norsw_test_2015_2018.asc
NCOLS 654 
NROWS 380 
XLLCORNER 3.91666666666667 
YLLCORNER 55.3333333333333 
CELLSIZE 0.0416666666666667 
NODATA_value -9999 
[rows 198 to 219 of 380, columns 150 to 199 of 654]
17.6397790908813 18.0330286026001 17.320641040802 17.488618850708 17.7755942344666 17.4395713806152 17.384548664093 17.9305243492126 17.4295015335083 17.0454785823822 16.9064555168152 17.4934325218201 18.2074098587036 17.6123857498169 17.0166780948639 16.9222865104675 16.7418949604034 16.3995027542114 16.0801112651825 16.5407197475433 17.696328163147 17.6749362945557 17.6845445632935 18.6471524238586 18.7917613983154 17.664370059967 17.1771488189697 16.6841003894806 16.9250519275665 16.7580037117004 16.7619545459747 16.3019061088562 15.6658580303192 15.321809053421 14.7397606372833 15.3877115249634 16.2006633281708 16.1646149158478 16.6491231918335 16.6701905727386 17.2122569084167 17.362322807312 16.8893902301788 15.9664566516876 14.9235229492188 14.4475898742676 15.5836563110352 16.2297234535217 15.8457899093628 16.4118559360504
17.5346388816833 17.6788883209229 17.2095952033997 17.1597561836243 17.3849198818207 16.854080915451 17.6072435379028 17.7944045066833 17.812566280365 16.818728685379 15.9338908195496 16.3120529651642 17.1012148857117 16.6363775730133 17.2909207344055 16.5308473110199 15.9467742443085 16.0397005081177 16.4976267814636 17.2705540657043 17.2594799995422 16.6164062023163 17.0193336009979 17.9232597351074 18.5851860046387 18.3631129264832 18.2078084945679 18.0682744979858 17.4207401275635 17.2472057342529 17.29967045784 16.7121353149414 16.3126001358032 15.9000658988953 15.8995313644409 16.237996339798 16.7674622535706 16.8699276447296 16.6592137813568 16.3923208713531 16.7474272251129 17.0835344791412 16.5776417255402 15.5497488975525 14.0868554115295 14.1859629154205 15.0200700759888 15.0801770687103 15.2182848453522 15.8123915195465
17.4274997711182 17.1057500839233 17.0765490531921 17.2378959655762 17.2122428417206 16.89959025383 17.4979376792908 17.2152841091156 17.4486317634583 17.51797914505 17.2623255252838 16.36967253685 16.0580203533173 15.7363674640656 16.2391638755798 16.5374083518982 16.7226529121399 16.6098973751068 16.3031430244446 16.2813880443573 16.2576315402985 16.065877199173 16.4461214542389 17.4163670539856 17.873610496521 16.9048569202423 17.2064685821533 18.3304471969604 18.4624271392822 17.9654049873352 17.5933856964111 17.4853639602661 17.2143433094025 17.0153224468231 17.1333017349243 16.9152812957764 16.2352609634399 16.161239862442 16.618302822113 16.8464508056641 16.764598608017 16.9787454605103 16.5868933200836 16.0240411758423 14.9231884479523 15.0353364944458 15.467483997345 14.7136311531067 14.2517793178558 14.9539265632629
16.4353611469269 16.7016110420227 16.4165022373199 16.209034204483 16.660567522049 16.4650995731354 17.0796318054199 16.2391641139984 16.2386968135834 16.4792287349701 16.8487613201141 16.8432927131653 15.8338263034821 15.6103579998016 15.8154060840607 15.6879687309265 16.3005323410034 16.3860955238342 16.241658449173 16.0232212543488 16.7657837867737 16.8383476734161 16.775910615921 17.509473323822 17.3770370483398 16.5426003932953 16.6601278781891 17.6766209602356 17.7481136322021 17.4816074371338 17.501100063324 16.7765934467316 16.2880866527557 15.8675792217255 16.1890728473663 16.6795659065247 16.6120588779449 16.4175519943237 16.4033925533295 17.0495803356171 16.9847688674927 16.9559576511383 16.644145488739 16.5233333110809 16.579521894455 16.2177095413208 16.4798982143402 16.0540857315063 15.1172738075256 15.3334627151489
16.3925325870514 16.2898585796356 15.633880853653 15.1116015911102 15.7503218650818 16.2150428295135 16.4347627162933 16.5274827480316 16.0982036590576 15.8959243297577 15.767644405365 16.5463650226593 16.3400852680206 15.6068058013916 15.2599530220032 15.7035284042358 16.2221035957336 16.1386775970459 16.6762518882751 16.760826587677 16.2844009399414 16.0139758586884 16.4335505962372 17.4211258888245 16.8757002353668 16.5522751808167 16.673791885376 17.696249961853 17.3757081031799 17.09916639328 17.4836249351501 17.4590835571289 16.9895422458649 16.9369993209839 16.9754576683044 16.6699166297913 16.9483752250671 17.0618333816528 17.0675039291382 17.1363852024078 16.9802663326263 16.9561476707458 17.220029592514 17.154910326004 17.1617910861969 16.8596723079681 16.9995543956757 16.7734360694885 16.9723176956177 16.9201993942261
17.0670154094696 16.5524914264679 16.1046850681305 15.1145963668823 15.3995079994202 15.9954192638397 15.2783308029175 15.1542422771454 15.8521530628204 15.8100645542145 15.8849763870239 15.3788874149323 15.4947991371155 15.8467102050781 15.430805683136 15.7870855331421 15.4943652153015 16.2846446037292 16.3759236335754 15.7092039585114 15.762482881546 15.5817625522614 15.8330419063568 16.7443215847015 16.4306008815765 16.7688808441162 16.9454576969147 17.166332244873 17.6132082939148 17.8570823669434 17.8269577026367 17.7578339576721 17.4607076644897 17.5265831947327 17.4304585456848 17.2583339214325 17.5582084655762 17.6340837478638 17.4756345748901 17.2328627109528 17.4220895767212 17.1243171691895 16.9345445632935 16.7027726173401 16.8409993648529 16.8832268714905 17.174455165863 17.0196816921234 16.5759100914001 16.3721368312836
17.3154973983765 16.9761250019073 16.4624888896942 16.3315904140472 15.6196937561035 15.9377958774567 15.2208979129791 15.2070009708405 15.2151029109955 15.7892055511475 16.0953080654144 15.7424099445343 15.7525126934052 15.5836148262024 15.6266582012177 16.0596425533295 15.9576275348663 16.2916114330292 16.0715959072113 15.3575804233551 15.4675648212433 16.2945489883423 17.0105333328247 16.4795174598694 16.4565019607544 17.006486415863 17.119124174118 17.3324165344238 17.9357075691223 18.1139993667603 17.67729139328 16.9835832118988 17.115875005722 17.2061672210693 17.2624592781067 17.6157507896423 17.4850425720215 17.2143337726593 17.3617658615112 17.5273389816284 17.3969130516052 17.0354866981506 16.7260599136353 16.8666336536407 16.8892068862915 16.8507804870605 17.189355134964 17.0219280719757 16.736501455307 16.6640748977661
15.6129813194275 16.9097573757172 17.1302924156189 16.7395861148834 16.3098790645599 16.4931728839874 15.8954660892487 15.8597595691681 15.330052614212 16.0853464603424 16.587639093399 16.1059331893921 15.7672264575958 15.4615194797516 15.6375107765198 16.1872003078461 16.6908895969391 16.8625786304474 16.7122673988342 15.9729568958282 16.2016460895538 17.0963358879089 17.2660241127014 16.5457143783569 16.7234034538269 16.99809217453 17.5287919044495 17.9595003128052 18.1962089538574 17.7799167633057 17.741623878479 17.6643328666687 17.6270413398743 17.7227506637573 17.5504574775696 17.454167842865 17.2248756885529 17.3545832633972 17.5818972587585 17.5628175735474 17.2037370204926 17.1236562728882 16.2375757694244 16.7394957542419 16.8304145336151 16.2303347587585 16.6412544250488 17.0941741466522 16.8180937767029 16.6960136890411
15.996463060379 15.9873905181885 16.5630962848663 17.5465807914734 17.5260643959045 16.887549161911 16.869033575058 16.5445177555084 16.0380020141602 16.130487203598 16.0449714660645 15.9564552307129 15.9069397449493 15.7864239215851 15.7603628635406 15.6797575950623 16.1251516342163 16.5045456886292 16.6739394664764 16.8813343048096 17.4517273902893 17.7291221618652 17.1245160102844 16.4999103546143 17.0833041667938 17.3596982955933 17.7744588851929 18.123583316803 18.0537080764771 18.2558336257935 17.8719592094421 17.561083316803 17.3992085456848 17.3203339576721 17.2944583892822 17.6405839920044 17.0647079944611 16.8818337917328 17.1960291862488 17.7282943725586 18.1275591850281 17.7898259162903 16.0140914916992 15.2553572654724 14.8606231212616 15.5138885974884 16.4261543750763 16.133419752121 16.5606846809387 16.8549513816833
16.4959461688995 16.6180238723755 16.6799001693726 16.4755756855011 17.2502503395081 16.7879264354706 16.4486014842987 16.3402764797211 15.911952495575 15.548627614975 15.2203028202057 15.4479784965515 15.7366533279419 16.3613286018372 16.4712159633636 16.0463149547577 16.2234134674072 15.5175127983093 15.8896112442017 16.8797101974487 17.3558101654053 17.6679086685181 17.8140072822571 17.5271067619324 17.3952059745789 17.7933044433594 18.1301245689392 17.3526663780212 16.9742085933685 16.8317503929138 17.5142922401428 17.8958339691162 17.9113755226135 17.8079175949097 17.3254585266113 17.5510010719299 17.6965413093567 17.8210830688477 17.8641605377197 17.7607717514038 18.1693835258484 18.2269949913025 17.5926074981689 16.6192190647125 15.6118307113647 14.7374422550201 15.847053527832 16.4296658039093 16.280277967453 16.4568893909454
16.54842877388 16.555656671524 16.8507039546967 16.9215700626373 17.2574372291565 17.1483030319214 16.3621692657471 16.3250360488892 16.6129016876221 16.6997683048248 15.8406338691711 15.764500617981 16.0283670425415 16.3212330341339 16.8340680599213 16.6438715457916 16.2486758232117 16.1144795417786 16.9482831954956 17.3730869293213 17.4178905487061 17.0926952362061 17.2994985580444 17.9673037528992 17.8841075897217 17.4259114265442 17.6487913131714 17.4827499389648 17.2207088470459 16.7036664485931 16.4666254520416 17.108583688736 17.0005412101746 17.2155003547668 18.085458278656 18.4354157447815 18.4813752174377 18.646333694458 18.6122922897339 18.6972503662109 18.4522066116333 18.249165058136 17.9681234359741 17.8710808753967 17.4360394477844 17.0259964466095 16.717954158783 16.7589116096497 17.2398705482483 17.2658276557922
16.0289113521576 16.1432900428772 16.1675083637238 16.1395647525787 16.942622423172 17.6376800537109 17.2207372188568 16.7967939376831 16.8898515701294 17.0689082145691 16.8129665851593 16.6870234012604 16.2510809898376 16.7861380577087 16.8899209499359 16.4734292030334 16.557938337326 17.4134469032288 17.6799559593201 17.7344646453857 17.5489735603333 17.9374823570251 18.1899900436401 17.427499294281 15.8940076828003 14.9815165996552 14.9114587306976 16.4938335418701 17.2712087631226 17.8555841445923 17.2209577560425 16.8203337192535 17.5267090797424 17.4520835876465 17.6184587478638 17.9678330421448 17.5302090644836 17.8085832595825 18.284423828125 18.4037265777588 18.3470306396484 18.2253351211548 17.9946393966675 17.878942489624 17.8702464103699 17.9695496559143 17.9538545608521 17.9171581268311 17.8754601478577 17.866765499115
15.3563933372498 16.0009231567383 15.6323113441467 15.9385595321655 16.7548079490662 17.5550560951233 17.4493045806885 17.3245530128479 16.7468013763428 17.0880489349365 17.5692973136902 17.4315457344055 17.2467939853668 17.0110421180725 16.4537732601166 16.482987165451 17.8192014694214 18.2144145965576 18.2326283454895 18.3408408164978 17.8430547714233 17.4512677192688 17.6904811859131 17.5256943702698 17.0139088630676 16.469122171402 15.9551250934601 15.5219166278839 16.5217080116272 16.698499917984 17.6922917366028 17.0710830688477 17.0568752288818 17.645667552948 16.8164582252502 17.4972500801086 17.8150429725647 17.7588338851929 18.0085535049438 18.0262041091919 18.2498540878296 18.3045039176941 17.930154800415 17.736804485321 18.0754537582397 18.1441040039062 17.9317536354065 18.0894031524658 17.8080534934998 17.6397042274475
14.8738763332367 14.656555891037 14.7651154994965 15.7355551719666 16.3799936771393 16.7594330310822 17.3008718490601 17.2303111553192 17.1857507228851 17.3701901435852 17.3166303634644 17.7650675773621 17.5385074615479 17.1079471111298 16.8776261806488 17.5805449485779 18.261462688446 18.8733801841736 18.3953003883362 17.3652172088623 16.8551359176636 16.7720549106598 16.7999725341797 17.3478918075562 17.6968102455139 17.432728767395 17.0027914047241 16.8930003643036 16.9452080726624 16.472416639328 17.3966250419617 17.8388323783875 17.6580424308777 17.9682502746582 17.5654582977295 17.4516668319702 17.7828755378723 18.2800831794739 17.2956867218018 16.6976819038391 17.3346772193909 18.1386737823486 18.1736688613892 17.8816652297974 18.3056616783142 18.4066576957703 18.3466539382935 18.3876495361328 18.3436450958252 18.2146410942078
14.7213592529297 14.2971885204315 15.7039189338684 16.2675497531891 15.6361799240112 15.5848095417023 16.596440076828 17.2600698471069 17.1357002258301 17.0753307342529 17.4199604988098 17.3245902061462 18.0892205238342 18.5328512191772 17.7754778862 18.5231013298035 19.0497241020203 17.534348487854 17.8959703445435 16.8545937538147 16.4622180461884 16.4998409748077 16.3534643650055 16.2650883197784 16.8157114982605 17.3773345947266 17.7724590301514 17.5690841674805 17.6247086524963 16.9083340167999 17.1549592018127 17.0155839920044 16.7762088775635 17.5478339195251 17.6394596099854 17.7480840682983 17.9937090873718 18.4933347702026 17.6478171348572 17.2521591186523 17.8555021286011 18.4248433113098 18.283185005188 18.1265277862549 18.439868927002 18.6402125358582 18.6595540046692 18.5228958129883 18.3622374534607 18.0745797157288
16.1978418827057 15.1168220043182 15.6797230243683 16.5285441875458 16.7433652877808 16.5941867828369 17.3480086326599 17.5778293609619 16.7966506481171 16.3484714031219 17.4142928123474 18.7581148147583 18.8219356536865 19.2207555770874 19.110330581665 18.874659538269 18.3869867324829 17.3053150177002 17.6026425361633 17.537971496582 16.3872992992401 16.6696274280548 16.3869557380676 16.5672838687897 16.6226122379303 16.419939994812 16.893125295639 17.1451666355133 17.4932088851929 17.9452509880066 17.2622923851013 16.5213339328766 15.3163757324219 16.3024172782898 17.0694589614868 16.9965004920959 17.3805418014526 18.4395833015442 18.4299492835999 18.153636932373 18.1363248825073 18.3930134773254 17.990701675415 17.8693890571594 17.7550768852234 17.1097657680511 17.7154536247253 18.2981414794922 18.0808291435242 18.1195178031921
15.7584202289581 16.4683020114899 16.6341836452484 16.2960660457611 17.4249482154846 17.0898294448853 17.0537116527557 17.0145936012268 16.9894752502441 17.4523568153381 18.0292391777039 19.0791211128235 18.4710040092468 18.1758852005005 17.7605481147766 17.348991394043 17.0884358882904 16.9048800468445 17.7503237724304 17.9677672386169 16.6982111930847 17.5016560554504 16.8580994606018 16.9995436668396 16.4809868335724 16.3654310703278 15.8704988956451 15.5951907634735 16.6578817367554 18.0365738868713 17.1152646541595 17.561957359314 16.0606479644775 16.1423404216766 16.3110318183899 16.6317231655121 17.5004148483276 18.2581057548523 18.7221856117249 18.6916537284851 18.4471216201782 18.0735902786255 17.860059261322 17.8665266036987 17.8259949684143 17.1854629516602 16.6519317626953 17.4113998413086 16.8368675708771 17.0753355026245
16.8840935230255 17.2946290969849 17.4463014602661 17.3201141357422 17.5209264755249 17.6577391624451 17.6955518722534 17.6253643035889 17.5201778411865 17.7439894676208 18.5928015708923 17.3986134529114 15.0274274349213 16.8332395553589 17.5681309700012 17.2271015644073 17.0520725250244 17.3900418281555 17.5340123176575 18.7399830818176 17.7909536361694 16.414924621582 17.148895740509 17.5158662796021 17.0388362407684 16.2248070240021 16.1505792140961 16.0831534862518 16.1677289009094 17.4713034629822 17.6068782806396 17.7054524421692 18.0250272750854 17.9936022758484 17.6251773834229 17.3887505531311 17.4723258018494 18.500901222229 18.6295294761658 18.6442112922668 18.2448945045471 17.8755764961243 17.839259147644 17.6099405288696 17.3166236877441 17.3253045082092 17.2519869804382 17.536669254303 17.5913510322571 17.5620331764221
17.8307681083679 16.9209551811218 16.3934199810028 16.4071629047394 15.9129059314728 16.6066496372223 16.9003922939301 17.6251349449158 18.4748787879944 18.7486219406128 19.0623650550842 17.3521075248718 16.1388506889343 16.4495933055878 18.4617133140564 17.6422109603882 17.3827085494995 17.9892044067383 18.2507028579712 19.1612000465393 18.6806960105896 16.7881937026978 15.9206910133362 16.3901882171631 17.1286849975586 17.1541814804077 17.199658870697 17.4731178283691 17.0035753250122 17.8120322227478 17.8444910049438 16.4429488182068 16.5554060935974 17.8578639030457 18.4863228797913 18.4797787666321 18.5482382774353 18.7836961746216 18.4218721389771 18.1017684936523 17.8966655731201 17.8105611801147 17.9174575805664 17.8533549308777 16.9142510890961 15.8861467838287 16.7910439968109 17.1709406375885 17.0728366374969 17.2507338523865
16.6484413146973 16.3802812099457 16.5435385704041 16.8242127895355 17.0858852863312 17.3955588340759 17.3732323646545 17.7439064979553 18.4125804901123 18.5742526054382 19.1509265899658 18.9205994606018 17.995274066925 17.4089479446411 17.8062968254089 19.2623195648193 18.3083438873291 17.6463680267334 17.3243908882141 17.9294152259827 19.4794387817383 17.4844622612 16.7514863014221 17.2855105400085 17.420533657074 17.2005574703217 16.7847399711609 16.903080701828 17.7404217720032 18.3357625007629 18.573103427887 17.8214454650879 17.3007860183716 17.4551267623901 18.4934668540955 18.8118081092834 18.8761491775513 18.735490322113 18.198215007782 17.7813272476196 17.7764372825623 17.4665465354919 17.478657245636 17.5767679214478 17.9328780174255 17.14998960495 17.2400999069214 16.8592102527618 16.9833207130432 17.5804309844971
16.0451142787933 16.0396072864532 16.6626567840576 17.1692614555359 17.2588639259338 17.1474695205688 16.8000729084015 17.1666765213013 17.7092809677124 17.5348844528198 18.014488697052 18.2540926933289 18.8056974411011 18.8153023719788 17.9528789520264 18.141429901123 19.5569796562195 18.9185304641724 17.6230802536011 17.7126307487488 18.9181814193726 19.0057315826416 17.4952812194824 17.4108319282532 17.4623832702637 17.253933429718 16.8838200569153 17.0120441913605 17.6362686157227 18.0704917907715 18.5087161064148 18.621940612793 18.4651651382446 18.2773885726929 18.3166127204895 18.9448366165161 19.0410614013672 18.8552842140198 18.6575584411621 17.7998833656311 17.9052090644836 17.7925333976746 17.7338576316833 17.6501832008362 18.0035061836243 18.2558312416077 18.2351565361023 18.0454812049866 18.2178053855896 18.138129234314
16.7487876415253 17.0939345359802 16.9537742137909 16.4543092250824 16.7308444976807 16.3933787345886 16.0669128894806 16.8194479942322 17.2929830551147 17.2035179138184 17.6020522117615 17.7165870666504 18.0281209945679 18.4716558456421 18.9184622764587 19.0785384178162 18.8706159591675 19.7426924705505 19.0597696304321 17.8458476066589 17.7929229736328 19.8620009422302 19.0290775299072 18.0771546363831 17.6942324638367 17.4943089485168 17.6319003105164 17.4860076904297 17.4861145019531 17.3482222557068 17.5953297615051 18.3144359588623 18.8635425567627 18.9136505126953 19.0277581214905 19.3018646240234 19.2739720344543 19.2180800437927 18.8959021568298 17.9414405822754 17.8229789733887 18.1545186042786 18.0700573921204 18.2095956802368 17.9521341323853 18.4226722717285 18.3862118721008 18.0967512130737 18.1142897605896 18.38782787323
