data/spatiotemp/temp4/bio5_norsw_test_2015_2018.asc
NCOLS 654 
NROWS 380 
XLLCORNER 3.91666666666667 
YLLCORNER 55.3333333333333 
CELLSIZE 0.0416666666666667 
NODATA_value -9999 
[rows 110 to 131 of 380, columns 500 to 549 of 654]
21.4437808990479 21.4393839836121 21.2369856834412 21.1735882759094 21.1581902503967 21.0287933349609 21.0323948860168 20.9189972877502 20.9626002311707 20.9642014503479 20.9788045883179 20.9404063224792 20.9155764579773 20.8403129577637 20.8130497932434 20.8347854614258 20.8685212135315 20.8022561073303 20.7419939041138 20.6797294616699 20.7924647331238 21.0692005157471 20.8619375228882 20.7716722488403 20.7052493095398 20.6616644859314 20.7940788269043 20.8904938697815 20.877908706665 21.0123238563538 21.0657382011414 21.0361528396606 21.033567905426 21.0429835319519 21.0623993873596 21.1158132553101 21.1450123786926 21.111997127533 21.0809826850891 21.1249670982361 21.1479511260986 21.2149353027344 21.2379193305969 21.1969032287598 21.1968874931335 21.2358722686768 21.2768573760986 21.2108407020569 21.0899310112 21.0321259498596
21.5206651687622 21.4203429222107 21.2820205688477 21.1666994094849 21.1823763847351 21.1760549545288 21.0937309265137 20.993408203125 20.9410862922668 20.9397640228271 21.0064420700073 21.0191187858582 21.0202097892761 20.9957151412964 20.9852204322815 20.9647240638733 20.8702292442322 20.8677344322205 20.9192385673523 20.9417428970337 20.9702472686768 21.0377516746521 21.1772570610046 21.2687611579895 21.1289458274841 21.1538119316101 21.1196765899658 21.053542137146 20.9794063568115 20.978271484375 20.9871363639832 21.038001537323 21.0838670730591 21.0737328529358 21.154598236084 21.1544632911682 21.1147375106812 21.0564227104187 20.9731073379517 20.9527912139893 20.9144759178162 20.9251608848572 20.9868450164795 21.0255303382874 21.0342140197754 21.0888986587524 21.1355843544006 21.1022682189941 21.0478687286377 21.065381526947
21.4535503387451 21.3953037261963 21.3470568656921 21.2798089981079 21.1805620193481 21.1453151702881 21.1480684280396 21.0418210029602 20.9035720825195 20.8823261260986 20.9110789299011 21.0518326759338 21.0978455543518 21.0641174316406 20.9333910942078 20.8876638412476 20.9999375343323 21.0742111206055 21.0334825515747 21.0767560005188 21.1160292625427 21.1973028182983 21.2415752410889 21.1748495101929 21.078643321991 20.9459586143494 21.0252737998962 21.1415905952454 21.1729054450989 21.156219959259 21.1545362472534 21.1588521003723 21.1971664428711 21.1254835128784 21.026798248291 21.106113910675 21.1284642219543 21.0718493461609 21.0762329101562 21.0626177787781 20.9380021095276 20.8563876152039 20.9747710227966 20.9971561431885 21.0295414924622 20.9559259414673 20.9203114509583 21.0186953544617 21.1528043746948 21.1506381034851
21.3834357261658 21.2962636947632 21.2930908203125 21.2579202651978 21.1757473945618 21.1605768203735 21.1234040260315 21.0422320365906 21.013060092926 20.9448885917664 20.9317154884338 21.0445437431335 21.1254796981812 21.0755209922791 21.0185627937317 21.0196046829224 21.0736465454102 21.1096868515015 21.0647292137146 21.0937705039978 21.0558123588562 21.0608534812927 20.9988946914673 20.9059367179871 20.8673415184021 20.7671065330505 20.8348712921143 20.9706377983093 21.0374040603638 21.0921683311462 21.1219358444214 21.1957011222839 21.1474666595459 21.1422324180603 21.2179980278015 21.2507638931274 21.2971882820129 21.2712740898132 21.2263584136963 21.1674432754517 21.0765290260315 21.124614238739 21.1236996650696 21.1497850418091 20.9608674049377 21.0059537887573 21.0240387916565 21.0111246109009 20.996741771698 21.0598931312561
21.4813189506531 21.4352231025696 21.3951263427734 21.3340311050415 21.2499351501465 21.2088370323181 21.1597409248352 21.1796445846558 21.1925468444824 21.0624499320984 20.9753527641296 20.8592567443848 21.0081133842468 21.135922908783 21.1787333488464 21.1645445823669 21.0563545227051 20.930163860321 20.870973110199 20.8537845611572 20.7565946578979 20.6384048461914 20.5662150382996 20.4870238304138 20.4730381965637 20.5522537231445 20.6474695205688 20.7146863937378 20.8059020042419 20.8951177597046 20.9533333778381 21.0295491218567 21.1057648658752 21.1569828987122 21.1921973228455 21.2984127998352 21.3979139328003 21.4206991195679 21.3444833755493 21.3192687034607 21.3040542602539 21.3698396682739 21.3726243972778 21.3164105415344 21.2841958999634 21.203980922699 21.1737670898438 21.0745515823364 21.1096792221069 21.0921478271484
21.6152062416077 21.5761833190918 21.4511618614197 21.3901391029358 21.3331189155579 21.3600978851318 21.3440756797791 21.2910556793213 21.2090330123901 21.1490116119385 20.953989982605 20.8629693984985 20.9267468452454 21.0783257484436 21.1589059829712 21.0794835090637 20.9840621948242 20.8616404533386 20.7342200279236 20.6047978401184 20.5563778877258 20.5589547157288 20.4895348548889 20.3841123580933 20.3827347755432 20.6024017333984 20.7090678215027 20.7787337303162 20.8164005279541 20.8260660171509 20.8497323989868 20.9443984031677 21.0680646896362 21.1337313652039 21.0983967781067 21.0960636138916 21.1516394615173 21.1611251831055 21.1706104278564 21.1250958442688 21.1535797119141 21.2660660743713 21.2455515861511 21.1490368843079 21.0935235023499 21.0860085487366 21.0064940452576 20.9349789619446 21.0646152496338 21.173403263092
21.5660891532898 21.5541434288025 21.4911971092224 21.4702506065369 21.4603042602539 21.4443593025208 21.3904128074646 21.0154666900635 20.8045201301575 20.998574256897 21.1756286621094 21.1656818389893 21.1533827781677 21.1917290687561 21.2170758247375 21.167423248291 20.9837708473206 20.8241181373596 20.8264651298523 20.7218136787415 20.6241588592529 20.5745067596436 20.5138545036316 20.4922003746033 20.6304340362549 20.7645487785339 20.8506665229797 20.8717818260193 20.8378987312317 20.8280143737793 20.9261312484741 21.0302476882935 21.0513644218445 21.0114798545837 21.0085973739624 20.9377126693726 20.7383637428284 20.8405499458313 20.9477348327637 20.8979206085205 20.8881072998047 20.8802924156189 20.8684778213501 20.840663433075 20.6718511581421 20.5920362472534 20.6632208824158 20.5974078178406 20.7485527992249 21.0156593322754
21.5549740791321 21.552104473114 21.5432333946228 21.4813623428345 21.4544911384583 21.4756193161011 21.4127492904663 20.9568781852722 20.9370069503784 21.1351351737976 21.2282657623291 21.2513933181763 21.2010164260864 21.3041315078735 21.3382477760315 21.2413630485535 21.032479763031 20.9935946464539 21.0027098655701 20.9508266448975 20.9189410209656 20.8760576248169 20.7891726493835 20.7512884140015 20.783130645752 20.8036971092224 20.8252630233765 20.802830696106 20.7783970832825 20.7889633178711 20.8375306129456 20.8510971069336 20.8246626853943 20.795229434967 20.744797706604 20.7383623123169 20.7200899124146 20.7339749336243 20.8778614997864 21.0017476081848 21.0216341018677 20.9575185775757 20.9434051513672 20.962290763855 21.0061774253845 21.0360636711121 21.0669484138489 21.0268354415894 21.0674901008606 21.1069130897522
21.565927028656 21.5005955696106 21.5522665977478 21.4989361763 21.3876051902771 21.3802762031555 21.4319462776184 21.408616065979 21.4132857322693 21.4089560508728 21.4276256561279 21.3902955055237 21.3449430465698 21.380567073822 21.2421908378601 20.9128155708313 20.8864388465881 21.0680632591248 21.0776863098145 21.0743103027344 21.0029344558716 20.9395570755005 20.9091806411743 20.9398050308228 20.9194188117981 20.8820233345032 20.8716278076172 20.8662323951721 20.8218364715576 20.80544090271 20.6860451698303 20.677649974823 20.7282538414001 20.7538585662842 20.7844614982605 20.8460669517517 20.9000587463379 20.885440826416 20.9068217277527 21.0422015190125 21.0985822677612 21.1019630432129 21.0793428421021 21.1327242851257 21.1741046905518 21.1944856643677 21.2198667526245 21.1932473182678 21.1701989173889 21.1677207946777
21.6709442138672 21.6776213645935 21.6302976608276 21.5779747962952 21.5506520271301 21.5133280754089 21.563006401062 21.5856823921204 21.5673599243164 21.4890360832214 21.4667129516602 21.4163904190063 21.3791642189026 21.3370351791382 21.2379088401794 21.1587796211243 21.1906499862671 21.1445217132568 21.0883941650391 21.0802664756775 21.0341372489929 20.9540085792542 20.9318799972534 20.9367518424988 20.9443020820618 20.9865317344666 21.0197606086731 20.9779896736145 20.8962182998657 20.7794485092163 20.6736779212952 20.7819056510925 20.836136341095 20.8933653831482 20.9195947647095 20.9118242263794 20.9382739067078 20.9859437942505 21.0046143531799 21.0642833709717 21.1319541931152 21.1286244392395 21.1482939720154 21.2549624443054 21.2856330871582 21.3023037910461 21.3569746017456 21.3106427192688 21.2136788368225 21.1700806617737
21.6409616470337 21.6546449661255 21.581328868866 21.6260137557983 21.6686968803406 21.6673812866211 21.6620645523071 21.6357479095459 21.6104311943054 21.5851173400879 21.5108008384705 21.4614839553833 21.3383851051331 21.3205051422119 21.2246251106262 21.15274477005 21.0918626785278 21.0639820098877 21.0471005439758 21.0262207984924 20.9273390769958 20.8334579467773 20.7805776596069 20.8006973266602 20.8611831665039 20.9210376739502 20.9478921890259 20.8897461891174 20.8856010437012 20.7314562797546 20.6983098983765 20.787163734436 20.7980175018311 20.9688711166382 21.0557260513306 21.0535802841187 21.0384883880615 21.0684471130371 21.1084070205688 21.1553649902344 21.1983256340027 21.1942839622498 21.1442441940308 21.1652035713196 21.2471623420715 21.2621216773987 21.2770800590515 21.2100405693054 21.2811594009399 21.3774399757385
21.6399788856506 21.620668888092 21.592360496521 21.6070508956909 21.6017422676086 21.6064338684082 21.6671233177185 21.6438150405884 21.5835046768188 21.5401954650879 21.4988865852356 21.440577507019 21.3436074256897 21.2599730491638 21.1823415756226 21.1427073478699 21.0880751609802 21.0434412956238 20.9308085441589 20.8661751747131 20.8705415725708 20.8839087486267 20.8482756614685 20.8786425590515 20.9240660667419 21.0285444259644 21.0630249977112 21.0125031471252 20.9519829750061 20.9444618225098 20.983941078186 20.9884204864502 21.0549001693726 21.1293787956238 21.1268587112427 21.1663379669189 21.1757020950317 21.1969499588013 21.1991991996765 21.2514472007751 21.2406964302063 21.2259440422058 21.2451934814453 21.2784423828125 21.3576912879944 21.3789396286011 21.2541875839233 21.1734385490417 21.2696413993835 21.4197998046875
21.6329960823059 21.5776929855347 21.5503902435303 21.4470896720886 21.4137864112854 21.3934841156006 21.4021821022034 21.375880241394 21.388578414917 21.3972764015198 21.3589749336243 21.2686719894409 21.2298288345337 21.2174429893494 21.1730575561523 21.0886707305908 21.0102849006653 21.0079007148743 20.9685153961182 20.9671297073364 21.0747442245483 21.1293601989746 21.1259751319885 21.1215887069702 21.0749473571777 21.0420517921448 20.9621567726135 20.9492602348328 20.9533648490906 21.0204682350159 21.086573600769 21.0576777458191 21.1207823753357 21.1568875312805 21.1569910049438 21.1600952148438 21.1589159965515 21.1514544487 21.1379919052124 21.2185297012329 21.2670669555664 21.3366060256958 21.3401436805725 21.3696827888489 21.3852200508118 21.3987593650818 21.4272971153259 21.3818345069885 21.3691210746765 21.468159198761
21.5200119018555 21.4987173080444 21.4734215736389 21.4271273612976 21.4128317832947 21.3955364227295 21.3262424468994 21.3049468994141 21.3096518516541 21.314356803894 21.2940611839294 21.1817655563354 21.0730490684509 21.056911945343 21.0537734031677 21.0486364364624 21.0784974098206 21.1343598365784 21.1542224884033 21.1610851287842 21.1899471282959 21.2558102607727 21.2846722602844 21.2315335273743 21.11883020401 20.953558921814 20.9412884712219 21.0150175094604 21.0187468528748 21.045476436615 21.0742058753967 21.1029343605042 21.1526637077332 21.1483926773071 21.159122467041 21.1588521003723 21.121129989624 21.159957408905 21.2337856292725 21.2746124267578 21.2734389305115 21.2762665748596 21.3180947303772 21.3399224281311 21.3767495155334 21.4545769691467 21.5224041938782 21.486231803894 21.501603603363 21.5455179214478
21.4620299339294 21.4647421836853 21.5004534721375 21.5081653594971 21.5038766860962 21.4615883827209 21.4073009490967 21.3430118560791 21.2837243080139 21.1734356880188 21.0681467056274 21.0688591003418 20.9842700958252 20.9993805885315 21.0884895324707 21.1225996017456 21.096709728241 21.120819568634 21.2009291648865 21.2300400733948 21.2211499214172 21.2032604217529 21.2023696899414 21.2554793357849 21.1407108306885 20.950065612793 21.0184206962585 21.0497741699219 21.0331287384033 21.0654830932617 21.0998373031616 21.1441917419434 21.1805462837219 21.1859002113342 21.1812539100647 21.1866087913513 21.2223429679871 21.2674603462219 21.3425784111023 21.3876938819885 21.3158106803894 21.3189277648926 21.3530440330505 21.3481612205505 21.3642778396606 21.4303956031799 21.5195121765137 21.5096287727356 21.5640840530396 21.5658779144287
21.4690465927124 21.5107660293579 21.5064845085144 21.5222020149231 21.5149216651917 21.4696407318115 21.3553586006165 21.2470784187317 21.1047968864441 21.1505155563354 21.1692337989807 21.1489524841309 21.1144919395447 21.0748481750488 21.0992064476013 21.1175637245178 21.1029205322266 21.1182794570923 21.172637462616 21.1849956512451 21.1193523406982 21.0857105255127 21.1090683937073 21.1864247322083 21.1235938072205 21.0305724143982 21.0435523986816 21.0895318984985 21.0355105400085 21.0294895172119 21.1084699630737 21.1844487190247 21.2184262275696 21.2294068336487 21.2913856506348 21.3563652038574 21.4285583496094 21.4589643478394 21.5183691978455 21.4987769126892 21.4211831092834 21.4325890541077 21.4829959869385 21.4514012336731 21.4438066482544 21.4852137565613 21.5566205978394 21.5580277442932 21.576566696167 21.4832377433777
21.510064125061 21.5267896652222 21.4975147247314 21.5002417564392 21.4699664115906 21.2226934432983 21.060417175293 21.1001448631287 21.2718710899353 21.3315954208374 21.3453207015991 21.3560461997986 21.3137121200562 21.1973166465759 21.1289224624634 21.135528087616 21.1541337966919 21.1297383308411 21.127345085144 21.1169495582581 21.0795550346375 21.0621609687805 21.1177659034729 21.1323709487915 21.0414752960205 21.0080804824829 21.0296831130981 21.0352883338928 21.0438928604126 21.0764961242676 21.0901017189026 21.1417055130005 21.2713088989258 21.3579139709473 21.3705177307129 21.462121963501 21.5587725639343 21.5744681358337 21.6011629104614 21.5868587493896 21.5185551643372 21.5182509422302 21.5519456863403 21.5556416511536 21.5673356056213 21.5460319519043 21.6247272491455 21.5504236221313 21.5020461082458 21.4885964393616
21.5350813865662 21.527813911438 21.493546962738 21.4452791213989 21.2940120697021 21.0777454376221 21.0984773635864 21.2892107963562 21.441942691803 21.5126752853394 21.483407497406 21.4691410064697 21.3969345092773 21.2987866401672 21.2546391487122 21.2624931335449 21.2763452529907 21.2211990356445 21.2110509872437 21.1769042015076 21.1477580070496 21.1266098022461 21.1244630813599 21.1333160400391 21.0913572311401 21.0095868110657 20.9928154945374 21.0730466842651 21.1102738380432 21.1645030975342 21.1027331352234 21.1189618110657 21.2561917304993 21.3264212608337 21.4016494750977 21.4948792457581 21.5889859199524 21.6199717521667 21.5579557418823 21.5219411849976 21.4129266738892 21.4989113807678 21.5888953208923 21.6078815460205 21.6158657073975 21.6808514595032 21.7028346061707 21.62682056427 21.5475273132324 21.4919557571411
21.5580987930298 21.5798387527466 21.5295782089233 21.3643174171448 21.349057674408 21.2627983093262 21.2715368270874 21.378276348114 21.4920153617859 21.5557541847229 21.5344939231873 21.4542350769043 21.346155166626 21.2672553062439 21.2203559875488 21.2824568748474 21.309558391571 21.2946581840515 21.3247594833374 21.2898597717285 21.1949596405029 21.1650609970093 21.1451616287231 21.1222620010376 21.1492390632629 21.1600937843323 21.1239476203918 21.1788029670715 21.1996564865112 21.2275099754333 21.2453641891479 21.261218547821 21.3450727462769 21.4079284667969 21.4827814102173 21.5446367263794 21.5952000617981 21.5994744300842 21.4867491722107 21.4240231513977 21.3902969360352 21.4395713806152 21.5348467826843 21.6341199874878 21.6373953819275 21.6686682701111 21.6709432601929 21.5792169570923 21.5360083580017 21.5513153076172
21.5951166152954 21.6278629302979 21.5516090393066 21.4523553848267 21.3681015968323 21.2878494262695 21.2485966682434 21.338342666626 21.400089263916 21.4178357124329 21.4145827293396 21.3493275642395 21.3083758354187 21.2227244377136 21.1780729293823 21.186420917511 21.2697701454163 21.2701172828674 21.3184661865234 21.3408150672913 21.3361620903015 21.2625112533569 21.1758584976196 21.1492085456848 21.2251214981079 21.3186006546021 21.2870798110962 21.2705583572388 21.2980370521545 21.369517326355 21.4499979019165 21.4804763793945 21.5179553031921 21.483434677124 21.5309138298035 21.6503939628601 21.6434149742126 21.6349792480469 21.5485420227051 21.5241055488586 21.4896693229675 21.5062322616577 21.5457963943481 21.5983605384827 21.5979228019714 21.6144871711731 21.6090517044067 21.6036143302917 21.6394896507263 21.6566739082336
21.4740219116211 21.4730916023254 21.4701623916626 21.444233417511 21.3733034133911 21.3003745079041 21.2924447059631 21.3415160179138 21.3475861549377 21.349657535553 21.3507285118103 21.3377981185913 21.2729873657227 21.2112956047058 21.1756038665771 21.1919102668762 21.2012186050415 21.2435259819031 21.3038349151611 21.3881416320801 21.3494505882263 21.2757577896118 21.2320666313171 21.2183747291565 21.2563405036926 21.2339682579041 21.2005949020386 21.2222213745117 21.3348469734192 21.4534754753113 21.5301012992859 21.4817280769348 21.468355178833 21.4529814720154 21.5346093177795 21.6442360877991 21.6632304191589 21.6665906906128 21.6469526290894 21.5773124694824 21.5776743888855 21.600034236908 21.6763973236084 21.6837573051453 21.6621179580688 21.6514797210693 21.6118407249451 21.6172018051147 21.6849575042725 21.6491041183472
21.45281457901 21.4525246620178 21.4012370109558 21.3519496917725 21.2866616249084 21.2763738632202 21.342086315155 21.3727974891663 21.3245077133179 21.3382210731506 21.3379325866699 21.3416447639465 21.292989730835 21.2829685211182 21.266948223114 21.1769275665283 21.1309065818787 21.2028851509094 21.2418651580811 21.2408437728882 21.2138228416443 21.2058029174805 21.2517819404602 21.2357606887817 21.2548975944519 21.240195274353 21.1894917488098 21.1907896995544 21.2320857048035 21.3363823890686 21.4096794128418 21.4489760398865 21.4852738380432 21.551570892334 21.606867313385 21.6621646881104 21.6846470832825 21.7283129692078 21.7129788398743 21.659646987915 21.6153140068054 21.6189789772034 21.6736464500427 21.6673140525818 21.6269793510437 21.6676464080811 21.6793122291565 21.6639790534973 21.5644087791443 21.5326037406921
