data/spatiotemp/temp4/bio6_norsw_test_2015_2018.asc
NCOLS 654 
NROWS 380 
XLLCORNER 3.91666666666667 
YLLCORNER 55.3333333333333 
CELLSIZE 0.0416666666666667 
NODATA_value -9999 
[rows 242 to 263 of 380, columns 96 to 143 of 654]
-10.5377814769745 -11.2392883300781 -12.5397951602936 -13.4243023395538 -13.453809261322 -13.5143158435822 -14.085823059082 -13.8363301753998 -13.1781537532806 -13.3332943916321 -13.5394351482391 -13.3905754089355 -13.0477159023285 -13.0428564548492 -12.6229975223541 -12.281138420105 -11.9731631278992 -12.6094191074371 -12.7835597991943 -12.3955588340759 -12.3556854724884 -12.3858070373535 -12.3639290332794 -12.2520508766174 -12.0241720676422 -11.4502935409546 -11.4484150409698 -11.7785360813141 -11.6786577701569 -11.7667791843414 -11.9589011669159 -12.1490223407745 -12.3813886642456 -12.4359996318817 -12.3686108589172 -12.3932218551636 -12.3998334407806 -12.2764444351196 -12.1470556259155 -12.2876665592194 -12.4262771606445 -12.4548890590668 -12.3394999504089 -12.1641101837158 -12.0888397693634 -11.9686508178711 -11.6119072437286 -11.5148532390594
-12.9495103359222 -12.8548092842102 -12.2171077728271 -12.7064063549042 -12.6837043762207 -12.976003408432 -13.4303019046783 -13.4146001338959 -13.1942939758301 -12.4603824615479 -13.5154712200165 -13.7592875957489 -13.8187439441681 -13.6322019100189 -13.4376592636108 -12.6069140434265 -12.5070025920868 -12.6760911941528 -12.4689476490021 -12.3871963024139 -12.2736866474152 -12.5024220943451 -12.4391567707062 -12.4278914928436 -12.3906271457672 -12.1253621578217 -11.650096654892 -11.4368319511414 -11.6995666027069 -11.8023011684418 -11.6870362758636 -11.9417717456818 -12.2683520317078 -12.4667773246765 -12.4912037849426 -12.5536293983459 -12.4500553607941 -12.0584814548492 -11.7549071311951 -11.6793332099915 -11.9277586936951 -12.0741846561432 -12.052610874176 -11.8685898780823 -11.6220626831055 -11.3664937019348 -11.2789249420166 -11.3273561000824
-13.2882397174835 -13.3293294906616 -13.1724202632904 -13.1395111083984 -13.267600774765 -12.7146909236908 -13.2477812767029 -13.259871006012 -12.9874348640442 -12.5144710540771 -12.1875081062317 -13.0485441684723 -12.9355812072754 -13.0065476894379 -12.8979241847992 -12.5876896381378 -12.3037421703339 -12.5641052722931 -13.1147997379303 -12.735835313797 -12.4016878604889 -12.6610367298126 -12.7223851680756 -12.6357333660126 -12.6950814723969 -12.5344297885895 -12.2417783737183 -11.9791271686554 -11.6684749126434 -11.6718232631683 -11.6751716136932 -11.6165201663971 -11.8133144378662 -11.99955534935 -12.2717962265015 -12.4640369415283 -12.4142773151398 -12.0905184745789 -11.7747592926025 -11.4889998435974 -11.4832408428192 -11.9314813613892 -12.0677218437195 -12.0048060417175 -11.8801107406616 -11.5970270633698 -11.3849427700043 -11.2768590450287
-13.5419690608978 -13.7128510475159 -13.444732427597 -13.1776144504547 -12.9114968776703 -12.7743782997131 -12.5242602825165 -12.4831426143646 -12.2835750579834 -12.3955597877502 -12.1785445213318 -11.9926354885101 -12.3195128440857 -12.9538938999176 -13.2951891422272 -13.3704845905304 -13.2104506492615 -12.6424343585968 -12.4379892349243 -12.4824688434601 -12.5976893901825 -12.7016508579254 -12.8136126995087 -12.9355747699738 -13.0955364704132 -13.0854980945587 -12.9234602451324 -12.6974217891693 -12.477383852005 -12.3013453483582 -12.1913070678711 -12.0492694377899 -11.8402781486511 -11.4863333702087 -11.6411621570587 -11.902444601059 -12.1465001106262 -12.1905555725098 -12.0386114120483 -11.7366669178009 -11.3034017086029 -11.5907778739929 -11.9048330783844 -11.8088886737823 -11.7271590232849 -11.6165595054626 -11.4869604110718 -11.337361574173
-13.6556978225708 -13.8223717212677 -13.9270451068878 -13.6577186584473 -13.4313926696777 -13.371066570282 -13.191739320755 -12.3834135532379 -12.2787163257599 -12.2646486759186 -12.4195811748505 -12.0253460407257 -11.601940870285 -12.1385357379913 -12.7403101921082 -12.8692419528961 -13.4001743793488 -13.4391071796417 -12.9940392971039 -12.5481059551239 -12.6756904125214 -12.7782657146454 -12.8408410549164 -12.9274160861969 -13.0999915599823 -13.2485663890839 -13.1791417598724 -13.0497167110443 -12.9542922973633 -12.8528673648834 -12.6494429111481 -12.3800179958344 -12.1812407970428 -12.0771110057831 -11.9989814758301 -11.6868517398834 -11.5468685626984 -11.6679217815399 -11.7924628257751 -11.6703338623047 -11.3340797424316 -11.0801322460175 -11.2821848392487 -11.4612374305725 -11.409206867218 -11.2060930728912 -11.2679786682129 -11.3958649635315
-13.043426990509 -12.9828925132751 -13.3333570957184 -13.2198235988617 -13.1712882518768 -12.8827538490295 -12.8592190742493 -12.8316841125488 -12.5698571205139 -12.4467375278473 -12.1896171569824 -11.8940567970276 -11.9987671375275 -11.9834780693054 -11.7941887378693 -11.3928995132446 -11.6816098690033 -11.9623205661774 -12.0910313129425 -12.2977421283722 -12.5616915225983 -12.730880022049 -12.8300693035126 -12.8792579174042 -12.9264461994171 -13.1216351985931 -13.2648236751556 -13.1380121707916 -13.0732007026672 -12.9963891506195 -12.7995781898499 -12.7007668018341 -12.650203704834 -12.5718884468079 -12.4515743255615 -12.1532595157623 -11.8129444122314 -11.4390609264374 -11.4412932395935 -11.595999956131 -11.537757396698 -11.3559892177582 -11.0792217254639 -10.8244535923004 -11.1742548942566 -10.9316258430481 -10.4899969100952 -10.6663680076599
-12.359156370163 -12.1584136486053 -12.5996704101562 -13.150927066803 -13.5401837825775 -13.5974404811859 -13.2476983070374 -12.961954832077 -12.757997751236 -12.4748256206512 -12.5336542129517 -12.7224824428558 -12.7913098335266 -12.774138212204 -12.6099669933319 -12.3507943153381 -11.8928997516632 -11.337726354599 -11.614551782608 -12.0053787231445 -12.3116924762726 -12.5194947719574 -12.7852971553802 -13.0070996284485 -13.0069010257721 -13.0767028331757 -13.2965052127838 -13.2603075504303 -13.2421090602875 -13.0979120731354 -12.8997137546539 -12.8655157089233 -12.8351662158966 -12.7026662826538 -12.5301668643951 -12.2856662273407 -11.9891667366028 -11.7686667442322 -11.5016117095947 -11.2400236129761 -11.499434709549 -11.4638464450836 -11.3992581367493 -11.1536691188812 -11.0023031234741 -10.9921593666077 -10.8840146064758 -10.8088707923889
-12.5428853034973 -12.0049345493317 -12.103982925415 -12.4780316352844 -12.951080083847 -13.3441290855408 -13.4351773262024 -13.4042263031006 -13.207138299942 -12.9869139194489 -12.6186897754669 -12.8374664783478 -12.8292419910431 -12.7210185527802 -12.5187945365906 -12.4152467250824 -12.2781884670258 -12.1931309700012 -12.1633086204529 -12.0984454154968 -12.0536940097809 -12.1261098384857 -12.2625248432159 -12.3709404468536 -12.4393558502197 -12.5957715511322 -12.7961866855621 -12.8946025371552 -12.9950177669525 -13.0094335079193 -12.9318492412567 -12.8382642269135 -12.7241299152374 -12.567444562912 -12.486759185791 -12.4480743408203 -12.3513886928558 -12.2167038917542 -12.0529310703278 -11.7465217113495 -11.3281128406525 -11.00670337677 -11.0262944698334 -11.1668853759766 -11.3043513298035 -11.3146917819977 -11.1810328960419 -11.1383736133575
-12.460563659668 -12.228675365448 -12.0185616016388 -12.1284482479095 -12.159334897995 -12.2132213115692 -12.113107919693 -12.2239942550659 -12.2438027858734 -12.2105324268341 -12.1032619476318 -11.9421122074127 -11.8730261325836 -11.9399392604828 -11.9748530387878 -11.9617667198181 -12.0628402233124 -12.1955924034119 -12.3149869441986 -12.3190608024597 -12.2488317489624 -12.1013009548187 -11.8587708473206 -11.6392402648926 -11.8137094974518 -11.941178560257 -12.0487575531006 -12.2555088996887 -12.5822601318359 -12.7710113525391 -12.8197617530823 -12.7265133857727 -12.6064419746399 -12.5175485610962 -12.5126552581787 -12.5857620239258 -12.5808684825897 -12.497974395752 -12.2450807094574 -11.9441876411438 -11.7072937488556 -11.3988206386566 -10.8273561000824 -10.9158918857574 -11.0100800991058 -10.962920665741 -11.069760799408 -11.0496006011963
-11.7588648796082 -11.5986361503601 -11.6074061393738 -11.9611778259277 -12.09494805336 -12.0527191162109 -11.9144897460938 -11.7902610301971 -11.6944532394409 -11.6631932258606 -11.6179327964783 -11.6366715431213 -11.6314115524292 -11.5241510868073 -11.3688910007477 -11.5876307487488 -11.5407838821411 -11.5636432170868 -11.6015028953552 -11.5823619365692 -11.546023607254 -11.5024869441986 -11.5439505577087 -11.6224143505096 -11.6598777770996 -11.6613411903381 -11.6448044776917 -11.9550256729126 -12.297835111618 -12.5726442337036 -12.7574529647827 -12.6802620887756 -12.5681042671204 -12.526978969574 -12.5898547172546 -12.6467292308807 -12.5736043453217 -12.4424793720245 -12.1473541259766 -11.7782289981842 -11.5691041946411 -11.3981962203979 -11.1014425754547 -10.5716893672943 -10.8404896259308 -10.8188443183899 -10.4671981334686 -10.559552192688
-12.0649411678314 -11.7895963191986 -10.9906136989594 -11.0707297325134 -11.2968451976776 -11.4669609069824 -11.6748716831207 -11.7825267314911 -11.7351789474487 -11.7400991916656 -11.7566652297974 -11.6992313861847 -11.5497970581055 -11.4803626537323 -11.2369296550751 -10.9414947032928 -11.0320606231689 -11.1753730773926 -11.2660183906555 -11.4917590618134 -11.5584757328033 -11.8133420944214 -12.0942089557648 -12.2250759601593 -12.0799429416656 -11.8268101215363 -11.7159612178802 -11.7434189319611 -11.8754105567932 -12.1222774982452 -12.3911440372467 -12.5380113124847 -12.5917663574219 -12.5664103031158 -12.4910535812378 -12.4576966762543 -12.4263401031494 -12.3289833068848 -12.0996272563934 -11.7942709922791 -11.5389144420624 -11.3695576190948 -11.2395298480988 -10.8424868583679 -10.6128990650177 -10.5227675437927 -10.3736355304718 -10.0825033187866
-12.8670177459717 -12.4705572128296 -12.0590965747833 -11.5666351318359 -11.2778496742249 -11.1820118427277 -11.2121739387512 -11.1623358726501 -10.9766130447388 -10.6590054035187 -11.0013976097107 -11.4857904911041 -11.1841821670532 -10.9005746841431 -11.1829669475555 -11.6373596191406 -11.9797518253326 -12.1221444606781 -12.1845369338989 -12.2529287338257 -12.3395879268646 -12.4525122642517 -12.5034370422363 -12.4143617153168 -12.2732865810394 -12.0582110881805 -11.815135717392 -11.7125704288483 -11.7169859409332 -11.9059102535248 -12.0368347167969 -12.3677597045898 -12.5954282283783 -12.595840215683 -12.418251991272 -12.1486642360687 -12.0910766124725 -12.1634883880615 -12.097900390625 -11.9363129138947 -11.6407244205475 -11.341136932373 -11.0356163978577 -10.8232839107513 -10.9563093185425 -10.8866906166077 -10.7010731697083 -10.2664549350739
-13.2280938625336 -13.5240166187286 -13.366462469101 -12.4533650875092 -12.1287884712219 -11.8242120742798 -11.6426358222961 -11.4394795894623 -11.1496932506561 -11.1579117774963 -11.3561308383942 -11.2363493442535 -11.4025676250458 -11.900787115097 -12.2330052852631 -12.3932237625122 -12.3894431591034 -12.489661693573 -12.5478801727295 -12.4640986919403 -12.4726998806 -12.5576827526093 -12.4926650524139 -12.3276481628418 -12.0046300888062 -11.7536129951477 -11.6985957622528 -11.7015781402588 -11.8831675052643 -11.8816137313843 -11.7960603237152 -12.0515089035034 -12.3850903511047 -12.4432711601257 -12.3054511547089 -11.931631565094 -11.815812587738 -11.9479928016663 -11.9441733360291 -11.8483543395996 -11.7385349273682 -11.5527150630951 -11.0568957328796 -10.6330816745758 -10.6647188663483 -10.5016148090363 -10.1835103034973 -10.0234062671661
-12.1071705818176 -12.1234781742096 -12.1777865886688 -12.1060938835144 -11.5864021778107 -11.166113615036 -11.1823682785034 -11.3186230659485 -11.6827728748322 -11.8788182735443 -11.9648630619049 -11.8949084281921 -11.9389533996582 -12.0009987354279 -12.0130431652069 -12.2190887928009 -12.453134059906 -12.4711790084839 -12.4272243976593 -12.4312689304352 -12.4478120803833 -12.4128522872925 -12.3058929443359 -12.1229336261749 -12.0519742965698 -12.0270147323608 -12.0160551071167 -11.983095407486 -11.7741360664368 -11.7337534427643 -11.7261939048767 -11.7172574996948 -11.9727520942688 -12.11470079422 -12.0706505775452 -11.9485993385315 -11.8465485572815 -11.7704977989197 -11.6704468727112 -11.6263957023621 -11.6083450317383 -11.4742941856384 -11.2182431221008 -11.1961920261383 -10.821314573288 -10.5676095485687 -10.7819044589996 -10.5481991767883
-12.0852465629578 -11.8894386291504 -11.921630859375 -12.0618233680725 -12.1730151176453 -11.9522070884705 -11.529465675354 -11.3697662353516 -11.3658525943756 -11.5577244758606 -11.7255952358246 -11.7114672660828 -11.6213388442993 -11.5952100753784 -11.7250814437866 -11.834953546524 -12.0808246135712 -12.1566963195801 -12.1925683021545 -12.2284393310547 -12.2629237174988 -12.2860224246979 -12.3271205425262 -12.3842189311981 -12.4713175296783 -12.4344160556793 -12.2835147380829 -12.1306128501892 -11.953711271286 -11.7508096694946 -11.6689984798431 -11.5107617378235 -11.5024139881134 -11.5841317176819 -11.6638493537903 -11.7095668315887 -11.7052845954895 -11.709002494812 -11.752720117569 -11.9244375228882 -12.0521552562714 -11.9158725738525 -11.7835903167725 -11.8013079166412 -11.670227766037 -10.9143495559692 -11.0864708423615 -11.1265923976898
-12.6108257770538 -12.5572822093964 -12.4987387657166 -12.4571950435638 -12.3776519298553 -12.172705411911 -12.0747814178467 -11.9458577632904 -11.9411191940308 -11.8366301059723 -11.6383283138275 -11.608026266098 -11.789724111557 -11.7934215068817 -11.7311201095581 -11.6728177070618 -11.6045155525208 -11.7742133140564 -11.9059114456177 -11.9396095275879 -11.9340364933014 -11.9291925430298 -11.9263486862183 -12.2195057868958 -12.5106613636017 -12.5818181037903 -12.5149734020233 -12.3001298904419 -12.0792863368988 -11.9344427585602 -11.7795989513397 -11.6447548866272 -11.4360764026642 -11.2255623340607 -11.1530485153198 -11.076534986496 -10.9920208454132 -11.0095069408417 -11.3689935207367 -11.4844796657562 -11.3399655818939 -11.2814514636993 -11.3609375953674 -11.3124237060547 -11.0431408882141 -10.7530889511108 -10.6650364398956 -10.8849844932556
-12.5945773124695 -12.5137040615082 -12.4233207702637 -12.2832810878754 -12.1182422637939 -12.0802030563354 -12.148163318634 -12.0801236629486 -11.9320120811462 -11.7155363559723 -11.5390610694885 -11.532585144043 -11.6101095676422 -11.6836342811584 -11.7051582336426 -11.7826824188232 -11.8302068710327 -11.8837311267853 -11.9252557754517 -11.9367792606354 -12.0331485271454 -11.9983627796173 -11.8175768852234 -12.0507910251617 -12.3380053043365 -12.4312193393707 -12.4404337406158 -12.4156475067139 -12.3348615169525 -12.1660757064819 -12.009289264679 -11.9665036201477 -11.8157382011414 -11.6629929542542 -11.5162479877472 -11.4195022583008 -11.3407566547394 -10.9540116786957 -10.7632660865784 -10.6485209465027 -10.6717751026154 -10.7330305576324 -10.8122844696045 -10.7795395851135 -10.524053812027 -10.3078284263611 -10.4476025104523 -10.7473771572113
-12.2723293304443 -12.2851259708405 -12.2871654033661 -11.9030108451843 -11.7458779811859 -11.9697008132935 -12.0655453205109 -12.1123902797699 -12.1604950428009 -12.0258603096008 -11.8317937850952 -11.7151446342468 -11.908495426178 -11.9018456935883 -11.9751961231232 -12.1585471630096 -12.1558978557587 -12.0552480220795 -11.958598613739 -11.675950050354 -11.630261182785 -11.7475333213806 -11.7008049488068 -11.8760769367218 -12.0833494663239 -12.1946206092834 -12.2518930435181 -12.3151648044586 -12.3244371414185 -12.1837089061737 -11.9789807796478 -12.0542526245117 -12.057400226593 -12.0484232902527 -12.0414471626282 -11.8544697761536 -11.62149310112 -11.448516368866 -11.0955390930176 -10.7725622653961 -10.3175854682922 -10.3806087970734 -10.8256318569183 -10.7966551780701 -10.6749670505524 -10.0985682010651 -10.0841681957245 -10.2597687244415
-12.227080821991 -12.11354804039 -12.0920104980469 -12.0887398719788 -12.0614688396454 -12.0321981906891 -12.0429272651672 -12.0136568546295 -11.9196836948395 -11.8233489990234 -11.6865265369415 -11.5177030563354 -11.3308801651001 -11.2740578651428 -11.1892342567444 -11.690411567688 -12.1722803115845 -12.1776049137115 -11.9499430656433 -11.6791198253632 -11.5653731822968 -11.3507032394409 -11.4820327758789 -11.6773629188538 -11.7106924057007 -11.7800221443176 -11.959352016449 -12.0926823616028 -12.1300122737885 -11.9793417453766 -11.7726719379425 -11.766001701355 -11.8570623397827 -12.0278539657593 -12.0486462116241 -12.0694372653961 -11.904228925705 -11.6730213165283 -11.2198119163513 -10.8606042861938 -10.5413961410522 -9.99418807029724 -10.4929790496826 -10.3557710647583 -10.313880443573 -10.0853073596954 -9.76073431968689 -9.81816172599792
-12.2358329296112 -12.1559700965881 -12.0851066112518 -12.0632441043854 -12.1953814029694 -12.0885181427002 -12.1043093204498 -12.0979225635529 -12.0738716125488 -11.9131553173065 -11.9484398365021 -11.9577238559723 -11.6720080375671 -11.5022690296173 -11.47727227211 -11.0462760925293 -11.0592794418335 -11.1942827701569 -11.1052865982056 -10.9462900161743 -10.9564855098724 -11.0338730812073 -11.0552611351013 -11.1446485519409 -11.1060361862183 -11.1014239788055 -11.4848113059998 -11.7901995182037 -11.9395871162415 -11.9349751472473 -11.7703623771667 -11.4917502403259 -11.3007242679596 -11.4012851715088 -11.439845085144 -11.4844048023224 -11.6529655456543 -11.7755258083344 -11.3120853900909 -10.6766459941864 -10.3272061347961 -10.0157661437988 -10.1503267288208 -10.2408864498138 -9.94679427146912 -9.89204668998718 -9.8213005065918 -9.73455393314362
-12.1795294284821 -12.2446138858795 -12.267698764801 -12.2197844982147 -12.0428693294525 -11.9769537448883 -12.1020393371582 -11.9693586826324 -12.0522208213806 -11.9332590103149 -11.8242969512939 -11.7313351631165 -11.7153735160828 -11.5047121047974 -11.3233160972595 -11.1199200153351 -11.2025237083435 -11.217128276825 -11.2557325363159 -11.2703371047974 -11.1923789978027 -11.1178591251373 -11.2093393802643 -11.2868196964264 -11.0962998867035 -10.7157802581787 -10.8952612876892 -11.3747415542603 -11.6382212638855 -11.7437019348145 -11.6051821708679 -11.2946619987488 -10.9896445274353 -10.8721294403076 -10.692615032196 -10.86510014534 -11.1115849018097 -11.2980704307556 -11.1345553398132 -10.6730401515961 -9.87552499771118 -10.1640100479126 -10.2824945449829 -10.1789798736572 -9.86080265045166 -9.80796337127686 -9.64974665641785 -9.60869479179382
-12.2301692962646 -12.2684800624847 -12.1907911300659 -11.9471015930176 -11.7611258029938 -11.6010723114014 -11.7350182533264 -11.6549646854401 -11.9277312755585 -12.0383174419403 -11.9429047107697 -11.8004915714264 -11.7630786895752 -11.5906648635864 -11.5822520256042 -11.4488384723663 -11.5294253826141 -11.6380124092102 -11.6835987567902 -11.7621862888336 -11.6950538158417 -11.6946613788605 -11.6822688579559 -11.5818765163422 -11.1894845962524 -10.509092092514 -10.4846997261047 -10.9203069210052 -11.1519148349762 -11.3815221786499 -11.4031298160553 -11.3027377128601 -11.1158244609833 -10.9523904323578 -10.6629567146301 -10.3095223903656 -10.7360882759094 -10.8506541252136 -10.7152206897736 -10.4137864112854 -9.88035249710083 -10.1829187870026 -10.1694846153259 -9.95405101776123 -9.83190774917603 -9.78705739974976 -9.88020658493042 -10.0533556938171
