data/spatiotemp/temp4/bio6_norsw_test_2015_2018.asc
NCOLS 654 
NROWS 380 
XLLCORNER 3.91666666666667 
YLLCORNER 55.3333333333333 
CELLSIZE 0.0416666666666667 
NODATA_value -9999 
[rows 308 to 329 of 380, columns 528 to 575 of 654]
-8.21591138839722 -8.0765123963356 -8.06511276960373 -8.10571384429932 -8.09831458330154 -8.26691490411758 -8.50751554965973 -8.63211667537689 -8.64546155929565 -8.65555202960968 -8.62164235115051 -8.57373285293579 -8.5078227519989 -8.5679132938385 -8.66800379753113 -8.78609466552734 -8.81418466567993 -8.81227445602417 -8.80836522579193 -8.81245541572571 -8.86125230789185 -8.93875527381897 -8.97225880622864 -9.01776242256165 -9.09326577186584 -9.17276906967163 -9.1822726726532 -9.15377652645111 -9.17127990722656 -9.20678305625916 -9.30828702449799 -9.25778996944427 -9.20396244525909 -9.16080248355865 -9.18164229393005 -9.05848264694214 -8.81132292747498 -8.70416283607483 -8.79100382328033 -9.04384386539459 -9.06468367576599 -9.02752411365509 -9.06636452674866 -9.05720448493958 -9.06874132156372 -9.16097378730774 -9.19920647144318 -9.23743915557861
-8.4246369600296 -8.16187411546707 -8.03511148691177 -8.04234886169434 -8.07358598709106 -8.2748236656189 -8.5120609998703 -8.61129772663116 -8.65895020961761 -8.67101752758026 -8.64108443260193 -8.58915150165558 -8.53521919250488 -8.67128586769104 -8.75335335731506 -8.75342035293579 -8.74348759651184 -8.73555469512939 -8.76962184906006 -8.8096889257431 -8.84313988685608 -8.91997420787811 -8.99880862236023 -9.01764273643494 -9.07447695732117 -9.16731190681458 -9.19214689731598 -9.15298128128052 -9.25381565093994 -9.21465039253235 -9.22948455810547 -9.22431910037994 -9.19761657714844 -9.17937862873077 -9.16514003276825 -9.09890151023865 -8.90666329860687 -8.74642467498779 -8.89018619060516 -9.26194775104523 -9.26370930671692 -9.19547057151794 -9.12723207473755 -9.04699432849884 -9.09736704826355 -9.22035217285156 -9.27733755111694 -9.25632274150848
-8.57420134544373 -8.43722450733185 -8.13224756717682 -8.02327042818069 -8.04829382896423 -8.22931742668152 -8.48634076118469 -8.5853636264801 -8.61296033859253 -8.67913174629211 -8.64330315589905 -8.54347467422485 -8.50164592266083 -8.62581706047058 -8.67170596122742 -8.68745791912079 -8.70320987701416 -8.74850249290466 -8.80067372322083 -8.81484532356262 -8.86633336544037 -8.96113896369934 -8.99594461917877 -9.04716098308563 -9.07853853702545 -9.0859158039093 -9.12116682529449 -9.12997257709503 -9.17077815532684 -9.12358367443085 -9.21238911151886 -9.29119479656219 -9.28622925281525 -9.26149332523346 -9.26675760746002 -9.24002063274384 -9.07728457450867 -8.88254833221436 -8.91181242465973 -9.10507583618164 -9.13033938407898 -9.2436044216156 -9.18086767196655 -9.13413178920746 -9.1062650680542 -9.20526719093323 -9.27226948738098 -9.31327199935913
-8.5586040019989 -8.51456260681152 -8.30252051353455 -8.06247943639755 -8.15443724393845 -8.30839622020721 -8.46635460853577 -8.56031274795532 -8.62149310112 -8.65989553928375 -8.65229845046997 -8.55470156669617 -8.50710427761078 -8.63750696182251 -8.67204821109772 -8.7301641702652 -8.72828078269958 -8.71939718723297 -8.74951314926147 -8.77362954616547 -8.86094796657562 -8.93346869945526 -9.01098942756653 -9.03551054000854 -9.07203149795532 -9.08355224132538 -9.09933352470398 -9.13074946403503 -9.07216703891754 -9.01558315753937 -9.13500022888184 -9.2644168138504 -9.29979872703552 -9.28514635562897 -9.260493516922 -9.19584059715271 -9.12318730354309 -8.90253460407257 -8.64588224887848 -8.64322900772095 -8.80657613277435 -9.17592322826385 -9.18727040290833 -9.16661775112152 -9.08943367004395 -9.06571853160858 -9.18200349807739 -9.236288189888
-8.6430070400238 -8.55390048027039 -8.40079426765442 -8.15768736600876 -8.22858113050461 -8.38147449493408 -8.48236811161041 -8.55526161193848 -8.64002549648285 -8.64065957069397 -8.59329390525818 -8.54792845249176 -8.52856206893921 -8.61990928649902 -8.64838993549347 -8.68587100505829 -8.65435206890106 -8.64583325386047 -8.69036829471588 -8.74079430103302 -8.77286672592163 -8.8125319480896 -8.89719533920288 -8.9408597946167 -9.0255241394043 -8.98018872737885 -8.94785284996033 -8.96751713752747 -8.98355507850647 -8.95558333396912 -9.08761048316956 -9.16963887214661 -9.20536851882935 -9.24679887294769 -9.25822949409485 -9.24365949630737 -9.2110903263092 -9.08052039146423 -8.77795171737671 -8.5693815946579 -8.7408127784729 -9.00824332237244 -8.92967295646667 -8.79710388183594 -8.71060276031494 -8.71017026901245 -8.82773673534393 -8.88330399990082
-8.66541016101837 -8.54323840141296 -8.43506693840027 -8.31889569759369 -8.28272461891174 -8.39855301380157 -8.52438187599182 -8.61221075057983 -8.59655821323395 -8.57150447368622 -8.47428929805756 -8.4561949968338 -8.52002060413361 -8.58988666534424 -8.60973191261292 -8.63857758045197 -8.68742287158966 -8.72926831245422 -8.74111330509186 -8.76695919036865 -8.71378552913666 -8.63759362697601 -8.66240203380585 -8.75120985507965 -8.78501796722412 -8.83482551574707 -8.85463321208954 -8.89044094085693 -9.01294434070587 -9.10158324241638 -9.16822218894958 -9.16286087036133 -9.15093719959259 -9.16045141220093 -9.11796522140503 -9.07947897911072 -9.0989933013916 -9.05650675296783 -8.93402075767517 -8.66753482818604 -8.57704854011536 -8.6125625371933 -8.60407590866089 -8.58159041404724 -8.57177209854126 -8.5750150680542 -8.62347078323364 -8.66632056236267
-8.59781265258789 -8.51657617092133 -8.44134020805359 -8.32210397720337 -8.24886834621429 -8.30963182449341 -8.47839558124542 -8.56715953350067 -8.55481338500977 -8.54618763923645 -8.52323353290558 -8.53644371032715 -8.59965360164642 -8.62586379051208 -8.64307415485382 -8.68028378486633 -8.77649414539337 -8.82270419597626 -8.80791366100311 -8.78412413597107 -8.73370456695557 -8.67865645885468 -8.69360744953156 -8.74655914306641 -8.73651015758514 -8.79046189785004 -8.86141312122345 -8.88508355617523 -8.99033308029175 -9.08158326148987 -9.1228334903717 -9.12408304214478 -9.11850690841675 -9.10410416126251 -9.05570125579834 -8.9952986240387 -9.03489553928375 -9.0264927148819 -8.99008977413177 -8.85568749904633 -8.73728501796722 -8.72288155555725 -8.54247903823853 -8.49407601356506 -8.5069408416748 -8.5190726518631 -8.53320479393005 -8.57269740104675
-8.54021537303925 -8.43591439723969 -8.38961350917816 -8.27331233024597 -8.22301131486893 -8.28671038150787 -8.4804093837738 -8.55810832977295 -8.49762272834778 -8.4829512834549 -8.52811717987061 -8.54769241809845 -8.59726631641388 -8.60984098911285 -8.62041640281677 -8.62899017333984 -8.70356488227844 -8.79113972187042 -8.83571481704712 -8.8502893447876 -8.80062425136566 -8.75171887874603 -8.79481399059296 -8.79090869426727 -8.78200316429138 -8.89409816265106 -8.95019328594208 -8.9572879076004 -8.97138297557831 -9.06747794151306 -9.08557307720184 -9.095667719841 -9.10680651664734 -9.07398867607117 -9.052170753479 -8.99111795425415 -8.95079874992371 -8.94647908210754 -8.92189979553223 -8.8340824842453 -8.7295206785202 -8.78720092773438 -8.77688193321228 -8.7705625295639 -8.6341096162796 -8.50752389431 -8.50293827056885 -8.51035284996033
-8.51261806488037 -8.47525191307068 -8.43988656997681 -8.2885205745697 -8.23315495252609 -8.26578950881958 -8.42042338848114 -8.4910581111908 -8.44415509700775 -8.42806148529053 -8.50000083446503 -8.50093984603882 -8.54887914657593 -8.61981868743896 -8.64275825023651 -8.61269688606262 -8.61563658714294 -8.66057574748993 -8.69251465797424 -8.73345351219177 -8.74754214286804 -8.77978157997131 -8.78701961040497 -8.7482578754425 -8.79949700832367 -8.9257345199585 -8.96997284889221 -9.01621162891388 -8.95945000648499 -8.95968854427338 -8.98092722892761 -9.06016540527344 -9.06163096427917 -9.03232395648956 -8.94101631641388 -8.8787088394165 -8.84540176391602 -8.88209438323975 -8.9017870426178 -8.79648017883301 -8.72217297554016 -8.77386569976807 -8.86555731296539 -8.92704844474792 -8.86127841472626 -8.72397589683533 -8.57067251205444 -8.50936877727509
-8.5530207157135 -8.5605902671814 -8.46815919876099 -8.29372906684875 -8.25329864025116 -8.28286802768707 -8.35643756389618 -8.41800701618195 -8.45068788528442 -8.45647919178009 -8.43427062034607 -8.42806243896484 -8.52549195289612 -8.57579612731934 -8.59509980678558 -8.6204035282135 -8.61470746994019 -8.61601126194 -8.61631524562836 -8.6226190328598 -8.67646169662476 -8.72484350204468 -8.73622560501099 -8.76360762119293 -8.85598945617676 -8.94237160682678 -8.95175313949585 -8.95113480091095 -8.93951714038849 -8.88789927959442 -8.90228164196014 -8.98466300964355 -9.02645611763 -8.96565854549408 -8.85586142539978 -8.79006516933441 -8.83026778697968 -8.85647058486938 -8.8516743183136 -8.81887757778168 -8.78008043766022 -8.79428374767303 -8.80848681926727 -8.85068988800049 -8.86690545082092 -8.85042703151703 -8.79240620136261 -8.63038516044617
-8.47542321681976 -8.45792841911316 -8.37443292140961 -8.24693757295609 -8.22691750526428 -8.26354014873505 -8.29116308689117 -8.33095574378967 -8.39521992206573 -8.44124269485474 -8.43726634979248 -8.41943645477295 -8.47010481357574 -8.50977337360382 -8.5494419336319 -8.60411024093628 -8.63177895545959 -8.62844669818878 -8.62011563777924 -8.62778425216675 -8.6293808221817 -8.63490641117096 -8.71143174171448 -8.74895763397217 -8.80248260498047 -8.81700825691223 -8.83653330802917 -8.81805884838104 -8.88158452510834 -8.90910959243774 -8.9226348400116 -8.93416082859039 -8.95928025245667 -9.00299429893494 -8.91370713710785 -8.85742115974426 -8.86313414573669 -8.85184764862061 -8.83656108379364 -8.84127461910248 -8.82998836040497 -8.81170201301575 -8.78541529178619 -8.79312884807587 -8.80392289161682 -8.82679724693298 -8.84967172145844 -8.77054631710052
-8.40782618522644 -8.35726654529572 -8.25070595741272 -8.22014564275742 -8.25142925977707 -8.21461200714111 -8.24379456043243 -8.28297817707062 -8.27258598804474 -8.29861903190613 -8.32965171337128 -8.35168480873108 -8.37271809577942 -8.41975069046021 -8.4707840681076 -8.52481663227081 -8.49984955787659 -8.49588251113892 -8.50591552257538 -8.51494860649109 -8.52129912376404 -8.52096831798553 -8.53963756561279 -8.56030690670013 -8.58697581291199 -8.62464463710785 -8.64631342887878 -8.66898238658905 -8.74465179443359 -8.82632076740265 -8.85098934173584 -8.84565913677216 -8.84110546112061 -8.90132880210876 -8.93255257606506 -8.87277686595917 -8.82800149917603 -8.85522437095642 -8.85144829750061 -8.83467257022858 -8.8088960647583 -8.74012017250061 -8.72234451770782 -8.73956859111786 -8.8179407119751 -8.86046230792999 -8.81398355960846 -8.80150508880615
-8.51922369003296 -8.4375331401825 -8.31884169578552 -8.23735445737839 -8.24172896146774 -8.21810412406921 -8.23442673683167 -8.22517013549805 -8.21074062585831 -8.23013818264008 -8.17553508281708 -8.20493310689926 -8.23133063316345 -8.28072822093964 -8.30412554740906 -8.35852348804474 -8.3409206867218 -8.32931858301163 -8.32171595096588 -8.35911381244659 -8.39121842384338 -8.40903067588806 -8.42384386062622 -8.4506561756134 -8.47446858882904 -8.53528070449829 -8.58709347248077 -8.60190641880035 -8.67071902751923 -8.71253085136414 -8.72134375572205 -8.72415637969971 -8.73292946815491 -8.75866425037384 -8.78739845752716 -8.79713308811188 -8.80786752700806 -8.87860095500946 -8.88833570480347 -8.83006978034973 -8.84980416297913 -8.77453911304474 -8.75727319717407 -8.7430077791214 -8.81195878982544 -8.84312760829926 -8.78929579257965 -8.80746424198151
-8.50185251235962 -8.39599215984344 -8.30113208293915 -8.29027223587036 -8.24799275398254 -8.27375572919846 -8.27905893325806 -8.27636224031448 -8.26789510250092 -8.25865721702576 -8.22441899776459 -8.15618073940277 -8.13994300365448 -8.1447052359581 -8.14446729421616 -8.17822974920273 -8.21499198675156 -8.2797544002533 -8.34551620483398 -8.37927865982056 -8.40613746643066 -8.4560934305191 -8.52004969120026 -8.58200550079346 -8.619961977005 -8.63891744613647 -8.6768741607666 -8.72182953357697 -8.77078545093536 -8.78274178504944 -8.78369808197021 -8.84565317630768 -8.84775424003601 -8.839998960495 -8.81124365329742 -8.85248839855194 -8.89873313903809 -8.9439777135849 -8.93922305107117 -8.90646755695343 -8.9587128162384 -8.92495727539062 -8.9662024974823 -8.91544735431671 -8.86897695064545 -8.88479256629944 -8.93160808086395 -8.98842322826385
-8.40250706672668 -8.35070586204529 -8.288689494133 -8.28410416841507 -8.26230335235596 -8.30950224399567 -8.32470166683197 -8.31490051746368 -8.31449091434479 -8.28747308254242 -8.21945494413376 -8.12243694067001 -8.1004194021225 -8.14240145683289 -8.11238306760788 -8.05236512422562 -8.1413471698761 -8.26832926273346 -8.35431122779846 -8.3622932434082 -8.38396871089935 -8.43033754825592 -8.49170565605164 -8.62107467651367 -8.70144379138947 -8.73581182956696 -8.7771805524826 -8.82854890823364 -8.85391807556152 -8.81028616428375 -8.80465471744537 -8.813023686409 -8.8393726348877 -8.82970297336578 -8.84003245830536 -8.95836293697357 -8.99469292163849 -8.96602261066437 -8.96635234355927 -8.99068224430084 -9.04301238059998 -9.03634238243103 -9.00467205047607 -8.97400188446045 -8.9250054359436 -8.96068120002747 -8.98735857009888 -9.10003459453583
-8.43377041816711 -8.32820129394531 -8.23063206672668 -8.17006236314774 -8.1884930729866 -8.19692349433899 -8.18835377693176 -8.21978479623795 -8.24352848529816 -8.21058613061905 -8.1116429567337 -8.08670026063919 -7.98475754261017 -7.97881501913071 -7.9908721446991 -8.00792926549911 -8.10798698663712 -8.23804414272308 -8.29510146379471 -8.34315860271454 -8.39771234989166 -8.41476309299469 -8.51081323623657 -8.60886359214783 -8.68491435050964 -8.77396357059479 -8.86301469802856 -8.91106498241425 -8.9171154499054 -8.85416519641876 -8.86421537399292 -8.86526620388031 -8.88978660106659 -8.87777602672577 -8.85276579856873 -8.86875486373901 -8.92874526977539 -8.9927351474762 -9.02572441101074 -9.10271298885345 -9.09070289134979 -9.03669273853302 -8.99268293380737 -8.97767198085785 -8.88304257392883 -8.86579418182373 -8.90554642677307 -9.05329751968384
-8.59403419494629 -8.43069660663605 -8.34935855865479 -8.29002070426941 -8.25768315792084 -8.22834467887878 -8.21400701999664 -8.23966884613037 -8.26956593990326 -8.20969873666763 -8.08983111381531 -8.04496341943741 -7.98509621620178 -7.98422855138779 -8.00336128473282 -8.05349338054657 -8.10862618684769 -8.19175863265991 -8.24889123439789 -8.27502381801605 -8.29445612430573 -8.38018798828125 -8.52092003822327 -8.60365211963654 -8.62238466739655 -8.74411630630493 -8.89384841918945 -8.93958067893982 -8.96031284332275 -8.91104483604431 -8.96077680587769 -8.91250908374786 -8.8951997756958 -8.89184880256653 -8.89349806308746 -8.9091477394104 -8.90779685974121 -8.9454460144043 -9.04209566116333 -9.09874439239502 -8.96539449691772 -8.84504318237305 -8.87069225311279 -8.95334219932556 -8.88308000564575 -8.8279070854187 -8.87873411178589 -9.01856124401093
-8.69829881191254 -8.59519219398499 -8.4910854101181 -8.3989794254303 -8.3268723487854 -8.25976610183716 -8.27065944671631 -8.28855299949646 -8.28360366821289 -8.26681160926819 -8.2250195145607 -8.12722688913345 -8.08243471384048 -8.03964269161224 -8.10285007953644 -8.18305820226669 -8.18126577138901 -8.17447370290756 -8.17868137359619 -8.21588909626007 -8.25819981098175 -8.35061371326447 -8.44402754306793 -8.56444072723389 -8.66285502910614 -8.76026892662048 -8.92268311977386 -8.96309614181519 -8.91150987148285 -8.87892389297485 -8.91433799266815 -8.91375124454498 -8.88761281967163 -8.88492178916931 -8.89223086833954 -8.90453994274139 -8.95784902572632 -9.0581579208374 -9.1024671792984 -9.07577574253082 -8.91808485984802 -8.81839346885681 -8.76570284366608 -8.72601187229156 -8.75211715698242 -8.76201951503754 -8.8279219865799 -8.97582447528839
-8.8465621471405 -8.73368680477142 -8.58081257343292 -8.49693751335144 -8.39806234836578 -8.36818742752075 -8.41831254959106 -8.44143784046173 -8.39864122867584 -8.35392463207245 -8.25120729207993 -8.12449032068253 -8.04277318716049 -8.01405650377274 -8.07733887434006 -8.09962207078934 -8.11590546369553 -8.1311884522438 -8.18447130918503 -8.2397540807724 -8.24894332885742 -8.37303900718689 -8.52313411235809 -8.66722977161407 -8.76932513713837 -8.83042073249817 -8.9185163974762 -8.87961220741272 -8.82570695877075 -8.77480256557465 -8.81789839267731 -8.88699388504028 -8.85602629184723 -8.79299473762512 -8.82596337795258 -8.89693200588226 -9.0049010515213 -9.09486949443817 -9.0838383436203 -9.01180708408356 -8.88077557086945 -8.81974470615387 -8.72571361064911 -8.68268215656281 -8.72815489768982 -8.76313233375549 -8.84611010551453 -8.96808755397797
-8.84082615375519 -8.79518234729767 -8.68153929710388 -8.65789520740509 -8.6632524728775 -8.61960899829865 -8.59596514701843 -8.48232173919678 -8.35367894172668 -8.27203726768494 -8.26639533042908 -8.22875386476517 -8.16711169481277 -8.10547000169754 -8.02782797813416 -7.99718642234802 -8.02054476737976 -8.15590339899063 -8.23426109552383 -8.17861968278885 -8.22168684005737 -8.35746502876282 -8.50224184989929 -8.59401845932007 -8.69579577445984 -8.82557272911072 -8.85635030269623 -8.9061279296875 -8.84890460968018 -8.83368182182312 -8.87045931816101 -8.96123671531677 -8.92143929004669 -8.83106756210327 -8.79969573020935 -8.91032493114471 -9.0429527759552 -9.05858135223389 -8.99020981788635 -8.99583852291107 -8.91246700286865 -8.80009520053864 -8.65972340106964 -8.62535214424133 -8.70019316673279 -8.73924505710602 -8.77429747581482 -8.91535091400146
-8.93309044837952 -8.93667817115784 -8.83226597309113 -8.76385426521301 -8.74544179439545 -8.76102995872498 -8.69861745834351 -8.56620562076569 -8.43671679496765 -8.32715010643005 -8.27458345890045 -8.27601683139801 -8.24745064973831 -8.13388347625732 -8.06831723451614 -8.0397509932518 -8.00518405437469 -8.09461754560471 -8.05705100297928 -8.01348447799683 -8.14543056488037 -8.30389010906219 -8.4223484992981 -8.50580775737762 -8.66026651859283 -8.80472528934479 -8.88818466663361 -8.91564357280731 -8.82610189914703 -8.89156138896942 -8.95002067089081 -8.96547913551331 -8.91885256767273 -8.82814037799835 -8.78042840957642 -8.86971700191498 -8.99100518226624 -8.97129368782043 -8.91758131980896 -8.97186946868896 -8.97215819358826 -8.80344605445862 -8.65173411369324 -8.65602290630341 -8.76822984218597 -8.7653580904007 -8.77848625183105 -8.91461420059204
-9.11135387420654 -9.06717324256897 -8.96099293231964 -8.88281238079071 -8.86663198471069 -8.84245133399963 -8.74527025222778 -8.58909010887146 -8.46775460243225 -8.34526288509369 -8.25677132606506 -8.187280356884 -8.06878900527954 -7.99129766225815 -8.02680647373199 -8.08231514692307 -8.05282366275787 -7.99633234739304 -7.96784102916718 -7.93534952402115 -8.00317430496216 -8.16331517696381 -8.31345570087433 -8.50359642505646 -8.69973659515381 -8.7838773727417 -8.85101807117462 -8.74315893650055 -8.69629979133606 -8.88743996620178 -8.94058096408844 -8.94572186470032 -8.86226582527161 -8.71621286869049 -8.66116166114807 -8.77210891246796 -8.84605705738068 -8.79500484466553 -8.7999529838562 -8.83590090274811 -8.82884848117828 -8.69679689407349 -8.65674471855164 -8.70969271659851 -8.79526770114899 -8.88647139072418 -8.96867489814758 -8.9868780374527
