data/spatiotemp/temp4/bio6_norsw_test_2015_2018.asc
NCOLS 654 
NROWS 380 
XLLCORNER 3.91666666666667 
YLLCORNER 55.3333333333333 
CELLSIZE 0.0416666666666667 
NODATA_value -9999 
[rows 198 to 219 of 380, columns 96 to 143 of 654]
-3.31829696893692 -3.01698324084282 -2.51566979289055 -2.32835599780083 -1.52788850665092 -0.607728719711304 -1.3397483676672 -3.12010136246681 -3.56228655576706 -2.04583431780338 -1.55365467071533 -0.195338666439056 -0.899165526032448 -1.6162067502737 -2.46039071679115 -2.52040800452232 -2.96648597717285 -3.83844283223152 -5.56512701511383 -5.73981070518494 -5.98783838748932 -6.78921031951904 -7.61858153343201 -7.81095314025879 -7.08632469177246 -6.44869613647461 -6.60506796836853 -7.94443917274475 -8.05181062221527 -7.70018231868744 -7.27655363082886 -7.67892527580261 -8.34306788444519 -8.65698266029358 -9.01189684867859 -8.48881149291992 -8.73172569274902 -8.40864014625549 -8.16255450248718 -8.15846884250641 -8.19238317012787 -7.99629747867584 -7.69421195983887 -7.64212644100189 -7.44302606582642 -6.91791152954102 -7.61279702186584 -8.51768255233765
-3.18618234992027 -3.18323212862015 -3.87028193473816 -3.76133182644844 -2.09863156080246 -9999 -1.54507198929787 -2.12053084373474 -1.93155400454998 -2.19181147217751 -3.53854697942734 -2.70654347538948 -2.37204012274742 -1.78403659164906 -2.47519972920418 -4.41435319185257 -2.82791060209274 -3.97215411067009 -5.70051908493042 -7.38351559638977 -6.91789054870605 -7.99164426326752 -7.9683974981308 -8.33715105056763 -8.73990440368652 -7.81165814399719 -8.13041138648987 -9.20016491413116 -9.13691842556 -8.10167193412781 -7.68842542171478 -7.12917864322662 -8.36057090759277 -9.48660063743591 -9.32163047790527 -9.17466115951538 -8.91569089889526 -8.50872135162354 -8.68475115299225 -8.85078167915344 -8.76881158351898 -8.5658415555954 -8.12287151813507 -8.19390189647675 -8.28470313549042 -7.48827612400055 -7.34084928035736 -7.47542214393616
-4.23406785726547 -3.99848091602325 -4.04889404773712 -3.47030752897263 -2.26772060990334 -1.83674500882626 -1.68742203712463 -1.50129365921021 -1.48615464568138 -2.45513033866882 -3.6124392747879 -5.17174834012985 -5.52405738830566 -2.73336640000343 -3.56767544150352 -6.47498440742493 -7.35729348659515 -5.87788814306259 -3.62686386704445 -4.28422033786774 -5.62894248962402 -6.44107830524445 -7.13921344280243 -7.62434875965118 -8.03748428821564 -8.68761992454529 -8.91475510597229 -8.87489080429077 -8.67902600765228 -7.88216125965118 -8.13429665565491 -8.30343246459961 -9.02707290649414 -9.65221846103668 -9.48736464977264 -9.84351062774658 -9.98765635490417 -9.3608021736145 -9.19794797897339 -9.01209390163422 -8.77723979949951 -8.57538557052612 -8.39753139019012 -8.97767722606659 -9.2403804063797 -8.87264084815979 -8.75190103054047 -8.18816184997559
-3.1769532263279 -2.49872988462448 -2.02403590083122 -2.29546490311623 -3.15705972909927 -4.51383626461029 -4.60861325263977 -4.04584813117981 -3.96408867835999 -2.42171028256416 -2.40205901861191 -4.55445331335068 -5.22235256433487 -4.27919632196426 -3.32981777191162 -5.05143946409225 -6.08906054496765 -6.99268221855164 -6.53930366039276 -6.75592529773712 -7.01399481296539 -6.90651202201843 -6.7980295419693 -6.43854677677155 -8.1060643196106 -8.69358134269714 -9.10109889507294 -9.38561618328094 -8.96413373947144 -9.16065096855164 -10.2621681690216 -9.75668573379517 -10.1275751590729 -10.4258365631104 -10.1930986642838 -9.86736011505127 -9.54362177848816 -9.34988307952881 -9.11114478111267 -8.82740652561188 -8.92266809940338 -9.33292949199677 -8.95619130134583 -9.46245276927948 -9.87205767631531 -9.717005610466 -9.53895342350006 -8.98190176486969
-2.56802093982697 -4.67690175771713 -3.73000514507294 -2.1705209761858 -2.92797806859016 -5.33218169212341 -6.75018763542175 -7.41771531105042 -5.73116582632065 -5.08353847265244 -5.39391094446182 -3.19505652785301 -3.44598975777626 -2.72252905368805 -2.88194710016251 -6.92539930343628 -7.61114680767059 -7.52151989936829 -5.97989225387573 -6.81026494503021 -7.44746434688568 -8.53849124908447 -9.28551805019379 -8.7265442609787 -8.63257145881653 -9.22359752655029 -9.38962423801422 -9.82065117359161 -9.73567795753479 -9.52170419692993 -9.84273064136505 -10.0927577018738 -9.63696205615997 -9.93434548377991 -9.70772862434387 -9.27711164951324 -9.75949478149414 -9.64487791061401 -9.41226089000702 -9.40564429759979 -10.1960272789001 -10.1014103889465 -9.9807938337326 -9.95917677879333 -9.47874426841736 -9.28849482536316 -9.0922464132309 -8.75599730014801
-4.13027089834213 -3.27993768453598 -4.9206041097641 -5.13027101755142 -2.12331858277321 -3.56997263431549 -5.87827098369598 -6.52793765068054 -7.69905245304108 -7.55461478233337 -5.47317725419998 -3.51373982429504 -4.73230224847794 -4.85886466503143 -1.97995336353779 -4.03198945522308 -7.45255219936371 -9.92211472988129 -9.10767734050751 -9.7762393951416 -8.72535252571106 -9.42701530456543 -8.73667871952057 -9.59934222698212 -9.29700541496277 -8.92566788196564 -9.02333116531372 -8.73699498176575 -8.6186580657959 -8.75932121276855 -9.16598415374756 -9.60464715957642 -9.54423439502716 -9.30274510383606 -9.17525506019592 -8.67876601219177 -8.76427602767944 -9.11678636074066 -9.4522967338562 -10.0388075113297 -10.7603178024292 -11.258828163147 -10.7693381309509 -9.90184915065765 -9.50643944740295 -9.26810944080353 -9.27877974510193 -8.66944968700409
-6.33252084255219 -6.27132642269135 -5.28413188457489 -5.11093771457672 -2.22174310684204 -5.51054859161377 -6.90135431289673 -8.37415993213654 -6.94493889808655 -5.00669097900391 -6.30144333839417 -7.73519563674927 -7.12094783782959 -7.7987003326416 -4.09245240688324 -7.54120492935181 -6.06995713710785 -6.24470949172974 -5.57746183872223 -6.12621426582336 -6.74424004554749 -7.04154026508331 -7.83583950996399 -9.58413946628571 -10.6614389419556 -10.1817388534546 -10.3730387687683 -10.5493385791779 -10.2506382465363 -10.1279380321503 -10.1602377891541 -9.66953766345978 -8.73850619792938 -9.73514413833618 -10.6327819824219 -10.5694198608398 -9.44005703926086 -8.71069478988647 -9.03333282470703 -9.57997095584869 -10.5526080131531 -11.2792458534241 -10.9948840141296 -10.2485213279724 -8.81513512134552 -8.50572431087494 -8.57631313800812 -8.68290221691132
-6.5397709608078 -6.02171540260315 -7.03765976428986 -7.60560429096222 -5.96454870700836 -2.45749318599701 -6.77443766593933 -8.8313821554184 -7.87782502174377 -7.30676746368408 -8.67770969867706 -9.30465173721313 -9.31959366798401 -8.37653625011444 -5.67447793483734 -10.097420334816 -9.95736229419708 -10.3493046760559 -9.49524629116058 -8.25818872451782 -8.82312750816345 -8.87606394290924 -8.59200048446655 -7.68693697452545 -7.73887324333191 -8.10680973529816 -9.19074606895447 -10.694682598114 -10.4046182632446 -10.6805548667908 -10.1524912118912 -10.0644278526306 -9.15177810192108 -8.56854343414307 -9.95530843734741 -9.3960736989975 -8.42983841896057 -8.23260366916656 -8.33936882019043 -8.51013386249542 -8.70989894866943 -8.90266358852386 -9.00842916965485 -8.63619410991669 -8.7488306760788 -9.27933871746063 -9.72184658050537 -9.99835503101349
-6.16102075576782 -6.27610409259796 -7.48118734359741 -9.13627052307129 -7.74835431575775 -2.58143755793571 -4.91852080821991 -8.72160446643829 -9.15171182155609 -9.29784381389618 -8.89797580242157 -8.78810787200928 -9.42623925209045 -6.88237166404724 -9.04050385951996 -9.86063551902771 -10.554767370224 -10.9918992519379 -10.5220310688019 -10.5401630401611 -10.280015707016 -9.89258873462677 -9.48716139793396 -9.29873418807983 -8.88030767440796 -9.87988042831421 -8.76545321941376 -7.80202579498291 -7.61959910392761 -8.19417202472687 -8.79474472999573 -9.21031761169434 -9.4260505437851 -9.22394275665283 -8.58783519268036 -8.72672748565674 -9.70262002944946 -10.0445122718811 -9.83540511131287 -9.49829685688019 -8.62118947505951 -8.63608169555664 -9.77297425270081 -9.99386644363403 -10.1285264492035 -10.8049533367157 -10.7843804359436 -10.3448071479797
-6.43627083301544 -8.65049278736115 -9.01871562004089 -8.40093755722046 -9.01515996456146 -3.10638201236725 -6.33260428905487 -9.24982631206512 -10.3225984573364 -10.5999200344086 -10.2252416610718 -9.97156357765198 -8.63688540458679 -8.1112072467804 -8.93152904510498 -9.648850440979 -10.6671721935272 -10.9314939975739 -10.993816614151 -11.2051374912262 -11.0059032440186 -10.9201128482819 -10.6683225631714 -10.2795317173004 -9.64174163341522 -8.79895067214966 -9.00816059112549 -7.94936966896057 -8.60857903957367 -9.48778855800629 -10.0139982700348 -10.2182075977325 -10.0883226394653 -9.90134191513062 -10.1463618278503 -10.8843812942505 -11.0934009552002 -10.9534204006195 -10.7144408226013 -9.42746007442474 -8.58548009395599 -9.47849988937378 -10.7235193252563 -11.2105391025543 -10.9592218399048 -10.9795680046082 -10.9359140396118 -10.6162602901459
-8.92052054405212 -8.89288198947906 -9.6402428150177 -8.65060424804688 -7.73796546459198 -4.82532632350922 -5.69668740034103 -8.07004833221436 -9.1104850769043 -10.202996969223 -10.0555078983307 -10.2160196304321 -9.51853120326996 -9.54204261302948 -9.05155408382416 -9.18306589126587 -10.3665773868561 -11.0900888442993 -11.3336005210876 -11.8211121559143 -11.368791103363 -11.0426371097565 -10.8134834766388 -10.4513289928436 -9.85417532920837 -10.6090216636658 -10.0358672142029 -9.68571352958679 -10.3095595836639 -11.0804054737091 -11.6102519035339 -11.3470976352692 -11.5555946826935 -11.1187415122986 -10.7188882827759 -10.6450350284576 -10.7741825580597 -10.6723294258118 -10.3234758377075 -9.20162332057953 -10.3547701835632 -10.1399173736572 -11.0020644664764 -11.7902112007141 -11.7109177112579 -11.1091823577881 -11.0694472789764 -10.9967126846313
-6.92677068710327 -7.41227090358734 -9.36377108097076 -10.2612707614899 -9.57577085494995 -9.82127070426941 -9.12277102470398 -8.19727075099945 -6.37637150287628 -7.68807291984558 -9.63977444171906 -10.3404760360718 -9.68017721176147 -9.88787841796875 -10.1795797348022 -9.0122811794281 -9.1859827041626 -10.2286841869354 -11.3523850440979 -11.8670871257782 -11.6436786651611 -11.3651614189148 -10.9576439857483 -10.1231269836426 -11.6826090812683 -11.9320921897888 -11.4015746116638 -12.1790571212769 -11.9725394248962 -11.7710227966309 -12.0915052890778 -12.0909881591797 -11.6618661880493 -11.0811409950256 -10.860414981842 -10.9326894283295 -11.3009634017944 -11.4962377548218 -11.5465123653412 -10.6387867927551 -10.2290606498718 -10.9233350753784 -11.2446088790894 -11.9568836688995 -11.7646129131317 -11.4217970371246 -11.29998087883 -11.4791648387909
-9.48002076148987 -7.74665975570679 -6.12729859352112 -10.0899374485016 -9.7685763835907 -11.2072153091431 -11.310854434967 -10.8384928703308 -9.60925817489624 -9.19814920425415 -8.65004062652588 -9.18293178081512 -9.15982258319855 -8.96071398258209 -9.12060511112213 -9.1364963054657 -9.02938759326935 -9.7992787361145 -10.3341705799103 -11.0670611858368 -11.498566865921 -11.777685880661 -12.2678050994873 -11.7629246711731 -11.6000437736511 -12.2741627693176 -12.4852819442749 -12.7214012145996 -12.427520275116 -12.0586397647858 -11.7597589492798 -11.5618777275085 -11.3441383838654 -11.5695400238037 -12.0149419307709 -12.0303435325623 -12.3217449188232 -12.4091463088989 -12.1495480537415 -11.7789497375488 -10.8183515071869 -10.6267528533936 -11.3311545848846 -11.567556142807 -11.3763084411621 -11.7844116687775 -11.4575145244598 -11.1246173381805
-9.09227073192596 -7.95504856109619 -5.86282634735107 -6.98660397529602 -9.33938193321228 -10.7661595344543 -11.2849373817444 -10.446715593338 -10.8791446685791 -11.1052255630493 -10.8433067798615 -11.3113875389099 -11.1484687328339 -10.5505495071411 -10.4186305999756 -10.7897114753723 -10.1757924556732 -9.22787392139435 -9.73795473575592 -11.1200358867645 -12.0494539737701 -12.2642102241516 -12.7029659748077 -12.6017217636108 -12.8264772891998 -12.2212336063385 -12.4419889450073 -12.2837448120117 -12.0715007781982 -11.7462563514709 -11.7710120677948 -12.015768289566 -12.2614104747772 -12.240939617157 -12.2434680461884 -12.6109974384308 -12.6325261592865 -12.2290549278259 -11.7845838069916 -11.9741132259369 -10.9456419944763 -10.9821710586548 -11.3046998977661 -11.3012282848358 -11.2320048809052 -11.2660264968872 -11.2980482578278 -11.1100699901581
-9.78852081298828 -9.36343741416931 -9.47935402393341 -7.65527081489563 -6.66818749904633 -9.12710416316986 -10.0980205535889 -10.6019375324249 -10.897031545639 -12.0953018665314 -11.8745732307434 -11.8248434066772 -11.3911142349243 -11.0663855075836 -10.6906561851501 -10.8729271888733 -10.84219789505 -10.0214686393738 -9.44873976707458 -10.6390104293823 -11.9213421344757 -12.4767343997955 -11.9121267795563 -12.5305192470551 -12.8309116363525 -12.3803038597107 -11.8416957855225 -11.8240888118744 -12.3404810428619 -12.6748733520508 -12.8942658901215 -13.1526582241058 -13.2796821594238 -12.5743384361267 -12.2589952945709 -11.8746509552002 -11.5943074226379 -11.5459635257721 -11.4526200294495 -11.2082762718201 -10.9149324893951 -11.948588848114 -11.9402446746826 -11.6309010982513 -11.6257002353668 -11.0426406860352 -11.1325817108154 -11.2215225696564
-10.1747708320618 -8.47982597351074 -8.6938818693161 -8.91493725776672 -7.06399261951447 -7.44204831123352 -7.82610404491425 -8.9711594581604 -10.0289175510406 -10.5313785076141 -10.9948391914368 -11.4192991256714 -11.5167598724365 -11.7722208499908 -11.7176814079285 -11.3481423854828 -10.8946030139923 -10.3750636577606 -9.94052481651306 -9.87498509883881 -10.644229888916 -11.1752586364746 -11.364287853241 -12.4863166809082 -12.447345495224 -11.9473748207092 -11.542403459549 -12.1074323654175 -12.5034613609314 -12.7224898338318 -13.0735192298889 -12.4945480823517 -11.9669544696808 -11.7577381134033 -11.7335212230682 -11.4353048801422 -11.174088716507 -11.2488718032837 -11.0176558494568 -11.0314393043518 -11.0662226676941 -11.2310063838959 -11.4307901859283 -11.4015734195709 -11.6113955974579 -11.5162553787231 -11.869115114212 -12.03697514534
-9.57286906242371 -10.1816899776459 -10.6045112609863 -10.5073320865631 -9.51015400886536 -8.7759747505188 -8.32979559898376 -7.84861695766449 -8.0952376127243 -8.11265790462494 -8.46007835865021 -8.50349795818329 -8.98691821098328 -10.0523381233215 -10.6557588577271 -11.0231790542603 -11.4575989246368 -11.160019159317 -11.179438829422 -10.9948596954346 -10.5421168804169 -10.289213180542 -10.6233084201813 -11.5254037380219 -11.2454991340637 -11.7845942974091 -12.0526900291443 -11.9317855834961 -12.3498809337616 -11.8239767551422 -12.1300721168518 -12.020167350769 -11.7786998748779 -12.0196681022644 -11.7076375484467 -11.2266061306 -11.0515749454498 -11.1535432338715 -11.0705122947693 -11.1524813175201 -11.2084496021271 -11.098418712616 -10.8963871002197 -11.0373561382294 -11.20929479599 -11.3272042274475 -11.6601130962372 -12.1250224113464
-11.5008151531219 -12.0060286521912 -11.886242389679 -11.3124554157257 -10.632669210434 -10.7268826961517 -10.9460959434509 -10.7433097362518 -10.3329911231995 -10.1271405220032 -11.1542899608612 -11.0624387264252 -9.97758793830872 -8.79773807525635 -8.71288704872131 -9.00303614139557 -9.56918561458588 -10.49733543396 -11.1094844341278 -11.6586337089539 -11.8650043010712 -11.7255961894989 -10.8591885566711 -10.4347801208496 -10.9333724975586 -12.0399646759033 -12.1245563030243 -11.7191486358643 -11.6087400913239 -11.4913325309753 -11.6219244003296 -11.7545163631439 -11.5809185504913 -11.438129901886 -11.3413419723511 -11.2975540161133 -11.1807656288147 -10.9699773788452 -10.9771893024445 -11.1184012889862 -11.1166129112244 -10.9588248729706 -10.8610367774963 -10.7842481136322 -10.6533989906311 -10.7754874229431 -11.150575876236 -11.4366645812988
-12.2707612514496 -12.2113671302795 -12.1169729232788 -11.9305787086487 -11.7201843261719 -11.9087905883789 -11.8503968715668 -11.6820023059845 -11.3807444572449 -11.4966232776642 -12.1275017261505 -12.0573801994324 -11.6432583332062 -11.1291372776031 -11.2710156440735 -10.7368941307068 -9.76177275180817 -8.73344302177429 -9.1824437379837 -10.187408208847 -10.6388914585114 -11.0859804153442 -11.0460681915283 -10.7071571350098 -10.705245256424 -10.8993344306946 -11.0014226436615 -11.1625115871429 -11.2116000652313 -11.504688501358 -11.4867770671844 -11.2031538486481 -11.1010725498199 -11.0722601413727 -11.3354477882385 -11.8085021972656 -11.9229564666748 -12.0614113807678 -11.9198663234711 -11.7213213443756 -11.6777765750885 -11.6842312812805 -11.5476856231689 -11.3791406154633 -10.9905023574829 -10.8577702045441 -10.7980380058289 -10.7603058815002
-12.4267072677612 -12.5607059001923 -12.8607041835785 -13.1507019996643 -12.5177006721497 -12.1966989040375 -12.1456973552704 -12.0956950187683 -12.3644981384277 -12.6181058883667 -12.6677134037018 -12.3413212299347 -11.8259291648865 -10.7225368022919 -10.3181443214417 -10.0327515602112 -9.94035935401917 -9.77596688270569 -9.50971245765686 -9.46227431297302 -9.58381795883179 -9.75734186172485 -9.85286664962769 -9.98639059066772 -10.1379153728485 -10.4504389762878 -10.6319634914398 -10.6974875926971 -10.8250119686127 -10.9060442447662 -11.0477557182312 -11.1410989761353 -11.2979683876038 -11.6510536670685 -12.1697518825531 -12.4914500713348 -12.5051474571228 -12.458845615387 -12.3485436439514 -12.0722415447235 -11.3989398479462 -11.3216376304626 -11.3743352890015 -11.4030332565308 -11.1046054363251 -11.1810529232025 -11.3825006484985 -11.2609479427338
-12.2026536464691 -12.469043970108 -12.9014346599579 -13.1788256168365 -13.041216135025 -12.8586065769196 -12.4539976119995 -11.8213880062103 -11.513251543045 -11.2955882549286 -11.1199252605438 -10.7762622833252 -10.6575984954834 -10.9169359207153 -11.2962727546692 -11.7166092395782 -11.8889458179474 -12.089282989502 -12.2506196498871 -12.3629567623138 -12.2286660671234 -11.9197475910187 -11.4828290939331 -11.2399110794067 -11.0789923667908 -10.9560739994049 -10.7336890697479 -10.6056923866272 -10.5906960964203 -10.7196991443634 -11.1294820308685 -11.5475635528564 -11.9465746879578 -12.1795151233673 -12.0654563903809 -12.2093977928162 -12.2763388156891 -12.0392796993256 -11.6542208194733 -11.4001619815826 -11.22110247612 -11.4810438156128 -11.4959847927094 -11.445925951004 -11.2217094898224 -10.9743359088898 -11.1089627742767 -11.1205899715424
-11.7506000995636 -12.1853830814362 -12.5671656131744 -12.6759490966797 -12.4237315654755 -11.9425148963928 -11.7902977466583 -12.0400805473328 -12.1490049362183 -12.003071308136 -11.6671371459961 -11.7522027492523 -12.2442691326141 -12.5213351249695 -12.4294011592865 -12.8034670352936 -13.0325329303741 -13.3825993537903 -13.280665397644 -13.0717310905457 -12.8645529747009 -12.7041313648224 -12.3757095336914 -11.883287191391 -11.6118652820587 -11.5404438972473 -11.6280217170715 -11.3445999622345 -10.9881782531738 -10.6698627471924 -10.6303453445435 -10.8448281288147 -11.1267604827881 -11.450977563858 -11.6571617126465 -11.840345621109 -11.7755296230316 -11.6537139415741 -11.9268980026245 -11.9350814819336 -11.6552658081055 -11.5434498786926 -11.6496338844299 -12.0388178825378 -11.9218127727509 -11.5666191577911 -11.1854255199432 -11.1302316188812
