data/spatiotemp/temp4/bio6_norsw_test_2015_2018.asc
NCOLS 654 
NROWS 380 
XLLCORNER 3.91666666666667 
YLLCORNER 55.3333333333333 
CELLSIZE 0.0416666666666667 
NODATA_value -9999 
[rows 352 to 373 of 380, columns 480 to 527 of 654]
-6.19205725193024 -6.24046814441681 -6.26687920093536 -6.24728989601135 -6.22370111942291 -6.23411178588867 -6.33052241802216 -6.32493329048157 -6.31587958335876 -6.35136091709137 -6.41484260559082 -6.39232409000397 -6.43780541419983 -6.53528690338135 -6.65276861190796 -6.80624985694885 -6.9217312335968 -6.96633666753769 -7.06066316366196 -7.12898927927017 -7.11561155319214 -7.02952933311462 -6.9614474773407 -6.95436537265778 -6.96328324079514 -7.01020079851151 -7.02811866998672 -7.06003648042679 -7.11695426702499 -7.19887208938599 -7.293790102005 -7.37170779705048 -7.35593539476395 -7.38147312402725 -7.45701122283936 -7.53954875469208 -7.64108598232269 -7.73857760429382 -7.81942236423492 -7.82626724243164 -7.83711230754852 -7.86195707321167 -7.91280233860016 -7.90964686870575 -7.90034782886505 -7.91290462017059 -7.94946110248566 -7.9760183095932
-6.14188015460968 -6.15497374534607 -6.18006753921509 -6.20916128158569 -6.23625528812408 -6.24534916877747 -6.3204425573349 -6.35953664779663 -6.4025000333786 -6.38133335113525 -6.35216653347015 -6.31499993801117 -6.36183333396912 -6.43866658210754 -6.50349986553192 -6.63833320140839 -6.8071665763855 -6.89151000976562 -6.9244892001152 -7.02846884727478 -7.12473767995834 -7.13029676675797 -7.12185579538345 -7.1114147901535 -7.10697376728058 -7.0995329618454 -7.05409210920334 -7.04165130853653 -7.06221014261246 -7.13676935434341 -7.22832810878754 -7.29988729953766 -7.30293816328049 -7.33248174190521 -7.37002497911453 -7.43656873703003 -7.53911191225052 -7.65737175941467 -7.72196185588837 -7.76455223560333 -7.78114283084869 -7.72373270988464 -7.73032295703888 -7.84091329574585 -7.92330729961395 -7.92950570583344 -7.9497035741806 -7.92190098762512
-6.14570277929306 -6.17747938632965 -6.15925645828247 -6.16903287172318 -6.22280937433243 -6.24658614397049 -6.23036313056946 -6.29213929176331 -6.33512055873871 -6.29730522632599 -6.23749113082886 -6.25767612457275 -6.32186126708984 -6.41404604911804 -6.48623108863831 -6.55641674995422 -6.6286016702652 -6.77968388795853 -6.90731537342072 -7.06794786453247 -7.16886359453201 -7.14906406402588 -7.1432643532753 -7.13046455383301 -7.15066492557526 -7.14486509561539 -7.10006535053253 -7.03926581144333 -7.04546582698822 -7.08266639709473 -7.16586631536484 -7.22206664085388 -7.30394101142883 -7.32549035549164 -7.34303969144821 -7.37358886003494 -7.45813810825348 -7.60416555404663 -7.72250163555145 -7.77683675289154 -7.75317239761353 -7.67950856685638 -7.6998438835144 -7.82017970085144 -7.87426686286926 -7.7981059551239 -7.73594522476196 -7.71178424358368
-6.06552618741989 -6.10398542881012 -6.13244485855103 -6.17490452528 -6.20536404848099 -6.20982360839844 -6.20628297328949 -6.23074239492416 -6.23574084043503 -6.14927798509598 -6.11881482601166 -6.18435180187225 -6.28188860416412 -6.38742578029633 -6.52696287631989 -6.65049993991852 -6.72403717041016 -6.84757363796234 -6.97311091423035 -7.06064832210541 -7.11692070960999 -7.06783157587051 -7.03367280960083 -7.01451420783997 -7.10935598611832 -7.16519737243652 -7.16603875160217 -7.1218803524971 -7.08972144126892 -7.13956314325333 -7.21340447664261 -7.23924589157104 -7.27194434404373 -7.31649881601334 -7.28271675109863 -7.31679749488831 -7.45287823677063 -7.66095960140228 -7.76904058456421 -7.78112185001373 -7.71320283412933 -7.71128392219543 -7.73536479473114 -7.75344562530518 -7.78922653198242 -7.85470676422119 -7.87818694114685 -7.83766758441925
-5.92934894561768 -5.94449156522751 -5.99563372135162 -6.06877613067627 -6.10791832208633 -6.12706077098846 -6.1362030506134 -6.1433452963829 -6.09236121177673 -6.04925018548965 -6.08013880252838 -6.1430276632309 -6.20391672849655 -6.31480550765991 -6.4976943731308 -6.66258335113525 -6.74147236347198 -6.85036110877991 -6.97725009918213 -7.02213883399963 -7.06604659557343 -7.07559871673584 -7.03908133506775 -6.97956395149231 -7.05904680490494 -7.18068218231201 -7.2096095085144 -7.20453643798828 -7.1834636926651 -7.1563903093338 -7.2313175201416 -7.37624478340149 -7.41262149810791 -7.40044772624969 -7.36027419567108 -7.41210055351257 -7.53992688655853 -7.71775376796722 -7.78758001327515 -7.74540638923645 -7.6912328004837 -7.6670595407486 -7.69488549232483 -7.76871204376221 -7.81818616390228 -7.82530772686005 -7.85442936420441 -7.93155038356781
-5.86117172241211 -5.84299731254578 -5.83282226324081 -5.86264771223068 -5.92847281694412 -5.97829765081406 -6.02012324333191 -6.03794872760773 -6.03898179531097 -6.05522209405899 -6.04546296596527 -6.10770380496979 -6.17194443941116 -6.28218525648117 -6.43842566013336 -6.57066661119461 -6.69090735912323 -6.82714796066284 -6.97538888454437 -7.01962971687317 -7.09717309474945 -7.18001890182495 -7.16286480426788 -7.10371112823486 -7.05255722999573 -7.0514030456543 -7.11824929714203 -7.20909535884857 -7.29394137859344 -7.31678748130798 -7.32563376426697 -7.38447976112366 -7.41868841648102 -7.46826028823853 -7.55383241176605 -7.5974041223526 -7.63497579097748 -7.70654785633087 -7.74611914157867 -7.74369132518768 -7.72926306724548 -7.63883471488953 -7.61640632152557 -7.72197878360748 -7.76514554023743 -7.78990852832794 -7.85067069530487 -7.86743342876434
-5.83660238981247 -5.79647397994995 -5.79634571075439 -5.8042169213295 -5.85208857059479 -5.85996025800705 -5.8738317489624 -5.92370313405991 -5.96673315763474 -5.98092186450958 -6.0051104426384 -6.04529917240143 -6.13348776102066 -6.25967645645142 -6.39386504888535 -6.50205338001251 -6.64424258470535 -6.79843103885651 -6.94461977481842 -7.03880834579468 -7.1182564496994 -7.19296360015869 -7.20767033100128 -7.18237769603729 -7.09308481216431 -7.02979230880737 -7.0744993686676 -7.19320642948151 -7.32191371917725 -7.36662077903748 -7.44332790374756 -7.47403526306152 -7.51003837585449 -7.56333827972412 -7.61463832855225 -7.64193844795227 -7.71323800086975 -7.7485374212265 -7.70583724975586 -7.72113704681396 -7.67843747138977 -7.6237370967865 -7.6490364074707 -7.72433686256409 -7.77729284763336 -7.79190492630005 -7.80851674079895 -7.76312911510468
-5.77164071798325 -5.76892155408859 -5.74220305681229 -5.76748448610306 -5.81076544523239 -5.8080467581749 -5.81732815504074 -5.86460930109024 -5.8936163187027 -5.96434909105301 -5.9650816321373 -6.02181404829025 -6.09454673528671 -6.19727957248688 -6.32201218605042 -6.46674478054047 -6.62747728824615 -6.75420993566513 -6.86894261837006 -6.99767518043518 -7.0952969789505 -7.14380705356598 -7.15431773662567 -7.16482818126678 -7.19733870029449 -7.19184863567352 -7.16035938262939 -7.20686960220337 -7.27937984466553 -7.36389064788818 -7.43640100955963 -7.53491127490997 -7.57867181301117 -7.57968235015869 -7.53269279003143 -7.57770335674286 -7.66471374034882 -7.69372403621674 -7.70073437690735 -7.67374515533447 -7.64075529575348 -7.63176560401917 -7.71277630329132 -7.76778733730316 -7.79462718963623 -7.73729705810547 -7.73396718502045 -7.78663754463196
-5.74467867612839 -5.73336935043335 -5.68606072664261 -5.7047518491745 -5.74944269657135 -5.76413375139236 -5.76682496070862 -5.80351585149765 -5.85249954462051 -5.90577632188797 -5.92505288124084 -6.00232946872711 -6.09760576486588 -6.16688293218613 -6.27415919303894 -6.42743563652039 -6.5967121720314 -6.72598916292191 -6.82526564598083 -6.95054215192795 -7.05033731460571 -7.13265097141266 -7.14696455001831 -7.16127824783325 -7.24559223651886 -7.28590571880341 -7.28421926498413 -7.25253283977509 -7.2708466053009 -7.33715975284576 -7.40147387981415 -7.43578767776489 -7.46530497074127 -7.49202609062195 -7.51474702358246 -7.54946827888489 -7.60418951511383 -7.62491035461426 -7.66163122653961 -7.68235278129578 -7.66907382011414 -7.64579463005066 -7.6985160112381 -7.72723710536957 -7.7539621591568 -7.71668934822083 -7.7314178943634 -7.8361451625824
-5.78171694278717 -5.74581754207611 -5.71591818332672 -5.7340190410614 -5.7301197052002 -5.75022053718567 -5.73832100629807 -5.73642176389694 -5.78138262033463 -5.81320315599442 -5.86702382564545 -5.93884426355362 -6.03266495466232 -6.1424857378006 -6.24230629205704 -6.35612672567368 -6.50994741916656 -6.65576773881912 -6.78358846902847 -6.9314090013504 -7.04737782478333 -7.09549462795258 -7.09361171722412 -7.10572850704193 -7.19184553623199 -7.27196252346039 -7.30207908153534 -7.29219627380371 -7.31831300258636 -7.3664299249649 -7.37054681777954 -7.36466383934021 -7.40193796157837 -7.45036935806274 -7.50880146026611 -7.51323330402374 -7.51166486740112 -7.52009665966034 -7.58652830123901 -7.63496029376984 -7.65939199924469 -7.66382360458374 -7.64625573158264 -7.66068720817566 -7.71329617500305 -7.73608219623566 -7.77086782455444 -7.83965313434601
-5.7767550945282 -5.72826546430588 -5.67577600479126 -5.65128648281097 -5.66279679536819 -5.68030738830566 -5.67181771993637 -5.68732804059982 -5.71226561069489 -5.76263010501862 -5.8109946846962 -5.83935934305191 -5.8957239985466 -6.00808840990067 -6.12645310163498 -6.23681777715683 -6.40518206357956 -6.55554682016373 -6.66591137647629 -6.84027600288391 -6.98641812801361 -7.0263386964798 -6.97225856781006 -7.01617884635925 -7.13209879398346 -7.20801913738251 -7.25993919372559 -7.25185942649841 -7.27177953720093 -7.34769952297211 -7.37361967563629 -7.43753957748413 -7.50457084178925 -7.49671351909637 -7.52085602283478 -7.50899815559387 -7.48114061355591 -7.45528292655945 -7.51542520523071 -7.53356802463531 -7.56971001625061 -7.64185285568237 -7.6659951210022 -7.71613752841949 -7.76063060760498 -7.77147448062897 -7.78231799602509 -7.81916165351868
-5.71979331970215 -5.68871337175369 -5.63563376665115 -5.60255378484726 -5.58147382736206 -5.59639430046082 -5.57131433486938 -5.5702343583107 -5.58314889669418 -5.64805734157562 -5.69096595048904 -5.71987462043762 -5.75078302621841 -5.88769149780273 -6.04859989881516 -6.17350882291794 -6.35841727256775 -6.50732558965683 -6.59423398971558 -6.74514311552048 -6.89145880937576 -6.92718213796616 -6.94490545988083 -7.01862877607346 -7.09835237264633 -7.20007562637329 -7.30379915237427 -7.29152250289917 -7.25724601745605 -7.32096922397614 -7.432692527771 -7.47641575336456 -7.47920405864716 -7.46505689620972 -7.48691022396088 -7.46676337718964 -7.53461635112762 -7.55246925354004 -7.49432229995728 -7.4921749830246 -7.56002843379974 -7.64988160133362 -7.73373460769653 -7.82558751106262 -7.85996472835541 -7.83886647224426 -7.78176844120026 -7.81466960906982
-5.68483132123947 -5.64916145801544 -5.60749131441116 -5.59582108259201 -5.5581511259079 -5.52648079395294 -5.45281094312668 -5.49714070558548 -5.51003205776215 -5.5394846200943 -5.59093683958054 -5.64238935709 -5.72984212636948 -5.85129457712173 -6.02074694633484 -6.20019936561584 -6.39165222644806 -6.52710455656052 -6.59055703878403 -6.70601004362106 -6.86849945783615 -6.93602567911148 -7.01355230808258 -7.04107892513275 -7.08860546350479 -7.20013242959976 -7.27165913581848 -7.30318582057953 -7.36671257019043 -7.38023889064789 -7.41576540470123 -7.43929207324982 -7.41183733940125 -7.43340075016022 -7.50096452236176 -7.46052837371826 -7.49209189414978 -7.53365564346313 -7.5312192440033 -7.56878292560577 -7.66634678840637 -7.75391042232513 -7.8334743976593 -7.8510377407074 -7.82129919528961 -7.79025900363922 -7.74921846389771 -7.78417778015137
-5.66786986589432 -5.61560946702957 -5.58534896373749 -5.5610888004303 -5.5588281750679 -5.55856782197952 -5.5583074092865 -5.54404699802399 -5.5089151263237 -5.50291162729263 -5.51690804958344 -5.58690452575684 -5.69890111684799 -5.78889757394791 -5.95289397239685 -6.17089056968689 -6.3608872294426 -6.48088330030441 -6.5328803062439 -6.65887653827667 -6.81554001569748 -6.96086978912354 -7.04419928789139 -7.15552937984467 -7.21085959672928 -7.2481894493103 -7.28151911497116 -7.30284905433655 -7.31417906284332 -7.36350858211517 -7.39883852005005 -7.35816836357117 -7.36047041416168 -7.42774474620819 -7.51101875305176 -7.51229345798492 -7.53956770896912 -7.51284205913544 -7.53011655807495 -7.60339057445526 -7.66266477108002 -7.71393942832947 -7.79321372509003 -7.80648803710938 -7.74263393878937 -7.71365118026733 -7.74866890907288 -7.79568612575531
-5.71290785074234 -5.70205718278885 -5.64120662212372 -5.58635592460632 -5.54550528526306 -5.5126548409462 -5.54180425405502 -5.48095345497131 -5.45379829406738 -5.40433877706528 -5.42687904834747 -5.4954195022583 -5.58196014165878 -5.69050085544586 -5.83504098653793 -5.97358137369156 -6.1761223077774 -6.38066285848618 -6.4432030916214 -6.61774373054504 -6.84058040380478 -7.00371342897415 -7.10484659671783 -7.2099797129631 -7.26111298799515 -7.27024590969086 -7.30337899923325 -7.30851221084595 -7.35564529895782 -7.42277836799622 -7.43591129779816 -7.39104449748993 -7.39510345458984 -7.4880884885788 -7.55107343196869 -7.54205846786499 -7.53304314613342 -7.53602850437164 -7.51301348209381 -7.53199827671051 -7.60698330402374 -7.65796792507172 -7.70495331287384 -7.71593844890594 -7.68796825408936 -7.70704364776611 -7.77611911296844 -7.81319379806519
-5.73794603347778 -5.72450506687164 -5.65706413984299 -5.55562329292297 -5.45618224143982 -5.40874129533768 -5.4573005437851 -5.4338595867157 -5.38868123292923 -5.30176538228989 -5.32485002279282 -5.36793464422226 -5.41901904344559 -5.53210383653641 -5.69718796014786 -5.8962727189064 -6.16335707902908 -6.43644160032272 -6.64952605962753 -6.76861053705215 -6.90562105178833 -7.04655712842941 -7.17149358987808 -7.26643007993698 -7.3053662776947 -7.31030285358429 -7.31323897838593 -7.39017540216446 -7.41711169481277 -7.47004789113998 -7.48298406600952 -7.44192039966583 -7.43973672389984 -7.46843206882477 -7.43512785434723 -7.43582332134247 -7.45451879501343 -7.47521460056305 -7.50391054153442 -7.54660594463348 -7.60330176353455 -7.61999714374542 -7.63869297504425 -7.6353884935379 -7.64130294322968 -7.70243573188782 -7.73356938362122 -7.75470209121704
-5.72098433971405 -5.71695303916931 -5.68292170763016 -5.59489053487778 -5.50485974550247 -5.43082815408707 -5.41679674386978 -5.43276572227478 -5.40356433391571 -5.30519258975983 -5.28482109308243 -5.32044970989227 -5.41007846593857 -5.50770664215088 -5.70333522558212 -5.98696333169937 -6.27059233188629 -6.52222019433975 -6.71784901618958 -6.83947724103928 -6.94266140460968 -7.01740097999573 -7.16614067554474 -7.26087987422943 -7.32161974906921 -7.31035947799683 -7.32709860801697 -7.40183866024017 -7.45657795667648 -7.46131759881973 -7.49805706739426 -7.45479667186737 -7.42036974430084 -7.50077569484711 -7.50518214702606 -7.50158858299255 -7.48199450969696 -7.49840104579926 -7.50280737876892 -7.5552134513855 -7.56161975860596 -7.58802604675293 -7.60643219947815 -7.62083840370178 -7.59263741970062 -7.59982872009277 -7.58701932430267 -7.63821041584015
-5.7560225725174 -5.71940094232559 -5.680779337883 -5.61615794897079 -5.56953656673431 -5.48091489076614 -5.42029339075089 -5.43567216396332 -5.3924475312233 -5.29661965370178 -5.18279218673706 -5.23696464300156 -5.4431374669075 -5.61930948495865 -5.82348191738129 -6.05365455150604 -6.26382714509964 -6.50599926710129 -6.69817179441452 -6.87034428119659 -7.00370180606842 -7.0642449259758 -7.18078762292862 -7.30333054065704 -7.30987322330475 -7.27441614866257 -7.31295901536942 -7.46550160646439 -7.55204427242279 -7.51658701896667 -7.51112991571426 -7.48367255926132 -7.4990029335022 -7.52511954307556 -7.52723670005798 -7.52335369586945 -7.51947057247162 -7.46958720684052 -7.46170437335968 -7.5218209028244 -7.55793797969818 -7.59605491161346 -7.60217177867889 -7.56228888034821 -7.54397165775299 -7.53722035884857 -7.54646968841553 -7.65171825885773
-5.84692341089249 -5.79407620429993 -5.71922916173935 -5.65238201618195 -5.6215346455574 -5.56068754196167 -5.49784046411514 -5.43099343776703 -5.39763557910919 -5.26776719093323 -5.09589952230453 -5.21003115177155 -5.50216323137283 -5.76229518651962 -5.98842704296112 -6.18055909872055 -6.31469094753265 -6.51282286643982 -6.75695484876633 -6.89908695220947 -7.05256587266922 -7.10139226913452 -7.18621891736984 -7.31104499101639 -7.35987138748169 -7.37669795751572 -7.45552414655685 -7.54435074329376 -7.55317723751068 -7.5100035071373 -7.45482981204987 -7.47165608406067 -7.48080939054489 -7.48828989267349 -7.49777001142502 -7.52725076675415 -7.55273067951202 -7.54621112346649 -7.53569161891937 -7.5891717672348 -7.61265218257904 -7.5661324262619 -7.52161288261414 -7.55309343338013 -7.58451282978058 -7.60787177085876 -7.58923029899597 -7.72458934783936
-5.89768725633621 -5.81297904253006 -5.76827079057693 -5.75556242465973 -5.72085392475128 -5.60814595222473 -5.54743748903275 -5.52472919225693 -5.48912864923477 -5.41663545370102 -5.37214237451553 -5.50564932823181 -5.73515617847443 -5.96266329288483 -6.16417002677917 -6.34967696666718 -6.48118394613266 -6.62669092416763 -6.85019797086716 -7.03570479154587 -7.17725342512131 -7.25684368610382 -7.35443383455276 -7.44202411174774 -7.49761462211609 -7.52920478582382 -7.5747948884964 -7.51638519763947 -7.43397575616837 -7.41756570339203 -7.37715584039688 -7.39874660968781 -7.41978979110718 -7.48028641939163 -7.54878294467926 -7.57127922773361 -7.58777594566345 -7.62627273797989 -7.58676934242249 -7.62526535987854 -7.58976221084595 -7.53825843334198 -7.51275503635406 -7.58125185966492 -7.59226047992706 -7.5897810459137 -7.60930216312408 -7.71282315254211
-5.94245153665543 -5.85588186979294 -5.82531261444092 -5.82074308395386 -5.7761737704277 -5.64560407400131 -5.57903504371643 -5.60846543312073 -5.56462168693542 -5.55150365829468 -5.64038550853729 -5.77126723527908 -5.9501491189003 -6.12903124094009 -6.26591348648071 -6.46279501914978 -6.68167698383331 -6.82055884599686 -6.96344095468521 -7.15432298183441 -7.26594114303589 -7.37629497051239 -7.5166494846344 -7.59500372409821 -7.62335753440857 -7.65571171045303 -7.65006583929062 -7.53042012453079 -7.40877467393875 -7.40512841939926 -7.40948277711868 -7.41383665800095 -7.44276994466782 -7.53228282928467 -7.57779550552368 -7.57930850982666 -7.52082085609436 -7.52233362197876 -7.54384684562683 -7.54735946655273 -7.56287217140198 -7.5843847990036 -7.60189747810364 -7.63541042804718 -7.65200805664062 -7.66769111156464 -7.63537395000458 -7.65305697917938
-6.0052153468132 -5.9387845993042 -5.87035423517227 -5.85392367839813 -5.81549292802811 -5.72306269407272 -5.64263200759888 -5.68620151281357 -5.71611475944519 -5.76637154817581 -5.86262845993042 -5.97888559103012 -6.11514258384705 -6.24139946699142 -6.36365628242493 -6.54791325330734 -6.82817012071609 -7.01042699813843 -7.11668390035629 -7.23494100570679 -7.32862842082977 -7.40374624729156 -7.5068644285202 -7.61198276281357 -7.65110057592392 -7.67821872234344 -7.72133672237396 -7.64845460653305 -7.5815731883049 -7.58269095420837 -7.6418092250824 -7.66492718458176 -7.67975050210953 -7.70427942276001 -7.68680840730667 -7.68533706665039 -7.60386615991592 -7.56839537620544 -7.54692411422729 -7.54345315694809 -7.58798217773438 -7.61051100492477 -7.59703993797302 -7.66956895589828 -7.67575585842133 -7.65960085391998 -7.63744580745697 -7.63929057121277
