data/spatiotemp/temp4/bio7_norsw_test_2015_2018.asc
NCOLS 654 
NROWS 380 
XLLCORNER 3.91666666666667 
YLLCORNER 55.3333333333333 
CELLSIZE 0.0416666666666667 
NODATA_value -9999 
[rows 242 to 263 of 380, columns 400 to 449 of 654]
-9999 -9999 -9999 -9999 -9999 -9999 -9999 -9999 -9999 -9999 -9999 -9999 -9999 -9999 -9999 -9999 -9999 28.3819313049316 28.5971693992615 28.7627305984497 28.9924049377441 29.2414026260376 29.4491610527039 29.6009178161621 29.6886777877808 29.7724370956421 29.8851947784424 30.0559544563293 30.2416553497314 30.3513026237488 30.4339509010315 30.6056003570557 30.8202476501465 30.9448957443237 30.9785432815552 31.0831923484802 31.2248392105103 31.3234848976135 31.187132358551 31.1267819404602 31.4826054573059 31.9606056213379 32.2966055870056 32.3746047019958 32.4226040840149 32.3856039047241 32.5006041526794 32.67360496521 32.6596055030823 32.7026038169861
-9999 -9999 -9999 -9999 -9999 -9999 -9999 -9999 -9999 -9999 -9999 -9999 -9999 -9999 -9999 -9999 28.2399654388428 28.3473963737488 28.5923261642456 28.8279972076416 29.0015125274658 29.1770296096802 29.3605461120605 29.5400638580322 29.6985793113708 29.8760967254639 30.0296149253845 30.0871300697327 30.1718521118164 30.2467737197876 30.3616986274719 30.5696244239807 30.838547706604 31.0734724998474 31.1613974571228 31.1673212051392 31.1902451515198 31.2961678504944 31.1040930747986 30.940016746521 31.1025953292847 31.3168253898621 31.6640591621399 32.083291053772 32.1905198097229 32.2017517089844 32.2479844093323 32.4932160377502 32.6374483108521 32.7416787147522
-9999 -9999 -9999 -9999 -9999 -9999 -9999 -9999 -9999 -9999 -9999 -9999 -9999 -9999 25.5745320320129 26.8240113258362 28.173267364502 28.4017281532288 28.6718325614929 28.7428779602051 28.9643840789795 29.2046570777893 29.3929328918457 29.5572066307068 29.6704835891724 29.8187570571899 29.9310321807861 30.0453081130981 30.1410436630249 30.1882457733154 30.3374452590942 30.5196475982666 30.7138485908508 30.9160485267639 31.0842514038086 31.1654491424561 31.255651473999 31.3268523216248 31.2340540885925 31.1192531585693 31.0455865859985 31.1830487251282 31.3535118103027 31.6749749183655 31.9454374313354 32.1819000244141 32.2383646965027 32.4478259086609 32.5302886962891 32.6617517471313
-9999 -9999 -9999 -9999 -9999 -9999 -9999 -9999 -9999 -9999 -9999 -9999 -9999 26.9151568412781 -9999 28.1620330810547 28.2531609535217 28.4026045799255 28.6361870765686 28.8345527648926 29.0572519302368 29.2032861709595 29.3403191566467 29.4823508262634 29.6343841552734 29.8144173622131 29.9594502449036 30.0554819107056 30.2022376060486 30.306715965271 30.3771934509277 30.509669303894 30.7471480369568 30.8626265525818 31.0111036300659 31.1245813369751 31.2600574493408 31.3175358772278 31.3400130271912 31.3214902877808 31.2455773353577 31.2162718772888 31.2519659996033 31.4506607055664 31.8053555488586 32.0690493583679 32.2047448158264 32.3634371757507 32.5441308021545 32.6138257980347
-9999 -9999 -9999 -9999 -9999 -9999 -9999 -9999 -9999 -9999 -9999 -9999 -9999 -9999 27.7609915733337 28.0971126556396 28.278507232666 28.4005208015442 28.6988515853882 28.8982267379761 29.0656018257141 29.2049136161804 29.3387045860291 29.4114966392517 29.7642879486084 30.1391320228577 30.2718691825867 30.2976593971252 30.3084311485291 30.3481879234314 30.4129400253296 30.444694519043 30.6454491615295 30.7912030220032 31.010956287384 31.1247115135193 31.2404651641846 31.3092198371887 31.39497423172 31.4467267990112 31.479567527771 31.392493724823 31.3824191093445 31.627345085144 31.8752722740173 32.1041965484619 32.2191224098206 32.4120488166809 32.5639753341675 32.655900478363
-9999 -9999 -9999 -9999 -9999 -9999 -9999 -9999 -9999 -9999 24.9563016891479 -9999 -9999 27.3620324134827 27.7479686737061 28.0224485397339 28.2798161506653 28.4615631103516 28.6817712783813 28.9254441261292 29.1499929428101 29.3525414466858 29.4120917320251 29.421639919281 29.6981887817383 30.0912299156189 30.2992868423462 30.373836517334 30.4056258201599 30.4056553840637 30.4276876449585 30.471718788147 30.750750541687 30.9187798500061 31.0068097114563 31.0808410644531 31.2668714523315 31.4799032211304 31.4909338951111 31.5529642105103 31.6045579910278 31.5487170219421 31.6168737411499 31.8550305366516 32.0831861495972 32.1993446350098 32.2185029983521 32.3086609840393 32.4528169631958 32.6419744491577
-9999 -9999 -9999 -9999 -9999 -9999 -9999 -9999 -9999 -9999 -9999 -9999 -9999 27.0938034057617 -9999 28.0260953903198 28.2092027664185 28.3716840744019 28.5732283592224 28.9244384765625 29.1628618240356 29.3281698226929 29.4244780540466 29.4927840232849 29.6640915870667 29.8893990516663 30.0057063102722 30.1530137062073 30.1908206939697 30.2611284255981 30.3354353904724 30.4677424430847 30.6880502700806 30.8553576469421 30.9586644172668 30.9849720001221 31.2212800979614 31.4355845451355 31.5888924598694 31.666202545166 31.5725493431091 31.5169377326965 31.5853271484375 31.7287154197693 31.981104850769 32.1494927406311 32.1928815841675 32.2062706947327 32.3236603736877 32.5620484352112
-9999 -9999 -9999 -9999 -9999 -9999 -9999 -9999 -9999 -9999 -9999 -9999 -9999 26.9589066505432 27.0448441505432 27.7641153335571 27.9761409759521 27.9536466598511 28.2735772132874 28.688205242157 28.9134387969971 29.1027979850769 29.256863117218 29.3759279251099 29.5669932365417 29.7570586204529 29.8781237602234 29.9711904525757 30.053014755249 30.1065969467163 30.2691807746887 30.4497666358948 30.5943508148193 30.7069339752197 30.8335180282593 30.9691019058228 31.1896848678589 31.3412699699402 31.4448547363281 31.4594378471375 31.4815402030945 31.5371613502502 31.5977811813354 31.7653994560242 31.9220209121704 32.0086417198181 32.1022615432739 32.1978812217712 32.3635020256042 32.512122631073
-9999 -9999 -9999 -9999 -9999 -9999 -9999 -9999 -9999 -9999 26.3684439659119 -9999 -9999 -9999 -9999 -9999 27.6146550178528 27.55118227005 28.2252097129822 28.5284028053284 28.7407650947571 28.9222917556763 29.0781493186951 29.2501826286316 29.4542169570923 29.672248840332 29.8972826004028 30.0383172035217 30.0889911651611 30.0983099937439 30.2376289367676 30.4849457740784 30.6502623558044 30.7835807800293 30.84889793396 30.9752154350281 31.1425347328186 31.2128529548645 31.1531691551208 31.2414870262146 31.3785743713379 31.5184326171875 31.6512899398804 31.8291473388672 31.928005695343 32.0258636474609 32.1397199630737 32.2955780029297 32.4604349136353 32.395293712616
-9999 -9999 -9999 -9999 -9999 -9999 -9999 -9999 -9999 -9999 -9999 -9999 -9999 -9999 -9999 -9999 28.0095148086548 -9999 28.1871528625488 28.4080967903137 28.646791934967 28.8474869728088 28.9921813011169 29.2068758010864 29.4075694084167 29.5982632637024 29.8589601516724 30.0696530342102 30.1157550811768 30.103262424469 30.2727708816528 30.5732808113098 30.7979860305786 30.9392991065979 30.9038062095642 30.8653154373169 31.0068249702454 31.0813331604004 31.1528420448303 31.2763495445251 31.3916549682617 31.4667563438416 31.6638569831848 31.8129568099976 32.0030579566956 32.1581587791443 32.2582597732544 32.387357711792 32.4524612426758 32.4095616340637
-9999 -9999 -9999 -9999 -9999 -9999 -9999 -9999 -9999 25.3918981552124 -9999 -9999 -9999 -9999 -9999 27.817455291748 28.0293750762939 28.0892372131348 28.0740962028503 28.1974196434021 28.4438199996948 28.7346811294556 28.9465427398682 29.1144032478333 29.3122644424438 29.5021257400513 29.6779856681824 29.8418493270874 29.9015254974365 29.9803233146667 30.2934155464172 30.5500078201294 30.717502117157 30.8349976539612 30.7927165031433 30.8924150466919 31.0411133766174 31.1008148193359 31.1295156478882 31.2572140693665 31.4377346038818 31.5200796127319 31.682421207428 31.8897652626038 32.0321092605591 32.1412973403931 32.2506766319275 32.3800563812256 32.4064846038818 32.4388279914856
-9999 -9999 -9999 -9999 -9999 -9999 -9999 -9999 -9999 -9999 -9999 -9999 -9999 -9999 27.3727784156799 27.5932416915894 27.9751987457275 28.0481443405151 28.1547913551331 28.1915984153748 28.316180229187 28.6068749427795 28.8590850830078 29.0239305496216 29.2169585227966 29.3879857063293 29.431013584137 29.5110411643982 29.6172795295715 29.7367095947266 30.0070643424988 30.345582485199 30.4450182914734 30.6627321243286 30.8076229095459 30.9725151062012 30.9954047203064 30.9532942771912 31.0251846313477 31.2340750694275 31.4718141555786 31.6364016532898 31.6969881057739 31.8865756988525 31.9518337249756 32.0873980522156 32.1909642219543 32.2225284576416 32.2195091247559 32.3260955810547
-9999 -9999 -9999 -9999 -9999 -9999 25.6050176620483 -9999 -9999 -9999 26.3726382255554 26.4545836448669 25.8210597038269 26.9434728622437 26.9420833587646 27.3764090538025 27.7040967941284 27.9432005882263 28.042064666748 28.2966804504395 28.4868760108948 28.5906267166138 28.6020884513855 28.7554593086243 29.013653755188 29.0958461761475 28.990327835083 29.0925707817078 29.2727365493774 29.5980372428894 29.8213634490967 30.0999917984009 30.2205367088318 30.4779152870178 30.7332935333252 30.7946724891663 30.7616953849792 30.7417755126953 30.9208583831787 31.1679396629333 31.3418946266174 31.5637235641479 31.7235560417175 31.8000011444092 31.9577503204346 32.0715007781982 32.1472506523132 32.1430006027222 32.152533531189 32.2504997253418
-9999 -9999 -9999 -9999 -9999 -9999 26.0321588516235 25.9211058616638 -9999 -9999 26.4018521308899 26.6211099624634 26.7003707885742 25.9735360145569 -9999 26.7981481552124 27.416163444519 27.7113199234009 27.7772912979126 28.1402077674866 28.3369026184082 28.4820151329041 28.4494724273682 28.4998617172241 28.6823472976685 28.7538194656372 28.5850715637207 29.0463194847107 29.280225276947 29.3820915222168 29.5054116249084 29.6642351150513 29.9428029060364 30.1452884674072 30.3746967315674 30.4020166397095 30.4379849433899 30.5672578811646 30.86052942276 31.1218023300171 31.3319764137268 31.4630484580994 31.5481204986572 31.7051944732666 32.0036692619324 32.1156034469604 32.1395382881165 32.133472442627 32.22740650177 32.2733445167542
-9999 -9999 -9999 -9999 25.208860874176 -9999 -9999 26.2178535461426 26.1840281486511 -9999 26.5560646057129 26.6726379394531 26.7058806419373 -9999 -9999 -9999 27.2254862785339 27.5367760658264 27.5843753814697 28.0617361068726 28.0682635307312 28.1914587020874 28.2679877281189 28.3461809158325 28.4277091026306 28.2532849311829 28.5740976333618 28.8718018531799 29.1450219154358 29.2097840309143 29.3634090423584 29.4593863487244 29.4292664527893 29.6438336372375 29.918728351593 30.0853590965271 30.2938151359558 30.5227379798889 30.8562016487122 31.1486639976501 31.3870544433594 31.5533714294434 31.6516861915588 31.7200026512146 31.9683198928833 32.0357050895691 32.071825504303 32.0899448394775 32.1000657081604 32.182186126709
-9999 -9999 -9999 -9999 25.3176207542419 -9999 25.286440372467 25.9250178337097 26.3041663169861 26.3180570602417 26.5402789115906 26.6497240066528 26.6613898277283 -9999 26.3492197990417 26.5630550384521 26.7161812782288 -9999 27.0942349433899 27.0721530914307 27.0639581680298 -9999 -9999 27.5810418128967 27.6831645965576 28.0317168235779 28.2781248092651 28.2121534347534 28.4719352722168 28.9686508178711 29.2206802368164 29.3938846588135 29.4440908432007 29.4662942886353 29.4718332290649 29.4257035255432 29.4379100799561 29.8332386016846 30.3981652259827 30.9045267105103 31.0711345672607 31.2726926803589 31.3832530975342 31.5348114967346 31.729501247406 31.94180727005 32.0481128692627 32.1104173660278 32.1107249259949 32.2010278701782
25.6068744659424 -9999 -9999 -9999 25.0572686195374 -9999 25.2510824203491 -9999 -9999 26.1007866859436 26.4894905090332 26.5349254608154 26.0751786231995 26.2729449272156 26.4026393890381 26.5830097198486 26.6485424041748 26.8641166687012 27.0014457702637 27.1265873908997 27.0429859161377 26.9485001564026 -9999 27.0734601020813 27.4124312400818 27.6172919273376 27.9221529960632 28.0145153999329 28.1780190467834 28.7751641273499 29.0783128738403 29.2874598503113 29.3006067276001 29.1994671821594 28.8809008598328 28.9294762611389 28.8551940917969 29.1523427963257 29.7973160743713 30.3833913803101 30.5790901184082 30.8003034591675 31.0488185882568 31.2949280738831 31.4745111465454 31.5926361083984 31.7505888938904 31.9169840812683 31.8762373924255 31.8298721313477
-9999 -9999 -9999 25.3561806678772 25.4825921058655 -9999 25.0032238960266 24.8381485939026 25.1261100769043 25.9335188865662 26.4687042236328 26.1538882255554 25.9890742301941 26.2617588043213 26.3130373954773 -9999 26.6809039115906 26.8238191604614 26.9589576721191 -9999 -9999 26.7708930969238 -9999 27.1590971946716 -9999 27.4921526908875 27.5878472328186 27.7252087593079 27.8924331665039 28.2228560447693 28.6074461936951 28.9170355796814 29.2016243934631 29.226212978363 29.0616359710693 28.9553918838501 28.4024810791016 28.7813897132874 29.4490413665771 29.9080338478088 30.0602569580078 30.2881970405579 30.5608015060425 30.8390946388245 30.9250993728638 31.1086349487305 31.1226859092712 30.9845051765442 31.2248954772949 31.4127130508423
-9999 -9999 -9999 25.2561817169189 25.3879165649414 25.4104156494141 -9999 24.7673444747925 25.1991653442383 25.7995824813843 25.8729162216187 25.6254148483276 -9999 26.1304159164429 26.1329159736633 26.1381764411926 26.4382643699646 26.5164585113525 -9999 -9999 -9999 26.4203691482544 26.8074307441711 26.9820532798767 26.9138188362122 26.9170141220093 27.4202079772949 27.1499013900757 27.2735166549683 27.5114331245422 27.8300800323486 28.310444355011 28.6695365905762 28.9145545959473 28.8595504760742 -9999 28.6997675895691 29.0942974090576 29.5347385406494 29.8033595085144 29.9678931236267 30.1866683959961 30.3815293312073 30.588390827179 30.6812510490417 30.7702784538269 30.6459732055664 30.7519216537476 30.9886965751648 31.195556640625
-9999 -9999 -9999 25.2186803817749 25.5607419013977 25.6308336257935 25.4020371437073 -9999 25.6208324432373 25.2460131645203 -9999 25.0802774429321 -9999 -9999 -9999 25.914692401886 26.2456245422363 26.2729849815369 26.4628472328186 26.6165971755981 26.4473471641541 26.5574293136597 26.6764583587646 26.9192967414856 26.931179523468 26.9557638168335 27.0489978790283 26.8923287391663 27.0337648391724 27.2120766639709 27.4080185890198 28.2371854782104 28.4216589927673 28.5561332702637 -9999 -9999 28.713719367981 29.1124477386475 29.5436305999756 29.7713069915771 29.8809838294983 30.0440287590027 30.2050757408142 30.3641209602356 30.4758353233337 30.4008808135986 30.4929461479187 30.5854172706604 30.6793522834778 30.8323984146118
-9999 -9999 25.330207824707 25.1925439834595 25.6334023475647 25.5952081680298 25.2903461456299 -9999 -9999 -9999 24.9042353630066 -9999 -9999 -9999 -9999 25.4654507637024 26.1243047714233 26.3483090400696 26.5031933784485 26.62180519104 26.6204171180725 26.5840272903442 26.4776382446289 26.6979165077209 26.7879376411438 -9999 26.8289580345154 26.5706949234009 27.1952056884766 27.267641544342 27.2738442420959 27.7114396095276 27.6833934783936 27.8149547576904 28.2686595916748 28.2452206611633 28.348566532135 28.9224767684937 29.3203949928284 29.5820603370667 29.6710758209229 29.7773623466492 29.9143667221069 29.9682230949402 -9999 29.9459867477417 30.1799097061157 30.1337513923645 30.3025159835815 30.4063858985901
24.5532646179199 25.2042374610901 25.1829862594604 24.6811809539795 -9999 -9999 -9999 -9999 -9999 -9999 -9999 -9999 -9999 -9999 -9999 25.4965958595276 26.0493049621582 26.284583568573 26.531765460968 26.536388874054 26.5904178619385 26.3923606872559 26.4109721183777 26.8379158973694 27.2033224105835 27.3168058395386 27.1187496185303 26.9343304634094 27.3078398704529 27.5556840896606 27.8525257110596 27.996985912323 27.6918568611145 27.8563795089722 28.1282124519348 28.1275877952576 28.0842761993408 28.2403492927551 28.763777256012 29.0379953384399 29.3670854568481 29.32000207901 29.4117784500122 29.3933353424072 29.4318461418152 29.6930012702942 29.72758436203 29.8261680603027 30.000750541687 30.1853337287903
