data/spatiotemp/temp4/bio7_norsw_test_2015_2018.asc
NCOLS 654 
NROWS 380 
XLLCORNER 3.91666666666667 
YLLCORNER 55.3333333333333 
CELLSIZE 0.0416666666666667 
NODATA_value -9999 
[rows 154 to 175 of 380, columns 200 to 249 of 654]
26.4488220214844 26.7128691673279 26.6349158287048 26.4289622306824 26.0680093765259 26.0229859352112 26.1581039428711 26.8101501464844 27.3751978874207 27.6462445259094 27.9382920265198 27.8963379859924 28.041473865509 28.2406988143921 28.2599234580994 28.3061461448669 28.2933707237244 28.3895964622498 28.4778213500977 28.4260454177856 28.2102699279785 27.9524960517883 27.8777189254761 28.2269444465637 27.6863431930542 27.4209198951721 27.2424955368042 27.5910696983337 27.3696446418762 27.1902198791504 27.7647953033447 28.6243696212769 28.8589448928833 28.9395203590393 29.2450952529907 29.5166702270508 30.0638642311096 30.2606739997864 30.4514851570129 30.688295841217 30.9341073036194 30.9899158477783 31.1517271995544 30.5625381469727 30.6483497619629 31.1981611251831 31.5179724693298 31.0607810020447 30.7664456367493 30.4879627227783
26.3846611976624 26.7648572921753 26.7540516853333 26.4712491035461 26.4904460906982 26.7296414375305 27.2268381118774 27.4110341072083 27.5842294692993 27.5864248275757 27.9376225471497 28.1128182411194 28.1460304260254 28.248260974884 27.9554896354675 27.8357191085815 27.8839473724365 27.9811768531799 28.1324057579041 28.2636370658875 28.4538650512695 28.6610951423645 28.6493248939514 28.3975534439087 28.1182522773743 28.1384229660034 28.3115930557251 28.5837621688843 28.5689339637756 28.3671035766602 28.3092727661133 28.6284437179565 29.2026138305664 29.5737819671631 29.7399535179138 30.0621247291565 29.965660572052 30.0095653533936 30.3614687919617 30.8283739089966 30.9332790374756 31.1761827468872 31.369086265564 31.0809917449951 30.8318958282471 31.2408013343811 31.6137056350708 31.3206086158752 30.6289901733398 30.5178513526917
26.7644991874695 27.0498452186584 26.9571895599365 26.4655356407166 26.2778816223145 27.0592255592346 27.4805717468262 27.5779180526733 27.9862642288208 28.0696096420288 28.0719542503357 28.1292991638184 28.0815892219543 28.0828223228455 28.15105676651 28.0512900352478 28.2705230712891 27.8927583694458 27.8309926986694 28.1522274017334 28.3834600448608 28.8386931419373 28.9149284362793 28.6181612014771 28.3311610221863 28.4939255714417 28.5636911392212 28.693455696106 29.1602201461792 29.4149870872498 29.577751159668 29.8445162773132 30.0882806777954 30.3130464553833 30.447811126709 30.2855749130249 30.0894589424133 30.059455871582 30.3834552764893 30.3624529838562 30.387451171875 30.6084489822388 31.1204471588135 31.4434461593628 31.4324445724487 31.2114415168762 30.5544390678406 30.640438079834 31.2425384521484 31.3877382278442
26.9233379364014 26.8508324623108 26.8043265342712 26.711820602417 27.0303177833557 27.5818123817444 27.8793067932129 28.062801361084 27.966296672821 27.3657908439636 26.8662858009338 26.6267795562744 27.6671471595764 27.9243850708008 27.586624622345 27.7638626098633 27.8461008071899 28.073338508606 27.8685774803162 27.7388167381287 27.8870558738708 28.0612940788269 28.1425323486328 28.1567702293396 28.0640687942505 28.2904286384583 28.3387894630432 28.5801496505737 29.0495095252991 29.6078681945801 29.9052286148071 30.0125889778137 29.8289494514465 29.9353089332581 30.2306690216064 30.266028881073 30.2762546539307 30.3403468132019 30.5014386177063 30.3265314102173 30.2476229667664 30.4157147407532 30.7258057594299 31.1558995246887 31.4409918785095 31.2880830764771 31.2661733627319 31.4682660102844 31.1940836906433 31.2026252746582
26.7011756896973 26.6568202972412 27.0144653320312 27.2021079063416 27.4627523422241 27.8323969841003 27.9690403938293 28.0596852302551 28.1933288574219 28.1949710845947 28.2146182060242 27.8882613182068 27.8427042961121 28.4309477806091 28.4841914176941 28.3034353256226 27.9256772994995 28.1569209098816 28.1351637840271 28.1704068183899 28.3276495933533 28.2688937187195 28.1661367416382 28.4663796424866 29.0589780807495 29.1359329223633 29.3298873901367 29.4908428192139 29.6107983589172 29.9267516136169 29.9457068443298 29.7076616287231 29.6616168022156 29.6795725822449 29.950526714325 29.9784808158875 30.077052116394 30.3282380104065 30.2864232063293 30.6046090126038 30.6707954406738 30.4739799499512 30.4931659698486 30.7343521118164 31.1905374526978 31.4717226028442 31.4769077301025 31.5430932044983 31.5236277580261 31.3255133628845
26.7310147285461 27.2468085289001 27.4656019210815 27.5443949699402 27.6021890640259 27.456983089447 27.8057742118835 27.8715686798096 27.8523602485657 28.3681545257568 28.492947101593 28.2397427558899 28.1682615280151 27.96750831604 27.8157577514648 27.6160073280334 27.5402536392212 27.6355013847351 27.7997493743896 27.834997177124 28.0912456512451 28.4004936218262 28.897741317749 29.2029867172241 29.4398875236511 29.6354360580444 29.4269866943359 29.1165356636047 29.0890860557556 29.2106356620789 29.6111850738525 29.4457340240479 29.6762838363647 30.0978350639343 30.4613842964172 30.4459338188171 30.4568495750427 30.5501279830933 30.4754047393799 30.7536864280701 30.7459669113159 30.7092452049255 30.827525138855 30.8918042182922 30.9710841178894 31.2643632888794 31.2106447219849 31.0389232635498 31.0191750526428 30.5144000053406
26.9098529815674 27.3727951049805 26.7517380714417 26.4496831893921 27.3206238746643 27.7015676498413 28.0595102310181 28.1314525604248 28.211395740509 28.2393374443054 28.2012805938721 28.2012224197388 28.4018201828003 28.269073009491 28.2963261604309 28.3925766944885 28.390830039978 28.4940824508667 28.4493355751038 28.4595861434937 28.7458395957947 28.9790925979614 29.3783440589905 29.616596698761 29.6307973861694 29.5139408111572 29.6310839653015 29.7902297973633 29.7073731422424 29.794517993927 29.7216639518738 29.5758080482483 29.6899528503418 29.7860980033875 29.8892407417297 30.0853867530823 30.2946438789368 30.3340196609497 30.5643930435181 30.7927646636963 30.9951376914978 31.2635116577148 31.257884979248 31.1162576675415 31.11763048172 31.3680052757263 31.4713764190674 31.4917516708374 31.5257210731506 31.3732881546021
26.7566919326782 27.4677844047546 27.2868752479553 26.8109683990479 27.5150594711304 27.6431527137756 27.9022440910339 27.7943358421326 27.8504276275635 28.0455198287964 27.933611869812 27.9177041053772 27.9923768043518 28.2766351699829 28.4588913917542 28.365149974823 28.0194063186646 28.0026631355286 27.8689203262329 27.7561774253845 27.9164347648621 28.3956904411316 28.7319488525391 29.0072054862976 28.7677040100098 28.4654440879822 29.0331840515137 29.4969234466553 29.6946616172791 29.6044015884399 29.5781412124634 29.7718815803528 29.9776206016541 29.9413590431213 29.9310998916626 29.9718403816223 30.1624431610107 30.5419096946716 30.6703758239746 30.740843296051 30.3543100357056 30.4297785758972 30.5602445602417 30.4417119026184 30.6461791992188 30.9136457443237 31.1141119003296 31.3295793533325 31.4242649078369 31.4801750183105
26.4767246246338 27.528772354126 27.6780128479004 27.828254699707 28.1194958686829 28.2737379074097 28.4369769096375 28.6772193908691 28.4824614524841 28.1547021865845 28.2159433364868 28.1101841926575 27.9519357681274 28.1951971054077 28.7364592552185 28.7047204971313 28.8049831390381 28.7462453842163 28.6715059280396 28.6417675018311 29.041027545929 28.8622918128967 29.0725526809692 29.1928129196167 28.9286131858826 28.5739469528198 28.8372821807861 29.4776167869568 29.6359496116638 29.4492855072021 29.5776195526123 29.7179536819458 29.6612877845764 29.7506232261658 29.9779572486877 30.1112899780273 30.2492394447327 30.2977991104126 29.8733606338501 29.4459204673767 29.1004815101624 29.6400437355042 29.6106033325195 29.6661639213562 29.845724105835 30.0232853889465 30.0518474578857 30.5744066238403 31.1638126373291 31.3620624542236
27.4283690452576 27.9007596969604 27.579149723053 27.4255399703979 27.5359311103821 27.9433221817017 28.645712852478 28.6271023750305 28.5244936943054 28.5538849830627 28.6322751045227 28.7956652641296 28.8684935569763 28.8297610282898 28.7110252380371 28.8932929039001 29.1455578804016 29.3028249740601 29.1600923538208 28.7913579940796 28.5676236152649 28.6978907585144 28.8911566734314 28.9294219017029 28.9455208778381 29.0434508323669 29.1363797187805 29.5103096961975 29.8452391624451 29.8701672554016 29.8260974884033 29.8180265426636 29.9949564933777 29.6198854446411 29.8968152999878 30.0837445259094 30.0480356216431 29.6906900405884 29.5843448638916 29.4759993553162 28.7886538505554 28.4213094711304 28.7939639091492 28.8986177444458 29.2052721977234 29.4599270820618 29.7555809020996 30.3212366104126 30.8143587112427 30.9879488945007
27.2712078094482 27.9307475090027 27.9232878684998 27.8008275032043 28.0653672218323 28.3969073295593 28.7384467124939 28.8859872817993 28.7055282592773 28.4610657691956 28.2056074142456 27.8121471405029 27.8660516738892 28.4633226394653 28.9135932922363 29.1668643951416 29.5071358680725 29.7114057540894 29.5506772994995 29.3909487724304 29.4492192268372 29.3134899139404 29.0217604637146 28.9820318222046 29.186429977417 29.547954082489 29.4704775810242 29.4260015487671 29.240526676178 29.2830510139465 29.1145749092102 29.4251003265381 29.9766235351562 29.7411470413208 29.9766721725464 30.1311960220337 30.0858330726624 30.0545816421509 29.9403300285339 29.3620781898499 28.9298257827759 28.0915727615356 28.4573225975037 28.9190702438354 29.3318195343018 29.5125679969788 29.5673160552979 30.113064289093 30.7429041862488 30.8848361968994
27.5080456733704 27.6147351264954 27.659423828125 28.0421137809753 28.4698014259338 28.6584920883179 28.8281803131104 28.9128713607788 28.5785593986511 28.3222484588623 28.5119380950928 28.745626449585 29.0426106452942 29.1988859176636 29.453161239624 29.6344356536865 29.6987118721008 29.6479864120483 29.5122623443604 29.2005376815796 29.1258134841919 29.4080896377563 29.3463644981384 29.0396404266357 28.9903383255005 28.7814569473267 29.0125761032104 28.8556957244873 29.1618146896362 29.4279356002808 29.301052570343 29.0341720581055 29.9312896728516 30.2824125289917 30.1235303878784 29.9776501655579 30.0206308364868 30.0674719810486 30.4703140258789 30.4521560668945 30.1669988632202 29.6128396987915 28.9246816635132 28.8485240936279 28.7273654937744 28.4842085838318 29.1830501556396 29.3648920059204 29.7514491081238 30.0167226791382
27.6294546127319 27.6123633384705 27.7412738800049 28.2061829566956 28.6210913658142 28.5739998817444 28.4579091072083 28.3228178024292 28.3767261505127 28.5006365776062 28.5975461006165 28.9304552078247 29.1884598731995 29.4255681037903 29.5716724395752 29.6057753562927 29.6428804397583 29.4849848747253 29.2880907058716 28.9861950874329 28.7853007316589 29.2244052886963 28.9875116348267 28.82661485672 28.7168502807617 29.2062129974365 29.5995764732361 29.8119401931763 29.9193043708801 29.87166929245 29.7240347862244 29.6483974456787 29.6067609786987 29.8841252326965 29.9434885978699 30.2958536148071 30.6227831840515 30.5372796058655 30.572774887085 30.4462704658508 30.4097661972046 30.2032632827759 30.0077600479126 29.7322549819946 29.2177500724792 29.1592478752136 29.1997437477112 29.4772391319275 29.6222553253174 29.9337930679321
27.9084334373474 28.0136332511902 28.0458335876465 27.6590328216553 27.5022306442261 27.6424317359924 28.1486310958862 28.557831287384 28.7780313491821 28.6802306175232 28.7414307594299 28.6746287345886 28.6496086120605 28.5363674163818 28.8671264648438 28.9838852882385 28.9056439399719 29.4454026222229 29.3701591491699 29.0799202919006 29.1386780738831 29.4384365081787 29.3731956481934 29.4119539260864 29.6339626312256 29.7762217521667 29.8754801750183 29.8067388534546 29.7239971160889 29.836256980896 29.8105154037476 29.8767738342285 30.1070332527161 30.238290309906 30.3535513877869 30.1988096237183 30.1182932853699 30.6590023040771 30.3967118263245 30.2684235572815 30.0821332931519 30.2998442649841 30.5705542564392 30.2442626953125 30.1979737281799 29.7996821403503 29.8173928260803 29.6691045761108 29.4493203163147 29.4250426292419
26.9336276054382 27.1129217147827 27.8373923301697 28.2948822975159 28.6853723526001 28.6978621482849 28.4103527069092 28.0568423271179 28.0123338699341 27.8508229255676 27.8735718727112 28.2158045768738 28.7567548751831 28.7341690063477 28.9105806350708 29.0509929656982 28.7904052734375 29.3258171081543 29.4302306175232 29.5106439590454 29.5810580253601 29.5074687004089 29.3868818283081 29.4562935829163 29.3180780410767 29.0602293014526 29.1923837661743 28.62153673172 28.3166904449463 28.0868439674377 28.7909965515137 29.5571494102478 29.7203035354614 29.4364566802979 29.6226119995117 30.0367646217346 30.3718028068542 30.4927272796631 30.6286497116089 30.5595765113831 30.3394994735718 30.1724238395691 30.6073489189148 30.6162748336792 30.5361967086792 30.6721210479736 30.6330456733704 30.3779683113098 29.9583835601807 29.5532922744751
27.5069880485535 27.905170917511 27.7299523353577 27.4382929801941 27.5147275924683 27.6221609115601 27.6655945777893 27.9360303878784 27.9324641227722 27.8238987922668 27.8353338241577 28.1047692298889 28.5249004364014 28.6349678039551 28.9450340270996 28.8271012306213 29.125168800354 29.2902336120605 29.1373009681702 29.1603674888611 29.3874340057373 29.2575006484985 29.0385675430298 29.1626334190369 28.6581916809082 28.1695947647095 28.0377378463745 28.301335811615 28.72838306427 29.0874304771423 29.0874800682068 28.7775278091431 29.316575050354 29.3816242218018 29.1816711425781 29.0077209472656 29.1943135261536 29.4564509391785 30.0595893859863 30.5017275810242 30.5648670196533 30.3730058670044 30.2641410827637 30.1282806396484 30.5844197273254 30.7905583381653 30.4386954307556 30.393835067749 30.4094495773315 30.2195415496826
27.5883684158325 27.5039248466492 27.3395009040833 27.4330739974976 27.4546480178833 27.3182229995728 27.3957977294922 27.7373733520508 28.2669377326965 28.3960089683533 28.4050798416138 28.0006709098816 27.9244976043701 28.3217692375183 28.9904880523682 29.0192093849182 28.9458503723145 29.1114702224731 28.937370300293 28.9200921058655 29.1008124351501 29.0755324363708 28.9302525520325 28.4929728507996 28.7903046607971 29.2222485542297 28.7311902046204 28.6531329154968 28.7020764350891 28.7090187072754 28.727961063385 28.6729040145874 28.7348461151123 28.960789680481 28.8007335662842 28.9856748580933 29.4388222694397 29.0951752662659 29.2575268745422 29.7758808135986 29.9672322273254 30.2985854148865 30.4939365386963 30.4672908782959 30.7376413345337 30.8159928321838 30.6043462753296 30.2817001342773 30.2205138206482 30.4467911720276
27.154712677002 27.4894256591797 27.7431416511536 27.6768550872803 27.4605703353882 26.8552851676941 27.3149995803833 27.9848775863647 28.3732404708862 28.750602722168 28.589964389801 28.3833260536194 28.083194732666 28.4335689544678 28.7509427070618 29.0083174705505 28.971691608429 28.8170671463013 28.5784411430359 28.8228149414062 29.2161889076233 29.1945633888245 29.0549364089966 28.9823131561279 29.2014188766479 29.2762565612793 28.8920941352844 28.8509311676025 28.8327684402466 28.7546062469482 28.5054440498352 28.4942812919617 28.6691179275513 28.8719563484192 29.3387932777405 29.5396308898926 29.8833322525024 29.8078985214233 29.7184648513794 29.6370320320129 30.2535972595215 30.5561666488647 30.3387308120728 30.2842993736267 30.6948642730713 30.8774309158325 30.7499971389771 30.7375636100769 30.7255787849426 30.5550417900085
27.2040734291077 27.585928440094 27.6237821578979 27.2356381416321 26.8154916763306 27.2623467445374 27.8122019767761 28.2938904762268 28.4955425262451 28.5161948204041 28.5638484954834 28.638500213623 28.2383408546448 28.1663694381714 28.1823978424072 28.3104248046875 28.4644551277161 28.620481967926 28.6315102577209 28.2986650466919 28.2211670875549 28.2406697273254 28.0901703834534 28.6066527366638 28.950532913208 29.4012651443481 29.0959968566895 29.0377283096313 28.9214615821838 28.7171926498413 28.767924785614 28.7646570205688 29.1083898544312 29.1791210174561 29.232852935791 29.4295854568481 29.448842048645 29.4526228904724 29.7194042205811 30.0301833152771 30.3459649085999 30.422746181488 30.3035254478455 30.1073064804077 30.5690879821777 30.6578683853149 30.6656489372253 30.9074292182922 30.8806443214417 30.8562908172607
27.159435749054 26.9414300918579 26.7904253005981 27.0684194564819 27.5194144248962 27.8534097671509 28.2149600982666 28.2069053649902 28.1628470420837 28.2337894439697 28.48273229599 28.5826740264893 28.5044875144958 28.6231694221497 28.5128526687622 28.2755346298218 27.931215763092 28.3798990249634 29.0615816116333 29.0832633972168 28.9019446372986 28.5966272354126 28.9053092002869 29.3109908103943 29.5866465568542 29.5752725601196 28.9549012184143 28.7405271530151 28.6901531219482 28.3411235809326 28.2787938117981 28.1670341491699 28.0551342964172 28.7582879066467 29.1089153289795 29.1325402259827 28.7423515319824 28.9403476715088 29.5723419189453 29.672336101532 29.9533309936523 30.2343254089355 30.2453203201294 30.2753162384033 30.3823089599609 30.4743037223816 30.5323009490967 30.9862937927246 30.9947090148926 30.9115409851074
27.2787971496582 27.5389318466187 27.8110675811768 27.7452006340027 27.859335899353 27.9004712104797 27.7876052856445 27.9877405166626 28.0548753738403 27.6250104904175 27.3201456069946 27.6312808990479 27.838809967041 28.5199704170227 28.7673053741455 28.647641658783 28.5299787521362 28.5893158912659 28.753650188446 28.681987285614 29.1303234100342 29.2756595611572 29.3999943733215 28.9013319015503 28.3463516235352 28.8962812423706 28.9508028030396 28.1463251113892 28.6798453330994 29.1113667488098 28.8758902549744 28.805410861969 28.6169319152832 28.8344535827637 28.4443736076355 28.6764960289001 28.9848618507385 29.2850708961487 29.647280216217 29.3294887542725 29.1966981887817 29.0599050521851 29.5761141777039 29.84632396698 29.9145317077637 30.2217416763306 30.4288911819458 30.5691590309143 30.5517721176147 30.4297909736633
27.676157951355 28.0354332923889 28.1297087669373 28.0299835205078 27.829258441925 28.0615329742432 28.3254055976868 28.1640825271606 27.7913579940796 27.8256330490112 28.1629076004028 28.1031823158264 28.2127799987793 28.5497689247131 28.8407607078552 28.8473448753357 28.9457406997681 28.7547297477722 28.8337202072144 29.4767122268677 29.3707008361816 29.346691608429 29.5526814460754 29.1846704483032 28.9778742790222 29.0812911987305 29.5707058906555 29.1371231079102 28.7995390892029 29.1359558105469 29.2663702964783 28.8937873840332 28.9152035713196 29.5946187973022 29.4820356369019 28.9294519424438 29.2593712806702 29.8137941360474 29.9632172584534 29.5056400299072 28.5670642852783 28.658486366272 29.2999091148376 29.7033338546753 29.673755645752 29.434178352356 29.6766023635864 29.9905152320862 29.8586750030518 30.0260415077209
