data/spatiotemp/temp4/bio7_norsw_test_2015_2018.asc
NCOLS 654 
NROWS 380 
XLLCORNER 3.91666666666667 
YLLCORNER 55.3333333333333 
CELLSIZE 0.0416666666666667 
NODATA_value -9999 
[rows 22 to 43 of 380, columns 350 to 399 of 654]
-9999 -9999 -9999 -9999 -9999 -9999 -9999 -9999 -9999 -9999 -9999 -9999 -9999 -9999 19.3427269458771 20.0080285072327 20.5400638580322 20.6869111061096 -9999 -9999 -9999 -9999 -9999 -9999 19.9264760017395 21.2595639228821 21.7999815940857 21.8373522758484 21.738055229187 20.9275922775269 20.3715047836304 -9999 -9999 -9999 -9999 -9999 -9999 -9999 -9999 -9999 21.2554173469543 21.3872451782227 21.5386919975281 -9999 -9999 -9999 -9999 -9999 21.5879974365234 21.9503812789917
-9999 -9999 -9999 -9999 -9999 -9999 -9999 19.9805212020874 20.3896174430847 20.6838946342468 19.616979598999 19.7714924812317 20.0510077476501 -9999 20.3395810127258 21.0990738868713 21.5530633926392 21.4162859916687 21.0980567932129 -9999 -9999 -9999 -9999 -9999 -9999 -9999 21.4236116409302 21.6105556488037 22.1034998893738 22.2439441680908 21.916597366333 20.9850287437439 21.0554103851318 21.1903471946716 20.6760416030884 20.7909030914307 21.1682634353638 -9999 -9999 -9999 -9999 -9999 -9999 -9999 -9999 19.9046177864075 21.5502562522888 22.7980890274048 22.7485761642456 23.5743956565857
-9999 -9999 -9999 18.1930553913116 18.1508333683014 -9999 19.6864237785339 20.1767711639404 20.6990222930908 20.672465801239 -9999 19.6131601333618 20.291916847229 20.7850670814514 21.2838983535767 21.8165493011475 22.0840635299683 21.8894863128662 -9999 -9999 20.7721300125122 21.3626942634583 21.7136120796204 21.773241519928 21.0662045478821 -9999 -9999 -9999 21.8715271949768 22.4017958641052 22.9386239051819 22.6359415054321 22.6278514862061 22.6089415550232 22.1208114624023 21.5350389480591 21.4271759986877 21.2844433784485 -9999 -9999 -9999 -9999 -9999 -9999 -9999 21.2469334602356 22.8814234733582 24.2087898254395 24.118155002594 24.5525207519531
-9999 -9999 -9999 -9999 -9999 19.9447612762451 21.1364235877991 20.8346877098083 21.1367979049683 20.9892506599426 21.1919794082642 20.2189936637878 20.4287858009338 -9999 21.4207496643066 21.8431210517883 21.3971886634827 20.4735774993896 -9999 -9999 21.0406489372253 21.6417274475098 22.0808334350586 22.2558822631836 21.6176857948303 20.9845643043518 -9999 -9999 21.0968050956726 22.0686917304993 23.3670325279236 23.6202082633972 23.6773853302002 23.8575601577759 23.3547358512878 22.7839117050171 22.7260880470276 22.2804055213928 21.4854397773743 -9999 -9999 -9999 -9999 -9999 -9999 22.4210410118103 23.7834095954895 25.1488218307495 24.7820258140564 24.97501039505
-9999 19.9156248569489 -9999 20.0747919082642 20.2028126716614 21.1881251335144 22.0559244155884 22.1048264503479 21.882951259613 22.0504660606384 21.8128128051758 21.2464938163757 20.551007270813 20.9593677520752 21.5328617095947 22.1215486526489 21.9510636329651 21.8971066474915 21.4767866134644 21.335834980011 20.5575008392334 20.7741675376892 20.7683334350586 20.9500007629395 20.7816667556763 -9999 -9999 -9999 -9999 21.8774995803833 23.1995825767517 23.8957672119141 24.0065269470215 23.9675002098083 23.6970829963684 23.4122924804688 -9999 -9999 -9999 -9999 -9999 -9999 -9999 -9999 -9999 23.1721878051758 24.5336446762085 24.7751040458679 24.8178124427795 24.6453008651733
19.9036455154419 20.1572918891907 -9999 19.9980216026306 20.8359227180481 21.9516663551331 22.5352873802185 22.0484375953674 22.1079521179199 22.5449657440186 22.5586457252502 22.0189938545227 21.7938647270203 22.3009762763977 22.3912863731384 22.9385499954224 23.2220635414124 23.1615781784058 22.7877264022827 22.4526596069336 -9999 21.3734264373779 21.8811674118042 22.3799076080322 22.0934748649597 22.3938894271851 22.4442138671875 22.3328704833984 -9999 -9999 21.0219674110413 -9999 22.228449344635 22.2264008522034 21.692430973053 21.2569212913513 -9999 -9999 -9999 -9999 -9999 -9999 -9999 -9999 -9999 -9999 -9999 -9999 24.053391456604 24.1948962211609
20.2929859161377 -9999 -9999 -9999 21.2835416793823 21.7422924041748 -9999 21.9596881866455 22.4629507064819 22.9312152862549 23.0809798240662 23.0164937973022 23.1550078392029 23.3535213470459 23.4700360298157 23.6215496063232 23.6790637969971 23.7365770339966 23.7582406997681 23.3530559539795 23.1295375823975 23.2070336341858 23.4775009155273 23.4463148117065 22.7304630279541 22.3301258087158 22.6937599182129 22.8429627418518 23.6147227287292 24.3662033081055 23.4196848869324 22.7288331985474 22.3519229888916 -9999 21.7652773857117 21.0484251976013 -9999 -9999 -9999 -9999 -9999 -9999 25.0021643638611 25.0167875289917 -9999 -9999 -9999 -9999 -9999 -9999
-9999 -9999 -9999 -9999 -9999 21.3433785438538 22.6969242095947 23.1718587875366 23.4227256774902 23.5444655418396 23.8389792442322 23.9304938316345 24.0870079994202 24.1485214233398 24.1930360794067 24.0965495109558 23.9770631790161 24.0325770378113 24.2862796783447 24.3901677131653 24.3660564422607 24.3199453353882 23.9488334655762 23.4032516479492 23.0686116218567 24.1883330345154 24.2343058586121 24.4263300895691 24.5831661224365 24.7054600715637 24.5373530387878 24.172324180603 23.9195141792297 -9999 -9999 -9999 -9999 -9999 -9999 24.1209998130798 24.7156257629395 25.0830373764038 25.5826926231384 25.3585638999939 24.9060168266296 -9999 -9999 -9999 -9999 -9999
-9999 21.4510416984558 21.7660427093506 -9999 21.6460418701172 21.7339577674866 22.6433682441711 23.1130537986755 23.2382144927979 23.1434655189514 23.5829792022705 23.9464931488037 24.2490081787109 24.4725217819214 24.4790353775024 24.2985491752625 24.2520637512207 24.3255777359009 24.557315826416 24.7682790756226 24.6257758140564 24.2608189582825 23.8028516769409 23.868305683136 24.4367308616638 24.9669923782349 25.2440357208252 25.2420792579651 25.0781230926514 24.8591656684875 24.2632117271423 -9999 -9999 -9999 -9999 -9999 -9999 -9999 24.7785930633545 25.1463785171509 25.6870965957642 26.5002136230469 26.2347664833069 25.7014093399048 25.447244644165 24.9465103149414 -9999 -9999 -9999 25.3011455535889
22.2096529006958 22.2622919082642 22.0660419464111 21.5426487922668 21.8596777915955 22.9077677726746 23.6059241294861 23.6299080848694 23.893666267395 23.2803239822388 23.0092873573303 23.612283706665 23.8937158584595 24.2875213623047 24.5880355834961 24.449550151825 24.3440632820129 24.4595770835876 24.541353225708 24.4663901329041 24.3336443901062 23.8854637145996 23.4886770248413 24.1725912094116 24.3785548210144 25.0470180511475 25.1533985137939 24.8114447593689 24.7372298240662 24.2667589187622 -9999 -9999 -9999 -9999 -9999 24.0396070480347 25.027060508728 25.5297918319702 26.446300983429 26.6424298286438 26.3876113891602 26.9049243927002 26.8137269020081 26.1829915046692 25.6161189079285 25.1178646087646 -9999 -9999 25.3142776489258 26.4260320663452
22.5585422515869 22.1906251907349 22.5785417556763 22.6069340705872 22.06409740448 23.0069980621338 24.11483335495 24.4574379920959 24.5869522094727 24.5444664955139 24.3749794960022 24.2052440643311 23.6779313087463 23.6769499778748 24.3560352325439 24.6455497741699 24.3530631065369 24.3144865036011 24.4851398468018 24.1641669273376 23.9661111831665 24.6097221374512 -9999 -9999 24.3947229385376 24.6457948684692 25.241427898407 25.2839360237122 25.2590837478638 24.5395789146423 -9999 -9999 -9999 25.3588881492615 25.2101058959961 25.1173849105835 26.057665348053 26.7656364440918 27.4942536354065 27.2038717269897 26.9442038536072 26.8643584251404 27.3855028152466 27.006941318512 26.0255732536316 -9999 -9999 -9999 25.6354508399963 26.5225214958191
23.1217546463013 23.3062920570374 23.8520421981812 23.8779158592224 23.6085419654846 23.7447910308838 24.3770489692688 24.6878132820129 24.8579516410828 24.9354658126831 24.9289798736572 24.7384929656982 24.0303554534912 23.7867712974548 24.4450349807739 24.7395505905151 23.5690636634827 23.868577003479 24.3028016090393 24.9168477058411 25.2204632759094 25.1920375823975 25.4454169273376 25.615629196167 25.5860180854797 25.7770714759827 26.0281238555908 26.0971779823303 25.7117319107056 25.2382855415344 -9999 -9999 25.5149564743042 25.9169330596924 26.3776636123657 26.7896933555603 27.2207236289978 27.4652543067932 27.4367837905884 27.1151270866394 26.7620368003845 27.0467200279236 27.1185550689697 26.4099674224854 -9999 -9999 -9999 25.5250821113586 26.1482253074646 26.8318228721619
23.6753759384155 24.0020990371704 24.3646650314331 24.5943145751953 23.9142966270447 24.0783629417419 24.8634338378906 25.0780115127563 25.1185898780823 24.9011673927307 24.7640175819397 24.5547842979431 23.6542344093323 -9999 23.3836269378662 23.9944167137146 24.5485863685608 25.012788772583 25.5782217979431 25.96750831604 26.0677962303162 26.1780843734741 26.3743705749512 26.4570851325989 26.4711656570435 26.4912476539612 26.8973274230957 26.5684084892273 25.8268237113953 -9999 -9999 25.1816434860229 25.9480810165405 26.475203037262 26.9472784996033 27.468355178833 27.4069986343384 27.2992000579834 26.7560787200928 26.7349576950073 26.728985786438 27.0242595672607 26.9777083396912 26.2047786712646 -9999 -9999 -9999 26.0032629966736 26.8850269317627 28.0613656044006
24.3094248771667 24.9276304244995 24.9897212982178 24.9576644897461 24.753014087677 24.970157623291 25.3227343559265 25.3071618080139 25.0132946968079 24.4920263290405 23.9912757873535 24.024402141571 23.7106866836548 24.3353910446167 24.6380958557129 25.4258003234863 25.7015056610107 25.9912109375 26.3967723846436 26.5761919021606 26.6356091499329 26.7357125282288 26.6361770629883 26.5816421508789 26.7371082305908 27.0415730476379 27.169038772583 26.5772423744202 -9999 -9999 24.5752558708191 25.3211617469788 26.6874914169312 27.345371723175 27.5616278648376 27.7183804512024 27.0578126907349 26.94114112854 27.1454706192017 27.4783391952515 27.580578327179 27.7461218833923 27.1023182868958 -9999 25.801600933075 -9999 -9999 26.7543711662292 27.4610123634338 28.4867630004883
25.5414981842041 25.5663285255432 25.5091576576233 25.6879887580872 25.9078183174133 25.633101940155 24.7964787483215 24.1163110733032 22.493643283844 23.6672258377075 23.929042339325 24.4725632667542 24.8129725456238 25.491304397583 26.0171356201172 26.217969417572 26.1708002090454 26.2296347618103 26.6013236045837 26.8868722915649 26.8964223861694 26.955970287323 26.9565196037292 27.0143022537231 27.1169986724854 27.240562915802 27.2951278686523 27.1689100265503 26.8368926048279 26.1093935966492 -9999 25.4052381515503 26.7183108329773 27.8745412826538 28.1772766113281 27.8915190696716 27.9292411804199 28.4327244758606 28.7162065505981 28.5036902427673 28.6461720466614 28.3850183486938 27.7123041152954 27.3724641799927 26.4847369194031 -9999 -9999 27.6043434143066 28.7207221984863 29.0158181190491
25.9314804077148 26.1079421043396 26.3774046897888 26.5068664550781 26.4193291664124 26.1477899551392 25.546501159668 24.7115139961243 24.2454199790955 -9999 24.5391979217529 25.1403436660767 25.878671169281 26.2372183799744 26.5313262939453 26.628653049469 26.6389813423157 26.7300548553467 26.9118757247925 26.9462251663208 26.9212346076965 27.0172905921936 27.1115946769714 27.2627577781677 27.5309929847717 27.6548466682434 27.904595375061 27.8506937026978 27.2234320640564 26.0593175888062 26.2100601196289 26.9392709732056 27.1420230865479 27.4498038291931 28.0545663833618 28.2086367607117 28.5710053443909 28.8005886077881 28.4008750915527 28.4850406646729 29.1787667274475 29.110493183136 28.3113532066345 27.876247882843 27.1487140655518 27.2193946838379 27.7442393302917 27.9503364562988 28.6626844406128 28.8622317314148
26.2587695121765 26.4720578193665 26.6156516075134 26.4996027946472 26.1645064353943 26.0476818084717 25.6845231056213 24.7323708534241 24.9649219512939 -9999 24.6157040596008 25.3759121894836 26.2253394126892 26.5894470214844 26.5944013595581 26.6390533447266 26.6403913497925 26.7784776687622 26.9534268379211 27.1468439102173 27.0774617195129 27.2470803260803 27.5576987266541 27.8293166160583 27.901563167572 27.9843134880066 28.0201687812805 27.8869800567627 27.5629920959473 26.678524017334 27.09317445755 28.2058591842651 28.5096096992493 28.3254957199097 28.1367449760437 27.9725961685181 28.8764834403992 29.1909637451172 29.5600690841675 29.2623891830444 28.7404356002808 28.2474045753479 27.3143358230591 -9999 -9999 27.924991607666 28.9536204338074 29.2700552940369 28.1676158905029 -9999
24.8229064941406 25.4043860435486 25.269730091095 25.6299571990967 25.6035561561584 25.9392576217651 26.2272634506226 26.0947060585022 25.981014251709 -9999 -9999 25.4862308502197 25.5135698318481 26.1731758117676 26.6538100242615 26.9582533836365 27.1319904327393 27.1624727249146 27.1759786605835 27.3648648262024 27.3268671035767 27.3888697624207 27.6748719215393 27.8128743171692 27.8758764266968 27.9868788719177 27.8575291633606 27.538444519043 26.716215133667 26.6860136985779 27.7019567489624 28.2270922660828 27.927227973938 27.4073629379272 27.6964993476868 28.1376328468323 29.3081049919128 30.150318145752 30.3335299491882 30.1507415771484 29.1728615760803 28.5038909912109 26.5088171958923 -9999 27.372700214386 28.5696864128113 29.7949848175049 30.093804359436 29.1628003120422 29.4640064239502
25.0437388420105 25.9672946929932 26.5741443634033 26.8975019454956 27.1078591346741 27.0355138778687 26.875542640686 27.011908531189 26.8290390968323 26.3166689872742 -9999 25.3883652687073 25.9065489768982 26.6320509910583 27.0685515403748 27.2340531349182 27.1805543899536 27.4143233299255 27.5254983901978 27.6448850631714 27.7192726135254 27.7226591110229 27.9570460319519 28.2214317321777 28.4238181114197 28.5012049674988 28.213996887207 27.4952664375305 27.1269798278809 27.4589614868164 28.1247386932373 27.9643244743347 27.2789120674133 26.7674980163574 27.8940854072571 28.720272064209 29.8597273826599 29.9851813316345 30.6906371116638 30.2580909729004 29.0595355033875 28.5205945968628 -9999 27.834623336792 28.5826106071472 29.3901047706604 30.2257099151611 30.5539116859436 30.1559834480286 30.4083309173584
26.8541493415833 27.4993629455566 27.363151550293 27.7076916694641 27.9042315483093 28.1723604202271 27.5588216781616 27.0263805389404 27.1099400520325 26.969123840332 26.8278903961182 26.2376823425293 26.4741749763489 27.0629730224609 27.3712940216064 27.6478519439697 27.6434111595154 27.8379702568054 27.9831366539001 27.963906288147 27.5736780166626 27.5914483070374 28.1412191390991 28.5469899177551 28.7544097900391 28.6765623092651 28.0984025001526 27.7716851234436 27.9748430252075 28.4230484962463 29.0051612854004 28.4475569725037 27.5355958938599 28.011634349823 28.8019523620605 29.3676495552063 29.6903495788574 30.0790462493896 30.3027453422546 29.4148540496826 -9999 -9999 28.9852814674377 29.7491421699524 30.2488598823547 30.5505223274231 30.6942548751831 30.4669880867004 30.6857342720032 30.8763146400452
-9999 28.0429306030273 28.3210163116455 28.2309803962708 28.1985039710999 28.3130307197571 28.0991010665894 27.6507177352905 27.7923340797424 27.7509508132935 27.5935683250427 27.440140247345 28.0361933708191 27.2787046432495 27.3789043426514 27.265652179718 27.2652683258057 27.3178858757019 27.403772354126 27.3489270210266 27.2890825271606 27.5722374916077 28.3674521446228 28.7258229255676 28.9186925888062 28.8948130607605 28.578932762146 28.5490536689758 28.8991737365723 28.9994783401489 29.4193005561829 29.1117897033691 29.0302791595459 29.1951479911804 29.5750875473022 29.8620276451111 29.731969833374 29.6259117126465 29.7511024475098 29.1933755874634 29.8916363716125 29.9419803619385 29.6335144042969 30.1923322677612 31.0857892036438 31.3612451553345 31.0538005828857 30.7896609306335 31.2686176300049 31.3925743103027
27.0017375946045 27.2927470207214 27.8837561607361 27.6810178756714 27.9066863059998 28.4334020614624 28.6573481559753 28.6251859664917 28.5078582763672 28.318489074707 28.1460785865784 27.8547530174255 28.0365943908691 28.3327689170837 28.6081366539001 28.6352667808533 28.4533772468567 28.4841351509094 28.4876976013184 27.5494093894958 27.1273217201233 27.5269403457642 28.4605665206909 29.0181059837341 29.2419738769531 29.5036878585815 29.4484000205994 29.4001140594482 29.4838261604309 29.4595394134521 29.4740810394287 29.8696722984314 30.3988556861877 30.358039855957 30.0842242240906 29.4775500297546 28.9857988357544 29.6759967803955 30.100606918335 30.4296431541443 30.7163286209106 30.7295107841492 30.3857460021973 30.5400433540344 30.983717918396 31.3961644172668 31.4846105575562 31.1343321800232 31.4223213195801 31.7559461593628
