data/spatiotemp/temp4/bio7_norsw_test_2015_2018.asc
NCOLS 654 
NROWS 380 
XLLCORNER 3.91666666666667 
YLLCORNER 55.3333333333333 
CELLSIZE 0.0416666666666667 
NODATA_value -9999 
[rows 176 to 197 of 380, columns 600 to 649 of 654]
37.1077060699463 37.2772283554077 37.214750289917 37.0652732849121 37.1737947463989 37.4813184738159 37.5728406906128 37.4353637695312 37.3357782363892 37.4680852890015 37.4303932189941 37.1996994018555 37.0190072059631 37.0593118667603 37.1706209182739 37.1279287338257 37.0242366790771 37.1535444259644 37.2958498001099 37.357159614563 37.4083557128906 37.3114442825317 37.2475318908691 37.2086229324341 37.1427097320557 37.118800163269 37.1098871231079 37.101975440979 37.0390634536743 36.9421520233154 36.8732404708862 36.7833299636841 36.7651648521423 36.9717435836792 37.1383199691772 37.1838998794556 37.1564741134644 37.1100540161133 36.9266314506531 36.8742113113403 37.0017900466919 37.11536693573 37.1659469604492 37.0845251083374 37.045802116394 36.8427791595459 36.6607580184937 36.5797324180603 36.630711555481 36.7196879386902
37.0546388626099 37.2249879837036 37.1753387451172 37.0126867294312 37.1940383911133 37.562388420105 37.7837371826172 37.7540893554688 37.6400184631348 37.4545288085938 37.2350387573242 37.2265481948853 37.1710586547852 37.2555685043335 37.2620782852173 37.2455883026123 37.2240972518921 37.1996059417725 37.2661161422729 37.2856283187866 37.296534538269 37.2908411026001 37.3981485366821 37.4094562530518 37.3627643585205 37.118070602417 36.8013772964478 36.8506860733032 36.9189920425415 37.0443000793457 37.0776100158691 37.0199165344238 36.7961959838867 36.7704553604126 36.9497127532959 36.9449691772461 36.956226348877 36.9894847869873 36.8097429275513 36.7699995040894 36.9712581634521 37.184515953064 37.132773399353 36.8350310325623 36.6701054573059 36.7449960708618 36.7568850517273 36.5797777175903 36.389666557312 36.4255576133728
37.2984943389893 37.4135103225708 37.3495244979858 37.1955394744873 37.3095541000366 37.6025676727295 37.7815818786621 37.7175960540771 37.5234365463257 37.3920984268188 37.4277629852295 37.4654245376587 37.3340883255005 37.2047529220581 37.0814156532288 37.1630773544312 37.1727409362793 37.2464027404785 37.2120666503906 37.2147312164307 37.2904596328735 37.2692584991455 37.3380565643311 37.4858531951904 37.4416522979736 37.2364501953125 37.1142492294312 37.0600471496582 36.9828433990479 37.0096416473389 37.1014423370361 37.0272397994995 36.8739562034607 36.8785963058472 36.9082336425781 36.7798719406128 36.9375104904175 36.89914894104 36.7927861213684 36.9524269104004 37.0450639724731 37.0817041397095 36.97434425354 36.8431334495544 36.6612124443054 36.6449818611145 36.7311043739319 36.5552282333374 36.4393486976624 36.3754715919495
37.452278137207 37.5157928466797 37.6063098907471 37.6178255081177 37.6523408889771 37.804856300354 37.8223724365234 37.7418880462646 37.6080293655396 37.4367952346802 37.339563369751 37.3763303756714 37.3940992355347 37.3058671951294 37.2316341400146 37.3724002838135 37.4591674804688 37.2929363250732 37.0957021713257 37.1554708480835 37.2221345901489 37.2976942062378 37.3922567367554 37.4878158569336 37.528377532959 37.448938369751 37.4274978637695 37.262059211731 37.1216201782227 36.9921817779541 36.9247407913208 36.8013005256653 36.7657995223999 36.883152961731 36.7655062675476 36.6878576278687 36.8763246536255 36.863046169281 36.914767742157 37.016487121582 36.9002075195312 36.8109278678894 36.7486486434937 36.5453681945801 36.4817671775818 36.5457377433777 36.7074103355408 36.6530823707581 36.4937524795532 36.3884234428406
37.4800634384155 37.4230794906616 37.6180944442749 37.7811136245728 37.8631286621094 37.888144493103 37.7981615066528 37.6681795120239 37.5876226425171 37.4314956665039 37.3433656692505 37.4182376861572 37.4681100845337 37.3859806060791 37.3288526535034 37.43772315979 37.5335941314697 37.4364652633667 37.2333393096924 37.1032104492188 37.0998067855835 37.2171316146851 37.2514524459839 37.3317766189575 37.5070991516113 37.6034250259399 37.6377477645874 37.5410718917847 37.3153944015503 36.9667177200317 36.7320413589478 36.6193647384644 36.6189279556274 36.6667313575745 36.7106022834778 36.722336769104 36.6651382446289 36.6789436340332 36.6687455177307 36.7525486946106 36.7943511009216 36.8011541366577 36.7009568214417 36.4547600746155 36.4222712516785 36.5304927825928 36.5637130737305 36.5159363746643 36.529158115387 36.5553770065308
37.7578458786011 37.5283622741699 37.5468807220459 37.7174005508423 37.8169174194336 37.7424345016479 37.6629524230957 37.5934705734253 37.50221824646 37.5351915359497 37.4191675186157 37.4431447982788 37.3201198577881 37.3030948638916 37.279070854187 37.2520456314087 37.4480218887329 37.5669984817505 37.4309730529785 37.1569490432739 37.0734806060791 37.0115661621094 37.1136522293091 37.205738067627 37.368824005127 37.5579109191895 37.6709966659546 37.6080856323242 37.3021688461304 36.9712562561035 36.6693425178528 36.7134280204773 36.6414155960083 36.5442991256714 36.6241846084595 36.7190685272217 36.693953037262 36.5278377532959 36.3937253952026 36.4696097373962 36.4844942092896 36.4963788986206 36.6552634239197 36.64914894104 36.6774773597717 36.594247341156 36.5360188484192 36.65079164505 36.789562702179 36.87233543396
37.8196277618408 37.761646270752 37.6346664428711 37.6536855697632 37.7707052230835 37.7047233581543 37.5017433166504 37.5597629547119 37.6328096389771 37.6468906402588 37.4839706420898 37.2520503997803 37.1501293182373 37.1852102279663 37.3542909622192 37.4143695831299 37.5224494934082 37.5715293884277 37.3766078948975 37.1446886062622 37.0731534957886 36.9060010910034 36.9418525695801 37.1477003097534 37.338547706604 37.4923973083496 37.5552463531494 37.5260944366455 37.4029455184937 37.2307929992676 37.0946416854858 36.9324932098389 36.7539000511169 36.6758666038513 36.7058348655701 36.5738019943237 36.5637674331665 36.4867367744446 36.4147028923035 36.3676705360413 36.3486371040344 36.3286032676697 36.4205708503723 36.5945382118225 36.5774202346802 36.5690016746521 36.5313248634338 36.521644115448 36.6099667549133 36.757287979126
37.6784114837646 37.8279314041138 37.665452003479 37.3719720840454 37.3604927062988 37.4960117340088 37.5265321731567 37.5860528945923 37.7224044799805 37.6835889816284 37.6967725753784 37.5409564971924 37.2371397018433 37.233325958252 37.4145078659058 37.6316928863525 37.7488784790039 37.7310600280762 37.5832452774048 37.3314266204834 37.1008262634277 36.9224367141724 36.8210496902466 37.0496606826782 37.2302732467651 37.4028854370117 37.5174980163574 37.5541076660156 37.5277214050293 37.3753337860107 37.2569446563721 37.0225563049316 36.9153861999512 36.8634343147278 36.775484085083 36.4675331115723 36.1965818405151 36.3346314430237 36.4706811904907 36.4887318611145 36.4647784233093 36.455828666687 36.3868794441223 36.4239282608032 36.5928864479065 36.668758392334 36.6386313438416 36.5264983177185 36.5063705444336 36.4852418899536
37.2291917800903 37.4462156295776 37.5762357711792 37.5462589263916 37.3752794265747 37.3693017959595 37.3983221054077 37.3623442649841 37.3769979476929 37.6472864151001 37.7455739974976 37.6608619689941 37.4681520462036 37.4314413070679 37.5437278747559 37.6320161819458 37.7063035964966 37.6795930862427 37.5818824768066 37.3971681594849 37.2914991378784 37.1608724594116 37.0272498130798 36.7716217041016 36.8209977149963 36.9943704605103 37.2267456054688 37.3441209793091 37.3514947891235 37.3238716125488 37.2652425765991 37.1936178207397 37.0178718566895 36.7650022506714 36.6601338386536 36.62526512146 36.6943960189819 36.6495275497437 36.6176595687866 36.5627927780151 36.5839223861694 36.7380533218384 36.7231855392456 36.6793169975281 36.8140940666199 36.8435130119324 36.7259335517883 36.6263551712036 36.5767760276794 36.5253977775574
36.869978427887 37.0424976348877 37.3060216903687 37.5385446548462 37.4940662384033 37.2815885543823 37.2741122245789 37.3036341667175 37.3685932159424 37.4869861602783 37.4193773269653 37.4537677764893 37.5121603012085 37.5505542755127 37.4409475326538 37.2243375778198 37.4167308807373 37.5381240844727 37.5255155563354 37.3609075546265 37.2471723556519 37.0113081932068 36.8254475593567 36.8855829238892 36.8487219810486 36.7388577461243 36.9579968452454 37.0461330413818 37.0782680511475 37.1074056625366 37.0905437469482 37.0346832275391 36.8703570365906 36.6965718269348 36.5547842979431 36.6509966850281 36.8452105522156 36.8454260826111 36.7466378211975 36.6398506164551 36.5840649604797 36.6052799224854 36.7084913253784 36.7947053909302 36.8203001022339 36.8612689971924 36.8182396888733 36.7192087173462 36.6541795730591 36.6771035194397
36.8197603225708 36.9377841949463 37.1958074569702 37.5318298339844 37.5708541870117 37.4098796844482 37.2629027366638 37.2269253730774 37.2571864128113 37.3366847038269 37.2541785240173 37.228675365448 37.2281703948975 37.3786659240723 37.3911647796631 37.1406621932983 36.9651570320129 37.2366547584534 37.4171504974365 37.280647277832 37.2318458557129 37.1897468566895 37.047646522522 37.0785450935364 37.043445110321 36.7643451690674 36.6982440948486 36.6671447753906 36.8540453910828 36.9369435310364 36.847843170166 36.8467435836792 36.9488406181335 36.9581379890442 36.778434753418 36.6807293891907 36.7620267868042 36.7793216705322 36.7846174240112 36.7189126014709 36.6702084541321 36.6355028152466 36.6997990608215 36.6220955848694 36.6335048675537 36.7070236206055 36.8105421066284 36.8630633354187 36.8915839195251 36.9221038818359
36.9425430297852 37.0380682945251 37.1815938949585 37.3271179199219 37.5286426544189 37.6641683578491 37.5976905822754 37.4262170791626 37.2307806015015 37.1643805503845 37.100980758667 37.0845818519592 37.1181817054749 37.1257839202881 37.0723843574524 36.990984916687 36.8665852546692 37.1221857070923 37.2657866477966 37.3683853149414 37.3795185089111 37.1841816902161 37.1138439178467 37.1575045585632 37.0751695632935 36.8718323707581 36.9004945755005 36.6791572570801 36.7298212051392 36.8494820594788 36.856143951416 36.8948082923889 36.9523277282715 36.9637069702148 36.9390850067139 36.9154629707336 36.9108400344849 36.8662176132202 36.7355961799622 36.5639729499817 36.7023520469666 36.71772813797 36.6991066932678 36.5874829292297 36.5117092132568 36.5557775497437 36.6208491325378 36.6569180488586 36.7309880256653 36.7100591659546
36.9753279685974 36.9543519020081 36.9383769035339 37.050404548645 37.2514319419861 37.47145652771 37.561484336853 37.5755062103271 37.432373046875 37.179078578949 37.0477828979492 36.9714875221252 37.0071921348572 37.1848964691162 37.1036014556885 36.9283075332642 36.8660125732422 36.9367165565491 36.9404220581055 37.0831260681152 37.2291913032532 37.079617023468 36.9950413703918 37.0154685974121 36.9118928909302 36.8533182144165 36.9147448539734 37.0151710510254 36.8935947418213 36.7660217285156 36.8334441184998 36.8378710746765 36.910813331604 36.7902731895447 36.64173412323 36.4701933860779 36.5406541824341 36.6491131782532 36.4875741004944 36.3073763847351 36.2644944190979 36.3659539222717 36.3854126930237 36.2428750991821 36.2289133071899 36.2595353126526 36.3101530075073 36.1737732887268 36.1223936080933 36.2220120429993
37.0011100769043 36.8406372070312 36.8311629295349 36.7956895828247 37.0442175865173 37.3297438621521 37.4062733650208 37.6897993087769 37.6869678497314 37.4577760696411 37.1735868453979 37.036395072937 36.9722046852112 37.0410132408142 36.9708185195923 36.7916293144226 36.7294383049011 36.7342481613159 36.724057674408 36.7308669090271 36.8018646240234 36.8510527610779 36.8282413482666 36.7174291610718 36.7286171913147 36.7418055534363 36.7489938735962 36.8471832275391 36.7323694229126 36.5065588951111 36.5647459030151 36.5149335861206 36.6212997436523 36.6478419303894 36.4493818283081 36.2639274597168 36.3574666976929 36.347011089325 36.2905516624451 36.2180948257446 36.1496367454529 36.1891798973083 36.1527223587036 36.2322630882263 36.3901190757751 36.4392871856689 36.2674593925476 36.1556282043457 36.1067976951599 36.139967918396
37.0175924301147 36.9450583457947 36.8095240592957 36.8709917068481 37.0094590187073 37.2589240074158 37.5243911743164 37.7508554458618 37.7752494812012 37.5945730209351 37.2478938102722 37.065215587616 36.9805355072021 37.0058560371399 36.843177318573 36.685498714447 36.6858201026917 36.7051401138306 36.6474618911743 36.6717829704285 36.6202096939087 36.5547409057617 36.5352759361267 36.4758067131042 36.4953413009644 36.5708713531494 36.7324056625366 36.6709380149841 36.4474697113037 36.3000030517578 36.3485355377197 36.3220682144165 36.2518548965454 36.1379027366638 36.2519483566284 36.1099939346313 35.9110388755798 35.9460849761963 36.1111316680908 36.2261762619019 36.2552218437195 36.2182679176331 36.0873136520386 36.1913595199585 36.4406776428223 36.5392646789551 36.5598540306091 36.5194439888 36.2800326347351 36.3296232223511
37.0297765731812 37.054621219635 36.8614635467529 36.6913089752197 36.8661513328552 37.1129956245422 37.3328385353088 37.2306842803955 37.1502242088318 37.3484659194946 37.2097072601318 37.2089509963989 37.2351903915405 37.026430606842 36.950671672821 36.9059138298035 36.8551559448242 36.681396484375 36.5886383056641 36.5878806114197 36.4762296676636 36.3746871948242 36.3601441383362 36.3696036338806 36.3520617485046 36.4755210876465 36.7099800109863 36.7164373397827 36.6248955726624 36.5303540229797 36.3398122787476 36.3732705116272 36.4124846458435 36.3254566192627 36.2124271392822 36.0153980255127 35.9263682365417 35.9283385276794 36.0013089179993 36.1572790145874 36.3122496604919 36.4242186546326 36.4601902961731 36.443160533905 36.5055847167969 36.6624646186829 36.7143425941467 36.5812206268311 36.453097820282 36.3909759521484
36.9999585151672 36.917181968689 36.8294010162354 36.7806224822998 36.5098428726196 36.8690657615662 36.9012875556946 36.9845085144043 37.0371994972229 37.0433597564697 36.987521648407 37.0256843566895 37.1108455657959 37.1350059509277 37.0541672706604 36.8963284492493 36.9034900665283 36.7676515579224 36.5368127822876 36.4319748878479 36.4962477684021 36.4336309432983 36.3070158958435 36.2414002418518 36.2807855606079 36.4061684608459 36.7115530967712 36.8629369735718 36.8563227653503 36.7977070808411 36.7010912895203 36.5914759635925 36.5311126708984 36.3860087394714 36.1449055671692 35.9548006057739 35.9796962738037 36.0755906105042 36.1224856376648 35.9403810501099 35.9662766456604 36.2441716194153 36.4210662841797 36.4669628143311 36.4434924125671 36.4936623573303 36.5538287162781 36.5629987716675 36.495165348053 36.3753323554993
36.8051452636719 36.7297415733337 36.672342300415 36.7329397201538 36.6075382232666 36.6741361618042 36.8947334289551 36.8993330001831 36.9691724777222 37.091254234314 36.9313349723816 36.7884178161621 37.0465002059937 37.2495803833008 37.1516628265381 36.9337449073792 36.8638253211975 36.7879071235657 36.5849890708923 36.4640703201294 36.4472675323486 36.3125767707825 36.1748852729797 36.1601958274841 36.2405061721802 36.3188166618347 36.5001263618469 36.6834378242493 36.729748249054 36.5740571022034 36.4403686523438 36.343677520752 36.3087453842163 36.1345624923706 36.0433840751648 35.883204460144 35.8430228233337 36.0668439865112 36.2386636734009 36.3034820556641 36.3523035049438 36.4881238937378 36.620943069458 36.6877646446228 36.7054033279419 36.6088604927063 36.6513175964355 36.7967743873596 36.7372303009033 36.5846886634827
36.7783288955688 36.5273056030273 36.4552783966064 36.6542534828186 36.694230556488 36.7672066688538 36.8951826095581 36.9591579437256 37.0801477432251 37.1161489486694 37.0391511917114 36.7701516151428 36.9751524925232 37.2001557350159 37.079155921936 36.8981595039368 36.8861594200134 36.8851637840271 36.7331657409668 36.408166885376 36.2362842559814 36.1685199737549 36.132755279541 36.1929926872253 36.3582291603088 36.3364653587341 36.2117013931274 36.3179368972778 36.5031723976135 36.4484114646912 36.2816462516785 36.0968813896179 35.9083724021912 35.8751173019409 35.888861656189 35.9036068916321 35.9473505020142 36.0640978813171 36.2378416061401 36.3825860023499 36.4663314819336 36.5420761108398 36.5878190994263 36.5125665664673 36.429310798645 36.4010586738586 36.5278038978577 36.7115507125854 36.5542964935303 36.4060444831848
36.6555123329163 36.6848659515381 36.5362191200256 36.5545716285706 36.678925037384 36.8282761573792 36.9076290130615 37.0229835510254 37.1111197471619 37.1370425224304 37.1469645500183 37.03688621521 36.9748086929321 37.1507291793823 37.0956511497498 36.8855729103088 36.8864965438843 36.8864178657532 36.846339225769 36.779260635376 36.483302116394 36.2754654884338 36.3086261749268 36.4337892532349 36.3379521369934 36.3821129798889 36.2072749137878 36.1474370956421 36.4246001243591 36.4777612686157 36.4079236984253 36.2230849266052 36.0830025672913 35.9576692581177 35.9363412857056 36.0930099487305 36.0686793327332 36.1603479385376 36.2460188865662 36.264687538147 36.2293591499329 36.2090272903442 36.1906976699829 36.0363664627075 35.9402203559875 35.9472560882568 36.127290725708 36.2703261375427 36.17236328125 36.0924000740051
36.6026964187622 36.6664271354675 36.5141572952271 36.3538866043091 36.6126174926758 36.7243499755859 36.8680782318115 37.0118088722229 37.1360950469971 37.1769361495972 37.2447791099548 37.3236193656921 37.2864637374878 37.2863049507141 37.2921452522278 37.1999864578247 37.0398297309875 36.9476718902588 36.897515296936 36.8853554725647 36.7953205108643 36.6824102401733 36.6024980545044 36.4815855026245 36.6126742362976 36.4437613487244 36.4008483886719 36.289936542511 36.4540247917175 36.4951128959656 36.3732013702393 36.2882876396179 36.4126305580139 36.3332252502441 36.095817565918 36.0524129867554 36.0170087814331 36.0226011276245 36.19819688797 36.2547922134399 36.2053852081299 36.0609798431396 35.975574016571 35.882167339325 35.9141278266907 35.9664521217346 36.0707788467407 36.1721029281616 36.1634283065796 36.0987553596497
36.5808815956116 36.6619868278503 36.6440944671631 36.4892029762268 36.4983115196228 36.6044192314148 36.6735253334045 36.8226337432861 36.9700679779053 37.1068301200867 37.2335934638977 37.319354057312 37.410117149353 37.3728804588318 37.4236416816711 37.3794031143188 37.2551665306091 37.0059270858765 36.8376893997192 36.8244519233704 36.8163404464722 36.775354385376 36.6523685455322 36.5233817100525 36.322395324707 36.2544097900391 36.2064237594604 36.3584384918213 36.4434514045715 36.4144644737244 36.3334789276123 36.4034929275513 36.5702600479126 36.4637780189514 36.2622966766357 36.0668158531189 36.019335269928 36.0008540153503 36.1243743896484 36.1788954734802 36.0704135894775 36.0139312744141 35.9584498405457 35.8439698219299 35.8150358200073 36.0166516304016 36.2572660446167 36.4238801002502 36.3964958190918 36.3931097984314
