data/spatiotemp/temp4/bio8_norsw_test_2015_2018.asc
NCOLS 654 
NROWS 380 
XLLCORNER 3.91666666666667 
YLLCORNER 55.3333333333333 
CELLSIZE 0.0416666666666667 
NODATA_value -9999 
[rows 330 to 351 of 380, columns 550 to 599 of 654]
10.3998982608318 10.2521600276232 11.1820605099201 11.1589010953903 11.1437418684363 11.1237489283085 11.1452554091811 11.1084293350577 11.1394366435707 11.2199437916279 12.1418018117547 12.1509055197239 16.1001372337341 16.0849344730377 16.1277313232422 16.1578605175018 16.20299077034 16.2521209716797 16.2599182128906 16.2813808917999 16.2908444404602 16.3056411743164 16.3488805294037 16.3825626373291 16.4305784702301 16.4455947875977 16.4419434070587 16.436292886734 16.4453091621399 16.5083243846893 16.5576736927032 16.595356464386 16.603372335434 16.5393879413605 16.4870419502258 16.4520008563995 16.4472932815552 16.4865863323212 12.5315074436367 12.5287920832634 12.5059096105397 12.494528055191 12.5148124694824 12.5037640538067 12.5045487377793 12.5494998302311 12.5894029140472 12.589924743399 12.5894458591938 12.5681335330009
10.4556996375322 10.351521089673 11.2734272032976 11.2439516335726 11.260975562036 11.190666668117 11.222857825458 11.2377146854997 11.2794062867761 11.3282631859183 12.2085917815566 12.1771638020873 16.1552305221558 16.1358363628387 16.1711094379425 16.2080483436584 16.2523219585419 16.2742612361908 16.2912003993988 16.3028056621552 16.3450796604156 16.3663518428802 16.3808205127716 16.3918187618256 16.4268164634705 16.4448146820068 16.4758129119873 16.4831445217133 16.5104751586914 16.5508069992065 16.5701389312744 16.5898034572601 16.5958020687103 16.5764660835266 16.5532820224762 16.5862491130829 16.6002151966095 16.5845160484314 12.6052687577903 12.5777301304042 12.5348588712513 12.5023206071928 12.5104491813108 12.5169110791758 12.5417063040659 12.5896685123444 12.605004331097 12.571714758873 12.5617584586143 12.5676351897418
10.5728339850903 10.5307148694992 10.443262219429 11.4316687136889 11.4320436269045 11.4372516274452 11.4362925887108 11.4128348827362 11.403042152524 11.3982498347759 12.2433812841773 12.234422147274 16.2006568908691 15.9924170970917 16.19682097435 16.2175695896149 16.2513189315796 16.2830679416656 16.3058166503906 16.3362321853638 16.3643140792847 16.3727295398712 16.4004273414612 16.4134078025818 16.4647207260132 16.4843688011169 16.5183482170105 16.555995464325 16.5703091621399 16.5576233863831 16.5302698612213 16.5425841808319 16.5902309417725 16.5905449390411 16.5745222568512 16.6661629676819 16.7028043270111 16.6181125640869 12.6085286736488 12.5836678855121 12.5494741108268 12.5157796939602 12.5304191112518 12.5613912045956 12.5791972577572 12.6315032839775 12.6272728554904 12.6026718914509 12.5669044740498 12.5609704554081
10.6744687855244 10.6267422735691 10.5433493405581 11.5390520840883 11.5537781119347 11.5551697313786 11.5333952158689 11.5044532865286 11.4596785753965 12.2746470719576 12.2371708899736 12.220346853137 12.2098556011915 16.0106453895569 16.0140438079834 16.0221085548401 16.2823166847229 16.3025410175323 16.3280990123749 16.3409910202026 16.3612151145935 16.4171071052551 16.4670341014862 16.5066640377045 16.5152933597565 16.5209217071533 16.5362179279327 16.5935139656067 16.5831432342529 16.5451064109802 16.521068572998 16.5403645038605 16.5743262767792 16.5716228485107 16.578094959259 16.6407446861267 16.6210598945618 16.5833752155304 12.5781232528389 12.5981062538922 12.578756371513 12.5632393863052 12.5733885858208 12.5942052099854 12.6111882030964 12.6223380565643 12.5872072093189 12.5156287252903 12.5180506296456 12.530305493623
10.7436025440693 10.7166587710381 10.6485481858253 11.6456353664398 11.6071841567755 11.5777335911989 11.5546164661646 11.5136659741402 11.483548566699 12.3035667538643 12.2704228907824 12.2465911358595 12.2490936070681 12.2472617775202 16.0778748989105 16.1244428157806 16.3077344894409 16.3139667510986 16.3355331420898 16.3534324169159 16.4023315906525 16.4588968753815 16.5207786560059 16.533308506012 16.5295050144196 16.5240354537964 16.5282316207886 16.5487613677979 16.5689582824707 16.5454881191254 16.5413513183594 16.5635476112366 16.5717444419861 16.5596079826355 16.5690412521362 16.5603778362274 16.5650479793549 12.5784594528377 12.5746574290097 12.6105218715966 12.6238863654435 12.5965844094753 12.5727827735245 12.5824806895107 12.6205122470856 12.5983764231205 12.5373313035816 12.5113768670708 12.5199214220047 12.5004676878452
10.8314021527767 10.7952975034714 10.7563596367836 11.7057497799397 11.6905976831913 11.6764447391033 11.6274581104517 11.5798059254885 11.5364859551191 11.5186665505171 11.5084835886955 12.3486552983522 12.3238419890404 12.3256962150335 16.1298475265503 16.092791557312 16.0894029140472 16.3056793212891 16.3307840824127 16.4098892211914 16.5293278694153 16.5227665901184 16.4999930858612 16.5003426074982 16.4980251789093 16.5267081260681 16.559389591217 16.5800721645355 16.5800874233246 16.557103395462 16.5554523468018 16.5614676475525 16.5624840259552 16.5461657047272 16.5460259914398 16.5443968772888 16.5654358863831 16.5434739589691 12.5842982232571 12.6310821585357 12.6581987440586 12.6318164765835 12.6087668742985 12.6100504696369 12.6091681234539 12.6062850169837 12.5903117358685 12.5940812528133 12.5701846368611 12.5144542064518
10.8888683319092 10.8669368028641 10.8251713812351 10.786906182766 11.745343208313 11.7181547284126 11.662299990654 11.6126115620136 11.5807569175959 11.617401599884 11.6415399461985 12.4852192699909 12.4039248079062 16.1583321094513 16.1189861297607 16.1001405715942 16.0929622650146 16.2910568714142 16.3420352935791 16.453679561615 16.5236580371857 16.5149691104889 16.5038752555847 16.4853775501251 16.5168783664703 16.5427131652832 16.5742137432098 16.6227157115936 16.6148838996887 16.5917184352875 16.5625534057617 16.5500550270081 16.5498895645142 16.5440573692322 16.5420107841492 16.5504171848297 16.5601570606232 16.5678970813751 12.6074391305447 12.6074755303562 12.6303451173007 12.6365480422974 12.6347513198853 12.6172875259072 12.6148239672184 12.6811931841075 12.6817922219634 12.6357865855098 12.588280569762 12.5457750558853
10.9648344218731 10.9309087693691 10.8764834105968 11.8328137397766 11.7785894870758 11.7461995184422 11.6901421844959 11.6319179832935 11.6080280840397 11.6159705370665 11.6135953366756 11.5767361670732 12.3806736171246 16.1304273605347 16.1146249771118 16.1096558570862 16.3099191188812 16.290435552597 16.3692865371704 16.4678037166595 16.5093207359314 16.5131719112396 16.4857573509216 16.5064113140106 16.5777316093445 16.626384973526 16.6183724403381 16.5890257358551 16.5783467292786 16.5806670188904 16.5546543598175 16.5443081855774 16.5482947826385 16.5302822589874 16.5379958152771 16.590437412262 12.634835600853 16.6059858798981 12.6249135546386 12.5965352058411 12.5938240084797 12.621113082394 12.6310685873032 12.6378576066345 12.6414792034775 12.7049357481301 12.7016055285931 12.7081578373909 12.6587100028992 12.6645956449211
10.9914673566818 10.9537146389484 10.8964615464211 11.8522609770298 11.8113358914852 11.7499095797539 11.7123171389103 11.6502246260643 11.6056318134069 11.5900397151709 11.568985030055 11.5349698811769 12.3394233733416 16.1263561248779 16.1442637443542 16.1540048122406 16.358090877533 16.357813835144 16.4268710613251 16.5045945644379 16.5603177547455 16.5430417060852 16.5113062858582 16.5331120491028 16.58291888237 16.6267242431641 16.6345303058624 16.6000025272369 16.5728094577789 16.5732820034027 16.5687551498413 16.5745611190796 16.5710337162018 16.5431733131409 16.5563139915466 16.6391232013702 16.6139321327209 16.5537416934967 12.570386826992 12.5582621004432 12.5858036670834 12.6475118193775 12.6715528275818 12.667594909668 12.6691356804222 12.67917682603 12.6945865266025 12.7290291786194 12.7426391243935 12.7729159481823
11.0006005465984 10.9528536498547 11.8886713087559 11.842376768589 11.801748752594 11.7686208188534 11.7279920578003 11.6855303645134 11.6304025352001 11.5959412306547 11.5605417191982 11.5245365202427 11.5148642957211 16.2094521522522 16.212069272995 16.1950199604034 16.209303855896 16.1854209899902 16.4571223258972 16.5267181396484 16.5889806747437 16.578577041626 16.5568544864655 16.5651466846466 16.5894381999969 16.5980634689331 16.5796887874603 16.5673139095306 16.5709390640259 16.5728969573975 16.6008563041687 16.5971479415894 16.5587728023529 16.5330646038055 16.4999659061432 16.534809589386 12.5981075279415 12.5707339737564 12.5575280785561 12.5491556720808 12.6152826342732 12.675576467067 12.6577037982643 12.6601644270122 12.663958132267 12.6694192402065 12.6945668570697 12.7329006008804 12.7615683190525 12.7170700132847
10.9949001371861 10.9494926333427 11.891155064106 11.8578242361546 11.8243281245232 11.7861642539501 11.7513337731361 11.7091701626778 11.6520070582628 11.5988436192274 11.5442645698786 12.3719769269228 12.3699206709862 12.3891983181238 16.2237083911896 16.2252016067505 16.225195646286 16.2296893596649 16.48703956604 16.5698418617249 16.6199774742126 16.5861129760742 16.5657370090485 16.5691804885864 16.571958065033 16.5604028701782 16.5431802272797 16.5536241531372 16.5344016551971 16.5581793785095 16.5772905349731 16.6154010295868 16.6598451137543 16.6486220359802 16.5399510860443 16.5264954566956 16.5390410423279 12.5347897205502 12.5463365316391 12.5815490977839 12.6265953481197 12.6578084826469 12.6670220009983 12.669567912817 12.6911145038903 12.6911606900394 12.7005464620888 12.736772429198 12.7188316099346 12.6880568470806
10.9755334556103 11.9201711416245 11.8933054506779 11.8742728233337 11.842240691185 11.7848750352859 11.7446759343147 11.6966435462236 11.6397780776024 11.5950787514448 12.3864120393991 12.3725404590368 12.3743362575769 12.3707990199327 16.2056810855865 16.2423839569092 16.2435877323151 16.4676160812378 16.505624294281 16.581298828125 16.5863080024719 16.5596489906311 16.5449509620667 16.5608806610107 16.5801446437836 16.5804080963135 16.528671503067 16.4942677021027 16.4801971912384 16.5217945575714 16.5413911342621 16.5999870300293 16.6349177360535 16.6168472766876 16.5572686195374 16.5758492946625 16.6000947952271 16.5616755485535 12.5679767429829 12.626775989309 12.6765746064484 12.6378737986088 12.650172740221 12.6891378350556 12.7016041465104 12.7175689525902 12.7201934754848 12.7176435180008 12.7037612311542 12.6882110442966
11.9674249589443 11.9316904246807 11.898622661829 11.8603884577751 11.8414870500565 11.7765859365463 11.7355179190636 11.7136168181896 11.658381819725 11.6011473685503 11.5647092312574 12.3747717291117 12.4045860618353 12.4200661331415 16.2236528396606 16.2087330818176 16.4391140937805 16.4439949989319 16.4655425548553 16.5307564735413 16.5179708003998 16.4871845245361 16.4841666221619 16.5272483825684 16.5773310661316 16.5407464504242 16.4711625576019 16.4559109210968 16.4819931983948 16.506409406662 16.4961583614349 16.5045742988586 16.519656419754 16.5210719108582 16.5422537326813 16.5302014350891 16.5294828414917 16.5404314994812 12.5726181566715 12.564335713163 12.5937204752117 12.6232720110565 12.6423235051334 12.6828747391701 12.7014261186123 12.6984778828919 12.683507155627 12.6966826524585 12.67302342318 12.621365179657
11.9846465587616 11.9238767325878 11.8762728869915 11.8418366611004 11.8380663096905 11.8112965524197 11.7686927914619 11.7264225929976 11.7001530528069 11.6585497707129 11.6265991479158 12.4483356624842 12.4450009167194 16.2621684074402 16.2267916202545 16.1867487430573 16.4306201934814 16.442706823349 16.4727931022644 16.5035469532013 16.4893009662628 16.4730546474457 16.4810478687286 16.5122828483582 16.5295176506042 16.4990854263306 16.4366533756256 16.4628884792328 16.4877898693085 16.5030243396759 16.4922592639923 16.4808278083801 16.4763956069946 16.4952967166901 16.52290558815 16.5035548210144 12.5024840719998 12.4896216187626 12.5075919926167 12.5350628495216 12.5735334660858 12.6143368072808 12.6421410627663 12.661611776799 12.6815822012722 12.673552820459 12.6338207917288 12.609220485203 12.5232868590392 12.559185693739
12.0272017419338 11.9925627112389 11.8624234199524 11.8092848360538 11.8356454968452 11.8086732923985 11.7658676505089 11.7463961541653 11.708423987031 11.6814515441656 11.6633218377829 12.4770667850971 12.4637501984835 12.4684339463711 16.2390973567963 16.2169308662415 16.4504592418671 16.4687521457672 16.4747116565704 16.4986710548401 16.5089640617371 16.5132572650909 16.5152630805969 16.5173168182373 16.5110380649567 16.4894244670868 16.4794781208038 16.5035319328308 16.501252412796 16.4839727878571 16.4663603305817 16.4674139022827 16.4858009815216 16.5075216293335 16.5562236309052 16.563907623291 12.5407869610935 12.5143433017656 12.5067332489416 12.5132889840752 12.5533461384475 12.6257349848747 12.6817922182381 12.6856816597283 12.6739048175514 12.6271278355271 12.6046345727518 12.599592089653 12.5538826184347 12.5756727065891
12.182589173317 12.1287482082844 11.9610741138458 11.8535660207272 11.8358924686909 11.8255510628223 11.7755428552628 11.7485356032848 11.7181945741177 11.6911867111921 11.675211340189 12.485131546855 12.4558325856924 12.4462011158466 16.244903087616 16.2311129570007 16.1984896659851 16.4641308784485 16.5156297683716 16.5317950248718 16.5556268692017 16.5607924461365 16.5434775352478 16.5283510684967 16.5332238674164 16.5214302539825 16.5229699611664 16.5085091590881 16.4760484695435 16.4222548007965 16.4244604110718 16.4450008869171 16.4578733444214 16.5177466869354 16.5318751335144 12.5779471881688 16.5333132743835 12.5197311546654 12.5262074973434 12.544516146183 12.5741581134498 12.6183008737862 12.6729428172112 12.6617520339787 12.637393862009 12.6570361554623 12.6429481403902 12.5927969124168 12.5644783675671 12.5488269524649
12.1378834843636 12.0941923856735 11.9618343114853 11.8728100657463 11.8096189796925 11.8077608942986 11.7902367413044 11.7537128031254 11.6983551979065 11.684996932745 11.6472999751568 12.4122353047132 12.3649946302176 12.3285876959562 16.1447057723999 16.1707360744476 16.3917467594147 16.4183712005615 16.4553287029266 16.4616189002991 16.5149092674255 16.5401999950409 16.5135197639465 16.4808683395386 16.4818844795227 16.5275661945343 16.5169153213501 16.4879310131073 16.482946395874 16.4749615192413 16.4793109893799 16.5376603603363 16.5403423309326 16.5220243930817 16.5296490192413 16.5642154216766 12.6029262952507 12.5953756161034 12.5759918875992 12.5611075963825 12.5973896775395 12.6198391020298 12.6557890474796 12.667071511969 12.6268535451964 12.6201364595909 12.6215379834175 12.5560580892488 12.5685790674761 12.5614333646372
11.9494162499905 11.9382270872593 11.8827054202557 11.8508497178555 11.7719936668873 11.7618053555489 11.7199489474297 11.6805939525366 11.6354053020477 11.5497158169746 12.2705225795507 12.2127128243446 12.1862365081906 12.1959267631173 12.2441172301769 16.13463306427 16.3738062381744 16.3804748058319 16.3811421394348 16.3871428966522 16.4371445178986 16.4738121032715 16.5067205429077 16.4762024879456 16.4396841526031 16.4851665496826 16.4883153438568 16.4787976741791 16.4972796440125 16.5467615127563 16.60791015625 16.6443917751312 16.5992074012756 16.5130219459534 16.5455441474915 16.5934391021729 12.6162979118526 12.6147752888501 12.6050858907402 12.6010630633682 12.625540792942 12.631184309721 12.6098291575909 12.6008062362671 12.5544505517464 12.5354280471802 12.5189036328811 12.4948771495838 12.5196852288209 12.5288254022598
11.8752827346325 11.8387626707554 11.8139089643955 11.7957224100828 11.790201947093 11.7390156239271 11.6778285652399 11.5973086208105 11.4939552098513 11.4339350908995 11.3738753199577 12.1705235615373 12.1799780130386 12.179266281426 12.2125544324517 16.3371539115906 16.3541986942291 16.3099102973938 16.3319554328918 16.3436670303345 16.3500461578369 16.4000914096832 16.5032546520233 16.5012032985687 16.4474847316742 16.4407663345337 16.4993817806244 16.5443308353424 16.5542783737183 16.5102272033691 16.5941758155823 16.6154570579529 16.5600728988647 16.5153541564941 16.5271060466766 12.5991635806859 12.5748357884586 12.5621745698154 12.5660138837993 12.5608524680138 12.597857484594 12.6036967635155 12.5625358922407 12.477708121296 12.3647138774395 12.4212195686996 12.3831020705402 12.4048632178456 12.468123187311 12.4773840699345
11.8446493446827 11.8144644498825 11.8026132881641 11.7789284139872 11.7642435729504 11.7053927928209 11.6290406435728 11.4715230613947 11.4276712685823 11.419486746192 11.3459960222244 12.1440010592341 12.1588866636157 12.1576056405902 16.2617461681366 16.3318355083466 16.3705909252167 16.3436801433563 16.3661022186279 16.3038580417633 16.303947687149 16.3760361671448 16.4734554290771 16.5308699607849 16.4979519844055 16.463366985321 16.5017821788788 16.5608630180359 16.5796117782593 16.5206928253174 16.5071082115173 16.508189201355 16.5069370269775 12.5791048780084 12.5728060975671 12.5661728456616 12.5522074103355 12.5459075756371 12.5504410564899 12.5349749028683 12.5598419811577 12.5633753035218 12.5309096369892 12.4394434788264 12.3733102083206 12.4000109247863 12.4036349542439 12.3966818340123 12.4478956665844 12.4826098289341
11.803348839283 11.7833330482244 11.7774836570024 11.7276344448328 11.7057856321335 11.6659365147352 11.5804203748703 11.5292377173901 11.4440549463034 12.2543622404337 12.2109948471189 12.229311645031 12.2491280287504 12.2601111754775 12.5035725831985 12.4829376265407 16.3603165149689 12.5680006816983 16.4905834197998 16.3970489501953 16.4545154571533 16.5566492080688 12.6534875780344 12.5741774067283 12.5860345289111 16.5053000450134 16.501181602478 16.498729467392 16.5152778625488 16.53382563591 12.6306747421622 16.5009214878082 16.4888029098511 12.5980786904693 12.5934545993805 12.5776831917465 12.5980784408748 12.5901403911412 12.5505355298519 12.5044301450253 12.5189922265708 12.5217213127762 12.4587829012889 12.4265117943287 12.374406805262 12.3678024113178 12.3958331644535 12.3940009474754 12.405001770705 12.4230023436248
11.8150488138199 11.7603680938482 11.7361876219511 11.6741742640734 11.6293269693851 11.5818133503199 11.5362992286682 11.4741190969944 11.4204383790493 12.2455320879817 12.2728745937347 12.3341220095754 12.3035364970565 12.5604377165437 12.5341806039214 12.5212566629052 12.4764993488789 12.4785753414035 16.3523962497711 16.3915731906891 12.5761373862624 12.6130461767316 12.6674234569073 16.4802048206329 16.4035522937775 12.5094583556056 12.542803786695 12.5804820135236 12.5863271206617 12.62367169559 12.6676838323474 12.6610284522176 12.5953733548522 12.5852183029056 12.5607691183686 12.5590256750584 12.5767826251686 12.5647067539394 12.5367960594594 12.5007198415697 12.5018103625625 12.4607332348824 12.4249903857708 12.4070801436901 12.4036702113226 12.3645936250687 12.3575326018035 12.3579864315689 12.3764398209751 12.3758939802647
