data/spatiotemp/temp4/bio8_norsw_test_2015_2018.asc
NCOLS 654 
NROWS 380 
XLLCORNER 3.91666666666667 
YLLCORNER 55.3333333333333 
CELLSIZE 0.0416666666666667 
NODATA_value -9999 
[rows 198 to 219 of 380, columns 250 to 299 of 654]
13.4535415172577 13.4928352832794 13.3710896968842 13.3629698753357 13.1315166950226 13.0563962459564 13.3299705982208 13.2712635993958 12.9013698101044 13.0528514385223 13.077481508255 12.6863718032837 12.6096043586731 12.9333839416504 12.7505691051483 12.4388022422791 12.101536989212 12.2092382907867 12.5282731056213 12.5639741420746 12.7494640350342 12.8900294303894 12.729611158371 12.600706577301 12.7188024520874 12.9638216495514 13.0955028533936 12.4112577438354 12.2508540153503 12.5744495391846 13.1745576858521 12.7975716590881 12.4864046573639 12.4588339328766 12.4370603561401 12.7958765029907 12.8566117286682 12.6503472328186 12.3519880771637 12.6908183097839 13.1428873538971 13.0769565105438 12.8760249614716 12.9287610054016 12.8934633731842 13.2598986625671 12.6978032588959 12.5665490627289 12.4231724739075 12.3551292419434
13.1676270961761 13.4210786819458 13.2661046981812 13.4699823856354 13.0650112628937 13.21688580513 13.0149183273315 13.2837896347046 13.1249079704285 13.1453602313995 13.1847698688507 12.7330133914948 12.6243529319763 12.5665256977081 12.7861986160278 12.7682039737701 12.6433773040771 12.6640496253967 12.8220555782318 12.7462282180786 12.737401008606 12.6139070987701 12.8372113704681 12.7438142299652 12.6520838737488 12.8706872463226 12.9444568157196 12.7170596122742 12.6946625709534 13.0209698677063 13.1530764102936 13.061182975769 12.967622756958 12.6111776828766 13.1290016174316 13.1331059932709 13.3618776798248 13.1933155059814 13.0397536754608 13.3065252304077 13.3199627399445 13.0597343444824 12.8461725711823 12.949943780899 13.2130486965179 13.3781535625458 12.9389188289642 12.6005308628082 12.5222015380859 12.3465383052826
12.836733341217 13.0274260044098 13.1159527301788 13.2296464443207 13.0663392543793 13.2617621421814 13.3233721256256 13.3473155498505 13.2085919380188 13.1452021598816 13.1450583934784 12.8908221721649 12.8116014003754 12.797714471817 12.8456606864929 12.8274405002594 12.56471991539 12.448832988739 12.4609453678131 12.582058429718 12.7778379917145 12.7782838344574 12.8753116130829 12.8904218673706 12.7953650951385 12.8401420116425 12.6142516136169 12.2616946697235 12.357471704483 12.4197483062744 12.5081918239594 13.2924606800079 13.3373260498047 13.3271923065186 13.314861536026 13.1283357143402 13.0841434001923 13.1142840385437 13.1290910243988 13.4988987445831 13.5170392990112 13.2211792469025 12.9859867095947 12.9344606399536 13.2609348297119 13.3330755233765 13.0713675022125 12.9115405082703 12.6505630016327 12.3952805995941
12.6707682609558 12.9497015476227 13.1141347885132 12.7125682830811 12.6800017356873 13.0943050384521 13.3174064159393 13.3718411922455 13.2276091575623 13.0313773155212 13.0803468227386 12.7241303920746 12.5885169506073 12.4547367095947 12.51628947258 12.7540092468262 12.5250625610352 12.4071156978607 12.4046685695648 12.4187216758728 12.528608083725 12.6228277683258 12.7572462558746 12.8511962890625 12.9069800376892 12.8002631664276 12.5585470199585 12.3111639022827 12.0407807826996 12.3552310466766 12.5820150375366 12.6581308841705 12.6830816268921 13.1949880123138 13.2910556793213 13.1678988933563 13.1404085159302 13.1349182128906 12.9900953769684 13.2016048431396 13.2907814979553 13.3719575405121 13.3584675788879 13.238977432251 13.2558205127716 13.492996931076 13.1786494255066 13.1635200977325 11.7235341072083 12.6500222682953
12.5509612560272 12.8828117847443 13.0069954395294 12.6056787967682 12.4995293617249 12.4970464706421 13.0415079593658 13.3114330768585 13.1043577194214 12.91628241539 12.9405524730682 12.6630816459656 12.5659992694855 12.4620831012726 12.4945006370544 12.5517513751984 12.5176684856415 12.679251909256 12.573169708252 12.4419198036194 12.5768373012543 12.6289217472076 12.6656603813171 12.6398878097534 12.5784487724304 12.7256762981415 12.6925706863403 12.5071315765381 12.3195254802704 12.2922537326813 12.467481136322 12.483208656311 12.4256024360657 12.7926943302155 12.9159610271454 13.0719668865204 12.9123058319092 12.6446447372437 12.4749839305878 12.5099899768829 12.5936625003815 11.4839241504669 11.6040649414062 11.5957055091858 11.8321800231934 12.1356542110443 12.0327906608582 13.2668349742889 11.7879626750946 11.9724295139313
12.675812959671 12.9169237613678 12.8218684196472 12.6433124542236 12.6580896377563 12.5152015686035 12.4819796085358 12.8440909385681 13.0825042724609 13.0682518482208 12.9346754550934 12.436675786972 12.3758819103241 12.2944204807281 12.4747922420502 12.4304981231689 12.3612036705017 12.6177423000336 12.4867811203003 12.389319896698 12.4358584880829 12.5390644073486 12.4617214202881 12.7025456428528 12.4444391727448 12.7583644390106 13.0106077194214 12.6984317302704 12.4392075538635 12.4079828262329 12.7745797634125 12.6234896183014 12.3716425895691 12.3269176483154 12.7392446994781 12.8112061023712 12.5016345977783 12.666130065918 12.5424253940582 11.332420706749 11.4730792045593 11.6827375888824 11.6773960590363 12.9695677757263 13.1725296974182 13.3701577186584 13.3538773059845 13.2231521606445 13.3466193675995 13.2269151210785
12.8774967193604 12.9903688430786 12.7887408733368 12.692446231842 12.7051515579224 12.6345231533051 12.4768948554993 12.4387669563293 12.8416504859924 12.980553150177 12.764443397522 12.6109371185303 12.4359309673309 12.3190913200378 12.3630847930908 12.3922448158264 12.4119055271149 12.6028990745544 12.6825597286224 12.348219871521 12.2087132930756 12.3580403327942 12.3057818412781 12.4204385280609 12.2444286346436 12.2122521400452 12.5338878631592 12.9661786556244 12.5702216625214 12.1852121353149 12.3975353240967 12.3848583698273 12.4028480052948 12.4525048732758 13.0078616142273 12.8291125297546 12.7776970863342 12.6139485836029 11.4925222396851 11.3263655900955 11.4873747825623 11.7297177314758 11.6607272624969 11.5655708312988 11.8379135131836 12.0287566184998 12.092493057251 13.4144546985626 13.3406565189362 13.5691781044006
12.9068479537964 12.9728138446808 13.0172801017761 12.8632462024689 12.7148790359497 12.557511806488 12.4594776630402 12.7237389087677 12.848797082901 12.5252089500427 12.9395899772644 12.6361985206604 12.4669804573059 12.4577617645264 12.4593770503998 12.4459917545319 12.3974409103394 12.4222226142883 12.5648379325867 12.612952709198 11.4611780643463 12.2685165405273 12.2733430862427 12.4602143764496 12.4219186306 12.2367899417877 12.281661272049 12.6603651046753 13.1045117378235 12.5097739696503 13.0661890506744 13.406861782074 13.3908674716949 13.1322057247162 13.29314494133 13.44801902771 13.021892786026 11.6339221000671 11.7104494571686 11.717143535614 13.0273878574371 13.2759284973145 12.0015590190887 11.7802531719208 11.7946135997772 11.7094748020172 11.621593952179 11.6891388893127 12.0376837253571 13.4267692565918
12.8368656635284 12.7957589626312 12.985319852829 13.2028760910034 12.7797558307648 12.7203032970428 12.7238495349884 12.7160637378693 12.8596103191376 12.8031575679779 12.7683796882629 12.5712926387787 12.7166955471039 12.5100994110107 11.1566660404205 12.511239528656 11.2237107753754 12.3950462341309 10.3145778179169 12.7326865196228 11.5651876926422 10.1544752120972 11.2458873987198 12.3761560916901 12.6995751857758 13.0433945655823 12.7830798625946 13.2031679153442 13.3925542831421 13.0006704330444 13.3113279342651 13.5533804893494 13.804434299469 13.8128209114075 13.7250950336456 13.9379253387451 13.7667546272278 13.3035845756531 13.2464151382446 12.9055776596069 11.7539668083191 13.4985711574554 13.4780673980713 13.4228971004486 13.5183937549591 12.1775259971619 11.9546949863434 11.7183215618134 12.0387814044952 12.4179074764252
12.9678041934967 13.11017370224 13.3235421180725 13.2625784873962 13.0792806148529 12.8873159885406 12.9023520946503 12.9907209873199 13.1234230995178 11.5929801464081 12.8135035037994 13.0845556259155 13.0699410438538 13.2563271522522 12.8680462837219 11.4225347042084 10.2999212741852 10.3042662143707 10.4614448547363 13.16197514534 13.2096951007843 13.1394135951996 12.9723234176636 11.7283225059509 11.7982382774353 13.2412936687469 13.4187281131744 13.5254957675934 13.6812636852264 13.8420312404633 13.940798997879 13.9012334346771 13.9813344478607 13.9837691783905 13.8770456314087 13.8171646595001 13.7866175174713 13.8970701694489 13.852522611618 13.9283082485199 13.6704275608063 13.7015466690063 13.9946658611298 14.0667848587036 14.1082372665405 13.7966902256012 13.6500859260559 12.2760038375854 12.3837122917175 12.4985868930817
13.0160405635834 13.1665651798248 13.0504224300385 13.0636138916016 13.2618050575256 13.1906628608704 13.0718536376953 13.1740458011627 13.281236410141 13.2447607517242 13.2459599971771 13.3761670589447 13.292373418808 13.4722471237183 13.4841203689575 13.1478998661041 10.6310856342316 10.3198654651642 10.5331454277039 13.2328209877014 13.4373610019684 13.5735681056976 13.6160790920258 13.6202282905579 13.3577101230621 13.4041924476624 13.5803408622742 13.5918235778809 13.5916392803192 13.678454875946 13.6292707920074 13.5274193286896 13.3642349243164 12.0201315879822 11.8330752849579 11.7558221817017 12.0279030799866 13.510888338089 13.6802968978882 13.7487053871155 13.8264474868774 13.9698557853699 13.8762645721436 13.769672870636 14.0054149627686 13.9951565265656 13.9826378822327 14.0551927089691 14.0174140930176 12.6717658042908
12.8592765331268 13.1359565258026 12.8946363925934 11.5669870376587 12.8783297538757 13.1503431797028 13.1490228176117 11.6534967422485 11.5617082118988 11.5724189281464 13.0594167709351 13.4184443950653 13.4488055706024 13.558833360672 13.6481945514679 13.7172222137451 12.4037916660309 13.3922779560089 11.0293457508087 10.7647268772125 10.9832751750946 13.5077221393585 13.7451684474945 13.8093645572662 13.7755618095398 12.593204498291 12.5527355670929 12.2834327220917 11.8994631767273 12.1473271846771 13.2984087467194 12.0022218227386 11.8785855770111 11.7134494781494 11.6082646846771 11.7526957988739 13.0606756210327 13.2020399570465 11.9789910316467 11.7460894584656 11.9933547973633 13.3228316307068 11.8342177867889 11.7753164768219 12.1535816192627 12.3285131454468 12.2649981975555 12.3652029037476 12.6365740299225 12.8732783794403
12.7708461284637 12.9563479423523 13.1315166950226 13.1603519916534 13.1565210819244 13.1006896495819 13.1568584442139 13.2866938114166 13.409196138382 13.3416979312897 13.311539888382 13.3847222328186 13.4982376098633 12.3512234687805 13.6326019763947 13.7211174964905 12.4878323078156 12.4752023220062 11.3847126960754 13.6428456306458 13.6120278835297 12.4961903095245 12.1872987747192 11.0605139732361 12.4686417579651 12.4808962345123 12.3786511421204 12.4477391242981 12.1198275089264 11.9587490558624 11.9745037555695 12.0987584590912 11.9446802139282 11.704934835434 11.6756207942963 11.7802364826202 11.8941860198975 11.9626352787018 11.8500850200653 11.7093679904938 11.7703173160553 11.9189331531525 11.8577160835266 11.7634990215302 12.0941150188446 12.2652311325073 12.240599155426 12.2140514850616 12.3838379383087 12.4121241569519
12.6570816040039 12.7047393321991 12.7303967475891 11.5634698867798 13.0517122745514 13.2850360870361 13.3843603134155 13.3560183048248 13.2633421421051 11.7221908569336 11.6205425262451 11.8847923278809 12.044041633606 12.0299580097198 12.1907074451447 13.660679101944 11.4724113941193 12.5041229724884 12.5783722400665 11.2231640815735 11.172581911087 11.2233324050903 11.0690834522247 10.7533333301544 10.7549171447754 11.9364216327667 11.777734041214 12.0925462245941 12.1220252513885 12.0661709308624 12.0528166294098 11.9832952022552 11.9469413757324 11.7715866565704 11.7831430435181 11.8094437122345 11.829910993576 11.7612113952637 11.8181784152985 11.6183128356934 11.5616130828857 11.7445800304413 11.7558808326721 11.7065148353577 11.7653155326843 11.7744488716125 11.736533164978 11.7404010295868 12.0297689437866 12.23930311203
11.1363198757172 11.1563110351562 11.2001359462738 11.2219612598419 11.5264525413513 11.7317776679993 11.7564356327057 11.8000936508179 11.9367523193359 12.217577457428 12.1413042545319 12.3014335632324 12.3805627822876 12.2901923656464 12.1081550121307 12.2982840538025 12.5715801715851 11.5505945682526 11.6202805042267 11.2849659919739 11.133985042572 11.1658375263214 11.0872268676758 10.9908194541931 10.8395788669586 10.6450042724609 11.9058167934418 11.9703533649445 11.7965564727783 11.8157591819763 11.883129119873 12.122665643692 12.2243688106537 12.0845723152161 11.8099994659424 11.6383173465729 11.762969493866 11.7121205329895 11.8034389019012 11.8887577056885 11.8117425441742 11.9233939647675 11.7623789310455 11.6643640995026 11.5970153808594 11.6080002784729 11.460801243782 11.5332500934601 11.6420331001282 11.8846490383148
11.1003637313843 11.066392660141 11.1597561836243 11.2842857837677 11.4206485748291 11.3581783771515 11.3918745517731 11.4599039554596 11.5979337692261 11.9321298599243 12.2038991451263 12.4002416133881 12.3627507686615 12.4389266967773 11.0663316249847 11.1551189422607 12.5499544143677 11.4450268745422 11.6288142204285 11.5441012382507 11.2142221927643 11.1591758728027 11.0155367851257 10.813805103302 10.8349072933197 12.1594722270966 12.3297326564789 12.2798266410828 12.075587272644 12.0521812438965 12.0084416866302 12.1822025775909 12.2912962436676 12.1198902130127 11.9308552742004 11.727358341217 11.5930273532867 11.7330305576324 11.8828661441803 11.9382021427155 11.9105379581451 11.938040971756 11.7945437431335 11.7092127799988 11.6280491352081 11.5653851032257 11.6014020442963 11.6132659912109 11.6542971134186 11.7781612873077
11.2603843212128 11.1574463844299 11.1336758136749 11.1994047164917 11.1556339263916 11.1958627700806 10.1009463071823 10.2566936016083 10.1839411258698 10.4153552055359 12.1684370040894 12.5166914463043 12.6029450893402 12.6475327014923 12.4914531707764 11.3954226970673 11.5321853160858 11.2459471225739 11.431209564209 11.5824725627899 11.4480681419373 11.3814973831177 11.2954821586609 11.0111901760101 10.8993983268738 12.3323526382446 12.3628833293915 12.6052477359772 12.5467789173126 12.5141429901123 12.5105073451996 12.408371925354 12.3544027805328 12.1521005630493 12.0234832763672 11.9667196273804 11.9256219863892 11.714524269104 11.72026014328 11.874329328537 12.027898311615 12.1749675273895 11.9768698215485 11.8084392547607 11.7198417186737 11.6580772399902 11.7691249847412 11.8391511440277 11.7738440036774 11.7818698883057
11.3978815078735 11.6271378993988 11.3933944702148 11.2739849090576 11.2114081382751 11.1928312778473 11.3274211883545 11.4851775169373 11.7542679309845 11.6650242805481 11.9244182109833 12.3197817802429 12.5751459598541 12.689343214035 12.756040096283 12.7414047718048 11.6324117183685 11.3943560123444 11.3116345405579 11.5447459220886 11.4075236320496 11.348801612854 11.3005628585815 11.2233071327209 11.0160512924194 12.2167544364929 12.2792682647705 12.4722828865051 12.5876297950745 12.6461441516876 12.7343246936798 12.8625066280365 12.5963537693024 12.2673680782318 12.3022165298462 12.2410683631897 12.1255853176117 12.0596034526825 12.0876207351685 12.1776382923126 12.3496563434601 12.444840669632 12.3326916694641 12.1843755245209 12.0945596694946 12.0107445716858 11.9946377277374 12.1310722827911 12.1765072345734 12.0594418048859
11.5235455036163 11.4218292236328 13.1400945186615 13.1082057952881 11.6145153045654 11.4176330566406 11.4620838165283 11.8593678474426 11.9706528186798 12.0622701644897 12.1300659179688 12.248539686203 12.3703470230103 12.6636543273926 12.8047947883606 11.6420106887817 11.7276384830475 11.4410984516144 11.0317256450653 12.7012240886688 11.4418129920959 11.3381066322327 11.1871438026428 11.092423915863 11.0673713684082 11.0118184089661 12.3198206424713 12.3123178482056 10.8253264427185 12.0899791717529 12.4584765434265 12.809974193573 12.8024713993073 12.5008022785187 12.3837840557098 12.4325833320618 12.0400495529175 11.975515127182 12.1968150138855 12.28244805336 12.4030809402466 12.4877133369446 12.4380133152008 12.3889789581299 12.3054451942444 12.2522449493408 12.1316497325897 12.0906603336334 12.1553370952606 12.2720139026642
13.2917511463165 13.2257556915283 13.2444269657135 13.2277643680573 13.394101858139 13.3134391307831 12.0652465820312 12.1492249965668 11.9345369338989 10.6533834934235 10.4730086326599 10.5564851760864 10.7924606800079 11.2146031856537 11.5942459106445 11.6820552349091 11.5841982364655 11.6860077381134 11.5403165817261 11.3809595108032 11.5179352760315 11.0899114608765 11.1288909912109 11.0032076835632 11.1156914234161 12.3307249546051 12.4578723907471 12.3305191993713 10.6639578342438 11.8469808101654 12.0639612674713 12.39510846138 12.6420891284943 12.7539031505585 12.7368505001068 12.6980981826782 12.3443465232849 12.2912614345551 12.3045091629028 12.306590795517 12.3678386211395 12.1510863304138 12.0591681003571 12.1517491340637 12.3946635723114 12.4529118537903 12.2468283176422 12.1567478179932 11.9718334674835 12.1092526912689
13.4866313934326 13.5305283069611 13.5297584533691 13.3859891891479 13.4505531787872 13.5584499835968 13.5743463039398 12.3402488231659 12.2185881137848 12.2622611522675 12.1315276622772 11.0292994976044 11.140958070755 11.3471162319183 11.3789415359497 11.4882659912109 11.5560913085938 11.6080827713013 12.951432466507 12.9242150783539 11.4637243747711 11.3315491676331 11.2194714546204 11.2603244781494 11.140677690506 12.571793794632 12.7499241828918 12.2775545120239 10.8454229831696 10.7776093482971 11.8719456195831 11.9549098014832 12.394540309906 12.3571708202362 12.5805842876434 12.9964473247528 12.7711436748505 12.6748402118683 12.8848705291748 12.7687332630157 12.5697631835938 12.4611258506775 12.432989358902 12.3356857299805 12.5263824462891 12.8340787887573 12.5858404636383 12.3620021343231 12.3559963703156 12.3971576690674
13.4228451251984 13.4279675483704 13.633091211319 13.5518808364868 13.4290039539337 13.5801274776459 12.3545722961426 12.4227721691132 12.3429729938507 12.2646732330322 11.0776076316833 11.2556147575378 11.2884554862976 11.1286292076111 11.0366368293762 11.2289772033691 11.1886510848999 11.2054917812347 11.5083322525024 12.8947100639343 13.04434466362 12.9479796886444 12.8740205764771 12.6521346569061 11.2536640167236 11.1462202072144 12.7296426296234 12.706089258194 12.5210363864899 12.250316619873 12.1254305839539 12.2438774108887 12.4264912605286 12.3987715244293 12.3984842300415 12.8047955036163 13.0866076946259 13.0714194774628 13.1785645484924 13.1705422401428 12.8138542175293 12.6008324623108 12.4243104457855 12.3211226463318 12.4986007213593 12.8137457370758 13.0956859588623 12.8790893554688 12.5036597251892 12.8448960781097
