data/spatiotemp/temp4/bio8_norsw_test_2015_2018.asc
NCOLS 654 
NROWS 380 
XLLCORNER 3.91666666666667 
YLLCORNER 55.3333333333333 
CELLSIZE 0.0416666666666667 
NODATA_value -9999 
[rows 88 to 109 of 380, columns 550 to 599 of 654]
11.7848122119904 11.7831492424011 11.7881526947021 11.7901566028595 11.7941606044769 11.7704977989197 11.6736681461334 11.5750052928925 11.7866966724396 11.5005133152008 11.7698137760162 11.7807099819183 11.5705409049988 11.6018176078796 11.7638990879059 11.6642954349518 11.7750246524811 11.9319214820862 12.0406513214111 11.7119808197021 11.9609439373016 11.8558399677277 11.9402320384979 11.9502859115601 11.9110062122345 11.9145605564117 11.9817814826965 11.9663352966309 11.8680560588837 11.8667767047882 11.9406642913818 11.979718208313 11.9811053276062 12.051992893219 12.0444333553314 12.0777599811554 12.0384194850922 12.0622460842133 12.0387394428253 12.0535655021667 12.0420589447021 12.0280523300171 12.0098791122437 11.9465386867523 11.8281991481781 11.7938587665558 11.6676981449127 11.6935498714447 11.7777361869812 11.586921453476
12.1176445484161 11.8570585250854 11.8041806221008 11.7479701042175 11.7235925197601 11.6875488758087 11.6403381824493 11.6196267604828 11.8910722732544 11.7532923221588 11.74640583992 11.7807455062866 11.6989178657532 11.5602476596832 11.8750965595245 11.7744362354279 11.7077758312225 11.788948059082 11.9024543762207 12.0339603424072 12.0746331214905 12.0063059329987 11.982257604599 12.0129895210266 12.0352206230164 12.0156190395355 11.9786839485168 11.9377489089966 11.9231472015381 11.9307115077972 11.984442949295 12.0973417758942 12.165739774704 12.1996378898621 12.1569590568542 12.1072020530701 12.0451128482819 11.9603567123413 12.0234332084656 12.0516769886017 12.0775871276855 11.9559977054596 11.8287410736084 11.8299849033356 11.6605618000031 11.3919718265533 11.2488651275635 11.4169080257416 11.4831171035767 11.4136605262756
11.810225725174 11.7389674186707 11.6995418071747 11.6339497566223 11.5610249042511 11.7684655189514 11.7410151958466 11.7657318115234 11.7582817077637 11.4563989639282 11.8074977397919 11.6263961791992 11.5618698596954 11.7395102977753 11.7528169155121 11.7377903461456 11.9773592948914 11.7679040431976 11.7843775749207 12.0850400924683 12.1026563644409 12.1482717990875 12.1336178779602 12.0831935405731 11.9366023540497 11.7788441181183 11.8117535114288 11.9023292064667 11.9502377510071 11.9506468772888 12.0630559921265 12.1436319351196 12.1485404968262 12.1106159687042 12.0264847278595 11.8009788990021 11.6668057441711 11.5892996788025 11.7182939052582 11.7549545764923 11.885781288147 11.7071092128754 11.4162695407867 11.5484306812286 11.4260909557343 11.1950850486755 11.2031986713409 11.1434321403503 11.1153326034546 11.1075658798218
11.838849067688 11.8205428123474 12.0500471591949 11.6760964393616 11.5759568214417 11.4371509552002 11.5158989429474 11.5621113777161 11.6923241615295 11.7477035522461 11.8310894966125 12.0388150215149 11.8737008571625 11.9441058635712 11.9860112667084 12.0289163589478 12.0323209762573 12.0103924274445 11.9721307754517 12.2516202926636 12.2611789703369 12.0714044570923 11.9589772224426 11.8240637779236 11.7908165454865 11.7079031467438 11.5844898223877 11.7624094486237 11.9434955120087 12.0424160957336 12.1448359489441 12.2120885848999 12.2193415164948 12.1605949401855 12.0786771774292 12.0007543563843 11.9118323326111 11.8352434635162 11.8459873199463 11.8108987808228 11.6576430797577 11.3083875179291 11.1366317272186 11.4025428295135 11.4837875366211 11.3501982688904 11.4271991252899 11.327623128891 11.3942134380341 11.4368045330048
11.8706390857697 11.8192851543427 11.7934308052063 11.5984103679657 11.482889175415 11.4378678798676 11.8122818470001 11.823991060257 11.9673662185669 11.9734089374542 12.0100147724152 12.0816833972931 12.1970186233521 12.0188686847687 12.0760383605957 12.1120414733887 12.0715446472168 12.0425481796265 12.0368845462799 12.0733878612518 12.0627243518829 12.0773704051971 11.6875038146973 11.6982674598694 11.8133642673492 11.8317954540253 11.7388923168182 11.9659893512726 12.0655868053436 12.0903511047363 12.1374485492706 12.2063789367676 12.218475818634 12.1924066543579 12.1277027130127 12.0113642215729 12.0098586082458 12.0648534297943 11.980015039444 11.6536762714386 11.5388371944427 11.6189992427826 11.6351606845856 11.6723222732544 11.6113169193268 11.5784785747528 11.5105330944061 11.4708144664764 11.6322619915009 11.7297098636627
12.2012650966644 12.2149713039398 12.1686763763428 12.036548614502 11.806921005249 11.4340856075287 11.7918314933777 11.9372036457062 12.0869090557098 11.8854777812958 11.8976604938507 11.9385957717896 11.9646966457367 12.0491316318512 12.1218993663788 12.4254994392395 12.4124445915222 12.1582033634186 12.1904716491699 12.429779291153 12.2993912696838 12.1185030937195 11.9535295963287 11.9858043193817 12.119246006012 12.2208540439606 12.2377953529358 12.2172365188599 12.235511302948 12.2321197986603 12.2067270278931 12.2443358898163 12.2707769870758 12.2777180671692 12.2783946990967 12.2501397132874 12.1900515556335 12.1197972297668 11.9337086677551 11.8144536018372 11.9330322742462 11.8561108112335 11.8716893196106 11.7449345588684 11.6936798095703 11.6074252128601 11.6892001628876 11.7115049362183 11.8051435947418 11.6992824077606
12.2508778572083 12.2485322952271 12.2440195083618 11.9383368492126 12.1229937076569 11.8122889995575 11.8132653236389 11.8557412624359 11.896550655365 11.9468605518341 11.9985325336456 12.047066450119 12.3423926830292 12.3669803142548 12.4422347545624 12.5168225765228 12.2320711612701 12.2104392051697 12.2274732589722 12.1578409671783 11.8915421962738 12.1795153617859 12.213791847229 12.2594242095947 12.276890039444 12.3130223751068 12.3263218402863 12.3421204090118 12.3177535533905 12.301718711853 12.3181843757629 12.2964835166931 12.257949590683 12.2742490768433 12.2994616031647 12.3005888462067 12.2845482826233 12.2340083122253 12.1398010253906 12.1102609634399 12.0905539989471 11.973680973053 11.8806405067444 11.978767156601 11.9320602416992 11.9803538322449 11.9497845172882 11.933854341507 11.9020895957947 11.7808253765106
11.988365650177 12.1352531909943 11.9009704589844 11.9250841140747 11.9303641319275 11.9253115653992 11.9234251976013 11.9527053833008 11.9369857311249 12.0109326839447 12.0783071517944 12.1521091461182 12.418872833252 12.4096364974976 12.437399148941 12.4876616001129 12.4952578544617 12.4900212287903 12.4976172447205 12.3937141895294 12.3734765052795 12.3560729026794 12.3591229915619 12.3561267852783 12.3281304836273 12.3064684867859 12.2721385955811 12.2506418228149 12.1046459674835 12.1828167438507 12.2649867534637 12.2863240242004 12.28116106987 12.2693316936493 12.2195699214935 12.2062084674835 12.2200138568878 12.1378197669983 12.1509582996368 12.2314307689667 12.1962356567383 12.1042084693909 12.0586807727814 12.039986371994 12.0482919216156 12.0409305095673 11.9747867584229 11.9470262527466 11.7040994167328 11.5515058040619
11.7435193061829 11.5923073291779 11.8265960216522 11.965550661087 12.024338722229 12.0981268882751 12.1759150028229 12.2295370101929 12.3016581535339 12.3721129894257 12.4336431026459 12.4919145107269 12.5046858787537 12.4917917251587 12.4682292938232 12.1990983486176 12.4486064910889 12.487211227417 12.4924829006195 12.4795877933502 12.4486930370331 12.3989644050598 12.3654544353485 12.278163433075 12.2977051734924 12.212247133255 12.1472883224487 11.9098308086395 11.9950389862061 12.1349141597748 12.1139562129974 12.139164686203 12.0075392723083 11.708247423172 11.5913438796997 11.808495759964 11.9181470870972 11.9282977581024 11.9616160392761 12.0691003799438 12.1229183673859 12.1714024543762 12.1640541553497 12.1117053031921 12.0876896381378 12.1258411407471 12.1214554309845 12.1151993274689 11.9776101112366 11.8331871032715
11.9283399581909 11.94069480896 11.812383890152 11.8444056510925 11.9152612686157 12.044450044632 12.1341383457184 12.1708269119263 12.2136824131012 12.2865376472473 12.3766055107117 12.444385766983 12.4751658439636 12.4819469451904 12.4617266654968 12.1638786792755 12.4132876396179 12.419401884079 12.4838483333588 12.48712849617 12.488742351532 12.5310230255127 12.4652862548828 12.345032453537 12.3286123275757 12.295526266098 12.1726057529449 12.0470187664032 12.0317649841309 12.0141777992249 11.9544243812561 11.9536712169647 11.8702504634857 11.698664188385 11.5427858829498 11.5026161670685 11.4949460029602 11.7897763252258 11.8864393234253 11.964937210083 12.0954337120056 12.1859304904938 12.2214274406433 12.2227575778961 12.1735880374908 12.1377518177032 12.1344573497772 12.1152052879333 12.0989532470703 12.1103672981262
12.0503273010254 12.0847494602203 12.0605056285858 11.8435940742493 11.8276834487915 11.9931058883667 12.189528465271 12.2747843265533 12.3358731269836 12.3182957172394 12.2445683479309 12.3861906528473 12.3699793815613 12.2884352207184 12.2478909492493 12.2990131378174 12.3823027610779 12.456258058548 12.4955472946167 12.5390031337738 12.5679585933685 12.5670812129974 12.5644509792328 12.5397357940674 12.4930202960968 12.4631376266479 12.4015889167786 12.3037066459656 12.134824514389 11.9516088962555 11.9235599040985 11.9601781368256 11.9014623165131 11.7962465286255 11.7300601005554 11.6100699901581 11.6722457408905 11.8139214515686 11.931263923645 12.019606590271 12.0464494228363 12.1114585399628 12.1688005924225 12.2321436405182 12.2198195457458 12.1813287734985 12.1916258335114 12.1552112102509 12.1074638366699 12.1078822612762
12.0794808864594 12.1263034343719 12.1251268386841 12.1084496974945 12.0102725028992 11.7985956668854 11.8120849132538 11.9322419166565 12.0855638980865 12.2133870124817 12.4111971855164 12.408328294754 12.4266262054443 12.3939242362976 12.2868883609772 12.2846863269806 12.3106505870819 12.4446151256561 12.4165790081024 12.3910439014435 12.4110078811646 12.5128061771393 12.5794491767883 12.5856049060822 12.5484275817871 12.5142502784729 12.4305725097656 12.3890619277954 12.292051076889 12.1852066516876 12.1880292892456 12.1435179710388 12.0303409099579 11.9368300437927 11.8893353939056 11.8880233764648 11.9355454444885 11.9615669250488 11.9660880565643 11.9221093654633 11.9132978916168 11.974986076355 12.0473411083221 12.0936958789825 12.1142177581787 12.1410727500916 12.1717944145203 12.1668841838837 12.1433074474335 12.0080630779266
12.1186351776123 12.2081918716431 12.2502484321594 12.2721385955811 12.2675287723541 12.2472515106201 12.2819747924805 12.3698649406433 12.3824217319489 12.4026453495026 12.4546601772308 12.4884667396545 12.5022730827332 12.5207462310791 12.5382189750671 12.5101923942566 12.5043320655823 12.464638710022 12.438444852829 12.4757513999939 12.5112242698669 12.4743638038635 12.5064475536346 12.5501413345337 12.5453355312347 12.5370292663574 12.5032224655151 12.469250202179 12.4476103782654 12.4229707717896 12.3726646900177 12.3215248584747 12.2558851242065 12.184246301651 12.145610332489 12.092643737793 12.0443441867828 12.0292117595673 11.9910788536072 11.9784460067749 11.9878134727478 12.0070142745972 12.0688812732697 12.1082484722137 12.1137824058533 12.1338160037994 12.1711299419403 12.1940567493439 12.2368171215057 12.1739101409912
12.2454552650452 12.3367457389832 12.3615362644196 12.323493719101 12.1811175346375 12.1665742397308 12.224865436554 12.2643222808838 12.2261123657227 12.1814033985138 12.2826228141785 12.4119381904602 12.5199203491211 12.5930676460266 12.6013832092285 12.5883650779724 12.4996802806854 12.3594951629639 12.320476770401 12.3477921485901 12.3809406757355 12.4460890293121 12.4329454898834 12.4376773834229 12.4964094161987 12.5078082084656 12.4975397586823 12.4862718582153 12.4356701374054 12.2477350234985 12.0753002166748 12.0400323867798 12.1572635173798 12.2099952697754 12.1823844909668 12.1139309406281 12.1106433868408 12.1106901168823 12.1065692901611 12.0606153011322 12.0963287353516 12.1635415554047 12.1530883312225 12.1748008728027 12.0956807136536 12.0527267456055 12.1312983036041 12.174396276474 12.1696603298187 12.2279243469238
12.1717762947083 12.2503006458282 12.3544914722443 12.3673493862152 12.2075397968292 12.149064540863 12.1157553195953 12.0256130695343 11.9659700393677 12.1539947986603 12.1155858039856 12.3222424983978 12.4303998947144 12.6123902797699 12.6425473690033 12.6315376758575 12.5470285415649 12.4240188598633 12.4328424930573 12.5401663780212 12.5081570148468 12.5518138408661 12.4334435462952 12.3398804664612 12.2784833908081 12.339252948761 12.3463561534882 12.3809599876404 12.3337292671204 12.0569989681244 12.2051024436951 12.2822053432465 12.2443089485168 12.1984114646912 12.0808258056641 12.1523842811584 12.2261090278625 12.2245013713837 12.1727271080017 12.1749520301819 12.224677324295 12.2307360172272 12.2769613265991 12.2548534870148 12.2017452716827 12.1224708557129 12.0358006954193 12.0705690383911 12.0585038661957 12.142605304718
12.2357630729675 12.2785215377808 12.303112745285 12.2850375175476 12.2346291542053 12.1603872776031 12.1009788513184 12.040736913681 12.1743280887604 12.3734195232391 12.4925482273102 12.5862140655518 12.6198799610138 12.6432123184204 12.649044752121 12.6190440654755 12.5912098884583 12.6272087097168 12.6287081241608 12.6402070522308 12.6413731575012 12.6188724040985 12.5694422721863 12.4939162731171 12.3275578022003 12.2123658657074 12.3086733818054 12.3848142623901 12.4274551868439 12.4409301280975 12.466404914856 12.4735455513 12.3801867961884 12.3014945983887 12.3126006126404 12.3233377933502 12.3130757808685 12.2543132305145 12.2410504817963 12.1384551525116 12.2428596019745 12.2755975723267 12.2388348579407 12.2232391834259 12.1849770545959 11.9838812351227 11.9223029613495 11.6735754013062 11.5776808261871 12.116286277771
12.321417093277 12.311909198761 12.3335676193237 12.204559803009 12.1647183895111 12.1718766689301 12.1692023277283 12.0646944046021 12.1321859359741 12.3945109844208 12.5393443107605 12.6286857128143 12.6516933441162 12.6185345649719 12.5818750858307 12.5843832492828 12.6035580635071 12.6247327327728 12.6732401847839 12.6609144210815 12.6542556285858 12.642763376236 12.5546069145203 12.4277861118317 12.3761315345764 12.3038108348846 12.3688232898712 12.492502450943 12.4690148830414 12.4633610248566 12.5495405197144 12.4907193183899 12.3465647697449 12.2220773696899 12.063708782196 12.1249585151672 12.2427084445953 12.2436249256134 12.2733752727509 12.2504587173462 12.1658754348755 12.1124587059021 12.0568754673004 12.0152916908264 12.1393744945526 12.0917916297913 11.863137960434 11.5622477531433 11.5121908187866 12.0471341609955
12.292738199234 12.1786303520203 12.228355884552 12.3195817470551 12.3109736442566 12.3301997184753 12.3172585964203 12.2866508960724 12.2968764305115 12.3601021766663 12.589640378952 12.6923232078552 12.6748397350311 12.6616899967194 12.6225395202637 12.6083896160126 12.6462392807007 12.6020894050598 12.6901054382324 12.6957883834839 12.6861386299133 12.6744878292084 12.6689381599426 12.6586554050446 12.5567059516907 12.4260895252228 12.4626405239105 12.5670244693756 12.6312410831451 12.6412918567657 12.6016755104065 12.5485591888428 12.3436095714569 12.2011601924896 12.1234836578369 12.1672456264496 12.0991749763489 12.1754369735718 12.1051993370056 12.090794801712 12.0557239055634 11.849319934845 11.8135817050934 11.7946774959564 11.938606262207 12.0213689804077 11.752640247345 11.6025869846344 11.5660345554352 11.843314409256
12.2955160140991 12.3558714389801 12.3887269496918 12.3399159908295 12.3439376354218 12.3239600658417 12.3766491413116 12.4991717338562 12.5636940002441 12.572215795517 12.6350975036621 12.7360064983368 12.7445826530457 12.7658247947693 12.7770667076111 12.4528625011444 12.6995515823364 12.740793466568 12.765702009201 12.7437777519226 12.7346866130829 12.7180953025818 12.6880078315735 12.581423997879 12.4655070304871 12.5525901317596 12.6281723976135 12.6632544994354 12.6925044059753 12.6825869083405 12.6481699943542 12.6000862121582 12.4678356647491 12.3537518978119 12.2566521167755 12.1483707427979 11.9457564353943 11.8203082084656 11.7531936168671 11.6745789051056 11.6932973861694 11.8650159835815 11.894401550293 11.8512868881226 11.7465054988861 11.5812239646912 11.5705168247223 11.6705505847931 11.7292506694794 11.7717847824097
12.52791929245 12.5157999992371 12.4531815052032 12.3935627937317 12.4371109008789 12.4138255119324 12.4365403652191 12.5425882339478 12.641135931015 12.6831841468811 12.701717376709 12.7209022045135 12.7149205207825 12.7682721614838 12.7141239643097 12.7701420783997 12.7993268966675 12.771678686142 12.7223634719849 12.8082151412964 12.7260663509369 12.6620848178864 12.649482011795 12.4967577457428 12.4712009429932 12.5656440258026 12.6712527275085 12.7326951026917 12.7439711093903 12.7019143104553 12.5968570709229 12.557966709137 12.4847428798676 12.3503518104553 12.1605489253998 12.0323348045349 12.0357875823975 11.8450727462769 11.6746919155121 11.4686439037323 11.7347626686096 11.9465482234955 12.0166673660278 11.9624526500702 11.8287382125854 11.6483571529388 11.4936013221741 11.7249712944031 11.8633403778076 11.9763767719269
12.5978212356567 12.5658950805664 12.5268023014069 12.552542924881 12.5407836437225 12.5395238399506 12.598931312561 12.6625051498413 12.6810791492462 12.7608194351196 12.7868368625641 12.4734833240509 12.7394256591797 12.539635181427 12.5701277256012 12.7048087120056 12.5601136684418 12.6417729854584 12.5794320106506 12.8294856548309 12.8122794628143 12.7724070549011 12.4417695999146 12.3239963054657 12.7323942184448 12.7428634166718 12.7518327236176 12.7363023757935 12.7659382820129 12.6737413406372 12.664710521698 12.5400133132935 12.4006495475769 12.3129518032074 12.2227792739868 12.1496319770813 12.1111514568329 11.9931702613831 11.8730227947235 11.8980422019958 11.9860608577728 12.0914137363434 12.0907661914825 11.928619146347 11.840137720108 11.7844908237457 11.7798528671265 11.8290588855743 11.7997634410858 11.99063539505
12.694890499115 12.6523237228394 12.611590385437 12.5686898231506 12.5396227836609 12.571888923645 12.6618218421936 12.7369220256805 12.7636878490448 12.5043392181396 12.4816389083862 12.5445446968079 12.6011166572571 12.6026887893677 12.6047611236572 12.5208332538605 12.5732386112213 12.6079771518707 12.6132166385651 12.6039550304413 12.5035274028778 12.6348967552185 12.7610964775085 12.8117592334747 12.8705880641937 12.8974175453186 12.7775797843933 12.7720758914948 12.8164057731628 12.7627348899841 12.6945638656616 12.5780601501465 12.0094311237335 12.2028856277466 12.2285094261169 12.2390959262848 12.1845154762268 12.0974342823029 12.0516874790192 12.0514404773712 12.1795265674591 12.1709458827972 11.8375368118286 12.0241179466248 11.8530380725861 11.7551236152649 11.9286041259766 11.9048118591309 11.6073527336121 11.8630609512329
