data/spatiotemp/temp4/bio8_norsw_test_2015_2018.asc
NCOLS 654 
NROWS 380 
XLLCORNER 3.91666666666667 
YLLCORNER 55.3333333333333 
CELLSIZE 0.0416666666666667 
NODATA_value -9999 
[rows 176 to 197 of 380, columns 150 to 199 of 654]
3.79072788357735 3.82787920534611 3.48810359835625 3.41523441672325 2.74067878723145 2.28047074377537 2.35626316070557 2.31238868832588 2.15284774452448 2.52613979578018 2.87376540899277 3.22839105129242 2.98434996604919 2.7931421995163 2.66002327203751 2.68782621622086 2.62512977421284 2.7205995619297 2.81740294396877 3.37753950059414 3.77217583358288 4.43586830794811 4.40261581540108 4.60387739539146 4.46263882517815 4.49063663184643 -9999 -9999 -9999 4.17255130666308 4.02261062338948 3.84766995161772 3.54622937738895 3.69428858160973 3.77101461589336 3.52240744233131 3.15063318610191 2.9198592454195 2.85379388928413 2.8939376026392 2.81274776160717 2.74105796217918 5.89741531014442 5.40120887756348 4.98450264334679 4.75312965363264 4.99325665831566 5.02255041897297 4.59017751738429 4.41180455917493
3.85008992254734 3.85868053138256 2.64212027192116 2.30387651920319 2.26296609640121 1.9652226343751 2.26364570856094 2.45840193331242 2.38299161195755 2.34224820137024 2.42483779788017 2.34676080942154 2.43485049903393 2.47394020855427 2.39256024360657 2.2003775164485 2.27652785181999 2.47901155054569 2.59649524092674 3.39644356071949 4.18240749835968 4.27627143263817 4.36705188453197 4.65299768745899 -9999 4.24871525913477 4.25868092849851 4.09030164312571 3.995012819767 4.01206052303314 3.86311568319798 3.73581300675869 3.56046858429909 3.63895753026009 3.66444623470306 3.56976866722107 3.43242388963699 3.30257973074913 6.66770586371422 6.07798147201538 5.26175658404827 4.99936538934708 4.21514081209898 3.6789161413908 3.48685802519321 3.91413334012032 3.95107574760914 4.14535096287727 3.73362651467323 3.56773516535759
2.69214043021202 2.74888169765472 2.42305362224579 2.60115583240986 2.8072581589222 2.61036022007465 2.22396261245012 2.14023136347532 2.08766699582338 2.23843577504158 2.28037140518427 2.22947345674038 2.07990925759077 2.14884486049414 2.35405237972736 2.48108515143394 2.80803945660591 3.15800532698631 3.42185972630978 -9999 4.53818014264107 -9999 -9999 4.51161915063858 4.21922384947538 4.05382830929011 3.8244309797883 3.63615666329861 3.59704871475697 3.3261077105999 3.23449990153313 3.12055853009224 2.85273717343807 5.8971209526062 5.84093925356865 5.76291912794113 5.70124241709709 5.89306059479713 5.95184931159019 5.48160797357559 5.00103376060724 4.35179201699793 4.05338434875011 4.01664316654205 3.85890179872513 3.64682728052139 3.32875281572342 3.47934517264366 3.80327026546001 3.57719597220421
2.32622614502907 2.93117266893387 2.71239404380322 2.40489076077938 2.32088719308376 2.4242171049118 2.2588804140687 2.37554356455803 2.47903995215893 2.61470329761505 3.0226998925209 2.74177953600883 2.76008568704128 2.73493945598602 3.41149957478046 -9999 -9999 3.47487199306488 3.39964181184769 3.37274521589279 3.94724460440921 4.00747467018664 3.74386063963175 3.8531166985631 3.76624085009098 3.3820318877697 2.63656161725521 2.47499741613865 2.50276640057564 5.36408057808876 5.74483641982079 5.85208293795586 5.39487648010254 4.91664618253708 4.48424934223294 4.54625397920609 4.564338484779 4.52308973949403 4.93033738434315 4.4789145415416 4.17432527989149 4.99906908720732 4.92897938936949 4.89622360467911 4.2769675180316 7.72656838595867 7.58470210433006 7.14066922664642 7.2379697561264 7.72860342264175
3.25614553689957 3.16729687154293 2.94556817412376 2.56079243123531 2.08251647651196 2.04707396775484 1.91963142901659 2.13185542076826 2.68807992339134 2.89943590760231 3.33437976241112 -9999 -9999 -9999 3.73607166856527 3.57627082616091 3.51820634305477 3.36141926050186 3.36552135646343 3.2802898734808 6.34733836352825 6.4512016326189 6.32823157310486 6.31909464299679 6.26495739817619 6.20432063937187 5.92642778158188 5.39412519335747 4.80716633796692 5.01704056560993 4.97241476178169 4.50068144500256 4.06699664890766 4.31337101757526 4.28507877700031 4.15011951699853 4.11382730677724 4.11895217746496 3.66499185562134 3.42805430293083 3.69695004820824 7.51497946679592 8.00967751443386 8.23604219034314 8.09824038296938 7.85643837600946 7.55463629961014 7.41150110960007 7.50569939613342 7.61023080348969
3.35706469416618 3.05958804488182 2.51840895414352 2.29836067557335 2.22064571082592 2.92609742283821 2.9924301803112 2.85102674365044 3.64974455535412 -9999 -9999 -9999 3.93163499748334 3.67137828469276 3.64989409595728 3.78561881184578 3.7284164018929 6.70765571761876 6.57071254402399 6.4770470559597 6.30512510240078 5.90203660726547 5.7991141974926 5.80202543735504 5.83043643832207 5.96101436018944 5.79452833533287 4.98772385716438 5.17770230770111 4.71968111395836 4.26715979911387 4.40313837926078 4.37945056706667 4.61076263710856 4.6285746730864 4.43122000992298 4.06736551225185 3.80734398961067 3.69838625192642 3.84269386529922 7.91816205903888 7.0854249894619 6.7535206079483 7.35111650824547 7.26737873256207 7.13797503709793 6.69523727893829 6.52050006389618 6.91392895579338 7.17885825037956
3.24748399853706 2.7743513584137 2.42387442290783 2.85648447275162 3.50208053737879 4.05152574181557 -9999 -9999 -9999 -9999 5.08426803350449 4.47666962444782 4.11596443876624 3.97327836370096 4.21698721498251 7.4554488658905 6.77724173665047 6.50236746668816 6.03368924558163 5.61028608679771 5.24574539065361 5.22053784132004 5.21716368198395 5.14781427383423 5.26123434305191 5.22048762440681 5.01123939454556 4.57182251662016 4.86840569972992 4.73098869621754 4.40107168024406 4.69815500825644 4.4392379024066 4.61048735678196 3.87790390104055 6.99836987257004 6.88401213288307 7.06332105398178 7.87355601787567 4.62442695349455 8.63371007144451 8.23637043684721 8.15653052553535 7.48452404141426 6.59468457102776 5.93301129341125 5.70133835077286 6.37999844551086 7.07982566952705 7.14165240526199
3.87273660069332 -9999 -9999 -9999 -9999 -9999 -9999 -9999 -9999 -9999 -9999 -9999 -9999 -9999 6.51312875002623 6.38482914865017 6.01566989719868 5.04703775048256 4.87368677556515 5.57669138908386 5.7238652408123 5.85637274384499 5.69978412985802 5.47476682066917 5.020249158144 5.1848985850811 5.42973375320435 5.01108801364899 5.0124419182539 4.7574627995491 4.90198358893394 4.97717067599297 4.4303582161665 4.11204536259174 7.56937371194363 7.52391804754734 7.70979577302933 7.82950688898563 8.02030789852142 8.11586640030146 7.77009062469006 7.76914867758751 7.87970699369907 6.85593184828758 6.01232296228409 8.86862635612488 8.97995281219482 8.32194578647614 8.62693881988525 8.72493147850037
-9999 -9999 -9999 -9999 -9999 -9999 -9999 -9999 -9999 -9999 -9999 -9999 -9999 -9999 6.61157022416592 6.37932665646076 9.89639377593994 10.0586498379707 9.92119812965393 9.63691267371178 9.66629412770271 9.95084220170975 9.91689071059227 9.72727218270302 9.53882023692131 9.32336854934692 9.45061549544334 5.53935328125954 5.48264518380165 5.51926991343498 5.35206186771393 4.94702012836933 4.51881207898259 7.70657351613045 7.49235321581364 7.04463309049606 7.03807911276817 7.69169223308563 8.25589344650507 7.77818287909031 7.3324721455574 7.67192769050598 7.73305015265942 9.29364252090454 9.31575131416321 9.54952669143677 8.90296876430511 8.53007733821869 8.50185298919678 8.36496186256409
3.17330676317215 2.59162694215775 2.69997975230217 2.97971265017986 6.51072261482477 6.67885354906321 6.6199941560626 6.58077742904425 6.58340655267239 6.3308961391449 6.27130252122879 6.19740380346775 6.31190773844719 6.21418885886669 9.89312416315079 9.63937312364578 9.13221853971481 9.69198381900787 9.8840075135231 9.68531128764153 9.38161590695381 8.97608652710915 8.84889079630375 8.95102789998055 9.40333208441734 9.26580283045769 9.39954572916031 8.85189390182495 8.91607570648193 8.69975724071264 8.42293909750879 7.55428755283356 7.95263609290123 8.58315085060894 9.00816582143307 9.17634795606136 9.5578631311655 9.50087784230709 8.81814566254616 7.87033271789551 7.71318596601486 10.1251957416534 9.64142024517059 9.22397828102112 8.8722026348114 8.66509389877319 7.88765168190002 8.37454307079315 8.89910078048706 8.48765861988068
2.16849449276924 2.25758555531502 2.41777865588665 5.56642737984657 6.08074307441711 6.39872546494007 5.9435410797596 5.46735683083534 5.73050585389137 5.57922434806824 5.60884287953377 5.61961942911148 5.49526843428612 5.40208420157433 9.26686799526215 9.25096309185028 9.07936352491379 8.94425672292709 9.08031669259071 9.08254367113113 11.1914179325104 11.3137347698212 10.9533858299255 8.43828407675028 8.37184412777424 8.29790410399437 8.88330911099911 8.52022608369589 8.35530999791808 8.24406016990542 8.01364437490702 7.30322782695293 6.7111451625824 6.68439531326294 6.07997900247574 7.45272935926914 8.98131284117699 9.19873008131981 8.99123149365187 8.87164899706841 8.49506696558092 10.4396333694458 9.70497334003448 9.29964697360992 8.97432053089142 8.38732755184174 8.220334649086 8.27300786972046 8.40934836864471 8.85302186012268
6.06046050786972 5.92045047879219 5.88967290520668 5.76848086714745 5.8491225540638 5.94376382231712 5.73073866963387 5.46004697680473 5.44041877985001 5.62918198108673 5.71244519948959 8.97934490442276 8.51645551621914 8.64406529068947 9.00269520282745 8.69534461200237 8.64649404585361 8.39214323461056 8.18079254031181 10.369978427887 10.4526147842407 10.7585844993591 10.5848877429962 10.232857465744 9.95416116714478 10.1021311283112 10.3738667964935 10.5480358600616 10.3888709545135 7.35569669306278 6.72001564502716 7.67633460462093 7.32082051038742 6.19330620765686 6.67245849967003 8.05677767843008 8.49609696585685 8.20258256793022 10.2560362815857 10.6561589241028 9.81628131866455 9.31907081604004 9.86386013031006 10.0833163261414 9.82277202606201 8.87056148052216 8.57135081291199 8.55014002323151 8.6192626953125 8.72871899604797
6.29151925444603 6.05308054387569 10.0010507106781 9.87219399213791 5.59783524274826 5.13467442989349 9.38712278008461 9.28876525163651 4.66639852523804 8.37771789729595 8.51102766394615 8.42433701455593 8.44964651763439 8.6811226606369 8.70014688372612 10.6656982898712 10.5759873390198 10.0856101512909 9.67389941215515 9.6961886882782 10.0294780731201 10.6007676124573 10.6613900661469 10.3226792812347 10.5316355228424 9.9535915851593 9.80794870853424 9.48804068565369 9.30379962921143 8.47522473335266 5.70155376195908 7.69107568264008 8.65550065040588 8.98325955867767 9.81035172939301 9.79677712917328 9.60920190811157 9.8156281709671 9.86412620544434 10.2123646736145 10.0516030788422 9.61317503452301 9.21074652671814 8.78198504447937 8.63489019870758 8.94079530239105 9.03570020198822 9.06693875789642 9.0455105304718 9.23041570186615
5.94418948888779 6.03893971443176 9.96108090877533 4.82378159463406 4.06066775810905 8.72877487540245 9.24511742591858 8.81612631678581 8.72230187058449 8.8514778316021 8.67582009732723 8.76616245508194 8.76167163252831 10.759113073349 11.0060217380524 10.9129641056061 10.6302397251129 10.5108478069305 10.5714573860168 10.9080662727356 11.3110084533691 11.4632837772369 10.9252252578735 10.8378343582153 10.5867764949799 10.1410522460938 9.72869729995728 9.77737939357758 9.2763946056366 9.23374319076538 9.1630916595459 8.71844053268433 8.86912226676941 8.96047079563141 8.86015284061432 8.63483476638794 8.69851672649384 8.8551983833313 9.33888328075409 9.44757068157196 9.19792509078979 9.05961239337921 8.12796652317047 7.82998752593994 8.46300828456879 8.51969575881958 8.70138299465179 8.97873735427856 9.14475810527802 9.2641122341156
5.1059889793396 9.39322751760483 9.8050519824028 8.84261155128479 8.4258381575346 8.82056452333927 8.82445733249187 8.45185029506683 8.18857669830322 7.98713663965464 7.9363629091531 10.1944532394409 9.98773980140686 9.94802570343018 10.2955780029297 10.456063747406 10.7935490608215 11.1577010154724 11.5341863632202 11.5783388614655 11.5038235187531 11.0843088626862 10.8974611759186 10.354279756546 10.2864315509796 10.052250623703 9.6161892414093 9.54324769973755 9.18197321891785 8.84036481380463 9.18975675106049 9.39948225021362 8.76487445831299 8.76159954071045 8.42699182033539 8.34071683883667 8.39644229412079 8.07416772842407 8.20157313346863 8.5206583738327 8.32974374294281 8.22416269779205 8.01024806499481 8.04566657543182 8.13141894340515 8.78417134284973 8.74892318248749 8.50900852680206 8.33742725849152 8.11451280117035
5.21757137775421 9.12602239847183 9.43163004517555 9.71542513370514 9.14072006940842 8.30168137699366 7.99147597700357 7.82793760858476 7.57256597280502 9.59033691883087 9.57076966762543 9.65653586387634 9.09930193424225 9.1640682220459 9.1654109954834 9.84099650382996 10.0225822925568 10.1475012302399 10.8214199542999 10.6413388252258 10.8109245300293 10.8688440322876 11.0417625904083 10.7843482494354 10.8626005649567 10.324853181839 10.2250905036926 10.0999791622162 9.85053479671478 9.84609019756317 9.72231245040894 10.0778679847717 9.45209050178528 8.42131280899048 7.33053481578827 7.25909054279327 8.00897943973541 8.20353496074677 8.35452854633331 8.13096106052399 7.58972680568695 7.77082550525665 7.99592471122742 8.32769012451172 8.27212274074554 8.400554895401 8.52598714828491 7.5837527513504 7.11518490314484 7.0779504776001
8.85256558656693 9.11815094947815 9.51620846986771 9.19173854589462 8.65060156583786 8.38463156670332 10.394721031189 9.89163422584534 9.77721333503723 9.74445939064026 9.54570543766022 9.4659515619278 8.88753116130829 8.56211078166962 9.08791017532349 9.50959599018097 9.65561544895172 9.94330096244812 10.2769870758057 10.4683399200439 10.2256925106049 9.91704511642456 9.94173073768616 9.82075047492981 9.62343621253967 10.3104557991028 10.0889916419983 10.0250442028046 9.82509636878967 9.69448268413544 9.41753458976746 9.0542539358139 9.04763960838318 8.16369235515594 8.06941139698029 8.29813063144684 8.72484934329987 8.82756888866425 8.68381810188293 8.21659731864929 7.95304298400879 7.96615540981293 8.14893436431885 8.3273800611496 8.24715948104858 8.18693840503693 8.24205100536346 7.83349680900574 7.76527583599091 7.64172148704529
8.97086304426193 9.53227931261063 8.59662009775639 8.22121834754944 10.1586184501648 10.0676777362823 10.0317373275757 10.1637969017029 10.0108559131622 10.1709156036377 9.86064124107361 9.83770108222961 9.60142695903778 9.39848649501801 9.47240924835205 9.17052888870239 9.34031522274017 9.75376832485199 9.87888765335083 9.82667374610901 9.96012663841248 9.99824643135071 9.60469949245453 9.12548577785492 9.16027212142944 9.90805792808533 10.5122263431549 10.6531088352203 10.5603246688843 10.3518738746643 9.39942371845245 8.51030623912811 9.33218896389008 8.84973859786987 9.17862141132355 9.56517064571381 9.62538659572601 9.1819361448288 8.4357738494873 8.09056651592255 7.97269225120544 8.44781851768494 8.47761082649231 8.44507026672363 8.44952940940857 8.01032209396362 7.69644820690155 7.72690725326538 7.87403345108032 7.49782598018646
8.24766028672457 8.31874116510153 11.2172627449036 10.5524687767029 10.1326746940613 9.64921402931213 9.5974200963974 9.61495959758759 9.45016539096832 9.34503829479218 9.56691110134125 8.90845036506653 9.61232316493988 9.24619567394257 9.31890833377838 9.6421285867691 9.45834803581238 9.65390157699585 9.22578835487366 9.24034130573273 9.4638946056366 9.17044794559479 8.68766784667969 8.30988752841949 8.89344096183777 9.39832746982574 9.47979390621185 9.56217360496521 9.4825531244278 10.1692659854889 10.6249792575836 9.9036922454834 10.3854050636292 10.3427846431732 10.1771647930145 9.66821050643921 9.6742570400238 9.35463666915894 8.67006313800812 7.58520245552063 7.45800864696503 7.99314796924591 7.94895446300507 8.24009358882904 8.4758996963501 8.11837255954742 7.48717844486237 6.91565144062042 6.69079101085663 6.70059716701508
9.60444068908691 10.6826019287109 11.1916925907135 11.0757117271423 10.5627315044403 10.3844170570374 10.5587697029114 10.1511225700378 9.64280831813812 9.49516093730927 9.29618012905121 9.2851996421814 9.30321860313416 8.78557145595551 8.93074107170105 9.6883944272995 9.89771461486816 9.64570152759552 9.16235542297363 8.90067517757416 8.90266239643097 9.22164916992188 9.11763620376587 8.59295630455017 8.32560968399048 7.92393028736115 8.28402829170227 8.76623868942261 8.56378173828125 8.95565819740295 8.76186800003052 8.32374477386475 8.92895448207855 9.13816440105438 9.67237436771393 9.69991731643677 9.48212718963623 8.70067059993744 8.87901866436005 8.44317173957825 8.20865786075592 8.1648108959198 8.27963078022003 8.45011699199677 8.3996034860611 7.54042279720306 7.09457576274872 6.09006202220917 5.23054856061935 5.58136802911758
10.4198722839355 10.6727612018585 10.387788772583 9.68928837776184 9.40778732299805 9.29361999034882 9.78878581523895 10.6692850589752 11.0024418830872 11.2890467643738 10.4578188657761 10.4882569313049 11.0495290756226 10.8448007106781 10.4417943954468 11.1018443107605 11.2910606861115 11.2192771434784 10.2309219837189 9.70434296131134 9.45176362991333 9.40951728820801 9.33460450172424 8.85735833644867 8.38577878475189 8.36786615848541 8.49692976474762 8.33496975898743 8.2686767578125 7.66671681404114 7.30809044837952 7.07613027095795 7.78983724117279 8.11921095848083 8.44625067710876 8.57695758342743 8.88733124732971 8.80037117004395 8.68897449970245 8.35680782794952 8.20430755615234 8.40347421169281 8.43297374248505 8.50514042377472 8.41130650043488 8.13813996315002 7.62930631637573 7.41280615329742 6.86997270584106 6.3698056936264
10.4303026199341 9.80725383758545 10.2696841955185 10.532386302948 10.3079208135605 9.9457893371582 10.3583240509033 10.6600260734558 9.90272748470306 10.2382627725601 10.9714641571045 11.3786656856537 11.2695341110229 10.9225690364838 10.6892123222351 10.4882968664169 10.3722145557404 10.1976325511932 9.99605011940002 10.4794679880142 10.1205313205719 10.189385175705 10.2659063339233 10.1560935974121 9.78261470794678 9.19946873188019 9.21783089637756 9.17503452301025 8.56790506839752 7.79410886764526 7.42797911167145 7.09384965896606 7.29805302619934 7.00559020042419 6.78912723064423 7.29766416549683 8.1538679599762 8.14873838424683 8.62593019008636 8.80377733707428 8.66529023647308 8.54513692855835 8.49165034294128 7.94716370105743 7.02201020717621 6.66652357578278 7.40303719043732 7.73488330841064 7.73006367683411 7.43290984630585
