data/spatiotemp/temp4/bio9_norsw_test_2015_2018.asc
NCOLS 654 
NROWS 380 
XLLCORNER 3.91666666666667 
YLLCORNER 55.3333333333333 
CELLSIZE 0.0416666666666667 
NODATA_value -9999 
[rows 22 to 43 of 380, columns 480 to 527 of 654]
0.314890533685684 0.400137074291706 0.514163717627525 0.574357323348522 0.618384093046188 -3.6047559902072 -3.61662240326405 -3.6948347389698 -3.76930937170982 -3.86621288955212 -3.91844980418682 -3.87968684732914 -3.86209005117416 -3.81032712757587 -3.6920639872551 -3.71980087459087 -3.78803782165051 -3.78944148123264 -3.58051173388958 -3.31491511501372 -3.10271583497524 -2.87591422349215 -2.31861245632172 -1.79707118868828 -1.32323449850082 -0.400636315345764 0.0782559216022491 -9999 0.542587459087372 0.521281130611897 0.274974569678307 0.26825150847435 0.210686579346657 -9999 -9999 -1.7349545955658 -1.87301331758499 -2.12961083650589 -2.43672275543213 -3.09200143814087 -3.31461307033896 -3.43339169025421 -4.15683700889349 -4.3101152703166 -4.14740425907075 -3.64453646540642 -2.92350232601166 -3.30596798285842
-3.73961597681046 -3.77262009680271 -3.78270624577999 -3.68995928019285 -3.74954530596733 -3.78013164550066 -3.87977035343647 -4.02021282166243 -4.02894201129675 -4.01179160922766 -4.05664109438658 -4.13732416927814 -4.14684022217989 -4.1016895994544 -3.99037279188633 -3.81672221422195 -3.70840505510569 -3.7392546236515 -3.54027078300714 -3.00028707832098 -2.48620569705963 -2.01952743530273 -1.50273770093918 -1.27348446846008 -0.93859475851059 -9999 0.123934417963028 -9999 0.0983180701732635 -9999 -9999 -9999 -1.20483011007309 -1.9544852077961 -2.88027634471655 -3.4898415543139 -3.89403825439513 -3.61156840994954 -3.38243172504008 -3.86162849143147 -4.00449182651937 -4.21335548721254 -4.73951781541109 -4.65808237344027 -4.27805988490582 -4.08298442768864 -3.34424247965217 -3.7701672539115
-4.17921642959118 -4.08405559509993 -3.9308947622776 -3.85473401844501 -3.8220729380846 -3.84457895159721 -3.9222513884306 -3.92709073424339 -3.88607488572598 -3.78653695434332 -3.97883240878582 -4.01662816107273 -3.79792352765799 -3.44355248915963 -3.33951456844807 -3.49747694004327 -3.65310563892126 -3.31656792759895 -2.55053022503853 -2.05849233269691 -1.68653985857964 -1.92214044928551 -2.11625191569328 -1.47379332780838 -0.852572441101074 0.0572561621665955 -0.942074716091156 -0.757311940193176 0.0165486931800842 -0.793168485164642 -9999 -0.953851222991943 -2.0484744310379 -2.93023286759853 -3.60568109154701 -4.22746250033379 -4.57274436950684 -4.52302584797144 -4.39580738544464 -4.306755784899 -4.69509762153029 -4.77153741940856 -4.9319766536355 -4.85458262264729 -4.53748296201229 -3.89576590061188 -3.85681621730328 -4.68956869468093
-4.91214990615845 -4.76605272293091 -4.52912189438939 -4.35902461409569 -4.19159404560924 -4.02316341549158 -3.82406604290009 -3.85363546013832 -3.84154094010592 -3.75011564418674 -3.60369055485353 -3.59243217110634 -3.52617351245135 -3.91108173131943 -4.194489906542 -4.13456475734711 -3.80697281658649 -3.37688115797937 -3.48712254082784 -2.72736428678036 -3.0526856482029 -3.59392024576664 -3.81732167303562 -2.49186065793037 -0.995969295501709 -1.04646122455597 -1.19727063179016 -1.06446278095245 -0.891478657722473 -9999 -1.10850417613983 -1.99433702230453 -3.40131759643555 -4.00168407522142 -4.19905049167573 -4.33091718330979 -4.82521685212851 -5.00203117728233 -4.96084540337324 -4.96782606840134 -4.61624968796968 -4.91678754240274 -4.4171493165195 -3.98534915968776 -4.07120401784778 -4.5807139351964 -5.22281400859356 -5.36091056466103
-4.97675053775311 -4.75721668452024 -4.55301606655121 -4.53581533394754 -4.43411506211851 -4.26291462406516 -4.13204738497734 -4.07251342386007 -4.22150680422783 -4.07036111503839 -4.13021528348327 -4.54440275579691 -4.6294235214591 -4.71311098337173 -4.63363169878721 -4.25831951666623 -3.94184029847383 -3.91069447994232 -3.81104850023985 -3.84723605215549 -3.79500889033079 -4.8290571924299 -4.70286406576633 -2.3307491838932 -1.31377381086349 -1.19546514749527 -1.32287061214447 -1.13751572370529 -1.4495096206665 -1.42252624034882 -1.8578799366951 -3.15611277520657 -3.40668401867151 -3.96613558381796 -4.7248822748661 -5.11023777723312 -5.2797600030899 -5.34678256511688 -5.31880468130112 -5.21182700991631 -5.08901613950729 -4.90770503133535 -4.21953142434359 -4.13731602579355 -4.40835946425796 -5.04125715792179 -5.25875474512577 -5.43808580935001
-5.32985074818134 -4.9665469378233 -4.778409935534 -4.66860601305962 -4.57130249775946 -4.48349888110533 -4.39269514381886 -4.24372463673353 -4.49263954674825 -4.56943975016475 -4.54123989120126 -4.82320667803288 -5.28467345237732 -6.19883179664612 -5.53827384114265 -5.24040740728378 -4.81470763683319 -5.58839553594589 -5.39049458503723 -4.67132961004972 -4.36711265146732 -4.09371796250343 -4.22865673433989 -2.4552755355835 -1.60592347383499 -1.71790456771851 -1.94855237007141 -2.12270045280457 -2.0035148859024 -2.21832951903343 -3.37299945950508 -3.42213314771652 -4.32338161766529 -5.28194518387318 -5.42900903522968 -5.36540588736534 -5.08596954494715 -5.01970025151968 -5.15793059766293 -5.33032782375813 -5.46689130365849 -4.78854370117188 -4.3175799800083 -4.64661626517773 -4.92251491546631 -5.2962963283062 -5.07937055826187 -5.67176085710526
-4.92861775308847 -4.9018776640296 -4.84180431813002 -4.9303971529007 -4.88065674155951 -4.75224976614118 -4.59200964367483 -4.48426929116249 -4.67827254533768 -4.97951838374138 -5.09043130278587 -5.19884407520294 -5.44059005379677 -5.94837376475334 -6.29019764065742 -6.26235494017601 -6.02867931127548 -6.06733670830727 -5.60732746124268 -5.13398490846157 -4.58032170683146 -4.11321232095361 -3.93861630558968 -3.03692802786827 -1.90007299184799 -2.79816022515297 -3.23535946011543 -3.68096917867661 -3.97054004669189 -2.86726215481758 -3.25449049472809 -3.27118968963623 -4.23259200528264 -5.53036388754845 -5.2786358743906 -5.42390784621239 -5.59501332044601 -4.82018966972828 -4.82931062579155 -5.6526617705822 -5.44026710093021 -5.17837263643742 -4.70329511910677 -4.88474985957146 -5.24000385403633 -5.54072371125221 -6.02763569355011 -6.27843609452248
-4.74471839144826 -4.86120796948671 -4.84819801896811 -4.90302104502916 -4.78467772901058 -4.76300086639822 -4.64865735173225 -4.79031418636441 -5.0847382992506 -5.21659731864929 -5.74872341752052 -6.02721416950226 -6.45720484852791 -6.42752903699875 -6.22201970219612 -6.28184324502945 -5.96700096130371 -5.91815862059593 -5.83431577682495 -5.80513995885849 -5.57528495788574 -4.41958470642567 -4.62205081060529 -2.94182832539082 -2.38055580854416 -2.75128373503685 -3.74974858760834 -3.59488147497177 -2.89663380384445 -2.8885278403759 -3.49892240762711 -3.68215022236109 -4.40546904318035 -4.68194910651073 -5.42309586703777 -6.12240931391716 -5.82572293281555 -5.24870272725821 -5.59534953534603 -5.64349615573883 -5.41630929708481 -4.82513765245676 -5.13117696344852 -5.61624965071678 -5.84200698137283 -6.21404179930687 -6.28674283623695 -5.99411118030548
-5.12115216255188 -4.99337224662304 -5.04575883597136 -5.26764523983002 -5.0066989287734 -4.89875218272209 -4.88913872465491 -4.88235870376229 -5.15553779900074 -5.28067594766617 -5.63471169769764 -5.813202470541 -5.98252636194229 -5.97685098648071 -6.05734121799469 -6.35233217477798 -5.96998918056488 -6.0821470618248 -6.47497087717056 -6.643295109272 -6.06190696358681 -5.18463969230652 -5.32387262582779 -3.13702112436295 -2.6360387802124 -2.53788989782333 -2.76374077796936 -3.04625874757767 -3.83393692970276 -3.88900321722031 -5.12706954777241 -5.84213608503342 -5.54167954623699 -5.13270147889853 -5.60522317886353 -5.61257755756378 -5.49476578831673 -5.43028738349676 -5.36097545549273 -5.52383065968752 -5.46685171872377 -5.61487321555614 -5.74406152963638 -5.96574974060059 -6.09981170296669 -6.04158133268356 -5.95118364691734 -5.81445300579071
-5.51725287735462 -5.49820275604725 -5.56281936168671 -5.56776957213879 -5.32005307078362 -5.19933667778969 -5.15195341408253 -5.37176918238401 -5.62105233967304 -5.83937610685825 -5.98536691069603 -6.09369102120399 -5.98884811997414 -5.77767254412174 -5.678496286273 -5.5296538323164 -5.81197771430016 -6.36680206656456 -6.56679230928421 -6.16728353500366 -5.43302857875824 -5.65286162495613 -5.11619482934475 -3.15021413564682 -3.85252769291401 -4.06852741539478 -2.93697047233582 -3.76936000585556 -4.09269347786903 -3.17189309000969 -4.1185260117054 -4.94969238369958 -5.28922388702631 -5.46945326030254 -5.45884967595339 -5.46707933396101 -5.49730900675058 -5.52053852379322 -5.55826810747385 -5.59666483849287 -5.71272733807564 -5.73445743322372 -5.77685353159904 -5.80724984407425 -5.96678319573402 -6.101453602314 -5.85595743358135 -5.7652949243784
-5.46585288643837 -5.55053293704987 -5.57487992942333 -5.62472695112228 -5.61257386207581 -5.38008750975132 -5.20326793193817 -5.17594829946756 -5.26330322027206 -5.8568644374609 -5.88518849015236 -5.98684585094452 -5.99767005443573 -6.10716080665588 -6.24831819534302 -6.31497526168823 -5.91046631336212 -5.51012359559536 -5.38561457395554 -5.23943834751844 -5.12715063989162 -5.19508368521929 -4.77901700418442 -3.85407394170761 -3.39867115020752 -3.52676896750927 -3.61953313648701 -3.71463070809841 -3.60722830891609 -3.28915920853615 -3.63058987259865 -3.84285420179367 -4.73360094428062 -5.09537194576114 -5.43230972439051 -5.49374789744616 -5.56851878017187 -5.63795671612024 -5.70139419287443 -5.78249856084585 -5.87643648684025 -5.91570752859116 -5.88064543902874 -5.95524998009205 -5.8867546916008 -5.90315981209278 -5.83023139834404 -5.02812929451466
-5.53795337677002 -5.70653063058853 -5.80060756206512 -6.29292966425419 -5.57126151025295 -5.44350530207157 -5.38391582667828 -5.44032618403435 -5.88769575953484 -5.420245423913 -5.45738789439201 -5.98283456265926 -5.97349192202091 -5.97198259830475 -5.94430653750896 -5.91129726171494 -5.93895500898361 -6.00127908587456 -5.57519665360451 -5.287672534585 -4.97660449147224 -4.67549209296703 -4.30554606765509 -4.43226689565927 -4.43915444705635 -4.30870846915059 -4.07426270842552 -4.78217186778784 -4.19220419228077 -4.03675836324692 -5.03093867748976 -5.098638497293 -5.18431162834167 -5.19462410360575 -5.28510318463668 -5.50524904334452 -5.7047284245491 -5.80304098129272 -5.87568672001362 -5.91899961233139 -5.95114558935165 -5.97262482345104 -5.91777057945728 -5.94608338177204 -5.17978104948997 -6.01321458816528 -5.98131832480431 -5.89192220568657
-5.3799734711647 -5.46331681311131 -5.49566006660461 -6.32107520103455 -5.57851350307465 -5.48352375626564 -6.20404073596001 -5.5320435911417 -5.94869914650917 -5.96705533564091 -6.38197149336338 -6.11526754498482 -6.06362365186214 -6.08347970247269 -6.19716948270798 -6.27202573418617 -5.87978073954582 -6.14157122373581 -6.02709412574768 -5.96828342974186 -5.82939025759697 -5.58208054304123 -5.28477075695992 -4.5912628415972 -5.13848454225808 -5.00467518594814 -5.00419879332185 -5.3137221224606 -5.36874624341726 -5.32843634579331 -5.27945990301669 -5.44365055393428 -5.46266674995422 -5.60517632216215 -5.63035267405212 -5.60836241644574 -5.76120549812913 -5.90288165956736 -5.98939158022404 -5.97023434937 -5.98274403065443 -6.03225379437208 -6.80282619595528 -5.27198487520218 -5.96529617905617 -5.83927991986275 -5.71393020823598 -6.55977973341942
-5.58024659752846 -5.59705893695354 -5.57637169957161 -5.52018411457539 -5.49149656295776 -5.30447558313608 -5.46203944087029 -5.62935101240873 -5.93371716141701 -6.09647050499916 -6.19539126753807 -6.18764509260654 -6.52970135211945 -6.33531937003136 -6.38140645623207 -6.40099313855171 -6.30241379141808 -6.2311674952507 -6.15158826112747 -6.15900832414627 -5.68971684575081 -5.33649861812592 -4.96228028088808 -4.96756210178137 -4.88467644900084 -5.27619183436036 -5.21726266597398 -5.38000021874905 -5.55307138711214 -5.49080901406705 -5.57754663564265 -5.6979507394135 -5.69400059059262 -5.80402967333794 -5.86489178240299 -5.86942077055573 -5.85911631584167 -5.95431175455451 -6.05017422139645 -5.2463019862771 -5.94881445914507 -5.84862811490893 -6.67012442648411 -5.75492279790342 -5.69313858449459 -5.42258955910802 -5.42287432774901 -5.25365906953812
-5.61018612980843 -5.59680153429508 -5.58908307552338 -5.62919783592224 -5.56364621222019 -5.35426127910614 -5.52521395683289 -6.02181131765246 -5.88190201669931 -6.11838652193546 -6.26303803920746 -6.29335603117943 -6.23817412555218 -6.2686585187912 -6.27664339542389 -6.31129440665245 -6.28327956795692 -6.28543043136597 -6.28708192706108 -6.26573318243027 -6.23095142841339 -6.03556933999062 -5.42535734176636 -5.44052718579769 -5.22203050553799 -5.03070034086704 -4.85437018424273 -4.81253995746374 -5.66723001748323 -5.67134809494019 -5.70013288408518 -5.77241764217615 -5.83733419328928 -5.86654916778207 -6.00459728389978 -5.25873055309057 -6.00636052712798 -6.06174183450639 -6.14829029887915 -5.36869329959154 -6.07257739454508 -5.97613307833672 -5.78135517239571 -5.66541065834463 -5.44814801216125 -5.67873286176473 -5.89631808549166 -5.56823668815196
-5.70029279589653 -5.70904341340065 -5.66412760317326 -5.67987862229347 -5.65512938797474 -5.64637996256351 -5.55429756641388 -5.60104821622372 -5.64709894359112 -6.20296920835972 -6.28401792049408 -6.25273349881172 -6.29544904828072 -6.31233130395412 -6.3372136503458 -5.79588121175766 -5.84006434679031 -5.85258105397224 -5.87359789013863 -5.83161440491676 -5.83931836485863 -5.69754338264465 -6.03989601135254 -5.38915964961052 -5.28188435733318 -5.2464425265789 -5.16933405399323 -5.1683923304081 -5.21961714327335 -5.15417541563511 -5.15006682276726 -5.17062480002642 -5.99600152671337 -5.15497343987226 -6.05996987968683 -6.14170403033495 -6.18710476160049 -6.20133893191814 -6.22173985466361 -6.17514050006866 -5.87767317891121 -5.90663732215762 -5.8066011168994 -4.53372987173498 -4.36329227685928 -5.8235430624336 -6.0165952667594 -5.99981495738029
-5.66023297607899 -5.68495282530785 -5.68483918905258 -5.75839254260063 -5.75027912855148 -5.75449866056442 -5.79488511383533 -5.89810535311699 -5.87098336219788 -5.82168547809124 -6.30233150720596 -6.32027791440487 -6.41822424530983 -6.44600442051888 -6.46811756491661 -5.97506767511368 -6.45084348320961 -6.43095675110817 -6.4412367939949 -6.40768304467201 -5.77478566765785 -5.69223210215569 -5.60451185703278 -5.51379162073135 -5.39223812520504 -5.27068474888802 -5.22029793262482 -5.97683453559875 -6.06438060104847 -5.25597070157528 -6.08880610018969 -6.17035220563412 -6.16733504831791 -5.36703110486269 -6.24517537653446 -6.30459551513195 -6.3225157186389 -6.37310256808996 -6.4090224057436 -6.41194254159927 -6.17710288614035 -6.0731416195631 -4.85875955969095 -4.77871131524444 -5.84733301401138 -5.65068609640002 -6.51496747136116 -5.51522602140903
-5.85333925485611 -5.79969456791878 -5.82038381695747 -5.79123988747597 -5.79376208782196 -6.33281698822975 -6.40007081627846 -6.00716251134872 -6.48995676636696 -6.39580056071281 -6.35097800195217 -6.4088220000267 -6.47416600584984 -6.49417662620544 -6.49802094697952 -6.4821982383728 -6.50420889258385 -6.49521967768669 -6.50073027610779 -6.39874121546745 -5.78308638930321 -5.63175441324711 -5.513089209795 -6.07073935866356 -5.3319256156683 -5.36842711269855 -5.33859492838383 -5.39992989599705 -5.30643105506897 -6.06996574252844 -6.13022577017546 -6.14715230092406 -6.27050208300352 -6.39360809326172 -6.40054780244827 -6.35432022064924 -6.40425983071327 -6.47419926524162 -6.410305313766 -7.06446298956871 -7.07302559912205 -6.11464636772871 -6.96281775832176 -6.8883804269135 -5.88384213065729 -5.70749588310719 -5.42315004765987 -5.63680419325829
-5.88894560933113 -5.88593721389771 -5.9115951359272 -5.95275339484215 -5.90757849812508 -6.40967285633087 -5.8573944568634 -6.49065139889717 -6.41730812191963 -6.35871678590775 -6.50445809960365 -6.56469982862473 -6.62260809540749 -6.65634962916374 -6.61142456531525 -6.54749935865402 -6.51057434082031 -6.43498247861862 -6.43639087677002 -6.33696582913399 -5.7063869535923 -6.31588101387024 -6.29318794608116 -6.27549535036087 -5.3511124253273 -5.29416918754578 -6.18825054168701 -6.24122416973114 -6.29369781911373 -6.12890630215406 -5.76051905751228 -5.75329810380936 -6.94682263955474 -6.39412799477577 -6.41108645498753 -8.18766482546926 -4.65877561736852 -8.12201398611069 -7.02309000492096 -8.0971964802593 -7.06452418863773 -7.07965332269669 -7.11144945025444 -6.97941205650568 -6.91016818210483 -6.67138442769647 -5.49859399348497 -5.79154857993126
-5.9938853085041 -5.91001260280609 -5.94797331094742 -5.95560067892075 -5.88822785019875 -5.85318875312805 -6.64788529276848 -6.41931119561195 -6.40915977954865 -6.48646560311317 -6.64910480380058 -6.66124412417412 -6.60138320922852 -6.58968931436539 -6.55516165494919 -6.47180065512657 -6.37893974781036 -6.36057887971401 -6.35588507354259 -6.2300242036581 -6.21418786048889 -6.12487567961216 -6.09572979807854 -5.29635497927666 -5.93371963500977 -5.76454323530197 -5.92514766508248 -5.773023490794 -6.05085662379861 -5.56950394436717 -5.50414020568132 -6.82935111969709 -6.92912245169282 -7.03377757966518 -5.79713973775506 -5.86323706433177 -5.99200118583394 -7.26472961902618 -7.20155126368627 -7.09953947737813 -8.14399249851704 -8.07624549232423 -5.85291944071651 -5.79701733589172 -6.67896676808596 -6.49848401546478 -6.93310341238976 -7.09241752326488
-5.95082518458366 -5.89775514602661 -5.79551813006401 -6.34312954545021 -6.60991543531418 -6.7396634221077 -6.4665943980217 -6.43197137117386 -6.38717821240425 -6.53138133883476 -6.61125147342682 -6.6377882361412 -6.53765839338303 -6.50586181879044 -6.53006517887115 -6.54393503069878 -6.35213853418827 -6.27184180915356 -6.36621224880219 -5.77076506614685 -5.74048829078674 -5.62315465509892 -5.57215458154678 -6.27534031867981 -6.28290849924088 -6.38764335215092 -7.03988911956549 -8.01426147297025 -5.78673312067986 -6.66547436267138 -7.08514424599707 -6.52488699555397 -8.29337676614523 -6.44350048154593 -8.17720672115684 -6.66216164827347 -8.4635367244482 -8.50795169174671 -8.43886645138264 -8.3794484436512 -8.37319660931826 -7.18211689591408 -7.11304621770978 -7.00564187765121 -5.79020262882113 -5.50159256160259 -6.52323437482119 -6.61738544330001
-5.84676516056061 -6.61331371963024 -6.66770493984222 -6.88076263666153 -6.7583204805851 -6.70987847447395 -6.50126856565475 -6.8393275141716 -6.75651013851166 -6.5194638967514 -6.62006452679634 -6.60216602683067 -9.40389248728752 -9.33279380202293 -9.2453615963459 -6.37723676860332 -6.3531708419323 -6.35643823444843 -6.54003939032555 -5.88136205077171 -6.43458217382431 -5.69634366035461 -6.4191467165947 -6.38692943751812 -6.3078779950738 -6.27082712948322 -6.253442812711 -6.18755808938295 -6.75873389840126 -7.80838303640485 -8.14706221967936 -6.50752100348473 -6.50467029213905 -6.46751998364925 -8.3392730653286 -9.45455785095692 -9.47278895974159 -9.54218721389771 -6.672936424613 -8.35865762084723 -8.37406779080629 -7.22768191993237 -7.17651132494211 -7.02833965420723 -5.74787850677967 -6.86825042963028 -6.99237740412354 -6.896504342556
