data/spatiotemp/temp4/bio9_norsw_test_2015_2018.asc
NCOLS 654 
NROWS 380 
XLLCORNER 3.91666666666667 
YLLCORNER 55.3333333333333 
CELLSIZE 0.0416666666666667 
NODATA_value -9999 
[rows 110 to 131 of 380, columns 288 to 335 of 654]
-3.22438980638981 -2.65592613816261 -2.38829588890076 -2.52416577935219 -2.75953567028046 -2.72557207942009 -2.48027512431145 -2.31614485383034 -2.00934806466103 -1.60171806067228 -1.66575430333614 -2.54254864901304 -3.05679167248309 -4.18782999366522 -4.2179963067174 -4.23866310715675 -4.47366313636303 -4.73866312205791 -4.64466327428818 -4.45249651372433 -4.43110063672066 -4.38347528874874 -4.41718329489231 -4.27905780076981 -3.88959937822074 -2.00794526934624 -2.99969711899757 -6.27225585794076 -8.33130070567131 -8.35492363572121 -7.75168120861053 -7.77200013399124 -7.93846920132637 -8.01642057299614 -8.00237223505974 -8.00899070501328 -8.03360906243324 -8.02889409661293 -7.77651244401932 -7.3844638466835 -7.20991593599319 -7.11503410339355 -7.26131927967072 -7.43893748521805 -7.59176301956177 -7.58912879228592 -7.66766136884689 -7.90352755784988
-5.22107285261154 -4.26081961393356 -4.16045209765434 -3.83070803189185 -3.26629719138145 -2.88155326247215 -2.55864262580872 -2.46206513047218 -2.14037382602692 -1.68773467093706 -1.72242901474237 -1.81245656311512 -2.82716430351138 -2.82216353714466 -2.56866282224655 -2.70166189223528 -2.94149472319987 -3.86375297605991 -3.82595487916842 -3.92432359792292 -3.91894590854645 -4.01048834994435 -4.1560305133462 -4.26673965901136 -4.35611538589001 -4.25215760618448 -3.48202684521675 -3.12803760170937 -2.92738164961338 -7.53882628679276 -7.52665418386459 -7.58531546592712 -7.77263307571411 -7.91827338933945 -7.91974711418152 -7.87288790941238 -7.86052852869034 -7.96366888284683 -8.05864256620407 -7.96811676025391 -7.62875729799271 -10.5442028045654 -10.5877301692963 -10.7265911102295 -10.8765652179718 -7.50507426261902 -7.53001368045807 -7.78678572177887
-5.7069965004921 -5.34008583426476 -5.1415086388588 -4.98443177342415 -4.92752125859261 -3.94586788490415 -3.7776767667383 -3.62631886452436 -3.17189925909042 -2.41908478736877 -2.14360350370407 -1.84078901261091 -1.85514077544212 -1.83849296718836 -2.19638130068779 -2.27313659340143 -2.55355851352215 -3.69467554613948 -3.6497465223074 -3.5083177536726 -2.7719901278615 -2.70827335491776 -2.75472304597497 -2.93500638008118 -3.09762293100357 -3.16423979401588 -8.37997610494494 -8.46690580993891 -7.78412103652954 -7.45945733785629 -7.27262741327286 -7.34029698371887 -7.61946362257004 -7.71879249811172 -7.68362212181091 -7.71695148944855 -7.76728111505508 -7.79461014270782 -7.73327314853668 -7.69076925516129 -7.61826515197754 -10.8525404930115 -10.8400273323059 -10.8688476085663 -10.8931412696838 -7.5141858458519 -7.42219853401184 -7.48654425144196
-3.42237382382154 -4.11922608315945 -3.26509757339954 -3.04429243505001 -3.18482086062431 -3.43301592767239 -3.40554431080818 -3.39640583097935 -3.19925828278065 -3.44804177433252 -2.88994482159615 -3.15773158147931 -2.98057628190145 -2.97958795231534 -2.77643282711506 -2.65794450044632 -2.68962273001671 -1.93401353061199 -2.94508251547813 -2.83002043515444 -2.75251758098602 -2.75007342547178 -1.46199266705662 -2.45168510638177 -5.0827941223979 -5.03977778740227 -7.27771925926208 -7.47873133420944 -7.71374380588531 -7.6022555232048 -7.52510017156601 -7.56944578886032 -7.63162750005722 -7.66681218147278 -7.77749699354172 -7.73051518201828 -7.62586659193039 -7.59071803092957 -7.62456983327866 -7.65775513648987 -7.68460667133331 -10.8888781070709 -10.8289904594421 -10.830436706543 -10.9223837852478 -10.9554977416992 -10.1746866703033 -10.021012544632
-2.53959122300148 -2.22267235815525 -2.04542025923729 -2.39200153946877 -2.26824927330017 -2.33766373991966 -2.06241169571877 -2.04665957391262 -2.21595050394535 -2.41595166921616 -2.7609526515007 -3.10045340657234 -3.22344928234816 -3.23955002427101 -3.21881774812937 -4.11673731356859 -4.12304583191872 -4.07935455441475 -4.09049652144313 -4.15647184103727 -4.09448222070932 -3.4215399324894 -3.22953520715237 -5.55201146006584 -5.21910682320595 -5.08020204305649 -7.37632447481155 -7.28567850589752 -7.15286600589752 -7.08438646793365 -7.13157379627228 -7.30042725801468 -7.45612466335297 -7.34499806165695 -7.49637198448181 -7.59491229057312 -7.58061951398849 -7.65832662582397 -7.70620012283325 -7.67974060773849 -10.8904764652252 -10.7605483531952 -10.6599538326263 -10.7833595275879 -10.844292640686 -10.8467528820038 -7.53490179777145 -10.1587001085281
-3.73614145314787 -3.47327543050051 -2.92840957641602 -2.61521020531654 -2.49201089143753 -2.31947842240334 -1.91277910768986 -1.83907999098301 -1.76330952346325 -1.68480171263218 -1.79746043682098 -1.90645270049572 -1.99144457280636 -2.36293676495552 -4.13791156560183 -4.11042255908251 -4.02526664733887 -3.97111057303846 -3.98145485855639 -4.08613226935267 -4.10249426215887 -3.52850672602654 -4.16242007166147 -6.66830328851938 -6.71895524859428 -5.81895950436592 -7.60609644651413 -7.45462554693222 -7.498988032341 -7.43901717662811 -7.33587956428528 -7.25057607889175 -7.17345499992371 -7.01368451118469 -7.04058057069778 -7.22997617721558 -7.41020536422729 -7.61726832389832 -7.75566357374191 -11.4378278255463 -11.4289402961731 -11.0322194099426 -7.76174747943878 -10.8229494094849 -10.8588690757751 -10.7240080833435 -10.7764806747437 -10.8429539203644
-4.94033931195736 -4.13654544949532 -3.6225656606257 -3.76258617267013 -5.23750579357147 -5.22762617468834 -5.0220799446106 -3.74666691571474 -3.82183517888188 -3.11815202236176 -2.6326350569725 -2.17945173382759 -1.68076823651791 -1.59041817858815 -1.80940143018961 -1.73721803724766 -2.93004028499126 -3.69136683642864 -3.73974649142474 -3.90445962548256 -3.93183960951865 -5.79910969734192 -5.72209502756596 -5.74524712562561 -5.80023211240768 -5.71255066990852 -7.75353491306305 -7.61407262086868 -7.61377710103989 -7.53014826774597 -7.43701976537704 -7.48122441768646 -7.4659520983696 -7.40820372104645 -7.03328895568848 -6.89037328958511 -7.06545782089233 -7.24470949172974 -7.45146107673645 -7.6663790345192 -7.77663040161133 -7.85704839229584 -7.81179982423782 -10.7992060184479 -10.7567777633667 -10.0327799320221 -10.7164154052734 -10.8315675258636
-3.27224238216877 -3.12531539797783 -2.87572175264359 -3.16879484057426 -3.02336797118187 -3.06660789251328 -3.05334746837616 -2.99292063713074 -3.0241941511631 -2.9966684281826 -2.98464289307594 -2.71195077896118 -2.33042499423027 -2.2908992767334 -2.37037387490273 -1.86584812402725 -1.67798896878958 -1.64312993735075 -3.98451380431652 -2.83421128988266 -5.59099046885967 -5.50458735227585 -5.45868436992168 -7.70299971103668 -7.72987985610962 -7.65259301662445 -7.54864007234573 -7.48035305738449 -7.52839946746826 -7.50561267137527 -7.45149284601212 -7.52637302875519 -7.54661643505096 -7.50189000368118 -7.46316337585449 -7.40027022361755 -7.12137734889984 -6.84481763839722 -6.88125795125961 -10.3769924640656 -7.52430498600006 -10.784893989563 -7.69068557024002 -10.7267954349518 -10.6820199489594 -10.5725183486938 -10.6370170116425 -10.028595328331
-3.49106439948082 -2.95806619524956 -2.72173458337784 -2.98040306568146 -3.0309049487114 -2.9312399327755 -2.80990806221962 -2.84907665848732 -2.7556566298008 -2.75198143720627 -2.65830671787262 -2.62246471643448 -2.7834564447403 -2.98228132724762 -3.74904617667198 -3.92354166507721 -3.75036990642548 -2.43291440606117 -2.09707263112068 -5.66051191091537 -5.57254910469055 -6.62919819355011 -6.51050460338593 -7.52099961042404 -7.4333022236824 -7.49360471963882 -7.55824077129364 -7.56737595796585 -7.63817876577377 -7.61514782905579 -7.52228373289108 -7.43475288152695 -7.50471985340118 -7.54668509960175 -7.44181644916534 -7.46611469984055 -7.29624611139297 -6.9763777256012 -6.70117557048798 -6.68597412109375 -6.91960543394089 -7.03407043218613 -10.2814104557037 -10.4673392772675 -10.4679369926453 -9.90457916259766 -10.6971380710602 -10.0528380870819
-2.76332554221153 -2.96696528792381 -3.20160450041294 -3.15741051733494 -4.15356449782848 -5.0813547372818 -5.01507776975632 -4.35437504947186 -2.87972232699394 -2.61275732517242 -2.52779239416122 -2.62299397587776 -2.8320289850235 -3.88883590698242 -3.72317808866501 -2.56796750426292 -3.49202856421471 -3.53637075424194 -3.51987951993942 -3.54788801074028 -3.37948483228683 -5.79859733581543 -5.61356024444103 -6.45664322376251 -7.5358926653862 -7.5933650135994 -7.66883707046509 -7.65380942821503 -7.53894823789597 -7.53275382518768 -7.63989245891571 -7.39003151655197 -7.33259695768356 -7.43575555086136 -7.45224744081497 -7.47040605545044 -7.4495644569397 -7.38388973474503 -7.34104806184769 -6.97920656204224 -6.75503218173981 -6.67302376031876 -6.54201573133469 -6.65117418766022 -6.8044399023056 -7.06864559650421 -10.6174461841583 -9.93713545799255
-3.44341978430748 -2.69236353039742 -2.22147430479527 -2.30291813611984 -2.85636204481125 -4.10130420327187 -4.44968198984861 -4.5307265073061 -4.40817648917437 -4.32603205740452 -2.71927812695503 -2.81635650992393 -4.01209875941277 -4.67230868339539 -4.10497623682022 -3.94199860095978 -2.66108214855194 -3.50854313373566 -3.32973179221153 -3.22958701848984 -3.17649134993553 -5.76577788591385 -5.87716987729073 -6.75330895185471 -6.59823948144913 -7.54362469911575 -7.51109999418259 -7.49890851974487 -7.44655060768127 -7.33052611351013 -7.45633482933044 -7.32080984115601 -7.31597375869751 -7.40565943717957 -7.44234490394592 -7.3870302438736 -7.29854953289032 -10.6768081188202 -7.36508727073669 -10.4813168048859 -7.21595811843872 -9.52810919284821 -6.7111628651619 -6.58101457357407 -6.56525194644928 -6.80454134941101 -8.69359004497528 -8.70959067344666
-3.20284746587276 -2.98842909932137 -2.82934394478798 -2.08392567932606 -1.64400723576546 -2.56625524163246 -3.98714774847031 -4.1259109377861 -4.42006064206362 -4.30542932450771 -4.16029864549637 -3.24205231666565 -3.09284102916718 -2.85229617357254 -2.57608452439308 -3.53147724270821 -3.52217951416969 -3.50288170576096 -3.50375074148178 -5.938256919384 -5.7809707224369 -5.67829172313213 -5.91511237621307 -5.92143398523331 -5.90925472974777 -7.88371777534485 -7.75103026628494 -7.52000826597214 -7.35798674821854 -7.29379820823669 -7.40027683973312 -7.35442173480988 -7.2736839056015 -7.24322986602783 -7.12844216823578 -7.18115544319153 -7.05253422260284 -6.93591356277466 -6.91729265451431 -10.1701624393463 -7.10121774673462 -10.2873301506042 -9.5010244846344 -9.51974582672119 -9.44305288791656 -6.6989364027977 -9.77006244659424 -8.29041004180908
-3.46377515047789 -2.89732772111893 -2.28321379423141 -2.49926635622978 -2.39115235209465 -1.41403820924461 -1.60942429304123 -2.32547697424889 -3.81877812743187 -4.26182714104652 -4.23704293370247 -4.3689254373312 -4.38764142990112 -4.27719058096409 -4.14807307720184 -4.00078895688057 -2.96740779280663 -3.97588726878166 -4.04293662309647 -3.99481907486916 -3.8336715400219 -5.9646390080452 -5.73622205853462 -5.66447195410728 -5.80672213435173 -5.79863888025284 -7.90895992517471 -7.91294103860855 -7.71275556087494 -7.30990380048752 -7.32955223321915 -7.34470021724701 -7.25989431142807 -7.21846747398376 -7.1080402135849 -7.18761277198792 -7.19368594884872 -7.0945919752121 -10.2270956039429 -10.2930090427399 -9.64076733589172 -6.9632169008255 -6.8714565038681 -6.80869626998901 -9.37725424766541 -9.22112381458282 -8.1362292766571 -8.10222935676575
-4.25420808047056 -3.32139310240746 -2.46391686797142 -2.09510733187199 -2.3084642291069 -1.92815487086773 -1.08401150815189 -1.6815354898572 -2.25081826746464 -3.71655815839767 -3.72062078118324 -3.94935017824173 -4.10674604773521 -4.11964231729507 -4.07553833723068 -4.01576781272888 -4.00499680638313 -3.8538930118084 -3.88612228631973 -4.02351835370064 -4.0470115840435 -3.93126863241196 -3.82335904240608 -6.02734413743019 -6.84492254257202 -5.47053541243076 -6.63948804140091 -7.79520744085312 -7.67919188737869 -7.49684298038483 -7.19816100597382 -7.45247864723206 -7.43860483169556 -7.30870449542999 -7.19313770532608 -7.16223806142807 -10.4507932662964 -9.68490970134735 -10.3346126079559 -6.97497069835663 -10.4264309406281 -6.88767039775848 -6.57677018642426 -6.47220396995544 -5.41028249263763 -5.38930785655975 -8.10621500015259 -8.23604869842529
-2.18229702115059 -2.38629204034805 -2.34528675675392 -2.05261491239071 -1.76460960507393 -1.59543775767088 -0.958432484418154 -1.12542713060975 -1.52771717682481 -1.69680275022984 -1.79772152751684 -2.03647355735302 -2.33822530508041 -2.61681085824966 -3.72333669662476 -3.77007946372032 -3.84282243251801 -3.83206510543823 -3.70697471499443 -3.60705116391182 -3.58918491005898 -3.5930435359478 -6.03827446699142 -5.97604933381081 -5.83849066495895 -5.63726562261581 -6.4890062212944 -7.51630693674088 -7.39879405498505 -7.27528238296509 -7.14660322666168 -7.40892368555069 -7.50581485033035 -7.40660834312439 -7.3484018445015 -9.70708286762238 -9.58949446678162 -9.72940564155579 -9.52365016937256 -9.56939458847046 -10.3859398365021 -9.48671734333038 -9.81241750717163 -9.53832268714905 -6.29083502292633 -6.28395664691925 -5.39047682285309 -8.1428679227829
-2.72722482681274 -2.67419052124023 -2.6141562461853 -2.48662233352661 -2.2282547056675 -1.66305414587259 -1.52351992949843 -1.48315249755979 -1.06211630813777 -1.14691179990768 -1.72087401896715 -1.80300255119801 -1.90379829704762 -1.85092696547508 -1.82905565947294 -1.96035116910934 -3.19514772295952 -3.23790411651134 -3.42316049337387 -3.5044170320034 -5.96430990099907 -3.32781836390495 -5.61455103754997 -5.71625459194183 -5.69162473082542 -5.68099531531334 -7.71808207035065 -7.58173936605453 -6.37033772468567 -7.21005427837372 -7.1242116689682 -7.23953610658646 -7.34319162368774 -7.38201212882996 -7.27583283185959 -10.4292738437653 -10.2765090465546 -10.1310768127441 -9.41865372657776 -10.0868802070618 -10.1614482402802 -10.0866832733154 -8.284996509552 -9.83048677444458 -9.51740908622742 -5.28538191318512 -5.41295385360718 -8.15068733692169
-2.93865218758583 -3.88985823094845 -3.9453821927309 -4.05373919010162 -3.2257334291935 -2.77483704686165 -2.39060720801353 -2.33604425191879 -2.06668198108673 -1.4323541559279 -1.10635985154659 -1.11586514115334 -1.47337073087692 -1.815709464252 -1.65704837441444 -1.72238717228174 -2.91910839080811 -3.87809246778488 -2.88062046468258 -5.56294311583042 -5.7038951665163 -5.55719415843487 -6.45800191164017 -6.38780373334885 -6.41177225112915 -6.37857431173325 -6.40937584638596 -6.32117795944214 -6.2693127989769 -7.43949347734451 -7.3788206577301 -7.33331453800201 -9.79826414585114 -9.70535743236542 -10.3749041557312 -10.3274683952332 -10.2713661193848 -10.187931060791 -10.1778287887573 -10.2603929042816 -10.2976241111755 -10.1761887073517 -10.0954196453094 -8.20610129833221 -9.55199980735779 -8.50747287273407 -8.2038402557373 -8.35217356681824
-2.14774677157402 -2.44232138991356 -2.15406262874603 -2.3443041741848 -2.4793786406517 -2.69228655099869 -2.74252805113792 -2.58543583750725 -2.48608088493347 -2.39962980151176 -2.19017907977104 -1.6935610473156 -1.26560986787081 -1.06465869396925 -2.30766579508781 -2.36978134140372 -2.51239670068026 -3.77022391557693 -3.72408717870712 -5.28524711728096 -6.55837851762772 -5.46704162657261 -6.60443937778473 -6.55913656949997 -5.43122667074203 -6.50669729709625 -6.48156094551086 -5.29791212081909 -7.36910218000412 -7.21959942579269 -7.29442918300629 -7.33259320259094 -7.37027895450592 -7.33748638629913 -7.23419451713562 -9.59019196033478 -10.2115576267242 -9.45639383792877 -10.1060116291046 -10.2065720558167 -10.2757997512817 -10.1876935958862 -10.0629205703735 -8.14335691928864 -8.61465692520142 -8.78356409072876 -8.42849338054657 -8.39599299430847
-1.48350758478045 -1.44905343651772 -1.63926569372416 -1.57614484429359 -1.46802393719554 -1.64723611623049 -2.01461507380009 -2.13332770764828 -2.29181337356567 -2.42223891615868 -3.37200945615768 -2.42659011483192 -2.26234930753708 -2.0466084331274 -1.74753398448229 -1.3544595502317 -5.03116971254349 -3.57735556364059 -6.21161377429962 -6.2236955165863 -6.23369199037552 -8.8269122838974 -8.71293687820435 -6.09113532304764 -6.08256113529205 -6.24165332317352 -5.29234243929386 -6.34550452232361 -6.25593024492264 -6.03985607624054 -5.9614485502243 -7.19837146997452 -7.25582242012024 -7.33405709266663 -10.5379681587219 -10.4691917896271 -10.3064148426056 -10.1776375770569 -9.39149880409241 -8.18167674541473 -10.0886416435242 -10.0071983337402 -8.35487854480743 -8.22227907180786 -8.22214591503143 -8.22981286048889 -8.32681214809418 -9.0567319393158
-1.57593531161547 -1.54611892998219 -1.45046891272068 -1.38548563607037 -1.40450246073306 -1.1611859165132 -1.04020264185965 -1.34155265754089 -1.77937917411327 -2.00301465392113 -2.10198387503624 -3.11939787864685 -3.16720786690712 -3.19735157489777 -2.24402657151222 -3.22997219860554 -3.06194937229156 -2.99375979602337 -6.79489570856094 -6.63477865606546 -7.75196081399918 -7.77563410997391 -7.73947328329086 -7.53681203722954 -7.43931806087494 -8.5051611661911 -7.16782966256142 -8.36155471205711 -8.46724298596382 -7.31368094682693 -8.44561964273453 -9.69788157939911 -8.55881109833717 -10.5069472789764 -10.4668328762054 -10.4773864746094 -10.4006056785583 -8.55536317825317 -8.98076713085175 -8.12975323200226 -9.99215030670166 -10.0340366363525 -9.00895988941193 -9.00059163570404 -8.92340898513794 -8.12263178825378 -8.22979843616486 -8.31529867649078
-3.23548075556755 -2.30070567131042 -2.1640467941761 -1.89638774096966 -2.01239562034607 -1.85557019710541 -1.29157833883073 -1.02125279977918 -1.38660545181483 -1.77263627201319 -1.78149997442961 -1.57569717615843 -1.49322783946991 -1.81109144538641 -1.82378904521465 -1.83581939339638 -2.99695618450642 -2.96930833160877 -5.57174701988697 -6.50914967060089 -7.81222611665726 -7.8234915137291 -7.76192337274551 -7.55118834972382 -7.39228677749634 -7.3453853726387 -7.13931718468666 -7.05091553926468 -5.60130214691162 -8.42779761552811 -7.30471077561378 -8.40799748897552 -9.56216716766357 -9.63471233844757 -8.53950953483582 -9.64346849918365 -10.2642967700958 -10.1579170227051 -9.05777871608734 -8.20188558101654 -8.11842703819275 -8.22663593292236 -8.97308325767517 -8.993368268013 -8.90930771827698 -8.93540239334106 -8.33479964733124 -8.39332354068756
-1.71096102893353 -1.72981339693069 -2.91206076741219 -3.04974183440208 -2.15570385754108 -1.91088965535164 -1.80524201691151 -1.55042790621519 -0.98049234226346 -1.00060277432203 -1.31904628872871 -2.47849499061704 -2.29723868519068 -1.18237698078156 -1.32598719652742 -2.8251362349838 -4.10538629442453 -4.14946436882019 -6.62013876438141 -7.76812762022018 -7.75618797540665 -7.75461316108704 -7.63220483064651 -7.5384633243084 -7.49155527353287 -6.26680649630725 -7.27273851633072 -7.22533032298088 -7.0987551510334 -7.08951362967491 -7.17393887042999 -7.03453031182289 -9.44060325622559 -10.1808707714081 -8.1807051897049 -8.28164553642273 -8.37058579921722 -9.0380334854126 -9.05950796604156 -8.95064806938171 -8.79678905010223 -8.75176274776459 -8.8625705242157 -8.24683570861816 -8.96406221389771 -9.0526237487793 -8.39614880084991 -8.39321959018707
