data/spatiotemp/temp4/bio9_norsw_test_2015_2018.asc
NCOLS 654 
NROWS 380 
XLLCORNER 3.91666666666667 
YLLCORNER 55.3333333333333 
CELLSIZE 0.0416666666666667 
NODATA_value -9999 
[rows 198 to 219 of 380, columns 144 to 191 of 654]
1.53152599930763 2.07628176361322 1.73021611571312 2.00797243416309 2.38306219875813 1.84315190697089 1.9454651279375 2.11799790337682 1.5518980845809 1.58282618969679 1.83808764442801 1.48668248951435 1.16932488977909 1.82887213677168 1.27446699142456 0.673228472471237 0.328323319554329 0.937918066978455 1.61114550381899 1.06472678482533 0.482022523880005 0.127924170345068 -0.181007536128163 -0.551605895161629 -0.844704285264015 -0.506302706897259 0.471432343125343 0.528833970427513 0.515235438942909 1.25778257846832 1.75637187063694 0.535440400242805 -0.259700045920908 -0.82071578502655 -0.785731554031372 -1.05808061361313 -1.13076284527779 -1.5009451508522 -2.03796094655991 -2.30147672630847 -2.69432566314936 -2.12317485362291 -1.49885715544224 -1.55020643770695 -1.09449788928032 -0.881732031702995 -0.279799530282617 -0.227200375404209
2.77441149391234 1.59168497659266 2.22319471091032 2.05520454794168 1.55254773795605 1.07905757427216 1.59419634193182 1.58391052484512 1.31051449477673 1.12171712517738 1.25325311720371 0.739455834031105 1.32432502508163 1.49269451200962 1.51723039150238 0.549433141946793 -0.469364337623119 -0.324828378856182 -0.493773490190506 0.0809103175997734 0.591255202889442 -0.211924189701676 -0.975270286202431 -1.01394966244698 -0.690295845270157 -0.12914178831852 -0.133321178145707 -0.637667253613472 -0.370346684008837 0.53130729496479 1.36729463934898 1.12744846940041 0.742636948823929 0.446193188428879 -0.27858406258747 -0.633694477379322 -0.709971502423286 -1.23524862527847 -1.60385915637016 -1.93513620644808 -1.94874671846628 -1.67435701191425 -1.23996749520302 -1.12357792258263 -1.1192267537117 -1.22841385006905 -0.970600843429565 -0.773288026452065
1.76347997784615 2.67107659578323 2.52983999252319 1.84376997221261 1.25453321635723 1.0750066190958 1.14126086235046 0.871848523616791 0.792464256286621 0.854941442608833 0.818585276603699 -0.351221039891243 0.102991700172424 0.762183308601379 0.966493785381317 1.00097095966339 -0.237657457590103 -0.336908131837845 -0.795930996537209 -1.07862047851086 -0.634178772568703 -1.27103641629219 -0.38119950518012 -0.597793430089951 -0.900220587849617 -0.985647678375244 -1.05724142491817 -1.28600174188614 -1.04909552633762 -0.24118914140854 0.357883632183075 -0.408376809209585 -0.273359581828117 0.738768666982651 0.8232302069664 0.154691681265831 -0.35518024303019 -0.576885290443897 -0.899090558290482 -1.12712898850441 -1.07716745138168 -1.26153922080994 -1.78741110861301 -1.88594943284988 -1.4797887057066 -1.10759550333023 -1.04140223562717 -0.982875600457191
1.565140850842 2.46113513410091 1.56115194037557 1.37423300743103 1.0760971903801 0.429794624447823 0.0218253266066313 -0.651630222797394 -0.0969194350764155 -0.290834341198206 -0.7490542717278 -0.908654540777206 -0.465254947543144 -1.18002204969525 -1.28412245959044 -1.15305629372597 -0.901990056037903 -0.951423803344369 -1.84552420675755 -1.33981789648533 -1.22911287844181 -1.31695428490639 -1.72336739301682 -0.853803858160973 -1.0466452986002 -1.28715337812901 -0.709828108549118 -0.631502889096737 -0.731011018157005 -0.188852425199002 -0.184027282521129 -0.920202046632767 -0.948689311742783 -0.0814892388880253 0.0160441547632217 -0.360588922165334 -0.534722179174423 -1.26668864488602 -1.77748845517635 -2.14328849315643 -1.90492167323828 -1.53872138261795 -1.60235472023487 -1.80732114613056 -1.79985089600086 -0.969277143478394 -0.729536965489388 -0.912963300943375
1.9212234960869 2.55466708540916 2.01544413343072 1.17310927808285 0.894838184118271 0.427900314331055 -0.185537675395608 -1.18574666976929 -1.75083576142788 -1.3987609744072 -1.67721606791019 -1.35507278889418 -1.16676284000278 -1.12395309284329 -1.53814320266247 -0.990360543131828 -2.00818991661072 -1.37571343779564 -1.52290347218513 -1.34931582212448 -1.75516818463802 -1.47155119478703 -1.1119340211153 -1.2179838269949 -0.824866563081741 -0.718916103243828 -1.0404659062624 -1.24751545488834 -0.981398299336433 -0.249614513944834 -0.646497443318367 -1.07238036394119 -1.12440676987171 -0.284909804031486 -0.53324643149972 -0.903916284441948 -0.712419360876083 -0.863256022334099 -1.30792583525181 -1.44676239788532 -1.4294321835041 -1.67243537306786 -1.45993854105473 -1.32260835170746 -1.25526767969131 -0.962249487638474 -0.801064848899841 -0.862213626503944
2.00829513370991 1.6251724101603 1.7923829657957 1.19359378516674 1.00397497415543 1.30065684020519 -0.380379348993301 -1.00531155895442 -1.5004725754261 -1.5046718120575 -1.29974943399429 -1.67630845308304 -2.24719840288162 -2.38175468891859 -1.91181106865406 -2.01186773180962 -2.00042405724525 -1.615459010005 -1.56970316171646 -1.32411397993565 -1.69367850571871 -1.42022995650768 -1.64544823765755 -2.00165678560734 -1.95269054174423 -2.4795578122139 -1.59832082688808 -1.8197056427598 -1.65609049052 -1.84919326007366 -2.061393648386 -1.99259433150291 -0.996345087885857 -0.792660184204578 -0.446808587759733 -0.298123716376722 -0.363772124517709 -0.421253932639956 -0.699069075286388 -0.712717548012733 -0.722532540559769 -0.893514409661293 -0.724162757396698 -0.627977944910526 -0.622372262179852 -0.763346016407013 -0.591319561004639 -0.84912645816803
0.682533532381058 0.556511104106903 0.922155320644379 -0.80704889446497 -1.15374765917659 -0.431290581822395 -0.0478336215019226 -0.497043266892433 -1.13777612522244 -1.38619903475046 -1.95095504820347 -1.79254440963268 -2.40763386338949 -1.71291453391314 -2.57797932624817 -2.1939020305872 -2.0016582608223 -2.34374755620956 -1.55307930707932 -1.69091219455004 -1.66635543853045 -2.18063659965992 -2.25552475452423 -2.02491310238838 -2.20780117809772 -2.85468954965472 -1.99900935217738 -2.30629931390285 -1.78335428237915 -2.09924252331257 -2.19763077795506 -1.93235220015049 -1.91516967117786 -0.749410599470139 -0.263204276561737 -0.0878312960267067 -0.409791430458426 -0.968251869082451 -0.969545558094978 -0.97250609099865 -0.918299585580826 -0.584926769137383 -0.542886853218079 -0.757847309112549 -0.691310338675976 -0.544942203909159 -0.643407702445984 -1.03253965079784
-0.396561241243035 -1.07751915976405 -0.678985640406609 -1.0844934284687 -1.07481383159757 -1.30080092698336 -1.58695460855961 -2.43826676905155 -2.69241774082184 -3.27474426291883 -3.69123734533787 -3.65239718556404 -3.7824060022831 -3.9833075106144 -2.5146474763751 -2.02243641018867 -1.69839215278625 -2.13351455330849 -2.43447041511536 -2.66942618042231 -2.52810853719711 -2.10135115683079 -1.7045936435461 -1.51366958767176 -1.67641212791204 -2.37132132053375 -2.32373063266277 -1.66063978523016 -1.48104920051992 -1.99895842373371 -2.01970094442368 -1.94977696239948 -1.60049360059202 -0.170994117856026 -0.031266413629055 -0.406038612127304 -0.523810963146389 -0.644750006496906 -0.699855469167233 -0.623294353485107 -0.778566636145115 -0.799838982522488 -0.864444568753242 -0.761050269007683 -0.602581448853016 -0.589038670063019 -0.957995712757111 -1.18278607726097
-1.54265536367893 -1.63808666169643 -1.85678895795718 -2.03724914044142 -2.93960964679718 -3.18948909640312 -1.54690888524055 -3.40208121389151 -2.82438106462359 -2.47917231917381 -2.59055557847023 -3.15710573643446 -3.32248909398913 -3.72287247702479 -3.85687063634396 -3.9202578663826 -4.09881168603897 -4.26186522841454 -4.36725258827209 -4.49330651760101 -2.5154687166214 -2.57039872556925 -4.27256715297699 -3.91742739081383 -3.76745448261499 -1.53295319154859 -1.19321693107486 -1.02481379359961 -1.49691080051707 -2.05000774562359 -1.78793791681528 -1.66086830571294 -1.34315077215433 -0.104291260242462 -1.24408716708422 -1.21772202849388 -1.5146901011467 -1.81199150532484 -1.98295981436968 -2.06559467315674 -2.1410625576973 -0.823751226067543 -2.29349902272224 -2.46863386034966 -2.24587391316891 -0.759968362748623 -0.482750255614519 -0.836199194192886
-2.74874567985535 -2.11832047998905 -1.84252893924713 -3.44535565376282 -3.19511559605598 -3.29220902174711 -3.16280207037926 -3.1148955123499 -3.37066002748907 -3.33926698565483 -4.16173988580704 -4.58485615253448 -5.05063909292221 -3.90102791786194 -3.98036582767963 -4.39707186818123 -4.74944490194321 -4.68648442625999 -4.53919076919556 -4.11523032188416 -4.04880975186825 -4.43109554052353 -4.35004818439484 -4.76416748762131 -4.84199652075768 -3.71240623667836 -3.41702561825514 -3.27781163156033 -3.25509756803513 -3.56238362193108 -3.77016936708242 -1.40562908351421 -1.13385555148125 -1.62338679051027 -2.04679918289185 -2.21287795901299 -1.71045709773898 -1.48253579065204 -1.59178127846099 -1.75469344854355 -2.21543908119202 -2.19451802968979 -2.14776353538036 -1.01445588469505 -2.08205722272396 -2.14824078977108 -0.574838485568762 -0.374445683322847
-2.65928918123245 -2.09988784790039 -3.63517373800278 -3.62198112905025 -3.30995479226112 -3.11626213788986 -3.12840255117044 -3.51864847540855 -4.76460629701614 -4.69104999303818 -4.44716048240662 -4.5636043548584 -3.7735196352005 -3.86835036426783 -5.2926025390625 -3.98534467071295 -4.60067534446716 -4.69133895635605 -4.55350297689438 -4.35983347892761 -3.58427245356143 -3.81048416346312 -4.20369578897953 -4.71341727674007 -3.73078609630466 -3.39466436952353 -3.42154283076525 -3.67958793975413 -3.56246624141932 -3.16101124882698 -3.33638963103294 -3.83343461155891 -3.83761048316956 -4.00558313727379 -4.26272260397673 -2.29436744749546 -2.87524878978729 -2.53812114149332 -2.14743620157242 -2.07329244911671 -1.72581560537219 -1.69333837367594 -1.72336134314537 -1.60371775412932 -1.60040686512366 -1.52192917466164 -0.403926497907378 -0.394358644727618
-3.15749910473824 -4.0142308473587 -3.63825182616711 -3.46060648560524 -3.58179424703121 -3.53564836084843 -3.47650298476219 -5.1108570098877 -5.15537172555923 -5.25814324617386 -4.82658123970032 -4.40235266089439 -4.62212407588959 -4.89089542627335 -5.01233339309692 -5.05843824148178 -5.26454323530197 -5.32898110151291 -4.16610991954803 -5.33885705471039 -3.37556859850883 -4.15032755210996 -3.68717684224248 -3.12314756214619 -2.99011841416359 -3.04442264139652 -3.2905600219965 -3.1305309087038 -3.03933483362198 -3.5918058231473 -5.13948145508766 -5.91368371248245 -4.04026697576046 -5.2731551527977 -4.32133187353611 -3.91867169737816 -4.23017802834511 -5.10275340080261 -4.29702392220497 -4.35703048855066 -4.47070336341858 -2.03132546693087 -2.31912572681904 -2.11775948107243 -1.78975666686893 -1.69711754657328 -1.71231164596975 -1.62300573848188
-3.34604254364967 -4.55342808365822 -3.79099650681019 -4.22156494855881 -3.93829637765884 -5.15636825561523 -4.24619698524475 -5.20192235708237 -5.49647063016891 -5.37823647260666 -4.94866853952408 -4.43310102820396 -4.45019987225533 -4.58029890060425 -5.06039774417877 -4.96816354990005 -4.7805957198143 -4.84769469499588 -4.95679360628128 -5.2208925485611 -5.65361553430557 -5.1430561542511 -4.23727631568909 -4.03716313838959 -4.10555037856102 -2.62351402640343 -3.16074393689632 -5.18954467773438 -3.65653696656227 -3.84626672696322 -4.77570838481188 -5.27539816498756 -5.74285671114922 -5.9959169626236 -5.44631046056747 -5.324537307024 -4.14135453104973 -5.05815799534321 -5.21288476884365 -4.38480734825134 -5.43900549411774 -5.22573249042034 -4.52459393441677 -5.08518612384796 -2.5452913120389 -2.62406864762306 -1.89650532603264 -1.48270450998098
-4.33584314584732 -4.10545891523361 -3.85290801525116 -4.36552360653877 -3.76936000585556 -5.100754737854 -4.47170376777649 -4.61048617959023 -4.81947740912437 -5.56966286897659 -5.20842289924622 -5.01384907960892 -4.63327568769455 -4.65436899662018 -4.78812879323959 -4.77622175216675 -4.89498174190521 -4.56607493758202 -4.69383478164673 -5.13359451293945 -5.40733551979065 -4.99572497606277 -4.03373518586159 -3.67310279607773 -4.10063716769218 -4.93950486183167 -6.06500488519669 -5.91824018955231 -6.07377457618713 -5.79497539997101 -5.59734326601028 -5.7907110452652 -5.1737497150898 -5.37751194834709 -5.37644138932228 -5.60637074708939 -6.09781694412231 -4.23343776911497 -4.37817800045013 -4.83658808469772 -4.52249155938625 -5.26177954673767 -5.11987583339214 -4.23337880894542 -5.37930549681187 -3.47918486595154 -5.53844863176346 -4.33604764193296
-3.85499350726604 -3.73932315409184 -4.92178601026535 -4.05581545829773 -4.40014505386353 -4.248141258955 -4.66497075557709 -4.93980032205582 -5.59466844797134 -5.30075603723526 -5.74584311246872 -5.82293087244034 -5.15668481588364 -4.69843882322311 -4.81852620840073 -5.01861357688904 -4.88870096206665 -4.89245498180389 -4.42787575721741 -4.29296332597733 -4.89772260189056 -3.94367861747742 -3.6508603990078 -4.6480421423912 -4.52072393894196 -5.83121490478516 -6.43364644050598 -6.74274480342865 -5.52483358979225 -5.66399803757668 -6.85403990745544 -5.96082943677902 -5.74706053733826 -6.55622816085815 -6.56903338432312 -5.36103713512421 -6.88130986690521 -6.97611510753632 -5.51793205738068 -6.12385636568069 -4.50363573431969 -4.46890921145678 -4.94362559914589 -4.07279039453715 -5.21253548562527 -5.59129413962364 -5.36038628220558 -4.19078520685434
-4.94631028175354 -4.6286872625351 -4.54056406021118 -5.42958104610443 -5.30257081985474 -5.01356041431427 -5.33756655454636 -4.33911466598511 -5.683100938797 -5.1658490896225 -5.037930727005 -5.13034564256668 -4.60676056146622 -4.42450883984566 -4.90459036827087 -5.35167217254639 -4.81942045688629 -4.04416847229004 -4.14291682839394 -4.04633170366287 -4.21210968494415 -4.37758386135101 -4.15098604559898 -5.47419905662537 -5.42200636863708 -5.48548048734665 -6.39628779888153 -6.56042885780334 -6.93290305137634 -7.0393773317337 -7.14818477630615 -5.69704216718674 -6.85341131687164 -6.76677513122559 -6.60813921689987 -6.39383667707443 -6.79786705970764 -7.20156478881836 -6.29653918743134 -5.79837307333946 -6.94565677642822 -5.53287452459335 -5.35704177618027 -6.37174862623215 -4.17240314697847 -5.12354480475187 -5.16649058461189 -4.06035575270653
-3.94760471582413 -5.82798236608505 -5.11562985181808 -5.56411081552505 -5.65425860881805 -5.59830892086029 -5.62052810192108 -5.21541351079941 -5.09169203042984 -5.21836316585541 -4.41703405976295 -4.6217052936554 -4.72470957040787 -4.77238094806671 -4.7703852057457 -4.5073898434639 -4.23939406871796 -3.7543985247612 -4.37506970763206 -4.68240737915039 -4.99656742811203 -5.32688277959824 -5.69586485624313 -5.98684686422348 -5.54449558258057 -5.32047772407532 -6.27479314804077 -6.09910863637924 -6.64909064769745 -6.80640602111816 -7.17938792705536 -7.30170357227325 -6.11120337247849 -6.14252108335495 -6.94339179992676 -6.22047060728073 -6.72854936122894 -6.63496160507202 -5.87811174988747 -5.879429936409 -5.84524786472321 -5.72789934277534 -6.87502264976501 -6.55210185050964 -4.08091589808464 -4.7792552812025 -4.72557305265218 -3.91998891998082
-4.32797080278397 -4.97766274213791 -5.78590142726898 -5.24368304014206 -4.95416384935379 -4.76431143283844 -4.8194591999054 -4.58860659599304 -4.44910833239555 -4.48829779028893 -4.37548664212227 -4.31500947475433 -4.31953221559525 -4.37005454301834 -4.47157734632492 -4.37409976124763 -3.89662230014801 -4.82114487886429 -4.68926653265953 -5.49552363157272 -5.12909579277039 -5.50105112791061 -5.81100678443909 -5.75229543447495 -5.71758395433426 -4.92453962564468 -5.57949513196945 -6.62545049190521 -6.52507251501083 -6.4893616437912 -6.82231712341309 -5.88232019543648 -6.05914622545242 -6.07139658927917 -5.85798072814941 -6.60374075174332 -6.57202363014221 -6.59697312116623 -6.50025606155396 -6.54453903436661 -6.7794885635376 -6.96910512447357 -6.99005460739136 -6.49467092752457 -4.80554902553558 -4.68992488645017 -4.57696755725192 -4.48017677664757
-4.21882581710815 -4.28783279657364 -4.7427521944046 -4.90182828903198 -4.65490466356277 -4.13464745879173 -4.26739037036896 -4.87813317775726 -5.32119154930115 -5.39823228120804 -5.7426061630249 -5.28098022937775 -5.00668770074844 -4.49839496612549 -3.98476928472519 -3.89914304018021 -3.75485064089298 -4.97455769777298 -5.940265417099 -5.81563931703568 -4.57429093122482 -5.23455291986465 -5.72148168087006 -5.57841062545776 -5.500339448452 -4.75593501329422 -4.98486375808716 -6.25445914268494 -7.12472140789032 -7.13165020942688 -6.8465793132782 -6.88617444038391 -6.88821566104889 -6.73303616046906 -6.9511901140213 -6.62067717313766 -6.68449759483337 -7.37698447704315 -7.34547162055969 -6.7556254863739 -6.48211246728897 -6.52526581287384 -6.53475308418274 -6.30057352781296 -6.23879456520081 -6.10241687297821 -4.52602832578123 -4.79462836310267
-4.59823828935623 -4.01317477226257 -4.05844455957413 -4.3629737496376 -4.37531173229218 -4.8156498670578 -5.13665473461151 -5.37832623720169 -5.39027464389801 -5.2938334941864 -5.13239252567291 -4.89628452062607 -4.81450992822647 -4.58840221166611 -4.23296111822128 -4.22118654847145 -3.91941198706627 -4.11063739657402 -4.81552970409393 -5.33242189884186 -5.15015226602554 -4.27272143959999 -5.02595680952072 -5.6441924571991 -6.09609454870224 -5.76699674129486 -4.02730292081833 -5.80646771192551 -6.58637005090714 -6.70593905448914 -6.88284111022949 -7.04141020774841 -7.17754030227661 -7.09423136711121 -6.74492239952087 -6.52794700860977 -6.44063800573349 -6.8173291683197 -7.12668693065643 -7.04804456233978 -6.53906935453415 -6.41642737388611 -6.43845164775848 -6.27714270353317 -6.06623888015747 -5.96307247877121 -4.53208904527128 -5.16508030891418
-4.39065062999725 -4.56158518791199 -4.16738259792328 -4.9004522562027 -5.1673858165741 -5.79665231704712 -5.75591915845871 -5.80385267734528 -5.46602463722229 -5.24076807498932 -5.16717833280563 -5.13225543498993 -5.31266576051712 -5.15774255990982 -4.92448621988297 -5.08356320858002 -4.87297344207764 -4.72838389873505 -4.37079429626465 -3.90671774744987 -5.10834723711014 -5.03955620527267 -4.20076525211334 -4.77664089202881 -5.8978499174118 -6.16205871105194 -5.35793423652649 -4.44844275712967 -6.07835215330124 -6.55789434909821 -6.92876982688904 -7.16264545917511 -7.31019759178162 -7.21909284591675 -6.92765486240387 -6.77955007553101 -6.54444527626038 -6.45000720024109 -6.62923568487167 -6.83446431159973 -6.87102651596069 -6.53825467824936 -6.42281675338745 -6.43171215057373 -6.32701587677002 -6.38472813367844 -6.11177402734756 -4.89019879698753
-5.03601115942001 -4.52720677852631 -4.81173533201218 -5.61259746551514 -5.63291203975677 -5.77965480089188 -5.37818348407745 -5.28437906503677 -5.42844104766846 -5.7827028632164 -5.61796444654465 -5.76622611284256 -5.99082148075104 -5.5907496213913 -5.35867810249329 -5.45960676670074 -5.28020185232162 -5.18479686975479 -4.96105861663818 -4.77832025289536 -4.6128759086132 -4.53539147973061 -4.67390707135201 -3.60527566075325 -4.88093835115433 -6.01078742742538 -6.2629696726799 -4.85648533701897 -5.23066747188568 -6.03584980964661 -6.6226989030838 -7.05521476268768 -7.13252174854279 -7.1726211309433 -7.17238712310791 -7.26981985569 -7.10391938686371 -6.6700187921524 -6.39511793851852 -6.51021754741669 -6.53598326444626 -6.42774945497513 -6.42218190431595 -6.41028141975403 -6.44912642240524 -6.74105060100555 -6.4963082075119 -6.22156566381454
