data/spatiotemp/temp4/bio9_norsw_test_2015_2018.asc
NCOLS 654 
NROWS 380 
XLLCORNER 3.91666666666667 
YLLCORNER 55.3333333333333 
CELLSIZE 0.0416666666666667 
NODATA_value -9999 
[rows 264 to 285 of 380, columns 288 to 335 of 654]
0.285573542118073 0.390503644943237 0.534933835268021 0.624030590057373 0.702627390623093 0.845557749271393 0.947821199893951 0.998751521110535 1.00933629274368 1.04890909790993 1.12331506609917 1.07855466008186 1.06029415130615 2.69145709276199 2.78670990467072 2.81446236371994 1.27275213599205 1.34382495284081 2.99488723278046 1.48463718593121 1.51352585852146 1.49023002386093 1.47226800024509 1.49613888561726 1.53717681765556 1.5567142367363 1.6493930965662 3.12583589553833 3.22592204809189 3.21574932336807 3.20824319124222 5.33170562982559 3.26648488640785 5.28476178646088 5.12679970264435 5.01017117500305 4.96220916509628 4.92924720048904 4.96111857891083 5.00532329082489 5.04486119747162 4.96439921855927 4.89210379123688 4.91080868244171 4.96212708950043 4.93822550773621 4.87032425403595 4.94608986377716
0.322607219219208 0.423195421695709 0.509450376033783 0.580038905143738 0.66462704539299 0.794215559959412 0.883803755044937 0.934725612401962 0.959473490715027 0.979047626256943 1.03428843617439 1.03519600629807 1.14427012205124 1.19017767906189 1.20491850376129 1.24532598257065 2.86579889059067 1.37514078617096 1.45288170874119 1.47328934073448 1.4629203826189 1.4704415500164 1.46396315097809 1.51931776106358 1.56883910298347 1.57352691888809 3.15851813554764 3.28074550628662 3.13645595312119 3.24317434430122 3.25738888978958 3.24243670701981 5.27853888273239 3.18213444948196 5.11023586988449 5.05041790008545 5.00059986114502 4.97611522674561 4.95129692554474 4.99864554405212 5.02616083621979 5.00250935554504 4.96185791492462 4.95470643043518 4.94314861297607 4.87068390846252 4.88588619232178 4.93992173671722
0.474640727043152 0.497553765773773 0.584466904401779 0.689546883106232 0.717793524265289 0.842206656932831 0.897953152656555 0.905699729919434 0.941777408123016 0.967852830886841 1.05926182866096 1.13750404119492 1.20907956361771 1.26765492558479 2.93395429849625 1.29113921523094 1.35521477460861 1.39279034733772 1.45786589384079 1.45444130897522 1.44464841485023 1.46298639476299 3.06482839584351 1.52449637651443 1.5823347568512 3.17618107795715 3.12674289941788 3.10247141122818 3.08786648511887 3.0865952372551 3.19886821508408 3.19480341672897 5.18868726491928 5.12467968463898 5.08067226409912 5.04216468334198 5.01699030399323 5.02748286724091 5.01447546482086 5.0496346950531 5.05662715435028 5.05695271492004 5.02711188793182 5.0227712392807 4.91783678531647 4.8921422958374 4.94911468029022 4.93775355815887
0.564840853214264 0.63774561882019 0.703983575105667 0.743221670389175 0.787793189287186 0.877697706222534 0.933435827493668 0.960673749446869 0.977914541959763 1.00349149107933 1.03806838393211 1.13914519548416 1.26688885688782 1.2876324057579 1.36170929670334 1.37061926722527 1.44102962315083 1.46377295255661 1.47885005176067 1.49809359014034 1.48887634277344 1.4935314655304 1.52085322141647 1.55934157967567 1.56983035802841 3.12872910499573 3.05180078744888 3.01987236738205 3.0219441652298 3.03501552343369 3.06058716773987 3.15500316023827 3.17158609628677 3.15609636902809 3.13494008779526 5.10074472427368 5.05771446228027 5.04268419742584 5.06398725509644 5.0802903175354 5.05159342288971 5.06689631938934 5.07236611843109 5.05816924571991 5.00635838508606 5.01310086250305 5.08600962162018 5.09191858768463
0.573540985584259 0.672437399625778 0.656500220298767 2.28232264518738 0.807459354400635 0.924355536699295 0.982251644134521 0.990147888660431 1.01488521695137 1.04546341300011 1.04487499594688 1.11028647422791 1.20719811320305 1.29760965704918 1.35585457086563 2.96404099464417 1.43167771399021 1.44058912992477 1.42833408713341 1.45507897436619 3.05870491266251 3.11245292425156 3.08403408527374 3.12811523675919 3.12586313486099 3.09344428777695 3.03585886955261 2.99244010448456 2.96918797492981 2.97443586587906 3.0038503408432 3.02876496315002 3.01505964994431 5.06509745121002 3.09181246161461 5.0698247551918 5.03110486268997 5.00205206871033 5.03683233261108 5.05294597148895 5.02039313316345 5.02467310428619 5.03578674793243 5.04640030860901 5.01721322536469 5.02672576904297 5.09607136249542 5.13458395004272
0.716574788093567 0.857295662164688 0.661016941070557 0.686904549598694 0.798958957195282 0.934013396501541 0.951567858457565 1.04862213134766 1.10318922996521 1.1237685084343 1.13451501727104 2.8063108921051 1.28600743412971 1.35092034935951 1.41483318805695 1.48591274023056 1.55099229514599 3.15766477584839 3.13836300373077 3.13206076622009 3.11903846263885 3.08529603481293 3.16788685321808 3.15731114149094 3.14423531293869 3.11699283123016 3.0574169754982 3.03350776433945 2.99693208932877 3.01652276515961 3.06294709444046 3.06537127494812 3.12009814381599 5.08405637741089 3.08985161781311 5.09707152843475 5.09599566459656 5.10908663272858 5.09567725658417 5.09710144996643 5.1330258846283 5.13995003700256 5.08020758628845 5.02929842472076 5.06506836414337 5.15685081481934 5.20096635818481 5.22041547298431
2.23620408773422 0.735654085874557 0.756866723299026 0.808745950460434 2.45265698432922 2.47335356473923 0.931717038154602 1.02042961120605 1.14465972781181 1.23007398843765 1.25832173228264 1.29473596811295 1.36365014314651 1.3830643594265 1.45781192183495 1.52005949616432 1.58047369122505 3.22093784809113 3.2041580080986 3.17937856912613 3.17453861236572 3.15313899517059 3.1360729932785 3.1801735162735 3.18210744857788 3.19037473201752 3.19564163684845 3.14257544279099 3.11000943183899 3.11161017417908 3.12854373455048 3.12081104516983 3.13260108232498 3.09408092498779 5.13191676139832 3.17974239587784 3.15976080298424 3.14461237192154 3.1492974460125 5.20209050178528 5.26532530784607 5.31022679805756 5.284294962883 5.2371963262558 5.17608988285065 5.17997574806213 5.26152837276459 5.24974739551544
0.60114198923111 0.676679342985153 0.772550106048584 0.888753980398178 0.921124815940857 2.53535354137421 2.5769744515419 2.65476167201996 2.79169327020645 1.33421263098717 1.33512818813324 1.34787714481354 3.01749730110168 3.07690650224686 1.5026239156723 3.16405868530273 3.21896767616272 3.25771021842957 1.61495305597782 3.25636237859726 3.19303888082504 3.2049822807312 3.18759274482727 3.21553599834442 3.2398127913475 3.21042305231094 3.23636639118195 3.1673099398613 3.16825348138809 3.15986359119415 3.17680728435516 3.16308391094208 3.19503849744797 3.26485329866409 3.25176346302032 3.25350648164749 3.22324979305267 3.20515978336334 5.17103409767151 5.25474619865417 5.44012498855591 5.55800366401672 5.58971548080444 5.48176074028015 5.36494493484497 5.3504341840744 5.38575661182404 5.29741239547729
0.614675343036652 2.33067578077316 2.38855367898941 2.45076477527618 2.51880937814713 2.68718731403351 2.70389848947525 2.74044317007065 1.22393417358398 2.92969626188278 1.40660133957863 3.02555966377258 3.08299136161804 1.50651895999908 1.54193589091301 1.5850195735693 1.6206032037735 1.65685354173183 1.68293708562851 3.30818009376526 3.2963724732399 3.2773255109787 3.27594536542892 3.31739848852158 3.34018498659134 3.31913816928864 3.30125784873962 3.31121104955673 3.3129974603653 3.28845059871674 3.26523715257645 3.2035236954689 3.20880931615829 3.23726093769073 3.24454581737518 3.30627053976059 3.29240533709526 5.26935684680939 5.23971271514893 5.2517352104187 5.35275781154633 5.453280210495 5.4644695520401 5.44665896892548 5.45463299751282 5.49722564220428 5.3993182182312 5.31507766246796
0.657542288303375 2.37264651060104 2.42494851350784 2.51941698789597 2.58755218982697 2.7130206823349 1.20899841189384 2.828458070755 2.8351691365242 2.92228990793228 1.43740800023079 3.12369793653488 3.18665212392807 1.5844964236021 1.61524792015553 1.64699959754944 1.69191791117191 1.71883618831635 3.34204345941544 3.35816419124603 1.7599104642868 3.38950198888779 3.43113160133362 3.42342746257782 3.44339060783386 3.44068664312363 3.40214931964874 3.4187787771225 3.40840816497803 3.36970418691635 3.32516700029373 3.30429655313492 3.26608008146286 3.28385090827942 3.40184161067009 3.40303483605385 1.91877655684948 3.37492084503174 3.37961393594742 5.35839080810547 5.36539077758789 5.3047239780426 5.21022355556488 5.27655708789825 5.36148810386658 5.40985071659088 5.48271334171295 5.43624293804169
2.34509879350662 2.43292313814163 2.50624722242355 2.58273804187775 2.7122288942337 2.81055307388306 1.24681809544563 2.91903483867645 2.91150051355362 1.40694612264633 1.49378050863743 1.57511478662491 1.65944927930832 3.28103846311569 1.70978470146656 1.75628559291363 1.76912036538124 3.3928017616272 3.40290915966034 3.41985023021698 3.4150253534317 3.44810140132904 3.4841775894165 3.47242027521133 3.4774963259697 3.49873912334442 3.47231554985046 3.45805788040161 3.49930095672607 3.47287672758102 3.45028626918793 1.9348576515913 3.41557973623276 3.41827180981636 3.43029737472534 3.52124041318893 3.42151474952698 3.49574807286263 3.5081687271595 3.52625572681427 3.49567627906799 5.36053073406219 5.38589656352997 5.48259615898132 5.51939022541046 5.50061285495758 5.48083508014679 5.419557929039
2.51622706651688 2.57100510597229 2.65744972229004 2.77606123685837 2.75500583648682 2.83495074510574 2.94606214761734 1.32586213946342 3.00375854969025 1.47472006082535 3.14654272794724 1.62338379025459 1.7240489423275 1.72921438515186 1.74737960100174 1.8092115521431 1.85487660765648 1.85520856082439 1.90187376737595 1.90420565009117 1.93778105080128 3.51779055595398 3.54441690444946 3.54621016979218 3.54850327968597 3.57746291160583 3.57842260599136 3.56654918193817 3.5170089006424 3.49963515996933 3.5160950422287 3.4942215681076 3.4969756603241 3.51685720682144 3.52473884820938 3.50812035799026 3.56953817605972 2.07773458957672 3.54817253351212 5.41212582588196 5.43124663829803 3.47729036211967 3.46844083070755 3.57292491197586 3.59156489372253 5.54517841339111 5.48401725292206 5.48502266407013
0.959158450365067 2.66025388240814 2.72648578882217 2.81721776723862 2.86011642217636 2.93051499128342 2.9827469587326 3.04814547300339 3.11118298768997 3.1631932258606 1.65565690398216 1.68798620998859 3.37688958644867 1.83481165766716 1.88464105129242 1.94980369508266 1.93579979240894 1.92829568684101 1.94962505996227 1.95762121677399 1.99934108555317 2.00761795789003 3.59998941421509 3.56733298301697 3.58084326982498 3.63635331392288 3.67736330628395 3.69454011321068 5.85690820217133 3.56022715568542 3.55023714900017 3.57191374897957 3.57253804802895 3.54160925745964 3.61632147431374 2.15085453540087 2.09829604625702 3.61212921142578 3.62634292244911 3.5923900604248 3.60410380363464 3.57631754875183 5.56774723529816 2.16088693588972 5.63428890705109 5.65357756614685 5.70986616611481 5.68115448951721
1.05033138394356 1.11421310901642 1.23309484124184 1.26331001520157 1.35502502322197 1.4427402317524 1.51862174272537 1.61733680963516 1.6492745578289 1.68643493950367 1.71926182508469 1.7919220328331 1.85091541707516 1.95774218440056 2.09256906807423 2.23372933268547 2.15355617552996 2.09271636605263 2.05637670308352 2.05653682351112 2.0772342607379 2.13096911460161 3.61672887206078 3.66462248563766 3.68151631951332 3.72291031479836 3.75630396604538 3.7605311870575 3.6550917327404 3.63848531246185 3.63287943601608 3.66327297687531 2.16631053388119 2.2643306851387 2.25343330204487 2.29036901518703 2.26030464470387 2.22774049267173 2.23934291675687 3.60495719313622 3.6317341029644 3.68484464287758 2.23975258693099 2.2583550773561 3.67269420623779 5.66447639465332 5.69821453094482 5.77311933040619
1.24283772706985 1.35213348269463 1.39826250076294 1.43289157748222 1.45785400271416 1.51514965295792 1.61161190271378 1.69224089384079 1.71821776032448 1.77437555789948 1.81953319907188 1.89402414858341 1.99051529169083 2.07250617444515 2.21683065593243 2.36398835107684 2.31147924438119 2.22547044605017 2.16579484939575 2.20495248585939 2.27579429373145 2.4126535160467 2.31034633889794 2.22887245193124 2.26489850878716 2.27975788712502 2.29545058682561 2.32630981504917 2.28650273382664 3.7242437005043 3.71735474467278 2.25974741578102 2.22728049382567 2.31119010969996 2.32511998713017 2.41171669401228 2.45148019026965 2.42007673811167 2.41534001627588 3.72969090938568 3.68553134799004 3.6943716108799 3.69654515385628 3.70771881937981 5.66402113437653 5.71470880508423 5.69089651107788 5.85408449172974
1.3731774687767 1.51055374741554 1.53276342153549 1.54763972759247 1.58701610565186 1.63405913114548 1.68693555891514 1.75264529883862 1.82782776653767 1.84414941072464 1.90880459547043 2.00395976006985 2.11994834989309 2.22827036678791 2.3414254412055 2.42091388255358 2.36356915906072 2.33572434261441 2.3488796427846 2.3658680524677 2.49035430955701 2.54183830786496 2.42765574157238 2.34347285330296 2.42895691096783 2.41810770798475 2.37642501853406 2.42924210941419 2.44222619128413 2.42454361915588 2.43986087548546 2.42001147568226 2.36458399891853 2.42021620739251 2.40214040875435 2.45489789079875 2.61482205986977 2.75724640488625 2.66917049139738 3.82192495465279 3.83232837915421 2.41944296192378 5.69852364063263 5.74383115768433 5.79097068309784 5.76827430725098 5.73807859420776 5.89654946327209
1.43568378686905 1.51447412371635 1.60109767317772 1.65588799118996 1.75067842006683 1.79263544082642 1.81692576408386 1.8730494081974 1.96377079188824 1.91875691711903 2.00824289023876 2.14739558845758 2.25454820692539 2.3570343516767 2.44252013042569 2.43450616672635 2.34082567691803 2.26181169599295 2.35363091900945 2.42661699093878 2.45591436326504 2.4168562348932 2.35679813288152 2.40924020111561 2.49651536857709 2.41895732283592 2.3747324841097 2.40734109748155 2.41844971012324 2.46455845731543 2.55300022661686 2.59210893884301 2.63955391943455 2.68983521312475 2.57544982805848 2.61324563622475 2.84267926961184 4.05905830860138 4.02485843002796 2.68891934305429 2.58400435186923 2.60692277923226 3.86405903100967 5.80417823791504 5.80541968345642 5.70984029769897 5.76626074314117 5.91251444816589
1.51085677742958 1.56956121325493 1.63959866762161 1.71980303525925 1.83067397773266 1.86587834358215 1.89691595733166 1.9034536331892 1.93154746294022 1.96069750189781 2.0218477845192 2.09849787503481 2.17181470245123 2.25113148987293 2.25311508774757 2.23493189364672 2.26724881306291 2.22606549412012 2.241215813905 2.29019932076335 2.31730756536126 2.31037409231067 2.31410737335682 2.31817395985126 2.36624048650265 2.33364036120474 2.47310068202205 2.48377337050624 2.40267332829535 2.37307324074209 2.4699730775319 2.61803962662816 2.67735709249973 2.86492577940226 4.14655552059412 2.85892686247826 3.10613160347566 4.1048322096467 4.07202902436256 4.02322573959827 3.98508913815022 2.66973576322198 2.68264845013618 2.63989439606667 5.80120241641998 5.76157248020172 5.88410913944244 5.91514611244202
1.58719643950462 1.55164811015129 1.61209976673126 1.61688452959061 1.67133615911007 1.68595436215401 1.76990583539009 1.84452411532402 1.85349036753178 1.88430486619473 1.9687859416008 2.06476703286171 2.2189144641161 2.30439558252692 2.29887660592794 2.26052399352193 2.26500521600246 2.26065270975232 2.25496719777584 2.28578155115247 2.32003432512283 2.39989223517478 2.44925001764204 2.37110777758062 2.36546549759805 2.4063233982306 2.41284785163589 2.45320584869478 2.48423018073663 2.3869213508442 2.41461255168542 2.47363714873791 2.56899383291602 2.78118304163218 3.09387213923037 4.29753943160176 3.05234809964895 3.98510614037514 3.98703292012215 4.02079275250435 4.06638611853123 6.01622664928436 5.99613285064697 4.03266651928425 5.8123185634613 5.84563827514648 6.02479135990143 6.09611093997955
1.26942959427834 1.59606838226318 1.60276728868484 1.6189661026001 1.75113174319267 1.69153057038784 1.7495629042387 1.811095058918 1.87410046160221 1.88841226696968 1.96239084005356 2.03220247477293 2.13884765654802 2.21865951642394 2.21380473300815 2.15711641311646 2.13326164335012 2.13624013587832 2.16438530758023 2.21269704401493 2.26759425923228 2.30390999279916 2.31705915927887 2.40538167394698 2.3195241689682 2.4055884424597 2.49260838830378 2.43963808310218 2.46214853739366 2.43443630123511 2.49158547818661 2.55540108121932 2.7024193033576 2.98544020950794 3.17791657149792 4.1794001236558 4.20189023017883 4.15904681384563 5.82258069515228 4.09135989844799 5.88906943798065 5.98806393146515 6.0073915719986 6.04638588428497 5.93926775455475 5.86220407485962 5.94314014911652 6.00207614898682
1.32152304053307 1.79970675706863 1.44859956204891 1.80740067362785 1.82033087313175 1.87642797827721 1.81271976232529 1.85233250260353 1.87904366850853 1.90985284745693 1.98282881081104 2.05180479586124 2.10578087717295 2.10709006339312 2.10123293101788 2.11737534403801 2.11168470978737 2.11099401116371 2.14580356702209 2.2166127152741 2.25032100081444 2.28709473274648 2.29370161890984 2.29447544179857 2.31041595805436 2.45211690175347 2.46994566405192 2.49060761439614 2.51660296320915 2.52676513791084 2.59559360146523 2.64975578710437 2.77245103567839 2.94169730693102 4.18949411064386 4.10238072276115 4.16776736080647 4.24165401607752 5.94815242290497 5.90506875514984 5.89681804180145 5.89556741714478 6.01115036010742 6.00806629657745 5.95338380336761 5.88243627548218 5.8968220949173 5.88320767879486
1.88204890489578 1.85990895330906 1.89912596344948 1.86957813799381 1.89953006803989 2.01298224925995 1.98637641966343 2.02656990289688 2.0341534614563 1.95062702894211 2.00210049748421 2.04224047064781 2.07754742354155 2.08235424011946 2.12332755327225 2.12746787071228 2.14360785484314 2.15858130156994 2.18072156980634 2.21452843770385 2.2528809402138 2.28111265599728 2.29101089574397 2.31407591700554 2.43934141099453 2.46947883581743 2.47128279041499 2.54242016375065 2.61339096724987 2.59069471620023 2.62666560709476 2.72846942394972 2.7669829428196 4.18662831187248 4.1687449067831 5.8955442905426 6.0043820142746 6.03455328941345 6.01022434234619 5.95822894573212 5.86606681346893 5.9092378616333 5.99507558345795 6.01841342449188 5.99049973487854 5.92916858196259 5.91700410842896 5.76167273521423
