data/test_2003/bio17_avg_1994-2002.asc
NCOLS 664 
NROWS 380 
XLLCORNER 3.91666666666667 
YLLCORNER 55.3333333333333 
CELLSIZE 0.0416666666666667 
NODATA_value -9999 
[rows 220 to 241 of 380, columns 294 to 342 of 664]
86.3470124138726 85.4017066955566 78.2325011359321 74.0001831054688 83.9581883748372 88.4755049811469 84.0461701287164 91.5791295369466 96.5922173394097 97.1263525221083 94.2294044494629 96.8921864827474 95.9216495090061 97.1567590501573 97.2534209357368 96.6286472744412 98.2432475619846 98.0270720587836 98.2566892835829 98.0452473958333 99.1996807522244 95.2456537882487 96.9952057732476 98.4710833231608 97.5406324598524 94.3675223456489 92.7538435194227 92.5274742974175 89.7355486551921 86.223270840115 84.5483682420519 80.9828932020399 -9999 -9999 -9999 -9999 -9999 -9999 -9999 -9999 -9999 -9999 -9999 -9999 -9999 -9999 -9999 -9999 -9999
88.4273088243273 92.3303142123752 88.9579476250543 86.1280754937066 83.7945217556424 82.221981048584 81.0855912102593 83.0308876037598 90.9186642964681 97.3338139851888 94.2264285617404 91.069640689426 95.2464569939507 98.1553175184462 102.099697113037 103.817770640055 108.351912604438 106.787014431424 104.388664245605 99.7179332309299 101.283458285862 96.6626430087619 94.145391676161 94.2570186191135 94.0389726426866 91.3398696051703 91.2102216084798 89.3258086310493 86.6721382141113 85.361868540446 -9999 81.931145562066 80.547307756212 -9999 -9999 -9999 -9999 -9999 -9999 -9999 -9999 -9999 -9999 -9999 -9999 -9999 -9999 -9999 -9999
86.2383952670627 84.0507558186849 84.239003499349 86.6460723876953 88.6717597113715 88.0339707268609 85.5458297729492 84.4133491516113 82.5657085842556 82.5041126675076 83.7364705403646 85.8484742906358 87.9310298495822 89.6982476976183 92.2482723659939 102.432384490967 109.616508483887 109.823641459147 106.695147196452 102.292912801107 98.0476247999403 98.5027389526367 97.0997102525499 95.9613244798448 91.9889348347982 89.8845977783203 88.454721238878 87.8865530225966 86.2002504136827 -9999 -9999 -9999 -9999 -9999 -9999 -9999 -9999 -9999 -9999 -9999 -9999 -9999 -9999 -9999 -9999 -9999 -9999 -9999 -9999
75.6616978115506 79.2410842047797 80.2598135206434 84.9861484103733 82.754143608941 83.6766772800022 84.5893686082628 84.8788842095269 82.3341556125217 83.4402915106879 84.0624504089355 86.8108965555827 88.5505349900987 88.8938802083333 90.2524032592773 95.6865357293023 106.916939205594 108.49670791626 105.869446648492 100.294748518202 97.1424908108181 98.3915396796332 96.300239139133 93.5612555609809 91.0127847459581 88.4849234686957 87.5145653618707 86.9056616889106 85.351612938775 -9999 -9999 -9999 -9999 -9999 -9999 -9999 -9999 -9999 -9999 -9999 -9999 -9999 -9999 -9999 -9999 -9999 -9999 -9999 -9999
70.8614815606011 72.8695691426595 79.7847476535373 90.7687848409017 90.5371186998155 88.2754770914714 84.8631646898058 82.3992381625705 84.4785703023275 85.6979768541124 87.3283649020725 87.9034394158257 89.4517550998264 90.2917065090603 90.5112313164605 92.3938852945964 96.1687304178874 99.6650806003147 99.8837619357639 95.50519434611 96.6810527377658 97.0638270907932 93.0967241923014 91.6666026645237 88.8440750969781 87.7436430189345 86.6752734714084 85.8344518873427 84.7010896470812 83.4528634813097 -9999 -9999 -9999 -9999 -9999 -9999 -9999 -9999 -9999 -9999 -9999 -9999 -9999 -9999 -9999 -9999 -9999 -9999 -9999
68.2900672488742 74.4450569152832 86.0129059685601 90.061286078559 89.6645181443956 90.826535542806 91.0525614420573 93.6624921162923 93.3208029005263 92.254209306505 93.5299903021918 93.2471372816298 94.1678682963053 95.6881349351671 93.0337448120117 93.0064760843913 93.5908075968425 96.6667921278212 95.3224940829807 92.9424599541558 91.0708601209852 90.9685507880317 90.7582889133029 89.4049538506402 88.0889629787869 86.2303771972656 86.5224812825521 87.593635559082 85.0544009738498 84.1165529886882 -9999 -9999 -9999 -9999 -9999 -9999 -9999 -9999 -9999 -9999 -9999 -9999 -9999 -9999 -9999 -9999 -9999 -9999 -9999
66.8483308156331 77.5622261895074 81.0545946756999 89.4592391120063 93.4618144565158 100.040440029568 101.740340762668 103.828613705105 106.208435482449 108.09507115682 100.962847391764 100.270298851861 101.497298346625 101.45576816135 107.627310858832 101.417341444227 96.3888952467177 92.694206237793 91.976867251926 93.3640768263075 92.6409534878201 90.1906174553765 88.9906870524089 88.5170694986979 87.8221927218967 85.9079979790582 85.0943425496419 84.8204502529568 83.175298055013 81.9906370374892 81.1461160447862 79.1753607855903 78.2722032335069 77.2619747585721 -9999 -9999 -9999 -9999 -9999 -9999 -9999 -9999 -9999 -9999 -9999 -9999 -9999 -9999 -9999
69.6910074022081 76.4191665649414 76.8740802341037 78.9000545077854 92.5423817104763 103.509265051948 108.955008612739 109.605766296387 113.151941935221 113.951797909207 113.409556070964 109.491355895996 107.676937950982 106.995738983154 106.699316236708 102.778447469076 108.870878855387 96.8212483723958 90.4960174560547 91.5015360514323 90.6710073682997 90.0042690700955 88.2937630547418 86.7541012234158 85.711558871799 84.3644879659017 83.2304662068685 82.7501614888509 81.9145363701714 84.0306120978461 83.7084036933051 81.1195140414768 78.1959478590224 -9999 -9999 -9999 -9999 -9999 -9999 -9999 -9999 -9999 -9999 -9999 -9999 -9999 -9999 -9999 -9999
71.6536500718858 74.5610796610514 77.5527814229329 80.3847372266981 94.2460678948297 100.224202473958 104.717448764377 107.864858415392 110.739566802979 112.585169474284 115.304359436035 117.502604166667 114.748943752713 113.507500542535 106.522549099392 106.095898098416 102.546112484402 97.402276357015 90.6940845913357 91.1881972418891 90.2765303717719 88.7590162489149 87.569753434923 86.5440050760905 84.7729233635797 83.2580430772569 -9999 -9999 79.7109464009603 82.0809843275282 82.9811024136013 80.2488144768609 78.0794571770562 -9999 -9999 -9999 -9999 -9999 -9999 -9999 -9999 -9999 -9999 -9999 -9999 -9999 -9999 -9999 -9999
78.1423623826769 88.4203889634874 85.8610462612576 81.0202717251248 91.4990509880914 96.8769666883681 101.808015611437 107.157849205865 107.304791768392 109.778510199653 111.495095147027 110.499417199029 112.255487653944 109.296854231093 106.427169375949 100.821854909261 98.4971033732096 94.8073476155599 92.1424314710829 90.3107075161404 89.7673462761773 89.0917803446452 87.7216305202908 85.185553656684 83.9931047227648 83.1010860866971 -9999 -9999 79.7636142306858 79.5895237392849 -9999 -9999 -9999 -9999 -9999 -9999 -9999 -9999 -9999 -9999 -9999 -9999 -9999 -9999 -9999 -9999 -9999 -9999 -9999
84.228948381212 86.1580357021756 87.4001176622179 88.6706886291504 83.3294126722548 88.1553658379449 91.6163690355089 95.2637413872613 100.230296240913 105.509051005046 109.388846927219 111.773426055908 112.2594710456 108.375751495361 102.983081393772 100.268977271186 100.640149010552 97.6229892306858 95.8023503621419 88.8894877963596 88.2031868828668 87.6225268046061 85.9146135118273 84.1734093560113 83.1482344733344 -9999 80.9217012193468 80.035046895345 79.755919986301 79.3493478563097 79.5461637708876 -9999 -9999 -9999 -9999 -9999 -9999 -9999 -9999 -9999 -9999 -9999 -9999 -9999 -9999 -9999 -9999 -9999 -9999
91.454643673367 92.9240498012967 91.3005544874403 88.7080209520128 80.0830048455132 83.0335184733073 91.6149792141385 97.9550425211589 99.0880398220486 104.245443556044 109.756740146213 110.485822465685 107.218373192681 104.890581766764 102.685488806831 100.404394785563 99.5910903082953 95.2558640374078 91.7299054463704 89.737922668457 88.2694439358181 87.2749638027615 85.7488293117947 84.086676703559 -9999 -9999 -9999 -9999 79.321534898546 78.963628133138 78.6707933213976 -9999 -9999 -9999 -9999 -9999 -9999 -9999 -9999 -9999 -9999 -9999 -9999 -9999 -9999 -9999 -9999 -9999 -9999
88.9925418429904 92.5381842719184 91.8459214104547 86.5817404852973 77.7220102945964 77.3055898878309 88.3774197896322 102.596471574571 102.83941523234 103.284876929389 104.280636681451 103.380494435628 99.785087161594 102.600885603163 101.571101718479 99.7670673794217 96.3523953755697 92.5022688971625 90.1297755771213 89.1704885694716 87.380069732666 86.8958320617676 85.3303727044 84.5939615037706 -9999 -9999 -9999 -9999 -9999 -9999 -9999 -9999 -9999 -9999 -9999 -9999 -9999 -9999 -9999 -9999 -9999 -9999 -9999 -9999 -9999 -9999 -9999 -9999 -9999
77.8303235371908 78.5476515028212 76.8758790757921 74.1932101779514 75.4834081861708 71.213929494222 78.6015167236328 87.6552068922255 91.6532181633843 94.0330479939779 99.2630293104384 100.558426751031 97.8338525560167 95.647698296441 93.9055608113607 95.7871983846029 94.5804095798069 92.8839454650879 89.752262963189 88.5629446241591 88.001895904541 86.5135417514377 85.3686141967773 83.8636487325033 83.0057712131076 82.7582952711317 -9999 -9999 -9999 -9999 -9999 -9999 -9999 -9999 -9999 -9999 -9999 -9999 -9999 -9999 -9999 -9999 -9999 -9999 -9999 -9999 -9999 -9999 -9999
70.8692431979709 73.7713517083062 76.5659628974067 68.9585923088922 65.3099767896864 64.904662238227 69.6684956020779 76.6866052415636 85.6118346320258 85.6179360283746 87.8022096421983 91.2052213880751 94.0524622599284 95.1759359571669 93.2723210652669 88.9602932400174 88.5050527784559 88.8833851284451 88.3393647935655 88.0784022013346 86.7001118130154 85.1106669108073 83.9737031724718 -9999 -9999 -9999 -9999 -9999 -9999 -9999 -9999 -9999 -9999 -9999 -9999 -9999 -9999 -9999 -9999 -9999 -9999 -9999 -9999 -9999 -9999 -9999 -9999 -9999 -9999
67.0213267008464 67.185494740804 66.4661377800836 67.538522084554 62.6994542015923 62.4197029537625 65.2030101352268 72.0200313991971 83.5786874559191 82.1882582770453 82.1920598347982 85.7179039849175 87.9752468532986 88.5067075093587 91.7927356296115 91.6391448974609 89.6034952799479 87.4772355821398 87.4888280232747 86.4889310201009 85.9130630493164 84.4414990743001 84.2924669053819 83.5357398986816 82.4666408962674 81.1155141194661 -9999 80.6927761501736 -9999 -9999 -9999 -9999 -9999 -9999 -9999 -9999 -9999 -9999 -9999 -9999 -9999 -9999 -9999 -9999 -9999 -9999 -9999 -9999 -9999
69.5162171257867 67.4871499803331 67.2811410692003 64.8223864237467 62.5358952416314 64.2450913323297 65.0332395765517 66.5790701972114 73.5034158494737 84.1948513454861 86.0598619249132 89.7905697292752 90.9651629130046 84.8420740763346 84.9080861409505 88.1048702663846 86.6563114590115 86.8187450832791 86.7577671474881 85.1441302829319 85.2663311428494 84.4299680921767 84.2442393832737 82.983152601454 82.3931935628255 81.9846911960178 -9999 -9999 -9999 -9999 -9999 -9999 -9999 -9999 -9999 -9999 -9999 -9999 -9999 -9999 -9999 -9999 -9999 -9999 -9999 -9999 -9999 -9999 -9999
75.3099755181207 72.9099362691243 71.0508431328668 70.0359645419651 71.0695415072971 64.0056406656901 67.7213117811415 67.8686960008409 69.4829139709473 71.9040298461914 77.0769187079536 78.8986002604167 80.93804719713 83.2209180196126 83.2404997083876 84.5679825676812 83.7024654812283 84.7726008097331 85.5856467352973 85.0606405470106 84.3561409844293 85.582103729248 84.2397617763943 82.1845347086589 82.8899718390571 81.8094431559245 80.6629320780436 -9999 -9999 -9999 -9999 -9999 -9999 -9999 -9999 -9999 -9999 -9999 -9999 -9999 -9999 -9999 -9999 -9999 -9999 -9999 -9999 -9999 -9999
79.6800770229763 76.8023546006944 76.84375 73.9293276468913 73.9689572652181 67.6911828782823 70.1553081936306 69.4538964165582 70.7727644178602 72.1461300320096 73.8302273220486 76.6744266086154 80.020696428087 80.1289766099718 81.4827529059516 88.0745112101237 86.9866739908854 84.2948913574219 83.7904811435276 84.9591840108236 84.2976133558485 84.9612634446886 83.9105139838325 82.7542207505968 82.0816048516168 80.5529166327582 79.2552307976617 -9999 -9999 -9999 -9999 -9999 -9999 -9999 -9999 -9999 -9999 -9999 -9999 -9999 -9999 -9999 -9999 -9999 -9999 -9999 -9999 -9999 -9999
93.2101851569282 92.9862280951606 88.3739017910428 82.3195080227322 79.3560574849447 75.84142642551 74.4309408399794 75.0170627170139 78.3348075018989 88.6293576558431 87.7225362989638 82.6274142795139 90.5681834750705 89.5122205946181 82.8861172993978 84.5787586636013 87.284617529975 86.1716147528754 85.3347935146756 85.4471257527669 84.2559827168783 83.3727658589681 82.4732148912218 81.7216902838813 81.5224664476183 -9999 -9999 78.6229807535807 -9999 -9999 -9999 -9999 -9999 -9999 -9999 -9999 -9999 -9999 -9999 -9999 -9999 -9999 -9999 -9999 -9999 -9999 -9999 -9999 -9999
96.0148455301921 96.688838534885 97.3586430019803 93.6169018215603 92.1596086290148 92.2312232123481 94.1001302931044 93.8642641703288 88.0369923909505 91.6444346110026 88.7559619479709 86.6206499735514 83.8631396823459 87.4393535190158 86.5331043667263 85.6168594360352 84.6608755323622 86.1207779778375 85.5258810255263 83.8014233907064 84.2687598334418 82.9123768276638 81.5445993211534 81.3269131978353 80.6080419752333 -9999 -9999 78.8580182393392 -9999 -9999 -9999 -9999 -9999 -9999 -9999 -9999 -9999 -9999 -9999 -9999 -9999 -9999 -9999 -9999 -9999 -9999 -9999 -9999 -9999
98.3929816351996 96.2535917494032 92.497122446696 97.3940798441569 94.9172320895725 95.1434093051487 95.4463594224718 96.3991593254937 97.3262418111165 94.1646283467611 88.1709726121691 85.4579836527507 85.6108885871039 85.9387630886502 84.9631394280328 84.5336587693956 84.6247143215603 85.9658376905653 85.5968081156413 85.1338759528266 84.146373324924 83.153737809923 81.0663091871474 80.3554331461589 80.4203830295139 -9999 -9999 -9999 -9999 -9999 -9999 -9999 -9999 -9999 -9999 -9999 -9999 -9999 -9999 -9999 -9999 -9999 -9999 -9999 -9999 -9999 -9999 -9999 -9999
