data/test_2003/bio13_avg_1994-2002.asc
NCOLS 664 
NROWS 380 
XLLCORNER 3.91666666666667 
YLLCORNER 55.3333333333333 
CELLSIZE 0.0416666666666667 
NODATA_value -9999 
[rows 220 to 241 of 380, columns 245 to 293 of 664]
108.292149013943 107.653338962131 111.139567057292 114.870188395182 116.190182156033 112.438116285536 111.088166978624 105.716949462891 105.290764702691 108.250272962782 106.166580200195 106.266090393066 106.515734354655 108.446869744195 116.14271291097 118.55401441786 116.219863043891 114.080056084527 116.693176269531 116.994977315267 116.16722869873 113.870602925618 116.497242397732 116.634480794271 114.332804361979 115.629105461968 110.62710486518 111.736567179362 112.733478969998 114.041076660156 116.408875359429 115.199818081326 114.579004923503 118.558132595486 116.741995917426 117.731321546766 118.149721781413 119.258494059245 116.044891357422 113.715478685167 113.093956841363 110.444675021701 108.367871602376 107.103680080838 107.230285644531 107.833180745443 113.012625800239 118.711952209473 119.391118367513
111.185052659776 110.585176255968 115.88525390625 120.848061455621 120.957369486491 116.193582322862 109.414216783312 112.505061679416 109.655999077691 108.141587999132 109.615430196126 106.630515204536 107.838234795464 108.248792860243 113.336090087891 118.14594523112 118.830267164442 118.748223198785 120.586477491591 118.255246480306 118.4183722602 116.535874260796 118.592561509874 120.859268188477 121.279575771756 118.883052402072 116.547236124674 113.415607876248 115.13234032525 113.852105034722 114.51067521837 116.378404405382 116.210256788466 115.919006347656 115.720934549967 113.542444017198 115.062523735894 116.212793138292 114.512640211317 114.281867133247 112.350375705295 109.111774020725 108.701088799371 108.123622470432 111.779576619466 112.476994832357 113.439887152778 120.933066474067 121.407825893826
113.027409871419 109.635726928711 111.597372266981 119.259401109484 123.483248392741 118.572758992513 113.167522006565 113.996419270833 115.828540378147 110.688201904297 111.315776401096 109.526496039497 109.733663770888 109.584454006619 113.216024610731 118.728098551432 126.535263061523 123.566349453396 122.321573893229 121.987124972873 121.740817599826 120.442750718859 120.910597907172 122.836304558648 124.531706915961 121.919505649143 120.889969719781 121.363714430067 122.571707831489 122.372550964355 118.509958055284 122.334755791558 124.222094217936 120.198266771105 116.778552585178 114.320382859972 112.473537868924 111.874012417263 111.465127733019 111.574424743652 112.663002861871 112.562057495117 109.222483317057 107.595376756456 106.636879814996 110.159861246745 112.124087015788 115.590254889594 116.634460449219
111.436361524794 115.6623111301 113.930948045519 114.184001498752 121.686195373535 120.934572855632 116.318289862739 115.762708875868 113.770664638943 112.395685831706 112.446526421441 111.226493835449 113.082500881619 112.155813429091 112.783555772569 115.442560831706 118.739071316189 118.811908298069 121.26087612576 121.86865234375 122.946802775065 122.419792175293 123.965738084581 122.995665656196 125.486258612739 127.221832275391 124.514971415202 122.635334438748 125.303615993924 127.203003777398 121.441641065809 124.059025234646 123.722808837891 123.698315938314 121.932874891493 116.597924126519 114.613864474826 114.014728969998 110.930246141222 109.536353217231 112.650176154243 114.788364834256 113.361527336968 110.508100721571 105.073955112033 105.863288879395 107.419488694933 107.686929490831 109.744429694282
112.895906236437 117.192790561252 119.315225389269 117.970796373155 117.441121419271 118.623762342665 120.29988861084 117.134892781576 114.483345031738 116.121738009983 114.73915693495 112.37956237793 113.205174763997 114.289657592773 114.495987786187 115.78768157959 117.878235710992 118.849898444282 123.799338446723 124.398277282715 124.668733384874 123.975605434842 124.078739590115 123.386461046007 121.564148796929 124.989898681641 126.663980272081 124.745986938477 123.612333509657 126.459561665853 125.084415859646 119.685441758898 119.330609639486 119.002602471246 117.563177320692 116.975370619032 114.519791497125 112.126151190864 109.596583048503 108.409738328722 110.608253479004 109.73918999566 108.08965894911 107.872611999512 108.453458150228 107.27116478814 105.806484646267 105.907811482747 106.514555189345
114.158784654405 115.526496887207 116.411971198188 119.266179402669 119.31310696072 120.015284220378 120.419309828016 123.53022257487 123.383207533095 119.70905219184 118.554621378581 115.728321499295 115.381354437934 116.331747266981 119.713873969184 121.326938205295 123.341579013401 121.259694417318 120.537373860677 123.683484395345 122.943646748861 121.141359117296 123.216612921821 123.790638393826 123.143497890896 121.369704352485 124.643383449978 122.12348429362 123.299309624566 125.542711893717 127.755425347222 125.758315192329 124.340309990777 122.306124369303 118.47449154324 116.010443793403 113.315066867405 111.967684427897 111.443036397298 110.04940032959 108.625770568848 109.647844950358 109.576976352268 109.063396030002 110.836165534125 110.043990241157 107.252195570204 106.251981099447 106.142791748047
119.015803019206 118.138796488444 120.657496982151 122.387587653266 123.253162807888 122.093805101183 123.931353251139 126.870741950141 130.500169542101 127.562003241645 124.903120252821 122.078875223796 121.93019273546 122.076468573676 127.378905402289 129.926138983832 128.894302368164 128.429665459527 125.054037306044 122.585287306044 122.554861280653 123.085005018446 124.472579956055 127.396717495388 125.108163621691 122.443088107639 119.797474331326 121.846642388238 123.209632873535 122.823445638021 128.969881693522 123.104678683811 121.379198710124 122.1058561537 124.574022081163 121.78557671441 118.603297763401 114.00582631429 113.012640211317 113.339851379395 112.372453477648 111.517222934299 112.356212192112 114.820587158203 115.648006015354 111.126645406087 108.150405883789 109.9214714898 109.383074442546
124.126786126031 121.149503919813 122.487467447917 126.920925564236 128.612105475532 127.178877936469 124.111977471246 125.63284556071 129.132726881239 129.162644280328 128.881057739258 127.718982272678 128.822556389703 128.547327677409 128.890597873264 132.409523010254 133.69837612576 132.323338826497 130.188052707248 124.889840867784 129.657517327203 121.486245897081 119.628213670519 124.952042473687 122.595162285699 123.902519226074 119.352553473579 121.738908555773 125.300732082791 121.113039652507 126.725987752279 122.977469550239 118.088342454698 122.390902201335 126.82453833686 124.244114345974 120.260982089572 115.373156229655 119.027718438043 119.833942837185 119.390959845649 118.0763575236 116.563078986274 116.469203525119 116.21469285753 112.211034986708 108.557972378201 111.004687839084 106.398804558648
127.28493754069 128.046270582411 125.048672993978 124.291437784831 129.370872497559 130.833331637912 130.098727756076 129.086302863227 128.953136867947 128.332928975423 131.746003892687 132.010729471842 131.375684950087 130.929764641656 132.097466362847 132.679597642687 133.898831685384 132.899303012424 127.767261928982 125.058246188694 127.943450080024 127.731263054742 119.0999967787 120.388003879123 120.521486918132 120.29940032959 116.763114929199 118.525839063856 122.586222330729 117.481320699056 118.135904100206 118.135180155436 119.895377265082 122.192677815755 121.582648383247 121.882515801324 120.322924296061 117.42472076416 119.365248786079 120.512894524468 122.197095235189 123.238166809082 122.923656039768 126.737790425618 123.571229722765 115.575242784288 112.471775478787 116.915751987033 108.065225389269
130.718254089355 129.932060241699 130.289447360569 125.22982872857 129.732226053874 131.660247802734 134.573625352648 131.980899386936 131.52848815918 128.075340270996 131.911992390951 130.376472473145 130.572313096788 132.956067403158 135.347531636556 134.653879801432 133.80925072564 132.305554707845 128.086839463976 125.365107218424 123.131056043837 126.817159864638 126.849097357856 123.770680745443 119.198715209961 125.478215535482 118.370918273926 116.621352301704 121.373643663194 117.054056803385 114.580774943034 116.123322380914 117.004106309679 121.565077887641 122.644624498155 121.878258599175 118.626055399577 119.013859219021 115.44300503201 116.379831102159 119.152029249403 119.09684838189 118.597707960341 120.731777615017 126.057656182183 125.347064548069 123.575580173069 119.95630730523 115.021347045898
136.95083533393 135.148073832194 133.991517808702 133.428454081217 131.070596483019 130.545875549316 136.197687784831 134.038319057888 132.072052849664 129.279920789931 131.946206834581 130.52699025472 127.60434129503 133.897113376194 135.333025614421 133.325291951497 136.378461201986 134.87334950765 129.302630954319 126.958859761556 124.428287929959 123.04992251926 122.763535393609 125.59087032742 121.217091030545 118.535551283095 118.614629109701 114.732732137044 115.82950592041 117.228831821018 113.854853312174 115.86846754286 117.463925679525 119.226337856717 121.373964097765 121.715744018555 120.300227695041 114.846387227376 115.255688137478 113.155165778266 113.051109313965 112.737088521322 112.449662102593 113.35944281684 115.944019741482 117.516672770182 118.652939690484 121.167236328125 117.739222208659
137.421888563368 136.572576734755 137.856729295519 138.539359198676 134.652679443359 129.617678324382 130.219567192925 132.385603162977 132.934677124023 131.425028483073 131.510812547472 130.263320075141 128.681744045681 132.510531955295 132.855289035373 131.340125189887 131.688955518934 133.767057630751 132.190940009223 124.790144178602 125.316958109538 125.387160407172 123.453354729546 120.076961941189 121.328581068251 117.707757737901 115.460815429688 114.681964450412 113.31726413303 113.410304599338 112.782958136664 113.693556891547 117.42131890191 119.373565673828 120.822345309787 119.332050747342 116.919207255046 114.288946363661 113.580678304036 111.10637834337 109.688529120551 111.272020975749 107.780029296875 107.24243927002 108.995119730632 110.447745429145 110.985426161024 113.081755744086 117.132851494683
131.964332580566 135.899142795139 137.55071343316 138.474572923448 136.117919074164 132.305571662055 134.5636622111 134.229381985135 131.495080735948 135.120533413357 133.287989298503 132.4705013699 129.855928209093 130.254010518392 131.561527676053 132.822193569607 130.678746541341 131.140647040473 131.633447435167 123.820841471354 121.013825310601 121.446127997504 122.970280117459 121.03786722819 118.769911024306 118.53453403049 118.298240661621 116.729889763726 115.297999064128 117.717231750488 112.06729888916 110.692305670844 113.403599209256 115.350681728787 116.703575981988 114.121617635091 111.753055996365 110.686492919922 113.700732760959 112.938835144043 109.610422770182 105.506746927897 105.846283806695 105.619119432237 104.733942667643 106.341471354167 106.4314388699 111.641545613607 112.358519660102
125.187259250217 132.00409105089 137.264954460992 142.948605007595 137.433365715875 130.28236134847 133.867953830295 137.420749240451 136.676140679253 134.237730238173 136.608328925239 139.561737908257 138.543635050456 136.303355746799 136.213399251302 140.776028951009 136.07630666097 134.209284464518 128.5933464898 123.240295410156 120.033013237847 119.752472771539 121.120810614692 123.822759840224 119.143515692817 117.231725056966 118.284206814236 122.467427571615 120.679545932346 118.872699313694 115.844273037381 110.784829033746 111.064248826769 112.496734619141 112.34666273329 113.92339070638 112.859688652886 108.683344523112 109.49696943495 111.039793226454 110.981839497884 107.481672498915 103.939012315538 103.380262586806 102.613604227702 104.460631476508 104.611146714952 105.321729024251 105.834950764974
122.813319736057 125.647263420953 130.524645487467 131.986476474338 132.011845906576 129.822153727214 125.806264241536 130.797710842556 134.336389329698 135.915915595161 133.428252326118 134.517277187771 137.768091837565 138.612185160319 137.534691704644 139.599283006456 138.429459465875 135.474826388889 129.466952853733 122.754211425781 119.384759691026 117.353694491916 117.991266886393 118.067875332303 117.666999816895 119.090006510417 119.353877597385 122.004722595215 121.266207377116 118.29849158393 114.891157362196 112.781491597493 108.804061889648 110.287205166287 110.994687398275 108.83920372857 109.624628702799 109.903344896105 106.447664048937 104.78449927436 103.829934861925 105.056807623969 105.207951863607 105.810537550184 103.860582987467 100.313980102539 100.289204067654 101.315813700358 101.610865275065
130.835121154785 130.383339775933 134.45595296224 139.235715230306 137.376923455132 135.360193888346 134.378294203016 127.844323900011 124.966901143392 133.287069532606 135.419493781196 135.232938130697 134.913193596734 132.853908962674 136.198155721029 138.827699449327 138.900831434462 138.996266682943 133.798304239909 125.26612938775 120.963141547309 120.51672024197 115.920781453451 116.682974073622 116.588280571832 120.227272881402 120.787908766005 118.008458455404 120.631612989638 121.345911661784 116.09363132053 112.022425333659 110.812457614475 106.387162102593 106.975107828776 107.077169630263 105.458254496257 105.304876539442 107.713032192654 107.724461025662 105.457049051921 103.832221984863 102.925835503472 102.886276245117 104.26008521186 99.7920964558919 99.0766626993815 98.8794386121962 99.0391633775499
124.304122924805 123.088861253526 130.712081061469 134.034472995334 136.565680609809 131.066602918837 130.168312072754 128.294684516059 123.552215576172 124.173027038574 131.808035108778 135.330551995171 132.849538167318 131.846675448947 131.703219095866 135.926392449273 135.511767917209 133.971121046278 129.309624565972 126.057590908474 125.553044637044 118.936976114909 116.196406046549 115.796913994683 117.172776963976 123.109816657172 125.309978061252 119.627217610677 117.022221035428 118.350996229384 115.767541673448 115.473609076606 113.887994554308 110.319856431749 111.744628058539 114.678318447537 110.88170115153 110.855969746908 112.204767015245 109.329299079047 106.609244452582 103.786775377062 104.423008388943 104.897570292155 105.550490485297 105.628159417046 101.548144870334 102.346606784397 102.286786397298
119.62659878201 119.959291246202 115.158705817329 121.045413547092 124.468433803982 129.990426805284 132.856993781196 134.748235914442 129.51254357232 124.321392483181 122.659130520291 125.552890353733 127.828279283312 128.236314561632 127.801835801866 130.13623046875 130.752274407281 131.840488857693 131.281917995877 124.740142822266 121.98718685574 117.019260830349 118.312925550673 117.683477613661 116.569011264377 120.345575120714 122.63158331977 118.004123263889 114.001278347439 112.940305074056 113.208677503798 110.160804748535 109.465239630805 110.885228474935 114.691090901693 110.336713155111 110.423622979058 111.064846462674 114.358519660102 112.595638699002 109.452197604709 106.417549133301 108.196947733561 112.683217366536 114.708016289605 113.442314147949 109.430695427789 105.251957363553 105.363238864475
123.928346421984 123.017447577582 118.276167975532 114.570521884494 114.563675774468 118.073807610406 125.116451687283 129.621338738336 130.120573255751 129.969077216254 126.831278483073 120.670650906033 117.937729729546 120.938877529568 120.89741092258 120.891075134277 121.575617472331 121.728729248047 120.34309302436 119.036932203505 118.117752922906 113.358610365126 118.969601101345 117.962620205349 112.347085740831 117.804274664985 120.782229953342 119.223501417372 114.594505310059 111.219452752007 109.523244222005 109.794240315755 108.375947740343 107.502618577745 108.687670389811 108.221094767253 110.6898405287 109.95842827691 106.604988945855 108.116627163357 107.630806816949 106.43283674452 112.652097913954 116.769755045573 121.292400783963 118.375079684787 114.87627919515 110.640352884928 106.734454684787
121.398777431912 121.224365234375 117.107412550184 116.574183146159 117.752464294434 112.878671434191 121.255986531576 125.850607977973 125.372241550022 125.190027025011 123.738876342773 118.048503451877 112.531558566623 113.063668992784 115.129691229926 117.983621385362 121.722983466254 120.752126905653 118.084032694499 116.613368564182 115.038427564833 112.603234185113 111.919522603353 111.246999952528 108.850971645779 107.842052883572 109.4042807685 111.199373033312 113.034776475694 117.613181220161 114.876945495605 106.81615447998 107.051676432292 106.59225124783 105.702635871039 106.292037963867 108.097177293566 107.547752380371 106.268615722656 106.870375739204 107.003623962402 107.561116536458 116.267221238878 122.735967848036 122.696046617296 122.84972805447 122.809512668186 119.931327819824 116.094391716851
109.545834011502 112.934411790636 114.783554924859 114.547576904297 113.30723063151 114.588524712457 111.441697014703 110.651320563422 110.419169108073 110.596961127387 110.485001458062 110.371998257107 110.654618157281 113.786037868924 119.536282857259 125.370835198296 125.270716349284 124.500021192763 122.823120964898 121.367344326443 119.725574069553 119.408571879069 116.011728074816 111.04584842258 107.458769904243 106.178460015191 108.281962076823 114.91106499566 117.466692606608 117.756065368652 116.908735487196 109.935868157281 113.840508355035 112.752159118652 109.587692260742 105.457015991211 104.935061136882 105.574401855469 107.12385559082 110.551266988118 117.415913052029 118.016537136502 116.094570583767 117.802034166124 121.435258653429 124.677327473958 124.701543172201 123.369504292806 121.08152601454
113.92904747857 111.97924041748 109.23001352946 109.797320048014 111.153088039822 112.612261454264 110.822593688965 109.641876220703 106.873691982693 106.260597229004 105.916309780545 106.433078342014 114.400574578179 117.211532592773 117.870585971408 119.73211839464 122.569327460395 123.639494154188 123.97290802002 123.694166395399 122.953221638997 121.091015285916 119.247396681044 116.734361436632 112.679376390245 107.92635345459 106.849832322862 113.349572075738 118.323084513346 120.492850409614 120.197883605957 114.574921502007 120.187422858344 117.791475084093 117.879195319282 113.181833902995 107.344039916992 106.620250278049 111.949417114258 117.728862338596 118.334554884169 118.768974304199 119.559076097276 117.475588480632 116.369647555881 121.158223470052 122.331477695041 120.634882609049 119.916986253526
