data/test_2003/bio16_avg_1994-2002.asc
NCOLS 664 
NROWS 380 
XLLCORNER 3.91666666666667 
YLLCORNER 55.3333333333333 
CELLSIZE 0.0416666666666667 
NODATA_value -9999 
[rows 0 to 21 of 380, columns 539 to 587 of 664]
-9999 -9999 -9999 -9999 -9999 -9999 -9999 -9999 -9999 -9999 -9999 -9999 -9999 -9999 -9999 -9999 -9999 -9999 -9999 -9999 -9999 -9999 -9999 -9999 -9999 -9999 -9999 -9999 -9999 -9999 -9999 -9999 -9999 -9999 -9999 -9999 -9999 -9999 -9999 -9999 -9999 -9999 -9999 -9999 -9999 -9999 -9999 -9999 -9999
-9999 -9999 -9999 -9999 -9999 -9999 -9999 -9999 -9999 -9999 -9999 -9999 -9999 -9999 -9999 -9999 -9999 -9999 -9999 -9999 -9999 -9999 -9999 -9999 -9999 -9999 -9999 210.314741346571 202.130550808377 203.813498602973 205.372380574544 205.861180623372 193.140604654948 -9999 -9999 -9999 -9999 -9999 -9999 -9999 -9999 -9999 195.101903279622 194.804987589518 193.705298529731 -9999 -9999 -9999 -9999
-9999 -9999 -9999 -9999 -9999 -9999 -9999 -9999 -9999 -9999 -9999 -9999 -9999 -9999 -9999 -9999 -9999 -9999 -9999 -9999 -9999 -9999 -9999 -9999 -9999 -9999 195.811048719618 207.243794759115 211.463406032986 206.19302198622 207.656010945638 202.063244289822 199.507293701172 194.10341389974 183.991188897027 181.908625284831 202.347903781467 197.130801730686 197.907945421007 198.040559556749 195.072306315104 204.827797783746 201.247151692708 197.792019314236 192.767761230469 187.885830349392 -9999 -9999 -9999
-9999 -9999 -9999 -9999 -9999 -9999 -9999 -9999 -9999 -9999 -9999 -9999 -9999 -9999 -9999 -9999 -9999 -9999 -9999 -9999 204.932427300347 203.39919535319 199.938859727648 193.116234673394 200.049275716146 203.530771891276 201.473726060655 198.335101657444 205.346722073025 208.77289835612 205.3019595676 205.471052381727 202.764763726128 197.220470852322 190.294162326389 194.054012722439 200.129550509983 198.825558132595 199.594702826606 197.855894300673 201.081592135959 201.160419040256 200.767942640516 193.492280748155 186.714426676432 -9999 -9999 -9999 -9999
-9999 -9999 -9999 -9999 -9999 -9999 -9999 194.15183851454 -9999 -9999 -9999 -9999 -9999 -9999 -9999 -9999 -9999 -9999 206.425988091363 203.610595703125 198.242585923937 203.11669921875 200.371007283529 202.204310099284 204.60417175293 207.157909817166 198.886408487956 185.058841281467 200.371597290039 205.619786580404 206.983606974284 207.110546535916 201.977023654514 196.221423678928 196.164037068685 199.945653279622 201.747851901584 199.910917494032 197.030544704861 198.046383327908 198.794691297743 198.658108181424 194.182281494141 188.428629557292 206.710578070747 220.197343614366 215.446589152018 212.186933729384 203.636552598741
-9999 -9999 213.960959540473 212.039764404297 209.075951470269 211.68909878201 206.234229193793 198.373823377821 191.555380927192 -9999 -9999 -9999 -9999 -9999 -9999 -9999 -9999 200.447728474935 202.483062744141 202.670842488607 201.20812649197 197.608045789931 195.8498111301 195.18180847168 194.66869269477 196.151841905382 198.905485365126 202.612347073025 198.63845316569 197.896423339844 202.961736043294 204.177997165256 200.749835544162 199.841425577799 201.012688530816 201.182659573025 199.079018486871 197.80999077691 197.38011847602 197.89010281033 197.071226331923 194.030044555664 193.46358066135 213.076719495985 230.734359741211 237.779946221246 236.773562961155 223.892776489258 210.063061184353
213.023935953776 210.545415242513 213.615381876628 215.694573296441 220.04217698839 214.794162326389 207.405083550347 197.861797756619 189.748881022135 -9999 -9999 -9999 -9999 -9999 -9999 -9999 -9999 -9999 188.08590359158 190.426264444987 194.208199395074 193.849755181207 193.811038547092 189.250135633681 183.266708374023 189.659459431966 192.50111050076 196.454635620117 198.201165093316 202.766462537977 205.102834065755 204.133441501194 201.902845594618 202.104119194878 201.80030992296 199.650580512153 200.525371975369 200.692862616645 198.855499267578 195.217805650499 195.098422580295 206.799297756619 219.129426744249 215.066484239366 211.065343221029 210.605228000217 207.14959886339 201.896277533637 202.112026638455
221.328521728516 221.855604383681 220.744608561198 217.711556328668 212.59142727322 206.785076565213 196.83491007487 190.130813598633 189.926308525933 182.919316609701 -9999 -9999 -9999 -9999 -9999 -9999 -9999 -9999 -9999 -9999 -9999 -9999 -9999 -9999 -9999 -9999 189.068983289931 193.098183525933 195.483723958333 197.301183064779 197.122712877062 196.869144015842 196.804492526584 195.82544793023 195.856638590495 196.258999294705 198.718829684787 197.34784105089 199.285847981771 200.572135077582 211.484027438694 217.684685601128 206.946144951714 202.267600165473 204.216759575738 203.770802815755 199.753389146593 197.0812564426 193.306747436523
216.898961385091 219.241156684028 213.255917019314 207.335993448893 202.801427205404 203.191952175564 200.85955980089 193.204298231337 185.668701171875 -9999 -9999 -9999 -9999 -9999 -9999 -9999 -9999 -9999 -9999 177.45470852322 -9999 182.894443088108 192.060997856988 199.312054104275 195.059070163303 193.952946980794 189.304144965278 195.518154568142 196.73435804579 195.135643853082 194.471701727973 194.353881835938 192.144331190321 192.689909193251 189.249684651693 187.695010715061 187.513671875 182.563161214193 186.230873955621 188.424672444661 188.198265923394 189.057761298286 195.66332160102 194.857528686523 188.736426459418 183.393953111437 187.468310885959 184.926693386502 -9999
218.511754353841 218.776582505968 219.483252631293 221.311314900716 217.483606974284 217.870385064019 203.136796739366 186.378167046441 184.167711046007 -9999 -9999 -9999 -9999 -9999 -9999 -9999 -9999 -9999 -9999 177.65109761556 -9999 182.988186306424 191.811584472656 196.291527642144 198.732560899523 201.989186604818 201.430606418186 200.638471815321 201.968827989366 200.001578436957 200.441133287218 200.75451321072 195.836147732205 191.102377997504 192.324200100369 196.167163425022 203.495947943793 195.835851033529 190.692294650608 180.070810953776 195.171961466471 -9999 -9999 -9999 173.334581163194 -9999 -9999 -9999 -9999
228.324866400825 218.611928304036 212.617228190104 210.266338772244 216.746544731988 211.954911973741 191.33226691352 183.303536309136 -9999 -9999 -9999 -9999 -9999 -9999 -9999 -9999 -9999 186.22196621365 189.573045518663 189.513242933485 196.604327731662 193.346399943034 192.225051879883 196.285164727105 199.578628540039 198.908509996202 200.047324286567 202.011030409071 203.086910671658 200.726915147569 199.637808905707 197.866931491428 201.176708645291 208.750822279188 211.406475490994 205.591956244575 200.502634684245 197.796103583442 193.62951321072 188.714324951172 184.875525580512 177.560612996419 173.239228990343 -9999 182.543999565972 182.939617580838 -9999 -9999 -9999
212.072152031793 208.110061645508 203.547371758355 191.964430067274 183.881830851237 180.708196004232 -9999 -9999 -9999 -9999 -9999 -9999 -9999 -9999 -9999 -9999 178.252695719401 180.229120890299 183.665905422635 188.398893568251 193.913908216688 200.620791965061 201.13335164388 199.032485961914 196.29515753852 195.827994452582 195.347669813368 197.619823879666 200.216683281793 200.326215955946 203.685872395833 209.833036634657 209.49993218316 201.212271796332 196.880315144857 196.362118191189 191.912855360243 181.158908420139 181.951729668511 175.714062160916 175.960705227322 188.782643636068 191.535396999783 201.748930189345 211.136610243056 202.6164126926 178.139524671766 -9999 -9999
203.241258409288 202.094970703125 199.404539320204 193.204305013021 185.32864718967 184.89645046658 179.583516438802 -9999 -9999 -9999 -9999 -9999 -9999 -9999 -9999 -9999 175.149046156141 186.979114108615 188.227198282878 191.191940307617 191.983523898655 191.636394924588 190.24597507053 191.424567328559 196.652752346463 196.814780341254 196.014414469401 195.987536960178 195.598583645291 193.795116848416 187.00122918023 184.791844685872 182.460408528646 179.723858303494 175.883809407552 172.338570488824 182.525453355577 187.841647677951 189.06186082628 194.617319742839 206.10314602322 218.492713080512 211.061170789931 206.765284220378 207.184197319878 185.832372029622 -9999 -9999 -9999
204.388775295681 209.49067179362 209.394539727105 206.36538526747 196.920082939996 184.11309644911 -9999 -9999 -9999 -9999 -9999 -9999 173.08959113227 -9999 176.941645304362 188.328901502821 186.482415093316 187.538118150499 188.985566880968 184.204969618056 186.244784884983 188.206203884549 187.736190795898 185.69044664171 188.099431355794 187.314466688368 184.961500379774 187.420255872938 185.947419908312 186.356163872613 183.358747694227 189.523393419054 200.311828613281 203.939059787326 191.460530598958 191.100572374132 204.706907484266 210.52135043674 203.147749159071 211.137293497721 214.421547783746 213.173219468859 205.801778157552 193.548316107856 178.829418606228 -9999 -9999 -9999 -9999
213.071994357639 210.263046264648 204.34176296658 199.993593004015 191.26725769043 178.755822075738 174.704193115234 -9999 -9999 -9999 -9999 -9999 -9999 -9999 176.822914971246 183.11787753635 187.982192993164 193.337534586589 190.582551744249 188.416349622938 182.715877956814 183.292129516602 182.221399943034 179.403935750326 181.775790744358 191.974973890516 205.04163784451 209.877577039931 206.003436618381 199.296498616536 201.690110948351 206.269792344835 205.838295830621 206.500366210938 208.309231228299 218.770243326823 219.02763027615 215.342235989041 202.964246961806 193.781058417426 185.818381415473 180.166376749674 172.441650390625 -9999 -9999 -9999 -9999 -9999 183.760019938151
202.836330837674 201.232452392578 198.218594021267 190.663962470161 182.231116400825 177.047999064128 -9999 -9999 -9999 -9999 -9999 169.216990152995 168.56931898329 -9999 175.956298828125 179.67958577474 185.180197821723 187.265014648438 191.7681511773 191.389422946506 191.682306925456 193.536578708225 189.646521674262 185.368252224392 186.730824788411 196.707238091363 211.6492123074 222.688137478299 216.156972249349 207.598398844401 207.943879869249 208.980321248372 202.501585218641 194.004189385308 192.694642808702 189.469914754232 181.710806952582 177.199174669054 170.656026204427 167.256798638238 166.121892293294 -9999 171.900665283203 170.986372205946 177.324130588108 178.511505126953 174.284469604492 174.914299858941 174.336647881402
199.905142890082 194.166393703885 188.296625773112 179.20118882921 173.530546400282 -9999 -9999 -9999 -9999 176.117645263672 180.845816718207 187.275792439779 178.260923597548 170.718512641059 181.482208251953 185.863579644097 178.946843465169 181.006508721246 189.479866875543 189.54392835829 189.677478366428 189.246592203776 189.612375895182 186.193498399523 185.413752237956 195.329094780816 199.22183057997 200.315872192383 199.716040717231 196.305716620551 193.12134636773 190.52927992079 185.508867051866 179.70927090115 174.435619778103 167.633802625868 173.080349392361 171.05840894911 172.964419894748 173.077874077691 173.752200656467 173.155631171332 172.36009894477 178.314844767253 190.695780436198 190.156227959527 174.765713161892 173.364735921224 179.09046596951
192.166771782769 193.487569173177 185.888665093316 175.97979566786 173.731202867296 177.495051066081 181.570607503255 183.508148193359 183.398952907986 183.83541531033 184.630754258898 182.017934163411 181.821409437391 179.575368245443 186.31458706326 184.117913140191 182.209411621094 185.759641859266 184.961956448025 184.320171780056 186.346221923828 187.84608968099 189.314180162218 188.810758802626 193.253070407444 192.884039984809 192.071263631185 192.135865953234 193.310309516059 194.911580403646 194.222361246745 187.073964436849 180.313203599718 179.08395046658 177.625227186415 174.140721638997 175.77428012424 183.754313151042 179.691819932726 170.364500257704 171.104663425022 172.756244235569 173.404998779297 180.831904093424 177.314627753364 172.29514058431 171.645604451497 178.425782945421 185.255250718859
188.425096299913 183.760352240668 179.383972167969 174.219190809462 185.362972683377 180.338205973307 183.781904432509 188.530639648438 190.910793728299 187.552907307943 187.888826158312 183.818457709418 181.963455200195 180.163508097331 185.239747789171 191.113986545139 191.445877075195 192.31894938151 190.681520250109 192.838309393989 193.935397677951 195.676888359918 194.343334621853 195.299228244358 198.495434231228 197.255204942491 196.540520562066 192.40242852105 192.677035861545 193.275316026476 188.322830200195 185.28734503852 186.852983262804 186.15433078342 179.350468953451 178.413931952582 175.991453382704 181.372668796115 176.260545518663 170.866074456109 170.458133273655 171.121799892849 169.306408352322 165.390312194824 166.750225490994 175.959579467773 181.297115749783 184.244004991319 185.796145968967
185.753633287218 179.973505655924 176.288969251845 180.822521633572 184.856580946181 181.199778238932 178.191397772895 181.305645412869 184.738169352214 181.19310675727 180.446936713325 182.256366305881 184.209526909722 185.280112372504 194.296020507812 194.091732449002 193.248891194661 192.051905314128 192.583326551649 192.574101765951 193.282299465603 194.452963935004 193.277665879991 193.244895087348 195.047080145942 196.584516737196 196.65781656901 192.46058315701 193.696066962348 193.399661593967 185.834867689345 184.736219618056 180.738935682509 182.563061184353 179.206258138021 177.398696899414 176.301357693142 177.029166327582 173.548502604167 171.875567118327 171.709471808539 169.140263875326 168.194753858778 164.849916246202 172.763398912218 185.558842976888 189.871743096246 192.700898912218 183.649478488498
184.536482069227 187.469655354818 181.255094740126 184.434187147352 183.262812296549 184.877075195312 184.813598632812 181.054762098524 182.193656073676 184.864559597439 183.690482245551 185.376052856445 185.358379787869 184.560080634223 188.293806287977 192.633021036784 193.95859781901 188.950629340278 188.502309163411 190.989264594184 189.174307929145 189.361975775825 189.188966539171 189.304779052734 189.390202840169 189.306479560004 188.522496541341 185.378714667426 184.34774102105 182.045050726997 183.229366726345 179.022291395399 175.059803432888 174.866745842828 177.398464626736 175.876698811849 174.646806504991 173.383134629991 171.544832017687 169.399276733398 167.977889166938 167.819258795844 169.50087483724 168.924413892958 179.038696289062 185.087320963542 184.375362820095 181.068951076931 177.087990654839
196.675347222222 193.978995429145 192.2386847602 191.215428670247 191.719175550673 191.45014444987 190.102759467231 185.630108303494 183.92487250434 185.203813340929 184.311852349175 184.266021728516 184.516766018338 183.422829522027 184.166948106554 186.127454969618 186.721823798286 187.587485419379 188.188501993815 188.325892130534 185.924836900499 188.472646077474 187.068023681641 188.913535224067 188.859295315213 186.410600450304 184.69590250651 182.633054945204 181.896852281359 180.855121188694 178.531482272678 178.970755683051 175.571605258518 174.757481045193 174.576401604546 173.286045498318 173.825568305122 173.453684488932 173.272686428494 172.400050693088 168.233749389648 169.135769314236 166.755513509115 174.704193962945 182.103454589844 177.68731519911 173.366607666016 176.464906480577 174.097208658854
