data/test_2003/bio19_avg_1994-2002.asc
NCOLS 664 
NROWS 380 
XLLCORNER 3.91666666666667 
YLLCORNER 55.3333333333333 
CELLSIZE 0.0416666666666667 
NODATA_value -9999 
[rows 44 to 65 of 380, columns 294 to 342 of 664]
-9999 -9999 -9999 -9999 -9999 -9999 -9999 -9999 -9999 -9999 -9999 -9999 -9999 -9999 -9999 -9999 -9999 302.049092610677 296.779993693034 292.675599839952 293.140611436632 293.304634941949 285.917943318685 289.808634440104 284.716451009115 280.944461398655 280.810991075304 283.652959187826 287.428860134549 284.34664577908 268.525482177734 277.483983357747 274.386018541124 268.803197224935 270.776167127821 272.421719021267 271.255043877496 268.204376220703 264.176662868924 256.643568250868 247.607131958008 241.981231689453 240.03823682997 244.599204169379 253.085705227322 258.947848849826 251.49262491862 253.143602159288 246.358354356554
304.287272135417 -9999 -9999 -9999 -9999 -9999 -9999 -9999 -9999 -9999 -9999 -9999 -9999 -9999 278.448940700955 274.896987915039 -9999 -9999 280.116529676649 287.164832221137 285.969689263238 285.14172024197 285.842115614149 284.636654324002 288.740136040582 294.048017713759 296.454569498698 293.015340169271 277.052085028754 277.382490370009 285.749542236328 267.696133083767 267.546603732639 276.502668592665 270.824974907769 261.820326063368 256.546088324653 254.214380900065 251.666119045681 251.249199761285 247.773473103841 241.807540893555 238.378489176432 247.760325113932 259.702512953016 258.801398383247 262.968426174588 258.529646131727 238.799048529731
-9999 -9999 -9999 -9999 -9999 -9999 -9999 -9999 -9999 -9999 -9999 -9999 -9999 -9999 -9999 -9999 -9999 297.051717122396 296.437269422743 301.359681871202 296.982567681207 288.40167066786 292.631834242079 288.981808132595 289.796932644314 284.755104912652 279.601218329536 284.760654025608 277.191925048828 278.300291273329 270.108005099826 266.010774400499 264.320504082574 259.429516262478 255.995396931966 254.478775024414 255.925923665365 255.914445665148 252.888449774848 247.254947238498 243.822404649523 241.96624077691 239.566046820747 244.203650580512 251.906236436632 252.518507215712 244.324001736111 234.492562188043 239.217290242513
-9999 -9999 -9999 -9999 -9999 -9999 -9999 -9999 -9999 -9999 -9999 -9999 -9999 -9999 -9999 -9999 -9999 288.101540459527 296.843073527018 299.655036078559 292.731341891819 284.937155829536 293.470440334744 296.16279941135 282.502941555447 281.434382120768 283.723273383247 273.595155504015 272.167300754123 264.243414984809 259.733417087131 254.095428466797 254.77668762207 257.872889200846 258.26801554362 258.662753634983 262.624799940321 257.057390001085 258.146421644423 255.597491794162 254.772554185655 247.290590074327 239.311284383138 242.109091864692 -9999 244.914352416992 245.960001627604 246.68931918674 246.319597032335
-9999 -9999 -9999 -9999 -9999 -9999 -9999 -9999 -9999 -9999 -9999 -9999 -9999 -9999 -9999 -9999 -9999 296.623957316081 296.466785007053 290.893215603299 283.094516330295 284.755177815755 291.593275282118 295.683946397569 287.971096462674 282.099609375 286.128270467122 282.684560139974 274.016053941515 258.97907172309 243.510182698568 241.998823377821 251.4181705051 251.334028455946 253.85888671875 255.424592759874 246.764582316081 -9999 243.695760091146 247.327774047852 245.062996758355 257.192847357856 255.895178900825 257.591401841905 245.762388441298 235.195717705621 238.204020182292 234.629055447049 239.283396402995
-9999 -9999 -9999 -9999 -9999 -9999 -9999 -9999 -9999 -9999 -9999 -9999 -9999 -9999 307.088010999891 308.194542778863 310.901911417643 308.627505832248 303.387949625651 306.128446790907 286.582083808051 283.02837117513 287.37693617079 290.263922797309 282.844570583767 284.095840454102 271.651170518663 264.569583468967 -9999 -9999 -9999 239.536997477214 240.787680731879 234.103963216146 -9999 239.051225450304 250.200383504232 245.654941134983 251.916803995768 261.589184231228 255.969363742405 257.609266493056 255.048244900174 251.542895846897 243.691284179688 250.301964653863 249.861992730035 239.548229641385 230.512376573351
-9999 -9999 -9999 -9999 -9999 -9999 -9999 312.985241360135 310.406658596463 308.406643337674 -9999 -9999 -9999 -9999 304.808958265516 310.261888292101 316.938466389974 307.138668484158 295.842714097765 287.666570027669 281.931850857205 275.889409383138 272.908972846137 269.469445122613 274.55862765842 256.888414171007 -9999 -9999 -9999 266.11659749349 256.718532986111 256.453299628364 254.270655314128 244.872633192274 257.85265774197 257.062911987305 254.79554409451 249.553631252713 259.587507459852 264.859654744466 271.856387668186 272.666639539931 259.2046746148 263.172193739149 264.262162950304 252.221572875977 252.326709323459 252.252010769314 238.762363009983
-9999 -9999 -9999 -9999 317.878453572591 327.248229980469 -9999 322.193289862739 323.566555447049 321.69470553928 -9999 -9999 -9999 -9999 -9999 -9999 292.563296847873 290.224504258898 -9999 -9999 275.748323228624 277.337324354384 277.422846476237 283.785707261827 274.719972398546 256.918631659614 -9999 -9999 257.294664171007 257.959852430556 260.244976467556 253.006127251519 251.977233886719 257.91352335612 262.677008734809 260.587429470486 261.72577073839 254.151133219401 270.080637613932 265.304173787435 254.531682332357 255.18894788954 261.852089775933 255.088643391927 262.655624389648 261.072835286458 254.022384643555 246.44869656033 250.071060180664
-9999 322.466401841905 342.65461730957 333.479176839193 335.283064100477 329.198981391059 329.191623263889 334.37220425076 329.503428141276 326.545942518446 325.948976304796 -9999 317.605790879991 312.450342814128 -9999 -9999 -9999 -9999 -9999 -9999 -9999 -9999 -9999 -9999 -9999 -9999 -9999 -9999 261.832032945421 259.620229085286 -9999 252.754401312934 246.4054751926 257.951556735569 268.605962117513 267.846103244358 256.185307820638 253.959284464518 262.469275580512 261.708418104384 269.835683186849 261.663029988607 257.213565402561 263.79552883572 265.946178860135 261.411919487847 262.224826388889 251.602357652452 258.025093926324
-9999 -9999 346.462053087023 347.221845838759 349.212029351128 342.177315606011 337.240181816949 335.949866400825 329.13958062066 334.995457967122 328.207185533312 324.35592312283 324.800515068902 314.222679985894 -9999 -9999 -9999 -9999 -9999 -9999 -9999 -9999 268.68329026964 267.259195963542 262.487762451172 261.398195054796 261.254726833767 256.663255479601 244.455086602105 -9999 -9999 262.254423353407 274.498967488607 265.584382798937 269.026604546441 269.34255472819 266.339067247179 246.862452189128 258.055738661024 265.561431884766 268.037599351671 268.008514404297 265.823159111871 259.815158420139 251.191745334201 255.331731160482 257.098444620768 254.068284776476 251.038070678711
333.440575493707 344.92832438151 346.046754625109 347.930082533095 357.391386244032 347.687116834852 354.596759372287 352.684173583984 349.707114325629 342.600869072808 333.046485053168 326.322480943468 322.298577202691 318.673428005642 -9999 -9999 -9999 -9999 -9999 -9999 -9999 -9999 276.566104465061 276.878472222222 263.591471354167 265.287757025825 272.412290785048 270.762502034505 267.314685397678 255.096332126194 253.867441813151 246.273610432943 254.000864664714 245.764450073242 252.329401652018 246.686221652561 239.462944878472 238.744928995768 247.556318495009 250.625152587891 252.153264363607 250.569751315647 251.708726671007 242.860675387912 238.580737643772 246.398057725694 254.944703843859 250.818749321832 247.763193766276
351.554912990994 358.241858588325 358.347612169054 344.546539306641 353.067498101128 358.698425292969 351.225331624349 347.019451565213 -9999 338.154408772786 337.671223958333 -9999 325.671875 321.476603190104 -9999 -9999 -9999 -9999 -9999 288.157874213325 282.206588745117 288.530700683594 -9999 278.211919148763 279.519644843207 272.103003607856 265.677113850911 269.554996066623 273.01555718316 266.512664794922 261.729717678494 249.745615641276 259.818467881944 256.696239895291 256.201146443685 256.121844821506 259.083570692274 255.180847167969 246.636588202582 237.595533582899 240.546927558051 242.676813761393 238.47864956326 238.488299899631 239.027325100369 238.891867743598 237.25501675076 243.392773098416 245.239122178819
354.992387559679 361.786268446181 360.251907348633 356.27815246582 358.970860799154 358.167897542318 356.163791232639 351.709813435872 348.317576090495 343.468237982856 336.271401299371 -9999 -9999 -9999 -9999 -9999 -9999 -9999 302.091272989909 294.095336914062 287.818562825521 291.213750203451 281.998199462891 273.731284247504 276.224570380317 276.026445176866 271.266599867079 265.255764431424 260.177551269531 265.561384412977 257.280080159505 252.326487223307 252.801537407769 251.906909518772 265.311309814453 259.797873602973 255.744657728407 262.058519151476 263.836547851562 248.985641479492 252.285218980577 257.810102674696 257.348500569661 257.803064982096 256.22179836697 254.355507744683 250.958296034071 240.103556315104 237.14416164822
371.786732991536 370.906483968099 368.28773159451 367.246010674371 365.297654893663 365.107464260525 354.445680406359 349.210589938694 350.77197265625 347.227979871962 340.542777167426 -9999 -9999 -9999 -9999 -9999 310.495149400499 304.445434570312 303.959025065104 299.749123467339 296.012217203776 287.881961398655 277.57415093316 274.489649454753 266.495569864909 -9999 264.087392171224 261.887615627713 258.621398925781 262.526587592231 262.39020453559 260.327685885959 254.819715711806 258.238121880425 250.078586154514 246.627092149523 243.566077338325 236.42445034451 229.310299343533 240.486406114366 255.10600789388 262.060136583116 247.272087944878 245.907470703125 255.580856323242 255.095609876845 251.769863552517 240.590723673503 240.101920233832
370.684019300673 366.81517706977 375.288745456272 367.58607143826 361.389672173394 362.790924072266 355.575063069661 355.063586764865 357.544960869683 351.251232571072 347.129743787977 342.138612535265 338.625456068251 -9999 -9999 319.578901502821 319.070500691732 311.386949327257 305.987204657661 297.072942097982 297.143851386176 290.358766343859 271.706124199761 276.156509399414 269.247741699219 266.971121893989 256.327894422743 261.690758599175 257.105475531684 247.62547132704 249.39025539822 252.345092773438 250.953335232205 253.09368218316 253.225067138672 255.052451239692 252.061021592882 249.729670206706 237.440868801541 239.571614583333 251.133887396918 251.59169514974 244.634406195747 243.953328450521 239.238464355469 249.453565809462 243.921649509006 245.642959594727 230.461541069878
369.614635891385 363.045216878255 370.181664360894 374.067804972331 368.7103644477 354.058702256944 350.333384195964 360.619481404622 377.293392605252 372.523802015516 353.074318779839 349.355506049262 -9999 337.024052937826 348.294503106011 339.102806939019 333.393692016602 323.750171237522 314.923987494575 297.048958672418 300.322764078776 290.380223592122 284.994194878472 276.612401326497 277.515848795573 269.039745754666 260.96193101671 256.144644843207 261.121085272895 248.490820990668 240.200736151801 233.150210910373 240.533092922635 246.004887898763 249.369455973307 255.29773288303 254.121927897135 252.227369520399 258.001390245226 247.118525187174 246.791707356771 255.072328355577 247.952363755968 247.539986504449 250.496131049262 247.514979044596 242.692954169379 246.353524102105 243.958702935113
359.790330674913 361.384502834744 353.937016805013 367.64697265625 373.878770616319 377.971476236979 373.356597900391 366.0027279324 359.097064548069 361.668192545573 358.573660956489 353.095509847005 362.895829942491 355.37126159668 347.179980807834 339.545388115777 306.579618665907 297.536480373806 293.941219753689 290.83563401964 299.405817667643 280.202143351237 280.566674126519 269.922273423937 263.188920762804 259.368716769748 267.08457438151 260.218348185221 257.271401299371 252.265570746528 254.498413085938 242.818067762587 239.951583862305 242.459693060981 250.533626980252 239.367916531033 230.377905951606 238.083633422852 248.115341186523 240.727866278754 252.520395914714 247.031548394097 249.986662122938 238.16276550293 236.189910888672 235.505138821072 230.215732150608 239.654829237196 240.132632785373
372.577801174588 367.115307278103 363.802137586806 355.702501085069 349.472849527995 348.104685465495 365.239267985026 391.91194152832 388.462821112739 384.883997599284 378.684660169813 374.568567911784 366.008773803711 354.285495334201 347.79441663954 321.323488023546 305.194963243273 299.934363471137 286.686252170139 285.216196695964 280.243777804905 275.507120768229 271.288584391276 268.145451863607 267.520960489909 254.294555664062 250.347483317057 257.205023871528 257.885150485569 254.406975640191 256.862847222222 254.527264065213 241.776908026801 239.080622355143 239.493133544922 239.105784098307 234.823525322808 238.884377373589 238.226804945204 250.063023885091 248.159542507595 233.770224677192 236.245293511285 235.929248385959 233.689324273003 242.902652316623 228.609266493056 225.919952392578 235.647045559353
383.509975857205 393.346866183811 393.037394205729 387.562984890408 384.311218261719 383.031934950087 382.245632595486 395.046106974284 392.847213745117 388.39917839898 386.555830213759 380.133724636502 370.999318440755 366.634350246853 350.269468519423 318.275548299154 304.241231282552 292.443523830838 283.866238064236 289.324761284722 281.690541585286 279.304541693793 271.360422770182 266.443589952257 266.74175008138 250.990921020508 252.187277899848 251.663558959961 245.627583821615 239.961978488498 240.297332763672 242.797826131185 234.510633680556 219.779546101888 222.614025539822 230.254353841146 231.051773071289 235.070636325412 236.890552096897 240.541258070204 243.051815456814 242.79059516059 231.266999986437 230.743547227648 230.055206298828 229.526941935221 224.765852186415 221.248816596137 232.970774332682
399.530124240451 383.781161838108 367.297136094835 363.463182237413 363.771487765842 370.281002468533 401.525085449219 372.436462402344 366.990570068359 377.574391682943 383.815965440538 383.356711493598 378.572757297092 371.442153930664 351.661154852973 339.346420288086 339.137822469076 327.418592664931 314.267194959852 306.229292127821 294.456386990017 285.340381198459 278.266270955404 269.035402086046 258.971193101671 249.114679972331 242.030044555664 237.38975016276 230.220123291016 223.537623087565 224.087010701497 211.836685180664 207.927503797743 220.921147664388 229.362179226345 232.71570163303 229.266665988498 230.261403401693 231.692679511176 234.691633436415 239.532409667969 238.461742824978 238.932454427083 241.518754747179 241.94207933214 240.380735609266 238.497565375434 236.15608215332 233.632749769423
374.756691826714 348.422147962782 343.367526584201 344.933871799045 358.233367919922 368.084238688151 367.919316609701 399.406958685981 396.751196967231 378.888400607639 389.422541300456 388.706837972005 383.585644192166 369.043602837457 360.388536241319 350.748848809136 342.223870171441 329.954377916124 316.434492323134 307.837134467231 291.497239854601 280.620059543186 270.784469604492 264.201017591688 258.501647949219 253.428887261285 244.44396633572 233.728883531359 214.469745212131 -9999 -9999 200.765257093641 201.456756591797 212.911298963759 225.467235989041 220.840226915148 219.309093899197 217.834515041775 217.507798936632 228.182969835069 230.697135077582 230.753297593859 231.592002020942 232.680708143446 235.632663302951 235.985950046115 234.594045003255 230.133968777127 227.538842095269
387.732367621528 386.787689208984 383.577348497179 392.139370388455 412.989895290799 410.36912367079 412.329511854384 -9999 407.131269666884 403.708413018121 402.01278008355 381.317616780599 387.267742580838 362.42743089464 -9999 -9999 -9999 -9999 -9999 -9999 289.066501193576 279.751222398546 266.476075914171 -9999 -9999 -9999 -9999 213.191396077474 209.648491753472 203.630342271593 213.146301269531 220.243650648329 216.722624037001 218.593087090386 214.67278374566 213.195280287001 212.377578735352 200.828101264106 212.747773912218 222.013744778103 223.467707316081 226.493394639757 229.813401963976 228.331581963433 228.342732747396 226.46164449056 227.922030978733 229.887585110135 224.770022922092
