data/test_2003/bio1_avg_1994-2002.asc
NCOLS 664 
NROWS 380 
XLLCORNER 3.91666666666667 
YLLCORNER 55.3333333333333 
CELLSIZE 0.0416666666666667 
NODATA_value -9999 
[rows 264 to 285 of 380, columns 245 to 293 of 664]
4.15715882513258 4.28054886394077 4.23860579066806 4.197647412618 4.15734015570747 4.10636631647746 4.10589239332411 3.93591854307387 3.81511129273309 3.82280410660638 3.99283038245307 4.05785658624437 4.22004943423801 4.29024230109321 4.33210174242655 4.36903733677334 4.31754938761393 4.41122799449497 4.39807343482971 4.50525201691522 4.7270975112915 4.75060947736104 4.79995475875007 4.96846691767375 5.04247879981995 5.10599091317919 5.05600282880995 5.1573682890998 5.16692031754388 5.15763886769613 5.16685769293043 5.36524316999647 5.37796184751723 5.2948473294576 5.0997326374054 5.10911790529887 5.07250335481432 4.90672193633185 4.92894077301025 4.9369838502672 4.92901786168416 5.03888527552287 5.0457525783115 5.0206200281779 5.08865404129028 5.20535479651557 5.27788872188992 5.35258944829305 5.5162902408176
4.27965044975281 4.30508473184374 4.36518571111891 4.31019875738356 4.26045672098796 4.15188164181179 3.99113983578152 4.03623138533698 4.20732288890415 4.08858113818698 4.06750594245063 4.00459769037035 4.09302242596944 4.19428054491679 4.14720543225606 4.12244171566433 4.27615557776557 4.36120311419169 4.09641710917155 4.26613108317057 4.47617848714193 4.63405927022298 4.72860662142436 4.68432076772054 4.70670143763224 4.98641549216376 5.06479612986247 4.92649896939596 4.64719033241272 4.88804827796088 5.05173966619703 4.99543118476868 5.18995571136475 5.36498059166802 5.27417177624173 5.11603005727132 5.03988795810276 4.9072462187873 4.83010432455275 4.92880447705587 5.04134721226162 5.04989006784227 5.16409934891595 5.06330874231127 5.12785156567891 5.18772750430637 5.2254368464152 5.27747959560818 5.38702244228787
4.43764228290982 4.39945393138462 4.45543217658997 4.38824979464213 4.38240673806932 4.31506366199917 4.11772063043382 4.2025441063775 4.23853445053101 4.27269148826599 4.33384834395515 4.23033857345581 4.19882882965936 4.25981911023458 4.27947600682576 4.22234590848287 4.24709526697795 4.35617804527283 4.51559392611186 4.46251010894775 4.45859281222026 4.51867572466532 4.43075855573018 4.51617447535197 4.77875722779168 4.92083999845717 4.91692275471157 4.88179628054301 4.71679361661275 4.76195761892531 4.79695508215162 4.88678566614787 5.09778314166599 5.23911401960585 5.2842780219184 5.23910877439711 5.20977285173204 5.07110346688165 5.03976755672031 5.0126252969106 4.97600989871555 5.00406130154928 5.17811293072171 5.22916417651706 5.21454890569051 5.29610035154555 5.39315165413751 5.37120326360067 5.45425468020969
4.41446730825636 4.40048956871033 4.38751199510362 4.51646770371331 4.53069003423055 4.55741246541341 4.41930137740241 4.24252361721463 4.32624594370524 4.38230156898499 4.36202396286858 4.43757957882351 4.39030196931627 4.37752426995171 4.316246509552 4.31891690360175 4.11536823378669 4.21998646524217 4.36643780602349 4.44255595737033 4.44550731447008 4.49879209200541 4.46024354298909 4.43102833959791 4.49214646551344 4.51526456409031 4.54588275485569 4.61376015345256 4.74806351131863 4.77436701456706 4.56983706686232 4.76347372266981 4.8954439163208 4.86258061726888 4.93305052651299 5.14968734317356 5.24699068069458 5.23329416910807 5.22293096118503 5.21261257595486 5.22117265065511 5.17623281478882 5.14912621180217 5.3086863623725 5.3899130821228 5.44297313690186 5.47769975662231 5.48825989829169 5.53748687108358
4.29062578413222 4.42835868729485 4.42425844404432 4.5611854924096 4.6706399652693 4.67109439108107 4.48254884613885 4.30383655760023 4.23929084671868 4.47141186396281 4.53636627727085 4.54815411567688 4.49577498435974 4.4362293349372 4.45551715956794 4.53932113117642 4.3683078289032 4.51529484324985 4.54361481136746 4.56193505393134 4.5635883808136 4.49190860324436 4.30072882440355 4.33321555455526 4.39436904589335 4.45385580592685 4.5318427350786 4.54455757141113 4.50433344311184 4.63810960451762 4.76905226707458 4.88132831785414 4.72243783209059 4.63804713884989 4.78699000676473 4.85443271530999 4.88654210832384 5.05881820784675 5.12659422556559 5.13709987534417 5.33616871303982 5.37107086181641 5.27013942930433 5.31187507841322 5.40494378407796 5.38034582138062 5.33958127763536 5.48698345820109 5.61421892378065
4.33211761050754 4.30272775226169 4.58733826213413 4.69473682509528 4.71758993466695 4.72677625550164 4.69529604911804 4.66864935557048 4.60783566368951 4.66835557089912 4.63254192140367 4.63406165440877 4.6030814382765 4.55610132217407 4.51895433002048 4.5780586666531 4.73824747403463 4.54110299216376 4.67112530602349 4.81264739566379 4.76783633232117 4.49452503522237 4.301380554835 4.27556938595242 4.32809154192607 4.40278053283691 4.4606359799703 4.52502136760288 4.46477018462287 4.61035222477383 4.68093432320489 4.93051648139954 4.82343178325229 4.7081806394789 4.73809589280023 4.83217800988091 4.8649267355601 4.94750873247782 4.98942430814107 5.08642072147793 5.23349814944797 5.25690894656711 5.33665307362874 5.50023047129313 5.60614124933879 5.38805209265815 5.36579624811808 5.45604032940335 5.59161784913805
4.50277601348029 4.52943046887716 4.52241836653815 4.62262140380012 4.62803975741069 4.68612496058146 4.76087702645196 4.84429534276326 4.78671383857727 4.755465692944 4.78171761830648 4.70996946758694 4.54205457369487 4.6738064289093 4.6162248717414 4.62346283594767 4.83068709903293 4.71441125869751 4.72830210791694 4.94635981983609 4.82158385382758 4.71930819087558 4.58336562580532 4.47475653224521 4.48998075061374 4.52237163649665 4.48242921299405 4.54381879170736 4.56120676464505 4.63459481133355 4.65964963701036 4.68987099329631 4.81292578909132 4.84314722485012 4.9122019873725 5.05325661765205 5.10997825198703 5.08286616537306 5.04925444391039 5.07540806134542 5.13316093550788 5.17558028962877 5.27033313115438 5.33891926871406 5.4848386976454 5.49259132809109 5.50634421242608 5.47893031438192 5.47918314403958
4.59826774067349 4.42996618482802 4.6138313876258 4.80333916346232 4.53632309701708 4.62464041180081 4.57412423027886 4.86477483643426 4.83659206496345 4.83774248758952 4.96089315414429 4.82271027565002 4.84536086188422 4.70801152123345 4.77482875188192 4.7315337922838 4.86296004719204 4.91821961932712 5.00631263520983 5.04073882102966 4.96849828296238 4.94309128655328 5.01101750797696 4.90244370036655 4.77253670162625 4.63679623603821 4.64988915125529 4.61711605389913 4.54947678248088 4.69817090034485 4.56469829877218 4.67272557152642 4.79141979747348 4.7504473262363 4.78080797195435 4.90033539136251 5.02386281225416 5.16689027680291 5.05241775512695 5.05056216981676 5.18582354651557 5.29425160090129 5.34867980745104 5.35960796144274 5.41553608576457 5.48863087760078 5.59455908669366 5.57515393363105 5.53391541375054
4.78542600737678 4.52083521419101 4.7665778266059 4.75555713971456 4.84360641903347 4.85798891385396 4.70153837733799 4.89025420612759 5.02947017881605 5.00651950306363 5.05040203200446 4.98611807823181 4.94200075997247 4.96854988733927 4.97043241394891 4.90060461892022 4.90489962365892 4.93719461229112 4.93365621566772 4.89495105213589 4.85407943195767 4.98820781707764 5.10233608881633 5.25796429316203 5.16692577468024 5.04622083240085 4.84851577546861 4.86224661933051 4.7695800198449 4.9995801448822 4.87258021036784 4.85208026568095 4.91791364881727 4.98974720637004 5.00591397285461 5.05358078744676 5.136914173762 5.23724752002292 5.13108110427856 5.11188287205166 5.21065293418037 5.3139230410258 5.35819329155816 5.38296339246962 5.41440020667182 5.45283704333835 5.48460711373223 5.5250440703498 5.68498081631131
5.11708439721002 4.88087100452847 4.92465779516432 4.96460827191671 5.03655637635125 4.94567113452488 4.98028577698602 4.95223368538751 5.09484831492106 5.11529639032152 5.09991100099352 4.98202578226725 4.85997372203403 4.81325515111287 4.9007031387753 5.06850902239482 5.07917258474562 4.82800298266941 4.56883329815335 4.74199684460958 4.86166037453545 5.03982427385118 4.97415439287821 5.17698460155063 5.32248184416029 5.21981196933323 5.01447571648492 5.05987734264798 5.20051672723558 5.2303228908115 5.25779559877184 5.20276832580566 5.05657455656264 5.12221381399367 5.10285337766012 5.1179928249783 5.18046545982361 5.20027163293627 5.16341095500522 5.18287009663052 5.31598223580254 5.3784278233846 5.34954002168443 5.40148560206095 5.44693099127875 5.47687652375963 5.54065529505412 5.58610084321764 5.69987975226508
5.34798823462592 5.17797244919671 5.12495684623718 5.18824762768216 5.29751200146145 5.06744276152717 4.91520709461636 5.10680482122633 5.22706911298964 5.23216682010227 5.16959783766005 5.15919537014431 5.09479297531976 5.0372240808275 5.0691548983256 5.22398222817315 5.19087266921997 4.95276323954264 4.79798687828912 4.84754392835829 4.91660110155741 5.10215830802917 5.17588196860419 5.26443905300564 5.45482958687676 5.11055331759983 4.98711037635803 5.12304692798191 5.18419615427653 5.2416787677341 5.27882782618205 5.31981054941813 5.23662646611532 5.17777567439609 5.14642484982808 5.1752409140269 5.20655685000949 5.26537275314331 5.2408553759257 5.29381836785211 5.45676220787896 5.36970578299628 5.37914943695068 5.4085931248135 5.48203706741333 5.52964740329319 5.58225780063205 5.69570149315728 5.7921454111735
5.31497118208143 5.44147300720215 5.18714165687561 5.07047494252523 5.29697301652696 5.13513790236579 4.91696932580736 4.94963423411051 5.32129902309842 5.34329721662733 5.2336286438836 5.31712669796414 5.23979165818956 5.17112321323819 5.1649547153049 5.26735809114244 5.22516669167413 5.10897533098857 5.13845078150431 4.9757592148251 5.06456806924608 5.22620985243056 5.24418518278334 5.52649392022027 5.66830264197456 5.33877780702379 5.2625863817003 5.23808887269762 5.26761844423082 5.31348133087158 5.36384418275621 5.35087362925212 5.26406992806329 5.27009937498305 5.25496212641398 5.24065838919746 5.25985463460286 5.3033840391371 5.36291344960531 5.43739398320516 5.52332560221354 5.49125708474053 5.48568863338894 5.56378666559855 5.60388480292426 5.67281648847792 5.77491468853421 5.72834618886312 5.79661093817817
5.27695401509603 5.53430679109361 5.43515968322754 5.25670215818617 5.25993416044447 5.14616619216071 5.14506483078003 5.10429700215658 5.26036214828491 5.21192757288615 5.34449285931057 5.39255841573079 5.34545707702637 5.29752238591512 5.14842110209995 5.14990051587423 5.14429405000475 5.39702092276679 5.40291436513265 5.40114127265082 5.26820135116577 5.53776179419623 5.38465510474311 5.28288205464681 5.44310892952813 5.71500232484606 5.61822917726305 5.54479747348362 5.49554067187839 5.45945040384928 5.43786017100016 5.4214366806878 5.36517975065443 5.38258955213759 5.39999930063883 5.40624252955119 5.3794855011834 5.39439535140991 5.42247189415826 5.52613639831543 5.57038911183675 5.5304749806722 5.63039435280694 5.64231374528673 5.66956615447998 5.72148572074042 5.7982382244534 5.81665754318237 5.8744100994534
5.58993678622776 5.60497400495741 5.37051116095649 5.61392921871609 5.50206194983588 5.27336120605469 5.1996603541904 5.08912624253167 5.18225887086656 5.09539148542616 5.37952401902941 5.46882306204902 5.34295564227634 5.33075491587321 5.25055413775974 5.24794308344523 5.25758796268039 5.32106637954712 5.40054480234782 5.54902315139771 5.61666827731662 5.5998134083218 5.29912498262193 5.28110345204671 5.52058182822333 5.70106008317735 5.75520536634657 5.69700611962212 5.64312956068251 5.60825284322103 5.56220965915256 5.5446662902832 5.51328961054484 5.52007982465956 5.49536991119385 5.55515999264187 5.56211678187052 5.58507352405124 5.5488633579678 5.5573787689209 5.63211917877197 5.69985951317681 5.78259982003106 5.75917376412286 5.80308082368639 5.91682121488783 5.92872836854723 5.98646863301595 6.04537582397461
5.65708626641168 5.73614109887017 5.67269616656833 5.67932309044732 5.46752315097385 5.35422282748752 5.37375587887234 5.18095559544033 5.21465542581346 5.05068847868178 5.2635547320048 5.42525471581353 5.37312104966905 5.2328208287557 5.33318731519911 5.27565214369032 5.18554864989387 5.31944518619114 5.41650846269396 5.42490519417657 5.48463519414266 5.69486490885417 5.56076161066691 5.50782489776611 5.59822146097819 5.78528478410509 5.83068148295085 5.85838148328993 5.81405184004042 5.74838882022434 5.7097258037991 5.69756285349528 5.70956659317017 5.67373683717516 5.72107383939955 5.69791094462077 5.73358122507731 5.72558482487996 5.72492191526625 5.73362112045288 5.72301599714491 5.82774416605632 5.91630580690172 6.01120042800903 6.1214288075765 6.14732355541653 6.1652184592353 6.15228006574843 6.16767491234673
5.72273566987779 5.81014161639743 5.83954752816094 5.80671718385485 5.72298410203722 5.60908450020684 5.48151805665758 5.47395171059503 5.39321867624919 5.25798564487033 5.23275253507826 5.16985289255778 5.46178648206923 5.46605337990655 5.48398696051704 5.35536119672987 5.46817594104343 5.58832417594062 5.67230568991767 5.66445382436117 5.70660188462999 5.78258323669434 5.89856486850315 5.7555464108785 5.88902780744765 5.91617605421278 5.90315739313761 5.93442344665527 5.94380723105537 5.90485800637139 5.85357533560859 5.8384591738383 5.86650980843438 5.86622704399957 5.82844432195028 5.79432821273804 5.77721224890815 5.79876306321886 5.79464689890544 5.80403025945028 5.85291274388631 5.93329530292087 6.0445114241706 6.14406071768867 6.29661009046766 6.29615926742554 6.26854191886054 6.26592477162679 6.29314067628649
5.80871857537164 5.84914207458496 5.94139893849691 6.0286111831665 6.01161183251275 5.78811279932658 5.66011375851101 5.59894752502441 5.65628184212579 5.64711607827081 5.42545006010267 5.25861766603258 5.37095170550876 5.56245268715753 5.62628671858046 5.47873693042331 5.55330340067546 5.64236964119805 5.73026922014025 5.59950240453084 5.48773543039958 5.58063501781887 5.72303480572171 5.86126772562663 6.02833429972331 6.04623365402222 6.03380012512207 6.01113202836778 6.04256290859646 6.04249382019043 5.97275808122423 5.96052222781711 5.97061978446113 5.9675505956014 5.96598158942329 5.95674567752414 5.94717666837904 5.95227426952786 5.95303837458293 5.96227243211534 6.02030960718791 6.11184676488241 6.11355034510295 6.16975424024794 6.25312460793389 6.34316163592868 6.36436541875203 6.39456918504503 6.41360632578532
5.90586805343628 5.92414251963298 6.06058369742499 6.1486717859904 6.03940651151869 5.89880763159858 5.98270903693305 5.86227713690864 5.78651168611315 5.75791311264038 5.60131454467773 5.56038252512614 5.50478357738919 5.61085165871514 5.56708643171522 5.64361275566949 5.65459728240967 5.51908185746935 5.54423316319783 5.46088435914781 5.38336902194553 5.48835346433851 5.65700472725762 5.89565589692858 6.10364055633545 6.13379160563151 6.14160940382216 6.12300750944349 6.1433187060886 6.16062969631619 6.0851075914171 6.06875202390883 6.07239654329088 6.02887434429593 6.07001887427436 6.08366335762872 6.04597446653578 6.06478558646308 6.0390968852573 6.10734823015001 6.17537307739258 6.21673123041789 6.25075610478719 6.23328102959527 6.26680601967706 6.3336640463935 6.39585574467977 6.47521373960707 6.47540537516276
6.03935066858927 6.01314300960965 6.04543516370985 6.10806549919976 6.13753408855862 6.16483603583442 6.11397123336792 6.03427314758301 6.01807504230075 5.95904350280762 5.86851204766168 5.78114742702908 5.69561576843262 5.61791759067112 5.52471955617269 5.57248841391669 5.4645578596327 5.42262734307183 5.40953021579319 5.38809961742825 5.38183561960856 5.73940510219998 6.02430793974135 6.19137732187907 6.13228008482191 6.18051618999905 6.1850856675042 6.10138273239136 6.03340763515896 6.06309896045261 6.08079046673245 6.01448180940416 5.91767326990763 5.98986450831095 5.97505601247152 6.05558088090685 6.08593893051147 6.03179703818427 6.09182182947795 6.09759049945407 6.16026979022556 6.22828245162964 6.25212849511041 6.25030787785848 6.16148710250854 6.21333328882853 6.19634591208564 6.24735848108927 6.23637109332615
6.21266682942708 6.04481013615926 6.09728696611193 6.08062638176812 6.00416194068061 6.15353118048774 6.05523353152805 6.03926923539903 6.11413833830092 6.13784053590563 6.00320964389377 5.95741197797987 5.80878114700317 5.72748348448012 5.64035262001885 5.60353088378906 5.51335186428494 5.46983978483412 5.47066058052911 5.52598153220283 5.94930251439412 6.25012344784207 6.32461108101739 6.30093219545152 6.25125312805176 6.30390739440918 6.30039517084758 6.21342468261719 6.14766322241889 6.17306815253364 6.16797314749824 6.12454488542345 6.09644985198975 6.09818824132283 6.10775995254517 6.12583176294963 6.12507009506226 6.16280852423774 6.16471348868476 6.14499955707126 6.12566656536526 6.11166715621948 6.11050091849433 6.15933465957642 6.14616839090983 6.15300226211548 6.17200263341268 6.16833633846707 6.21683677037557
6.4163162973192 6.20314402050442 6.0324715508355 6.07685343424479 6.06145646837023 6.03172604242961 6.13699558046129 6.13876517613729 6.17870155970256 6.34763765335083 6.35740730497572 6.07967684004042 5.87127992841932 5.77571614583333 5.77281904220581 5.72940672768487 5.61697917514377 5.60188505384657 5.64945761362712 5.91036340925429 6.14510260687934 6.32850864198473 6.38291433122423 6.33415365219116 6.41389274597168 6.49129872851902 6.50687111748589 6.39163340462579 6.30491866005792 6.32420391506619 6.31215598848131 6.29760805765788 6.31239334742228 6.31001181072659 6.33763058980306 6.3602491484748 6.27670102649265 6.28231991661919 6.30910507837931 6.2635752360026 6.24139674504598 6.26471832063463 6.26187329822116 6.26969469918145 6.2626830206977 6.24217128753662 6.24649291568332 6.25181441836887 6.28996928532918
6.50146579742432 6.36381101608276 6.19382301966349 6.24024740854899 6.2325841055976 6.19808774524265 6.27942440244887 6.29159450531006 6.29076475567288 6.14310148027208 6.10093816121419 6.0721083217197 5.97761185963949 5.8859486579895 5.82928551567925 5.75078254275852 5.79677327473958 5.94093057844374 6.13492123285929 6.20857879850599 6.31273619333903 6.45756027433607 6.45805093977186 6.42587502797445 6.50369882583618 6.68002319335938 6.749680519104 6.63617552651299 6.47417412863837 6.46667326821221 6.46100542280409 6.52417103449504 6.52550326453315 6.43316883511013 6.3653342988756 6.50016657511393 6.51566547817654 6.51766464445326 6.51016336017185 6.44448407491048 6.39112689759996 6.42226955625746 6.45741229587131 6.44805484347873 6.41603093677097 6.39200692706638 6.3484829266866 6.36195908652412 6.44810152053833
