data/test_2003/bio1_avg_1994-2002.asc
NCOLS 664 
NROWS 380 
XLLCORNER 3.91666666666667 
YLLCORNER 55.3333333333333 
CELLSIZE 0.0416666666666667 
NODATA_value -9999 
[rows 110 to 131 of 380, columns 441 to 489 of 664]
1.47992977168825 1.47027813726001 1.38229312499364 1.34997464882003 1.35898967583974 1.31050453583399 1.28268611762259 1.15120113889376 1.05604937424262 1.22289770841599 1.24007936980989 1.08573154608409 0.947854071027703 0.888476524088118 0.952599120429821 0.851221867733531 0.736344473229514 0.639467073811425 0.633256354265743 0.735212124056286 0.723668062024646 0.669623944494459 0.668746620416641 0.627198634876145 0.601813773314158 0.557761970493529 0.638377027379142 0.715658515691757 0.70677356256379 0.778721749782562 0.824170140756501 0.649451616737578 0.515400020612611 0.636681669288211 0.759130054050022 0.960088452531232 0.953390291995472 0.941358808014128 0.795827454990811 0.704462756713231 0.616764557030466 0.522733113831944 0.495034935573737 0.639003535111745 0.675972031222449 0.709273993968964 0.734742561976115 0.695326679282718 0.715525878800286
1.4132061832481 1.39132518900765 1.39177740282483 1.38389633761512 1.35068180494838 1.34246743056509 1.37958632244004 1.254705230395 1.0936575482289 1.27894308831957 1.22856192456351 1.12184071209696 0.997445445300804 1.0143837850127 0.953155299648643 0.90376018650002 0.778031859132979 0.775470122694969 0.759908378124237 0.767513306604491 0.754451629188326 0.685223072767258 0.699827919403712 0.67661863234308 0.497762002878719 0.509738667143716 0.526215112871594 0.602191809150908 0.766001678175396 0.965311566160785 1.007121461961 0.866431524356206 0.694407976335949 0.836551311943266 0.972527890569634 0.952960168321927 0.797848410076565 0.665236565801832 0.861958212322659 0.704346322351032 0.68123448226187 0.591122698452738 0.564844159616364 0.668732444445292 0.758953859408697 0.790675431489944 0.785730146699481 0.762437476052178 0.771463973654641
1.30914905336168 1.34153884649277 1.36059502429432 1.32798462775018 1.31637408336004 1.27993028362592 1.22331998414463 1.24937612149451 1.25559898217519 1.07782188885742 1.12654484642877 1.23511649502648 0.988703810506397 1.01595766138699 1.02121149334643 0.995132121205744 0.955885921501451 0.888806471394168 0.866227224469185 0.901981030901273 0.785568205846681 0.784322309825155 0.752576059765286 0.803038749429915 0.618376918964916 0.567215068472756 0.677386578586366 0.628724853197734 0.700063026613659 0.856234716044532 1.02457278180454 1.05674450373691 1.00974940467212 1.03442094185286 0.975092414352629 0.737665434678396 0.708473126093547 0.669947677188449 0.747422221634123 0.78389667140113 0.893537842565113 0.935679013530413 0.800320168336233 0.766627914375729 0.85993560983075 0.885076756278674 0.86005132065879 0.833548542526033 0.852235166562928
1.2797588010629 1.23825242784288 1.24541258480814 1.26440607176887 1.24923297431734 1.20522655712234 1.21805331442091 1.18954694436656 1.21254049738248 1.13903394838174 1.09169416129589 1.16389240821203 1.02546192374494 1.13453146318595 1.16310100919671 1.09083722200659 1.00957344027443 0.906642960177528 0.905212567912208 0.964115504175425 0.880685041348139 0.856754599346055 0.788490719265408 0.7116253707144 0.882991941438781 0.674525062243144 0.810724831289715 0.884424770871798 0.740957938962512 0.858991079860263 1.05485763318009 1.10222403001454 1.10475733255347 1.05279054678977 0.949156989653905 0.911537327700191 0.912597972485754 0.873658761382103 0.856552981668048 0.948613681726985 0.93017450802856 1.00456868194871 0.99229590760337 0.944856769508786 0.962917494277159 0.880144960350461 0.8698723597659 0.906326196259923 0.891839732726415
1.18436855740017 1.16929938892523 1.16256356570456 1.18532770706548 1.20475851496061 1.17735605604119 1.1502870188819 1.13971764014827 1.12048187851906 1.16407941447364 1.06617688056495 1.04950161361032 1.10305341581504 1.00043860077858 1.20982378058963 1.15737580921915 1.07059439188904 0.978146238459481 0.899698033101029 0.992749872100022 0.989801855136951 0.853020184569889 0.813072067168024 0.734878804948595 0.919773610101806 1.00216841035419 0.862063070138296 1.04095798285885 1.00485264468524 1.0182474984063 1.08480890033146 1.16120383308993 1.18609872046444 1.16899346063534 1.06522150223868 1.16240927825371 1.12088953745034 1.12220322920216 1.04701694908241 1.05549750228723 1.10981099597282 1.05762481627365 0.920271813869476 0.895252300633325 0.948565953307682 0.911046349340015 0.812860108084149 0.837937197751469 0.822610980934567
1.10481156243218 1.07701304720508 1.07754783663485 1.16908267802662 1.16111742125617 1.14798563718796 1.13168714112706 1.12405519021882 1.08425676822662 1.15112477375401 1.12399295634694 1.08811083932718 1.13797839151488 1.14451256063249 1.19604671829277 1.19074747463067 1.11394841637876 1.07464923792415 0.920683428645134 1.043550953269 1.10408513330751 1.04361933252464 0.864486757251951 0.689798739221361 0.80805518064234 1.09264491953784 1.07173467572365 1.06115776574653 1.15208096222745 1.24500406947401 1.0700937752198 0.993683554232121 1.25044017533461 1.23469638493326 1.15478610744079 1.14678106870916 0.939180985093117 0.996414398981465 1.11998096480966 1.13304782907168 1.065447744396 1.0080145208372 1.0327478117413 1.00098106678989 0.904714561171002 0.842281329962942 0.84268118109968 0.827548232343462 0.847382199433115
0.997087844130066 0.993560102664762 1.02219875819153 1.02417084740268 1.08297629654408 1.1029484934277 1.08008726603455 1.093392709891 1.05236479060517 1.018336939315 1.05814237727059 1.01655342761013 1.19256999923123 1.13825301826 1.24126971430249 1.18145272798008 1.08396914352973 1.15265236960517 1.02033563237637 1.01551872409052 1.11553513258696 1.04788507521152 0.900901400380664 0.810052177972264 0.880836856034067 0.997121490124199 1.10373959607548 1.04202433758312 1.24897580842177 1.29459382262495 1.15404515051179 1.22482981615596 1.32494793997871 1.087232619524 1.02701740422183 1.04848620192044 1.21380587253306 1.22429207132922 1.19077854106824 1.13509804051783 1.07325107467154 0.990903988480568 0.970390362872018 0.990543180869685 0.967362992465496 0.9076825628678 0.859835621383455 0.867825832631853 0.833653373850716
0.92536421565132 0.972273689177301 0.944683042924023 0.949759096735054 0.909668588389953 0.890577892048491 0.995987390892373 1.08939680457115 1.08447306189272 1.07388248211808 0.999958496954706 0.992829313294755 1.18182792928484 1.19866015513738 1.24182580245866 1.21965793437428 1.10948991692728 1.04148876791199 1.10598767217663 1.08548644185066 1.09715188294649 1.13665067983998 1.00231619510386 0.884972143504355 0.874285181363424 1.00076481368807 1.0227444846597 1.07289080766754 1.10420370805595 1.12368355898394 1.27849643594689 1.20797613925404 1.32728920711411 1.30026888350646 1.1952486683925 1.06202462098251 1.24543062018024 1.36850326259931 1.29540916283925 1.15448173963361 1.15472105890512 1.13212704451548 1.12236612248752 1.07877218888866 1.02417815766401 0.993917509913445 0.940823394391272 0.901436881886588 0.897924560639593
0.889806057016055 0.917017792661985 0.940229532878018 0.871607881453302 0.814486401776473 0.851031324101819 0.886576680673493 0.918288281601336 1.07816647986571 1.19021177457439 1.16775684555372 1.14492314226098 1.2087106373575 1.22366499238544 1.13228596581353 1.24074033564991 1.18136120008098 1.08748205088907 0.960769735276699 1.02005745912255 1.14567838195297 1.1892992887232 1.16342027402586 0.996573503232665 0.931925584044721 1.16527750425869 1.02546308458679 1.01264839536614 1.19383382466104 1.16451923300823 1.24303802185588 1.25522345635626 1.2697421544128 1.41892741786109 1.36427956488397 1.22890514135361 1.32247124446763 1.36987079514398 1.34093671374851 1.30166937907537 1.26023541225327 1.19663458897008 1.17553404221932 1.12576668502556 1.09216612184213 1.06323210015479 1.02546469991406 0.993397281401687 0.978529536061817
0.870080199920469 0.932459233794361 0.994504896303018 1.00505061116483 0.894429778887166 0.945975255014168 1.0146878734231 1.01156680782636 1.1254458559884 1.15165821048949 1.18620403276549 1.06450172430939 1.34655117988586 1.1734342061811 1.07415038181676 1.20270006027487 1.16308288441764 1.14829901357492 1.15151536464691 1.10023164335224 1.14361442625523 1.28133065501849 1.24571366277006 1.06868934072554 1.09375802303354 1.23549332552486 1.17889507114887 1.18746366434627 1.25269889334838 1.27476746837298 1.23500260379579 1.26290460593171 1.28580653501882 1.35437514053451 1.40444376733568 1.3884612388081 1.40842782126533 1.44172767135832 1.39836087491777 1.3378274374538 1.30162735117806 1.20659376184146 1.16739368521505 1.16869353171852 1.12799337009589 1.10262679557006 1.07092645929919 1.09804022353556 1.10180126751463
0.906520927635332 0.847900718450546 0.949113768628902 1.08266011542744 1.13853983581066 1.02525269240141 1.10646587444676 1.14151218367947 1.22039185961088 1.2507714662287 1.29581791824765 1.32107996278339 1.30155828926298 1.32286990351147 1.23368153307173 1.23215971390406 1.20380443831285 1.08611606723732 1.17109430332979 1.1915724095371 1.23955056567987 1.33786220682992 1.32384043269687 1.22413870361116 1.26042382253541 1.25154221389029 1.3466605577204 1.26344569524129 1.35156397687064 1.34918243024084 1.30863416194916 1.34591927131017 1.38070439298948 1.37915604313215 1.43277433183458 1.44951721363597 1.47755093706979 1.52641813622581 1.51528517736329 1.45748558309343 1.3653526670403 1.35421953929795 1.27358665400081 1.22995366652807 1.18165404101213 1.18035449584325 1.22172142896387 1.24701663023896 1.27940642668141
0.865295115858316 0.848342017167144 0.947889192650715 1.05276941756407 1.19664983616935 1.10086341698964 1.14141028126081 1.1756240328153 1.18550436033143 1.27238465017743 1.37709852059682 1.35282528069284 1.37806545694669 1.4063056409359 1.37837912638982 1.34261931975683 1.37285943494903 1.33276635077265 1.20183970199691 1.27124665843116 1.31198688016997 1.35839365257157 1.35246717267566 1.42608800199297 1.37975618905491 1.40925773647096 1.40059267481168 1.44126095705562 1.39426250590218 1.42309739854601 1.37876562608613 1.36710055669149 1.42276873522335 1.47410378191206 1.45027186473211 1.5335732433531 1.55884077151616 1.57610830333498 1.55954264269935 1.52414358324475 1.44157783521546 1.48334548208449 1.44461304280493 1.38088059425354 1.34264823132091 1.33041582504908 1.33785003092554 1.35949318276511 1.35634501775106
0.863402594294813 0.903116786231597 0.96483122309049 1.03687883416812 1.11292637222343 1.21064078807831 1.23585505286853 1.29223606983821 1.24061708980136 1.40016456776195 1.41387889120314 1.39240389400058 1.39240579472648 1.37374144792557 1.30974356333415 1.32657906081941 1.47674771812227 1.45074969861243 1.31858540243573 1.30208738976055 1.33325629432996 1.37959171334902 1.42476043436262 1.45287063386705 1.40292206406593 1.42947339018186 1.54952487680647 1.53290963835186 1.51829438739353 1.47401244110531 1.49256363842222 1.50578182935715 1.55133326848348 1.58805139197244 1.56943612628513 1.57129593027963 1.5784640510877 1.57113214996126 1.60063340928819 1.59446828895145 1.57830308543311 1.57180453671349 1.55430601040522 1.49680751562119 1.46530903379122 1.40397684772809 1.39214518003994 1.3994694881969 1.41794995466868
1.02817666365041 1.03355815344387 1.11360648605559 1.15015476279789 1.13236972192923 1.16141813993454 1.2749663690726 1.40201475885179 1.41756294833289 1.38644445273611 1.30799286564191 1.34114895264308 1.49591303533978 1.49984376298057 1.52060783571667 1.42753878235817 1.44080281588766 1.54623362753126 1.58183100488451 1.59092838896645 1.46785910262002 1.46178988284535 1.46705387698279 1.48915320965979 1.54392119248708 1.56868897544013 1.55445695585675 1.62672485245599 1.61565954155392 1.57459396123886 1.54586182037989 1.52512981494268 1.53456442885929 1.57716566324234 1.63726676834954 1.60051855113771 1.55925379196803 1.62415583928426 1.61322440041436 1.60729306936264 1.62569508287642 1.64926371971766 1.64199889368481 1.62123443020715 1.61246958706114 1.56753817531798 1.52194019489818 1.50261253449652 1.50005502502124
1.15561739934815 1.22266638278961 1.24738192889425 1.31476410230001 1.32431312733226 1.32519540521834 1.33541100886133 1.46745999654134 1.49150882164637 1.43539100885391 1.40127331018448 1.5450608531634 1.52075349622303 1.58627970351113 1.62547224097782 1.64799830648634 1.64652432335748 1.61105034086439 1.60390982362959 1.62626914183299 1.6681286295255 1.68082134591209 1.65451388226615 1.63110259506438 1.70158695512348 1.69973807202445 1.68005571762721 1.69037354654736 1.68669131067064 1.55684229400423 1.51699348290761 1.56814436780082 1.62812889284558 1.63578003644943 1.66026424037086 1.6680744489034 1.62171024746365 1.64784605635537 1.68398186233309 1.68428446186913 1.67758695946799 1.73055613703198 1.70252525144153 1.66682787736257 1.66279690795475 1.63993290397856 1.62373539474275 1.59042214685016 1.54499353965123
1.08622487717205 1.30294111702177 1.45099063714345 1.48054024908278 1.46058974001143 1.44863932000266 1.48918904860814 1.55240513218774 1.59295479456584 1.54050437609355 1.51322042942047 1.58013932572471 1.60659398635228 1.67304864194658 1.69883653852675 1.64512473344803 1.64691270060009 1.66503396961424 1.69232194291221 1.73261000050439 1.76356468598048 1.74518605735567 1.77580747339461 1.820051934984 1.79975270562702 1.76662029160394 1.71315465370814 1.76268880897098 1.73322310712602 1.69192397594452 1.67795829640494 1.71332575215234 1.70619339413113 1.69189441204071 1.69926181104448 1.69979710711373 1.71733344263501 1.67520308494568 1.678406185574 1.70260918140411 1.73131218883726 1.75518186224831 1.79505160782072 1.79358802901374 1.73545773161782 1.70149409770966 1.667197101646 1.63639860683017 1.57543198267619
1.31816571950912 1.39971581432554 1.46543261077669 1.482816265689 1.50803315639496 1.43125004238553 1.51930018928316 1.6260171201494 1.67580270104938 1.7093049287796 1.68797220786413 1.64238443639543 1.68326796425713 1.69431785080168 1.79103441370858 1.79641775290171 1.80013423495822 1.84185081058078 1.87179942263497 1.84395087427563 1.8513341943423 1.86038410663605 1.83776746855842 1.83150109317568 1.82791854937871 1.79800248146057 1.80525339312024 1.83000409603119 1.85558819770813 1.8110056453281 1.84375620550579 1.81200702985128 1.78125770224465 1.76767524745729 1.761425892512 1.74235309494866 1.77312319808536 1.79222671190898 1.76199708382289 1.76460059483846 1.77637083000607 1.81680770052804 1.87124462922414 1.8928480413225 1.87695174747043 1.83588861756855 1.76682549052768 1.72404169374042 1.66637041833666
1.49227303928799 1.5349996553527 1.45060388247172 1.48738861083984 1.52651440434986 1.53119397163391 1.54391153653463 1.65262905094359 1.724013182852 1.79061971108119 1.87155951393975 1.78632016976674 1.75890990098317 1.77608686685562 1.81906541188558 1.87287739912669 1.90935601128472 1.94533465968238 1.98370893796285 2.01088693406847 2.02321959866418 2.02510495980581 1.9998941289054 1.93328382571538 1.89075095123715 1.88188487291336 1.8891854484876 1.89298604594337 1.90411992205514 1.88075391451518 1.87988789876302 1.88885494073232 1.90215558475918 1.88645608557595 1.83442347579532 1.79907571607166 1.82741310199102 1.87575054830975 1.89175468020969 1.87559205955929 1.87776272826725 1.89543347888523 1.9042708741294 1.9469418393241 1.98911241028044 1.93428342872196 1.8487873673439 1.7716847260793 1.71980904208289
1.6163874136077 1.64704743358824 3.2169836362203 -9999 2.42608646551768 1.6348047124015 1.64285626014074 1.71960207488802 1.75962587197622 1.82112656037013 1.91589552826352 0.947485978404681 1.87278211116791 1.85199225611157 1.90028397242228 1.86950367026859 1.96424414051904 1.9996514055464 2.03705867131551 2.06746591462029 2.0715397198995 2.09961369302538 2.09582845369975 2.02112183305952 1.97467863559723 1.97232276201248 1.96829144159953 1.97577106952667 1.92238789134555 1.93301489618089 1.93444513612323 1.95620295074251 1.99032602045271 1.99865375624763 1.94050427277883 1.93876129388809 1.9058696826299 1.92223254177305 1.96701214048598 2.00343143939972 1.99500890572866 1.96822595596313 1.9269638326433 1.96143104632696 2.01464817259047 1.94434448083242 1.91101293431388 1.82939126094182 1.78184146351284
1.71957128577762 1.72204014990065 3.25784230232239 3.25614441765679 -9999 1.69337369998296 1.73230073187086 1.85768625471327 2.31987739933862 2.07244529989031 1.95259278350406 1.9949117369122 -9999 -9999 1.97996082570818 1.97416704230838 2.03939729266697 2.10246835814582 2.10497081279755 2.11914008193546 2.1559470627043 2.15609215365516 2.14523103502062 2.14101568857829 -9999 -9999 2.04052595297496 2.22528321213192 1.96301684776942 -9999 2.01973406473796 2.03871765401628 -9999 -9999 -9999 2.80768777264489 1.99593721495734 2.02404791778988 1.97618647416433 2.0012416044871 2.0708800289366 1.9705184896787 1.95349027050866 -9999 2.23004000716739 1.93752479553223 1.96500707334942 -9999 -9999
1.80006949769126 1.75601077742047 3.32931317223443 2.53594899177551 -9999 -9999 -9999 -9999 -9999 -9999 1.92146212524838 1.96974264250861 2.17162614398532 2.3577180703481 2.0565181043413 2.15032915274302 2.21696560912662 -9999 2.65762135717604 2.16098512543572 2.20885422494676 2.24957753552331 2.15421099132962 2.15146757496728 2.17066551579369 -9999 -9999 -9999 2.68211611111959 2.09973576333788 2.54617465866937 -9999 -9999 2.07940208911896 2.07807513078054 2.14613236321343 2.16663785775503 -9999 -9999 -9999 -9999 -9999 0.429253476361434 -9999 0.428597628656361 -9999 -9999 -9999 -9999
1.86062505510118 1.91851086086697 3.38347983360291 3.3817822403378 0.440501554144753 -9999 -9999 2.85415901078118 2.26565588845147 3.56534714168972 3.58031622568766 -9999 -9999 -9999 2.13394872347514 2.17050449053446 2.23283868365818 3.63937679926554 3.72671879662408 3.74253270361159 -9999 -9999 -9999 -9999 -9999 -9999 -9999 -9999 -9999 -9999 -9999 -9999 -9999 -9999 2.14408379130893 2.16488246122996 -9999 -9999 -9999 -9999 0.429909361733331 0.429581408699354 -9999 1.44142556852765 2.45498659875658 -9999 3.53210846583048 3.47749479611715 3.46859523985121
