data/test_2003/bio10_avg_1994-2002.asc
NCOLS 664 
NROWS 380 
XLLCORNER 3.91666666666667 
YLLCORNER 55.3333333333333 
CELLSIZE 0.0416666666666667 
NODATA_value -9999 
[rows 308 to 329 of 380, columns 245 to 293 of 664]
15.6972176233927 15.64322842492 15.7093862957425 15.8211914698283 15.7310868369208 15.5809956656562 15.5099505318536 15.4957947201199 15.5148981942071 15.5243718889025 15.5104379653931 15.5047267278035 15.2224742041694 15.6684437857734 15.9903270933363 15.9419701894124 15.8801612854004 15.8183530171712 15.8265433841281 15.8800679312812 15.8329252666897 15.7851160897149 15.7719737158881 15.9114983876546 15.9763559765286 15.89321369595 15.8994041019016 15.9474623998006 16.0140537685818 16.0653122795953 16.1172365612454 16.1004943847656 16.071086247762 16.0436773300171 16.056269009908 15.9881933000353 16.0201179716322 16.1427098380195 16.2679679658678 16.2275749842326 16.2135308583577 16.2261527379354 16.2374414867825 16.2533975177341 16.2093534469604 16.1773089302911 16.2252644432916 16.2198867797852 16.2685092290243
15.4375490612454 15.3259744644165 15.4632139205933 15.6457766426934 15.5474093755086 15.462025112576 15.4524180094401 15.4433297051324 15.4506115383572 15.4673012627496 15.4478424919976 15.437198109097 15.5191791322496 15.7141002019246 15.7867994308472 15.7084844377306 15.6521281136407 15.5791055891249 15.5634155273438 15.6230594846937 15.6280372407701 15.6170142491659 15.6333249409993 15.7556352615356 15.7232797410753 15.7169232898288 15.8059001498752 15.8380173577203 15.8712737825182 15.9058635499742 15.9504535463121 15.9703778160943 15.9816345638699 15.9455578062269 15.9268142912123 15.9307378133138 16.0273283852471 16.2065851423475 16.2618425157335 16.1447811126709 16.04006852044 16.0473561816745 16.122644106547 16.2272652520074 16.2425530751546 16.1938406626383 16.1977951261732 16.2117493947347 16.2963709301419
15.3065638012356 15.4353482988146 15.6036150190565 15.5099541346232 15.4012112087674 15.363874329461 15.3906105889214 15.390829510159 15.3917886945936 15.3864511913723 15.3986700905694 15.3854729334513 15.4805521435208 15.5756307178073 15.490758366055 15.428806093004 15.4365383783976 15.4396052890354 15.4146707322862 15.379069964091 15.4401358498467 15.653201950921 15.621601316664 15.6420008341471 15.6703997717963 15.6794657177395 15.6871987448798 15.6992987526788 15.7130992677477 15.7262331644694 15.7827003267076 15.7931674321493 15.8803012635973 15.9034353892008 15.8792362213135 15.9543698628743 16.1621711519029 16.2059716118707 16.1917719311184 16.0640337202284 15.9660906261868 15.9661473168267 16.0448706944784 16.1822604073419 16.242983924018 16.2023735046387 16.1490976545546 16.1378203497993 16.2072106467353
15.2948545879788 15.4771290885078 15.4819954766168 15.3475318484836 15.2959632873535 15.2859501308865 15.314603805542 15.3292567994859 15.3342810736762 15.3410081863403 15.3356626298692 15.2304464975993 15.2975551817152 15.3379330105252 15.316671901279 15.3069370057848 15.3040610419379 15.2785180409749 15.2709747950236 15.2914321687486 15.3898893992106 15.5636801189846 15.6154704623752 15.546594619751 15.5130516688029 15.583509127299 15.5759661992391 15.5533060497708 15.5775288475884 15.5817520353529 15.604641172621 15.5995310677422 15.6270872751872 15.6873104307387 15.7988668017917 15.9524233076308 16.2193127738105 16.1408690346612 16.0324252446493 16.0406675338745 16.0322632259793 15.999858962165 16.0367884106106 16.1257175869412 16.2319795820448 16.2329087787204 16.1625047259861 16.1647672653198 16.2176960839166
15.0487016042074 15.1622429953681 15.3560798433092 15.2540717654758 15.2314564387004 15.2341003417969 15.255115085178 15.2718332078722 15.2884771558974 15.3043802049425 15.1696884367201 15.0675675074259 15.1450030008952 15.156138420105 15.147253036499 15.1230675379435 15.1249160766602 15.1300979190403 15.1339467366536 15.2137946022881 15.4209761089749 15.4788246154785 15.4986731211344 15.4818544387817 15.432369656033 15.5042181015015 15.5514001846313 15.4859796100193 15.4826251135932 15.457937028673 15.4785822762383 15.4932276407878 15.5145398245917 15.6458517710368 15.6958304511176 15.7991422017415 16.0271215438843 16.2304326163398 16.1904113557604 16.1926351123386 16.1597701178657 16.1109047995673 15.9907063378228 15.9865076276991 16.0876426696777 16.0661107169257 15.9939121670193 16.053047074212 16.1795150968764
15.001733356052 15.126319249471 15.2409790886773 15.1423890855577 15.1564309861925 15.2190657721625 15.2666631274753 15.2899644639757 15.2671915690104 15.2110921012031 14.8959644105699 14.9505407545302 14.972302224901 14.976343260871 14.9958336088392 15.0111985736423 14.985771285163 15.0696778827243 15.1089171303643 15.176156785753 15.4153963724772 15.5473021401299 15.5392084121704 15.4851151572333 15.4396881527371 15.4335940678914 15.4515000449287 15.4726542366876 15.4197212855021 15.432122654385 15.4485233094957 15.5075916714138 15.5739924112956 15.7317266464233 15.6247945361667 15.7105282677544 15.8249293433295 16.1853299670749 16.2330643335978 16.2052686479357 16.1406092113919 16.1059499316745 15.8592902289497 15.8472975624932 15.9493051105075 15.9986453586155 15.9893191655477 15.9653265211317 16.0160007476807
14.9326913621691 15.0859520170424 15.1001396179199 15.0680394702488 15.1368871264988 15.1948397954305 15.2750754886203 15.2287924024794 15.1890285280016 14.7694868511624 14.6946115493774 14.8351436191135 14.8873495525784 14.9052152633667 14.9537473254734 14.9779962963528 15.0352933671739 15.0825906329685 15.0545552571615 15.2265193727281 15.4591495725844 15.5991137822469 15.5704113642375 15.4557083977593 15.4516729778714 15.5696368747287 15.5442680782742 15.5213281843397 15.5014845530192 15.4556411107381 15.5151317384508 15.5199544694689 15.5061111450195 15.595601717631 15.577757941352 15.7105813556247 15.9400712119208 16.1235611173842 16.1497176488241 16.2565694385105 16.123448477851 15.9656620025635 15.8652080959744 15.8914210001628 15.9069674809774 15.9558469984266 16.0273933410645 15.9769398371379 15.9578195148044
14.9695009655423 15.0542507171631 14.9573232862684 14.9972455766466 15.0747742123074 15.1914846632216 15.1733057234022 15.1446827782525 14.8756896124946 14.7963256835938 14.7839991251628 14.8176044887967 14.8458456463284 14.9727540545993 15.0229952070448 15.0014599694146 14.9934821658664 15.1021708382501 15.1335261662801 15.2542148166233 15.4502369562785 15.4515920215183 15.5849473741319 15.5496359931098 15.5756581624349 15.6903461880154 15.6730349858602 15.6746690538194 15.6059142218696 15.6584939956665 15.64907307095 15.64898469713 15.6888969209459 15.704142888387 15.6140552096897 15.7713007397122 15.8985460069444 15.9691252178616 16.1497039794922 16.2285368177626 16.2996220058865 16.1687069998847 16.0491257773505 16.0542109807332 15.9406301710341 15.899048699273 16.0234674877591 16.0285530090332 16.0389721128676
15.006236606174 14.890264723036 14.8710266749064 14.9317853715685 15.023354212443 15.0423520406087 14.941832224528 14.9182769987318 14.9727206759983 15.0627207226223 15.0310906304253 14.9272380405002 14.7816755506727 14.8889594607883 15.0375758277045 14.9402578141954 15.0196709103054 15.0704171922472 15.0544969770643 15.2645766999986 15.1266571680705 15.1560701794095 15.2794831593831 15.4648960961236 15.5409763124254 15.6017226113213 15.5451360278659 15.6166763305664 15.6796777513292 15.6800125969781 15.6090138753255 15.6233483420478 15.5816827350193 15.7320173051622 15.7910185919868 15.8360202577379 16.0070214801364 15.8413556416829 15.8230236901177 15.9531701405843 16.2251277499729 16.1017521752252 15.9610433578491 15.9690017700195 15.8936262130737 15.9015838834974 16.006208313836 16.1681662665473 16.1047908994887
14.8511731889513 14.7692472669813 14.8037663565742 14.8589169184367 14.8909670511882 14.6798115836249 14.882878197564 14.9259445402357 14.8896038267348 14.9875596364339 14.8599593904283 14.7651797400581 14.6441723505656 14.7204976611667 14.8674897087945 14.8523884879218 15.0038594139947 14.9159968694051 14.9581350750393 14.8462723626031 14.8944103452894 14.9418810738458 15.1220187081231 15.1554899215698 15.3622948328654 15.5464321772257 15.3572368621826 15.4966843922933 15.7027742597792 15.690865304735 15.5469547907511 15.4943784077962 15.5498017205132 15.5165593889025 15.6773157119751 15.604072464837 15.6901631885105 15.6889199150933 15.7570103539361 15.9444706175062 15.9999678929647 16.1987976498074 16.172961446974 16.0757914649116 15.9446221457587 15.8647849824693 16.0082824495104 16.1064459482829 16.2026095920139
14.8775601916843 14.7317115995619 14.7674694061279 14.8695963753594 14.7712852689955 14.834086312188 14.8760711881849 14.7718297110664 14.745197084215 14.7732314003838 14.6639319525825 14.5933005015055 14.5946684943305 14.574702474806 14.6407371097141 14.7898523542616 15.0460478464762 14.9395768907335 14.8371058570014 14.7819677988688 14.8054972754584 14.9390256669786 15.0418879191081 15.0380838182237 15.1216128667196 15.3164749145508 15.4380038579305 15.4193581475152 15.4572036531236 15.6143834855821 15.5048959520128 15.4314082463582 15.3239214155409 15.4844334920247 15.5202797783746 15.6407922108968 15.6633049647013 15.7258174684313 15.7903295093113 15.9337708155314 16.0461402469211 16.1251762178209 16.0628791385227 15.8785813649495 15.9489514033 15.9739873674181 16.0330234103733 16.0407257080078 16.1944286558363
14.8172587288751 14.7098798751831 14.7440610461765 14.8051442040337 14.8568635516697 14.6648049884372 14.6014870537652 14.767781469557 14.7595246632894 14.71926773919 14.6443446477254 14.5334217283461 14.4711644914415 14.4449082480537 14.5019847022163 14.7419832017687 14.9835696750217 15.041156662835 14.8614103529188 14.8016636106703 14.8579167260064 14.994836807251 15.1937573750814 15.1826776928372 15.2789310879178 15.321184264289 15.3114381366306 15.2660323248969 15.2422998216417 15.419902059767 15.4861704508464 15.4444386164347 15.4600401984321 15.5269754197862 15.4912433624268 15.545511563619 15.6504465738932 15.6807149251302 15.8316495683458 15.9937382804023 16.044979625278 15.9495549731784 15.8247969945272 15.7693719863892 15.8652807871501 15.9218555026584 16.0037636227078 15.9990054236518 16.0822472042508
14.9316976335314 14.9507087071737 14.9563120736016 14.9114333258735 14.6890341440837 14.6747836007012 14.733614815606 14.7970665825738 14.6951855553521 14.7059709760878 14.7640905380249 14.6195421218872 14.5109941694472 14.461113082038 14.5638986163669 14.7387800216675 14.8924250072903 14.9814031389025 14.8417143291897 14.8806923760308 14.9410036934747 14.9599816004435 15.1409600575765 15.2386044396294 15.3222489886814 15.3518935309516 15.2775387234158 15.3213726679484 15.2247302797106 15.2407539155748 15.33811155955 15.412802166409 15.4674926333957 15.6195159488254 15.5022073321872 15.5282310909695 15.5069213443332 15.6716124216715 15.8703029420641 15.9830383724636 16.0004858440823 15.831933233473 15.7707146538628 15.7574955622355 15.7976098590427 15.8917240566678 15.9411711162991 15.9472858640883 16.0440663231744
15.1973959604899 15.212563196818 14.9559525383843 14.9939437442356 14.8679455651177 14.7806133694119 14.808524661594 14.7516856723362 14.6808465321859 14.6473411983914 14.697835498386 14.6729960971408 14.5741571850247 14.4453184339735 14.5331461164686 14.7362446255154 14.9192805820041 14.9029828177558 14.8380188412136 14.8617214626736 14.8487573199802 14.8464601304796 14.9501623577542 15.1098652945624 15.034900771247 15.0439369413588 14.9469725290934 15.0073809093899 15.0298263761732 15.0369397269355 15.2087194654677 15.257165590922 15.2916113535563 15.451391114129 15.637837515937 15.5222838719686 15.3787297142877 15.4698428048028 15.6556225882636 15.8896723853217 16.0133254792955 15.9583120346069 15.8226322597928 15.8582854800754 15.8659383985731 15.8802587721083 15.9879118601481 15.9808990690443 16.0278856489393
14.9451743231879 14.7613081402249 14.6086267895169 14.667975531684 14.7532074186537 14.7476987838745 14.7210043801202 14.6246806250678 14.6230768627591 14.5923685497708 14.5463267432319 14.5742847654555 14.5775762134128 14.5602015389336 14.5554933547974 14.7039628558689 14.863612069024 14.8739283879598 14.8675773408678 14.9405599170261 14.9588756561279 14.9998585383097 14.8721741570367 14.9031569163005 14.938138961792 14.9077890184191 14.9254376093547 15.044427341885 15.1974235110813 15.2550868988037 15.3200833002726 15.2970797220866 15.3460767534044 15.3224062389798 15.6334034601847 15.7037325965034 15.4753960503472 15.5277257495456 15.6153892940945 15.7880985471937 16.0485201941596 15.9009425905016 15.8226984871758 15.811787393358 15.8942091200087 15.9819654888577 16.0357207192315 16.0701426400079 16.0598981645372
14.8431066936917 14.7518316904704 14.6563345591227 14.6756029129028 14.665709177653 14.6617421044244 14.4703667958577 14.5232147640652 14.574543317159 14.4843869739109 14.4475642310248 14.5107408099704 14.586584938897 14.5577623579237 14.5156060324775 14.5446031358507 14.6747543546889 14.8075722588433 15.0163906945123 15.1912083095974 15.3453598022461 15.1968436770969 15.0909952587552 15.0564796659682 14.985964457194 14.9107823901706 14.9469339582655 15.0338463253445 15.0948549906413 15.1831956439548 15.3302042219374 15.4238787757026 15.5362203386095 15.5198951297336 15.5155703226725 15.6812450620863 15.6302530500624 15.660594092475 15.674936082628 15.7369831932916 15.9374042087131 15.9058249791463 15.8229131698608 15.8286674287584 15.8377548853556 15.9568425284492 16.0619304445055 16.1523508495755 16.0401056077745
14.7398529052734 14.7267256842719 14.7255241605971 14.6753773159451 14.6302110883925 14.5403779347738 14.4495075013902 14.3822675281101 14.4620091120402 14.4064050250583 14.3781351513333 14.4485308329264 14.4729265636868 14.629322581821 14.6817186143663 14.6385765075684 14.7625630696615 14.8798829184638 15.0932035446167 15.2558563020494 15.3905097113715 15.220496389601 15.110482957628 15.1291366153293 15.1771229637994 15.1204431321886 15.1497625774807 15.2159323162503 15.2296191321479 15.3579717212253 15.3876583311293 15.3453447553847 15.4303647147285 15.5207171969944 15.5430705812242 15.5980900658502 15.3897767596775 15.5427962409125 15.6751486460368 15.7292017406887 15.8589550654093 16.0140414767795 15.9131274753147 15.8202140596178 15.8213001887004 15.8783863915337 15.930806265937 16.0345591439141 16.0516459147135
14.7234885957506 14.723916053772 14.7364175584581 14.7023373709785 14.5856756634182 14.5196809768677 14.4336856206258 14.4178603490194 14.4274748696221 14.3504237069024 14.3360386954414 14.4336539374457 14.4979350831774 14.5548827913072 14.6398310131497 14.7105493545532 14.7810382843018 14.9568603303697 15.0660156673855 15.1318378448486 15.2776594161987 15.2808150185479 15.2213042577108 15.2164589564006 15.2702815797594 15.2621030807495 15.1719248029921 15.1473521126641 15.1650500827365 15.2700810962253 15.3137787712945 15.3614770041572 15.4705079396566 15.4602065616184 15.5199039247301 15.6542683707343 15.5426332685683 15.5483310487535 15.5060290230645 15.6534207661947 15.7971724404229 15.9182575013902 15.863341861301 15.8344271977743 15.8408450020684 15.9079304801093 15.9056825637817 15.9441004859077 16.0205193625556
14.7450496885512 14.7409581078423 14.8421255747477 14.7857422298855 14.6061038970947 14.4877743191189 14.4512736002604 14.4761075973511 14.4289419386122 14.3164421717326 14.3712763256497 14.4254432254367 14.4682768715752 14.5771100785997 14.6592772801717 14.7425227695041 14.9915137820774 15.0891713036431 15.0421624713474 15.1624856524997 15.2514770295885 15.3024673461914 15.3094584147135 15.4051156573825 15.4394396675958 15.3530970679389 15.3080875608656 15.3081050448947 15.2918145921495 15.2248574362861 15.0978996488783 15.1202762391832 15.1866529252794 15.1810281541612 15.2580712636312 15.2971142662896 15.3674899207221 15.5191997951931 15.6342424816555 15.6176391177707 15.7600566016303 15.816473113166 15.778890185886 15.8506404028998 15.8190576765272 15.883474667867 15.975225130717 15.9643089506361 16.0440595414903
14.9105143017239 14.8642961714003 14.8842042287191 14.8629246817695 14.7142350938585 14.6455836825901 14.5763028462728 14.5170219209459 14.4077411227756 14.307127210829 14.3638467788696 14.4625659518772 14.5492848290337 14.6153371598985 14.7140565448337 14.8744967778524 15.015323109097 15.1248155170017 15.032975408766 15.1091336144341 15.1426271862454 15.1274530622694 15.1862787670559 15.2851054933336 15.2519315083822 15.1374243630303 15.2409172058105 15.1228575176663 15.1305783589681 15.1842993630303 15.2026874754164 15.2597418891059 15.2621293597751 15.3478505876329 15.3882378472222 15.4066257476807 15.5610138575236 15.5307341681586 15.6831225289239 15.7578574286567 15.9049396514893 15.9553560680813 15.9057715733846 15.8821872075399 15.9086029264662 15.9496853086683 15.9634345372518 15.92851723565 15.9922666549683
14.9536634021335 14.8107465108236 14.7524311277601 14.8508502112495 14.8707881503635 14.7687266667684 14.6846646202935 14.5099359088474 14.4418745040894 14.3924788369073 14.4244174957275 14.5836885240343 14.6302933163113 14.7442314359877 14.8748363918728 15.0084696875678 14.9817978541056 15.0351263682048 15.0191210640801 15.0511159896851 15.0717772377862 15.1864387724135 15.1944335301717 15.2410953309801 15.2904236051771 15.3570851220025 15.241079542372 15.1596104303996 15.0833425521851 15.1130753623115 15.1881415049235 15.2612073686388 15.3796067767673 15.4833390977648 15.4430717892117 15.4948045942518 15.5078708860609 15.4902693430583 15.5993353525798 15.6394098069933 15.7584906684028 15.983571794298 15.9853196673923 15.8910670810276 15.9041486316257 15.9492295583089 15.9649772644043 15.9600588480632 15.9618066151937
14.9828129874335 14.8052697711521 14.7079917060004 14.8308888541328 14.9200455347697 14.8312021891276 14.7430268393623 14.6655165354411 14.6153404447767 14.6611640718248 14.6503213246663 14.7254782782661 14.7846354378594 14.8757922914293 14.9549495908949 15.0097763273451 14.9762733247545 15.0221033096313 15.1166001425849 15.1710969077216 15.2502608829074 15.3054243723551 15.3625877168443 15.4210847218831 15.3882486555311 15.4614118999905 15.452576107449 15.4043627844916 15.2907736036513 15.2838515175713 15.342261950175 15.414006445143 15.5184169345432 15.5214944415622 15.5959054099189 15.7209832933214 15.6000605689155 15.5238048765394 15.6348826090495 15.6802945666843 15.776707649231 15.9637875027127 15.9842007954915 15.8579471376207 15.8923604753282 15.9214404424032 15.9091874228583 15.9429335064358 15.9760132895576
