data/test_2003/bio18_avg_1994-2002.asc
NCOLS 664 
NROWS 380 
XLLCORNER 3.91666666666667 
YLLCORNER 55.3333333333333 
CELLSIZE 0.0416666666666667 
NODATA_value -9999 
[rows 286 to 307 of 380, columns 441 to 489 of 664]
-9999 -9999 -9999 -9999 -9999 -9999 -9999 -9999 -9999 -9999 -9999 -9999 -9999 -9999 -9999 -9999 -9999 -9999 -9999 -9999 -9999 -9999 -9999 -9999 -9999 -9999 -9999 -9999 -9999 173.568751017253 180.294336954753 182.911783854167 184.905410766602 187.848364935981 190.787977430556 191.011525472005 193.921907212999 194.807691786024 194.894104003906 194.451709323459 196.607933892144 196.489439222548 197.321150037977 193.709682888455 194.447884453668 197.369347466363 197.278581407335 198.408681233724 200.645185682509
-9999 -9999 -9999 -9999 -9999 -9999 -9999 -9999 -9999 -9999 -9999 -9999 -9999 -9999 -9999 -9999 -9999 -9999 -9999 -9999 -9999 -9999 -9999 -9999 -9999 -9999 -9999 -9999 177.373623318142 179.984512329102 181.645779079861 184.58272128635 187.51633199056 189.50015174018 192.42785305447 194.604948255751 197.526779174805 197.429484049479 198.27843899197 198.381281534831 199.282948811849 198.864044189453 195.683490329319 196.552915785048 196.48316277398 199.671737670898 199.766167534722 200.739383273655 203.142330593533
-9999 -9999 -9999 -9999 -9999 -9999 -9999 -9999 -9999 -9999 -9999 -9999 -9999 -9999 -9999 -9999 -9999 -9999 -9999 -9999 -9999 -9999 -9999 -9999 -9999 -9999 -9999 -9999 -9999 181.991871303982 184.591590881348 187.514522128635 191.439117431641 193.350389268663 190.358698527018 191.624923706055 193.324040730794 195.539350721571 195.840699937609 195.789115058051 196.09285820855 195.876753065321 197.512332492405 198.457304212782 200.671129014757 199.872650146484 200.928326076931 201.330639309353 204.479838053385
-9999 -9999 -9999 -9999 -9999 -9999 -9999 164.111422220866 -9999 -9999 -9999 -9999 -9999 -9999 -9999 -9999 -9999 -9999 -9999 -9999 -9999 -9999 -9999 -9999 -9999 -9999 -9999 -9999 -9999 181.590351528592 185.443210177951 189.165008544922 192.072380913628 188.559182061089 191.460847642687 191.636742485894 194.453323364258 195.520375569661 197.588724772135 196.808824327257 197.879223293728 197.684417724609 199.753455268012 199.723103841146 200.962025960286 200.932473076714 203.246483696832 203.296630859375 205.529396904839
-9999 -9999 -9999 -9999 -9999 -9999 166.250339084201 166.746847364638 167.865211486816 168.984597947862 -9999 -9999 -9999 -9999 -9999 -9999 -9999 -9999 -9999 -9999 170.201985677083 170.60055202908 -9999 -9999 -9999 -9999 -9999 179.641911824544 181.612180074056 183.449160257975 185.34474351671 184.28231133355 186.085986667209 188.235592312283 191.298607720269 193.23422410753 196.231102837457 196.401607937283 197.487481011285 197.312372843424 197.815153333876 197.804673936632 199.728949652778 200.985456678602 203.074940999349 204.059750027127 204.242908053928 204.466939290365 206.698871188694
-9999 -9999 -9999 -9999 164.643219841851 166.812779744466 168.982588873969 171.478070576986 172.817697313097 173.338346693251 165.922982957628 166.050032721625 -9999 -9999 -9999 -9999 -9999 -9999 -9999 166.279891967773 169.848803202311 171.58560011122 172.989163716634 172.644437154134 173.55020904541 174.703870137533 175.606042650011 179.247089809842 181.07699669732 178.859466552734 179.072831895616 182.87409125434 185.930533515082 189.827831692166 190.794114854601 193.080525716146 194.999540540907 196.445105658637 197.386242336697 198.392656114366 200.010264078776 199.857350667318 200.968366834852 203.077160305447 203.49550374349 204.610766940647 204.459891425239 204.528957790799 205.013865152995
-9999 -9999 -9999 165.096993340386 166.232822842068 168.694549560547 170.998218112522 172.459698994954 166.398570590549 166.623708089193 166.849769592285 166.928578694661 167.10417175293 166.384544372559 164.334771898058 164.347047593859 -9999 187.614154391819 -9999 -9999 170.236079745822 171.226106431749 171.292213439941 171.353534274631 172.175328572591 173.81987508138 173.715726216634 177.608796013726 175.664308336046 176.961346096463 179.84760623508 181.81123775906 184.701212565104 187.755677964952 191.974561903212 192.926818847656 197.049584282769 198.417646620009 198.62683444553 199.653361002604 199.781904432509 201.072670830621 202.286473592122 203.070297241211 203.345447116428 203.376820882161 205.507464938694 206.529283311632 206.653299967448
161.888532850477 162.297053019206 165.823173522949 166.611015319824 169.04270002577 169.406652662489 171.83937157525 167.00622897678 167.361327277289 168.146293640137 168.616629706489 167.689837137858 167.880767822266 167.914700826009 166.154281616211 165.334804958767 164.143227471246 163.266711764865 -9999 -9999 -9999 -9999 -9999 179.286607530382 -9999 -9999 176.644855923123 170.729125128852 173.607768588596 176.651120503743 180.698333740234 183.745435926649 184.958419799805 188.007976955838 191.986807929145 192.949318779839 195.245005289714 196.38346862793 197.363720364041 197.412809583876 198.641460842556 201.047853257921 201.26168484158 202.149215698242 202.201555040148 202.495637681749 203.652114868164 206.592225816515 206.712651570638
161.84868367513 165.599026150174 165.93394724528 168.01708984375 169.676200866699 170.755249023438 164.024349636502 165.050738864475 166.970250447591 167.145867241753 168.327542622884 168.442170037164 167.447730170356 167.49477979872 166.489525689019 165.949623955621 164.933659023709 163.2242058648 -9999 -9999 -9999 -9999 -9999 -9999 -9999 -9999 -9999 175.775240580241 172.877716912164 175.754941304525 178.79611714681 181.678604125977 184.724500868056 187.772616916233 190.070358276367 192.129655626085 193.193974812826 194.510431925456 196.507300482856 197.66953531901 198.081008911133 199.149297078451 199.220709906684 200.288148668077 202.561491224501 202.796034071181 204.96960788303 205.06596883138 207.124657524957
-9999 -9999 -9999 165.667254977756 167.868928697374 162.795030381944 163.686487833659 164.840052286784 165.576495700412 166.730461968316 166.727403428819 167.993553161621 165.428867763943 165.489107767741 164.501090155707 164.712117513021 164.765572441949 163.021937052409 163.068692525228 165.306519402398 -9999 -9999 -9999 -9999 -9999 -9999 189.291880289714 -9999 173.80876159668 176.523443433974 177.572867499457 180.612714131673 183.654863145616 186.699318779839 187.994784884983 188.976197984484 192.057564629449 194.388147989909 195.565616183811 195.737341986762 196.919414944119 197.009474012587 197.441294352214 199.627700805664 199.561226738824 201.67165629069 202.165829128689 204.369913736979 205.239685058594
-9999 -9999 -9999 -9999 166.069414774577 162.635379367405 162.760402255588 164.477728949653 164.602170308431 165.73117658827 165.704367743598 164.771951463487 163.809089660645 163.294758266873 163.362492879232 162.844789293077 160.543415493435 161.920697530111 159.921355353461 161.745379977756 165.015647040473 -9999 -9999 -9999 -9999 -9999 173.277551439073 170.46944088406 170.679342481825 174.711786905924 176.587717692057 179.387200249566 181.428073459201 184.469887627496 185.435348510742 187.592344495985 189.096204969618 193.194164699978 194.230918036567 193.583312988281 194.941957261827 196.04810418023 196.497353447808 197.706385294596 198.576292249891 200.787231445312 200.90227593316 203.114715576172 206.243418375651
-9999 -9999 -9999 164.807151794434 164.847213745117 160.428779602051 161.683534410265 163.377026028103 163.477071974013 163.57713148329 163.526318020291 161.713708665636 161.950150383843 160.106591118707 160.337326897515 -9999 -9999 -9999 194.108964708116 184.301127115885 -9999 189.282679239909 -9999 -9999 -9999 176.58657667372 -9999 -9999 171.69113752577 173.561576843262 176.434499104818 178.399176703559 180.518135918511 182.401745266385 184.289662679036 185.373664008247 186.734932793511 188.011149088542 191.131205240885 191.746427747938 193.96081882053 195.182893541124 196.310351901584 197.538352118598 198.9281378852 199.063213772244 202.056384616428 204.43716261122 206.64672003852
-9999 -9999 -9999 -9999 163.651538425022 159.424209594727 159.364634195964 160.322422451443 159.672206454807 161.353915744358 -9999 -9999 -9999 -9999 -9999 -9999 -9999 -9999 -9999 -9999 -9999 -9999 -9999 -9999 -9999 -9999 -9999 -9999 -9999 173.561538696289 174.690638224284 177.73158009847 179.777806599935 182.668046739366 182.730928209093 185.814639621311 185.943245781793 188.909664577908 189.197090996636 191.570317586263 191.70357937283 194.083375718859 195.156655205621 196.704264322917 198.18150668674 200.079242282444 201.480567084418 204.46354675293 205.562545776367
-9999 -9999 -9999 -9999 156.495374891493 158.615492078993 158.560215420193 158.481523301866 158.425948248969 -9999 -9999 -9999 -9999 -9999 -9999 -9999 -9999 -9999 -9999 -9999 158.963802761502 159.022369384766 159.237294514974 -9999 -9999 -9999 180.77114783393 -9999 -9999 174.772608439128 175.75745815701 177.742370605469 179.894402398003 181.96019660102 182.039906819661 184.974934895833 186.335250854492 187.370122273763 189.580139160156 191.794174194336 192.834447224935 193.4543033176 194.341676500109 197.820624457465 200.053042941623 200.189363267687 201.325324164497 203.54303656684 198.186947292752
-9999 -9999 -9999 -9999 -9999 158.402581108941 159.352436489529 -9999 -9999 -9999 -9999 -9999 -9999 -9999 -9999 -9999 -9999 160.160982767741 -9999 -9999 159.438555399577 160.704349093967 160.111259460449 159.0974706014 160.241522894965 164.142202589247 -9999 172.075896369086 -9999 174.751454671224 177.671529134115 179.59508090549 180.847443474664 182.93179151747 184.111638387044 185.129413180881 185.40023973253 187.603737725152 187.876725938585 188.841996934679 191.117535061306 193.332941691081 193.455944485135 195.677107069227 198.814076741536 198.94123840332 200.170867919922 202.537538316515 198.250922309028
-9999 -9999 -9999 -9999 166.003392537435 161.255482991536 161.181378682454 161.873582628038 -9999 163.208658006456 161.24340057373 162.209069993761 161.538141038683 163.346301608615 163.560095893012 162.623512268066 162.79470231798 163.005227830675 160.118806627062 160.324460347493 161.380281236437 160.99090745714 161.195864359538 161.039889017741 162.201059129503 164.368306477865 -9999 -9999 -9999 174.42386203342 175.761165195041 177.854874504937 179.124035305447 181.224504258898 184.178853352865 184.292992485894 184.555760701497 185.752527872721 187.775202433268 187.88722398546 191.003106011285 193.367148505317 193.483191596137 195.699428982205 197.82659233941 198.949608696832 199.069586859809 196.037629869249 198.314897325304
162.077458699544 159.192932976617 160.293159484863 162.141155666775 162.094373914931 163.192906697591 164.034537421332 163.98661380344 163.91140153673 163.862415737576 163.247263590495 165.069618225098 165.281680636936 165.458060370551 165.521374172635 165.730565388997 164.748169793023 163.208218892415 163.264601813422 162.417633056641 162.469795227051 161.923729790582 161.97339714898 163.192464192708 163.309862772624 164.492383321126 165.463426378038 169.2931705051 -9999 172.802363077799 174.003117031521 176.112080044217 177.246225992839 179.134285820855 179.417038811578 181.371037801107 183.714191012912 184.572068956163 185.764500935872 187.933169894748 189.283145480686 191.641174316406 192.505755954319 193.71225145128 195.832577175564 197.04418097602 193.056508382161 196.107201470269 197.373819986979
160.181781344944 162.035767449273 164.159977383084 166.010825263129 165.967745463053 165.924667358398 167.024927775065 165.953987969293 165.909734090169 166.008421156141 164.933662414551 165.013345506456 165.073939005534 165.277920193142 166.482349819607 166.429385715061 164.699653625488 164.155774434408 164.35612572564 163.35759056939 163.407318962945 161.651724073622 161.845078362359 161.1091893514 162.303032769097 163.351637098524 164.49016655816 -9999 -9999 -9999 -9999 173.994260999891 176.121424357096 175.26294793023 176.415690104167 177.771339416504 180.863385518392 182.720053778754 184.811721801758 186.218034532335 187.409344143338 190.365327623155 191.473487006293 193.830817328559 194.085645887587 191.030582004123 193.341701931424 194.413955688477 196.429161919488
162.266941494412 164.735912746853 166.110446506076 166.962743123372 166.90066019694 166.860432094998 167.70735083686 166.638058132595 165.851893107096 165.810699462891 166.768218994141 166.84699927436 167.046185811361 167.245370652941 167.444563123915 165.600909762912 165.653377956814 165.705062866211 164.105110168457 163.550930447049 162.543262905545 160.981573316786 161.023406134711 161.044859992133 160.44324069553 172.458451165093 -9999 -9999 -9999 -9999 -9999 -9999 -9999 173.324200100369 175.472262912326 176.605012681749 179.690294053819 181.771055433485 183.100970798069 184.200303819444 184.291542900933 186.636064317491 188.730244954427 190.588049994575 188.052093505859 191.109956529405 192.406943427192 195.446050008138 196.489551120334
164.963205125597 165.931847466363 167.670738220215 167.753572252062 167.717592027452 166.6556608412 166.757985432943 166.72092268202 166.683865017361 167.645229763455 167.748067220052 167.826319376628 168.020213656955 167.918942769368 167.367181566026 165.374042087131 164.675125969781 164.720326741536 164.161080254449 162.294052971734 162.478097703722 161.769831339518 161.808900621202 160.028536478678 161.254767523872 -9999 -9999 -9999 -9999 -9999 -9999 -9999 -9999 170.377851698134 173.548014322917 174.911170959473 176.90284898546 179.915963914659 181.911239624023 183.086832682292 183.320112440321 185.51011996799 187.852032131619 185.088165283203 187.127156575521 190.179024590386 191.263080173069 192.530053032769 195.539515177409
165.148071289062 165.855717129178 167.985585530599 167.683229234484 167.650539822049 166.591766357422 167.695373535156 168.407370673286 168.795355902778 168.623652140299 168.554354349772 168.630108303494 168.816773308648 166.826115926107 166.405093722873 164.405259874132 164.585678100586 163.878943549262 162.00740814209 161.29551188151 -9999 -9999 -9999 -9999 -9999 -9999 -9999 -9999 -9999 -9999 -9999 -9999 -9999 -9999 171.699527316623 173.82002597385 174.04067908393 176.969607035319 179.295572916667 181.366026984321 181.591432359484 183.776899549696 186.86668226454 188.713094075521 191.053683810764 188.490587022569 190.323135375977 192.594935099284 192.615156385634
164.048782348633 165.644273546007 165.751743740506 165.723904079861 165.672109815809 166.391463385688 167.496064080132 168.493733723958 168.600820753309 167.538380940755 168.365390353733 168.576702541775 165.976752387153 166.152717590332 165.192014906141 163.324094136556 163.749726189507 162.783172607422 -9999 -9999 -9999 -9999 -9999 -9999 -9999 -9999 -9999 -9999 -9999 -9999 -9999 -9999 -9999 -9999 169.58975982666 168.972960578071 171.027543809679 172.25437842475 174.31315697564 176.488799201118 178.55295393202 180.651385837131 184.486687554253 186.818401760525 191.673227945964 192.996559990777 188.626252916124 189.878497653537 191.658998277452
