data/test_2003/bio18_avg_1994-2002.asc
NCOLS 664 
NROWS 380 
XLLCORNER 3.91666666666667 
YLLCORNER 55.3333333333333 
CELLSIZE 0.0416666666666667 
NODATA_value -9999 
[rows 308 to 329 of 380, columns 196 to 244 of 664]
231.367652045356 228.300333658854 225.375298394097 220.372539944119 216.46105617947 208.873645358615 210.862567477756 216.09634229872 219.095209757487 216.885243733724 214.677456325955 207.225950453016 208.154463026259 206.716976589627 208.503236558702 206.113627115885 204.840330335829 204.689092000326 204.387295193142 201.260352240668 198.89747789171 195.771358913845 193.554904513889 193.550548977322 193.255223592122 194.308725992839 194.304953681098 194.205702039931 194.266793145074 196.506941053602 197.83679538303 197.96417066786 198.232328626845 197.30576578776 196.838448418511 196.042790730794 197.927135891385 206.541029188368 209.821484035916 203.567252265082 204.628490871853 201.402170817057 196.245427449544 195.287514580621 196.175828721788 196.141035291884 196.106228298611 195.274042765299 196.144809299045
234.217085096571 228.046430799696 226.347637600369 220.190817938911 215.02301703559 212.934219360352 211.757125854492 211.743765936957 212.511405097114 213.420115152995 213.420483059353 213.261518690321 211.943357679579 209.722271389431 208.360807630751 209.075222439236 208.854400634766 208.700356377496 205.440502590603 202.025870429145 198.909888373481 197.568037245009 194.452141655816 193.291086832682 192.139841715495 192.144188774957 194.25622897678 195.168404473199 197.308035956489 198.54197523329 200.75550503201 199.880771213108 199.11193508572 198.996573554145 197.871186998155 197.496310763889 197.768987019857 205.344680786133 205.555263943142 201.588192409939 202.545625474718 198.404034084744 196.435128106011 196.398035685221 196.360943264431 197.247990926107 196.286760118273 194.369215223524 197.41059366862
235.153978135851 227.026801215278 222.036000569661 221.094141642253 218.048587375217 216.867401123047 215.798587375217 215.689753214518 215.529123942057 216.57820977105 216.324349297418 215.258070203993 213.890084160699 214.793267144097 212.270623101128 211.067857530382 211.845062255859 211.709267510308 208.296837700738 205.185607910156 201.932352701823 198.678941514757 195.410308837891 193.202304416233 194.113206651476 196.225979275174 198.339165581597 198.393222384983 199.367657131619 202.63682047526 203.817448933919 200.825866699219 201.070392184787 203.402138604058 202.46302456326 203.614159478082 201.629530164931 198.754452175564 200.071980794271 205.549458821615 208.796028984918 201.419867621528 195.297053019206 195.305406358507 196.291358100043 196.230946858724 196.301730685764 196.210098266602 198.342398749457
227.589982774523 223.466350979275 221.602223714193 218.717641194661 218.816316392687 220.796249389648 220.793701171875 221.721771240234 221.437015109592 219.512741088867 219.369552612305 219.085927327474 219.868626912435 219.724514431424 216.460332234701 213.960737440321 212.689659966363 210.730460272895 209.581461588542 207.230202568902 202.914839002821 201.767233954536 199.557306925456 196.444922553168 197.353386773003 199.464964124891 202.29027472602 202.348156399197 204.514161851671 206.842463175456 208.928346421984 205.864034016927 212.365746392144 218.816028171115 219.009821573893 207.480689154731 204.45669386122 200.392122056749 199.594635009766 208.346876356337 214.710113525391 205.206481933594 195.827674018012 195.826092190213 196.95974222819 197.822596232096 195.7740105523 195.703160603841 202.0583919949
225.243723551432 227.543921576606 226.507412380642 222.564980400933 224.644741482205 224.520896063911 223.521791246202 222.38357035319 223.164464314779 223.346201578776 222.17916531033 220.986360337999 220.724434746636 220.766759236654 219.491382175022 218.16460164388 215.749989827474 213.53665500217 212.336129082574 210.425533718533 209.278476291233 205.099119398329 203.898449367947 203.655227661133 203.658782958984 205.906487358941 206.676432291667 207.641338772244 207.689120822483 209.888788859049 211.051254272461 213.194429185655 213.225536770291 210.128870646159 207.159742567274 207.356662326389 208.458279079861 200.232832166884 200.49816555447 211.005435519748 208.964543660482 203.813791910807 196.435321384006 197.477708604601 197.420591566298 199.55387878418 197.369391547309 199.425889756944 207.7718878852
226.204600016276 223.090540568034 227.423170301649 226.398764716254 227.262383355035 226.285759819878 225.170727199978 227.321909586589 230.344428168403 226.210152520074 224.053605821398 226.935301038954 226.83066813151 226.726031833225 226.484259711372 222.250456068251 221.025170220269 218.809953477648 218.643954806858 215.528284708659 213.480556911892 211.266498141819 210.121622721354 209.956002129449 209.850324842665 211.824776543511 211.721644083659 212.733189900716 215.886361016168 216.020772298177 218.202385796441 218.274236043294 215.024843004015 211.903637356228 209.858272976345 209.082868787977 208.045362684462 203.068888346354 204.145358615451 205.297234429253 204.325483534071 203.33326043023 200.221335517036 200.114110310872 198.220879448785 205.545542399089 210.71247016059 211.731489393446 207.381308661567
233.245958116319 222.95491027832 225.94472249349 226.984137641059 227.080546061198 229.254677666558 230.385559082031 234.46735297309 235.457056681315 224.992104424371 223.871678670247 225.838523017036 229.946999443902 229.862901475694 226.52604675293 224.395816379123 223.149893866645 223.147577921549 221.064754909939 217.812291463216 216.496102227105 216.494315253364 215.349782307943 213.064659966363 213.966720581055 215.904142591688 216.978815714518 218.956919352214 220.189675225152 219.162284003364 220.112328423394 220.101521809896 217.96590508355 213.811650594076 211.744133843316 210.811999850803 207.840694851345 205.769631279839 205.812944200304 205.856246948242 205.876383463542 203.96405198839 202.958436754015 205.208323160807 208.211819118924 212.251742892795 212.256252712674 210.107425265842 207.781461927626
234.305297851562 222.680591159397 225.783976236979 227.743765936957 230.963794284397 234.29914855957 237.360809326172 239.412658691406 234.143732706706 226.804409450955 228.854619344076 235.030887179905 234.967990451389 228.67091539171 227.270590888129 225.299285888672 227.236607869466 226.332005818685 225.145239935981 223.998206244575 223.994272867839 222.849824693468 221.533221774631 221.530480278863 219.313691880968 222.321458604601 222.189086914062 225.172576904297 223.147694905599 222.1675652398 223.093546549479 220.902279324002 219.946858723958 215.951402452257 213.73424106174 211.770133124457 209.678336249457 208.485727945964 208.612436930339 208.633726331923 207.628633287218 207.822141859266 206.588056776259 216.052237616645 216.131622314453 217.024509006076 208.521769205729 206.482930501302 204.264334784614
225.676205105252 223.5919986301 226.701885647244 227.695097181532 234.797453138563 239.227564493815 240.088467068142 238.069356282552 231.793060302734 239.024642944336 238.984785291884 234.927822536892 229.488496568468 228.375481499566 231.452158610026 232.485226101345 234.564882066515 233.484100341797 232.466147528754 232.458370632595 232.387903849284 230.167689005534 227.947731865777 226.806571112739 227.702584160699 228.598856608073 226.43280198839 226.429680718316 226.427983601888 224.086541069878 224.086376614041 221.87153116862 220.887164645725 218.670567830404 215.531609429253 213.54202609592 213.540244208442 211.425026787652 211.299750434028 209.18431769477 209.255540635851 209.339279174805 212.536617702908 216.514461941189 218.596513536241 213.241277058919 205.833602905273 202.808181762695 196.544175889757
225.496958414714 229.688583374023 230.657407972548 235.825078328451 236.817935519748 237.701924641927 236.682730780707 231.570970323351 228.571940104167 229.45566813151 229.439610799154 229.423546685113 232.522265964084 236.826956854926 238.783645629883 239.795315212674 240.984636094835 241.873185899523 239.647891574436 238.62914191352 235.505182902018 236.395048353407 232.137766520182 233.029076470269 235.107433742947 233.842666625977 230.663511488173 229.587622748481 230.472408718533 229.234300401476 229.208321465386 225.945119222005 224.70637512207 219.579133775499 220.644241333008 222.740505642361 218.388047960069 214.230743408203 213.233442518446 211.069342719184 215.352795071072 212.960693359375 209.793531629774 211.852066040039 211.79534233941 208.632731119792 204.48609246148 199.319225735135 192.943525526259
230.390024820964 233.41965230306 233.465723673503 238.289282904731 240.230507744683 238.390077379015 231.172075059679 228.197767469618 228.154264662001 229.19075012207 231.280815972222 234.400790744358 239.556559244792 245.86020067003 250.008212619358 250.14320034451 251.21358066135 250.188481648763 244.845458984375 240.70957438151 241.776351928711 240.680928548177 240.435707939996 244.539883083767 242.187467787001 238.058770073785 237.922444661458 236.786651611328 235.631895277235 234.365505642361 231.078660753038 231.026860555013 223.734100341797 223.684173583984 222.540634155273 222.468441433377 219.310189141168 216.032901340061 216.104125976562 214.958991156684 212.646052042643 211.693759494358 206.308659871419 210.430904812283 213.572964138455 207.179407755534 205.100609673394 202.911392211914 194.643380059136
235.586751302083 238.402665879991 239.321716308594 238.08364698622 238.044475979275 238.075897216797 234.046283298069 233.207917955187 233.237533569336 236.19477335612 236.225458780924 239.367396036784 244.616165161133 250.799092610677 255.15054151747 257.28700764974 256.282886081272 252.140811496311 246.919833713108 244.761628892687 244.743874443902 247.838946872287 243.581107245551 247.576549953885 246.348180135091 238.982764350043 243.171846177843 236.811225043403 236.644083658854 233.333728366428 230.025824652778 230.847251044379 223.537116156684 231.688630845812 229.618421766493 224.324064466688 227.233601888021 220.831768459744 223.85961066352 223.007432725694 215.60833062066 214.400144788954 211.202241685655 210.117635091146 213.113950941298 207.811799791124 206.733079698351 203.661946614583 195.24126180013
234.099914550781 233.970309787326 234.867711385091 236.8492058648 237.837127685547 236.807286580404 237.887907240126 237.942542182075 242.129823472765 247.3185611301 244.266996595595 250.414850870768 250.599868774414 250.657655504015 255.931245591905 258.092737833659 257.225072224935 257.32490878635 254.079315185547 253.049589369032 253.026499430339 244.754589504666 243.609124077691 245.489339192708 244.347600301107 241.096398247613 243.872902764214 240.741322835286 239.661244710286 239.436308119032 233.112794664171 231.779354519314 228.688664754232 235.906024509006 233.688963148329 230.365276760525 227.044628567166 225.843729654948 225.742034912109 227.517008463542 217.222661336263 218.196144951714 213.880308363173 213.872926500109 216.95246887207 210.541717529297 208.543885972765 206.240473429362 201.953543768989
235.849253336589 233.679251776801 237.526743570964 231.171842787001 234.174168904622 240.455868191189 243.668745252821 244.644861857096 249.081449720595 248.976523505317 250.082644992405 254.400731404622 250.374094645182 253.625752766927 257.842093573676 260.029917399089 259.171705457899 260.348254733615 265.350379096137 262.33049858941 255.143037584093 250.882203843859 259.100007798937 253.748472425673 248.476667616102 253.577758789062 251.338421291775 242.963585747613 242.661107381185 246.52394273546 238.059466891819 227.709950764974 237.795221964518 237.663094414605 238.519466824002 237.283528645833 231.829086303711 230.483089870877 227.468887329102 228.442950778537 218.917561848958 215.681523640951 214.55948554145 214.527835422092 214.495266384549 214.349572075738 211.046549479167 209.032974243164 210.762683444553
231.469265407986 233.528666178385 237.50405714247 238.246536254883 239.236680772569 242.330276489258 244.338602701823 248.554322984484 252.999011569553 250.07590230306 249.979476928711 251.322230021159 250.2880859375 255.593310885959 257.789818657769 264.104258219401 264.254943847656 261.183724297418 263.173799302843 259.021491156684 252.850550333659 256.931384616428 259.905968560113 260.991010877821 253.619784884983 253.704143948025 254.337176852756 251.080013699002 246.658065795898 245.712539672852 236.126012166341 228.644056532118 234.608796861437 240.657177395291 237.291344536675 238.125752766927 234.764955308702 234.613915337457 233.457304212782 231.320061577691 224.874199761285 219.524424235026 215.412129720052 219.33270433214 218.275395711263 218.110271877713 215.883495754666 213.736390855577 209.308958265516
234.635552300347 237.645256890191 238.413548787435 240.298472086589 242.415912204319 244.417107476128 245.397288004557 250.728093465169 254.916059705946 249.817759195964 255.117241753472 250.973354763455 255.375318739149 256.359664916992 258.550869411892 261.748591105143 258.779927571615 256.708819919162 256.785858154297 254.719083997938 255.69487508138 254.649914211697 257.718090481228 257.67610168457 256.539562649197 249.280383639865 249.122907850477 245.858135647244 239.422751532661 234.14411078559 230.763000488281 228.511603461372 233.653974745009 236.358208550347 237.200705634223 237.792978922526 231.445305718316 236.567796495226 236.401487562391 234.1349673801 227.796291775174 219.472590128581 218.316582573785 222.307390001085 224.22201707628 224.041697184245 222.884845309787 220.506520589193 218.351555718316
229.289833916558 233.44438680013 238.332611083984 240.272900051541 245.56500922309 248.680318196615 248.661841498481 250.758556789822 250.839547051324 247.713117811415 250.898220486111 255.984144422743 259.297812567817 257.169872707791 258.45856391059 260.644465128581 261.742704603407 258.69908481174 254.530234442817 255.446982489692 254.497704399957 254.344802856445 256.549633449978 258.515233357747 253.145943535699 248.872058444553 246.712090386285 242.424624972873 239.106509738498 234.922385321723 232.73809644911 232.446509467231 233.050172593859 236.080622355143 235.78591410319 234.599511040582 234.420405069987 238.312125311957 238.129708184136 233.865575154622 224.441455417209 221.176990085178 222.193991767036 222.893288506402 227.083606296115 227.670567830404 226.589036729601 224.42019144694 223.146087646484
225.191616482205 229.117521497938 235.245876736111 241.304316202799 242.447769165039 245.62200249566 247.52035692003 248.61604309082 247.569105360243 248.626912434896 255.913363986545 257.00959777832 255.878207736545 258.181523640951 256.111216227214 258.278238932292 255.294623480903 254.227459377713 254.367711385091 253.17177327474 252.925701565213 253.102494981554 257.285554673937 260.448822021484 252.966371324327 248.684565226237 245.404369778103 243.333640204536 242.304543389214 239.00422668457 235.498297797309 237.389127943251 234.994888305664 235.892774793837 231.488288031684 233.17766655816 232.094955444336 232.791795518663 231.711747911241 226.344785902235 225.705268012153 224.082155015734 225.968588935004 225.661849975586 226.458418104384 230.400853474935 226.251086764865 225.938208685981 225.735678778754
223.047963460286 232.210798475477 236.188424004449 240.382622612847 244.510352240668 248.575566609701 248.452924940321 249.418150160048 244.174031575521 248.367679172092 250.523474799262 252.820722791884 254.994984944661 252.958480834961 252.786661783854 255.080822414822 253.055475870768 254.112789577908 256.148603651259 256.979955037435 255.125486585829 252.066752115885 257.125071207682 258.072843763563 254.013431125217 253.713475545247 250.541300455729 245.241683959961 243.0880923801 241.973280164931 238.548865424262 238.241360134549 236.906207614475 233.607850816515 230.314768473307 232.074934217665 228.574649386936 227.484091864692 225.295715332031 224.212448120117 225.990868462457 226.877068413628 228.745629204644 227.53530714247 231.263832939996 231.04702589247 227.777206420898 226.678890652127 225.377632988824
217.831429375543 224.908425225152 233.101087782118 236.107389662001 243.222325642904 244.180135091146 247.155176798503 243.116304185655 242.21359761556 248.487496270074 249.63730875651 251.616962009006 254.788652208116 253.76591152615 251.805970933702 250.862531873915 259.170989990234 262.322128295898 261.238515218099 264.283170912001 263.118952433268 260.167777167426 258.102105034722 255.004050360786 252.840961032444 251.747404310438 248.568956163194 248.468120998806 249.310670640734 244.938420613607 240.504072401259 239.076843261719 236.656494140625 235.517086452908 236.285614013672 232.98136054145 227.576931423611 227.247370402018 225.831983778212 227.917539808485 230.764351738824 228.558900621202 229.31904941135 232.46184624566 232.019404093424 228.849962022569 229.410905626085 225.242367214627 227.333165486654
214.507651435004 218.503848605686 225.725285847982 229.718092176649 229.740866767036 234.912838406033 237.879791259766 241.039842393663 247.429280598958 248.38319905599 246.230394151476 251.62126159668 249.467230902778 248.399592081706 249.579347398546 254.732877943251 261.060350206163 263.303738064236 264.235799153646 266.357130262587 264.181004842122 263.126020643446 259.048907809787 258.964189317491 255.776290893555 254.873382568359 251.688385009766 255.674843682183 251.408757527669 245.934109157986 242.480577256944 242.12239074707 243.955490112305 239.748292711046 239.393110487196 233.874452379015 228.57260301378 228.228507147895 227.998548719618 230.834094577365 229.605938381619 233.509828355577 235.246675279405 235.359232584635 234.173577202691 235.996371799045 229.263092041016 225.984949747721 224.891357421875
212.14860534668 217.407997979058 220.52833726671 228.859942966037 234.907231648763 239.078284369575 244.248435126411 250.387400309245 249.248036702474 248.297909206814 245.1197136773 247.189810858832 249.226525200738 252.505547417535 252.556296454536 259.846313476562 264.178668551975 267.312891642253 269.322826809353 269.461449517144 266.376373291016 264.377173529731 263.216042412652 259.939144558377 254.726191202799 256.914511786567 255.803904215495 254.599295722114 252.401502821181 247.909103393555 246.649405585395 244.265719943576 243.892294989692 241.632176717122 241.376012166341 238.045406765408 231.535715738932 229.186676025391 230.928210788303 236.693115234375 236.421880086263 237.966222127279 237.64476691352 232.625283135308 230.777592976888 233.572670830621 226.865649753147 227.79680718316 225.555304633247
