data/test_2003/bio19_avg_1994-2002.asc
NCOLS 664 
NROWS 380 
XLLCORNER 3.91666666666667 
YLLCORNER 55.3333333333333 
CELLSIZE 0.0416666666666667 
NODATA_value -9999 
[rows 44 to 65 of 380, columns 490 to 538 of 664]
67.6318058437771 67.5010426839193 65.5592820909288 66.6104587978787 67.6217986212836 67.2900250752767 67.3258857727051 67.515734354655 70.3192960951063 70.2830793592665 71.3696123758952 69.0746782090929 69.0897068447537 70.1155654059516 70.1964009602865 68.266916486952 68.2816026475694 68.2962909274631 68.3109770880805 69.4013002183702 69.4157875908746 71.3172302246094 72.6530850728353 71.6381522284614 71.6984176635742 69.6390694512261 69.696656121148 66.3303994072808 65.3092278374566 66.4398490058051 66.4945738050673 67.5806872049967 66.6040246751573 63.4412362840441 66.9149513244629 70.1453480190701 71.2323222690158 71.2432123819987 70.1789321899414 71.2649938795302 72.3837933010525 72.3947766621908 72.8872667948405 73.9752977159288 73.9893726772732 71.818963792589 71.82207192315 71.8818990919325 73.9908167521159
67.5161810980903 66.3686548868815 66.3303739759657 66.3639861212836 67.4093432956272 68.3447672526042 68.3049731784397 70.3539916144477 69.2337489657932 69.1937158372667 69.0559077792697 69.0747837490506 70.1703919304742 69.1125339931912 70.2078954908583 70.2266489664714 70.2454003228082 70.2641521030002 70.282905154758 70.3016560872396 68.374632941352 69.4687805175781 70.3791287740072 70.4403143988715 69.3512941996257 68.5381211174859 67.5730777316623 66.3816998799642 64.4842224121094 65.7625575595432 67.0601548088922 65.7286304897732 65.784558614095 64.7766448126899 66.7575755649143 69.1066101921929 69.1172366672092 70.5631540086534 70.2465799119737 72.2165031433105 74.5692575242784 73.2354600694444 72.1745185852051 71.1435724894206 71.156803978814 71.9392823113336 72.5022905137804 72.2642593383789 73.6915406121148
69.5613598293728 68.4389398362901 67.7256732516819 66.3742968241374 68.3956574334039 69.3667123582628 69.3277829488118 68.0544645521376 68.0161005655925 69.1053165859646 69.0940577189128 69.9823532104492 71.0813412136502 71.3266855875651 71.3480567932129 71.3694271511502 70.2983021206326 71.1886757744683 72.2264590793186 70.361636267768 70.3827472262912 68.4561987982856 68.2722210354275 68.5526974995931 68.6100938585069 68.4442660013835 67.6254887051053 67.4583468967014 67.5144776238336 65.4364475674099 65.713264465332 67.1650551689996 64.7753003438314 65.873472849528 67.0137214660645 69.1400587293837 70.612419128418 71.4974628024631 71.4978964063856 71.4983278910319 71.3770836724175 73.5405671861437 73.551749335395 73.5629323323568 73.5741144816081 72.5373590257433 72.5356118943956 72.3924662272135 72.5398152669271
68.5309846666124 67.1833614773221 67.1531838311089 66.3767479790582 68.1782544453939 68.1469484965007 68.1156421237522 68.0843370225694 69.2167150709364 69.1810035705566 69.1740993923611 70.28773244222 71.3891220092773 72.4246542188856 72.4476776123047 73.0357123480903 72.0444823371039 72.5167431301541 71.2983720567491 71.3206236097548 70.4723887973362 69.4150047302246 69.2281833224826 68.4065636528863 68.4565764533149 68.506588406033 68.5566062927246 67.5054626464844 66.5236112806532 66.5708669026693 66.6181225246853 68.0839004516602 65.8787367078993 67.2812957763672 67.8646337721083 68.0980614556207 68.1083119710286 70.3199899461534 70.4883282979329 70.3209228515625 72.2626389397515 72.2733603583442 72.2840838962131 73.4041926066081 73.4149432712131 73.4256935119629 72.5407151116265 72.4245902167426 74.6621148851183
67.1935590108236 67.1703194512261 67.1470739576552 67.1238322787815 67.1005897521973 67.8230938381619 68.8847609625922 70.0985238817003 70.892638736301 71.3606321546767 71.3585327996148 73.330800374349 73.3549240960015 72.7722295125325 72.7968304951986 74.0622694227431 73.0702489217122 72.049629635281 73.4996545579698 72.4295010036892 70.5620295206706 69.2793354458279 69.3126987881131 68.4835586547852 68.5262366400825 68.5689163208008 67.5111346774631 67.5525796678331 67.8171509636773 66.6022355821398 66.6421737670898 68.1207720438639 68.1540251837836 67.3008266025119 67.8620355394151 68.9824473063151 70.3377096388075 70.3390871683757 71.540476904975 71.7098265753852 72.5981466505263 72.4988738165961 72.510250515408 73.4078759087457 73.4191623263889 73.4304487440321 73.4318254258898 72.3763046264648 71.9402826097276
67.1735797458225 67.1572727627224 67.1409653557672 67.196962568495 67.1803732977973 70.1619313557943 70.1451856825087 70.1996180216471 72.3250999450684 72.3056059943305 72.308235168457 73.4156172010634 73.0204306708442 74.0616654290093 74.0873353746202 74.1130027770996 73.3895818922255 74.8089065551758 74.8345031738281 72.7441363864475 71.6736615498861 70.6751658121745 69.6212264166938 68.560553656684 68.595895131429 67.6028650071886 67.6367297702365 67.822870042589 66.6009826660156 66.633603837755 66.6662250094944 68.1576415167914 67.2966482374403 67.3203548855252 68.0815895928277 68.0928696526422 70.2568681504991 71.726378970676 71.7289928860135 71.7316080729167 73.6953544616699 72.277215745714 72.5121900770399 73.4115549723307 73.4233813815647 74.7612643771701 73.4381688435872 75.132331000434 75.1265525817871
68.9112481011285 68.2347484164768 67.1348576015896 69.1827549404568 70.186898973253 70.2492603725857 70.9827601114909 70.973622639974 72.3946927388509 72.3835199144151 74.5678918626573 74.0597784254286 74.0857683817546 74.3368280198839 74.1377487182617 73.6029497782389 73.6285790337457 73.6542074415419 71.4991357591417 70.5018149481879 71.6122801038954 69.6793700324164 70.7917908562554 70.8198704189724 70.8479537963867 69.7757631937663 68.7215749952528 68.749582502577 68.7775917053223 67.9229736328125 67.7270804511176 70.4674958123101 69.4536094665527 69.3012381659614 69.4783706665039 69.4816415574816 69.4849175347222 70.3772820366754 70.3094139099121 72.2545454237196 72.2668435838487 73.3905164930556 72.5141296386719 72.3693101671007 73.5820092095269 72.5304853651259 73.4445122612847 73.7923316955566 71.6523407830132
70.2042473687066 70.2019636366102 70.1996845669217 70.2698499891493 71.2345547146267 71.2325011359321 72.9877476162381 72.9866994222005 72.6902169121636 74.6408220926921 74.3794903225369 75.150205400255 75.1057641771105 74.1618491278754 75.7790951199002 74.9368735419379 73.7171630859375 73.7435451083713 73.7699275546604 73.7963091532389 72.9515601264106 72.9776327345106 73.0022396511502 73.0253796047635 72.1729990641276 71.9708688524034 69.8585645887587 69.8777559068468 69.8969463772244 69.0327635871039 70.6660897996691 70.6741324530707 70.6821746826172 69.4880841573079 69.4936163160536 69.4977891710069 69.5019620259603 70.3963801066081 70.4004965888129 70.4046130710178 72.3708843655056 72.541325463189 72.138316684299 72.150767856174 72.7194896274143 72.5577930874295 72.5575964185927 73.4427634345161 73.6037356058757
70.2566295199924 70.9981235928006 72.2458101908366 72.251537322998 74.0862070719401 74.0921198527018 73.0089446173774 73.0153702629937 72.0041190253364 75.155445098877 75.2432412041558 76.2182172139486 76.020017835829 77.7301512824164 76.8897560967339 75.6707144843207 74.8287696838379 77.0420485602485 77.2957988315158 76.2278544108073 73.9142871432834 74.0964385138618 73.0909974839952 73.1064919365777 72.0219391716851 72.0361633300781 72.0503857930501 70.9607582092285 70.9737141927083 70.9866680569119 70.9996206495497 70.7122094896105 70.7116758558485 70.5441457960341 70.7134768168132 69.5139350891113 70.4104478624132 70.4154777526855 70.4205072191026 68.8597263760037 68.8706427680121 72.3984959920247 71.2507798936632 69.1458841959635 70.3014958699544 70.3062489827474 71.3808568318685 71.3793970743815 72.5835596720378
71.2504280938043 71.4905810885959 72.2387843661838 74.0798954433865 72.9299151102702 74.1069085862901 74.3471501668294 74.4324489169651 75.1140013800727 75.1997163560655 76.3120914035373 77.9867299397786 78.0164587232802 76.7978524102105 75.9572342766656 75.9860424465603 75.7890620761447 76.0436621771918 77.3902066548665 77.1937124464247 74.0058873494466 73.1620343526204 73.1797553168403 72.9628058539496 72.0948893229167 72.1014565361871 71.2283490498861 71.2331848144531 71.0154948764377 71.0207845899794 71.0260755750868 70.7502869500054 70.7411778767904 70.7320675320096 69.1139246622721 69.5300827026367 70.0576265123155 69.0016954210069 70.4405148824056 70.4464569091797 69.2459814283583 69.2519187927246 71.2532030741374 70.2212698194716 68.9412879943848 69.2756703694661 69.444576687283 69.2804150051541 69.4468710157606
72.1905521816678 73.3039512634277 75.1476054721408 75.3966068691678 76.2263086107042 76.1760592990451 76.1983494228787 76.2206386990017 76.2429262797038 77.076596154107 78.1929236518012 80.0359823438856 80.0671111212836 79.2285910712348 76.9162351820204 78.0389425489638 78.0691854688856 77.2286542256673 76.1644240485297 75.0966682434082 75.125971476237 73.2542330423991 73.2685144212511 72.1689275105794 72.1678403218587 72.1667527092828 72.1656650967068 70.9047482808431 71.0572764078776 71.0549015469021 71.0525271097819 71.0501539442274 70.0041380988227 70.0004141065809 70.0054643419054 69.799570719401 68.9874487982856 69.0012758043077 68.794994354248 68.8086920844184 69.1012738545736 69.1082979838053 69.1153229607476 69.287710401747 69.2946870591905 70.1951709323459 70.2005547417535 69.3110016716851 69.3149062262641
74.3507584465875 75.3386794196235 75.3679640028212 76.130504184299 76.38793097602 77.2253036499023 77.1835411919488 77.2143164740668 78.4096904330783 78.4402266608344 78.4699753655328 78.4268714057075 80.3854022555881 80.4172240363227 80.2225396898058 80.2544072469075 79.4155892266168 78.1929181416829 76.2563756306966 75.031189388699 75.2870915730794 74.2184783087836 74.2303988138835 74.2248403761122 73.3423750135634 73.1108495924208 72.2233043246799 72.2145623101129 72.2058181762695 73.2749087015788 73.0423757765028 72.1413828531901 71.0589023166233 70.0029182434082 70.0043568081326 70.0185979207357 68.9865057203505 69.000857035319 69.9100354512533 70.9932051764594 71.0081164042155 68.907277001275 68.9217287699382 68.9361779954698 68.9506306118435 68.9650806850857 69.1975059509277 70.2361861334907 70.4077267116971
75.2867461310493 78.1646851433648 78.5039893256293 79.2742428249783 79.3137029012044 79.3531672159831 79.1051940917969 80.394282023112 80.4344914754232 81.211356692844 80.5098135206434 79.4418008592394 82.4423518710666 83.5726975335015 82.440363989936 80.3483149210612 79.5100360446506 78.2864091661241 78.3181970384386 77.4783134460449 76.4787538316515 75.410949283176 76.4508747524685 76.4360508388943 74.4510688781738 73.1765717400445 72.5044496324327 72.2645454406738 73.3290498521593 73.3096521165636 73.2902560763889 73.0506943596734 73.0319654676649 73.2320624457465 75.4092670016819 74.3598895602756 74.3752555847168 73.3438322279188 73.3594148423937 73.1557930840386 71.2291225857205 72.1407847934299 72.1564576890733 71.1266475253635 70.2465438842773 69.1903822157118 68.9837849934896 70.4329325358073 70.4421212938097
79.0577392578125 79.1783154805501 81.5669144524468 81.2508667839898 81.3731375800239 80.3279728359646 80.8815023634169 81.158265431722 82.3754433525933 83.1600168016222 84.3653717041016 85.4962582058377 84.6614023844401 83.5988659328885 84.5042288038466 82.6388791402181 80.4755694071452 80.5089196099175 78.6394415961371 78.4450200398763 79.8063091701931 77.6377927992079 77.64324315389 76.5205345153809 75.4613931443956 75.4373999701606 75.4134072197808 74.2828665839301 73.3717528449164 73.3443972269694 73.3170382181803 76.5181689792209 77.6031973097059 77.5764342414008 78.6195704142253 77.5876113043891 76.7068600124783 76.7232165866428 73.3604130215115 71.2139723036024 70.162218729655 71.2465824551053 71.2628851996528 70.2337837219238 68.9599740770128 68.0784772237142 70.2878884209527 71.7023582458496 72.9232542249892
81.1424365573459 82.2856152852376 82.3388883802626 83.1946521335178 83.1755727132161 84.0338533189562 84.088804880778 83.0462205674913 83.1000857883029 83.1539446512858 83.196108924018 83.2996275160048 84.285582224528 85.5835096571181 84.5207494099935 84.5552838643392 83.7185045878092 82.7214919196235 81.6568277147081 81.6903419494629 81.9503868950738 79.8513162400987 77.6537780761719 77.6303181118435 77.6068598429362 76.7036895751953 75.4158465067546 75.5466651916504 74.4782418145074 74.4502974616157 74.4223492940267 75.6855858696832 77.5939475165473 77.5651974148221 75.6160422431098 77.5816883511013 76.5545667012533 73.3465237087674 74.4339493645562 71.2244822184245 71.2446670532227 71.2648518880208 71.5037655300564 71.3052211337619 70.2799474928114 71.1978776719835 72.4790369669596 73.8722932603624 73.8824882507324
81.9565069410536 83.0371123419868 83.0902417500814 84.0990833706326 84.152896033393 86.0313589307997 86.0861579047309 88.1237063937717 86.9291152954102 86.984683142768 87.0275361802843 87.0576688978407 85.1833610534668 86.3908933003743 85.5531446668837 85.5862041049533 84.5221803453233 83.6831936306424 81.5865105523004 82.7160992092556 81.6501337687175 79.7758089701335 77.8070271809896 77.5622982449002 78.6364373101129 78.6138271755642 75.3610733879937 76.3789723714193 76.3581585354275 75.4505911933051 77.3927074008518 77.5877265930176 78.826907687717 78.8028979831272 77.5408749050564 76.3049935234918 75.4380649990506 74.4194064670139 72.2645645141602 71.2449815538194 74.5046208699544 75.6474982367621 73.7212007310655 75.4862289428711 72.4969745212131 72.5246073404948 73.9655770195855 73.9683108859592 73.9710443284776
80.8179206848145 82.9134123060438 84.7871509128147 86.1582412719727 86.9428473578559 87.7288246154785 87.7843907674154 88.6467467414008 88.9276445176866 88.9837832980686 88.9520958794488 88.2467731899685 86.948543548584 88.6763750712077 88.7089771694607 87.4871474372016 86.6474355061849 84.4856652153863 82.6128900316026 83.6753315395779 82.6735916137695 81.6065190633138 79.7062411838108 79.68878809611 79.6713350084093 79.653881072998 78.5342661539714 78.5157860649957 77.6132134331597 77.5930595397949 77.5729047987196 77.5527538723416 80.7575234307183 79.6912562052409 76.4744427998861 74.3540484110514 75.4363458421495 76.5837198893229 78.1779026455349 78.14140786065 77.9632856580946 76.851740943061 73.6586511400011 75.7550642225477 75.791377597385 74.5612674289279 76.0437622070312 75.1434644063314 77.4148529900445
81.6471265157064 81.7719955444336 83.8683336046007 86.759577009413 86.8883035447862 87.6732597351074 91.2613406711154 88.7380934821235 92.2632785373264 92.3307117886013 92.380482143826 91.5418201022678 88.8689019944933 88.1619093153212 86.9364403618707 88.4491102430556 86.5774540371365 85.2886509365506 84.445743560791 82.570379892985 82.5990367465549 81.5310957166884 81.5398224724664 80.4942092895508 80.6406686570909 80.6282145182292 80.6157608032227 80.6033053927951 79.7075771755642 79.4748424953885 79.461476220025 77.5177777608236 77.5019238789876 76.4415558709039 78.5713136461046 76.4994498358832 79.5545149909125 79.6002608405219 79.6460079616971 78.2078467475043 76.9148203531901 75.0448506673177 76.8089141845703 77.1998456319173 79.0908919440375 76.7880956861708 77.533208211263 79.4964794582791 77.6734280056424
83.7897605895996 84.8661248948839 88.9849989149306 89.0497326321072 89.9801161024306 91.1351479424371 91.2015313042535 92.1362648010254 94.3861465454102 94.4545160929362 94.5041792127821 93.4419835408529 93.4726706610786 89.9956046210395 88.7064344618056 89.4752519395616 87.3797895643446 86.3136461046007 85.4691259596083 84.4654036627875 82.5244839986165 83.5842001173231 82.5601247151693 81.458248562283 80.5739635891385 80.5654466417101 81.8636877271864 81.8527204725477 78.6185497707791 79.647583855523 79.7638524373372 77.6997973124186 76.6451839870877 79.6384264628092 78.7691446940104 78.3912929958767 76.5400212605794 76.5920164320204 77.9378912183974 79.9297421773275 78.2549260457357 78.7726080152724 79.7937020195855 78.6199260287815 79.5603425767687 79.1249220106337 79.2164582146539 79.2716704474555 80.6366314358181
83.7322112189399 85.6717122395833 85.7340515984429 88.9902386135525 89.92109213935 90.8536627027724 92.0095515780979 94.2562806871202 95.1940188937717 95.2630716959635 95.3122973971897 94.4704632229275 94.2785949707031 94.4647776285807 88.9210806952582 90.4982897440592 88.5613098144531 88.3675816853841 86.490613301595 85.4227604336209 84.4169540405273 83.5688764784071 82.4840647379557 82.4790899488661 81.5971544053819 81.591003841824 81.5848579406738 81.5787094963922 80.5343793233236 80.5273996988932 78.5559548272027 80.4705670674642 80.4619928995768 79.2366930643717 81.5520680745443 79.6426624721951 79.6970698038737 78.5643497043186 78.8421440124512 78.9036869472928 79.7748035854763 80.8864788479275 80.9418606228299 80.9972415500217 81.0526241726346 81.1080038282606 79.2237476772732 80.1193563673231 80.0883488125271
84.6887050204807 87.7156007554796 88.8660036722819 89.7965138753255 90.7286521063911 91.8831380208333 93.2585559421115 95.218516031901 95.3527543809679 96.0721291436089 95.2496787177192 95.2772581312392 94.433102077908 94.4604110717773 93.3955679999457 91.5203768412272 89.5811420016819 87.6427989535862 88.7592849731445 87.7532920837402 85.5928137037489 83.4908273484972 83.2828157212999 82.4071430630154 81.5294668409559 81.5276014539931 80.439262813992 82.613838619656 81.563540564643 80.6440671284993 79.3802129957411 81.554332309299 82.7675755818685 81.5481919182672 81.5786645677355 80.7555211385091 79.7391560872396 79.6618631150987 80.9459042019314 79.7870818244086 80.9048881530762 80.8028267754449 81.0315721299913 81.0949177212185 82.0504675971137 80.1406322055393 82.1269310845269 81.1965624491374 81.158753712972
86.7994465298123 87.7267252604167 87.7900377909342 90.0250951978895 91.9757927788629 92.9101346333822 94.0654483371311 94.1332880655925 95.0712610880534 95.1398739284939 97.3028928968642 97.3292397393121 95.455329047309 94.3920991685655 93.3263270060221 90.3575884501139 89.5087106492784 89.5326288011339 88.5256585015191 87.4564111497667 86.6054361131456 85.3194075690375 84.4583884345161 82.5535117255317 82.3384424845378 80.4294336107042 80.4311748080783 82.589166853163 81.7135793897841 81.7171546088325 79.3408652411567 79.3421592712402 79.5582775539822 78.5190391540527 80.3866801791721 81.6774419148763 80.5289026896159 80.6000141567654 79.9485914442274 79.8541124131944 80.0899115668403 81.0499856736925 80.0655114915636 81.1925934685601 81.2638973659939 81.335201687283 81.3478673299154 81.3018904791938 81.4227964613173
