data/test_2003/bio10_avg_1994-2002.asc
NCOLS 664 
NROWS 380 
XLLCORNER 3.91666666666667 
YLLCORNER 55.3333333333333 
CELLSIZE 0.0416666666666667 
NODATA_value -9999 
[rows 198 to 219 of 380, columns 196 to 244 of 664]
8.86295313305325 9.41536574893528 9.18311161465115 9.6548572116428 9.68419541252984 9.52046002282037 9.42472426096598 8.24965545866224 7.96725299623277 8.42485109965006 9.08978186713325 9.40937964121501 9.6343109342787 9.73924181196425 9.82083945804172 10.2657704883152 9.46772501203749 8.95136891471015 9.33034669028388 9.84332413143582 9.94430160522461 10.1192791197035 10.0769232643975 10.399900648329 10.5302115546332 10.6705220540365 10.9374997880724 11.022477361891 10.9348649978638 10.9493299060398 10.9791280958388 10.9862597783407 10.9753915998671 10.9611900117662 10.7629878785875 10.5754530164931 10.6352510452271 10.9037158754137 10.583514213562 10.557979159885 10.6235620710585 10.8069291644626 11.0482967164781 11.2469974093967 11.4476984871758 11.6570654975043 11.8064330418905 12.0131340026855 12.2105009290907
8.31905073589749 8.35476970672607 8.51648834016588 9.01620700624254 9.28763484954834 9.19210529327393 9.61057514614529 9.53304555681017 9.43951553768582 9.46531910366482 9.57445568508572 9.66359255048964 9.61539607577854 9.72586642371284 9.91366990407308 10.266139878167 10.550882657369 10.5578972498576 10.1755785412259 10.3399266137017 10.6822751363118 10.7192896736993 10.6663045883179 10.7953191333347 11.0816672643026 11.1900156868829 11.1096969180637 11.2380452685886 11.4191509882609 11.4130149417453 11.5962122811211 11.7294093237983 11.6712731255425 11.5198037889269 11.4290007485284 11.2935310999552 11.3260616726345 11.5199255413479 11.3897892634074 11.2289864222209 11.1578665839301 11.292429500156 11.3403262032403 11.3748892678155 11.5441189871894 11.7306821611192 11.9225789176093 12.0924750434028 12.2923716439141
8.6304816669888 8.00484010908339 7.63586526446872 8.23622364468045 8.6130739847819 8.64574999279446 9.30309253268772 9.46043512556288 9.32577758365207 9.19112041261461 9.30046304066976 9.23980548646715 9.49914826287164 9.97115749782986 10.2638332578871 10.3351762559679 10.4633731842041 10.5844252904256 10.7081441879272 10.853196144104 11.0202482011583 11.1913002861871 11.2736860911051 11.3540714051988 11.4504564073351 11.4941754870945 11.2505604426066 11.2989461686876 11.3374370998806 11.6720329920451 11.7359621259901 11.7298918830024 11.866487926907 11.8697505527072 11.8276801639133 11.7629429499308 11.8555388980442 11.9294683668349 11.82873111301 11.8786606258816 11.8288382424249 11.8439303504096 11.8230223125882 11.8054475784302 11.7565399805705 11.8049654430813 12.0347243414985 12.2471499972873 12.3955755233765
9.58191257052951 9.22957759433323 8.42257526185777 8.56557342741224 8.82718001471626 8.80272833506266 9.14227671093411 9.43915854560004 9.6427067650689 9.40358850691054 8.9418036142985 9.02335214614868 9.55823379092746 9.70978217654758 9.60733053419325 9.8495454788208 10.0898640950521 10.2649535073174 10.2733762529161 10.2904654608832 10.2122218873766 10.2313109503852 10.639733420478 10.7901564704047 10.9499124950833 11.1903350618151 11.3140910466512 11.3165138032701 11.2963894738091 11.2950509389242 11.2490464316474 11.1437074873183 11.2257028155857 11.4683645036485 11.5310260984633 11.7776878145006 12.008349524604 12.0250112745497 11.9243395063612 11.8830014334785 12.124476008945 12.3900973002116 12.2657185660468 12.3033398522271 12.2736274931166 12.2619155248006 12.3282035191854 12.433824857076 12.554112540351
10.0552982754178 9.87494500478109 9.99259164598253 9.94023831685384 9.96453412373861 10.0228123135037 9.99842347039117 9.64736821916368 9.55697960323758 10.1392576429579 10.1195355521308 9.86981391906738 9.99609173668755 10.0710367626614 9.9133145014445 9.96159246232775 10.0399283303155 9.99898889329698 9.88804901970757 10.0697764290704 10.3255035612318 10.3838973575168 10.4102910359701 10.5373512903849 10.6164116329617 10.6914724773831 10.8551990720961 10.8769266340468 10.9895072513156 10.915607240465 10.4583744472928 10.39247502221 10.7139088312785 10.7153427335951 10.9674429363675 11.3055433697171 11.5563106536865 11.6417448255751 11.5378448698256 11.7259455786811 12.1714296340942 12.2629646725125 12.2738334867689 12.5327019161648 12.5515699386597 12.6297721862793 12.7033069398668 12.6168423758613 12.6943774753147
10.2086385091146 10.088942527771 9.72524727715386 9.53821818033854 9.38446935017904 9.57200135125054 9.76086637708876 10.2543978161282 9.90926276312934 9.84679465823703 10.2276595433553 10.3705247243245 10.4320561091105 10.5735873116387 10.6257860395643 10.5766512552897 10.602899339464 10.6031977335612 10.5421633190579 10.5191283755832 10.4540938271417 10.6157256232368 10.738024075826 10.8116563161214 10.7492882410685 10.6675866444906 10.766552289327 10.6881839964125 10.6167896058824 10.6937019560072 10.4792813195123 10.6915268368191 10.8837725321452 10.9920181698269 11.0789311726888 11.1478434668647 11.265422185262 11.4843346277873 11.6672472423977 11.7774929470486 11.9450324376424 12.0658667882284 12.1800336837769 12.3915338516235 12.6003674401177 12.7738681369358 12.8493685192532 12.7708688312107 12.7403689490424
10.2359786563449 10.1096071667141 9.84323618147108 9.74419805738661 9.52640522850884 9.52985678778754 9.76464218563504 10.4287608464559 10.5242126252916 10.2069977654351 10.1337833404541 10.3012351989746 10.4500204722087 10.4661389456855 10.3529238171048 10.176376024882 10.2712037828234 10.602740711636 10.7236103481717 10.7418138715956 10.9653507868449 10.8175541559855 10.6790909237332 10.8606278101603 11.0581642786662 11.0130347145928 10.7765714857313 10.5161080890232 10.3647387822469 10.1524628533257 9.92952081892225 10.247245364719 10.5376366509332 10.8240275912815 10.9764182832506 10.8554761674669 11.0665340423584 11.1269251505534 11.1866495344374 11.4263742234972 11.6726357142131 11.8674349255032 11.9955671098497 12.0923660066393 12.2418314615885 12.5132976108127 12.7634295357598 12.8888953526815 12.8350276947021
9.76531876458062 10.1649383968777 9.96655813852946 9.81751124064128 9.72500737508138 9.65371269649929 9.43308491177029 10.1491236156887 10.54316245185 10.8225349850125 10.785906791687 10.3792791366577 10.4739844004313 9.92602348327637 9.5507287979126 9.79476780361599 9.46150790320502 9.55228275722927 10.2210578918457 10.6891661749946 10.7679409450955 11.0007161034478 10.6894909540812 10.3075992796156 10.4857073889838 10.7458154890272 11.1572573979696 11.207365459866 11.0680211385091 10.9938906563653 10.9104273054335 10.8829637103611 10.8414999643962 10.9033700095283 11.0339063008626 11.1271093156603 11.0996458265516 11.2835155063205 11.3953852123684 11.4999215867784 11.6535719765557 11.8723363876343 11.8837673399183 11.541864713033 11.3592957390679 11.6193933486938 11.680824385749 12.432921939426 12.8943529129028
9.54865900675456 9.35826958550347 9.69721349080404 9.92749097612169 9.9496095445421 10.0662350124783 9.74152755737305 10.0508201387193 10.6834458245171 10.9840712017483 10.6700301700168 11.0999898910522 11.0139487584432 10.6032410727607 10.4305336210463 10.4424928029378 10.3458120557997 10.3424921035767 10.0538385179308 9.84051820966932 10.1525310940213 10.7832112842136 10.8145574993557 10.4912374284532 10.9139167997572 10.8452633751763 11.021276473999 11.3906230926514 11.1959704293145 11.0886522928874 11.3860007392036 11.5626825756497 11.5780305862427 11.6007124582926 11.5700610478719 11.4487428665161 11.488757663303 11.3994391759237 11.4374544355604 11.6114693747626 11.7698419358995 11.9179042180379 12.0059678819444 11.7146968841553 11.2507599724664 11.3554894129435 11.3055526945326 11.7442819807265 12.7010111278958
9.00266546673245 9.4829338921441 9.37186914020115 9.52813741895888 9.69021119011773 10.0720906787448 10.4479700724284 10.6438493728638 10.5370621151394 10.560941696167 10.8708211051093 11.1567002402412 11.3839132520888 11.3044589360555 11.2176718182034 10.7622181574504 10.3041161431207 10.2773678037855 10.0246193144057 10.2838701672024 10.4491216871474 10.7923729154799 10.9009575313992 10.9515422185262 11.1194599999322 11.2680443657769 11.4332953559028 11.4385471343994 11.4479196336534 11.5827466117011 11.6889069875081 11.6870671378242 11.7785613801744 11.9673884709676 11.9455487993028 11.8103755315145 11.8218690024482 11.8853629430135 11.7281899982029 11.6763504876031 11.618111398485 11.6334731843736 11.7535011503432 12.0001957151625 11.4042238659329 11.3769190046522 11.4776138729519 11.7869746949938 12.1103367275662
9.69400596618652 9.74759843614366 10.1138581169976 10.1181173324585 9.77414692772759 9.54061306847466 9.76107947031657 10.2408791648017 10.6586787965563 10.9024785359701 10.906277762519 10.7047441270616 10.8612103992038 11.0496768951416 11.3361433876885 11.4592765172323 11.0470871395535 10.6909099155002 10.5313995149401 10.503222571479 10.6203786002265 10.8568680021498 10.9720242818197 11.1391801834106 11.3670030170017 11.6361593670315 11.9659821192423 11.5764710108439 11.0085354910956 11.1295075946384 11.7064801322089 11.9894527859158 11.6397581100464 11.8993975321452 12.2097034454346 12.0200086169773 11.7963145573934 11.804620107015 11.9855922063192 12.3565649456448 12.2217144436306 12.0677079094781 12.2790345085992 12.2736944622464 11.7623545328776 11.5816817813449 11.9396750132243 12.0190019607544 12.2043284310235
10.722679456075 10.6855963601006 10.6518465677897 10.6094304190742 10.6854155858358 10.5084688398573 10.0955221388075 10.1359088685777 10.2522951761882 10.1840153800117 10.3584021462335 10.8661217159695 11.1938415103489 11.296894815233 11.2686144510905 11.477001508077 11.4767252604167 11.486452738444 11.3541799121433 10.9959078894721 11.0796353022257 11.3493629031711 11.4757573869493 11.6054850684272 12.1232128143311 12.2202734417386 11.723334312439 11.8683952755398 12.0151515536838 11.9716024398804 12.1360534032186 12.3278375201755 12.4169552061293 12.482072936164 12.5485239028931 12.3629754384359 12.1467592451308 12.0698774125841 12.1209947797987 12.3787794113159 12.6133172776964 12.7632758882311 12.8745683034261 12.7285266452365 11.9378189510769 11.4131110509237 11.2410697937012 11.7670282787747 12.1889874140422
10.7013530731201 10.8149275249905 10.6185020870633 10.4594105614556 10.8286841710409 10.872324625651 10.8046311272515 10.6262713538276 10.6579115125868 10.8208852344089 10.7818591859606 10.8448318905301 10.9418056276109 11.0721127192179 11.0604195064969 10.7227261861165 10.6156959533691 10.805328157213 11.0322941674127 11.2865931193034 11.4848924212986 11.6011913087633 11.6688241958618 11.7517897288005 11.715422100491 11.8277214898003 11.4993536207411 11.4936528735691 11.3597670661079 11.2110301123725 11.284959687127 11.6495563719008 11.8908193376329 12.2114155027601 12.5400120417277 12.5939412646823 12.6952045228746 12.7058012220595 12.7190639707777 12.7929934395684 12.608920733134 12.3301776250203 12.5427681605021 12.8666920132107 12.9806162516276 12.3985403908624 12.0031311247084 11.8103884590997 12.1423122617933
11.0626928541395 11.1282589170668 11.1398241255018 11.0113901562161 10.7766196992662 10.77151383294 10.8790740966797 10.8459678226047 10.7815283669366 10.8770885467529 10.9106492996216 10.9595431221856 10.9884369108412 11.0079974068536 10.8915577994453 10.8404513465034 10.7466666963365 10.7702043321398 10.9264078140259 11.0019450717502 11.1048161188761 11.1636863284641 11.2298907174004 11.1434275309245 11.0429648293389 11.0698356628418 11.0787063174778 11.2522436777751 10.9130494859484 10.9317916234334 11.2138664457533 11.5366083780924 11.7246832317776 11.8220909966363 12.0148329204983 12.2442416085137 12.2223163180881 12.2143910725911 12.3511328167386 12.6305412716336 12.7945232391357 12.0897460513645 12.1383020612929 12.5788578457303 12.8620807859633 13.1499700546265 13.1498591105143 12.7210819456312 12.21897093455
11.2900332344903 11.237590154012 11.1344798405965 10.9267030292087 10.8618886735704 10.7073693805271 10.7321834564209 10.7123308181763 10.7238115734524 10.6632920371162 10.8134394751655 10.9049200481839 10.932400809394 10.9412150912815 10.9620286093818 10.9355096817017 10.9249709447225 10.981746673584 11.0411886639065 11.0612975226508 10.9100728564792 10.79484823015 10.9109569125705 11.0343992445204 11.0625078413222 10.8952833811442 10.9227254655626 11.0708343717787 11.1609988742405 10.950552728441 11.1667727364434 11.4596598943075 11.2652135425144 11.05143377516 10.5196540620592 10.8785407808092 11.8294281429715 12.3323149151272 12.2978685167101 12.3967558542887 12.7414598464966 12.1759808858236 11.8958351347182 12.0256901846992 12.6022114223904 12.9540662765503 13.2385871675279 13.2544413672553 12.9922959009806
10.4507066938612 10.9382542504205 10.8238019943237 10.8860166337755 10.9011574851142 10.799891895718 10.8646259307861 10.7566935221354 10.6547613143921 10.852829085456 10.7928963767158 10.6936307483249 10.6143654717339 10.684432665507 10.7965002059937 11.0519012875027 11.0672753651937 10.7972887886895 10.8766360812717 10.8033163282606 10.7793295118544 10.8053436279297 10.7793569564819 10.7707042694092 11.2020512686835 11.2113979127672 11.2460778554281 11.3067585627238 11.5942819383409 11.3919803831312 11.4170125325521 11.5327117707994 11.1564107471042 10.6354429456923 10.2498084174262 10.8348408804999 11.4705396228366 12.2282391654121 12.6106040742662 12.389636569553 12.5110626220703 12.923549440172 12.6427024205526 12.3011893166436 12.4816749360826 12.780828581916 13.1413147184584 13.3324684566922 13.2082884046766
9.57827631632487 10.2092343436347 9.83285914527045 10.0078172683716 10.4229322009616 10.6028706232707 10.9708093007406 10.3154140048557 10.2946861055162 10.5139574474759 10.7745628356934 10.745167626275 10.5924394395616 10.8043779797024 10.9016496870253 11.1235881381565 11.2082839541965 10.7137376997206 10.9338584476047 10.9939782884386 10.8894319534302 10.7402191162109 10.4923394521077 10.6931267844306 10.7659135394626 10.9287005530463 10.9901540544298 11.1122748057048 11.3159178627862 11.7157501644558 12.0969168345133 12.0487488640679 11.619248814053 11.7284145355225 11.7895806630452 11.8480798933241 12.0592458513048 12.2684121661716 12.4362448586358 12.7180776596069 12.8709824879964 12.9349598354763 13.0356039471096 12.8909148110284 13.002225028144 12.9822029537625 13.2548473146227 13.4161575105455 13.5148013432821
10.0727412965563 10.3191963831584 10.3876510196262 10.3307722939385 10.3152136272854 10.2736397849189 10.5753995047675 10.8671587838067 10.6482517454359 10.8520112567478 10.5244376924303 10.7608640458849 10.9426238801744 11.1930497487386 11.1741428375244 11.1345691680908 11.2079971101549 11.1617593765259 11.0895215140449 11.1452839109633 11.1823797225952 10.9694751103719 10.717237578498 10.8143333858914 10.8814291424221 10.919191148546 10.9996203316583 10.9753824869792 11.0199080573188 10.9811961915758 11.1258176167806 11.7277727127075 12.1663939158122 12.3236823611789 12.2576371298896 12.106925116645 11.8842135535346 11.4628349939982 11.3374565972222 11.4454114702013 12.1252190272013 12.9015460544162 13.1798734664917 12.9635341432359 13.2051944732666 12.8641881942749 13.1371823416816 13.3875096638997 13.5631699032254
9.66454007890489 9.95449203915066 9.90044318305122 10.0637280146281 10.5334941016303 9.97440836164686 10.2473227183024 10.513570467631 10.6631512112088 10.9293986426459 11.1623128255208 11.201894124349 11.0374744203356 11.1417223612467 11.1759695476956 11.239550696479 11.2090433968438 11.2084471384684 11.1965181562636 11.1505895190769 11.3239937888251 11.2153980467055 10.8234694798787 10.7748733096653 10.9309443367852 11.0956822501289 11.1437530517578 11.0684908760919 10.7312310536702 10.8339748382568 11.1200521257189 11.5427957110935 11.8648729324341 12.0116163889567 11.4936937756009 10.8277707629734 11.1558476554023 11.7432577345106 11.8720018598768 12.0260787540012 12.1347890430027 12.7487996419271 13.122142791748 13.2321535746257 13.3661636776394 13.3981738620334 13.4495174619887 13.5275280210707 13.5722048017714
10.0290055804782 9.71578735775418 9.80190181732178 10.2586834165785 10.8037753634983 10.4511772791545 10.1825793584188 10.3846485349867 10.1587168375651 10.6407862769233 10.8841880162557 10.9175902472602 11.5489922629462 11.4710611767239 11.2431302600437 11.2105321884155 11.2880894343058 11.1351357565986 11.1848485734728 11.2145619922214 11.351608382331 11.2753210067749 11.0263671875 11.0060800976223 11.1017930772569 11.2668393452962 11.4998856650458 11.5509321424696 11.503888130188 11.491420533922 11.5962868796455 11.7644861009386 11.8380184173584 11.8315507041083 11.8117498821682 11.7926157845391 11.7921482721965 11.7590145534939 12.0058802498711 12.3320794635349 12.4916923311022 12.2293853759766 12.6090791490343 13.1014392640856 13.2824659347534 13.4028260972765 13.5018525653415 13.6015462875366 13.6579066382514
10.945471127828 10.7310824924045 10.8400275972154 10.783638742235 10.8453894721137 11.1059463289049 10.7018365859985 10.4957261615329 10.4436164432102 10.6895066367255 11.1860632366604 11.3559532165527 11.3531767527262 11.7544000413683 11.6049570507473 11.3068467246162 11.1798027886285 10.9678240882026 11.1465123494466 10.9578674104479 11.2725553512573 11.3112439049615 11.2145986557007 11.2812866634793 11.2459752824571 11.1913301679823 10.9220183690389 10.2820398542616 10.4065446853638 11.0668661329481 11.591854095459 11.7775089475844 11.9511638217502 11.7254850599501 11.8791399002075 12.0821276770698 12.1304492950439 12.1567703882853 12.1617586347792 12.1167466905382 12.3992624282837 12.5853055318197 12.5753488540649 12.886058807373 12.8007684283786 12.5928119023641 12.9221883349948 13.3455649481879 13.5842749277751
11.0959363513523 10.892378171285 10.8681530422635 11.0739273495144 10.9830038282606 10.9067152871026 11.145759900411 11.1434712939792 10.9945158428616 10.9048937691583 11.0679381688436 11.3089828491211 11.5686940087212 11.8997388415866 11.8307834201389 11.4884947670831 11.2501820458306 11.0118459065755 11.063509411282 11.0698396894667 11.1881696912977 11.4065001805623 11.1034971872965 11.3171607123481 11.2754906548394 10.8144877751668 10.5654844707913 10.4571482340495 10.5432018703885 10.9609787199232 11.3720889621311 11.4831989076402 11.7696426179674 11.911419444614 11.9011960559421 11.923639509413 12.1440832349989 12.2618603176541 12.3603036668566 12.4907471338908 12.602832476298 12.6818918652005 12.4702846739027 12.6793447070652 12.7924048105876 12.4367974599202 12.2778570387099 12.8269165886773 13.4226430257161
