data/test_2003/bio10_avg_1994-2002.asc
NCOLS 664 
NROWS 380 
XLLCORNER 3.91666666666667 
YLLCORNER 55.3333333333333 
CELLSIZE 0.0416666666666667 
NODATA_value -9999 
[rows 0 to 21 of 380, columns 490 to 538 of 664]
-9999 -9999 -9999 -9999 -9999 -9999 -9999 -9999 -9999 -9999 -9999 -9999 -9999 -9999 -9999 -9999 -9999 -9999 -9999 -9999 -9999 -9999 -9999 -9999 9.42637401156955 9.49378066592746 -9999 -9999 9.55640591515435 9.12542904747857 8.65834130181207 8.6989795366923 8.80899169709947 8.76382944318983 8.86945703294542 9.13536548614502 -9999 -9999 -9999 9.22335931989882 9.67930041419135 -9999 -9999 -9999 -9999 -9999 -9999 -9999 -9999
-9999 -9999 -9999 -9999 -9999 -9999 -9999 7.84376811981201 8.26389673021105 8.52542734146118 8.49081203672621 8.58021073871189 -9999 -9999 -9999 -9999 -9999 -9999 -9999 -9999 -9999 -9999 8.6353767712911 9.08724074893528 9.52490880754259 9.33278094397651 9.35650041368273 9.04341591729058 8.99909136030409 9.43205960591634 9.07153246137831 8.98719067043728 9.09965186648899 9.43611653645833 9.78334310319689 9.58453559875488 9.34084108140734 9.06595049964057 8.59942155414157 8.72375864452786 9.37022929721408 -9999 -9999 -9999 -9999 -9999 -9999 -9999 -9999
-9999 -9999 -9999 -9999 -9999 -9999 8.08521350224813 7.75325881110297 8.30054797066582 8.46453184551663 8.75703647401598 8.9629389974806 -9999 -9999 8.68721177842882 8.94159894519382 -9999 -9999 -9999 -9999 -9999 -9999 8.58635716968113 8.78026072184245 8.85515806410048 8.982071240743 9.09590901268853 9.02926021152073 9.04303275214301 8.88461282518175 8.70508146286011 8.96614646911621 9.56429100036621 9.40038140614828 9.3240819507175 9.41490035586887 9.31273629930284 9.73785559336344 9.71522977617052 9.81805494096544 -9999 -9999 -9999 8.89509720272488 8.88736708958944 9.66340234544542 -9999 -9999 -9999
-9999 -9999 -9999 -9999 -9999 8.12202951643202 8.28600719239977 8.89469406339857 -9999 8.1939016977946 8.4296023050944 -9999 -9999 -9999 8.28518422444662 8.63478973176744 9.01020113627116 -9999 -9999 -9999 -9999 -9999 8.70938316980998 8.83368767632378 9.09490203857422 9.12287192874485 9.32693619198269 9.07039727105035 9.04543421003554 9.05671511756049 8.9862036175198 9.02302551269531 9.0451357099745 8.95098903444078 8.89811722437541 9.04111279381646 9.37410852644179 9.74957709842258 9.6610746383667 9.73925240834554 9.85446707407633 9.17033820682102 8.9387510087755 8.93495999442207 9.24830945332845 9.77887270185682 -9999 -9999 -9999
-9999 -9999 -9999 -9999 -9999 8.24091815948486 8.09733804066976 8.73872020509508 9.00427585177951 8.82821978463067 9.14566633436415 -9999 -9999 -9999 -9999 8.84143771065606 9.20771068996853 -9999 -9999 -9999 -9999 -9999 -9999 8.47143819597032 9.11659611596001 9.16534307267931 9.0359337064955 9.01660219828288 8.96519788106283 8.81659497155083 8.94554789861043 9.30361175537109 9.62437004513211 9.81082630157471 9.26802115970188 9.21597343020969 9.19590589735243 9.21926434834798 9.84693495432536 9.42502615186903 9.62381405300564 9.23232671949599 9.48004012637668 -9999 -9999 -9999 -9999 -9999 -9999
-9999 -9999 8.63842572106255 8.95914591683282 -9999 8.40525473488702 8.49008745617337 8.73157930374146 8.42284870147705 8.40041467878554 8.80089542600844 9.09119086795383 9.34594440460205 9.1232271194458 8.98871252271864 8.88441069920858 9.31491809421115 9.64319345686171 9.66071531507704 -9999 -9999 -9999 9.0579735438029 8.85043308469984 8.91697459750705 9.0317440032959 9.22566646999783 9.32292683919271 9.15033859676785 8.77958583831787 9.36612171596951 9.54589080810547 9.54140143924289 9.81748379601373 -9999 -9999 10.1281580395169 -9999 -9999 -9999 -9999 -9999 -9999 -9999 -9999 -9999 -9999 -9999 -9999
9.08438513014052 9.19570223490397 -9999 -9999 -9999 8.50858794318305 8.65569586224026 8.80962430106269 8.69742298126221 8.34611818525526 8.46623267067803 8.55052487055461 8.59777980380588 8.99710941314697 9.40148385365804 9.65843423207601 9.37930997212728 9.1158512963189 9.18819999694824 9.65046426984999 9.65502791934543 9.94543139139811 -9999 -9999 -9999 9.46383561028374 9.30153306325277 9.29656240675184 9.61696773105198 9.03066062927246 8.76533306969537 9.17406209309896 9.59215958913167 10.0345468521118 9.88966592152913 9.90353775024414 9.99962531195747 9.9316652086046 -9999 -9999 -9999 -9999 -9999 -9999 -9999 -9999 -9999 -9999 -9999
8.58521101209852 9.18368699815538 9.37078687879774 9.32931592729357 -9999 8.66891203986274 8.66818719440036 8.97891267140706 9.13037745157878 8.89404434627957 8.68692800733778 8.42846224043104 8.77925581402249 9.25464216868083 9.67284329732259 9.40198866526286 9.40057871076796 9.10729821523031 9.07890680101183 9.03007083468967 9.31182755364312 9.78758409288194 10.0758909649319 9.91749487982856 9.77584054734972 9.91999075147841 10.1571578979492 10.0794013341268 9.51177904340956 8.95262644026015 9.24580383300781 9.56587017907037 9.84326966603597 10.1007527245416 10.1089721255832 10.1081565221151 9.8870022031996 9.81719228956434 -9999 -9999 -9999 -9999 -9999 -9999 -9999 -9999 -9999 9.6655093299018 9.02366267310249
8.49661837683784 8.82855436537001 8.94976843727959 8.97524176703559 9.31253613366021 9.34729936387804 9.23988172743056 9.26217174530029 9.21336725023058 9.04359976450602 8.82517857021756 8.69091802173191 8.75036138958401 8.91328620910645 8.89309983783298 8.63313595453898 8.56961594687568 8.53083695305718 8.71324337853326 9.01483493381076 9.27909278869629 10.0045206281874 9.9376712375217 9.92668226030138 9.64734437730577 9.56466272142198 9.68916649288601 9.86626275380453 9.49002583821615 9.46875169542101 9.52630074818929 9.60590754614936 9.67574448055691 10.112071885003 10.3230561150445 10.1735454135471 -9999 -9999 -9999 -9999 -9999 -9999 -9999 -9999 -9999 9.1703544192844 9.24168650309245 9.38848188188341 9.26159381866455
8.87893501917521 8.8727028104994 8.85206948386298 8.95698202980889 9.36752425299751 9.56658172607422 9.24133004082574 9.43574333190918 9.54502635531955 9.4340869055854 9.25431813134087 8.86129983266195 8.53354077868991 8.40886974334717 8.36208131578234 8.42733685175578 8.44192526075575 8.41905980639988 8.70772812101576 9.1682653427124 9.51880264282227 9.51534440782335 9.41443962521023 9.25136862860786 9.24044609069824 9.45715289645725 9.65282291836209 9.75264083014594 9.71490372551812 9.83815235561795 10.0168521669176 9.85196166568332 10.1004378000895 10.3236228095161 -9999 9.78334935506185 9.78502326541477 -9999 -9999 -9999 -9999 -9999 -9999 9.96149137285021 9.51626512739393 9.17547469668918 9.13601769341363 8.85758368174235 8.82858912150065
-9999 -9999 -9999 -9999 9.65724807315403 9.38775804307726 9.10217475891113 8.88319407569038 8.71442831887139 8.61325512992011 8.67761426501804 8.62713453504774 8.36798810958862 8.16928641001383 7.91189988454183 8.17214483684964 8.26814116372002 8.33584144380358 8.47798220316569 8.74685245090061 8.90511380301582 8.99070782131619 9.0991309483846 9.12904972500271 9.30521954430474 9.85973644256592 10.1095860799154 10.2021026611328 10.2146190007528 10.3102369308472 10.4313805898031 10.2604286405775 10.184883541531 -9999 -9999 -9999 10.0361975563897 -9999 -9999 -9999 10.1250635782878 10.1761634614733 10.3495235443115 9.51332378387451 8.72686937120226 8.2761541472541 7.94443792766995 7.92298613654243 7.87775633070204
9.26868926154243 9.43397977617052 9.55983236100939 9.74290710025364 -9999 -9999 9.43750201331245 9.32053650750054 9.1653552585178 8.89597362942166 8.45610337787204 8.06456979115804 8.11976697709825 8.01177952024672 8.02626503838433 8.40424839655558 8.57692734400431 8.48671759499444 8.45873022079468 8.66489288542006 8.87528520160251 8.86708487404717 8.68794250488281 8.84578487608168 9.57922108968099 9.99433856540256 10.0505669911702 10.2800939348009 10.5933388604058 -9999 -9999 -9999 -9999 -9999 10.2202450434367 10.0895003212823 10.0978914896647 10.292270342509 -9999 -9999 9.97667249043783 9.56749735938178 9.87154610951742 9.47700214385986 8.84845813115438 8.31819036271837 8.37652937571208 8.90624888737996 9.45604048834907
8.34178956349691 8.17641682094998 8.49541483985053 8.6225577460395 8.85330523384942 9.54710578918457 -9999 9.29151503245036 9.25405671861437 9.37639978196886 9.55696286095513 9.34709231058756 9.05489900377062 8.86045943366157 8.72239070468479 8.5900248421563 8.43847423129612 8.55403449800279 8.77744711769952 8.71071100234985 8.76145664850871 8.77768394682142 8.84230984581841 9.36031871371799 10.1568705240885 10.2566972308689 -9999 -9999 -9999 -9999 -9999 -9999 -9999 -9999 -9999 -9999 -9999 -9999 -9999 9.60475126902262 9.28652434878879 9.22493182288276 9.55197599199083 10.0436865488688 10.0415453381009 10.0412559509277 10.0820441775852 10.0698352389865 9.85123772091336
8.590377913581 8.06385405858358 7.59850724538167 7.95023388332791 8.69783926010132 9.52294519212511 9.86588605244954 9.60865709516737 9.44004111819797 9.91425842709011 9.80629359351264 9.37340662214491 9.08348242441813 8.75526200400459 8.7003009584215 8.9342810842726 9.12619516584608 9.05662759145101 8.8996524810791 8.87230687671238 8.93036921819051 9.32494958241781 9.32817671034071 9.66272438897027 10.5087787840101 -9999 -9999 -9999 -9999 -9999 -9999 -9999 -9999 -9999 -9999 -9999 -9999 -9999 10.3311631944444 10.3317485385471 10.4698824352688 10.3895512686835 10.2842575709025 10.2905191845364 10.210780567593 10.2997088962131 10.0649613274468 9.95867665608724 9.8097284105089
7.71222564909193 7.54983954959446 7.62305159038968 8.3442637125651 8.99656391143799 9.45925956302219 9.55602931976318 9.33131758371989 9.12816174825033 9.22093126508925 9.59021684858534 9.89238781399197 9.91781817542182 9.73539670308431 9.60786395602756 9.60084968143039 9.58731704288059 9.59985860188802 9.30714066823324 9.38390413920085 9.86655298868815 10.2368448045519 -9999 -9999 -9999 -9999 -9999 -9999 -9999 -9999 -9999 -9999 -9999 -9999 -9999 10.8142342037625 10.9184431499905 10.7017651663886 10.3346221711901 10.3639533784654 10.5061733457777 10.3473563724094 9.90461328294542 9.36453702714708 9.17453437381321 9.33349492814806 9.12868711683485 8.89588832855225 8.69160816404555
8.2161472108629 8.02843231625027 7.90285518434313 8.44229322009616 8.82802947362264 9.00224081675212 9.28282260894775 9.12933021121555 9.10880057017008 9.27256764305962 9.44251049889458 9.64416768815782 9.94427903493246 10.193057484097 10.1591690911187 10.1726139916314 10.3873920440674 10.5645957522922 10.2779779434204 9.6587454477946 9.59943421681722 10.3706154293484 -9999 -9999 -9999 -9999 -9999 -9999 -9999 -9999 -9999 -9999 -9999 10.9249595006307 10.8204630745782 10.8245929082235 10.6806444591946 10.533029768202 10.5300815370348 10.4551332261827 9.91618506113688 9.35886467827691 9.00748740302192 8.82120747036404 8.82501814100477 8.55197318394979 8.36089510387844 8.38797473907471 8.48830710517036
8.66903188493517 8.34564770592583 8.28759691450331 8.61310148239136 8.92119889789157 9.02729627821181 9.23383797539605 9.2870463265313 9.24440299140083 9.426574283176 9.6192479663425 9.72461043463813 9.77948644426134 9.92302905188667 9.99390517340766 10.3561145994398 10.5483236312866 10.6751679314507 10.4867428673638 10.2578406863742 10.2062010235257 10.6380275090535 10.4362967809041 10.4247501161363 10.4976340399848 -9999 -9999 -9999 -9999 -9999 -9999 10.834971110026 10.8706155353122 10.8754261864556 10.7493569056193 10.6883236567179 10.5692904790243 10.5435905456543 10.6752243041992 10.2615244123671 9.62849118974474 9.07903999752468 8.77428743574354 8.62882073720296 8.64115158716838 8.57651975419786 8.54191954930623 8.68860854042901 8.95151562160916
9.61784267425537 9.69705677032471 9.79315927293566 10.1012614568075 9.83469698164198 9.73346583048503 9.77423487769233 9.77100361718072 9.78977256351047 9.58854166666667 9.31674618191189 9.41371981302897 9.71536042955187 9.87033398946126 9.90730804867215 9.95428159501818 10.1185885535346 9.98222923278809 9.96053632100423 10.1641767289903 10.5263270272149 10.7246559990777 -9999 -9999 -9999 -9999 -9999 -9999 -9999 10.6195196575589 10.6555774476793 10.750872929891 10.6858830981784 10.4422264099121 10.720839076572 10.6037211947971 10.357936223348 10.5668181313409 10.6963669459025 10.1845820744832 9.92746416727702 9.68834612104628 9.4318946202596 9.22992346021864 9.22757371266683 9.31255764431424 9.44417063395182 9.66034401787652 9.78369659847683
8.83080127504137 9.30239158206516 9.75570509168837 9.73501841227213 9.31299855973985 9.20164521535238 9.36829196082221 9.71360566880968 9.80958557128906 9.80423238542345 9.83975802527534 9.72949610816108 9.63323413001167 9.67363919152154 9.75404410892063 9.99111546410455 10.2395202848646 10.3772584067451 10.6005421744453 10.796258714464 10.8213150236342 10.705714225769 10.8195492426554 -9999 -9999 -9999 -9999 10.657312075297 10.8692161771986 10.8603569666545 10.6703158484565 10.5274415545993 10.7512341605292 10.8556932873196 10.4929880566067 10.2471184200711 10.4185824924045 10.7887126074897 10.6655096477932 10.3936398824056 10.3824371761746 10.409900771247 10.0166980955336 9.7161619398329 9.66495895385742 9.88175572289361 9.99616527557373 10.1168538199531 10.0922092861599
9.76720174153646 9.43972629970974 9.38291782803006 9.20810869004991 9.17930041419135 9.27715820736355 9.36701583862305 9.39887396494547 9.64606539408366 9.71325641208225 9.72410318586561 9.60193920135498 9.57377486758762 9.63694424099392 9.76344680786133 10.0426158905029 10.6831187142266 10.8287693659465 10.8646367390951 10.8872929679023 -9999 -9999 -9999 -9999 -9999 10.4956371519301 10.4651838938395 10.5682386822171 10.7462856504652 10.7275273005168 10.5641022788154 10.8840104209052 11.0425851609972 10.8871600892809 10.9431372748481 10.9365157021417 10.8732282850477 10.8559403949314 10.635319073995 10.68936475118 10.6927433013916 10.6361224916246 10.5395014021132 10.0322134229872 9.8055920071072 9.94497108459473 10.096672905816 10.1126971774631 10.2347216076321
9.08599207136366 9.07706101735433 9.05346361796061 9.10186608632406 9.20693503485786 9.34667078653971 9.41640673743354 9.58080895741781 9.66654480828179 9.65161365932888 9.53844843970405 9.61438210805257 9.67364915211996 9.843582895067 10.0001828935411 10.4487834506565 10.7020499971178 10.8234441545275 10.6719172795614 10.7451844745212 10.8519811630249 -9999 10.6472465727064 10.6583360036214 -9999 10.5884353849623 10.6739745669895 10.8287055757311 11.1760145823161 11.2258645163642 11.1918885972765 11.0039122899373 10.892603026496 10.6786270141602 10.7179526223077 10.8519134521484 10.9345406426324 10.8978346718682 10.515128241645 9.96575578053792 10.2897164026896 10.6916771994697 10.8389710320367 10.8395985497369 10.4262257681953 10.2528530756632 10.5158471001519 10.5725404951308 10.8972343868679
9.11678240034315 9.16506269243028 9.32067616780599 9.40362294514974 9.46790334913466 9.44751697116428 9.35046397315131 9.31607723236084 9.29169093237983 9.37063778771294 9.48079363505046 9.77482509613037 10.0908561282688 10.1528874503242 10.2202523549398 10.6922839482625 10.7548984951443 10.6984515719944 10.8834890789456 11.0161868201362 -9999 -9999 10.596047507392 10.7152235243056 10.8555035061306 10.6733475791083 10.8071159786648 10.9384781519572 10.9887288411458 10.9022016525269 10.562341372172 10.131147702535 9.64128727383084 9.23142708672417 9.40943484836155 9.97997739579943 10.5091863208347 10.7850622600979 10.7742712232802 10.2914803822835 9.98535622490777 10.3692318598429 10.607774204678 10.7323166529338 10.9335256152683 10.994068145752 10.9936878416273 10.8843839433458 10.4484135309855
