data/test_2003/bio13_avg_1994-2002.asc
NCOLS 664 
NROWS 380 
XLLCORNER 3.91666666666667 
YLLCORNER 55.3333333333333 
CELLSIZE 0.0416666666666667 
NODATA_value -9999 
[rows 110 to 131 of 380, columns 539 to 587 of 664]
92.7741483052572 92.7943895128038 93.7865125868056 92.5856374104818 92.5844455295139 93.3878012763129 93.2389810350206 93.0309380425347 93.3175027635362 93.4644453260634 93.1383298238118 93.0999348958333 92.8723873562283 92.4991069369846 92.627990298801 92.3999146355523 91.202818552653 90.9747458563911 90.8395415412055 90.9684927198622 91.1206563313802 91.0355703565809 89.8202629089355 89.7239451938205 89.8017929924859 89.9467035929362 89.8440416124132 89.9137280782064 91.8845019870334 91.2931980556912 90.0892952813043 88.8524517483181 87.6441989474826 88.718512641059 87.9669460720486 88.1696277194553 89.4848090277778 90.1763229370117 90.5340792338053 90.0912823147244 88.853209177653 89.5197830200195 90.6826790703668 91.0420850118001 92.041391160753 92.54375161065 92.8398009406196 92.9938579135471 93.4712498982747
94.8969234890408 94.7901462978787 94.6897591484918 93.5747629801432 94.1752022637261 93.381709628635 92.9043680826823 93.0962104797363 93.1074608696832 93.8882772657606 93.8460091484918 92.8805554707845 92.4862577650282 92.4445050557454 93.4900203280979 92.0081698099772 91.779180738661 91.7372224595812 91.2427444458008 90.690555996365 90.1748072306315 90.448358323839 89.4374783833822 89.7699924045139 89.4596498277452 89.7952270507812 91.4718560112847 91.6802342732747 92.8534982469347 94.6810692681207 93.4803831312392 93.2137743631999 90.4200770060221 89.1258689032661 89.9632809956868 88.7451943291558 89.438838534885 91.0912619696723 92.246455722385 91.5052104526096 91.8633609347873 91.7453609042697 93.23511589898 92.3273794386122 92.3768204583062 92.3981785244412 93.3513988918728 93.346253712972 94.1331015692817
93.3740408155653 94.5222570631239 94.3597005208333 94.0798068576389 93.0646294487847 92.7647590637207 92.6872295803494 93.3847058614095 93.3853200276693 93.0675010681152 93.1863683064779 92.3413764105903 92.2960662841797 92.0551634894477 92.9105512830946 93.3364855448405 92.8393372429742 91.5058737860786 91.645506117079 91.2514050801595 89.9405907524957 90.0515297783746 90.1328616672092 90.26203028361 90.1802007887099 91.5368643866645 92.7174415588379 93.2796563042535 94.1567196316189 94.0710076226129 94.4579743279351 95.330315483941 93.026926252577 92.8623004489475 91.3302001953125 90.4314134385851 90.489145067003 92.1485349867079 93.1608259412977 93.0622295803494 93.5926361083984 92.5313424004449 92.7424532572428 93.1335008409288 92.709292517768 93.363473256429 93.6955468919542 94.4864472283257 94.0025749206543
93.0953225029839 94.0689222547743 94.0582118564182 92.7839029100206 92.7723214891222 93.9025743272569 92.91185675727 93.2295557657878 92.9107907613118 93.1255022684733 92.4442664252387 92.2140842013889 91.7748743693034 92.2981558905707 92.6997816297743 92.650887383355 92.8891495598687 92.3709699842665 91.7118699815538 91.0318467881944 91.1461202833388 91.0764215257433 90.9853083292643 91.3616646660699 91.7746925354004 92.6380962795681 92.7259805467394 93.9226837158203 94.9686512417263 95.2028045654297 95.1274422539605 94.880798763699 94.0209999084473 92.9232771131727 94.2482058207194 92.8906919691298 91.8615366617839 92.0985730489095 92.9632771809896 92.0871988932292 92.6157023111979 93.4718305799696 92.4201075236003 92.4880710177951 93.0391019185384 93.8652335272895 94.6601286994086 94.1824357774523 94.1879645453559
92.3801210191515 92.81927702162 92.6373744540744 91.5174590216743 91.9882757398817 92.3080062866211 92.1230108473036 92.0991566975911 93.0328102111816 92.8332943386502 92.4763861762153 92.2474729749892 92.3733198377821 90.8844511244032 92.0172449747721 93.0440512763129 92.9912842644586 91.699951171875 91.9349653455946 90.6273295084635 90.4501931932237 89.5985997517904 89.808703104655 91.9570693969727 92.0554851955838 92.300833384196 93.6657146877713 95.0287123786078 95.1381098429362 95.5409317016602 95.4767252604167 95.4125179714627 94.0856624179416 93.9221594068739 93.2178789774577 94.0802417331272 93.0647557576497 94.5691947937012 94.3173607720269 93.7605836656358 93.8391384548611 93.6044947306315 93.9962463378906 94.0748002794054 94.1533576117621 93.882746802436 93.5607121785482 93.5715616014269 93.4326544867621
92.7264989217122 92.5078921847873 91.991204155816 92.327082739936 93.2698838975694 93.395128885905 92.5958468119303 92.5130941602919 92.5917502509223 91.382926940918 91.151922861735 91.8898684183757 92.0126847161187 92.0855996873644 91.9039738972982 91.566830529107 91.5115729437934 91.1195907592773 90.2774085998535 91.1686647203233 92.7090165879991 93.0854903327094 92.7713237338596 91.5507431030273 91.8735788133409 94.022454155816 93.9704568650987 94.2242745293511 94.8099403381348 96.176882425944 96.1238725450304 96.0708635118273 94.9305335150825 94.5277900695801 93.8493796454536 92.8186772664388 92.31890657213 93.3959155612522 93.4892366197374 93.5926174587674 93.4981189303928 93.5856730143229 93.200259314643 94.5548549228244 94.6432715521918 95.1487070719401 95.0184673733181 95.034475962321 94.7356469896105
94.0645141601562 93.563121371799 94.46753777398 94.4216952853733 94.375855339898 95.7843746609158 96.226917690701 95.086009979248 95.8279478285048 94.5040011935764 93.0173157585992 91.5322600470649 90.5281100802951 90.3131552802192 90.2895300123427 91.6569726732042 91.5996640523275 90.3953590393066 90.22173860338 92.7823638916016 92.5648328993056 92.4325646294488 92.6188926696777 92.9768346150716 92.7792875501845 92.7220391167535 93.6373278299967 94.2321090698242 95.4495718214247 96.8229166666667 96.7811991373698 96.8960113525391 96.6813100179036 94.7218195597331 95.0093561808268 94.1725158691406 94.1671871609158 93.9580569797092 94.3462304009332 93.4970745510525 93.7939614189996 93.6294496324327 93.9741130405002 94.5523868136936 94.4854227701823 95.3299090067546 95.0385911729601 95.059807671441 95.3945460849338
93.9916237725152 94.090215894911 95.0070521036784 94.9474283854167 95.6773452758789 94.9800474378798 94.9207178751628 94.404056125217 94.3441208733453 93.160881890191 92.7998178270128 92.4385812547472 91.5922097100152 90.1126238505046 91.4723892211914 92.3723606533474 92.2374941507975 91.3926183912489 90.8718270195855 91.0471500820584 90.9870198567708 91.1587668524848 91.2809253268772 91.520073360867 92.4268951416016 94.871711730957 95.7956924438477 95.1440260145399 96.0668835110135 96.211292690701 96.1814736260308 95.5744739108615 95.8031921386719 95.240237765842 94.8637534247504 94.2124413384332 93.8861584133572 94.0105412801107 94.1349241468642 93.478887769911 93.6134253607856 93.4595218234592 94.4413240220812 94.54943423801 95.4450645446777 95.8232014973958 95.3699374728733 95.7115639580621 96.5230780707465
96.0987794664171 96.3328874376085 95.0314348008898 95.7577641805013 95.5551461113824 94.7015050252279 93.6966739230686 94.4587792290582 93.2749540540907 92.9167518615723 92.3842578464084 92.1717173258464 92.1157086690267 90.8003582424588 89.9626083374023 89.7842377556695 90.9865786234538 92.0780999925401 92.1748462253147 91.9600427415636 91.9010149637858 91.0797555711534 91.0525868733724 91.4662840101454 92.3761054144965 93.3049163818359 94.5146340264214 94.7161428663466 94.6887181599935 96.0562218560113 95.0812962849935 95.0536473592122 95.1972444322374 95.2460734049479 95.8184229532878 95.1686782836914 94.5178078545464 95.2495388454861 95.3764258490668 94.7242236667209 94.8505452473958 93.9177364773221 93.7965278625488 94.9923723008898 95.7427537706163 95.902702331543 97.0639343261719 97.0783199734158 98.0983564588759
96.8721805148654 95.5832867092556 95.41968621148 96.150872124566 95.7999318440755 95.5892189873589 95.0811555650499 93.9432428148058 93.4111145867242 93.2051900227865 92.3770955403646 91.9999669392904 91.9560258653429 92.0888731214735 92.2213545905219 92.4819196065267 91.5735427008735 91.6430939568414 91.4771525065104 91.7160131666395 93.228096432156 93.1893649631076 94.3940684000651 94.2146479288737 93.0929730733236 92.9139522976346 94.4518920050727 95.3782564798991 95.4000862969293 95.37164094713 94.8408677842882 94.9865731133355 95.1290808783637 95.4280090332031 95.9828364054362 95.1483705308702 95.2296447753906 95.6319173177083 96.0609707302517 96.0004662407769 96.4048733181424 95.7245279947917 96.6023813883464 96.3930070665148 97.1245557996962 98.0168092515733 98.6916147867839 99.5381011962891 100.199905395508
96.4384926689996 95.3154051038954 95.564700656467 95.8535351223416 95.6950378417969 95.352175394694 95.0084677802192 94.7810906304254 95.3980717129178 94.4198502434625 93.4275173611111 93.2400533888075 92.5771942138672 91.919622209337 91.5891397264269 91.5570322672526 91.7013159857856 93.7019449869792 93.5613064236111 93.5229352315267 92.9596727159288 93.4066403706868 94.1589800516764 94.2890989515517 94.0569733513726 94.4141604105632 95.6204800075955 95.0321697658963 95.1775521172418 96.1928049723307 95.9966083102756 95.6941689385308 96.2787704467773 96.93248240153 96.2599580552843 96.1889419555664 96.1185624864366 96.393558078342 95.7191789415148 96.0177264743381 96.4109429253472 96.6701227823893 96.7391111585829 97.3235439724392 98.4195785522461 99.1338289048937 99.6430884467231 98.338131374783 97.851436191135
94.7452799479167 94.8622419569227 96.0850279066298 95.7533764309353 95.4209179348416 95.1151318020291 94.5993499755859 94.8559977213542 94.2493519253201 94.0643408033583 93.7469177246094 93.1008639865451 92.8593436347114 91.6510717603895 91.6307618882921 91.4557740953233 92.3683302137587 92.6465767754449 92.3271047804091 91.9834760030111 92.59361521403 93.0176934136285 94.3991444905599 94.5284923977322 94.5030721028646 95.3600455390082 95.7314715915256 95.9176305135091 95.8874308268229 96.130137125651 96.2700551350911 96.2398223876953 97.6002943250868 98.0733159383138 98.466436598036 98.4279556274414 98.0018742879232 97.1314163208008 97.4261288113064 97.5175357394748 96.5869140625 96.1365297105577 97.0486458672418 97.8074103461371 98.5446684095595 98.7727584838867 97.97595638699 97.1713155110677 96.6814244588216
95.1020041571723 94.7796461317274 95.5287331475152 95.2051349216037 95.0211503770616 93.7639533148871 94.6926761203342 94.6607098049588 94.3334749009874 94.3133900960286 93.8557646009657 93.8475104437934 92.7646230061849 92.5786395602756 92.2731340196398 92.1104397243924 92.5766622755263 92.7225430806478 91.6376758151584 91.6213434007433 91.8785955641005 92.8140703837077 93.2632569207086 94.1675838894314 94.552744547526 95.5704922146267 94.9343134562175 94.9037128024631 96.0901277330187 95.2851214938694 96.0283381144206 96.1714401245117 96.7567833794488 97.0651126437717 97.1302235921224 97.8257115681966 97.8994818793403 97.2030241224501 97.2808117336697 97.6304024590386 97.7134492662218 97.3237584431966 97.3665271335178 97.5017912122938 97.1031494140625 96.843507554796 96.6706720987956 96.4854888916016 96.289316813151
95.4173363579644 95.288828531901 94.8215238783095 94.7984941270616 93.5529793633355 94.3064549763997 94.2829988267687 93.4827346801758 94.1213989257812 94.1114298502604 93.66777504815 93.9673970540365 93.9718899197049 93.6800274319119 93.6841083102756 93.6881917317708 94.1667141384549 93.0741984049479 91.5527509053548 92.0079193115234 92.7878133985731 92.9006123012967 93.2038387722439 94.1068250868056 94.5547273423937 95.4566497802734 95.6452789306641 94.9076750013563 94.8809119330512 95.8181788126628 95.9607526991102 96.3711369832357 96.8030259874132 96.8163596259223 97.4993099636502 98.4894298977322 97.8927459716797 97.2090589735243 97.4458101060655 97.6799274020725 98.4128163655599 98.4835357666016 98.4210883246528 97.6895921495226 98.5595508151584 97.7642372979058 96.8110020955404 96.622193230523 96.154180738661
95.32435353597 95.0186886257596 95.0037155151367 94.8368657430013 94.529781765408 94.3624114990234 94.3469814724392 94.0384792751736 94.022708468967 94.2032877604167 94.0683466593425 93.7909528944227 94.5828976101346 93.6820123460558 93.8416188557943 92.6093139648438 92.9565205044217 92.6755091349284 92.6915800306532 92.8521711561415 93.0226741366916 93.1413133409288 93.4437874688043 94.6450237698025 94.6177486843533 94.7443542480469 95.8193910386827 95.0179214477539 94.8159679836697 96.0238393147786 95.9877107408312 95.5298131306966 96.2741978963216 96.7241600884332 97.412112765842 97.6110348171658 97.954340616862 98.5552130805121 99.4276928371853 98.8615171644423 97.9393488566081 98.81165822347 99.2133967081706 98.8102323744032 98.8528238932292 98.2088818020291 98.0300725301107 97.8760740492079 98.4911583794488
93.5085644192166 93.6857528686523 94.4506378173828 94.259760538737 94.2526652018229 94.4276640150282 93.9768303765191 93.6766391330295 93.8093287150065 93.0473887125651 94.0026931762695 93.5873667399089 94.3908615112305 93.7995613945855 94.7815560234918 93.4108619689941 92.8431180318197 92.5748049418132 92.9007191128201 92.9295205010308 92.958321041531 94.0113830566406 94.1587346394857 94.1307559543186 94.5558836195204 95.6301125420464 95.755261739095 94.7791078355577 95.3787104288737 96.3001022338867 95.4945458306207 96.2334535386827 97.5897894965278 98.2184363471137 98.0766194661458 98.4096789889865 98.9164360894097 99.1148537529839 98.6926617092556 98.26990169949 99.7583431667752 100.107324388292 100.473226759169 99.0995695326063 98.8255767822266 98.6493148803711 98.1646270751953 98.1554446750217 97.6329481336806
93.6736450195312 94.2942937215169 94.0052964952257 94.0057678222656 93.7158788045247 94.0455856323242 94.2272601657444 93.5963516235352 93.2743182712131 93.2957543267144 93.6601748996311 93.4099612765842 93.1585739983453 94.5976079305013 94.6400816175673 93.4362873501248 92.5523876614041 92.7707769605849 92.6353755527072 93.6044141981337 93.8220566643609 93.9519399007161 94.0770975748698 94.1657180786133 94.1948691474067 94.3195970323351 94.2908121744792 95.6619576348199 95.826170179579 95.7920862833659 96.6448957655165 97.8278494940864 98.7328728569879 98.7268337673611 98.1618804931641 98.1817796495226 98.028564453125 98.0602213541667 98.7211515638563 99.2286724514431 99.9088668823242 100.114340040419 100.016797383626 99.2397181193034 99.2407489352756 99.0883297390408 98.6010072496202 98.2467634412977 98.2344309488932
94.2003402709961 94.6876042683919 94.4064576890733 94.1310857137044 93.2136993408203 94.2792460123698 94.4686770968967 93.3752839830187 93.382571750217 93.0830993652344 93.7971869574653 93.7104831271701 94.6868082682292 94.9676810370551 94.4176834954156 93.2513588799371 92.5910436842177 92.6451327006022 93.4723485310872 93.5268385145399 93.5813318888346 93.5939373440213 93.7180972629123 93.8637936909993 93.3601904975043 93.4843478732639 93.754392835829 94.8250613742404 95.7663040161133 96.1715359157986 96.1364186604818 96.1012954711914 98.0766355726454 99.0885501437717 99.3368377685547 99.0873667399089 99.2800462510851 98.9471215142144 99.5941679212782 98.9755901760525 99.2824037339952 99.3268534342448 99.8214009602865 99.672849867079 98.564938015408 98.7466269599067 99.3869789971246 100.466122097439 98.5062544080946
94.9757520887587 94.8528544108073 94.431509229872 94.4470308091905 93.5470487806532 93.8909284803602 93.9061228434245 93.1542214287652 92.9876641167535 93.978382534451 94.0469224717882 93.8238822089301 94.1925777859158 94.2281909518772 94.2822019788954 93.5653915405273 93.1823522779677 93.4924969143338 93.7258538140191 93.6254026624892 93.5162175496419 93.6880154079861 93.6580000983344 93.3287336561415 93.7508002387153 93.8959308200412 94.6163109673394 96.1587999131944 97.5258170233832 97.4896486070421 97.4532335069444 97.2428351508246 98.5901175604926 99.9528452555339 99.9484312269423 99.4369650946723 99.6322199503581 99.6078041924371 101.03845553928 100.285056220161 100.918567233615 100.159605238173 100.151557074653 100.632517496745 100.624541388618 100.30872768826 100.288866678874 99.6268132527669 98.8509063720703
94.9817869398329 94.5797576904297 94.6032494439019 93.2437939114041 93.1186006334093 92.9933488633898 92.9104970296224 93.409784105089 93.4324832492404 93.4840452406142 93.854502360026 93.8253657023112 93.763548956977 94.0809393988715 94.146718343099 93.2323701646593 94.0816124810113 94.1611273023817 93.8149159749349 94.1734941270616 94.8502544826931 94.1020016140408 94.2243126763238 94.1935501098633 94.1627900865343 94.5833986070421 94.7273364596897 97.2242787679036 99.3424877590603 99.5762057834201 100.753910488553 99.6740612453885 98.6925905015733 98.7621604071723 98.9121102227105 99.1542943318685 101.028434753418 101.192850748698 100.897961934408 101.501627604167 101.287843492296 102.079478793674 102.418312920464 103.032658894857 102.116802639431 101.91808742947 100.626844618056 100.044673495822 98.1655519273546
93.2733645968967 93.4835628933377 93.3624538845486 93.1019465128581 92.8409830729167 92.6846016777886 92.5630662706163 93.7890819973416 92.7638422648112 93.2945938110352 93.559812757704 93.6432902018229 93.4355405171712 93.6976517571343 93.9586067199707 93.3870968288846 93.4693188137478 93.5515407986111 93.6337619357639 93.8682640923394 93.9508912828233 94.7483825683594 94.0978020562066 94.1897905137804 94.333127339681 95.6210166083442 95.5838851928711 96.316640218099 97.6417677137587 99.1804021199544 99.4134733412001 98.8777906629774 98.0531268649631 97.6580242580838 98.8047400580512 99.43931833903 99.5547714233398 100.425649007161 100.583268907335 101.133967929416 101.746062384711 101.394745720757 101.727547539605 101.603377448188 101.371426900228 101.344705369737 100.266743130154 100.149681939019 99.0188030666775
92.8518710666233 93.0628246731228 93.0902913411458 93.1419177585178 92.6977030436198 92.8714531792535 92.7497889200846 92.9236017862956 92.8434117635091 93.6573757595486 94.6790534125434 94.4654795328776 94.5416327582465 93.8523152669271 94.1064410739475 94.0033688015408 94.0788964165582 93.3864466349284 94.2299516465929 93.6883053249783 94.2359763251411 94.410157945421 94.5302742852105 94.3236592610677 95.06029425727 97.6021728515625 98.7782414754232 99.847767300076 97.6600587632921 96.6868760850694 96.9148313734267 96.8765606350369 98.2167451646593 98.678220960829 99.8338843451606 99.803714328342 99.8728476630317 100.497824774848 102.105424669054 101.777867635091 102.001637776693 101.106640285916 101.079293992784 101.051947699653 101.325230068631 100.365960015191 100.152370876736 100.127135382758 99.461903889974
