data/test_2003/bio11_avg_1994-2002.asc
NCOLS 664 
NROWS 380 
XLLCORNER 3.91666666666667 
YLLCORNER 55.3333333333333 
CELLSIZE 0.0416666666666667 
NODATA_value -9999 
[rows 63 to 83 of 380, columns 384 to 431 of 664]
-11.0092666414049 -11.0764174991184 -11.121642642551 -11.1789419386122 -11.2331302430895 -11.3658368852403 -11.4298023647732 -11.5103606118096 -11.6969658533732 -11.8259888754951 -11.8743455674913 -11.9271464877658 -11.9988356696235 -12.0687475204468 -12.2387336095174 -12.382349120246 -12.5381493038601 -12.7360232671102 -12.9003417756822 -13.0651041666667 -13.2202928331163 -13.3260864681668 -13.4233616722955 -13.5303407245212 -13.6097640991211 -13.630743238661 -13.7346851560805 -13.8055153952705 -13.8836799197727 -13.9570291307237 -14.0129708184136 -14.1309129926893 -14.1904646555583 -14.2392556932237 -14.3001946343316 -14.3383931054009 -14.2766655815972 -14.1993828879462 -14.0815813276503 -13.9914265738593 -13.8711065716214 -13.7227468490601 -13.722205373976 -13.7752930323283 -13.7752839194404 -13.782029999627 -13.7587761349148 -13.5961887571547
-11.1222054163615 -11.1233157051934 -11.0516112645467 -11.1515365176731 -11.2929431067573 -11.367978837755 -11.5115340550741 -11.6573106977675 -11.823405901591 -11.9576713773939 -12.0315658781264 -12.0853124194675 -12.2235035366482 -12.1211020151774 -12.2555892732408 -12.3707435395983 -12.486193868849 -12.6010511186388 -12.7515389124552 -12.9267943700155 -13.0949913660685 -13.1886786354913 -13.3145969178942 -13.5128857294718 -13.6579889721341 -13.7902036243015 -13.7719732920329 -13.6830767525567 -13.7767728169759 -13.8426261478 -13.8916063308716 -13.9610301123725 -13.9402437210083 -13.9090562396579 -14.0132136874729 -14.1718900468614 -14.292639626397 -14.332352426317 -14.301472875807 -14.2207418017917 -14.0837882359823 -14.0087604522705 -14.002433458964 -13.9696109559801 -13.9074370066325 -13.7206515206231 -13.6072737375895 -13.6339697308011
-11.1814401414659 -11.3393048180474 -11.241283416748 -11.2424271901449 -11.3189778857761 -11.496788766649 -11.6407470703125 -11.7296685112847 -11.8613275951809 -12.0008351008097 -12.1050828297933 -12.1542194154527 -12.2120967441135 -12.3480487399631 -12.4836302863227 -12.5677299499512 -12.6151541603936 -12.6604412926568 -12.7351356082492 -12.8492376539442 -12.9517467286852 -13.0161431630452 -13.1373733944363 -13.3463931613498 -13.5787320666843 -13.6389970779419 -13.6419284608629 -13.7184158960978 -13.746903207567 -13.8103532791138 -13.8149142795139 -13.8427347607083 -13.8567402097914 -13.8901903364393 -13.8893344667223 -13.9336081610786 -14.1228359010484 -14.2788042492337 -14.3586984210544 -14.3767406675551 -14.2752278645833 -14.1318632761637 -14.1042757034302 -14.135188208686 -14.0064783096313 -13.8226807912191 -13.7565122180515 -13.7070104810927
-10.8093418545193 -10.8839263916016 -10.938807381524 -11.059021419949 -11.3609394497342 -11.3450051413642 -11.4741828706529 -11.6286190880669 -11.7936934365167 -11.9947395324707 -12.139414469401 -12.1658672756619 -12.2618018256293 -12.3964772754245 -12.5177451239692 -12.6221242480808 -12.7255397372776 -12.8202146954007 -12.8601018057929 -12.9143217934502 -12.9205382664998 -12.9737142986721 -13.0722238752577 -13.2106229994032 -13.3320680194431 -13.5040868123372 -13.6919576856825 -13.8503475189209 -13.9198479122586 -13.968237347073 -14.0171451568604 -14.0889419979519 -14.1307299931844 -14.1427316665649 -14.0929550594754 -14.0943637424045 -14.1693289015028 -14.2428113089667 -14.3351089689467 -14.4211845397949 -14.3788155449761 -14.3000762727526 -14.2980042563544 -14.2255811691284 -14.097372478909 -13.9250801934136 -13.7569363911947 -13.6995321909587
-11.0702801810371 -11.0881058375041 -11.1404150856866 -11.2397325303819 -11.3189747068617 -11.4562596215142 -11.6288032531738 -11.7589027616713 -11.9007263183594 -12.055976761712 -12.1656719843547 -12.2283306121826 -12.2627664142185 -12.3694241841634 -12.4625265333388 -12.5218512217204 -12.6043615341187 -12.7020563549466 -12.7795292536418 -12.8700723648071 -12.9634043375651 -13.0441743002998 -13.0707295735677 -13.1649612850613 -13.3141445583767 -13.517399681939 -13.7548762427436 -13.9365013970269 -14.0071625179715 -14.0496771070692 -14.106265174018 -14.1575198703342 -14.2158312267727 -14.2675689061483 -14.3065663443671 -14.3343787723117 -14.3311538696289 -14.3682257334391 -14.4449272155762 -14.5145173602634 -14.508551703559 -14.4282162984212 -14.3322501712375 -14.198211034139 -14.0576492945353 -13.9059981240167 -13.8481502532959 -13.8602528042263
-10.9432577557034 -11.113120926751 -11.1759468714396 -11.2584028244019 -11.3173771964179 -11.4649047851562 -11.5772990120782 -11.7861493428548 -11.958795759413 -12.1016590330336 -12.196447690328 -12.1972372266981 -12.1878041161431 -12.2861486011081 -12.3556044896444 -12.4542453553942 -12.5649605857001 -12.6924899419149 -12.8109979629517 -12.9259756935967 -13.0778753492567 -13.130115085178 -13.1009982426961 -13.1777045991686 -13.2940672768487 -13.4888594945272 -13.7106830808851 -13.8204324510362 -13.8838120566474 -13.9234870274862 -13.9593843883938 -13.9545415242513 -14.0430058373345 -14.1029993693034 -14.193511750963 -14.3094307581584 -14.3795723385281 -14.4571958118015 -14.5346709357368 -14.5826647016737 -14.4988804923164 -14.3434669706557 -14.2263826794095 -14.1419947942098 -14.0576043658786 -13.9958786434597 -13.9960793389214 -13.954353650411
-10.4780090120104 -10.7154350280762 -10.985553211636 -11.0875623491075 -11.1345346238878 -11.1795068316989 -11.3089972601997 -11.531322479248 -11.6887912750244 -11.7225999832153 -11.7718908521864 -11.7633293999566 -11.9486200544569 -12.172354804145 -12.3474227057563 -12.4478247960409 -12.4792631997002 -12.5718870162964 -12.7183972464667 -12.9252489937676 -13.0473662482368 -13.0919847488403 -13.1884485880534 -13.3165559768677 -13.3911005655924 -13.4520899454753 -13.4633008109199 -13.4997715420193 -13.6405347188314 -13.7261861165365 -13.7535417344835 -13.8519340091281 -14.0081810421414 -14.0420589447021 -14.0994191699558 -14.2104829152425 -14.3216208351983 -14.4377956390381 -14.5321928660075 -14.5984418657091 -14.5343203014798 -14.323235405816 -14.2102994918823 -14.1940165625678 -14.1257578531901 -14.0293155246311 -13.9383548100789 -13.8720613055759
-10.2047816382514 -10.4814737108019 -10.8061659071181 -11.0517463684082 -11.0604579713609 -11.1084639231364 -11.0927901797824 -11.2085123062134 -11.5567280451457 -11.8344634373983 -11.8184208340115 -11.5235630671183 -11.869298087226 -12.2458482318454 -12.3320415284899 -12.3956147299873 -12.4729052649604 -12.4918258455065 -12.6391903559367 -12.876163482666 -13.093760172526 -13.2016332414415 -13.2833577262031 -13.4010084999932 -13.4847333696153 -13.4961613549127 -13.4807013405694 -13.5121298895942 -13.621928109063 -13.7118753857083 -13.7958220375909 -13.900506761339 -14.0199056201511 -14.1370768017239 -14.189433309767 -14.2773451275296 -14.3743680318197 -14.4227242999607 -14.4646361668905 -14.5090662638346 -14.4869043562147 -14.4354829788208 -14.4345062043932 -14.3644918865628 -14.2718691296048 -14.218044175042 -14.0402195188734 -13.9542466269599
-11.0387217203776 -10.8893205854628 -10.9944373236762 -11.0716127819485 -11.1936347749498 -11.1943073272705 -11.0752763748169 -10.9863936106364 -11.2707541783651 -11.4990995195177 -11.7713707817925 -11.8029753367106 -11.9363577100966 -12.172628932529 -12.200353940328 -12.2768751780192 -12.3409242630005 -12.4751955668132 -12.6574991014269 -12.8377671771579 -13.0115173127916 -13.1771201027764 -13.3176115883721 -13.4443255530463 -13.5033359527588 -13.5285923216078 -13.5868120193481 -13.7045866648356 -13.750139342414 -13.7699886957804 -13.8045038647122 -13.8743528789944 -13.9378841188219 -14.0239781273736 -14.1188129848904 -14.2154246436225 -14.2888515260484 -14.3773895899455 -14.4013347625732 -14.3322434955173 -14.3803376091851 -14.5305790371365 -14.5535614225599 -14.5249143176609 -14.4423641628689 -14.293614493476 -14.0968645943536 -13.9445595211453
-11.4906619389852 -11.2671671973334 -11.1992276509603 -11.0862511528863 -11.0227187474569 -11.3459288279215 -11.4385079277886 -11.3370872073703 -11.2123081419203 -11.4001828299628 -11.5391682518853 -11.6865983539157 -11.8655094570584 -11.9853841993544 -12.1283695432875 -12.2382440567017 -12.2825627856784 -12.3858448664347 -12.5826822916667 -12.6527480019463 -12.8398974736532 -13.089268260532 -13.2440306345622 -13.3604982164171 -13.399335331387 -13.4662464989556 -13.6399721569485 -13.756673389011 -13.7995358573066 -13.8136574427287 -13.7858528561062 -13.8316032621596 -13.882989777459 -13.9381601545546 -14.0198210610284 -14.1266900168525 -14.1877057817247 -14.2956846025255 -14.367589102851 -14.2776423560248 -14.3255475362142 -14.5435266494751 -14.5500984191895 -14.4925221337212 -14.40552605523 -14.3034808900621 -14.1512132220798 -13.992977672153
-11.5575647354126 -11.5293838712904 -11.4456474516127 -11.2582818137275 -11.1643893983629 -11.2120851940579 -11.26862833235 -11.3022998174032 -11.2655731836955 -11.4321654637655 -11.5666093826294 -11.6873500612047 -11.7932005988227 -11.8442376454671 -11.9574222564697 -12.086014535692 -12.1940876642863 -12.2890502081977 -12.26290151808 -12.2213461134169 -12.5050394270155 -12.9288237889608 -13.1603025860257 -13.2951147291395 -13.3574091593424 -13.3987399207221 -13.6105154885186 -13.7892787721422 -13.8405619727241 -13.8124370574951 -13.8054974873861 -13.7780394024319 -13.7812396155463 -13.7810974121094 -13.8167561425103 -13.9575839572483 -14.074856016371 -14.1781273947822 -14.2322883605957 -14.2453382280138 -14.4374249776204 -14.6029932234022 -14.5438204871284 -14.4170185724894 -14.3618734147814 -14.3316438462999 -14.3263031641642 -14.2467402352227
-11.6540971332126 -11.6004157596164 -11.5983639823066 -11.559275203281 -11.4244824515449 -11.3201449712118 -11.2324465645684 -11.3105375501845 -11.302393913269 -11.4274815453423 -11.553532494439 -11.642842080858 -11.6562260521783 -11.6583505206638 -11.7599565717909 -11.875340461731 -12.0116127861871 -12.1310710906982 -12.2374664942423 -12.4469067255656 -12.4914410909017 -12.7600829866197 -13.0385743247138 -13.2414356867472 -13.3315568500095 -13.3473077350193 -13.4756508933173 -13.6740680270725 -13.7841894361708 -13.8014952341715 -13.768994225396 -13.7344014909532 -13.6792667176988 -13.6529976526896 -13.720136112637 -13.7932745615641 -13.9243764877319 -14.1557556788127 -14.3276542027791 -14.3713300493028 -14.4315242767334 -14.5561631520589 -14.5567282570733 -14.4918859269884 -14.4195537567139 -14.3918804592556 -14.4055404663086 -14.3521638446384
-11.8833702935113 -11.8104843563504 -11.7527094946967 -11.6376013225979 -11.6799005932278 -11.6840517255995 -11.4905082914564 -11.3724763658312 -11.4684742821587 -11.5622793833415 -11.6443808873494 -11.5557417339749 -11.6302877002292 -11.7324630949232 -11.8456019295586 -11.8617775175307 -11.8778790367974 -12.1517581939697 -12.3091935051812 -12.3840358522203 -12.5051714579264 -12.6596377690633 -12.9338825013902 -13.0945716434055 -13.1621168984307 -13.1475003560384 -13.1474758783976 -13.4124380747477 -13.6031265258789 -13.6463338004218 -13.6124164793226 -13.6200964185927 -13.6340346866184 -13.7140830357869 -13.8525761498345 -13.965143415663 -14.0468214882745 -14.1716800265842 -14.3018346362644 -14.3808030022515 -14.4271056916979 -14.4409635331896 -14.472598499722 -14.5046784083048 -14.4425668716431 -14.3256726794773 -14.2567043304443 -14.240920914544
-12.0320512983534 -11.9825530582004 -11.9094998041789 -11.8010793262058 -11.7598444620768 -11.7728046841092 -11.7969405916002 -11.5804839664035 -11.6635910669963 -11.7264103359646 -11.7295255661011 -11.7317526075575 -11.733090294732 -11.8409468332926 -11.9378399319119 -12.0060662163628 -12.0730338626438 -12.1460010740492 -12.3831910027398 -12.5537878672282 -12.6322334077623 -12.7596379386054 -12.9441539976332 -13.027484787835 -13.0442750718859 -13.0136346817017 -13.1117347081502 -13.3520666758219 -13.5515454610189 -13.6415430704753 -13.65405898624 -13.7340560489231 -13.9031119876438 -14.0502623452081 -14.098968717787 -14.0510855780707 -14.0528994666206 -14.2060494952732 -14.3119411468506 -14.3363506529066 -14.3878718482123 -14.3482815424601 -14.2576541900635 -14.2783601548937 -14.2753591537476 -14.1891689300537 -14.1157199011909 -14.0694559945001
-12.0168795055813 -11.9709181255764 -11.9674526850382 -11.9404619004991 -11.9714320500692 -11.9291437996758 -11.8501137627496 -11.7131581836277 -11.6853008270264 -11.6673560672336 -11.5548184712728 -11.6410969628228 -11.7472263971965 -11.786170747545 -11.8540779749552 -11.9291701846653 -12.011892636617 -12.1452069812351 -12.3729662365384 -12.5513919194539 -12.7638875113593 -12.8058602015177 -12.8236101998223 -12.9372869067722 -12.9968038135105 -12.9245098961724 -13.0249825583564 -13.2542886734009 -13.4316684934828 -13.5481589635213 -13.6322801378038 -13.7543274561564 -13.9552386601766 -14.0937564637926 -14.1327922609117 -14.0959023369683 -14.0774892171224 -14.0616544087728 -14.093597624037 -14.1538359324137 -14.156933678521 -14.2143403159248 -14.1577465269301 -14.1690046522352 -14.1662989722358 -14.1297027799818 -14.0703654819065 -14.0127334594727
-12.1402272118462 -12.0572830835978 -12.0064135657416 -11.9521364635891 -11.9373334248861 -11.8868158128526 -11.8179541693793 -11.6812976201375 -11.5005657407973 -11.4792647891574 -11.5057414372762 -11.5882184770372 -11.7029174168905 -11.7435427771674 -11.8444639841715 -11.8391628265381 -11.9624546898736 -12.1087090174357 -12.2866673999363 -12.2572186787923 -12.4083569844564 -12.6633415222168 -12.5914381874932 -12.7936078177558 -12.9918518066406 -13.0682441923353 -13.0990807215373 -13.1556950675117 -13.3051983515422 -13.448553191291 -13.5285756852892 -13.6574124230279 -13.8972170088026 -14.0036944283379 -14.0800234476725 -14.113092634413 -14.1249030431112 -14.0640834172567 -14.0112327999539 -13.9747523201836 -14.0713297526042 -14.228029039171 -14.2232463624742 -14.1989829805162 -14.1376831266615 -14.0420876608955 -13.9922694100274 -13.9767480426364
-12.1633521185981 -12.1173520618015 -12.0061665640937 -11.8982408311632 -11.8443145751953 -11.712907049391 -11.5804625617133 -11.4320920308431 -11.3123377694024 -11.388655450609 -11.5052568647597 -11.6265995237562 -11.7366091410319 -11.7989150153266 -11.8104054133097 -11.8662665685018 -12.0070167117649 -12.2018405066596 -12.3404424455431 -11.9778598149618 -11.8206039004856 -12.2695635689629 -12.5767461988661 -12.856520652771 -13.1619992785984 -13.3068117565579 -13.1683642069499 -13.0462434556749 -13.145543522305 -13.4017627504137 -13.652574857076 -13.8254025777181 -13.8984300825331 -13.8760774400499 -13.9424398210314 -14.1034303241306 -14.2626281314426 -14.3038255903456 -14.2242080900404 -14.1070668962267 -14.216095606486 -14.4250511593289 -14.4514873292711 -14.3801461325751 -14.2538820902507 -14.1719536251492 -14.1966185039944 -14.1641718546549
-12.2513661914402 -12.1529027091132 -12.0745125876533 -12.0860488679674 -11.9725258085463 -11.8247244093153 -11.6928789350722 -11.4476747512817 -11.4594669342041 -11.5478973388672 -11.624328189426 -11.7876475652059 -11.8332635031806 -11.8112499448988 -11.9229396184285 -11.9967777464125 -12.0899493959215 -12.1625284618802 -12.2316993077596 -12.175019370185 -12.1011468039619 -12.3540818956163 -12.6086470286051 -12.9323227140639 -13.2230359183417 -13.3620455000136 -13.1377954483032 -12.9821080101861 -13.0532977845934 -13.2606755362617 -13.5162776311239 -13.741953531901 -13.8678070704142 -13.8951258129544 -13.9988137351142 -14.2294654846191 -14.3947835498386 -14.4560275607639 -14.4774939219157 -14.4628862804837 -14.3578337563409 -14.2901152504815 -14.3597298728095 -14.4371615515815 -14.4445251888699 -14.391820801629 -14.3481523725722 -14.254114151001
-12.0920696258545 -12.2277847925822 -12.3277964062161 -12.2766230901082 -12.2164866129557 -12.1065729988946 -11.9708807203505 -11.9031151665582 -11.9139170116848 -11.8770654466417 -11.8450290891859 -11.7489919662476 -11.7389552858141 -11.852770169576 -11.9701406690809 -12.0605484644572 -12.0709557003445 -12.1452157762316 -12.2750306659275 -12.3086972766452 -12.3636897404989 -12.4658598370022 -12.6825478871663 -12.9417548709446 -13.1284432941013 -13.2670574188232 -13.1324120627509 -12.9511749479506 -13.0424554612901 -13.2855144076877 -13.4883504443698 -13.6703725390964 -13.7818937301636 -13.8449196285672 -14.0468026267158 -14.2645380232069 -14.3904947704739 -14.4103778203328 -14.4343350728353 -14.4988850487603 -14.4803237915039 -14.4317619535658 -14.4349789089627 -14.3907137976752 -14.3530209859212 -14.3433907826742 -14.3103532791138 -14.1980562210083
-12.3866881264581 -12.455602645874 -12.4527393976847 -12.3889876471625 -12.3644206788805 -12.3385949664646 -12.26439804501 -12.2044240103828 -12.1782661014133 -12.0513319439358 -11.9417314529419 -12.0135378307766 -11.9645294613308 -11.9372250239054 -12.0144390530056 -12.1095792982313 -12.0790895885891 -12.040599822998 -12.1832959916857 -12.2442128923204 -12.3356065750122 -12.4186612235175 -12.6207523345947 -12.8726217481825 -13.0608616934882 -13.1571756998698 -13.0348230997721 -12.9647659725613 -13.1398945914374 -13.3653936386108 -13.5596335728963 -13.7206510967678 -13.8452038235135 -13.9314987394545 -14.0434972974989 -14.1004588868883 -14.1868285073174 -14.3170490264893 -14.4269732369317 -14.5328980551826 -14.5496379004584 -14.5533398522271 -14.5586715274387 -14.4172632429335 -14.2832369274563 -14.2811555862427 -14.21814388699 -14.0652068456014
-12.6396106084188 -12.7091262605455 -12.6313826243083 -12.4630466037326 -12.3376735051473 -12.1799295213487 -12.0572970708211 -12.1166647805108 -12.2276995976766 -12.2556605868869 -12.2811028162638 -12.1782486173842 -12.0107284122043 -11.9715781741672 -12.0169462627835 -12.1103147930569 -12.2367946836683 -12.3215697606405 -12.3430862426758 -12.2479360368517 -12.1541559431288 -12.2643378575643 -12.4923720889621 -12.7617392010159 -12.9244398540921 -12.9378075069851 -12.9189524120755 -12.9497269524468 -13.03753874037 -13.1905358632406 -13.353014310201 -13.4900111092461 -13.6448329289754 -13.706295437283 -13.6819801330566 -13.6439606348673 -13.8039316601223 -14.0862630208333 -14.281928062439 -14.4282598495483 -14.5133318371243 -14.5602557924059 -14.5218464533488 -14.3635857899984 -14.1950007544623 -14.1213372548421 -14.0202661090427 -13.893787489997
