data/test_2003/bio12_avg_1994-2002.asc
NCOLS 664 
NROWS 380 
XLLCORNER 3.91666666666667 
YLLCORNER 55.3333333333333 
CELLSIZE 0.0416666666666667 
NODATA_value -9999 
[rows 286 to 307 of 380, columns 539 to 587 of 664]
629.371066623264 623.709072536892 623.882537841797 616.514848497179 612.382364908854 609.23686726888 605.737816704644 605.746276855469 606.450171576606 604.301574707031 607.108208550347 605.731275770399 604.912451850043 606.150906032986 606.94246758355 609.742919921875 610.112426757812 614.008568657769 618.554416232639 618.116675482856 620.150390625 621.498331705729 626.647742377387 623.761939154731 623.788330078125 623.89880710178 621.175079345703 619.044236924913 616.995127360026 619.324615478516 621.792144775391 622.188303629557 624.034745958116 624.913940429688 625.815646701389 626.989841037326 625.507551405165 629.518761528863 631.820556640625 630.217929416233 628.585730658637 631.916324191623 632.185289171007 636.327650282118 642.948649088542 650.176839192708 657.332248263889 657.524441189236 661.949896918403
632.467732747396 628.351674397786 625.591569688585 619.264411078559 616.155687120226 613.998491075304 611.929840087891 608.176096598307 607.036614312066 606.431213378906 607.20455593533 605.674852159288 604.997809516059 608.465142144097 609.273647732205 608.929633246528 608.715026855469 614.74860297309 613.200680202908 614.285854763455 616.471204969618 618.450303819444 623.590776231554 624.42764960395 621.73331366645 620.143903944227 620.052357991536 621.030649820964 619.387817382812 618.353698730469 618.260701497396 617.48043484158 619.57512749566 619.030622694227 622.300703260634 622.445146348741 624.500430636936 628.167168511285 631.296912299262 631.42224460178 632.777581108941 634.957997639974 637.360524495443 641.959309895833 647.974283854167 654.237141927083 659.111891004774 660.334520128038 663.234063042535
635.17288547092 632.050018310547 626.529771592882 621.392693413628 616.459306504991 614.576388888889 609.83504570855 608.021138509115 609.527391221788 606.635250515408 607.589497884115 604.942369249132 606.599894205729 607.348995632595 608.100809733073 609.057376437717 613.218000623915 612.586198594835 614.444749620226 618.574927435981 615.349619547526 617.199598524306 619.339735243056 620.670745849609 621.722591824002 618.726962619358 620.207580566406 618.872321234809 617.322119818793 618.333418104384 618.745880126953 619.50500149197 621.482004801432 620.80325656467 620.225267198351 623.318142361111 629.891211615668 631.608001708984 638.088779025608 637.368075900608 639.204895019531 643.504126654731 646.291449652778 650.181077745226 656.524522569444 660.83342827691 661.867553710938 663.73050265842 669.821248372396
637.816029866536 631.586435953776 633.389268663194 627.735687255859 621.670315212674 617.478674994575 616.268873426649 612.363521999783 610.097961425781 609.435855441623 610.653018527561 608.248168945312 612.112094455295 609.578603108724 609.27387491862 608.900139702691 612.014943440755 613.509992811415 612.778764512804 614.41409640842 616.222212049696 615.320359971788 620.274810791016 618.197740342882 618.645236545139 615.701378716363 617.738555908203 617.719502766927 617.955895317925 618.038357204861 619.627709282769 619.867421468099 619.647823757595 619.904510498047 624.401285807292 628.662146674262 629.767320421007 632.276146782769 635.03623453776 639.112959120009 642.34962632921 642.218590630425 649.41562906901 658.004998101128 659.854966905382 660.981682671441 661.64400906033 663.566067165799 669.590698242188
637.681474473741 629.450239393446 629.292229546441 628.436408148872 626.623806423611 620.958723280165 618.107133653429 612.272752549913 609.787909613715 611.861836751302 609.854410807292 610.935173882378 610.961483425564 606.13973320855 606.236802842882 610.045223659939 608.061550564236 609.106197781033 609.347110324436 613.301432291667 611.874362521701 614.82618882921 615.954308403863 615.200507269965 616.753879123264 615.702748616536 613.373840332031 613.512176513672 613.947482638889 613.214640299479 616.593885633681 619.738104926215 620.957309299045 621.296522352431 626.914489746094 627.529181586372 629.510955810547 631.58017985026 636.989115397135 638.163757324219 640.207143147786 646.549947102865 650.366719563802 658.448079427083 662.974826388889 661.980563693576 668.265679253472 670.541280110677 672.102342393663
633.205037434896 628.254876030816 627.880476209852 625.053276909722 621.907338460286 621.995619032118 617.553151448568 615.348849826389 614.497056749132 612.106801350911 607.97371758355 608.713853624132 605.266994900174 606.347944471571 603.815016004774 606.092196994358 606.715613471137 606.764305962457 607.457617865668 608.216569688585 611.144819471571 610.971421983507 612.100104437934 613.219421386719 611.238223605686 610.562276204427 610.662197536892 612.13127983941 612.597510443793 610.714979383681 613.860636393229 615.94091796875 618.469401041667 621.310336642795 626.751393636068 628.947394476997 628.772070990668 633.883429633247 636.346761067708 640.327582465278 644.354444715712 649.247673882378 653.602220323351 656.638420952691 663.131015353733 666.498155381944 671.558342827691 675.861280653212 678.625284830729
635.064561631944 633.024193657769 631.882381863064 627.826887342665 623.136240641276 623.802924262153 620.619971381293 615.320322672526 615.199890136719 609.169135199653 609.369805230035 606.24026828342 604.397009955512 606.196899414062 602.135301378038 602.864997016059 604.323577880859 604.569919162326 603.45351155599 600.367241753472 605.731733534071 604.209676106771 601.839019775391 601.637115478516 599.691575792101 601.810390896267 603.27789984809 604.452694363064 602.759979248047 605.525726318359 610.05564710829 612.043392605252 615.465471055773 622.088809543186 627.678978814019 628.583848741319 630.617604573568 636.568264431424 634.785692003038 642.435458713108 647.775614420573 652.25478108724 656.249918619792 658.651563856337 661.491672092014 667.117994520399 673.952155219184 679.43254937066 680.425496419271
642.267706976997 639.223029242622 631.813666449653 631.182084825304 624.934678819444 622.351701524523 622.074225531684 619.620547824436 613.169206407335 615.525702582465 611.50589328342 608.869320339627 603.222011990017 603.931783040365 600.616719563802 599.832824707031 597.802510579427 596.67098320855 594.3765496148 593.69639078776 596.154985215929 595.52005343967 594.604051378038 595.012803819444 599.024298773872 597.192081027561 596.196695963542 597.43997531467 595.37309773763 598.454915364583 605.01954820421 606.269280327691 614.044898139106 622.725558810764 625.257781982422 625.854512532552 631.259131537543 638.270850287543 640.037102593316 643.089033338759 650.663953993056 657.618984646267 658.069613986545 661.103576660156 662.798421223958 664.898281521267 669.970784505208 678.294949001736 682.281100802951
636.648515489366 634.741709391276 629.566728379991 626.381985134549 629.043311225043 627.264190673828 622.361263699002 617.038275824653 614.80480617947 613.931993272569 613.91163804796 605.679189046224 599.837181939019 596.827195909288 596.620805528429 596.551686604818 592.652459038628 591.353068033854 593.137566460503 593.326263427734 590.34378390842 589.26956515842 592.599063449436 592.744381374783 593.764397515191 592.706831190321 594.737403021918 595.227125379774 596.965816921658 596.984191894531 600.532969156901 600.69093492296 612.19538031684 618.724667019314 624.546359592014 631.923780653212 634.634443495009 638.191426595052 639.820665147569 645.795613606771 649.224826388889 657.629414876302 663.113538953993 664.613959418403 667.194627549913 668.902967664931 671.213168674045 674.277560763889 680.231879340278
635.789201524523 633.427832709418 629.166670057509 627.305189344618 632.828379313151 632.394992404514 628.229614257812 620.84704928928 614.6732550727 611.85070461697 609.848008897569 606.122260199653 598.943250868056 596.791029188368 594.886193169488 591.401621500651 589.224110921224 588.015818277995 586.510738796658 587.508148193359 587.585737440321 588.73057047526 590.984229193793 592.254021538628 591.725558810764 592.860002305773 592.953311496311 594.203728569878 596.572587754991 599.082383897569 599.55360921224 602.849480523003 605.673533121745 610.691257052951 622.355126274957 632.077891031901 637.361680772569 638.783281114366 639.325771755642 640.012912326389 648.460720486111 656.991461859809 659.769348144531 668.157341851128 670.616950141059 668.491753472222 672.283209906684 677.293918185764 680.463134765625
637.966457790799 637.13569132487 636.097259521484 633.825578477648 631.531802707248 632.520026312934 630.568712022569 621.090104844835 618.508639865451 613.414055718316 609.379713270399 605.983489990234 599.986300998264 597.663930257161 592.499098036024 592.459079318576 588.908854166667 585.666707356771 585.545613606771 584.330902099609 584.638956705729 586.734469943576 590.365810818142 592.464223225911 593.14074367947 593.253377278646 593.479092068142 594.493272569444 597.798309326172 600.081827799479 599.3685675727 600.81679280599 604.789435492622 613.995262993707 622.386050754123 625.88976711697 633.546346028646 638.87201944987 641.32768758138 646.241319444444 646.366855197483 649.867092556424 656.651638454861 667.525973849826 670.830403645833 668.514180501302 670.581061469184 676.308417426215 680.61275906033
642.780083550347 640.510464138455 642.21188015408 637.52682156033 632.995873345269 632.166442871094 623.822157118056 616.360253228082 616.072987874349 613.397243923611 607.360100640191 605.853234185113 602.419033474392 599.542287190755 594.291687011719 592.386494954427 589.940643310547 586.55187649197 585.509918212891 585.239271375868 586.705329047309 589.93172539605 589.107116699219 589.364546034071 590.409864637587 594.330610487196 595.753221299913 593.681816948785 596.761037190755 598.156321207682 599.82671101888 600.241797553168 607.477525499132 612.596425374349 621.489800347222 625.762488471137 630.57177734375 636.937032063802 640.178839789497 645.938924153646 654.698567708333 654.886698404948 658.10735405816 658.635247124566 670.232883029514 671.524007161458 675.429423014323 673.548489040799 674.584967719184
641.377505832248 639.924957275391 637.202206081814 638.366309271918 633.900855170356 634.115827772352 627.40230984158 622.018595377604 617.443790011936 613.723375108507 609.751227484809 607.534138997396 603.736962212457 602.207407633464 602.977783203125 602.18263414171 599.763420952691 594.796725802951 586.034640842014 586.7298956977 588.132904052734 589.135877821181 589.807071261936 591.53525797526 591.280822753906 592.76129828559 596.307590060764 596.554690890842 596.655229356554 597.961591932509 598.212222629123 602.591613769531 605.055657280816 611.95551554362 621.622185601128 623.861189100477 629.510660807292 638.418395996094 641.347290039062 649.263380262587 652.030463324653 656.025248209635 659.249952528212 658.35689968533 665.746622721354 671.692355685764 674.025641547309 673.644904242622 673.963562011719
638.149454752604 636.549438476562 637.529025607639 634.311225043403 635.232493082682 630.145721435547 625.731245252821 623.852457682292 617.810875786675 616.12599351671 612.412245008681 608.169647216797 612.294342041016 611.015190972222 610.738186306424 609.456502278646 603.664201524523 599.211320665148 595.162339952257 593.299123128255 591.84332953559 589.160091824002 587.827328152127 592.033416748047 593.2437371148 594.626980251736 594.761681450738 595.708374023438 597.820814344618 596.786821153429 601.24033610026 604.654222276476 607.238610161675 611.511695014106 620.139899359809 626.889855278863 631.990726047092 636.602678087023 641.60792711046 645.350443522135 651.231703016493 654.477912055122 652.639417860243 658.804863823785 658.072597927517 664.025695800781 668.015285915799 673.996731228299 679.408779568142
637.967563205295 639.030673556858 637.811835394965 638.048163519965 633.683607313368 627.99611070421 622.92881266276 623.850616455078 615.946438259549 612.946523030599 609.64554172092 609.209187825521 608.417388916016 612.581902398003 611.027214898003 609.501088460286 610.537258572049 608.153479682075 599.033501519097 592.375718858507 590.643513997396 591.53414577908 591.730634901259 590.982143825955 593.315928141276 594.234330919054 594.356533474392 593.415252685547 596.480499267578 595.803904215495 598.012301974826 601.084197998047 606.081519232856 609.625603569878 619.333031548394 627.234686957465 632.394293891059 635.938622368707 637.118557400174 645.761074490017 650.975301106771 651.783379448785 654.021341959635 656.143886990017 659.868353949653 661.634223090278 668.586907280816 671.527621799045 678.367716471354
642.006137424045 638.598887125651 636.442599826389 634.356465657552 629.003984239366 626.811062282986 622.577579074436 617.150658501519 618.253265380859 617.999867757161 610.779825846354 609.718482123481 612.837524414062 615.336537679036 615.488396538628 611.308057996962 608.431091308594 608.105702718099 603.947699652778 596.696434868707 595.857116699219 595.74370320638 595.469923231337 592.587849934896 591.925065782335 593.11218600803 595.054785834418 593.982883029514 596.361480712891 598.453962537977 597.314602322049 600.15094672309 604.554745144314 606.570010715061 613.394134521484 622.06943766276 628.385443793403 633.061269124349 636.234239366319 642.789679633247 646.616346571181 648.919447157118 652.436143663194 656.160671657986 661.553860134549 666.296067979601 669.114027235243 674.228522406684 676.951795789931
643.164581298828 634.5546875 633.342631022135 630.966966417101 627.349829779731 622.816280788845 622.684675428602 620.028608534071 618.650597466363 618.392808702257 615.037584092882 613.138922797309 613.682135687934 613.752265082465 612.700771755642 613.817674424913 609.149441189236 608.720462375217 603.333390977648 601.42387898763 598.593115912543 597.494188096788 595.525973849826 594.540910508898 592.81253390842 593.891832139757 593.88124593099 594.975094265408 595.773139105903 596.698560926649 596.672512478299 598.555887858073 600.703128390842 605.392435709635 608.200141059028 620.898417154948 625.794806586372 628.975755479601 636.722947862413 643.494371202257 648.1318359375 658.974175347222 657.197109646267 660.717610677083 661.718166775174 666.537746853299 670.911770290799 676.929029676649 679.945109049479
641.003428141276 635.6357421875 633.63082546658 629.284362792969 623.458838568793 625.043314615885 624.869615342882 622.494188096788 620.084503173828 619.07361178928 614.147844102648 611.882544623481 613.243238661024 613.700402153863 615.482903374566 611.369337293837 611.99377102322 606.978627522786 606.803768581814 607.198767768012 600.48498196072 598.974599202474 596.257432725694 598.329901801215 595.49617852105 595.418189154731 594.219540066189 597.283233642578 598.507463243273 598.163581000434 599.071763780382 599.814283582899 601.639936659071 608.724046495226 609.548756917318 618.234120686849 625.730658637153 630.236131456163 640.201161702474 643.922254774306 648.355190700955 654.808051215278 657.461486816406 659.16803656684 663.879679361979 664.465026855469 667.558926052517 678.453823513455 686.489800347222
643.820763481988 640.538896348741 634.353997124566 630.33161078559 628.279541015625 623.97945827908 622.759830050998 623.786292182075 619.51316663954 619.38954671224 613.462212456597 614.404076470269 611.955956353082 613.35346476237 612.202799479167 611.469000922309 611.487447102865 608.625010172526 610.525499131944 611.169379340278 607.322553846571 602.608079698351 599.010447184245 598.144276936849 597.863532172309 598.590369330512 597.7378777398 599.861728244358 599.732076009115 600.65781656901 600.257992214627 602.020355224609 602.727728949653 608.091474745009 611.655025906033 618.358944363064 625.815924750434 631.266201443142 638.348073323568 646.068752712674 648.578531901042 652.247341579861 660.090203179253 660.457166883681 662.058057996962 664.103908962674 669.002387152778 676.708591037326 681.211317274306
639.785715738932 636.487745496962 631.718573676215 629.519670274523 626.524922688802 623.924869113498 620.933427598741 619.652706570095 621.619964599609 619.75498453776 617.925716824002 617.033264160156 614.615726047092 614.457143147786 612.615427652995 610.623925103082 611.185458713108 613.349422878689 610.601715087891 610.127319335938 606.300472683377 603.213538275825 601.788581000434 604.692165798611 602.125620524089 602.254509819878 600.325686984592 598.5961066352 600.242611355252 601.009490966797 602.298183865017 601.960862901476 601.615529378255 608.66650390625 613.358686659071 616.808970133464 625.151570638021 629.445719401042 634.211137559679 639.117377387153 643.545186360677 648.480936686198 651.951524522569 656.78466796875 659.615125868056 662.386535644531 668.390530056424 676.370686848958 678.927558051215
637.65684000651 635.095954047309 633.478688557943 627.961636013455 627.790330674913 625.865831163194 623.369496663411 618.1527472602 619.938079833984 623.259826660156 622.412319607205 615.409973144531 614.440544976128 615.988254123264 615.139482286241 611.517940945095 613.942338731554 612.060821533203 606.928768581814 609.377027723524 608.244371202257 606.760108100043 607.44539727105 604.054277208116 603.797424316406 602.802758110894 604.10496351454 601.813001844618 603.729075113932 604.128445095486 602.515465630425 605.268476698134 608.803944905599 615.636244032118 619.666761610243 621.224338107639 628.083102756076 629.869483100043 635.396301269531 637.076636420356 645.004964192708 646.364617241753 651.414638943142 653.058363172743 658.843180338542 663.736965603299 670.54056125217 677.72711859809 684.594068739149
648.114366319444 638.754397922092 631.133616129557 632.399061414931 628.156999376085 628.288882785373 627.834818522135 624.581224229601 624.625166151259 616.310502794054 615.317321777344 615.299468994141 613.56206258138 614.194478352865 614.511203342014 615.992177327474 615.403767903646 612.527537027995 609.903845893012 613.153866238064 611.50060696072 610.340891520182 609.60407172309 608.194542778863 607.604078504774 608.07465616862 604.845631917318 604.919158935547 605.830576578776 605.98531765408 607.621256510417 608.132253011068 612.871510823568 617.495018853082 622.253770616319 627.481557210286 625.860219319661 635.141818576389 635.657592773438 639.514556884766 646.413831922743 650.017333984375 658.319546169705 657.833584255642 665.509650336372 669.404276529948 675.535603841146 684.58154296875 688.174146864149
