data/test_2003/bio14_avg_1994-2002.asc
NCOLS 664 
NROWS 380 
XLLCORNER 3.91666666666667 
YLLCORNER 55.3333333333333 
CELLSIZE 0.0416666666666667 
NODATA_value -9999 
[rows 242 to 263 of 380, columns 588 to 636 of 664]
20.96946144104 20.979671213362 21.209017806583 20.8783978356255 21.2641348308987 21.0397016207377 21.2074205610487 21.2792909940084 21.3041670057509 21.1612671216329 21.1577639579773 21.1971281899346 21.1766345765856 21.2326165305244 21.2549708154466 21.0295758777195 21.0683064990573 21.0634244812859 20.871582614051 20.9415882958306 20.7861581908332 20.8401812447442 20.6292212274339 20.5351925955878 20.5452574094137 20.5553226470947 20.512722492218 20.6103020773994 20.8514855172899 20.6443021562364 20.6166928079393 20.5146072705587 20.2373279465569 20.2895974583096 20.1623474227058 20.2242984241909 20.0535499254862 20.0491191546122 20.0446887016296 20.0402583546109 19.6592736244202 19.7025579346551 19.6511846648322 19.5838770866394 19.7475986480713 19.8702318933275 19.768590927124 19.7127330568102 20.2660206158956
21.2578847673204 21.0387432840135 21.0413829485575 21.1431698269314 21.3014188872443 21.4442629814148 21.4472135967678 21.230120923784 21.4759366247389 21.3599336412218 21.1874689526028 20.9976712862651 21.1614692476061 21.4356769985623 21.4331835640801 21.3233547740512 21.136957804362 21.195054743025 20.9992195765177 21.0123349825541 20.8997978104485 20.9064220852322 20.9133847554525 21.097171942393 20.8820365799798 20.8286771774292 20.8291687435574 20.8882638613383 20.8407468265957 20.6574133767022 20.6935164663527 20.4384095403883 20.4355084631178 20.2651433414883 20.2599687046475 20.2547939618429 20.1271093156603 20.0784749454922 20.2979644669427 20.0678135024177 19.8960458437602 19.8905596733093 19.6752830611335 19.6703498098585 19.6790438228183 19.5963952276442 19.7888997395833 20.0112431844076 20.550099796719
21.2567912737528 21.2521110640632 21.1252811749776 21.3437067667643 21.3811583518982 21.515574031406 21.5107759899563 21.2420035998027 21.268261803521 20.9813469250997 20.9948783980476 21.273841381073 21.4895323117574 21.5468899408976 21.6242384380764 21.3959961997138 21.429206583235 21.445124997033 21.2937349743313 20.9600056542291 20.969450155894 20.9288584921095 20.9327574306064 20.8914636505975 21.1179770893521 21.1652991506788 20.8961087862651 20.8987989425659 20.7046892378065 20.6998937394884 20.6883935928345 20.4725566440158 20.4064297146267 20.2785831027561 20.4455474747552 20.5085946718852 20.5036342938741 20.4871732393901 20.4183016353183 20.0953690740797 20.0891377660963 20.0829071998596 20.0720609029134 20.2397315767076 19.4926425615946 19.5104434755113 19.6915042135451 19.7153844303555 19.8850189844767
21.322819073995 21.3105307155185 21.2182483143277 21.4310932159424 21.5726411077711 21.3203414281209 21.4630122714572 21.6741101476881 21.6589863565233 21.3463427225749 21.5134692192078 21.3121986918979 21.3775172763401 21.5588000085619 21.5807558695475 21.2865308125814 21.1489011446635 21.450837082333 21.1389625867208 21.2143930329217 21.2665874693129 21.2220935291714 21.2223432858785 20.938146909078 20.952672958374 20.9534372223748 20.9493680000305 20.7268058988783 20.6481267081367 20.4005281660292 20.6317670080397 20.6235869725545 20.3177394866943 20.3294605678982 20.3226229879591 20.53244860967 20.5248965687222 20.5773453712463 20.6316481166416 20.1229239039951 20.1781713697645 20.0774034923977 19.8023366928101 20.3268756866455 20.3765482902527 20.0797057681614 19.716170946757 19.668197578854 19.8522726164924
21.564144982232 21.5642523765564 21.7910650041368 21.6293758816189 21.6090782483419 21.7424728075663 21.7223498556349 21.5324018796285 21.5597570207384 21.6254004372491 21.700947019789 21.3935929404365 21.4245254728529 21.498497221205 21.5116465356615 21.3577071825663 21.4856682883369 21.4165308740404 21.4964122242398 21.5009267595079 21.4655106862386 21.3354749149746 21.2876240412394 21.2697043418884 20.9949866400825 21.0080800056458 20.9877837498983 20.673870033688 20.5962285995483 20.5764980845981 20.37106317944 20.4202070236206 20.6316528320312 20.5629341337416 20.3354944652981 20.5644435352749 20.5559792518616 20.5475147565206 20.3232711686028 20.5305864546034 19.9904400507609 19.8949072096083 20.2361176808675 20.2283254199558 20.2374223603143 20.3033550580343 20.1008525954352 19.7916693687439 19.9074251916673
21.5461645656162 21.5585199462043 21.768212000529 21.9469802644518 21.9844038221571 21.980378097958 21.9533623059591 21.698779741923 21.7272058592902 21.8120254940457 21.6983358065287 21.4319452709622 21.4715343051487 21.7128746774462 21.7379679679871 21.4871525234646 21.6587558852302 21.3479603131612 21.4262261920505 21.358776251475 21.3080492549472 21.3607984648811 21.3984700838725 21.2886324988471 21.2829301622179 21.0627234246996 21.0576844215393 20.993527147505 20.7631574206882 20.7587226231893 20.6319052908156 20.4548811912537 20.7862921820747 20.5968936814202 20.7683995564779 20.3767750528124 20.6568049854702 20.5776860449049 20.6711872418722 20.5589343176948 20.5495578977797 20.3257677290175 20.3798125055101 20.4586047596402 20.6371593475342 20.3291265169779 20.0333386527167 19.9591961436801 19.7636004553901
21.6990068223741 21.8594769901699 21.7700709236993 21.7796027925279 21.7891345553928 22.0074465009901 21.8063118722704 21.9383527967665 21.9670961168077 22.0613148477342 21.7618891398112 21.6264855596754 21.5618554221259 21.8394391801622 21.6838617854648 21.7265827920702 21.6259773572286 21.4751271671719 21.6214171515571 21.6441013548109 21.480710612403 21.1820922957526 21.1285761197408 21.1206934716966 21.1562065548367 21.0587573581272 21.1407909393311 21.07553630405 20.8305625915527 21.0395565032959 21.0143146514893 20.9887633853489 20.7542730967204 20.7712159686618 20.6986216439141 20.4674864345127 20.7809995545281 20.6769966019524 20.3792724609375 20.3699390623305 20.3606062995063 20.6360499593947 20.7033423847622 20.5461292796665 20.5548499425252 20.7453071806166 20.2101692093743 20.2174952295091 19.8236437373691
21.5591633054945 21.7368711895413 21.9593529171414 21.7532899114821 21.6257054011027 21.7933337953356 21.7580318980747 21.7653939988878 21.7950304349263 22.0542981889513 22.1346480051676 21.8834608925713 21.7224028375414 21.8065276145935 21.9073773490058 21.8907737731934 21.6879026624892 21.4793663554721 21.4584040641785 21.5249835650126 21.3177131546868 21.4354535738627 21.2382889853583 21.2397690349155 20.9392071300083 21.0924898783366 21.186896165212 21.2128543323941 21.0753270255195 20.6120414204068 20.8588041199578 20.7664496103923 20.7188496589661 20.6186562644111 20.5074206458198 20.4976070192125 20.5898642539978 20.8008575969272 20.6944632000393 20.5875687069363 20.6712668736776 20.3767792913649 20.2632489204407 20.5708280139499 20.516774919298 20.5455198287964 20.2229365242852 20.4330032136705 20.2852013376024
21.7846148808797 21.7939692603217 21.8033236927456 21.812679555681 21.8220331933763 21.6802344322205 21.6725374327766 21.8345228830973 21.8790820969476 21.9608005947537 21.9990350405375 21.9128915998671 21.8268463346693 21.9338020218743 21.835479259491 21.8779727088081 21.8011402024163 21.590072049035 21.8361970053779 21.6560729344686 21.4243426852756 21.4106148084005 21.3867072529263 21.3166184955173 21.2347194353739 21.2089117368062 21.1199718051487 21.0464065869649 21.022196981642 21.0560413996379 20.9060781796773 20.7561978234185 20.7077164649963 20.775941795773 20.7524782816569 20.6361328760783 20.5245215098063 20.5745068656074 20.5042090945774 20.7141817410787 20.320096704695 20.412138250139 20.6186616155836 20.3320849206712 20.2910459836324 20.6441985766093 20.6727735731337 20.5262059635586 20.1362059381273
21.6701702011956 21.6875282923381 21.7048859596252 21.7222442626953 21.7153034210205 21.7321657604641 21.7315020561218 21.9436294767592 22.0157329771254 22.0740704006619 21.8133386505975 22.0550307167901 22.241234726376 21.9565613004896 21.8843551741706 21.958719836341 21.9622313181559 21.8642186588711 21.8485448625353 21.6390269597371 21.5588628451029 21.5964783032735 21.5711516804165 21.4305738872952 21.4167909622192 21.2866561677721 21.2620078722636 21.2820127805074 21.0275059276157 21.1040041711595 20.8535491095649 20.8289229075114 20.7208740976122 20.7391139666239 20.6838827662998 20.7755931218465 20.6242230733236 20.6360072029961 20.6529371473524 20.7606819470723 20.6419618924459 20.6917086177402 20.6807454956902 20.7167604234483 20.5954450501336 20.7333856688605 20.7625778516134 20.3167106310527 20.1675628026326
21.641876273685 21.6668200492859 21.7343543370565 21.7593361006843 21.784317917294 21.6625147395664 21.8429601987203 22.0209155612522 22.0930561489529 21.9915093845791 22.160566912757 22.1075592041016 22.1099366611905 22.0594681104024 22.0609381993612 22.1065879397922 21.9359270731608 21.9544818666246 21.9290035035875 21.7588675816854 21.6781522432963 21.7848989168803 21.6894113222758 21.4977189699809 21.4441372023688 21.2359555032518 21.2106642723083 21.1853732532925 21.0444519784715 21.0190321074592 20.9465055995517 20.7962991926405 20.8421707683139 21.0040715535482 20.8718932469686 20.7609965536329 20.7755137549506 20.6836915545993 20.5554345978631 20.7409565713671 20.7733995119731 20.652754412757 20.6208159128825 20.6569537586636 20.6035151481628 20.7631755934821 20.6163600815667 20.5611770417955 20.367351214091
21.8533193270365 -9999 21.6132195790609 21.6792152722677 21.8370962142944 21.894059975942 21.7837458186679 21.9678366978963 21.8904621866014 21.9330098893907 22.0812000698513 22.1226929558648 22.1200283368429 22.161303308275 22.2025788625081 22.1806332800123 22.1824701627096 21.9937249819438 21.8257598347134 21.7814764446682 21.7003416485257 21.571766005622 21.5868249999152 21.5375191900465 21.4456992679172 21.4190082550049 21.3580329153273 21.3656271298726 21.1297265158759 21.2651711569892 21.0776565869649 20.9304800563388 21.2089357905918 21.0701047049628 21.0808303091261 20.8441677093506 20.8554950290256 20.8081787427266 20.9508157306247 20.6629483964708 20.5073356628418 20.4951275189718 20.6619976891412 20.6186422242059 20.4536406728956 20.4369325107998 20.7651804288228 20.8514589203729 20.7054972118802
21.8902072376675 21.4334787262811 -9999 21.8445256551107 21.885867913564 21.7936277389526 22.0358877711826 21.9333724445767 22.0469244321187 22.0644656287299 22.1011461151971 22.1378268135919 22.1547787984212 22.3378717104594 22.4228390057882 22.3903859986199 22.0183881123861 21.9803115526835 22.0159819391039 21.7355731328328 21.9114520814684 22.0110577477349 21.6224917835659 21.6404715643989 21.3551562097337 21.3678809801737 21.2841494878133 21.2107920646667 21.3097830878364 21.2823378774855 21.1871205435859 20.940459728241 21.3426997396681 21.3526145617167 21.5224581824409 21.6916143629286 21.5416001213921 21.0031943321228 20.8494391441345 20.8545810911391 21.0175884034899 21.0223864449395 20.9837407535977 20.7715022828844 20.9060052235921 20.9624932607015 20.5725477536519 20.82776927948 20.8111413319906
21.6257707807753 21.7621960110135 21.8109073638916 21.707154750824 21.7565399275886 21.8290850321452 22.1476646529304 21.9777567651537 22.0333651966519 22.2623957528008 22.1210930612352 22.1084974077013 22.0278629726834 22.3444771236844 22.331111325158 22.3868188858032 22.4724618593852 21.9664931827121 22.0522017478943 21.8875358369615 21.9491602579753 21.7368031077915 21.8130780855815 21.7640300326877 21.4108931753371 21.5538009537591 21.6582620938619 21.447848478953 21.363139629364 21.2285482618544 21.3272129164802 21.366400718689 21.4505212042067 21.4569788508945 21.490513642629 21.306841691335 21.3895871374342 21.3914662996928 20.9442176818848 21.1394431855943 21.1409677929348 21.4994203779433 21.3499958250258 20.9629332754347 20.7767226431105 20.6271975835164 20.7949355443319 20.713428179423 20.6380460527208
-9999 21.5281638569302 21.9288823339674 21.8672176996867 21.8379927741157 22.1017253133986 22.0004499753316 22.1634989314609 22.0350539949205 22.2363542450799 22.2630220519172 22.1233698527018 22.417981783549 22.4132129351298 22.4267020755344 22.4367378552755 22.463672902849 22.4451512230767 22.3436677190993 22.0141225390964 21.8479198349847 21.8872977892558 21.9335313902961 21.8124633365207 21.5009467866686 21.4095310635037 21.5634253819784 21.3486844698588 21.4349545902676 21.6547333929274 21.6299137539334 21.4367244508531 21.4244938426548 21.3106061087714 21.3414246241252 21.315346982744 21.3613282839457 21.3596053653293 21.2527781592475 21.078428639306 21.4682670699226 21.3527135848999 21.5355594423082 21.2729521327549 20.9748962190416 20.7283307181464 20.7854292127821 20.722870349884 20.6725232866075
21.5823103057014 21.4726973639594 21.8817846510145 21.8886336220635 21.7694951163398 21.7869675954183 21.9395578172472 22.1957137319777 22.064964612325 22.1617648866441 22.3147859573364 22.3368348015679 22.3356954786513 22.2291303210788 22.3344247606066 22.3563277456496 22.6245785289341 22.4315292040507 22.6472653812832 22.6547065840827 22.1578839090135 22.0921803050571 21.9327472580804 21.8225441508823 21.7959248754713 21.7474149598016 21.7420556280348 21.7306832737393 21.6222160657247 21.6017626126607 21.6626101599799 21.5074330435859 21.2783233324687 21.0747934447394 21.1365455521478 21.4431882434421 21.5871912108527 21.5863299899631 21.5854681332906 21.4327436023288 21.2795750829909 21.3453926510281 21.3328437275357 21.4108545515272 20.7157203356425 20.6770675447252 20.8488196267022 20.8350567817688 20.6225887404548
-9999 21.6660778787401 21.3119299676683 21.8281528684828 21.7931104765998 21.8859898249308 21.9792582723829 22.0282663769192 22.1685253779093 22.2085309028625 22.2836491796705 22.5066324339973 22.5236797862583 22.189761850569 22.0712384647793 22.1181166966756 22.3077646891276 22.2985651228163 22.3953918351067 22.377023379008 22.3989677429199 21.8937242296007 21.8146098984612 21.8625592655606 21.7754783630371 21.7833500968085 21.6896704037984 21.7299954626295 21.643517282274 21.6038805643717 21.4993359777663 21.4800824589199 21.7379892667135 21.6081790394253 21.6026594373915 21.8442214330037 21.9254785643684 21.711342493693 21.7725509007772 21.7637000083923 21.6083212428623 21.2529260847304 21.5551745626662 21.3376952807109 20.8394654591878 20.5778358777364 20.7995782428318 20.6801201502482 20.6890376938714
21.4755500687493 21.4552960925632 21.5776851442125 21.5371938811408 21.7454197671678 21.9119752777947 22.1860333548652 22.0362612406413 22.235965039995 22.1207969983419 22.0639563136631 21.989902973175 22.1350428793165 22.1037953694661 22.3201378716363 22.3326752450731 22.1698904567295 22.163297229343 22.1628631485833 21.9658433066474 22.0423102378845 22.1555784013536 21.9359757635329 21.7925854788886 21.6723554929097 21.5945354037815 21.5790828069051 21.7690523465474 21.655003229777 21.5817872683207 21.4712048636542 21.5432586140103 21.7007922596402 21.6266332732307 21.7289484341939 21.7184556855096 21.8755073017544 21.7981118626065 21.7383634249369 21.4356755150689 21.5901346206665 21.2088900672065 21.1749080022176 21.3244027031793 20.8655340936449 20.81687868966 20.6809032228258 20.7769411404928 20.8435258865356
-9999 21.5599293178982 21.6409777535333 21.5587272644043 21.6345523198446 21.9109523561266 21.7013193766276 22.1537029478285 22.2459103796217 22.0768194728427 22.0842267672221 22.2947996987237 22.1527670224508 22.0453396373325 22.3669933742947 22.3748840755886 22.5168182055155 22.3584134313795 22.1421606805589 22.0251128938463 22.0798068576389 22.0155081748962 21.7643287976583 21.6124029159546 21.5896471341451 21.6525309350755 21.6016557481554 21.7841169039408 21.5480428801643 21.4896627002292 21.1941000090705 21.4879718886481 21.6225737995572 21.5087543063694 21.5734782748752 21.5784641901652 21.49465725157 21.4995551109314 21.3919054137336 21.397080845303 21.5351380242242 21.1522742377387 20.9782929420471 21.183185312483 20.9615605672201 20.6233471234639 20.6323982344733 20.804682413737 20.8398552470737
-9999 -9999 -9999 21.7601427502102 21.6589565806919 21.7190845277574 21.621100531684 21.7884135246277 -9999 -9999 22.2368436389499 21.9986319541931 21.976476404402 21.9792044957479 22.164234108395 22.218461672465 22.175563176473 22.0612745814853 22.1588825119866 21.971301290724 22.0054435200161 21.9179612795512 21.6929244465298 21.6594682799445 21.6486166848077 21.5875018437703 21.5391620000203 21.535415702396 21.4059840838114 21.2263325585259 21.2092926767137 21.2965866194831 21.2874659432305 21.3705425262451 21.4812307887607 21.357799106174 20.9848367373149 20.9898548126221 20.9887728161282 21.0068437258403 21.1689449946086 21.2433809704251 21.1384612719218 20.8784861564636 20.6221377584669 20.4321726163228 20.5838936169942 20.7355649206373 20.9216488202413
-9999 -9999 -9999 -9999 -9999 -9999 -9999 -9999 -9999 -9999 -9999 -9999 -9999 21.9928592575921 22.0363487137689 21.9348156187269 22.0179433292813 22.0835274590386 22.0766354666816 22.0279377301534 21.8922191196018 21.8376576105754 21.7044207255046 21.5797305636936 21.1989172829522 21.2305760383606 21.3176164627075 21.3431038856506 21.3182513448927 21.1619685490926 21.1457790268792 20.8947776158651 20.8445876439412 20.7915926509433 21.0004659758674 21.1131906509399 20.8863275316026 20.8826672765944 20.879006491767 20.9710178905063 20.9385901557075 20.6773794492086 20.6543131404453 20.8050598568386 20.7974449263679 20.6682316462199 20.7664770550198 20.7942225138346 20.8481296963162
-9999 -9999 -9999 -9999 -9999 -9999 -9999 -9999 -9999 -9999 -9999 -9999 -9999 -9999 21.9868614938524 21.8663030730353 22.0780589845445 22.119952890608 22.0896252526177 22.0418978797065 21.9007859230042 21.7914881176419 21.8069337209066 21.7523203425937 21.4153681331211 21.3684822718302 21.1666198306614 21.443679968516 21.1040804651048 21.0699267917209 21.1141046947903 20.8777412308587 20.7622181574504 20.7594829135471 20.7567472987705 20.6846113734775 20.5581386884054 20.7337940533956 21.1064564916823 21.1032247543335 20.8434227307638 20.6991880734762 20.499846511417 20.4980688624912 20.4550103611416 20.7251178953383 20.7370545069377 20.6617233488295 20.7652700742086
