data/test_2003/bio16_avg_1994-2002.asc
NCOLS 664 
NROWS 380 
XLLCORNER 3.91666666666667 
YLLCORNER 55.3333333333333 
CELLSIZE 0.0416666666666667 
NODATA_value -9999 
[rows 264 to 285 of 380, columns 196 to 244 of 664]
316.324211968316 315.99548678928 314.249927096897 322.365449693468 316.156700981988 305.284359402127 316.431457519531 315.070771959093 315.863728841146 330.211958143446 335.772521972656 332.182898627387 340.939592149523 344.407775878906 335.154934353299 321.819895426432 313.612976074219 311.043277316623 307.268697102865 299.473166571723 293.166239420573 291.424870808919 285.34969414605 288.316936916775 286.143680148655 294.473837958442 291.924562242296 292.696714613173 294.911605834961 302.336203681098 305.303359985352 280.36198425293 272.207256740994 273.837802463108 272.223056369358 286.670166015625 285.09508090549 291.704138861762 283.975056966146 275.051581488715 273.68953789605 273.674984402127 288.304282294379 296.018081665039 309.372368706597 318.998141818576 326.324788411458 322.442996554905 323.041473388672
306.655714246962 305.494661119249 307.303087022569 310.772343953451 316.50968085395 306.902221679688 314.2474738227 318.514341566298 327.32610405816 321.546383327908 331.117838541667 333.260962592231 338.435770670573 343.149000379774 333.477779812283 328.105102539062 326.056603325738 323.729465060764 320.681096394857 311.704850938585 312.798399183485 300.621661716037 284.489427354601 291.330257839627 289.814198811849 301.524732801649 303.545525444878 306.316535101997 295.597997029622 295.30674235026 301.072287665473 290.164479573568 274.487460666233 269.524959988064 278.439237806532 271.950012207031 291.311333550347 283.155312432183 275.837775336372 272.159537421332 270.112577650282 279.328603108724 287.477262708876 294.999008178711 303.439012315538 311.048038058811 316.380143907335 323.037767198351 321.359130859375
304.543636745877 302.755469428168 320.899417453342 309.764251708984 311.020963880751 323.131464640299 306.483930799696 315.949535793728 324.622168646918 324.189775254991 328.788892957899 330.16413031684 333.383978949653 336.067053900825 333.523105197483 332.422821044922 324.780270046658 328.666025797526 317.234642876519 315.792689005534 324.204089694553 317.25188530816 302.809427897135 283.526041666667 281.780059814453 286.605684068468 291.73482937283 296.822745429145 291.02338663737 299.184860229492 308.404227362739 313.349473741319 290.736095852322 271.594099256727 270.39990234375 270.417324490017 277.273105197483 270.34738667806 270.591456095378 273.149568345812 278.815185546875 277.562147352431 280.266116672092 291.452084011502 307.889611138238 317.05419921875 321.57425265842 323.622731526693 313.971428765191
300.485727945964 306.853880140516 313.904020521376 311.382305569119 310.211176554362 313.923972235786 305.25420973036 307.015114678277 319.965248955621 325.663197835286 320.15976969401 326.386376274957 326.813451131185 327.35211859809 322.430123223199 328.62082417806 323.495551215278 322.001529269748 316.785239325629 307.632924397786 317.134626600477 318.215460883247 313.199162801107 294.416034274631 277.582592434353 282.624916924371 290.991622924805 286.141920301649 293.099872165256 290.060772365994 293.295525444878 302.300623575846 285.513970269097 277.524120754666 272.548400878906 267.116739908854 264.916341145833 268.441648695204 271.285025702582 293.739078097873 290.897574530707 292.84226820204 290.540932549371 294.864446004232 302.282250298394 320.881161159939 326.512196858724 315.800774468316 313.954803466797
301.188646104601 298.789989895291 299.378002590603 297.805884467231 310.396572536892 308.841759575738 303.424635145399 304.271016438802 319.18537902832 319.820843166775 314.782218085395 328.731113009983 334.447608100043 333.555297851562 328.308488633898 316.900148179796 315.872324625651 316.733157687717 311.713468763563 302.705281575521 317.064770168728 319.316935221354 306.346076117622 299.186408148872 286.737299601237 282.123126559787 285.450703938802 280.820215861003 293.41013929579 295.779842800564 298.158513387044 293.351733737522 275.462916056315 270.255132039388 269.764175415039 270.275048149957 275.060518052843 268.207524617513 286.132478502062 292.239101833767 295.800620185004 292.365529378255 310.538945515951 309.862445407444 310.973587036133 308.453533596463 309.012012057834 312.756193372938 324.693688286675
312.738015068902 304.029968261719 299.435404459635 295.365098741319 298.427822536892 300.665791829427 301.277331882053 308.914126925998 311.687598334418 312.26596238878 308.455744425456 327.514117770725 324.627404106988 317.801776462131 321.313381618924 318.208677503798 323.626766628689 319.074839274089 321.813027275933 303.849738226997 307.303405761719 315.150438096788 309.613749186198 302.518678453234 289.795871310764 277.338658650716 285.101236979167 278.490327623155 290.323401557075 296.228661431207 303.207995944553 303.297102186415 297.713533189562 285.949447631836 279.688615587023 267.962319268121 273.337231106228 275.591305202908 282.566711425781 298.598637898763 293.116904364692 295.319669935438 312.620010375977 311.9392513699 304.189558241102 301.210008409288 307.383253309462 312.234764946832 323.574222140842
307.671542697483 307.815722995334 305.27251180013 309.726430257161 294.8169793023 295.776243421766 297.838877360026 304.745190090603 307.496095445421 302.892656114366 304.395618014865 313.845206366645 315.36134507921 315.129184299045 318.585501776801 321.906353420681 327.728483412001 324.901307847765 323.555655585395 309.453128390842 298.663881089952 299.896341959635 295.330591837565 304.994093153212 296.280905829536 278.876741197374 276.714953952365 277.475167168511 287.390925089518 295.977237277561 298.54034254286 301.109052870009 294.015101114909 277.351325141059 270.063752916124 268.979015774197 291.905342949761 295.512130737305 277.785490247938 280.027550591363 288.466791788737 300.554529825846 309.810570610894 308.58704800076 318.241088867188 311.790110270182 302.038660685221 319.179229736328 314.713538275825
317.987876044379 307.624099731445 303.673395792643 307.12254163954 294.901396009657 293.377399020725 295.342656453451 300.694242689345 297.668650309245 307.554197523329 301.661799112956 307.53470187717 313.643836127387 315.043201022678 321.069915771484 317.002309163411 322.954308403863 327.148896959093 324.253170437283 317.187352498372 303.256183200412 291.035185072157 294.234868367513 293.062318589952 284.521667480469 279.668697781033 277.238939073351 288.700586954753 300.313881768121 302.696111043294 289.271413167318 295.826427883572 293.931608412001 278.492482503255 270.306713528103 268.826404147678 283.250081380208 284.937084621853 286.88628133138 272.723075018989 293.07999335395 305.026365492079 301.363793267144 305.295822143555 308.138493855794 303.418316311306 299.050633748372 300.766174316406 306.121112399631
316.206298828125 305.894220987956 298.732905069987 303.161124335395 291.061450534397 293.822309705946 290.339185926649 302.527047051324 296.502190483941 307.989167955187 305.503718058268 299.105516221788 304.491321139865 309.656394110786 317.550638834635 317.648890177409 312.207560221354 321.346691555447 321.812739054362 320.983922322591 320.530682033963 311.561699761285 298.44869656033 290.621802435981 287.335405137804 277.683902316623 282.660337660048 283.691511366102 289.591690063477 297.380442301432 289.182461208767 287.915890163845 279.272855970595 270.579681396484 268.320717705621 282.146119859484 291.427400377062 287.839662339952 282.321958753798 292.792658487956 285.177439371745 289.282672458225 299.387347751194 295.860934787326 299.026663886176 307.795762803819 303.945939805773 309.554546780056 296.540698581272
320.171356201172 308.69925265842 296.702750311957 300.437306722005 293.653437296549 294.98918999566 291.799780951606 297.497699313694 295.718929714627 296.938668145074 301.785783555773 297.06260172526 297.009696112739 316.361826578776 326.766872829861 328.277872721354 314.28872511122 306.63601175944 317.018003675673 319.253582424588 315.635442097982 309.227767944336 310.781795925564 298.331588745117 283.68182542589 274.152438693576 277.199964735243 277.556394788954 280.838390774197 281.061665852865 286.678476969401 284.943664550781 274.224784003364 271.220199584961 276.820792304145 292.251076592339 297.109166463216 290.133516099718 277.266903347439 302.680809868707 303.804034762912 284.334431966146 296.620412190755 291.366400824653 303.369630601671 310.232209947374 311.586778428819 297.024358113607 293.339711507161
315.076488918728 305.618077596029 302.804387410482 310.069037543403 303.642128838433 294.184424506293 297.807086520725 301.620081583659 290.928934733073 289.454857720269 292.181325276693 300.913964165582 308.205468071832 300.350718180339 312.78071085612 320.436286078559 318.801144070095 299.646625094944 305.419191148546 304.231992933485 305.84558444553 299.645523071289 305.188071356879 291.45896742079 281.707962036133 275.635292900933 272.351065741645 275.552198621962 279.166827731662 274.769285413954 270.264453464084 271.651692708333 270.063256157769 267.684251573351 275.866616143121 274.886233859592 281.52160305447 282.950968424479 279.33920457628 295.235963609484 298.786982218424 297.476301405165 290.273491753472 285.45002746582 292.584671020508 298.33288913303 307.175843980577 304.650685628255 298.682491726345
310.874130249023 310.270111083984 322.039925469293 317.588768853082 308.156094021267 309.742117987739 304.283955891927 304.484397040473 291.67153761122 290.124918619792 290.772350735135 289.27478366428 293.266189575195 292.211881849501 301.259694417318 310.911661783854 297.412406073676 301.76449754503 297.381766425239 285.639617919922 286.462632921007 287.184455023872 288.165201822917 295.046286688911 292.117240058051 275.375708685981 276.237586127387 272.628556993273 272.675960964627 277.480365329319 271.772942437066 266.188113742405 268.190938313802 267.820088704427 276.654317220052 279.289808485243 272.429373847114 273.21028137207 276.699064466688 290.527718438043 290.815372043186 295.767540825738 300.293016221788 287.989069620768 288.281600952148 292.319161309136 293.034720526801 309.972734239366 308.279798719618
316.983308580187 312.647374471029 324.076883951823 322.841735839844 319.608571370443 322.959772745768 319.593588935004 314.077689276801 302.186197916667 288.322391086155 288.369179619683 286.317825317383 287.31834242079 292.526970757378 293.658352322049 295.409154256185 291.074917263455 290.740707397461 292.545952690972 280.575741238064 273.911593967014 279.996910942925 277.263392130534 276.77973429362 285.797780354818 273.654820760091 274.893912421332 280.908999972873 273.765012953016 269.18773566352 268.219124688043 264.436408148872 267.241533067491 271.656214396159 272.225338406033 273.215411716037 272.070090399848 274.201378716363 273.029673258464 277.125291612413 286.260911729601 287.171040852865 290.673327975803 292.001261393229 289.24392191569 293.346194797092 292.641966078016 303.522330390082 301.035237630208
321.955864800347 311.713950263129 321.412414550781 324.012262980143 321.293799506293 318.321175469293 317.581527709961 312.968358357747 299.349682278103 304.265987820095 293.503823174371 285.413938734266 285.966008504232 297.858266194661 301.03414577908 292.970872667101 288.576782226562 282.258316040039 282.024186876085 279.13607957628 272.77968343099 275.729634602865 273.175577799479 274.61459520128 276.962753295898 272.574490017361 269.560121324327 269.91269938151 274.026672363281 265.575898912218 272.128472222222 266.465764363607 266.099463568793 268.378343370226 267.576482137044 269.431226942274 270.459245469835 273.311057196723 273.671539306641 271.068120320638 273.77428012424 282.256700303819 283.467581854926 287.161704169379 292.071716308594 293.157825046115 291.510550604926 290.367830064562 288.391311645508
319.457341512044 318.059321085612 321.187672932943 330.64363945855 326.676367865668 311.717219034831 318.648328993056 319.370769924588 308.143931070964 308.024330986871 295.141101413303 288.787707858615 284.499338785807 284.106743706597 283.041293674045 287.84280734592 295.064668443468 293.836758083767 281.290834214952 275.594955444336 273.073889838325 279.795484754774 269.121280246311 272.283599853516 272.045299953885 273.336395263672 269.764628092448 270.096238878038 264.934743245443 260.890992906359 265.128719753689 270.085747612847 265.431537204319 265.456120808919 265.098234388563 267.655115763346 268.985144721137 269.737409803602 268.666373358832 269.234688652886 271.842597113715 274.462714301215 277.498128255208 280.632793850369 279.697957356771 284.600482516819 292.363284640842 293.233252631293 289.43103366428
318.996522691515 318.617268880208 328.056630452474 332.570665147569 333.799996270074 319.466944376628 312.595638699002 308.05945163303 309.26375664605 305.207009209527 308.463127983941 300.823076036241 291.573386298286 289.534883287218 283.576709323459 287.077967325846 289.784569634332 293.026928371853 288.271748860677 278.430777655707 272.851767645942 279.086322360569 274.910769992405 270.766872829861 272.813305324978 272.325988769531 270.163970947266 266.152569240994 261.068673027886 259.024993896484 260.470620049371 257.929260253906 260.852596706814 262.509299384223 264.455854627821 266.850202772352 265.451682196723 264.600331624349 266.42376030816 267.074807061089 270.325709025065 269.985987345378 272.744240654839 275.348736233181 277.195304022895 285.549706353082 289.514305962457 290.234809027778 289.742599487305
317.890686035156 317.238008287218 331.139678955078 331.719848632812 332.027928670247 329.086664835612 327.491485595703 322.346321953668 310.72536722819 304.732565985786 304.842522515191 301.418551974826 303.146633572049 298.127704196506 292.375225490994 290.807049221463 291.187286376953 301.425820244683 295.831154717339 284.342312282986 275.609063042535 271.855356852214 273.96566942003 271.248018052843 272.416322496202 274.073693169488 272.653745863173 265.47666422526 261.983942667643 256.970798068576 255.977759467231 252.741449991862 255.772187974718 261.426844278971 264.88402472602 263.23189968533 262.409561157227 266.529149373372 265.372633192274 264.958874172635 267.855517917209 266.458987765842 271.261169433594 273.287812974718 273.874547322591 282.667656792535 284.096535576714 286.787975735135 288.43485683865
322.20896742079 316.527918497721 330.025258382161 325.062839084201 329.906190660265 325.781645033095 329.311555650499 327.914611816406 319.05132039388 316.415673149957 316.714113023546 314.820671929253 314.249772813585 303.178766886393 306.839621649848 305.291917588976 293.918991088867 296.13639831543 290.223442925347 279.756264580621 281.611219618056 276.598653157552 276.959677802192 272.126932779948 275.249055650499 275.968585544162 272.320146348741 264.729605780707 262.479136149089 256.328621758355 253.706565009223 251.838229709201 252.784242418077 256.379931979709 260.025399102105 259.180452134874 259.192286173503 263.763753255208 262.858537462023 261.733956231011 265.926310221354 266.119688245985 266.685302734375 269.575525919596 268.848771837023 269.717575073242 275.490261501736 286.233683268229 288.129199557834
321.573759290907 320.112597995334 322.775114271376 321.792387220595 321.569023980035 326.777589586046 330.066285875109 324.921881781684 321.432969835069 321.283554077148 318.284591674805 324.033437093099 320.103544447157 312.468115912543 311.974294026693 306.792495727539 300.689904106988 286.067949083116 286.094014485677 288.906709459093 277.451850043403 275.11323038737 277.426605224609 275.179504394531 275.739807128906 275.075480143229 270.363998413086 266.539733886719 262.867199367947 259.351821899414 255.648028903537 253.965742323134 252.475099351671 252.390828450521 253.689303927951 256.075758192274 256.84942457411 256.54136996799 255.700654771593 258.112891303168 258.535029093424 259.859269883898 261.751637776693 263.398769802517 265.169053819444 264.223385281033 265.353086683485 273.756910536024 281.079264322917
315.678933037652 315.602773030599 320.563229031033 312.538611518012 314.019687228733 317.040427313911 322.954437255859 320.020646837023 317.627577039931 318.611523098416 321.298689100477 319.909235636393 320.220860799154 313.64225769043 306.497809516059 301.287812974718 297.649429321289 289.884857177734 288.661359998915 291.232608371311 278.608576456706 273.241519504123 274.676481458876 272.123845418294 274.711902194553 270.717310587565 267.002629597982 264.410383436415 260.046988593207 254.816302829319 250.080764770508 247.93613688151 247.444208780924 247.678456624349 248.40966796875 249.337492201063 249.663399590386 251.821740044488 251.322009616428 252.518822564019 255.641574435764 255.893446180556 257.404518975152 259.196378919813 260.131551106771 259.643281724718 261.808280097114 264.011260986328 274.713056776259
323.345274183485 316.690839979384 328.011620415582 319.952007717556 317.909122043186 311.89338684082 314.125015258789 324.23363410102 318.116390652127 312.546861436632 318.760916815864 313.131605360243 304.683300442166 302.171139187283 296.799689398872 298.932356092665 288.574688381619 292.774051242405 291.578270806207 287.413745456272 284.131086561415 281.706237792969 277.916022406684 273.887349446615 272.58123948839 268.261442396376 264.947564019097 262.62415737576 256.561420016819 251.131356133355 247.486914740668 245.086925930447 244.185207790799 244.50562371148 247.939370049371 248.56568230523 246.942642211914 247.89370557997 248.50106133355 249.939754909939 251.34814453125 251.864817301432 252.155444675022 254.02399359809 254.840543958876 255.465255737305 257.727489895291 259.551027086046 264.142434014214
319.719107733832 313.31162516276 322.773406982422 317.792451646593 314.606111314562 314.805586073134 312.150580512153 311.407238430447 321.637103610569 313.307454427083 319.150416056315 310.044660780165 303.877829657661 298.145668877496 296.728922526042 297.555875990126 288.155936347114 287.641557481554 292.154625786675 290.032775878906 285.154420640734 281.253594292535 276.071195814345 275.250405205621 269.827395968967 265.019431220161 259.821197509766 256.585732354058 252.881486680773 248.628921508789 245.960639105903 243.444883558485 241.664694892036 241.929506089952 243.990707397461 244.668436686198 243.768783569336 244.477452596029 244.848656548394 246.912443372938 248.901774088542 247.564241197374 248.559627956814 250.239186604818 250.951583862305 251.301978217231 253.110397338867 257.274088541667 263.778466118707
