data/test_2003/bio12_avg_1994-2002.asc
NCOLS 664 
NROWS 380 
XLLCORNER 3.91666666666667 
YLLCORNER 55.3333333333333 
CELLSIZE 0.0416666666666667 
NODATA_value -9999 
[rows 220 to 241 of 380, columns 441 to 489 of 664]
678.457356770833 676.794637044271 668.969882541233 666.562703450521 661.558865017361 659.268025716146 659.456787109375 659.197068956163 658.719516330295 657.283515082465 658.179694281684 657.763610839844 665.689731174045 664.528015136719 666.488911946615 664.238389756944 657.978203667535 651.631239149306 660.893981933594 661.317532009549 658.290534125434 660.820807562934 661.652174207899 662.861145019531 662.854214138455 666.92041015625 662.827555338542 662.503044976128 661.598910861545 658.991828070747 656.076544867622 644.899556477865 653.157775878906 649.838663736979 642.264770507812 637.070475260417 646.376973470052 645.142808702257 642.180650499132 639.742201063368 626.573465983073 625.166320800781 621.1103515625 612.71423678928 619.301174587674 617.23444281684 622.851386176215 626.007439507378 616.336269802517
674.284925672743 668.943406846788 663.950168185764 664.645785861545 661.402587890625 656.954895019531 657.075446234809 659.599907769097 661.194742838542 661.938300238715 662.787312825521 658.258185492622 668.074388292101 666.132344563802 666.847181532118 666.706983778212 658.835055881076 658.654201931424 659.33534749349 662.066263834635 658.204698350694 658.92337375217 660.885654025608 662.554979112413 666.430684407552 673.593404134115 669.727003309462 667.513529459635 664.935187445747 660.804972330729 655.769836425781 644.594055175781 645.579813639323 647.742526584201 643.83011203342 641.277350531684 644.71006266276 631.176635742188 625.987060546875 624.090969509549 618.502577039931 612.614166259766 620.583930121528 626.645446777344 634.058912489149 631.060546875 634.627353244358 634.476148817274 630.413113064236
672.12559000651 664.017883300781 662.863749186198 664.139845106337 663.440314398872 655.63629828559 659.883639865451 661.346767849392 663.029771592882 663.50889078776 664.451612684462 668.110778808594 666.867601182726 660.56253390842 666.467563205295 665.355299207899 658.132412380642 658.940829806858 657.701131184896 664.874810112847 668.887837727865 667.422024197049 665.580864800347 667.575276692708 667.21965874566 667.260565863715 666.364176432292 664.638448079427 666.597493489583 663.544840494792 658.219679090712 656.657457139757 648.388373480903 636.262864854601 629.422173394097 634.397386338976 635.096150716146 629.788838704427 619.01653374566 614.902940538194 614.849412706163 620.426879882812 621.712687174479 627.115614149306 635.982184516059 644.993442111545 651.977064344618 649.592651367188 643.014472113715
660.021965874566 660.955946180556 659.491007486979 661.01555718316 658.179124620226 655.628024631076 657.215420193142 657.848571777344 665.385762532552 666.656514485677 671.425313313802 673.223008897569 672.702616373698 666.470920138889 662.007927788628 657.428344726562 656.626037597656 650.948710123698 659.619784884983 665.528442382812 663.432590060764 663.253994411892 665.444207085503 667.18551296658 664.073838975694 662.347256130642 664.503960503472 665.077562120226 668.966267903646 663.514851888021 656.082729763455 651.865946451823 649.740288628472 641.08457438151 632.644300672743 623.949015299479 617.847646077474 624.115573459201 624.681972927517 617.494130452474 624.462463378906 632.555677625868 636.136908637153 644.785454644097 647.85833062066 653.492662217882 659.270487467448 661.263780381944 656.249762641059
657.139675564236 651.26705593533 651.336676703559 650.819390190972 651.033379448785 653.725389268663 654.732231987847 656.748236762153 663.48642985026 669.664171006944 671.399570041233 676.356635199653 674.974907769097 671.350056966146 666.396952311198 660.309000651042 655.538486056858 650.602403428819 654.058756510417 655.944220648872 655.792134602865 655.018839518229 661.084676106771 658.97802734375 655.044921875 660.270534939236 663.064717610677 665.020134819878 666.845194498698 662.83164469401 659.925584581163 653.763387044271 641.710503472222 631.565843370226 630.424173990885 622.757466634115 622.537733289931 622.748270670573 623.539632161458 627.300428602431 630.050042046441 634.872389051649 643.861131456163 647.584120008681 655.773396809896 658.658928765191 666.897501627604 664.604973687066 660.292568630642
658.129055447049 647.609883626302 643.248277452257 641.76712375217 641.576890733507 646.624911838108 650.267340766059 659.310146755642 667.943705240885 677.275241427951 685.414259168837 680.542324490017 674.588541666667 666.914503309462 666.996643066406 661.146213107639 661.088724772135 653.058790418837 649.653944227431 646.594360351562 645.707309299045 648.052795410156 654.006747775608 655.087849934896 658.801927354601 660.726026746962 664.094835069444 662.70612250434 664.628546820747 660.482557508681 657.623948838976 650.398484971788 641.562527126736 637.338487413194 625.529588487413 619.109388563368 622.430650499132 625.625515407986 630.207105848524 631.866773817274 630.760728624132 638.109714084201 646.814934624566 652.691277398003 656.318094889323 660.576477050781 660.737365722656 659.603875054253 651.069573296441
646.006096733941 643.193413628472 634.731858995226 631.019456651476 632.777336968316 631.433586968316 636.620476616753 644.085306803385 659.027947319878 678.058702256944 681.968641493056 679.063151041667 671.864420572917 669.687981499566 666.42138671875 663.756042480469 657.23720296224 656.283474392361 657.245890299479 654.084750705295 647.854017469618 644.279595269097 648.224989149306 652.27779812283 655.073594835069 659.729410807292 663.119228786892 657.900092230903 657.73284233941 660.288865831163 652.653143988715 647.500189887153 643.253987630208 633.033535427517 622.334459092882 618.43017578125 618.386138916016 621.179185655382 626.283684624566 627.262681749132 628.947129991319 634.877068413628 640.71425374349 645.546298556858 648.363613552517 654.806023491753 653.609605577257 645.30862765842 637.46103922526
634.902025010851 632.231452094184 629.283745659722 627.049065483941 625.008616129557 621.806474473741 626.761335584852 640.615980360243 651.517449273003 660.3154296875 668.175123426649 665.440585666233 668.250183105469 664.087178548177 663.508416069878 663.679002549913 664.751159667969 660.798800998264 659.032097710503 652.543497721354 649.703857421875 646.919949001736 647.163486056858 652.155985514323 655.787814670139 655.684007432726 655.723985460069 655.974487304688 664.064398871528 659.485860188802 652.863233778212 644.303595648872 631.10068766276 624.180918375651 618.780721028646 617.924852159288 612.600250244141 620.270114474826 618.619954427083 625.075480143229 630.814561631944 635.79795328776 637.595140245226 640.477776421441 645.36373562283 646.403652615017 649.327914767795 642.928229437934 640.619405110677
628.418701171875 623.013549804688 622.629906548394 616.633812798394 611.126241048177 615.242926703559 613.122731526693 628.10147772895 645.953063964844 654.197136773003 654.132873535156 654.076795789931 657.917466905382 655.18809000651 655.198852539062 657.367343478733 657.77598063151 655.764634874132 654.881842719184 653.00875515408 647.909471299913 643.11572265625 644.569552951389 652.698737250434 657.874145507812 657.04921468099 650.587124294705 658.784661187066 659.476704915365 661.210462782118 648.145840115017 639.012376573351 629.311238606771 619.061631944444 615.153021918403 610.710405137804 612.818284776476 612.553972032335 613.375325520833 615.754174126519 620.488925509983 625.509694417318 633.436611599392 636.426255967882 641.32320827908 642.602043999566 641.513963487413 640.603407118056 634.744703504774
620.367390950521 614.464816623264 609.079559326172 603.715945773655 598.60993109809 595.401414659288 600.554762098524 614.74648030599 633.454874674479 641.959913465712 642.509182400174 642.513861762153 644.414476182726 648.904317220052 655.952412923177 647.101094563802 647.261013454861 645.546915690104 650.84469265408 650.869405110677 643.082831488715 641.186781141493 635.759623209635 648.058620876736 645.022047254774 643.941128200955 664.620937771267 665.630262586806 671.605787489149 657.073655870226 644.983595106337 636.012525770399 624.627519395616 611.747022840712 608.132090250651 604.615176730686 600.711934407552 603.420321994358 607.561611599392 615.544379340278 620.252454969618 625.268493652344 636.139892578125 642.338562011719 635.275336371528 633.584140353733 626.175838894314 628.07135687934 621.34125773112
613.885386149089 610.938754611545 605.181277804905 597.590827094184 593.334713406033 592.363878038194 597.137705485026 609.911726209852 616.737419976128 629.90225897895 629.292521158854 632.266893174913 641.450954861111 646.376654730903 645.591708713108 642.029663085938 641.929877387153 639.412272135417 647.504509819878 640.881076388889 640.761698404948 642.031378851997 632.017300075955 631.112277560764 632.864630805122 647.788391113281 661.866041395399 655.407029893663 664.639587402344 661.12799750434 648.802578396267 638.743462456597 625.375756157769 606.621866861979 600.534725613064 596.613471137153 597.034186469184 601.877990722656 605.770151774089 606.131378173828 611.835951063368 620.000542534722 625.694814046224 628.883619520399 623.296827528212 617.615702311198 617.232693142361 617.440928141276 618.401723225911
612.498257107205 612.63429429796 605.954935709635 603.677225748698 598.534345838759 601.621941460503 599.427873399523 607.796529134115 616.762495252821 621.094445122613 621.535491943359 625.338300916884 632.707241482205 635.609402126736 633.054660373264 632.02793375651 630.892232259115 635.305677625868 640.136338975694 631.174187554253 634.340928819444 641.527642144097 635.454684787326 630.801072862413 626.971516927083 638.455518934462 644.569851345486 653.201382107205 658.838697645399 651.975375705295 639.69374593099 632.7373046875 621.650282118056 609.691450330946 602.742380777995 596.788794623481 596.070563422309 596.838789198134 596.639845106337 606.326731363932 611.295986599392 612.386671278212 609.953525119358 610.540225558811 615.660461425781 614.358666314019 610.919016520182 609.666229248047 609.519609239366
609.853142632378 603.862013075087 603.150200737847 599.308444552951 598.936055501302 598.014305962457 599.152794731988 604.975240071615 607.597544352214 611.758382161458 623.095540364583 628.509555392795 632.54830593533 631.610202365451 630.450880262587 634.926832411024 633.771124945747 633.921936035156 627.849850124783 625.396423339844 630.649034288194 629.048387315538 626.658928765191 627.239078097873 624.555233425564 625.593743218316 636.033962673611 637.004414876302 634.568203396267 624.659559461806 616.157077365451 609.996171739366 605.425048828125 600.530656602648 595.694413926866 591.666493733724 589.564754909939 589.613054063585 594.163723415799 604.062822129991 607.98523288303 606.810421413845 602.016977945964 603.440534803602 603.967071533203 599.24082438151 602.363538953993 605.658782958984 604.649190266927
601.181233723958 595.671817355686 593.993469238281 594.079284667969 595.22652859158 596.326890733507 597.496470133464 601.780049641927 606.965410020616 612.922125922309 622.350287543403 622.06241522895 624.877353244358 631.280422634549 628.648071289062 630.404303656684 626.556755913628 621.573615180122 618.670956081814 618.924814860026 614.213514539931 611.49843343099 619.49708726671 626.505818684896 627.527567545573 626.519771999783 619.295467800564 620.632564968533 612.390913221571 608.338785807292 610.561709933811 604.669362386068 599.44327460395 605.050021701389 591.456217447917 591.451985677083 588.970109727648 589.981699625651 592.960303412543 592.831936306424 590.141784667969 593.477576361762 596.147840711806 597.423882378472 597.528116861979 602.16746351454 606.412997775608 608.918677435981 605.41510687934
591.437211778429 592.871375189887 591.021742078993 588.97321234809 589.830034044054 591.876664903429 600.297709147135 606.198842366536 607.703433566623 612.884331597222 617.10398695204 618.324964735243 615.445909288194 622.127221001519 617.255093044705 618.29919772678 609.593170166016 610.025587293837 609.049238416884 605.671362982856 613.589653862847 624.007520887587 617.233910454644 614.413306342231 618.929599338108 614.37201944987 610.91746351454 607.376963297526 606.972106933594 604.229943169488 605.310482449002 598.108673095703 597.125213623047 599.694966634115 593.658192952474 583.980784098307 586.156019422743 591.017235649957 593.956241183811 592.53527492947 588.049594455295 586.929033067491 589.254157172309 589.968804253472 589.961710611979 597.191311306424 596.0634765625 594.088877360026 592.930619981554
591.648271348741 593.236497667101 593.215847439236 588.780432807075 586.82721625434 593.722381591797 600.643205430773 611.89611477322 608.99848429362 611.145840115017 611.636501736111 614.623324924045 610.000644259983 612.357164171007 612.098961724175 606.323554144965 604.369082980686 605.587371826172 603.793694390191 602.770029703776 608.297132703993 613.095170762804 615.981489393446 616.991746690538 614.369591606988 615.040449354384 611.575863308377 610.325232611762 597.946000840929 593.746724446615 591.649146185981 587.563785129123 589.684400770399 589.048577202691 585.091725667318 576.020599365234 583.803649902344 585.594085693359 588.413238525391 592.620652940538 594.509629991319 591.553192138672 582.984402126736 586.482462565104 585.119835747613 591.680694580078 593.88033718533 587.863640679253 586.943261040582
588.719241672092 589.024390326606 587.121836344401 590.22026570638 591.355539957682 592.460856119792 601.631483289931 605.854675292969 608.024261474609 604.261569552951 605.663302951389 604.889709472656 606.995846218533 606.283911810981 604.481330023872 609.24604288737 605.33647664388 606.034050835503 605.28313530816 604.343054877387 608.16162109375 607.558146158854 608.87053765191 611.69388156467 607.652330186632 611.874993218316 611.30859375 607.498613145616 597.878750271267 587.656029595269 589.254031711155 586.948923746745 581.871955023872 576.955820719401 573.613067626953 573.576907687717 576.129577636719 576.484802246094 579.89346991645 581.357676188151 581.076375325521 585.635996500651 583.812934027778 585.302958170573 584.303453233507 585.419087727865 584.129133436415 589.257619222005 589.954043918186
588.273373074002 583.553310818142 585.562296549479 588.401638454861 588.886861165365 590.296495225694 593.895952012804 600.654897054036 601.784132215712 600.177564832899 605.281209309896 606.138875325521 611.703531901042 611.818806966146 607.66104804145 604.820000542535 602.957265218099 603.100040011936 606.94091796875 604.28845553928 602.543545193142 600.509891086155 602.671424018012 601.757944742839 605.258666992188 601.778462727865 607.226440429688 605.850531684028 601.076687282986 595.270117865668 596.605217827691 584.41104804145 582.706854926215 581.603068033854 574.709604899089 571.206888834635 571.804307725694 573.708733452691 573.147505018446 570.436845567491 569.427015516493 576.996103922526 580.853827582465 582.082109239366 584.525478786892 585.15227593316 588.776390923394 583.861185709635 584.864484998915
585.983964708116 581.098748101128 586.060882568359 592.756703694661 591.868184407552 592.064737955729 592.366156684028 594.592230902778 596.7232293023 599.257415771484 602.43206108941 602.48132663303 605.3578253852 605.32612101237 602.65476820204 603.904144287109 600.461632622613 594.633253309462 594.848069932726 593.300438774957 595.05264960395 595.531955295139 593.437795003255 596.182332356771 599.868733723958 601.774322509766 599.729193793403 600.318545871311 599.062625461155 597.95795694987 593.672024197049 592.83312649197 590.725575764974 584.441046820747 579.656341552734 572.583279079861 564.304331461589 566.810384114583 566.099917941623 559.138237847222 562.463826497396 571.605506049262 577.171139187283 580.066165500217 584.252180311415 584.043657090929 579.891798231337 574.877773708767 580.967834472656
586.989217122396 587.418117947049 588.447353786892 590.705820719401 589.917755126953 590.986321343316 592.357347276476 593.390048556858 599.652886284722 599.276499430339 599.860931396484 602.921457926432 600.291212293837 602.244554307726 600.679718017578 597.314595540365 594.343407524957 591.514929877387 589.469767252604 590.809285481771 592.0728386773 588.91987101237 586.704223632812 589.733866373698 593.787339952257 597.439246283637 597.513092041016 594.387966579861 590.718509250217 589.561794704861 592.489132351345 592.477915445964 590.667300754123 585.679497612847 580.708326551649 580.352518717448 579.824415418837 569.047702365451 561.326663547092 555.825836181641 563.267381456163 569.251390245226 575.013743082682 580.347452799479 581.586968315972 577.327789306641 575.641574435764 571.694898817274 570.898183186849
585.888912624783 586.796203613281 588.713612874349 589.881425645616 595.011054144965 596.428141276042 597.599751790365 597.768561469184 597.93738132053 598.41689046224 598.885820176866 599.898278130425 597.284956190321 596.810367160373 593.980655246311 594.151597764757 587.805772569444 590.358242458767 587.264146592882 584.699188232422 583.632076687283 580.310774061415 582.590386284722 586.779551188151 592.54534233941 593.324852837457 594.743065728082 595.731584337023 594.553212483724 591.394426133898 589.405351426866 590.422136094835 587.622497558594 589.432006835938 592.757598876953 590.641523573134 589.130255805122 580.915785047743 584.003136528863 582.47854953342 580.655788845486 578.936818440755 581.946590847439 583.228654649523 577.675710042318 573.568230523003 570.400831434462 569.617977566189 565.329159206814
586.176116943359 579.418100992839 590.738104926215 597.842573377821 602.144415961372 604.266296386719 604.42328898112 603.224609375 596.551778157552 597.853424072266 602.1142578125 603.350084092882 601.314663357205 596.534976535373 593.730946858724 590.866417778863 586.960923936632 581.880411783854 579.278394911024 576.129774305556 577.113691541884 575.285454644097 577.539177788628 582.298889160156 586.309611002604 588.267917209201 592.785051133898 592.016862657335 592.753336588542 592.648552788628 594.958407931858 596.05120171441 598.10929022895 601.46886867947 601.908389621311 608.830478244358 607.883433024089 603.997897677951 598.493489583333 599.311696370443 599.718529595269 594.579915364583 596.150010850694 594.396477593316 586.300062391493 579.070268419054 575.458211263021 572.259582519531 569.861365424262
