data/test_2003/bio17_avg_1994-2002.asc
NCOLS 664 
NROWS 380 
XLLCORNER 3.91666666666667 
YLLCORNER 55.3333333333333 
CELLSIZE 0.0416666666666667 
NODATA_value -9999 
[rows 88 to 109 of 380, columns 343 to 391 of 664]
90.5277010599772 92.9700427585178 88.1257985432943 85.4114795260959 87.2686483595106 96.1868074205187 102.325728522407 99.5072051154243 90.2658738030328 83.6421254475911 80.5415806240506 79.6795510186089 79.5949876573351 79.4917903476291 78.4917894999186 78.9748153686523 78.8073658413357 81.37127049764 77.671866522895 76.6603817409939 76.7664379543728 77.1679763793945 78.0259484185113 77.3821203443739 78.8495814005534 77.6885570949978 77.7436430189345 78.5115216573079 77.8769560919868 77.6095398796929 76.9418809678819 79.1562792460124 81.526863945855 84.2045114305284 79.8302285936144 79.464422861735 80.4246639675564 78.0529047648112 76.4810829162598 75.2083269755046 73.7258512708876 72.1725116305881 70.9140714009603 68.4150572882758 67.3257221645779 64.9320081075033 64.8663228352865 65.1254090203179 64.5574919382731
94.9198443094889 96.8986858791775 92.0935707092285 89.3256488376194 86.1260782877604 87.6815986633301 88.0381558736165 85.171566857232 85.8352483113607 87.0293392605252 86.3931418524848 84.1885659959581 82.3774566650391 79.5548252529568 77.4295946756999 76.5784026251899 76.1125106811523 76.0182978312175 75.2229181925456 76.1203032599555 73.7723524305556 74.245918697781 74.4192263285319 74.1624412536621 74.0932197570801 74.1715393066406 74.9159935845269 77.0882318284776 78.1588232252333 75.9226201375325 74.9766464233398 75.2542512681749 75.312318166097 75.9860572814941 75.9503868950738 76.4310273064507 76.3831566704644 78.565672132704 81.2691150241428 79.9063373141819 78.8646727667914 78.614815182156 74.8009050157335 71.5092837015788 70.2328135172526 69.3770472208659 69.2441800435384 67.16675652398 68.4195098876953
107.349666171604 103.266145918104 98.045105404324 96.256645626492 97.0489340888129 91.4155824449327 84.1418270534939 81.2794409857856 82.1888902452257 80.3970044453939 77.7242906358507 77.1484811570909 76.5428352355957 76.7799436781142 77.9036835564507 81.6397569444444 83.1218041314019 80.3509097629123 80.1737492879232 80.8342115614149 79.6938366360135 74.8671497768826 74.3294423421224 77.0717900594075 75.5455267164442 73.0978597005208 75.5688463846842 78.7545488145616 78.6272396511502 76.2773577372233 76.041510687934 77.5063468085395 78.4720573425293 78.5380554199219 76.5981996324327 76.140017191569 75.7815594143338 75.5973108079698 75.7559153238932 75.409801059299 73.7782177395291 74.4519280327691 73.6058680216471 73.5616319444444 73.0933587816026 71.0275823805067 72.5480346679688 71.3932829962836 71.4448076883952
118.778137207031 125.158601548937 117.553792741564 112.650235493978 106.891395144992 99.4100816514757 91.7681638929579 93.1012479994032 93.3606652153863 92.3546227349175 92.315980275472 89.5745629204644 85.8915769788954 81.8636720445421 77.4489674038357 74.9838892618815 77.2699224683974 82.4033224317763 83.984439002143 83.4039090474447 82.6825455559625 78.0028877258301 77.1435779995388 83.6105257670085 84.8587142096625 80.1238458421495 77.7895774841309 76.0859180026584 75.8469407823351 76.4338200887044 79.2291433546278 79.6158629523383 83.4897630479601 85.9908794826931 85.3773502773709 77.7544093661838 76.8088315327962 76.2630072699653 77.5099741617839 76.9517127143012 75.2029376559787 74.8623004489475 73.1833712259928 73.1523327297635 73.2339464823405 70.7430347866482 70.3977957831489 70.0520278082953 69.290596432156
111.416252560086 106.177412245009 112.250115712484 114.303513844808 107.685221778022 101.574019538032 95.0377485487196 101.906844245063 104.750840081109 101.738000233968 99.8371302286784 98.4103567335341 99.6783070034451 97.2280069986979 86.4667074415419 78.9342566596137 73.41943359375 74.1457689073351 76.5810072157118 80.0780571831597 77.823109096951 76.0375777350532 81.6103401184082 86.0299640231662 89.6004447937012 90.0363989935981 87.303780025906 80.9485783047146 76.6123924255371 77.4718403286404 78.1367997063531 78.9347771538629 78.492495642768 84.2505480448405 81.6095750596788 78.1994641621908 77.8536220126682 76.4524362352159 77.5437363518609 77.5758815341526 77.7691332499186 77.4420407613118 75.2363082038032 73.6012653774685 72.5400907728407 70.7863536410862 70.4480183919271 69.2782067192925 69.3476159837511
106.90061018202 99.6491652594672 94.4650603400336 97.6501269870334 102.449365827772 96.8183352152507 96.5153855217828 102.927453782823 104.744089338515 102.566343943278 103.087466345893 103.550314585368 101.671858469645 100.147372775608 95.3078952365451 88.644096798367 80.8894691467285 77.5623105367025 73.9224433898926 71.7618798149957 71.8219239976671 71.1761521233453 73.1935937669542 80.2816471523709 84.6456226772732 83.6959241231283 79.6972490946452 78.4643876817491 77.625427669949 79.11206902398 78.2921528286404 79.3760312398275 78.2329529656304 78.8509271409776 79.9433792961968 79.4344783359104 78.9786495632596 79.3751678466797 79.5791812472873 79.5983738369412 80.3206380208333 80.0920749240451 79.5830569797092 77.7435052659776 75.0538626776801 73.4893222384983 72.8560477362739 71.6462309095595 72.7448026869032
108.294960869683 104.587820265028 98.7602166069879 93.9131490919325 93.3839717441135 93.7078959147135 93.4913092719184 96.5430738661024 102.499835968018 103.359103732639 100.214975568983 100.769906361898 99.5312152438694 100.828882429335 97.0561650594075 94.0511042277018 89.2948650783963 84.2622210184733 80.2949481540256 75.4410714043511 74.5881826612684 70.6304706997342 71.181037902832 71.751646677653 72.6845537821452 75.2367405361599 76.736031850179 74.6075528462728 76.2631891038683 78.1658028496636 78.5430569118924 79.1595937940809 79.4118982950846 79.4940393235948 79.8820152282715 80.3842548794217 81.3607097201877 80.8183377583822 81.3481742011176 82.0503154330783 81.3899438646105 80.7591942681207 79.8432799445258 78.4084998236762 77.909546746148 76.4684113396539 75.9288173251682 75.6072218153212 74.08949025472
106.196202172173 104.117104000515 103.383094363742 98.1558952331543 94.8521974351671 93.1375482347276 91.8001628451877 92.119137234158 93.4717547098796 94.242426554362 96.1096060011122 97.3239640129937 96.247807820638 96.2294595506456 97.7121234469944 95.3524678548177 95.5100869072808 93.138852013482 88.7803086174859 82.1421097649468 81.685555352105 81.6190473768446 72.078490363227 70.3310067918566 70.4637086656358 71.8199581570096 72.3796950446235 71.7639609442817 72.2487983703613 74.1933191087511 77.2951990763346 79.7832556830512 79.2564714219835 79.5149349636502 80.5887701246474 81.2843445671929 82.3605884975857 83.6876576741536 83.1023156907823 83.212826622857 82.3870510525174 81.896967569987 82.4986771477593 80.97650358412 79.6589041815864 78.5202280680339 78.875926123725 77.874075571696 77.2093933953179
96.1089210510254 96.6664225260417 97.5568254258898 98.3478613959418 98.0059110853407 93.6630325317383 91.231931898329 89.9812147352431 90.2245335049099 92.5950202941895 93.7089102003309 95.9615614149306 94.8961321512858 94.9191898769803 95.2943683200412 96.2277662489149 92.8196534050836 89.5592405531142 88.5910809834798 85.7248407999675 81.6814494662815 78.4228201972114 76.1829126146105 73.5071207682292 70.842530992296 70.7323481241862 71.9753562079536 73.0274819268121 73.2081260681152 73.5862481858995 75.1596751742893 76.3327598571777 76.4985008239746 78.3497445848253 79.7264090643989 81.2100003560384 82.2948354085286 83.6310954623752 84.636781056722 85.8484823438856 85.3170390658908 85.3639653523763 84.5083130730523 84.7140880160862 82.7331275939941 81.9077835083008 79.146230061849 78.7830471462674 78.6564818488227
95.134649488661 90.9409340752496 91.549326578776 92.1178122626411 88.8916151258681 86.9825541178385 87.2941932678223 87.544549730089 86.0822851392958 89.5881784227159 88.2488051520453 89.2340405782064 90.3624072604709 91.3108990987142 92.1360100640191 93.2295422024197 94.6855316162109 94.1058027479384 88.2262285020616 86.6180046929254 84.0977778964572 84.9349454243978 84.3890524970161 80.7985861036513 76.0306171841092 72.9611875745985 71.6197424994575 71.5061916775174 73.4530927870009 73.6257523430718 74.3985112508138 76.33709081014 77.6125297546387 79.5914421081543 81.1943240695529 82.5035862392849 83.4505441453722 84.3878652784559 85.7723888821072 86.7775819566515 86.8829133775499 85.6408415900336 85.3062629699707 86.1836725870768 84.4267162746853 82.8737263149685 81.9439904954698 81.5910979376899 79.5093625386556
91.967828962538 90.1784528096517 89.3678906758626 88.5221112569173 88.4315859476725 87.7724096510145 86.6711718241374 85.7624087863498 83.8276858859592 82.2359970940484 82.2487267388238 82.1921653747559 81.7828818427192 82.648617638482 86.9775674608019 90.6874627007379 89.9596786499023 86.2893803914388 84.1853294372559 81.9480353461371 81.7178679572211 82.6520678202311 85.0837754143609 84.6002269321018 80.1459846496582 78.7922507392036 77.2331250508626 78.2199974060059 79.1615261501736 76.1970159742567 76.5543929206 78.7154981825087 81.0713958740234 81.4355545043945 82.3710378011068 84.0256275600857 85.5524113972982 86.7729856703017 87.3392113579644 87.976614634196 87.4180420769586 86.0861935085721 86.0996602376302 86.0627530415853 85.4676632351346 83.0584975348578 83.1269137064616 81.2723193698459 81.5896716647678
102.84832127889 99.2246326870388 96.8296741909451 96.1199501885308 95.8649275037977 88.2864994472928 85.2797342936198 85.0789705912272 84.523499806722 82.9868024190267 82.1290380689833 81.9386210971408 83.9166416592068 83.0176158481174 80.1433707343207 82.566950056288 84.5257017347548 84.1441942850749 84.1818936665853 80.0219934251573 78.4904454549154 77.0297554863824 77.0637012057834 77.2955309549967 77.4268447028266 77.7828538682726 79.5023341708713 80.181756761339 80.4372287326389 81.9067641364203 80.8526827494303 81.5939653184679 84.0385513305664 84.0915896097819 86.0147633022732 85.9130562676324 85.9905056423611 87.1849954393175 88.7735269334581 89.6654756334093 88.9990522596571 88.6716100904677 86.7288212246365 88.3204964531793 86.0313449435764 83.9322166442871 83.4815817938911 84.3267597622342 82.5060882568359
101.787167019314 99.6277932061089 97.0009702046712 95.0462142096625 93.8441301981608 91.0483373006185 88.3718978034125 82.4808069864909 82.2991282145182 82.5259221394857 81.1571057637533 81.9422755771213 83.541249593099 81.9606704711914 78.3464970058865 77.3734923468696 75.748402065701 74.1899731953939 74.1258892483181 72.7382787068685 72.0894533793132 74.2147678799099 74.8601082695855 74.8927442762587 74.7217483520508 74.0918587578668 74.9148881700304 76.4595650566949 77.7863833109538 79.8371704949273 82.5871675279405 82.6333380805121 82.8799374898275 84.036555396186 85.8774036831326 86.9864552815755 88.9407047695584 89.4380043877496 89.9275915357802 92.1623446146647 92.3185289171007 92.5736312866211 90.0405201382107 85.7934939066569 85.3564016554091 85.0145123799642 83.7532556321886 83.8727849324544 83.1413883633084
95.3692037794325 92.4686249627007 90.2167689005534 86.8681208292643 84.2261661953396 82.6442765129937 81.062616136339 77.7650048997667 75.9603602091471 76.2727080451118 79.645822736952 80.7558881971571 81.9612638685438 79.6955786810981 77.4584490458171 76.6979764302572 76.4320030212402 75.8764050801595 74.2199537489149 71.5603133307563 70.3215397728814 71.1350932651096 72.9746691385905 70.0079260932075 69.2554122077094 69.3818920983209 71.8128517998589 73.0357229444716 74.0701552497016 76.7092408074273 79.4568163553874 80.7140532599555 81.049207051595 81.9810837639703 85.5068066914876 87.8484374152289 88.3521906534831 86.8311568366157 90.0812674628364 92.3475740220812 92.8274794684516 91.7501746283637 91.2586606343587 88.4972568088108 86.3572196960449 84.5450714959039 84.8368767632379 82.9234958224826 82.5628331502279
90.0998865763346 88.1547410753038 86.8062519497342 84.0918163723416 82.9315202501085 82.2153032090929 80.973518371582 81.0192353990343 76.6890360514323 75.8084377712674 75.5118086073134 75.9454345703125 75.9327867296007 77.7327791849772 76.4991620381673 78.3282089233398 77.6806267632379 74.9035737779405 71.8275672064887 71.8557739257812 70.2028088039822 68.8335399627686 68.5622295803494 67.7036501566569 67.3643836975098 67.1736113230387 69.1862966749403 70.6142694685194 72.6272252400716 74.3703774346246 77.11052831014 79.8210262722439 81.5581580268012 80.499030219184 80.9067899915907 82.4281866285536 84.6302969190809 86.0654733445909 85.1961652967665 91.3080359564887 92.3068987528483 91.5810979207357 89.6977212693956 88.5964813232422 88.024782816569 86.3488167656793 85.3169954087999 84.6638988918728 84.3564105563694
90.0292434692383 88.9667956034342 89.3675270080566 89.4758754306369 91.8857833014594 90.9612744649251 90.0091908772786 88.3623860677083 83.3964398701986 81.1643206278483 79.7575276692708 75.3321995205349 74.3420749240451 73.2782880995009 72.5202424791124 73.5536689758301 73.5812305874295 72.2159745958116 70.7312764061822 70.1729838053385 71.1965355343289 68.8294022878011 68.7582458919949 66.7985475328233 65.874856101142 67.5962632497152 69.7541308932834 69.0738413068983 73.8970523410373 74.3368907504612 76.5544810824924 80.5942806667752 83.2280142042372 82.7024887932672 82.9867939419217 85.158378177219 85.5263451470269 83.1610353257921 80.1109500461154 89.8128916422526 92.0680698818631 89.9912139044868 87.3589235941569 86.3668666415744 85.3288353814019 85.7040286593967 84.5766148037381 82.9775560167101 83.4605950249566
93.0052935282389 93.2640711466471 93.7322163052029 93.1031396653917 93.7454452514648 91.943052927653 95.1262143452962 97.0613928900825 97.0805231730143 92.0232128567166 87.5274603101942 80.7189826965332 78.2923253377279 76.3019248114692 73.7202385796441 71.8593300713433 71.8823759290907 71.6099274953206 72.0238488515218 69.3625628153483 68.6854241689046 67.4287840525309 66.7688331604004 67.4766994052463 66.8150776757134 65.6687278747559 66.43821144104 68.8518397013346 71.0529855092366 70.4833064609104 72.9012898339166 76.1294877794054 78.956537882487 82.9877395629883 83.3442242940267 84.729074690077 85.5124210781521 83.5119234720866 84.9055341084798 80.9216685824924 80.4840274386936 82.3486467997233 82.3803024291992 81.9107661777072 82.5986603630914 83.4282828436957 82.4600346883138 82.6820246378581 83.3649876912435
93.2371898227268 92.730906592475 91.3366029527452 91.8800188700358 93.1407623291016 96.11517545912 92.3556060791016 89.9308187696669 89.6268564860026 89.5224528842502 86.9145838419596 87.6485218471951 85.0487577650282 83.4499766031901 79.4093377855089 74.6064008076986 72.068259133233 72.7093849182129 72.0230651431613 70.235333972507 67.9691388871935 67.8781566619873 69.61169857449 68.011517630683 66.2527881198459 66.1521184709337 66.7276164160834 68.5840776231554 70.7857341766357 71.6220380995009 70.3036994934082 70.7968179914686 75.477966732449 81.9255400763618 80.0810699462891 81.8481915791829 84.4292801751031 82.3034540812175 80.8427925109863 80.8514929877387 79.7574696011013 80.3931427001953 78.3652996487088 77.0321701897515 76.9733789232042 75.9803882175022 76.7873598734538 79.7482723659939 82.6430799696181
93.5892105102539 92.005061255561 92.0868271721734 94.0691757202148 92.4448360866971 91.1339157952203 88.3467216491699 88.3320799933539 85.9584698147244 82.4454680548774 83.8501294453939 86.3008787367079 82.5757132636176 80.6379746331109 79.418630388048 77.4427324930827 75.5933113098145 74.4993339114719 74.0584668053521 71.1541993882921 71.1769682566325 69.5977861616347 68.3937492370605 67.6363268958198 66.450825797187 68.4113303290473 69.5812481774224 67.6719106038411 68.1612792544895 68.2573735978868 68.3685766855876 68.2630274030897 69.339438756307 72.2554844750298 75.4808659023709 75.1389859517415 77.6306902567546 79.0844095018175 80.8960783216688 80.7625668843587 82.2311062282986 82.6774499681261 84.0196740892198 81.4020957946777 80.9046054416233 81.6410382588704 78.8583166334364 75.1789885626899 75.749888949924
96.8588841756185 95.7385698954264 95.7149213155111 96.6606805589464 94.483876546224 93.4680807325575 90.0862812466092 88.1984074910482 85.8303710089789 84.5084131028917 82.7832302517361 81.1739234924316 80.9424760606554 79.6281373765733 78.8235308329264 78.4191822475857 77.4880934821235 75.3217243618435 75.0532205369737 74.3686667548286 73.4114146762424 72.8244027031793 71.9486338297526 70.5491316053602 67.9406147003174 67.4944930606418 67.6253070831299 69.0252674950494 69.4470420413547 68.4182917277018 71.1397342681885 73.7798025343153 71.0425022972955 69.5869246588813 70.3882993062337 73.0941630469428 74.7732751634386 76.7805235120985 77.7647344801161 79.7759272257487 84.7290725708008 84.7028401692708 84.9374936421712 82.8303527832031 82.2797156439887 81.2831704881456 80.1667115953233 78.465946621365 77.5435990227593
100.3347752889 101.140151977539 102.696508195665 102.230353037516 101.139141082764 100.936730702718 99.8938361273871 94.481564839681 92.4074558681912 91.9838930765788 91.1598862542047 89.5489162868924 80.8245582580566 80.5267431471083 79.4041731092665 77.7404433356391 75.4595408969455 75.3646466996935 75.2111638387044 74.0591288672553 74.3613641526964 73.6982856326633 74.4103652106391 72.0057305230035 69.8215090433757 68.4361055162218 68.7320603264703 72.2024750179715 68.3029503292508 68.7559388478597 68.202435599433 69.769521077474 69.2130402459039 68.1656070285373 69.5688868628608 71.1684089236789 72.9946840074327 74.7301822238498 74.7986019982232 77.4896185133192 81.3311636182997 81.934265560574 80.9032300313314 81.5787552727593 82.7618776957194 82.5773374769423 84.3689452277289 82.230648888482 82.3400467766656
100.29264831543 98.8475528293186 98.6699087354872 100.413394504123 102.327907562256 103.226947360569 101.188411712646 94.2308209737142 92.0980194939507 92.5133696662055 92.0951313442654 90.3684404161241 84.4877192179362 84.3696106804742 84.5927857293023 78.6373413933648 76.0322977701823 75.3868147532145 75.7485813564724 73.7010453542074 73.7189952002631 73.0341966417101 72.4512693617079 72.269174363878 71.0975735982259 70.5631326039632 68.7716475592719 68.3269028133816 68.3287722269694 68.0306540595161 68.1802811092801 67.6269611782498 67.6035876803928 70.0950984954834 71.0888877444797 72.1695717705621 72.561168246799 73.3861921098497 74.3169462415907 74.6634000142415 77.2783737182617 80.0038511488173 80.3959990607368 80.6785786946615 81.8481390211317 86.1656629774306 86.2710461086697 85.1839561462402 83.3881488376194
