data/test_2003/bio1_avg_1994-2002.asc
NCOLS 664 
NROWS 380 
XLLCORNER 3.91666666666667 
YLLCORNER 55.3333333333333 
CELLSIZE 0.0416666666666667 
NODATA_value -9999 
[rows 154 to 175 of 380, columns 588 to 636 of 664]
1.80931037664413 1.81685080793169 1.80155778593487 1.77743147479163 1.72897193829219 1.62067908710904 1.57088612185584 1.51475970612632 1.48590004775259 1.43997360931502 1.39788041512171 1.34928708275159 1.28919381896655 1.25593395696746 1.26517402463489 1.22541410558754 1.20065411097474 1.21989422705438 1.24480119182004 1.23270783656173 1.20283064411746 1.16100315749645 1.18667535980542 1.16668109430207 1.16768679188357 1.18219245473544 1.13469812770685 1.10320400032732 1.09537628293037 1.05404877952403 1.0655543477171 1.0287267265117 0.993861319290267 0.976124886009428 0.974221744057205 0.960818557275666 0.945915473832024 0.918345683150821 0.872609178225199 0.849206124742826 0.847969543602731 0.874066485299004 0.88949670890967 0.90009355213907 0.862719497746891 0.878874725765652 0.945696785218186 0.928018543455336 0.992007074256738
1.84148186445236 1.88004444705115 1.80827379226685 1.72100285689036 1.65223226944606 1.57579481601715 1.52335751718945 1.46958662072817 1.46473730934991 1.46197634273105 1.45188171996011 1.42428714699215 1.41085932983292 1.36976483795378 1.34317024548848 1.29790909091632 1.26164786020915 1.24072016444471 1.23045887549718 1.19469772610399 1.19085042344199 1.16775020129151 1.13514996568362 1.14588298896949 1.16811610427168 1.19268250134256 1.19374889135361 1.16881533794933 1.1557152883874 1.12228184358941 1.07451488864091 1.00308128032419 0.965454226152764 0.934967151118649 0.886146671242184 0.887326101462046 0.902338938580619 0.908018388681942 0.879197984933853 0.870544143848949 0.833390363388591 0.891569736931059 0.871582509742843 0.833761920531591 0.803107084499465 0.797284121314685 0.795794667469131 0.814971740047137 0.839148821102248
1.87115351359049 1.86240490277608 1.76482312546836 1.75290783908632 1.72449265586005 1.70807729164759 1.66266213523017 1.59924683968226 1.59857466485765 1.54997890525394 1.47988318403562 1.41195404198435 1.38485806518131 1.3582623898983 1.34983327653673 1.35657070080439 1.32630820075671 1.32154570354356 1.27345002359814 1.24685422910584 1.18436993161837 1.15299724539121 1.16362444228596 1.18358488877614 1.20904536379708 1.20783925387594 1.21629977226257 1.1852602975236 1.16205430030823 1.1450146254566 1.08897526396645 1.03976928484109 1.01221406020017 0.984476012281246 0.932071645226743 0.914000329871972 0.893929070896573 0.86519124938382 0.856120142671797 0.857715537150701 0.877311052547561 0.888239818314711 0.83533534904321 0.849930690394508 0.874327896369828 0.851026854581303 0.855059078998036 0.82025810248322 0.782290400730239
1.90565844376882 1.86176547076967 1.76953900522656 1.6824792822202 1.6025862760014 1.57302657763163 1.6121333638827 1.62524050474167 1.59791202015347 1.55364827977286 1.55455117755466 1.51462068160375 1.40135700172848 1.39042664898766 1.39949619438913 1.37273245718744 1.35213539335463 1.34453824162483 1.33677442537414 1.31484405199687 1.27322285374006 1.22291081978215 1.17843205398983 1.17978678146998 1.18264130585723 1.18449609809452 1.2113507638375 1.2120386660099 1.17789341840479 1.14258123934269 1.10826919558975 1.06279054698017 1.01064035958714 0.981818492213885 0.964163079443905 0.937341351062059 0.921185988518927 0.913530786832174 0.892875495056311 0.9183868335353 0.925064909789297 0.923743101457755 0.862087789509032 0.874432628353437 0.8883820184403 0.88060293181075 0.898323741224077 0.882211114797327 0.853931948542595
1.89316334327062 1.80929252836439 1.74408823251724 1.63305070002874 1.55567992395825 1.52430896626578 1.48493816455205 1.44940060377121 1.43841606378555 1.46298434999254 1.50988590717316 1.56345425049464 1.4855224026574 1.47192407316632 1.42232579655117 1.40689399176174 1.39579567975468 1.38636405269305 1.37126566304101 1.34350053138203 1.30707572566138 1.26182445552614 1.22123987476031 1.17682202160358 1.14640400310357 1.15398623049259 1.20773485468494 1.21215032868915 1.18006566332446 1.19198122951719 1.13706311583519 1.11014522694879 1.06023326764504 1.02116082732876 1.00108815067344 1.02284881596764 1.03427614106072 1.02970351568527 0.996464290552669 1.0205582374086 1.08015226572752 1.05341312289238 1.08300714774264 1.03410127096706 1.08526949418916 1.07551232808166 1.01275489562088 0.981664377471639 0.976573541450004
1.88066818979051 1.83581960201263 1.79430428478453 1.71228897571564 1.65710684988234 1.60792482561535 1.51724294821421 1.46106080214183 1.42908672160572 1.41865366697311 1.43338733911514 1.4637877576881 1.45752139555083 1.44975519842572 1.41365535060565 1.43155576785405 1.41245599256621 1.39868970049752 1.41009002261692 1.40599039859242 1.34692863954438 1.33540469076898 1.30721434619692 1.27335710989104 1.22699999146991 1.19197614325417 1.19178567826748 1.1739285207457 1.23390471935272 1.24304746256934 1.23635707298915 1.20549970699681 1.19299299352699 1.1606696297725 1.12401297357347 1.18252295255661 1.15319973064793 1.08420969214704 1.06721961001555 1.1127295990785 1.18357304400868 1.23458310630586 1.30459308955404 1.16743634310034 1.06799033366972 1.06025489088562 1.05568609883388 1.02961726900604 1.04838162991736
1.87250649929047 1.82168004910151 1.72002016835743 1.66886036925846 1.56470057037142 1.56904078192181 1.56321432855394 1.51838772164451 1.47475744287173 1.44832297497325 1.40305542945862 1.39645451638434 1.40785347090827 1.39975254072083 1.366818315453 1.41438413990868 1.4131163722939 1.39018218053712 1.37308122383224 1.37498022781478 1.37661489513185 1.33631840017107 1.30585538347562 1.30805900030666 1.28926259941525 1.29246633582645 1.28966978854603 1.26337342129813 1.25274354219437 1.29728059305085 1.32198421491517 1.28668781783846 1.275919334756 1.32951183451547 1.29110449883673 1.31053050690227 1.21012316313055 1.1715491000149 1.10580844018194 1.13173441257742 1.19599376287725 1.27025305231412 1.33684563967917 1.29810497164726 1.17421120570766 1.11199750668473 1.12228382296032 1.16557027730677 1.153190029992
1.94384470250871 1.86554036537806 1.80640274948544 1.7989317841 1.67562748988469 1.62115657329559 1.55251893070009 1.49388130837017 1.46209469437599 1.44849239786466 1.44572341442108 1.44828792081939 1.4248523943954 1.43441690338982 1.41148132416937 1.43687909179264 1.47194345129861 1.45284131169319 1.46490559975306 1.43430343932576 1.44296773605876 1.42756551504135 1.40466318858994 1.37492754062017 1.39385863476329 1.41212298141585 1.45738731490241 1.41048496961594 1.35524943470955 1.330847154061 1.38011150227653 1.41454244984521 1.41717901494768 1.36352089709706 1.44836288028293 1.35270477996932 1.23204675316811 1.16572189662192 1.15439711676704 1.20107240809335 1.20591432518429 1.34242305490706 1.43026483721203 1.25327345728874 1.17526526914703 1.23640693558587 1.20504843195279 1.12569007774194 1.09766492578718
1.89801637993919 1.91390083233515 1.85278554095162 1.80517002609041 1.75288795100318 1.65510574976603 1.61449031697379 1.59554145071242 1.58626537190543 1.5793284840054 1.53689165910085 1.52778817547692 1.50135122405158 1.47408107585377 1.48131093051698 1.52304066552056 1.56077048513624 1.5785002178616 1.57789680692885 1.52112656831741 1.46232063240475 1.41964579621951 1.39630416697926 1.37096269925435 1.45145450035731 1.51561303933461 1.59277141756482 1.48209667205811 1.39408844709396 1.39824693070518 1.42357206013468 1.39873042702675 1.4552720785141 1.41802987456322 1.40278782116042 1.32537893123097 1.31163685189353 1.26839455631044 1.22098595235083 1.27857717871666 1.23850180705388 1.40475971500079 1.43751760323842 1.33944210741255 1.22065265311135 1.18998281988833 1.22097967399491 1.15230984323555 1.18380654520459
1.80435464779536 1.8462613357438 1.85183472103543 1.82390805747774 1.7841482758522 1.75372164116965 1.71796171532737 1.70936845408546 1.65376930766635 1.57433117760552 1.52405973275503 1.53912156158023 1.5535167588128 1.5824118786388 1.59814047151142 1.63770235909356 1.60526413387722 1.58599276675118 1.50055457486047 1.44994980096817 1.48934031195111 1.49705959690942 1.43927871518665 1.4446647365888 1.42071720957756 1.51926979091432 1.62832236289978 1.57187501589457 1.4440940618515 1.47881337006887 1.49703253640069 1.40141840113534 1.38703157835537 1.41620550884141 1.40204601817661 1.3390532831351 1.29139368401633 1.24523428413603 1.27607459161017 1.29724866482947 1.29408909214867 1.32992953393194 1.28293678826756 1.271943906943 1.27520672480265 1.23605888750818 1.22424410780271 1.229762736294 1.19078132510185
1.79869292179743 1.77678844663832 1.78238404459423 1.78064633740319 1.76457522975074 1.71867065297233 1.67643299367693 1.65936185253991 1.62810666031308 1.60100064012739 1.59206107589934 1.60728828112284 1.65834901067946 1.70490954319636 1.70263665914536 1.71403053734038 1.64759118027157 1.56648504734039 1.5535458193885 1.53177292479409 1.52285993761486 1.48980651961433 1.53725316789415 1.5633664727211 1.55764663881726 1.54475980334812 1.59454003969828 1.58231989542643 1.49076647890939 1.52021312051349 1.53732644849353 1.45677306254705 1.44412461254332 1.44688122140037 1.43363770180278 1.37522739503119 1.37015053298738 1.3264070087009 1.3194967839453 1.35158662332429 1.35900972949134 1.35359956489669 1.31435599591997 1.28944582409329 1.25626083215078 1.23313477304247 1.19350854224629 1.16788256002797 1.15092308488157
1.86336445146137 1.83348225222694 1.82526661290063 1.80088436603546 1.78766898314158 1.75845333602693 1.72007096476025 1.71068886253569 1.65661061472363 1.61617004871368 1.62406264411079 1.65845519304276 1.68001447121302 1.68507367372513 1.74813308318456 1.67752571238412 1.65308491388957 1.62081090609233 1.55570348103841 1.52392934428321 1.50904611084196 1.55155358049605 1.62372761964798 1.63606857591205 1.66807584630118 1.62058326933119 1.62625735998154 1.64126481612523 1.64993888139725 1.67711290385988 1.61112032996284 1.54929444524977 1.54405111074448 1.52405673927731 1.50206251939138 1.49390157063802 1.47424079312219 1.4247464703189 1.35675232609113 1.33625807364782 1.34593052665393 1.30660289194849 1.25877528058158 1.2054476638635 1.21314844820235 1.25287749701076 1.23343982299169 1.18800219231182 1.13356462948852
1.95685707198249 1.91984290546841 1.85382883416282 1.78981455829408 1.82330046097438 1.75945292578803 1.74810538027022 1.76342452896966 1.7320111989975 1.67869877815247 1.66638633277681 1.69390715493096 1.74876130951775 1.76861549086041 1.77213641670015 1.7348238295979 1.69167814652125 1.6920323504342 1.69255310959286 1.61890747812059 1.62934698661168 1.61420525444878 1.60556342204412 1.63542171319326 1.6529466509819 1.68830502695507 1.70366326967875 1.71252163251241 1.73971318536335 1.72573816776276 1.63392978906631 1.60245460271835 1.60289806127548 1.57359295421176 1.53695448901918 1.54648286104202 1.50467770629459 1.49187269475725 1.42356758647495 1.35226248370277 1.31945741838879 1.22265229291386 1.20518059862985 1.1547087861432 1.08773858348529 1.1184362222751 1.15196729865339 1.16349817150169 1.17336254318555
2.034170905749 1.97187071376377 1.93140360381868 1.91877010133531 1.89180319839054 1.86050289207035 1.84453607267804 1.82306909561157 1.77214166853163 1.73975372976727 1.68886564175288 1.70314429203669 1.79758962657717 1.81803477472729 1.80131336715486 1.76609214146932 1.79070405827628 1.8868160115348 1.88342812326219 1.79837348063787 1.7729290260209 1.76559488640891 1.74892737468084 1.69275993771023 1.67642582125134 1.71759170956082 1.6967575483852 1.73775700728099 1.69408939282099 1.61842198504342 1.63708786169688 1.59458708100849 1.59199870957269 1.54465597867966 1.49464672141605 1.44330401553048 1.41896139913135 1.4049520028962 1.33977596296204 1.32026659448942 1.26709056893984 1.26508129967584 1.22890523738331 1.21822923752997 1.17569778031773 1.11881095336543 1.09892412026723 1.09903721676932 1.108983721998
2.1459845966763 2.0857316520479 2.10231203503079 2.05772570768992 1.98947272035811 1.94521965583165 1.89630000458823 1.89221367571089 1.89577200015386 1.86330848932266 1.77067822880215 1.77738140689002 1.82058461507161 1.85045412513945 1.83032385508219 1.82869352234734 1.91439679596159 2.00593328475952 1.97296969095866 1.91783939467536 1.88384438885583 1.8044845395618 1.76262470748689 1.79509827163484 1.81240493721432 1.83587859736549 1.83185210492876 1.72649243805144 1.65813237428665 1.64660588900248 1.61774604188071 1.63055291440752 1.60176631477144 1.60071920686298 1.55017235543993 1.49545861615075 1.47757834858365 1.43403140703837 1.37931781344944 1.33427077862951 1.32589042849011 1.30467670824793 1.27646318409178 1.2197495467133 1.15799025860098 1.15985230273671 1.17288090785344 1.17290937900543 1.19693805774053
2.20079843203227 2.11925927797953 2.11622040801578 2.14168122079637 2.09880879190233 2.0461030403773 2.00589724381765 1.97969162464142 1.93223586347368 1.91752996047338 1.89649087852902 1.88478520843718 1.87124601337645 1.87854023774465 1.87550096379386 1.8719619512558 1.93258941173553 1.94721702734629 1.88434451818466 1.85613879230287 1.83442650900947 1.75487433539497 1.78032194243537 1.80826973252826 1.80821758508682 1.80216528309716 1.78361306587855 1.77322752608193 1.76767542627123 1.78278981977039 1.78223751650916 1.71401872899797 1.68736699554655 1.65311586194568 1.59253113799625 1.54427993959851 1.5415287150277 1.51644412676493 1.45419293642044 1.41744165288077 1.40102370911174 1.36793915430705 1.3088544011116 1.26143652531836 1.22261627515157 1.22572707798746 1.24233763747745 1.23511509100596 1.21272579166624
2.0099454720815 1.97778695159488 2.00779521465302 1.9913034968906 1.96281162897746 2.00431968106164 1.95366125636631 1.88666950994068 1.86069964038001 1.85941816038556 1.87230357196596 1.84735557105806 1.81140757269329 1.78545948531893 1.78317815065384 1.81689682271745 1.84061538510852 1.85933411783642 1.83071948422326 1.78493812349108 1.74300842152701 1.72943054967456 1.76735257440143 1.76877476109399 1.75836337274975 1.74395206901762 1.72120753261778 1.70462954044342 1.65571838617325 1.5873070690367 1.63989571730296 1.68948449028863 1.76463453637229 1.76217889123493 1.68255670865377 1.67026800579495 1.61614565716849 1.55885685814752 1.4669013288286 1.43061241176393 1.37415692541334 1.37653446528647 1.37524580293232 1.35629028744168 1.34074230657683 1.33426841431194 1.33362782994906 1.28948722283045 1.25984676016702
2.01242591275109 1.90598136848874 1.89137012428708 1.95259234640333 1.97681444221073 1.9645365079244 1.9625919924842 1.95348076025645 1.9261632959048 1.90230649709702 1.85694959428575 1.82375933726629 1.79023566510942 1.72954552703434 1.69685512781143 1.69483183489905 1.68197482824326 1.69611781173282 1.7464276154836 1.77740417586433 1.77175715234545 1.75882022910648 1.70638310246997 1.69061274660958 1.72500921620263 1.76407227251265 1.73480194807053 1.67286498016781 1.63926140467326 1.57232431570689 1.58705396122403 1.62511701054043 1.63006861342324 1.62557549609078 1.69441568189197 1.68192244238324 1.67609594927894 1.60760304000643 1.56844305329853 1.50828337007099 1.47879005803002 1.4612969689899 1.47213705380758 1.45264392428928 1.39170145988464 1.39464308155908 1.38008473647965 1.3575261996852 1.31196780337228
2.05240629778968 1.9988423983256 1.95294513967302 1.93638118108114 1.93648388650682 1.92441989978154 1.92852260006799 1.90912536780039 1.86062718762292 1.87602813376321 1.82326217492421 1.79899643527137 1.76556397808923 1.75246478451623 1.75553231769138 1.7087667187055 1.69250082307392 1.6339017285241 1.62030251158608 1.65470337867737 1.67567254437341 1.69620988104079 1.67958047654894 1.68928451008267 1.66882179180781 1.69052577681012 1.66889643669128 1.6346003346973 1.59897097614076 1.539841512839 1.49187892013126 1.48274953497781 1.49533604251014 1.51447204748789 1.54660785198212 1.58257704973221 1.66221301423179 1.61618225442039 1.60381823778152 1.59778729412291 1.59559001525243 1.55855925877889 1.49502842956119 1.46083092689514 1.45066072543462 1.38085109326575 1.28354155023893 1.34839856624603 1.32308882806036
2.05371999740601 2.0328701072269 1.98385337988536 1.91350339518653 1.89715342389213 1.86330332358678 1.89962001641591 1.85143662161297 1.85875756210751 1.82341614034441 1.80357485347324 1.78423358334435 1.768725613753 1.72788425948885 1.71304284864002 1.70220147901111 1.72769351800283 1.68218546443515 1.59317749076419 1.63083618879318 1.67658785978953 1.68993294901318 1.59327763981289 1.6516226861212 1.63996754752265 1.6354790992207 1.65649071666929 1.60516907771428 1.55101395315594 1.50952555735906 1.47220366530948 1.44921525319417 1.485936846998 1.52820185157988 1.56546685430739 1.6293983856837 1.67216330104404 1.58776173988978 1.50769329071045 1.56362485223346 1.53455645508236 1.52432139714559 1.54875308275223 1.49368456337187 1.41962000396517 1.34055930376053 1.31133169929187 1.35860407021311 1.43304319514169
1.94836719830831 2.0235642724567 1.9369283384747 1.94012562433879 1.89198952913284 1.84318670299318 1.79388381375207 1.78874780072106 1.75622139374415 1.74830442004734 1.75622073809306 1.75963739554087 1.72938704490662 1.71380353636212 1.72755321529176 1.6881363524331 1.65855276584625 1.66380261712604 1.63521911038293 1.6403021481302 1.64000343614154 1.64598924583859 1.5719750656022 1.56512760453754 1.58211335208681 1.63293269607756 1.6000851922565 1.53457105822033 1.57172357373767 1.49320930904812 1.505028532611 1.51151439216402 1.55087103446325 1.58526502052943 1.61165904998779 1.62705301576191 1.61861352125804 1.58750773800744 1.5299015906122 1.45296238528358 1.42252299520704 1.41491697231929 1.46981093618605 1.42720495992237 1.40841260221269 1.43576731946733 1.46695504585902 1.47097649839189 1.51616430282593
2.03068085511525 2.05542551146613 2.06883653004964 2.03541441758474 1.97149222426944 1.9512367910809 1.89981468518575 1.84005910820431 1.78268511427773 1.7595259613461 1.74820021126005 1.73870768149694 1.75371538268195 1.77488958173328 1.79589715931151 1.78540461593204 1.77441228760613 1.7862531542778 1.76492745346493 1.73826810386446 1.68408536911011 1.74254565106498 1.70150566763348 1.63913249969482 1.5427593919966 1.62155281172858 1.60434616936578 1.49347298012839 1.50309991174274 1.50622668531206 1.57202013333639 1.65364685985777 1.65147183338801 1.67882831891378 1.69601794746187 1.69654105769263 1.62489748001099 1.55425367752711 1.53111024035348 1.47529987494151 1.4426562388738 1.42717917760213 1.40003555350833 1.40339205662409 1.36537194583151 1.352141837279 1.41374524434408 1.46484851837158 1.5419520272149
