data/test_2003/bio10_avg_1994-2002.asc
NCOLS 664 
NROWS 380 
XLLCORNER 3.91666666666667 
YLLCORNER 55.3333333333333 
CELLSIZE 0.0416666666666667 
NODATA_value -9999 
[rows 154 to 175 of 380, columns 588 to 636 of 664]
14.4137394163344 14.4745479159885 14.4980231391059 14.4714980655246 14.4189733929104 14.3137824800279 14.2579243977865 14.1900657018026 14.1748661465115 14.1563237508138 14.1251147588094 14.0845718383789 14.0453632142809 14.046153916253 14.0836117002699 14.0517357720269 14.0171932644314 14.0479840172662 14.1267751057943 14.1575657526652 14.1384574042426 14.1027837329441 14.1351093716092 14.1274350484212 14.15509446462 14.1667535569933 14.111079427931 14.0707388983832 14.0610642962986 14.0427242914836 14.0997161865234 14.0633755789863 14.0319585800171 14.0007982254028 14.0123044119941 14.0091439353095 13.9999836815728 13.9588233100043 13.8803294499715 13.8478358586629 13.8353419833713 13.8541818194919 13.8716879950629 13.9218610127767 13.9216151767307 13.9262852138943 13.9776219262017 13.9656247033013 14.0476278728909
14.4136160744561 14.5345170762804 14.5087515513102 14.4109857347276 14.3205540974935 14.2167881859673 14.1570231119792 14.1099239985148 14.096122847663 14.1469527350532 14.2064486609565 14.2099447250366 14.2321075863308 14.2136036554972 14.1964330673218 14.1412627961901 14.091425259908 14.0555885103014 14.0504176881578 14.0325810114543 14.0468393961589 14.0531935162014 14.0328807830811 14.0679012934367 14.1142559051514 14.143276002672 14.1616306304932 14.1799844106038 14.1736721462674 14.1153600480821 14.0457137425741 13.9907346301609 13.9706987804837 13.9229403601752 13.8625147077772 13.8660891850789 13.8903304206 13.9139044019911 13.884145948622 13.894387351142 13.8499620225694 13.9048692915175 13.9104436238607 13.9166847864787 13.890489048428 13.8671897252401 13.8512241575453 13.8472582499186 13.8626250161065
14.4388258192274 14.4911527633667 14.3994802898831 14.3971405029297 14.3961343765259 14.3977944056193 14.3554552925958 14.2944488525391 14.3000463909573 14.2675814098782 14.2211161719428 14.1553174124824 14.1515182918972 14.1510538525052 14.1645883984036 14.1847893397013 14.1669909159342 14.1551921632555 14.0793938106961 14.0442620383369 13.974553849962 13.9689366022746 13.9986525641547 14.0317011939155 14.1014167997572 14.1191324657864 14.1455149120755 14.1525643666585 14.14361360338 14.1166622373793 14.0297115114 13.9747609032525 13.9754402372572 13.9770825703939 13.9347254435221 13.8957008785672 13.8520103030735 13.8496526082357 13.8426293267144 13.870271258884 13.9232477611966 13.9308905071682 13.8798667060004 13.9455088509454 13.9900291230943 13.9394273757935 13.9288256963094 13.8528904385037 13.8069556554159
14.4700357649061 14.4657885233561 14.3642084333632 14.2599614461263 14.1810481813219 14.1734675301446 14.2505533430311 14.3056404325697 14.3226368162367 14.2742098702325 14.2864502800835 14.2393562528822 14.1249300638835 14.1458368301392 14.1807434293959 14.1543167961968 14.1372235616048 14.140129937066 14.135703086853 14.1159432729085 14.0822687149048 14.0300127665202 13.9944234424167 14.0141676796807 14.0479114320543 14.0676556693183 14.1060665978326 14.1384771135118 14.1175547705756 14.0972987280952 14.0597093370226 13.9967867533366 13.9701809353299 13.9778920279609 13.9742690192329 13.9059801101685 13.8596909840902 13.8534013960097 13.847111913893 13.8974895477295 13.9472002453274 13.979577700297 13.9059553146362 13.9136660893758 13.9255694283379 13.9116655985514 13.9390947553847 13.9171897040473 13.8846191830105
14.4485792583889 14.377758026123 14.3529366387261 14.258115556505 14.1499617894491 14.1111404630873 14.0669860839844 14.0641650093926 14.1038939158122 14.1555054982503 14.2377839618259 14.3120625813802 14.2396742502848 14.251953125 14.2095651626587 14.1871769163344 14.186789088779 14.1984010272556 14.1800130208333 14.148291375902 14.1133164299859 14.046422428555 14.0115282270643 13.9966338475545 13.9870725207859 13.979512002733 14.036617702908 14.0977233250936 14.0988289515177 14.1306016710069 14.0897068447537 14.0628125932482 14.0029216342502 13.9760343763563 13.9811466005113 14.0009250640869 14.0280374950833 14.0064829720391 13.9342619578044 13.969374232822 14.0678199132284 14.0409325493707 14.0587111579047 14.0018237431844 14.0737762451172 14.0679032007853 13.9780294630263 13.9188230302599 13.9062824249268
14.4331219991048 14.4177270465427 14.4049987792969 14.348270310296 14.3048748440213 14.2388132943047 14.1247518327501 14.0906895531548 14.1144843631321 14.1248012118869 14.1497848298815 14.1867688496908 14.2004194259644 14.1994033389621 14.1550531387329 14.1627042558458 14.1850209765964 14.229338116116 14.2443220350477 14.2346393797133 14.1616979175144 14.1454982757568 14.115299542745 14.0924333996243 14.0455674065484 13.9913679758708 14.0178355111016 14.0223028394911 14.0941032833523 14.135237481859 14.1610380808512 14.1261716418796 14.1156626807319 14.1001761754354 14.0893569522434 14.2178705003526 14.2043843799167 14.0788984298706 14.0014116499159 14.0312589009603 14.144439485338 14.2056203418308 14.2474672529433 14.0873141818576 14.0033163494534 13.9988074832492 13.9962978363037 13.9271220101251 13.9132793214586
14.4616652594672 14.4203627904256 14.2930600908067 14.2170910305447 14.117788526747 14.1684860653347 14.202517191569 14.1645480261909 14.1644078360664 14.1720966762967 14.1311190923055 14.1154747009277 14.1204966439141 14.1108523474799 14.0792084799873 14.1122313605415 14.1345864401923 14.155609342787 14.1352983050876 14.1649873521593 14.1927463743422 14.1612415313721 14.1424041324192 14.1448994742499 14.1267286936442 14.1172246932983 14.1263865364922 14.1262155108982 14.1080440945095 14.1418732537164 14.1750354766846 14.1548645231459 14.1684036254883 14.2289849387275 14.1802337434557 14.2734824286567 14.2000643412272 14.1479795244005 14.0438949796889 14.0418101416694 14.1237256791857 14.2056414286296 14.2588896221585 14.2194715076023 14.0948568979899 14.0277118682861 14.0338996251424 14.0594215393066 14.0102764765422
14.6075412962172 14.5023314158122 14.412454922994 14.3939116795858 14.2687020831638 14.2654925452338 14.2329487270779 14.1997390323215 14.1896645228068 14.1880589591132 14.2057864930895 14.2175139321221 14.1985751258002 14.2096360524495 14.1573638916016 14.1364248063829 14.1841523912218 14.1932134628296 14.2216074201796 14.2113356060452 14.2651277118259 14.2736514409383 14.2508417765299 14.1880327860514 14.177890141805 14.212413681878 14.319604449802 14.3181278440687 14.2546524471707 14.18717596266 14.2410333421495 14.3208904266357 14.3324779934353 14.2724609375 14.3237777286106 14.234427664015 14.1397448645698 14.096394750807 14.0830448998345 14.1343614790175 14.1170114941067 14.2369952731662 14.2996450000339 14.1309618420071 14.1050632264879 14.2039492925008 14.1801681518555 14.0437207751804 13.9739394717746
14.5194181866116 14.5669674343533 14.4898504681057 14.4240667555067 14.3896161185371 14.2911649280124 14.2520479626126 14.2382637659709 14.2769215901693 14.3373546600342 14.3477875391642 14.3942200342814 14.3746529685126 14.3237527211507 14.2655190361871 14.263285001119 14.3157176971436 14.3781504101223 14.4119171566433 14.401683277554 14.3521757125854 14.2813942167494 14.2132798300849 14.1438321007623 14.2063846588135 14.3249367607964 14.438155386183 14.3660411834717 14.2805935541789 14.252478811476 14.2650311787923 14.2682497236464 14.3892185423109 14.3919366200765 14.3253218332926 14.2080400254991 14.1940916909112 14.1581426196628 14.1375279956394 14.2375796635946 14.1809647878011 14.3150165345934 14.29640144772 14.2291193008423 14.1612700356377 14.1621868345473 14.2104370329115 14.1006870269775 14.1509369744195
14.3672952651978 14.4309368133545 14.4979120890299 14.5182205835978 14.4771964814928 14.4248379601373 14.3844798405965 14.3954552544488 14.3521784676446 14.2879832585653 14.2724547915989 14.3489261203342 14.3933975431654 14.4278688430786 14.4423405329386 14.4754787021213 14.4332834879557 14.4190884696113 14.3155595991347 14.2566977606879 14.3145573933919 14.3304709328545 14.2430516348945 14.2422988679674 14.2035457823012 14.3241260316637 14.4627066718207 14.4119541380141 14.2718677520752 14.3317817052205 14.3683618969387 14.2609423531426 14.2959589428372 14.380079375373 14.3588656319512 14.2389855914646 14.1511050330268 14.1025584538778 14.1780109405518 14.276797718472 14.3122509850396 14.3603703180949 14.2818236880832 14.2592766020033 14.2821431689792 14.2590911653307 14.2393719355265 14.2409859763251 14.1999334759182
14.3585047192044 14.3455728954739 14.407973713345 14.4777087105645 14.4621097776625 14.3838438457913 14.3429119322035 14.3413133621216 14.3334355884128 14.3079460991753 14.3097887039185 14.3602987925212 14.4154758453369 14.4939860237969 14.5278290642632 14.5783390469021 14.4681823518541 14.3340255949232 14.3412026299371 14.3217124938965 14.3116054534912 14.2582136789958 14.2861561245388 14.3394312328762 14.3500409656101 14.3166489071316 14.413924853007 14.4225336710612 14.318475511339 14.4077512953016 14.4730265935262 14.3609681659275 14.3393667009142 14.3568882412381 14.3504097196791 14.2419307496813 14.2294519212511 14.2096398671468 14.2311609056261 14.34468237559 14.3962034649319 14.4203911887275 14.3885795805189 14.3481005562676 14.2990169525146 14.2699953715007 14.2036403020223 14.1759522755941 14.1475976308187
14.4423810111152 14.4295422236125 14.476701842414 14.4925293392605 14.4756902058919 14.4308503468831 14.3893438975016 14.4078379737006 14.3573589324951 14.315241601732 14.310456805759 14.3636718326145 14.3868868086073 14.4254354900784 14.5566512213813 14.5018661287096 14.4444147745768 14.3716300328573 14.3001784218682 14.2700600094265 14.2459868325127 14.2812906901042 14.3545939127604 14.4032316207886 14.4612016677856 14.3978386984931 14.4351425170898 14.507112926907 14.5057501263089 14.5463868247138 14.5350237952338 14.4903280470106 14.46210776435 14.4463637669881 14.4186198976305 14.4088755713569 14.4184654023912 14.3747217390272 14.2936444812351 14.2999000549316 14.3414897918701 14.3310792711046 14.2720015843709 14.2102578481038 14.235890282525 14.3035666147868 14.2859089109633 14.2195849948459 14.1645941204495
14.5847095913357 14.5398961173164 14.4844159020318 14.4476017422146 14.5034549501207 14.4239741431342 14.4104939566718 14.4543468687269 14.4152079688178 14.3377446068658 14.3222808837891 14.3661504321628 14.4406870736016 14.5265564388699 14.5757600996229 14.5376292334663 14.4728325737847 14.4707021713257 14.4625717798869 14.3837753931681 14.3816794289483 14.3849518034193 14.3775570127699 14.4021623399523 14.4061012268066 14.4473739200168 14.4899795320299 14.5399185816447 14.571190516154 14.5597962273492 14.4970682991876 14.4930069181654 14.4941207038032 14.4444082048204 14.3866954379612 14.4076499938965 14.385937584771 14.364891688029 14.3185127046373 14.2748003005981 14.2610881593492 14.1853753195869 14.1843294567532 14.1079503165351 14.0269266764323 14.0825896792942 14.1449204550849 14.1552505493164 14.1622474458483
14.7354907989502 14.6546360651652 14.6051139831543 14.592259089152 14.5714044570923 14.5305492613051 14.5183608796861 14.5315063264635 14.4956490198771 14.4367893007067 14.3525956471761 14.3430686526828 14.4695425033569 14.5866820017497 14.6044886906942 14.5462958017985 14.5654358334011 14.6659090254042 14.6683825386895 14.5975228415595 14.5660161972046 14.5891971588135 14.5670447879367 14.4742257859972 14.4380734761556 14.5065871344672 14.5031017727322 14.5396163728502 14.4814638561673 14.4133114284939 14.4524920781453 14.4190061357286 14.427404721578 14.3563538657294 14.2759698232015 14.198919084337 14.1678679784139 14.1708169513279 14.1724328994751 14.2133817672729 14.1756644778781 14.2239466773139 14.2135623296102 14.1851784388224 14.116123729282 14.0623990164863 14.0646738476223 14.0649490356445 14.0558906131321
14.8642714818319 14.8273754119873 14.8638127644857 14.7909166547987 14.6726872126261 14.6344579060872 14.6102284325494 14.6399989657932 14.6947557661268 14.6271660063002 14.4649102952745 14.423987282647 14.499064763387 14.6148075527615 14.6178845299615 14.6189614401923 14.6893723805745 14.7644497553507 14.7275267706977 14.679270002577 14.6703534656101 14.6147765053643 14.5671993891398 14.6169558631049 14.6533781687419 14.701134469774 14.7015581130981 14.5546480814616 14.467737197876 14.4441600375705 14.4072494506836 14.4383394453261 14.4386898676554 14.4529667960273 14.3825773662991 14.3041880925496 14.2731315824721 14.2454093297323 14.253687010871 14.2359639273749 14.245574315389 14.2511846754286 14.2281289630466 14.1510729259915 14.105320930481 14.1595408121745 14.2057609558105 14.1973137325711 14.1962005827162
14.8630526860555 14.8194485770331 14.8331782023112 14.856240802341 14.8319700029161 14.7896994484795 14.7247620688544 14.685825030009 14.6531966527303 14.6108770370483 14.5845578511556 14.5729058583577 14.5859194861518 14.6322671042548 14.6392806371053 14.6436282263862 14.708642217848 14.7176565594143 14.6400037341648 14.5923511717055 14.5700242784288 14.4950226677789 14.5493537055122 14.5990185207791 14.6240173975627 14.6176818211873 14.6060136159261 14.6143453386095 14.6120106379191 14.5963419808282 14.5853401819865 14.5410055584378 14.5399740007189 14.5362462997437 14.4811848534478 14.4001237021552 14.3943955103556 14.3853344387478 14.3382736841838 14.3132121827867 14.2934845818414 14.2617564731174 14.2073615392049 14.165633837382 14.1491854985555 14.200016869439 14.2508476045397 14.2316791746351 14.1865105099148
14.6425000296699 14.6168547736274 14.6425431569417 14.6442316903008 14.6765865749783 14.7376075320774 14.6626295513577 14.5703177981906 14.5496377944946 14.5312549802992 14.5435394710965 14.5298239390055 14.4994418885973 14.4897258546617 14.485343615214 14.5356277889676 14.5972455342611 14.6328630447388 14.5704808764988 14.4794318940904 14.409027311537 14.393934779697 14.4601749844021 14.4750825034248 14.479988945855 14.4942292107476 14.4944696426392 14.5007101694743 14.4342837863498 14.3345243665907 14.4160975350274 14.5110047658285 14.6172586017185 14.6421918869019 14.5851252873739 14.5573930740356 14.4829928080241 14.4172599580553 14.2981939315796 14.2504604127672 14.1813945770264 14.2056609259711 14.2559287812975 14.2795288297865 14.2857169045342 14.3024927775065 14.3159350289239 14.2600438859728 14.2241529888577
14.6619477801853 14.518261273702 14.4645750257704 14.5448893441094 14.6378694110447 14.6728496551514 14.7238305409749 14.7514773474799 14.7147450976902 14.6502997080485 14.5658542844984 14.494075457255 14.4509633382161 14.3971847958035 14.3687394460042 14.3889610502455 14.3778489430745 14.3854033152262 14.448291460673 14.4951796001858 14.4973648919 14.4715136422051 14.4169958962335 14.3618115319146 14.3659608629015 14.4521100785997 14.4742591645983 14.4177415635851 14.3712238735623 14.2793727450901 14.2941883934869 14.3503373463949 14.3685430950589 14.4034716288249 14.5277332729763 14.5333283742269 14.5229235755073 14.4678524865044 14.4161138534546 14.3397092819214 14.307303958469 14.3022328482734 14.345827738444 14.3567562103271 14.3089140786065 14.3189684549967 14.2990219328139 14.2724091211955 14.2231296963162
14.697394794888 14.6143345303006 14.5232735739814 14.4942129982842 14.5024856991238 14.5067581600613 14.5490308337741 14.5779700809055 14.5485190285577 14.5846779081557 14.5341687732273 14.4649940066867 14.3878190782335 14.3766437106662 14.4248021443685 14.4189606772529 14.4244520399306 14.3526103761461 14.3354352315267 14.3709265391032 14.3897015253703 14.4384259117974 14.4364839129978 14.4252084096273 14.355265935262 14.3673240873549 14.3673816257053 14.3707727856106 14.3348301781548 14.2362212075127 14.1496127446493 14.1370035807292 14.1598272323608 14.2087509367201 14.2783407635159 14.3419306013319 14.4748540454441 14.4791109297011 14.5067011515299 14.5056240293715 14.4892143673367 14.444137679206 14.3503941429986 14.2939838833279 14.2867784500122 14.2027770148383 14.0714424981011 14.1681078804864 14.2061058680216
14.659508811103 14.631074057685 14.5573055479262 14.4682040744358 14.4657688140869 14.4233336978489 14.4795649846395 14.4397962358263 14.4729595184326 14.4470549689399 14.4591502083672 14.4899121390449 14.4720077514648 14.3734361860487 14.3535315195719 14.3869600296021 14.4397219551934 14.3844839731852 14.2725791931152 14.3220080269708 14.3873720169067 14.4113383822971 14.282637808058 14.3486046261258 14.3512378268772 14.3412039015028 14.3618371751573 14.3191372553507 14.2717699474759 14.2297369639079 14.1730365753174 14.1323359807332 14.1631116867065 14.2280300988091 14.2949483659532 14.4211999045478 14.5167847739326 14.4597033394708 14.3412880367703 14.3995392057631 14.3817909028795 14.3780423270331 14.4282941818237 14.3525447845459 14.2439761691623 14.1565866470337 14.1338629192776 14.2191395229763 14.3644161224365
14.4456239276462 14.5391469531589 14.4593374464247 14.4921945995755 14.4530514611138 14.3992417653402 14.3407654232449 14.3436226314969 14.3094004525079 14.2940992779202 14.3207979202271 14.3788306978014 14.3775293562147 14.3508951399061 14.3389272689819 14.28895939721 14.272991710239 14.2950241300795 14.2770564821031 14.3017554812961 14.289042684767 14.2942511240641 14.1907928254869 14.1946679221259 14.2432093090481 14.2984183629354 14.2602936426798 14.1781684027778 14.2473770777384 14.1605849795871 14.1551272074382 14.1356691784329 14.1717295116848 14.2806426154243 14.4022228452894 14.5044687059191 14.538048002455 14.4869617886013 14.357874446445 14.2421210606893 14.1983675426907 14.2106136745877 14.2895266215007 14.2597731484307 14.2578401565552 14.2950618531969 14.3322827021281 14.3515048556858 14.4460592269897
14.5184044308133 14.5798872841729 14.6387026045058 14.6441850662231 14.5730009078979 14.5478172302246 14.5012997521294 14.451448864407 14.4005078209771 14.3478104273478 14.3377794689602 14.3324154747857 14.3743848800659 14.4183542463515 14.421656926473 14.3842927085029 14.3815952936808 14.4182314342923 14.4102006488376 14.3875027762519 14.3147128423055 14.415163675944 14.3829472859701 14.2780644098918 14.1371815999349 14.2116320927938 14.2254159715441 14.1171996858385 14.1516503228082 14.1681006749471 14.2205512788561 14.2943349414402 14.3083474900987 14.4099221759372 14.5414965947469 14.5890712738037 14.4859793980916 14.4015536838108 14.3864618937174 14.3200362523397 14.2616110907661 14.2231847974989 14.1594262652927 14.1616678237915 14.1503716574775 14.1635372373793 14.2593701680501 14.3578694661458 14.4943687650892
