data/test_2003/bio19_avg_1994-2002.asc
NCOLS 664 
NROWS 380 
XLLCORNER 3.91666666666667 
YLLCORNER 55.3333333333333 
CELLSIZE 0.0416666666666667 
NODATA_value -9999 
[rows 88 to 109 of 380, columns 490 to 538 of 664]
101.913173251682 101.955909729004 100.318164401584 99.4655973646376 98.5691045125325 98.7729254828559 100.10198296441 98.4192615085178 98.4315007527669 98.7251213921441 97.7712639702691 97.8126602172852 97.8540590074327 96.8700052897135 96.8195054796007 96.8604668511285 96.9014307657878 96.9423938327365 96.1502363416884 96.1910578409831 96.1404385036892 96.1812642415365 96.193738301595 96.1778598361545 96.1619788275825 96.1461012098524 96.1302218967014 95.9178102281358 94.9091627332899 94.8928773668077 94.7866609361437 94.7705535888672 95.8375244140625 94.7383388943142 94.731699625651 95.8178490532769 95.8207872178819 95.9129113091363 95.7175971137153 95.6312781439887 95.6341044108073 95.5478947957357 95.6397518581814 95.5536168416341 95.5564787122938 96.3144895765517 98.6238572862413 97.332273695204 99.1611548529731
100.012395222982 100.226498074002 100.440600077311 100.560999552409 99.5811436971029 99.7919514973958 98.9353527492947 99.1438217163086 99.4447089301215 98.8889719645182 98.8194936116536 98.8552449544271 98.8909979926215 97.8491863674588 96.8600811428494 96.8028861151801 97.0304896036784 97.0655916002062 97.100695292155 97.1357955932617 97.2629191080729 97.2980185614692 96.4746365017361 96.4582383897569 98.2304348415799 96.9008924696181 96.8840586344401 96.8672239515517 96.090081108941 95.9831466674805 95.7711368136936 95.7547624376085 95.7383829752604 95.7220077514648 96.6691063774957 96.7606582641602 96.6729558308919 96.7644517686632 96.6768035888672 96.4816606309679 96.4834781222873 96.2880104912652 97.404908074273 98.7195061577691 97.6061358981662 97.2316343519423 97.2275568644206 97.5054372151693 99.3315946790907
101.750224643283 101.118757459852 101.137154473199 100.596620347765 101.576560974121 100.940704345703 99.9611401028103 101.191732618544 100.43079884847 100.646224127875 100.768870883518 100.126419067383 100.156444973416 100.093870374891 99.8656556871202 99.895253499349 98.9015960693359 99.0301666259766 99.0597254435221 99.0892834133572 99.2114444308811 99.2409990098741 98.222417195638 98.1476313273112 99.2124506632487 98.1129319932726 99.1777869330512 99.0690333048503 99.0519197252062 96.7344343397352 96.6264623006185 96.6094826592339 96.682854546441 96.9310234917535 95.9001007080078 96.6586134168837 96.6596459282769 96.6606784396701 96.4660059611003 97.4905760023329 97.4916059705946 97.4027438693576 98.5764533148871 98.5775366889106 98.578620062934 98.4898842705621 99.2390713161892 99.2259885999892 99.2129050360786
100.918749491374 101.988907708062 102.312672932943 102.540873209635 102.769074334039 101.749007331 101.209922790527 102.197950575087 102.235035366482 101.692744784885 100.833036634657 100.949667188856 100.879979451497 101.000139872233 102.101969401042 100.026170518663 100.814226786296 101.917153252496 100.919032626682 99.9598405626085 101.157463921441 101.122054206 100.102233039008 100.084265814887 100.066296047635 99.2866804334852 99.1770807902018 98.9671461317274 99.0413869222005 99.0237223307292 98.8127348158095 98.7038955688477 98.6862614949544 98.7591247558594 98.7503145005968 98.8543684217665 98.8547142876519 98.6607013278537 98.7513037787543 99.863779703776 98.7517954508464 98.7520446777344 99.417839050293 99.4179238213433 102.277930365668 102.473019917806 101.247477213542 102.254179212782 102.238346523709
101.958608839247 102.193045722114 102.248785230849 102.481955634223 102.71512942844 101.884253607856 101.930995517307 102.160232543945 102.483631557888 102.712575276693 102.929488288032 102.086897956 102.104605780707 102.122314453125 102.046289232042 102.922992282444 101.826936509874 102.033749898275 102.051250881619 102.258581373427 102.086247762044 102.103749593099 102.293679131402 101.255196465386 101.237070719401 101.218945821126 100.91695827908 99.9096374511719 99.8913107977973 99.6811243693034 98.9036509195964 99.644046359592 99.5343890719944 100.59763929579 100.588122049967 100.587388780382 99.5051379733615 99.5044097900391 99.5036807590061 100.420580546061 100.510544670953 100.509761386447 99.3979848225911 99.3064253065321 100.387096828885 102.446562872993 102.437386406793 102.419881184896 101.125709533691
104.688395182292 104.933802286784 105.27581108941 104.462749057346 103.7015592787 102.995004442003 103.232844034831 103.470678541395 103.650359259711 103.888014051649 102.994583977593 102.81819068061 102.829117669 103.027776082357 103.03884379069 103.049909803602 103.060972425673 104.025427076552 102.92391289605 103.123346964518 103.039953443739 102.956454806858 103.235628763835 103.122586568197 102.085539923774 101.876984490289 101.857924567329 101.015345255534 99.9785910712348 100.94906700982 101.498801337348 101.479788886176 101.460777282715 100.684703403049 100.483050876194 100.572496202257 100.599354214138 100.597737630208 100.476384480794 100.474717034234 101.491473727756 100.471383836534 100.277473449707 100.366928100586 101.029581705729 101.027726067437 102.034901089138 102.014276292589 101.993650648329
103.733149210612 103.103185865614 102.281578911675 105.429992675781 103.604320949978 102.888041178385 104.122442457411 104.353120591905 104.583791944716 104.909725613064 103.86181640625 103.874754163954 103.887691921658 103.900629679362 104.161484612359 104.175014071994 104.954728868273 105.154746161567 105.168059455024 105.181379530165 104.179057651096 104.192296346029 104.860349019368 105.032706366645 105.017339918349 102.716761271159 101.939626057943 101.924483405219 101.909344991048 101.894201490614 101.596819559733 101.581704881456 101.56659105089 101.360844930013 101.352432250977 100.594323900011 100.5929751926 100.591625637478 100.399171617296 100.489202711317 101.152481926812 102.168011135525 102.25798034668 102.256462097168 102.254943847656 102.344964769151 102.241308424208 101.934175279405 101.910664028592
102.822966681586 103.129464043511 102.284723917643 102.489929199219 103.693148295085 104.766633775499 104.302349514431 104.412308586968 104.619452582465 104.826595730252 104.846031188965 104.870188395182 104.894340515137 104.918496873644 105.895274692112 106.015055338542 105.212101406521 105.235988193088 106.026349385579 106.049814012316 106.163688659668 105.174472384983 105.087396409776 105.175280253092 105.073418511285 105.64171939426 105.059438917372 104.864357842339 104.950330946181 103.58139122857 102.814188639323 102.899436950684 102.702207777235 102.694435119629 102.690600077311 102.408660040961 103.165545145671 101.392571343316 102.408659193251 101.392549302843 103.165141635471 104.244852701823 102.973913404677 102.217545403375 102.217459784614 102.217375861274 102.204266866048 102.178131103516 101.959004720052
102.874996609158 102.009618971083 104.010985480414 104.194260491265 105.547376844618 105.557545979818 104.958829243978 104.964341057671 105.326613532172 106.281928168403 105.619659423828 105.654073927138 105.688490973579 105.626032511393 106.61250729031 105.877951727973 106.681259155273 105.890478346083 106.998916625977 108.081253051758 105.993295457628 106.793668958876 105.895782470703 107.063062032064 107.827869839138 107.064453972711 107.827861362033 107.065842522515 105.800675286187 104.852172003852 104.759590148926 104.571479797363 104.664048088921 104.474347432454 104.383050706651 104.384480794271 104.38591003418 104.197158813477 104.198496500651 104.199829949273 104.201171027289 104.202507866753 104.013198852539 104.014444139269 102.179979960124 102.937624613444 102.922616746691 102.137666490343 102.931360880534
101.783199734158 102.926165262858 104.133243984646 104.248285929362 105.39938015408 105.66005452474 106.669915093316 106.832271999783 107.093377007378 107.255510965983 108.53971947564 108.586467319065 107.630897521973 107.677069769965 106.65534040663 107.769407484266 107.815577189128 107.861743503147 107.08425394694 107.898259480794 108.03007083469 108.172434488932 108.104040357802 108.87956237793 107.9750128852 107.703102959527 108.816026475694 107.719432406955 106.779022216797 106.787434895833 105.437217712402 104.685553656684 104.786809285482 105.553362528483 104.519496493869 104.522495693631 104.335834927029 104.338731553819 104.1517706977 104.154563903809 104.157358805339 104.16015625 105.17728000217 104.067474365234 103.221371968587 105.087365044488 104.05689239502 102.851230197483 102.979109022352
103.55571492513 103.858885023329 104.979036119249 105.216003417969 105.351977030436 106.435103522407 106.571954515245 107.875906202528 108.015055338542 108.154207017687 108.252633836534 109.261248270671 109.318826463487 108.377581278483 108.434412638346 108.49124484592 108.72767384847 108.784958733453 108.842241923014 108.665245056152 109.974523756239 110.032101101345 110.069943745931 110.088049146864 110.59248691135 109.940171983507 108.854639689128 107.61100769043 106.864871554905 106.881994459364 106.712162441678 106.728713141547 106.55716281467 104.736735026042 104.558220757378 104.470514085558 104.377960205078 104.290120442708 104.294488694933 104.298851013184 104.11355082194 104.117808024089 105.892721388075 104.126321580675 104.130576239692 103.944625006782 103.927610609266 104.995474921332 104.957352532281
104.55771806505 106.860866122776 105.928532070584 105.870526631673 105.981350368924 106.263229370117 107.362213134766 107.647500779894 107.760988023546 107.874476962619 109.972524854872 108.984349568685 109.052901373969 110.358383178711 110.428779602051 111.271672566732 111.519269307454 110.591162787543 110.660551283095 110.729938083225 111.748647901747 110.815869649251 110.863282945421 110.889730665419 110.916171603733 110.75963083903 110.785424126519 109.863059149848 108.534615410699 107.551584879557 108.678934733073 106.746544731988 106.770829094781 106.514357672797 106.529387580024 106.346731397841 105.594445970323 105.345994737413 107.187578837077 106.115729437934 106.121555752224 106.19278717041 107.211090087891 106.934880574544 105.105292426215 103.908470153809 104.646845499674 104.861543443468 104.819850497776
105.493698120117 104.800311618381 104.886167738173 105.750677320692 106.005064222548 109.171156141493 109.429794311523 109.519075181749 109.608360290527 109.697644551595 109.955076429579 109.935117933485 110.016722785102 110.87335035536 111.129130893283 111.210667080349 111.468246459961 112.421899583605 114.418109469944 114.777323404948 113.862201266819 113.265051099989 111.65564303928 111.607074313694 110.77704111735 110.812042236328 110.760178460015 110.698708428277 110.548918830024 109.634941101074 109.66864183214 108.626907348633 107.712994045681 107.558603074816 108.525556776259 109.421888563368 109.429490831163 108.171552022298 107.328038533529 107.146801418728 107.154183281793 107.161564297146 107.168943617079 107.176323784722 105.159119500054 105.166411505805 104.957930670844 104.912787543403 104.867648654514
103.795624627007 105.613640679253 105.736468844944 105.797471788194 107.004200405545 109.162104288737 111.153207567003 112.432291666667 113.277011447483 111.514948527018 111.594025505914 111.687650044759 111.848743014865 111.874894883898 111.153584798177 112.021495395237 113.347507900662 113.442154778375 114.210029602051 114.57972378201 114.81765238444 113.897307501899 113.958419799805 112.961689419217 112.585595024957 112.630057440864 110.725017123752 110.586191813151 110.445761786567 109.724433898926 109.582516140408 110.38601175944 110.427152845595 109.521519978841 109.359120686849 109.394556681315 110.387338426378 111.343411763509 109.395684136285 107.288482666016 107.390327453613 107.117917378743 107.126800537109 107.228533426921 105.120473225911 105.129241095649 105.86656443278 104.968469407823 104.729806688097
106.60770840115 104.656564500597 105.640441894531 105.841340806749 108.842224968804 109.149641248915 110.944927639431 111.253219604492 113.282938639323 115.246608310276 114.341552734375 114.34457482232 113.672954135471 114.728302849664 114.835781521267 114.943259345161 115.826028611925 114.17000579834 114.276062859429 116.392070346408 115.648675706651 116.586202833388 114.993420071072 113.614434136285 114.557147555881 113.566222296821 113.439589606391 112.545455084907 112.598575168186 111.396263970269 111.26370578342 111.314338684082 110.41823832194 110.468958536784 110.312580532498 109.31463792589 111.280899895562 110.532694498698 110.3558722602 109.290563795302 108.354470994737 107.074267069499 107.084654066298 107.095042758518 105.840120103624 107.115815056695 107.094564649794 106.852108425564 105.722145928277
104.736941019694 104.584688822428 105.707869635688 107.729202270508 108.794356452094 109.941785176595 110.901151021322 113.978065490723 114.154418097602 114.947991265191 116.221371968587 117.290680779351 115.315633985731 116.484586927626 117.826264275445 118.72649553087 117.865440368652 117.986020406087 118.306576199002 116.359732733832 115.41369205051 116.360054863824 116.251089307997 114.677131652832 115.56064775255 114.378616333008 113.494383917914 113.376634385851 113.256967332628 112.553436279297 112.526796129015 111.330021328396 110.44206237793 110.221077813043 110.256356133355 110.268734402127 111.133804321289 111.052878485786 110.305869208442 110.318244934082 109.067226833767 107.97738817003 110.167403327094 108.001247829861 107.066290113661 107.078176710341 107.813573201497 108.764236450195 108.705704583062
105.478082444933 105.625211927626 107.778210957845 108.81950378418 109.773330688477 110.70667775472 112.859483506944 113.791581047906 113.775651719835 113.922816806369 114.764349195692 116.102213541667 115.194716559516 118.204037136502 119.385446336534 120.468188815647 120.773415459527 120.910591125488 120.242813110352 119.174866570367 119.287163628472 116.980017768012 116.230722215441 116.33216518826 116.407040066189 115.237954033746 115.229592217339 115.300981309679 114.425885518392 114.315707736545 113.439648946126 113.326393975152 113.395762973362 111.385621812609 110.386454264323 110.307451883952 110.321388244629 110.335327148438 111.108866373698 110.363204108344 110.096453348796 110.110228644477 110.030581156413 110.044352213542 107.786079406738 107.04054345025 108.783543056912 108.721390618218 108.659237331814
107.702718098958 108.613669501411 108.572372436523 110.447209676107 113.622533162435 113.471716139052 113.589036729601 113.706398010254 115.412769741482 115.529093424479 116.776931762695 117.872990926107 118.911556667752 119.060518052843 119.209476894803 121.35090637207 122.448081970215 120.946329752604 120.82068294949 120.747585720486 121.068301730686 119.838734096951 119.104949951172 117.96721818712 116.210055033366 116.264013502333 116.346389770508 116.153165181478 115.385272555881 114.216617160373 114.295753479004 113.428688897027 113.323699951172 112.397165934245 113.262895372179 112.273170471191 111.342519124349 110.283967759874 110.299457126194 110.314950731066 110.236837599013 110.065282185872 110.080601162381 110.09592183431 109.035898844401 108.104212443034 108.079649183485 107.921771579319 108.612770928277
107.611567179362 109.582850138346 110.480224609375 111.389695909288 114.438989427355 115.439224243164 114.487244500054 116.517717149523 116.461060418023 117.349313524034 120.333045111762 121.431385464138 121.746955871582 121.901696946886 121.087888929579 121.240713331434 121.559180365668 122.491486443414 123.185501946343 123.3142674764 120.564175075955 120.518795437283 120.635019090441 118.914566040039 118.652454800076 117.962221781413 117.105615403917 116.202820671929 116.11184946696 116.198065863715 115.338569641113 115.243014865451 115.145181443956 113.974283854167 112.260614183214 113.190454271105 113.114102681478 111.94378068712 113.149928622776 112.164390563965 110.069013807509 109.900499131944 109.91775004069 110.029285007053 110.046539306641 108.896057128906 108.873016357422 108.80987294515 109.725802103678
109.284518771701 111.324230617947 112.393900553385 113.291185167101 114.988283793132 115.095036824544 119.27466668023 118.191217210558 119.204175313314 119.309026082357 119.230296664768 122.306848314073 122.451786465115 121.795077853733 122.720386081272 122.863709343804 123.007039388021 122.180111355252 124.146708170573 122.947028266059 121.340357462565 121.289693196615 120.425695631239 120.866852654351 119.807133992513 118.854040357802 118.771887037489 118.862892998589 116.727708604601 115.86996544732 116.769938998752 114.919420030382 115.005437215169 113.842581007216 112.949612935384 112.970125834147 112.807495117188 112.644460890028 113.610110812717 112.684687296549 111.6107389662 112.629497951931 112.745024787055 109.839585198296 110.620684305827 109.879138522678 109.676392449273 109.621251424154 108.496458265516
112.193820529514 113.09440697564 114.163497077094 116.091395060221 116.201404995388 117.896800571018 119.070507473416 119.179183959961 120.07288784451 119.914612664117 121.92544470893 122.217658148872 123.134275648329 123.428281995985 123.56248304579 125.514774746365 125.650210910373 124.983328925239 124.953318277995 124.983147515191 122.156035529243 124.215413411458 124.162061055501 122.432747734918 121.382191975911 121.304974873861 120.353502061632 118.521161397298 117.381267123752 117.471009148492 116.439603169759 115.583880106608 115.575052049425 114.816561381022 112.636266920302 112.381577385796 112.500885009766 112.523601955838 112.546320597331 112.472465515137 112.495190090603 112.432111104329 112.454605102539 112.38055589464 110.671124776204 110.510244581434 109.406255933974 110.11989763048 109.215792338053
114.873218960232 114.9871029324 115.88804880778 118.770280626085 119.825622558594 120.891305711534 120.954870435927 123.081365797255 122.758319430881 121.69899919298 122.798971388075 123.863606770833 126.065889146593 126.191178215875 126.209342956543 127.115787929959 127.509011162652 126.403912014431 126.527709960938 126.651512145996 124.866290622287 124.988540649414 125.204107496474 124.063869052463 123.219639248318 122.979215833876 121.050005594889 120.200698004829 120.121828715007 118.191296047635 116.284278021918 116.198819478353 117.444524129232 117.356493631999 115.134323120117 113.408024258084 112.096531338162 112.219395107693 112.244514465332 112.26963297526 112.29475318061 112.222170511882 112.066494411892 111.425075954861 111.151769849989 110.412606133355 110.405433654785 111.03108215332 110.991114298503
