data/test_2003/bio17_avg_1994-2002.asc
NCOLS 664 
NROWS 380 
XLLCORNER 3.91666666666667 
YLLCORNER 55.3333333333333 
CELLSIZE 0.0416666666666667 
NODATA_value -9999 
[rows 132 to 153 of 380, columns 490 to 538 of 664]
-9999 -9999 -9999 -9999 94.9673741658529 88.2349060906304 91.4986046685113 94.3972693549262 88.0865741305881 84.7690014309353 86.1159744262695 88.2915666368273 93.0779893663194 87.2082778082953 84.0787637498644 84.0440173678928 86.0968835618761 87.3493682013618 88.8997679816352 91.326360490587 92.3766055636936 93.3530387878418 95.5528284708659 95.9143816630046 98.3514145745172 99.1167920430501 100.930635240343 101.332041846381 100.864209493001 101.307231479221 101.069827185737 100.619597117106 99.4669592115614 100.741171942817 100.481477949354 99.8743735419379 100.585134294298 102.240421295166 101.013323465983 99.7267252604167 99.8298064337836 98.8420808580187 98.1777030097114 97.1267500983344 96.6301087273492 96.137887318929 95.6965098910862 96.099358452691 95.9293246799045
-9999 -9999 -9999 -9999 -9999 -9999 -9999 -9999 -9999 -9999 -9999 -9999 -9999 92.1086900499132 89.6452501085069 90.2647895812988 93.7176611158583 89.2697342766656 92.0817777845595 88.9272287156847 91.2194955613878 92.1516435411241 93.9477649264865 95.932856241862 96.465769873725 98.4470011393229 99.4471011691623 100.09890153673 100.140997992622 100.101559533013 99.7081667582194 99.4360118442112 98.3277202182346 98.4779438442654 99.1151813930935 98.6804203457303 98.7210621303982 99.6831652323405 100.159112294515 99.2327516343858 97.7793303595649 97.002571105957 96.4561250474718 95.7652367485894 96.5314682854547 96.3843222724067 94.3485955132379 94.7818845113118 94.3657370673286
-9999 -9999 -9999 -9999 -9999 -9999 -9999 -9999 -9999 -9999 -9999 87.5418459574382 -9999 -9999 -9999 -9999 -9999 -9999 95.6609433492025 89.3545167711046 91.2890629238553 91.8620240953233 92.9045499165853 94.6117515563965 96.6283416748047 97.782229953342 97.3794441223145 99.1001252068414 99.8843243916829 99.5770102606879 99.012323167589 97.5510698954264 97.2735108269586 97.243356068929 97.4018075731066 96.7378120422363 97.3017912970649 97.3783425225152 97.8629625108507 97.7590717739529 96.4153870476617 95.9640346103244 95.0583237542047 94.0665198432075 93.9491772121853 93.6672189500597 93.6090778774685 94.1023517184787 93.685307820638
-9999 -9999 -9999 -9999 -9999 -9999 -9999 -9999 -9999 -9999 -9999 -9999 -9999 -9999 -9999 -9999 -9999 -9999 -9999 -9999 -9999 99.7948286268446 102.742005242242 93.7139748467339 94.5527013142904 95.0992054409451 96.5695105658637 98.2293790181478 97.7659522162543 97.7621438768175 97.2943488226996 96.3616731431749 96.0802086724175 94.4152912563748 95.0572878519694 94.800171746148 94.51679526435 94.5144869486491 94.0388128492567 93.7997593349881 94.4251891242133 93.7943594190809 93.8934593200684 92.4590721130371 92.9371147155762 91.9073380364312 92.3576795789931 92.1591491699219 92.1964213053385
-9999 -9999 -9999 -9999 -9999 -9999 -9999 -9999 -9999 -9999 -9999 -9999 -9999 -9999 -9999 -9999 -9999 -9999 -9999 -9999 -9999 -9999 91.7500788370768 91.985109117296 92.1746304829915 92.8049023946126 94.0572755601671 95.1611794365777 95.1424797905816 95.1060155232747 94.4608959621853 94.0109278361003 94.4315524631076 93.9107933044434 92.1493186950684 92.419974009196 92.416439904107 92.3773223029243 91.307856241862 91.9715923733181 93.2909999423557 92.4596417744954 92.3823560078939 92.4102304246691 92.5354516771105 91.6560245090061 92.1173239813911 92.8369238111708 92.7814314100477
-9999 -9999 -9999 -9999 -9999 -9999 -9999 -9999 -9999 -9999 -9999 -9999 -9999 -9999 -9999 89.0064413282606 89.7126664055718 -9999 -9999 -9999 -9999 -9999 -9999 90.7770792643229 90.3962169223362 90.5401225619846 91.964953104655 92.1393051147461 93.2385737101237 93.2234026590983 93.0542678833008 92.599917517768 91.6818097432454 90.9873458014594 90.5259403652615 89.5399754842122 89.570484161377 89.364069196913 89.7625643412272 90.5534990098741 91.2816352844238 91.9998185899523 92.1854858398438 91.9797337849935 91.5943230523004 91.5830302768283 92.8054563734267 92.8594038221571 92.1763780381944
-9999 -9999 -9999 -9999 -9999 -9999 -9999 -9999 -9999 -9999 -9999 82.1206325954861 81.7555792066786 -9999 -9999 88.7905832926432 89.9417364332411 -9999 -9999 -9999 -9999 -9999 87.8975766499837 87.3147299024794 87.9057744344075 89.0753983391656 90.6923014322917 90.2654372321235 91.1341891818576 90.6726235283746 90.7948760986328 89.8866377936469 89.5128640068902 87.9018541971842 87.8895022074382 86.5809593200684 86.1308318244086 86.7927551269531 88.4272113376194 88.6497756110297 89.9447068108453 90.1344125535753 90.701363881429 91.3581017388238 90.6397035386827 90.622981177436 90.8346583048503 91.682671017117 92.0819498697917
-9999 -9999 -9999 -9999 -9999 -9999 -9999 -9999 -9999 -9999 -9999 -9999 -9999 -9999 -9999 -9999 -9999 -9999 -9999 -9999 -9999 -9999 86.9687839084201 86.0320875379774 87.3271230061849 87.4949434068468 88.174265967475 88.8790016174316 88.4645190768772 88.4909536573622 88.1588507758246 87.7118242051866 87.2165658738878 86.6001489427355 85.5152308146159 84.9131062825521 84.6418944464789 85.2465031941732 86.5957929823134 87.5853839450412 88.0096817016602 88.7089979383681 89.0504820081923 89.2417890760634 89.4955796135797 89.3528967963325 89.8511687384711 89.683782365587 89.8082355923123
-9999 -9999 -9999 -9999 -9999 -9999 -9999 -9999 -9999 -9999 -9999 -9999 -9999 -9999 -9999 -9999 -9999 -9999 -9999 -9999 -9999 86.9286965264214 84.8307664659288 85.3726425170898 85.3596755133735 86.143558078342 86.6456887986925 86.7610961066352 86.7922282748752 86.7375000847711 86.3427374098036 86.0618960062663 85.6358316209581 85.1322890387641 84.772838168674 84.3320316738553 83.6331414116754 84.9469947814941 86.0106018914117 86.5202522277832 88.2377967834473 88.4063267178006 88.8250003390842 88.7610104878743 89.0080100165473 89.2361518012153 89.1397853427463 89.6964645385742 89.0575065612793
-9999 -9999 -9999 -9999 -9999 -9999 -9999 -9999 -9999 -9999 -9999 -9999 -9999 -9999 -9999 -9999 -9999 -9999 -9999 -9999 90.2354973687066 88.80310482449 86.0355025397407 83.6890801323785 83.7166014777289 84.7787022060818 85.7041998969184 85.7239104376899 85.6365678575304 85.6256472269694 85.3090824551053 84.8742896185981 85.2557305230035 84.5007112291124 83.0039181179471 83.1045049031575 83.8342912462023 84.6047041151259 86.102237701416 86.295166015625 87.7095341152615 88.0603692796495 88.6600286695692 88.9948603312175 89.569586859809 90.1485498216417 90.0998912387424 90.6943227979872 90.5397288004557
-9999 -9999 -9999 -9999 -9999 -9999 -9999 -9999 -9999 -9999 -9999 -9999 -9999 -9999 -9999 -9999 -9999 -9999 -9999 -9999 -9999 -9999 82.1327887641059 82.7443572150336 83.0364596048991 83.578310224745 83.1655616760254 83.2735684712728 83.8931189643012 83.945869869656 83.6678123474121 83.6132931179471 83.8017959594727 83.7476119995117 83.2770741780599 83.2439240349664 83.5854771931966 83.6855112711589 83.5487361484104 84.5071847703722 86.0668991936578 87.2395316229926 88.1433024936252 88.7237086825901 89.703358968099 90.7928513420953 91.5977901882596 90.7203386094835 89.8759134080675
-9999 -9999 -9999 -9999 -9999 -9999 -9999 -9999 -9999 -9999 -9999 -9999 -9999 -9999 -9999 -9999 -9999 -9999 -9999 -9999 -9999 -9999 81.8476808336046 80.591621822781 81.1638323465983 81.7767812940809 82.6229044596354 82.3810454474555 82.6640807257758 83.2815399169922 82.7194582621257 81.7087660895453 81.8955196804471 81.8684090508355 81.8220655653212 81.6283153957791 82.3568013509115 82.4485927157932 83.2228825887044 83.7917823791504 84.7239299350315 85.770509507921 86.9098790486654 87.1846809387207 87.3350304497613 88.0920579698351 89.2970695495605 90.030576494005 90.1311993069119
-9999 -9999 -9999 -9999 -9999 -9999 -9999 -9999 -9999 -9999 -9999 -9999 -9999 -9999 -9999 -9999 -9999 -9999 84.060006459554 83.4896240234375 -9999 81.1150394015842 80.01984278361 80.0053325229221 79.9891586303711 80.6088027954102 81.4534153408474 81.6199349297418 81.5618481106228 81.5417459275987 81.755196041531 81.3103938632541 80.660277472602 81.5017920600043 81.4806662665473 82.2364082336426 82.0108197530111 82.3497950236003 81.7170990837945 82.850220574273 83.6230023701986 85.3511098225911 85.5590430365668 86.0299161275228 86.8224711947971 86.9805475870768 87.6877844068739 89.3535185919868 89.598331451416
-9999 -9999 -9999 -9999 -9999 -9999 -9999 -9999 -9999 -9999 78.4322573343913 76.3067817687988 78.1288685268826 78.8129081726074 -9999 -9999 -9999 -9999 -9999 80.2163717481825 80.065360599094 79.4804657830132 -9999 79.8943104214138 79.4957110087077 79.7052404615614 79.8687345716688 79.6077071295844 79.711420694987 80.568675994873 80.7317182752821 80.1452017890082 80.0483360290527 81.3837403191461 81.7005983988444 81.1944346957737 81.4942321777344 81.9301694234212 81.6837628682454 82.8160400390625 83.0505142211914 84.2198049757216 84.8826836480035 85.1471913655599 85.3503608703613 85.7869622972276 86.852170308431 87.7976048787435 87.7290967305501
-9999 -9999 -9999 -9999 -9999 -9999 77.7825864156087 77.8620457119412 77.4363911946615 77.0550855000814 76.936819712321 76.4433945549859 76.4562250773112 78.065369076199 77.5365147060818 77.57056511773 76.6800893147786 77.7527029249403 -9999 -9999 -9999 -9999 -9999 80.1875767178006 80.7506425645616 79.4798825581868 79.2540461222331 79.8507262335883 79.6639154222276 79.6001366509332 79.5363621181912 79.7833145989312 79.7190835740831 80.5200102064345 79.8174239264594 79.8463609483507 80.599737379286 79.9042371114095 81.5626466539171 81.7577887641059 82.808725145128 83.2327880859375 83.2640431722005 85.0932723151313 85.1250987582737 85.7930463155111 85.128791809082 85.9489144219293 86.9024001227485
-9999 -9999 -9999 -9999 -9999 78.3738750881619 77.7115406460232 77.3265444437663 77.6927875942654 78.1940591600206 78.0726797315809 78.356994205051 78.1585460238987 78.0618031819661 76.7148848639594 76.9481993781196 76.2263391282823 77.7010798984104 -9999 -9999 -9999 -9999 -9999 -9999 -9999 78.5183635287815 78.2487665812175 78.981140560574 78.4743745591905 77.9665234883626 78.1247528923882 79.4544758266873 79.5056211683485 79.6390842861599 80.3006451924642 80.325633154975 80.5199008517795 80.7690416971842 81.0360247294108 81.0612602233887 81.9734153747559 82.7939809163411 82.4234631856283 83.9436175028483 84.639461517334 86.1849505106608 85.6863577100966 85.8829964531793 85.8514993455675
-9999 -9999 -9999 -9999 -9999 -9999 76.953980339898 77.0151740180121 78.0357801649306 78.6712417602539 78.2482685512967 78.2551375495063 78.2620082431369 -9999 -9999 -9999 -9999 -9999 -9999 -9999 76.2413957383898 75.051385667589 74.3199323018392 74.3141699896918 72.7855669657389 74.6074078877767 78.4817691379123 77.485474480523 76.2170041402181 76.3860473632812 77.101442972819 77.19927766588 78.0121824476454 77.9070400661892 78.4893430074056 78.7133013407389 80.3290536668566 80.3165728251139 80.5035514831543 81.1938179863824 81.7153324551053 82.33265431722 82.1480492485894 83.0533392164442 83.5086801317003 84.5624198913574 84.9528172810872 85.6434584723578 85.8101823594835
-9999 -9999 -9999 -9999 -9999 -9999 -9999 -9999 -9999 -9999 78.6331799825033 79.3712810940213 -9999 -9999 -9999 -9999 -9999 -9999 -9999 -9999 -9999 74.0830446879069 72.9628893534342 72.1218062506782 71.5363438924154 71.9842546251085 74.0101034376356 75.5130327012804 75.3257128397624 76.0863715277778 76.0671238369412 76.1752849155002 77.0010367499457 77.0585437350803 77.8138245476617 77.8649291992188 78.1056908501519 79.8284344143338 80.4374881320529 80.8831528557672 81.5470784505208 81.919182671441 82.9302245246039 82.5389005872938 83.0535960727268 83.6378110249837 84.1299892001682 85.1495645311144 85.6679996914334
-9999 -9999 -9999 -9999 -9999 -9999 -9999 -9999 -9999 -9999 -9999 76.339410993788 77.8730689154731 78.2504412333171 78.6199641757541 76.6873749627007 76.1823243035211 75.517145368788 75.5167706807454 75.395132276747 75.3910085890028 -9999 -9999 73.2485800849067 72.8439810011122 72.406916724311 73.0511377122667 74.4741011725532 74.9163157145182 75.0557051764594 76.1496526930067 76.1069933573405 75.4134080674913 76.4334195454915 76.5146251254612 77.2530992296007 77.4895714653863 77.8386624654134 79.8135765923394 80.0853928460015 81.9951722886827 80.9658321804471 82.2140553792318 82.7462556627062 83.0982733832465 84.2371737162272 84.3903439839681 84.609129163954 84.3031289842394
-9999 -9999 -9999 -9999 -9999 -9999 -9999 -9999 76.8214179144965 75.4914800855849 75.5084058973524 75.3243730333116 75.774422539605 75.7715869479709 76.3440920511882 75.8364749484592 75.1003256903754 74.9390725029839 74.0103268093533 75.544443766276 74.7253523932563 74.9359953138563 74.2807854546441 72.7074551052517 73.3987676832411 72.2621277703179 72.2242041693793 73.6024966769748 75.7778121100532 75.0639758639865 75.731211344401 76.0386873881022 76.2416182623969 76.7762078179254 77.0664486355252 76.4782981872559 77.134273952908 77.1526879204644 77.6554773118761 77.9233974880642 79.4050059848362 80.4617318047418 81.0692931281196 81.5779215494792 82.4143096076118 83.9342320760091 84.3440166049533 84.960570441352 85.0807991027832
-9999 -9999 -9999 -9999 -9999 77.5753919813368 75.9677463107639 76.2295943366157 75.9011722140842 76.202446407742 76.315604739719 75.8324584960938 75.6706941392687 75.6645147535536 75.6583315531413 75.4960386488173 75.7624927096897 75.6595738728841 74.7705947028266 73.8856591118707 73.7224998474121 73.9724307590061 73.7469846937392 72.5428725348578 72.9043078952365 72.2954499986437 73.0520307752821 74.1203791300456 75.2352939181858 75.7364883422852 76.7233623928494 76.9860585530599 77.7518412272135 76.4418131510417 75.8123635186089 76.4349691602919 77.6059807671441 78.7240358988444 78.7410986158583 79.1058154635959 79.1563462151422 80.1101133558485 81.0215437147352 82.3633876376682 82.762390560574 82.3070992363824 83.165475209554 84.4047999911838 85.2473068237305
-9999 -9999 -9999 -9999 -9999 76.338434431288 75.8981836107042 75.419564988878 75.7129931979709 75.73419825236 76.1147134568956 76.1049940321181 76.4958373175727 76.3326187133789 77.0561052958171 75.8116370307075 75.8021791246202 75.6377343071832 76.2637498643663 75.2751642862956 75.1106999715169 74.0424457126194 73.6477144029405 73.2724927266439 72.8267152574327 72.363409254286 73.30943552653 73.7745348612467 74.6887872483995 75.144905090332 76.1190431382921 76.3681047227648 77.1047342088487 76.4420216878255 76.2308404710558 75.1830194261339 77.1102672153049 78.088562435574 78.415150112576 78.4275733100043 79.3647753397624 80.0254406399197 80.3445235358344 80.4934086269803 81.6817766825358 82.7294485304091 83.7648518880208 83.8742629157172 84.3116230434842
