data/test_2003/bio14_avg_1994-2002.asc
NCOLS 664 
NROWS 380 
XLLCORNER 3.91666666666667 
YLLCORNER 55.3333333333333 
CELLSIZE 0.0416666666666667 
NODATA_value -9999 
[rows 66 to 87 of 380, columns 343 to 391 of 664]
32.6372167799208 32.4712693956163 30.5466935899523 31.2405310736762 31.6947004530165 32.6988288031684 32.1697834862603 29.6072909037272 27.495719909668 24.9514168633355 20.7045919630263 17.8042125701904 13.6495651668972 12.30044025845 11.5336480670505 11.291308508979 11.5249549018012 11.9348548253377 12.7187183168199 13.8006239997016 15.2951697243585 16.3289975060357 16.2927722930908 19.061514960395 24.3830411699083 24.6271016862657 23.9550348917643 25.1987465752496 25.7142959170871 25.6597451104058 24.0671780904134 22.2155933380127 22.8059851328532 20.7499384350247 20.0229362911648 17.8258696662055 16.3703619639079 15.6154887941149 15.301120546129 14.9487900204129 14.959528711107 15.1982780032688 15.4289624955919 15.4395231670803 15.7739959292942 17.0777249866062 16.7493114471436 16.9850411944919 17.2622878816393
34.1023830837674 34.1297762129042 35.2337273491753 33.4394251505534 31.4856645796034 31.2064450581868 29.7962129380968 30.4719628228082 29.3050248887804 26.2322974734836 24.587526957194 23.6762941148546 17.3320156733195 12.1077235539754 10.9581314722697 10.9701343112522 11.2904955546061 11.8838830524021 12.5380559497409 12.994312816196 13.272961086697 13.4103217654758 13.7594938278198 14.3338015874227 15.3144925435384 16.7094812393188 16.8768294652303 17.2809798982408 17.627376238505 18.3375879923503 17.9307342105442 17.3857302135891 16.9463567733765 16.7592888938056 16.4571019278632 16.718096309238 16.5280315611098 15.9324986139933 15.8906794653998 16.0559339523315 16.2935290866428 14.928857061598 14.737737443712 14.6850555207994 15.0869381162855 15.4399983088175 15.6178730858697 15.7155226601495 16.2883980009291
32.1600263383653 31.2910950978597 30.5540907118056 31.0575593312581 31.2821068233914 30.3896401723226 29.0832044813368 26.8313581678602 24.6856717003716 21.5810349782308 18.8467461268107 17.2239254845513 15.2358521355523 15.049214469062 15.1215891308255 16.0876857969496 16.5895388921102 16.7139599058363 18.1294456058078 19.1015599568685 19.2121069166395 18.3089736302694 15.6669794718424 14.6423970328437 14.3019401762221 14.7596552107069 15.0066690444946 15.2792168723212 15.3524382909139 15.579768286811 15.5623874664307 16.2842772801717 16.9818124771118 16.7590389251709 17.0569529003567 17.9092400868734 17.2461658053928 16.0276351504856 15.224191877577 14.8399057388306 14.6963778601752 14.3684754901462 14.4621827867296 14.0264532301161 14.5845469368829 14.7391254636976 15.4308924145169 15.5510985056559 15.7608191172282
31.0202301873101 30.2029512193468 30.087421629164 28.9968662261963 27.8424731360541 26.441568798489 24.8383842044406 22.6400718688965 20.476201693217 21.9821272956 28.4220990075005 29.2479017045763 25.7681085798475 26.2632138994005 24.4983208974202 22.558228386773 26.7071147494846 26.9521522521973 24.6162649790446 26.8004088931614 24.9573847452799 21.8515096240573 19.5069360733032 17.207491768731 17.628686481052 19.3094564014011 18.893102116055 16.5008283191257 15.5747162501017 15.8562208811442 15.8804342481825 16.0140762329102 16.1104776594374 16.376063240899 16.6182265811496 16.3407599131266 16.5522387822469 16.096440103319 15.0736111534966 14.309267255995 14.0766674677531 13.6311498218113 13.5395461188422 13.6422410541111 14.1007260216607 14.1067411634657 14.1913133197361 14.7932936350505 15.6841029061211
29.3290008968777 28.2574424743652 27.3349992964003 26.4769770304362 25.7969447241889 24.748620139228 23.8884429931641 23.8156486087375 23.7298863728841 24.3396909501817 30.2913176218669 29.2949017418755 30.8404831356472 32.2721659342448 31.7171772850884 28.6365803612603 26.5113228691949 27.9303423563639 25.734274758233 22.2728173997667 20.80582608117 19.2672427495321 19.3277504179213 20.2940870920817 22.8594207763672 23.3893983629015 21.9249436060588 20.0819969177246 19.8178652657403 19.190478960673 18.0024729834663 16.7206282085843 16.3613979551527 16.5129053327772 17.0274049970839 16.882124265035 16.8946892420451 16.085261132982 15.4209847980075 15.2860205968221 14.5199693044027 14.1052090326945 14.0959907107883 14.0518881479899 14.1216843922933 14.0628253089057 14.3057111104329 14.7633745405409 15.0064015918308
29.2511138916016 28.7577099270291 28.0587158203125 28.4574991861979 27.6671897040473 26.6795050303141 25.8201580047607 25.8223128848606 25.4748335944282 24.1804847717285 23.865475124783 26.0845815870497 27.3342488606771 27.5128911336263 29.4963111877441 28.6240348815918 26.6418459150526 23.1651933458116 18.6348542107476 19.7674492730035 25.4253908793132 22.6030859417386 22.8106244405111 24.9812037150065 23.3250456915961 22.5524307886759 21.5228824615479 21.1005160013835 21.8570861816406 22.2669208314684 20.0077766842312 18.0374366972182 17.6234317355686 18.0588107638889 17.5821630689833 16.8482180701362 17.0838562647502 15.3068776660495 14.1802741156684 13.7373786502414 13.7944388919406 13.62716155582 14.079408009847 14.0836652119954 14.5371641582913 14.8322466744317 15.4706957075331 15.4755275514391 15.2254809273614
32.4513289133708 31.986857732137 32.2403892940945 30.2090591854519 27.3710867563883 26.1459348466661 27.6425255669488 32.4756368001302 33.3856271107992 34.4441085391574 32.1607593960232 29.0645135243734 26.7125687069363 24.2130599551731 20.9693545235528 20.4685287475586 19.6877676645915 21.557932111952 23.844394048055 21.0823315514459 19.38735432095 21.2549622853597 21.5804988013373 20.6440617243449 22.2356932957967 25.894491619534 25.4308948516846 24.2050768534342 21.9723866780599 21.0320030848185 20.992081006368 19.6256451076931 18.7868965996636 17.4674356248644 16.7375139660305 16.342829492357 16.1167722278171 14.6261001163059 13.6417072084215 14.0743345684475 14.0767036014133 14.4532539579603 13.8387173546685 13.6690757539537 14.0541606479221 14.4935213724772 15.430182033115 16.7929577297635 16.3062836329142
32.1578390333388 29.3556416829427 28.1789932250977 27.8105625576443 29.0253033108181 31.0068429311117 29.2450002034505 25.7066224416097 31.3472497728136 33.6486008961995 36.1024831136068 35.3482928805881 32.3813521067301 29.4110109541151 29.2089773813883 30.7064228057861 28.6610554589166 24.9732343885634 22.1412436167399 22.5382472144233 22.2305928336249 20.2436082628038 21.2607254452176 21.6055596669515 19.8502468532986 19.1243629455566 18.2279325061374 20.6374627219306 22.6175448099772 22.6979482438829 20.9993850919935 20.8363474739922 20.1949949264526 19.4435461892022 18.3051183488634 16.9663263956706 15.5388214323256 14.2966497209337 13.6168596479628 13.6183013916016 13.9767609702216 14.5989798439874 15.3141277101305 14.818652788798 14.2571019066705 14.1410756640964 14.1949986351861 15.3918152915107 16.0699629253811
29.2749381595188 29.617973751492 33.3597308264838 34.3732246822781 34.6520828670926 35.2280154758029 31.4221924675835 24.5001169840495 29.8275254567464 35.0498659345839 34.2643046908908 32.4740657806396 31.5390442742242 31.150141398112 29.4959381951226 28.4275644090441 30.1337148878309 27.5123185051812 26.5232372283936 25.1409170362684 24.5792236328125 23.3044541676839 19.5855305989583 19.6369596057468 20.6893948449029 20.7100454966227 19.4367380142212 18.191089630127 17.7937254375882 18.4541244506836 18.9011841879951 19.0308828353882 19.2895186742147 19.4029553731283 20.3972418043349 18.0946108500163 16.0184932284885 14.6609783172607 14.0339967939589 14.1005963219537 14.6269571516249 14.5614640977648 15.0622049967448 15.9500513076782 16.1354054345025 14.9039495256212 14.7746718724569 14.853185971578 15.7701607810126
31.3832855224609 34.5027815500895 36.32312435574 33.5018914540609 33.0558149549696 32.9564172956679 32.4536028967963 29.5775572458903 27.0967888302273 23.9787686665853 23.4875024159749 23.8626467386882 24.3625250922309 26.9150354597304 28.1656638251411 28.5284834967719 26.7675291697184 25.3338735368517 23.9459993574354 23.0205991533067 21.4056341383192 20.853536605835 20.0509249369303 20.228884379069 21.2746806674533 21.979603237576 21.4229425854153 21.7207419077555 20.8765193091498 19.7245999442206 18.8282162348429 18.3986704084608 18.5344762802124 17.8003524144491 17.6044268078274 17.446280585395 16.1657759348551 15.6255483627319 15.0233033498128 14.7925967110528 15.2518735461765 15.3434575398763 15.1410202450222 15.809712515937 15.809382226732 16.0384444130792 16.0379434161716 15.4922808541192 14.9071164660984
30.9089584350586 31.2271154191759 32.8883823818631 32.2280203501383 34.5588239034017 34.364448123508 33.1724514431424 31.408672120836 29.4641729990641 28.4236666361491 27.8331228892008 25.2431104448107 22.4408064948188 19.634963883294 20.4790513780382 23.8855474260118 25.278252919515 24.8892385694716 25.4366667005751 25.0542515648736 23.9369767506917 22.7849716610379 21.8600887722439 19.9373808966743 19.8042963875665 20.5185257593791 20.1537265777588 19.8316094080607 19.9622249603271 20.266948805915 19.6366456349691 19.4442574183146 20.040552245246 18.737433857388 17.190379248725 16.4858757654826 16.2998025682237 15.9518860710992 15.5359127256605 14.9861634572347 14.9847955703735 14.9834289550781 15.5312669542101 15.6486952039931 15.2609164979723 15.8755478329129 16.2930012808906 16.6057885487874 15.0066651238335
30.1677989959717 27.4568625556098 29.0247383117676 33.1876218583849 33.7050160302056 31.4409815470378 31.8916674719916 33.003132502238 33.1957617865668 33.4303489261203 30.7956212361654 27.1691697438558 27.116297615899 27.4114144643148 26.458856370714 22.0958705478244 18.5998529858059 18.3284634484185 20.0688390731812 23.5557320912679 25.1732610066732 23.3963273366292 22.759675555759 22.3009485668606 21.2714224921332 21.8546649085151 22.1522856818305 21.6326699786716 20.4699709150526 19.9914527469211 19.4919097688463 18.9469202889336 19.1774835586548 18.8878361384074 18.1946113374498 17.5395252439711 17.1834261152479 16.6575501759847 16.9225419362386 16.1605564753215 15.7745080524021 16.1054284837511 16.0361778471205 15.649618572659 16.0085572136773 16.1960673862033 15.8274171617296 15.4848974015978 15.5895488527086
28.7164149814182 27.03900358412 26.2218519846598 29.7269910176595 30.1047246721056 31.3350925445557 34.4841329786513 35.9068279266357 33.1723524729411 29.7810416751438 29.5854672325982 29.8742707570394 27.2584709591336 25.9474351671007 26.0355665418837 25.7115703158908 23.6346107059055 19.0304884380764 18.2860698699951 19.6900813844469 21.3839823404948 22.1003227233887 21.0904763539632 20.4120265112983 20.2029447555542 20.3047664430406 20.4384602440728 20.6986616982354 21.0733716752794 20.8041797214084 20.3752070532905 19.9944271511502 19.6041193008423 19.3052084181044 18.7158390680949 18.62272283766 17.8349476920234 17.4127271440294 17.370833184984 17.1294291814168 16.8602005640666 16.7252411312527 16.3393299314711 16.3357702891032 16.2208063337538 16.2843393749661 16.443038198683 16.6162203682794 17.1149456236098
27.117908053928 26.4866561889648 25.1836465199788 27.6182799869114 29.9336850908067 29.1082884470622 28.1983983781603 27.5332416958279 27.438576804267 24.3856684366862 22.5629514058431 21.8857479095459 21.3600096172757 21.3506471845839 21.4834420945909 21.2853304545085 20.1757653554281 19.6357386906942 18.6431962119208 18.6248202853733 18.6020228068034 18.3964948654175 18.2703270382351 17.8368878894382 17.8471044964261 17.6172969606188 17.8680952919854 17.7133025063409 18.0574531555176 17.9922129313151 18.3508355882433 18.8641364839342 18.2751302719116 18.2815454271105 18.1330870522393 17.8814548916287 17.9906252755059 18.3045267528958 18.0806084738837 17.3936714596219 17.3290746476915 17.3881262673272 17.8254097832574 17.6108640034993 16.8729935752021 16.8695363998413 17.0410294002957 17.116109000312 17.2081836064657
28.0951504177517 26.8149083455404 26.6459806230333 26.8865441216363 25.6952088673909 27.0872071584066 29.5809868706597 30.4530355665419 29.4685673183865 30.1205611758762 28.4829947153727 24.5753025478787 22.6698483361138 24.6353219350179 25.3979083167182 24.75232357449 23.3758716583252 22.6687084833781 22.0962951448229 22.2258423699273 21.1779492696126 19.8260706795586 19.4558379915025 19.3655298021105 19.1691925260756 19.0600309371948 19.6635212368435 18.9012266794841 18.8098333146837 18.3439046012031 18.2880473666721 17.9226605097453 17.7623317506578 17.2841511832343 17.1134265263875 17.268705368042 17.4341457155016 17.8311768637763 17.8132962120904 17.8687724007501 17.8414043850369 17.6930436028375 17.7168450885349 17.5345820320977 17.1706733703613 16.7710999382867 16.98552831014 17.2482626173231 17.1505165100098
29.1229807535807 25.0944504208035 25.6497097015381 26.6882898542616 26.5186208089193 25.6359123653836 23.5524044036865 24.4673764970567 23.9076446957058 23.7795092264811 24.0212726593018 25.6744210984972 27.0317064921061 27.2226238250732 26.8014170328776 25.8240909576416 25.2091566721598 23.5858928892348 22.141749382019 21.7949842876858 21.3959353764852 21.6863067415025 21.799321492513 21.6579449971517 20.9649661382039 20.8502343495687 20.8618185255263 19.949251598782 19.8861382802327 19.4734622107612 19.4862666659885 19.852434264289 20.4453531901042 20.8796929253472 19.9954848819309 18.7655961778429 17.9924109776815 17.6303531858656 17.7824796040853 17.4136980904473 17.4983412424723 17.2675144407484 17.0738112131755 17.0701047049628 16.7177359263102 16.6684643427531 16.6628941429986 16.8320880466037 17.2966279983521
25.7172484927707 25.4201234181722 26.2853037516276 27.0434606340196 25.7613285912408 26.2041863335503 24.7608831193712 22.4802560806274 22.8398895263672 22.6015400356717 22.3585338592529 23.4445847405328 23.9245058695475 23.7668283250597 22.7555781470405 22.627293586731 22.6182811525133 22.4801823298136 23.0579394234551 23.0020370483398 22.304171456231 21.6618813408746 21.0249902937147 21.1769014994303 21.1395179960463 20.508334795634 20.2761635250515 20.0384372075399 20.4892093870375 20.7761212454902 20.5291264851888 20.4175693723891 20.4227800369263 20.385285059611 20.6093979941474 21.3944423463609 21.117688814799 19.4028945498996 18.5678598615858 18.2831800248888 17.8919987148709 17.686986817254 17.2445312076145 16.9239808188544 16.6006413565742 16.5136826833089 16.2271100150214 15.8564303716024 16.3894853591919
27.3645437028673 29.138843536377 28.66820441352 29.9788922203912 29.5883335537381 28.3517617119683 27.5592551761203 24.2967423333062 21.6988959842258 21.8199858135647 21.0008283191257 21.9100145763821 23.8190242979262 23.2030457390679 22.5534593794081 21.983231332567 21.9860116110908 22.6257752312554 23.2400312423706 23.3432448705037 23.4837046729194 22.5778662363688 21.5005794101291 20.5999514261882 20.7213268280029 20.3783006668091 20.0554751290215 20.0662056605021 19.9201935662164 20.0972107781304 20.0387054019504 20.0474076800876 19.9829610188802 19.8722377353244 19.7556198967828 20.0953709284465 20.3500949011909 20.3720842997233 19.618876669142 18.670705265469 18.3899463017782 18.072300169203 17.7650619082981 17.7665015326606 16.8564560148451 16.577210744222 15.7882520887587 16.2178322474162 16.7043421003554
28.0606695810954 25.3005394405789 26.5699323018392 28.3400908576118 27.7002260420058 27.6992518107096 30.7940951453315 28.9103497399224 24.8772197299533 23.7281991110908 22.269033326043 20.8845285839505 20.7550899717543 20.9877585305108 21.5080025990804 21.094061003791 21.1613490846422 21.8848159578111 22.4844825532701 22.7348696390788 22.9466569688585 22.3545007705688 22.169540087382 21.6222893397013 21.8838008244832 21.5189680523343 20.3794174194336 20.1449800067478 20.0133156246609 19.6928866704305 19.4660970899794 19.3268378575643 19.4092664718628 19.4983354144626 19.5397769080268 20.0098818673028 19.8565763897366 19.7999409569634 19.1219289567735 18.9180530971951 18.4388619528876 17.9803234736125 17.886348830329 17.6939083735148 17.3749102486504 16.6999991734823 16.9113133748372 16.313315709432 16.1497580210368
28.425334294637 27.2722610897488 25.6727292802599 23.0815948910183 25.9051204257541 30.045377307468 28.4440093570285 29.383672926161 28.5590133666992 27.1939341227214 24.8970806333754 21.4213893678453 20.7138646443685 21.3521995544434 21.0298473570082 21.1191373401218 20.4784356223212 20.5463213390774 20.5778487523397 20.7285590701633 20.7823799981011 21.0852053960164 21.64762518141 21.5911611980862 21.4677316877577 20.986385875278 20.7146266301473 20.5484111573961 20.3290218777127 20.325611114502 20.1161733203464 19.3504861195882 19.1586759355333 19.0111134847005 19.27003426022 19.4579107496474 20.429115401374 19.9273980458577 19.0527488920424 18.6254145304362 18.3505725860596 18.0701933966743 17.8217569986979 17.6213155322605 17.3042572869195 17.0274679395888 17.2649935616387 16.0495200686985 15.2931069268121
32.050874710083 32.8027341630724 30.3705645667182 25.8350382910834 22.6151297887166 23.0889250437419 24.5353344811334 23.8048931757609 23.9485461976793 24.7405915790134 24.6051989661323 24.0447364383274 23.3366930219862 22.6244806713528 21.5879703097873 21.2632828818427 21.0780154334174 20.5228787528144 20.9081394407484 21.0406743155585 21.382561577691 21.5084326002333 21.2693282233344 21.5585540135701 21.6731850306193 21.6370395024618 21.541090965271 21.3511329227024 20.4972549014621 20.107182820638 19.936699019538 19.6856962839762 19.1725447972616 19.0971453984578 19.0878061718411 18.8980492485894 18.9735777113173 18.8864216274685 18.8317175971137 18.4026544358995 18.3451451195611 18.1129801008436 17.7992400063409 17.1834751764933 16.7085110346476 16.3352241516113 15.9356171819899 15.9311734305488 15.6487364239163
24.576355404324 27.4489233228895 28.6479901207818 27.182927025689 25.6031188964844 22.3042003843519 20.7243492338392 20.4795016182794 20.4307336807251 20.4947839313083 20.5980122884115 20.824957953559 21.2659904691908 20.8273733986749 20.8756299548679 21.2152260674371 21.1047991646661 20.4026611116197 20.1260744730632 20.2068124347263 20.2759252124363 20.1624926461114 20.3131594128079 20.3505164252387 20.7032137976752 20.9641791449653 20.8766320546468 20.8693037033081 19.9872012668186 19.9770310719808 19.9668614069621 20.0886031256782 20.5165661705865 20.2830805248684 19.4027441872491 19.2532557381524 18.9463522169325 18.6217889785767 18.5566391415066 18.523203531901 18.3236516316732 17.9131341510349 17.1858627531264 17.1115544637044 16.3925695419312 15.9197158283657 15.5566493140327 15.1776118808322 15.1730246543884
