data/test_2003/bio12_avg_1994-2002.asc
NCOLS 664 
NROWS 380 
XLLCORNER 3.91666666666667 
YLLCORNER 55.3333333333333 
CELLSIZE 0.0416666666666667 
NODATA_value -9999 
[rows 154 to 175 of 380, columns 294 to 342 of 664]
644.02234225803 634.824517144097 635.105567084418 634.300364176432 635.785698784722 637.214803059896 648.614227294922 647.725511338976 639.074676513672 640.352922227648 644.059651692708 651.325961642795 652.164394802517 642.851826985677 642.135932074653 633.744283040365 634.718580457899 643.951687282986 642.713026258681 637.620635986328 643.906178792318 640.25008477105 640.232567681207 642.210076226128 638.165117051866 644.050845675998 657.846093071832 682.778988308377 704.604580349392 707.598327636719 704.419559054905 712.053148057726 705.771301269531 694.728302001953 696.258683946398 709.684282090929 737.831169976128 734.799492730035 711.973097059462 685.577043321398 696.456936306424 683.283026801215 655.08603922526 638.326856825087 629.509792751736 621.003462049696 616.624182807075 617.008595784505 613.461541069878
649.075907389323 645.183817545573 633.903276231554 630.286302354601 629.495439317491 629.567616780599 628.682539198134 631.002275254991 643.834014892578 640.093692355686 632.517720540365 656.759256998698 650.069847954644 639.797841389974 621.632100423177 612.185156928168 608.23777601454 611.038221571181 610.079772949219 616.071733262804 626.517367892795 625.625169542101 629.331970214844 641.632219102648 649.687930636936 650.849419487847 665.437167697483 660.831414116753 681.67374335395 698.454935709635 710.370157877604 717.802680121528 725.198825412326 719.337653266059 715.692321777344 712.178575303819 711.532938639323 706.719872368707 700.444281684028 693.607289632161 675.350908067491 663.556128607856 653.722405327691 642.185797797309 637.461632622613 632.41168891059 635.900627983941 627.445529513889 620.134351942274
691.466512044271 686.395039876302 660.846232096354 631.946533203125 629.471289740668 626.470655653212 630.000996907552 624.942569308811 622.480960422092 620.964175754123 622.237752278646 627.787492540148 625.442959255642 641.950497097439 608.020005967882 603.150546603733 593.008382161458 604.462331136068 611.32127210829 613.280982123481 631.942094590929 645.053941514757 622.109727647569 628.017320421007 642.491719563802 663.067616780599 653.676581488715 665.944535997179 660.013108995226 681.997039794922 703.726386176215 713.087327745226 720.890163845486 729.26995171441 731.940077039931 723.905266655816 720.39348687066 711.54631890191 710.398044162326 722.355828179253 690.91116672092 674.209252251519 662.067152235243 651.399241129557 644.082034640842 643.723985460069 648.266893174913 639.886288113064 624.005516899957
694.372938368056 696.76227484809 680.390021430122 664.081698947483 645.784647623698 630.658932156033 628.956800672743 634.388390435113 640.120276557075 629.142754448785 616.193539089627 613.43510945638 609.616472032335 617.045850965712 605.244262695312 607.446851942274 581.67882961697 588.729726155599 604.328799777561 622.719262017144 640.982801649306 618.301333957248 608.71294148763 620.173350016276 626.085452609592 620.461642795139 635.024030897352 627.568498399523 649.303619384766 677.354461669922 690.093729654948 706.092617458767 712.509006076389 724.100118001302 730.552327473958 742.949225531684 730.142483181424 720.670430501302 717.982998318142 717.902479383681 698.954498291016 686.131595187717 689.900790744358 676.287390814887 665.546044243707 649.802215576172 651.398406982422 653.269314236111 641.660447862413
732.08359781901 725.230875651042 712.107272677951 699.200988769531 672.955742730035 641.10607571072 634.281141493056 640.664442274306 650.484517415365 636.436808268229 637.534623887804 626.779429117839 607.755327012804 602.726650661892 612.331149631076 587.619435628255 587.611297607422 589.724046495226 591.753672281901 592.40342203776 603.964148627387 604.009538438585 603.773603651259 606.632527669271 609.673987494575 608.426940917969 626.533989800347 629.457550048828 647.209201388889 666.851118299696 683.687805175781 684.972418891059 693.729434543186 709.309278700087 719.100524902344 732.557895236545 742.471733940972 730.244398328993 715.567633734809 701.051486545139 691.50924343533 684.79298570421 677.027852376302 670.671030680339 668.644283718533 663.122467041016 656.866821289062 659.240939670139 649.708672417535
762.153008355035 768.159688313802 758.472439236111 743.597032335069 700.773451063368 669.139370388455 667.507636176215 674.023603651259 646.311343722873 639.57218085395 636.935499403212 623.823967827691 613.006032307943 598.868818495009 597.830671522352 598.623630099826 613.143164740668 625.828820122613 614.051049126519 611.023685031467 598.680413140191 592.296152750651 593.227199978299 601.439805772569 605.239393446181 603.840240478516 611.584174262153 611.410732693142 621.537651909722 632.453030056424 668.882619222005 684.593929714627 685.155965169271 693.536373562283 704.481858995226 721.941657172309 738.817192925347 723.677191840278 712.094875759549 704.869513617622 695.051984998915 685.558820936415 680.011149088542 668.537977430556 671.526448567708 671.036732991536 670.949900309245 678.913421630859 670.442003038194
717.429124620226 724.123826768663 729.553365071615 756.706366644965 759.326300726997 697.157660590278 682.380004882812 685.721835666233 670.250108506944 651.179646809896 649.59265475803 634.720625135634 628.684366861979 638.145501030816 600.975073920356 610.403384738498 617.445410834418 608.3470831977 601.968465169271 597.845133463542 594.830908881293 591.305874294705 591.361650254991 601.522820366753 605.453942192925 605.129140218099 605.772020128038 607.235917833116 607.446865505642 619.930182562934 634.601484510634 645.576059977214 667.240390353733 692.557345920139 694.846794976128 691.850562201606 711.519822862413 723.128506130642 715.982720269097 716.025512695312 705.257398817274 690.678666856554 689.220540364583 679.614369710286 677.490943060981 696.716871473524 678.819780137804 679.866380479601 682.533576117622
715.376376681858 703.271850585938 688.070454915365 699.957295735677 729.156921386719 711.221327039931 690.143018934462 680.337185329861 690.10456000434 694.594462076823 675.416113959418 649.980584038628 625.60691663954 624.040174696181 606.424207899306 608.378106011285 606.395463731554 617.897210015191 642.350613064236 615.263987223307 599.233076307509 607.264573838976 601.811289469401 597.489227294922 589.00303141276 598.45317586263 608.940182156033 616.081325954861 606.122667100694 611.182349310981 653.196672227648 660.746249728733 675.581892225477 690.180464002821 674.005499945747 667.062408447266 686.723066541884 680.748491075304 681.367980957031 706.049967447917 708.873243543837 707.656127929688 696.250115288628 692.84085422092 682.229261610243 681.173712836372 686.357588026259 683.867387559679 682.633378770616
661.629211425781 684.849277072483 702.507195366753 689.578097873264 680.077528211806 683.767361111111 678.970784505208 669.233269585503 667.45989312066 686.448160807292 684.704440646701 682.97863430447 648.302005343967 636.515346950955 630.584055582682 620.268761528863 613.483354356554 629.024386935764 690.625617133247 631.036529541016 617.556376139323 633.945343017578 616.155982123481 611.870846218533 601.766825358073 590.490939670139 605.294206407335 612.409471299913 609.295708550347 610.586534288194 610.370154486762 629.983584933811 640.364946153429 660.243811713325 655.308780246311 654.532168918186 669.766937255859 671.937072753906 662.586741129557 669.759385850694 702.375603569878 709.557067871094 702.282877604167 690.714694552951 682.320573594835 697.468288845486 695.161695692274 688.701293945312 693.540866427951
622.742733425564 635.24311319987 669.468383789062 682.497856987847 673.774570041233 672.322699652778 664.60886976454 661.485704210069 665.712910970052 668.348327636719 663.486897786458 659.626112196181 646.530456542969 646.622968885634 650.826504177517 650.360110812717 636.86176554362 622.365051269531 619.979471842448 619.184922960069 613.564297146267 630.91466946072 645.286841498481 646.342366536458 620.455546061198 605.050493028429 612.065911187066 627.192626953125 637.978505452474 637.39543999566 640.35290866428 614.860663519965 624.052754720052 653.291093614366 651.074581570095 649.745758056641 663.328799777561 679.687856038411 675.407806396484 681.587900797526 664.964779324002 663.74757554796 674.829054090712 675.708974202474 665.459428575304 663.10206773546 674.210717095269 674.141340467665 686.244222005208
625.569576687283 626.326426188151 628.473388671875 631.137349446615 650.06506008572 654.792744954427 647.456960042318 653.974178738064 661.90523952908 672.633422851562 668.753241644965 668.293273925781 663.478305392795 654.403123643663 644.325724283854 655.471852620443 650.401251898872 641.923248291016 642.955349392361 647.063537597656 641.916107177734 650.925611707899 645.700432671441 637.305443657769 612.600009494358 610.594767252604 629.83443874783 643.987908257378 647.735636393229 645.729014078776 629.359500461155 618.030605740017 618.940748426649 626.463205973307 634.590142144097 637.839575873481 647.744154188368 666.078925238715 675.251037597656 674.092430962457 667.427931043837 661.195075141059 662.179117838542 674.561781141493 660.961602105035 650.524356418186 649.131978352865 662.172475179036 664.890326605903
634.908843994141 654.551957872179 638.830712212457 630.151862250434 640.865102132161 654.91603257921 652.275522867839 646.69334242079 650.349616156684 659.211364746094 663.954715304905 666.217051188151 669.996283637153 668.815110948351 665.926961263021 658.765218098958 651.741204155816 649.524820963542 662.740865071615 650.539265950521 653.564710828993 672.844512939453 660.464935302734 644.902774386936 649.402957492405 627.721886528863 610.896107991536 630.963165283203 620.383541531033 617.064181857639 621.090945773655 631.22896999783 625.138437906901 624.281846788194 634.258500840929 638.128868950738 651.469848632812 654.550604926215 649.339925130208 654.314544677734 659.319888644748 656.008236355252 668.386464436849 636.102206759983 634.830732557509 630.552985297309 632.642164442274 629.255649142795 641.158484564887
618.379584418403 631.525804307726 640.373046875 645.001335991753 682.383558485243 682.223571777344 663.179548475477 650.518751356337 656.747901068793 687.106675889757 687.32327609592 694.038241916233 681.162773980035 674.279693603516 680.762956407335 677.714141845703 666.378370496962 655.971893310547 660.133331298828 649.831960042318 645.53618367513 686.776916503906 686.39934624566 652.59329562717 646.574700249566 649.637264675564 609.379187689887 624.343136257595 623.999813503689 622.725084092882 620.579077826606 621.429541693793 624.322499593099 625.222927517361 633.27160305447 631.074313693576 653.957010904948 628.021779378255 640.081536187066 638.974928114149 635.546464708116 632.703833685981 627.31581624349 625.932379828559 620.646206325955 617.501922607422 626.442355685764 623.094651963976 620.707526312934
657.129133436415 634.882585313585 627.145897759332 652.604990641276 669.733778211806 683.441840277778 676.91744656033 666.954460991753 662.395345052083 672.102294921875 682.892564561632 686.039747450087 690.813218858507 689.052381727431 700.356886121962 692.430969238281 675.866339789497 669.76264444987 665.795633951823 671.830366346571 656.385091145833 636.689178466797 633.462412516276 633.442633734809 629.801998562283 627.973331027561 617.440826416016 611.597476535373 613.228400336372 618.428073459201 616.02742852105 627.096666124132 639.02111477322 651.431813557943 651.568776448568 657.314938015408 641.048312717014 653.240831163194 637.699669731988 642.55953640408 673.372331407335 676.354848225911 659.63537258572 650.125868055556 645.730275472005 618.744859483507 623.496741400825 638.432752821181 645.750742594401
633.043579101562 632.196163601345 634.605489095052 664.872097439236 658.358537462023 673.246344672309 683.125257703993 685.586310492622 679.03616672092 684.767001681858 682.129903157552 685.496439615885 693.366326226128 703.951741536458 702.783264160156 707.115030924479 691.637980143229 691.835462782118 681.169413248698 685.492309570312 678.481028238932 654.39001803928 634.945173475477 630.845133463542 647.402509901259 647.876759847005 628.078047010634 614.217976888021 625.301734076606 628.119940863715 629.986999511719 623.411363389757 634.637895372179 674.579094780816 684.966959635417 676.446516248915 671.347961425781 668.126708984375 671.18155585395 657.431915283203 654.14985148112 650.83595445421 635.270711263021 624.92051188151 617.432040744358 616.849704318576 614.59582180447 614.194719102648 617.173780653212
620.773111979167 627.304887559679 645.469394259983 633.323757595486 641.027862548828 649.613874647352 666.797075059679 678.627529568142 692.557773166233 708.377522786458 710.193366156684 697.327948676215 698.739522298177 702.060574001736 705.282511393229 720.96393500434 707.726732042101 700.582878960503 688.77535671658 674.33745320638 700.01129828559 693.060641818576 667.238759358724 649.723286946615 628.212507459852 624.900183783637 631.499454074436 619.730526394314 641.132676866319 638.935618082682 645.72026570638 644.553131103516 638.276536729601 641.194519042969 675.081258138021 658.144687228733 679.098710801866 680.971459282769 673.478502061632 684.722961425781 678.330613878038 681.213392469618 648.821882459852 638.410668267144 638.332095675998 670.056901719835 641.527679443359 615.542856852214 612.335384792752
660.550347222222 624.479237874349 639.464942084418 642.855268690321 638.2408074273 635.322502983941 647.403293185764 666.459564208984 695.640502929688 702.699835883247 706.088026258681 722.035875108507 723.531155056424 723.796936035156 720.061747233073 743.048217773438 759.41510687934 763.555352105035 730.653232150608 710.008877224392 703.600084092882 669.673736572266 654.414835611979 644.792700873481 652.214392768012 636.69037882487 627.282433403863 641.540693495009 623.827640109592 624.760586208767 630.56384616428 630.476854112413 643.004750569661 642.724734836155 638.342532687717 643.120385064019 652.690090603299 660.645782470703 671.690534803602 678.620530870226 672.479695638021 670.273071289062 651.370045979818 686.286254882812 681.065599229601 673.542297363281 680.249043782552 664.308834499783 640.541019015842
646.191701253255 637.197041829427 626.050011528863 646.990573459201 641.610700819227 640.949696858724 651.524709065755 654.011305067274 674.303927951389 702.688245985243 713.497531467014 744.950371636285 770.943535698785 766.135206434462 751.274773491753 757.742601182726 785.70602077908 771.654703776042 730.957750108507 703.910407172309 717.292731391059 688.444647894965 658.570173475477 643.343539767795 673.602990044488 641.350870768229 627.964301215278 632.959157307943 645.02730984158 630.279866536458 640.521250406901 638.210228814019 636.005581325955 641.964511447483 643.830230712891 646.103651258681 652.820546468099 670.391360812717 661.837768554688 651.318094889323 666.47466023763 678.872029622396 673.516967773438 651.668056911892 661.557535807292 660.466820610894 694.968200683594 704.085578070747 667.882615831163
656.620422363281 637.276828342014 628.319580078125 637.034525553385 629.41500515408 631.784861246745 651.854922824436 658.445465087891 655.469004313151 675.669284396701 702.008470323351 723.100396050347 744.110982259115 734.522420247396 743.100735134549 769.14805094401 773.460272894965 749.807556152344 729.05653889974 699.930114746094 701.084533691406 690.91640218099 670.442847357856 642.602681477865 663.158837212457 650.085191514757 638.551998562283 654.935407850477 676.714314778646 661.643215603299 671.018307156033 684.139363606771 666.427371554905 648.518544514974 662.019646538628 675.132168240017 710.29729546441 689.49961344401 668.994364420573 668.191779242622 671.193166097005 683.443596733941 679.245669894748 684.385599772135 679.883639865451 637.365919325087 653.359405517578 676.634385850694 658.50191921658
637.493642171224 624.283365885417 614.224985758464 622.125311957465 626.300021701389 648.442647298177 648.77926296658 656.55423312717 646.470136854384 668.521809895833 697.947808159722 714.914265950521 711.061258951823 691.71006266276 725.450914171007 755.814798990885 747.296780056424 721.785196940104 718.010301378038 719.774190266927 724.242268880208 688.245293511285 674.652682834201 656.122280544705 638.66111585829 636.651390923394 641.126702202691 658.395128038194 662.288686116536 672.568844265408 668.549170600043 688.797342936198 682.519171820747 680.101735432943 679.044698079427 670.474270290799 681.022070990668 705.593010796441 697.372131347656 674.013614230686 695.788126627604 680.852891710069 691.003662109375 676.267890082465 663.767893473307 662.315416124132 641.280351426866 644.462287055122 631.445281982422
638.816925048828 626.709916856554 623.723297119141 653.055223253038 634.808447943793 629.056162516276 646.053144666884 658.802168104384 674.566935221354 668.838148328993 692.886027018229 701.548645019531 709.082804361979 711.382636176215 676.480970594618 719.240193684896 738.368726942274 720.71341281467 717.678249782986 686.03763156467 669.479770236545 660.433315700955 662.407219780816 645.063171386719 640.203809950087 645.310438368056 650.330871582031 657.772362603082 666.074649386936 699.989997016059 703.945359971788 688.073486328125 676.805823432075 677.712320963542 696.263068305122 711.659511990017 710.589274088542 708.582926432292 705.365071614583 698.635348849826 703.741048177083 702.81483968099 694.779351128472 698.826178656684 676.905029296875 651.696773952908 673.277903238932 679.216600206163 675.629333496094
647.725813123915 616.06340874566 632.352121988932 658.57511054145 642.452555338542 637.654310438368 636.875834147135 652.889655219184 667.693488226997 671.997775607639 650.437489827474 662.067979600694 699.592827690972 714.511834038628 695.976467556424 652.416463216146 701.752143012153 696.968343098958 733.363850911458 729.416815863715 677.682495117188 648.681871202257 636.49757554796 632.260721842448 654.798017713759 696.632473415799 694.405497233073 686.160664876302 672.383653428819 679.625969780816 702.26314968533 708.273498535156 716.562486436632 706.190382215712 687.362006293403 696.533983018663 681.890065511068 708.109042697483 724.564737955729 708.900614420573 696.10780843099 694.660237630208 689.257575141059 693.34075249566 693.080234103733 688.660163031684 698.522216796875 697.176873101128 658.476382785373
