data/test_2003/bio18_avg_1994-2002.asc
NCOLS 664 
NROWS 380 
XLLCORNER 3.91666666666667 
YLLCORNER 55.3333333333333 
CELLSIZE 0.0416666666666667 
NODATA_value -9999 
[rows 264 to 285 of 380, columns 588 to 636 of 664]
-9999 -9999 -9999 -9999 -9999 -9999 -9999 -9999 -9999 -9999 -9999 -9999 -9999 -9999 -9999 -9999 -9999 193.028479682075 -9999 196.16838921441 195.994361029731 196.811689588759 195.775853474935 195.442477756076 196.249621921115 -9999 -9999 -9999 -9999 -9999 -9999 -9999 -9999 -9999 195.012997097439 196.074166191949 194.902837117513 194.847747802734 196.211822509766 196.156268649631 197.098578559028 197.734013875326 198.787819756402 198.731331719293 199.670054117839 199.025631374783 197.854948255751 197.791748046875 196.732081095378
-9999 -9999 -9999 -9999 -9999 -9999 -9999 -9999 -9999 -9999 -9999 -9999 -9999 -9999 -9999 -9999 -9999 -9999 -9999 -9999 -9999 -9999 -9999 -9999 -9999 -9999 -9999 -9999 -9999 -9999 -9999 -9999 -9999 -9999 -9999 -9999 195.247512817383 195.196397569444 196.258349948459 196.206320868598 196.154290093316 197.100723266602 197.048928154839 199.795284695095 198.049523247613 197.990144517687 197.930769178602 197.871390448676 198.919128417969
-9999 -9999 -9999 -9999 -9999 -9999 -9999 -9999 -9999 -9999 -9999 -9999 -9999 -9999 -9999 -9999 -9999 -9999 -9999 -9999 -9999 -9999 -9999 -9999 -9999 -9999 -9999 -9999 -9999 -9999 -9999 -9999 -9999 -9999 -9999 203.446114434136 193.597196790907 195.661265055339 196.304880777995 196.256378173828 197.206459893121 198.268419053819 198.219236585829 198.17005581326 198.117691040039 198.062137179905 198.006586710612 199.058597140842 196.207694159614
-9999 -9999 -9999 -9999 -9999 -9999 -9999 -9999 -9999 -9999 -9999 -9999 -9999 -9999 -9999 -9999 -9999 -9999 -9999 -9999 -9999 -9999 -9999 -9999 -9999 -9999 -9999 -9999 -9999 198.092934502496 193.925984700521 193.582188924154 194.081305609809 196.152396308051 197.223900689019 -9999 -9999 196.396375868056 196.351403130425 196.306425306532 196.261461046007 195.524459838867 196.589074028863 198.651399400499 199.29411315918 199.242241753472 199.080479939779 199.138497246636 199.086625840929
-9999 -9999 -9999 -9999 -9999 -9999 -9999 -9999 -9999 -9999 -9999 -9999 -9999 -9999 -9999 194.059277004666 196.205230712891 197.194697062174 199.032704671224 199.009441799588 199.839521620009 201.339555528429 199.840981377496 200.632719251845 199.580237494575 -9999 197.868136935764 -9999 -9999 205.280368381076 202.40385945638 196.418919881185 196.222661336263 197.9906378852 -9999 -9999 -9999 -9999 194.592934502496 195.551479763455 196.621839735243 195.888022528754 197.648701985677 198.606106228299 199.669358995226 201.727939181858 201.678843180339 201.213907877604 198.478156195747
-9999 -9999 -9999 -9999 -9999 -9999 -9999 -9999 -9999 -9999 -9999 -9999 -9999 -9999 -9999 198.156370374891 198.129628499349 199.820249769423 200.809507581923 201.939081827799 201.748246934679 202.407533433702 203.194844563802 203.533918592665 203.484515719944 202.112982855903 201.752358330621 201.391737196181 202.036046346029 201.673924763997 202.432713826497 198.562862820095 198.364410400391 -9999 206.825578477648 205.67098320855 206.051835801866 206.01136440701 205.970909966363 -9999 -9999 -9999 198.70881652832 199.779227362739 202.8447265625 206.292288886176 206.245956420898 202.40252855089 201.664425320095
-9999 -9999 -9999 -9999 -9999 -9999 -9999 -9999 -9999 -9999 -9999 -9999 -9999 197.269666883681 199.410185072157 199.379804823134 201.066240098741 201.037068684896 201.711290147569 203.852466159397 203.65619913737 205.457785712348 206.805845472548 206.436299641927 207.078696356879 206.707639906141 207.469077216254 207.094958835178 206.025304158529 204.528625488281 205.278671264648 203.094913058811 201.892178005642 201.164410061306 200.550428602431 200.514889187283 198.253058539497 198.525767008464 -9999 206.982299804688 206.834718492296 207.908755832248 201.572523328993 201.536802503798 202.497870551215 204.563925849067 203.523020426432 202.483059353299 200.639675564236
-9999 -9999 193.721232096354 193.724063449436 -9999 -9999 -9999 -9999 -9999 -9999 -9999 -9999 -9999 -9999 203.059399074978 203.331000434028 204.00469801161 203.973008897569 206.113437228733 206.784144083659 206.582526312934 208.376883612739 208.001449584961 210.48122660319 208.263548109266 208.898003472222 209.651575724284 209.269963582357 210.014250013563 209.629552205404 207.431209988064 208.166987101237 207.265735202365 205.117167154948 204.39172024197 203.358225504557 202.213027954102 201.376225789388 200.651150173611 199.61892191569 199.587326049805 199.555723402235 199.524122450087 201.601789686415 201.566974216037 201.529556274414 201.492146809896 200.760606553819 200.723169962565
194.454797532823 196.63586086697 197.8249935574 198.545103285048 198.553551567925 198.561996459961 198.570432874891 -9999 200.740761650933 -9999 203.559378729926 203.231953938802 204.201341417101 205.881698608398 206.004335191515 206.274132622613 206.945010715061 208.771906534831 209.752488878038 209.717376708984 209.510311550564 210.149966769748 210.913609822591 211.670979817708 211.160146077474 210.774848090278 211.521228366428 211.132790459527 210.048975626628 211.789725409614 211.397335476345 208.88592698839 207.984746297201 207.955590142144 207.233286539714 207.203962537977 206.481189303928 205.339704725477 203.615802341037 203.586786905924 202.863691541884 203.528749254015 203.499733818902 203.470721774631 202.744805230035 202.711247762044 202.677686903212 202.644134521484 202.610573662652
197.836125691732 200.735756768121 202.454750908746 200.296581692166 201.492199367947 203.681374443902 203.227576361762 201.536882188585 204.412517971463 204.377192179362 204.341868082682 207.189420912001 207.153242323134 207.823594835069 208.951312594944 209.924192640516 209.887168036567 211.711329142253 213.142805311415 213.103395250109 213.589933607313 214.219172159831 213.127360026042 213.434919569227 214.057812160916 214.79855855306 212.573632134332 212.180650499132 211.787675645616 211.821836683485 211.426398383247 211.030973646376 209.706793891059 210.101508246528 210.075505574544 207.241294013129 207.215684678819 207.080164591471 207.471988254123 206.444608900282 206.418799506293 206.392993503147 206.782202826606 205.646292792426 204.618226793077 204.588629828559 202.754330105252 202.724667019314 201.696758694119
198.746327718099 203.5382876926 205.25570848253 204.749599880642 205.474807739258 208.373852199978 209.098780314128 206.228556315104 207.213165283203 207.178187052409 207.851323445638 208.818350897895 209.954357571072 212.092927720812 212.762129041884 215.604027642144 217.740641276042 218.405890570747 219.522993299696 219.482311672635 218.568432278103 219.202845255534 217.798133002387 218.429470486111 216.904929267036 216.521375868056 217.269417656793 218.01121351454 217.934707641602 216.421781751845 214.220886230469 214.953038533529 213.741914537218 213.713478936089 212.991299099392 210.15305074056 211.821163601345 211.098553127713 211.487757364909 211.041586981879 210.428648206923 210.399914211697 208.565046522352 208.53645324707 207.506413777669 205.669184366862 204.942186143663 204.910825941298 203.881291707357
200.448513454861 203.338036431207 206.22758992513 207.417226155599 208.133734809028 208.850009494358 208.857335408529 210.044177585178 208.851474338108 210.990712483724 213.836600409614 210.923197428385 212.058473375109 213.732988145616 216.574983384874 219.415420532227 219.379321628147 220.357888115777 220.323989868164 221.44320848253 221.247300889757 220.192262437609 220.536007351345 220.180367363824 220.140570746528 218.771611531576 218.416451348199 218.061284383138 217.587512546115 218.357688056098 219.006427341037 217.953857421875 216.640109592014 217.024185180664 215.28936598036 213.441916571723 213.404603746202 213.367282443576 213.329961140951 212.291659884983 212.672659979926 212.635167439779 211.484990437826 210.752114189996 208.906192355686 207.868438720703 206.831495496962 205.68189324273 203.950368245443
201.441494411892 203.13778008355 206.725455390082 207.908182779948 209.605968899197 209.606721666124 211.778728908963 211.966049194336 210.772482977973 211.918343438043 213.590279473199 214.731006198459 214.698721991645 216.374423556858 218.514428032769 220.194559733073 221.324956258138 220.59248691135 221.26182047526 222.383382161458 222.204672919379 222.897538926866 222.57260301378 221.549523247613 220.0855339898 219.763727823893 219.441918267144 219.120115492079 218.798311021593 218.786476982964 219.586254543728 218.140930175781 217.261072794596 217.21496242947 217.168848673503 216.427149454753 215.379435221354 215.3335808648 214.592000325521 213.850321451823 213.804370456272 212.062554253472 212.016866048177 210.857021755642 209.001778496636 207.261915418837 207.332222832574 206.174353705512 205.016947428385
204.12836710612 204.827589246962 207.697192721897 207.690063476562 208.671842787001 211.541139390734 211.534489949544 212.706107245551 213.395183987088 214.544153849284 214.5163998074 217.361375596788 219.036914401584 220.17599995931 219.445180257161 221.125155978733 222.257756551107 222.228651258681 221.044275919596 222.032989501953 223.02769809299 220.891586303711 220.604554918077 220.317521837023 220.728188408746 220.440994262695 220.153800116645 222.006795247396 219.889163547092 219.600960625543 219.312762790256 218.327997843424 217.577814737956 216.403508504232 217.468705919054 218.41571214464 218.360829671224 215.490437825521 214.739951239692 213.989500257704 213.935390896267 213.184999254015 213.248024834527 212.077911376953 211.328625149197 209.162711249457 208.113132052951 208.061781141493 207.314314100477
206.810770670573 207.500781589084 210.360321044922 210.3455013699 212.499482896593 212.484283447266 213.173361884223 214.33578660753 216.195960150825 218.337527804905 217.13976711697 217.818255954319 218.793519761827 220.638010660807 220.61304558648 222.755332099067 222.030814276801 223.016262478299 220.826719495985 222.971496582031 222.135348849826 222.578174167209 221.625864664714 221.371120876736 221.116372002496 221.870893690321 220.606884426541 221.359310574002 221.103522406684 219.842647976345 218.890343560113 219.638595581055 219.47900390625 219.41562906901 217.957589043511 216.773481580946 217.83120557997 216.070405748155 214.887898763021 215.248040093316 216.184902615017 216.121895684136 213.245291815864 212.18463812934 211.427739461263 213.181969536675 213.122392442491 212.366551717122 209.498296101888
208.505781385634 209.668114556207 210.346394856771 211.307356092665 211.283704969618 211.962861802843 213.402850680881 214.081473456489 216.928202311198 218.082275390625 216.889741685655 218.039789835612 219.717381795247 220.697926839193 220.680174085829 221.823632134332 222.502366807726 222.792399088542 222.774629380968 222.756863064236 223.334959242079 225.276034884983 223.345175849067 223.123206244575 222.901221381293 223.687469482422 221.759511311849 221.409047444661 221.188310411241 220.269341362847 221.176194932726 222.654218885634 221.807283189562 219.609317355686 218.839238484701 219.768498738607 217.99796210395 217.926435682509 216.035708957248 215.964747111003 215.196560329861 214.126993815104 213.359668307834 212.291363186306 212.223473442925 213.276221381293 213.209799872504 211.329425387912 210.267113579644
208.310453626845 208.279830932617 210.134931776259 211.08684624566 212.741831461589 213.189824422201 213.157803005642 215.991280449761 217.142449273003 217.827021280924 216.639726426866 218.319883558485 219.473534478082 221.622211032444 221.607111612956 221.592022365994 221.57691277398 221.561821831597 221.546715630425 222.542238023546 222.443381415473 223.407757229275 223.221035427517 223.034310234918 223.990037706163 222.970426771376 222.782577514648 222.157050238715 221.402109781901 222.219058566623 222.031214396159 220.716062757704 219.88335164388 219.103659735786 219.02355617947 218.943462795681 217.040366278754 217.960801866319 217.880976359049 216.104092068142 215.327189127604 215.24821472168 214.171254475911 213.095070732964 212.322797987196 212.250172932943 211.180825127496 210.411966959635 210.339714898003
206.926408555773 209.057854546441 209.720275878906 210.866339789497 212.992429945204 214.132058037652 215.77586195204 216.910970052083 217.583701239692 216.39975145128 219.25059000651 219.938668145074 219.229700724284 221.081432766385 221.068693372938 221.05595058865 221.349970499674 222.496471828885 222.336135864258 224.17599995931 222.943874782986 222.794889662001 223.793111165365 222.945421006944 222.657567342122 222.507424248589 222.491014268663 221.640926784939 220.353769938151 220.637447781033 220.485019259983 220.205479939779 219.083965725369 219.296381632487 220.208628336589 218.419676038954 219.331434461806 219.242833455404 216.330891927083 216.243435329861 217.280532836914 216.194691975911 215.409661187066 215.322486029731 214.54163784451 214.461290147569 211.566616482205 211.487374199761 209.715798272027
211.764012654622 211.718416002062 210.692423502604 212.527347140842 215.340745713976 216.274642944336 216.226119995117 217.352737426758 218.497007581923 218.487906561957 219.469382392036 220.159388224284 220.151779174805 220.840705023872 220.83272128635 221.824586656359 221.818462795681 221.812344021267 222.811611599392 223.266153971354 223.205181545681 221.939461602105 221.825091891819 222.716942681207 221.596338907878 221.481964111328 220.669253879123 221.558246188694 221.575842963325 221.893505520291 220.641235351562 218.69111972385 218.58472527398 219.489113701714 220.521270751953 221.423970540365 218.498235066732 219.400922987196 219.303975423177 217.509643554688 218.539916992188 218.443322075738 217.648868136936 215.858459472656 214.642293294271 213.858059353299 212.775112575955 211.566353691949 209.788296169705
209.67822265625 211.511745876736 213.830540974935 215.44935268826 217.270823160807 217.908849080404 217.850228203668 217.791610717773 217.06389702691 217.06127081977 218.227632310655 219.21438937717 218.74201965332 219.735629611545 219.736290825738 218.738610161675 220.4320441352 222.745785183377 223.052576700846 223.051534016927 223.010528564453 221.779781765408 222.705873277452 223.772584703234 222.686681111654 221.462660047743 221.383377075195 221.60797797309 220.827336629232 219.743674384223 220.797459920247 221.716388278537 220.919075859918 220.813303629557 220.707538180881 218.769865247938 217.964097764757 218.989334106445 217.755276150174 218.779605441623 218.674728393555 218.868367513021 217.766815185547 217.793045043945 215.869169447157 213.951722886827 213.986741807726 211.773423936632 209.860799153646
211.168416341146 212.49407280816 214.594852023655 216.409062703451 217.037107679579 216.97021484375 216.903318617079 216.836418999566 216.803990681966 218.962466769748 218.491146511502 218.966649373372 219.663206312391 220.658384535048 219.968027750651 220.665545993381 220.669125027127 220.672698974609 220.676281399197 221.833048502604 222.815880669488 221.620101928711 221.575914171007 221.531729804145 222.633044772678 222.892618815104 221.842910766602 222.798661973741 223.891121758355 222.00311448839 223.091566297743 223.04211086697 222.256059434679 221.007982042101 220.893797132704 221.779054429796 219.963762071398 221.549774169922 220.734534369575 219.920335557726 218.80955335829 217.99737379286 217.884755452474 217.772135416667 215.971586439345 214.045381334093 214.075563218859 211.157206217448 211.057169596354
210.692538791233 212.288107977973 213.193193223741 215.000846015082 216.803404066298 218.401801215278 217.634163750543 218.73354932997 218.69862874349 218.705388387044 218.71214972602 219.412384033203 220.409183078342 221.580384996202 221.587009006076 220.433926052517 219.910792032878 220.914699978299 219.766710069444 222.622294108073 222.621231079102 222.610773722331 221.905885484484 221.894314236111 221.88274468316 220.726252237956 220.716037326389 221.848015679253 222.837888929579 222.123848809136 223.249096340603 222.530342949761 221.325268215603 222.202745225694 222.783255683051 223.793987698025 222.967442830404 221.143881903754 219.888415866428 219.065790812174 218.244349161784 218.123526679145 218.002699110243 216.886491563585 216.074001736111 215.267678154839 213.036885579427 214.05603366428 212.25627983941
