data/test_2003/bio12_avg_1994-2002.asc
NCOLS 664 
NROWS 380 
XLLCORNER 3.91666666666667 
YLLCORNER 55.3333333333333 
CELLSIZE 0.0416666666666667 
NODATA_value -9999 
[rows 286 to 307 of 380, columns 98 to 146 of 664]
992.524163140191 967.782145182292 979.016757541233 1069.67237006293 1131.30149332682 1113.36659071181 1148.53651258681 1174.94400363498 1166.65195041233 1154.70412868924 1081.68174913194 1014.66305202908 1118.94609239366 1213.57283528646 1217.96190728082 1177.21432156033 1160.20132785373 1177.14158799913 1153.28328450521 1239.76020643446 1267.6086968316 1247.7620171441 1177.18460422092 1224.85384792752 1223.81391737196 1112.87452528212 1035.70685492622 1021.22705078125 1054.87679714627 989.688503689236 969.668613009983 985.263644748264 968.534430609809 931.289978027344 928.37897406684 969.648132324219 986.328932020399 964.095696343316 967.450432671441 1031.39790174696 1108.03257242839 1106.05158148872 1076.55387369792 1067.84021674262 1077.87322319878 1111.63734266493 1098.96822102865 1082.99510362413 1112.50146484375
1041.33734130859 987.535739474826 1003.48044840495 1110.28443060981 1162.37388102214 1073.17056613498 1152.86103651259 1164.68258327908 1178.23032633464 1158.13500976562 1097.47009955512 1034.47738308377 1121.95193142361 1226.02744547526 1244.98961724175 1247.1271633572 1241.93419731988 1239.69864230686 1214.10866292318 1152.74658203125 1244.86115180122 1256.57949490017 1151.89114040799 1137.74520534939 1174.00139702691 1076.32839626736 1067.00756835938 1129.16226535373 1073.76402452257 1010.18563503689 1064.28928629557 1039.04775661892 978.255737304688 974.103976779514 995.797383626302 985.582641601562 975.194356282552 990.953301323785 979.615681966146 988.578111436632 1039.48234049479 1079.89251030816 1068.26355658637 1091.41556803385 1104.31115044488 1089.31260850694 1117.51847330729 1088.70189073351 1089.10531277127
1048.30892605252 1005.69188096788 1019.50413682726 1053.90529378255 1112.41925726997 1113.25151909722 1141.26064724392 1154.82047526042 1143.23214382595 1102.93448215061 1078.00599500868 1058.9636569553 1123.94300672743 1223.17751736111 1266.54279242622 1267.38144259983 1274.66219075521 1246.9773288303 1198.9293891059 1114.21523708767 1108.03850640191 1160.41132948134 1163.96837022569 1087.26965332031 1117.33312310113 1061.05428738064 1080.51725938585 1138.39748128255 1122.00002034505 1030.51124403212 1018.03348795573 1062.11733669705 1024.42797851562 979.563225640191 1000.62923177083 1022.23540581597 1007.25814480252 1017.12585449219 1019.51766628689 994.554965549045 1027.28672960069 1071.89721679688 1103.23092990451 1097.27758789062 1102.49979654948 1083.37215847439 1106.90142822266 1108.99140082465 1102.11334906684
1145.95747884115 1111.7514851888 1078.63720703125 1040.89670138889 1123.74601236979 1163.70226372613 1209.84301079644 1214.34444173177 1215.2914835612 1196.63654242622 1169.73363579644 1110.11975775825 1107.90976291233 1242.27286783854 1270.92437065972 1276.01279025608 1277.44276258681 1270.84772406684 1273.73216417101 1234.31666395399 1166.73209635417 1136.49170600043 1112.02103678385 1085.98994954427 1106.05851915148 1077.4812350803 1074.9285007053 1131.70842827691 1131.13165283203 1071.90456136068 1066.11488172743 1035.50598144531 1028.87843153212 1022.54948594835 1021.94065348307 1031.01866997613 1008.03312852648 1003.07790798611 984.584750705295 1006.51540798611 1036.64383273655 1064.42079671224 1104.76340738932 1085.80148654514 1113.99772135417 1114.67604573568 1106.52423095703 1102.52828640408 1105.02219645182
1156.96900770399 1141.84156629774 1172.06363932292 1156.26584879557 1097.76017930773 1041.49974229601 1123.56252712674 1213.11284722222 1193.02153862847 1232.64093695747 1235.54376898872 1130.48203531901 1151.06515842014 1269.37333170573 1274.77964952257 1287.26360405816 1295.92966037326 1274.54989963108 1249.01308865017 1230.59089491102 1238.13587782118 1256.61661783854 1230.21302625868 1231.37394883898 1191.15513102214 1119.99519856771 1081.91768391927 1095.35146077474 1087.01501464844 1100.95715332031 1104.76657443576 1063.08397759332 1071.8857014974 1044.59258355035 1033.79149034288 1030.97266303168 1032.86920166016 1058.29294840495 1041.71156141493 1017.44675021701 1028.74500189887 1031.79466417101 1061.0215250651 1074.14276123047 1094.05227322049 1106.48817952474 1114.64612494575 1117.08231608073 1093.11083984375
1216.56891547309 1141.02315945095 1199.40186903212 1230.62179226345 1221.47644042969 1149.01954481337 1096.04685465495 1191.50419786241 1191.22254774306 1217.62081570095 1243.71440294054 1189.20836046007 1168.40954589844 1218.16509331597 1225.20907931858 1244.97698296441 1274.88393825955 1301.34743923611 1278.64317491319 1272.42677137587 1270.26447211372 1259.0667046441 1248.43742540148 1237.33774820964 1210.90960015191 1172.81509738498 1147.72843424479 1115.50796847873 1089.10824245877 1086.39186604818 1090.04811604818 1069.43041314019 1061.07158067491 1071.34521484375 1076.62770589193 1077.09691026476 1086.59965684679 1055.42284478082 1062.18583170573 1055.14478895399 1040.93889024523 1037.24441189236 1026.79947238498 1047.0854288737 1064.61437310113 1092.18876139323 1096.2257961697 1095.46000840929 1080.31854248047
1239.78209092882 1190.33431667752 1219.75699869792 1234.38318549262 1261.14145236545 1212.73682318793 1161.54981825087 1143.41765679253 1180.4260796441 1228.17356363932 1209.17792426215 1191.95688205295 1168.16394721137 1183.37746853299 1248.00455729167 1250.94129774306 1289.75519476997 1298.0852593316 1304.82811143663 1291.84170193142 1257.21933322483 1256.02545844184 1266.76932779948 1240.53487141927 1205.15239800347 1198.06538221571 1190.06391059028 1140.64333767361 1128.18947347005 1119.416015625 1095.28641764323 1098.50796847873 1097.21354844835 1093.06957329644 1080.87183295356 1080.6694539388 1082.45404730903 1062.95199245877 1046.46255832248 1035.41392686632 1024.77991400825 1017.41205512153 -9999 1029.937371148 1040.70857747396 1059.78605821398 1056.3258734809 1054.67146809896 1046.5752360026
1266.56549750434 1252.0236477322 1247.337761773 1257.21199544271 1218.15501573351 1217.55424669054 1250.19839138455 1212.70071072049 1167.679558648 1191.16714816623 1199.3258327908 1179.80822075738 1172.0639851888 1222.117316352 1219.59958224826 1255.13503689236 1299.71388075087 1303.67519802517 1300.99003092448 1272.39933268229 1272.95789930556 1268.22832573785 1228.03731282552 1244.0676812066 1238.86661783854 1229.72856309679 1196.94670952691 1179.33759901259 1196.6181233724 1188.32787407769 1143.24189588759 1092.87242974175 1089.48375786675 1070.4553765191 1066.08391655816 1045.53686523438 1054.95568169488 1038.28364393446 1017.89680989583 1007.38515218099 -9999 -9999 -9999 -9999 1025.74745008681 -9999 1057.62824842665 -9999 -9999
1281.2535671658 1300.24590386285 1298.58228895399 1339.22513834635 1314.02707248264 1226.46660020616 1219.20742458767 1261.16650390625 1266.04791937934 1258.0754937066 1245.69795735677 1237.63766818576 1227.20922173394 1216.38317192925 1245.52907986111 1251.50726996528 1277.40372721354 1285.40163845486 1299.0159233941 1302.49933539497 1288.29999457465 1288.71682400174 1264.64914279514 1234.32029893663 1217.97800021701 1224.94099256727 1225.9869656033 1217.98866102431 1204.61657036675 1182.85928683811 1151.71672227648 1111.9326578776 1091.45914713542 1063.8075764974 1048.09503851997 1030.79942491319 1028.34884982639 1012.11180962457 1005.82996961806 1001.23372395833 -9999 -9999 -9999 -9999 -9999 -9999 -9999 -9999 -9999
1344.76905653212 1309.26128472222 1285.34501139323 1320.86794704861 1329.75349934896 1299.23616536458 1242.86488172743 1209.62555609809 1241.84346516927 1277.01268174913 1286.94422743056 1277.67732747396 1263.26531304253 1245.10860188802 1247.51485188802 1263.81457519531 1284.47649468316 1292.43248155382 1310.91904025608 1305.06141493056 1271.54969618056 1292.1842312283 1272.44908311632 1258.03168402778 1237.72123887804 1234.7234225803 1226.58546278212 1228.28865559896 1217.27113850911 1178.08901638455 1158.83248562283 1098.19331190321 1091.8239203559 1080.65098063151 1052.08698866102 1021.15881347656 1013.60706244575 1001.76734076606 1003.99141438802 -9999 -9999 -9999 -9999 -9999 -9999 -9999 -9999 -9999 -9999
1365.12497287326 1333.54979112413 1320.83733452691 1299.49083116319 1316.16281467014 1327.70667860243 1322.10713704427 1294.97531467014 1283.70141601562 1252.40840657552 1267.51888020833 1285.44098578559 1265.42711046007 1261.25349934896 1279.51953125 1293.65207248264 1289.92864312066 1294.76878526476 1273.29956054688 1271.09681532118 1262.46446397569 1271.89447699653 1264.50984700521 1254.27290852865 1252.55457899306 1236.474738227 1229.54772949219 1222.26499430339 1205.62772623698 1169.96738009983 1151.11636013455 1123.40794542101 1096.67860921224 1057.84241400825 1035.44177246094 1017.19190809462 -9999 -9999 -9999 -9999 -9999 -9999 -9999 -9999 -9999 -9999 -9999 -9999 -9999
1388.49480523003 1348.67088487413 1336.25413682726 1348.16951497396 1313.64086914062 1277.2004937066 1317.31488715278 1332.83326551649 1348.69266764323 1307.07965766059 1272.65393066406 1272.07615831163 1276.67064073351 1286.58679199219 1301.20650227865 1299.64073350694 1282.02473958333 1277.16966417101 1287.09970431858 1276.03994411892 1266.18356662326 1259.24426269531 1254.5344780816 1236.90420193142 1231.34758843316 1212.68341742622 1205.564581977 1180.57728407118 1178.90966118707 1153.77669270833 1127.09462483724 1093.55053710938 1061.10837131076 1036.05646430122 -9999 -9999 -9999 -9999 -9999 -9999 -9999 -9999 -9999 -9999 -9999 -9999 -9999 -9999 -9999
1418.43088107639 1400.82364908854 1357.52838812934 1338.03276909722 1341.38366699219 1296.57581922743 1295.00523546007 1294.29385036892 1316.8918999566 1291.83611382378 1275.63399251302 1273.79361979167 1284.11284722222 1290.45841471354 1298.51417371962 1297.8242594401 1316.01585557726 1312.40273708767 1294.36079915365 1287.23053656684 1257.21940104167 1252.77027723524 1243.44761149089 1222.89072672526 1188.54923502604 1160.27733018663 1130.06536865234 1146.05758327908 1136.78999159071 1118.29054090712 1077.08480495877 1054.16470675998 -9999 -9999 -9999 -9999 -9999 -9999 -9999 -9999 -9999 -9999 -9999 -9999 -9999 -9999 -9999 -9999 -9999
1428.37098524306 1422.36416286892 1419.81214735243 1359.32804361979 1331.25737847222 1339.78039550781 1321.5475531684 1299.93351236979 1291.7571343316 1305.99697536892 1327.21983506944 1342.30178493924 1334.09807671441 1309.42263454861 1294.41707356771 1319.56206597222 1320.02549913194 1303.87038845486 1287.35201009115 1245.66216362847 1239.60574001736 1219.80700005425 1211.77149115668 1174.41132948134 1119.08073594835 1115.36435275608 1103.09116617839 1082.21177164714 1060.19571261936 1042.46603732639 -9999 -9999 -9999 -9999 -9999 -9999 -9999 -9999 -9999 -9999 -9999 -9999 -9999 -9999 -9999 -9999 -9999 -9999 -9999
1480.06335449219 1446.48402235243 1413.50212944878 1385.40448676215 1349.88548448351 1335.62025282118 1339.15047200521 1318.89670138889 1314.85498046875 1313.36562771267 1338.21301269531 1341.86530219184 1331.88327365451 1317.44405110677 1318.00290256076 1310.05688476562 1297.76250542535 1282.18874782986 1262.53431532118 1220.63643391927 1189.63410780165 1164.45981174045 1126.90383572049 1119.0478922526 1100.22364637587 1053.27691650391 1033.76929389106 969.643758138021 996.40276421441 -9999 -9999 -9999 -9999 -9999 -9999 -9999 -9999 -9999 -9999 -9999 -9999 -9999 -9999 -9999 -9999 -9999 -9999 -9999 -9999
1511.17963324653 1493.91589355469 1456.5576578776 1429.69576009115 1375.92395019531 1359.57933213976 1344.44420030382 1336.87711588542 1332.24422200521 1329.41457790799 1334.06212022569 1339.10087076823 1346.88734266493 1337.97972276476 1318.60965983073 1307.47306315104 1286.6692437066 1249.41776529948 1245.5182562934 1194.86115180122 1157.72437201606 1140.03991699219 1080.88170030382 1055.88908555773 1015.53271484375 976.653883192274 954.799655490451 -9999 -9999 -9999 -9999 -9999 -9999 -9999 -9999 -9999 -9999 -9999 -9999 -9999 -9999 -9999 -9999 -9999 -9999 -9999 -9999 -9999 -9999
1529.34315321181 1506.04806857639 1480.46015082465 1439.10660807292 1409.75206163194 1379.49844021267 1371.47951931424 1356.51391601562 1341.50078667535 1341.8672281901 1352.59704589844 1340.45221625434 1324.92782931858 1328.90110948351 1308.71268717448 1270.71226671007 1246.06934950087 1231.98449707031 1211.50482855903 1155.53390163845 1124.35782199436 1073.72784423828 1040.26597086589 1004.94156901042 982.442409939236 958.464382595486 -9999 -9999 -9999 -9999 -9999 -9999 -9999 -9999 -9999 -9999 -9999 -9999 -9999 -9999 -9999 -9999 -9999 -9999 -9999 -9999 -9999 -9999 -9999
1555.87718370226 1526.83858235677 1491.23281521267 1455.28742133247 1431.81781684028 1403.27076551649 1393.20488823785 1371.46327039931 1356.39615885417 1368.70974392361 1363.25436740451 1341.77671983507 1313.99811469184 1294.67648654514 1262.40867784288 1221.84405517578 1220.22271728516 1197.8114827474 1166.7993367513 1117.0491672092 1065.79635959201 1016.78076850043 997.545918782552 991.502495659722 -9999 -9999 -9999 -9999 -9999 -9999 -9999 -9999 -9999 -9999 -9999 -9999 -9999 -9999 -9999 -9999 -9999 -9999 -9999 -9999 -9999 -9999 -9999 -9999 -9999
1586.0127360026 1551.52410210503 1517.47409396701 1474.0985921224 1461.74806043837 1453.91818576389 1421.27819824219 1393.79778374566 1372.29710557726 1384.74465603299 1355.3186984592 1310.71558973524 1301.77674696181 1279.22436523438 1209.54153103299 1201.57347954644 1169.38313123915 1155.8390774197 1125.64926486545 1062.89185248481 1005.01106092665 981.147989908854 969.319132486979 -9999 -9999 -9999 -9999 -9999 -9999 -9999 -9999 -9999 -9999 -9999 -9999 -9999 -9999 -9999 -9999 -9999 -9999 -9999 -9999 -9999 -9999 -9999 -9999 -9999 -9999
1596.06494140625 1553.78279622396 1519.08013237847 1509.01113552517 1495.70690917969 1468.62608506944 1432.53685167101 1385.35842556424 1377.90549045139 1365.12807888455 1360.80801052517 1319.51487901476 1259.00414360894 1220.77089436849 1171.93545871311 1163.11374240451 1111.88791910807 1063.04864501953 1034.93156602648 1002.45780436198 966.415574815538 952.936876085069 -9999 -9999 -9999 -9999 -9999 -9999 -9999 -9999 -9999 -9999 -9999 -9999 -9999 -9999 -9999 -9999 -9999 -9999 -9999 -9999 -9999 -9999 -9999 -9999 -9999 -9999 -9999
1616.89324273003 1569.51146104601 1528.43010796441 1498.43478732639 1486.12982855903 1457.29309082031 1396.34365505642 1403.26231553819 1380.18827311198 1341.09334309896 1317.93676757812 1269.05971950955 1210.26266140408 1167.1404554579 1148.44780137804 1092.87687852648 1042.12619357639 1000.75639512804 -9999 -9999 -9999 -9999 -9999 -9999 -9999 -9999 -9999 -9999 -9999 -9999 -9999 -9999 -9999 -9999 -9999 -9999 -9999 -9999 -9999 -9999 -9999 -9999 -9999 -9999 -9999 -9999 -9999 -9999 -9999
1632.71971299913 1587.29867892795 1556.79565429688 1513.21594238281 1457.84817165799 1399.56439887153 1395.92591688368 1385.80565049913 1361.99715169271 1342.44105360243 1278.10959201389 1201.18972439236 1169.45730929905 1132.5275132921 1090.07316080729 1056.70497639974 991.278211805556 -9999 -9999 -9999 -9999 -9999 -9999 -9999 -9999 -9999 -9999 -9999 -9999 -9999 -9999 -9999 -9999 -9999 -9999 -9999 -9999 -9999 -9999 -9999 -9999 -9999 -9999 -9999 -9999 -9999 -9999 -9999 -9999
