data/test_2003/bio1_avg_1994-2002.asc
NCOLS 664 
NROWS 380 
XLLCORNER 3.91666666666667 
YLLCORNER 55.3333333333333 
CELLSIZE 0.0416666666666667 
NODATA_value -9999 
[rows 198 to 219 of 380, columns 245 to 293 of 664]
2.16905032263862 2.33721301290724 2.53237577279409 2.61661394437154 3.04659401045905 3.29940740267436 3.43672103352017 3.54086785846286 3.57951455646091 3.27966146998935 3.13414165708754 3.14778836568197 3.11226850085788 2.96541521284315 2.85439544253879 2.84889984130859 2.73059513833788 2.66412378682031 2.71648588445452 2.70751452445984 2.48720990286933 2.38673859172397 2.47210054927402 2.64696266916063 2.60815796587202 2.59601987732781 2.71938170327081 2.59668938318888 2.48227553897434 2.56219512886471 2.54311472839779 2.62636776765188 2.34228714307149 2.25487338172065 2.46495951546563 2.6602123843299 2.37796539730496 2.30055162641737 2.28197113672892 2.27513868278927 2.35405445098877 2.37497003873189 2.21521895461612 2.18613462977939 2.24005026287503 2.51229923301273 2.46338162157271 2.3634637594223 2.40354625384013
2.11941205130683 2.28871063391368 2.54784259531233 2.79843432373471 2.97531921333737 3.06237067116631 3.31108890639411 3.42247364256117 3.48435852262709 3.1977432568868 3.07929476102193 3.07784639464484 3.15323119693332 2.98828257454766 2.8955010705524 2.90239812268151 2.74914104408688 2.66071723567115 2.61446022987366 2.73236989974976 2.68461267153422 2.60168917973836 2.6087652709749 2.67150819301605 2.59091774622599 2.57332739565108 2.50490364763472 2.67083112398783 2.5977765056822 2.54322197702196 2.66400085555183 2.6946128209432 2.5510581864251 2.56483693917592 2.61844886673821 2.70439436700609 2.62350642681122 2.50061849753062 2.40339726871914 2.58169066905975 2.55316559473673 2.69914025730557 2.57928187317318 2.48358975516425 2.62839794158936 2.60503941112094 2.46018085214827 2.37648910946316 2.45546380678813
2.16310727596283 2.29137494828966 2.46364268991682 2.71475476688809 2.84821098380619 2.92350059085422 3.07762326134576 3.16441289583842 3.32386914889018 3.16799200905694 3.08978160222371 3.14390450053745 3.24419403076172 3.06748347812229 2.88693992296855 2.87572974628872 2.84402035342322 2.79014416535695 2.77143459849887 2.76955850919088 2.70901576677958 2.51730615562863 2.44426339202457 2.44105385409461 2.52301100889842 2.63063500987159 2.61475879616208 2.69080625640021 2.69944412178463 2.6340821451611 2.66988666852315 2.5050245390998 2.27682922946082 2.35796717802683 2.39910509851244 2.43707621097565 2.7837141752243 2.75768542289734 2.70899012353685 2.67390925354428 2.53444324599372 2.50664393107096 2.55267788304223 2.56654507584042 2.7772458129459 2.75244639979468 2.57881359259288 2.47934765285916 2.46938154432509
2.37296908431583 2.42620592647129 2.52827633751763 2.69190847873688 2.7087693479326 2.80979686313205 3.02482461929321 3.12301882108053 2.92104641596476 2.90507402684953 3.00843487845527 3.19362918535868 3.30782347255283 3.10585096147325 2.82304524050819 2.8388948308097 2.74706608719296 2.66907098558214 2.57640900876787 2.58591385682424 2.67658519744873 2.47559009657966 2.39742812845442 2.38476620780097 2.41543768511878 2.48260896735721 2.52928037113614 2.58861464924283 2.63811172379388 2.70744220415751 2.6354392502043 2.45410313871172 2.27010030216641 2.10776393943363 2.34009456634521 2.46725821495056 2.4965885480245 2.50208575195736 2.66658280955421 2.68496119976044 2.57005438539717 2.55564741293589 2.58257386419508 2.50516713990106 2.63959342903561 2.66818670431773 2.72294635242886 2.72470617294312 2.65546585453881
2.41310241487291 2.57462886969248 2.66148871845669 2.66981474558512 2.66244049866994 2.70273314581977 2.94569228755103 3.00448462698195 2.80977712737189 2.7379029724333 2.72902880774604 2.9568213224411 3.19344711303711 2.99857281314002 2.75303196907043 2.73829836315579 2.69120498498281 2.62327836619483 2.55335182613797 2.56325852870941 2.54633194870419 2.46340533097585 2.52947873539395 2.44555224312676 2.39112559954325 2.47519890467326 2.49543921152751 2.51894115077125 2.51187161604563 2.5104687611262 2.61789936489529 2.56299654642741 2.40559377935198 2.27385755379995 2.27178830570645 2.36805203225878 2.37214926878611 2.32207981745402 2.38851039939457 2.43564381864336 2.518313381407 2.40948290295071 2.2348192135493 2.11248885260688 2.16149176491631 2.25299472279019 2.27983098559909 2.37350061204698 2.37817011939155
2.45667363537682 2.60797686047024 2.65544675456153 2.71514046192169 2.62039134237501 2.78614230950673 2.9302263657252 2.85147731833988 2.76572807629903 2.74081227514479 2.65706323252784 2.669480893347 2.79423174593184 2.92398251427544 2.85440009170108 2.72960693306393 2.54543671343062 2.50493331750234 2.4362630976571 2.54175934526655 2.4712559249666 2.40075231922997 2.51774867375692 2.40191189448039 2.34874158435398 2.36323795053694 2.43640126122369 2.40211852391561 2.42639014456007 2.42966175079346 2.48560003439585 2.6365382803811 2.56114317311181 2.37508136696286 2.35651973883311 2.42012453079224 2.30489619572957 2.26816785335541 2.21527281072405 2.32479025257958 2.36005364523994 2.28098377916548 2.20458049244351 2.11784389283922 2.10494059986538 2.26487072308858 2.42746735943688 2.43623091114892 2.58882761001587
2.51191149817573 2.56849155161116 2.60657156838311 2.71163279480404 2.78700876235962 2.85871799786886 2.88992725478278 2.78546995586819 2.7203459209866 2.69055514865451 2.64459771580166 2.58897356192271 2.5881828599506 2.69055876466963 2.75710139009688 2.75224910842048 2.64850185977088 2.5255880355835 2.44467418723636 2.47376024723053 2.45134633117252 2.42209915320079 2.51951864030626 2.5451049539778 2.33402432335748 2.26811051368713 2.37869660059611 2.32596255673303 2.38424185911814 2.29002124733395 2.28913390636444 2.34141325950623 2.62702592213949 2.49863852394952 2.24275133344862 2.38719716336992 2.36397634612189 2.33892248736487 2.34636841879951 2.55043669541677 2.39812718497382 2.34781779183282 2.22984176211887 2.2335321770774 2.14238952265845 2.3004133966234 2.46793717808194 2.41729448901282 2.38965176211463
2.46914949682024 2.51567282941606 2.60919634501139 2.610625161065 2.77329274018606 2.88579377863142 2.90046144856347 2.92312909497155 2.82229680485196 2.72596445348528 2.63296540578206 2.59213308493296 2.61746745639377 2.68096843030718 2.60846940676371 2.72989118099213 2.67956699265374 2.5565762784746 2.51741859647963 2.48559447129567 2.44260362784068 2.40977941619025 2.42995538976457 2.50796449184418 2.52080696158939 2.35564948452844 2.35849196381039 2.36230675379435 2.4762604104148 2.44554748800066 2.33416794406043 2.37745486365424 2.63057514031728 2.7366955280304 2.48964929580688 2.73593629731072 2.96022339661916 2.89851052231259 2.70179739263323 2.80958317385779 2.87970101833344 2.56698520978292 2.41576959027184 2.46955394744873 2.47333835230933 2.61878935496012 2.7759069999059 2.65452476342519 2.52480920155843
2.56405407852597 2.49318765269385 2.44782110055288 2.53861742549472 2.74691014819675 2.87753637631734 2.83716234895918 2.92595512337155 2.90341439512041 2.68187378512488 2.65799996587965 2.66629246870677 2.64941871166229 2.71737806002299 2.66917085647583 2.65886648495992 2.68496554427677 2.76656422350142 2.60216315587362 2.44009531868829 2.50736090872023 2.41995973057217 2.42155871126387 2.37349083688524 2.64775633811951 2.4565218951967 2.32262067000071 2.28331764539083 2.47594559192657 2.67874038219452 2.74753521548377 2.74416328801049 2.86862466070387 2.97508594724867 2.85004752212101 2.89600884914398 3.06847031911214 3.2042649851905 3.18822659386529 3.12672954135471 3.27260780334473 3.14748586548699 2.84203072388967 2.81224229600694 2.56978699896071 2.55249859227075 2.97854358620114 2.92958835760752 2.8939666085773
2.4927919043435 2.58036879698435 2.48561248514387 2.56910971800486 2.72819430298275 2.84077857600318 2.87769647439321 2.9597809182273 2.92369875642988 2.85244974825117 2.77686765458849 2.80745210912493 2.86053660180834 2.92612090375688 2.67870550685459 2.72350866264767 2.90136395560371 2.8728856643041 2.98474102550083 2.7180962032742 2.62561821937561 2.42147326469421 2.41049514876472 2.53835042317708 2.86987231837379 2.89139442973667 2.84008284409841 2.73849500550164 2.64813082747989 2.69726652569241 2.91873580879635 3.02803823682997 3.10717397265964 3.20047646098667 3.28027902709113 3.3240815003713 3.28038385179308 3.31518628862169 3.29632218678792 3.22104265954759 3.17818135685391 3.15148679415385 3.2416254679362 3.21476411819458 3.27106936772664 3.10487484931946 3.13551333215502 3.30648528205024 3.31629064348009
2.26302994622125 2.43488354153103 2.59190389845106 2.66510199175941 2.77164489693112 2.86552120579614 2.906230741077 2.83510683642493 2.86598291662004 3.00452586015066 2.97623534997304 2.92144481341044 2.99648788240221 3.07469725608826 3.04890690909492 3.02681730853187 3.08976234330071 3.01554062631395 3.11415219306946 3.09459704822964 2.9708753824234 2.63398704263899 2.43709863556756 2.62137672636244 2.9688216580285 3.10009993447198 3.16704506344265 3.19167251057095 3.20031600528293 3.00445936785804 3.00576971636878 3.11174647013346 3.14822334713406 3.16436703999837 3.22017709414164 3.13782072067261 3.02429739634196 2.88394088215298 2.72158455848694 2.59635583559672 2.56042154630025 2.74498754077488 2.98255319065518 3.11361908912659 3.17135161823697 3.25108406278822 3.36398310131497 3.27038235134549 3.17578148841858
2.14176776674059 2.27656479676565 2.40319530169169 2.5452610121833 2.6264292134179 2.7344302866194 2.88593150509728 2.78843274381426 2.71576748953925 2.82576866944631 2.97210323810577 2.97360444068909 2.78477226363288 2.73910697301229 2.7337749004364 2.91662613550822 3.12216075261434 3.11202883720398 3.16222993532817 3.16509792539808 3.14863263236152 3.0718338754442 2.98153516981337 2.95823650889926 2.79627103275723 2.96163898044162 3.13084032800463 3.30268345938789 3.34216788080004 3.27981911765205 3.17847024069892 3.14728824297587 2.98860609531403 2.74892400370704 2.9637418323093 2.97305983967251 2.78271113501655 2.6505288415485 2.51934684647454 2.48133565319909 2.61666185326046 2.7299882835812 2.79398124747806 2.74297410911984 2.60330031977759 2.79729338486989 2.93578636646271 2.66261257065667 2.63860563437144
2.00483904944526 2.14574620458815 2.31732002894084 2.46592002444797 2.53421292040083 2.61667284700606 2.75113238228692 2.87492540147569 2.91888507207235 2.94884460502201 2.92263748910692 2.96793063481649 3.06639011700948 3.16334991984897 3.12830956776937 3.10276818275452 3.14372597800361 3.19585016038683 3.18180788887872 3.22376547919379 3.23505640029907 3.1878474023607 3.19463843769497 3.21876276863946 3.20622049437629 3.19017820888095 3.18646910455492 3.00036082002852 3.0625196562873 3.20401197009616 3.16900425487094 3.08816326989068 3.13215557734172 2.87848117616442 2.78530682457818 2.79729901419746 2.83712459935082 2.68095012505849 2.51544251706865 2.52281538645426 2.59590216477712 2.64098891947005 2.66474228435092 2.59099582831065 2.52974922127194 2.60833599832323 2.69975609249539 2.63684287336138 2.60459636317359
1.92441026369731 2.02692756387922 2.13861135641734 2.27807915210724 2.40883040428162 2.50674851735433 2.57333325015174 2.6134180492825 2.62666931417253 2.86125405629476 3.00850535763635 3.06675677829319 3.06584146287706 3.0594260957506 2.8486775027381 2.78291033373939 2.95479105578529 3.03833831681146 3.01538570721944 3.13893302281698 3.29448037677341 3.29302779833476 3.23874174224006 3.30595583385891 3.12766981124878 3.12071723408169 3.15709771050347 3.05553809801737 2.85353808932834 2.85487161742316 2.84820485115051 2.73720488283369 2.93370478683048 2.90737158722348 2.84670495986938 2.82670488622453 2.76470481024848 2.70387164751689 2.57220485475328 2.59346173869239 2.59964254167345 2.60165637069278 2.53883692953322 2.56451743178897 2.42703147729238 2.39187864462535 2.50905932320489 2.51940664980147 2.54408718480004
2.05098140901989 1.9904421766599 2.01640276114146 2.06957150167889 2.12278114424811 2.19849101702372 2.25886733002133 2.29024385081397 2.3302870326572 2.59299684895409 2.76853986581167 2.7954162756602 2.83762602011363 2.96550246079763 3.18087898360358 3.11955240037706 3.18402274449666 3.19899304707845 3.14363021320767 3.09076727761163 3.22757087813483 3.38070795271132 3.39134499761793 3.41831538412306 3.19228574964735 3.11142275068495 3.12605985005697 3.06554897626241 3.01355673207177 2.92073104116652 2.78407208124797 2.82374657524957 2.85475420951843 2.71209530035655 2.68843634923299 2.7266108724806 2.88028509087033 2.890959488021 2.76930076546139 2.60327504740821 2.5120493306054 2.59682386451297 2.52626487943861 2.57470585240258 2.61864696608649 2.51875465446048 2.58436240090264 2.49747020668454 2.47741129663255
2.22705272833506 2.20879028903113 2.12536091274685 2.02989701430003 2.04039849837621 2.07540014717314 2.09140149752299 2.17023641533322 2.28207127253215 2.43140603436364 2.43190765380859 2.45840916368696 2.53074395656586 2.72074552377065 3.02274700005849 3.19302776124742 3.28108784887526 3.21698111957974 3.25654122564528 3.11843472056919 3.20682819684347 3.39605493015713 3.36511503325568 3.47117511431376 3.41740189658271 3.18296196725633 3.13468872176276 3.05255965391795 2.93557511435615 2.94609060552385 3.03493942154778 3.13245473967658 3.08180371920268 2.92231897513072 2.87966782516903 2.85018328825633 2.96103205945757 2.96854742368062 2.82739627361298 2.71792140271929 2.58412302864922 2.49432447221544 2.59552619192335 2.67222746213277 2.68676243888007 2.65179732110765 2.64849883980221 2.55436707867516 2.50690200593736
2.343609518475 2.31540450784895 2.19536644882626 2.082411620352 2.01920700073242 2.18033553494347 2.1366308927536 2.11792620023092 2.1352215078142 2.14185006088681 2.21114533477359 2.25477392143673 2.40290260314941 2.4480312400394 2.70615988307529 3.18822717666626 3.36906650331285 3.38657217555576 3.41574483447605 3.3407506942749 3.3647567431132 3.42659592628479 3.25110175874498 3.40344103177389 3.46211377779643 3.33511961830987 3.2681254280938 3.24444513850742 3.09341192245483 3.01054571734534 3.18067926830716 3.19047951698303 3.33877966139052 3.26741327179803 3.22754677136739 3.20268037584093 3.10914731025696 3.05711423026191 2.91174773375193 2.81502248181237 2.75177201959822 2.7271880308787 2.61477078331841 2.63985357019636 2.73626956674788 2.80118567413754 2.85193504227532 2.72235120667352 2.64176730314891
2.31881827778286 2.3524522251553 2.44141924381256 2.31111509270138 2.18520630730523 2.33929730786218 2.48772172133128 2.35714621014065 2.26673746109009 2.20766194661458 2.21491972605387 2.37884424792396 2.56726866298252 2.78702648480733 2.79195082187653 3.04665043618944 3.30062495337592 3.41443297598097 3.4599072933197 3.50138182110257 3.49735641479492 3.51449775695801 3.40030550956726 3.39778010050456 3.54075455665588 3.39606250656976 3.34470372729831 3.31020530064901 3.25406739446852 3.10009619924757 3.09312494595846 3.1418202718099 3.27501567204793 3.31821115811666 3.35090642505222 3.39476855595907 3.43413072162204 3.24749281671312 3.05518817901611 3.07124487559001 2.97182961304983 2.86958090464274 2.85599897967445 2.90991697046492 2.95933489004771 3.00841968589359 3.01200441519419 2.92092242505815 2.85650700993008
2.30469396379259 2.34333305888706 2.44297207726373 2.50031856695811 2.50787215762668 2.40559261375003 2.39281284809113 2.70953328079647 2.70742004447513 2.53514040840997 2.43452743689219 2.51924784978231 2.83196809556749 2.92235516177283 3.02774214744568 3.1632404062483 3.29235029220581 3.34812678231133 3.49906987614102 3.5640131632487 3.5457895067003 3.62923283047146 3.49750926759508 3.27695237265693 3.61289556821187 3.49300543467204 3.40428180164761 3.29979880650838 3.22455610169305 3.1929800245497 3.12840395503574 3.18966121143765 3.17525188128153 2.97150905927022 3.05226633283827 3.3095235824585 3.50728087955051 3.45920475323995 3.26312886344062 3.16463390986125 3.15005403094822 2.87364061673482 2.85872708426581 3.00731378131443 3.04040043883853 3.0618204275767 3.0684068997701 3.02866016493903 3.02124671141307
2.37040281295776 2.43721400366889 2.40135839250353 2.46585542625851 2.63887161678738 2.67538767390781 2.69307047790951 2.74575347370572 2.78626947932773 2.90661908520593 2.87613517708249 2.88565138975779 2.97266761461894 2.86668374803331 2.81053317917718 2.75083041191101 2.8752423259947 3.0778208176295 3.36506573359172 3.59231085247464 3.6402227083842 3.59596784909566 3.69387965732151 3.62145808007982 3.53436991903517 3.62261491351657 3.31436008877224 3.32839216126336 3.20354469617208 3.26769712236193 3.27868297364977 3.34216872851054 3.23032116889954 2.90430700778961 2.91745951440599 3.08527851104736 3.31209765540229 3.4397501150767 3.48940271801419 3.47168978055318 3.42927821477254 3.15303344196743 3.11912213431464 3.12221050262451 3.09463249312507 3.10138768619961 2.94314283794827 2.88923132419586 2.96431995762719
2.41777839925554 2.49042823579576 2.58174465762244 2.53189202149709 2.60653756724464 2.72618284490373 2.78049476941427 2.82764021555583 2.8429522646798 2.95209764109717 3.01290969053904 3.03222158220079 3.04570031166077 3.03167898125119 3.13499103652106 3.11525384585063 3.1904674106174 3.3173480298784 3.46389510896471 3.5009421772427 3.58765580919054 3.64053628179762 3.70691665013631 3.80596375465393 3.77367745505439 3.59789119826423 3.53827155960931 3.43265223503113 3.41086660491096 3.3147476249271 3.48546195030212 3.57267626126607 3.24689059787326 3.08193818728129 3.00481922096676 2.94686681694455 3.0207478735182 3.31746207343207 3.24600990613302 3.4050788614485 3.71966926256816 3.51242640283373 3.39068349202474 3.51844072341919 3.41136452886793 3.27478837966919 3.20804535018073 3.18546907107035 3.14155970679389
2.39615383413103 2.53497571415371 2.6936309867435 2.65209559599558 2.64420354366302 2.72847803433736 2.77058588133918 2.9136937989129 2.92196831438276 2.9242428806093 3.04285086525811 3.0446253352695 3.12256630261739 3.13800764083862 3.16411556137933 3.16634379492866 3.32702623473273 3.36620855331421 3.28989084561666 3.27657339307997 3.42242222362094 3.39293789863586 3.45212043656243 3.6854694419437 3.79248507817586 3.86083409521315 3.79801652166578 3.76124572753906 3.60052180290222 3.4472980234358 3.36924097273085 3.61935040685866 3.57779328028361 3.44690277841356 3.24767886267768 3.18345512284173 3.26989793777466 3.38350741068522 3.33295030064053 3.33346790737576 3.63756028811137 3.78748602337307 3.69357848167419 3.72950432035658 3.71259665489197 3.45868894788954 3.32911467552185 3.20137370957269 3.14913288752238
