data/test_2003/bio11_avg_1994-2002.asc
NCOLS 664 
NROWS 380 
XLLCORNER 3.91666666666667 
YLLCORNER 55.3333333333333 
CELLSIZE 0.0416666666666667 
NODATA_value -9999 
[rows 168 to 188 of 380, columns 192 to 239 of 664]
-2.49545991255177 -3.07745991812812 -3.50061526563433 -3.93902152114444 -4.11665329668257 -4.52317388852437 -5.03969428274367 -5.54665954907735 -5.60444847742717 -5.47772794299656 -4.95394987530178 -4.77169222301907 -4.73488654030694 -4.97948855823941 -5.39353235562642 -5.94851644833883 -6.25668509801229 -6.56885348425971 -6.76124435000949 -6.64385710822211 -6.38534959157308 -6.583138095008 -6.69450500276354 -6.69966904322306 -7.24264441596137 -7.15582815806071 -7.30046346452501 -7.2448763317532 -7.30440039104885 -7.40188365512424 -7.60804239908854 -7.65116453170776 -7.78471861945258 -7.95551946428087 -7.89454295900133 -8.24430672327677 -8.43540371788873 -8.48798274993896 -8.01263560189141 -7.55211517545912 -7.50501526726617 -7.7685079574585 -7.69718604617649 -7.3925347328186 -7.17437420950996 -7.15362077289157 -7.04056485493978 -7.20871490902371
-3.8629101117452 -3.96930958165063 -4.33191262351142 -4.96984884474013 -5.42934065394931 -5.53883224063449 -5.32343504163954 -5.39292679892646 -5.43385548061795 -5.09055452876621 -5.29501122898526 -5.72272978888618 -5.92287312613593 -6.10723855760362 -6.39938179651896 -6.5137472682529 -6.79900164074368 -7.14603371090359 -7.28595479329427 -6.98232036166721 -6.59733321931627 -6.58877123726739 -6.47359800338745 -6.84485255347358 -6.82046371036106 -6.93589888678657 -7.00304539998372 -6.83341434266832 -7.00496843126085 -7.441788037618 -7.82152552074856 -7.85544066958957 -8.16764126883613 -8.49197901619805 -8.60765017403497 -8.48902527491252 -8.2842517958747 -8.06510824627346 -8.02959447436863 -8.17126570807563 -7.86108493804932 -7.83405854966905 -7.96287171045939 -8.0403209262424 -7.94965012868245 -7.82046561770969 -7.47395679685805 -7.18849415249295
-3.89929354190826 -4.65486113230387 -4.94510179095798 -4.75680200258891 -4.59577401479085 -4.69326451089647 -4.76913491884867 -4.94198947482639 -5.26662919256422 -5.49982515970866 -5.88349874814351 -6.07250581847297 -6.28973505232069 -6.55918619367811 -6.71552658081055 -6.64520014656915 -6.41109599007501 -6.6078806453281 -6.77422099643283 -7.2052280637953 -7.36153909895155 -7.06737687852648 -6.47424666086833 -6.52812978956434 -6.8575685289171 -6.64573261472914 -6.50709369447496 -6.59242222044203 -7.12787845399645 -7.62859641181098 -7.92678621080187 -8.27756871117486 -8.12034172481961 -7.7619202931722 -8.22349876827664 -8.49878078036838 -8.55235905117459 -8.4942340321011 -8.40373828676012 -8.33057583702935 -8.19800631205241 -7.98906622992622 -8.02857075797187 -7.8688899146186 -7.68008830812242 -7.89092254638672 -7.84597884284125 -7.55237038930257
-4.02115848329332 -4.20066833496094 -4.26454861958822 -4.22783623801337 -4.38371658325195 -4.50678186946445 -4.78347696198357 -5.06368406613668 -5.49844757715861 -5.47142921553718 -5.52996661927965 -5.80694847636753 -6.21637463569641 -7.03192382388645 -6.88144906361898 -6.49998654259576 -6.30407926771376 -6.08263121710883 -6.42213604185316 -6.8559135860867 -7.13863409890069 -6.88798226250543 -6.63110791312324 -6.26466655731201 -6.61473374896579 -7.28559684753418 -7.74218919542101 -7.58502372105916 -7.41222906112671 -7.61402707629734 -7.77649148305257 -7.88962284723918 -7.70363500383165 -7.35363896687825 -7.80468024147881 -8.37372144063314 -8.64276276694404 -8.64091507593791 -8.59736368391249 -8.4289976755778 -8.23692766825358 -8.03611691792806 -7.73714960945977 -7.67810286415948 -7.54947932561239 -7.55084461636013 -7.49576558007134 -7.49209372202555
-3.32613464196523 -3.64373793866899 -3.9040078719457 -4.00272232956356 -4.23891823821598 -4.86269638273451 -5.13999075359768 -5.50128507614136 -5.46252150005764 -5.28281119134691 -5.31598994466994 -6.06494646602207 -7.06249252955119 -6.95885944366455 -6.63159396913317 -6.38655053244697 -6.33061811659071 -6.38757467269897 -6.45719803704156 -6.18148782518175 -5.91795089509752 -5.81828469700283 -5.93457947836982 -5.8913185066647 -6.290206167433 -7.26131561067369 -7.98679531945123 -8.31479385164049 -8.39738506740994 -8.42034620708889 -8.47649304072062 -8.18715847863091 -7.96952056884766 -7.46580235163371 -7.58749151229858 -8.1323659684923 -8.51790714263916 -8.65063333511353 -8.4343966378106 -8.25119686126709 -7.8803678088718 -7.66857518090142 -7.75626458062066 -7.83693938785129 -7.8843223783705 -7.78957117928399 -7.52589183383518 -7.25537225935194
-4.11102775732676 -4.16351546181573 -4.10266982184516 -4.1764907307095 -4.6976449754503 -5.33524367544386 -5.29462038146125 -5.21555222405328 -5.60548419422573 -6.07641551229689 -6.42845164404975 -6.54427809185452 -6.5652092827691 -6.51591841379801 -6.33351633283827 -6.57622565163506 -6.72804599338108 -6.66786623001099 -6.55946418974135 -6.4908397992452 -6.39815690782335 -6.09808156225416 -5.98733968204922 -5.76754543516371 -5.58186936378479 -6.38764731089274 -7.57481659783257 -7.93219370312161 -8.18542978498671 -8.3882213168674 -8.14767959382799 -7.89821826087104 -7.72496191660563 -7.46640989515516 -7.70371029112074 -8.30612156126234 -8.60275501675076 -8.77279588911268 -8.6662442419264 -8.61532195409139 -8.55751106474135 -8.101478099823 -7.94455586539374 -7.9343745443556 -8.08637936909994 -7.97727680206299 -7.63061104880439 -7.46079948213365
-4.38271911938985 -4.66706683900621 -4.24697015020582 -4.32665106985304 -4.39699912071228 -4.39134666654799 -4.94480554262797 -5.44826438691881 -5.77133576075236 -5.9311306476593 -5.92403684722053 -6.19360971450806 -6.22896019617717 -6.37008857727051 -6.69788365893894 -6.64501190185547 -6.67658477359348 -7.29149087270101 -7.72728596793281 -7.4339697625902 -7.1892515818278 -6.53313149346246 -6.12878892156813 -6.16889071464539 -5.98824620246887 -6.16479415363736 -7.01186031765408 -7.9457434018453 -7.99117851257324 -7.98039166132609 -7.88782686657376 -8.25948842366537 -8.56010675430298 -7.93901756074693 -7.40733628802829 -8.3404696252611 -8.44967693752713 -8.2393290731642 -8.25216605928209 -8.26396608352661 -8.37909921010335 -8.23073222902086 -8.41589938269721 -8.18239964379205 -7.9236733118693 -7.82051616244846 -7.67362663480971 -7.61252270804511
-3.46498878796895 -3.64524288972219 -3.72875604364607 -3.84308422936334 -4.40657501750522 -4.92700502607557 -5.63721296522352 -5.40275414784749 -5.45429846975538 -5.51814757453071 -5.71939380963643 -5.93094113137987 -6.2991554207272 -6.1982585589091 -5.9389173189799 -6.28246476915148 -6.87779013315837 -6.98311562008328 -6.80844116210938 -7.04398859871758 -7.0999018881056 -6.87084764904446 -6.54179366429647 -6.57925695843167 -6.34453251626756 -6.14771824412876 -6.36505937576294 -6.99047215779622 -7.5943775706821 -7.83334016799927 -7.84447156058417 -8.21630652745565 -8.34707710478041 -8.12211688359579 -7.4529079331292 -7.75375217861599 -8.3143769370185 -8.26383182737562 -8.04242727491591 -8.18280055787828 -8.2251738442315 -7.82732878790961 -7.90738889906141 -8.18540461858114 -7.96041425069173 -7.72822332382202 -7.75812345080906 -7.80920871098836
-3.13892787032657 -3.56423824363285 -3.93468217055003 -4.15630544556512 -3.98350297080146 -3.97318372461531 -4.38434595531887 -4.63610084851583 -4.84936298264398 -5.23411994510227 -5.47866204049852 -5.42207831806607 -5.57476131121318 -5.74299944771661 -6.07128424114651 -6.58902894126044 -7.11632924609714 -7.53629573186239 -7.57115168041653 -7.35356277889676 -6.66988574133979 -6.76145325766669 -6.74968724780613 -6.46505482991536 -6.3400985399882 -6.56854989793566 -6.11529562208388 -6.15821311208937 -6.73859760496351 -7.49354002210829 -8.00689389970568 -8.29090605841743 -8.04059033923679 -8.00417009989421 -7.60194651285807 -7.43979109658135 -7.72045056025187 -7.8832098113166 -7.81466065512763 -8.06075806087918 -7.72711801528931 -7.7407111591763 -7.65907430648804 -7.76536305745443 -7.76251549190945 -7.80727163950602 -7.94084268146091 -8.00085814793905
-4.58868209520976 -5.08527665668064 -5.28898241784838 -4.97802146275838 -4.97817169295417 -4.80654419793023 -5.17736117045085 -5.40462231636047 -5.41711266835531 -5.24611081017388 -5.08490869734022 -5.3680767748091 -5.51828175120884 -5.78037638134427 -5.86098459031847 -6.21003733740913 -6.80509000354343 -7.60925383037991 -7.5567512512207 -7.68180386225383 -7.743202580346 -7.27361403571235 -6.24441173341539 -6.04474184248182 -6.0807016160753 -6.47873539394802 -6.59732829199897 -6.31909328036838 -6.93624422285292 -7.44775936338637 -7.30697843763563 -7.6822714805603 -7.82341925303141 -7.84366846084595 -7.79549037085639 -7.40020804935032 -7.33448145124647 -7.70468054877387 -7.60717614491781 -7.59181997511122 -7.54142665863037 -7.44525538550483 -7.5745661523607 -7.60343180762397 -7.5813004705641 -7.71602371003893 -7.90711731380886 -7.95184055964152
-4.8189652495914 -4.90922101338704 -5.08836550182766 -5.29928771654765 -5.59932115342882 -5.47535443305969 -5.19649924172295 -5.43564354048835 -5.52691809336344 -5.58676679929097 -5.5375042491489 -5.47313070297241 -5.42142393853929 -5.33593916893005 -5.418232149548 -5.63030287954542 -5.9481516679128 -6.57511144214206 -7.02184883753459 -6.69725312127007 -6.7631475130717 -6.90264309777154 -6.56947188907199 -6.51799318525526 -6.22437845336066 -6.07335646947225 -6.16611210505168 -6.1856824821896 -6.30191977818807 -6.48304578993056 -6.55076440175374 -6.587890625 -6.90733766555786 -6.96977249781291 -7.03035550647312 -7.03123505910238 -6.9961142010159 -7.08106745613946 -7.08987273110284 -6.95964092678494 -6.89792770809597 -7.09962187872993 -7.15894550747342 -7.19915803273519 -7.2246404753791 -7.37191131379869 -7.49147812525431 -7.59615643819173
-4.12784022755093 -4.18233941660987 -4.72238646613227 -5.12277083926731 -5.27915501594543 -5.66265042622884 -5.59081241819594 -5.22897455427382 -5.54156597455343 -5.70858743455675 -5.65938623746236 -5.59885186619229 -5.63209523095025 -5.71600561671787 -5.79924901326497 -5.63893675804138 -5.61818024847243 -5.60542382134332 -5.69822303454081 -5.73146608140734 -5.86327573988173 -6.09920655356513 -6.21047083536784 -6.01614218287998 -5.59620557890998 -5.61404146088494 -6.19043726391262 -6.40801705254449 -6.58648580975003 -6.66791756947835 -6.97453451156616 -7.11670695410834 -6.64921681086222 -6.71465741263496 -7.00861628850301 -6.96464909447564 -7.00327486462063 -6.91975190904405 -6.6005998717414 -6.54774385028415 -6.62992493311564 -6.65247625774807 -6.7147315343221 -6.75328286488851 -6.82157299253676 -6.99545266893175 -7.04088852140639 -7.11165730158488
-4.83449300130208 -4.66389491822985 -4.79396322038439 -5.00292054812113 -5.26876680056254 -5.4048351181878 -5.3557923634847 -5.34163864453634 -5.58843636512756 -5.94951899846395 -5.96037944157918 -5.83546209335327 -5.85276704364353 -5.80940530035231 -5.50959934128655 -5.43648950258891 -5.49515310923258 -5.87011286947462 -6.39037455452813 -6.9694569905599 -7.12495930989583 -6.73710362116496 -6.18702549404568 -5.5142449537913 -5.08131390147739 -4.86811611387465 -5.13345164722866 -5.65085763401455 -6.3041127787696 -6.88064103656345 -7.08941549725003 -6.78256029552884 -6.76368867026435 -6.8042827712165 -7.33102501763238 -7.47835964626736 -7.45391660266452 -7.31606631808811 -7.1112527317471 -6.82503196928236 -6.79051462809245 -6.81422000461155 -6.73518429862128 -6.74829668468899 -6.72376426060994 -6.76306846406725 -6.81452062394884 -6.74560260772705
-5.86625700526767 -5.4024539788564 -5.47398437394036 -5.56795896424188 -5.93104494942559 -6.11390850279066 -5.81943911976284 -5.63452503416273 -5.95597336027357 -6.35267294777764 -6.38470602035522 -6.38985024558173 -6.6914389928182 -6.31302743487888 -5.84261605474684 -5.63531568315294 -5.54535982343886 -5.80138185289171 -6.55652607811822 -6.64878129959106 -6.36531000667148 -6.57633394665188 -6.94469128714667 -6.23327083057827 -4.97762820455763 -4.58715844154358 -4.80700201458401 -5.35617907842 -5.87661327256097 -6.52447599834866 -6.8211112552219 -6.96152480443319 -6.56030893325806 -6.81338999006483 -6.96980433993869 -7.13925536473592 -7.08522547615899 -6.96238030327691 -6.94397979312473 -6.93594943152534 -6.95769702063666 -7.01129659016927 -6.82608143488566 -6.81508816613091 -6.82988198598226 -6.81172116597493 -6.88318999608358 -6.85836272769504
-4.77690974871318 -5.33190194765727 -6.06867196824816 -6.63521989186605 -6.85732332865397 -6.26520442962646 -5.66975233289931 -5.62185570928786 -5.87417697906494 -6.0298269589742 -5.90503255526225 -6.23534920480516 -6.52855507532756 -6.57153828938802 -6.65874407026503 -6.58155584335327 -6.21874748335944 -6.25288269254896 -6.47872156567044 -6.76248629887899 -6.51425690121121 -6.61578644646539 -6.82546816931831 -6.66714986165365 -5.46838728586833 -4.96829112370809 -5.27197262975905 -6.4067657523685 -6.77870241800944 -7.26934761471218 -7.75888130399916 -7.69434081183539 -7.43707693947686 -6.81694142023722 -6.5602872106764 -6.80274401770698 -6.67779323789808 -6.53573158052233 -6.63144752714369 -6.64516358905368 -6.76028717888726 -6.66207721498277 -6.58283037609524 -6.61158349778917 -6.76525825924343 -6.71518845028347 -6.80408154593574 -6.84260442521837
-5.05422925949097 -5.8611278269026 -6.61691538492839 -6.09736967086792 -6.05137941572401 -6.62138917711046 -6.31651004155477 -6.29096431202359 -6.18482475810581 -5.90564770168728 -6.00469252798292 -6.12551503711277 -6.22105423609416 -6.35113679038154 -6.5876636505127 -6.57935190200806 -6.23738945855035 -5.81727931234572 -5.79894675148858 -6.07816976971096 -6.74233055114746 -7.530739625295 -7.84757847256131 -7.09658437305027 -6.69554053412543 -6.40195504824321 -5.760935915841 -5.71905308299594 -5.95223143365648 -6.61110787921482 -6.98872534434001 -7.03804625405206 -7.06584538353814 -7.09804852803548 -7.01825136608548 -7.26097297668457 -7.09917608896891 -6.94263829125298 -6.79987817340427 -6.71948867373996 -6.6561360889011 -6.69263553619385 -6.79394970999824 -6.89874511294895 -6.84767219755385 -6.68184116151598 -6.70941755506727 -6.7364756266276
-5.21999306148953 -5.7192424138387 -5.69182536337111 -5.51129706700643 -6.04299108187358 -6.41357363594903 -6.46993430455526 -6.68696159786648 -6.470139503479 -6.61435720655653 -6.85013002819485 -6.56990321477254 -6.27346110343933 -6.28663182258606 -6.24229860305786 -6.0265355375078 -5.93699463208516 -6.21700925297207 -6.00591286023458 -5.92474211586846 -5.80948869387309 -6.59778187010023 -7.44488986333211 -7.8025541305542 -7.77012713750203 -7.45878553390503 -7.45960516399807 -7.31178485022651 -6.76494794421726 -5.98190569877625 -5.93731013933818 -6.09064035945469 -6.21113218201531 -6.30374807781643 -6.75984530978733 -7.14972066879272 -7.30263264973958 -7.24976714452108 -7.08579058117337 -6.984184106191 -6.92687400182088 -6.81741603215535 -6.75077263514201 -6.91583304935032 -6.89415995279948 -6.77330870098538 -6.69986481136746 -6.65575456619263
-5.4786458545261 -5.75602398978339 -6.02606863445706 -6.20455792215135 -6.95193587409125 -6.53864733378092 -6.16558117336697 -6.68229262034098 -6.94212097591824 -7.14662207497491 -7.07201215955946 -6.86784664789836 -6.93168120914035 -6.88929324679905 -6.66542270448473 -6.33957105212741 -5.79245156712002 -5.83051678869459 -6.0227304564582 -5.92449975013733 -5.65005405743917 -6.03702351782057 -6.74569617377387 -7.56473965115017 -8.20621930228339 -7.71346812778049 -7.89663982391357 -8.68696127997504 -8.31772703594632 -7.4556041293674 -6.67019107606676 -6.22278994984097 -6.13434457778931 -5.96626242001851 -5.96188378334045 -6.67646816041735 -6.99045997195774 -6.95119216707018 -6.88066572613186 -6.96110195583767 -6.98842700322469 -6.85827085706923 -6.68448479970296 -6.70803213119507 -6.76568455166287 -6.75870201322767 -6.79601573944092 -6.88251458273994
-5.4741874800788 -5.7894721031189 -6.02275636461046 -6.57070748011271 -6.78665871090359 -6.76194318135579 -6.69922780990601 -6.382512278027 -6.41499121983846 -6.62088712056478 -6.76589409510295 -6.96601237191094 -6.94257513682048 -6.83139917585585 -6.58197185728285 -6.3635696305169 -6.11064889695909 -5.97135779592726 -6.57280757692125 -6.48188675774468 -6.0147676202986 -6.18019053671095 -6.29487294620938 -6.28422202004327 -6.57201528549194 -6.40432744556003 -6.26130583551195 -6.4096179538303 -6.64015187157525 -6.76957522498237 -6.82277589374118 -6.75953250461155 -6.87170526716444 -6.89218441645304 -6.52740383148193 -6.5593638420105 -6.70576853222317 -6.88587692048815 -6.90072610643175 -6.78453821606106 -6.83768362469143 -6.8460881974962 -6.71286318037245 -6.52734200159709 -6.60202429029677 -6.6175029542711 -6.60298119650947 -6.62631177902222
-5.38950692282783 -5.19992764790853 -5.34166632758247 -6.08819074100918 -6.49315924114651 -6.61457231309679 -6.61731878916423 -6.58717637591892 -6.40563933054606 -6.49381918377346 -6.71777624554104 -6.81676382488675 -6.69625213411119 -6.64345630009969 -6.48977163102892 -6.33934595849779 -6.29151325755649 -6.46145815319485 -6.61303255293104 -6.77312570148044 -7.06637011633979 -7.16009865866767 -7.22116067674425 -7.30770418379042 -7.24469232559204 -7.35693947474162 -7.71829785241021 -7.88001049889459 -7.18464390436808 -6.28681720627679 -6.37195324897766 -6.54708952373928 -6.54714028040568 -6.7259578704834 -6.76573827531603 -6.6373709042867 -6.18855865796407 -6.3098947207133 -6.55626779132419 -6.732566886478 -6.75145853890313 -6.63042444652981 -6.54279735353258 -6.50991111331516 -6.57636372248332 -6.64519251717461 -6.65016926659478 -6.65196069081624
-5.88727090093825 -6.21659021907383 -6.33479857444763 -6.06345152854919 -6.07788186603122 -6.16897919442919 -6.30229878425598 -6.23984032207065 -6.32073174582587 -6.43977520200941 -6.74589162402683 -6.59950971603394 -6.3726167678833 -6.29505692587958 -6.2674970097012 -6.19208526611328 -6.25704428884718 -6.65555837419298 -6.97377623452081 -6.96532768673367 -7.09271298514472 -7.29956224229601 -7.53492980533176 -7.87437179353502 -7.86433198716905 -7.64392201105754 -7.23321522606744 -7.04206450780233 -6.87276580598619 -6.57739236619737 -6.27587132983738 -6.31160950660706 -6.54279745949639 -6.70247215694851 -6.40977687305874 -6.38019241227044 -6.52275609970093 -6.46139404508803 -6.18573554356893 -6.20911418067084 -6.39671508471171 -6.37631596459283 -6.28850936889648 -6.38485092586941 -6.49174054463704 -6.6032526228163 -6.65735700395372 -6.69901715384589
