data/test_2003/bio16_avg_1994-2002.asc
NCOLS 664 
NROWS 380 
XLLCORNER 3.91666666666667 
YLLCORNER 55.3333333333333 
CELLSIZE 0.0416666666666667 
NODATA_value -9999 
[rows 264 to 285 of 380, columns 588 to 636 of 664]
-9999 -9999 -9999 -9999 -9999 -9999 -9999 -9999 -9999 -9999 -9999 -9999 -9999 -9999 -9999 -9999 -9999 246.232872856988 -9999 246.989159478082 246.569064670139 246.848410712348 244.895826551649 243.248082478841 243.701610989041 -9999 -9999 -9999 -9999 -9999 -9999 -9999 -9999 -9999 236.795440673828 237.727491590712 236.898590087891 236.810389200846 237.272440592448 237.183497111003 238.165562947591 239.215796576606 239.160295274523 240.136116875543 241.133541531033 238.955712212457 239.305211385091 238.76634894477 238.591949462891
-9999 -9999 -9999 -9999 -9999 -9999 -9999 -9999 -9999 -9999 -9999 -9999 -9999 -9999 -9999 -9999 -9999 -9999 -9999 -9999 -9999 -9999 -9999 -9999 -9999 -9999 -9999 -9999 -9999 -9999 -9999 -9999 -9999 -9999 -9999 -9999 235.742706298828 236.132602267795 236.085856119792 235.888366699219 235.752538045247 237.323442247179 237.82517835829 239.419208102756 238.222691853841 238.220548841688 238.683385213216 239.207497490777 239.088753594293
-9999 -9999 -9999 -9999 -9999 -9999 -9999 -9999 -9999 -9999 -9999 -9999 -9999 -9999 -9999 -9999 -9999 -9999 -9999 -9999 -9999 -9999 -9999 -9999 -9999 -9999 -9999 -9999 -9999 -9999 -9999 -9999 -9999 -9999 -9999 249.334023369683 233.968056572808 234.990982055664 234.851211547852 234.954391479492 236.5259636773 237.094078911675 237.680667453342 238.070787217882 237.409932454427 237.344353569878 235.022272745768 237.745325724284 236.845033433702
-9999 -9999 -9999 -9999 -9999 -9999 -9999 -9999 -9999 -9999 -9999 -9999 -9999 -9999 -9999 -9999 -9999 -9999 -9999 -9999 -9999 -9999 -9999 -9999 -9999 -9999 -9999 -9999 -9999 242.64988538954 236.130254109701 235.493884616428 236.221121893989 237.835135565864 239.521860758464 -9999 -9999 235.27799987793 236.312101576063 235.822099473741 235.373443603516 235.378075493707 236.503336588542 237.553376939562 236.431883070204 238.348983764648 238.730355156793 238.764012654622 239.222718980577
-9999 -9999 -9999 -9999 -9999 -9999 -9999 -9999 -9999 -9999 -9999 -9999 -9999 -9999 -9999 247.792243109809 248.547692192925 248.559906005859 249.755696614583 249.203397962782 250.104756673177 250.063379923503 248.032784356011 246.71740383572 246.048583984375 -9999 243.77569410536 -9999 -9999 252.602595011393 246.58831108941 238.581943088108 237.889794243707 239.580000135634 -9999 -9999 -9999 -9999 234.486735026042 235.38843621148 235.932817247179 235.89187113444 236.375225490994 236.608557807075 237.231350368924 239.952294243707 241.219545152452 240.41598171658 238.685246785482
-9999 -9999 -9999 -9999 -9999 -9999 -9999 -9999 -9999 -9999 -9999 -9999 -9999 -9999 -9999 250.102467854818 250.104621039497 251.750703599718 251.76282925076 252.142333984375 251.501527574327 252.106201171875 252.145663791233 251.224446614583 250.349360148112 248.344862196181 247.65237765842 246.778532240126 245.392907036675 243.707872178819 244.400112575955 239.230287339952 237.353288438585 -9999 248.834420098199 246.797142876519 246.847069634332 246.185039944119 246.774856567383 -9999 -9999 -9999 236.571300930447 235.94186062283 239.590311686198 247.916959974501 248.591111924913 242.141040378147 240.425201416016
-9999 -9999 -9999 -9999 -9999 -9999 -9999 -9999 -9999 -9999 -9999 -9999 -9999 249.61999850803 250.891564263238 250.762244330512 251.166600545247 252.242479112413 252.728113810221 254.552001953125 253.813125610352 254.647274441189 255.181243896484 254.013566758898 254.184911092122 252.686653984918 251.61051940918 250.707092285156 249.329274495443 247.73794386122 247.347379896376 243.950086805556 242.437188042535 240.995045979818 238.89907667372 237.873926798503 236.495629204644 236.551515367296 -9999 247.506254408095 247.73920694987 246.273785061306 237.425601535373 235.641370985243 238.52234225803 241.94058057997 241.117580837674 240.442626953125 239.68830871582
-9999 -9999 249.433007134332 248.968561808268 -9999 -9999 -9999 -9999 -9999 -9999 -9999 -9999 -9999 -9999 254.75732421875 254.265735202365 254.95159233941 254.949222140842 255.697591145833 255.891766018338 256.809817843967 257.615169949002 255.821043226454 256.501115587023 255.507598876953 255.059134589301 254.846418592665 252.976972791884 252.092949761285 251.149259779188 248.996939765082 249.160646226671 247.671868218316 245.188569810655 243.747918023003 243.000901963976 240.910405476888 239.431688096788 238.361365424262 236.743755764431 236.606019761827 236.158409966363 235.34460788303 237.361779106988 238.403398301866 237.207490709093 239.286515977648 236.083965725369 236.53480190701
251.876420762804 254.372463650174 255.576017591688 255.551257663303 253.628846910265 254.005304972331 253.1937628852 -9999 253.6254035102 -9999 255.996173434787 255.412133110894 255.963994344076 257.050355699327 257.10893758138 258.566887749566 259.049143473307 259.660827636719 259.79603237576 259.582977294922 258.733764648438 258.26288011339 257.825836181641 256.70453898112 256.262149386936 256.239696926541 255.924455430773 254.316767374674 252.010993109809 252.888778686523 251.951785617405 249.128955417209 247.920771280924 247.316636827257 245.777330186632 245.229692247179 243.916502210829 242.730504353841 242.176116943359 241.526280721029 240.168334960938 240.576839870877 240.511703491211 240.446567111545 239.442452324761 239.281085544162 239.197423299154 238.529561360677 238.446124606662
254.313145955404 257.52038913303 259.108208550347 255.987272474501 256.633278740777 258.303397284614 257.448504977756 255.27424621582 256.481574164497 256.545917087131 256.072791205512 258.735807630751 259.266576131185 260.357096354167 260.549172295464 261.614018758138 261.070658365885 261.603439331055 263.447572496202 262.830154418945 261.849153306749 261.950151231554 260.948389689128 259.31630452474 257.895579020182 258.429209391276 256.007876925998 255.045767890082 253.326066758898 252.740190294054 251.903784857856 250.163892957899 248.491358439128 247.513078477648 247.169569227431 245.064517550998 244.808909098307 244.773191663954 244.953589545356 243.823031955295 243.961541069878 242.760655721029 243.19317457411 242.094716389974 240.801327175564 240.284439086914 238.624042087131 238.410724216037 238.310423109266
255.399934556749 259.925723605686 261.302807278103 259.066511366102 260.122873942057 261.744583129883 262.335052490234 259.251442803277 259.816468980577 258.410868326823 259.294175889757 259.336413913303 260.991173638238 262.868774414062 263.419828626845 267.156909518772 268.865139431424 268.839502970378 268.57470703125 268.532309638129 267.182910495334 267.028223673503 264.94144015842 264.558178371853 262.47509765625 261.028637356228 260.80017428928 260.665569729275 259.650555080838 257.560616387261 255.908915201823 254.914671156141 252.551240709093 252.940834893121 250.290522257487 247.555582682292 249.868423461914 249.265329996745 249.410229153103 249.074963039822 247.647060818142 247.17995707194 245.444912380642 244.95479159885 244.235104031033 242.156634860569 240.849383884006 240.790273030599 239.140029907227
254.441126505534 257.095530192057 260.922897338867 261.767579820421 261.738087972005 261.241149902344 261.951456705729 263.439663357205 261.469623141819 262.730253431532 265.210084703234 261.138831244575 262.600824991862 265.567201402452 268.303292168511 269.607933892144 269.609746297201 270.688671535916 270.037460327148 269.759535047743 269.414693196615 267.457682291667 267.39486863878 266.846586439345 266.129628499349 263.217220730252 262.284871419271 260.510911729601 259.549428304036 259.246458265516 258.000596788194 257.081737942166 255.580452813043 255.900261773003 253.50390625 251.884406195747 251.986455281576 251.106609768338 250.227506849501 249.862169053819 249.454030354818 248.499752468533 247.212821112739 246.964411417643 245.568283081055 244.470704820421 243.232940673828 242.038777669271 240.13058980306
255.603746202257 257.58361477322 261.324157714844 262.086603800456 262.455839369032 262.503511216905 264.420540703668 264.666737874349 262.707327948676 262.848244561089 263.893244425456 264.92360941569 265.081722683377 266.774588690864 268.757588704427 270.186669243707 270.963717990451 270.334374321832 270.684329562717 271.305355495877 270.97896999783 270.287314520942 269.007893880208 267.226657443576 265.605414496528 264.338641696506 263.15885925293 262.156326293945 260.401560465495 259.834084404839 259.748670789931 257.485348171658 256.214552137587 256.444081624349 255.533504909939 255.281690809462 253.57150777181 252.663347032335 252.026409573025 251.030146280924 250.026058620877 248.564456515842 248.764702690972 247.451992458767 244.694456312391 242.222142537435 242.069873385959 241.539766099718 240.119003295898
257.372773912218 257.413241916233 260.017105102539 260.432895236545 260.986523098416 263.368064032661 263.622914632161 264.689298841688 265.841635810004 265.962090386285 265.186126708984 267.953486124674 269.633534749349 270.923843383789 269.550043741862 270.598324245877 271.616197374132 271.482638888889 270.58848063151 270.648196750217 270.204493204753 268.213745117188 267.362753974067 266.527526855469 265.782065497504 264.95120578342 263.698120117188 264.04173956977 261.976559109158 260.954830593533 260.150605943468 258.536232842339 256.601070827908 255.219704522027 255.226299709744 255.119301689996 254.932132297092 252.067089504666 251.221598307292 250.797407362196 250.158226860894 249.498279147678 248.898057725694 247.705829196506 246.541644626194 244.348264906141 243.043652004666 242.473347981771 241.728293524848
258.113964504666 259.373043484158 261.329045613607 260.412757025825 262.781255086263 263.528340657552 264.934931437174 266.586558024089 267.893029106988 268.858640882704 267.943142361111 269.468612670898 269.909437391493 271.802179972331 271.035485161675 271.995029025608 271.760740492079 272.708760579427 270.740892198351 270.885075887044 269.60827975803 269.15338812934 267.992121378581 266.810397677951 265.591032240126 264.976854112413 263.993764241536 263.90766398112 263.488818698459 261.190856933594 260.293702867296 259.825915866428 259.223344590929 257.587431165907 256.44248453776 255.274436102973 255.654500325521 254.161139594184 251.733913845486 251.696884155273 252.313505384657 252.10163031684 249.129002888997 247.705998738607 246.557320488824 247.259706285265 247.137083265516 246.540228949653 243.493204752604
259.310980902778 260.853805541992 260.900478786892 261.136874728733 261.776085747613 262.079250759549 264.084559122721 264.125793457031 268.425357394748 269.090276082357 268.413131713867 268.581085205078 270.531938340929 271.242955525716 271.236952039931 272.523449367947 273.401791042752 272.596772935655 271.193549262153 270.814724392361 271.385760837131 271.56861199273 268.207155015734 267.059356689453 266.935162014431 267.1111263699 264.904563056098 263.612033420139 262.559497409397 261.310902913411 261.804916381836 262.891910129123 261.562745836046 258.469121297201 257.147981431749 257.767907036675 255.857204861111 255.557793511285 252.715389675564 252.298950195312 251.225775824653 250.162200927734 249.23849995931 248.026243421766 247.375357733832 248.134535047743 247.927132500543 245.964240180122 245.403281317817
259.183556450738 258.34294128418 259.86265903049 260.454696655273 261.820687188043 262.568545871311 263.420101589627 266.104816012912 267.907046847873 268.304617987739 267.490225897895 268.806552463108 270.018076578776 271.743220011393 271.621465047201 271.877139621311 271.755008273655 271.256205240885 269.949281480577 270.157494439019 269.928724500868 269.437001546224 268.064254760742 267.86942715115 267.475852118598 266.243877834744 264.755240546332 263.782904730903 262.72945827908 262.420759412977 262.861980862088 260.609703911675 259.851408216688 258.483942667643 257.731318155924 257.464513142904 255.701276991102 255.06669277615 254.651848687066 252.815636528863 252.076334635417 251.211359659831 249.581436157227 248.135570949978 247.032068888346 247.70570034451 245.954844156901 245.002699110243 244.881640964084
257.914589775933 259.426705254449 260.091552734375 260.926779852973 262.991807725694 264.052988688151 264.878746880425 265.997667100694 267.464301215278 266.561859130859 268.40148586697 269.031297471788 268.807983398438 270.590835571289 270.729453192817 270.352600097656 269.550732082791 269.819476657444 269.789808485243 270.768241034614 268.900916205512 268.606614854601 268.774171617296 267.99680074056 266.897876315647 265.801632351345 264.665752834744 263.89155069987 262.471008300781 262.526173909505 261.336117214627 260.462997436523 258.556713528103 258.329530504015 259.233137342665 256.465184529622 256.868357340495 255.62188551161 253.672019110786 253.382915920681 253.141718546549 251.663770887587 250.149685329861 249.830206976997 248.717112223307 248.230373806424 245.575903998481 245.455851236979 244.067823621962
261.620856391059 261.63976711697 260.745937771267 261.891571044922 264.53343878852 265.23013136122 265.623324924045 266.719290839301 267.196706136068 266.791212293837 268.027620103624 269.181379530165 269.330820719401 269.699349297418 269.317386203342 269.756815592448 269.266355726454 268.662899441189 269.25329928928 269.506223890516 268.800601535373 267.420360989041 267.169201321072 266.853210449219 265.224270290799 264.457517835829 263.976121690538 263.693562825521 262.896174112956 262.633439805773 260.700956556532 258.776913113064 258.064215766059 258.641270955404 258.691814846463 258.844850328234 256.114349365234 256.118455674913 255.544342041016 254.27993604872 253.80281914605 253.953125 253.008146497938 250.924748738607 249.333409627279 248.372004191081 246.819207085503 245.860370212131 244.083848741319
259.272240532769 260.31320699056 262.543100992839 263.608717176649 266.016050550673 265.878763834635 266.019368489583 266.27668762207 267.015413072374 266.381551106771 267.429231431749 268.007081773546 267.895083957248 267.95666164822 267.851606580946 266.525943332248 267.833602905273 268.871960110135 268.460194905599 268.875830756293 269.111929999457 268.148871527778 267.734878540039 267.839324951172 266.157368977865 264.559777153863 264.081102159288 263.287963867188 262.221133761936 260.470192803277 260.66148715549 261.39281378852 259.59203253852 259.095872667101 258.751271565755 256.822862413194 255.424565633138 256.153006659614 255.006011962891 255.211123996311 254.142730712891 254.941672431098 252.589267306858 252.223646375868 250.137664794922 248.349066840278 247.454862806532 245.136806911892 243.167187160916
260.400434705946 260.431235419379 261.897401597765 262.909445868598 264.530147976345 265.410698784722 265.672078450521 265.119537353516 264.79322136773 266.913216484918 266.89158460829 268.245312160916 268.24270968967 268.305318196615 267.196261935764 267.573871188694 268.520550198025 267.514797634549 267.411956787109 268.163308037652 268.590240478516 266.425760904948 265.971650865343 265.283382839627 265.355967203776 265.043034871419 263.533474392361 264.195743136936 264.877927992079 262.700395372179 263.380818684896 262.570293850369 261.387184990777 259.104848225911 258.308203803168 258.631188286675 256.950420803494 257.900490654839 257.229468451606 255.980724758572 253.963019476997 253.444018893772 252.60029941135 251.330657958984 249.583101060655 247.758639865451 247.353485107422 244.617038302951 244.138076782227
259.578072441949 260.154451158312 261.327353583442 262.557639227973 264.072920057509 265.942810058594 266.320517645942 265.890494452582 266.197365654839 266.240680270725 266.774990505642 267.300657484266 268.269768608941 268.560065375434 267.932257758247 267.065611097548 266.17293633355 266.243748982747 266.017218695747 267.556576199002 267.216150919596 266.845704820421 265.716983371311 266.115948147244 265.079557630751 263.920193142361 262.98105875651 263.234553019206 263.694480048286 262.997072007921 263.356930202908 262.520094129774 260.239744398329 260.24819776747 260.706736246745 260.622409396701 259.315426296658 258.07474093967 256.426620483398 255.051015218099 253.823432074653 253.139005872938 251.903494940864 249.9972720676 249.267905341254 247.996717664931 245.834781222873 246.665042453342 245.215364244249
