data/test_2003/bio14_avg_1994-2002.asc
NCOLS 664 
NROWS 380 
XLLCORNER 3.91666666666667 
YLLCORNER 55.3333333333333 
CELLSIZE 0.0416666666666667 
NODATA_value -9999 
[rows 88 to 109 of 380, columns 588 to 636 of 664]
20.0987067752414 20.0712633132935 20.3507930967543 20.14836385515 20.209040429857 20.463095135159 20.6458058887058 20.6124492221408 20.9818986256917 21.0281465318468 20.5536321004232 21.0522290335761 21.0986796485053 21.012752532959 21.4037570953369 21.4425443013509 21.6093293295966 21.7173909081353 21.5202789306641 21.7624278598362 22.1622186236911 22.1821399264865 22.2280103895399 22.24739657508 21.9879063500298 22.055922932095 22.0546142790053 22.283665339152 22.2586933771769 22.3215573628743 22.3412221272786 22.2283877266778 21.7231398688422 21.6246271133423 21.6919938193427 21.5742199156019 21.5010015699599 21.2686488893297 20.9978377024333 21.1107449001736 21.0802930196126 21.2987461090088 21.4116759830051 21.3633088005914 21.3476859198676 21.4820703930325 21.6598642137316 21.8553044001261 21.8339672088623
20.253574901157 20.3445179197523 20.3629355960422 20.3813543319702 20.5379084481133 20.6447765562269 20.9277143478394 21.1986578835381 21.4743976593018 21.0962378184001 21.1233574549357 21.0746888054742 21.4130297766791 21.5106069776747 21.4620374043783 21.8008632659912 21.9697542190552 22.0174656973945 22.2246974309285 22.1843819088406 22.1974784003364 22.2227210998535 22.1599541770087 22.1411391364204 22.2594699859619 22.2865602705214 22.45186858707 22.8549582163493 22.9298600090875 22.8626674016317 22.3094174067179 21.8629006279839 21.7887820137872 22.0100021362305 21.6936185624864 21.4787565867106 21.4046744240655 21.2483976152208 21.4648520151774 21.364341629876 21.4058036804199 21.5181341171265 21.9452664057414 21.8954280217489 21.9951688978407 21.9389724731445 22.0233896043566 22.0806710984972 21.294149822659
20.8247479332818 20.8474225997925 20.6590223312378 20.9872983296712 21.1703396903144 20.8572956720988 20.9477385414971 21.4832570817735 21.5644693374634 21.9267568588257 21.9283057318793 22.0001805623372 21.9986646440294 21.6014343897502 21.5566072463989 21.9844479031033 22.4118797514174 22.6978002124363 22.3916639751858 22.3466415405273 22.548499001397 22.2908514870538 22.209128803677 22.3108619054159 22.4160854551527 22.705240673489 22.8313078350491 22.773391617669 22.9707669152154 22.8410639233059 22.4108027352227 22.3305170271132 22.3650906880697 22.3049454159207 22.1195215649075 21.812671661377 21.5456503762139 21.5046233071221 21.4998553593953 21.7364945941501 22.0930347442627 22.0881787406074 21.7109032736884 21.617665608724 21.6446484459771 21.7454041375054 22.0795053905911 21.7723194758097 21.4274585511949
20.5387036005656 20.6772694057888 21.023039287991 21.2998620139228 21.4389918645223 21.1164858076308 20.8750677108765 21.4115776485867 20.9303550720215 21.0204651090834 21.1974314583672 21.1986108356052 21.2471445931329 21.3182570139567 21.7022506925795 21.7512351142036 21.7051471074422 21.9474497901069 21.9481196933322 21.9912257724338 22.4641068776449 22.2585022184584 22.1211847729153 22.2491158379449 22.3613882064819 22.4950184292263 22.4904842376709 22.4394012027317 22.382114622328 22.2940400441488 22.2351927227444 22.2756375206841 22.22428311242 21.798793580797 21.7235274844699 21.5525605943468 21.5709768931071 21.5653686523438 21.5597604115804 21.4579824871487 21.5485440360175 21.6376142501831 21.6321065690782 21.9345908694797 21.6830181545681 21.5859845479329 21.6414462195502 21.6969072553847 21.6849816640218
20.2230591244168 21.0584932963053 20.7528200149536 20.3563487794664 20.6396330727471 20.40015496148 20.6850773493449 20.7771045896742 20.8368777169122 20.8377395206028 20.7904237111409 20.773402955797 21.174460834927 21.5524183909098 21.688664648268 21.5605045954386 21.6959506140815 21.7449802822537 22.0273028479682 22.1363756391737 21.9960096147325 22.188312848409 22.1371996137831 22.1393466525608 22.1414940092299 22.1924302842882 22.0517686208089 21.9608858956231 22.1714394887288 22.219509018792 22.2206334008111 22.127259572347 22.0545072555542 21.9470933278402 21.5754248301188 21.5942224926419 21.6578272713555 21.6980214648777 21.9967401292589 22.0269655651516 21.8949611451891 21.819815741645 21.5936724344889 21.5245646370782 21.563151995341 21.3996589448717 21.7236169179281 22.2534943686591 22.4007619222005
20.3515621821086 20.5550369686551 19.8147253460354 20.1642608642578 20.141688770718 20.608070479499 20.6685263315837 20.6840165456136 20.9539798100789 20.9507537417942 20.536365085178 20.8806258307563 21.0811113781399 21.610246764289 21.8459196090698 21.6037173800998 21.6152750651042 21.8530741797553 21.8531972037421 22.1731357574463 22.2457061343723 22.2874267366197 22.2958738538954 22.3944181866116 22.1338380177816 22.0710695054796 21.9182552761502 21.9258875317044 22.1432020399306 21.7631120681763 21.7708532545302 21.7785949707031 21.7788745032416 21.6011389626397 21.4771553675334 21.5395385954115 21.4837415483263 21.6416798697578 21.5387988620334 21.5313344531589 21.1609415478177 21.3043348524306 21.4358245001899 21.3807926177979 21.2311467064752 21.4983358383179 21.7713293499417 22.080066257053 22.3587092293633
19.9716273413764 19.9505741331312 19.9733970430162 19.9962196350098 20.2238596810235 20.096973101298 20.1112588246663 20.3190162446764 20.1972802480062 20.3485450744629 20.3458545472887 20.3880929946899 20.4540355470445 20.6460778978136 21.1897783279419 21.4414802127414 21.7982011371189 21.8678682115343 21.8185061348809 21.8881504270766 21.9120716518826 22.1409675810072 22.2202011744181 22.0544966591729 22.2727801005046 21.9667192035251 21.9480032391018 21.9161606894599 21.608932601081 21.6427508460151 21.6535455915663 21.5703930324978 21.6191559897529 21.612209531996 21.4570160971748 21.5197673373752 21.4427010218302 21.2615966796875 21.2550354003906 21.5390951368544 21.532085524665 21.4772617552016 21.4701768027412 21.3670619328817 21.3861831029256 21.0525453355577 21.1619608137343 21.2281299167209 21.649563047621
19.9454734590318 19.8099440468682 19.8073708216349 20.1726903915405 20.1945997873942 20.2393707699246 20.1818678114149 20.181369887458 20.2733585569594 20.2718212339613 20.6715565787421 20.824150191413 21.1538645426432 21.1517018212212 21.2378097110324 21.5125670962864 21.6609056260851 21.5087584389581 21.648988087972 21.720592074924 21.7444569269816 21.7204783757528 21.9536832173665 22.04833984375 21.9435526529948 21.8849137624105 21.8729232152303 21.882361623976 21.5543791453044 21.172461827596 21.434839354621 21.4926985634698 21.5118672053019 21.4588265948825 21.3836673100789 21.5437201393975 21.79913743337 21.6295231713189 21.522947523329 21.2968209584554 21.5124473571777 21.5071965323554 21.5724392996894 21.4966949886746 21.4192582236396 21.5210384792752 21.4430358674791 21.5081835852729 21.4294041527642
20.3088721169366 19.8260036044651 20.1269934972127 19.8593787087335 19.8500569661458 20.1186580657959 20.0449516508314 20.0155795415243 20.0220184326172 19.9764521916707 19.9763640297784 20.1305797364977 20.5034909778171 20.3776353200277 20.6204206678602 21.0036232206557 21.002921210395 21.0659551620483 21.3309675852458 21.6335269080268 21.653209262424 21.7010742823283 21.813868522644 21.857518725925 22.0505277845595 21.8099451065063 21.4524230957031 21.4617251290215 21.7458798090617 21.4370098114014 21.5383206473456 21.5474156273736 21.4568958282471 21.494571685791 21.3065872192383 21.3515852822198 21.5542143715752 21.6937691370646 21.5473809772068 21.4949718051487 21.7614230049981 21.4423568513658 21.7536698447333 21.7497929467095 21.7667333814833 21.8280353546143 21.8920180002848 21.6798820495605 21.4091174867418
20.2748261557685 20.1621851391262 19.7661274804009 20.037449836731 19.8502468532986 20.0442759195964 19.9247084723579 19.638011402554 19.9249352349175 19.9260768890381 19.7522348827786 19.7525517145793 19.7528687583076 19.8244493272569 19.9317837821113 20.0498223834568 20.191424369812 20.4586352242364 20.7542529635959 21.0290428797404 21.299230893453 21.6124185985989 21.6545498106215 21.6549496120877 21.7664493984646 21.7600089179145 21.6200351715088 21.7109260559082 21.8014664120144 21.6125292248196 21.5287085639106 21.4669272104899 21.5629338158502 21.5613439348009 21.1132396062215 21.1017603344387 21.5047971937392 21.2427353329129 21.1376541985406 21.3848246468438 21.4772028393216 21.51723935869 21.9088072246975 21.8779998355442 21.8680695427789 21.7031008402507 21.4029692543877 21.3959000905355 20.9220342636108
20.2045459747314 20.1707744598389 19.9877365960015 20.0025825500488 20.0124462975396 20.0661964416504 19.6200777689616 19.3335804409451 19.5490436553955 19.5510098139445 19.0706035825941 19.3561837938097 19.3584802415636 19.4024670918783 19.7155604892307 19.9611462487115 20.3728121651544 20.8130676481459 20.9551217820909 21.025989956326 21.0863433414035 21.3033769395616 21.2401248084174 21.2897792392307 21.4089532428318 21.6037295659383 22.1470339033339 22.5552646848891 22.8943271636963 22.1449399524265 21.8595040639242 21.6415632035997 21.7318807178073 21.6458905537923 21.7346543206109 21.5965747833252 21.6481233172947 21.5835783216688 21.5506106482612 21.5405272377862 21.6009955936008 21.5909882651435 21.304134051005 21.2898227903578 21.3328118854099 20.8421680662367 20.570448451572 20.38145075904 20.8431757820977
20.2472705841064 20.2114655176799 20.1561370425754 19.8790054321289 19.7837665345934 19.7218089633518 19.4855660332574 19.5375363032023 19.4019058015611 19.2746786541409 19.2365464104546 19.2400776545207 19.1722181108263 19.0905379189385 19.3454888661702 19.8137826919556 19.9990043640137 20.5129907396105 20.5872904459635 20.659877565172 21.1224757300483 21.0621929168701 21.1083517074585 21.2307830386692 21.5307115978665 21.3981840345595 21.4439981248644 22.2123925950792 22.5289025836521 22.2012413872613 22.0055360794067 21.5476134618123 21.6426267623901 21.7045640945435 21.979464424981 21.6884130901761 21.4536879857381 21.4585886001587 21.5016306771172 21.4003862804837 21.2988308800591 20.8627320395576 20.6911028756036 20.3599957360162 20.3682977888319 20.3203350702922 20.2985436121623 20.2767519421048 20.8119082980686
20.257910516527 20.0899853176541 20.1537183125814 20.1157587899102 19.6790379418267 19.5703802108765 19.4370821846856 19.4438319736057 19.2908032735189 19.2101485994127 19.1008343166775 18.9917559093899 18.9966627756755 19.0015710194906 19.19107998742 19.3113248613146 19.6288760503133 20.0114898681641 20.1564624574449 20.1845217810737 20.4739804797702 20.6264543533325 20.8603473239475 20.9016612370809 21.2486346562703 21.2902531094021 21.0977195103963 21.3734893798828 21.7219875123766 21.9443329705132 21.9678432676527 21.5070513619317 21.6709181467692 22.0109937455919 22.0147955152724 22.1232599682278 22.0463645723131 22.0397759543525 21.5625960032145 21.5061706966824 21.2950492435031 20.8892102771335 20.688527531094 20.2890520095825 20.2493721644084 20.373279147678 20.3665992948744 20.2881746292114 20.2303459379408
19.8038638432821 20.0607020060221 20.0015257729424 19.5843798319499 19.5248082478841 19.5428582297431 19.7959212197198 19.6422684987386 19.3277410931057 19.1617753770616 19.0256533092923 18.945260365804 18.7498718897502 18.8962721294827 19.3642224205865 19.4404907226562 20.388405058119 19.7174128426446 20.226893319024 20.3013974295722 20.4395105573866 20.4777222739326 20.5261337492201 21.0212115181817 21.2987959120009 21.337164984809 21.3755346934001 21.3726940155029 21.3022404776679 21.4512473212348 21.9059033923679 22.008048693339 22.1005895402696 22.4759092330933 22.0911910798815 22.1779948340522 22.1734501520793 22.0983786053128 21.6020767423842 21.5481484731038 21.0325034459432 20.9076796637641 20.7405570348104 20.4526778327094 20.4535990820991 20.2825657526652 20.1378693050808 20.0485151078966 20.0306680467394
19.9805548985799 20.0314172108968 19.881875567966 19.8867558373345 19.8206123775906 19.7133071687486 19.9463618596395 19.5904971228706 19.5963988833957 19.1544949213664 19.049871550666 18.8987651401096 18.8345585929023 19.8672738605075 19.8036807378133 20.8914089202881 20.2952042685615 20.4719285964966 21.8679007424249 21.9869058397081 20.2896093792386 20.3241233825684 20.652704026964 21.1498010423448 21.6982664532132 22.2559162775675 21.7923926247491 21.1678942574395 21.23079278734 21.4430977503459 21.8249240451389 22.3457396825155 22.5292880800035 22.1462274127536 22.0731334686279 22.0703234142727 22.1380305820041 21.9733591079712 21.5223508410984 21.1003281275431 20.8863168292575 20.8707823223538 20.4111546410455 20.3675884670681 20.4035377502441 20.3964095645481 20.2065789964464 20.2635087966919 19.8360288408067
19.6914350721571 20.0947890811496 19.9021798239814 19.9100970162286 19.8662614822388 19.7756622102525 19.6957712173462 19.7395859824287 19.6153044170803 20.111954053243 20.1210552851359 18.8522693845961 19.6493841807048 19.7565411461724 20.1550061967638 20.348759121365 20.9737069871691 20.9822145038181 21.060695860121 21.1946086883545 21.0044608645969 20.6439267264472 20.6742580201891 20.7042185465495 21.70910220676 22.2613045374552 22.2528726789686 21.7573554780748 21.6121118333605 21.1424516042074 21.4677151574029 22.016067398919 22.0161746342977 21.6350581910875 21.634246190389 21.6334346135457 21.5418955485026 21.4930089314779 21.0724212858412 21.0716288884481 20.9999430974325 20.5522762934367 20.3480603959825 20.0407485961914 20.2943556043837 20.2870981428358 20.2623147964478 19.9475093417697 19.78062915802
19.5957074695163 19.8610911899143 19.7118265363905 19.9659481048584 19.9563867780897 20.199854850769 19.9474020004272 19.9550524817573 20.0792140960693 20.2021916707357 20.1405569712321 19.3509409162733 20.034048822191 20.5546785990397 20.2989835739136 20.3796773486667 20.556191444397 20.7075680626763 20.7630627950033 21.104515393575 21.6092154184977 21.1159633000692 20.6259808010525 20.8245551851061 20.5624086591933 20.878247472975 21.4949731826782 22.0485243267483 21.9604413774278 21.8123633066813 21.8399792777167 21.4552248848809 21.3610897064209 21.3677584330241 21.5956163406372 21.5965819888645 21.7333990732829 21.5057786305745 20.8702603446113 20.5260253482395 20.4230164421929 20.5278340445624 20.528737809923 20.2786265479194 19.9689883126153 19.8863133324517 19.8562312655979 19.8463408152262 19.8364499409993
19.9982801013523 19.8725589116414 19.969718085395 20.4972437752618 20.7311216990153 20.7029656304253 20.2206239700317 19.9256389405992 20.507067044576 20.5453687243991 20.4500475989448 19.6877426571316 19.9428061379327 20.4877552456326 20.1815654966566 20.2551179462009 20.5608627531264 20.4994020462036 20.5785459942288 21.0760903888279 21.5478091769748 21.5744176440769 21.3092646068997 21.1162810855442 21.0691509246826 21.092188835144 21.4290297826131 21.9065302742852 21.930989795261 21.9554493162367 21.9339980019463 21.4774429533217 21.3159714804755 20.9982398351034 21.0009049309625 21.3218360477024 21.3695829179552 21.0794645945231 20.7801631291707 20.2728688981798 20.1108765072293 20.1716094546848 19.9964512719048 20.4439608256022 20.4398454030355 20.1411656273736 19.9226046668159 19.7212252087063 19.524818526374
20.5924528969659 20.6358497407701 20.6391334533691 20.8042913013034 20.7264278199938 20.7970003551907 20.6545235315959 20.6532433827718 20.4019212722778 20.1644553078545 20.1133652793037 19.9981597264608 19.8165412478977 20.0942751566569 19.886381149292 20.0600537194146 20.3776113722059 20.457830535041 20.6787793901232 20.759954240587 21.2879749933879 21.5389963785807 21.6012465159098 21.4588358137343 21.4283018112183 21.6889852947659 22.2247166103787 21.3783394495646 21.257227367825 21.2765317493015 21.1513391070896 21.4557037353516 21.1775442759196 20.6650047302246 20.9179385503133 20.8199278513591 20.7563303841485 20.6925733354357 20.7450892130534 20.6791305541992 20.3711859385173 20.1096464792887 20.1144518322415 20.0022336112128 19.9078918033176 19.9043745464749 19.7253096898397 19.6714239120483 19.3533285988702
20.9384365081787 21.1101060443454 20.7684965133667 20.4957313537598 20.4953016704983 20.3786562813653 20.6776355107625 20.7489438586765 20.6902983983358 20.1931450102064 19.992003970676 19.8482290903727 19.8087521659003 19.8215435875787 20.078302277459 19.9175018734402 20.1316306855943 20.3261090384589 20.4092191060384 20.5073322719998 20.5190570619371 21.0898051791721 21.5318644841512 21.4780561659071 22.0848502053155 21.5494516160753 21.329858885871 21.5426366594103 21.1874166064792 21.2179150051541 21.2322799894545 21.5298175811768 21.6000626881917 21.1368096669515 20.595935927497 20.7189112769233 20.7247586780124 20.431249194675 20.3657833735148 20.5450448989868 20.6904722849528 20.6945144865248 20.5777403513591 20.2493668662177 20.0385340584649 19.9064983791775 19.7394557529026 19.607964515686 19.6595044665866
20.7448887295193 20.6747235192193 20.5858048333062 20.5863095389472 20.3954946729872 20.3961998621623 20.4597076839871 20.5484502580431 20.4610411326091 20.2823515997993 20.059697786967 19.8469898435805 19.7017380396525 19.7455904218886 19.5252713097466 20.0522031784058 20.1793665356106 19.9758328331841 20.3249932395087 20.3383827209473 20.4694519042969 20.6524740854899 21.0555803510878 21.2354145050049 20.9905043707954 21.1711467107137 21.6024658415053 20.9770758946737 20.9682261149089 21.0287545522054 21.0377412372165 21.0467282401191 21.011336962382 20.7541423373752 20.5365871853299 20.7891729142931 20.9780587090386 20.5247889624702 20.4080511728923 20.4814569685194 20.4844473732842 20.4380974239773 20.4657289716933 20.3485045962864 20.1884327994453 20.1880105336507 20.0795615514119 20.3701018227471 20.3274061414931
20.650854004754 20.6647043228149 20.4923350016276 20.674856821696 20.7205180062188 20.6513204574585 20.6085507074992 20.6099712583754 20.3855570687188 20.3252674738566 20.6232991748386 20.1201445261637 19.6385293536716 19.4924278259277 19.6261603037516 19.7579906251695 19.8415566550361 19.855055809021 20.0329275131226 20.5815494325426 20.4273115793864 20.4382015864054 20.6782948176066 20.6825673845079 20.6868392096625 20.8748235702515 21.1202962663439 20.9122042126126 20.8901379903158 20.5396039750841 20.4739122390747 20.6360488467746 20.6409523222182 20.4325077268812 20.6736210717095 20.6756841871474 20.842986424764 20.5108057657878 20.4153730604384 20.4174785614014 20.4683824115329 20.5193065007528 20.4726131227281 20.4259000354343 20.3377656936646 20.1140347586738 19.6579617394341 19.6691422992282 19.8438049952189
