data/test_2003/bio18_avg_1994-2002.asc
NCOLS 664 
NROWS 380 
XLLCORNER 3.91666666666667 
YLLCORNER 55.3333333333333 
CELLSIZE 0.0416666666666667 
NODATA_value -9999 
[rows 352 to 373 of 380, columns 490 to 538 of 664]
189.304190741645 189.611331515842 188.47201707628 192.151991102431 194.239368014865 193.922000461155 195.147993299696 196.221135457357 197.558990478516 195.663206312391 195.86479695638 195.956729465061 197.939829508464 199.160132514106 199.097785101997 200.319466484918 201.183705647786 204.100177341037 204.197545369466 206.195595635308 206.294316609701 207.169396294488 206.336810641819 208.322379218207 208.403250800239 209.263639662001 208.215976291233 208.297066582574 209.159793429905 209.241604275174 211.237660725911 211.320660061306 210.134343465169 210.217647976345 211.392361111111 209.338694254557 209.339275783963 211.266087849935 210.127831353082 210.006696912977 212.850957234701 212.854595608181 214.006525675456 214.011967976888 214.017413669162 214.0228644477 214.018646240234 213.747519599067 214.887029012044
188.563825819227 189.009341769748 187.144482082791 188.581019083659 190.569574991862 191.254335191515 192.342439439562 195.049530029297 196.137727525499 194.451034545898 195.781802707248 195.868849012587 196.721981472439 197.931862725152 198.788876003689 199.999637179905 199.940680609809 200.804190741645 202.936954074436 203.804441663954 205.795001559787 205.889499240451 206.949749416775 207.018385145399 207.087010701497 207.595789591471 208.787453545464 208.857284545898 208.586636013455 207.737152099609 208.726550632053 209.002034505208 208.732581244575 208.803261650933 207.930587768555 207.952295939128 208.760989718967 208.783064100477 210.727398342556 209.843044704861 211.914515177409 211.940789116753 211.967051188151 211.638597276476 210.873480902778 212.836047702365 213.750157674154 213.758388943142 212.974300808377
187.194198608398 188.420588175456 188.754996405707 190.099285549588 189.477259318034 189.822606404622 191.075117323134 191.422997368707 191.770874023438 193.235153198242 194.216345893012 195.416778564453 194.583811442057 196.353157891168 197.553646511502 197.638186984592 200.38446214464 200.471354166667 202.786982218424 203.84689839681 205.630686442057 206.499372694227 205.654407077365 206.492482503255 206.549572414822 207.389134724935 208.229687160916 208.28776550293 209.129794650608 209.188376532661 209.246948242188 209.506569756402 208.447570800781 209.292734781901 209.344202677409 209.387903849284 208.519324408637 209.690695868598 210.526021321615 211.36193508572 210.621298895942 209.534712049696 210.369469536675 210.415356106228 210.461244371202 211.404975043403 212.585508558485 211.473007202148 210.710906982422
185.328818427192 186.80009121365 187.269141303168 189.514992607964 187.829798380534 189.299177381727 190.567642211914 190.171417236328 190.537772284614 192.781580607096 190.980811225043 193.084715101454 195.044687906901 196.235107421875 196.314607408312 198.277508205838 199.133119371202 200.323315090603 200.267300075955 202.23636203342 203.100060356988 204.100490993924 205.138242933485 205.966579861111 206.012135823568 206.841635810004 205.972356160482 207.912133110894 208.873936971029 208.920728895399 208.839006212023 208.886393229167 208.933773464627 208.981153700087 210.151618109809 211.008909437391 211.078828599718 208.909823947483 209.189478556315 209.258605957031 210.116475423177 210.185835096571 208.335747612847 209.192148844401 212.082999335395 212.151229858398 213.349132961697 212.60929022895 211.523600260417
185.595131768121 186.075673421224 186.433010525174 187.031029595269 188.282443576389 186.912314520942 188.396219889323 189.682030571832 190.834423489041 191.560117933485 192.560148451063 193.742111206055 193.817226833767 194.859629313151 196.039326985677 197.801510281033 199.758126152886 199.835300021701 198.999769422743 200.958745320638 202.919084337023 203.781026204427 203.837493896484 204.655814276801 204.689544677734 204.911151462131 205.731292724609 207.46467590332 208.601843939887 208.320739746094 208.35577223036 208.266209920247 208.301764594184 209.442018296984 209.505974663628 209.597878350152 208.579182942708 210.570090399848 210.662158542209 209.636817084418 209.942435370551 210.938368055556 210.695460001628 210.785424126519 209.975975884332 212.096401638455 211.047151353624 211.460305107964 210.40098063151
183.988898383247 184.235702514648 184.605009290907 186.093388875326 187.589043511285 186.392762078179 187.12564002143 188.293434990777 189.59792582194 190.334937201606 191.343575371636 192.515657212999 194.45989312066 194.530688815647 195.377892388238 197.325502183702 198.495096842448 198.56691148546 199.420418633355 200.460388183594 201.317886352539 201.392384847005 201.440382215712 202.248445298937 203.056852552626 203.261900160048 204.071568806966 204.094326443142 206.91003757053 205.837236192491 207.744016859266 206.858071221246 206.8816341824 208.002885606554 208.860336303711 208.97444152832 209.088560316298 208.885145399306 208.996973673503 208.205066257053 210.334070841471 210.448284573025 209.44428507487 210.676717122396 209.667946709527 210.905144585503 210.780878702799 210.875052558051 211.197092692057
183.52456495497 183.248469034831 185.360012478299 185.845937093099 187.202431572808 187.226948208279 187.621961805556 188.344867282444 188.543003506131 190.037523057726 190.597417195638 191.437883165148 193.377824571398 195.318701850043 196.165454440647 196.236116197374 198.180206298828 198.124743991428 199.105241563585 200.143502129449 200.215933905707 200.165111965603 201.121546427409 200.839038425022 199.948247273763 201.845460679796 201.865120781793 203.76421101888 203.601220024957 205.501410590278 205.706356472439 205.727259318034 206.841498480903 208.746036105686 208.820070054796 208.638407389323 207.662611219618 208.886288113064 210.114552815755 211.031068589952 210.367007785373 208.480711195204 208.605341593424 210.745703803168 210.871938069661 209.877812703451 209.983534071181 212.089821709527 212.176683213976
183.692503187391 185.135299682617 185.34218343099 186.025063408746 186.353849622938 188.569195217556 186.822845458984 188.276570638021 189.536951700846 190.226223415799 190.442337036133 192.381329006619 193.226042005751 194.073520236545 196.017473008898 195.184565226237 198.036297268338 198.110075208876 198.366675482856 199.223624335395 200.083331637912 200.945812649197 200.996729532878 201.810273912218 200.927419026693 200.953235202365 202.857760959201 203.673700968424 204.607481214735 205.724990844727 204.845684475369 205.663409762912 206.783448961046 207.60243733724 207.980104234484 207.798251681858 208.711164686415 209.93268500434 210.056059095595 210.179436577691 210.302817450629 209.632927788628 211.659598456489 211.7849544949 210.796323988173 210.91970316569 209.892417060004 211.064646402995 212.016928778754
184.728291829427 185.026155259874 184.562661064996 185.974297417535 186.394510904948 186.691813151042 188.878026326497 189.105532328288 189.433993869358 189.762446085612 191.962305704753 191.132337782118 193.074262830946 195.01742723253 194.186982896593 195.040028889974 196.986701117622 197.062693277995 197.138685438368 197.999508327908 199.950732760959 201.115524291992 203.04510667589 201.990442911784 201.904508802626 201.93716261122 202.759821573893 202.792828030056 203.731509738498 204.854263305664 206.769448174371 204.807771470812 205.633785671658 205.668012830946 205.743274264865 207.74779425727 207.8662109375 209.082850138346 210.302825927734 209.323026869032 209.443108452691 210.668100992839 209.683281792535 210.911617702908 211.033374362522 210.84124077691 210.114691840278 211.033721923828 211.055077446832
184.135318332248 185.284990098741 184.54130215115 186.686420016819 186.312006632487 187.693449232313 189.847842746311 191.013765123155 190.100374009874 191.489495171441 191.675994873047 191.752960205078 192.019297281901 193.963219536675 195.130735609266 194.116212632921 196.062950981988 196.140151977539 197.001063028971 198.95209757487 198.911765204536 198.99222140842 201.832607693142 201.870776706272 201.792958577474 201.831971910265 201.87097507053 203.606114705404 203.645178900825 204.773427327474 205.605717976888 205.832799275716 205.576597425673 207.502817789714 206.787051730686 207.697340223524 208.908023410373 209.025109185113 211.036758422852 210.358328925239 210.27631632487 210.393056233724 210.509797837999 210.931221856011 209.044353908963 211.069023980035 211.123226589627 210.006281534831 209.996893988715
184.938624064128 185.296025594076 185.758312649197 186.115180121528 187.117387559679 188.467771742079 190.46743604872 190.828850640191 190.766883002387 192.121046278212 192.613420274523 192.692058987088 192.643203735352 191.94657558865 193.892454359266 195.963931613498 195.919747246636 196.782089233398 196.863445705838 197.730348375109 196.907914903429 198.863523695204 198.632225884332 199.760918511285 200.595893012153 200.640706380208 202.563929239909 202.609832763672 204.646560668945 206.574281480577 205.719156901042 206.856068929036 207.69921875 207.74786207411 207.828864203559 207.942238701714 208.05559624566 210.061784532335 209.081461588542 211.191541883681 211.306450737847 212.519975450304 212.635937160916 211.651168823242 209.860812717014 209.075870090061 210.00850253635 209.964504665799 209.026111178928
185.105228000217 186.421190049913 188.627276950412 188.068166097005 188.148825751411 189.343649970161 190.443479749891 190.649319118924 191.846708509657 192.176625569661 192.327601114909 192.409917195638 192.49223836263 193.663581000434 194.833509657118 195.694062974718 196.557742648655 196.641782972548 196.72582160102 196.691841973199 197.564580281576 198.734824286567 198.509628295898 199.643466525608 201.569866604275 201.621576944987 202.465986463759 203.604537963867 204.744227091471 205.592332628038 206.734378390842 206.789091322157 207.640318128798 208.785291883681 209.768013848199 208.979699028863 207.998894585503 208.109115600586 209.312588161892 209.131820678711 212.330922444661 212.443369547526 213.454121907552 213.56645711263 213.678797403971 210.786761813694 208.807551066081 207.026972452799 206.952117919922
186.283267550998 187.445534600152 188.608115302192 188.657877604167 188.954783121745 189.128119574653 189.523859659831 189.69640774197 190.859351264106 191.155992296007 191.271340264214 191.355894300673 194.204561021593 194.290347629123 194.376130845812 195.548219468859 196.598371717665 195.599168565538 196.470245361328 196.558283487956 197.434193929036 198.60612487793 199.469268798828 200.608851114909 201.458309597439 201.516384548611 203.452662150065 203.512062920464 204.657285902235 204.426647610135 206.66079542372 207.51936340332 209.568233913845 208.732267591688 207.72804429796 207.835118611654 207.942191229926 208.337253146701 209.247389051649 211.344217936198 211.4521484375 212.366775512695 211.668017917209 211.775950113932 210.790254380968 210.701507568359 210.897201538086 207.987358940972 208.972105238173
188.079649183485 188.221947564019 189.353113810221 189.495474921332 188.871631198459 190.991234673394 191.256752861871 191.3984375 191.664106580946 191.805836995443 191.273637559679 190.88897535536 193.152167426215 194.016969468859 195.00732421875 195.097371419271 195.332204182943 194.376108805339 196.333921644423 198.409049140082 198.385604858398 199.819751315647 199.345579359266 200.490342881944 200.553949991862 201.411192152235 202.559253268772 203.604097154405 205.655210706923 205.433790418837 205.501102023655 207.453748914931 207.522513495551 207.591272989909 205.788053724501 205.890704684787 207.885492960612 207.989429050022 209.182188245985 209.094341701931 210.287448459201 210.391611735026 211.585077921549 211.68936835395 211.793645222982 211.897930569119 209.974716186523 209.832682291667 210.582655164931
188.345442030165 188.455167982313 189.457745022244 190.556527031793 190.666988796658 191.765643649631 192.220087687174 192.329747517904 191.541875203451 191.774910820855 191.87471347385 192.988599989149 194.065977308485 194.933022393121 195.149176703559 195.24116007487 194.145529852973 195.021567450629 196.197597927517 198.159391615126 199.334713406033 200.56512620714 201.438252766927 200.371826171875 201.523045857747 202.38799879286 202.45942179362 204.410413953993 206.364522298177 205.354514227973 205.42842441135 206.58817715115 207.463609483507 207.539086235894 205.929146660699 206.640842013889 208.724383884006 208.825391981337 208.926400078668 210.113827175564 211.300877888997 211.401509602865 212.399041069878 211.602778116862 212.788892957899 212.701590643989 212.663925170898 214.465064154731 211.490013970269
187.400148179796 190.124835544162 190.204116821289 191.27101304796 190.707156711155 191.772996690538 192.838548448351 192.271892971463 194.106121487088 193.410741170247 193.408386230469 194.613513522678 194.707962036133 194.926708645291 195.880925496419 194.99195183648 195.086537679036 195.065500895182 197.141927083333 198.02500406901 199.202024671766 200.328196207682 200.413931952582 200.507412380642 199.430525037977 202.438225640191 204.521596272786 204.316975911458 204.396457248264 204.475943671332 206.440044826931 205.43623691135 206.60237121582 205.789647420247 205.878438313802 204.888420952691 207.772093031141 207.869742499457 207.967390272352 210.044362386068 211.225246853299 211.322226630317 211.419211493598 212.598098754883 212.694583468967 212.607577853733 211.730009290907 211.520097520616 210.485399034288
189.195843166775 189.367041693793 190.309205796984 191.343507554796 193.488304985894 193.534932454427 192.90283203125 193.072670830621 193.118220011393 192.302629258898 192.374184502496 193.580423990885 194.661161634657 194.757353040907 195.876000298394 195.627670288086 196.807276407878 196.791427612305 197.004389444987 197.890625 200.116602579753 200.215443929036 200.305502997504 200.406934950087 200.490025838216 200.482384575738 203.340410020616 204.223539564345 204.309512668186 205.19596862793 206.366460164388 206.454238891602 205.648951212565 203.846947564019 203.936070760091 204.835598415799 206.905953301324 207.809897528754 208.798578898112 211.056276109484 211.149607340495 210.347430759006 211.33627488878 211.429611206055 211.522942437066 211.689753214518 212.690224541558 210.545895046658 210.302335951063
190.129085964627 191.256261189779 192.258405897352 191.506020439996 192.506646050347 192.52094523112 191.890769110786 192.029073079427 192.042929755317 193.165513780382 193.34639316135 193.445648193359 194.566348605686 195.527886284722 196.734670003255 197.732014973958 197.446660359701 198.628573947483 198.731263902452 197.756242540148 200.001208835178 199.204650878906 200.401970757378 201.285052829319 201.374905056424 201.173412746853 202.344239976671 204.130093044705 204.22257147895 205.303220960829 206.378362019857 207.329077826606 205.676400078668 204.655322604709 205.743694729275 205.94800652398 207.929484049479 208.017988416884 210.079711914062 211.246504041884 211.33332824707 211.420155843099 211.506985134549 211.415471394857 211.680642022027 211.767471313477 210.846062554253 210.39507039388 210.119269476997
193.136403401693 193.135891384549 192.114084879557 192.238164265951 191.469526502821 191.593148125543 192.576009114583 192.699234008789 191.926203409831 193.157725016276 193.977611965603 195.184207492405 194.427675035265 195.305311414931 195.283047146267 195.708719889323 196.787760416667 196.480041503906 198.556201510959 198.658637152778 199.929734971788 200.154744466146 200.921510484484 201.995888604058 202.093692355686 201.018054538303 203.982376098633 204.880828857422 204.980638292101 205.080452813043 206.072182549371 207.067204793294 206.060302734375 204.589680989583 206.569508870443 206.651201036241 207.82032945421 209.878882514106 211.674977620443 210.871522691515 211.215828789605 212.375969780816 211.387827555339 211.473829481337 210.732750786675 210.816986083984 209.648978339301 211.324466281467 210.203689575195
190.985804239909 192.867212931315 192.095489501953 192.095950656467 193.078884548611 191.538377549913 190.680872599284 193.452562120226 193.787528143989 193.786560058594 194.814370049371 194.910578409831 195.131293402778 193.352912055122 194.552137586806 195.62587483724 196.175184461806 196.713628133138 197.660902235243 198.668782552083 200.40552605523 202.625144110786 202.727166069878 201.812554253472 200.987431844076 201.984083387587 204.71873304579 204.825453016493 204.841452704536 205.928700764974 206.03803507487 207.038036770291 206.25670199924 207.175157335069 206.40261332194 206.49363538954 207.662273830838 209.719914754232 209.809417724609 210.973376803928 211.061833699544 212.222637600369 211.238732231988 211.327189127604 211.657406277127 211.743128458659 210.581797281901 210.367741902669 210.089964124891
191.824932522244 191.054321289062 192.161746554905 192.162772284614 193.060104370117 191.520551893446 191.520943535699 191.645853678385 192.624899970161 193.727530585395 194.545844184028 193.990317450629 193.105821397569 194.299657185872 194.267591688368 195.265494452582 195.973134358724 196.069179958767 198.392367892795 199.273484971788 200.341840955946 200.685702853733 202.534545898438 200.665798611111 200.596335517036 200.702860514323 203.667432996962 203.657584296332 203.899819268121 203.811655680339 203.921937730577 206.805355495877 208.954143948025 207.158050537109 207.13175116645 208.301344129774 209.469138251411 209.560940212674 209.652748955621 208.853062947591 208.944325764974 210.998733520508 212.159310234918 211.42308722602 211.51150004069 210.770523071289 210.681357489692 211.306659274631 211.03844028049
189.037392510308 190.910390218099 191.891993204753 191.039925469293 192.02059258355 191.126503838433 191.128587510851 192.150839911567 192.277150472005 193.379475911458 192.777130126953 192.745368109809 194.054633246528 193.24801296658 195.011437310113 195.101806640625 194.701127794054 195.863749186198 196.742397732205 198.974466959635 199.068050808377 201.263838026259 200.160027398003 199.377568562826 198.421015421549 199.331078423394 202.537258572049 202.616661919488 204.581748114692 204.698403252496 206.511606852214 207.702441745334 206.93192715115 207.939003838433 207.232306586372 208.140443589952 208.235302395291 208.330166286892 209.496075100369 208.699467976888 209.040383232964 209.131722344293 210.11535305447 210.207214355469 209.405743069119 210.390943739149 209.480260213216 209.227854410807 209.862504747179
