data/test_2003/bio11_avg_1994-2002.asc
NCOLS 664 
NROWS 380 
XLLCORNER 3.91666666666667 
YLLCORNER 55.3333333333333 
CELLSIZE 0.0416666666666667 
NODATA_value -9999 
[rows 231 to 251 of 380, columns 96 to 143 of 664]
-10.1225718392266 -9.89492935604519 -9.33345111211141 -10.1531999376085 -10.3486683103773 -10.05547036065 -10.0420500967238 -10.3237410651313 -10.5788810518053 -10.5619150797526 -10.7702825334337 -10.9844277699788 -11.1956843270196 -10.742051548428 -10.3068634668986 -11.0341198179457 -10.4553758833143 -9.39885478549533 -10.460333082411 -9.81892262564765 -9.54165161980523 -9.06385315789117 -8.50956662495931 -8.50285085042318 -9.36867989434136 -9.40999274783664 -9.17619403203329 -8.9977290365431 -8.61267836888631 -8.4086291525099 -8.35569127400716 -8.21934784783257 -8.13855711619059 -8.35145743687948 -8.40742519166735 -7.97302256690131 -7.76834699842665 -7.8556244108412 -7.84003660413954 -7.79570807351006 -7.86226802402073 -7.89586538738675 -7.82331445482042 -7.74920797348022 -7.80526828765869 -7.9801615079244 -7.87683232625325 -7.63157749176025
-9.91645590464274 -8.31477525499132 -8.08536137474908 -8.74654017554389 -9.49221134185791 -9.78931623035007 -10.1228665775723 -10.3630830976698 -10.4883023367988 -10.7658581203885 -10.3151908450656 -9.81052409278022 -10.1705240673489 -10.147190729777 -9.36585696538289 -9.02941274642944 -9.04607926474677 -9.380523469713 -9.19985670513577 -8.59074550204807 -8.34454435772366 -8.42798132366604 -8.85685110092163 -9.44489330715603 -9.29849147796631 -9.00142240524292 -8.86250925064087 -8.8531354798211 -8.55627340740628 -8.49462217754788 -8.56363762749566 -8.51902325948079 -8.32658963733249 -8.09740251964993 -7.90383826361762 -7.93116177452935 -8.0715970993042 -8.29614135954115 -8.7484138806661 -8.71846199035645 -8.52984306547377 -8.28994597329034 -7.98036003112793 -8.00929249657525 -8.08601575427585 -8.23838165071276 -8.26045147577921 -8.26992845535278
-9.10522932476468 -7.01101525624593 -8.78160264756944 -9.40678924984402 -9.94886493682861 -10.7176071802775 -10.4679052564833 -10.3713139428033 -10.4052793714735 -10.4733559290568 -10.2763215700785 -9.95573160383436 -9.49914179907905 -9.45588535732693 -9.96218427022298 -10.6184833314684 -11.1516713036431 -10.9621921115451 -10.3913802040948 -9.5676793522305 -8.89988125695123 -9.06487570868598 -9.25453641679552 -9.70886410607232 -9.45096927218967 -9.03500641716851 -8.96676190694173 -8.89623313479953 -8.7897203763326 -9.04921335644192 -8.73765797085232 -8.74292294184367 -8.70272641711765 -8.57195721732246 -8.55992889404297 -8.62649334801568 -8.20016839769151 -8.02725092569987 -8.28011173672146 -8.5444106525845 -8.42453787061903 -8.34365590413412 -8.08799780739678 -7.73471016354031 -8.11165242724948 -8.39630598492093 -8.48651504516602 -8.52790927886963
-6.48648103078206 -6.93039719263713 -9.06053829193115 -9.86669529808892 -9.95507409837511 -9.62389776441786 -10.190721405877 -9.98532284630669 -9.64892233742608 -9.7426315413581 -9.68922985924615 -10.0844946967231 -10.7250928878784 -10.7563574049208 -10.8071778615316 -10.706442726983 -10.9425965415107 -11.0067503187391 -10.8155703014798 -10.3875020345052 -9.6689960691664 -9.6829424434238 -9.52333312564426 -9.3432788848877 -9.66255844963921 -9.8993936114841 -9.20045057932536 -9.24150774214003 -9.10834280649821 -8.895867506663 -8.76864168379042 -8.83489698833889 -8.93190050125122 -8.89009602864583 -8.87895849015978 -8.96130265129937 -8.7880908648173 -8.74450884924995 -8.51529735989041 -7.92749293645223 -8.12679979536268 -8.19181034300062 -7.99785783555773 -7.61419285668267 -7.86245256000095 -8.20615582995945 -8.31576379140218 -8.33737150828044
-7.1777327325609 -8.08201064003838 -8.91286526785957 -9.72860108481513 -10.2708392673069 -9.89907746844822 -9.18982113732232 -8.94513400395711 -9.10020065307617 -9.71850262747871 -9.53613816367255 -9.30994372897678 -9.50771045684814 -9.38194089465671 -9.39617172876994 -9.3472908337911 -9.24374416139391 -9.3026409678989 -9.29198270373874 -9.19843578338623 -9.33255550596449 -9.16567579905192 -9.26235145992703 -9.39591614405314 -9.35081418355306 -9.27415672938029 -8.86649264229668 -8.76455354690552 -8.73009581036038 -8.72400824228922 -8.73466168509589 -8.79820415708754 -8.80492607752482 -8.75356801350912 -8.78754366768731 -8.86893855200874 -8.78263256284926 -8.61151207817925 -8.60500134362115 -8.63727304670546 -8.52473020553589 -8.16707632276747 -7.98734786775377 -7.64263412687514 -7.74731339348687 -7.91944085227119 -7.94623454411825 -7.95502848095364
-8.96976884206136 -9.20247115029229 -9.60139486524794 -9.77461518181695 -9.78642808066474 -9.11764844258626 -8.58672062555949 -8.44534815682305 -8.94899437162611 -9.9129925303989 -9.8774348364936 -9.62868722279867 -9.54455047183567 -9.5206356048584 -9.23472097184923 -9.05947271982829 -8.71693420410156 -8.63608768251207 -8.58683972888523 -8.58470259772407 -8.64278136359321 -8.53025759590997 -8.47960509194268 -8.47636005613539 -8.62644826041328 -8.77024046579997 -8.96240303251478 -9.03436681959364 -9.11817630132039 -9.06387498643663 -9.10794724358453 -8.90782658259074 -9.0190258026123 -8.8376882341173 -9.18433528476291 -9.11351399951511 -8.89469257990519 -8.68604214986165 -8.68544642130534 -8.72631269031101 -8.83651256561279 -8.66397126515706 -8.44913408491347 -8.262963242001 -7.91239685482449 -7.74220906363593 -7.63957654105292 -7.52805540296766
-8.41959481769138 -8.51716677347819 -8.66644265916612 -8.98586649364895 -9.09040149052938 -9.02730698055691 -8.67717530992296 -8.63000673717923 -9.38845438427395 -9.38207462098863 -9.43547238243951 -9.62924040688409 -9.85472345352173 -9.88821898566352 -9.64615890714857 -9.39298788706462 -9.44981649186876 -9.42797883351644 -8.51017459233602 -8.37485117382473 -8.2402106391059 -8.2354376051161 -8.39792368147108 -8.4592989285787 -8.55497047636244 -8.74160491095649 -8.82409127553304 -8.84205865859985 -8.91032277213203 -8.9594759411282 -9.06899902555678 -8.84800354639689 -8.84460708830092 -8.8968088361952 -8.93064006169637 -8.92202695210775 -8.85245068868001 -8.90576373206245 -8.83381700515747 -8.70683368047079 -8.76792420281304 -8.6656813621521 -8.48195717069838 -8.53045511245728 -8.55508767233955 -8.38911337322659 -8.33276923497518 -8.23086918724908
-9.58567476272583 -9.30315287907918 -9.2495936817593 -9.17107179429796 -9.53929048114353 -9.34447230233086 -9.00180191463894 -8.45335430569119 -8.78788820902506 -8.72011793984307 -8.92331923378838 -9.36676984363132 -9.65350336498684 -9.67757060792711 -9.89585977130466 -9.95770459704929 -9.59866041607327 -9.5811718834771 -9.13657225502862 -8.44951094521416 -8.25082408057319 -7.92286311255561 -7.70470804638333 -7.77913882997301 -7.96134768591987 -8.29272339079115 -8.36387385262383 -8.56257952584161 -8.7909148534139 -8.76080592473348 -8.85906712214152 -8.91992134518093 -8.86467080646091 -8.92190874947442 -8.97907246483697 -8.8717917866177 -8.82354831695557 -8.87093416849772 -8.7305425008138 -8.54481728871663 -8.52272192637126 -8.47077454460992 -8.40897544225057 -8.32671440972222 -8.31983831193712 -8.27270444234212 -8.28757015864054 -8.36510276794434
-9.6430459022522 -9.20383585823907 -8.28053029378255 -8.56989638010661 -8.75511418448554 -8.95803562800089 -8.68236441082425 -8.39187892278036 -8.50684637493557 -8.26181454128689 -7.25652631123861 -7.45717324150933 -8.67355744043986 -8.75602367189195 -8.31449015935262 -9.55095662011041 -9.30986743503147 -8.01157395044963 -7.58814668655396 -7.79427512486776 -8.14119455549452 -8.28453408347236 -7.93920728895399 -7.62682739893595 -7.55016316307916 -7.66060988108317 -7.97283442815145 -8.07394785351223 -8.23172812991672 -8.50484138064914 -8.79232035742866 -8.8988733291626 -8.84829139709473 -8.75819211535984 -8.78372293048435 -8.74480851491292 -8.71611711714003 -8.77788146336873 -8.87554857465956 -8.74604166878594 -8.68260929319594 -8.53162129720052 -8.52952226003011 -8.46016369925605 -8.3968522283766 -8.2263282140096 -8.15753142038981 -8.25322755177816
-9.26212051179674 -8.42785215377808 -8.18225722842746 -8.98390785853068 -9.33112112681071 -9.45959329605103 -9.49436187744141 -9.35513046052721 -9.39885097079807 -9.31322643491957 -8.68632358974881 -8.38452280892266 -7.7954273223877 -6.8669441541036 -5.77987345059713 -6.02761771943834 -6.39165830612183 -6.81740257475111 -7.03269312116835 -7.02393976847331 -6.86512793434991 -6.93514611985948 -7.16383107503255 -7.22540495130751 -7.35142310460408 -7.47966358396742 -7.55745983123779 -7.5895135667589 -7.79749631881714 -8.27791860368517 -8.54707707299126 -8.74060577816433 -8.79983796013726 -8.86551274193658 -8.90170627170139 -8.74627007378472 -8.59142663743761 -8.69053067101373 -8.84781371222602 -8.78319226370918 -8.91427453358968 -8.76661623848809 -8.7589578098721 -8.48159556918674 -8.31950770484077 -8.17054621378581 -8.26054742601183 -8.35351170433892
-9.29541741477119 -8.28986824883355 -7.74191035164727 -9.09128872553507 -9.68840673234728 -10.1121909353468 -9.95679007636176 -10.0565002229479 -10.0655914942423 -10.0694244172838 -9.53935617870755 -8.64262130525377 -8.55610942840576 -8.43426301744249 -8.10028367572361 -7.34814071655273 -7.66747628317939 -8.15715726216634 -8.21592495176527 -8.33928494983249 -8.22682428359985 -7.95432048373752 -7.59833510716756 -7.37887144088745 -6.99812894397312 -7.29919746186998 -7.69808493720161 -7.46555646260579 -7.59781010945638 -8.09088251325819 -8.44104533725315 -8.670837826199 -8.53390312194824 -8.57557439804077 -8.71494928995768 -8.82062043084039 -8.75429190529717 -8.54862965477837 -8.62341207928128 -8.76594755384657 -8.85216188430786 -8.84501833385891 -8.77713425954183 -8.64058309131198 -8.5458673371209 -8.61012951533 -8.31766096750895 -7.88966904746162
-7.17686001459758 -7.77240949206882 -8.9750550587972 -9.90452183617486 -9.90613683064779 -9.95923291312324 -10.6309217876858 -10.3120922512478 -9.5567020840115 -9.7238352033827 -9.95927757687039 -9.78027566274007 -9.38394048478868 -9.39804961946276 -8.91593641704983 -8.49576340781318 -8.01977141698202 -8.76073869069417 -8.98503986994425 -8.48145633273655 -8.39275005128649 -8.42147265540229 -8.40397315555149 -8.24573283725315 -7.92608526017931 -7.22089995278253 -7.2163609928555 -7.60120476616753 -7.46172735426161 -7.52341058519151 -7.7475774553087 -8.05640263027615 -8.31944953070747 -8.34178357654148 -8.20656246609158 -8.27045228746202 -8.31597174538506 -8.23334291246202 -8.08814202414619 -8.27537960476345 -8.49130831824409 -8.63460593753391 -8.59345849355062 -8.4844593471951 -8.48111550013224 -8.38950395584106 -8.04025586446126 -7.92286290062798
-9.43119653065999 -9.35108624564277 -8.66786506440904 -9.11486599180433 -9.06645912594265 -9.34805297851562 -9.84927585389879 -9.8148693508572 -9.56181319554647 -8.78166347079807 -9.92186578114828 -10.1879298951891 -10.2811050415039 -10.078058136834 -9.87190045250787 -8.87654214435154 -8.70740927590264 -8.87879519992405 -8.5988556543986 -8.44282918506198 -8.23744175169203 -8.51795842912462 -8.38983345031738 -8.31281942791409 -8.3486205206977 -8.12523614035712 -7.47155772315131 -7.20882818433974 -7.49080096350776 -7.63442251417372 -7.44182215796577 -7.71233277850681 -8.06452894210815 -8.30441045761108 -8.41973108715481 -8.57124683592055 -8.50105900234646 -8.02583397759332 -7.70537434683906 -7.6445894241333 -8.00423288345337 -8.18648947609795 -8.20741240183512 -8.05040995279948 -7.85800997416178 -7.64080460866292 -7.58715518315633 -7.6697277492947
-9.78545628653632 -9.80991729100545 -9.60556364059448 -9.53009886211819 -9.64996714062161 -9.05679856406318 -9.62807443406847 -9.63557248645359 -9.34107255935669 -8.84954558478461 -8.48747958077325 -9.3513617515564 -9.22604767481486 -9.31473345226712 -9.22030809190538 -8.86939446131388 -8.46251010894775 -8.76945839987861 -9.3886071840922 -8.92267841762967 -8.35161447525024 -8.68088859981961 -8.78576792611016 -8.57679515414768 -8.61126957999335 -8.48033147388034 -8.18039544423421 -7.84670946333143 -7.43585809071859 -7.36588197284275 -7.32620228661431 -7.23622613483005 -7.42462502585517 -7.72953388426039 -8.19875182045831 -8.46485651863946 -8.48696109983656 -8.11899169286092 -7.75460688273112 -7.44002162085639 -7.46943622165256 -7.98707294464111 -8.16432974073622 -8.16012461980184 -8.09386650721232 -7.85660256279839 -7.67200544145372 -7.60651922225952
-10.0710496902466 -10.2198597590129 -9.89178080028958 -9.56044255362617 -9.26021581225925 -9.1313959757487 -8.89457649654812 -8.82597923278809 -8.61461899015639 -8.73046228620741 -8.48804638120863 -8.2382345729404 -8.58523760901557 -9.23299476835463 -9.60982735951742 -9.71557929780748 -9.5482202635871 -8.86068545447456 -8.51666620042589 -8.50737041897244 -8.51645437876383 -8.52784114413791 -8.65700642267863 -8.80165259043376 -9.01007684071859 -9.02227841483222 -8.93056911892361 -8.75460057788425 -8.45426156785753 -8.18881151411268 -8.05202855004205 -7.85435612996419 -7.57637643814087 -7.26519971423679 -7.45449394649929 -7.75366364585029 -8.18123361799452 -8.33911238776313 -8.1635094748603 -7.80931425094604 -7.30506796307034 -7.67334879769219 -8.05509848064846 -7.96413252088759 -7.90750079684787 -7.85840029186673 -7.77641110950046 -7.66708877351549
-10.1824944814046 -10.3650611241659 -10.4860724343194 -10.1523422665066 -9.8724643919203 -9.7965866194831 -9.61752319335938 -8.75179364946153 -8.63869222005208 -8.60094526078966 -8.72586488723755 -8.29329925113254 -7.77783748838637 -8.36185693740845 -9.00979820887248 -9.12524827321371 -9.77076037724813 -9.81846745808919 -9.26937754948934 -8.65636502371894 -8.68114566802979 -8.69280264112684 -8.67320802476671 -8.74942435158624 -8.92304839028252 -9.06170945697361 -9.04049385918511 -8.9582249323527 -8.87422143088447 -8.78184949027168 -8.59984816445245 -8.26510630713569 -7.92596705754598 -7.93276993433634 -7.91197819179959 -7.56829733318753 -7.42411104838053 -7.65592495600383 -7.86377482944065 -7.74676105711195 -7.36247740851508 -7.12073553933038 -7.39521609412299 -7.6319186952379 -7.60246833165487 -7.43930938508776 -7.54792833328247 -7.731658299764
-9.50497674942017 -9.43196641074287 -9.80340019861857 -9.6694270239936 -9.61723142200046 -9.29185077879164 -9.25024763743083 -9.21264457702637 -8.8992944293552 -8.74167786704169 -8.4767574734158 -8.14006794823541 -8.24510388904148 -8.22813977135552 -7.98021300633748 -7.45921648873223 -7.75086047914293 -8.01020383834839 -8.09124581019084 -8.22856028874715 -8.4543661541409 -8.62339327070448 -8.6620291074117 -8.678786277771 -8.68250629636976 -8.8380045360989 -9.00713200039334 -8.94055610232883 -8.8292391565111 -8.74792210261027 -8.57546710968018 -8.49070824517144 -8.39177995257907 -8.44660886128744 -8.44559150271946 -8.12057399749756 -7.76449992921617 -7.34451325734456 -7.3803047074212 -7.59409581290351 -7.57144249810113 -7.44434462653266 -7.18680254618327 -6.94303798675537 -7.37765826119317 -7.17777379353841 -6.74722316530016 -6.97711663775974
-8.79064411587185 -8.56901990042793 -8.98732132381863 -9.58495627509223 -10.0419984923469 -10.1191146638658 -9.71541653739082 -9.35779190063477 -9.11359045240614 -8.76725546518962 -8.81965038511488 -9.02657514148288 -9.10898070865207 -9.08372020721436 -8.91904094484117 -8.65273157755534 -8.08743598726061 -7.33752897050646 -7.57123348448012 -7.9275303946601 -8.20677243338691 -8.39095920986599 -8.66744253370497 -8.95215468936496 -8.92020236121284 -8.84489197201199 -9.00396760304769 -8.97445106506348 -8.95397122701009 -8.8594913482666 -8.75482310189141 -8.76260609096951 -8.79228395885891 -8.65718894534641 -8.48135296503703 -8.25299824608697 -7.90871789720323 -7.71154626210531 -7.46664804882473 -7.20108350118001 -7.55174075232612 -7.57795365651449 -7.56038914786445 -7.29726860258314 -7.17729245291816 -7.24090523189968 -7.18140665690104 -7.12790817684597
-8.9386076397366 -8.38059171040853 -8.46846633487278 -8.84539567099677 -9.34261756473117 -9.82015699810452 -9.94547430674235 -9.9003471798367 -9.6531457901001 -9.35453685124715 -8.93283944659763 -9.17965528700087 -9.17074341244168 -9.03462855021159 -8.80322355694241 -8.70713980992635 -8.50668557484945 -8.33467642466227 -8.23046472337511 -8.08116711510552 -7.95851193534003 -7.98998032675849 -8.1346337000529 -8.27743535571628 -8.3300887743632 -8.38066826926337 -8.55280330446031 -8.67960511313544 -8.83959171507094 -8.98170386420356 -9.02390024397108 -8.88676314883762 -8.75953425301446 -8.59058358934191 -8.52637349234687 -8.47853385077583 -8.31639771991306 -8.17633581161499 -8.05610275268555 -7.75918218824599 -7.33981699413723 -7.0515628390842 -7.12775304582384 -7.31683243645562 -7.51403776804606 -7.56959189309014 -7.46692381964789 -7.4598109987047
-8.77275376849704 -8.5633471277025 -8.35923714107937 -8.46878348456489 -8.50929313235813 -8.55158048205906 -8.45253446367052 -8.54148854149712 -8.54861047532823 -8.50835959116618 -8.41827493243747 -8.24256075753106 -8.13825395372179 -8.18528053495619 -8.18489975399441 -8.11614820692274 -8.1840984026591 -8.2874862353007 -8.40360371271769 -8.38331900702583 -8.29125907686022 -8.11630058288574 -7.81828281614515 -7.50812482833862 -7.69046974182129 -7.77222967147827 -7.8822120030721 -8.09797181023492 -8.46484300825331 -8.67421923743354 -8.77371666166517 -8.73054758707682 -8.63042068481445 -8.52259519365099 -8.43765883975559 -8.47175942526923 -8.47939072714912 -8.40927934646606 -8.21561251746284 -7.97372335857815 -7.78383419248793 -7.51594527562459 -6.93294498655531 -7.06705564922757 -7.21082311206394 -7.19958035151164 -7.37344874276055 -7.37398364808824
-8.08271106084188 -7.95232343673706 -7.9577923350864 -8.28103934393989 -8.4131007194519 -8.37731075286865 -8.24418698416816 -8.10555288526747 -7.99948438008626 -7.94200219048394 -7.86763090557522 -7.86666695276896 -7.87251816855537 -7.72390206654867 -7.51160722308689 -7.72560760709974 -7.62901782989502 -7.61472309960259 -7.62887276543511 -7.58280012342665 -7.51523600684272 -7.44055032730103 -7.45638333426581 -7.51384597354465 -7.55708614985148 -7.55800649854872 -7.46838177575005 -7.83455440733168 -8.07193925645616 -8.42443556255764 -8.692122247484 -8.66121779547797 -8.50435039732191 -8.37233511606852 -8.41483465830485 -8.49992015626695 -8.505005730523 -8.43953318066067 -8.20099910100301 -7.8517246776157 -7.62712616390652 -7.4944339328342 -7.22685299979316 -6.70882754855686 -7.07053724924723 -7.10598156187269 -6.76387045118544 -6.89375930362278
