data/test_2003/bio19_avg_1994-2002.asc
NCOLS 664 
NROWS 380 
XLLCORNER 3.91666666666667 
YLLCORNER 55.3333333333333 
CELLSIZE 0.0416666666666667 
NODATA_value -9999 
[rows 242 to 263 of 380, columns 196 to 244 of 664]
151.164831373427 152.16030799018 149.691856384277 151.714661492242 154.853690253364 154.76431189643 156.582495795356 145.124988979763 142.976465013292 153.311143663194 150.870796203613 140.715707567003 138.65323638916 138.608773973253 138.382566663954 134.3246061537 133.010305616591 139.580683390299 143.418362087674 144.604799906413 142.193118625217 144.463017781576 147.59036509196 151.79615105523 154.697505527072 156.954445732964 162.181755913628 166.150342305501 163.138075934516 150.386379665799 154.650973849826 157.843805101183 155.941997104221 152.75052134196 153.384960598416 152.334928724501 149.139483981662 138.966406080458 129.432114495171 132.624517652724 142.33221605089 129.714216444227 138.056204054091 144.48686726888 145.207795884874 142.126711527507 141.992465549045 145.847106933594 142.541877746582
151.508741590712 152.39820098877 159.376807318793 153.898312038845 150.791012234158 149.672171698676 152.59767320421 156.553709242079 146.404507954915 143.335959540473 143.28554280599 139.077744377984 139.028216891819 141.071807013618 148.021371629503 143.900666130914 137.830299377441 132.218794928657 134.424203660753 148.032864040799 152.020582411024 147.862234327528 144.793757120768 150.018363104926 151.244220309787 156.031487358941 159.354420132107 157.963953653971 156.237736172146 148.773598564996 160.267418755425 160.257364908854 157.915944417318 155.774483574761 154.487713283963 152.367207845052 152.352025349935 150.422912597656 146.399171617296 131.982717725966 132.544077555339 125.471189710829 128.306761847602 137.930013020833 142.015534294976 134.497465345595 138.57765367296 140.354153103299 142.53638543023
148.760619269477 152.410214742025 153.593495686849 151.14810011122 147.818522983127 149.718499925401 149.632759941949 144.393071492513 142.587998284234 139.566985236274 139.344914754232 147.852950202094 144.196874830458 136.842244466146 136.982366773817 136.847624037001 144.074193318685 139.888946533203 131.623038397895 137.91716003418 145.168714735243 156.385330200195 153.293870713976 150.206347147624 153.308434380425 153.206253051758 154.18524424235 155.117387559679 160.585428025987 153.783773634169 159.292021009657 166.283866034614 169.228607177734 157.739278157552 155.581512451172 153.449818081326 152.144472757975 150.437169392904 148.081569247776 136.847054375543 130.627577887641 125.223951551649 121.925027635362 126.050111558702 131.665734185113 131.313045925564 134.364086574978 135.293609619141 138.103900485569
146.836380004883 150.501843770345 157.986401875814 152.521047804091 144.247904459635 147.361460367839 149.441832648383 149.378888448079 139.848134358724 136.647331237793 137.858413696289 144.94817437066 145.27978515625 153.800079345703 154.581504821777 142.46272277832 132.739133199056 135.16919793023 139.386624654134 135.106627570258 138.109928554959 142.314384460449 147.600128173828 153.590407477485 155.816492716471 156.344037373861 159.86484781901 155.463764614529 155.173283894857 154.106911553277 150.881918165419 166.370907253689 168.44366285536 158.859907362196 158.821133931478 156.449189080132 153.446102566189 151.076564364963 150.411361694336 142.125274658203 138.047989739312 134.737040201823 126.384924994575 123.090238359239 120.65633392334 122.357756296794 126.982041252984 130.035471598307 129.917314317491
155.871459113227 150.33664533827 152.838501824273 154.492075602214 149.464211357964 143.626385158963 145.503562079536 145.436980353461 142.388573540582 142.153750949436 144.134751213921 137.071072048611 134.624027676053 137.562515258789 152.949651082357 151.981525844998 144.589234246148 134.399479336209 135.537452697754 136.619363572862 139.616736518012 142.607983059353 145.760846455892 153.330377366808 164.310805426704 161.830477396647 158.708535088433 166.878748575846 169.767017788357 162.503818088108 149.898320515951 152.001376681858 162.145220438639 164.433548821343 161.836905585395 163.061997307671 167.256716410319 159.999287923177 153.370092603895 143.171872456868 146.275060017904 148.472657097711 137.783208211263 127.548481411404 124.258067237006 122.268124474419 121.971110026042 125.034599728054 132.618445502387
147.960192362467 156.167163425022 156.132776896159 144.600357055664 142.165795220269 145.991457621257 156.458634270562 156.37136247423 150.87885538737 153.824278089735 150.931908501519 151.068453470866 144.544270833333 130.50090959337 134.710900200738 141.71629248725 133.430429246691 133.307729932997 138.775404188368 139.018106248644 143.217835320367 144.111375596788 148.349333021376 151.318656073676 159.148334927029 175.655346340603 170.378911336263 161.908959282769 166.910733540853 166.853938632541 159.576503329807 148.033208211263 153.932611253526 156.214664035373 163.384636773003 166.291012234158 168.25631374783 164.157539367676 157.845342848036 143.389254252116 136.118378533257 137.890915764703 137.768856472439 127.537669711643 124.249480353461 122.346355862088 122.22231165568 121.929781172011 122.094758775499
147.511485629612 148.157672458225 156.391594780816 147.899204678006 144.535740322537 146.412772284614 150.275427076552 151.239354451497 159.607325236003 156.482476976183 154.24147966173 160.440971374512 157.54052734375 142.962910122342 126.529120551215 124.086152818468 125.251824273003 128.365433586968 143.057659573025 149.160365634494 149.010136922201 155.483906216092 149.969493442112 159.482165018717 160.361223008898 160.199177212185 167.325252109104 170.143690321181 162.748948838976 159.738872951931 157.332508511013 150.01641676161 148.049256218804 150.962074279785 150.899086846246 160.390396118164 166.25079176161 162.359563191732 154.881999545627 147.396291944716 144.345405578613 135.983848571777 127.407552083333 124.97231970893 124.863984002007 124.525644090441 128.646744622125 126.624012417263 126.283329433865
146.671730041504 145.335568745931 147.497362772624 143.167189704047 143.730628119575 143.650571187337 147.803782145182 144.374607510037 148.826688978407 148.743654886882 149.931470235189 149.019701639811 154.570053948296 151.667912801107 132.384659661187 122.605221218533 123.548806084527 124.290177239312 135.092862447103 147.629707336426 150.703069898817 154.648340861003 156.835088094076 165.244953579373 160.752033657498 155.229047987196 154.841704474555 161.31049686008 158.841400146484 161.106691148546 159.953727722168 155.413352118598 152.361973232693 144.003545973036 144.999456617567 144.93051232232 149.937697516547 152.827698601617 158.274372524685 154.591408623589 144.952056037055 138.922024197049 126.131146748861 124.732268439399 126.947665744358 128.751958211263 132.608896891276 127.680436876085 123.968805948893
150.750679863824 153.811223347982 153.816022237142 148.375230577257 142.224487304688 140.936369154188 140.777833726671 144.572893778483 149.249771118164 147.224870469835 146.249999152289 145.112341986762 141.984946356879 139.989531622993 135.509617275662 141.280351426866 141.599461873372 138.417128668891 125.775025261773 139.382427639431 146.588921440972 146.429870605469 152.903604295519 158.755278693305 158.582635667589 155.408187866211 155.238994174533 160.410920884874 160.283033582899 158.940131293403 161.199311150445 158.131763882107 157.828414916992 152.428320142958 146.176850212945 141.851151360406 140.496513366699 140.425110710992 144.36338297526 143.013224283854 134.668485005697 130.309651692708 130.20133972168 131.385385301378 135.485265943739 137.057445949978 131.857517666287 125.235393100315 120.903731875949
143.599598354763 146.800215827094 147.876983642578 148.549975925022 144.165217081706 145.348460727268 146.362356397841 142.10275861952 144.835114373101 149.948991563585 142.481506347656 144.768022325304 139.46975962321 141.307881673177 141.235863579644 142.825655619303 148.115637037489 148.190183003743 141.600001017253 132.387966579861 135.279384189182 145.465327792697 142.526109483507 152.908748202854 161.131849500868 158.618412441678 155.459142896864 169.002354092068 173.173596700033 168.781632317437 169.76929558648 169.674363878038 168.507937961155 164.159498426649 155.544222513835 160.776178995768 151.3156314426 145.923572116428 137.972056070964 134.933102925618 134.844368828668 134.738845825195 142.87819841173 146.986063639323 145.138709174262 139.569941202799 139.48075527615 139.140652126736 122.395840115017
148.232836405436 149.380137125651 146.992975870768 142.824256049262 144.61144595676 145.504690382216 154.732894897461 153.566129048665 156.283111572266 164.823214213053 159.269774542914 156.329179551866 151.010284423828 148.299498664008 148.409793429905 146.141461690267 146.242202758789 155.600138346354 158.492281595866 154.278265211317 152.386055840386 131.151845296224 137.291004604763 142.546194288466 156.174928453234 157.082105000814 155.897869533963 161.116010877821 164.00131310357 173.340897454156 171.293957180447 171.197785271539 171.101614210341 172.714316474067 165.35580613878 166.32497660319 163.884593539768 155.269987318251 148.77983601888 139.138628641764 147.53189002143 152.490570068359 148.372967190213 149.530954149034 152.440846761068 146.100038316515 142.420327080621 140.805198669434 135.018831041124
147.375379774306 152.619639078776 160.043326483832 162.891232808431 150.18197716607 148.054228040907 161.233782450358 166.328642951118 164.031890869141 165.178421868218 168.09672970242 168.184815300836 169.324477301704 159.890325758192 158.653343200684 153.996468438043 157.129223293728 151.598137749566 151.479526943631 155.658597310384 154.267665439182 148.320638868544 139.578086005317 132.99068959554 147.971942477756 150.649238586426 152.889089796278 161.359970940484 166.3914159139 166.295284695095 169.198311699761 177.443539089627 181.628813849555 177.685132344564 175.899997287326 169.540802849664 160.900588989258 163.148611280653 157.500804477268 154.432835049099 146.447580125597 143.146211412218 151.544959174262 139.981560601128 142.844166225857 145.075114780002 141.347946166992 138.292604234484 135.241650051541
154.188157823351 153.022477044 158.271807352702 165.478275722928 160.172308180067 158.750684102376 165.796496073405 173.055919223362 169.847443474664 164.255622016059 161.059818691678 160.919470045302 164.049022250705 161.08331044515 153.973753187391 151.679245842828 154.59622531467 157.087749057346 155.656672159831 148.439985487196 152.637164645725 156.87777794732 149.625991821289 142.866341484918 138.654371473524 145.034110175239 149.65054236518 156.231708102756 157.181517706977 162.455995347765 168.369378831651 171.704499986437 179.949629041884 183.283851623535 174.928209940592 170.003506978353 161.120583428277 161.019437154134 157.479014078776 154.402297125922 148.983595954047 140.366888258192 143.244168599447 139.950590345595 141.130558437771 149.29802025689 145.596035427517 138.284036424425 137.158538818359
151.00537109375 153.358741760254 156.283168368869 164.612396240234 163.427097744412 158.920074462891 165.961977640788 175.610714382595 168.712581210666 165.721562703451 161.401919894748 158.862672593859 164.369895935059 165.491210089789 163.174286736382 165.621239556207 151.623684353299 156.948092990451 157.077090793186 151.799381679959 157.113664415148 153.993714226617 148.506747775608 152.715829637316 147.016031053331 137.472298516168 154.592586093479 154.501958211263 154.411370171441 157.33182864719 165.614034016927 166.594301011827 175.929529825846 184.169213189019 179.224925571018 176.028424580892 169.672891404894 165.868379380968 158.816606309679 166.991719563802 153.209178500705 145.87723880344 141.517024570041 141.427975972493 140.063606262207 141.648626539442 148.159690856934 136.608084784614 135.456337822808
159.317372639974 159.083975897895 158.865541246202 168.110774570041 175.243067423503 165.846924675836 162.227498372396 168.582804361979 168.413967556424 165.853320651584 165.43630472819 163.354782104492 165.799340989855 169.956369188097 164.579005771213 171.768095228407 168.600192599826 154.214420742459 157.174000210232 154.285472446018 158.517006768121 154.134927537706 145.629357231988 155.913831922743 155.837990654839 144.09992896186 138.639495849609 143.960192362467 149.266564263238 155.429624769423 160.486661275228 162.748071458605 169.738363477919 183.356001112196 184.30689239502 175.41160413954 169.90439860026 169.893880208333 168.605539957682 157.786899142795 161.725530836317 150.970899793837 147.671296013726 144.607422722711 143.244199117025 142.095371670193 143.078831142849 140.026748657227 137.609186808268
154.131223042806 157.18773651123 160.24382019043 169.060676574707 172.590218438043 177.653850979275 163.50210401747 162.214948018392 168.289798312717 165.773466322157 165.602978176541 167.185831705729 171.33780670166 180.471007453071 176.174171447754 166.858469645182 165.852906121148 170.103097703722 153.17923227946 154.396469116211 163.836702982585 159.685315450033 147.710227966309 147.653203328451 149.747999403212 149.911666870117 149.853608025445 139.004468282064 144.105775621202 160.831557379829 162.037832472059 164.945092095269 163.963163587782 180.383342319065 170.830113728841 175.845288594564 170.365277608236 169.37831624349 164.976153055827 156.929352654351 153.611195034451 157.56768544515 156.193263583713 153.125768025716 151.760560777452 147.634039137099 151.596922132704 160.037500169542 150.468592325846
162.525233798557 168.708504570855 172.702522277832 168.732537163628 172.439306471083 167.965711805556 172.067196316189 170.822797139486 170.941707187229 176.205252753364 177.918546040853 172.17626953125 172.327937655979 169.078395419651 169.105876498752 175.392366197374 167.025483025445 173.053428649902 158.692392985026 154.507469177246 158.777312384711 158.731253729926 161.719223870171 144.785421583388 148.832365247938 155.515772501628 155.248387654622 150.677655537923 139.151678297255 152.655940585666 160.967483520508 167.556594848633 158.818335639106 167.099854363336 159.451311747233 170.719704522027 165.233054267036 175.834564208984 171.186972724067 164.841682434082 153.579248216417 153.319531758626 168.142195807563 174.252989874946 172.90417819553 157.23912387424 164.423040601942 163.457888285319 156.056755913628
174.616372850206 177.488471984863 177.501775953505 171.335022820367 165.514383951823 172.656838311089 176.802241007487 175.484689500597 170.030043707954 176.571932474772 179.193825615777 179.201700846354 176.986157735189 170.272998385959 163.089315626356 162.88900841607 162.772655063205 167.06100209554 161.172467549642 157.000751071506 152.831497192383 155.839537726508 154.528635660807 147.327531602648 153.370502048069 154.399298773872 158.501308017307 162.785466512044 168.777937147352 144.455663892958 149.757703145345 166.489924112956 157.736928304036 150.954233805339 157.307283189562 162.56943681505 156.849092271593 169.179930792914 163.05046081543 162.695442199707 157.008365207248 156.934841579861 171.608343336317 182.604885525174 184.064164055718 167.110288831923 163.44021013048 169.850134107802 159.329714457194
174.8168097602 177.508165147569 177.938612196181 168.065390692817 167.047883775499 173.24139573839 178.275587293837 181.126942104763 172.576005723741 177.593663533529 184.784258524577 182.380089653863 182.144352383084 179.081353081597 162.985336303711 158.849934895833 157.635470072428 163.045613606771 161.271235148112 167.335968017578 173.802641974555 167.485429551866 148.829369439019 152.690680609809 150.2941470676 156.983709547255 163.045658535428 161.089697943793 162.965065002441 163.943014356825 147.604681226942 147.500844319661 143.085486518012 148.376624213325 157.756796942817 149.012515597873 151.913969251845 161.025006612142 160.260765923394 154.540256076389 154.448025173611 158.210074530707 171.848169962565 171.858929951986 181.029117160373 180.705433315701 169.150869581434 163.569186740451 167.789448208279
163.832932366265 164.447385152181 166.442687988281 170.670877244737 178.04764895969 176.516272650825 173.191588507758 184.605476379395 184.126442803277 176.672491285536 173.365258958605 181.211696200901 187.702359517415 184.393573337131 178.929462856717 164.119630601671 154.657845391168 154.657566494412 158.983926561144 174.166778564453 171.780854966905 169.79973771837 150.698953416612 148.981029934353 147.65793355306 154.147214253743 152.861885918511 156.128726535373 162.153894212511 158.996866014269 161.91498904758 147.717490302192 135.920758565267 142.308952331543 153.873140970866 149.217699686686 148.873229132758 155.216329786513 158.104278564453 161.406584845649 156.7796842787 150.056376987033 162.426431443956 165.5964940389 167.598247104221 183.231787787543 183.195462544759 175.908363342285 171.077592637804
162.353608873155 175.126827663845 186.839830186632 181.336483425564 182.941040039062 185.190162658691 174.391092088487 180.329077826606 180.0910220676 182.927336798774 182.68473900689 179.376865810818 186.547876146105 183.469918145074 182.121516757541 176.845526801215 174.558956570095 157.161176045736 153.004477606879 161.46940612793 163.401738484701 154.917448255751 149.702393425836 159.226906670464 150.74526807997 147.468601650662 147.683731079102 150.717299567329 153.700881110297 155.748211330838 158.898367140028 147.737060546875 140.513346354167 134.13432735867 138.147256639269 143.21014573839 148.262151082357 143.847010294596 146.75050438775 163.168397691515 157.068496704102 150.121242099338 154.703551398383 157.215628729926 161.471806844076 170.783936394586 184.513804965549 179.068057590061 172.431015014648
169.853162977431 174.055282592773 181.298845926921 183.277220831977 179.878395928277 172.189880371094 168.898186577691 177.270385742188 183.221706814236 191.556433783637 194.401460435655 198.526739332411 191.056359185113 183.423116048177 180.375564575195 182.33391740587 179.148712158203 176.005818684896 160.316348605686 153.074850294325 153.913772583008 153.209056430393 147.735950893826 151.795583089193 145.667366027832 146.283733791775 147.524934556749 153.560290866428 156.96255323622 154.707004123264 154.380432976617 142.817346360948 140.352382236057 138.323855082194 136.693800184462 151.706613328722 159.772204081217 149.752219306098 142.323334587945 146.305946350098 149.011643303765 140.611048380534 159.676074557834 162.643713209364 162.608294169108 168.581861707899 176.263985527886 182.306188795302 171.820972866482
