data/test_2003/bio15_avg_1994-2002.asc
NCOLS 664 
NROWS 380 
XLLCORNER 3.91666666666667 
YLLCORNER 55.3333333333333 
CELLSIZE 0.0416666666666667 
NODATA_value -9999 
[rows 286 to 307 of 380, columns 98 to 146 of 664]
40.4870895809597 40.755187564426 40.3057261572944 39.3714247809516 39.1167394849989 39.2379235161675 39.1103829277886 39.197845670912 39.2174337175157 39.7409750620524 40.9831193288167 41.7054379781087 41.3239682515462 40.3705206976997 40.430601755778 41.107013490465 41.3902439541287 41.7708769904243 41.7632677290175 41.1205950842963 40.7141920725505 41.0411086612278 41.3163623809814 41.173864364624 41.3182993994819 42.2342440287272 43.3093369801839 43.4114954206679 43.2709577348497 44.2854877048069 44.763050503201 44.6624412536621 44.9609510633681 45.5682881673177 45.5641157362196 45.4020517137316 45.3491744995117 45.5517942640517 45.4977561102973 45.3536237080892 45.0629141065809 45.3140725029839 46.2004381815592 46.4514316982693 46.577220916748 46.4233860439724 46.9970427619086 47.6575474209256 47.1080000135634
40.4073051876492 41.1042819552951 40.7611719767253 39.4739157358805 39.1920235951742 39.8766515519884 39.2532734341092 39.3406412336561 39.6062562730577 39.9518519507514 41.1721515655518 42.0264807807075 41.421843846639 40.3333485921224 40.368160671658 40.5077436235216 40.899659898546 41.3175275590685 41.7537795172797 41.8928231133355 41.3054226769341 41.3333151075575 41.9646169874403 42.1901573605008 41.9455680847168 42.7885994381375 43.1197242736816 42.8166842990451 43.5369038052029 44.3360597822401 43.8644176059299 44.3315556844076 45.2333132425944 45.2180205451118 45.1623094346788 45.4007212320964 45.4494497511122 45.6080402798123 45.6883744133843 45.8113848368327 45.7921731736925 45.8160811530219 46.3533397250705 46.2128736707899 46.5209681193034 47.1055323282878 46.9100659688314 47.8389812045627 47.7164115905762
41.0066632164849 41.9566521114773 41.5276906755235 40.6167570749919 40.0773675706651 40.2251705593533 40.1935363345676 40.0589527553982 40.5288719601101 41.0024274190267 41.9403131273058 42.2458392249213 41.8810484144423 40.8374841478136 40.3424695332845 40.4204012552897 40.4365861680773 41.2303693559435 41.6353912353516 42.1470182206896 42.2481509314643 42.094546424018 42.1774092780219 42.5112934112549 42.6392623053657 43.3275286356608 43.2899894714355 42.8219227261013 43.2292872534858 44.43884701199 44.9276758829753 44.3155119154188 44.7662090725369 45.4533682929145 45.3239996168349 45.3019519382053 45.3899269104004 45.5445569356283 45.6165894402398 46.0251799689399 46.1106550428602 45.9894833034939 46.2096519470215 46.3932817247179 46.6726786295573 47.3046506245931 47.2128423055013 47.3769620259603 47.429743025038
40.5219472249349 40.7166591220432 41.1671415964762 41.8117169274224 40.6221735212538 39.9444370269775 39.545282151964 39.6546357472738 39.8383837805854 40.2739431593153 41.2205857170953 41.9910040961372 42.1343116760254 40.7967090606689 40.5026126437717 40.3996342553033 40.8465841081407 41.1189494662815 41.4642815060086 41.6521492004395 42.1603427463108 42.3778828514947 42.8314520517985 43.1199537913005 43.0400157504612 43.3939573499892 43.4577651553684 43.0803485446506 43.3913775549995 44.2878212398953 44.5816485087077 44.9413159688314 44.9333017137316 45.2399393717448 45.3825251261393 45.3931503295898 45.6603194342719 45.8087972005208 46.275392320421 46.1616897583008 46.1412569681803 46.1183653937446 46.0749253167046 46.4524938795302 46.6511832343207 46.9414087931315 47.1580361260308 47.3486497667101 47.2657551235623
40.6947886149089 40.6355272928874 40.2872257232666 40.5036824544271 41.4484757317437 42.6464998457167 41.3692362043593 40.2024862501356 40.5609764522976 40.4080759684245 40.6804811689589 42.1338282691108 42.1121622721354 40.7081642150879 40.8035685221354 40.9275567796495 40.9036602444119 41.3508010440403 41.7474036746555 42.045526292589 42.0754127502441 41.9099807739258 42.150025261773 42.1609162224664 42.8076099819607 43.4049629635281 43.7771428426107 43.8332816229926 44.0648731655545 44.2101408640544 44.2916653951009 44.8238508436415 44.6582336425781 45.1294822692871 45.2063314649794 45.4123942057292 45.53552669949 45.5634969075521 45.875912560357 46.1620877583822 46.3141911824544 46.4676484002007 46.5505883958605 46.6883761088053 46.8631329006619 46.9011726379395 46.8326581319173 47.0743844774034 46.8828705681695
40.6378782060411 41.3850860595703 40.6882387797038 40.1531944274902 40.3875764211019 41.3417513105604 42.3322234683567 40.8599838680691 41.0881858401828 40.8749752044678 40.8649760352241 41.9637194739448 42.3856171502007 41.8076068030463 41.8497880299886 41.695171991984 41.5198749966092 41.2082029978434 41.5041703118218 41.7533037397597 42.0281831953261 42.1785121493869 42.2931101057265 42.4540831247965 42.8550771077474 43.5444793701172 43.762395646837 44.1868351830377 44.3433426751031 44.476998647054 44.6133181254069 44.7439568837484 45.1545448303223 45.1180881924099 45.0043707953559 45.0838440789117 45.2688348558214 45.5410359700521 45.7609320746528 45.9474690755208 46.2420989142524 46.597407023112 46.8292249043783 46.8982005649143 46.9706353081597 46.8599056667752 46.9050106472439 46.9163890414768 47.0173094007704
40.9610907236735 41.4303665161133 40.8432415856255 40.6021336449517 40.2161134084066 40.6576603783502 41.7435171339247 42.2240111033122 41.5015063815647 41.1179387834337 41.723775015937 42.1690868801541 42.5754110548231 42.4593594868978 41.9703606499566 42.1252233717177 41.6522261301676 41.5254416995578 41.477475060357 41.8762991163466 42.1341052585178 42.534273147583 42.5949910481771 42.8096622890896 43.1504628923204 43.5467711554633 43.5172197553847 43.8978894551595 44.1285281711154 44.3310765160455 44.679935031467 44.7482426961263 44.9768163892958 45.0466800265842 45.2719802856445 45.3705546061198 45.4897910224067 45.7072414822049 45.7441359625922 46.0817557440864 46.3660333421495 46.597230275472 -9999 47.07787238227 47.0652762518989 46.9854884677463 46.925422668457 47.0040440029568 47.1982727050781
41.1567815144857 41.1336979336209 40.9717138078478 40.8689835866292 41.3383269839817 41.2686911688911 40.7764254675971 41.3022672865126 42.3514859941271 42.090423795912 42.2232504950629 42.5805172390408 42.8366667429606 42.5430704752604 42.7688588036431 42.4291222890218 41.9087893168131 41.8511199951172 41.8507641686334 42.3453172047933 42.454653845893 42.62752978007 42.964533911811 43.0169296264648 43.2777305179172 43.4488858116998 43.745965745714 43.976787355211 43.9831027984619 44.0347501966688 44.3899720509847 44.7585213979085 44.9991082085503 45.299137963189 45.7458720737033 45.6422542995877 45.7933074103461 46.1930698818631 46.1078317430284 46.479189130995 -9999 -9999 -9999 -9999 47.1962085300022 -9999 46.6615197923448 -9999 -9999
41.6597768995497 41.0931415557861 40.8812007904053 40.4420327080621 40.6008951399061 41.6411626603868 41.9717455969916 41.4245942433675 41.3261091444227 41.5848458607992 42.0621259477403 42.2146934933133 42.3931361304389 42.7685440911187 42.6811256408691 42.8146279652913 42.5875205993652 42.6097333696153 42.2564996083577 42.3450563218858 42.5844014485677 42.8842993842231 43.1468387179904 43.4682089487712 43.5263799031576 43.7603806389703 43.9484515719944 43.9750626881917 44.0743111504449 44.2654921213786 44.4983147515191 44.9624977111816 45.1839760674371 45.6263652377658 45.7889103359646 45.974680158827 46.3430938720703 46.6884189181858 46.6377673678928 47.0800688001845 -9999 -9999 -9999 -9999 -9999 -9999 -9999 -9999 -9999
41.469539642334 41.6555720435248 41.8216760423448 41.3110336727566 41.1018070644803 41.575069003635 42.1534290313721 42.8371662563748 42.3001198238797 41.8576490614149 41.7738064659966 42.0601380666097 42.2554395463732 42.7983315785726 42.8697810702854 42.8121200137668 42.7630931006538 42.6744651794434 42.5059549543593 42.6689135233561 43.1891797383626 43.2623986138238 43.4638195037842 43.5814177195231 43.7667393154568 43.9113332960341 44.0901472303602 44.1914624108209 44.2773234049479 44.5460501776801 44.8205299377441 45.311703575982 45.3377910190158 45.6518927680122 45.9911617702908 46.1933589511447 46.5701743231879 46.7472674051921 46.6165195041233 -9999 -9999 -9999 -9999 -9999 -9999 -9999 -9999 -9999 -9999
41.8796857198079 42.0736855400933 42.2752621968587 42.1476067437066 41.7664498223199 41.7045934465196 41.6276338365343 42.0399055480957 42.1256527370877 42.5552696651883 42.5088316599528 42.3581206003825 42.9020845625136 43.0884064568414 43.0079947577582 42.8537644280328 42.9282020992703 42.9156142340766 43.1456690894233 43.3663984934489 43.5924977196587 43.6992789374457 43.7394330766466 43.9297960069444 43.9894002278646 44.2109940846761 44.4396235148112 44.3621321784125 44.5639004177517 45.0225656297472 45.1678114997016 45.3066609700521 45.5591862996419 45.9967045254178 46.0363349914551 46.2139875623915 -9999 -9999 -9999 -9999 -9999 -9999 -9999 -9999 -9999 -9999 -9999 -9999 -9999
42.406298743354 42.4794239468045 42.3965810139974 42.2179192437066 42.4214172363281 42.7917870415582 42.337954627143 41.91589779324 41.8385781182183 42.3666822645399 42.9041881561279 42.9762354956733 43.2305887010362 43.2736292945014 43.1139390733507 43.2229847378201 43.4563162061903 43.4168268839518 43.2824380662706 43.5697907341851 43.9388910929362 43.8427586025662 44.1863013373481 44.0682006412082 44.3231722513835 44.6792511410183 44.7940131293403 44.949525197347 45.2651464674208 45.2054659525553 45.3648609585232 45.6044663323296 45.9758792453342 46.1100675794813 -9999 -9999 -9999 -9999 -9999 -9999 -9999 -9999 -9999 -9999 -9999 -9999 -9999 -9999 -9999
42.4088359408908 42.3645167880588 42.6368026733398 42.6758196089003 42.4868683285183 42.5279562208388 42.5135148366292 42.4347682529026 42.2499260372586 42.6917514801025 43.0883867475722 43.3533804151747 43.3627433776855 43.8093229929606 43.8029452429877 43.6876159244113 43.3437302907308 43.2789616054959 43.7326825459798 43.7775177425808 44.1221807267931 44.0555438995361 44.2538973490397 44.5280672709147 44.6704491509332 44.7612325880263 44.9241154988607 45.2528533935547 45.3927824232313 45.6546986897786 45.8775706821018 45.90257941352 -9999 -9999 -9999 -9999 -9999 -9999 -9999 -9999 -9999 -9999 -9999 -9999 -9999 -9999 -9999 -9999 -9999
43.1011352539062 42.9404724968804 42.6496433681912 42.7475772433811 42.5089382595486 42.5056834750705 42.5311915079753 42.6178444756402 42.8750839233398 42.8578052520752 42.7449097103543 42.6563623216417 42.9455822838677 43.7656540340847 44.2420294019911 43.8706690470378 43.7767126295302 43.8734016418457 44.1860271030002 44.4731161329481 44.467046101888 44.6223347981771 44.6852773030599 44.9139410654704 45.2172821892632 45.3045967949761 45.3900269402398 45.5848583645291 45.6829795837402 45.9426180521647 -9999 -9999 -9999 -9999 -9999 -9999 -9999 -9999 -9999 -9999 -9999 -9999 -9999 -9999 -9999 -9999 -9999 -9999 -9999
43.1365831163194 43.0878346761068 43.1592415703668 43.0139473809136 42.9532093471951 42.8071335686578 42.7299050225152 42.6034575568305 42.7815170288086 43.0987451341417 42.9482565985786 43.046322716607 43.5786285400391 44.0905350579156 44.0539802975125 44.3905169169108 44.8043874104818 44.7559644911024 44.8516082763672 44.999757554796 45.0378591749403 45.5441746181912 45.5332455105252 45.3897548251682 45.5178129408095 45.5292922125922 45.8463308546278 46.0257894727919 46.0814145406087 -9999 -9999 -9999 -9999 -9999 -9999 -9999 -9999 -9999 -9999 -9999 -9999 -9999 -9999 -9999 -9999 -9999 -9999 -9999 -9999
43.3199484083388 43.1004702250163 43.1138161553277 43.1686795552572 43.2951800028483 43.140443166097 42.9432618882921 42.7588534884983 43.1323432922363 43.4031100802951 43.4335780673557 43.4601978725857 43.484982808431 43.7954957750108 44.2313876681858 44.4298515319824 44.9430058797201 45.2377501593696 45.1615592108832 45.7514466179742 45.6910345289442 45.7812444898817 45.6580691867404 45.7825469970703 45.7297401428223 45.7902238633898 46.2361009385851 -9999 -9999 -9999 -9999 -9999 -9999 -9999 -9999 -9999 -9999 -9999 -9999 -9999 -9999 -9999 -9999 -9999 -9999 -9999 -9999 -9999 -9999
43.7390073140462 43.5301467047797 43.4149657355415 43.4225294325087 43.3485857645671 43.2203093634711 43.2612296210395 43.2578540378147 43.578668806288 43.732229868571 43.4683227539062 43.823488023546 44.1965527004666 44.3574011060927 44.7525015936957 45.3506914774577 45.6109394497342 45.7386495802138 45.7127994961209 45.9148173862033 45.8726115756565 45.919071621365 45.9582566155328 45.91876856486 45.9964107937283 45.9302893744575 -9999 -9999 -9999 -9999 -9999 -9999 -9999 -9999 -9999 -9999 -9999 -9999 -9999 -9999 -9999 -9999 -9999 -9999 -9999 -9999 -9999 -9999 -9999
44.0895105997721 43.8940972222222 43.9621005588108 43.8741010030111 43.565013885498 43.7165086534288 43.8214437696669 43.9441663953993 43.928653717041 43.5809275309245 43.6985168457031 43.9968905978733 44.3024796379937 44.9474097357856 45.2505344814724 45.8640764024523 46.0364333258735 46.3807152642144 46.5489904615614 46.5421812269423 46.28728612264 46.2630170186361 46.1397569444444 46.1354666815864 -9999 -9999 -9999 -9999 -9999 -9999 -9999 -9999 -9999 -9999 -9999 -9999 -9999 -9999 -9999 -9999 -9999 -9999 -9999 -9999 -9999 -9999 -9999 -9999 -9999
44.2193501790365 44.2685830858019 44.1373702155219 44.0766156514486 43.7375072903103 43.6574312845866 43.8830091688368 43.9712083604601 44.0553432040744 43.9344134860569 44.0984136793349 44.6009966532389 44.6948496500651 44.9824600219727 45.6981862386068 45.8861897786458 46.3852174546983 46.759023030599 46.9958127339681 46.8857400682237 46.6065635681152 46.3388777838813 46.3895267910428 -9999 -9999 -9999 -9999 -9999 -9999 -9999 -9999 -9999 -9999 -9999 -9999 -9999 -9999 -9999 -9999 -9999 -9999 -9999 -9999 -9999 -9999 -9999 -9999 -9999 -9999
44.664800008138 44.5981563991971 44.2309472825792 44.0770598517524 43.9126781887478 44.0874883863661 44.0229873657227 44.2078954908583 44.1840273539225 44.2198117574056 44.2864744398329 44.5829565260145 45.0954013400608 45.4011073642307 45.5716103447808 46.081357744005 46.4784168667263 46.7084736294217 47.0331009758843 46.9133122762044 46.6339166429308 46.4535586039225 -9999 -9999 -9999 -9999 -9999 -9999 -9999 -9999 -9999 -9999 -9999 -9999 -9999 -9999 -9999 -9999 -9999 -9999 -9999 -9999 -9999 -9999 -9999 -9999 -9999 -9999 -9999
44.9448610941569 44.7719298468696 44.4624790615506 44.3169131808811 44.229254828559 44.1114243401421 44.2674034966363 44.3185441758898 44.4917492336697 44.4942656622993 44.5896911621094 44.9690361022949 45.211494869656 45.5026507907444 45.7350646124946 46.1454658508301 46.3394398159451 46.6340569390191 -9999 -9999 -9999 -9999 -9999 -9999 -9999 -9999 -9999 -9999 -9999 -9999 -9999 -9999 -9999 -9999 -9999 -9999 -9999 -9999 -9999 -9999 -9999 -9999 -9999 -9999 -9999 -9999 -9999 -9999 -9999
45.136363559299 44.9374677870009 44.7862226698134 44.6636704338921 44.5803387959798 44.4811600579156 44.6211573282878 44.5561201307509 44.5575807359483 44.7457415262858 44.8666678534614 45.1915295918783 45.5470860799154 45.7280112372504 46.1670082939996 46.4049767388238 46.540044148763 -9999 -9999 -9999 -9999 -9999 -9999 -9999 -9999 -9999 -9999 -9999 -9999 -9999 -9999 -9999 -9999 -9999 -9999 -9999 -9999 -9999 -9999 -9999 -9999 -9999 -9999 -9999 -9999 -9999 -9999 -9999 -9999
