data/test_2003/bio11_avg_1994-2002.asc
NCOLS 664 
NROWS 380 
XLLCORNER 3.91666666666667 
YLLCORNER 55.3333333333333 
CELLSIZE 0.0416666666666667 
NODATA_value -9999 
[rows 147 to 167 of 380, columns 192 to 239 of 664]
-2.68463420205646 -2.51680246657795 -2.2477114531729 -2.7349907623397 -2.69886275132497 -2.95503110355801 -2.10325511736381 -3.64803417523702 -3.6954677634769 -3.16316809919145 -3.91597640514374 -4.79141577084859 -3.98122425874074 -3.42622730467055 -3.15192237165239 -3.48872866895464 -4.450020843082 -3.83819290002187 -3.52862869368659 -4.06987924045987 -4.35283496644762 -4.73342135217455 -5.24515353308784 -6.27634302775065 -6.52866480085585 -6.53950521681044 -7.10612318250868 -6.91666746139526 -6.65364297231038 -5.94996537102593 -5.90758877330356 -5.8163234922621 -5.70696102248298 -6.31898260116577 -6.79248571395874 -7.68662548065186 -7.82361745834351 -7.31818003124661 -7.14583116107517 -7.51740879482693 -7.67809677124023 -7.78485912746853 -7.67969555324978 -7.50986528396606 -7.37453635533651 -7.72941292656793 -8.1858451101515 -8.38627698686388
-2.35757085349825 -2.40748585263888 -2.45066023204062 -2.34951967000961 -2.49765423933665 -2.33433122767342 -1.97217691938082 -3.28397664758894 -4.0320606496599 -3.80992458926307 -4.46601070298089 -4.81661552853054 -4.45099798838298 -4.18782647450765 -4.82576293415493 -5.70340479744805 -5.63156519995795 -5.28994750976562 -5.164482805464 -5.31102893087599 -5.94822427961561 -6.19140863418579 -6.30481338500977 -6.21221780776978 -6.52132601208157 -5.86806678771973 -5.70267581939697 -6.57208834754096 -6.32181967629327 -5.72894729508294 -5.61970437897576 -5.62046146392822 -6.39966562059191 -6.96665133370294 -7.26166338390774 -7.45719379848904 -7.96828036838108 -7.56858836279975 -7.1509805255466 -7.3308539920383 -7.59657907485962 -7.65578619639079 -7.60617807176378 -7.78760724597507 -7.98242139816284 -8.27284325493707 -8.50326511594984 -8.65702040990194
-2.11127638485697 -2.29976244601938 -2.10682156795843 -2.59097512894207 -2.7215897904502 -2.44496903154585 -2.03295054245326 -2.06770372266571 -2.31981513732009 -2.25172235402796 -2.62607647313012 -3.52990037865109 -4.14054793781704 -4.99024388525221 -5.02038415273031 -5.59667264090644 -6.04510906007555 -6.17102728949653 -6.44805664486355 -6.57212273279826 -6.31144571304321 -6.17074759801229 -6.43116092681885 -6.53594409094916 -5.99588632583618 -5.77895882394579 -5.31366440984938 -5.412147892846 -5.41396440400018 -5.56918838289049 -5.65619020991855 -6.0222290886773 -6.4645184940762 -7.1153736114502 -7.50777578353882 -7.24739832348294 -7.42090135150486 -7.3075155682034 -7.33227809270223 -7.39400307337443 -7.67898766199748 -8.05560202068753 -8.2873272895813 -8.38184049394396 -8.59959305657281 -8.47190316518148 -8.45927805370755 -8.5488748020596
-2.62943464517593 -2.93944614463382 -3.18668821122911 -3.10830060640971 -2.87410569190979 -3.15137734678057 -2.94288561741511 -3.14979415469699 -3.60998720592923 -3.42484814590878 -3.00387730863359 -2.74957869450251 -3.27365057998233 -3.88038918707106 -4.13400703006321 -4.83497757381863 -5.25813478893704 -5.48492195871141 -6.17563480801052 -6.40694040722317 -6.09281502829658 -5.64582806163364 -5.31781533029344 -5.94706185658773 -6.25653054979112 -6.03518443637424 -5.94117154015435 -5.22530709372626 -5.96499782138401 -5.69809619585673 -5.92578723695543 -6.47577460606893 -6.99571053187052 -7.48565133412679 -7.28270308176676 -7.25217702653673 -7.39079115125868 -7.27014631695218 -7.25557518005371 -7.34367084503174 -7.53924798965454 -7.72015852398343 -7.94521729151408 -8.16375711229112 -8.22115405400594 -8.2280740737915 -8.32936488257514 -8.19450728098551
-2.67899589406119 -2.67854935593075 -2.68597594896952 -2.73181670241886 -2.96313897106383 -3.19380005200704 -3.18157581488291 -3.90891496340434 -4.93820961316427 -4.51453230116102 -3.81736687819163 -3.05457897318734 -3.54207234912448 -4.65916464063856 -5.29377473725213 -5.439578877555 -5.77938281165229 -5.8714091512892 -5.93049873246087 -6.4547209209866 -6.41427930196126 -6.01240367359585 -5.30160278744168 -5.59079753028022 -5.95791867044237 -5.54252084096273 -5.37682681613498 -5.32172539499071 -5.53417958153619 -6.13263368606567 -6.51730150646634 -6.89416684044732 -7.09393151601156 -7.02957921557956 -7.0816748936971 -7.01984479692247 -7.11719973882039 -6.66544347339206 -6.69946506288317 -7.21111647288005 -7.80691570705838 -8.09041892157661 -8.15451436572605 -8.07601748572456 -8.14696492089166 -8.25172683927748 -8.17493290371365 -8.39658382203844
-2.44855556885401 -2.7151261832979 -3.01013927989536 -3.23752272129059 -3.17268390125699 -3.51784533924527 -4.1623809867435 -4.25285744667053 -4.47213586171468 -4.24983459048801 -3.45732708772024 -3.70535686280992 -4.37400711907281 -4.60734854804145 -5.19952996571859 -5.688031329049 -5.75611358218723 -5.46933799319797 -5.89516671498617 -5.56384907828437 -6.00174347559611 -6.03607622782389 -5.69909426901076 -5.01290408770243 -4.9704524676005 -5.43200548489888 -5.57996360460917 -5.31162558661567 -5.77706506517198 -6.29909706115723 -6.77610741721259 -6.99525509940253 -7.28363413280911 -7.17131805419922 -6.80541684892443 -6.73388290405273 -6.86990446514553 -6.60207409328885 -6.45262765884399 -6.34460820092095 -6.46488491694133 -7.00938362545437 -7.61247550116645 -8.13827806048923 -8.61427217059665 -8.60207234488593 -8.49250162972344 -8.59073501163059
-2.46062133047316 -2.67503617207209 -3.02395349078708 -3.34524109628465 -4.03896326488919 -4.43461253907945 -4.96885432137383 -4.60387312041389 -3.90438432163662 -3.41098161538442 -3.5001196331448 -4.01835685306125 -5.06604146957397 -5.81858632299635 -6.23627646764119 -5.5939220852322 -5.2120586766137 -4.99467820591397 -4.88189013799032 -5.22191709942288 -5.10780972904629 -5.04149383968777 -4.85058564609951 -4.88175137837728 -4.96706533432007 -5.11756422784593 -5.50376690758599 -5.77856233384874 -6.55390575197008 -7.20896519554986 -7.02032094531589 -6.99286180072361 -6.93652137120565 -6.97957674662272 -6.11363331476847 -5.57078160179986 -5.80555971463521 -6.67174095577664 -6.72007894515991 -6.2507831785414 -6.1105121506585 -6.30338663525052 -6.85337209701538 -7.70878452724881 -8.23243835237291 -8.3856987953186 -8.50755135218302 -8.40488539801704
-2.9425828523106 -3.74451006783379 -4.50154855516222 -4.65038296911452 -4.46773574087355 -4.19881163703071 -4.2438944445716 -4.18554369608561 -3.86423559983571 -3.30571493837568 -3.30025186803606 -4.03514325618744 -5.23749412430657 -5.84980294439528 -6.07129748662313 -5.63221878475613 -5.16929801305135 -4.90067712465922 -4.63610299428304 -4.68641765912374 -4.56027007102966 -4.44962739944458 -4.60989199744331 -4.77258947160509 -5.0701277785831 -5.2782588534885 -5.47661214404636 -5.73252103063795 -6.17914703157213 -6.61888191435072 -6.68469089931912 -5.82630432976617 -5.60725249184503 -5.3660597536299 -5.61068484518263 -5.49989626142714 -5.23146933979458 -5.45352813932631 -6.1832807858785 -6.61031023661296 -6.87593226962619 -6.91281339857313 -6.58717616399129 -7.16848071416219 -7.79880857467651 -8.17635901769002 -8.2363543510437 -8.09870587454902
-3.70669012599521 -4.20676114824083 -4.65745949745178 -4.78097287813822 -4.83715269300673 -4.23377278116014 -3.87015249994066 -3.88845817248027 -4.05823988384671 -3.53846024142371 -3.55905102358924 -4.29149373372396 -4.90406894683838 -5.18610631095039 -4.92408084869385 -4.89585688379076 -4.80229939354791 -4.7522234916687 -4.45555509461297 -4.40297102928162 -4.59652394718594 -4.79296927981907 -5.41376180118985 -5.76285317209032 -5.99238885773553 -6.1472741232978 -6.1675590938992 -6.02799230151706 -5.89435505867004 -5.89039436976115 -5.90384115113152 -5.79439870516459 -5.83797529008653 -5.79493188858032 -6.14603657192654 -6.24884478251139 -6.1505421532525 -5.98816551102532 -6.02364052666558 -6.2151894569397 -6.59177499347263 -7.20630481508043 -7.46698289447361 -7.32032775878906 -7.59092288547092 -7.90654627482096 -7.95661396450467 -7.88964690102471
-3.94124182065328 -4.52347461382548 -4.55496674113803 -3.96922788355086 -3.75204185644786 -3.64682800239987 -3.74752183755239 -3.78426169024573 -3.62460193369124 -3.38450345728132 -3.67655305067698 -4.61976994408502 -5.40456986427307 -5.02118224567837 -4.67225893338521 -4.51459484630161 -4.11225838131375 -4.24519695176019 -4.61330604553223 -4.83312320709229 -5.11654334598117 -5.40245522393121 -5.54784875445896 -5.76590869161818 -5.74826855129666 -6.3776044315762 -6.71307044559055 -6.67753558688694 -6.71733363469442 -6.50231679280599 -6.48847145504422 -6.81502411100599 -7.22366115781996 -7.24921136432224 -7.30128049850464 -7.32305288314819 -7.14008458455404 -7.13525787989299 -7.36343537436591 -7.38983509275648 -7.27682749430339 -7.17685678270128 -7.04268370734321 -6.99610042572021 -7.06081517537435 -7.16251113679674 -7.12405898835924 -7.49760675430298
-4.1676455338796 -4.23214207755195 -3.86263876491123 -3.8216647307078 -3.66039445665148 -3.80653162797292 -3.72852064503564 -3.2726870642768 -3.35283573468526 -3.72094553046756 -3.92831469906701 -4.53152789009942 -4.68546054098341 -4.31640476650662 -4.10445761680603 -4.09664146105448 -4.58986242612203 -5.50045728683472 -6.18262153201633 -6.53346008724636 -5.78197386529711 -5.8126060962677 -6.379609213935 -6.39209355248345 -6.44368913438585 -6.4823956489563 -6.96243572235107 -7.3277350531684 -7.33384884728326 -7.31266403198242 -7.38419718212552 -7.5181909667121 -7.69994825787014 -7.63252793418037 -7.54963514539931 -7.48155710432265 -7.47999721103244 -7.4773678249783 -7.55985927581787 -7.5615365240309 -7.62262052959866 -7.5097049607171 -7.33523368835449 -7.36239226659139 -7.41122590170966 -7.33788336647881 -7.02135562896729 -6.69430939356486
-3.67886385652754 -3.71258844269647 -3.93949606683519 -3.73239792717828 -3.36445085207621 -3.19057771894667 -3.18648242950439 -3.5204611354404 -3.64565981758965 -4.08696722984314 -3.81680364078946 -4.03662991523743 -4.16875264379713 -4.00354912545946 -4.19557115766737 -4.45744490623474 -4.61161481009589 -4.8720809618632 -5.00736218028598 -5.49789259168837 -5.80521183543735 -5.54535788959927 -5.7996519141727 -6.15210787455241 -6.65746222601997 -6.66259442435371 -6.90957848230998 -7.07715521918403 -7.13502809736464 -7.33104938930935 -7.54455174340142 -7.46221462885539 -7.2043662071228 -7.30188327365451 -7.29965220557319 -7.38393990198771 -7.50133842892117 -7.45466285281711 -7.55428345998128 -7.76745986938477 -7.76930284500122 -7.7629976272583 -7.66565550698174 -7.7620169851515 -7.82993295457628 -7.75310760074192 -7.76250431272719 -7.44819752375285
-2.94557760821448 -2.8811991347207 -2.92193200190862 -2.86347943544388 -2.89354591237174 -3.39694477452172 -3.88464050822788 -4.27641280492147 -4.32455290688409 -4.05582743220859 -3.75354087352753 -3.68794927332136 -3.93895037968953 -4.647358973821 -4.82553916507297 -5.13510478867425 -5.37623114056057 -4.88500473234389 -4.96093853314718 -5.27168464660645 -5.48669420348273 -5.9978952937656 -6.43100876278347 -6.89293675952488 -7.20997614330716 -7.287904103597 -7.28035095002916 -7.38464954164293 -7.35717026392619 -7.27050590515137 -7.02821360694038 -6.9161090321011 -6.89539421929253 -6.83518075942993 -7.11163441340129 -7.54816187752618 -7.74523030387031 -7.76626576317681 -7.46959654490153 -7.60523515277439 -7.56398502985636 -7.36569780773587 -7.18871185514662 -7.27509053548177 -7.19166273540921 -7.30548206965129 -7.35641177495321 -7.39019695917765
-2.81115231911341 -2.92994989289178 -2.77126618226369 -3.26586159070333 -3.39837272961934 -3.03039982583788 -3.15971599684821 -3.42577294508616 -3.72201225492689 -3.45728744400872 -4.3760818110572 -5.10104258855184 -4.74889198939006 -4.56162036789788 -4.50327775213453 -4.71737943755256 -4.83548129929437 -4.86395337846544 -5.0375365946028 -5.19429148568047 -5.26832479900784 -5.64826038148668 -5.92693675888909 -6.14413626988729 -6.34611972173055 -6.38617706298828 -6.57230848736233 -6.82732889387343 -6.85360866122776 -6.84796248541938 -6.72047493192885 -6.74338870578342 -6.85578478707208 -6.85803397496541 -6.76050514645047 -6.77586560779148 -6.96781836615668 -6.94619099299113 -7.02120595508152 -7.40308449003432 -7.71533377965291 -7.80091619491577 -7.78153573142158 -7.64400720596313 -7.45771757761637 -7.43962992562188 -7.22376457850138 -7.0955286026001
-2.98769125673506 -3.15129420492384 -3.13223049375746 -3.26649998293983 -3.5131399763955 -3.81045223606957 -4.0817787249883 -4.20347555478414 -4.13910371727414 -3.46366466416253 -3.97197825378842 -5.08600325054593 -5.0112660990821 -4.93136323822869 -4.89367678430345 -5.24038802252875 -5.30728067292107 -5.33151737848918 -5.57902277840508 -5.78142438994514 -5.97573826048109 -6.00348077880012 -6.07226008839077 -6.38748386171129 -6.87567069795397 -7.0833387904697 -7.38226625654432 -7.65252701441447 -7.74160273869832 -7.53334506352742 -7.45634645885891 -7.45942221747504 -7.74758672714233 -7.86558103561401 -7.36831622653537 -7.05993954340617 -6.82346593009101 -6.86262194315592 -6.97259261873033 -7.07582293616401 -7.15697876612345 -7.1639125612047 -7.07580937279595 -7.26444668240017 -7.42138772540622 -7.47729280259874 -7.64149602254232 -7.66862010955811
-3.50153319040934 -4.02004555861155 -4.35223833719889 -4.26848069826762 -4.63938967386882 -5.0903734366099 -5.47344867388407 -5.65341281890869 -5.4286494784885 -4.30924145380656 -4.01241925027635 -4.19183344311184 -4.40761783387926 -4.57058776749505 -4.73889067437914 -4.87786044014825 -5.21604821417067 -5.7074528005388 -5.83610995610555 -6.02958186467489 -6.32603141996596 -6.36190313763089 -6.01340415742662 -6.23231278525458 -6.3769252565172 -6.68472284740872 -6.93044620090061 -7.13483630286323 -7.07137436336941 -7.43257957034641 -7.45830286873711 -7.49647066328261 -7.76084841622247 -7.99165789286296 -7.76350418726603 -7.31120284398397 -7.22052086724175 -7.3369542227851 -7.27027612262302 -7.32026471032037 -7.52995708253649 -7.5877980126275 -7.53008280860053 -7.62888616985745 -7.75283532672458 -7.88467046949599 -8.21132108900282 -8.46569644080268
-3.75872825251685 -4.29843902587891 -4.65815258026123 -4.76304753621419 -4.56801631715563 -4.78972596592373 -5.14743547969394 -5.20395996835497 -4.97995302412245 -4.49345639016893 -4.72389703326755 -5.05422096782261 -5.31342132886251 -5.24729339281718 -4.77558615472582 -5.02624903784858 -5.21483797497219 -5.33083107736376 -5.42655017640856 -5.37929757436117 -5.37810516357422 -5.65657708379957 -6.06875255372789 -6.24736409717136 -6.32706864674886 -6.40506966908773 -6.76995923784044 -7.30966377258301 -7.63159047232734 -7.69196203019884 -7.75559213426378 -7.84611166848077 -7.91529507107205 -7.87240086661445 -7.74113681581285 -7.44313187069363 -7.24759864807129 -7.2243971824646 -7.24032990137736 -7.37441047032674 -7.40108384026421 -7.7955347167121 -7.83161565992567 -7.85651106304593 -7.99657943513658 -8.24367274178399 -8.36625676684909 -8.49605088763767
-4.23320129182604 -4.18177082803514 -4.37486169073317 -4.68135383394029 -4.95110498534309 -5.18818961249457 -5.23786682552761 -5.12985406981574 -4.94239732954237 -4.38338931401571 -4.44463443756104 -4.78387959798177 -4.85045795970493 -4.75681416193644 -4.64835551049974 -4.68826736344232 -4.87529034084744 -5.22357222768995 -5.66725548108419 -6.27011961407132 -6.5475804011027 -6.3200069003635 -6.2535801993476 -6.35390996932983 -6.18535057703654 -6.01382814513312 -6.41126902898153 -6.82760259840224 -6.98425134023031 -7.31334447860718 -7.67614110310872 -7.78582710689968 -7.75018612543742 -7.50114456812541 -7.53202872806125 -7.57395007875231 -7.70038970311483 -7.63727405336168 -7.66815816031562 -7.44249486923218 -7.23696115281847 -7.72956302430895 -7.88692612118191 -7.97102477815416 -8.09861983193291 -8.21526712841458 -8.3094121615092 -8.58087248272366
-3.95598496331109 -4.35777780744765 -4.87216342820062 -5.16091934839884 -5.29626790682475 -5.08425701989068 -4.60998996098836 -4.09449507130517 -3.59546917014652 -3.3963850736618 -3.57877895567152 -3.91705056031545 -4.10450747278002 -4.14677936500973 -4.2408287525177 -4.54458191659715 -5.03796458244324 -5.51231053140428 -5.61536802185906 -5.7279134326511 -5.76242118411594 -5.96763192282783 -6.11722257402208 -6.20585430992974 -6.24319786495633 -6.40200689103868 -6.66397190093994 -7.02739328808255 -7.25668954849243 -7.13368988037109 -7.26491239335802 -7.58635706371731 -7.65833632151286 -7.84322097566393 -7.75129095713298 -7.97350867589315 -7.77313412560357 -7.55409283108181 -7.63482920328776 -7.74978807237413 -7.05584224065145 -6.8810969458686 -7.2494453324212 -7.85131650500827 -8.09325302971734 -8.24234321382311 -8.16261853112115 -8.23030148612128
-3.43998871909247 -3.35719225141737 -2.99113641182582 -2.80433989895715 -2.71594537629022 -2.71696803304884 -2.82714947726991 -3.00856482982635 -3.0163505938318 -3.12665441963408 -3.43658800919851 -3.8640030225118 -4.30164019266764 -4.7147589524587 -5.08217393027412 -5.39099640316433 -5.57989290025499 -5.76424100663927 -5.90786616007487 -5.86652840508355 -5.85446980264452 -5.84376486142476 -5.95631869633992 -6.08739524417453 -6.09087443351746 -6.54094621870253 -6.99041610293918 -7.38343297110664 -7.6825237803989 -7.4396891064114 -7.65463203854031 -7.85253800286187 -7.93413220511542 -7.64289670520359 -7.40106821060181 -7.36175860299004 -7.33530526691013 -7.33809614181519 -7.4416274494595 -7.45352946387397 -7.39806954065959 -7.16124545203315 -7.16180509991116 -7.28449408213298 -7.29515547222561 -7.53728516896566 -7.72371657689412 -8.00992133882311
-2.04354629541437 -1.92065121730169 -1.80086734228664 -1.88908330599467 -2.13107718734278 -2.44684875673718 -3.043181737264 -3.50918024116092 -3.69078515635596 -3.87990465429094 -4.21035757329729 -4.96629203690423 -5.47526131735908 -5.61141077677409 -5.45453977584839 -5.34040011299981 -5.40855683220757 -5.67993375990126 -5.79119417402479 -6.10956576135423 -6.43981054094103 -6.81708256403605 -6.75096686681112 -6.71151775783963 -6.89821672439575 -6.63686879475911 -7.09813356399536 -7.60653633541531 -7.71612416373359 -7.49793455335829 -7.58463350931803 -7.65518437491523 -7.53268464406331 -7.39350435468886 -7.37476846906874 -7.50047715504964 -7.57433393266466 -7.39172405666775 -7.36453231175741 -7.32541476355659 -7.14779482947456 -7.07490984598796 -7.07236083348592 -7.20677449968126 -7.34218936496311 -7.03138637542725 -7.34165562523736 -7.64873954984877
