data/test_2003/bio16_avg_1994-2002.asc
NCOLS 664 
NROWS 380 
XLLCORNER 3.91666666666667 
YLLCORNER 55.3333333333333 
CELLSIZE 0.0416666666666667 
NODATA_value -9999 
[rows 242 to 263 of 380, columns 49 to 97 of 664]
1154.56336805556 1125.48018391927 1075.92236328125 1060.25026448568 1048.55935329861 1055.89300537109 998.987718370226 906.748094346788 677.740641276042 823.229817708333 671.877081976997 777.231085883247 773.822028266059 698.488586425781 613.054931640625 601.974114312066 754.616855197483 838.889736599392 759.017367892795 774.206529405382 742.563537597656 677.267937554253 518.64845445421 489.369418674045 463.088823106554 360.044175889757 505.391218397352 524.078575981988 537.286539713542 565.042158338759 594.891977945964 520.800238715278 485.721581353082 424.565975613064 435.277113172743 468.385542127821 350.846357557509 284.832543267144 365.625423855252 387.628428141276 330.461537679036 345.084564208984 313.026007758247 349.217007107205 282.223141140408 333.413838704427 323.843410915799 298.199025472005 315.343532986111
1169.02384440104 1151.94097222222 1128.09049479167 1078.76757134332 1031.83003065321 1010.94910346137 983.928127712674 890.284118652344 882.948072645399 753.025282118056 620.271192762587 865.13626437717 862.401123046875 791.302910698785 727.423848470052 750.379706488715 744.089084201389 779.955301920573 807.967000325521 808.796813964844 718.311937120226 649.153238932292 682.111735026042 618.408786349826 550.578338623047 418.21331108941 504.332295735677 530.983686659071 567.591447618273 575.160101996528 545.669748942057 528.309634738498 497.12062242296 484.151068793403 545.463202582465 545.90832180447 358.729838053385 450.362294514974 444.757690429688 358.638448079427 342.577012803819 366.297709147135 394.558915879991 362.967003716363 316.132893880208 356.333438449436 389.557474772135 385.968787299262 378.969509548611
1167.12714301215 1130.41797553168 1088.85748291016 1035.58055962457 1026.18054199219 1036.74740261502 1014.898308648 990.633565266927 928.601847330729 858.295355902778 833.233201768663 798.036966959635 836.932929144965 831.207302517361 822.554328070747 820.361050075955 841.056823730469 781.647664388021 740.514831542969 772.034674750434 705.930148654514 640.183512369792 599.693281385634 538.759382459852 463.440093994141 454.964650472005 430.228905571832 502.539408365885 541.029551188151 526.0316535102 548.733188205295 589.134050157335 560.691538492839 517.617095947266 552.663384331597 542.798112657335 490.547682020399 478.41988796658 530.148600260417 470.256096733941 427.161305745443 354.044057210286 448.338304307726 451.071126302083 438.188364664714 366.526614718967 393.910003662109 405.759877522786 397.73496500651
1041.85942925347 1125.65606689453 1112.17483181424 1086.82017008464 1046.30991617839 1006.85204399957 996.876505533854 964.068630642361 949.850375705295 934.680230034722 934.363254123264 885.07662624783 858.741970486111 867.157463921441 859.620191786024 823.247667100694 816.693868001302 743.171725802951 702.701334635417 743.205491807726 710.399793836806 578.390706380208 523.469540066189 516.779256184896 650.528279622396 684.325371636285 494.869130452474 470.29593234592 328.565178765191 391.077348497179 533.722137451172 582.443054199219 564.364725748698 521.486718071832 523.228254530165 522.732557508681 533.648973253038 533.028900146484 497.385260687934 493.912129720052 461.285342746311 420.603878445095 458.646813286675 462.780456542969 471.132266574436 424.687737358941 412.052870008681 428.967064751519 425.248850504557
1034.23320855035 1101.73673502604 1101.30183919271 1096.36174858941 1059.47913275825 1013.22533501519 985.596998426649 980.788553873698 948.324137369792 961.287421332465 910.203016493056 880.12900797526 800.634962293837 843.022630479601 841.392896864149 809.076185438368 756.889892578125 720.611375596788 667.710116916233 721.458808051215 700.44091796875 487.3765496148 649.625732421875 712.674594455295 663.452284071181 583.352827284071 534.472744411892 516.457200792101 331.028856065538 388.433200412326 377.737165662977 477.295335557726 433.310184054905 435.213785807292 490.156494140625 536.407497829861 534.704128689236 510.883775499132 486.561530219184 485.609093560113 493.542385525174 464.360395643446 464.034372965495 471.350006103516 470.769310845269 452.362382676866 424.189053005642 439.509077284071 445.489790174696
1065.26254611545 1130.08816867405 1118.52894422743 1093.74200439453 1038.64830186632 991.500861273872 971.737189398872 978.090983072917 909.874369303385 929.106506347656 901.760009765625 797.680955674913 724.248623318142 776.672546386719 776.390828450521 780.566758897569 722.763393825955 668.529778374566 621.942223442925 622.43105061849 612.552575005425 697.169141981337 681.806342230903 663.020684136285 649.794514973958 617.081712510851 544.632995605469 359.545199924045 464.917870415582 560.571818033854 498.814100477431 389.980699327257 388.16003757053 384.206570095486 419.332465277778 475.546112060547 484.772308349609 466.19735039605 489.750885009766 497.73444281684 486.167697482639 487.308824327257 464.134809705946 459.826507568359 464.170922173394 444.649007161458 378.222615559896 391.856828477648 376.486653645833
1177.05002170139 1137.91892496745 1105.09332953559 1073.22466362847 997.135023328993 955.835252549913 944.999993218316 929.500800238715 922.657212999132 939.202935112847 849.496961805556 697.812147352431 693.764166937934 749.681423611111 703.281277126736 696.601847330729 647.326327853733 606.600138346354 675.58534749349 708.235243055556 734.187744140625 697.662746853299 666.613925509983 631.071217854818 626.822133382161 607.248999701606 542.102929009332 403.05749850803 500.520233154297 579.089728461372 526.715532090929 534.896314832899 555.469736735026 469.791934543186 529.47018093533 458.679958767361 455.372619628906 446.317718505859 435.532392713759 471.803765190972 464.726925320095 463.981089274089 440.530344645182 440.794932047526 446.073316786024 419.266818576389 369.462215847439 344.101019965278 325.637376573351
1161.95318603516 1123.83858913845 1097.27859836155 1057.70647515191 1022.07082790799 1033.21474880642 1027.4912516276 1007.83091227214 982.350674099392 952.967068142361 808.212782118056 699.010762532552 615.048200819227 712.484490288628 668.713704427083 736.203199598524 745.799370659722 672.283359103733 654.11129421658 689.551676432292 681.831081814236 650.151916503906 631.205905490451 606.432963053385 646.039944118924 642.234096950955 602.595655653212 477.37840101454 580.388685438368 596.163533528646 523.610548231337 611.038519965278 589.954104953342 510.200697157118 529.390899658203 540.423702663845 513.029035780165 497.028049045139 414.942311604818 455.436553955078 475.205474853516 460.421203613281 457.472198486328 455.158108181424 440.795613606771 424.113521999783 395.373531765408 355.187689887153 309.725468953451
1194.14450412326 1152.9664984809 1117.03858778212 1006.31434461806 965.289374457465 989.747748480903 999.236735026042 982.89397515191 958.797098795573 956.45612250434 885.231940375434 744.536478678385 614.058041042752 766.466871473524 736.130567762587 732.505045572917 740.822001139323 741.321716308594 757.404880099826 715.94374593099 651.767272949219 633.473737928602 615.568552652995 638.079616970486 605.166632758247 585.376831054688 591.93420071072 534.22415500217 532.069502088759 484.740064832899 544.506815592448 592.170739067925 593.859971788194 519.46475897895 527.514241536458 547.975796169705 530.881269666884 491.95172797309 420.034169514974 449.104261610243 461.444895426432 441.208801269531 407.560672336155 390.307552761502 409.736758761936 383.624955919054 367.704895019531 345.437944200304 321.86877102322
1194.15289306641 1163.14360215929 1103.79382324219 970.320176866319 1060.91089545356 1025.84901936849 999.397203233507 995.955620659722 978.221625434028 925.487677680122 924.7939453125 704.269992404514 567.729058159722 703.990458170573 672.282057020399 689.932779947917 669.113708496094 646.539862738715 647.345743815104 660.305304633247 611.163940429688 580.032446967231 595.035471598307 574.436967637804 586.60309516059 652.98046875 630.789632161458 631.963399251302 590.981441921658 515.010457356771 512.815426296658 550.889007568359 560.145060221354 571.358032226562 546.459798177083 546.213558620877 534.55465359158 484.682342529297 461.467468261719 429.429331461589 400.916178385417 393.371971978082 370.925374348958 340.029914008247 324.825273301866 302.615342881944 312.86168246799 313.277530246311 298.549024793837
1091.40310329861 1061.02305772569 978.783040364583 927.262891981337 903.230584038628 831.067355685764 813.127346462674 840.275126139323 752.982401529948 814.533942328559 728.751125759549 587.076582166884 604.908365885417 599.058634440104 726.483574761285 758.663682725694 760.93118625217 726.695556640625 735.000108506944 699.589701334635 690.677727593316 662.776916503906 636.561699761285 672.180942111545 585.584899902344 632.89793226454 577.642025417752 600.477281358507 573.590003119575 532.718488905165 516.219031439887 524.016628689236 512.786929660373 509.83879937066 496.900665283203 525.371158175998 530.800550672743 533.183563232422 513.758544921875 500.675625271267 470.039171006944 449.613237169054 423.033738878038 406.279032389323 376.318715413411 340.695621066623 313.540412055122 320.41850789388 307.990380181207
1210.59546576606 1170.9311726888 1136.45707872179 1097.3818359375 1006.08255343967 929.929911295573 920.022589789497 844.010748969184 770.822401258681 699.900227864583 703.946146647135 693.283311631944 718.791558159722 668.312662760417 659.266398111979 690.23821343316 659.346177842882 655.94925265842 677.964904785156 677.23974609375 627.275868733724 574.462931315104 543.528554280599 519.515882703993 518.036390516493 486.772644042969 487.268920898438 544.075985378689 517.507937961155 507.031934950087 511.644504123264 512.097391764323 514.350826687283 518.719089084201 503.467447916667 469.875094943576 462.859205457899 456.925170898438 465.859171549479 474.439270019531 482.882395426432 490.508304172092 482.10740492079 488.974392361111 452.405151367188 488.490542941623 455.621900770399 378.254021538628 340.927008734809
1225.40454101562 1187.93256293403 1152.35963948568 1117.1437242296 1058.67894829644 1013.07988145616 1009.97934977214 1010.47967529297 998.916720920139 967.54537624783 914.231350368924 789.842542860243 774.188245985243 821.303568522135 743.554524739583 695.171522352431 702.616753472222 541.217946370443 554.167388916016 583.242662217882 603.088419596354 510.876193576389 430.898918999566 398.741014268663 421.64931233724 500.010752360026 546.340169270833 537.514577229818 536.17685953776 516.493123372396 508.862091064453 537.932267930773 555.160264756944 589.357133653429 610.853712293837 567.040768093533 510.516852484809 448.893961588542 424.729977077908 436.196004231771 424.659627278646 401.763139512804 373.063669840495 373.956214057075 371.130954318576 383.340877956814 409.194091796875 429.61708577474 461.570956759983
1213.96820746528 1184.81323920356 1152.76128472222 1110.12824164497 1086.25960286458 1044.69451904297 1041.48761664497 1015.12837727865 998.968417697483 987.35504828559 950.805589463976 862.368157280816 773.073947482639 796.678493923611 752.80514187283 696.180745442708 679.790249294705 552.488952636719 576.055460611979 607.62496609158 621.800659179688 586.301225450304 467.538916693793 431.531056722005 475.601111518012 536.559441460503 621.644012451172 555.150834825304 493.441029866536 470.708791097005 433.851589626736 436.285753038194 499.407233344184 577.729159884983 616.195071750217 613.382175021701 555.806043836806 479.862026638455 450.729814317491 434.691056993273 452.047420925564 406.906863742405 374.712832980686 335.151963975694 323.487609863281 323.37262641059 324.826714409722 319.500450981988 316.733442518446
1224.39832899306 1194.5900539822 1157.11661783854 1127.61801486545 1090.56964789497 948.46868218316 1002.25168863932 1017.82219780816 999.106994628906 960.065945095486 929.115980360243 890.575697157118 854.580369737413 802.982360839844 747.535814073351 633.677164713542 583.932637532552 683.122375488281 650.764604356554 588.582953559028 530.800652398003 477.365949842665 473.576697455512 466.439785427517 453.66249593099 437.917253282335 385.756961398655 414.688883463542 481.347564697266 489.099514431424 460.432963053385 444.561330159505 423.926300048828 435.530076768663 491.113759358724 459.886766221788 401.21194797092 419.316416422526 408.560835096571 407.671098497179 396.058915879991 376.537306043837 358.651153564453 344.212226019965 339.27533976237 331.951477050781 320.957878960503 310.259416368273 297.700252956814
1227.69392903646 1193.03127712674 1166.92492675781 1133.43461778429 1070.14990912543 1046.64009602865 784.442464192708 1003.26317681207 987.482625325521 928.134060329861 821.947875976562 788.476535373264 744.985392252604 592.682206895616 679.259745279948 642.580457899306 640.115763346354 651.255689832899 508.605797661675 606.602986653646 626.854132758247 623.266103108724 634.594716389974 598.656568739149 544.22509765625 552.821977403429 482.873053656684 369.151275634766 440.851609971788 443.527584499783 415.105753580729 390.155765109592 425.176557752821 415.191765679253 393.738711886936 381.323045518663 379.664638943142 392.619093153212 402.171786838108 394.785393608941 395.793138292101 381.798848470052 356.161383734809 347.85683186849 343.337287055122 346.405504014757 338.997412787543 335.082421196832 328.250898573134
1239.61462402344 1206.06115044488 1173.50359429253 1109.38305664062 974.983907063802 829.001858181424 792.190307617188 790.862019856771 881.868286132812 698.887830946181 -9999 -9999 690.72555202908 776.523498535156 809.074557834201 752.174065483941 592.681511773003 552.210774739583 649.544169108073 714.612854003906 711.683546278212 696.695041232639 702.313659667969 633.337151421441 586.320634629991 608.67919921875 551.436655680339 460.19445461697 414.149641248915 475.068108452691 436.492824978299 391.029235839844 392.458706325955 378.109975179036 387.204230414497 406.865956624349 420.665337456597 422.305589463976 401.720238579644 398.318969726562 378.399983723958 358.979125976562 354.061652289497 352.223626030816 334.816670735677 339.6167839898 341.051408555773 337.438646104601 328.784386528863
1228.42696126302 1163.96007622613 1018.8410305447 1007.93600802951 907.632948133681 759.705661349826 684.515597873264 664.080641004774 -9999 732.830362955729 803.142598470052 843.24424235026 863.038092719184 865.009969075521 838.065761990017 692.545803493924 581.815104166667 703.17441813151 638.402204725477 654.741780598958 690.932006835938 687.241516113281 700.875562879774 700.497965494792 653.507412380642 579.824049207899 536.616271972656 505.639858669705 448.972205268012 479.995517306858 513.507554796007 519.385823567708 496.174353705512 459.544667561849 428.889560275608 405.448879665799 407.025644938151 408.751644558377 411.802266438802 409.506469726562 393.469329833984 367.088087293837 362.38717312283 345.003353542752 333.959462483724 329.671495225694 325.761664496528 320.159983317057 323.700819227431
1168.0427585178 1111.69093153212 1149.25799560547 1126.25828721788 863.201049804688 773.672166612413 776.522610134549 864.458841959635 871.854783799913 909.738932291667 922.205512152778 911.893819173177 889.589179144965 888.139831542969 848.296508789062 643.319675021701 687.420640733507 730.391811794705 736.448710123698 743.640604654948 679.720058865017 653.760687934028 672.884162055122 658.066121419271 630.877655029297 583.478457980686 538.891157362196 516.037000868056 475.797237820095 504.377817789714 512.454864501953 535.966006808811 511.689826117622 498.702178955078 484.234510633681 468.58485921224 445.423546685113 400.35597398546 403.564717610677 400.73594156901 408.269873725043 393.319003634983 358.26794772678 348.527045355903 345.659115261502 341.544257269965 324.092525906033 321.010813395182 315.211049397786
1043.50453694661 870.413947211372 1017.73013644748 928.263041178385 798.13037109375 729.675245496962 966.162658691406 948.547960069444 956.784661187066 962.835862901476 943.49940999349 947.069919162326 940.597574869792 907.332526312934 734.590582953559 610.3013543023 769.466871473524 800.225857204861 759.551879882812 743.860710991753 731.781446668837 680.788099500868 654.948605007595 640.987362331814 634.232598198785 610.6400519477 559.659776475694 520.297037760417 488.173078748915 515.304467095269 576.1732550727 553.002570258247 517.237060546875 477.952162000868 462.756273057726 447.243150499132 437.658023410373 421.001569959852 403.172698974609 392.229220920139 383.280439588759 380.523101806641 378.668426513672 371.254353841146 361.856211344401 355.209855821398 337.890146891276 330.718661838108 323.106618245443
884.337422688802 730.611633300781 -9999 763.713507758247 820.972832573785 985.608188205295 1049.95384385851 1031.47103542752 1012.59429931641 991.237616644965 971.13473171658 961.210679796007 957.593939887153 879.908806694878 704.577792697483 724.299635145399 805.241760253906 808.16646999783 785.301249186198 793.436699761285 780.914184570312 723.954501681858 703.922376844618 649.977918836806 648.676574707031 634.355563693576 584.410708957248 541.319515652127 517.134623209635 505.846527099609 536.116241455078 522.684926350911 493.037709554036 474.998826768663 461.278615315755 458.480214436849 446.869961208767 422.685017903646 405.03752983941 396.286997477214 383.373969184028 372.731055365668 366.484120686849 369.320858425564 375.643724229601 359.630381266276 345.089223225911 338.464155409071 342.170562744141
728.786288791233 -9999 -9999 974.108893500434 1101.85487874349 1098.85426161024 1075.73440212674 1034.57727050781 1021.43480767144 994.174024793837 979.470194498698 991.281962076823 951.264628092448 849.743008083767 668.462870279948 792.559455023872 822.604173448351 800.444776746962 792.255425347222 786.390306260851 766.392774793837 731.47262234158 720.426391601562 666.010796440972 649.847700330946 652.97743733724 636.832088894314 604.820515950521 581.412584092882 526.680952284071 514.233015272352 517.547587076823 515.405259874132 489.08644273546 457.867299397786 443.213775634766 440.064700656467 428.376973470052 413.395307752821 396.996297200521 387.790954589844 374.579427083333 370.368360731337 363.470977783203 359.181766086155 353.921864827474 349.985175238715 350.378075493707 354.314792209201
