data/test_2003/bio14_avg_1994-2002.asc
NCOLS 664 
NROWS 380 
XLLCORNER 3.91666666666667 
YLLCORNER 55.3333333333333 
CELLSIZE 0.0416666666666667 
NODATA_value -9999 
[rows 330 to 351 of 380, columns 588 to 636 of 664]
22.1336640252007 22.2872445848253 22.4626711739434 22.5763334698147 22.665550020006 22.7680474387275 23.0017096201579 23.1558229658339 23.3896656036377 23.3147926330566 23.3354333241781 23.3070886400011 23.4960638682048 23.6707000732422 24.0520675447252 24.033681233724 24.2890920639038 24.3851753870646 24.4764479531182 24.5326578352186 24.5233534706963 24.5649384392632 24.6450266308255 24.7186241149902 24.5661840438843 24.5822670194838 24.1552341249254 24.1555349561903 24.0684463712904 23.8793218400743 23.9916691250271 23.6647182040744 23.3126877678765 23.1956905788845 22.8756617440118 22.7358627319336 22.6666758855184 22.6141696506076 22.5849182340834 22.5326499938965 22.4193002912733 22.1885592142741 22.0094882117377 22.0912650426229 21.9609675937229 21.8927898406982 21.9608787960476 21.910033331977 21.8849254184299
22.030611038208 22.2448956171672 22.4431969324748 22.5536756515503 22.6595732371012 22.7462532255385 22.9362948735555 23.0893325805664 23.1548668543498 23.2439949247572 23.2634065416124 23.245000521342 23.4196087519328 23.6321558422512 23.9703372319539 24.0748324924045 24.2013105816311 24.3163584603204 24.2273224724664 24.2746568255954 24.2926784091526 24.3351080152724 24.4044563505385 24.5198259353638 24.4593352211846 24.1941049363878 24.0411420398288 23.9792552524143 23.7962693108453 23.7306410471598 23.5174389945136 23.3215059704251 23.1094700495402 23.0560785929362 22.9423052469889 22.7659775416056 22.580380015903 22.7120022243924 22.5655241012573 22.259436501397 21.9688871171739 21.8986602359348 21.8731637530857 21.8476672702365 21.9187734391954 21.8505049811469 21.809308052063 21.6509081522624 21.5998396343655
21.9302143520779 22.1278324127197 22.3407627741496 22.6199604670207 22.5982644822862 22.7097243203057 22.8708819283379 22.9548257191976 22.8745898140801 22.9400957955254 23.0271271599664 23.3243654039171 23.4108884599474 23.3214188681708 23.4539271460639 23.9059097501967 24.1135302649604 24.2385730743408 24.0680406358507 24.342656771342 24.293194770813 24.2681406868829 24.2717445161608 24.3312443627252 24.1722464031643 23.8588604397244 23.7953752941555 23.4423062006632 23.673878563775 23.5705579121908 23.1500549316406 23.0851577123006 22.9947608311971 22.8558806313409 22.7233158747355 22.540871726142 22.5173392825656 22.6507432725694 22.3849287033081 21.9822227689955 21.9159474902683 21.8485500547621 21.7832526101006 21.8498831854926 21.5780178705851 21.7253352271186 21.766503545973 21.5458309385512 21.6462640762329
21.9232981999715 22.0820031695896 22.2401248084174 22.5175518459744 22.4970674514771 22.5402851104736 22.6405772103204 22.7636213302612 22.7005157470703 22.977895948622 23.0022690031264 23.2214082082113 23.4294717576769 23.4055343204074 23.6709051132202 23.8757372962104 24.0654242833455 23.8926524056329 24.031911638048 23.9111759397719 23.9027202394274 23.9469424353706 23.9193396038479 23.695109155443 23.6612269083659 23.510463502672 23.4712415271335 23.2934070163303 23.2539937761095 23.1750057008531 23.1169502470228 22.9018054538303 22.8934539159139 22.7157315148248 22.5771306355794 22.4749706056383 22.2977178361681 22.1232594384087 22.1467389000787 22.0842037200928 22.0219486024645 21.9333107206557 21.5690752665202 21.5501276652018 21.4913946787516 21.5321326785617 21.6772985458374 21.6714896096124 21.5565289391412
21.89031569163 21.9087817933824 22.0363935894436 22.3235804239909 22.3844861984253 22.4236865573459 22.4799588521322 22.6004564497206 22.8772382736206 23.0160988701714 23.1848377651638 23.233347998725 23.4099696477254 23.4723193910387 23.3677705128988 23.4182869593302 23.2724786334568 23.2096417744954 23.3457765579224 23.3604886796739 23.3511130015055 23.4693534639147 23.4483313030667 23.3298103544447 23.3763575024075 23.3013136121962 23.0537303288778 23.058955722385 22.9354659186469 22.7014909320407 22.6764913135105 22.6326948801676 22.6271086798774 22.5000868903266 22.4431573020087 22.361059082879 22.2750707202488 22.279240820143 22.1991353564792 22.1398065355089 22.0796646542019 21.9110600153605 21.742248111301 21.5761778089735 21.5202136569553 21.5158552593655 21.661365085178 21.7442759407891 21.5437465243869
22.0722620222304 21.9220694435967 22.0150626500448 22.1373043060303 22.3516301049127 22.3089389801025 22.4400717417399 22.5129861831665 22.8360821406047 22.9280527962579 23.1920079125298 23.2661579979791 23.178553475274 22.9971792432997 22.9755118687948 22.9237517250909 22.9021215438843 22.9199529223972 22.8588598039415 22.8372295167711 23.0481081008911 23.1174936294556 23.0359652837118 23.0939381917318 23.0982431835598 22.9286932415432 22.8463395436605 22.8898783789741 22.7816184361776 22.6284147898356 22.4496772554186 22.3272854487101 22.3189193937514 22.2637151082357 22.4477553897434 22.3243622250027 22.2257397969564 22.2131668726603 22.1802786721124 22.3840355343289 22.1125866572062 22.0927482181125 21.784248775906 21.7273183398777 21.6747073067559 21.7196388244629 21.6562362247043 21.5389618343777 21.2594889534844
21.6904908286201 21.765664630466 21.9302944607205 21.953328344557 22.1571734746297 22.1455212699042 22.3906010521783 22.4645810657077 22.7178769641452 22.8995438681708 23.1430999967787 23.4161657757229 23.2588782840305 22.9957188500298 23.0403491126166 22.6886948479546 22.6242026223077 22.6047280629476 22.6252788967556 22.7625899844699 22.6691794925266 22.8292428122626 22.8726350996229 22.8300898869832 22.6836346520318 22.8030949698554 22.6057098176744 22.9362858666314 22.5181364483303 22.2149720721775 22.0624834696452 22.2154695722792 22.2131981319851 22.3100351757473 22.3707355923123 22.2283973693848 22.2875896030002 22.2788467407227 22.1614227294922 22.1537466049194 22.1017812093099 21.9770571390788 21.8852578269111 21.7331503762139 21.7087100346883 21.7164712482029 21.6212344699436 21.4697626961602 21.4716360304091
21.8668735292223 21.8624915017022 22.1755615870158 22.1726051966349 22.2446807225545 22.2604218588935 22.3049879074097 22.258926709493 22.4682909647624 22.5214536454942 23.0128328535292 23.12908522288 23.0176422331068 22.8436337576972 22.6698929468791 22.6522261301676 22.587915526496 22.4853927824232 22.4678219689263 22.5351790322198 22.6385142008464 22.6410515043471 22.6876213285658 22.6271802054511 22.4523099263509 22.4547247356839 22.6116625467936 22.8869984944661 22.608814769321 22.2392399046156 22.2010593414307 22.1327752007378 22.3487315707737 22.2348552280002 22.2300644980537 22.284330368042 22.1273266474406 22.0142370859782 21.9482434590658 21.9007421069675 21.8100056118435 21.6908596886529 21.6868869993422 21.6241592831082 21.6665903727214 21.6196274227566 21.5851038826836 21.51442527771 21.5892164442274
21.9143614239163 21.8049969143338 21.8806147045559 22.0124231974284 22.2739395565457 22.2284687889947 22.2597693337335 22.3264170752631 22.3761502371894 22.4315849939982 22.5495068232218 22.8631622526381 22.6928055021498 22.6770102183024 22.5903321372138 22.5745578342014 22.4047336578369 22.5359444088406 22.3945860332913 22.4200672573513 22.3719405068292 22.3439684973823 22.4143012364705 22.5279794269138 22.5704254574246 22.350025177002 22.3513836330838 22.3937769995795 22.4625313017103 22.3110161887275 22.3122618993123 22.1950728098551 22.1954205830892 22.0473296907213 22.1091528998481 22.0376183191935 22.1878665288289 22.0368727578057 21.7844401465522 22.0801379945543 21.8324129316542 21.683460659451 21.6383416917589 21.7247952355279 21.71439965566 21.3713631100125 21.4479658338759 21.6138745413886 21.6534695095486
21.7186925676134 21.7891926235623 21.8873874876234 21.8293511072795 21.9794252183702 21.9209284252591 22.0600720511542 22.3616140153673 22.3665877448188 22.4332848654853 22.5453829235501 22.9012780719333 22.9487580193414 22.6366193559435 22.6227131949531 22.4957393010457 22.481861644321 22.5097295973036 22.5640338261922 22.2872104644775 22.2511730194092 22.3621745639377 22.4654344982571 22.3205761379666 22.3210484186808 22.4433256785075 22.5238112343682 22.5241451263428 22.4199510150486 22.4201409022013 22.1978071000841 22.0878424114651 22.1928685506185 22.0699689653185 21.9237645467122 22.0486418406169 22.0097094641791 22.0135039223565 21.9333581924438 21.6953738530477 21.6273911794027 21.7790928946601 21.5011818144057 21.3392779032389 21.4114809036255 21.3451694912381 21.5158318413628 21.5391755633884 21.5046590169271
21.7755331463284 21.7118305630154 21.8656510247125 21.8016737831963 21.7477957407633 21.8006951014201 21.9326806598239 21.9521006478204 22.2914612028334 22.3141567442152 22.5180951224433 22.6202638414171 22.7168085310194 22.524493959215 22.4701161914402 22.5004715389676 22.4884600109524 22.4919542736477 22.5223298602634 22.6787744098239 22.7660622066922 22.9878137376573 22.9154606925117 22.8638521830241 22.6473202175564 22.6466392940945 22.5951846440633 22.5945803324382 22.5219928953383 22.4369525909424 22.3758596844143 22.1116987864176 22.1573386722141 22.1837467617459 22.0090202755398 21.9742150836521 21.9821747673882 22.1381051805284 21.7660420735677 21.5031603707208 21.6158467398749 21.5633530086941 21.6201757854886 21.4735321468777 21.3369046317206 21.3653028276232 21.393700811598 21.4511392381456 21.6884560055203
21.7227403852675 21.6532405217489 21.6269057591756 21.7739975187514 21.7756324344211 21.8450043996175 21.8466199239095 21.9028308656481 22.0725925233629 22.0626731448703 22.1792465845744 22.4015327029758 22.3914736641778 22.3814144134521 22.4306157430013 22.3802305857341 22.5192699432373 22.5091185039944 22.7071900897556 23.060564994812 23.2995257907444 23.505884276496 23.445066663954 23.1584662331475 22.8767422570123 22.4163455963135 22.6058821148343 22.6468987994724 22.6452317767673 22.5284407933553 22.3313883675469 22.2740134133233 22.1263319651286 21.9182597266303 21.7831035190158 21.7953778372871 21.8273730807834 21.779535929362 21.5719450844659 21.583979288737 21.5256090164185 21.6643863254123 21.4466177622477 21.3347896999783 21.4186610115899 21.3277213838365 21.3055720859104 21.2778698603312 21.4581030739678
21.4142595926921 21.4829008314345 21.4801271226671 21.6426634258694 21.68258772956 21.8070425457425 21.7308812671238 21.5792357126872 21.8967830869887 21.9565063052707 22.0630196465386 22.2747638490465 22.2665574815538 22.214810901218 22.4123734368218 22.4911665386624 22.541071679857 22.6803725560506 22.7447246975369 23.0683930714925 23.3231603834364 23.3205517662896 23.2349568472968 23.1780852211846 23.0012216567993 22.7303382025825 22.8248229556614 22.7185690138075 22.6037697262234 22.5579886966281 22.3022803200616 22.2266195085314 21.9504936006334 21.966746436225 21.8979914983114 21.738953060574 21.7364816665649 21.879719098409 21.6582071516249 21.3978322347005 21.5408525466919 21.4552410973443 21.3073605431451 21.3049195607503 21.3947634167141 21.4333960215251 21.3595120112101 21.3981435563829 21.3819490008884
21.5569002363417 21.6703556908502 21.5682242711385 21.4871932135688 21.533766746521 21.5247334374322 21.6797972785102 21.6552665498522 21.8346091376411 21.9590396881104 22.0445147620307 21.9859435823229 21.9847145080566 22.1710962719387 22.3727055655585 22.2788019180298 22.4025226169162 22.6999986436632 22.6935022142198 22.8939008712769 23.1482863956028 23.0885554419623 23.2879162894355 23.0081354777018 22.8467729356554 22.7212466133965 22.7247166103787 22.5795526504517 22.5807846917046 22.5035348468357 22.4151580598619 22.2810810936822 22.249241511027 22.3275510999892 22.225685649448 22.0332629945543 21.8291399214003 21.3798971176147 21.4574417538113 21.45922226376 21.4657396740384 21.2446758482191 21.2511775758531 21.1301573647393 21.0419086880154 21.0852714114719 21.1286344528198 21.3716466691759 21.3616321351793
21.4168363147312 21.3121053907606 21.4636009004381 21.4298157162136 21.3115068011814 21.485700501336 21.4617762035794 21.355111334059 21.3847430547078 21.6264055040148 21.7010990778605 21.5948439704047 21.7401503456963 21.9311434427897 22.2091575198703 22.2667498058743 22.2120210859511 22.3775310516357 22.3789914449056 22.5250392489963 22.7281592686971 22.9280923207601 22.8751902050442 22.8260277642144 22.4932129118178 22.5665125317044 22.5695861180623 22.6254426108466 22.546335750156 22.2226750055949 22.3123226165771 22.1798450681898 22.3890385097928 22.4052925109863 22.1469504038493 21.8811685774061 21.6564922332764 21.4760710398356 21.6354583104451 21.3223282496134 21.3379849327935 21.3233720991347 21.0834973653158 20.9695854187012 21.0015256669786 20.8219942516751 21.0225585301717 21.0631160736084 21.1113416883681
21.2444597880046 21.164971669515 21.2327711317274 21.2412968741523 20.9803793165419 21.0563201904297 21.0201950073242 21.0430949529012 21.2648108800252 21.2687345080905 21.348457230462 21.4077268176609 21.6277786360847 21.8351965480381 22.0998495949639 22.1041085984972 22.3061974843343 22.1786417431302 22.2884755664402 22.343374994066 22.2964416080051 22.3830521901449 22.4451884163751 22.2595459620158 22.4048806296455 22.5217504501343 22.6665678024292 22.6105686823527 22.2476961347792 22.0106524361504 22.1550623575846 21.9344997406006 22.038020769755 21.9886333677504 22.0656618542141 21.5591193305122 21.5090507931179 21.6244130664402 21.6493215560913 21.4335205290053 21.1748036278619 21.1476268768311 20.8061091105143 20.7788286209106 20.734351793925 20.931342124939 20.9094519085354 21.014411078559 21.0159788131714
21.0095121595595 20.9684978061252 21.1158499187893 21.1345654593574 21.1419552697076 21.0597149531047 21.1299033694797 20.8246036635505 20.9922071033054 21.2380401823256 21.1320326593187 21.1943129433526 21.5999705526564 21.7225498623318 21.9928959740533 22.0800535413954 22.2010652754042 22.2070275412665 22.2129885355632 22.218951066335 22.0988654030694 22.0401140318977 22.3733988867866 22.4018038643731 22.4034246338738 22.3088755077786 22.2001559999254 22.1108743349711 22.1125791867574 22.0283542209201 22.0961860020955 21.9918247858683 21.9586806827121 21.9129338794284 21.8060972425673 21.8453409406874 21.8794090482924 21.7305196126302 21.7642256418864 21.7979315651788 21.6918544769287 21.3985221650865 20.8538256751166 20.6600365108914 20.6974761750963 20.6754331588745 20.8680472903781 20.9210278193156 21.0351143942939
21.0901062223646 21.1714190377129 21.0672687954373 20.9499763912625 20.919333881802 20.8158293830024 21.0738353729248 21.0172913869222 20.8751834233602 21.1097680197822 21.246588283115 21.4966933462355 21.4543186823527 21.6706691318088 21.9293689197964 21.9902731577555 21.996372434828 22.021850850847 22.2627651956346 22.1270198292202 22.1105522579617 22.1585603290134 22.103541109297 22.158296585083 22.1581648720635 22.2496910095215 22.1029240290324 22.1577693091498 22.3036229875353 22.221461613973 21.9810941484239 21.8556622399224 21.7391679551866 21.6306855943468 21.6218546761407 21.6633299721612 21.5794044070774 21.8465218014187 21.7465770509508 21.4544560114543 21.3630722893609 21.0686325497097 20.8904983732435 20.8802845213148 20.7807355456882 20.49295785692 20.685389942593 20.9002268049452 20.8867909113566
20.9124916924371 20.9908281962077 20.9608738157484 20.9507752524482 21.0354010264079 21.0052964952257 21.2568039364285 21.3483128017849 21.4977359771729 21.337135526869 21.2794886695014 21.2829159630669 21.3776995340983 21.5731502109104 21.9948253631592 21.9463061226739 21.8225693172879 21.7661814159817 21.7726401223077 21.7305019166734 21.7326951556736 21.7794768015544 22.0607343249851 22.1135694715712 22.2527329126994 22.2995578977797 22.1070966720581 22.0722261004978 21.9461242887709 21.8335110346476 21.8313437567817 21.6723537445068 21.580371008979 21.5801344977485 21.4386889139811 21.6292292277018 21.4707202911377 21.4611994425456 21.4027133517795 21.2337520387438 21.1409600575765 20.8615801069472 20.8159400092231 20.8635391659207 20.7727825376723 20.7601481543647 20.5229642656114 20.7965472539266 20.8398920694987
20.8087177276611 20.9473310046726 20.9126294453939 20.8293812010023 21.0293562147352 21.0731210708618 21.3872345818414 21.2986423704359 21.124146355523 21.1308595869276 21.2125662697686 21.115103509691 21.4734262890286 21.6415824890137 22.0170071919759 21.6224466959635 21.7704417970445 21.6908231311374 21.7359347873264 21.7425993813409 21.7921441396077 21.929851214091 21.7693765428331 21.9509966108534 21.7613781823052 21.898431248135 21.7835807800293 21.8282162348429 21.7008138232761 21.5288695229424 21.4699184629652 21.3554470274184 21.3329314125909 21.3732420603434 21.3248434066772 21.1305890613132 21.1870395872328 21.2434905370076 20.9488385518392 20.995265007019 20.9430638419257 20.7796971003215 20.8348930146959 20.8291114171346 20.6584692001343 20.8417907290989 20.7352055443658 20.7735735575358 20.8119415707058
20.7301350699531 20.9266326692369 20.9000018437703 20.7779425515069 21.1071443557739 20.9146187040541 20.9726175732083 20.9709198209975 20.9431858062744 21.1002304289076 21.16723007626 21.0936592949761 21.1409912109375 21.2425835927327 21.5681524276733 21.6526452170478 21.4361738628811 21.6317012574938 21.497306505839 21.645685089959 21.6462799708049 21.6404782401191 21.6824583477444 21.6767243279351 21.7640972137451 21.8360973993937 21.6070176230537 21.6012187533908 21.4726147121853 21.5962666405572 21.5156688690186 21.3926643795437 21.1680118772719 21.2690716849433 21.1312043931749 20.8955706490411 20.910300678677 20.9157470067342 20.870526737637 20.898501502143 20.7765401204427 20.7806774775187 20.7934496137831 21.0497641033596 20.8910053041246 20.9140397177802 20.8024156358507 20.7861457400852 21.0158724255032
20.5979392793443 20.7539691925049 20.6506748199463 20.5880378087362 20.8250986735026 21.0316156811184 20.9114530351427 20.867875734965 20.9745181401571 21.01982805464 21.1218923992581 21.1674942440457 21.2615864011976 21.2088908089532 21.2547015084161 21.4969217512343 21.4312382804023 21.4512462615967 21.4448226292928 21.6530996958415 21.5155487060547 21.4607414669461 21.5003065533108 21.6336646609836 21.7668156094021 21.711563428243 21.342260254754 21.3345554139879 21.3647887971666 21.2937211990356 21.2582101821899 21.250455432468 21.2455548180474 21.1290139092339 20.9243342081706 20.8538721932305 20.9729516771105 21.1376818550958 21.1601556142171 21.1722197002835 21.1194269392225 21.0466292699178 20.9698808458116 20.7832980685764 20.8187767664591 20.7912551032172 20.6247017118666 20.7524257236057 20.9274367226495
