data/test_2003/bio15_avg_1994-2002.asc
NCOLS 664 
NROWS 380 
XLLCORNER 3.91666666666667 
YLLCORNER 55.3333333333333 
CELLSIZE 0.0416666666666667 
NODATA_value -9999 
[rows 286 to 307 of 380, columns 196 to 244 of 664]
46.6797828674316 46.4911592271593 46.5941564771864 46.4279306199816 46.173944261339 46.277517106798 46.2352006700304 46.3026101854112 46.2558619181315 46.2264493306478 46.133060031467 46.2312952677409 46.2118136088053 46.3529811435276 46.3535075717502 46.4301397535536 46.4757525126139 46.6711552937826 46.6145773993598 46.6600676642524 46.4932950337728 46.7018165588379 46.7752978006999 46.5473654005263 46.4617597791884 46.6002409193251 46.3523682488335 46.2847116258409 46.2341363694933 45.9815923902724 45.9895871480306 46.070009443495 46.0686505635579 46.2189356486003 46.3129704793294 46.2848129272461 46.2721405029297 46.2159618801541 46.6599299112956 46.9671071370443 47.1000523037381 47.2269503275553 47.2857602437337 47.2319306267632 47.4763501485189 47.5394435458713 47.7482816908095 47.8993899027506 47.9789738125271
46.5872179667155 46.4735459221734 46.2993549770779 46.1643693712023 46.15209113227 46.0891134474013 46.0182329813639 46.0456496344672 46.0576519436306 46.0275650024414 46.1258112589518 46.144714779324 46.1385095384386 46.0726687113444 46.2265425788032 46.3656086391873 46.61322233412 46.6507013108995 46.7519149780273 46.6952934265137 46.7347717285156 46.7747370402018 46.7769283718533 46.5755043029785 46.5227279663086 46.3305134243435 46.2493591308594 46.1508895026313 46.0504837036133 46.0714382595486 46.1223924424913 46.1992823282878 46.2434200710721 46.3656472100152 46.1428523593479 46.2235094706217 46.5454021030002 46.4799385070801 46.7387970818414 46.979911380344 47.0869140625 47.2265773349338 47.2534243265788 47.4028282165527 47.3982433742947 47.4652146233453 47.4615609910753 47.8417320251465 47.6082072787815
46.333250257704 46.2888111538357 46.262516869439 46.1467132568359 45.9925227695041 46.1816050211589 46.2485766940647 46.2191157870822 46.2031101650662 46.1041997273763 46.1261961195204 46.1458100212945 46.2761260138618 46.1597781711154 46.1572015550401 46.165943145752 46.5166401333279 46.4992396036784 46.6018384297689 46.6061409844293 46.8190286424425 46.648794386122 46.485418955485 46.4703627692329 46.2785941229926 46.5167333814833 46.4502389695909 46.1656333075629 46.1196280585395 46.0231251186795 45.9420657687717 46.0275569491916 46.1086993747287 46.2550053066678 46.4349806043837 46.4659966362847 46.4592581854926 46.3850975036621 46.5233455234104 46.8205803765191 46.9460144042969 47.2541932000054 47.0065269470215 47.1093639797635 47.3476316663954 47.6232244703505 47.5027245415582 47.552783118354 47.5145704481337
46.2000664605035 46.4164356655545 46.4097052680122 46.1877899169922 46.0166791280111 46.1174875895182 46.0836808946398 45.7250514560276 45.9612172444661 45.8954662746853 45.9313286675347 46.0798284742567 45.9950014750163 46.1659066942003 46.4179958767361 46.0438236660428 46.5149760776096 46.6306194729275 46.7430161370171 46.6423869662815 46.6940638224284 46.6400595770942 46.4180263943142 46.2079544067383 46.1930885314941 46.392467074924 46.4265764024523 46.1961674160428 45.9598731994629 45.9070731268989 45.9176461961534 45.8715587192112 45.9690755208333 45.8739785088433 46.3536292182075 46.4959958394369 46.4427714877658 46.6015413072374 46.8048413594564 46.8836839463976 46.8718562655979 46.9442778693305 47.188833448622 47.3579423692491 47.5071644253201 47.2731115553114 47.596981048584 47.2128702799479 47.2231691148546
46.3477969699436 46.2041079203288 46.0901574028863 46.1527392069499 45.9614685906304 45.991706000434 45.8642412821452 45.6716147528754 45.8010130988227 45.8051969740126 45.9705568949381 45.8649317423503 46.0910063849555 46.2277149624295 46.3503290812174 46.4411727057563 46.5480100843642 46.5920168558756 46.6245490180122 46.7482100592719 46.662410736084 46.4684151543511 46.3828735351562 46.2232598198785 46.2964744567871 46.1093432108561 46.0264083014594 45.991810268826 45.8113106621636 45.8531888326009 45.7548857794868 46.1092423333062 45.9427354600694 46.0531243218316 46.435856713189 46.3180982801649 46.422972785102 46.7424125671387 46.8243764241536 46.7085863749186 47.029835595025 47.0610796610514 47.179015689426 47.2603814866808 47.403503841824 47.3575803968642 47.0691668192546 47.0897776285807 47.0666118197971
46.135679880778 45.9822811550564 45.9534912109375 46.0421659681532 45.9439782036675 46.0658560858832 45.905999077691 45.9510998196072 45.8962665134006 45.9734302096897 45.9300257364909 46.0281558566623 46.1161956787109 46.2337807549371 46.4826410081651 46.4107038709852 46.2327134874132 46.3807288275825 46.5359848870171 46.5438639322917 46.5782110426161 46.3635114034017 46.3298263549805 46.1502571105957 46.0223325093587 45.8530332777235 45.9435818990072 45.9808586968316 45.6427629258898 45.8529518975152 45.8104727003309 45.778382619222 45.8713590833876 46.0352511935764 46.2024917602539 46.2443194919162 46.6457400851779 46.589298248291 46.7812817891439 47.2182638380263 47.0249438815647 47.202023824056 47.1940235561795 47.1322699652778 47.3446210225423 47.2120001051161 47.1510874430339 47.1733029683431 47.0135459899902
45.9829788208008 46.0398212009006 45.9845873514811 45.9788644578722 45.7864053514269 45.748412238227 45.8241331312392 45.7869542439779 45.8654119703505 45.8360998365614 45.9324005974664 46.0489857991536 46.0060568915473 46.1022194756402 46.1704847547743 46.4069489373101 46.4152454800076 46.6397340562608 46.4953837924533 46.598993089464 46.6018854777018 46.444391462538 46.2797232733832 46.1296119689941 46.047860039605 45.8056598239475 45.9013849894206 45.8810073004829 45.9038505554199 45.8163986206055 45.7681325276693 45.6652492947049 45.7946128845215 46.135806189643 46.2173216078017 46.5420222812229 46.4917801751031 46.6342769198947 46.8984332614475 47.0200839572483 47.0961731804742 47.2749176025391 47.1680518256293 47.0731506347656 47.1506301032172 47.3198924594455 47.4985843234592 47.0388988918728 46.8202951219347
46.0308464898003 46.0323092142741 45.8798459370931 45.9260431925456 45.8871803283691 45.9249102274577 45.812917497423 45.8167207505968 45.8299314710829 45.8999248080783 45.8071200052897 46.0661816067166 46.3233138190375 46.2009383307563 46.4212650722928 46.5701925489638 46.6950887044271 46.5574497646756 46.7033055623372 46.4214125739204 46.2760878668891 46.3688837687174 46.1648835076226 46.0758374532064 46.3084619310167 45.8071263631185 45.758172776964 45.858159383138 45.9075495402018 45.8874083624946 45.6951395670573 45.8806012471517 46.0060636732313 45.860594007704 46.1464907328288 46.584900326199 46.3152906629774 46.6364067925347 46.7358962164985 47.1161761813694 47.0345810784234 47.16546842787 47.4178945753309 47.3013254801432 47.1811947292752 47.2871398925781 47.3995170593262 46.7927453782823 46.9248135884603
46.0554072062174 46.1690762837728 45.9022907680935 45.8665568033854 45.7978931003147 45.7694371541341 45.8210669623481 45.8430290222168 45.979318830702 45.987181769477 46.0082210964627 46.0849168565538 46.3700095282661 46.3077532450358 46.3253987630208 46.6050131056044 46.6365089416504 46.631841023763 46.3344006008572 46.4320352342394 46.2764905293783 46.2657682630751 46.3025012546115 46.1194157070584 45.9955283270942 45.8910272386339 45.8999197218153 45.8472082349989 45.8634028964572 45.8332006666395 45.8137270609538 45.9192793104384 46.0943785773383 46.1994891696506 46.493158976237 46.3413535224067 46.5357013278537 46.6187875535753 46.7408710055881 47.038390689426 46.8985684712728 47.2417950100369 47.5333150227865 47.5223015679253 47.5069626702203 47.1770621405707 47.51929558648 47.1184662712945 46.8813154432509
45.9671177334256 45.8872494167752 45.8870989481608 45.9172592163086 45.763420952691 45.7317979600694 45.8068788316515 46.0359764099121 46.206357744005 46.2524299621582 46.2181782192654 46.3936208089193 46.3328577677409 46.3307868109809 46.3801951938205 46.6485006544325 46.386715359158 46.4131893581814 46.3941663106283 46.4640880160862 46.3529294331869 46.2185270521376 46.2730615403917 46.1945966084798 45.861080593533 46.0283080206977 45.8578809102376 46.1370747884115 45.9987229241265 46.2291395399306 46.2042291429308 46.1947801378038 46.1795272827148 46.4682189093696 46.3663631015354 46.255482143826 46.5358590020074 46.9587826199002 47.0054935879178 47.0475527445475 47.1469561258952 47.262991587321 47.3219384087457 47.4442032708062 47.2527826097276 47.7639723883735 47.5789739820692 47.2146962483724 47.0031246609158
45.7576137118869 45.7634569803874 45.6354348924425 45.6126594543457 45.5838707817925 45.6943728129069 45.7948718600803 45.9057693481445 46.1997091505263 46.4347254435221 46.5305913289388 46.5840941535102 46.5499988132053 46.3561918470595 46.3590592278375 46.8327352735731 46.6163084242079 46.5029890272352 46.5501641167535 46.5188204447428 46.6617969936795 46.4188541836209 46.1888025071886 46.2392946879069 45.9762941996256 45.8509606255425 46.1992624070909 46.3868391248915 46.25787141588 46.2522756788466 46.1888639662001 46.1209233601888 46.3090519375271 46.6195284525553 46.5805447896322 46.6325200398763 46.5299551222059 46.9489487542046 47.3521741231283 47.3274158901638 47.4289588928223 47.6490270826552 47.6665640936957 47.9013824462891 47.8608445061578 48.0339592827691 47.5141716003418 47.5662973192003 47.373587290446
45.7682223849826 45.7285291883681 45.811392042372 45.7994283040365 45.7277136908637 45.5607702467177 45.5613034566244 46.0232772827148 46.2564349704319 46.6128807067871 46.3128225538466 46.3910191853841 46.5499560038249 46.3734164767795 46.6293991936578 46.4607293870714 46.5304692586263 46.6524293687608 46.7316703796387 46.7497787475586 46.5553516811795 46.7026142544217 46.585398779975 46.3673803541395 46.1420974731445 45.9219012790256 46.1034973992242 46.1256709628635 46.461540222168 46.2361166212294 46.2156342400445 46.3679695129395 46.4300092061361 46.3301493326823 46.5172165764703 46.6965908474392 46.8146112230089 47.1418817308214 46.837895711263 47.3576795789931 47.7007454766168 47.6791059705946 47.9040145874023 47.7759958902995 47.924868689643 48.0079362657335 47.8328378465441 47.6918610466851 48.0557594299316
45.6130786471897 45.6793073018392 45.8493843078613 45.4946136474609 45.5830896165636 45.675301445855 45.8236969841851 46.0828637017144 46.1464737786187 46.3695920308431 46.334346347385 46.1991004943848 46.3341365390354 46.3912823994954 46.3555764092339 46.453303443061 46.4578531053331 46.3374489678277 46.7689221700033 46.6244112650553 46.4520785013835 46.4166679382324 46.3865797254774 46.3337478637695 46.2055778503418 46.4698265923394 46.3530400594076 46.1322280036079 46.1734491984049 46.3498797946506 46.3687150743273 46.1650581359863 46.3091439141168 46.3523741828071 46.5768169826931 46.5560595194499 46.594719780816 46.9947361416287 47.1145367092556 47.3252173529731 47.3998900519477 47.4477742513021 47.8351347181532 47.9439324273003 48.044975704617 47.8790304395888 48.0637842814128 47.929621802436 47.6558693779839
45.446969350179 45.5571064419217 45.3986320495605 45.2439456515842 45.4997219509549 45.7384787665473 45.9792844984267 45.9826354980469 46.2842771742079 46.3383204142253 46.4018448723687 46.218689388699 46.1607182820638 46.278318617079 46.3307440016005 46.408332824707 46.454037560357 46.5235023498535 46.4453459845649 46.3899455600315 46.3902558220757 46.2259017096625 46.2894524468316 46.3519596523709 46.3122126261393 46.1545834011502 46.2256168789334 46.3281389872233 46.4368353949653 46.1058451334635 46.3545667860243 46.3802905612522 46.2101665072971 46.4392484029134 46.2653817070855 46.5976325141059 46.799814860026 46.9920086330838 47.0890176561144 47.1134507921007 47.6622225443522 47.7535480923123 47.8844256930881 47.7071244981554 47.9473499721951 47.9998088412815 48.0721800062392 47.7866948445638 47.9105945163303
45.1751035054525 45.1616494920519 45.2742623223199 45.2865075005425 45.4127536349826 45.6818678114149 45.9873305426704 46.1800312466092 46.1329154968262 46.2203797234429 46.301395840115 46.2657402886285 46.3096792432997 46.3764266967773 46.0825275844998 46.3811492919922 46.4938125610352 46.4455752902561 46.2141363355849 46.1713422139486 46.180303785536 46.1873775058322 46.047364976671 46.3868187798394 46.1441383361816 46.1569014655219 46.1882519192166 46.2996372646756 46.0389450920953 46.2720341152615 45.9743711683485 46.2214898003472 46.2395846048991 46.5486301845974 46.6129247877333 46.6807611253526 46.592584821913 46.6669934590658 47.0209108988444 46.9490004645454 47.2734205457899 47.3453954060872 47.7403399149577 47.7409638298882 47.9214922587077 48.0510588751899 48.1335165235731 48.1403367784288 47.9202707078722
45.105835808648 45.1061888800727 45.273626115587 45.2852041456434 45.366323682997 45.7427537706163 45.9306212531196 46.2838528951009 46.1450119018555 46.0399466620551 46.1110085381402 46.0329411824544 46.1419728597005 46.1165699428982 46.2548989189996 46.405462053087 46.234861585829 46.4158185323079 46.2070185343424 46.0403349134657 46.2865774366591 46.2382943895128 46.4259262084961 46.2649158901638 46.0535901387533 45.9830445183648 46.211924235026 45.9294670952691 45.9545661078559 46.2702920701769 45.8195203145345 45.0543687608507 45.4510803222656 45.9596549140082 46.0676820543077 46.1598099602593 46.2716831631131 46.1635746426053 46.452279832628 46.3811128404405 47.2245267232259 47.2619467841254 47.3901731703017 47.5413682725694 47.8292427062988 47.9375275505914 48.1661699083116 48.3720406426324 47.9106920030382
44.9303101433648 44.9385189480252 45.0389205084907 44.9605903625488 45.558903588189 45.6901312934028 46.1718885633681 46.2842746310764 46.0292939080132 45.9011539883084 46.0334608289931 46.0361065334744 45.7968995836046 45.9140374925401 46.2511346605089 46.2099291483561 46.4422069125705 46.6170853508843 46.1467725965712 46.3472565544976 46.2562128702799 46.1610009935167 45.9357766045464 45.7547331915961 46.0584025912815 46.0302399529351 46.2790887620714 46.1713879903158 45.8617028130425 46.0982894897461 45.3501387702094 45.1267484029134 45.5541364881727 45.5911894904243 45.6987486945258 46.0186767578125 46.1268484327528 46.0340177747938 46.0873311360677 46.3251753913032 46.553217569987 46.9562360975477 47.078732808431 47.1177321539985 47.7095252143012 48.4408039516873 48.5689684549967 48.3737873501248 48.3308554755317
44.5274052090115 44.6004104614258 44.7000126308865 45.063175201416 45.2524609035916 45.464427947998 45.932566748725 45.7512351142036 45.9435729980469 45.9827440049913 45.7437680562337 45.8404969109429 45.8546545240614 46.0780597262912 46.3312047322591 46.3211631774902 46.4554409450955 46.1678411695692 46.1434427897135 46.2468532986111 46.2246089511447 45.8959638807509 45.8938963148329 46.0631184048123 45.7046788533529 46.1703101264106 46.2049946255154 46.2496079338921 46.3269000583225 45.8794911702474 45.6983278062608 45.5364151000977 45.9276178148058 45.6571405198839 45.7231614854601 45.8642616271973 45.8480127122667 45.869497511122 45.9142210218642 46.1780086093479 45.8952369689941 46.1983222961426 46.6199484931098 47.1504368252224 47.7863193088108 48.4526655409071 48.4918373955621 48.7284808688694 48.6695077684191
44.332569970025 44.3096512688531 44.5801298353407 44.4701076083713 44.8648054334852 45.1161431206597 45.5386038886176 45.5271161397298 45.6539204915365 45.5191544426812 45.3570306566026 45.5915671454536 45.6731448703342 45.9044121636285 45.9249178568522 46.4035174051921 46.3858553568522 46.3146311442057 46.1785252888997 46.1085942586263 46.124080657959 45.9732865227593 46.0689078436957 46.0459043714735 46.0554394192166 45.9582176208496 46.2277420891656 46.4162953694661 46.116266462538 45.8547214931912 45.754759894477 45.8026110331217 45.4280505710178 45.4483375549316 45.2729920281304 45.5729793972439 45.4191992017958 45.5766470167372 45.7927182515462 45.6768048604329 45.3967073228624 45.3025516933865 46.4136835734049 47.2860221862793 47.7039824591743 48.3288476732042 48.4956851535373 48.8996810913086 48.6513968573676
43.9893487294515 44.2522044711643 44.2572983635796 44.584038204617 44.8724683125814 44.985232035319 45.011967976888 45.1644723680284 45.0398716396756 45.0135968526204 45.0944163004557 45.4306454128689 45.3897115919325 45.3172319200304 46.0059229532878 46.0117831759983 45.9075813293457 45.7772856818305 45.6040780809191 45.8327996995714 45.8845274183485 45.9014383951823 46.1643252902561 46.025693681505 46.4151462978787 46.1894819471571 46.1546397738987 45.9932098388672 46.0258835686578 45.8376074896918 45.8488133748372 45.4015808105469 45.2856682671441 45.0129737854004 45.088368733724 45.1681217617459 45.2201919555664 45.0332590738932 45.084341261122 44.559327867296 44.6928914388021 44.884157816569 45.8711933559842 46.1997523837619 46.9676695929633 47.5192557440864 48.0675743950738 48.4177080790202 48.2013125949436
43.6504287719727 43.9540396796332 44.0505718655056 44.3786245981852 44.4381366305881 44.5923834906684 44.7235052320692 44.750983344184 44.7333564758301 44.7347327338325 44.774121178521 44.6003002590603 44.4175745646159 44.518978966607 44.6647198994954 45.0151278177897 45.2401288350423 45.109437306722 45.5489896138509 45.4304029676649 45.7173080444336 45.8868641323513 46.0969242519803 46.1525849236382 46.2393061319987 46.1677585177951 46.0514640808105 45.9798528883192 45.8897238837348 45.8177545335558 45.5344263712565 45.559374915229 45.2674077351888 45.0429217020671 44.9225913153754 44.6116663614909 44.6352903578017 44.7796423170302 44.3952530754937 44.1982180277506 44.2773424784342 44.7666659884983 45.2553575303819 45.9422492980957 46.325510236952 46.9923290676541 47.4722442626953 48.128963470459 48.2687424553765
43.4860581292046 43.8065111372206 43.8136660257975 44.0992418924967 44.201743443807 44.2925665113661 44.1410499148899 44.3380171457926 44.2434641520182 44.1216587490506 43.9597214592828 44.2016372680664 44.1542137993707 44.1632228427463 43.9465751647949 44.2989535861545 44.6451170179579 44.6571879916721 44.8255157470703 44.8895412021213 45.3239890204536 45.4981248643663 45.6770282321506 46.0109498765733 46.1833063761393 46.1011157565647 45.752796596951 46.1290041605631 45.9139383104112 45.9195128546821 45.6137360466851 45.4853350321452 45.0189581976997 44.6970244513618 44.7565316094293 44.6049605475532 44.6884223090278 44.1236792670356 43.9525532192654 44.0446048312717 44.0698979695638 44.5026630825467 45.1129336886936 45.6675067477756 45.8669217427572 46.9559881422255 47.5594401889377 48.1692309909397 48.7556635538737
