data/test_2003/bio13_avg_1994-2002.asc
NCOLS 664 
NROWS 380 
XLLCORNER 3.91666666666667 
YLLCORNER 55.3333333333333 
CELLSIZE 0.0416666666666667 
NODATA_value -9999 
[rows 66 to 87 of 380, columns 245 to 293 of 664]
-9999 -9999 -9999 -9999 -9999 -9999 198.242519802517 196.704973008898 195.942069159614 195.111818101671 188.490982055664 199.76320054796 196.750930786133 188.850669013129 197.739381578234 194.263312445747 190.78217569987 197.642954508464 198.272718641493 209.039201524523 200.238774617513 202.535261366102 201.369928995768 202.314229329427 204.154305352105 204.837973700629 206.171710544162 209.677883572049 213.498538547092 216.4798956977 218.859388563368 218.134121365017 220.031122843424 223.004925198025 217.986229790582 222.233352661133 231.13508605957 234.856085883247 241.63242594401 245.067233615451 246.331515842014 251.454635620117 248.386581420898 246.404266357422 259.195356580946 -9999 262.563264634874 262.178807576497 252.944232516819
231.906780666775 226.757792154948 -9999 -9999 205.970016479492 213.788380940755 194.972559611003 191.352630615234 196.253897772895 202.512539333767 193.679507785373 199.933664957682 203.409708658854 191.818322075738 186.089111328125 193.739752875434 208.132807413737 201.86375257704 198.762030707465 193.795750935872 192.678312513563 194.196292453342 198.979565090603 201.390662299262 202.138585408529 205.642222086589 207.284018622504 208.84508090549 213.20453898112 214.756991916233 219.524100409614 221.593571980794 223.526279025608 227.055491129557 225.919374254015 229.120040893555 232.070590549045 238.647220187717 241.453552246094 -9999 -9999 -9999 -9999 -9999 -9999 -9999 258.891472710503 255.814366658529 257.068357679579
232.499972873264 228.569068060981 224.756149291992 211.782077365451 212.880108303494 217.658147176107 200.417224460178 194.515536838108 191.469975789388 188.427176581489 188.876063028971 186.024721781413 179.625941806369 170.669157240126 176.925553215875 205.136259290907 190.347095065647 182.591161939833 183.083031548394 181.702022976345 188.747180514865 193.658611721463 195.165805392795 197.643956502279 199.857538859049 201.23053656684 -9999 208.375995212131 211.014355129666 211.977618747287 -9999 -9999 -9999 -9999 231.417700873481 235.629786173503 238.237528483073 -9999 -9999 -9999 -9999 -9999 -9999 -9999 -9999 -9999 -9999 -9999 254.092068142361
232.527696397569 230.240595499674 226.462841457791 210.680809868707 212.600935194227 202.33405219184 202.125079684787 203.215460883247 202.413197835286 185.097211201986 188.576502482096 171.877331203885 160.301081339518 160.046646118164 168.690703497993 180.803220960829 180.5158106486 180.601392957899 178.834801567925 178.281549241808 186.547264099121 188.945100572374 189.3642578125 191.629480997721 -9999 -9999 -9999 -9999 211.185111151801 -9999 -9999 -9999 224.508314344618 -9999 232.775789048937 -9999 -9999 -9999 -9999 -9999 -9999 -9999 -9999 257.517901950412 253.163530137804 257.46625773112 260.166156344944 -9999 262.835122002496
233.482638888889 218.890357123481 223.308519151476 218.116829766168 208.537990993924 206.119050767687 202.141608344184 183.361786736382 176.019875420464 167.262525770399 164.923082987467 159.213251749674 155.272178649902 -9999 172.130224439833 167.133148193359 172.72152794732 172.167820400662 172.199177212185 -9999 -9999 -9999 -9999 -9999 -9999 -9999 -9999 -9999 -9999 -9999 -9999 -9999 -9999 -9999 -9999 -9999 -9999 -9999 -9999 -9999 -9999 -9999 -9999 250.520721435547 237.674613104926 242.48917304145 256.523737589518 258.129633585612 -9999
-9999 -9999 215.912285698785 215.982818603516 204.723405626085 190.08816019694 183.446057637533 176.100512186686 170.251981947157 -9999 -9999 -9999 -9999 142.675398932563 157.918500264486 158.553353203668 -9999 -9999 -9999 -9999 -9999 -9999 -9999 -9999 -9999 -9999 -9999 -9999 -9999 -9999 -9999 -9999 -9999 -9999 -9999 238.853842841254 239.453548855252 242.03680589464 243.155103895399 247.951588948568 -9999 241.239986843533 240.206656561957 236.903455946181 235.993662516276 254.017886691623 259.038813273112 256.480085584852 259.855294121636
-9999 211.61087375217 209.343836466471 -9999 -9999 -9999 -9999 -9999 -9999 -9999 -9999 -9999 -9999 144.934625413683 143.385956658257 -9999 -9999 -9999 -9999 -9999 -9999 -9999 -9999 -9999 -9999 -9999 -9999 -9999 -9999 -9999 221.088729858398 224.552442762587 227.73482937283 229.244803534614 233.49836730957 236.620822482639 236.145222981771 240.526238335503 243.822018093533 247.195468478733 248.395523071289 -9999 248.478849622938 242.986602783203 246.915245903863 249.568718804253 249.868381076389 252.518391927083 258.935316297743
-9999 -9999 -9999 -9999 -9999 -9999 -9999 -9999 -9999 -9999 -9999 -9999 -9999 -9999 -9999 -9999 -9999 -9999 -9999 -9999 -9999 -9999 -9999 -9999 -9999 -9999 -9999 -9999 -9999 212.216278076172 216.977564493815 210.366846720378 225.433205498589 230.595209757487 230.884502834744 235.096152411567 238.264212714301 239.056232028537 243.069736056858 239.552407158746 235.499905056424 243.381267971463 233.384543524848 229.335879855686 233.436921861437 234.619027031793 230.571901109484 251.616890801324 -9999
-9999 -9999 -9999 -9999 -9999 -9999 -9999 -9999 -9999 -9999 -9999 -9999 -9999 -9999 -9999 -9999 -9999 -9999 -9999 -9999 -9999 -9999 -9999 -9999 -9999 -9999 -9999 202.197614881727 202.281492445204 207.953835381402 217.072406344944 223.490905761719 227.195090399848 230.70987616645 237.35299343533 237.213565402561 238.3951043023 228.326705932617 225.68502468533 239.500735812717 246.805806477865 245.652850680881 245.92103237576 246.373319837782 242.302174886068 233.898013644748 243.020428127713 255.380450778537 255.491621229384
-9999 -9999 -9999 -9999 -9999 -9999 -9999 -9999 -9999 -9999 -9999 -9999 -9999 -9999 -9999 -9999 -9999 -9999 -9999 -9999 -9999 -9999 -9999 189.850477430556 -9999 195.268797132704 197.949395073785 207.728220621745 209.381554497613 219.227072821723 221.72082180447 225.248818291558 228.059894137912 229.78407796224 229.324888441298 235.729975382487 230.910000271267 238.204379611545 241.560963948568 244.880601671007 237.715530395508 240.474799262153 251.243609958225 250.068574693468 249.041358100043 249.998219807943 247.365880330404 247.049899631076 240.799601236979
-9999 -9999 -9999 -9999 -9999 -9999 -9999 -9999 -9999 -9999 -9999 -9999 -9999 -9999 -9999 -9999 -9999 -9999 -9999 -9999 176.520587497287 180.122556050618 184.690643310547 188.423634847005 195.636188083225 198.763551500109 200.345728556315 208.429916381836 209.789833916558 -9999 222.003261990017 228.293112860786 229.452791002062 233.691645304362 236.314495510525 238.035380045573 238.471923828125 243.448279486762 210.678366767036 233.582836574978 243.077536688911 243.497129652235 249.157063802083 250.135106404622 244.564849853516 224.196916368273 221.524305555556 217.653064303928 216.130494859484
-9999 -9999 -9999 -9999 -9999 -9999 -9999 -9999 -9999 -9999 -9999 -9999 -9999 -9999 -9999 154.07777065701 -9999 161.319591946072 -9999 169.981454637316 175.650349934896 181.266101413303 184.73311275906 188.725890265571 193.36456129286 199.152372572157 205.651124742296 208.509552001953 213.536061604818 -9999 -9999 225.354248046875 224.905285305447 220.802132500543 233.923370361328 202.078557332357 216.624226888021 214.708407931858 188.385535346137 187.912226359049 228.121897379557 252.481167263455 231.901153564453 209.681176079644 220.066799587674 213.465052286784 203.725862291124 197.139204237196 205.472686767578
-9999 -9999 -9999 -9999 -9999 -9999 -9999 -9999 -9999 -9999 -9999 -9999 -9999 -9999 -9999 -9999 158.61055416531 162.490199618869 166.82741716173 171.210664537218 175.542539808485 181.880245632595 185.491193135579 189.815355088976 193.095965915256 201.223607381185 207.015313042535 206.646292792426 204.738705105252 215.903991699219 210.946999443902 206.850228203668 220.042394002279 227.383436414931 202.965316772461 191.504084269206 220.352949354384 204.304289076063 195.50495062934 202.449973212348 216.112825181749 244.791397094727 215.456412421332 194.298672146267 194.857155693902 176.321790059408 168.515516493056 164.886288960775 167.196536593967
-9999 -9999 -9999 -9999 -9999 -9999 -9999 -9999 -9999 -9999 -9999 -9999 -9999 -9999 -9999 158.343546549479 168.821321275499 166.896689520942 168.139322916667 175.253272162543 180.883800930447 183.786196390788 187.542739868164 190.114934285482 196.247290717231 201.289471096463 200.04381137424 197.258690728082 200.824963039822 211.100660536024 224.829325358073 224.389909532335 223.233505249023 229.681628757053 220.310423109266 225.469587537977 217.006039089627 181.871032714844 171.866050720215 195.829786512587 237.806722005208 227.107813517253 229.626968383789 226.36824883355 231.801586574978 190.328845553928 170.608270433214 174.963895161947 151.680757310655
-9999 -9999 -9999 -9999 -9999 -9999 -9999 -9999 -9999 -9999 -9999 -9999 157.064340379503 156.993142869737 158.404510498047 161.840092129178 167.347266303168 169.637563069661 173.705950419108 178.487721761068 182.113254970974 184.398603651259 187.445448981391 190.349648369683 191.260933770074 193.975920783149 199.35322909885 212.577304416233 203.237786187066 211.187754313151 226.401918199327 228.19371371799 220.248589409722 208.688573201497 194.048136393229 199.940680609809 212.420247395833 210.664145575629 214.211457994249 223.206956651476 218.498011271159 202.101087782118 175.350550333659 214.490929497613 223.719197591146 188.379919264052 201.706814236111 183.091553582086 157.616635640462
-9999 -9999 -9999 -9999 -9999 -9999 -9999 -9999 -9999 -9999 -9999 -9999 -9999 -9999 -9999 162.420745849609 165.156105889214 166.595709906684 170.232173495822 174.584242078993 178.606940375434 184.434504191081 185.867443508572 190.787414550781 196.751051161024 200.949157714844 197.658794826931 203.596059163411 217.175555759006 -9999 -9999 232.901540120443 225.856038411458 223.378440009223 233.426186455621 239.165301852756 210.497634887695 187.245372348362 190.589341057671 211.51220703125 185.961786905924 164.245331658257 185.910445319282 206.015421549479 205.661661783854 198.316623263889 182.44750128852 156.565536499023 149.417314317491
-9999 -9999 -9999 -9999 -9999 -9999 -9999 -9999 -9999 -9999 159.914558410645 159.306524488661 -9999 -9999 162.9259668986 164.277314080132 166.294963412815 169.746119181315 174.144753350152 178.691485934787 178.354149712457 183.705152723524 185.527611626519 189.873616536458 198.22043355306 204.03987121582 -9999 214.969438340929 209.393946329753 213.494523790148 232.345531887478 225.186791314019 208.865578545464 204.203245374891 196.26974995931 182.725810580783 188.559230380588 200.922190348307 208.312833997938 255.830452813043 187.551441616482 190.38358645969 220.121183607313 203.625742594401 167.063262091743 164.169563293457 145.439996507433 143.394392225477 143.275567796495
-9999 -9999 -9999 -9999 -9999 -9999 -9999 -9999 -9999 -9999 -9999 -9999 -9999 -9999 165.670750935872 169.842212253147 171.762371487088 178.072931077745 180.797715081109 180.890214708116 181.701522827148 184.034889221191 188.562936570909 193.807115342882 -9999 -9999 -9999 201.196997748481 211.483742607964 190.617871602376 193.95933787028 207.549428304036 222.563215467665 195.15963490804 204.488143920898 196.738733927409 201.571984185113 178.273460388184 173.155254787869 221.061431884766 228.2896355523 197.788879394531 175.7611295912 167.200855678982 167.454156663683 168.937691582574 171.962711758084 160.424511379666 165.821236504449
-9999 -9999 -9999 -9999 -9999 -9999 -9999 -9999 -9999 -9999 -9999 -9999 -9999 -9999 -9999 167.563660515679 171.193078782823 174.634878370497 177.499018351237 180.362529330783 185.506396823459 186.74548678928 191.267474704319 194.884272257487 -9999 198.296508789062 193.335827297635 202.319171481662 205.872712877062 189.573599921332 202.938262939453 199.01651679145 217.67642042372 200.829679701063 208.925165812174 207.906917995877 214.157465616862 222.951122707791 217.563666449653 206.165484958225 160.47146097819 169.851088629829 204.352018568251 220.298477172852 225.890382554796 191.563205295139 151.826410929362 136.297973632812 134.420200771756
-9999 -9999 -9999 -9999 -9999 -9999 -9999 -9999 -9999 -9999 -9999 -9999 165.061582777235 164.884649488661 165.469947814941 -9999 -9999 -9999 -9999 -9999 -9999 185.289851718479 185.949391682943 196.435267130534 201.374059041341 208.039876302083 218.371826171875 209.672915988498 221.592778523763 234.069417317708 231.812544080946 241.329671223958 233.209311591254 224.713048299154 194.580043368869 174.783413357205 165.466534084744 201.895579020182 226.299335055881 181.991176181369 172.556682162815 187.838035583496 206.515007866753 211.230036417643 216.118170844184 169.960959540473 159.444332546658 161.045399983724 146.707752651638
-9999 -9999 -9999 -9999 -9999 -9999 -9999 -9999 -9999 -9999 -9999 -9999 164.712254842122 164.717160542806 -9999 -9999 -9999 175.15562693278 174.969454447428 173.863520304362 180.675264146593 188.061425103082 185.699514600966 193.840072631836 199.822174072266 -9999 203.138375176324 206.671552870009 194.168789333767 180.424879286024 212.727199978299 229.735204060872 219.611796061198 218.571234809028 209.333813137478 203.753051757812 210.346605088976 203.364339192708 226.278313530816 199.258722941081 178.733367072211 183.660275777181 193.587422688802 184.051767137316 160.17638821072 143.931341383192 139.374092949761 132.366693284776 130.47134229872
-9999 -9999 -9999 -9999 -9999 -9999 -9999 -9999 -9999 -9999 -9999 164.15183936225 -9999 -9999 167.651023017036 170.098300509983 170.429151746962 173.465176900228 176.315973069933 178.44832695855 178.959049648709 182.565103318956 187.790301005046 187.005570305718 185.133365207248 200.93089972602 215.284842597114 226.165339152018 231.264453464084 207.805860731337 231.371999104818 239.991114298503 242.015282524957 236.586586846246 233.191872490777 198.725021362305 188.973252190484 175.322382609049 165.196937561035 161.583246866862 163.784716288249 166.699576483832 160.04544406467 159.679370456272 162.02532280816 146.737098693848 134.261075337728 127.883248223199 125.336992899577
