data/test_2003/bio15_avg_1994-2002.asc
NCOLS 664 
NROWS 380 
XLLCORNER 3.91666666666667 
YLLCORNER 55.3333333333333 
CELLSIZE 0.0416666666666667 
NODATA_value -9999 
[rows 132 to 153 of 380, columns 196 to 244 of 664]
-9999 40.1105261908637 40.0158254835341 -9999 -9999 39.8300988939073 39.6200898488363 38.5726994408502 37.894234975179 37.8927767011854 38.3952941894531 38.8402803209093 39.1175532870822 39.2572436862522 39.0707348717584 39.1631117926704 39.0440364413791 38.6120717790392 38.3753373887804 38.3600370619032 38.4474686516656 38.6536087459988 38.5975051456028 39.016927295261 39.378593020969 39.5967790815565 39.05917040507 38.8688689337836 40.1109580993652 39.4276712205675 39.1363559299045 39.9976562923855 40.2624910142687 40.1951181623671 40.4763372209337 40.890768898858 40.939044740465 40.7902370029026 40.7996046278212 41.0212357838949 41.1971151563856 41.7496611277262 42.1357604132758 42.9046753777398 43.1647673712836 43.1138180626763 43.5519029829237 43.5442201826308 43.7926801045736
-9999 40.0784901512994 40.148060268826 -9999 -9999 40.051513671875 39.2388165791829 38.4267177581787 38.1247630649143 37.9613149431017 38.3923808203803 38.7841748131646 38.4036625756158 38.2190452151828 38.2467859056261 38.6794194115533 39.294438680013 39.1833748287625 39.0458329518636 38.8224813673231 38.5719218783908 38.4627426995171 38.7073423597548 39.1421377393934 39.4014676411947 39.212474822998 39.0641443464491 38.7822659810384 40.079524146186 40.4145276811388 40.2368011474609 40.2702513800727 39.5974210103353 39.6178133222792 39.9050920274523 40.2703853183322 40.4465649922689 40.6007667117649 40.6131047142877 40.74371125963 41.0343778398302 41.5763312445747 41.8169019487169 42.4441615210639 43.1159534454346 43.0318959554036 43.1980703141954 43.1177427503798 42.7928945753309
-9999 -9999 -9999 40.0518283843994 39.8414389292399 40.0452069176568 -9999 39.1615284813775 38.1393517388238 37.8033555348714 38.8779739803738 39.040535820855 38.2528127034505 37.9835183885362 37.9999283684625 38.1507470872667 38.584077835083 38.2499345143636 38.1159186893039 38.4598390791151 38.6395246717665 38.8467394510905 38.7672345903185 38.7721678415934 38.7146994272868 39.1634472741021 39.1027717590332 38.7572926415337 39.0700778961182 39.5689423878988 40.4851750267877 40.4718333350288 40.1639440324571 39.7172940572103 39.7301188574897 40.044456270006 40.269508573744 40.7716161939833 40.9211453331841 40.9275362226698 41.5128228929308 41.9955904218886 41.8678105672201 41.5012289683024 41.1840691036648 42.3827648162842 42.8729890187581 42.1058438618978 41.7232231563992
40.0366429222955 40.0227078331841 -9999 39.8635491265191 39.6764089796278 39.3358860015869 39.7283867730035 39.7056725819906 39.393068101671 39.2167549133301 38.9104476504856 39.2139483557807 38.727173699273 38.0206495920817 37.8049795362684 37.9572910732693 38.2896609836154 38.2450646294488 38.3901286655002 38.4532224867079 38.5014474656847 38.6486350165473 38.7034689585368 38.669793870714 38.7013399336073 38.9883622063531 39.2457067701552 39.0108426411947 38.7959813012017 38.9258319007026 40.1571445465088 40.4833698272705 40.4035356309679 40.2052656809489 40.3424436781142 40.5547228919135 40.7161435021294 40.7936316596137 41.0248476664225 41.2210483551025 41.014910168118 40.5771772596571 40.4687226613363 40.090236875746 40.2160786522759 42.0299157036675 42.6847754584418 42.2175481584337 42.3666275872125
40.1398349338108 40.1362874772814 40.1051167382134 39.8996986813015 39.7878015306261 39.6695100996229 39.4780396355523 39.3593167199029 39.6227866278754 -9999 -9999 39.2526728312174 39.0586827596029 38.8747766282823 38.1756267547607 38.0075452592638 38.3971294826931 38.158203125 38.0764971839057 38.0947420332167 38.4676214853923 38.2648934258355 38.4673326280382 38.7974898020426 38.6445611317952 38.9422749413384 38.9624409145779 38.8639471266005 39.3495684729682 39.2893990410699 39.9094140794542 40.2103998396132 39.6050910949707 39.2037063174778 39.2789959377713 39.4932265811496 39.7846806844076 40.2688246832954 40.6218028598362 40.3678821987576 39.9451741112603 39.4234909481472 39.3655115763346 39.4949902428521 39.7827849917942 41.4664751688639 42.4575763278537 41.5503946940104 40.817924923367
40.2052618662516 39.9306545257568 39.8394925859239 39.5883316463894 39.2109741634793 38.8673561943902 38.5929732852512 38.6753665076362 39.2257529364692 39.7309943305122 39.5805106692844 39.6791875627306 39.7742621103923 39.2072667015923 37.9698045518663 38.100159962972 38.7024029625787 38.6856043073866 38.5927812788222 38.3614230685764 38.1456453535292 38.2420198652479 38.3667110866971 38.5251926845974 38.6522394816081 38.6704307132297 38.7837653689914 38.7307838863797 38.8012750413683 38.6497927771674 39.1027717590332 39.8857192993164 39.4361536237929 38.5716798570421 38.9428829616971 39.0641292995877 39.6068365308974 39.7604268391927 39.799311319987 39.0259971618652 39.0459846920437 39.4589108361138 39.6908770667182 39.8593591054281 40.2282136281331 41.3623352050781 41.3713567521837 40.9426506890191 40.6159642537435
39.9957127041287 39.8037906222873 39.740940729777 39.4342850579156 39.1126143137614 38.9068520863851 38.5800060696072 38.3120553758409 38.9707984924316 39.0306655036079 39.2402078840468 39.2770377265082 39.3638678656684 39.3029221428765 38.6877140469021 38.3064217037625 38.1256262461344 38.0819324917263 38.3965034484863 38.2552422417535 38.2238538530138 38.3400592803955 38.4636033376058 38.4701472388373 38.5094318389893 38.5959512922499 38.7857178582085 38.7163484361437 38.5431484646267 38.5228816138373 38.7908727857802 39.1854086981879 38.5897918277317 38.8807849884033 38.8620787726508 38.9991768731011 39.0934431287977 39.3759986029731 39.0635274251302 38.9445559183756 39.0165176391602 39.2815914154053 39.3480419582791 39.7110958099365 40.5300676557753 41.2686229281955 40.626558303833 39.9571645524767 40.0251352522108
-9999 39.7408676147461 39.5933674706353 39.5182914733887 39.079749001397 38.7824052174886 38.6206103430854 38.7179860009087 39.0365142822266 39.1316526201036 38.9921482933892 38.9378600650363 38.8667852613661 38.9912348853217 39.1511353386773 38.9109711117215 38.0192601945665 38.0421017540826 38.1768249935574 38.1611711714003 38.2992572784424 38.2074438730876 37.9830472734239 38.2691928015815 38.4439981248644 38.5279676649306 38.5863789452447 38.89324315389 38.8507277170817 39.1246848636203 39.3974458906386 38.9326587253147 38.2220391167535 38.6648964352078 38.7253574795193 38.8470238579644 39.1359191470676 38.5937506357829 38.6065913306342 38.9606058332655 39.0134525299072 38.9772724575467 39.5008837381999 39.7490969763862 39.9091934627957 40.4191470675998 40.614326900906 40.5741611056858 40.5491580963135
39.7488861083984 39.5159496731228 39.3681265513102 39.3812997606066 39.4505519866943 39.31032371521 39.1335044436985 39.0963115692139 39.2547624376085 39.1536197662354 38.7755930158827 38.7164111667209 38.827112197876 38.7712412940131 38.833215713501 38.394875632392 38.1195769839817 38.0885800255669 38.270052380032 38.6244733598497 39.2427054511176 39.0290819803874 38.4759707980686 38.2052345275879 38.4326684739855 38.4424516889784 38.808536529541 38.8622546725803 38.8904705047607 38.9981477525499 39.2594197591146 38.3654166327582 38.1748286353217 38.3025480906169 38.709602355957 39.0107262929281 38.3626899719238 38.5117329491509 38.5412754482693 38.8350995381673 39.1966078016493 39.2932550642225 39.5175666809082 39.6425821516249 39.7776548597548 40.0088962978787 39.5881167517768 39.6083291371663 39.6215201483832
39.4651851654053 39.5035398271349 38.9055906931559 38.7932781643338 39.1239901648627 39.5411319732666 39.1529140472412 38.9710918002658 38.8385963439941 38.0836887359619 38.0689610375298 38.971096250746 39.2453011406793 38.9305481380887 38.9184072282579 38.6457184685601 38.6437767876519 38.6915478176541 38.6868277655707 38.2881033155653 38.1825326283773 38.178748872545 38.4251929389106 38.2311416202121 38.272374259101 38.617985619439 38.588519414266 38.3541653951009 38.7088578542074 38.9688347710503 38.5015888214111 37.7715555826823 38.0881406995985 38.6507400936551 38.4931011199951 38.5785692003038 38.4943161010742 38.3700533972846 38.2024623023139 38.5506939358181 38.8073264227973 38.9963133070204 39.33182504442 39.3447257147895 39.3116819593642 39.3906383514404 39.5819034576416 39.7237302992079 40.0056652492947
39.5041989220513 39.3676537407769 38.9974611070421 39.4535240597195 39.5624379052056 39.7235344780816 39.3444650438097 39.1069196065267 39.0416134728326 38.6893889109294 38.4985169304742 38.2341141170926 38.4542986551921 38.7739793989393 39.0114029778375 39.1279587215847 39.4945208231608 38.9129517873128 38.2028098636203 38.101787355211 38.2988026936849 38.5138195885552 38.5256072150336 38.5138365427653 38.5474190182156 38.2511547936334 38.3028204176161 38.3080802493625 38.4948948754205 38.8780930836995 38.5920655992296 38.4416380988227 38.4146024915907 38.2487252553304 38.4974223242866 38.4707436031765 38.5615916781955 38.746646033393 38.7107982635498 38.6546938154433 38.7914911905924 39.1014177534315 39.0714244842529 39.325856950548 39.512700398763 39.5609300401476 39.9254190656874 39.8684084150526 40.0297552744548
39.2120903862847 39.0905263688829 39.0002123514811 39.1466204325358 39.3064568837484 39.421263800727 39.4982181125217 39.2196966807048 39.0688785976834 38.5191277398003 38.3453335232205 37.9440761142307 38.2357141706679 38.4663172827827 38.8245188395182 38.5123259226481 38.9773983425564 38.5412936740451 38.2845509847005 38.4319515228271 38.4050515492757 38.5955068800184 38.5436791314019 38.3750913408067 38.5027523040771 38.5008008744982 38.5968928866916 38.5978096856011 38.7357800801595 39.0572944217258 38.9298884073893 38.6307822333442 38.1035806867811 38.0604241689046 38.3691724141439 38.3552828894721 38.4487342834473 38.5121555328369 38.8090036180284 38.6104308234321 38.6644047631158 38.8586576249864 38.9845152960883 39.3530023362901 39.5065750545926 39.6632472144233 39.6378765106201 39.5883615281847 39.5681502024333
38.9303260379367 38.6038530137804 38.5720098283556 38.9231160481771 39.1099385155572 39.3073026869032 39.2004824744331 38.6974605984158 38.1784915924072 38.2359566158719 38.2302756839328 39.1028372446696 39.5429479810927 39.2645407782661 38.5897723303901 38.1327802870009 38.0495374467638 38.1014628940158 38.2030099232992 38.3539341820611 38.4351372188992 38.6041554345025 38.3298132154677 38.5502149793837 38.6145008934869 38.7113768259684 38.8371571434869 39.1754300859239 39.2219130198161 38.927706612481 38.63625992669 38.3926798502604 37.7203038533529 37.7986882527669 38.0991206698947 38.5045759412977 38.6685068342421 38.4845225016276 38.7601282331679 38.5713000827365 38.5268391503228 38.7094211578369 39.0935524834527 39.2454255421956 39.2560560438368 39.4334180619982 39.4198513031006 39.4962766435411 39.4222329457601
38.2983339097765 37.9577645195855 38.5096310509576 38.685998916626 38.2621616787381 38.925756878323 39.2258427937826 39.6137525770399 39.4792465633816 39.5769424438477 39.0845472547743 38.7736369238959 38.9006599850125 38.6974012586806 38.0188835991753 37.9264034695096 37.9695292578803 38.4643281300863 38.5629467434353 38.8424968719482 38.8058437771267 38.4494200812446 38.2364364200168 38.5827664269341 38.5985162523058 38.6746124691433 38.5580024719238 39.0110416412354 39.0073011186388 38.6404777103 38.7738136715359 38.3189328511556 38.0688830481635 37.8415230645074 38.2265925937229 38.3859151204427 38.5634587605794 38.3490117390951 38.2384395599365 38.4147845374213 38.6730848948161 38.6595647599962 38.7278082105849 38.8409644232856 38.9542685614692 39.2386400434706 39.2803317175971 39.4017872280545 39.5475175645616
38.3466924031576 38.1097414228651 38.133451461792 38.3665546841092 38.4672474331326 38.5480526818169 38.6970924801297 38.3157496982151 38.4842872619629 39.4061811235216 39.3972015380859 39.3023662567139 38.6570110321045 38.5637844933404 38.4181772867839 38.208650165134 38.3205718994141 38.6394134097629 38.8143147362603 38.3024058871799 38.4118781619602 38.4806673261854 38.4052386813694 38.5110386742486 38.9666690826416 38.8386374579536 38.545460595025 38.5347362094455 38.9540648990207 38.7246644761827 38.4066047668457 37.8850038316515 37.6871270073785 37.6608982086182 37.982371436225 38.0682828691271 38.089892493354 38.2455484602186 38.3011124928792 38.5209600660536 38.2733938429091 38.4702118767632 38.4408016204834 38.8404259151883 39.1061770121256 38.8581292894151 39.1082636515299 39.5661502414279 39.3350357479519
37.9922731187608 38.079342312283 38.2981639438205 37.8489954206679 37.8087817298041 38.0419866773817 37.8002126481798 37.4553852081299 37.9096249474419 38.7363363901774 39.0672331915961 38.8366514841715 38.5036347707113 39.2294756571452 39.7983133527968 39.5770361158583 39.2037925720215 39.0777178870307 38.7849356333415 38.4463918473985 38.6670669979519 38.7649663289388 38.5421454111735 38.6071156395806 38.7171978420681 38.9148131476508 39.0147709316678 39.019411722819 38.79873975118 38.4066352844238 37.8829915788439 38.3010923597548 38.4497413635254 38.1204539404975 37.7752859327528 37.9780231051975 38.1224822998047 38.2093179490831 38.36887550354 38.4292151133219 38.6694755554199 38.8804478115506 38.5815957387288 38.3362015618218 38.3448708852132 38.7080773247613 38.6009847852919 38.9379058414035 39.0841111077203
38.1206620534261 38.1814335717095 38.5430439843072 38.1016898685031 37.7597437964545 37.9182421366374 37.8332481384277 37.8607389662001 37.9624760945638 38.4098211924235 37.9876736534966 37.7477344936795 38.0514873928494 38.4187588161892 38.5496058993869 38.4954020182292 38.2243629031711 38.5592568715413 38.6566352844238 38.7307516733805 38.6840186648899 39.4132595062256 39.4451020558675 38.8210016886393 38.7678262922499 39.1276098887126 39.410916434394 39.2741290198432 38.6096606784397 37.9348536597358 38.1066301133898 38.128752178616 38.5836230383979 38.2283609178331 37.9688091278076 38.4020072089301 38.2308139801025 38.2431795332167 38.2995476192898 38.2608246273465 38.1678642696805 38.2232288784451 38.2407580481635 38.2886839972602 38.4306848314073 38.6143809424506 38.9505738152398 38.890375773112 38.7749292585585
38.2875792185465 38.4444391462538 38.7833550771077 38.7577785915799 38.8494294484456 38.8185520172119 38.8284240298801 38.667705323961 38.4173863728841 38.0112427605523 38.1972721947564 38.1842615339491 38.2851657867432 38.3604142930773 38.416290918986 38.6131339603 39.0300195482042 39.1829982333713 38.9879322052002 38.9072689480252 39.3976050482856 39.9390443166097 40.5685958862305 40.3475375705295 40.1599311828613 39.7758339775933 39.5107837253147 38.8083869086372 38.338877360026 38.1196587880452 38.5200795067681 38.1065141889784 38.330985599094 38.0948518117269 38.1521589491102 38.0425771077474 37.8866526285807 37.8101153903537 38.3019669850667 38.33898501926 38.5445730421278 38.2569467756483 38.1548307206896 38.357305738661 38.7880111270481 38.7241304185655 38.5858900282118 38.7570660909017 39.3857701619466
38.1907236311171 38.2955241733127 38.5378371344672 38.5214608510335 38.3122442033556 38.5396465725369 38.9542100694444 39.4698543548584 39.09734471639 38.7629451751709 38.9489116668701 38.6686125861274 38.7199389139811 38.6591296725803 38.4925458696153 38.9325002034505 39.2691141764323 39.9307047526042 40.9095316992866 39.3966450161404 38.9429723951552 39.3995655907525 39.7426128387451 40.5775029924181 39.6916508144803 39.4636709425184 38.9958118862576 38.3607459598117 38.2157221900092 38.6614312065972 38.5407106611464 38.352009455363 38.1467094421387 37.9565563201904 38.0792963239882 37.8934620751275 37.7806871202257 37.7667702568902 37.83700243632 38.1732037862142 38.1698648664686 38.1736433241102 38.1896597544352 38.4966445498996 38.6208970811632 38.6946722666423 38.4930559794108 38.4291271633572 38.70663134257
38.6416850619846 38.5512799157037 38.4069510565864 38.2464124891493 37.5683288574219 37.861866845025 38.5517919328478 39.3297956254747 39.1812795003255 38.3685264587402 38.2275863223606 38.6459191640218 38.5996394687229 38.8149382273356 38.9093072679308 38.7442326015896 39.144287109375 39.4945314195421 41.2350186241998 40.6158517201742 40.0539745754666 40.7672415839301 40.9228882259793 40.4793112013075 40.1581414540609 39.0750668843587 38.5060469309489 38.4044630262587 38.5489499833849 38.7530388302273 38.4690941704644 38.3294118245443 38.4326419830322 38.3017478519016 38.1730613708496 38.0837936401367 38.1405381096734 38.1234914991591 38.2976548936632 37.8360199398465 38.0739097595215 38.24382909139 37.9127724965413 38.0602951049805 38.1920566558838 38.4128248426649 38.5293420155843 38.8097370995416 38.461669921875
38.3827251858181 38.3299810621474 38.0787811279297 38.0544709099664 38.1726294623481 38.272739622328 38.9213350084093 39.259237713284 38.8727238972982 38.744000116984 38.4950472513835 38.2505234612359 38.5274221632216 39.4747036827935 39.0579660203722 39.8745390574137 39.196138381958 39.297077814738 40.1704110039605 42.3644262949626 42.4478130340576 40.8045359717475 40.2100145551893 40.5824777815077 39.5248561435276 38.6018994649251 38.4767612881131 38.4069548712836 38.6527953677707 38.4902475145128 38.5645855797662 38.7180497911241 38.4349104563395 38.467814763387 38.4445896148682 38.3045397864448 38.2839205000136 38.1762290530735 37.9647329118517 38.1398807101779 39.1539389292399 39.0888216230604 38.4546082814535 38.2631857130263 38.6492712232802 38.4443306393094 38.8555342356364 39.6059356265598 39.9078362782796
37.9721455044217 37.7895232306586 37.6702437930637 38.1523676978217 39.0007413228353 39.4251058366564 39.3876022762722 39.1144256591797 38.3787725236681 37.9971680111355 38.0491021474202 38.5423944261339 39.2359114752875 40.3481682671441 41.2082328796387 40.7251796722412 41.3696253034804 41.7654745313856 42.674011654324 42.5547353956434 41.9195838504367 41.3892093234592 40.4088215298123 39.8073122236464 38.7028467390272 38.9105377197266 39.0475406646729 39.2070003085666 39.0580768585205 39.2551763322618 38.5672030978733 38.678258895874 38.9138509962294 38.8802333407932 38.3984533945719 38.3458408779568 38.5846765306261 38.6188837687174 38.5925714704725 38.3306259579129 38.8013981713189 38.8665489620633 38.8923433091905 38.2928208245171 38.1754917568631 38.6266127692329 38.8448066711426 38.9209819369846 38.8111621008979
