data/test_2003/bio15_avg_1994-2002.asc
NCOLS 664 
NROWS 380 
XLLCORNER 3.91666666666667 
YLLCORNER 55.3333333333333 
CELLSIZE 0.0416666666666667 
NODATA_value -9999 
[rows 132 to 153 of 380, columns 539 to 587 of 664]
42.1819890340169 42.5035495758057 42.5591835445828 42.560342364841 42.7447441948785 42.6399266984728 42.6742356618245 42.5561669667562 42.332935333252 42.4950035942925 43.0131070878771 43.0129943423801 42.8381093343099 42.7727127075195 43.3269907633464 43.5642717149523 43.8991618686252 43.6094949510362 43.1215883890788 43.227532280816 43.2425435384115 43.6198480394151 43.3661876254612 43.0836033291287 42.7454149458143 42.6255656348334 42.2707006666395 42.3909598456489 42.5122532314724 42.229849073622 42.2670209672716 41.6651316748725 41.6928725772434 41.238076739841 41.3150257534451 41.0972607930501 40.9908400641547 40.800332599216 40.5350392659505 40.5605949825711 40.1904604170058 40.1451591915555 40.1394223107232 40.290520562066 40.1762419806586 40.3269396887885 40.3510884179009 40.2945325639513 40.4328017764621
42.2922155592177 42.187960518731 42.6473337809245 42.5819023980035 42.5897314283583 42.646312713623 42.7276473575168 42.6751509772407 42.8627259996202 42.8616464402941 42.9414274427626 42.9217304653592 42.749930911594 42.8935585021973 42.9481654696994 43.6095254686144 43.9001706441244 43.8215302361382 43.646494547526 43.6100218031142 43.4376617007785 43.4349250793457 43.0031382242839 43.2597469753689 42.9795366923014 42.488551457723 41.8507732815213 42.3735879262288 42.297972785102 41.9954925113254 42.0890123579237 41.8503890567356 41.8615993923611 41.7489846547445 41.2219706641303 41.0620452033149 40.936393737793 40.5265377892388 40.606776131524 40.5894703335232 40.5484241909451 40.4398089514838 40.2660001118978 40.194417529636 40.2221313052707 40.1124210357666 40.3925312889947 40.2804883321126 40.5516813066271
42.6147624121772 42.7721576690674 42.9686162736681 42.8808706071642 43.1000012291802 43.4098864661323 42.9965561760796 42.8893205854628 42.6950814988878 42.8081834581163 42.9912969801161 42.8667013380263 42.8610237969293 43.2160585191515 43.3221736484104 43.4701953464084 43.6450030008952 43.6256069607205 43.4471516079373 43.2512770758735 43.3275190989176 43.4027345445421 43.3013127644857 43.5022328694661 43.3271395365397 43.2335624694824 42.523830625746 42.3866945902506 42.1363576253255 41.9406265682644 41.9700266520182 41.5416556464301 41.5504383511013 41.4236136542426 41.3547859191895 41.3967064751519 41.0747525956896 40.879094865587 40.8331292470296 40.5474798414442 40.2358940972222 40.2468073103163 40.3648522694906 40.325347688463 39.998697704739 40.0199608272976 40.0421521928575 40.402068456014 40.2552627987332
42.6154079437256 42.904398812188 42.6874190436469 43.0381893581814 42.9369057549371 43.0327968597412 42.7222400241428 42.9619655609131 43.1931336720785 43.5364413791233 43.3932092454698 43.2021692064073 43.769524468316 43.4465408325195 43.6026073031955 43.5045937432183 43.5592668321398 43.379148695204 43.3903295728895 43.3635932074653 43.0548985799154 42.888889948527 43.146941502889 43.1355050404867 42.9617248111301 42.7264065212674 42.610389497545 42.6513574388292 42.4369053310818 41.9420596228706 42.3008312649197 41.7985678778754 41.6611885494656 41.6556936899821 41.76639535692 41.3003751966688 41.3356713189019 40.9652987586127 40.8894776238335 40.8992606268989 40.6845938364665 40.3198719024658 40.2121586269803 40.1095335218642 40.1672255198161 40.0767353905572 39.8623428344727 40.2080317603217 40.3016529083252
42.5993423461914 42.701149198744 43.0073714786106 43.3849387698703 43.0957838694255 43.1105620066325 43.4655903710259 43.5472456614176 43.0871230231391 43.2874567243788 43.0767353905572 43.4184867011176 43.729849073622 43.6981167263455 43.77550845676 43.561946021186 43.5620553758409 43.5507100423177 43.740483601888 43.4519587622748 43.0721274481879 42.9834995269775 43.5156828562419 43.4805255466037 43.47814517551 42.9398199717204 42.8641147613525 42.8373328314887 42.6539611816406 42.3061758677165 42.2658356560601 41.6887558831109 41.7476702796088 41.6439660390218 41.5101640489366 41.2907549540202 41.0302560594347 40.9100424448649 40.7606506347656 40.6074625651042 40.6563671959771 40.5990473429362 40.3873613145616 40.4072634379069 40.2602019839817 40.017853418986 40.0984393225776 39.9251433478461 40.1274058024089
42.7271633148193 43.0962598588732 43.1286737653944 43.2086219787598 42.7956422170003 42.817540274726 43.1013556586372 43.0140084160699 42.973641289605 42.9363933139377 43.0999103122287 43.222279018826 43.5047662523058 43.5045666164822 43.3675537109375 43.746272193061 43.2734637790256 43.6817796495226 43.7546920776367 43.8391231960721 43.7077191670736 43.445336871677 43.2930405934652 43.1937745412191 43.2133360968696 43.1788073645698 43.3541403876411 42.9956851535373 42.8681663937039 42.7086370256212 42.4502673678928 41.678290049235 41.8987579345703 41.6103274027506 41.3066139221191 41.6881148020426 41.0830050574409 41.2242253621419 40.7294616699219 40.8243618011475 40.6414799160428 40.5238136715359 40.3356859419081 40.395812564426 40.1015616522895 40.0851264529758 39.948084725274 40.1880923377143 40.0350752936469
42.8625952402751 43.0903150770399 43.1974809434679 43.3146428002252 43.1971764034695 43.05054558648 43.0898132324219 43.4844188690186 43.0913819207085 43.2617664337158 43.4544203016493 43.2638164096408 43.1019600762261 43.0956009758843 43.3894640604655 43.4704221089681 43.5301187303331 43.8501900566949 43.8718689812554 43.60400390625 43.4851979149712 43.643440246582 43.5245168473985 43.419009314643 42.9569375779894 43.1243243747287 43.0022936926948 42.8808046976725 42.8687470753988 42.2811035580105 42.0577278137207 41.9935510423448 42.1213410695394 41.9312303331163 41.8926785786947 41.9483918084039 41.2153199513753 41.2974660661485 40.7856799231635 40.8142125871446 40.8985833062066 40.6401273939345 40.4669687483046 40.5379252963596 40.4895674387614 40.2937331729465 40.1921382480197 40.3482528262668 40.2457349565294
43.4084084828695 43.0526835123698 43.0557895236545 43.0575184292263 43.1605964236789 43.2088487413194 43.5847244262695 43.3529101477729 43.6531511942546 43.5507740444607 43.5272606743707 43.5470267401801 43.1778920491536 42.9870897928874 43.3569679260254 43.6306533813477 43.6991784837511 43.7753240797255 43.9566993713379 43.6893077426487 43.5932161543104 43.5874983469645 43.3577558729384 43.5150241851807 43.2133479648166 43.3045582241482 43.4502733018663 43.2583101060655 43.0046179029677 42.5387162102593 42.5131912231445 42.1547135247125 42.2152517106798 42.1764367421468 41.7830185360379 41.4952297210693 41.2559657626682 40.9879822201199 40.9539733462863 40.7566812303331 40.7730787065294 40.5068812900119 40.6105821397569 40.4401533338759 40.4175330268012 40.1647451188829 40.4929514990913 40.1102191077338 40.1449002159966
43.5806352827284 43.58361392551 43.7142041524251 43.634341345893 43.3843140072293 43.4926800198025 43.0473463270399 43.3217582702637 43.824525197347 43.7034022013346 43.3482259114583 43.592099931505 43.669320848253 43.7588293287489 43.5545692443848 44.2351726955838 44.235466003418 43.7143363952637 43.8098564147949 43.5236990186903 43.2518306308322 43.1862121158176 43.2104988098145 43.329974492391 43.2689560784234 42.9826460944282 43.0542577107747 42.9550304412842 42.6034745110406 42.4214382171631 42.3770512474908 41.8916524251302 41.915965186225 41.8597081502279 41.810566160414 41.4606715308295 40.8696471320258 40.5862952338325 40.7174070146349 41.134268866645 41.0636488596598 40.6347976260715 40.5107095506456 40.7580784691705 40.4520303938124 40.2381771935357 40.1056874593099 40.1356406741672 39.9895930820041
43.0272314283583 43.1016654968262 43.4116304185655 43.1116515265571 43.2225392659505 43.796017964681 43.5269779629178 43.6338178846571 43.4588788350423 44.0299877590603 44.0711873372396 44.0206231011285 44.018847571479 43.6768976847331 43.9611367119683 44.0939157274034 44.456553141276 43.9914660983615 43.9584117465549 43.8288917541504 43.6284946865506 43.4364840189616 43.2963030073378 43.1322237650553 43.2294983334012 43.2020954555935 43.4354262881809 42.9754589928521 42.9515243106418 42.3913449181451 42.5855255126953 42.0407981872559 41.8199927012126 42.0126594967312 41.9754375881619 41.6862786610921 41.6939589182536 41.6658299763997 41.3135477701823 41.3649770948622 41.0310060713026 41.0744499630398 41.0116329193115 40.716547648112 40.5920651753744 40.7452744377984 40.3826713562012 40.1879196166992 40.2327020433214
42.9893199072944 43.0173318650987 43.151344511244 43.0818458133274 42.8481474982368 43.5331056382921 43.6156484815809 43.6426183912489 43.3621169196235 43.5754975212945 43.7530322604709 44.1931114196777 43.9116096496582 44.3498111300998 43.7691781785753 43.6263071695964 44.1475185818142 44.3831642998589 44.3288434346517 44.4232978820801 44.4190466139052 43.9400174882677 44.1219707065158 43.7809357113308 43.5397987365723 43.2506306966146 43.2499743567573 43.0258136325412 42.5372606913249 42.4886949327257 42.0895998213026 42.1178092956543 42.0449163648817 41.9686539967855 42.0633773803711 41.7971409691705 41.6781433953179 41.5839597913954 41.4031105041504 41.4565054575602 41.2965537177192 41.1688495212131 41.0907380845812 40.5561847686768 40.8428346845839 40.7023410797119 40.6319662729899 40.8935845692952 40.5161607530382
43.1431571112739 43.3524924384223 43.2667509714762 43.2154424455431 43.6341353522407 43.8391206529405 43.5978425343831 43.6116981506348 43.8675367567274 44.0709355672201 44.0723423428006 44.0004675123427 44.2554452684191 44.0429844326443 44.4323132832845 44.2946654425727 44.2991769578722 44.3414891560872 44.4675572713216 44.6239335801866 44.5344992743598 44.4965320163303 44.3921962314182 44.1434817843967 43.8316815694173 43.6299082438151 43.362666659885 43.1081080966526 42.8890885247125 42.5915631188287 41.9959896935357 41.7474850548638 42.0500954522027 42.4316469828288 42.4278875986735 41.8983629014757 41.7546376122369 41.7641175587972 41.7372754414876 41.4443776872423 41.5152441660563 41.2159991794162 41.1279686821832 40.6615280575222 40.9238291846381 40.9808500077989 40.8673568301731 40.6467556423611 40.6130695343018
43.0364252726237 43.4763170878092 43.480105082194 43.9285333421495 43.8970565795898 43.831906636556 43.5820609198676 44.087828318278 44.3267385694716 44.6168734232585 44.1800359090169 44.2407298617893 44.1685892740885 44.2780490451389 44.1565471225315 44.2137290106879 44.3894131978353 44.1255128648546 44.1243209838867 44.1253556145562 44.4394438001845 44.2983873155382 44.4634115431044 44.1461279127333 43.9510324266222 43.0490991804335 43.3159582349989 42.9525275760227 42.9264058007134 42.7942280239529 42.906757566664 42.1050215827094 42.3447704315186 42.2435790167915 41.9668973286947 42.1468872494168 42.0031539069282 41.8127632141113 42.0772556728787 41.4397296905518 41.1351884206136 40.9330554538303 41.1081328921848 41.1730942196316 41.3285032908122 41.1838455200195 40.7123998006185 40.651831097073 40.5893183814155
43.5727570851644 43.4980210198296 43.4606124030219 43.8880280388726 43.9166035122342 44.0596809387207 43.9693052503798 43.8930901421441 43.9224366082085 43.9370468987359 44.0824326409234 43.9199210272895 44.3187717861599 44.4100799560547 44.4912397596571 44.3341331481934 44.3428251478407 44.5116873847114 44.2920176188151 44.6215413411458 44.8719304402669 44.6437831454807 44.4978561401367 44.0945638020833 43.6438708835178 43.3888594309489 42.9743052588569 42.9917763604058 43.0354813469781 42.9814340803358 42.1606517367893 42.3754997253418 42.2478535970052 42.2159739600288 42.0315945943197 42.1219535403781 41.9888220893012 41.817173216078 41.5069527096219 41.3177297380235 41.4441477457682 41.131468878852 41.2530793084039 41.238243314955 40.9605335659451 40.789893468221 40.6958346896701 40.7136461469862 41.0084391699897
43.9935796525743 44.1879132588704 44.2705298529731 43.9512960645888 43.966601477729 43.9916636149089 43.8643815782335 43.8762041727702 43.9141409132216 44.403013865153 44.0527687072754 44.160225338406 44.332878112793 44.3139334784614 44.7686716715495 44.5652453104655 44.7922893100315 44.9020682440864 45.0645921495226 44.9596523708767 44.7273250155979 44.34130859375 44.5637461344401 44.3767111036513 44.080391354031 43.8241691589355 43.9664154052734 43.3908687167697 43.1603113810221 42.9368849860297 42.5362305111355 42.584879345364 42.564307530721 42.3876260121663 42.1196653578017 42.2056183285183 41.9581892225477 41.9797263675266 41.7983915540907 41.8926806979709 41.5370729234483 41.5013440450033 41.4930051167806 41.3824977874756 41.3220674726698 40.9590687221951 40.8669509887695 40.7907534705268 40.6420389811198
44.023856692844 43.888131459554 44.3355051676432 43.9029159545898 44.2955614725749 44.3032493591309 43.8358200920953 43.9208123948839 43.9573656717936 44.2519976298014 44.2229461669922 44.2034140692817 44.5614551968045 44.6516473558214 44.9634619818793 45.0575052897135 45.3397594028049 45.2789713541667 45.2576544019911 44.7345131768121 45.1109623379178 44.6395789252387 44.7238867017958 44.329034169515 43.860169728597 43.8842523362901 43.4318801032172 43.4484286838108 42.9699609544542 42.8293323516846 42.8784537845188 42.8233400980631 42.6971802181668 42.5645128885905 42.7163628472222 42.1989498138428 42.2209182315403 42.1018045213487 42.2502002716064 42.0891125996908 41.9761746724447 42.0383519066705 41.6824476453993 41.6671947903103 41.4037128024631 41.2496537102593 41.3600432078044 41.0869706471761 40.9869107140435
44.4075351291233 44.2204411824544 43.9903784857856 44.2879236009386 44.2704115973579 43.8620431688097 44.1062753465441 44.335880279541 44.6963178846571 44.5662553575304 44.6170243157281 44.6869099934896 44.4711600409614 44.7454393174913 44.821294148763 45.0195240444607 44.9648234049479 44.8654119703505 45.1369946797689 45.3833550347222 45.2090615166558 44.9814283582899 44.7728224860297 44.4373575846354 44.0854890611437 44.1209089491102 43.8620512220595 43.953005472819 43.2743127610948 43.2510560353597 42.800355275472 42.736690097385 42.6319870418972 42.8473924001058 42.7154235839844 42.5080560048421 42.5061605241564 42.5092654758029 42.4106527964274 42.3723674350315 42.4492571089003 42.2276876237657 41.8937233818902 41.946716732449 41.789578543769 41.5750921037462 41.5951705508762 41.2212344275581 40.7881384955512
44.3366813659668 44.3571781582303 44.4394069247776 44.2517789204915 44.431647406684 44.7893278333876 44.8005532158746 44.4213066101074 44.094303978814 44.4937328762478 44.8461032443576 44.7290348476834 44.7361297607422 45.0129381815592 45.1115137736003 45.7010256449381 45.4273719787598 45.2499355740017 45.460629357232 45.3332273695204 45.223690032959 44.7098570929633 44.733773973253 44.3677469889323 44.1307962205675 44.3404536777072 43.6683298746745 43.705197652181 43.6304681566026 43.1054797702365 43.0815224117703 42.9429749382867 42.7511683570014 42.6989690992567 42.6731355455187 42.7666130065918 42.8047902848985 42.5047418806288 42.5216036902534 42.5490784115262 42.5228477054172 42.3394788106283 41.9605238172743 41.7592485215929 41.5498873392741 41.5225730472141 41.4651906755235 41.0252123938666 41.2127880520291
44.8892237345378 44.6585227118598 44.6073048909505 44.3252351548937 44.3080317179362 44.1198692321777 44.3419494628906 43.9307081434462 44.6665378146701 44.6472977532281 44.7711461385091 44.7417704264323 44.860718621148 45.0290811326769 44.8010453118218 45.1669201321072 45.3856383429633 45.304758283827 45.536552005344 45.6240836249457 45.2039404975043 44.8960236443414 44.6378970675998 44.3396394517687 44.3969603644477 44.071593814426 43.7858123779297 43.5296880933974 43.5005353291829 43.270538965861 43.2224434746636 42.8939836290148 42.8124771118164 42.4433261023627 42.5779183705648 42.4550283220079 42.7860412597656 42.5197145673964 42.614985148112 42.6052761077881 42.2671190897624 42.1070976257324 42.1959730784098 42.0246955023872 41.7958503299289 41.3330444759793 41.3764887915717 41.3065266079373 41.6206787957085
44.5809309217665 44.6933415730794 44.7911114162869 44.2793744405111 44.8878406948513 44.4714690314399 44.2610961066352 44.454286787245 44.4685910542806 44.3620817396376 44.618477291531 44.6056149800619 44.8631875779894 44.6540620591905 44.7540923224555 44.9445639716254 45.2143690321181 45.3073361714681 45.2497516208225 45.2256338331434 45.2491052415636 44.8405854966905 44.6878814697266 44.3215688069661 44.363720787896 43.8645413716634 43.439456515842 43.5139808654785 43.5022862752279 43.598989698622 43.2898877461751 43.0288954840766 42.8004131317139 42.9383735656738 42.5296175214979 42.7051338619656 42.7640224032932 42.5975562201606 42.5846767425537 42.4121619330512 42.3415701124403 42.1141857571072 41.849332385593 41.9134606255425 41.874608569675 41.8082474602593 41.4078509012858 41.5661627451579 41.2434196472168
44.6048732333713 44.7587462531196 44.5975795321994 44.3559040493435 44.3619723849826 44.3746049669054 44.3873007032606 44.6227895948622 44.4209798177083 44.2276713053385 44.551464928521 44.4169616699219 44.405583275689 44.7436968485514 44.7268295288086 44.3324326409234 44.3213276333279 44.8365084330241 44.5827323065864 44.6396882798937 44.605285220676 44.6933428446452 44.6026640997993 44.4217508104112 44.0433226691352 44.1697836981879 43.5009002685547 43.6833941141764 43.659290737576 43.6507754855686 43.5956581963433 43.2167907290988 42.9757518768311 42.9829546610514 42.7419704861111 42.3903217315674 42.6188112894694 42.6978573269314 42.6880876753065 42.450377146403 42.6131606631809 42.3175754547119 42.1607265472412 41.9774199591743 41.5915599399143 41.6380630069309 41.785770840115 41.820186191135 41.861549589369
44.9350755479601 44.691231197781 44.3325881958008 44.721002790663 44.8174095153809 44.8081173366971 44.8642438252767 44.8219617207845 44.6766268412272 44.6180589463976 44.8306905958388 44.6117257012261 44.3772307501899 44.6331473456489 44.6276126437717 44.1650941636827 44.225276099311 44.5685225592719 44.1639760335286 44.0803765190972 43.9761051601834 44.3355946011013 44.4308196173774 44.2795834011502 43.9906103346083 44.225596110026 43.5956832038032 43.6814977857802 43.4513083563911 43.5347328186035 43.4685702853733 43.5093436770969 43.0497815873888 42.9994246164958 42.8042589823405 42.7710276709663 42.5892904069689 43.0085328420003 43.0694552527534 42.68615298801 42.6276760101318 42.3432528177897 42.2036158243815 42.1685087415907 42.0782326592339 41.8205468919542 41.9127156999376 41.9011518690321 41.7030974494086
