data/test_2003/bio17_avg_1994-2002.asc
NCOLS 664 
NROWS 380 
XLLCORNER 3.91666666666667 
YLLCORNER 55.3333333333333 
CELLSIZE 0.0416666666666667 
NODATA_value -9999 
[rows 286 to 307 of 380, columns 245 to 293 of 664]
110.987987518311 113.945217980279 117.653311835395 121.77363035414 124.445560031467 126.028460184733 124.274992201063 122.739851633708 124.911986456977 123.98964436849 126.626083797879 127.326513078478 129.695406172011 131.145535786947 128.890876346164 126.857257843018 121.681502448188 118.103938208686 115.259869045681 113.434850480821 110.694505903456 109.323623233371 107.951871236165 107.161265903049 105.175283643934 102.151692284478 100.082902696398 97.1910196940104 96.0392456054688 95.6299942864312 94.981861114502 93.1936615837945 93.4745585123698 93.8058009677463 92.9994091457791 92.4240180121528 91.5781555175781 90.6632427639431 90.1905038621691 90.2908884684245 89.6168301900228 88.6733186509874 86.6877161661784 85.5409702724881 84.3224830627441 81.8932317097982 81.7969703674316 81.2067828708225 81.9492992824978
108.541475507948 111.907678816054 116.519024319119 121.295168558757 122.31478161282 122.58625793457 121.052500830756 122.405286153158 122.872172885471 126.435661739773 127.715267605252 127.942843119303 127.13599395752 128.44112862481 123.877459632026 118.610938602024 117.44146516588 116.271455128988 114.384925842285 112.41171391805 110.646359761556 108.760846455892 107.201944986979 105.534915924072 103.045627593994 100.039942847358 97.4546025594075 95.4867799546983 93.9462619357639 94.0648871527778 94.0348061455621 93.7620315551758 94.5827255249023 94.4341057671441 93.4023751152886 92.7899780273438 92.5539733039008 91.1722768147786 91.0394613477919 91.2824304368761 88.9259626600477 88.196107228597 86.9971453348796 86.8737932840983 86.0463400946723 85.7836502922906 84.4644855923123 84.0147247314453 84.9788339402941
106.057412889269 108.686096191406 117.157415178087 119.627495659722 122.039224412706 121.061762068007 119.575261857775 122.414227379693 122.902792188856 124.192723168267 125.514739566379 123.954449547662 122.319132486979 119.020751953125 116.761444515652 117.05403942532 116.747689141168 115.892550574409 114.518874698215 112.969729953342 109.709053463406 109.082445356581 107.695191277398 104.79351594713 102.738442314996 101.179230160183 97.5128555297852 94.8863991631402 94.7262552049425 94.3550338745117 95.3622593349881 95.3344921535916 96.0277667575412 94.5044767591688 94.1627790662977 93.2514678107368 94.0708838568793 92.6387969122993 91.4393971761068 91.3169843885634 90.2955644395616 89.5048166910807 89.0801773071289 88.1593882242839 87.5141512552897 85.6760478549533 84.5743158128526 85.7639757792155 86.819465637207
104.107310401069 106.776350657145 114.804372151693 117.309853447808 118.896656036377 118.603488074409 119.666909111871 121.688313378228 121.887918684218 122.060660044352 120.397256215413 121.603677961561 119.315524631076 117.087392171224 116.226557837592 116.258148193359 117.127223544651 115.096977657742 113.620879703098 112.397963629829 110.965196821425 108.450108846029 106.713638305664 104.805027431912 103.534874810113 101.415601942274 100.833130730523 98.1065610249837 97.2248429192437 99.1698816087511 101.631306966146 100.521198272705 100.935999976264 99.7245207892524 99.4201189676921 97.904180738661 97.6697290208605 97.3847376505534 96.3612755669488 94.8154483371311 93.2856712341309 92.6942558288574 91.7234530978733 89.734203338623 89.1438157823351 87.4673567877875 86.3072840372721 87.6334351433648 88.2674221462674
104.101337856717 108.682874467638 111.855986701118 114.346959008111 115.410855611165 119.548357645671 122.266709221734 122.336486816406 121.891521453857 121.932044559055 118.546816507975 118.028637780084 117.830987294515 116.239795260959 117.076691521539 117.141830444336 117.018321143256 114.879490746392 113.659695519341 113.100234561496 112.731111314562 109.88403362698 108.83658557468 106.247092352973 105.056283738878 104.795007917616 104.63806576199 103.041062249078 102.59409544203 101.900118086073 101.819842020671 101.672955830892 100.865257263184 100.305506812202 99.7266549004449 99.9419987996419 99.4583095974392 98.2434366014269 96.2597791883681 94.6419419182672 93.9809879726834 92.3581852383084 92.0983556111654 91.15765592787 90.5014296637641 89.0451329549154 88.1231447855632 88.7991583082411 88.654847462972
105.927664862739 109.13266160753 111.321118248834 112.686255560981 114.592708587646 116.936900668674 122.05781979031 123.165741390652 124.442744784885 125.078403896756 121.35133488973 117.487728542752 117.751177469889 118.311585320367 118.219232347276 118.108396742079 117.096987830268 116.98803668552 116.758842468262 117.075560251872 116.611706203885 114.51958126492 112.463584052192 110.448813120524 108.838183932834 108.200575510661 106.943997701009 106.026634640164 106.181115044488 104.210717095269 103.88691245185 103.805951860216 102.986381530762 102.567531161838 101.959727817112 100.417823791504 99.422302669949 98.2582944234212 97.0619765387641 96.4300303988987 95.2564053005642 94.6778882344564 93.6695272657606 92.4858389960395 91.0139571295844 89.4645334879557 89.0663248697917 89.2171096801758 88.6476902431912
105.910595787896 107.979165818956 110.717785729302 112.461327870687 113.837918599447 115.144621955024 118.367418924967 123.860569847955 125.462187872993 124.834933810764 122.108737097846 121.923278384738 121.603434244792 122.099287245009 123.181570688883 126.063026852078 123.401991526286 121.007362789578 119.520731184218 116.130895826552 114.877456665039 113.685807122125 113.090914832221 114.546985626221 113.855698055691 114.211292690701 112.732364230686 111.751989152696 110.241183386909 109.466204749213 107.600234561496 107.542523701986 106.195671081543 105.887985229492 106.28939098782 105.481250339084 102.698877122667 99.0384466383192 99.2008421156142 97.6613676283095 95.6238017612033 95.3670887417263 94.2277692159017 93.6272502475315 92.3814120822483 91.7904828389486 89.6405830383301 88.9519695705838 88.5002886454264
108.097780015734 110.755797915988 109.968048095703 112.140500386556 113.50186835395 117.842694600423 118.845604366726 121.33286412557 127.949381934272 126.988335503472 122.756284077962 124.780931260851 124.530974070231 125.209362453885 125.713218688965 126.622940063477 123.727461920844 118.998507605659 116.208646138509 114.81492529975 114.079446580675 113.792750888401 113.946732838949 113.165825313992 112.040649837918 112.032304128011 110.916455162896 110.62018500434 110.189324696859 108.999686770969 108.229354434543 106.766574011909 105.286343892415 105.11285993788 105.273478190104 103.482851664225 101.149847666423 99.404182434082 98.7746459113227 96.7621116638184 95.7611122131348 95.3428794013129 94.0821588304308 93.0855433146159 92.5758467780219 90.8482975429959 90.9609832763672 90.5158517625597 89.3121681213379
108.257808261447 111.700389862061 112.660026550293 117.515500386556 122.962750752767 126.01075914171 127.579759809706 128.984286838108 127.209243350559 128.155961354574 124.237305959066 125.983876122369 123.984557681613 123.941023084852 121.8965933058 122.138423495822 119.634543524848 115.844376034207 113.474910312229 113.305922190348 113.402953253852 111.514432271322 111.763240814209 112.797424740262 111.881107330322 112.52309205797 110.956765068902 110.867095947266 111.265346950955 110.736599392361 110.245020972358 108.066180335151 106.352609846327 104.837256113688 104.210398779975 102.717141893175 100.793285369873 99.3820448981391 99.0540279812283 97.1081114874946 97.0244564480252 96.3950008816189 94.8460714552138 94.6788007948134 94.1959966023763 93.1949988471137 92.0989015367296 90.9613007439507 90.6694895426432
108.936332702637 112.00016784668 114.970790439182 120.189007229275 123.923548380534 125.75803926256 129.964435153537 126.950737847222 125.424336751302 122.98781882392 124.207467820909 126.250603993734 123.81335873074 124.253738827176 121.702278984918 119.034982893202 115.487764994303 112.735793643528 111.601640065511 109.861914740668 109.777760823568 110.049525366889 112.853493584527 115.855806562636 116.263539208306 112.078458150228 111.802646213108 111.273896535238 111.686754014757 112.12958017985 111.451897939046 109.443425072564 107.578552246094 107.325600941976 105.21689860026 104.020384894477 101.304985046387 100.194306691488 98.7444856431749 98.1000904507107 97.3260832892524 96.5756395128038 95.7860840691461 94.8488345675998 93.9576755099826 93.824515024821 93.1640048556858 92.1872287326389 91.3973520067003
109.672999487983 114.438034057617 115.889207628038 119.17894660102 123.294143252903 123.459473080105 121.500330183241 119.33949915568 119.166687011719 119.552249484592 122.991911146376 124.805126190186 125.88394080268 124.31964747111 120.960767957899 118.709425184462 115.130930582682 110.474031236437 107.687008327908 108.043926662869 107.704485575358 108.81434334649 112.412402682834 116.252479977078 114.908785925971 111.541130913628 113.790361616347 113.843947940403 114.442966461182 115.036452823215 114.237960391574 111.46439827813 109.684198591444 107.382125854492 104.99572414822 103.171989017063 101.649313608805 99.9854320949978 99.5380003187392 98.4226349724664 97.6052814059787 96.8820792304145 95.9845559861925 95.2920375400119 95.0539360046387 95.4727978176541 94.8783192104763 93.8858858744303 93.292961968316
108.360635969374 112.38962258233 115.211421118842 118.036632961697 121.269848293728 121.378623962402 118.50526216295 117.21529897054 116.697740766737 117.775521596273 122.990701887343 123.812263912625 124.16342247857 121.646816677517 118.293449825711 111.606250762939 107.779295603434 105.682510375977 104.475268046061 104.687734391954 106.062636057536 109.404236687554 111.69406721327 113.439893510607 111.935621473524 112.673639933268 112.711997138129 114.781129625109 115.334120432536 115.820980495877 113.964528401693 110.857844034831 107.296852111816 106.091723971897 103.919008890788 103.147649553087 103.013805389404 102.113856845432 100.927402072483 100.03975338406 98.3473769293891 98.1932110256619 97.8957926432292 96.5648748609755 96.5356449551053 96.3928553263346 96.1385112338596 94.7046254475911 93.549802992079
103.96656121148 108.550822363959 112.490399678548 114.655114491781 116.353560553657 118.65111541748 118.948407491048 116.839225769043 114.0486424764 118.521908654107 118.427738189697 120.531290266249 121.950594584147 117.949387868245 110.952306535509 106.737746344672 102.558748881022 102.561777750651 101.242540571425 101.284976111518 104.023014492459 109.172515869141 112.868619706896 112.59895239936 109.990571339925 108.38405778673 110.18349202474 111.483619689941 112.320437113444 112.844596862793 110.65453338623 108.199451022678 106.044534895155 104.280133989122 102.305915408664 101.286700778537 101.191733042399 99.890874226888 99.9125811258952 99.8462922837999 98.5658738878038 97.2751248677572 96.747563680013 96.3327958848741 96.1153093973796 96.1434690687392 96.6017799377441 95.9305089314779 94.5464244418674
102.379809485541 105.883959452311 107.859747568766 109.833803812663 110.966136932373 114.465768178304 114.784771389431 112.377582973904 112.291170756022 115.274771372477 115.735945807563 110.913057539198 108.16184785631 103.676027509901 100.658313751221 99.1828905741374 98.8860914442274 98.4540918138292 98.20867284139 98.3579525417752 102.077026367188 104.301968892415 104.43832567003 104.820490519206 104.931799146864 104.519869910346 105.961953904894 107.38276163737 106.7004737854 107.046658833822 106.749686770969 105.802541097005 103.60461892022 102.9681769477 101.486581590441 100.04008187188 99.5719795227051 98.8331934611003 98.7717882792155 98.1802410549588 96.2931056552463 95.3056716918945 95.2080137464735 94.1048668755425 94.9306504991319 96.1133363511827 96.6016680399577 95.9773898654514 93.0229865180121
100.445568508572 102.393878089057 103.424437204997 104.995994567871 107.605325486925 106.816092597114 108.527322133382 112.097045050727 109.894874996609 111.579594506158 106.354420979818 100.09604051378 97.9002672831217 97.4460945129395 96.9739439222548 95.5443170335558 94.2663790384928 93.9653617011176 94.1711565653483 95.8830761379666 99.6156349182129 99.7489450242784 99.3461769951714 100.547282324897 101.583528730604 102.716890547011 103.241012997097 103.412272135417 103.72924041748 103.502701229519 103.814615885417 103.264247894287 101.601298438178 100.675159878201 100.138794793023 99.9734785291884 98.9393136766222 98.1528260972765 97.4504831102159 96.8518138461643 94.8246180216471 93.3165520562066 93.6146558125814 91.6523000929091 91.3850462171767 91.9175919426812 92.111754099528 92.0358929104275 90.0046259562175
97.294248369005 97.8932588365343 100.439598507351 103.368590037028 105.237322489421 105.070925394694 103.078908284505 104.945956759983 103.011809455024 101.606343163384 95.2156461079915 94.9358334011502 94.1448215908474 93.8423050774468 92.4597935146756 92.086841583252 90.544320848253 89.6039865281847 89.5221256679959 94.9462068345812 97.4100778367784 98.552542368571 99.6003820631239 99.4945712619358 99.2206314934625 97.9061211480035 98.6906632317437 99.1253005133735 101.343581729465 100.841509924995 100.577529059516 100.193539937337 99.2689395480686 99.02113087972 98.3342772589789 98.7692815992567 98.8391007317437 97.3886515299479 96.5137278238932 94.281687842475 93.0908088684082 92.7901708814833 90.8742798699273 90.1569811503092 89.8444781833225 89.5796902974447 89.2118992275662 89.0574273003472 89.5276947021484
94.5995445251465 96.4694565667047 97.3124821980794 102.504197438558 105.270494672987 107.990413241916 101.032626681858 99.4932106865777 96.704722934299 94.1265453762478 91.8147184583876 90.5180553860135 90.7472271389431 88.5658158196343 88.9860581292047 86.8339924282498 85.3589053683811 85.1517643398709 85.449703640408 87.8367763095432 89.5213983323839 91.9116431342231 92.6300871107313 91.6878170437283 92.1811328464084 93.1255887349447 94.0006158616808 96.0749032762316 98.1989296807183 97.8604689704047 97.5564876132541 96.8680525885688 96.3330374823676 95.4822985331217 95.6034105088976 95.3036774529351 95.1702062818739 95.4545084635417 95.776479932997 94.0645900302463 91.1715270148383 90.8730786641439 91.2412283155653 90.0675426059299 89.3354081047906 89.2408027648926 89.6698256598578 90.0370390150282 90.4164780510797
93.5234900580512 95.2101105584039 96.0942611694336 101.443346235487 104.369137658013 102.58665339152 98.0913492838542 98.2122429741754 93.2557343377007 91.9946551852756 90.3522805107964 88.4163059658474 87.9794303046332 86.7011358473036 85.1291397942437 83.3867607116699 81.9780875311957 79.9024937947591 80.3675782945421 81.8297882080078 83.742118411594 87.7459615071615 90.6822276645237 90.2019081115723 89.880125257704 89.7050777011447 90.8206253051758 92.7638473510742 94.0057182312012 93.7598660786947 93.1135249667697 92.2522125244141 91.2639283074273 89.8127411736382 89.4796731736925 88.2766774495443 87.5296262105306 88.2243465847439 89.2712889777289 90.2475420633952 89.7667626274957 89.1122894287109 90.3450872633192 90.255366007487 89.9938676622179 90.5419409010145 91.3230128818088 91.1454349093967 91.6240713331434
93.4991900126139 94.2721125284831 94.2851117451986 96.0203819274902 95.9572546217177 97.183524661594 96.1754286024306 92.9438663058811 91.9839859008789 90.2182180616591 89.1326217651367 88.2371758355035 86.7226333618164 84.7416636149089 82.5303671095106 80.8201026916504 79.3253262837728 76.3761855231391 76.1988703409831 76.8082118564182 83.0134188334147 85.4706052144368 86.0744183858236 87.6085662841797 88.1556498209635 88.0972086588542 87.8411064147949 88.9534259372287 89.4397828843858 89.1198721991645 89.0092947218153 88.794487423367 86.8451449076335 85.4284358554416 83.6165542602539 84.5969157748752 84.5687544080946 85.7750545077854 86.2140261332194 87.5618968539768 87.9126086764865 89.5211618211534 89.6453526814779 90.2014978196886 90.3427488538954 90.9446419609918 91.5233654446072 92.1338111029731 91.4278182983398
93.4940931532118 94.1353891160753 96.0610173543294 100.403547498915 105.094508277045 101.583525763618 94.379340701633 90.8796399434408 90.0500178866916 89.3031450907389 87.7408070034451 86.7784372965495 85.9609993828668 83.8617032368978 81.8851212395562 79.7850032382541 78.8211809794108 75.0965338812934 74.0089950561523 76.9578704833984 80.1270353529188 83.2260653177897 82.9402016533746 83.5237308078342 83.3214174906413 83.7391607496474 84.7532174852159 84.8193753560384 85.8013750712077 86.424932691786 86.3297297159831 86.0059649149577 83.6763945685493 81.3595809936523 81.1977568732368 82.2238239712185 83.6726506551107 84.1541870964898 85.3146684434679 87.0639728969998 88.5201772054036 88.8263888888889 89.9634200202094 90.1350038316515 91.5179846021864 91.7928098042806 92.457275390625 92.2941606309679 91.5011821322971
92.448368496365 94.9878005981445 100.576117197673 100.440702650282 101.652637057834 95.7904107835558 90.427175309923 89.5069389343262 89.3837407430013 87.9111582438151 87.6918199327257 86.4358033074273 85.4201880560981 83.5432612101237 82.3147909376356 81.7466858757867 78.8964890374078 76.1172871059842 75.940680609809 77.187567392985 79.5102945963542 80.0195299784342 80.5449358622233 81.5210558573405 81.1344668070475 81.1505771213108 81.8434562683105 83.6319431728787 84.1213578118218 85.5570398966471 85.3694860670302 83.7047695583767 83.0930129157172 81.2339647081163 81.467475467258 83.4733132256402 83.9605556064182 83.7609350416395 85.0717845492893 85.924264272054 86.8244535658095 88.631778717041 88.2743890550401 89.9072320726183 91.0809118482802 91.5806138780382 92.4940524631076 92.4719017876519 92.225636376275
92.3740052117242 95.8066007826063 97.641539255778 99.2521375020345 98.2582643296983 91.2249170939128 90.127747853597 89.2960764567057 88.5313131544325 88.455677456326 87.1523242526584 86.4715758429633 88.1132498847114 91.9677259657118 85.8818651835124 82.3190422058105 79.6175549825033 77.5205472310384 77.1030849880642 77.249636332194 79.4403928120931 79.308650970459 80.6042768690321 82.5550753275553 82.2421129014757 82.1029680040148 82.5343081156413 84.3475379943848 83.8387120564779 84.2218856811523 84.9348305596246 84.3345565795898 83.6036440531413 83.1226942274306 83.3825878567166 83.9012680053711 84.0546323988173 85.2947680155436 84.8836029900445 86.2710147433811 86.8059243096246 87.5512195163303 89.1383815341526 89.467948489719 89.9577564663357 91.1878590053982 92.1620110405816 92.046999613444 93.37712987264
