data/test_2003/bio13_avg_1994-2002.asc
NCOLS 664 
NROWS 380 
XLLCORNER 3.91666666666667 
YLLCORNER 55.3333333333333 
CELLSIZE 0.0416666666666667 
NODATA_value -9999 
[rows 220 to 241 of 380, columns 294 to 342 of 664]
118.916904025608 117.417554219564 111.804436577691 108.699934217665 114.463068644206 117.65424686008 114.045869615343 117.706289503309 121.308302137587 121.010584513346 118.150587293837 120.801372951931 118.27380710178 119.075500488281 119.660736083984 118.107187906901 119.870963202582 119.745228237576 120.222327338325 119.716311136882 120.892470465766 116.506553649902 118.035639444987 120.031298319499 118.655084398058 115.749411688911 113.673906962077 113.722855461968 109.643938700358 105.938242594401 104.063468933105 99.8543679979112 -9999 -9999 -9999 -9999 -9999 -9999 -9999 -9999 -9999 -9999 -9999 -9999 -9999 -9999 -9999 -9999 -9999
119.5093621148 122.27082824707 119.966396755642 116.165735880534 113.809137132433 112.396464877658 111.544216579861 111.656521267361 116.903873019748 121.471625434028 118.440171135796 114.486223856608 117.30906592475 119.935523139106 123.806786431207 126.421288384332 131.252737257216 128.951850043403 126.576165093316 121.276152716743 123.019731309679 117.779251946343 114.853398640951 114.949497646756 114.703720092773 112.382692972819 112.162907918294 109.419833713108 106.651344299316 105.50824991862 -9999 100.824691348606 99.4328570895725 -9999 -9999 -9999 -9999 -9999 -9999 -9999 -9999 -9999 -9999 -9999 -9999 -9999 -9999 -9999 -9999
117.871540493435 116.312663608127 116.469872368707 118.058894687229 118.52207438151 116.529150221083 114.23392062717 113.269173516168 110.932946946886 109.197192721897 109.064321729872 109.296830919054 108.839886983236 109.647978040907 112.851670159234 124.021227518717 132.753885057237 132.291563245985 128.913210550944 124.088710361057 118.610319349501 119.582832336426 117.874465942383 117.419480217828 113.080137464735 110.712153964572 109.428486294217 107.800308227539 105.98294321696 -9999 -9999 -9999 -9999 -9999 -9999 -9999 -9999 -9999 -9999 -9999 -9999 -9999 -9999 -9999 -9999 -9999 -9999 -9999 -9999
111.219446818034 112.472675747342 113.141582912869 116.415026346842 114.136071946886 114.037449306912 113.77564324273 113.377753363715 110.886722140842 110.802223205566 109.917301601834 109.753978305393 110.407584296332 110.33331129286 110.912062750922 117.377187093099 129.774492051866 131.599874708388 127.98102400038 122.161393059625 118.79926554362 119.510397169325 117.147811041938 114.688799540202 111.609609815809 109.201304117839 107.954461839464 106.536289638943 105.376079983181 -9999 -9999 -9999 -9999 -9999 -9999 -9999 -9999 -9999 -9999 -9999 -9999 -9999 -9999 -9999 -9999 -9999 -9999 -9999 -9999
109.31031036377 109.41473558214 112.429919772678 119.973326789008 118.990762498644 117.06926812066 114.242713080512 111.632758246528 112.095860799154 112.551659478082 111.352400885688 111.23169793023 111.255575391981 111.553872850206 111.834423489041 113.760056389703 117.598832872179 120.947946336534 121.118704054091 116.302190144857 117.616426255968 118.503735012478 113.793346828885 111.983175489638 109.185263739692 108.316479153103 106.528359307183 105.751137627496 104.517372979058 103.579271104601 -9999 -9999 -9999 -9999 -9999 -9999 -9999 -9999 -9999 -9999 -9999 -9999 -9999 -9999 -9999 -9999 -9999 -9999 -9999
106.914278666178 109.336776733398 116.958457946777 118.968772888184 117.943617078993 118.438705444336 118.218224419488 119.844649420844 118.686124165853 117.318700154622 117.479258219401 117.513092041016 117.311293707954 118.347056070964 115.272223578559 114.661600748698 114.682742648655 118.412324693468 116.081363254123 112.935603671604 111.090139600966 110.81337568495 110.735338846842 109.117051866319 108.730818006727 106.747200859918 107.583738538954 107.944685194227 105.25855339898 102.914193895128 -9999 -9999 -9999 -9999 -9999 -9999 -9999 -9999 -9999 -9999 -9999 -9999 -9999 -9999 -9999 -9999 -9999 -9999 -9999
105.455652872721 110.647576226128 112.436589558919 117.991088019477 121.078653971354 125.929841783312 127.57514529758 128.771965026855 130.906538221571 132.408965216743 125.41549343533 124.101385328505 124.791191101074 124.43642255995 130.589082505968 124.08878241645 117.936764187283 114.111200968424 112.057568868001 114.098746405707 112.972144232856 109.463511149089 107.01429409451 107.663563198513 107.516183641222 106.74809688992 106.74557156033 106.138557434082 104.244802686903 104.026084899902 102.608585781521 101.180232577854 99.6303524441189 99.4255922105577 -9999 -9999 -9999 -9999 -9999 -9999 -9999 -9999 -9999 -9999 -9999 -9999 -9999 -9999 -9999
105.927788628472 109.356009589301 108.700721740723 109.457681443956 119.859837849935 128.827189127604 133.457685682509 134.123365614149 137.102678087023 138.392892625597 138.646572536892 134.534923129612 131.705837673611 130.634301079644 129.835789150662 125.779868231879 132.572475857205 118.43335723877 110.688120524089 111.214680989583 110.39126502143 109.298322041829 107.882316589355 106.483753628201 105.8318456014 104.495624966092 103.999280293783 103.353413052029 102.922711690267 105.731313069661 105.491120232476 103.586284213596 100.418921576606 -9999 -9999 -9999 -9999 -9999 -9999 -9999 -9999 -9999 -9999 -9999 -9999 -9999 -9999 -9999 -9999
105.599322001139 107.889295789931 108.377981397841 108.221967909071 120.029755486382 125.297626919217 130.039603339301 133.27768029107 136.270742628309 138.67918226454 141.359545389811 143.216748555501 139.983620537652 138.454198201497 130.402172512478 129.966979132758 125.094045003255 118.494637383355 111.226720174154 111.30226220025 110.465845743815 108.621136983236 106.766052246094 106.529493543837 104.91830529107 104.125853644477 -9999 -9999 101.291929456923 103.671282450358 104.668932596842 102.194043477376 99.9886288113064 -9999 -9999 -9999 -9999 -9999 -9999 -9999 -9999 -9999 -9999 -9999 -9999 -9999 -9999 -9999 -9999
110.306509229872 116.791929456923 113.575096130371 108.624655829536 116.048489040799 121.758211771647 126.470103793674 132.789460923937 132.718249003092 135.174605475532 138.395896063911 137.201544019911 138.34172990587 134.813994513618 131.008944193522 124.345428466797 121.523918999566 117.238116794162 114.127446492513 111.491372850206 111.078426784939 109.684056599935 107.213052537706 105.386195712619 104.750676472982 103.963795132107 -9999 -9999 101.255020141602 101.211579216851 -9999 -9999 -9999 -9999 -9999 -9999 -9999 -9999 -9999 -9999 -9999 -9999 -9999 -9999 -9999 -9999 -9999 -9999 -9999
114.10545179579 114.857827928331 115.260283576118 114.7921778361 109.535920884874 113.253237406413 117.432924906413 120.679253472222 125.801430596246 132.118651496039 136.222267150879 137.751343621148 138.410277472602 134.350975884332 128.03960164388 124.660080803765 124.133744133843 120.831490410699 118.120597839355 111.296366373698 109.515953911675 108.555739508735 106.374634636773 105.011952718099 104.065183003743 -9999 102.127259996202 102.094473097059 101.952318827311 101.327134026421 101.321790059408 -9999 -9999 -9999 -9999 -9999 -9999 -9999 -9999 -9999 -9999 -9999 -9999 -9999 -9999 -9999 -9999 -9999 -9999
120.005453321669 120.153919643826 118.062329610189 114.732244703505 107.606300354004 110.627975463867 117.346139695909 122.510437859429 125.775136311849 130.7222527398 136.333633422852 137.312211778429 133.247694227431 130.723895602756 128.09839630127 125.386558532715 124.67670779758 118.873843722873 115.776696946886 112.624097188314 111.266591389974 109.866835700141 107.691115485297 104.786867777507 -9999 -9999 -9999 -9999 101.322698805067 100.299931844076 100.508677164714 -9999 -9999 -9999 -9999 -9999 -9999 -9999 -9999 -9999 -9999 -9999 -9999 -9999 -9999 -9999 -9999 -9999 -9999
116.697587754991 119.173723856608 119.018229166667 114.762754652235 107.139977349175 106.617258707682 115.129006279839 128.114377339681 128.6574122111 130.026557922363 130.787138197157 130.38052283393 126.083163791233 129.274643792046 127.822898864746 125.733633253309 121.873314751519 117.405052185059 114.141799079047 112.909450107151 110.740753173828 109.791255527072 108.063171386719 105.898669772678 -9999 -9999 -9999 -9999 -9999 -9999 -9999 -9999 -9999 -9999 -9999 -9999 -9999 -9999 -9999 -9999 -9999 -9999 -9999 -9999 -9999 -9999 -9999 -9999 -9999
107.843691507975 108.356833563911 106.904169718424 105.708510504829 106.76594458686 103.364267137316 108.483762953016 115.493545532227 118.706370035807 120.330978393555 126.374301486545 127.882866753472 123.822280883789 121.681251525879 120.77512105306 121.604398091634 120.277337816026 118.560639275445 114.257480197483 112.904570685493 112.072325812446 109.555530971951 107.993403964572 106.646356370714 105.699253506131 104.583010355632 -9999 -9999 -9999 -9999 -9999 -9999 -9999 -9999 -9999 -9999 -9999 -9999 -9999 -9999 -9999 -9999 -9999 -9999 -9999 -9999 -9999 -9999 -9999
102.423740810818 105.65845489502 107.160723368327 102.11383650038 99.8349160088433 99.4355078803168 101.884010314941 107.694241841634 114.110089619954 114.079544915093 114.769907633464 118.178669399685 120.757872687446 121.483167012533 119.891845703125 115.521135965983 114.772919548882 114.918190002441 113.962693108453 113.796883477105 112.079920450846 109.567931281196 108.009382459852 -9999 -9999 -9999 -9999 -9999 -9999 -9999 -9999 -9999 -9999 -9999 -9999 -9999 -9999 -9999 -9999 -9999 -9999 -9999 -9999 -9999 -9999 -9999 -9999 -9999 -9999
99.2930323282878 99.76990169949 99.9616521199544 101.558571709527 97.618655734592 97.01380666097 99.3243556552463 104.264485677083 112.408831278483 111.247047424316 111.21752166748 112.866568671332 114.528503417969 114.907018025716 119.018120659722 118.477188958062 115.761638217502 113.893842061361 113.727829827203 112.368878682454 112.062568664551 109.8827963935 109.502632988824 108.356280008952 107.005258348253 104.410397847493 -9999 103.650977240668 -9999 -9999 -9999 -9999 -9999 -9999 -9999 -9999 -9999 -9999 -9999 -9999 -9999 -9999 -9999 -9999 -9999 -9999 -9999 -9999 -9999
101.445651584201 99.536013285319 100.10373433431 97.6872143215603 96.4629609849718 98.2832327948676 98.4022394816081 99.6040725708008 104.821059332954 113.399554782444 114.268323262533 116.721530490451 117.673698425293 112.115121629503 112.005530463325 115.481239318848 113.569931030273 113.377694871691 113.05303785536 111.321205986871 110.156877305773 110.015719943576 109.437453375922 108.269207424588 107.314609103733 106.721091376411 -9999 -9999 -9999 -9999 -9999 -9999 -9999 -9999 -9999 -9999 -9999 -9999 -9999 -9999 -9999 -9999 -9999 -9999 -9999 -9999 -9999 -9999 -9999
105.462007310655 103.8656378852 103.110459221734 102.745293511285 103.537217034234 98.5914785597059 100.202604505751 100.506405300564 101.418333265516 102.291527642144 106.473732842339 107.422875298394 109.157363043891 111.425076802572 111.545349121094 112.560262891981 111.438209533691 111.600655449761 111.976015726725 110.596036275228 110.059323628743 111.259440951877 109.916809929742 107.77059173584 107.210794236925 106.147837320964 104.409116956923 -9999 -9999 -9999 -9999 -9999 -9999 -9999 -9999 -9999 -9999 -9999 -9999 -9999 -9999 -9999 -9999 -9999 -9999 -9999 -9999 -9999 -9999
108.21423763699 106.87984890408 106.690201653375 104.980507744683 105.286061604818 100.280151367188 102.338932461209 101.953564114041 101.686911688911 102.605936686198 103.551462809245 104.676363627116 107.126126607259 107.662812974718 108.915139092339 115.348269144694 114.599991692437 111.546561347114 110.575838724772 110.99058871799 110.768146938748 110.502292209201 109.539473639594 107.445382859972 106.599800957574 105.089498731825 103.043042500814 -9999 -9999 -9999 -9999 -9999 -9999 -9999 -9999 -9999 -9999 -9999 -9999 -9999 -9999 -9999 -9999 -9999 -9999 -9999 -9999 -9999 -9999
117.798101637099 117.979821946886 115.140806410048 110.350009494358 109.009273952908 106.333101060655 104.935773213704 105.269187079536 107.536472744412 115.549293518066 114.574611239963 110.139402601454 117.21568637424 116.661669413249 109.665302700467 111.652094523112 113.77855682373 112.675498962402 111.723326789008 111.685105217828 110.320365905762 109.476235283746 108.140003628201 107.172887166341 105.797242058648 -9999 -9999 101.663705613878 -9999 -9999 -9999 -9999 -9999 -9999 -9999 -9999 -9999 -9999 -9999 -9999 -9999 -9999 -9999 -9999 -9999 -9999 -9999 -9999 -9999
119.97794342041 121.298733181424 121.545480516222 119.053513420953 118.442259046766 117.703154669868 119.226112365723 119.249999152289 114.035184224447 117.655280219184 114.743338690864 112.842652214898 110.299140082465 113.184958563911 113.106289333767 112.005721198188 110.903292338053 111.866409301758 111.481556362576 109.74543677436 109.958763970269 108.53542582194 106.817713419596 106.035635206434 104.791651407878 -9999 -9999 102.069632636176 -9999 -9999 -9999 -9999 -9999 -9999 -9999 -9999 -9999 -9999 -9999 -9999 -9999 -9999 -9999 -9999 -9999 -9999 -9999 -9999 -9999
122.470275878906 121.177083333333 118.713456047906 121.62966325548 119.513716803657 120.304740905762 120.403830634223 121.540172153049 122.322183397081 118.870430840386 113.547316657172 111.23221927219 111.226240370009 111.831709120009 110.58511182997 109.808414035373 110.094345092773 111.057534111871 111.284035576714 110.539152357313 109.364925808377 108.981730143229 106.27008650038 104.998474121094 104.418944464789 -9999 -9999 -9999 -9999 -9999 -9999 -9999 -9999 -9999 -9999 -9999 -9999 -9999 -9999 -9999 -9999 -9999 -9999 -9999 -9999 -9999 -9999 -9999 -9999
