data/test_2003/bio2_avg_1994-2002.asc
NCOLS 664 
NROWS 380 
XLLCORNER 3.91666666666667 
YLLCORNER 55.3333333333333 
CELLSIZE 0.0416666666666667 
NODATA_value -9999 
[rows 44 to 65 of 380, columns 490 to 538 of 664]
9.56663078731961 9.6243323220147 9.71470016903347 9.7204016579522 9.64810297224257 9.6924712922838 9.73383924696181 9.68454085456001 9.6289086871677 9.6136097378201 9.68607457478841 9.72763633728027 9.70653163062202 9.68075985378689 9.65365505218506 9.67521667480469 9.67044512430827 9.65167374081082 9.64256880018446 9.59579700893826 9.5736920038859 9.48158698611789 9.39690907796224 9.38532511393229 9.3417411380344 9.3724905649821 9.39423921373155 9.5286553700765 9.59473790062798 9.53915373484294 9.51590315500895 9.47931893666585 9.41073513031006 9.42381752861871 9.25083001454671 9.11177264319526 9.10204855600993 9.09199110666911 9.09060022566054 9.04720942179362 8.98315164777968 8.95909436543783 8.89370388454861 8.87531280517578 8.8739218182034 8.84686417049832 8.82429748111301 8.82888783348931 8.82281155056424
9.57872210608588 9.67079035441081 9.73485819498698 9.7129266526964 9.6773280037774 9.69372961256239 9.71013090345595 9.70053259531657 9.71693399217394 9.75300216674805 9.78116077846951 9.79207632276747 9.70299201541477 9.69690778520372 9.69449000888401 9.67507235209147 9.67065461476644 9.66090361277262 9.63148604498969 9.65640131632487 9.6736503177219 9.6302325990465 9.58322249518501 9.54228729671902 9.53668530782064 9.56308301289876 9.61514769660102 9.65854570600722 9.7066101498074 9.71967464023166 9.64173942142063 9.56513690948486 9.50086816151937 9.4972661336263 9.33758566114638 9.30416043599447 9.31573475731744 9.25397608015272 9.1588839424981 9.03579160902235 8.91236591339111 8.88660706414117 8.91351487901476 8.94542259640164 8.91366386413574 8.89990499284532 8.87332195705838 8.90591483645969 8.9105077319675
9.57190386454264 9.64632564120823 9.70341396331787 9.7185025744968 9.66992420620388 9.69967948065864 9.7391013039483 9.76518938276503 9.78894456227621 9.82903332180447 9.82252746158176 9.76576201121012 9.72532929314507 9.65723027123345 9.66779740651449 9.68369844224718 9.71126619974772 9.70583375295003 9.66740120781792 9.65496857961019 9.64853604634603 9.66810321807861 9.67175992329915 9.66583940717909 9.64225154452854 9.63433053758409 9.67107635074192 9.71548864576552 9.71856742435032 9.72698020935059 9.6847259733412 9.63180467817518 9.5842170715332 9.45296287536621 9.35061804453532 9.33118237389458 9.32774702707926 9.23331133524577 9.20220915476481 9.15844037797716 9.07233810424805 8.96590243445502 8.94846704271105 8.93803204430474 8.9635960261027 8.95149400499132 8.94556183285183 8.95913219451904 8.89336935679118
9.66984261406792 9.73760509490967 9.787034034729 9.82979573143853 9.79655806223551 9.80432012346056 9.83408249749078 9.83851114908854 9.84827348921034 9.86703565385607 9.85717540317112 9.80502605438232 9.76820998721653 9.73106087578667 9.70357820722792 9.64376227060954 9.63061290317112 9.64113023546007 9.66898112826877 9.67216512891981 9.69901561737061 9.7421997918023 9.7505210240682 9.77964729732937 9.76477336883545 9.76123248206245 9.74735874599881 9.73515097300212 9.70294358995226 9.69673633575439 9.70219559139676 9.65198845333523 9.62378088633219 9.52190642886692 9.4175926844279 9.4065055847168 9.35408475663927 9.27733092837864 9.19724358452691 9.15848922729492 9.06240177154541 9.0463146633572 8.99489360385471 8.94713973999023 8.95438607533773 8.9319650861952 8.93035009172228 8.94987371232775 8.89406416151259
9.80778206719292 9.82921769883898 9.8363201353285 9.87608973185221 9.90885861714681 9.90129460228814 9.90173064337836 9.84083355797662 9.83226913876004 9.89770518408881 9.90115631951226 9.80129051208496 9.76509062449137 9.71089119381375 9.66435888078478 9.61682595147027 9.59429327646891 9.61742687225342 9.66022745768229 9.69369464450412 9.73749542236328 9.80496247609456 9.83861584133572 9.85378879970974 9.8319616317749 9.8234683142768 9.81697389814589 9.82114675309923 9.77665286593967 9.76082611083984 9.71166547139486 9.67183886633979 9.61134476131863 9.59551747639974 9.45856772528754 9.37916215260824 9.36042266421848 9.31601693895128 9.28694407145182 9.2458717558119 9.16279898749458 9.03805976443821 8.98865381876628 8.98724757300483 8.97917524973551 8.96710268656413 8.89680502149794 8.89794826507568 8.82175837622749
9.82038741641574 9.84883064693875 9.88860660129123 9.91871632470025 9.90415954589844 9.87260267469618 9.89637883504232 9.90948846605089 9.91593148973253 9.93204074435764 9.89413748847114 9.82522137959798 9.75530497233073 9.66472223069933 9.6508060031467 9.67555586496989 9.68030664655897 9.67005676693386 9.68780761294895 9.73255761464437 9.77730814615885 9.82572502560086 9.84771018558078 9.84459665086534 9.85114998287625 9.86036968231201 9.83492289649116 9.79780949486626 9.80436261494954 9.79491562313504 9.74146895938449 9.69902208116319 9.66124163733588 9.60746171739366 9.48687595791287 9.39348538716634 9.34576066335042 9.3620359632704 9.35864490932888 9.29192076789008 9.17852931552463 9.10680484771729 9.05674701266819 9.01068952348497 9.01096481747097 8.97890716128879 8.89059321085612 8.79368962181939 8.7937863667806
9.75632656945123 9.82110977172852 9.88155979580349 9.87934366861979 9.8697935740153 9.8905766805013 9.91369353400336 9.92247655656603 9.93492677476671 9.95670996771918 9.86711841159397 9.8434854083591 9.77918603685167 9.75855265723334 9.77758630116781 9.80762004852295 9.83765347798665 9.8636867735121 9.8683869043986 9.84742069244385 9.79912079705132 9.76482084062364 9.76647122701009 9.70973820156521 9.70767158932156 9.73793813917372 9.79120540618896 9.8198053571913 9.81407239702013 9.81167210472955 9.81293922000461 9.78287241193983 9.70847267574734 9.67207251654731 9.5685174730089 9.50247520870633 9.47109868791368 9.40505536397298 9.31534555223253 9.26263618469238 9.17325973510742 9.06088341606988 9.13484054141574 9.11479727427165 9.04542075263129 9.00271119011773 8.89504803551568 8.84509732988146 8.92114702860514
9.76159879896376 9.81705602010091 9.82317998674181 9.81796974605984 9.81709395514594 9.86321767171224 9.88000848558214 9.92713228861491 9.9722556008233 9.93104627397325 9.87143283420139 9.81174967024061 9.78506681654188 9.79605017768012 9.81169997321235 9.84368356068929 9.88300026787652 9.88765017191569 9.84396680196126 9.82395055558946 9.84660053253174 9.81691710154215 9.73589907752143 9.71987968020969 9.73685995737712 9.77250713772244 9.79782072703044 9.80713409847683 9.83778148227268 9.83542855580648 9.80207528008355 9.76572269863552 9.72036997477213 9.68834993574354 9.61415916019016 9.49146450890435 9.469436539544 9.41140821244982 9.3870464960734 9.35168499416775 9.28999000125461 9.20396200815837 9.12260044945611 9.11857212914361 9.08187728457981 9.09851582845052 9.03450298309326 8.96483898162842 8.89784145355225
9.80720445844862 9.81766838497586 9.81346586015489 9.80626371171739 9.80972798665365 9.84219190809462 9.87832281324599 9.91712029774984 9.94391801622179 9.90704886118571 9.86641417609321 9.84301376342773 9.84728060828315 9.84854729970296 9.87814723120795 9.92341380649143 9.9313473171658 9.77161365085178 9.67621358235677 9.75948047637939 9.82241333855523 9.82934676276313 9.80966016981337 9.82335397932265 9.83871512942844 9.85774241553413 9.86010297139486 9.86012988620334 9.84415774875217 9.82585165235731 9.7982120513916 9.78223949008518 9.78193336062961 9.72196038564046 9.59780089060465 9.55445427364773 9.47810745239258 9.41776053110758 9.42374727461073 9.40606710645888 9.33672089046902 9.23570717705621 9.14569399091932 9.17668024698893 9.15800031026204 9.10332001580132 9.07729159461127 9.00758033328586 8.97286944919162
9.76047685411241 9.7459479437934 9.76675224304199 9.77489036983914 9.80036205715603 9.81016614702013 9.84863779279921 9.89377562204997 9.9165800942315 9.89671813117133 9.88106197781033 9.87061161465115 9.85816129048665 9.90271155039469 9.9409278233846 9.96681096818712 9.94269392225477 9.84457694159614 9.73012680477566 9.80134307013618 9.88222652011448 9.90877585940891 9.91542116800944 9.90582911173503 9.90623664855957 9.91197734408908 9.92838509877523 9.92779233720568 9.91986666785346 9.87427478366428 9.8456818262736 9.82008997599284 9.75616380903456 9.64490466647678 9.60544289482964 9.57611083984375 9.45944531758626 9.44778018527561 9.46078173319499 9.44111633300781 9.35011778937446 9.27278561062283 9.18345377180311 9.16945521036784 9.17912313673231 9.16012446085612 9.13774596320258 9.10965495639377 9.06356355879042
9.74708271026611 9.73756080203586 9.7667056189643 9.78351762559679 9.80032931433784 9.80980724758572 9.84428575303819 9.88209756215413 9.86857583787706 9.84305413564046 9.84204260508219 9.86354266272651 9.90070915222168 9.90754180484348 9.93270799848768 9.90254094865587 9.88704077402751 9.90187380048964 9.89770677354601 9.92253960503472 9.94603898790148 9.96853892008463 9.97184944152832 9.97963693406847 9.97842502593994 9.95454629262288 9.9273337258233 9.91712199317084 9.89457649654812 9.86536418067084 9.85648568471273 9.79793983035617 9.72072781456841 9.65718216366238 9.63308419121636 9.60343392690023 9.56444994608561 9.52146625518799 9.49081569247776 9.4354985555013 9.41218121846517 9.37019771999783 9.32254717085097 9.28789658016629 9.21791246202257 9.17459519704183 9.13653426700168 9.13439644707574 9.08659140268962
9.75502151913113 9.75250678592258 9.76099215613471 9.79147741529677 9.79729652404785 9.81611516740587 9.85793378618028 9.84141953786214 9.80490472581651 9.79105684492323 9.81702433692084 9.8531404071384 9.87525653839111 9.88903914557563 9.88148890601264 9.87727133433024 9.89972082773844 9.95950359768338 9.98128668467204 9.97006914350722 9.93318557739258 9.94330162472195 9.90261024898953 9.87977854410807 9.87527974446615 9.87344826592339 9.8556162516276 9.8344513575236 9.8169527053833 9.7944540447659 9.77395555708143 9.75479030609131 9.7146250406901 9.69112650553385 9.64072608947754 9.59109041425917 9.55412144131131 9.49848545922173 9.45484998491075 9.35988087124295 9.29957845475939 9.28894307878282 9.25597360399034 9.24233828650581 9.2023688422309 9.15639962090386 9.15632269117567 9.15980434417725 9.12995232476128
9.71496052212185 9.71311993069119 9.72961224450005 9.73210451338026 9.73593012491862 9.77108923594157 9.80558183458116 9.74807442559136 9.73923375871446 9.75539271036784 9.8126720852322 9.84040472242567 9.82713709937202 9.80720350477431 9.84360228644477 9.9036685095893 9.93940099080404 9.95313379499647 9.93753316667345 9.91626569959852 9.8849983215332 9.86073101891412 9.85003821055094 9.86725309160021 9.86446825663249 9.83834987216526 9.81056531270345 9.8104469511244 9.80066193474664 9.77954355875651 9.75042544470893 9.73230690426297 9.68052228291829 9.6104040145874 9.4873677359687 9.451080110338 9.43045934041341 9.38383812374539 9.35388395521376 9.29926321241591 9.29197565714518 9.24368815951877 9.18440002865261 9.16377957661947 9.14949152204725 9.18120458390978 9.17777760823568 9.16254573398166 9.08831320868598
9.65923266940647 9.66906558142768 9.65189880794949 9.66073142157661 9.66689756181505 9.67439704471164 9.70756318834093 9.73872958289252 9.75489574008518 9.79106203715006 9.8373195860121 9.88766882154677 9.89401806725396 9.88603379991319 9.87671640184191 9.8670654296875 9.89241462283664 9.90409713321262 9.92911296420627 9.88746176825629 9.7404776679145 9.79982704586453 9.87246587541368 9.88606124454074 9.85399002499051 9.76825205485026 9.74451361762153 9.81844276852078 9.84437126583523 9.81096680959066 9.71189562479655 9.54782401190864 9.49175273047553 9.50001451704237 9.42467615339491 9.41840320163303 9.43446371290419 9.35519070095486 9.36725150214301 9.39931201934814 9.39970588684082 9.31209998660617 9.23349380493164 9.19288720024957 9.23194789886475 9.25167518191867 9.20323265923394 9.10095363193088 9.01834127638075
9.58591736687554 9.61143440670437 9.62961716122097 9.60913403828939 9.63431708017985 9.6518333223131 9.65734990437826 9.70486662122938 9.72938346862793 9.76490010155572 9.8258228302002 9.8548182381524 9.85314729478624 9.88880920410156 9.90380499098036 9.8541341357761 9.87612946828206 9.90845860375298 9.93345387776693 9.85044935014513 9.73644521501329 9.83510737948948 9.8824126985338 9.88369517856174 9.79331048329671 9.72992621527778 9.78754170735677 9.85715749528673 9.83377287122938 9.77372211880154 9.67900413937039 9.60028627183702 9.55656878153483 9.55551793840196 9.53916729821099 9.44518417782254 9.39786762661404 9.40921783447266 9.32956780327691 9.37491777208116 9.42026837666829 9.36295159657796 9.2286352581448 9.20531876881917 9.20500183105469 9.18035210503472 9.12921036614312 9.13891050550673 9.13794390360514
9.63934750027127 9.62689092424181 9.62843481699626 9.61131159464518 9.63252184126112 9.66706540849474 9.66494210561117 9.68281915452745 9.70302952660455 9.73157321082221 9.78018093109131 9.81385294596354 9.86552482181125 9.88486332363552 9.87620162963867 9.8328734503852 9.86387877994114 9.89621745215522 9.91055594550239 9.80456097920736 9.79756609598796 9.84923797183567 9.88087887234158 9.86982123057047 9.75576390160455 9.74837250179715 9.79131560855442 9.81059159172906 9.79453394148085 9.74547608693441 9.65841886732313 9.59936120775011 9.59497038523356 9.53124618530273 9.48617447747124 9.43475606706407 9.39067035251194 9.38558525509304 9.41783322228326 9.38808080885145 9.28699535793728 9.22991010877821 9.23382472991943 9.22307268778483 9.19632053375244 9.19423474205865 9.20471117231581 9.23008346557617 9.17912175920275
9.66877725389269 9.66001489427355 9.64558537801107 9.61982282002767 9.62939347161187 9.6729637781779 9.69786824120416 9.71343877580431 9.73734230465359 9.74624644385444 9.77253913879395 9.8102208243476 9.82890203264025 9.85325039757623 9.83259858025445 9.81761370764838 9.81929482354058 9.87231000264486 9.90032471550835 9.85433991750081 9.8310210969713 9.86503579881456 9.88234488169352 9.83461369408501 9.74988322787815 9.74181938171387 9.77708880106608 9.77735847897 9.75996091630724 9.72689734564887 9.65449979570177 9.62410259246826 9.56737211015489 9.511641714308 9.51684888203939 9.49666108025445 9.42947355906169 9.31328572167291 9.20343155331082 9.2519105275472 9.3007230758667 9.30586878458659 9.30334748162164 9.25515980190701 9.17497232225206 9.15345117780897 9.16454580095079 9.13092284732395 9.03896681467692
9.68420781029595 9.69980547163222 9.65606996748182 9.61966726515028 9.65526474846734 9.72219604916043 9.73746003044976 9.7383910285102 9.78232192993164 9.80558660295275 9.78456444210476 9.76825512780083 9.77027977837457 9.77330377366808 9.80399513244629 9.81868659125434 9.81904411315918 9.85106892055935 9.8674267662896 9.86711777581109 9.88780911763509 9.90350034501818 9.89447731441922 9.82140689425998 9.77766990661621 9.72859965430366 9.72686258951823 9.74179193708632 9.74705515967475 9.73198488023546 9.71258110470242 9.66617732577854 9.60210715399848 9.58603689405653 9.50085629357232 9.53289985656738 9.42427645789252 9.42631997002496 9.40003045399984 9.30607382456462 9.36778354644775 9.37349372439914 9.31587017907037 9.20791403452555 9.17929077148438 9.14933405982124 9.12471336788601 9.03076246049669 9.02581151326497
9.70697116851807 9.73026275634766 9.68488714430067 9.69151178995768 9.73380290137397 9.77676094902886 9.78971905178494 9.77501042683919 9.78263515896267 9.81259282430013 9.80092228783501 9.76062319013807 9.73632399241129 9.72135808732775 9.75805886586507 9.8070928785536 9.82679356469048 9.83116128709581 9.8515289094713 9.80022949642605 9.81826347774929 9.83329794141981 9.82260979546441 9.80486615498861 9.80345609452989 9.77837975819906 9.74530273013645 9.72389263576931 9.72748226589627 9.73173925611708 9.70732879638672 9.6742525100708 9.59950881534153 9.53409841325548 9.55853101942274 9.57580545213487 9.51774660746256 9.46802096896701 9.427962091234 9.32690334320068 9.31151082780626 9.34845235612657 9.33005968729655 9.30000156826443 9.19560919867622 9.10488361782498 9.06454785664876 9.0659351348877 9.03065596686469
9.70740159352621 9.72538630167643 9.74303828345405 9.75702296362983 9.78167470296224 9.7839928732978 9.77564430236816 9.77529631720649 9.78594811757406 9.80559942457411 9.79794703589545 9.75732421875 9.72903463575575 9.73107835981581 9.76378875308567 9.76683266957601 9.76554298400879 9.77492014567057 9.78763061099582 9.75334125094944 9.74871847364638 9.82009527418349 9.81740898556179 9.80332597096761 9.81057622697618 9.79649300045437 9.77140945858426 9.75266000959608 9.70324346754286 9.6734930674235 9.68274370829264 9.66499339209663 9.6369104385376 9.593827035692 9.57720491621229 9.58737733629015 9.53354941474067 9.4450552198622 9.37289428710938 9.3750663333469 9.39790545569526 9.36474439832899 9.30658319261339 9.26042196485731 9.20192792680528 9.12076663970947 9.04171551598443 9.0407747692532 9.02983421749539
9.67616515689426 9.69784355163574 9.71118874020047 9.71820089552138 9.73054599761963 9.73989137013753 9.7585703531901 9.7672487894694 9.79359404246012 9.78960588243273 9.77430555555556 9.76569228702121 9.76341236962212 9.7714655134413 9.80818589528402 9.81257226732042 9.80229261186388 9.79167948828803 9.7417328092787 9.6877867380778 9.72283999125163 9.77755981021457 9.76087517208523 9.74645201365153 9.77736218770345 9.79293929206001 9.79118336571587 9.78076002332899 9.74300416310628 9.71591398451063 9.66715791490343 9.64940155877007 9.6503119998508 9.628555615743 9.61621252695719 9.60594918992784 9.58201917012533 9.51075617472331 9.49115922715929 9.44022930992974 9.37363285488552 9.36603599124485 9.31677267286513 9.21884250640869 9.12424617343479 9.08398267957899 9.09588347540961 9.09828101264106 9.09734524620904
9.60459529028999 9.65263356102837 9.66833972930908 9.68404536777073 9.69275114271376 9.71412319607205 9.71116246117486 9.71920151180691 9.74357350667318 9.76627911461724 9.75399674309624 9.75072648790148 9.76412317487929 9.79285261366102 9.81991587744819 9.84364573160807 9.84337552388509 9.78077178531223 9.71516831715902 9.69989808400472 9.72162787119547 9.73369079165989 9.72034104665121 9.71757857004801 9.71648216247559 9.73205269707574 9.73362350463867 9.73452726999919 9.74109798007541 9.72966872321235 9.68790594736735 9.64747609032525 9.6000468995836 9.5766175587972 9.5835534201728 9.58018769158257 9.55415534973145 9.52612347073025 9.51909160614014 9.47105916341146 9.41969341701931 9.36166127522787 9.33662880791558 9.27093007829454 9.20889769660102 9.16653209262424 9.14705096350776 9.12112024095323 9.05585628085666
