data/test_2003/bio2_avg_1994-2002.asc
NCOLS 664 
NROWS 380 
XLLCORNER 3.91666666666667 
YLLCORNER 55.3333333333333 
CELLSIZE 0.0416666666666667 
NODATA_value -9999 
[rows 88 to 109 of 380, columns 539 to 587 of 664]
9.02479479047987 9.04772535959879 9.05632209777832 9.02325227525499 9.00618224673801 8.92077922821045 8.84237639109294 8.85130627950033 8.87956979539659 8.88281536102295 8.88704289330376 8.90627076890734 8.94749885135227 8.9693930943807 8.97195434570312 8.91284889645047 8.7904101477729 8.75997098286947 8.78119881947835 8.78742673661974 8.78032143910726 8.77401362525092 8.75883791181776 8.77799574534098 8.79315312703451 8.76131110721164 8.75046857198079 8.80895932515462 8.89611721038818 8.96460808648003 8.92676607767741 8.9445899327596 8.90308094024658 8.95245138804118 8.95003424750434 8.93394978841146 8.95886611938477 8.95711570315891 8.89603180355496 8.84728124406603 8.90153068966336 8.97711372375488 8.99236329396566 8.98361237843831 9.00986215803358 9.01250182257758 9.04653241899278 9.00623014238146 8.99859386020237
9.01573700375027 9.05660099453396 9.06979921129015 9.05066384209527 8.99752850002713 8.93439314100477 8.88225777943929 8.88178910149468 8.85865381028917 8.88153001997206 8.92008527119954 8.93230745527479 8.94119622972276 8.92741807301839 8.92430686950684 8.89752864837646 8.82708390553792 8.79863961537679 8.81219471825494 8.82275040944417 8.76363902621799 8.76267857021756 8.79986900753445 8.76405970255534 8.7985831366645 8.83643976847331 8.80929703182644 8.7888207965427 8.83601146274143 8.88353485531277 8.95172574785021 8.97158241271973 8.95477294921875 8.96182876163059 8.97941652933756 8.99167113833957 8.99592590332031 8.96951368119982 8.9247686598036 8.89835664961073 8.91494433085124 8.95553249782986 9.0024536980523 9.02204153272841 9.01996305253771 8.99794006347656 8.98163996802436 8.97333992852105 8.93837282392714
9.07301161024306 9.10481082068549 9.12627622816298 9.12574238247342 9.07520792219374 8.98800701565213 8.93713908725315 8.93127155303955 8.92040390438504 8.88591162363688 8.86779424879286 8.87134414248996 8.86822689904107 8.89210987091064 8.87732601165771 8.8525423473782 8.82309171888563 8.78897444407145 8.79885768890381 8.78307374318441 8.75195672776964 8.79400973849826 8.82556660970052 8.79678916931152 8.8656792110867 8.88623555501302 8.89512570699056 8.89001560211182 8.92657174004449 8.97312842475043 8.98668501112196 8.95757505628798 8.95713127983941 8.96820608774821 8.96446598900689 8.90105893876818 8.82531876034207 8.8455786175198 8.89983855353461 8.90476491716173 8.89269097646078 8.91995112101237 8.94921080271403 8.95147016313341 8.92839686075846 8.91704485151503 8.84174738989936 8.81111600663927 8.78981886969672
9.04862011803521 9.09368705749512 9.14508703019884 9.17415375179715 9.15188746982151 9.07895395490858 8.98802089691162 8.97442118326823 8.97682073381212 8.90262582567003 8.79650327894423 8.77604675292969 8.86625724368625 8.91446781158447 8.86701160007053 8.83288849724664 8.76376586490207 8.67030991448296 8.68051995171441 8.73339716593424 8.77860758039686 8.82667424943712 8.90059683057997 8.95851940578885 9.00910875532362 9.01936456892225 9.02428764767117 9.02221012115479 9.01413292355008 9.02272203233507 9.02997843424479 8.98923386467828 8.88482326931424 8.85325029161241 8.80618201361762 8.79378032684326 8.75504546695285 8.71697701348199 8.80690871344672 8.8965065214369 8.92510509490967 8.96970314449734 8.96663475036621 8.97289943695068 8.96983125474718 8.95414977603489 8.96685451931424 8.94222598605686 8.91226450602213
9.09056207868788 9.10589652591282 9.11889786190457 9.20289919111464 9.25123310089111 9.22890122731527 9.13790236579047 9.06523693932427 9.02790451049805 8.99000771840413 8.96954568227132 8.95408333672417 8.95295503404405 8.93149259355333 8.84436406029595 8.78190178341336 8.74077330695258 8.77131133609348 8.78684944576687 8.85472043355306 8.87159199184842 8.89467207590739 8.93262757195367 9.00158288743761 9.04987176259359 9.05382749769423 9.04278299543593 9.04840469360352 9.02569368150499 9.02664883931478 9.03360451592339 9.01055992974175 8.88084856669108 8.71762816111247 8.73923110961914 8.80483478969998 8.82877159118652 8.78637504577637 8.89164511362712 8.94024827745226 8.92851850721571 8.93778853946262 8.95972527398003 8.94066196017795 8.94193236033122 8.95058748457167 8.93196169535319 8.97666952345106 9.03104347652859
9.15650378333198 9.22077242533366 9.24837472703722 9.281310611301 9.38991281721327 9.37218157450358 9.23711691962348 9.16705269283718 9.10965463850233 9.08105564117432 9.08658769395616 9.0804533428616 9.05631913079156 9.00218465593126 8.9203831354777 8.80358219146729 8.73278098636203 8.77331309848362 8.84751192728678 8.922043800354 8.95757643381754 8.95700316958957 8.98399151696099 8.99464639027913 9.02430142296685 9.02562289767795 9.01594469282362 9.03726630740696 9.0375878016154 9.0435758166843 9.03456412421333 8.96788586510552 8.89720704820421 8.81733862559001 8.8496142493354 8.938889503479 9.00549814436171 9.01443990071615 8.9947149488661 8.97832340664334 8.96159882015652 8.9565405315823 8.97881592644585 8.99009089999729 8.99903286827935 9.03069178263346 9.04273573557536 9.05177921719021 9.03948942820231
9.19525549146864 9.26785564422607 9.33212248484294 9.42872333526611 9.51632351345486 9.48725721571181 9.34219063652886 9.25379106733534 9.18172444237603 9.09580612182617 9.08636951446533 9.07993316650391 9.06083011627197 9.04872671763102 8.99462329016792 8.92685349782308 8.90175035264757 8.91831376817491 8.94621011945936 8.96944024827745 9.01200379265679 9.03044001261393 9.01274903615316 8.98005803426107 8.98436737060547 8.99734263949924 9.00831847720676 9.02729415893555 9.05493630303277 9.04757891760932 9.02122094896105 8.90153015984429 8.92250601450602 8.95162645975749 8.99689314100477 9.01382615831163 9.02342542012533 9.02902475992838 8.98929108513726 8.93355761633979 8.93782382541233 9.00508944193522 9.04268932342529 9.03195550706651 9.03488847944472 9.05722109476725 9.04095448387994 9.04135407341851 9.0394205517239
9.16548347473145 9.23481284247504 9.31414148542616 9.39147006140815 9.42113187577989 9.40412733289931 9.34812302059597 9.26911809709337 9.16744677225749 9.05192693074544 8.94555865393745 8.94052335951063 8.96948835584852 8.97011990017361 8.96141793992784 8.93104966481527 8.9206813176473 8.92797915140788 8.94561078813341 8.94624254438612 8.9838744269477 9.00398180219862 8.96189986334907 8.94681792789035 8.99306922488742 9.02098645104302 9.01557074652778 9.03582191467285 9.06107340918647 9.03932423061795 8.98790899912516 8.98049354553223 8.99207793341743 9.02715852525499 9.03673479292128 9.00331136915419 8.98355452219645 8.94079780578613 8.89270708296034 8.82328340742323 8.90452649858263 8.98476982116699 9.00934590233697 8.99558872646756 8.98549895816379 8.96484173668755 8.97461774614122 9.0150605307685 9.00383641984728
9.09471204545763 9.18376933203803 9.2624929216173 9.32588386535645 9.32860734727648 9.29966449737549 9.24872154659695 9.18977875179715 9.151168929206 9.09638044569227 8.99941402011448 8.83844725290934 8.73414675394694 8.82117960188124 8.86387941572401 8.88157908121745 8.90761227077908 8.93364503648546 8.94567796919081 8.95971128675673 8.95974413553874 8.9621909459432 8.93171755472819 8.96291022830539 9.02377043830024 9.01863023969862 9.00915718078613 9.00301721360948 9.00487666659885 8.99707041846381 9.01059680514865 9.00845686594645 9.00631713867188 8.99402332305908 8.94490994347466 8.94446309407552 8.90201663970947 8.84523624844021 8.73912313249376 8.81300979190403 8.90356307559543 8.90678310394287 8.89700264400906 8.82588916354709 8.71044211917453 8.66579532623291 8.79294798109266 8.88043361239963 8.91091918945312
9.07527404361301 9.1420595380995 9.19451173146566 9.22729704115126 9.23441590203179 9.22820133633084 9.21032015482585 9.15510580274794 9.13622442881266 9.0561679204305 9.0032688776652 8.96403715345595 8.89680491553413 8.82990614573161 8.82667424943712 8.84077506595188 8.87820996178521 8.92797756195068 8.92907905578613 8.91851298014323 8.88761425018311 8.88873269822862 8.91520118713379 8.9573368496365 8.98247252570258 8.96427430046929 8.95107661353217 8.93154536353217 8.94034735361735 8.976149559021 8.99228466881646 8.99675369262695 9.02555582258436 9.02255503336588 8.9720852110121 8.97228198581272 8.96647877163357 8.91067547268338 8.8392055299547 8.85140207078722 8.86293209923638 8.83612940046522 8.84032599131266 8.80452251434326 8.73205269707574 8.67174890306261 8.67027780744765 8.69847340053982 8.85566902160645
9.04350259568956 9.09634992811415 9.122863345676 9.13437737358941 9.14589108361138 9.16473854912652 9.1685856713189 9.14409965938992 9.13128026326497 9.08095529344347 9.03612412346734 9.05529414282905 9.01413006252713 8.95096609327528 8.83546839820014 8.79763783348931 8.81114048428006 8.86930995517307 8.88547929128011 8.87764877743191 8.81848451826307 8.81060780419244 8.91168573167589 8.93176333109538 8.90317440032959 8.86825158860948 8.89199606577555 8.90274005466037 8.91815079583062 8.95556174384223 8.99063947465685 8.98205025990804 9.0034614139133 9.02308697170681 9.04526042938232 9.04943402608236 9.0612744225396 9.03278096516927 8.99262120988634 8.90746148427328 8.83730189005534 8.84347544776069 8.87798266940647 8.85248936547173 8.80699645148383 8.78636889987522 8.75527498457167 8.81651327345106 8.89941851298014
8.98473093244765 9.04697291056315 9.08121543460422 9.10145770178901 9.1373668246799 9.16360886891683 9.14485126071506 9.10875998602973 9.06900236341688 9.03740882873535 9.02764638264974 9.04988394843208 9.03945488399929 9.00069236755371 8.95359653896756 8.86416721343994 8.72973823547363 8.69130886925591 8.70921336279975 8.74278418223063 8.77535512712267 8.89781686994765 8.95650302039252 8.98118962181939 8.96087582906087 8.91089587741428 8.9025821685791 8.88193501366509 8.91328779856364 8.92964066399468 8.9176607131958 8.89968003167046 8.94136651357015 8.96861849890815 8.98810206519233 9.02725272708469 9.04473665025499 9.03455342186822 9.01270389556885 8.97718789842394 8.95000489552816 8.95748848385281 8.93030590481228 8.88945632510715 8.87160703870985 8.87098979949951 8.89893775516086 8.94721963670519 8.95683500501845
8.88795926835802 8.93492974175347 8.9759005440606 9.00853761037191 9.05250856611464 9.08247915903727 9.07011699676514 9.04842090606689 9.03772470686171 9.02619637383355 9.00250191158718 9.02514065636529 9.02477984958225 9.00308513641357 8.97772439320882 8.93902990553114 8.91533607906765 8.93097474839952 8.95594702826606 8.92725298139784 8.92655860053168 8.95602586534288 8.97665437062581 8.99661572774251 9.00691117180718 8.9935392803616 8.9565012190077 8.92846298217773 8.92375818888346 8.94505331251356 8.94168196784126 8.9379768371582 8.93060557047526 8.94448312123617 8.96927748786079 9.00240474277073 9.03519863552517 9.04199271731907 9.04012054867215 9.02558040618896 9.01370769076877 8.99316851298014 8.96162859598796 8.95442305670844 8.9502174589369 8.95094320509169 8.94160132937961 8.93925910525852 8.94625080956353
8.76118723551432 8.80855327182346 8.82625230153402 8.81328476799859 8.87331708272298 8.94501633114285 8.91471513112386 8.89008108774821 8.92444684770372 8.96865018208822 8.99802409278022 9.01206419203016 9.00010469224718 8.95214494069417 8.8751859664917 8.84089300367567 8.8639333513048 8.90397421518962 8.90368101331923 8.86005465189616 8.81976222991943 8.85523425208198 8.905471695794 8.96437570783827 8.98894627888997 8.95551670922173 8.91208765241835 8.88232474856907 8.85356193118625 8.86079915364583 8.89803632100423 8.92494053310818 8.95784462822808 8.94768153296577 8.9274525112576 8.94789017571343 8.96332772572835 8.99009821150038 9.00486935509576 8.9553066889445 8.8640775680542 8.7905150519477 8.78795263502333 8.8797230190701 8.92116048600939 8.92056359185113 8.88859844207764 8.92996576097276 8.97400050693088
8.61674928665161 8.6801766289605 8.74327076805962 8.80569828881158 8.79845905303955 8.8308867348565 8.84864732954237 8.86540826161703 8.91383573744032 8.91710387335883 8.88454596201579 8.89032109578451 8.89009666442871 8.861205206977 8.81031386057536 8.81242243448893 8.84519778357612 8.85797331068251 8.81341520945231 8.77619001600477 8.81396579742432 8.78844335344103 8.85862265692817 8.911468717787 8.9799813164605 8.93982738918728 8.89067353142632 8.90818627675374 8.88769880930583 8.90354527367486 8.98139105902778 8.9765706592136 8.98108334011502 8.91188038720025 8.84296088748508 8.82304202185737 8.85345639122857 8.86953735351562 8.89695167541504 8.88903299967448 8.79344696468777 8.88086138831245 8.93360911475288 8.92935678693983 8.91143777635362 8.86451721191406 8.9285945892334 8.99200503031413 8.99374972449409
8.51831086476644 8.61113346947564 8.68728934393989 8.70111158159044 8.70260111490885 8.76509051852756 8.8635794321696 8.91373517778185 8.90889135996501 8.81122430165609 8.74140124850803 8.7942443423801 8.85508812798394 8.87459807925754 8.87144173516167 8.86228519015842 8.85512871212429 8.81897226969401 8.7888159222073 8.82799212137858 8.89583566453722 8.9326516257392 8.95643986596001 8.97622818417019 8.98635005950928 8.9351380666097 8.86925951639811 8.92071459028456 8.95250256856283 8.96862432691786 9.01607873704698 9.01353369818793 8.97998852199978 8.95007854037815 8.89913622538249 8.82852745056152 8.78425206078423 8.86730988820394 8.92770099639893 8.95709196726481 8.97381655375163 9.00287448035346 8.99226570129395 8.94798999362522 8.92271508110894 8.95313739776611 8.98692448933919 9.0030451880561 8.96949916415744
8.39553912480672 8.51542409261068 8.65064112345378 8.68119186825222 8.72740978664822 8.75229401058621 8.80551179250081 8.8670621448093 8.87161329057482 8.83567757076687 8.80425612131754 8.82083468967014 8.83274629380968 8.85832458072239 8.81690322028266 8.820481300354 8.84939299689399 8.829971631368 8.76921621958415 8.78279495239258 8.87937312655979 8.94352753957113 8.9705909093221 8.93432108561198 8.86271837022569 8.84344832102458 8.88351228502062 8.94190968407525 8.959639761183 8.99470361073812 8.98210016886393 8.9668304655287 8.93489456176758 8.88661024305556 8.81597815619575 8.80834600660536 8.79838063981798 8.88574886322021 8.92411708831787 8.89015165964762 8.91118621826172 8.97988785637749 8.97525564829508 8.91895696851942 8.87232536739773 8.81842464870877 8.86492167578803 8.94041866726345 8.93924893273248
8.45110098520915 8.53538025750054 8.60999282201131 8.65527237786187 8.66888491312663 8.68449751536051 8.76411024729411 8.77838961283366 8.78300211164686 8.7871315214369 8.76077842712402 8.77442476484511 8.73673809899224 8.78771781921387 8.83503087361654 8.85067696041531 8.84699079725477 8.81497044033474 8.80161677466499 8.81726339128282 8.84724341498481 8.93040317959256 8.97007507748074 8.84974744584825 8.74508677588569 8.77875879075792 8.85209814707438 8.90143712361654 8.90644296010335 8.95744885338677 8.95912128024631 8.96746042039659 8.96813286675347 8.95980834960938 8.93315304650201 8.86016464233398 8.8165094587538 8.86652109358046 8.94386598798964 8.9995444615682 9.02322260538737 9.01423411899143 8.9872456656562 8.92292382982042 8.87893539004856 8.85271157158746 8.876251856486 8.83479192521837 8.87033187018501
8.38862148920695 8.43022304111057 8.45715798272027 8.57409302393595 8.64902846018473 8.69962978363037 8.74289809332954 8.73783334096273 8.73810195922852 8.74823835160997 8.73324288262261 8.76391432020399 8.79625203874376 8.78325631883409 8.76159445444743 8.75859906938341 8.75127040015327 8.77160814073351 8.854613410102 8.90595054626465 8.91395505269369 8.92747328016493 8.94017187754313 8.83453718821208 8.67423576778836 8.59960079193115 8.67063289218479 8.78266493479411 8.84536287519667 8.86806106567383 8.86342642042372 8.9181252585517 8.94715680016412 8.92084121704102 8.85451094309489 8.78051439921061 8.83585103352865 8.94885381062826 9.02519024742974 9.06219344668918 9.0741966035631 9.05919996897379 9.04520342085097 8.98687330881754 8.9512095981174 8.91398376888699 8.86986234452989 8.77174144321018 8.73362011379666
8.40110042360094 8.43695195515951 8.50680335362752 8.58932150734795 8.61817264556885 8.60869079165989 8.6975425084432 8.75072733561198 8.74091222551134 8.71666420830621 8.7393168343438 8.78863610161675 8.79862191942003 8.75727452172173 8.73026074303521 8.73857964409722 8.73323260413276 8.7735514110989 8.86387104458279 8.93385685814751 8.9471762975057 8.92373985714383 8.88288158840603 8.81135675642225 8.74083201090495 8.65197393629286 8.61644919713338 8.60659074783325 8.67073260413276 8.77320766448975 8.81934939490424 8.84182453155518 8.86363294389513 8.85804165734185 8.79038471645779 8.78939416673448 8.86640421549479 8.9804138607449 9.01708984375 9.01076634724935 9.02977583143446 9.01511891682943 9.01679537031386 8.99013826582167 8.92348098754883 8.8565755420261 8.82808823055691 8.83926762474908 8.76944658491347
8.34624608357747 8.39668051401774 8.49211528566149 8.55988332960341 8.58631785710653 8.6054187350803 8.62152004241943 8.65362082587348 8.67272228664822 8.68442344665527 8.72039031982422 8.75335799323188 8.73832522498237 8.73729228973389 8.75092622968886 8.7462272644043 8.74752775828044 8.80016167958578 8.84212917751736 8.8864295747545 8.91372998555501 8.88833946651883 8.86059125264486 8.8235100640191 8.79042805565728 8.74934673309326 8.65459865993924 8.61418353186713 8.54743528366089 8.58568694856432 8.68360530005561 8.80585702260335 8.894775390625 8.89824263254801 8.8312586678399 8.90494134691026 8.97062397003174 9.01797347598606 9.01032267676459 9.00733884175619 8.98735502031114 9.01170476277669 8.98105388217502 8.92173671722412 8.87041939629449 8.86883385976156 8.87898031870524 8.87612703111437 8.82027329338921
8.34839179780748 8.42407608032227 8.49276076422797 8.53477795918783 8.52279557122124 8.53381337059869 8.57283099492391 8.62618192036947 8.63686635759142 8.63918240865072 8.67946444617377 8.72941313849555 8.74036174350315 8.74697727627224 8.73692565494114 8.71687465243869 8.75182310740153 8.79777145385742 8.80205366346571 8.83200189802382 8.85061762068007 8.82327270507812 8.84696769714355 8.73366260528564 8.57535775502523 8.58405282762316 8.62008147769504 8.62444326612684 8.5111379093594 8.48749939600627 8.55652772055732 8.71088949839274 8.79158443874783 8.87944316864014 8.89313242170546 8.9568215476142 8.99017768436008 8.96953328450521 9.01388867696126 9.0632447136773 9.07193406422933 9.06328996022542 8.99697907765706 8.84866841634115 8.79969088236491 8.85075887044271 8.88487264845106 8.86898591783312 8.8384329477946
