data/test_2003/bio2_avg_1994-2002.asc
NCOLS 664 
NROWS 380 
XLLCORNER 3.91666666666667 
YLLCORNER 55.3333333333333 
CELLSIZE 0.0416666666666667 
NODATA_value -9999 
[rows 352 to 373 of 380, columns 196 to 244 of 664]
-9999 -9999 -9999 -9999 -9999 -9999 -9999 -9999 -9999 -9999 -9999 -9999 -9999 -9999 6.38404072655572 6.35896295971341 6.46959532631768 -9999 -9999 -9999 6.87904236051771 7.17801973554823 7.49323813120524 7.62978956434462 7.72634114159478 7.7732261551751 7.73111089070638 7.7296626302931 7.78901296191745 7.79382843441433 7.82597743140327 7.84079281489054 7.8569417529636 7.84742408328586 7.85690625508626 7.90205489264594 7.92920382817586 7.90901936425103 7.9105020099216 7.93098428514269 7.90975676642524 7.85748598310682 7.85388220681085 7.86861107084486 7.75734043121338 7.75773647096422 7.78546587626139 7.82419512006972 7.89892435073853
-9999 -9999 -9999 -9999 -9999 -9999 -9999 -9999 -9999 -9999 -9999 5.70099221335517 6.32335890663995 6.35468949211968 6.46447224087185 6.49484104580349 6.52089998457167 6.53067482842339 6.62591160668267 6.71687820222643 6.90699232949151 7.17169957690769 7.3820735613505 7.52044725418091 7.63048781288995 7.67986186345418 7.63990211486816 7.64427614212036 7.66004149119059 7.73619805441962 7.78735462824504 7.84551122453478 7.85300127665202 7.84615792168511 7.8183143403795 7.84847116470337 7.89196104473538 7.87011750539144 7.8259408209059 7.79876438776652 7.79547044965956 7.78405968348185 7.81331523259481 7.82823753356934 7.77649376127455 7.77574904759725 7.83733812967936 7.84426079856025 7.84918329450819
-9999 -9999 -9999 -9999 -9999 -9999 -9999 -9999 -9999 -9999 -9999 -9999 -9999 6.40424315134684 6.55203702714708 6.61934439341227 6.65439902411567 6.63759501775106 6.59512450959947 6.65165408452352 6.75585015614827 6.84671285417345 6.98257573445638 7.17310513390435 7.34530120425754 7.46516386667887 7.50002675586277 7.60722287495931 7.65706984202067 7.68790080812242 7.70406505796644 7.74156279034085 7.75472720464071 7.78289175033569 7.77205573187934 7.7345536020067 7.76371818118625 7.77121559778849 7.72104655371772 7.68721087773641 7.70218425326877 7.71829970677694 7.76041523615519 7.77319786283705 7.79297987620036 7.8740955458747 7.93554459677802 7.89299339718289 7.83977556228638
-9999 -9999 -9999 -9999 -9999 -9999 -9999 -9999 -9999 -9999 -9999 -9999 -9999 -9999 6.48262601428562 6.56434790293376 6.64563428031074 6.7476528485616 6.70400439368354 6.67302274703979 6.72604089313083 6.76172600852119 6.78407775031196 6.89476267496745 7.017447842492 7.13713301552667 7.28315136167738 7.46083667543199 7.58676507737901 7.63960398568047 7.65010939704047 7.61294772889879 7.63612010743883 7.69262541664971 7.72379726833767 7.70196941163805 7.66214174694485 7.6246469285753 7.63681888580322 7.66099113888211 7.71756490071615 7.76654026243422 7.75718265109592 7.71149110794067 7.71013323465983 7.69444195429484 7.74408430523343 7.81472640567356 7.8203682369656
-9999 -9999 -9999 -9999 -9999 -9999 -9999 -9999 5.44364139768812 5.63117143842909 5.82870139016045 -9999 -9999 -9999 -9999 -9999 6.5892981423272 6.7330436706543 6.86588409211901 6.93072477976481 6.90189859602186 6.83973942862617 6.8115799691942 6.85908709632026 6.95892757839627 7.08010207282172 7.19994264178806 7.27911678949992 7.40779362784492 7.45497348573473 7.49448654386732 7.51633278528849 7.51451280381944 7.5223593182034 7.56687233183119 7.60271904203627 7.59523185094198 7.6164116859436 7.66525808970133 7.68410449557834 7.70661200417413 7.75311385260688 7.79194911321004 7.73911756939358 7.74695327546861 7.70645470089383 7.72062333424886 7.76879199345907 7.81296073065864
-9999 -9999 -9999 -9999 -9999 -9999 -9999 -9999 -9999 5.76499207814534 5.93742110994127 6.15463108486599 6.20424890518188 6.26417774624295 -9999 -9999 -9999 6.73921214209663 6.75843042797512 6.93076027764214 7.02175622516208 6.97608613967896 6.93908230463664 6.97541168000963 7.06440782546997 7.149070792728 7.25740056567722 7.34739690356784 7.41348870595296 7.42634307013618 7.41486385133531 7.44871796502007 7.44857199986776 7.4880928463406 7.52661371231079 7.51046790017022 7.51565514670478 7.61650959650675 7.66736390855577 7.71455102496677 7.72665892706977 7.75402106179131 7.66538265016344 7.65074422624376 7.74777285257975 7.72146797180176 7.62949620352851 7.69085767534044 7.76355319552951
-9999 -9999 -9999 -9999 -9999 -9999 -9999 -9999 -9999 -9999 6.06635575824314 6.21146090825399 6.330399301317 6.39467106925117 6.55405404832628 6.52215878168742 6.52603684531318 6.46748150719537 6.63057528601752 6.89119884702894 7.04382223553128 7.07244539260864 7.03973574108548 7.01002560721503 6.9786491923862 7.0782724486457 7.19656239615546 7.25218566258748 7.33898131052653 7.3726151254442 7.39724916881985 7.41921636793349 7.42818387349447 7.47648456361559 7.49911880493164 7.47375265757243 7.4540532430013 7.51468732621935 7.62432130177816 7.66028859880235 7.6783791648017 7.64725965923733 7.64714034398397 7.66468747456868 7.67190117306179 7.64444843928019 7.60599565505981 7.71354288525052 7.77442312240601
-9999 -9999 -9999 -9999 -9999 -9999 -9999 -9999 -9999 -9999 -9999 6.27161926693386 6.43227333492703 6.51210424635145 6.58893473943075 6.57609886593289 6.59120840496487 6.59526364008586 6.72398583094279 6.87070772382948 6.98376295301649 7.07648510403103 7.12820715374417 7.11059602101644 7.07298443052504 7.08837302525838 7.13009505801731 7.17215055889553 7.23993757035997 7.32012361950344 7.37564304139879 7.35782877604167 7.39734824498494 7.44453414281209 7.44105365541246 7.44223949644301 7.44809203677707 7.50194470087687 7.65046400494046 7.69864988327026 7.73877212736342 7.70183022816976 7.73522170384725 7.76094680362278 7.77467150158352 7.72639645470513 7.68378845850627 7.74017980363634 7.82823790444268
-9999 -9999 -9999 -9999 5.99169810612996 -9999 -9999 -9999 -9999 -9999 -9999 6.22448004616631 6.22246705161201 6.34287039438883 6.48759322696262 6.57164949840969 6.64875480863783 6.72657521565755 6.83172898822361 6.91788313123915 6.98370387819078 6.96119101842244 6.95501195059882 7.05649905734592 7.1259864171346 7.19080713060167 7.23229434755113 7.24644867579142 7.24522765477498 7.26563215255737 7.28970347510444 7.26477469338311 7.28351275126139 7.31291717953152 7.29232173495823 7.29872645272149 7.37346421347724 7.45253562927246 7.53760703404744 7.59501144621107 7.58349831899007 7.59173419740465 7.67797046237522 7.74187284045749 7.83077547285292 7.81334490246243 7.75791427824232 7.77581681145562 7.80371941460503
-9999 5.74191782209608 5.80537245008681 5.85667382346259 5.92910104327732 6.00471607844035 6.02722586525811 6.00361262427436 5.95622809727987 5.96217658784654 5.98312494489882 -9999 5.97960466808743 6.11013672086928 6.27891826629639 6.52453343073527 6.64296738306681 6.69922007454766 6.78713936275906 6.87805891036987 6.96031120088365 6.81223058700562 6.66181654400296 6.75540261798435 6.91532150904338 7.07790777418349 7.22982698016697 7.30007945166694 7.30551746156481 7.23747422960069 7.20976389778985 7.18872059716119 7.15101024839613 7.1109668413798 7.12425655788845 7.18587976031833 7.25616958406236 7.30245939890544 7.3497495121426 7.41337262259589 7.27689139048258 7.30297162797716 7.46005174848768 7.56546566221449 7.67287927203708 7.72462648815579 7.78570662604438 7.841453605228 7.79820108413696
5.49924569659763 5.73625877168443 5.8705219162835 5.8747853702969 5.87117041481866 5.89567772547404 5.88951863182916 5.91002575556437 5.92486646440294 5.92804013358222 5.93921438852946 5.92949967914157 5.9683403438992 6.13940302530925 6.21866056654188 6.51841767628988 6.61118025249905 6.6098649236891 6.646216445499 6.71656778123644 6.78925196329753 6.78193680445353 6.70428768793742 6.61563899781969 6.58265691333347 6.6460083855523 6.88869280285305 7.11604415045844 7.18280733956231 7.21531608369615 7.20115767584907 7.18366612328423 7.14217477374607 7.0733494758606 7.12319162156847 7.18470006518894 7.24454180399577 7.33871719572279 7.41955889595879 7.40906731287638 7.27261728710598 7.22787549760607 7.2454670270284 7.28139151467217 7.35898303985596 7.47324101130168 7.63383256064521 7.80775737762451 7.81501558091905
5.29503472646077 5.48098844952053 5.73694229125977 5.85289669036865 5.83023993174235 5.6963062816196 5.59870582156711 5.73910506566366 5.86950492858887 5.90523778067695 5.9599707921346 5.96214813656277 5.95776976479424 -9999 6.287902408176 6.43847608566284 6.53539318508572 6.57650963465373 6.60429302851359 6.61440981758965 6.65385945638021 6.67964294221666 6.70609267552694 6.71987591849433 6.64899248547024 6.61944230397542 6.70855893029107 6.76234208212958 6.97576395670573 7.13515790303548 7.12255133522881 7.09861183166504 7.12267234590318 7.11273278130425 7.06979317135281 7.056853612264 7.14058060116238 7.26964129341973 7.32903491126166 7.33709563149346 7.29367674721612 7.21611266665989 7.20488198598226 7.27498473061456 7.30275355445014 7.33885584937202 7.40295844607883 7.62006086773343 7.75949663586087
5.02207348081801 5.10138501061334 5.51102966732449 5.78834115134345 5.81897619035509 5.68960152732001 5.64689323637221 5.79385158750746 5.99314345253838 6.01576858096653 5.97239367167155 5.92106644312541 -9999 -9999 -9999 6.3605195151435 6.32044659720527 6.44948805703057 6.54170333014594 6.59225183063083 6.62846702999539 6.67234865824382 6.68823083241781 6.71377902560764 6.74432765112983 6.72754277123345 6.78675805197822 6.87230655882094 6.92138708962335 6.97133270899455 6.98527844746908 6.98589091830783 7.0478367805481 6.99211597442627 6.95339478386773 6.98734060923258 7.03195280498928 7.15156523386637 7.20017761654324 7.15645684136285 7.14340305328369 7.18535010019938 7.23963027530246 7.32957702212864 7.4225238694085 7.50480434629652 7.55775133768717 7.6616980764601 7.69897837109036
5.34444544050429 5.54011461469862 5.74311701456706 5.84145270453559 5.92204597261217 5.89989651574029 5.82874716652764 5.91259808010525 6.04578193028768 6.05063252978855 5.94923342598809 -9999 -9999 -9999 5.584441502889 -9999 6.20465246836344 6.27578565809462 6.45411337746514 6.55142720540365 6.60607443915473 6.65938817130195 6.70103539360894 6.73268270492554 6.77499628067017 6.78431007597182 6.81229061550564 6.81727128558689 6.77034383349948 6.80050791634454 6.85667233996921 6.96950356165568 7.04266760084364 6.95283222198486 6.98766326904297 7.0524943139818 6.98632499906752 7.03182299931844 7.05665365854899 7.00915156470405 7.00612942377726 7.09992074966431 7.09704515669081 7.14483642578125 7.2926279703776 7.40608570310805 7.48821020126343 7.58033482233683 7.63979286617703
5.60348431269328 5.74184433619181 5.82687075932821 5.85523091422187 5.90178224775526 5.91019158893161 5.85426780912611 5.87734402550591 5.96575387318929 6.00582991706 5.92857302559747 5.80398284064399 -9999 -9999 5.76104439629449 5.78728765911526 -9999 6.29040294223362 6.45319048563639 6.55893601311578 6.59701506296794 6.66076103846232 6.68917311562432 6.73258590698242 6.78866497675578 6.79907745785183 6.78215673234728 6.78290229373508 6.76630014843411 6.8316831058926 6.86539941363865 6.9007822672526 6.83249892128838 6.58121506373088 6.56026458740234 6.83998123804728 7.00869719187419 6.98641369077894 6.98379654354519 7.00351285934448 7.02052232954237 6.9918245739407 6.99879360198975 6.98609585232205 6.94406488206651 6.98403395546807 7.18733623292711 7.34263859854804 7.50660769144694
5.59718985027737 5.71057404412164 5.75495804680718 5.7570088174608 5.79951826731364 5.85715357462565 5.84012179904514 5.8247569931878 5.80972565544976 5.83369398117065 5.89932929144965 5.8199643029107 -9999 -9999 -9999 -9999 -9999 6.24175622728136 6.40466107262505 6.48358217875163 6.49128913879395 6.57513369454278 6.66031164593167 6.69082265430027 6.71966716978285 6.72984462314182 6.72502242194282 6.74186711841159 6.77425665325589 6.86185831493802 6.8231266869439 6.74839491314358 6.77932982974582 6.76659806569417 6.54953304926554 6.58213488260905 6.92506943808662 7.08700423770481 7.10927274492052 7.07220755683051 7.03058163324992 6.98439513312446 6.99520868725247 6.96568849351671 6.8948351542155 6.89798180262248 6.91746218999227 7.02460882398817 7.21842241287231
5.49189562267727 5.63997030258179 5.67304521136814 5.64278697967529 5.69825453228421 5.72711531321208 5.76297601064046 5.7031700346205 5.69103082021077 5.83822520573934 5.9154192076789 5.77450699276394 5.71047369639079 -9999 -9999 -9999 -9999 -9999 -9999 -9999 6.24031776852078 6.39550638198853 6.57144996854994 6.59439251157973 6.64500263002184 6.64327875773112 6.63555521435208 6.64849837621053 6.68587976031833 6.79070006476508 6.81518703036838 6.78800704744127 6.82282749811808 6.84764761394925 6.82046784294976 6.82662158542209 6.91244167751736 7.00359524620904 7.04374853769938 7.04156912697686 7.02730819914076 6.98896582921346 6.96629036797418 6.95028140809801 6.83727253807916 6.83093002107408 6.84658802880181 6.92791244718764 7.05023675494724
5.3696297539605 5.58236689037747 5.71279917822944 5.72123135460748 5.77032444212172 5.83307711283366 5.81949679056803 5.70724969440036 5.72333584891425 5.92842208014594 6.00984170701769 5.87892823749118 5.77291896608141 -9999 -9999 -9999 -9999 -9999 -9999 5.55624008178711 5.91858763164944 6.32121245066325 6.5039210319519 6.49496290418837 6.51567093531291 6.51237938139174 6.4950876765781 6.4947960641649 6.55716980828179 6.66987535688612 6.77224742041694 6.79328632354736 6.78465874989827 6.78669733471341 6.82340304056803 6.86944156222873 6.90848059124417 6.95251909891764 7.00722503662109 7.01626390881009 6.97903426488241 6.92820310592651 6.90470525953505 6.88320742713081 6.79037623935276 6.73487859302097 6.79704756206936 6.86888292100694 6.96471818288167
5.16963884565565 5.427444352044 5.58369387520684 5.65927712122599 5.70833518770006 5.80820168389214 5.88773467805651 5.94726758533054 6.02580091688368 6.07266717486911 6.0672001308865 6.00006622738308 5.90226639641656 -9999 -9999 -9999 -9999 -9999 -9999 -9999 5.80611991882324 6.2561862733629 6.39785883161757 6.41659312778049 6.43689907921685 6.42253822750515 6.3791774643792 6.35048384136624 6.40814892450968 6.5338405503167 6.73219813240899 6.83955642912123 6.9062475098504 6.89593924416436 6.84663020239936 6.81465488009983 6.83734650082058 6.90570449829102 6.96006234486898 6.99975368711683 7.01780366897583 7.00254487991333 6.95728625191583 6.90002743403117 6.8537687725491 6.83684343761868 6.85558435651991 6.88632599512736 6.89340051015218
5.06817568673028 5.3492030037774 5.503730085161 5.56525728437636 5.6266213523017 5.70782232284546 5.79735687043932 5.94222460852729 6.06809192233615 6.09095991982354 6.1258274714152 6.09577862421672 5.91291342841254 5.78893046908908 -9999 -9999 5.41513421800401 -9999 -9999 -9999 -9999 -9999 -9999 6.28596931033664 6.3953529463874 6.39975531895955 6.40815798441569 6.45122665829129 6.45781697167291 6.47359455956353 6.50370576646593 6.62048366334703 6.79092825783624 6.82470613055759 6.71215041478475 6.55926179885864 6.60137255986532 6.83715041478475 6.89092826843262 6.9677062564426 7.01828236050076 7.04765770170424 7.0430326461792 7.016074763404 6.9597831302219 6.88715849982368 6.86353349685669 6.77857557932536 6.70195039113363
5.16782357957628 5.35929489135742 5.45809963014391 5.52557076348199 5.60490761862861 5.72344308429294 5.80964544084337 5.89684777789646 5.97905000050863 6.04325246810913 6.09099435806274 6.08043951458401 6.01385911305745 5.92506149080065 5.88643047544691 5.59759108225505 5.59565835528904 -9999 -9999 -9999 -9999 5.98297744327121 6.02760118908352 6.20962598588732 6.37647400961982 6.38997279273139 6.43380477693346 6.515303823683 6.52881860733032 6.55368296305339 6.55421373579237 6.58041106330024 6.64294211069743 6.73080640368991 6.71500402026706 6.59620131386651 6.63906542460124 6.83226325776842 6.92546060350206 6.96099138259888 6.98342810736762 7.03477064768473 7.05411291122437 7.05812205208672 6.98513094584147 6.92080688476562 6.89381588829888 6.76715845531887 6.67050049040053
5.2426381111145 5.31871996985541 5.35446898142497 5.42088439729479 5.50786039564345 5.56806389490763 5.74186372756958 5.86547093921238 5.93373521169027 5.97192970911662 5.8800229496426 5.76495197084215 5.84648895263672 5.8336927096049 5.83145141601562 5.56309949027167 5.67680480745104 -9999 -9999 -9999 5.88435639275445 6.12224011951023 6.22373718685574 6.32933277553982 6.37292814254761 6.35118987825182 6.33778529696994 6.33004723654853 6.38782013787164 6.4494374593099 6.5303881433275 6.549338499705 6.46662251154582 6.51324007246229 6.59219031863742 6.6588077545166 6.74442524380154 6.78970914416843 6.74965985616048 6.74627690845066 6.81790690951877 6.87788306342231 6.92085965474447 6.97583595911662 7.00847906536526 6.99345509211222 6.96443155076769 6.8794076177809 6.79471741782294
