data/test_2003/bio2_avg_1994-2002.asc
NCOLS 664 
NROWS 380 
XLLCORNER 3.91666666666667 
YLLCORNER 55.3333333333333 
CELLSIZE 0.0416666666666667 
NODATA_value -9999 
[rows 198 to 219 of 380, columns 49 to 97 of 664]
-9999 -9999 -9999 -9999 -9999 -9999 -9999 -9999 -9999 -9999 -9999 -9999 -9999 -9999 -9999 -9999 -9999 -9999 -9999 -9999 -9999 -9999 4.0847782029046 4.32164608107673 4.55491866005792 4.77673885557387 4.72322577900357 4.4717124833001 4.55453279283312 4.47435299555461 4.42250646485223 4.36977781189813 4.44050010045369 4.68922254774306 4.75461162461175 4.82500060399373 4.54357488950094 4.37772605154249 4.31216756502787 4.30889010429382 4.57094558080037 4.52965270148383 4.36811497476366 4.48374366760254 4.55506168471442 4.63604627715217 4.72836383183797 4.80468183093601 4.91933308707343
-9999 -9999 -9999 -9999 -9999 -9999 -9999 -9999 -9999 -9999 -9999 -9999 -9999 -9999 -9999 -9999 -9999 -9999 -9999 4.10217783186171 4.26264476776123 4.48125971688165 4.55580067634583 4.56057982974582 4.47071592013041 4.60275679164463 4.72229748302036 4.83591238657633 4.79898362689548 4.85869783825344 4.93546104431152 4.74931091732449 4.33246967527601 4.33696171972487 4.29978722996182 4.44427932633294 4.39977169036865 4.39226388931274 4.57108926773071 4.71224803394741 4.6370734638638 4.62256571981642 4.63805781470405 4.70435380935669 4.78112014134725 4.84855312771267 4.83098596996731 4.8607522116767 4.98951843049791
-9999 -9999 -9999 -9999 -9999 -9999 -9999 -9999 -9999 -9999 -9999 -9999 3.63778167300754 -9999 3.51702562967936 3.56081398328145 -9999 -9999 -9999 4.20220504866706 4.41961224873861 4.62070027987162 4.69348955154419 4.61558474434747 4.49601295259264 4.51070014635722 4.70489560233222 4.53507529364692 4.80626757939657 4.64436605241564 4.96399884753757 4.59951048427158 4.53843916787042 4.64236794577705 4.54029644860162 4.47055837843153 4.58115376366509 4.71341554323832 4.77401094966465 4.85327302085029 4.8755349583096 4.92879682117038 4.99805874294705 5.04029697842068 5.02384514278836 4.98939339319865 4.94927453994751 4.93982256783379 5.03770393795437
-9999 -9999 -9999 -9999 -9999 -9999 -9999 -9999 -9999 -9999 -9999 3.90510445170932 3.95352254973518 -9999 -9999 -9999 3.77126955986023 -9999 -9999 -9999 -9999 4.6215295791626 4.61080834600661 -9999 4.6560320854187 4.52045872476366 4.67544113265143 4.4230899810791 4.57540551821391 4.60538784662883 4.73270336786906 4.9320437113444 4.91927003860474 4.73785715632969 4.76929579840766 4.94183752271864 4.95445267359416 5.05613014433119 4.96468257904053 4.86554341846042 4.77105858590868 4.77269479963515 4.79905960294935 4.83257378472222 4.87823714150323 5.01655064688789 5.04622973336114 5.12567075093587 5.27344507641262
-9999 -9999 -9999 -9999 -9999 -9999 -9999 -9999 -9999 -9999 3.94159642855326 3.89369948705037 3.97774685753716 -9999 -9999 -9999 -9999 4.38316914770338 4.47151536411709 4.17424625820584 4.02954408857557 4.12440689404805 4.12171710862054 4.48456968201531 4.45019965701633 4.57209981812371 4.74622204568651 4.83839994006687 5.04557789696587 5.1504405869378 5.18993351194594 5.12878073586358 4.99596420923869 5.05398082733154 5.05437829759386 5.11134735743205 5.06236394246419 5.0373805893792 4.66973055733575 4.65439947446187 4.75218070877923 4.78930438889398 4.94724162419637 4.9763420952691 4.67017020119561 4.73566012912326 4.94031318028768 5.19927655325996 4.84561326768663
-9999 -9999 -9999 -9999 -9999 3.8031685617235 3.79597904947069 3.78832427660624 3.8262025780148 3.96041059494019 3.97771387630039 4.05977874332004 -9999 -9999 -9999 4.04970553186205 4.30968713760376 4.23050212860107 4.35037016868591 4.39947001139323 4.26451108190748 4.29454636573792 4.48554126421611 4.58966713481479 -9999 -9999 -9999 -9999 -9999 -9999 4.73243920008342 4.68055489328172 4.99432706832886 5.07865476608276 5.1532605489095 5.11258819368151 5.10604291492038 5.11735481686062 5.12723827362061 4.84851021236843 4.67774534225464 4.99256234698825 4.92027123769124 4.81244805124071 4.70691768328349 4.82272095150418 5.08252440558539 5.1396607293023 5.38346423043145
-9999 -9999 -9999 -9999 3.82137049569024 3.88660009702047 3.96988524330987 4.08626818656921 4.13644335005018 4.12458160188463 -9999 -9999 -9999 -9999 4.12916146384345 4.01015676392449 4.3098029560513 4.00825836923387 4.08588088883294 4.31498291757372 4.37718020545112 4.61944180064731 4.84579398896959 4.82342788908217 4.88683186637031 4.87818389468723 4.97120269139608 5.10255479812622 4.94557396570842 -9999 4.88577842712402 4.74982947773404 4.85907936096191 5.0533292028639 -9999 4.77932906150818 5.28839381535848 5.11059231228299 4.7570788860321 4.83916219075521 4.67991219626533 4.80432883898417 4.76474550035265 4.88827180862427 4.84957440694173 4.90454392962986 4.76151323318481 4.9011492729187 4.99745199415419
-9999 -9999 4.16356783443027 4.18417925304837 4.04479090372721 4.02297793494331 4.246013879776 4.16453618473477 4.13981617821587 4.17462555567424 4.19550363222758 4.3905484146542 4.11111383967929 3.63711924023098 4.22105280558268 4.50822732183668 4.40743856959873 4.24753875202603 3.89119450251261 4.15986728668213 4.4328899913364 4.56930404239231 4.63160220781962 4.65693963898553 4.55364770359463 4.73833688100179 4.79635985692342 5.16156450907389 4.79317606820001 4.69019195768568 5.05774482091268 4.99188137054443 5.05438709259033 5.17059617572361 5.22661998536852 4.83634789784749 5.28118684556749 5.51934501859877 5.0370586183336 4.98336982727051 5.0849863158332 5.0519364145067 5.11921962102254 5.10309547848172 5.17656437555949 5.10970004399617 5.02083539962769 5.03963783052233 5.18310658137004
-9999 4.33606383535597 4.3258073065016 4.3316871325175 4.34779413541158 -9999 4.3156144089169 4.26344694031609 4.01316293080648 4.09778078397115 4.14373188548618 4.45350273450216 4.26587046517266 4.33558559417725 4.41287014219496 4.68950555059645 4.53843916787042 4.60072382291158 4.53567491637336 4.50233051511976 4.35602373547024 4.57205043898688 4.69941033257378 4.45724262131585 4.41113024287754 4.32249008284675 4.61151671409607 5.13976568645901 5.2246724764506 4.92026339636909 4.6272898779975 4.26504474216037 4.37152817514208 4.59867803255717 4.53785800933838 5.30586666531033 5.27308596505059 5.3875273598565 5.48342720667521 5.36754692925347 5.55793539683024 5.66772015889486 5.1774435043335 5.30691936280992 5.675887743632 5.78885597652859 5.45949114693536 5.15445942348904 5.16742785771688
-9999 4.28417134284973 4.32495172818502 4.39948627683851 4.43774204783969 4.22717311647203 4.28188188870748 4.38894285096063 4.42877274089389 4.5989731947581 4.67900053660075 4.62992914517721 4.77934243943956 4.64935085508558 4.74347204632229 4.79581149419149 4.85266203350491 4.96890883975559 4.98882208930122 4.88646041022407 4.91649108462864 4.75785488552517 4.82888518439399 4.87191576427884 4.63761281967163 4.37431009610494 4.52434044414096 5.32903761333889 5.07521094216241 4.41776529947917 4.3344624042511 4.59065251880222 4.56233588854472 4.88201888402303 5.10936864217122 5.10618252224392 4.82403940624661 5.32237678103977 5.11076826519436 4.79603475994534 5.10005135006375 5.51670673158434 5.48050080405341 5.33207660251194 5.0578776995341 5.03934552934435 5.35348002115885 5.20294798745049 4.79974897702535
4.14441066318088 4.28394595781962 -9999 4.57371054755317 -9999 4.32449362013075 4.48009374406603 4.52888600031535 4.64672856860691 4.81440061993069 4.8186919954088 4.72892501619127 4.62105049027337 4.57092579205831 4.68813435236613 4.7823429107666 4.87732945548164 5.07746866014269 5.01699299282498 4.94837623172336 5.04438670476278 4.97365935643514 4.73302687538995 4.6337280008528 4.62342887454563 4.71812992625766 4.62716423140632 4.75119850370619 5.01089938481649 4.75960058636135 4.12963488366869 4.3932601875729 4.52514330546061 4.61002646552192 4.67924298180474 4.71312610308329 4.5626761118571 5.3588924407959 5.21210898293389 4.60032561090257 5.17887539333767 4.76842519972059 4.86697520150079 5.31623352898492 5.04453431235419 4.72250164879693 4.87146912680732 4.86943642298381 4.93607023027208
5.02824767430623 -9999 4.51085946294996 3.65910980436537 3.93569355540805 4.70217927296956 4.68293497297499 4.65557172563341 4.52195450994703 4.64914811982049 4.79566695955065 4.85958761639065 4.84493388070001 4.73437367545234 4.75343306859334 4.56360408994887 4.39627480506897 4.69767091009352 4.73115317026774 4.98072062598334 4.23280628522237 4.34013027615017 5.13150183359782 4.95495663748847 4.93291160795424 4.75194962819417 4.39865454037984 4.15369277530246 4.28873085975647 4.59610244962904 4.79714054531521 4.49120129479302 4.53661770290799 4.65836744838291 4.80311732821994 4.72053376833598 4.92895025677151 4.66836680306329 4.49611653221978 4.33586631880866 4.72561621665955 4.61136587460836 4.50111587842305 4.62939071655273 5.21719106038411 5.44765785005358 5.44879129197862 5.38959153493245 5.37405824661255
4.58905657132467 5.06695604324341 -9999 3.98770361476474 3.88738380538093 4.59302377700806 4.91022931204902 4.72346920437283 4.36485208405389 4.4354014661577 4.9038675626119 4.82719469070435 4.85413291719225 4.89259921179877 5.0395376417372 4.89419820573595 4.99199761284722 4.53713043530782 4.273263030582 4.50351738929749 4.50755940543281 4.5272679593828 5.15671502219306 4.78576872083876 4.86081849204169 4.94076946046617 4.60314485761854 4.73052022192213 4.65656238132053 4.87093755933974 4.74997976091173 4.23014219601949 4.51242523723178 4.45504183239407 4.60232493612501 4.50694147745768 4.25155801243252 4.51917439036899 4.79279073079427 4.81307395299276 4.72869038581848 4.67297342088487 4.67858997980754 4.65521465407477 4.71751422352261 4.9258139928182 4.96478011873033 5.0014132393731 5.42737944920858
5.29319906234741 4.99667157067193 5.16721365186903 5.06796402401394 -9999 5.04029803805881 4.39310510953267 4.77470011181302 4.01281592581007 4.6623899406857 4.92831823560927 4.51776070064968 3.84917449951172 4.17093608114454 5.05654488669501 4.9044591055976 4.51255379782783 4.32098205884298 4.36774359809028 4.67531368467543 4.87035984463162 4.71107236544291 5.0606181886461 5.36824772093031 4.33875550164117 4.26425586806403 4.95363521575928 4.95834785037571 4.62172685729133 4.17710611555311 4.36981887287564 4.43474992116292 4.82656632529365 5.35338279936049 5.14786587821113 4.96901581022474 4.62516548898485 4.90098195605808 5.11746501922607 4.7209480603536 4.74309786160787 4.58391425344679 4.57873058319092 4.52603854073419 4.75983762741089 4.81730349858602 5.03976917266846 5.2369016011556 5.57136742273967
5.37047751744588 5.32149532106188 5.3384116490682 4.71697431140476 4.34248171912299 4.29018354415894 4.07855200767517 4.28026456303067 3.50465491082933 4.01837841669718 5.00739818149143 4.64928391244676 3.69621584150526 3.64527273178101 4.01366297403971 4.97705316543579 4.67077663209703 4.61116703351339 4.78589063220554 4.47911053233677 4.22716029485067 4.33987678421868 5.11959324942695 5.50161912706163 5.09883562723796 5.10474252700806 5.372062948015 4.97500869962904 4.5362401538425 4.44594139522976 5.20965798695882 5.55031225416395 5.69970719019572 5.20005713568793 4.81474028693305 4.75775660408868 5.01143969429864 4.78978941175673 4.85847250620524 4.73882224824693 4.67450539271037 4.54818839497036 4.6545381281111 4.67019571198357 4.80716090732151 4.80345953835381 5.00542481740316 5.21405680974325 5.41902208328247
4.02748367521498 3.76837303903368 4.09415102005005 4.43448485268487 4.67281871371799 4.16148567199707 3.94215255313449 4.3394956058926 3.56951459248861 3.83920023176405 4.58155247900221 5.06328005260891 4.47756004333496 4.17294279734294 3.50262843237983 3.8663141462538 4.43033295207553 4.391018682056 3.76503772205777 3.94890729586283 4.44629425472683 5.06201457977295 5.04440148671468 4.74278842078315 5.26053905487061 5.67556211683485 4.22575871149699 4.51555850770738 5.24510791566637 5.44550408257378 5.59083037906223 4.55742149882846 4.70851506127252 5.4553001191881 5.20321888393826 4.78659481472439 4.62438072098626 4.61793027983771 4.59281322691176 4.53902983665466 4.50624595748054 4.60812918345133 4.80167886945936 4.96535274717543 5.20081758499146 5.19294908311632 5.112747086419 5.24454503589206 5.7143431769477
5.22108634312948 4.63490170902676 4.34305956628588 4.30418960253398 4.24720374743144 4.47288465499878 4.66389881239997 4.88857200410631 4.34857090314229 3.9085701306661 3.82390244801839 4.01623487472534 5.25106705559625 5.02356624603271 4.78923198911879 4.33456434143914 3.77056352297465 3.45522909694248 3.78822827339172 3.95373834504022 4.17975984679328 4.29344799783495 5.00013611051771 4.28849095768399 4.65451240539551 5.80357101228502 4.17296112908257 4.47024355994331 5.20893155203925 4.48428622881571 4.96264118618435 4.99883625242445 4.6985379325019 4.58590645260281 5.52666383319431 5.43640724817912 4.83801179462009 4.72171348995633 4.55974867608812 4.5564505259196 4.53848558002048 4.40485405921936 4.58788919448853 4.7512636979421 4.98564439349704 5.21335803137885 5.41307184431288 5.43978585137261 5.39383289549086
5.2029463979933 5.49082416958279 5.53336657418145 5.39247751235962 5.52663728925917 5.44704718059964 5.41379038492839 4.32782729466756 4.04649114608765 4.84815496868557 5.16381857130263 4.673148949941 4.29081286324395 5.00125434663561 5.34418794843886 3.83982499440511 4.72313446468777 4.56013160281711 4.19346215989855 3.72293742497762 4.14089054531521 3.88584385977851 4.31346408526103 4.32108396954007 4.51637042893304 5.82908572090997 4.3172771135966 4.26156385739644 4.93785047531128 4.14880384339227 4.3860903845893 4.18430344263713 4.78444253073798 4.68724849489 4.76838790045844 5.13886038462321 5.09066634707981 5.18713914023505 5.08461168077257 5.12508455912272 4.75689029693604 4.62669610977173 4.60916879442003 4.73926133579678 4.95130724377102 4.7733531528049 4.86739905675252 4.94611157311334 4.85515748129951
4.81784825854831 5.695701652103 5.46815188725789 5.56726508670383 5.35240401162042 5.3138763639662 5.57268238067627 5.2364157570733 5.09641101625231 4.55507278442383 4.2550679312812 4.11306312349108 3.61239176326328 3.84105351236131 5.15092584821913 4.93643273247613 4.01337231530084 3.80370097690158 4.47769628630744 3.90746966997782 4.28935464223226 3.8229066795773 4.23912514580621 5.07570849524604 5.01006200578478 4.29878062672085 4.15799911816915 4.28855085372925 4.49376938078139 4.69865454567803 4.18453976843092 4.03077075216505 4.30601400799221 4.43292419115702 4.86550092697144 4.88974438773261 4.60965445306566 4.68189814355638 4.48780812157525 4.68371823098924 4.48429499732123 4.78220499886407 4.91678195529514 4.83859268824259 4.98763709598117 4.87634860144721 4.93272638320923 4.93677112791273 4.99448230531481
4.80111577775743 5.00921991136339 5.41605408986409 5.42730310228136 5.24156326717801 4.95512670940823 5.16912444432576 4.52867113219367 4.07399763001336 4.10399087270101 3.44098414315118 4.17064393891229 4.22963727845086 5.11629724502563 4.99127658208211 4.1719503932529 3.62427695592244 3.52227025561863 4.43626350826687 4.44266864988539 4.16581885019938 5.01330253813002 5.16608238220215 4.45010317696465 4.9650354385376 4.63203361299303 4.81563753551907 5.23987118403117 4.96668810314602 5.56750509474013 4.90565564897325 4.42457101080153 4.13658547401428 4.30993302663167 4.65928067101373 4.5309616194831 4.62030935287476 4.52099018626743 4.49667114681668 4.53435209062364 4.64869968096415 4.61871388223436 4.9240616162618 5.19192367129856 5.17763370937771 5.13801034291585 4.99905379613241 5.01509703530206 4.96480703353882
3.6742164823744 4.69014692306519 5.73474412494236 4.75463893678453 3.80177137586806 4.92479255464342 4.68274614546034 5.29886542426215 5.75025076336331 5.15190882152981 4.86156691445245 4.93055815166897 4.69488286972046 4.10287425253126 3.42686560418871 3.58352348539564 3.84218139118618 3.88517276446025 4.09816397560967 4.86720090442234 4.93428309758504 4.48736519283718 4.82578081554837 5.14819616741604 4.31761169433594 4.56136043866475 4.47677614953783 4.23919139968024 4.06060703595479 4.36868911319309 4.87077135509915 4.51003837585449 4.31149003240797 4.41794202062819 4.52506033579508 4.56117871072557 4.76129738489787 4.86574898825751 4.90986739264594 4.6436525715722 4.59310444196065 4.80055618286133 4.94367467032539 5.064254866706 5.473296907213 5.277672290802 5.29571437835693 5.27742301093207 5.23679849836561
3.7824006345537 5.15839333004422 5.4907193713718 4.41071205668979 3.78070486916436 4.09436429871453 3.62335705757141 3.39118133650886 3.91883744133843 4.73182688819038 4.66914961073134 4.46980566448635 3.93712835841709 4.24678452809652 4.71510717603895 4.25409661398994 4.70675256517198 4.80674182044135 4.83339797125922 4.86073308520847 4.32041382789612 3.82909446292453 4.06077520052592 4.82445579104953 4.64880318111843 4.86448378033108 4.22216460439894 4.10451181729635 4.22152582804362 4.16653977500068 4.20788722568088 4.32683891720242 4.42872813012865 4.42261743545532 4.58384010526869 4.73172932200962 4.80728525585598 4.98650783962674 5.14073038101196 5.20161973105537 5.31450902091132 5.37806510925293 5.5669543478224 5.64758597479926 5.79262669881185 5.93766742282444 5.74404154883491 5.59974892934163 5.53378984663222
