data/test_2003/bio3_avg_1994-2002.asc
NCOLS 664 
NROWS 380 
XLLCORNER 3.91666666666667 
YLLCORNER 55.3333333333333 
CELLSIZE 0.0416666666666667 
NODATA_value -9999 
[rows 242 to 263 of 380, columns 588 to 636 of 664]
20.8435569339328 20.9182675679525 20.9928010304769 20.9265846676297 20.765767203437 20.6157872941759 20.5486988491482 20.6037729051378 20.5920289357503 20.4675547281901 20.4107869466146 20.4180261823866 20.371166229248 20.0696695115831 19.9263392554389 19.9507827758789 19.9976033104791 20.0396474202474 20.063841925727 20.1539974212646 20.2521459791395 20.2323082817925 20.1558096143934 20.1355188157823 20.140344619751 20.0315036773682 19.9603860643175 19.9894460042318 20.0218823750814 20.1833926306831 20.3664334615072 20.4166215260824 20.3781842125787 20.3072916666667 20.2565761142307 20.1550612979465 20.0008996327718 19.8577308654785 19.7568677266439 19.7707413567437 19.9219315846761 20.0985450744629 20.2629451751709 20.4635039435493 20.675353580051 20.708858066135 20.7200325859918 20.6892778608534 20.6769585079617
20.8693985409207 20.920018725925 20.9217194451226 20.843531926473 20.7159587012397 20.5348896450467 20.386320537991 20.3682833777534 20.4502690633138 20.5112648010254 20.4743497636583 20.4170932769775 20.3614410824246 20.1422973208957 20.0829122331407 20.112936867608 20.0518054962158 20.0350193447537 20.0581510331896 20.067543665568 20.0274312761095 20.0003147125244 19.9164799584283 20.0174905988905 20.0877202351888 20.0962386661106 20.0474310980903 19.9767097897 19.9496864742703 20.0331581963433 20.152676264445 20.2128717634413 20.2318227556017 20.2101919386122 20.0775142245822 19.9243867662218 19.8370331658257 19.6432764265272 19.3946893480089 19.3288207583957 19.6109706030952 19.8944422403971 20.0488690270318 20.2224803500705 20.4834690093994 20.6363396114773 20.6541023254395 20.6412603590224 20.6581295861138
20.8435325622559 20.8522406684028 20.6583616468642 20.4187293582492 20.403843137953 20.438772837321 20.3718585968018 20.269010119968 20.2431916130914 20.3197597927517 20.3780988057454 20.3225657145182 20.2033553653293 20.0457706451416 20.0026978386773 20.03521516588 20.055110083686 20.0437433454725 20.0490296681722 20.0693598853217 19.9879483116998 19.8977811601427 19.8415455288357 19.8718469407823 19.9315113491482 20.0104813045926 20.1196670532227 19.9641282823351 19.8451436360677 19.974160724216 20.1012083689372 20.1109297010634 20.1436246236165 20.0593085818821 19.7573348151313 19.3598654005263 19.08453157213 18.9657516479492 19.0179988013373 19.1253492567274 19.4039329952664 19.6521566179064 19.8266741434733 19.9990467495388 20.2055113050673 20.3570679558648 20.4945990244548 20.6162272559272 20.6343659294976
20.6732637617323 20.7079533471002 20.3964163462321 20.0309340159098 20.0702999962701 20.2452617221408 20.340359793769 20.3941150241428 20.4419377644857 20.4498189290365 20.4256153106689 20.391610039605 20.2765653398302 20.1813782585992 20.2226261562771 20.2320772806803 20.1473231845432 20.0864889356825 20.2052803039551 20.3581087324354 20.2970475090875 20.1345488230387 19.9657524956597 19.9440275828044 19.9071551428901 19.8653666178385 19.8437576293945 19.8340996636285 19.7558305528429 19.8247636159261 20.0307324727376 20.0998755560981 20.0886304643419 19.9991082085503 19.7919993930393 19.4496485392253 19.1358326805962 18.9883030785455 19.0212084452311 19.2220965491401 19.5507962968614 19.7652117411296 19.8353996276855 19.8768236372206 19.9165823194716 19.9502773284912 20.0936656528049 20.3504212697347 20.5504885779487
20.6335180070665 20.5510550604926 20.3677982754178 20.1630509694417 20.0946129692925 20.0847502814399 20.1434141794841 20.3044868045383 20.4517220391168 20.4365039401584 20.3215804629856 20.2837827470567 20.3713730706109 20.3663073645698 20.2955440945095 20.2696259816488 20.1235173543294 19.9976304372152 20.1520404815674 20.3768064710829 20.4033760494656 20.2255967458089 20.1528057522244 20.1106508043077 20.1408098008898 20.127690633138 19.9838958316379 19.8851328955756 19.853576236301 19.866732067532 19.9451179504395 20.0103556315104 19.9399869706896 19.8345748053657 19.7900994618734 19.7229234907362 19.7036395602756 19.6675425635444 19.6845531463623 19.7183547549778 19.8125811682807 19.7863326602512 19.8307346767849 19.843132019043 19.8039694892036 19.8134087456597 19.9252175225152 20.0901722378201 20.2937571207682
20.6081631978353 20.5065163506402 20.4052988688151 20.3409387800429 20.2064041561551 20.0326972537571 19.9816487630208 20.160177230835 20.3475805918376 20.3101910485162 20.1974601745605 20.1446251339383 20.2670794592963 20.2735354105632 20.1588516235352 20.2201692793104 20.1788514455159 19.9921465979682 19.9014727274577 19.8994337717692 19.9458291795519 19.9780059390598 20.0811297098796 20.112983279758 20.0970016055637 20.0506102244059 20.0827886793349 20.0734227498372 20.1457701789008 20.0745334625244 19.9476248423258 19.9346911112467 19.8501970503065 19.7113123999702 19.6800214979384 19.737888124254 19.8400452931722 19.7889325883653 19.837810728285 19.818328221639 19.764710744222 19.8007361094157 19.8345355987549 19.7270172966851 19.5683059692383 19.5762197706434 19.7100501590305 19.8280080159505 19.9773534138997
20.5189009772407 20.5299091339111 20.4612941741943 20.4028063880073 20.2968423631456 20.1569192674425 20.0875612894694 20.0815563201904 20.256991704305 20.2949451870388 20.1485479142931 20.0269419352214 19.9918047587077 19.862219704522 19.8582990434435 19.9265164269341 20.0154995388455 20.0164826711019 19.8437355889214 19.6407960255941 19.5411449008518 19.5077752007378 19.6935123867459 19.8962404463026 19.8267972734239 19.7342594994439 19.9249136182997 20.1482285393609 20.1974739498562 20.0574885474311 19.8102542029487 19.584167904324 19.5061215294732 19.5820869869656 19.5958932240804 19.6015319824219 19.5574824015299 19.442545360989 19.3935724894206 19.4018650054932 19.5023691389296 19.41283331977 19.1416110992432 18.9929377237956 18.8885519239638 18.8946656121148 19.2268903520372 19.5001390245226 19.6172686682807
20.4727863735623 20.4803144666884 20.4711632198758 20.4790187411838 20.3996967739529 20.1453111436632 20.0152384440104 19.8610865275065 20.0440451304118 20.1943242814806 20.2062475416395 20.2275254991319 20.0808495415582 19.9157382117377 19.9400338066949 19.9832401275635 20.0574913024902 20.1346418592665 20.107117123074 19.9816536373562 19.8981732262505 19.8046241336399 19.8909467061361 20.0004995134142 19.9229431152344 19.8041886223687 19.8970444997152 20.058938132392 20.0445391337077 19.945260365804 19.7426738739014 19.5099629296197 19.5219599405924 19.7580572764079 19.8530928293864 19.7243520948622 19.5345976087782 19.3774462805854 19.2956725226508 19.3777296278212 19.4291038513184 19.3434558444553 19.1136243608263 19.030280219184 18.9975426991781 19.002808464898 19.181067360772 19.3578158484565 19.459476047092
20.4349625905355 20.3824392954508 20.3521828121609 20.3051579793294 20.1344299316406 19.8375839657254 19.6902963850233 19.5495773951213 19.91687435574 20.1691015031603 20.2637820773655 20.4110717773438 20.3231836954753 20.2339649200439 20.2163999345567 20.2183835771349 20.2674009535048 20.2874336242676 20.2876029544406 20.2705084482829 20.3076635996501 20.3626276652018 20.4222168392605 20.3434889051649 20.2208724551731 20.1144938998752 20.040151807997 20.0350326961941 19.8590571085612 19.7540885077582 19.7599597507053 19.6983470916748 19.7056901719835 19.7679150899251 19.8208442264133 19.685545179579 19.5078144073486 19.3751388125949 19.2825637393528 19.232761171129 19.2143374549018 19.3053124745687 19.3688303629557 19.3245137532552 19.3426183064779 19.482032140096 19.4084050920275 19.4001093970405 19.43994140625
20.2476410335965 20.2277446322971 20.0721268124051 19.7875552707248 19.6022976769341 19.4445389641656 19.4141241709391 19.6702230241564 20.0305061340332 20.2958617740207 20.3334611256917 20.3476982116699 20.3571232689752 20.2618717617459 20.1404274834527 20.0997791290283 20.176974190606 20.2656661139594 20.2380413479275 20.1914757622613 20.1867707570394 20.3179806603326 20.4137590196398 20.329733742608 20.2456561194526 20.215905295478 20.1754968431261 20.1235504150391 19.8285615709093 19.6136173672146 19.5705214606391 19.4961374070909 19.4560629526774 19.4365918901232 19.3908114963108 19.2739768558078 19.1756708357069 19.1458966996935 19.1178781721327 19.0390095180935 19.0321983761258 19.0525476667616 19.1220832400852 19.0556562211778 19.0826825035943 19.2540124257406 19.2839919196235 19.3446918063694 19.4335829416911
20.126766204834 20.0691651238335 19.737853580051 19.5160919825236 19.3608801099989 19.4210209316678 19.6060038672553 19.8599302503798 20.1360100640191 20.3119828965929 20.4018179575602 20.3212498558892 20.167013168335 20.1287239922418 20.1109699673123 20.0722022586399 20.114827685886 20.208961698744 20.1698193020291 20.1225668589274 20.128514819675 20.0914164649116 20.0974479251438 19.9574493832058 19.9911458757189 20.1509291330973 20.1798235575358 20.1597826215956 20.0500314500597 19.7469374338786 19.402620739407 19.3020867241753 19.3131256103516 19.3147065904405 19.2640681796604 19.1566975911458 19.0838461981879 19.0922287835015 19.2323046790229 19.2863479190403 19.3316911061605 19.3156153361003 19.1826695336236 19.0532078213162 19.0653777652317 19.1092353396946 19.0972205268012 19.1788001590305 19.3687748379178
19.4845986896091 -9999 19.7289740244548 19.5962737401326 19.5309664408366 19.5494725969103 19.8209593031142 20.0676805708143 20.2279230753581 20.3176500532362 20.373772515191 20.3247752719455 20.0932653215196 20.1046632130941 20.2106369866265 20.2585536109077 20.3140443166097 20.3181692759196 20.1636572943793 19.981841829088 19.7004269493951 19.5200504726834 19.6737842559814 19.8232245975071 19.9412581125895 20.0963503519694 20.1173032124837 19.9899980756972 19.9515798356798 19.8548215230306 19.671024746365 19.5419894324409 19.425937016805 19.2672068277995 19.2498084174262 19.1349582672119 19.1186743842231 19.1353897518582 19.2085310618083 19.2670906914605 19.2521976894803 19.2224286397298 19.1211077372233 19.1936668819851 19.2761645846897 19.2167224884033 19.1831357744005 19.1898229387071 19.3213736216227
19.7964185078939 19.4936998155382 -9999 19.5451162126329 19.4592739741007 19.6470061408149 19.9901205698649 20.1896205478244 20.2411287095812 20.2161521911621 20.2952270507812 20.3325521681044 20.2770773569743 20.3402491675483 20.3632488250732 20.3071778615316 20.3988187577989 20.3970362345378 20.2391579945882 19.8583437601725 19.265970547994 18.9696161482069 19.2082368002998 19.6878019968669 19.9346622890896 19.9993506537543 19.8838587866889 19.8452690972222 19.879863527086 19.6895194583469 19.5039694044325 19.536365085178 19.5535928938124 19.4125525156657 19.2038031684028 19.03253809611 19.0713946024577 19.1715990702311 19.2777826521132 19.3014494578044 19.256863700019 19.1371453603109 19.0513172149658 19.2061716715495 19.3041589525011 19.174633026123 19.2092776828342 19.3963451385498 19.5522541469998
19.5118871264988 19.5891955693563 19.6856155395508 19.6164423624674 19.5513070424398 19.6647114223904 19.968479792277 20.1450494130452 20.2246835496691 20.2427368164062 20.3593277401394 20.3668990665012 20.2767327626546 20.352275636461 20.447457631429 20.4591526455349 20.4133932325575 20.3833560943604 20.3350092569987 20.1926464504666 19.8942561679416 19.6101531982422 19.4994424184163 19.667818069458 19.9114833407932 19.9338662889269 19.6902660793728 19.7149846818712 19.8172442118327 19.7549718221029 19.6852590772841 19.6736598544651 19.6944874657525 19.5623154110379 19.3430945078532 19.2429587046305 19.1520002153185 19.1068551805284 19.1042997572157 19.077648586697 19.0741191440158 18.9810146755642 18.8920317755805 18.972143597073 19.0304084353977 19.0410637325711 19.1624810960558 19.3572625054253 19.5021707746718
-9999 19.6765039232042 19.7122590806749 19.7511806488037 19.6273323694865 19.5409739812215 19.8026654985216 20.089334487915 20.2194976806641 20.20828988817 20.2868870629205 20.3244656456841 20.3451334635417 20.393164952596 20.3625831604004 20.3811531066895 20.4530156453451 20.5119137234158 20.459921307034 20.3189118703206 20.0818369123671 19.9135199652778 19.8321863810221 20.0230113135444 19.9945271809896 20.0170080396864 20.001682917277 20.011218600803 19.8803532918294 19.7961088816325 19.7186516655816 19.6747775607639 19.607944700453 19.5174475775825 19.415489408705 19.322168774075 19.2099814944797 19.1160369449192 19.1791167789035 19.1436614990234 19.0577019585503 18.9436643388536 18.8348941802979 18.8488532172309 18.9397224850125 19.0153819190131 19.1178417205811 19.3035918341743 19.4284958309597
19.7457905875312 19.7235769695706 19.8281014760335 19.9496021270752 20.0292890336778 20.0659942626953 20.0761987898085 20.1984163920085 20.2753634982639 20.2365858289931 20.1743157704671 20.1111751132541 20.1784032185872 20.242530186971 20.2907233768039 20.3161144256592 20.3367135789659 20.4173895517985 20.4893137613932 20.3206494649251 20.1609138912625 20.1042620340983 20.0816796620687 20.0937758551704 19.8884756300184 19.7180703481038 19.6064739227295 19.6370220184326 19.6582253774007 19.7112498813205 19.7306317223443 19.6721958584256 19.6058788299561 19.4802398681641 19.3679222530789 19.3555081685384 19.3351929982503 19.2818431854248 19.2961569892036 19.2495911916097 19.073358323839 18.8989084031847 18.8128058115641 18.8370128207737 18.8908509148492 18.9252190060086 19.0595830281576 19.197651969062 19.2545619540744
-9999 19.7108886506822 19.7171169916789 20.2292823791504 20.2982828352186 20.3264823489719 20.3515866597493 20.5000559488932 20.4425438774957 20.2934265136719 20.2071815066867 20.0696858300103 19.9624654981825 19.9214331309001 20.0072432623969 20.1752111646864 20.1956407758925 20.2687668270535 20.44410027398 20.4006356133355 20.1686789194743 20.1168159908719 20.1809224022759 20.1589041815864 19.9787792629666 19.8184009128147 19.5224090152317 19.3750729031033 19.6282662285699 19.7361454433865 19.6453965504964 19.5532773335775 19.5948153601752 19.610225253635 19.5115246242947 19.3596869574653 19.3453545040554 19.3124995761447 19.306851916843 19.1981898413764 19.0143928527832 18.8476859198676 18.8303076426188 18.8210843404134 18.7175220913357 18.7150599161784 18.8950305514865 19.063727484809 19.0925089518229
19.9961367713081 19.8908513387044 19.8343751695421 19.8495657179091 20.2848576439752 20.4454267289903 20.4054794311523 20.5223560333252 20.5693556467692 20.3911571502686 20.2980467478434 20.2476344638401 20.0878728230794 19.9984821743435 20.128257115682 20.2868372599284 20.2471247778998 20.2055770026313 20.3197612762451 20.3418170081245 20.1962526109483 20.1461111704508 20.1569324069553 20.2350029415554 20.1261715359158 19.984885957506 19.7068489922418 19.5917667812771 19.7177641126845 19.8407147725423 19.7584968143039 19.6669161054823 19.5945924123128 19.5593467288547 19.4672927856445 19.374390496148 19.3537896474202 19.3637879689534 19.2244249979655 19.054455227322 18.8913425869412 18.7935545179579 18.8117109934489 18.8400842878554 18.6224545372857 18.4972977108426 18.8205589718289 18.9823864830865 19.031558142768
-9999 19.9787209828695 20.0234885745578 20.0764611562093 20.1807301839193 20.2255261739095 20.0168859693739 20.3719463348389 20.4856476253933 20.19840643141 20.0703341166178 20.0754814147949 20.2398115793864 20.3549315134684 20.4046090443929 20.4264619615343 20.2691872914632 20.0457863277859 20.0401323106554 20.1682319641113 20.1383825937907 20.1155974070231 20.1073894500732 20.1693871815999 20.148932562934 20.030430899726 19.8994066450331 19.8368021647135 19.8897007836236 19.8245010375977 19.7080340915256 19.6366558074951 19.5103556315104 19.4308020273844 19.307866414388 19.1779098510742 19.1625448862712 19.2181570265028 19.113274468316 18.9484077029758 18.8809072706434 18.8548895517985 18.834758122762 18.9045908186171 18.7704238891602 18.6650528377957 18.9630601671007 19.1084550221761 19.2127698262533
-9999 -9999 -9999 20.2582456800673 20.2594097985162 20.2010192871094 20.0536189609104 19.9572247399224 -9999 -9999 19.9110842810737 20.0137496524387 20.3116105397542 20.5700191921658 20.5205646091037 20.4177366892497 20.2227929433187 19.965859942966 19.8642520904541 19.8805800543891 20.0012476179335 20.0499216715495 19.9710174136692 19.9798160129123 20.0309929317898 19.9661911858453 20.02783203125 19.9346572028266 19.8712518480089 19.7394061618381 19.5837306976318 19.4557965596517 19.361780166626 19.4019372728136 19.355811436971 19.1968570285373 19.1560115814209 19.1404972076416 19.0644929673937 18.9526280297173 18.9084724850125 18.9118003845215 18.8802837795681 18.8486031426324 18.7934044731988 18.7803880903456 18.9315461052789 19.08749071757 19.2725927564833
-9999 -9999 -9999 -9999 -9999 -9999 -9999 -9999 -9999 -9999 -9999 -9999 -9999 20.5291864607069 20.5187945895725 20.4735673268636 20.2244684431288 20.0354667239719 20.0500157674154 20.0128851996528 20.1081116994222 20.196888393826 20.0416575537788 19.992656495836 20.0206207699246 19.992438422309 20.0134800804986 19.9022608862983 19.825216293335 19.7192539638943 19.6072444915771 19.4274037679036 19.3286938137478 19.427197350396 19.4652822282579 19.3457641601562 19.2486080593533 19.1765963236491 19.0390652550591 18.9610599941678 18.8811530007256 18.8673447502984 18.8323247697618 18.8460123274061 18.8592840830485 18.8832583957248 18.9415887196859 19.0590845743815 19.1909679836697
-9999 -9999 -9999 -9999 -9999 -9999 -9999 -9999 -9999 -9999 -9999 -9999 -9999 -9999 20.5508335961236 20.5721204545763 20.2975904676649 20.1268836127387 20.2962527804905 20.3042867448595 20.3063621520996 20.3820353613959 20.2546549903022 20.1362368265788 20.0947096082899 20.0509897867839 19.9986818101671 19.9045990837945 19.8461541069878 19.8454409705268 19.7059061262343 19.5236795213487 19.4002539316813 19.4783931308322 19.5287594265408 19.3935169643826 19.3236963484022 19.2607089148627 19.2066215938992 19.0840894911024 19.027304119534 18.9882272084554 18.9226394229465 18.9101365407308 18.9464569091797 18.9654424455431 19.0276334550646 19.0504364437527 19.0579658084446
