data/test_2003/bio3_avg_1994-2002.asc
NCOLS 664 
NROWS 380 
XLLCORNER 3.91666666666667 
YLLCORNER 55.3333333333333 
CELLSIZE 0.0416666666666667 
NODATA_value -9999 
[rows 264 to 285 of 380, columns 196 to 244 of 664]
26.1655010647244 26.2897718217638 26.3538852267795 26.5125645531548 26.8110694885254 27.019839392768 26.8723820580377 26.8906421661377 27.0332991282145 27.0900671217177 27.2103494008382 27.3155723147922 27.3087452782525 27.3569740719265 27.4759561750624 27.5289963616265 27.4876431359185 27.3200861612956 27.2600894504123 27.1811661190457 27.0898840162489 27.1372858683268 27.161963780721 27.2067941029867 27.3578834533691 27.5732051001655 27.783168580797 27.7871352301704 27.9000574747721 28.0278010898166 28.0760542551676 28.4081098768446 28.6102362738715 28.590657764011 28.665722741021 28.6549688975016 28.7833139631483 28.7497244940864 28.8646867540148 28.9267177581787 28.7325348324246 28.7252335018582 28.5404234992133 28.322260538737 28.1257319980197 27.9981822967529 27.9292392730713 27.923700120714 27.9552966223823
26.2788562774658 26.477653503418 26.5335188971625 26.610895368788 26.6671839820014 26.8976137373183 26.9667472839355 26.9799217647976 26.9709097544352 27.1395138634576 27.1168613433838 27.1591110229492 27.2430436876085 27.31844774882 27.5694601270888 27.6088924407959 27.4164106580946 27.2348484463162 27.1417155795627 27.1256828308105 27.169989267985 27.1581009758843 27.1165633731418 27.2091339959039 27.4157360924615 27.5243971082899 27.6527684529622 27.7862692938911 28.0507808261447 28.0968911912706 28.0938178168403 28.3901233673096 28.6862352159288 28.6565017700195 28.6284754011366 28.8132275475396 28.5915686289469 28.7935536702474 28.9074751536051 28.921417872111 28.6519203186035 28.4066342247857 28.3220342000326 28.1893480088976 28.0577487945557 27.9748441908095 27.850184334649 27.8020750681559 27.8345964219835
26.3746611277262 26.4862696329753 26.3576494852702 26.5514922671848 26.5880565643311 26.587718963623 26.9939011467828 27.0958925882975 27.1241137186686 27.1941680908203 27.1644600762261 27.2768029106988 27.3468129899767 27.356168323093 27.4967424604628 27.4513181050618 27.4242187076145 27.2664981418186 27.1923393673367 27.1486434936523 27.2400777604845 27.236783557468 27.1271866692437 27.2990372975667 27.5159015655518 27.5820376078288 27.6301786634657 27.8386363983154 27.9844184451633 27.9799584282769 28.0074649386936 28.0442860921224 28.4227680630154 28.7316428290473 28.8489659627279 28.8589337666829 28.7495572831896 28.8993782467312 28.8878192901611 28.7460043165419 28.4612045288086 28.2789594862196 28.1015468173557 28.091606563992 28.0103956858317 27.8913315667046 27.7919233110216 27.6973101298014 27.6312527126736
26.4609966278076 26.4872745937771 26.453450732761 26.5704953935411 26.6468020545112 26.6996226840549 27.0154134962294 27.1668654547797 27.117301940918 27.1130462222629 27.3150420718723 27.3380978902181 27.4048692915175 27.4208982255724 27.5742882622613 27.4060620201959 27.3698162502713 27.3426325056288 27.3464177449544 27.3721474541558 27.3339485592312 27.324925104777 27.312404844496 27.3604310353597 27.596071879069 27.6420595380995 27.6750960879856 27.86428727044 27.8197385999892 27.8133061726888 27.9828092787001 28.0158140394423 28.3538214365641 28.6028796301948 28.8391376071506 28.8906230926514 28.7508415646023 28.7558076646593 28.7630680931939 28.3014549679226 28.1835486094157 28.1025725470649 28.1605735354953 28.0797655317518 27.996937221951 27.7786290910509 27.6813924577501 27.6795495351156 27.5281643337674
26.2839529249403 26.5528187221951 26.6478960249159 26.713267856174 26.7200531429715 26.9510847727458 27.1957348717584 27.3140958150228 27.211822297838 27.375904083252 27.5973644256592 27.4594930013021 27.4338313208686 27.428989622328 27.4214958614773 27.2616214752197 27.1824304792616 27.2400961981879 27.4064297146267 27.5379683176676 27.3915816413032 27.348701900906 27.4488620758057 27.4690083397759 27.572246339586 27.6738050248888 27.8538519541423 28.0913505554199 27.8682443830702 27.8272573682997 27.8384024302165 27.9986048804389 28.3227723439534 28.5409403906928 28.8338084750705 28.8416383531358 28.5148811340332 28.5211446550157 28.3375392489963 28.2398620181614 28.0207443237305 27.9309855567084 27.8399147457547 27.909387588501 27.9748009575738 27.9842054578993 27.7914290957981 27.58349609375 27.4508961571587
25.9481262630886 26.3010701073541 26.5732888115777 26.7933578491211 26.9716474745009 27.1357445187039 27.3750300937229 27.2602994706896 27.1908452775743 27.3840747409397 27.6216235690647 27.422306060791 27.5227750142415 27.5562811957465 27.4932878282335 27.3078717125787 27.2118441263835 27.2258438534207 27.1880122290717 27.4506793551975 27.3464900122748 27.290617412991 27.4030123816596 27.3867617713081 27.4944657219781 27.6525067223443 27.811940934923 28.048642900255 27.8330529530843 27.7183867560493 27.8031940460205 27.9434763590495 28.1394301520454 28.4548884497748 28.6864075130886 28.9130787319607 28.7266330718994 28.4729448954264 28.3768242730035 28.2101792229546 28.2142715454102 28.1362785763211 27.9715535905626 27.893454445733 28.0394526587592 28.1332162221273 28.0168808831109 27.7232848273383 27.426752726237
25.7581077151828 26.0037140316433 26.2642667558458 26.4574921925863 26.9369191063775 27.2397189670139 27.3966547648112 27.2696834140354 27.1536468929715 27.3322571648492 27.5664859347873 27.6769031948513 27.7030355665419 27.612339231703 27.4488900502523 27.2976106007894 27.2645026312934 27.2346026102702 27.2154623667399 27.3362280527751 27.3392357296414 27.2456361982558 27.2746461232503 27.2654310862223 27.4444281260173 27.7425070868598 27.9270528157552 27.9365090264214 27.7687513563368 27.6377624935574 27.7346358829074 27.881550470988 28.178579542372 28.5949092441135 28.6893316904704 28.5895173814562 28.2080997890896 28.0310632917616 28.2276757558187 28.3181788126628 28.2047617170546 27.9742281172011 27.8920699225532 27.8562071058485 27.7393843332926 27.8427085876465 27.9197305043538 27.6087754567464 27.4305610656738
25.6394415961372 25.9313066270616 26.0862909952799 26.3151234520806 26.8266050550673 27.1515426635742 27.3324737548828 27.3417290581597 27.4380914900038 27.3078683217367 27.5430280897352 27.6637842390272 27.7447473737929 27.7844246758355 27.6354348924425 27.7108345031738 27.5248576270209 27.3027680714925 27.2991629706489 27.2959766387939 27.3548458947076 27.367033428616 27.3138285742866 27.4522408379449 27.7276441786024 27.8668920728895 27.8972460428874 27.5644370185004 27.3827109866672 27.4174306657579 27.57833120558 27.6270980834961 27.9183470408122 28.3759360843235 28.4966814253065 28.4319231245253 28.1525580088298 27.970363828871 27.8334772321913 27.9784054226345 27.8333206176758 27.7881156073676 27.8641302320692 27.73020362854 27.658958223131 27.6800664265951 27.7523125542535 27.7298255496555 27.5207428402371
25.5891261630588 26.0494774712457 26.4356081220839 26.4916167789035 26.5955149332682 26.7485391828749 26.8868391248915 26.8464635213216 27.2636881934272 27.3805221981472 27.6248715718587 27.8364387088352 27.944202846951 27.8674553765191 27.7355825636122 27.7146411471897 27.6465634240044 27.4508919186062 27.3786540561252 27.1871520148383 27.0312175750732 27.0391118791368 27.1892142825656 27.3967090182834 27.4495624966092 27.5334972805447 27.5085379282633 27.433501985338 27.3689564598931 27.3622377183702 27.5628729926215 27.6794092390272 27.959605746799 28.2326634724935 28.2351917690701 28.0078983306885 27.8830623626709 27.8804709116618 27.8763953314887 27.6912123362223 27.7272701263428 27.6998986138238 27.5999978383382 27.5721734364827 27.4082658555773 27.3009067111545 27.3573265075684 27.2830312516954 27.3785381317139
25.4972334967719 26.0327790578206 26.5524616241455 26.5325783623589 26.4762183295356 26.5322413974338 26.7798205481635 27.0094326866998 27.3399594624837 27.6013829973009 27.719705581665 27.8461769951714 27.8150973849826 27.6003093719482 27.4404517279731 27.4227318233914 27.6497565375434 27.8378281063504 27.5524510277642 27.2804705301921 27.1993753645155 27.1869701809353 27.0685473548041 27.1290698581272 27.2328978644477 27.3373226589627 27.4597994486491 27.4492001003689 27.2641504075792 27.3489490085178 27.4494569566515 27.5241010453966 27.7267193264431 27.8968823750814 27.8310534159342 27.614072587755 27.6004901462131 27.5747133890788 27.6168674892849 27.4582019382053 27.4496981302897 27.6259638468424 27.4579828050401 27.5350547366672 27.2918487124973 27.1084060668945 27.0436066521539 27.0448504553901 26.9318531884087
25.3652890523275 26.0016564263238 26.3596803877089 26.3166929880778 26.4152984619141 26.5701268513997 26.7215254041884 26.8393491109212 27.1367941962348 27.4431218041314 27.8365796407064 27.8699982961019 27.7835392422146 28.0915588802761 27.7944132486979 27.5219126807319 27.481526904636 27.7909543779161 27.5331503550212 27.452569325765 27.3967278798421 27.3056210411919 27.0332372453478 26.9884861840142 27.0554881625705 27.2021141052246 27.2754851447211 27.2373782263862 27.0065104166667 27.0572929382324 27.1289005279541 27.1735735999213 27.4119826422797 27.6249618530273 27.6322178310818 27.6502602895101 27.5636887020535 27.4561424255371 27.5211238861084 27.4532852172852 27.4247063530816 27.3597155676948 27.3352752261692 27.2191774580214 26.9764442443848 26.9257342020671 26.8579370710585 26.82300652398 26.7051781548394
25.5556591881646 25.9858110215929 26.0110024346246 26.1231422424316 26.3708197275798 26.4701160854763 26.7211625840929 26.969643274943 27.3327306111654 27.5753046671549 27.9565800560845 28.3684196472168 28.4758037990994 28.4033139546712 27.9689004686144 27.6457636091444 28.0121729109022 27.7647245195177 27.6163707309299 27.6657886505127 27.584313498603 27.3836705949571 27.1485017140706 26.9471071031358 26.9195793999566 27.138753467136 27.0095151265462 26.9082266489665 26.7819843292236 26.7148886786567 26.7158646053738 26.6987838745117 27.0135875278049 27.2684970431858 27.2136635250515 27.0880993737115 27.0281723870171 27.0473058488634 27.2455357445611 27.2880314721002 27.3663601345486 27.2166169484456 27.0360957251655 26.8240182664659 26.6568241119385 26.6906394958496 26.7738386789958 26.6673456827799 26.5198332468669
25.6823789808485 25.9753856658936 25.9237971835666 26.0415479871962 26.250661638048 26.4683977762858 26.7385256025526 27.0113552941216 27.3203845553928 27.6333069271511 27.8398689693875 28.2281892564562 28.4522768656413 28.3812861972385 28.103259616428 28.0204603407118 28.1334987216526 27.9684872097439 27.6612809499105 27.5474122365316 27.3027801513672 26.9965606265598 26.903053495619 26.8058774736192 26.7502547370063 26.9320494333903 26.8699544270833 26.5685036977132 26.4905609554715 26.4332716200087 26.3263053894043 26.2037667168511 26.5354145897759 26.8972776201036 26.8940007951525 26.6877538892958 26.6037640041775 26.7090146806505 26.937493218316 27.0551747216119 26.9682206047906 26.9137806362576 26.7973086039225 26.6419853634304 26.5606013403998 26.6503287421332 26.6884388393826 26.5783888498942 26.523875342475
25.6913880242242 26.0280113220215 26.0191563500298 26.1566469404433 26.3601059383816 26.5452808803982 26.7261555989583 26.9788962470161 27.3825478023953 27.4477083418104 27.8272457122803 28.0938318040636 28.0519112481011 27.8532360924615 27.6680740780301 27.9090251922607 28.0204171074761 27.8798764546712 27.5276020897759 27.1068924797906 26.7230019039578 26.677949057685 26.8238413068983 26.6843265957303 26.5775163438585 26.5990183088515 26.6489651997884 26.5723715888129 26.4237372080485 26.2779907650418 26.0448277791341 26.0966466267904 26.4129208458794 26.7549328274197 26.7570743560791 26.6462836795383 26.7559413909912 26.732000986735 26.7158518897163 26.8773172166612 26.8683251274957 26.8119171990289 26.8190313975016 26.7875609927707 26.6987605624729 26.7084316677517 26.6654336717394 26.5236932966444 26.465484407213
25.8189820183648 26.0331488715278 26.1233768463135 26.1886581844754 26.361031850179 26.5448027716743 26.4966121249729 26.7177225748698 27.1152000427246 27.3577444288466 27.8771748012967 28.093235651652 27.9554619259304 27.7264209323459 27.6148548126221 27.7093459235297 27.6727373335097 27.5327224731445 27.29426934984 26.9106256696913 26.5674957699246 26.5507954491509 26.8377861446804 26.6809181637234 26.5618027581109 26.416318681505 26.4631631639269 26.4584100511339 26.4911575317383 26.2630104488797 26.0582387712267 26.2228974236382 26.4608705308702 26.6457703908284 26.6529252794054 26.688242594401 26.7650920020209 26.5694495307075 26.4404354095459 26.6060784657796 26.8381074269613 26.9380079905192 26.941224416097 26.8817687564426 26.8131985134549 26.6302278306749 26.4121661716037 26.2366835276286 26.0741996765137
25.8768282996284 26.1052551269531 26.1968911488851 26.218540403578 26.2523810068766 26.5505273607042 26.7325005001492 26.8249672783746 26.7391257815891 26.9240233103434 27.2801926930745 27.6437252892388 27.841845618354 27.7959961361355 27.5892700619168 27.4938564300537 27.6223809983995 27.4415946536594 27.2193688286675 27.0486263699002 26.7373250325521 26.4791645473904 26.4409355587429 26.5066047244602 26.5041442447239 26.3477709028456 26.290710873074 26.2734642028809 26.1843742794461 26.083030488756 25.9835953182644 26.1439586215549 26.244073232015 26.4429757859972 26.5960837470161 26.6548046535916 26.5481330023872 26.2901460859511 26.2774115668403 26.3894466824002 26.6441167195638 26.822758992513 26.813568327162 26.709905412462 26.5983946058485 26.2873503367106 26.1035654279921 25.9516610039605 25.714996125963
25.9967827267117 26.2481644948324 26.2686023712158 26.2947578430176 26.344778696696 26.5585062238905 26.8345082600911 26.9275165134006 26.8636508517795 26.8904478285048 27.0587677425808 27.3546507093642 27.3914530012343 27.5277239481608 27.4328939649794 27.3959575229221 27.4758474561903 27.2106433444553 27.0717468261719 26.9206566280789 26.6724198659261 26.4998815324571 26.4209541744656 26.4750843048096 26.4705380333794 26.2713489532471 26.0911540985107 26.0574461619059 25.8459788428413 25.8108628590902 25.7958452436659 25.8987074957954 26.0200934939914 26.2084234025743 26.3727525075277 26.54000960456 26.6243036058214 26.631837632921 26.5914957258436 26.4450626373291 26.6102038489448 26.7389596303304 26.6186125013563 26.517307917277 26.4447104136149 26.1888658735487 26.079029083252 25.8653596242269 25.6226295895047
26.2189776102702 26.5324145423041 26.4095891316732 26.5212618509928 26.5221947564019 26.6402000851101 26.7634739345974 26.9089601304796 27.0963149600559 27.1558106740316 27.1263048383925 27.1664337582058 27.1554953257243 27.226526260376 27.0464895036485 27.0667230818007 27.2163753509521 27.0405377282037 26.9555447896322 26.6351490020752 26.3765235477024 26.4364763895671 26.3438305324978 26.2830725775825 26.2330758836534 26.0972224341498 25.9529821607802 25.9419248369005 25.8049091762967 25.5984219445123 25.5730662875705 26.0194085439046 26.1940044826931 26.2197278340658 26.1025553809272 26.1013656192356 26.2936850653754 26.487263361613 26.5602275000678 26.6286549038357 26.5372778574626 26.4115746815999 26.3532861073812 26.3249808417426 26.3031542036268 26.249357647366 26.0868114895291 25.7639872233073 25.5713028377957
26.4256297217475 26.5752896202935 26.6374361250136 26.7140655517578 26.720969941881 26.6918593512641 26.7778277926975 26.9119324154324 26.9701737297906 27.0326552920871 27.0630618201362 26.9683208465576 26.947061114841 26.9324493408203 26.9856603410509 27.0724466111925 27.0095640818278 26.9012701246474 26.7338708241781 26.5831142001682 26.4554538726807 26.3225566016303 26.2662366231283 26.2568052079942 26.1385214063856 25.9063964419895 25.8888846503364 25.9189845191108 25.6878236134847 25.2672123379178 25.1614197625054 25.4694237179226 25.8683435651991 26.2308860354953 26.1730024549696 25.93310546875 25.8006396823459 25.7742462158203 25.842347462972 26.0308723449707 26.1691930558946 26.0690356360541 26.1058228810628 26.1855246225993 26.1350195142958 26.1135141584608 26.0332887437608 25.7636523776584 25.6073468526204
26.3834832509359 26.2883945041233 26.4115399254693 26.3367025587294 26.5271710289849 26.9178104400635 27.0360953013102 27.0048073662652 26.7962508731418 26.7256211174859 26.8558082580566 26.9125450981988 26.8140256669786 26.8483494652642 26.9774339463976 27.1090564727783 27.1280619303385 27.0313847859701 26.6916116078695 26.4609885745578 26.4779794481066 26.3059357537164 25.9082003699409 25.8031968010796 25.912007437812 25.6279091305203 25.5031238132053 25.6157315572103 25.2765833536784 24.6859152052138 24.5309829711914 24.6437242296007 25.2344515058729 25.870977613661 25.7484423319499 25.2802969614665 25.004983054267 24.9226531982422 24.8146525488959 24.9729181925456 25.3263776567247 25.2858973609077 25.3906353844537 25.566771613227 25.7503312428792 25.658819410536 25.5247785780165 25.4647424485948 25.3421338399251
26.5418379041884 26.415075302124 26.4351145426432 26.4874206119114 26.6912415822347 26.9949764675564 27.0046946207682 26.7640071445041 26.5805869632297 26.6040303972032 26.7669243282742 26.8088633219401 26.8203101687961 26.9092951880561 26.9107218848334 26.9589104122586 27.0852190653483 26.8444357977973 26.7127602895101 26.5454432169596 26.359155231052 26.1492510901557 25.8688646952311 25.6991986168755 25.5931021372477 25.2955962287055 25.1453779008653 25.231159845988 24.8690408070882 24.377292421129 24.2472309536404 24.3709913889567 24.6822961171468 25.2011640336778 25.5828331841363 25.4332143995497 24.8927773369683 24.6590334574382 24.6422742207845 24.674335691664 24.7552382151286 24.6752312978109 24.5323159959581 24.7395460340712 24.9333118862576 24.7733944786919 24.6627481248644 24.7162047492133 25.0485384199354
26.7165487077501 26.5294575161404 26.6300676133898 26.7824509938558 26.968715455797 26.9382824367947 26.8365166982015 26.8104262881809 26.6993177202013 26.7334796057807 26.7330144246419 26.8464832305908 26.8282896677653 26.9231493208143 26.8606033325195 26.8783963521322 27.0375862121582 26.8556058671739 26.6225482092963 26.453439924452 26.3081881205241 26.1756833394368 26.0153119828966 25.7119479709201 25.436069700453 25.1718822055393 24.8486336602105 24.7254172431098 24.4734706878662 24.3704929351807 24.4508622487386 24.5503504011366 24.668060514662 24.8208423190647 25.0928084055583 25.0927622053358 24.8358169131809 24.8215308719211 24.783907784356 24.7218634287516 24.6326385074192 24.5258964962429 24.3872386084663 24.3206424713135 24.1871140797933 24.0012853410509 23.9554778205024 24.222018983629 24.8193158043755
