data/test_2003/bio3_avg_1994-2002.asc
NCOLS 664 
NROWS 380 
XLLCORNER 3.91666666666667 
YLLCORNER 55.3333333333333 
CELLSIZE 0.0416666666666667 
NODATA_value -9999 
[rows 242 to 263 of 380, columns 392 to 440 of 664]
-9999 -9999 -9999 -9999 -9999 -9999 -9999 -9999 -9999 -9999 -9999 -9999 -9999 -9999 -9999 -9999 -9999 -9999 -9999 -9999 -9999 -9999 -9999 -9999 -9999 18.9734327528212 19.3840214411418 19.7101853688558 20.2522262997097 20.787022696601 21.2132612864176 21.4526583353678 21.6566179063585 21.879844877455 22.1696552700467 22.3548083835178 22.4696862962511 22.5697521633572 22.6268738640679 22.9131785498725 23.2853539784749 23.4783891042074 23.523014916314 23.6071359846327 23.7248895433214 23.6296954684787 22.8415387471517 22.3985055287679 23.0000069936117
-9999 -9999 -9999 -9999 -9999 -9999 -9999 -9999 -9999 -9999 -9999 -9999 -9999 -9999 -9999 -9999 -9999 -9999 -9999 -9999 -9999 -9999 -9999 -9999 18.7599350611369 19.017799589369 19.3619331783719 19.8390238020155 20.4394870334201 20.8854550255669 21.1809287601047 21.4365238613553 21.5282096862793 21.7131911383735 22.1213575998942 22.3315005832248 22.4896530575222 22.6664471096463 22.8588943481445 23.1146437327067 23.3486989339193 23.576293097602 23.6382630666097 23.6954212188721 23.7811245388455 23.6720055474175 22.8537835015191 22.1146876017253 22.2174894544813
-9999 -9999 -9999 -9999 -9999 -9999 -9999 -9999 -9999 -9999 -9999 -9999 -9999 -9999 -9999 -9999 -9999 -9999 -9999 -9999 -9999 -9999 18.3044260872735 17.8303540547689 18.7386691835191 18.9951952828301 19.2587058809068 19.7252153820462 20.2341531117757 20.7401125166151 21.0612947675917 21.3657991621229 21.4107990264893 21.4777442084418 21.8610911899143 22.1999560462104 22.45674917433 22.6622751024034 22.8491461012099 23.001851187812 23.256690343221 23.4925295511882 23.6036955515544 23.6858086056179 23.7539378272163 23.7739632924398 23.4298038482666 22.7838469611274 22.3207325405545
-9999 -9999 -9999 -9999 -9999 -9999 -9999 -9999 -9999 -9999 -9999 -9999 -9999 -9999 -9999 -9999 -9999 -9999 -9999 -9999 -9999 17.6570510864258 -9999 18.5374135971069 18.5910867055257 18.9387403064304 19.254487991333 19.47687180837 20.0847348107232 20.5851609971788 21.0034455193414 21.2534679836697 21.4635365804036 21.6265644497342 21.876163482666 22.1407642364502 22.4199121263292 22.6551856994629 22.8333462609185 23.0236807929145 23.2516445583767 23.3991525438097 23.5242294735379 23.6049749586317 23.4903397030301 23.4268107944065 23.6391741434733 23.6164891984728 23.1127726236979
-9999 -9999 -9999 -9999 -9999 -9999 -9999 -9999 -9999 -9999 -9999 -9999 -9999 -9999 -9999 -9999 -9999 -9999 -9999 -9999 -9999 -9999 18.1449434492323 18.4732152091132 18.6362920337253 18.8790395524767 19.1596133973863 19.4655753241645 19.9511940214369 20.5187125735813 20.7900931040446 20.9734041425917 21.5003161960178 21.9726138644748 22.1081133948432 22.2530203925239 22.3849519093831 22.5488067203098 22.7522756788466 22.9273935953776 23.1641241709391 23.3355929056803 23.4637735154894 23.6000493367513 23.6291637420654 23.6711158752441 23.8899940914578 23.9587035708957 23.7023694780138
-9999 -9999 -9999 -9999 -9999 -9999 -9999 -9999 -9999 -9999 -9999 -9999 -9999 -9999 -9999 -9999 -9999 -9999 17.9718634287516 -9999 -9999 17.7214804755317 18.0236556794908 18.2040348052979 18.3404155307346 18.5523065990872 19.1859583324856 19.7760436799791 20.2872797648112 20.716939078437 20.8754251268175 21.0059354570177 21.4464509752062 21.9104561275906 22.0991939968533 22.2352097829183 22.3940366109212 22.5534776051839 22.7044828202989 22.9090444776747 23.1969646877713 23.3384734259711 23.4637777540419 23.6749721103244 23.8488305409749 24.0003668467204 24.0920605129666 24.0802309248183 23.9601724412706
-9999 -9999 -9999 -9999 -9999 -9999 -9999 -9999 -9999 -9999 -9999 -9999 -9999 -9999 -9999 -9999 -9999 -9999 -9999 -9999 -9999 17.6145486831665 -9999 18.0498557620578 18.2574781841702 18.3428013059828 19.0098976559109 19.8367613686456 20.3269816504584 20.714802424113 20.9472079806858 21.1166220770942 21.389669418335 21.6778630150689 21.8331142001682 22.0219230651855 22.1801575554742 22.3739496866862 22.5997623867459 22.8560150994195 23.1359445783827 23.3240591684977 23.4832394917806 23.6539442274306 23.8727898067898 24.0738268958198 24.1886397467719 24.2054299248589 24.1704408857558
-9999 -9999 -9999 -9999 -9999 -9999 -9999 -9999 -9999 -9999 -9999 -9999 -9999 -9999 -9999 -9999 -9999 -9999 -9999 -9999 -9999 17.5178430345323 17.5541490978665 17.9366360770331 18.1865079667833 18.216999689738 18.5364517635769 19.3112344741821 19.8125969568888 20.3459949493408 20.7351883782281 21.0208100212945 21.2972700330946 21.502289030287 21.6745698716905 21.8488693237305 22.0100347730849 22.1954652998183 22.4947297837999 22.7813784281413 23.0160507626004 23.2502598232693 23.4777613745795 23.6654071807861 23.8357531229655 24.0049410925971 24.1320290035672 24.2391698625353 24.3126244015164
-9999 -9999 -9999 -9999 -9999 -9999 -9999 -9999 -9999 -9999 -9999 -9999 -9999 -9999 -9999 -9999 -9999 -9999 17.5214077631632 -9999 -9999 -9999 -9999 -9999 17.8451640870836 17.9072608947754 18.6199231677585 19.2385637495253 19.6519273122152 20.1514771779378 20.5544442070855 20.8730812072754 21.1178446875678 21.3453682793511 21.6557790968153 21.8894210391574 22.0506519741482 22.2109247843424 22.4589629703098 22.7754124535455 23.0112673441569 23.2772305806478 23.504822201199 23.6668088701036 23.8159033457438 23.9414948357476 24.0246391296387 24.1796209547255 24.3291488223606
-9999 -9999 -9999 -9999 -9999 -9999 -9999 -9999 -9999 -9999 -9999 -9999 -9999 -9999 -9999 -9999 -9999 -9999 -9999 -9999 -9999 -9999 -9999 -9999 18.5394996007284 -9999 18.6556409200033 19.2259767320421 19.7741930219862 20.1501066419813 20.4412574768066 20.7873066796197 21.0384623209635 21.2543960147434 21.617421468099 21.9158577389187 22.08337826199 22.2163702646891 22.4412954118517 22.7671532101101 23.0723720126682 23.332922829522 23.4677092234294 23.5963552263048 23.7482361263699 23.9121199713813 24.0191938612196 24.1535182529026 24.294436984592
-9999 -9999 -9999 -9999 -9999 -9999 -9999 -9999 -9999 -9999 -9999 -9999 -9999 -9999 -9999 -9999 -9999 17.3934076097276 -9999 -9999 -9999 -9999 -9999 18.3628747728136 18.5875078837077 18.5745804044935 18.3721875084771 18.7884564929538 19.3372963799371 19.8490101496379 20.2116726769341 20.5850003560384 20.9323427412245 21.1549911499023 21.4221231672499 21.6216890547011 21.7343357933892 21.8080719841851 22.210662206014 22.6768667432997 23.0074314541287 23.241761525472 23.3771313561334 23.52228418986 23.6616202460395 23.8580303192139 24.0035567813449 24.1601261562771 24.3476390838623
-9999 -9999 -9999 -9999 -9999 -9999 -9999 -9999 -9999 -9999 -9999 -9999 -9999 -9999 -9999 -9999 -9999 -9999 -9999 -9999 -9999 -9999 17.7885836495294 18.0181487401326 18.4515073564317 18.3979931937324 18.4911381403605 18.8031137254503 19.1622992621528 19.6431318918864 20.0077442593045 20.3344785902235 20.7112774319119 20.8826654222276 20.9062697092692 21.0239940219455 21.1531817118327 21.2663669586182 21.8238945007324 22.486852645874 22.782676908705 23.104667239719 23.3512227800157 23.5203386942546 23.6141724056668 23.7357349395752 23.9537508222792 24.2080940670437 24.4213140275743
-9999 -9999 -9999 -9999 -9999 -9999 -9999 -9999 -9999 -9999 -9999 -9999 -9999 -9999 17.1822885937161 -9999 -9999 -9999 17.0737417009142 17.2140372594198 16.9811214870877 17.5397581524319 17.5855961905585 17.8464197582669 18.1027733484904 18.3579512702094 18.7508074442546 19.1770178476969 19.4274028142293 19.4737864600288 19.4048974778917 19.7290832731459 20.2934994167752 20.3674293094211 20.0721696217855 20.1565215852525 20.5886584387885 21.1161407894558 21.7053860558404 22.1446062723796 22.4980852339003 22.8612410227458 23.2615888383653 23.4298057556152 23.5477070278592 23.6536401112874 23.8689212799072 24.1400174034966 24.3289693196615
-9999 -9999 -9999 -9999 -9999 -9999 -9999 -9999 -9999 -9999 -9999 -9999 -9999 -9999 16.9849179585775 17.1205107371012 -9999 -9999 17.1483194563124 17.3585866292318 17.4563373989529 16.8819929758708 -9999 17.6262626647949 18.0701015260484 18.4485632578532 18.5523160298665 19.0698030259874 19.3562925126817 19.5018775728014 19.2838571336534 19.3812280231052 19.7488425572713 19.8868555492825 19.6841889487373 20.4859034220378 20.7887407938639 20.9890702565511 21.3567803700765 21.5695264604357 22.0746801164415 22.3837782541911 22.8166050381131 23.1473418341743 23.3675929175483 23.5405000050863 23.7442406548394 24.0201341840956 24.2879572974311
-9999 -9999 -9999 -9999 -9999 -9999 -9999 -9999 -9999 -9999 -9999 -9999 17.0496790144179 -9999 -9999 16.8536763721042 17.0840670267741 -9999 17.2571694056193 17.4182980855306 17.5570668114556 -9999 -9999 -9999 18.0065306557549 18.3301772011651 18.376881175571 18.971505800883 19.1282971700033 19.2562338511149 19.112801445855 19.1284636391534 19.385022799174 19.2043361663818 19.7390880584717 20.2295282151964 20.5835683610704 20.6762771606445 21.1503969828288 21.3846223619249 21.4967842102051 21.8539805942112 22.2812525431315 22.6981824239095 23.0915908813477 23.3567167917887 23.5842931535509 23.7963123321533 23.997892803616
19.1443471908569 -9999 -9999 18.4226456748115 -9999 -9999 -9999 -9999 -9999 -9999 -9999 -9999 16.840704176161 -9999 16.7299743228489 16.7659618589613 17.1754953596327 17.0444949467977 17.1388203303019 17.3253857294718 17.5039591259427 -9999 16.9442105823093 17.0455434587267 17.2054526011149 -9999 17.7442899280124 17.796532313029 17.9249444537693 -9999 -9999 18.4612647162543 18.7628171708849 19.0265753004286 19.3088973363241 19.3574407365587 19.6483787960476 20.3513870239258 21.0553470187717 21.4489841461182 21.5772919125027 21.8141246371799 21.9804395039876 22.1373081207275 22.3467362721761 22.6993906233046 23.1279029846191 23.4582799275716 23.6484194861518
18.9327945709229 18.9350927140978 18.8898371590508 -9999 -9999 -9999 17.9872663285997 -9999 17.5265144772 -9999 -9999 -9999 17.0704312854343 -9999 16.6625267664591 -9999 -9999 16.8802235921224 17.126322110494 17.3012437820435 17.1719045639038 16.8660768932766 16.9982797834608 17.0771593517727 17.234589682685 17.6218013763428 17.7118049197727 17.950079176161 17.9270482593113 17.8329543007745 -9999 18.0564154518975 18.497913784451 18.6657241185506 18.9555006027222 19.1755686865913 19.7386980056763 20.3533823225233 20.9055841233995 21.3145131005181 21.4171295166016 21.4257645077176 21.3777124616835 21.5941407945421 21.8663813273112 22.0526053110758 22.5578954484728 23.0148230658637 23.2110871209039
18.7974001566569 19.0242769453261 18.7551663716634 18.50991513994 -9999 -9999 -9999 -9999 -9999 -9999 -9999 17.3532430860731 17.3788689507378 -9999 16.67067750295 16.5376753277249 16.5926541222466 16.740565194024 17.2305377324422 17.0644909540812 17.0511885748969 16.8441476821899 16.8487012651232 -9999 17.2199940151638 17.5094749662611 17.682666460673 -9999 -9999 17.7026761372884 -9999 18.39476913876 -9999 18.7824662526449 18.9274353451199 19.0620512432522 19.2958316802979 20.2423606448703 20.5321581098768 20.9461163414849 21.2725929684109 21.4640278286404 21.422489590115 21.4027442932129 21.5102670457628 21.8290903303358 22.1844783359104 22.4847532908122 22.7220363616943
-9999 18.8252903620402 18.5456274880303 18.2956041759915 17.9719262652927 17.3778520160251 17.3065795898438 -9999 -9999 -9999 -9999 17.1725557115343 17.2441073523627 17.2661072413127 -9999 16.477434264289 16.613248401218 16.8853539360894 16.8216870625814 16.6099886364407 -9999 16.6823561986287 16.836464881897 16.9255324469672 17.1003865136041 17.17163933648 -9999 -9999 -9999 17.2309245003594 17.7918178770277 18.085183567471 18.2017971674601 18.3240776062012 18.835913128323 18.8054009543525 19.2262063556247 19.6067399978638 19.8937902450562 20.3931937747531 20.8509082794189 21.2168098025852 21.3438324398465 -9999 21.6292612287733 22.0617425706651 22.3281815846761 22.504126018948 22.7074551052517
19.5851607852512 18.6290249294705 18.4477098253038 18.3794856601291 18.282737520006 -9999 17.3990622626411 -9999 -9999 -9999 -9999 16.9499767091539 17.2090814378526 17.2991395526462 17.0623247358534 -9999 16.7995497385661 16.2665092680189 -9999 16.3236300150553 -9999 -9999 -9999 16.5699149237739 16.7527927822537 16.8677034378052 17.1394928826226 17.4239426718818 17.3311471939087 17.3632752100627 17.680432955424 18.0173717074924 18.1151352988349 18.3599207136366 18.5846744113498 18.5763098398844 19.0623741149902 19.2256736755371 19.5692987442017 20.4150820838081 20.6856149037679 20.9793419308133 -9999 -9999 21.560020658705 21.9333498213026 22.2617418501112 22.4613545735677 22.6858808729384
19.0212710698446 18.3910258611043 18.367582321167 18.3604865603977 18.3186293707954 16.9570976893107 -9999 -9999 -9999 -9999 17.3371849060059 16.7836103439331 17.1545361412896 17.1382695304023 16.7923717498779 -9999 -9999 -9999 15.9046499464247 -9999 -9999 -9999 -9999 16.2128251393636 16.716297255622 16.9707644780477 17.1860047446357 17.4097304873996 17.5694830152724 17.5719477335612 17.5394290288289 17.9030543433295 18.0972461700439 -9999 18.5278640323215 18.6987444559733 19.189400460985 19.3515592151218 19.3512805302938 19.8153962029351 20.0591870413886 20.1407271491157 20.6427913241916 20.8042280409071 21.1328890058729 21.6501314375136 22.0371593899197 22.4693773057726 22.7064194149441
18.7523323694865 18.4097462760078 18.2241222593519 18.0948621961806 17.5808493296305 16.7717343436347 -9999 -9999 16.7035252253215 17.2838678359985 17.1550616158379 16.4969195259942 -9999 -9999 -9999 -9999 -9999 -9999 -9999 -9999 -9999 -9999 -9999 16.1911255518595 16.6290448506673 16.9600693384806 17.239265759786 17.2851979997423 17.5455995135837 17.5286503897773 17.6054787105984 18.2999993430244 18.8926885392931 19.1686712900798 18.9936790466309 19.0019390318129 19.3874979019165 19.6171637641059 19.821219974094 20.0024496714274 19.9584222369724 20.2631421618991 20.6346922980415 20.7892333136665 20.9381607903375 21.1704728868273 21.752403471205 22.0970594618056 22.4373262193468
