data/test_2003/bio3_avg_1994-2002.asc
NCOLS 664 
NROWS 380 
XLLCORNER 3.91666666666667 
YLLCORNER 55.3333333333333 
CELLSIZE 0.0416666666666667 
NODATA_value -9999 
[rows 242 to 263 of 380, columns 490 to 538 of 664]
23.9380550384521 24.0049112108019 24.0628577338325 24.1045388115777 24.1592593722873 24.1686740451389 24.154781765408 24.1966582404243 24.3315751817491 24.3914930555556 24.4232353634304 24.3592137230767 24.3007049560547 24.3694771660699 24.439797507392 24.4450329674615 24.4541657765706 24.1770850287543 23.732564078437 23.4805463155111 23.5006391737196 23.5327928331163 23.4513267940945 23.2823944091797 23.0496122572157 22.8139826456706 22.6919100019667 22.8158143361409 23.0341584947374 22.9303641849094 22.6945762634277 22.9271263546414 23.181702931722 23.0117933485243 22.9022776285807 22.8347212473551 22.8269610934787 22.7956362830268 22.7497001224094 22.7303818596734 22.6975203620063 22.735043419732 22.7626934051514 22.7160085042318 22.6422954135471 22.647793451945 22.6165854136149 22.5958262549506 22.5235714382595
23.88375960456 24.0225368075901 23.9735777113173 23.9556316799588 24.0518351660834 24.1435890197754 24.1328754425049 24.0436250898573 24.167397181193 24.3364412519667 24.3718630472819 24.2467787000868 24.27954949273 24.4189349280463 24.4624508751763 24.4765472412109 24.5090510050456 24.3733976152208 24.132730907864 23.9615033467611 23.8282803429498 23.7896567450629 23.7252911461724 23.6101964314779 23.48566309611 23.3782102796767 23.3594207763672 23.3103516896566 23.2868317498101 23.1517177157932 22.9514062669542 23.1157766977946 23.3516061570909 23.2259955936008 23.1663434770372 23.0854201846653 23.0149870978461 22.8714305029975 22.6690133412679 22.4378289116753 22.5329384273953 22.8201194339328 22.8687290615506 22.717551973131 22.683155907525 22.800281100803 22.8911448584663 22.9044378068712 22.7681670718723
23.8883296118842 23.945643319024 23.9765099419488 23.9107115003798 23.9331978691949 24.1287280188666 24.2535718282064 24.2290075090196 24.1870441436768 24.2525352901883 24.2526859707303 24.2209078470866 24.2525369856093 24.4383445315891 24.5303020477295 24.4951097700331 24.5088091956245 24.4697028266059 24.3369528452555 24.1918987698025 24.1119761996799 23.9941929711236 23.88312403361 23.8495068020291 23.8412183125814 23.8110131157769 23.800327512953 23.738561630249 23.7681602901883 23.8059090508355 23.8205471038818 23.8993403116862 23.8422069549561 23.5837938520643 23.2914538913303 23.0451371934679 22.9718657599555 22.9719109005398 22.8260050879584 22.7772168053521 22.8992368910048 22.9671060774061 22.7315425872803 22.6941458384196 22.7062324947781 22.6905286577013 22.8341687520345 22.9349085489909 22.9397438897027
23.9934412638346 23.9199481540256 23.9418527815077 23.9814823998345 24.0576224856906 24.1996188693576 24.2811643812392 24.3032135433621 24.3307598961724 24.4130579630534 24.4130212995741 24.3449645572239 24.3010580274794 24.4210713704427 24.5430507659912 24.5783201853434 24.5203887091743 24.4756830003526 24.3917388916016 24.2825325859918 24.2157009972466 24.1509590148926 24.0710152520074 24.0957980685764 24.0546489291721 23.9969183603923 23.954004711575 23.9794351789686 24.1087680392795 24.1804129282633 24.3008117675781 24.3704744974772 24.2110758887397 23.9704225328233 23.6990288628472 23.5356934865316 23.4427320692274 23.3946607377794 23.2324377695719 23.2363633049859 23.3055409325494 23.2699839274089 23.0801963806152 23.06289990743 22.9832068549262 22.8944051530626 22.8710958692763 22.847787645128 22.8961249457465
24.1580562591553 24.1533150143094 24.1400095621745 24.1029109954834 24.1056486765544 24.1770218743218 24.2455192142063 24.3129804399278 24.3997088538276 24.4713060590956 24.5264814164903 24.4961217244466 24.3949591318766 24.3014500935872 24.3729631635878 24.4719142913818 24.4622253841824 24.4290290408664 24.4008895026313 24.3323650360107 24.3184087541368 24.2378020816379 24.1900111304389 24.1813104417589 24.1599527994792 24.1401528252496 24.0572920905219 24.0507725609673 24.1336566077338 24.1791737874349 24.3291825188531 24.4427007039388 24.4045422871908 24.2196356455485 24.0283124711778 23.8880697886149 23.8080240885417 23.7596204545763 23.6585099962023 23.6235247717963 23.6223638322618 23.6740771399604 23.6909463670519 23.6140615675184 23.4863043891059 23.4147449069553 23.3763088650174 23.3030925326877 23.1912761264377
24.1959692637126 24.2243955400255 24.1834297180176 24.0209861331516 24.0089043511285 24.0764049953885 24.0562243991428 24.1447279188368 24.3651277754042 24.4691020117866 24.5620848337809 24.5459459092882 24.5158254835341 24.4661892784966 24.4652739630805 24.4472342597114 24.3804136912028 24.4302488962809 24.4679111904568 24.4042205810547 24.3380300733778 24.2492643992106 24.1895929972331 24.2130868699816 24.2206914689806 24.2001039716933 24.1883068084717 24.21417872111 24.2556137508816 24.3033341301812 24.3954910702176 24.4623364342584 24.4027904934353 24.2274865044488 24.0752919514974 23.9881038665771 23.9246058993869 23.8959414164225 23.8798349168566 23.8771419525146 23.9008555942112 23.9513594309489 23.9595103793674 23.9041597578261 23.792535993788 23.7481507195367 23.7386847601997 23.673490524292 23.5537289513482
24.0704383850098 24.1273127661811 24.0463059743245 23.9262483384874 23.9410432179769 24.0178775787354 24.0607963138156 24.2289945814345 24.40502081977 24.4926162295871 24.595671971639 24.5968441433377 24.5573734707303 24.5512176089817 24.5365768008762 24.4462769826253 24.3579078250461 24.4433498382568 24.5238492753771 24.4623699188232 24.3748366038005 24.3110671573215 24.2869523366292 24.325472301907 24.2919656965468 24.2602882385254 24.3149055904812 24.3297449747721 24.3172912597656 24.3550251854791 24.3458853827582 24.3556844923231 24.2954620785183 24.1776042514377 24.0870463053385 24.0379411909315 24.0038435194227 24.0237659878201 24.0579912397597 24.0830139584011 24.1103477478027 24.1431458791097 24.1633294423421 24.0853097703722 23.8798264397515 23.8201724158393 23.8874350653754 23.882314046224 23.8391579522027
23.951855553521 24.0165846082899 23.9279090033637 23.8643008338081 23.9859928554959 24.0908039940728 24.2053835127089 24.3580599890815 24.4583206176758 24.5476756625705 24.6401068369548 24.6311255560981 24.5924390157064 24.5468235015869 24.5453686184353 24.5033779144287 24.4749308692084 24.5536229875353 24.5858696831597 24.504169676039 24.439186308119 24.3738360934787 24.2946232689752 24.2724066840278 24.2809958987766 24.2982569800483 24.225958082411 24.2013577355279 24.3243870205349 24.3526312510173 24.2342408498128 24.2482142978244 24.2824787563748 24.2656531863742 24.2400472429064 24.2013547685411 24.1692072550456 24.1383264329698 24.1230420006646 24.0442901187473 23.9865709940592 23.983678817749 24.1065707736545 24.1648231082492 24.072916454739 24.0050512949626 24.0486725701226 24.0548248291016 23.9576456281874
23.8647297753228 23.8108469645182 23.6216905381944 23.7299654218886 24.0007216135661 24.1157620747884 24.1255410512288 24.1957035064697 24.3158151838515 24.5047119988335 24.6015457577176 24.6156298319499 24.5612606472439 24.4512189229329 24.4759470621745 24.570996178521 24.5803148481581 24.5369544559055 24.5239618089464 24.4977853563097 24.3675225575765 24.263417561849 24.2392972310384 24.1783705817329 24.2583995395237 24.2904964023166 24.2200311024984 24.1727625528971 24.3299488491482 24.4368519253201 24.3936477237278 24.3701254526774 24.4028877682156 24.3555723826091 24.3752901289198 24.3003885481093 24.2391372256809 24.1810107760959 24.1691646575928 24.0821126302083 23.9915866851807 24.0788786146376 24.2081881629096 24.3152211507161 24.390370686849 24.3195302751329 24.2194260491265 24.1647243499756 24.0709749857585
23.7347022162543 23.6220236884223 23.4244798024495 23.6257129245334 23.9667888217502 23.9933486514621 23.9537830352783 23.9218760596381 24.0942965613471 24.3469528622097 24.4940537346734 24.5844982994927 24.5243956247966 24.3920540279812 24.4647218916151 24.5118925306532 24.4137257470025 24.3505115509033 24.3864563835992 24.3675223456489 24.2417151133219 24.1429765489366 24.2163838280572 24.236200120714 24.3115743001302 24.3019580841064 24.3493345048692 24.412571589152 24.4954058329264 24.5731245676676 24.6402403513591 24.6074915991889 24.4911999172635 24.3790927463108 24.332586924235 24.2975983089871 24.2332678900825 24.2411026424832 24.3195359971788 24.4071888393826 24.4846314324273 24.5679463280572 24.5552946726481 24.5098345014784 24.5409658220079 24.55038134257 24.4124069213867 24.3156744639079 24.2346377902561
23.7009631262885 23.7110714382595 23.7036605411106 23.7968735165066 23.924350950453 23.9656422932943 23.9201585981581 23.8556702931722 24.0382175445557 24.2956818474664 24.4766303168403 24.5739373101128 24.5534598032633 24.5198887719048 24.5175238715278 24.3688187069363 24.2439149220784 24.2092685699463 24.286845948961 24.2614065806071 24.1956136491564 24.1871142917209 24.205812242296 24.2787988450792 24.303591410319 24.2799010806614 24.3345169491238 24.4631493886312 24.5466774834527 24.5903917948405 24.5786895751953 24.4980896843804 24.4452453189426 24.411714553833 24.3753164079454 24.3719444274902 24.3135155571832 24.2842350006104 24.4495915306939 24.6004337734646 24.6961970859104 24.7413845062256 24.6667465633816 24.6061420440674 24.6404976314969 24.6761487325033 24.5561247931586 24.38958952162 24.2022111680773
23.6048675113254 23.6154147254096 23.6502963172065 23.7543763054742 23.8141952090793 23.8852055867513 23.90179655287 23.9486077626546 24.2040765550401 24.4060476091173 24.5449271731906 24.5906933678521 24.5886071523031 24.566430621677 24.4867814381917 24.3902261522081 24.2815085517036 24.1986083984375 24.1753629048665 24.1932095421685 24.1375681559245 24.1542133755154 24.2065635257297 24.1801043616401 24.1162543826633 24.1677837371826 24.2866408030192 24.4187939961751 24.5485918256972 24.5437454647488 24.510078854031 24.4724606408013 24.4726742638482 24.5193852318658 24.4964370727539 24.4084803263346 24.4158681233724 24.464291466607 24.5953610738118 24.6351155175103 24.7093062930637 24.696720123291 24.6179650624593 24.6452732086182 24.6825021107992 24.6569972568088 24.5677182939317 24.3962226443821 24.2192531161838
23.3100121815999 23.3893068101671 23.5007366604275 23.5278532240126 23.5692024230957 23.5994406806098 23.6919981638591 23.8931545681424 24.0804983774821 24.1859294043647 24.3329486846924 24.5012431674533 24.5232435862223 24.4632278018528 24.4223499298096 24.3565288119846 24.238101111518 24.178103129069 24.1251580980089 24.110706753201 24.0710864596897 24.0924712287055 24.0966004265679 24.0182764265272 23.8937979804145 24.0653459760878 24.261381149292 24.409325281779 24.4935366312663 24.4873729281955 24.4498153262668 24.4360330369737 24.456323199802 24.4670054117839 24.4639763302273 24.4107187059191 24.4619647132026 24.5699804094103 24.6438287099202 24.689184612698 24.7127948337131 24.6445149315728 24.3905578189426 24.456686867608 24.5719066196018 24.5399150848389 24.3642792171902 24.2001643710666 24.0544408162435
23.3477058410645 23.3485815260145 23.3911022610135 23.345784717136 23.2788213094076 23.2411403656006 23.2653357187907 23.4206013149685 23.6192200978597 24.0278744167752 24.2622008853489 24.3731873830159 24.4082440270318 24.3481769561768 24.2834014892578 24.2098272111681 24.1009523603651 24.0355230967204 23.995951546563 23.9822722540961 23.9563064575195 23.9965078565809 23.9763711293538 23.9991815355089 24.0193693372938 24.1138117048475 24.2223038143582 24.3279230329725 24.461801317003 24.4865389929877 24.4657395680745 24.4603343539768 24.4655329386393 24.5208348168267 24.5320629543728 24.5405773586697 24.5315295325385 24.6002523634169 24.6352310180664 24.6086162990994 24.6339041392008 24.6276548173692 24.5947083367242 24.570250193278 24.5410724216037 24.4443497127957 24.2698131137424 24.0405373043484 23.7756479051378
23.2553390926785 23.1993016137017 23.144385655721 23.2560907999674 23.405753241645 23.4265149434408 23.4731718699137 23.5984412299262 23.7311000823975 23.9736590915256 24.0989623599582 24.1720570458306 24.1846525404188 24.1291342841254 24.0854165818956 24.0129659440782 23.9430226220025 23.8355403476291 23.7539588080512 23.7387782202827 23.6986134847005 23.7042840321859 23.7822110917833 23.9018317328559 24.0152765909831 24.0746493869358 24.1365564134386 24.1726322174072 24.3185388776991 24.4642643398709 24.4995432959663 24.5394980112712 24.6460590362549 24.6350835164388 24.4928427802192 24.4984389411079 24.5682771470812 24.6443744235569 24.6111255221897 24.4964707692464 24.4757463667128 24.4988536834717 24.4559959835476 24.4283449384901 24.3796988593207 24.2187955644396 24.0480475955539 23.9581127166748 23.7400694953071
22.9598738352458 22.9696261088053 23.0209028455946 23.1414084964328 23.2343504163954 23.3136859469944 23.4575197431776 23.6351201799181 23.7593157026503 23.8473716311985 23.850500954522 23.8936278025309 23.9376782311334 23.9896392822266 23.9734901852078 23.7725461324056 23.5639099544949 23.4595194922553 23.5042603810628 23.5327328575982 23.5152289072673 23.5447436438666 23.6380600399441 23.7202710045709 23.8193785349528 23.8486999935574 24.0056332482232 24.1817741394043 24.3173111809625 24.4224054548475 24.5090346866184 24.494973288642 24.4794623057048 24.5110007392036 24.499248292711 24.4987612830268 24.5747195349799 24.5881485409207 24.5607011583116 24.3893004523383 24.2420927683512 24.2542090945774 24.1110568576389 24.0538662804498 24.0035362243652 23.8487663269043 23.768392139011 23.6144843631321 23.4409847259521
22.6520178053114 22.7317947811551 22.7564127180311 22.8008278740777 22.8900438944499 23.0353245205349 23.2030720180935 23.3451154496935 23.3690145280626 23.3638405270047 23.4883755577935 23.5959108140733 23.665108150906 23.7374458312988 23.7812135484483 23.681855307685 23.4768863254123 23.360759947035 23.3482793172201 23.3479654524061 23.3146476745605 23.3901867336697 23.4811119503445 23.5522316826714 23.6286695268419 23.7242804633247 23.9458491007487 24.1941833496094 24.2734837002224 24.3735569847955 24.4950976901584 24.538553237915 24.4346277448866 24.3777061038547 24.3655738830566 24.4533697764079 24.3423351711697 24.3116667005751 24.3875503540039 24.3282356262207 24.1058468288845 23.7859388987223 23.514075173272 23.6269995371501 23.5317493014865 23.4655428992377 23.2529345618354 23.0714314778646 22.9708502027724
22.2515341440837 22.2051467895508 22.218936920166 22.2898996141222 22.3910747104221 22.5323130289714 22.6529399024116 22.8018925984701 22.9357505374485 23.0534540812174 23.1600759294298 23.2690054575602 23.3813006083171 23.4654668172201 23.5475601620144 23.5069804721408 23.2570544348823 23.1131935119629 23.0782381693522 22.9904450310601 22.9676021999783 23.0488520728217 23.1974605984158 23.2896614074707 23.3830314212375 23.5521125793457 23.7955345577664 24.0201271904839 24.118978076511 24.1567582024468 24.216237809923 24.1801594628228 24.0901359981961 24.195790608724 24.2802039252387 24.3538934919569 24.2735820346408 24.0776519775391 23.9773941040039 24.0085972679986 23.9062387678358 23.7384522755941 23.39266649882 -9999 23.2528635660807 22.9354606204563 -9999 22.3054404788547 22.6580617692735
22.0924161275228 22.0405271318224 22.0137676662869 22.0154503716363 22.0215909745958 22.0359410179986 22.0716692606608 22.2809149424235 22.4644063313802 22.6177399953206 22.6928257412381 22.7712277306451 22.9023543463813 23.0145628187392 23.1579761505127 23.1673906114366 22.9665359920926 22.809284845988 22.6825959947374 22.5667031606038 22.5857467651367 22.6978359222412 22.8625274234348 22.9822249942356 23.1806263393826 23.3912688361274 23.5784352620443 23.7827438778347 23.8544023301866 23.7900291019016 23.6603552500407 23.8915894826253 24.1121527353923 24.1684970855713 24.1152288648817 24.1543926662869 24.0690604315864 23.7703647613525 23.6341885460748 23.7729297214084 23.6911877526177 23.6067377726237 23.3815178341336 23.1519281599257 22.9994992150201 22.736536026001 22.2059243520101 -9999 -9999
21.8040805392795 21.7771415710449 21.7993331485324 21.7890436384413 21.7329754299588 21.6893672943115 21.7109942966037 21.8423796759711 21.9915218353271 22.2355228000217 22.3064274258084 22.3539159562853 22.3628249698215 22.3067972395155 22.3361401028103 22.4504792955187 22.4194605085585 22.405486424764 22.2940150366889 22.2686040666368 22.3217093149821 22.3920533921983 22.5280083550347 22.6951738993327 22.9303529527452 23.0950459374322 23.2596003214518 23.435081270006 23.5623900095622 23.4594711727566 23.4694938659668 23.5284627278646 23.973608440823 23.9676246643066 23.7824230194092 23.8364861806234 23.5878473917643 23.458639992608 23.4486348893907 23.6399881574843 23.5232675340441 23.3125644259983 23.2231653001573 23.1465401119656 -9999 -9999 -9999 -9999 -9999
21.5244924757216 21.4784721798367 21.4924831390381 21.5174513922797 21.5896180470784 21.5919306013319 21.5831211937798 21.6356042226156 21.675902472602 21.8041233486599 21.8872985839844 21.8951155344645 21.767486360338 21.4926473829481 21.392463684082 21.349850124783 21.2714434729682 21.5383241441515 21.726139916314 21.8447587754991 21.8965481652154 21.561526828342 21.7714409298367 22.1195462544759 22.301613913642 22.8621626959907 22.8418907589383 23.0251460605197 22.8555181291368 -9999 23.3527136908637 23.3362151251899 23.2908310360379 -9999 23.478076087104 23.2699777815077 23.2625810835097 23.1942272186279 23.1497724321153 22.998481326633 -9999 -9999 -9999 -9999 -9999 -9999 -9999 -9999 -9999
21.1980701022678 21.1409606933594 21.1554366217719 21.292603386773 21.4033686319987 21.3117192586263 21.2288862864176 21.2238241831462 21.2302163441976 21.2278457217746 21.2861970265706 21.1240607367622 20.823263168335 20.4541962941488 20.0685042275323 20.2511117723253 20.4600407282511 20.4776838090685 21.1974353790283 21.5179148779975 21.6244608561198 -9999 -9999 -9999 21.4947776794434 -9999 22.1228379143609 22.2602339850532 22.5039416419135 -9999 -9999 23.1576722462972 -9999 -9999 -9999 23.217721303304 23.2220181359185 -9999 -9999 -9999 -9999 -9999 -9999 -9999 -9999 -9999 -9999 -9999 -9999
