data/test_2003/bio4_avg_1994-2002.asc
NCOLS 664 
NROWS 380 
XLLCORNER 3.91666666666667 
YLLCORNER 55.3333333333333 
CELLSIZE 0.0416666666666667 
NODATA_value -9999 
[rows 110 to 131 of 380, columns 343 to 391 of 664]
976.440151638455 983.732021755642 990.910563151042 995.453213161892 995.853630913628 978.852416992188 977.61757405599 988.304239908854 995.557610405816 993.005059136285 994.088290744358 999.622816297743 1003.04266357422 1000.15549723307 995.399068196615 1007.96527777778 1025.22245958116 1030.88241916233 1035.8269382053 1043.9566921658 1053.84387207031 1062.67043728299 1068.8982272678 1072.82377115885 1074.03072781033 1075.5537516276 1077.08251274957 1079.1881374783 1080.74689398872 1080.3170437283 1077.28507486979 1077.0568508572 1081.41904025608 1083.41055636936 1081.53315565321 1076.88612874349 1072.4031914605 1070.86960177951 1062.93532986111 1061.39970567491 1062.56396484375 1066.41421847873 1070.36572943793 1063.72998725043 1052.89352077908 1046.90511745877 1036.73808458116 1027.06558566623 1018.02954101562
989.947970920139 996.870395236545 1001.00910780165 1002.86741807726 1002.41475423177 989.260342068142 996.113342285156 997.292032877604 992.724548339844 998.390380859375 992.287387424045 988.771036783854 993.496215820312 990.787122938368 993.518330891927 1004.51453993056 1016.08038330078 1020.06612820095 1025.55023193359 1035.03741455078 1041.09099663628 1047.3759358724 1055.57486979167 1061.21706136068 1059.12622748481 1057.40931532118 1059.09377034505 1060.38559977214 1064.47601996528 1069.56648763021 1071.59157307943 1069.92901611328 1070.30988226997 1070.93711344401 1070.16528320312 1065.90949164497 1063.80110677083 1064.48877631293 1056.58002387153 1046.14286973741 1044.52825927734 1045.36983235677 1042.55574544271 1045.16952175564 1047.76631673177 1049.35120307075 1046.74570719401 1039.73587375217 1035.76355658637
965.215108235677 972.572848849826 978.08206515842 983.700602213542 993.839687771267 1004.28111436632 1002.71867540148 993.36080593533 990.834845648872 998.798258463542 1007.4823811849 1007.45892333984 1008.52242702908 1005.93556722005 1010.29810248481 1011.96395534939 1013.38755289714 1018.13468424479 1025.54210069444 1036.64641655816 1042.69530571832 1042.05309380425 1043.51214599609 1047.83308241102 1043.42494710286 1036.10713704427 1036.50181749132 1041.05809868707 1048.57501220703 1053.43653700087 1057.49247911241 1062.18328857422 1064.29368082682 1059.21963161892 1053.97705756293 1061.76298014323 1066.00394015842 1066.56547715929 1054.75321451823 1037.25461832682 1032.38905843099 1030.42613389757 1017.99688720703 1028.3823038737 1041.23002794054 1047.35504150391 1045.65734863281 1040.17613389757 1038.95117865668
988.627190483941 989.740743001302 995.443244086372 1001.10970730252 1002.66777208116 1009.01536729601 1011.74972195095 1000.75277370877 1001.00763617622 1013.64301893446 1014.46945529514 1006.60892062717 1013.41258409288 1023.25524902344 1022.99260796441 1013.55436197917 1012.32548014323 1019.39526367188 1028.66523573134 1037.07727050781 1040.99764675564 1039.09248860677 1039.20694308811 1044.99620225694 1045.48446994358 1030.45290120443 1029.07739935981 1021.84751383464 1017.66507297092 1031.53019205729 1041.47595893012 1055.46458604601 1059.06983778212 1056.79873318142 1056.40743001302 1062.05449761285 1065.39793565538 1065.6220703125 1059.77048068576 1053.0824991862 1045.09865993924 1041.70842827691 1040.55070665148 1036.41186523438 1033.75472683377 1036.58766004774 1041.23762342665 1037.4488796658 1025.46693929036
998.575826009115 998.224324544271 1003.34679497613 1004.36952718099 996.01552327474 991.887363009983 1003.52872043186 1015.48129611545 1022.56350368924 1029.50213623047 1020.65300835503 1011.34580485026 1018.25823974609 1020.73571099175 1026.58612060547 1025.3874850803 1026.99904378255 1028.79819742839 1031.58078342014 1039.20913357205 1044.18228488498 1045.50469970703 1042.76845296224 1043.23735894097 1044.23623318142 1042.1539577908 1029.18687608507 1026.33342149523 1017.6554429796 1013.54767523872 1021.47884792752 1033.63481987847 1045.02574327257 1049.27255588108 1052.50405544705 1053.5675930447 1050.20012749566 1047.09166124132 1040.3925374349 1039.97578938802 1035.4749077691 1025.68589952257 1024.31157769097 1023.6200764974 1012.18561469184 1012.50214979384 1022.03063964844 1023.4274359809 1021.65976969401
996.860093858507 984.270216200087 985.758565266927 976.113220214844 975.91461859809 982.365159776476 995.550462510851 1024.07969156901 1041.26521131727 1043.93197292752 1040.27992078993 1036.707160102 1033.29154459635 1036.75931125217 1038.02412923177 1040.19431559245 1039.87143961589 1037.53786214193 1041.19455295139 1045.10925292969 1047.03569878472 1050.0934109158 1043.35676405165 1036.87964545356 1038.58106146918 1040.47157796224 1040.38912624783 1035.90190972222 1029.87110053168 1023.11473253038 1025.18523491753 1026.4586859809 1028.72173394097 1029.74207899306 1027.59295654297 1033.95536973741 1039.84088812934 1035.63739013672 1033.93481445312 1033.49280463325 1027.53519015842 1009.9850124783 1008.14577907986 1016.61120605469 1013.9562242296 1013.93493652344 1016.87063259549 1015.71148681641 1010.7164577908
1012.03951009115 1010.06112331814 1012.43279351128 1007.17717149523 1005.99293348524 1001.46348741319 1016.36378309462 1034.67038302951 1046.91715494792 1051.46582709418 1051.15100097656 1050.71169026693 1046.62101915148 1040.41752115885 1037.81098090278 1037.56977674696 1040.01073540582 1041.05131700304 1038.81079101562 1039.39659288194 1040.0284898546 1045.0680609809 1043.67188178168 1037.02718777127 1034.33404541016 1030.6542561849 1029.63733588325 1028.85055202908 1023.51180013021 1024.38343641493 1027.31323242188 1023.05310058594 1016.06007215712 1008.26588948568 1012.60540771484 1016.99775526259 1025.95936414931 1038.03758409288 1044.97352430556 1044.80914984809 1036.81471761068 1018.4724460178 1004.34630669488 1010.738152398 1021.8766140408 1025.76500786675 1020.40634494358 1016.47485351562 1015.68092854818
974.190022786458 975.85829671224 1000.27121310764 1022.22334120009 1034.89259168837 1037.99547661675 1044.51223415799 1050.04375542535 1052.07838270399 1051.29638671875 1048.15603298611 1052.71665445964 1040.33859592014 1021.18256971571 1027.75203450521 1027.58460150825 1025.07406955295 1015.60199652778 1018.36788601345 1029.82706027561 1035.63452148438 1038.78749593099 1041.66739908854 1039.64867485894 1036.58018663194 1032.443488227 1029.24420844184 1023.28675672743 1014.41787380642 1008.14071994358 1013.4319797092 1024.32293701172 1022.31608072917 1010.64165581597 1006.1517062717 1007.58468288845 1007.0800374349 1016.10928005642 1029.03697374132 1038.21152750651 1035.31361897786 1018.31575520833 997.506327311198 999.758307562934 1012.4256117079 1023.66554090712 1023.64480251736 1017.48643663194 1018.46252441406
982.254869249132 977.390611436632 983.989013671875 993.987535264757 1015.08591037326 1030.820183648 1038.47308349609 1040.71676296658 1044.44538031684 1047.20903862847 1050.57413736979 1055.47188313802 1051.71710883247 1041.04979112413 1045.86896430122 1048.76321750217 1040.26426866319 1026.98341200087 1028.05108642578 1037.61912706163 1041.64541965061 1043.5979953342 1042.02634006076 1035.93837483724 1029.12856038411 1021.92289903429 1021.21688503689 1017.78981526693 1011.91931152344 1016.32674831814 1019.96048312717 1026.19003634983 1027.57271321615 1014.18608262804 1000.71341281467 1001.96504041884 1004.76622178819 1007.86720106337 1014.69468858507 1024.81053331163 1032.75254991319 1020.68837483724 1008.63235134549 998.753458658854 1001.49085150825 1006.89784749349 998.416646321615 997.346544053819 1006.70901150174
984.740390353733 977.302530924479 978.167521158854 978.134067111545 985.487101236979 1001.34899224175 1008.60350884332 1014.82220458984 1024.97765435113 1032.87891303168 1039.95106336806 1051.03334554036 1056.86358642578 1058.62142605252 1056.29587809245 1048.95850287543 1030.80350748698 1032.4539320204 1041.12433539497 1041.06519232856 1039.63910590278 1037.04562717014 1033.69525824653 1025.19415283203 1021.09164089627 1014.17932128906 1013.97435167101 1012.85966661241 1012.24249945747 1017.04823133681 1024.35861545139 1028.71476236979 1023.80682373047 1021.20798746745 1016.17319742839 1002.32853868273 1005.35361735026 1007.75328233507 1014.04903157552 1028.19333902995 1035.84617784288 1030.74283175998 1017.99667019314 1010.21105957031 1011.26348198785 1009.26068793403 1002.03229437934 999.617112901476 1004.44795735677
998.41357421875 986.042765299479 978.255879720052 986.004211425781 993.139166937934 998.033379448785 982.853698730469 977.082078721788 988.862386067708 1004.06468370226 1024.2028266059 1039.85609266493 1049.82716878255 1054.51344129774 1054.09616427951 1044.69967312283 1027.09332953559 1027.77815755208 1044.32137044271 1054.98179117839 1056.41853841146 1049.84003363715 1044.35256618924 1042.0002102322 1042.54167344835 1039.79724799262 1021.43496365017 1007.83044433594 1014.36962212457 1018.94343397352 1025.45309109158 1024.08737521701 1020.56716579861 1019.30177815755 1018.26215277778 1011.92526584201 1010.03093126085 1014.4065890842 1011.564453125 1022.699347602 1033.97527398003 1031.8972913954 1022.27486165365 1009.79196506076 1006.56163872613 997.831007215712 994.617913140191 997.397467719184 1001.84138319227
993.837009006076 1002.22906494141 1003.85589599609 1005.56658257378 1011.24314371745 1008.81279161241 1000.33763292101 990.296162923177 988.67226155599 993.58391655816 1016.75035942925 1035.96572536892 1036.6239827474 1035.29314507378 1045.21378580729 1046.01739501953 1038.32815890842 1033.38896348741 1042.86744520399 1052.30121527778 1056.30032687717 1057.40142822266 1052.5067952474 1041.60602484809 1042.01561143663 1048.00059678819 1041.79125298394 1035.70706515842 1037.58662245009 1037.27132839627 1031.6480984158 1020.01224772135 1001.72022840712 999.821838378906 1010.85588243273 1021.44965955946 1016.35009087457 1013.8512234158 1012.37590196398 1021.44164360894 1033.40355767144 1034.41416422526 1031.2656656901 1025.32240125868 1017.51190863715 998.18073187934 995.231655544705 1005.0026312934 1010.83702935113
1002.10534667969 1000.05139838325 1004.97775607639 1015.3063422309 1017.67577446832 1011.34496392144 996.387769911024 993.395134819878 997.237419976128 999.637159559462 1019.42633056641 1033.05526394314 1041.1254679362 1042.10574679905 1039.913933648 1039.18880886502 1040.0263671875 1040.09667290582 1045.3315633138 1051.91790093316 1052.61570909288 1047.50748697917 1048.01289198134 1042.66115993924 1036.28903537326 1035.02888319227 1040.79858398438 1044.11657714844 1040.87276882595 1024.03932698568 1006.82901340061 1010.33966064453 1006.79035780165 1007.77685546875 1009.57993570964 1015.76519775391 1023.77499050564 1028.84315999349 1026.50991482205 1028.48316786024 1034.7469007704 1040.720703125 1041.59620496962 1034.84623887804 1033.53410508898 1021.35887315538 1013.77983262804 1015.39628770616 1014.5991414388
1005.22317165799 987.773763020833 987.200459798177 1005.82828097873 1011.89591471354 1006.04522705078 991.425557454427 993.027235243056 1005.89010281033 1014.82615152995 1025.22926839193 1038.48853217231 1048.28470865885 1048.98884412977 1040.51026746962 1031.82064480252 1037.98956976997 1047.1440633138 1056.75862630208 1061.74014621311 1057.99824354384 1041.63893636068 1030.81787787543 1027.57815890842 1027.62955050998 1033.86206732856 1041.90690782335 1048.62660047743 1047.7788289388 1041.48659939236 1034.62846544054 1028.42400444878 1022.97099473741 1017.05094401042 1018.42391628689 1024.56747097439 1028.05860731337 1030.23593478733 1028.91799587674 1030.55723741319 1035.70613606771 1042.00758192274 1047.4760538737 1048.98236762153 1048.18223741319 1045.32820638021 1037.87602403429 1028.14582655165 1028.86394585503
1007.71956380208 997.213785807292 990.73737250434 998.559889051649 1003.06157090929 1001.18530273438 992.978590223524 988.915879991319 992.836602105035 1003.72698974609 1017.71044921875 1032.01300048828 1043.18157280816 1048.8266805013 1040.92675103082 1029.98933919271 1036.20212809245 1051.05308702257 1060.26406521267 1066.91806369358 1066.35462782118 1052.25017632378 1040.44993082682 1025.1716647678 1023.54905192057 1028.10523817274 1037.97625732422 1047.78181966146 1048.28969319661 1045.44114176432 1035.91120741102 1017.51529269748 1008.16499159071 1006.45222303602 1006.72467041016 1015.26250542535 1016.57299804688 1013.70293511285 1012.27893066406 1014.04732937283 1023.32537841797 1035.94000244141 1047.16000705295 1053.69205050998 1056.37681070964 1056.57963053385 1049.64821370443 1038.97210015191 1036.26291232639
984.719584147135 985.547119140625 990.780327690972 1001.35813395182 1006.83535427517 1001.60374620226 999.224331325955 1000.23315429688 998.813300238715 1002.47064887153 1013.29506429036 1023.13262261285 1035.15505642361 1042.35710313585 1037.25364176432 1029.06890869141 1028.31884087457 1037.20912679036 1042.28143988715 1049.33441162109 1050.75341118707 1047.80359564887 1044.13669162326 1037.86699761285 1024.57378472222 1013.85437011719 1021.64362250434 1027.88197157118 1030.26873101128 1025.77625189887 1019.35323079427 1008.69247097439 1007.31047905816 1003.84232584635 1002.33493381076 1008.36254882812 1014.73774549696 1011.70302327474 1012.09090847439 1007.34647623698 1006.20540364583 1012.27896457248 1024.61669243707 1038.40784369575 1045.21749538845 1047.61513264974 1046.22997368707 1037.38108317057 1033.60264756944
966.072767469618 974.599636501736 983.396775987413 995.996053059896 1007.84749348958 1003.48218451606 996.547370062934 996.562520345052 998.334696451823 1000.36024983724 1003.85052490234 1011.03638373481 1024.71912977431 1034.18878851997 1026.1875406901 1013.73057725694 1017.00086805556 1024.03277587891 1023.33970133464 1025.05385335286 1018.0940483941 1017.68314615885 1019.88053385417 1021.39739312066 1013.89362250434 1000.96886528863 1004.82187906901 1012.47474500868 1017.43119981554 1021.52794731988 1016.16520182292 1011.15186903212 1012.78898790148 1002.5457288954 992.019924587674 996.277384440104 1006.55573187934 1015.50247531467 1014.72853597005 995.016554090712 990.016981336806 996.957790798611 1002.57987467448 1015.06308322483 1025.14496527778 1028.44584147135 1031.02020263672 1029.984503852 1029.74283854167
977.975708007812 970.627292209201 980.62789577908 997.090881347656 1007.72136094835 1003.20921495226 987.220391167535 984.183946397569 978.722764756944 980.428304036458 982.57965766059 985.690016004774 1001.87182617188 1018.29695638021 1017.0158352322 999.574537489149 982.14114718967 999.958374023438 1014.25744628906 1008.66120062934 985.020785861545 977.617499457465 997.303921169705 993.206075032552 978.464179144965 975.332702636719 990.040778266059 1002.0289984809 1006.05559624566 1013.32688395182 1012.75244140625 1016.48389350043 1011.74106174045 999.733439127604 999.699584960938 993.846720377604 992.198716905382 995.329867892795 1003.79641384549 999.230719672309 989.825324164497 992.108764648438 996.697007921007 999.956814236111 1006.37639702691 1014.78856743707 1024.13298882378 1023.59195963542 1017.17968071832
979.952785915799 990.894938151042 997.539978027344 1001.22400580512 1005.35557047526 1002.99306233724 991.107177734375 993.311387803819 987.90621609158 974.227776421441 979.630886501736 990.438524034288 1003.60779486762 1014.5425008138 1014.6371866862 1002.41480848524 993.328803168403 1007.18589952257 1003.87993706597 998.142252604167 989.950873480903 980.499552408854 975.983961317274 968.389756944444 976.545315212674 981.612820095486 988.734985351562 991.222466362847 998.663431803385 1003.34686957465 1001.94104682075 1006.69881863064 1008.521613227 1007.75313313802 1003.01373969184 992.637057834201 978.619127061632 977.591328938802 982.622511121962 988.092963324653 994.905870225694 992.394802517361 991.100613064236 987.512247721354 987.523749457465 993.860792371962 996.056810167101 994.000827365451 995.282884385851
985.161532931858 991.663452148438 991.18027750651 1003.38975016276 1007.04923502604 1010.06176757812 1012.57643636068 1008.75234646267 1004.89777289497 1000.77159966363 995.282606336806 986.105794270833 979.29192437066 995.002014160156 1011.01278347439 1017.39544677734 1020.44176567925 1018.56176757812 1009.20447455512 998.02688937717 996.035488552517 994.826226128472 985.897142198351 982.985256618924 984.68840874566 987.670918782552 987.543972439236 991.126342773438 991.251485188802 990.76426188151 998.254130045573 1002.83499484592 1000.46998426649 996.916063096788 985.521057128906 976.129577636719 962.150505913628 959.43313937717 964.70120578342 985.412611219618 996.089708116319 991.311692979601 978.429239908854 967.092298719618 967.538818359375 972.61227077908 977.247633192274 975.960150824653 968.600240071615
981.896626790365 979.002610948351 983.56309000651 990.274603949653 995.635694715712 997.067084418403 997.119988335503 997.874674479167 1000.48421902127 999.633884006076 996.671122233073 988.684868706597 981.452460394965 985.148742675781 1002.58267550998 1018.69458007812 1022.61637369792 1023.59363471137 1007.39486355252 999.85780843099 996.090304904514 993.499599880642 985.733215332031 983.468763563368 982.493116590712 979.694532606337 973.357638888889 970.299235026042 977.542310926649 984.789374457465 988.182298448351 987.437242296007 985.23392062717 984.649542914497 986.958997938368 981.328213161892 978.06679280599 976.13225640191 978.056844075521 987.190565321181 992.593573676215 984.103556315104 962.696017795139 957.385647243924 968.806789822049 969.468315972222 966.528645833333 971.408087836372 977.860948350694
977.179389105903 973.35651312934 968.336859809028 968.435635036892 971.568339029948 973.46086968316 970.434427897135 986.41887749566 993.674865722656 976.920450846354 957.842569986979 966.681423611111 972.135260687934 980.988104926215 989.432447645399 1006.42700873481 1021.56043158637 1026.2294514974 1018.68010118273 1010.17918565538 1004.69313557943 994.178087022569 981.504869249132 977.484910753038 981.08635796441 982.599900987413 976.018581814236 970.393534342448 971.526652018229 975.254035101997 975.376458062066 967.20208062066 967.900200737847 974.882697211372 979.03616672092 972.054870605469 960.097405327691 957.950988769531 958.206624348958 967.46240234375 973.869852701823 975.801574707031 972.238172743056 968.950778537326 971.716464572483 978.338724772135 976.853210449219 968.317952473958 974.951280381944
