data/test_2003/bio4_avg_1994-2002.asc
NCOLS 664 
NROWS 380 
XLLCORNER 3.91666666666667 
YLLCORNER 55.3333333333333 
CELLSIZE 0.0416666666666667 
NODATA_value -9999 
[rows 110 to 131 of 380, columns 539 to 587 of 664]
1019.01582166884 1021.89461263021 1024.6865234375 1026.7129313151 1028.33912489149 1027.57531060113 1028.81915961372 1030.10464138455 1029.08336046007 1025.16444905599 1023.4696858724 1025.17772759332 1025.24798583984 1024.45674641927 1023.59599473741 1023.45684136285 1024.05420600043 1026.95465766059 1031.96593560113 1036.15110948351 1035.89900716146 1032.07186550564 1032.88001844618 1022.72535536024 1013.67280409071 1016.47227647569 1019.13539632161 1020.59731038411 1012.748046875 1009.81769476997 1013.78717041016 1023.20798068576 1025.2556898329 1027.08407253689 1031.65617540148 1035.94160291884 1037.7206624349 1037.98607042101 1037.31976996528 1038.06389702691 1041.95239935981 1038.00079345703 1028.45039876302 1021.1848687066 1022.04637993707 1031.50113932292 1039.18347846137 1038.98026529948 1033.2499593099
1012.07830132378 1010.38719346788 1010.10525173611 1014.69647894965 1018.19006347656 1018.09776475694 1018.54938422309 1023.06847466363 1024.79081217448 1022.95637342665 1023.43901909722 1024.7971733941 1023.77398681641 1020.63195122613 1019.44862196181 1021.71105957031 1023.41681586372 1025.25779893663 1027.08782958984 1028.77273898655 1029.80428059896 1029.91702609592 1031.02100287543 1025.96103922526 1022.1378241645 1023.95658365885 1021.75699869792 1020.65556504991 1019.56502956814 1015.61598036024 1016.0955335829 1017.14862738715 1018.19647216797 1021.21563042535 1021.9225531684 1030.09920925564 1034.7545844184 1032.89236111111 1029.10852050781 1031.54737684462 1033.54387071398 1033.75450981988 1030.30996365017 1033.47420925564 1033.40485297309 1036.31862386068 1037.67309570312 1036.42625596788 1031.12333170573
1011.71259901259 1005.47104899089 1002.07892523872 1007.91863335503 1013.26944986979 1014.64843071832 1010.21698676215 1011.16778564453 1015.87011040582 1021.33961317274 1025.7950914171 1028.01403130425 1025.11317274306 1022.91645643446 1020.53253851997 1018.22038438585 1020.29612223307 1023.02006022135 1020.93109809028 1018.74586995443 1022.02938503689 1025.93684895833 1028.39224582248 1028.26233588325 1026.54473198785 1025.1474609375 1022.53317599826 1019.23468695747 1019.73134358724 1021.90391710069 1017.81434461806 1015.27930365668 1020.40401204427 1020.22165934245 1021.73440212674 1025.27778455946 1031.25777859158 1029.13791910807 1026.92882622613 1030.91103108724 1034.83959282769 1039.63355848524 1041.31258138021 1041.39558241102 1041.75812445747 1039.20119900174 1035.25986735026 1031.76912434896 1030.7008734809
1014.26826307509 1009.51663547092 1010.45484754774 1012.43350558811 1016.0174085829 1010.45381673177 1009.07619900174 1009.33353000217 1009.48107231988 1010.50943332248 1015.31766086155 1017.35643853082 1016.51523166233 1018.11552598741 1017.25558810764 1012.58876546224 1013.09740532769 1017.28557671441 1022.69373914931 1023.33024088542 1023.34684244792 1025.29665798611 1027.79014078776 1026.47243923611 1025.21940782335 1023.9231499566 1020.9932929145 1017.26854112413 1013.41439480252 1012.26973470052 1015.13715955946 1019.11327446832 1027.03270806207 1030.48036702474 1021.99544949002 1023.90279134115 1028.92182074653 1031.5635172526 1028.27789306641 1031.84219021267 1035.12086317274 1037.74890136719 1037.25574408637 1034.83664957682 1037.42728000217 1038.47601318359 1036.91674126519 1037.08014594184 1036.7550523546
1014.4932929145 1012.83905707465 1015.12471516927 1016.20960828993 1015.36051432292 1013.0854695638 1009.50848388672 1009.61195882161 1007.31492784288 1009.07958306207 1010.58908420139 1007.53649902344 1003.94037543403 1010.16865370009 1009.18672688802 1001.88626437717 999.936286078559 1009.50122748481 1016.09187825521 1020.13530815972 1022.60399034288 1025.69000244141 1026.51648627387 1024.55274793837 1023.86624484592 1023.23336452908 1018.66786702474 1017.11512586806 1015.20283338759 1011.3203531901 1014.6486477322 1014.0631781684 1021.27598741319 1029.44291856554 1030.98443603516 1030.28839789497 1030.27444797092 1028.45095486111 1026.78508165148 1029.90907796224 1032.89067247179 1034.04223632812 1032.39124891493 1030.13092041016 1032.39609781901 1034.63356526693 1035.53519015842 1035.43643527561 1032.93657090929
1006.88172743056 1007.07365587023 1010.75324164497 1010.30211046007 1006.33493381076 1003.3657430013 1001.47024197049 1000.00413682726 998.097642686632 1002.53919813368 1007.23668755425 1006.38827853733 1004.41839599609 1007.0019938151 1009.1007961697 1007.65001763238 1009.31858317057 1014.34375 1019.09918212891 1014.5363023546 1009.60516357422 1009.77064344618 1013.91239420573 1021.44700792101 1021.62371826172 1017.15176730686 1020.55571153429 1025.80797661675 1027.15751139323 1020.94918484158 1018.93825954861 1015.32949490017 1013.31072998047 1021.01428900825 1027.04028998481 1027.53634982639 1026.44613308377 1029.40556504991 1033.33340115017 1035.79404703776 1034.73325602214 1030.38894314236 1028.65275743273 1027.45425754123 1032.82028537326 1036.5862358941 1034.53317599826 1034.22253417969 1034.02901882595
996.951768663194 997.907070583767 998.391221788194 997.716484917535 996.139146592882 992.147806803385 989.921556260851 990.461229112413 988.017896864149 993.108174641927 1003.35692681207 1012.17782253689 1017.7964070638 1020.79034423828 1014.58440483941 1007.19807942708 1009.24085150825 1016.00401475694 1020.74395751953 1013.43005371094 1010.93659125434 1012.88755967882 1017.60084364149 1020.60501437717 1023.27964274089 1023.14611138238 1024.11825222439 1024.37447781033 1022.59509277344 1022.99283854167 1022.94394259983 1018.97555202908 1014.41841634115 1021.10569932726 1026.46103922526 1032.2501695421 1032.72420247396 1034.1458062066 1036.60476345486 1037.61265733507 1035.16725667318 1034.27113850911 1035.95409478082 1035.22859700521 1035.13690863715 1037.16386583116 1036.4955851237 1034.68603515625 1034.26325141059
1002.83140733507 1005.6539984809 1004.70686848958 1005.35510253906 1007.36518012153 1009.09185112847 1009.3662516276 1007.3655734592 1005.92176649306 1008.41518147786 1011.11504448785 1011.18121337891 1012.5205485026 1018.94852701823 1016.02271185981 1009.23321533203 1008.63520643446 1011.03426784939 1015.3724093967 1019.22697618273 1020.01403808594 1021.0408053928 1021.71592881944 1022.71184624566 1020.16280788845 1011.6575249566 1006.38184271918 1010.16368950738 1014.01087782118 1015.24496799045 1019.09563530816 1023.44363064236 1020.10061306424 1023.72247314453 1031.54532877604 1035.43514675564 1034.16760253906 1031.75427924262 1031.85394965278 1032.79796006944 1032.30353461372 1035.18862575955 1036.72539605035 1034.74318440755 1032.4646335178 1034.99869113498 1036.4646742079 1036.29767523872 1035.11860487196
1005.54715304905 1008.11497667101 1009.94914415148 1012.02217610677 1015.00404188368 1018.3662516276 1019.03851318359 1018.12322319878 1017.55029296875 1016.30010986328 1014.59445529514 1013.37508138021 1011.61670600043 1015.90431722005 1020.99944390191 1022.42938232422 1018.96017795139 1012.01647949219 1012.21384684245 1016.52138943142 1020.22779676649 1021.70184326172 1022.28209092882 1023.40401204427 1022.70530192057 1019.79975721571 1015.94780137804 1017.36079915365 1021.40712483724 1018.839714898 1020.2898288303 1023.63599989149 1024.32657877604 1026.69612630208 1029.26852756076 1031.20155164931 1033.37479654948 1035.91216362847 1037.04844156901 1037.19525824653 1033.12515597873 1031.06620958116 1030.45760769314 1028.97471110026 1034.00920274523 1035.74207899306 1035.48346625434 1030.95916748047 1021.69051106771
1004.50081380208 1006.42436387804 1007.7712741428 1010.25325520833 1015.94339328342 1019.53028021918 1020.85523817274 1022.49088541667 1021.12169731988 1017.74426269531 1013.17582872179 1009.19506835938 1009.02166069878 1011.24105495877 1013.82315402561 1015.55671522352 1016.30792914497 1015.77912055122 1017.43519422743 1019.16396755642 1017.7224460178 1013.58405897352 1013.74271647135 1015.88047960069 1020.48425971137 1022.27140977648 1018.33369954427 1017.69805230035 1023.59174940321 1026.25749376085 1027.89636908637 1026.86909315321 1025.51335991753 1028.35286458333 1031.65048556858 1032.9492594401 1033.62176513672 1035.51255967882 1035.96478949653 1034.18008761936 1029.94085015191 1031.00104437934 1030.51751708984 1031.28620062934 1028.75017632378 1023.7389594184 1016.60608588325 1012.00992160373 1008.97899712457
1005.85801188151 1005.63127305773 1006.1646999783 1005.97629801432 1008.75936550564 1014.20045301649 1015.3473578559 1015.93113878038 1013.23179796007 1016.11204020182 1020.23631456163 1021.67194959852 1023.29743109809 1023.48607042101 1019.44384087457 1011.39852566189 1010.04414876302 1008.31214057075 1010.86583794488 1017.61049397786 1021.27340359158 1020.94921875 1018.9413655599 1017.46413845486 1018.47945827908 1019.73466661241 1017.0793999566 1018.2540757921 1022.81724717882 1025.39314100477 1026.33063422309 1027.02825927734 1026.09636094835 1025.77222357856 1025.79628499349 1027.06460910373 1027.50609673394 1027.60119628906 1031.16756863064 1034.23984781901 1033.35628255208 1031.46622043186 1030.62976752387 1032.7810397678 1026.93682861328 1018.55181206597 1010.90385606554 1015.10875108507 1019.93094211155
1008.12589518229 1007.06038411458 1005.89534505208 1007.51586914062 1009.84353298611 1014.99500868056 1016.58688693576 1011.82609049479 1007.1508992513 1012.32212999132 1020.60266113281 1023.45583089193 1024.31100124783 1024.67843967014 1023.56762017144 1019.46976047092 1016.59393988715 1013.45550537109 1014.35331217448 1017.5924343533 1016.73609754774 1020.24126519097 1022.81066894531 1021.79995388455 1021.43742540148 1019.41210259332 1020.18252224392 1023.81502278646 1026.21732584635 1025.64413791233 1026.02834065755 1025.90795898438 1022.55327012804 1018.66103108724 1018.88511827257 1018.05318874783 1017.10630289714 1021.22943793403 1027.75346544054 1032.34477403429 1033.99941677517 1033.61467149523 1032.55923800998 1029.59404161241 1025.96422661675 1019.82327609592 1018.627081977 1020.85407172309 1023.79201253255
1005.34058295356 1007.92848036024 1010.4332953559 1011.10201687283 1012.61827256944 1014.49840630425 1015.27229817708 1013.57849121094 1010.50169542101 1013.09918891059 1020.31301540799 1022.78998480903 1022.78658718533 1022.85651312934 1023.06480577257 1021.40766059028 1020.54897054036 1019.75153266059 1020.63422309028 1016.17304144965 1008.93878851997 1013.42066107856 1020.87820095486 1021.49818250868 1017.55967203776 1017.01228162977 1023.45197211372 1027.23107910156 1028.61003282335 1028.40766059028 1027.68509250217 1028.90013292101 1027.68255615234 1024.96662055122 1025.80869547526 1024.95853678385 1023.39895968967 1026.26848687066 1031.23689778646 1034.19936116536 1032.27119954427 1025.32982720269 1020.83045789931 1018.2680460612 1018.55582004123 1015.10617404514 1012.97679307726 1014.68275960286 1019.38105604384
1007.48176405165 1008.19444444444 1009.62486436632 1011.13369411892 1010.75819227431 1011.86894395616 1014.78721788194 1016.98756917318 1015.84366861979 1016.83395724826 1019.84480794271 1021.54970296224 1020.85779486762 1018.49696858724 1016.60662163628 1018.07606336806 1020.62964545356 1019.52305772569 1021.04710557726 1011.26104736328 1004.486456977 1008.93348524306 1019.71400282118 1021.75465901693 1018.68615044488 1019.26353624132 1024.33113606771 1025.80641004774 1026.51163058811 1028.08366563585 1025.82104492188 1026.4301554362 1023.56287299262 1023.50590684679 1020.71677652995 1018.93333604601 1022.6280585395 1029.60184733073 1034.6418999566 1034.87761094835 1030.41684299045 1021.06549072266 1020.10370551215 1018.47477213542 1014.38252088759 1014.65713840061 1014.94106038411 1018.8640882704 1023.57982042101
1007.51903618707 1005.05799018012 1005.53219265408 1007.37680392795 1006.78148735894 1009.30108642578 1013.53546142578 1017.45323350694 1016.81324598524 1017.71838378906 1017.9289211697 1015.62310791016 1013.53418646918 1013.17320421007 1015.55131022135 1016.41333685981 1015.79955376519 1016.80832926432 1018.30998399523 1015.03866238064 1013.64825439453 1015.26005723741 1020.96072048611 1022.04422336155 1019.7890625 1020.31226264106 1023.89925808377 1026.84075249566 1026.70968967014 1023.4172024197 1018.71629503038 1019.613410102 1021.48742675781 1021.26753065321 1017.8049858941 1020.36939154731 1023.95268419054 1024.62445068359 1025.64971923828 1028.15677897135 1029.33188883464 1025.36075168186 1020.58527289497 1018.52052815755 1017.88012017144 1022.10828314887 1027.92120361328 1031.11216227214 1029.84889729818
1008.45998128255 1004.46330430773 1004.72102864583 1006.43381754557 1007.20985921224 1009.63677300347 1011.62281629774 1014.45364040799 1015.91431342231 1015.5797797309 1012.95973036024 1010.28003607856 1007.34552680122 1005.1499226888 1005.59332275391 1008.76168484158 1012.72488742405 1018.40743001302 1019.39588080512 1019.36178249783 1019.33437093099 1021.0089992947 1024.64125569661 1024.46279568142 1024.4490085178 1024.22840711806 1022.49808078342 1020.61391194661 1019.62410481771 1016.3655734592 1011.34890407986 1009.43273925781 1010.65296766493 1011.7265218099 1015.12256537543 1020.3029039171 1022.53725857205 1021.83306206597 1022.74411349826 1027.86058892144 1030.70437961155 1028.30238850911 1025.00847710503 1026.91762288411 1027.5925632053 1026.24067518446 1028.95319281684 1031.27396647135 1030.45760091146
1009.94247775608 1005.48515489366 1004.4835272895 1006.685546875 1008.48166910807 1011.67426893446 1011.70690917969 1013.79414198134 1014.86328125 1012.74826388889 1009.01599121094 1007.56505669488 1002.94052463108 999.391967773438 997.828599717882 1003.97889539931 1012.85749647352 1021.68261040582 1021.67064073351 1018.679558648 1019.69914415148 1023.60569932726 1025.2060139974 1026.16679551866 1027.78180609809 1025.93166097005 1020.37921820747 1011.01760525174 1009.1738688151 1011.93986002604 1006.48573811849 1004.38593885634 1004.90266927083 1004.24705674913 1009.19526502821 1016.8747016059 1022.76878526476 1025.28436957465 1027.38094753689 1031.66332329644 1032.82309977214 1030.79530843099 1031.34648301866 1036.7009616428 1037.59878879123 1030.73463270399 1026.15256076389 1024.4013264974 1023.66125488281
1003.83947753906 999.996114095052 1003.15584309896 1006.61724175347 1007.93644883898 1011.34202745226 1014.24262830946 1014.76488579644 1013.30725097656 1011.03655327691 1008.86159939236 1006.46727837457 1002.46048312717 1003.84830729167 1006.82703314887 1009.68678792318 1014.19167751736 1020.04761420356 1020.62135823568 1019.81351047092 1020.66701931424 1021.2817586263 1021.36616346571 1022.02978515625 1021.97788492839 1019.99296061198 1017.89731852214 1010.65572102865 1005.35485839844 1006.12183973524 1010.8185696072 1014.93654378255 1004.37652587891 996.444532606337 1000.34301079644 1006.39621310764 1013.76772054036 1018.28210449219 1021.3800116645 1025.34013536241 1027.68356662326 1026.80564371745 1028.60362413194 1032.93188476562 1035.29741075304 1032.98864746094 1026.61657714844 1014.69081624349 1015.98236083984
998.937330457899 999.074442545573 1002.68609619141 1007.02374267578 1009.01081000434 1008.4858194987 1009.59764946832 1009.0370686849 1006.25917561849 1006.13692220052 1007.48552788628 1007.89893256293 1007.7121242947 1007.85956488715 1010.29340955946 1014.87077501085 1017.4421725803 1018.9202202691 1020.14636230469 1019.91151936849 1019.42428927951 1019.7106391059 1021.05494520399 1021.7038913303 1020.81261528863 1019.204949273 1014.81810167101 1004.68609619141 1000.32609049479 1001.32477484809 1003.07389322917 1007.32402886285 1001.88439263238 996.375691731771 996.523525661892 1001.44099256727 1006.19970703125 1007.58264160156 1004.32796223958 1009.42340766059 1014.82035997179 1020.12899441189 1022.79290093316 1021.26681857639 1020.26466878255 1017.36240641276 1012.62040201823 1014.10858832465 1016.22052680122
1001.8780585395 1002.66623263889 1006.1506008572 1006.80431450738 1006.3489718967 1004.20435926649 1004.30289035373 1004.8792046441 1005.08162434896 1006.85982259115 1007.03123643663 1006.68353949653 1010.72060818142 1012.33532714844 1012.22810194227 1013.90346950955 1014.68908013238 1015.77707926432 1017.96802435981 1017.52448866102 1016.36277940538 1015.71560329861 1017.19841851128 1020.34157986111 1021.52333577474 1017.76205105252 1009.43464491102 998.397691514757 992.430989583333 994.015631781684 991.904032389323 998.482469346788 1004.39579942491 1007.21301269531 1010.5839436849 1012.91426595052 1008.30845811632 1006.49276394314 1005.02838812934 1005.21957058377 1010.02558729384 1009.01667616102 1007.04340955946 1005.03257921007 1002.90000406901 1001.88031005859 1005.91620551215 1011.07831488715 1017.18952772352
1004.72883436415 1004.92782253689 1008.09432644314 1010.18360731337 1007.16613091363 1004.42966715495 1003.86336941189 1003.48704698351 1004.79089355469 1006.10199652778 1004.86681450738 1003.3233710395 1008.06716579861 1012.71175130208 1013.56303575304 1013.42009819878 1013.94427490234 1015.3869289822 1017.00606282552 1018.18641493056 1016.68943277995 1014.40077039931 1014.75753445095 1017.49108886719 1016.06633165148 1007.69388834635 1000.94105360243 997.91845703125 996.285515679253 993.854865180122 994.776835123698 1000.09339735243 1007.0636461046 1011.21520996094 1013.29480658637 1014.83597140842 1016.99251302083 1017.20258924696 1012.53386773003 1011.27955457899 1015.04886203342 1018.2963663737 1018.67805311415 1018.81732855903 1014.09861246745 1013.42785644531 1014.87477620443 1017.35030110677 1016.54919433594
1006.53331841363 1004.798828125 1006.26317681207 1006.90942382812 1003.78408474392 1003.01199679905 1004.3009914822 1004.74082438151 1005.4778781467 1000.40452745226 997.595859103733 999.41706000434 1003.65953233507 1008.76121690538 1013.92666286892 1013.68142361111 1013.69616699219 1015.66951497396 1016.59882269965 1017.31290011936 1016.03712293837 1013.34398735894 1011.35365804036 1011.48884412977 1005.83846028646 989.227030436198 980.694932725694 979.368631998698 987.249952528212 1000.6918741862 1007.79079861111 1011.35833740234 1009.94666205512 1004.21980116102 1001.02718777127 1002.14535183377 1009.76745605469 1010.0203789605 998.889831542969 1003.18446180556 1012.2457546658 1020.64339870877 1027.41464572483 1027.09855143229 1024.89809163411 1026.90608723958 1028.18564860026 1027.83615451389 1026.66990152995
