data/test_2003/bio4_avg_1994-2002.asc
NCOLS 664 
NROWS 380 
XLLCORNER 3.91666666666667 
YLLCORNER 55.3333333333333 
CELLSIZE 0.0416666666666667 
NODATA_value -9999 
[rows 220 to 241 of 380, columns 147 to 195 of 664]
728.623040093316 720.095194498698 716.722371419271 739.243815104167 755.215176052517 731.380859375 743.27744547526 745.736904568142 739.56842719184 743.150275336372 748.447672526042 744.846957736545 754.02734375 767.318122016059 771.096489800347 774.565809461806 791.591403537326 804.132968478733 810.504862467448 825.597174750434 835.199578179253 836.635606553819 836.456420898438 820.51220703125 846.631266276042 849.449435763889 833.528049045139 833.193773057726 833.302090115017 829.439107259115 833.914754231771 841.733283148872 846.632927788628 840.102064344618 843.093872070312 858.619886610243 858.62894015842 863.319159613715 861.004184299045 867.819118923611 878.040195041233 876.229600694444 866.244303385417 851.35930718316 843.076883951823 849.326653374566 864.218004014757 865.12747531467 868.307630750868
739.628390842014 731.952623155382 708.130588107639 722.578009711372 749.558186848958 761.715874565972 758.504794650608 760.345960828993 758.707600911458 760.572909884983 763.300123426649 758.907708062066 755.853196885851 768.922736273872 781.129909939236 780.016649034288 784.580342610677 795.898668077257 808.733540852865 829.95602077908 839.677693684896 831.620591905382 843.58356391059 853.830674913194 859.892137315538 844.929829915365 828.917975531684 832.906175401476 840.076565212674 843.953660753038 843.103020562066 846.883097330729 844.783047146267 849.71784125434 839.015584309896 834.073086208767 846.528964572483 853.92428249783 852.886325412326 852.447577582465 867.53118218316 871.447597927517 865.003689236111 864.126553005642 864.923183865017 867.67291937934 873.39251030816 866.393283420139 860.796027289497
761.187737358941 765.397935655382 757.120815700955 751.302103678385 756.969143337674 771.056450737847 763.092434353299 775.410949707031 780.565511067708 778.443583170573 775.863749186198 778.685268825955 779.225945366753 786.367635091146 791.748413085938 801.483337402344 806.949354383681 811.093512641059 823.225443522135 846.889655219184 844.957431369358 835.078240288628 833.962883843316 840.573974609375 861.800347222222 859.464043511285 839.794270833333 838.732903374566 852.972608778212 861.993557400174 858.077487521701 859.388407389323 841.88916015625 843.779520670573 815.257297092014 782.243740505642 831.170708550347 850.132826063368 854.51168484158 857.79091389974 868.005913628472 866.373392740885 850.586120605469 853.998046875 860.31386311849 869.83154296875 873.635104709201 867.864440917969 860.176527235243
724.723720974392 743.000230577257 763.874844021267 772.701036241319 777.381985134549 781.931857638889 783.554144965278 783.089497884115 791.746832953559 794.415941026476 781.888495551215 775.266730414497 790.320678710938 797.810289171007 804.001335991753 808.018208821615 812.231614854601 807.506300184462 823.436245388455 851.591071234809 856.024603949653 840.218763563368 835.523098415799 840.625657823351 841.831210666233 866.780280219184 854.157741970486 842.530551486545 846.226535373264 859.013380262587 856.322794596354 865.380547417535 847.889967176649 816.756361219618 801.874945746528 820.348782009549 843.770528157552 850.656236436632 850.89310031467 864.884711371528 867.104363335503 862.786987304688 853.76363796658 842.864183213976 841.510823567708 851.837354871962 858.055887858073 857.009724934896 856.421298556858
744.673516167535 747.809210883247 753.115973578559 767.751607259115 770.243489583333 762.659037272135 764.373514811198 771.082261827257 779.397142198351 787.137383355035 796.302069769965 792.553629557292 807.320651584201 810.428914388021 807.405822753906 802.807447645399 815.480197482639 823.316989474826 846.577141655816 850.970228407118 836.558268229167 826.885681152344 829.583902994792 835.654154459635 839.350470648872 856.903049045139 863.919793023003 841.917765299479 847.223483615451 847.08544921875 853.163336859809 868.853190104167 868.882907443576 865.694688585069 860.246622721354 859.165866427951 867.611707899306 866.915812174479 868.388875325521 874.047695583767 857.881273057726 858.500508626302 852.788499620226 844.432644314236 849.246846516927 843.677808973524 838.239400227865 840.903754340278 850.517734103733
747.093621148003 743.522033691406 748.860785590278 758.672837999132 767.958713107639 765.782524956597 768.723198784722 774.855095757378 778.509874131944 781.656914605035 795.796047634549 798.213792588976 800.036878797743 794.047709147135 806.409437391493 822.04062906901 816.44485812717 816.656521267361 851.152350531684 836.385850694444 826.185106065538 829.284776475694 836.660271538628 836.780775282118 843.104397243924 847.919969346788 865.065755208333 862.75341796875 848.969712999132 859.163879394531 860.649102105035 863.820780436198 875.488796657986 877.535461425781 881.319064670139 883.748006184896 886.206556532118 885.644510904948 881.896233452691 871.777770996094 862.503085666233 850.79010687934 839.215108235677 828.860215928819 831.864006890191 845.989949544271 827.835564507378 822.895840115017 831.871866861979
759.588860405816 753.141879611545 760.449008517795 758.428181966146 753.110087076823 760.194580078125 764.669942220052 774.310031467014 765.941819932726 768.160685221354 781.044569227431 791.83974202474 783.244825575087 796.463236490885 814.383287217882 817.905056423611 823.407016330295 834.408894856771 853.950290256076 846.731574164497 842.20218234592 830.86680094401 832.586100260417 833.846856011285 841.668077256944 841.460842556424 848.254523383247 868.509250217014 865.401502821181 852.162997775608 854.31009250217 863.484632703993 865.274197048611 867.608764648438 876.247260199653 876.980055067274 883.499959309896 884.196146647135 878.890089246962 879.436923556858 868.710049099392 853.702555338542 844.718112521701 834.411743164062 832.531514485677 844.870680067274 845.953274197049 837.253363715278 839.914286295573
767.316311306424 777.210537380642 778.05214436849 774.604899088542 770.745578342014 776.006340874566 782.29537624783 776.818352593316 771.536112467448 771.273898654514 774.618882921007 791.568962944878 802.666320800781 811.552469889323 817.857428656684 819.506978352865 821.599683973524 829.913479275174 844.753472222222 859.832607693142 866.272969563802 836.668775770399 844.498819986979 850.593166775174 852.344746907552 851.055318196615 856.991400824653 868.79586452908 871.080919053819 859.54404703776 844.235819498698 845.216186523438 857.534396701389 862.076782226562 863.212897406684 864.444607204861 876.772779676649 881.510918511285 876.096150716146 877.61579047309 879.271572536892 856.773918999566 840.811923556858 829.701639811198 828.774278428819 836.684746636285 853.108405219184 842.421251085069 849.043965657552
773.331685384115 784.259399414062 788.036987304688 785.768541124132 785.670525444878 788.567952473958 794.803392198351 790.807786729601 782.396219889323 778.968878851997 777.361640082465 782.746344672309 792.815572102865 795.528442382812 805.840379503038 815.664666069878 819.015231662326 828.548163519965 839.630649142795 859.526577419705 858.396809895833 831.744717068142 840.683600531684 856.718132866753 863.857747395833 860.410976833767 863.397718641493 869.035386827257 866.318610297309 873.029778374566 862.637491861979 851.491061740451 853.575134277344 859.414686414931 857.018778483073 853.19436984592 864.073113335503 870.504937065972 867.839477539062 869.89801703559 864.091532389323 856.893744574653 857.098659939236 856.350694444444 839.883829752604 830.579372829861 836.520758734809 854.553195529514 842.779934353299
778.579393174913 780.491977267795 794.197082519531 784.557779947917 787.803670247396 784.915941026476 789.926527235243 785.833679199219 782.010077582465 780.812974717882 780.244879828559 784.777113172743 794.451131184896 802.160915798611 786.327643500434 789.557454427083 806.596523708767 816.347574869792 831.703742133247 843.288723415799 854.077982584635 855.602511935764 862.621805826823 874.671190049913 870.966200086806 863.766174316406 860.076538085938 867.052008734809 858.973436143663 842.833862304688 861.467963324653 855.516126844618 840.334933810764 836.921936035156 843.181172688802 840.948845757378 841.610243055556 862.561862521701 861.299051920573 872.390679253472 866.334228515625 848.283060709635 827.785773383247 837.417527940538 853.501030815972 845.294711642795 831.556030273438 855.730543348524 841.374043782552
819.921535915799 805.764180501302 811.98922390408 800.232408311632 794.757493760851 788.19381374783 791.514879014757 789.710238986545 788.698452419705 786.903340657552 781.737765842014 779.579983181424 785.604641384549 798.974344889323 813.095547146267 807.86956108941 801.704013400608 806.526082356771 822.240810818142 831.270595974392 835.203389485677 845.277079264323 868.251559787326 888.770094129774 881.532579210069 864.998243543837 862.076287163628 868.487881130642 857.951226128472 851.091423882378 857.393907335069 862.230061848958 862.800760904948 854.315700954861 853.461378309462 854.456800672743 849.528672960069 850.32418484158 872.209079318576 868.616360134549 861.698052300347 860.933342827691 846.880025227865 832.139417860243 824.670206705729 849.38284640842 856.975660536024 848.954711914062 854.761305067274
800.691114637587 823.215413411458 841.47024875217 806.511088053385 786.773810492622 783.984320746528 800.948967827691 804.557271321615 799.526000976562 797.468831380208 801.316955566406 800.978841145833 800.388997395833 795.79931640625 797.739454481337 802.850850423177 812.412400987413 823.551832411024 831.394924587674 822.806694878472 820.036410861545 831.594129774306 842.695841471354 876.701009114583 886.375752766927 854.99713812934 844.29189046224 861.475721571181 863.524176703559 851.805263943142 867.532721625434 866.025648328993 850.152106391059 858.595235188802 865.953267415365 867.812967936198 867.28358968099 870.772555881076 873.763007269965 877.914747450087 867.514845106337 865.469224717882 867.686889648438 859.442674424913 842.464152018229 846.442986382378 865.925455729167 857.351304796007 861.638441297743
776.498480902778 781.808485243056 826.993367513021 835.511881510417 800.936191134983 789.528666178385 800.249206542969 806.890570746528 800.685404459635 802.256388346354 812.975626627604 816.15185546875 806.699381510417 795.77874077691 791.34176296658 787.582987467448 792.660983615451 796.974026150174 811.747402615017 831.696906195747 840.38225640191 847.704440646701 852.77835422092 875.636081271701 871.062825520833 851.307169596354 842.464647081163 848.641764322917 847.534132215712 857.375895182292 862.814358181424 853.552619086372 847.463392469618 848.29146999783 850.481072319878 854.605611165365 869.194186740451 880.146280924479 886.828559027778 890.632697211372 888.065382215712 883.266513400608 871.587809244792 861.670600043403 863.943820529514 870.184210883247 874.759745279948 856.157131618924 851.17180718316
782.079162597656 782.102715386285 812.85013156467 849.152418348524 818.724202473958 785.899671766493 792.260511610243 807.608723958333 810.081787109375 812.376302083333 814.081034342448 811.192532009549 806.046847873264 806.634738498264 802.798183865017 802.286627875434 805.349494086372 803.901502821181 804.847323947483 810.164876302083 821.585767957899 837.651177300347 829.733723958333 864.35061984592 884.082702636719 870.949754503038 855.103101942274 852.212883843316 852.240085177951 847.793497721354 863.900519476997 861.538811577691 853.558349609375 844.488464355469 846.17584906684 861.380703396267 873.691209581163 884.744052463108 889.249979654948 898.541653103299 898.341824001736 881.506442599826 863.887647840712 863.883158365885 866.725660536024 872.421115451389 872.853305392795 863.58297390408 867.674472384983
766.087456597222 767.547546386719 781.452507866753 813.910895453559 843.356953938802 809.027357313368 797.749532063802 799.063429090712 798.902893066406 803.826605902778 807.470092773438 810.713907877604 806.911315917969 809.596950954861 809.45465766059 809.251932779948 805.989027235243 806.133951822917 800.01018608941 806.56992594401 817.049499511719 827.430101182726 834.849650065104 849.243523491753 861.691874186198 877.265842013889 884.563829210069 877.817260742188 869.809034559462 863.532416449653 861.749911838108 880.332533094618 865.277235243056 844.30758327908 839.526475694444 840.775817871094 862.744900173611 884.881354437934 880.939290364583 877.897277832031 887.84853108724 882.337178548177 869.271104600694 874.674194335938 881.045708550347 882.889756944444 882.348490397135 875.454338921441 869.35247124566
782.466871473524 783.962456597222 789.82666015625 789.38225640191 812.703687879774 854.21285671658 821.865186903212 806.581705729167 801.967475043403 805.77936469184 813.378248426649 819.97408718533 820.271708170573 820.440511067708 823.598910861545 822.081936306424 818.532151963976 814.792765299479 809.82659233941 810.367472330729 815.564541286892 823.99410671658 835.274237738715 841.961629231771 849.269890679253 857.901814778646 871.155198838976 883.547247992622 889.531555175781 875.985785590278 860.452989366319 878.420566134983 890.658745659722 865.298577202691 846.275621202257 845.980387369792 849.81204562717 869.697258843316 883.100043402778 886.597785101997 887.060173882378 891.849962022569 889.520080566406 892.627427842882 895.942152235243 894.233371310764 881.327935112847 861.275512695312 841.017523871528
792.291598849826 799.467929416233 815.758673773872 820.331746419271 817.164889865451 852.304117838542 840.171664767795 808.450676812066 805.475599500868 803.82899983724 804.661146375868 813.416110568576 823.639641655816 826.348782009549 826.341661241319 827.679368760851 831.867546929253 825.129509819878 824.080593532986 816.260599772135 819.432366265191 820.234870062934 834.232862684462 831.178039550781 834.121826171875 841.827711317274 854.205057779948 861.604817708333 888.724595811632 897.1123046875 874.304612901476 876.88675265842 899.873419867622 907.522603352865 877.454596625434 859.955159505208 859.086093478733 863.018948025174 874.522766113281 891.460876464844 899.290134006076 894.015584309896 887.292331271701 888.900404188368 888.24749077691 886.37099202474 878.148484971788 853.209201388889 836.955593532986
802.46913655599 813.906745062934 846.577453613281 836.326897515191 826.30221218533 838.185112847222 842.76907687717 840.776143391927 851.255540635851 842.839504665799 815.561340332031 812.776746961806 821.310804578993 821.456332736545 818.123284233941 822.466790093316 833.077379014757 838.801520453559 835.111409505208 826.089884440104 818.000671386719 815.127855088976 830.300659179688 838.558152940538 848.068630642361 856.451958550347 857.859537760417 850.860663519965 877.823818630642 899.406629774306 906.651211208767 896.749037000868 895.856994628906 906.778795030382 910.39247639974 876.71832953559 877.184963650174 881.393446180556 887.566162109375 886.427788628472 888.314548068576 887.436937120226 871.471550835503 856.945916069878 850.756286621094 856.452623155382 869.341064453125 858.701775444878 863.408684624566
827.846964518229 816.478271484375 831.402058919271 855.581163194444 848.496805826823 846.914869520399 828.88772922092 812.645941840278 833.816779242622 866.593221028646 825.493699815538 799.260789659288 806.879726833767 811.014607747396 816.064046223958 825.492872450087 831.73085530599 837.071526421441 846.496602376302 844.784891764323 827.87398952908 827.258327907986 831.866387261285 840.203016493056 849.224833170573 853.778978135851 859.586079915365 851.58144124349 867.580980088976 892.710076226128 910.255018446181 909.374884711372 892.577277289497 904.877244737413 922.680494520399 912.264417860243 904.81780327691 899.903550889757 893.520372178819 879.796800401476 868.051432291667 868.505974663628 863.97509765625 857.625576443142 860.888034396701 860.656684027778 856.710591634115 867.578030056424 873.176262749566
806.65042453342 824.461446126302 842.592013888889 811.199937608507 808.776021321615 841.135789659288 860.987169053819 841.234876844618 863.369222005208 850.930792914497 830.139858669705 819.687683105469 809.892144097222 813.558709038628 814.128004286024 826.437174479167 832.525085449219 835.038879394531 836.869154188368 850.598036024306 856.439541286892 849.948852539062 843.379014756944 839.491136338976 843.611151801215 853.714029947917 852.986341688368 853.763760036892 854.968438042535 878.388651529948 912.534844292535 926.904405381944 921.341559516059 923.220431857639 929.439527723524 919.339470757378 900.172173394097 884.873155381944 877.690795898438 868.720323350694 863.198418511285 860.109266493056 857.938625759549 859.22112358941 860.61370171441 863.660827636719 859.895222981771 868.143256293403 875.214965820312
793.140977647569 795.792073567708 827.390625 820.950486924913 809.382805718316 808.839185926649 829.774617513021 857.01168484158 879.232089572483 867.488694932726 846.34235297309 838.212381998698 830.511732313368 832.969699435764 824.024420844184 823.608629014757 822.408603244358 821.511020236545 832.108588324653 835.972500271267 843.488016764323 853.483744303385 848.031724717882 842.913411458333 844.458869086372 851.338541666667 850.722154405382 854.01865641276 858.861931694878 878.24710422092 905.315843370226 921.651489257812 913.419860839844 909.644178602431 916.759982638889 910.785759819878 883.024705674913 872.510559082031 870.783359103733 868.034498426649 873.094862196181 878.709038628472 874.924112955729 857.398484971788 860.837158203125 866.398484971788 863.861640082465 867.232503255208 872.786329481337
787.503180609809 796.008477105035 800.725341796875 814.818284776476 826.56302218967 837.49898952908 835.660970052083 826.811760796441 846.425136990017 877.179877387153 869.186164008247 850.712537977431 841.469780815972 840.405904134115 844.517571343316 841.690633138021 831.656907823351 834.072116427951 840.746805826823 839.032484266493 841.892761230469 848.611741807726 855.200242784288 861.572584364149 864.331895616319 866.337653266059 865.781792534722 865.16067843967 867.946078830295 880.411370171441 897.211432562934 909.724602593316 902.753479003906 901.235609266493 897.578701443142 899.034274631076 902.612141927083 898.856811523438 895.803046332465 887.865641276042 878.191908094618 880.790412055122 876.626763237847 861.640733506944 862.09674750434 869.283094618056 879.369622124566 870.728522406684 869.674919976128
