data/test_2003/bio4_avg_1994-2002.asc
NCOLS 664 
NROWS 380 
XLLCORNER 3.91666666666667 
YLLCORNER 55.3333333333333 
CELLSIZE 0.0416666666666667 
NODATA_value -9999 
[rows 352 to 373 of 380, columns 98 to 146 of 664]
-9999 -9999 597.466278076172 599.676069471571 603.741939968533 606.443016899957 608.252644856771 607.717213948568 607.681966145833 608.711707221137 610.208831787109 612.242109510634 613.432074652778 615.049370659722 616.100904676649 612.173821343316 609.445478651259 610.922790527344 614.403554280599 616.366224500868 616.039082845052 615.37700398763 615.569539388021 617.407524956597 618.849880642361 617.527957492405 617.429168701172 619.055182562934 620.268405490451 620.492340087891 620.975246853299 622.399509006076 624.290768093533 626.983893500434 628.488518608941 627.733479817708 627.856553819444 627.962985568576 628.734436035156 629.301693386502 630.678131103516 632.015804714627 632.787916395399 632.124304877387 631.565348307292 632.982072618273 636.260128445095 638.206312391493 641.44921875
-9999 -9999 -9999 600.909806993273 605.724724663628 608.585113525391 610.40864054362 611.40131632487 613.18758477105 613.343624538845 613.405388726128 616.387488471137 617.233829074436 617.25676812066 617.345326741536 615.726993136936 614.136027018229 615.512963189019 615.303300645616 614.588080512153 615.440490722656 616.405697292752 616.988881429036 618.158752441406 617.616834852431 616.313696967231 616.623884412977 617.403394911024 619.767574734158 619.869249131944 620.663109673394 622.791951497396 624.001976860894 630.17488945855 632.008524576823 630.36030069987 628.597869873047 628.406066894531 629.166202121311 630.976030137804 632.248263888889 633.100284152561 633.139044867622 634.096625434028 634.507670084635 636.442379421658 637.220662434896 637.721622043186 639.353790283203
-9999 -9999 601.221289740668 604.083312988281 608.054324679905 610.6654425727 612.826494004991 613.79042561849 616.284044053819 618.664913601345 619.328491210938 620.101569281684 620.691179063585 622.109110514323 623.270470513238 621.306582980686 618.48644680447 618.186509874132 618.714419894748 618.168453640408 616.720906575521 614.529615614149 616.256337483724 618.544921875 618.193359375 616.879994710286 617.798604329427 618.355112711589 619.178131103516 619.362592909071 619.230770534939 619.802968343099 619.845977783203 623.913899739583 628.270060221354 629.373694525825 628.253624810113 628.204864501953 631.791809082031 635.211612277561 636.488291422526 635.426428900825 636.360256618924 637.949924045139 638.192359076606 639.243764241536 637.946445041233 637.141954210069 637.515696207682
-9999 -9999 602.116085476345 607.405890570747 609.320512559679 611.274305555556 613.836327446832 616.470509847005 619.72179836697 621.496246337891 621.950134277344 622.334794786241 623.969126383464 625.891038682726 628.507283528646 627.538703070747 623.200476752387 621.085276285807 620.174608018663 619.467441134983 618.433834499783 616.917809380425 616.038343641493 617.206485324436 617.244550916884 616.46297539605 616.488732231988 618.172505696615 619.628919813368 620.174421522352 620.611012776693 620.856604682075 620.442040337457 622.413211398655 625.389645046658 628.566680908203 630.524197048611 631.703155517578 635.500854492188 638.271881103516 639.173953586155 637.556359185113 638.848829481337 638.798767089844 638.080932617188 638.517896864149 638.572241889106 637.667521158854 639.157274034288
-9999 -9999 -9999 611.944329155816 614.078060574002 614.393408881293 613.374094645182 615.293697781033 621.054629855686 624.752956814236 624.345971001519 625.138322618273 624.966885036892 626.165415445964 626.449181450738 625.252282036675 623.451843261719 622.36131117079 620.911766899957 619.297610812717 618.968997531467 618.002699110243 615.973022460938 615.365397135417 616.503570556641 616.726582845052 617.612728542752 617.947041829427 619.878851996528 620.07615492079 620.266960991753 620.718787299262 622.360205756293 623.503000895182 625.18504163954 627.6880730523 629.028401692708 631.412373860677 633.918667263455 636.907182481554 639.025082058377 639.670176188151 641.227667914497 641.303344726562 640.273128933377 639.588941786024 638.831987169054 639.910129123264 640.906616210938
-9999 -9999 -9999 615.820956759983 617.626271565755 618.52301703559 618.579783121745 620.716267903646 624.407501220703 625.881320529514 625.577450222439 626.085174560547 626.476301405165 625.256130642361 623.830278184679 623.95696343316 623.229031032986 622.626034206814 621.736236572266 620.793416341146 618.722517225477 617.77008734809 616.077697753906 616.016713460286 615.238416883681 614.485463460286 614.853790283203 616.137474907769 617.994398328993 618.727376302083 619.597368028429 621.909138997396 623.726843939887 624.634402804905 627.489379882812 629.420806884766 629.557308620877 631.512383355035 634.207909478082 639.116112603082 640.911068386502 642.431267632378 642.67734781901 644.042188856337 644.912862141927 642.458279079861 640.959655761719 640.614576551649 641.254821777344
-9999 -9999 -9999 618.001458062066 620.344729953342 622.458872477214 624.090525309245 626.129760742188 628.312476264106 628.626237657335 627.692569308811 627.177442762587 627.549892849392 627.075697157118 625.438747829861 624.860931396484 623.354549831814 623.036549886068 622.150800916884 621.38478257921 619.605916341146 618.075697157118 617.589057074653 616.942064073351 616.418948703342 615.594292534722 615.177181667752 616.185885959201 616.735273573134 616.387868245443 617.07898288303 621.067925347222 623.629045274523 624.941823323568 628.090986463759 630.270273844401 632.078036838108 633.210198296441 635.918738471137 640.347300211589 642.551527235243 643.218919542101 644.568589952257 645.382283528646 648.105197482639 647.393222384983 644.9658203125 644.529113769531 644.802273220486
-9999 -9999 -9999 619.590894911024 622.028327094184 624.392974853516 626.462195502387 628.95075141059 631.538906521267 631.849945068359 630.625308566623 630.970835367839 630.90195719401 630.016137017144 629.292707655165 627.850616455078 625.776234944661 624.345781114366 624.068108452691 622.194759792752 620.841451009115 619.24068874783 617.935238308377 617.826141357422 618.566413031684 617.633243136936 616.872419569227 617.112901475694 617.744818793403 617.943993462457 619.507595486111 622.049028184679 624.402608235677 625.880072699653 628.096327039931 631.194993760851 637.342814127604 641.914754231771 641.528879801432 643.695285373264 644.886271158854 644.591037326389 645.493001302083 646.321580674913 648.620415581597 648.627651638455 648.613952636719 649.478529188368 649.665262858073
-9999 -9999 626.079189724392 624.591610378689 625.179812961155 626.4956902398 629.833224826389 633.137715657552 634.664689805773 635.162628173828 635.336096869575 634.736168755425 633.604607476128 632.592254638672 631.351525200738 630.030090332031 627.364447699653 626.243750678168 625.896809895833 622.61629570855 621.095435248481 620.190199110243 620.592007107205 620.543785942925 619.863345675998 617.963646782769 617.960238986545 618.958011203342 620.290228949653 620.542107476128 621.940053304036 623.352298312717 624.150984022352 627.158206515842 629.820132785373 633.520918104384 639.077338324653 643.539035373264 641.818630642361 641.446234809028 643.327813042535 645.631856282552 648.243984646267 649.138122558594 648.825032552083 650.633036295573 653.006137424045 654.012810601128 653.720079210069
-9999 -9999 628.808512369792 628.370795355903 627.994120279948 629.116512722439 633.129102918837 635.632015652127 637.408718532986 638.682050916884 638.032999674479 636.715779622396 634.049611409505 631.74695163303 630.861904568142 630.027737087674 627.852494981554 626.733998616536 625.40663655599 624.119517008464 622.335147433811 620.737172444661 620.923129611545 620.877522786458 619.102610270182 618.320044623481 619.027184380425 620.008378770616 620.370164659288 620.68654039171 622.42273288303 623.231509738498 624.327246771918 627.722615559896 629.812015109592 631.288238525391 634.230767144097 635.393327501085 636.430948893229 637.531494140625 640.22499593099 646.674709743924 650.730326334635 652.52155219184 652.33778889974 654.38724093967 655.944702148438 657.341247558594 656.712219238281
-9999 -9999 628.996097140842 628.067928738064 -9999 -9999 633.156538221571 635.802269829644 640.088962131076 641.916212293837 638.967112223307 635.543090820312 633.93468899197 631.968604193793 630.99621242947 629.128556993273 627.744418674045 626.247795952691 624.849656846788 624.320051405165 623.301327175564 620.719251844618 617.91466946072 618.341739230686 619.099609375 618.961191813151 619.830135769314 619.450670030382 619.120378282335 620.471483018663 622.403778076172 623.791042751736 625.930060492622 628.016933865017 630.583387586806 631.798387315538 634.53603108724 636.358873155382 638.232449001736 641.005194769965 643.797071668837 648.845689561632 652.182244194878 654.021443684896 657.213148328993 659.833421495226 661.194017198351 661.035915798611 659.975246853299
-9999 -9999 619.933119032118 614.776512993707 -9999 -9999 -9999 636.944254557292 643.184278700087 645.508978949653 640.098765055339 637.310668945312 635.68702867296 632.962215847439 630.615963406033 628.61516655816 627.246917724609 625.968343098958 623.86272515191 623.081295437283 622.67931789822 620.592061360677 618.814002143012 619.229041205512 620.026295979818 619.088409423828 619.805016411675 620.010474310981 619.697245279948 621.145229763455 623.709801567925 625.612250434028 628.596299913194 629.661905924479 630.710795084635 631.756045871311 634.994008382161 637.785169813368 641.121365017361 643.848056369358 646.473524305556 651.158067491319 654.517395019531 655.904249403212 660.910346137153 664.584608289931 665.288208007812 662.660339355469 659.785325792101
-9999 -9999 -9999 607.444471571181 -9999 -9999 627.262427435981 640.530381944444 643.994330512153 643.471605088976 640.413547092014 639.352115207248 637.647630479601 633.822760687934 630.715494791667 629.625410291884 628.330552842882 625.949469672309 624.719865587023 622.534844292535 620.619327121311 620.17729695638 619.124416775174 618.261674669054 618.585754394531 619.920603434245 620.239305284288 620.672837999132 621.237301296658 621.145077175564 624.070315890842 626.370374891493 627.001590304905 628.749291314019 631.780917697483 633.55852593316 635.741628011068 638.667215983073 641.497863769531 644.737013075087 649.410325792101 654.232008192274 657.824191623264 657.477281358507 663.251980251736 665.126159667969 666.020880805122 665.458902994792 662.228875054253
-9999 -9999 -9999 611.18795437283 614.146497938368 -9999 -9999 -9999 638.818264431424 637.875603569878 638.824479844835 638.734066433377 637.431257459852 632.313608805339 629.849314371745 629.215386284722 627.888576931424 625.596859402127 624.573923746745 623.330546061198 621.364556206597 619.542131212023 618.853546142578 618.622921413845 619.178198920356 619.39490085178 620.768252902561 622.425031873915 621.081746419271 618.869201660156 621.513370090061 623.738817003038 624.416802300347 625.281697591146 629.187052408854 633.390835232205 634.43111843533 635.199893527561 640.792392306858 646.833441840278 649.437798394097 651.639994303385 656.730428059896 662.293728298611 667.258341471354 669.882120768229 669.723341200087 665.543782552083 661.908820258247
-9999 -9999 -9999 613.079149034288 616.035688612196 620.013709174262 623.081271701389 -9999 631.336035834418 634.936726888021 635.701463487413 635.12398952908 635.303432888455 631.892934163411 630.024230957031 627.668836805556 626.073771158854 624.884629991319 624.005923800998 622.445705837674 620.868889702691 619.538662380642 618.925228542752 618.079315185547 617.719557020399 617.676940917969 616.884596082899 617.283142089844 618.503472222222 620.334804958767 621.875769721137 622.405314127604 622.26909383138 625.455356174045 628.787902832031 631.767479790582 634.012817382812 636.054385715061 641.338283962674 645.884704589844 649.212124294705 652.974887424045 659.911159939236 664.585089789497 668.957567003038 669.778049045139 668.180135091146 664.377014160156 661.033128526476
-9999 -9999 -9999 615.676879882812 617.616309271918 620.477464463976 623.139763726128 625.945939805773 630.04015774197 633.46332804362 633.935719807943 633.230834960938 631.969736735026 629.889065212674 628.500311957465 626.760189480252 625.899356418186 625.461083306207 624.207590738932 621.711825900608 620.010108100043 619.374270968967 618.500284830729 617.124342176649 616.628584120009 615.868631998698 616.234059651693 617.065144856771 617.35651312934 619.831414116753 621.515509711372 621.592115614149 623.303582085503 625.616339789497 628.816382514106 632.848114013672 634.785668267144 636.806508382161 641.002454969618 643.829840766059 647.611551920573 652.384711371528 659.164272732205 667.669684516059 673.374721950955 667.530219184028 662.990736219618 661.340684678819 654.129686143663
-9999 -9999 -9999 -9999 617.763193766276 620.379503038194 622.302497016059 625.375342475043 628.678883870443 630.974751790365 631.791178385417 631.728369818793 630.22666422526 627.87013414171 626.754272460938 626.21050008138 624.254774305556 623.058220757378 622.29990641276 620.638353135851 619.388403998481 619.172905815972 618.081336127387 616.607096354167 615.991892496745 616.302469889323 616.519741482205 616.889957004123 617.65230984158 618.931023491753 619.975650363498 621.006530761719 624.0824347602 625.85055202908 628.188012017144 630.406887478299 633.450907389323 636.362135145399 640.605461968316 644.706271701389 647.921563042535 650.045030381944 655.233554416233 659.630249023438 663.304863823785 659.77542453342 657.091396755642 654.781609429253 651.852674696181
-9999 -9999 -9999 -9999 617.238013373481 619.781338161892 622.397728814019 624.207950168186 626.017944335938 627.609334309896 628.44472249349 627.979777018229 626.421084933811 625.679189046224 624.831949869792 623.119299994575 621.972330729167 621.604478624132 620.729366726345 619.614708794488 619.657426622179 620.740292019314 620.210544162326 618.665367974175 616.526553683811 615.215796576606 614.097446017795 614.941067165799 615.525644938151 615.64791531033 616.912099202474 618.837290445964 622.146860758464 624.099399142795 626.102233886719 628.866780598958 632.641442192925 636.162573920356 639.076616075304 642.940714518229 648.486585828993 650.303568522135 651.665445963542 653.025397406684 656.235575358073 655.887559678819 654.747246636285 652.209852430556 648.355299207899
-9999 -9999 -9999 -9999 618.545474582248 620.580654568142 621.500132242839 622.281121148003 624.013949924045 625.251715766059 624.708974202474 624.526336669922 624.016543918186 623.859107123481 623.436998155382 622.004889594184 621.013193766276 620.914120144314 619.508778889974 617.339765760634 617.780127631293 618.449632432726 617.831566704644 616.239898681641 615.640441894531 616.215430365668 617.838724772135 618.380855984158 615.67136976454 614.790422227648 614.90732828776 617.617051866319 619.800808376736 622.2035285102 625.027913411458 626.958211263021 631.89547390408 637.035827636719 638.362111409505 639.437472873264 642.00136311849 644.898478190104 646.540113661024 648.258917914497 650.372470431858 651.123677571615 649.647142198351 646.946363661024 643.81790500217
-9999 -9999 -9999 614.27532280816 617.631537543403 620.625210232205 620.677029079861 622.148325602214 623.596405029297 624.736928304036 624.352501763238 623.538146972656 624.073262532552 622.378360324436 621.985293918186 620.996002197266 620.338470458984 619.513668484158 618.094004313151 616.640180799696 615.908369276259 615.795149061415 615.978759765625 615.770528157552 615.028289794922 614.696465386285 615.216718885634 615.765970865885 615.380103217231 614.854482014974 614.259036593967 615.340972900391 618.533464219835 621.768513997396 624.241841634115 626.177310519748 630.995663113064 633.365976969401 627.502400716146 625.511518690321 626.93748304579 638.170362684462 639.724426269531 641.451734754774 642.879828559028 646.015489366319 647.235934787326 643.948689778646 641.173550075955
-9999 -9999 614.549357096354 616.036963568793 620.054836697049 621.796288384332 621.501569959852 621.57331000434 623.002051459418 624.316335042318 625.2802734375 624.785091824002 622.182729085286 619.984137641059 618.748741997613 618.587561713325 619.103295220269 618.214114718967 616.391998291016 615.56645711263 614.913248697917 614.725006103516 614.057773166233 613.825510660807 613.427256266276 611.598642985026 611.042070176866 611.628458658854 613.88521999783 613.525387234158 613.64543999566 615.03133477105 616.83898586697 619.700103759766 622.149631076389 623.967027452257 627.014173719618 628.354197184245 628.564354790582 629.483571370443 629.449852837457 630.774542914497 -9999 -9999 -9999 -9999 -9999 -9999 -9999
-9999 -9999 616.544023301866 620.111087375217 621.884073893229 621.308380126953 621.257093641493 620.546864827474 621.559356689453 623.760097927517 623.446502685547 622.975904676649 619.805199517144 618.084713406033 617.215681287977 618.194902208116 619.005120171441 618.046230740017 616.137783474392 616.138370090061 615.080034044054 613.468824598524 612.412170410156 612.589135064019 611.670257568359 610.857503255208 610.148196750217 610.089216444227 610.482510036892 611.677558051215 611.86617702908 614.199330647786 615.528947618273 618.741258409288 621.917080349392 624.670305040148 625.401869032118 626.278788248698 629.014200846354 633.22743733724 635.888488769531 636.01756117079 631.390489366319 620.110534667969 615.643931070964 -9999 -9999 -9999 -9999
