data/test_2003/bio5_avg_1994-2002.asc
NCOLS 664 
NROWS 380 
XLLCORNER 3.91666666666667 
YLLCORNER 55.3333333333333 
CELLSIZE 0.0416666666666667 
NODATA_value -9999 
[rows 0 to 21 of 380, columns 539 to 587 of 664]
-9999 -9999 -9999 -9999 -9999 -9999 -9999 -9999 -9999 -9999 -9999 -9999 -9999 -9999 -9999 -9999 -9999 -9999 -9999 -9999 -9999 -9999 -9999 -9999 -9999 -9999 -9999 -9999 -9999 -9999 -9999 -9999 -9999 -9999 -9999 -9999 -9999 -9999 -9999 -9999 -9999 -9999 -9999 -9999 -9999 -9999 -9999 -9999 -9999
-9999 -9999 -9999 -9999 -9999 -9999 -9999 -9999 -9999 -9999 -9999 -9999 -9999 -9999 -9999 -9999 -9999 -9999 -9999 -9999 -9999 -9999 -9999 -9999 -9999 -9999 -9999 12.0635685390896 12.1783912446764 12.9395102394952 12.6878514819675 12.6634143193563 13.1617554558648 -9999 -9999 -9999 -9999 -9999 -9999 -9999 -9999 -9999 12.9141667683919 12.888055589464 12.828611585829 -9999 -9999 -9999 -9999
-9999 -9999 -9999 -9999 -9999 -9999 -9999 -9999 -9999 -9999 -9999 -9999 -9999 -9999 -9999 -9999 -9999 -9999 -9999 -9999 -9999 -9999 -9999 -9999 -9999 -9999 12.5902353922526 12.2439314524333 12.3959976832072 12.715433968438 13.0930934482151 13.5059372584025 13.7171726226807 13.4802354176839 13.5936687257555 13.8126579920451 13.1455367406209 13.361242612203 13.3557366265191 13.1593752966987 13.3345022201538 12.7858527501424 12.9426352183024 12.9984998703003 12.9192594952053 12.9308336046007 -9999 -9999 -9999
-9999 -9999 -9999 -9999 -9999 -9999 -9999 -9999 -9999 -9999 -9999 -9999 -9999 -9999 -9999 -9999 -9999 -9999 -9999 -9999 12.7668059666952 12.7576738993327 13.176076359219 13.733645968967 13.4462928771973 13.2892013125949 13.4670155843099 13.4631832970513 13.346558464898 13.2538032531738 13.0985237757365 13.2676554785834 13.4750668207804 13.7433354059855 14.0268654293484 13.7231033113268 13.5754894680447 13.5842430326674 13.5092474619548 13.5346967909071 13.3214791615804 13.2500389946832 13.2145993974474 13.2248262829251 13.1460188759698 -9999 -9999 -9999 -9999
-9999 -9999 -9999 -9999 -9999 -9999 -9999 13.6350466410319 -9999 -9999 -9999 -9999 -9999 -9999 -9999 -9999 -9999 -9999 12.6362498601278 13.0535034603543 13.9477317598131 12.9380362828573 13.3802196714613 13.438468615214 13.4827452765571 13.4270208146837 13.6379639307658 14.3422496583727 13.4618142445882 13.3921261893378 13.2924020555284 13.2060120900472 13.4049542744954 13.6742969089084 13.687372525533 13.577781147427 13.5287181006538 13.5531823900011 13.582091861301 13.4341115951538 13.3252431021796 13.3368190129598 13.5688388612535 13.633443514506 12.8661716249254 12.3456636004978 12.4740739398532 12.5443454318576 13.1617285410563
-9999 -9999 12.8407568401761 12.9251706865099 13.1598760816786 13.0028863483005 13.2117440965441 13.7503242492676 14.1194604237874 -9999 -9999 -9999 -9999 -9999 -9999 -9999 -9999 12.8231943978204 13.0229170057509 13.4724168777466 13.7717323303223 13.8193729188707 13.9223271475898 13.8779976103041 14.0617526372274 14.1785069571601 13.9712619781494 13.6323581271701 13.7021045684814 13.7015255822076 13.4422800276015 13.369701385498 13.4984561072456 13.537132051256 13.5937285953098 13.6583265728421 13.6775901582506 13.6608540217082 13.5681182013618 13.4807152218289 13.4965625339084 13.7160428365072 13.8128559324476 12.9967800776164 12.2509269714355 11.8238025241428 11.7669624752469 12.2154569625854 12.8439508014255
12.7311891979641 13.1118984222412 13.0315781699287 13.0778369903564 12.9296674728394 13.1106641557482 13.5312998029921 13.9070466359456 14.139301194085 -9999 -9999 -9999 -9999 -9999 -9999 -9999 -9999 -9999 13.7451389100817 13.6759720908271 13.8356951607598 13.7710614734226 13.8927558263143 13.9345486958822 14.2158682081434 14.2227435641819 14.1080598831177 14.0217920939128 13.8430254194472 13.6789257261488 13.506824599372 13.4400579664442 13.429771317376 13.4503917694092 13.5947523117065 13.7508712344699 13.7643235524495 13.7031086815728 13.7165608935886 13.816679848565 13.7238821453518 13.1783775753445 12.7639837265015 13.009146478441 12.9972738689846 12.8162681791517 13.0754075580173 13.3594568040636 13.1958022647434
12.7252229054769 12.7930004331801 12.8354447682699 13.1338897281223 13.5310010910034 13.8161116706 14.2260960472955 14.283194647895 13.9953858057658 14.0106024212307 -9999 -9999 -9999 -9999 -9999 -9999 -9999 -9999 -9999 -9999 -9999 -9999 -9999 -9999 -9999 -9999 14.0491170883179 13.9696003595988 13.8759468926324 13.8563252554999 13.8247025807699 13.7317475212945 13.7267925474379 13.7441352208455 13.8611086739434 13.8580826653375 13.7950564490424 13.8240297105577 13.686337047153 13.5886442396376 13.0816184149848 12.877156469557 13.1582324769762 13.515205807156 13.5005129708184 13.5189349916246 13.7282960679796 13.7012343936496 13.7187654707167
13.2625563939412 13.2290010452271 13.5221118927002 13.8472233878242 14.0256675084432 13.8814447191026 13.9585559633043 14.2225465774536 14.3075550927056 -9999 -9999 -9999 -9999 -9999 -9999 -9999 -9999 -9999 -9999 13.6476391686334 -9999 13.9780059390598 13.6997293896145 13.7059192657471 14.1131978564792 14.0348613527086 14.1299887763129 13.8992274602254 13.8310437732273 13.948761622111 13.9990888171726 14.077326880561 14.2337385813395 14.0640491909451 14.1704955630832 14.2392942640516 14.1477895312839 14.4805272420247 14.3293254640367 14.2895719740126 14.1645488739014 14.1196819941203 13.782095167372 13.9292572869195 14.0577519734701 14.3299436569214 13.9214815563626 13.9901237487793 -9999
13.1518898010254 13.1930005815294 13.0967781278822 12.8752759297689 12.883000585768 13.0774451361762 13.7785556581285 14.5449231465658 14.525015619066 -9999 -9999 -9999 -9999 -9999 -9999 -9999 -9999 -9999 -9999 13.7004166709052 -9999 13.9421641031901 13.723113377889 13.9065047370063 14.0830249786377 13.8656667073568 13.8171982235379 13.8122843636407 13.7887038124932 13.9949013392131 13.8722102906969 13.7672962612576 13.9694935480754 14.26796330346 14.0288984510634 13.7738393147786 13.4240776697795 13.8816677729289 13.8403893576728 14.6390393575033 13.2218404346042 -9999 -9999 -9999 15.0271181530423 -9999 -9999 -9999 -9999
12.2763288285997 12.7466843922933 13.5823738310072 13.8993963665432 13.1830853356255 13.342440923055 14.2631255255805 14.5802815755208 -9999 -9999 -9999 -9999 -9999 -9999 -9999 -9999 -9999 13.9712523354424 14.0731880399916 14.3711580700345 14.0960898929172 14.2859082751804 14.3932257758247 14.06714492374 13.8623130586412 13.8343705071343 13.7166500091553 13.5713748931885 13.6949880388048 13.8408229615953 13.9208809534709 14.0733828014798 14.1116627587212 13.4180081685384 13.124395052592 13.4001149071587 13.7478342056274 14.0915545357598 14.3419406678942 14.3316604826185 14.5049362182617 14.611837916904 14.6926908493042 -9999 13.9418966505263 13.9597795274523 -9999 -9999 -9999
13.5675415462918 13.7122749752469 13.8690790600247 14.518409093221 14.8359209696452 14.4740396075779 -9999 -9999 -9999 -9999 -9999 -9999 -9999 -9999 -9999 -9999 14.3918927510579 14.5921819474962 14.7335364023844 14.631306860182 14.4691767162747 14.1721301608615 14.120611720615 14.0242038302951 13.780240588718 13.6936113569472 13.7012035581801 13.6545748180813 13.6706115934584 13.855537308587 13.7906852298313 13.6129442850749 13.6449814902412 13.9610555436876 14.2669434017605 14.3728316624959 14.5113620758057 14.9286631478204 14.8564213646783 14.9088720745511 15.0314759148492 14.431201087104 14.2061288621691 13.6444842020671 12.9605594211155 13.5174469417996 15.0684779485067 -9999 -9999
14.2977533340454 14.2296113967896 14.3193049960666 14.6547553804186 14.9766347673204 14.7827570173475 14.8100915484958 -9999 -9999 -9999 -9999 -9999 -9999 -9999 -9999 -9999 14.8949137793647 14.0210565990872 14.3420221540663 14.5563447740343 14.5929304758708 14.6177475187514 14.7170745001899 14.5955122841729 14.1181688308716 13.9910742441813 13.919979625278 14.0102184083727 14.2000125249227 14.4653622309367 14.8222670025296 14.8898392783271 15.0165220896403 15.1630311542087 15.2502448823717 15.3109997643365 14.6869502597385 14.5562331941393 14.6854145261976 14.4290672938029 13.4031573401557 12.7631519105699 13.0284793641832 13.617807176378 13.7355242835151 14.8939542770386 -9999 -9999 -9999
14.2705285814073 13.8932442135281 13.8537381490072 13.8364543914795 14.2418365478516 14.8784452014499 -9999 -9999 -9999 -9999 -9999 -9999 14.3577694363064 -9999 14.8331015904744 14.3548466364543 14.5094905429416 14.5089349746704 14.4478598700629 14.8959014680651 14.8914811876085 14.9456364313761 14.9635889265272 15.0575177934435 15.0861139297485 15.0911544164022 15.108639187283 14.8923460642497 15.0005243089464 14.9471871058146 15.1391462749905 14.671512497796 14.2135083940294 13.9795365863376 14.7296571731567 14.6864257388645 13.8338594436646 13.486183696323 13.9193951288859 13.5810521443685 13.307597372267 13.447921011183 14.022911283705 14.838176091512 15.6984892951118 -9999 -9999 -9999 -9999
13.6801826688978 13.8920468224419 14.1527996063232 14.3077747556898 14.5734170277913 15.2684604856703 15.7283861372206 -9999 -9999 -9999 -9999 -9999 -9999 -9999 14.9579124450684 14.8567073610094 14.666593975491 14.3973602718777 14.5047099855211 14.5899760988024 14.9995476404826 15.0429055955675 15.1447704103258 15.5124127070109 15.5498329798381 14.9956981870863 14.2593406041463 13.9029834535387 13.9901814990573 14.3320464028252 14.2779112921821 13.9042208989461 13.9907160864936 14.3203627268473 14.2516815397474 13.6976669099596 13.7556523217095 13.738971180386 14.1436229281955 14.7562748591105 15.0040614869859 15.505572742886 16.1389412350125 -9999 -9999 -9999 -9999 -9999 14.9394556681315
13.9329477945964 14.1255161497328 14.481194390191 14.8319851557414 15.1725870768229 15.3735652499729 -9999 -9999 -9999 -9999 -9999 15.3258265389336 15.2580398983426 -9999 14.9595030678643 15.0612930721707 14.9501520792643 14.9551990297106 14.7451826731364 14.7813872231377 14.6340369118585 14.5845950444539 14.7548407448663 15.1819740931193 15.274441825019 14.6575753953722 14.1891535653008 13.6909547381931 13.7025326622857 14.0394446055094 14.273245493571 14.2008233600193 14.5559573703342 15.0595724317763 14.9725575976902 15.1231307983398 15.4149797227648 15.495313750373 15.6879144244724 16.1741650899251 16.2969228956434 -9999 15.8274709913466 16.04461256663 15.8768464194404 15.9076036877102 16.4752488666111 16.2606720394558 16.3250658247206
14.4492688708835 14.8945404688517 15.1264785130819 15.4446386761136 15.5082715352376 -9999 -9999 -9999 -9999 15.3160226609972 15.4637169308133 15.162897851732 15.5283650292291 15.6413678063287 15.4791907204522 15.2048063278198 15.611287328932 15.4446753395928 14.8314325544569 14.7324928707547 14.7944424947103 14.7493968539768 14.7644664976332 15.0995355182224 15.3777170181274 14.8905639648438 14.8523004319933 14.8033697340224 14.7606613371107 14.7877310646905 14.8694676293267 15.153870900472 15.5982733832465 15.9213931825426 16.033332824707 16.3019771575928 15.8696818881565 16.0604529910617 16.0226391686334 15.9857583575779 15.9632830089993 15.8528957366943 15.9326623280843 15.6719011730618 14.9636254840427 15.2027515835232 16.5050752427843 16.6364738676283 16.0413605372111
15.1393349965413 14.8888985315959 15.2166515986125 15.7099083794488 15.3615543577406 15.3396140204536 15.557885699802 15.8354164759318 15.3814663357205 15.2832546234131 15.3156886630588 15.2829378975762 15.231520652771 15.4832140604655 15.169130537245 15.3870463901096 15.4765172534519 15.2130997975667 14.9447934892442 14.8249324162801 14.7708476384481 14.8181972503662 14.9460914399889 15.1353192859226 15.0414358774821 15.1324415206909 15.2434464560615 15.2077848646376 15.1441232893202 15.0222405327691 14.9879123899672 15.4100283516778 15.829922358195 15.8965461519029 15.8965657552083 16.3444142871433 16.0156965255737 15.3641786575317 15.8135315577189 16.4761663013034 16.2724715338813 15.9452197816637 15.9157472186618 15.6058300866021 16.4399127960205 16.9562318589952 16.6132085588243 16.0750152799818 15.6084621217516
15.40510919359 15.704853799608 15.8201575809055 15.8846145206028 15.4841819339328 15.3857703738742 15.5124653710259 15.4620617760552 15.3328438864814 15.1656566196018 14.795095231798 14.7769775390625 14.8579712973701 15.059854083591 14.9199585384793 14.574729707506 14.6912790934245 14.4202727211846 14.3248217900594 14.2195930480957 14.4285871717665 14.4496650695801 14.67882876926 14.9079920450846 14.8273776372274 14.9472072389391 15.0812600453695 15.262866973877 15.1702527999878 15.1558599472046 15.3641346825494 15.4981872770521 15.3553496466743 15.4081441031562 15.7845691045125 15.9707721074422 16.2009759479099 15.8107342190213 16.1582706239488 16.4222506417169 16.417342821757 16.3795458475749 16.9288606643677 17.2843964894613 17.1510437859429 16.2780674828423 16.0303566190932 15.8262010150486 15.8504902521769
15.7691048516168 16.1056233512031 16.3835795720418 16.0232696533203 15.5858424504598 15.9281375673082 16.2979895273844 16.153174188402 15.7852470609877 15.5255409876506 15.2385017606947 15.0821282068888 15.1657552719116 15.2756045659383 14.7498976389567 14.829524676005 14.9015963872274 14.9394453896417 14.8332946565416 14.728031900194 14.634326087104 14.6660217709011 14.7968989478217 14.8215529123942 14.9990964465671 15.0255285898844 15.0541831122504 15.2472822401259 15.2786037656996 15.242813428243 15.5114680396186 15.4730116526286 15.5896661546495 15.5304086473253 15.8676841523912 16.0929596159193 16.3151242997911 16.1759552425808 16.4003423055013 16.4193953408135 16.628671752082 17.0268358654446 17.0183323754205 17.376497692532 16.7702180014716 15.7288344701131 15.6963474485609 15.577638414171 16.193596733941
16.1184341642592 15.7992808024089 16.3063494364421 16.1827521853977 16.2213758892483 16.127555847168 16.087513393826 16.3794701894124 16.1985398398505 15.7240921656291 15.5610193676419 15.543279753791 15.65620581309 15.7460221184625 15.6140597661336 15.4078754848904 15.3496910730998 15.5492841932509 15.5093226962619 15.3533603880141 15.2191755506727 15.0490454567803 15.024302482605 15.1284483803643 15.3939270443386 15.5456286536323 15.5635515848796 15.7241422865126 15.7691766950819 15.8515452278985 15.7423571480645 15.842946794298 15.7604264153375 15.6366733974881 15.6303551991781 15.9711475372314 16.2048291100396 16.4398438135783 16.6664146847195 16.7792053222656 16.9004431830512 17.087457868788 16.9064729478624 17.1294869316949 16.0911691453722 15.9613776736789 16.2285606596205 16.4704093933105 16.7829252878825
15.7006523344252 15.8751606411404 15.9212257597182 15.8157342274984 15.815131187439 15.8847504721748 16.051703453064 16.3137678570218 16.3509431415134 16.1581995222304 16.1133146286011 16.019097328186 15.9111017651028 15.8804389105903 15.9262208938599 15.9671147664388 15.9835633171929 15.9311241573758 15.8582393858168 15.8017990324232 15.7004699707031 15.4982913335164 15.529483795166 15.563787566291 15.686090681288 15.7786166932848 15.8760316636827 15.9770024617513 16.0068614747789 15.9998316235012 16.0305804146661 15.9759944279989 16.0022985670302 15.9709380467733 16.1250254313151 16.3768905003866 16.5145337846544 16.6139545440674 16.6293745040894 16.7541291978624 17.0433275434706 16.8916370603773 17.24483511183 16.562033229404 16.0876761542426 16.7783677842882 17.1763298246596 16.7707357406616 16.9331419203017
