data/test_2003/bio5_avg_1994-2002.asc
NCOLS 664 
NROWS 380 
XLLCORNER 3.91666666666667 
YLLCORNER 55.3333333333333 
CELLSIZE 0.0416666666666667 
NODATA_value -9999 
[rows 132 to 153 of 380, columns 294 to 342 of 664]
16.8794181611803 16.9390952852037 17.1182010438707 17.4238452911377 17.5260302225749 17.6605471505059 17.6826186709934 17.591800265842 17.9614283243815 18.0794994566176 17.7455701828003 18.0698646969265 17.9981570773655 17.735785484314 17.8481362660726 17.8880993525187 18.0965078141954 18.2586958143446 18.1577711105347 18.2004008822971 18.4621425204807 18.7425520155165 19.0580700768365 19.1895910898844 19.129553688897 18.769962310791 18.5296056535509 18.5635931226942 18.4606927235921 18.9449024200439 18.971335305108 18.794213824802 18.2348681555854 18.4546335008409 18.9450668758816 19.1217221154107 18.7757104237874 18.7950308057997 18.8480976952447 18.6602435641819 18.6661667293972 18.8009802500407 18.5504584842258 18.7381612989638 18.6196399264865 18.7526749504937 18.8985975053575 18.8240761227078 18.7713332706028
16.8984529707167 16.812434302436 16.8347207175361 16.841716448466 16.9220462375217 16.9108206431071 16.8827053705851 16.9901461071438 17.1624761157566 17.3979167938232 17.6733590232001 18.0603542327881 18.3220170338949 18.123680750529 17.899900648329 17.9600103166368 18.189454820421 18.3051198323568 18.3136738671197 18.4902290768094 18.5316717359755 18.5011155870226 18.5247815450033 18.7208925882975 18.8681129879422 18.9140012529161 18.7568986680773 18.8585834503174 19.088713116116 19.1046191321479 19.1560819413927 19.1053225199382 19.1301178402371 19.355802959866 19.4579304589166 19.4365049997966 19.2866335974799 19.0549861060248 18.9673084682888 18.9702705807156 18.8692326015896 18.9713060590956 19.0560453202989 19.0363419850667 19.0526366763645 19.086709552341 19.0776725345188 18.9264121585422 18.869819217258
16.9921538035075 16.9577225579156 16.8213309182061 17.0994745890299 17.0856173833211 17.1468731562297 17.2561267217 17.1564937167697 17.0359696282281 17.0265579223633 17.1447020636665 17.2028450436062 17.2116547690498 17.7600198321872 18.2152201334635 18.0585866504245 17.8472877078586 18.0150997373793 18.4153558943007 18.6996125115289 18.7936475541857 18.8187912835015 18.6870477464464 18.6415259043376 18.504892985026 18.5704839494493 18.6077467600505 18.4157945844862 18.8611759609646 19.0683352152507 18.8461598290337 19.2586532168918 19.2809232076009 19.2400813632541 19.1699072519938 19.1677328745524 19.1300036112467 19.2193834516737 19.3300740983751 19.3034089406331 19.2322995927599 19.206965552436 19.1980777316623 19.1891905466716 19.159411960178 19.1407474941678 19.1060805850559 18.9869696299235 18.9803040822347
17.9028860727946 17.7522406048245 17.4868210686578 17.5424816343519 17.4291893641154 17.0398137834337 17.0917710198296 17.5117281807794 17.4965733422173 17.3165317111545 17.288489235772 17.5271123250326 17.5208475324843 17.3736945258247 17.4732078976101 18.1713875664605 17.9748999277751 17.6961917877197 17.7268155415853 18.5649960835775 18.9458423190647 19.0186896853977 18.854647954305 18.7803834279378 18.6754529741075 18.4211879306369 18.6274842156304 19.0098944769965 19.0700842539469 19.3538269466824 19.2149049970839 19.1915380689833 19.3583944108751 19.4305833180745 19.2356605529785 19.0865156385634 18.9969270494249 19.2300052642822 19.4710638258192 19.3143253326416 18.9571420881483 19.0275135040283 19.0601096683078 19.0375932057699 19.1604111989339 19.1707827250163 19.1384898291694 19.0350829230415 19.0041228400336
17.7562351226807 18.045190387302 17.6901077694363 17.6336572435167 17.5025388929579 17.4287554423014 17.5269698037042 17.6211854086982 17.8109560012817 17.6980606714884 17.5940549638536 17.8807135687934 18.0233739217122 17.9389228820801 17.8414155112373 17.9757429758708 18.3491797977024 18.4990605248345 18.370719909668 18.5090471903483 18.958928849962 19.0079201592339 18.6520250108507 18.521906958686 18.3460106319851 18.3430033789741 18.7134431203206 18.7293285793728 18.8309917449951 19.0797659556071 19.3636512756348 19.2506476508247 19.0087547302246 19.4224175347222 19.4303023020426 19.3621889750163 19.2811853620741 19.2552922566732 19.4773847791884 19.3874621921115 18.9779855940077 18.669840282864 18.8816962771946 18.8482189178467 18.7676304711236 18.9897083706326 19.1060081058078 18.9538633558485 18.8483859168159
18.318144692315 18.4993762969971 18.5402736663818 18.265636867947 17.8896667692396 17.6874728732639 17.7848358154297 17.8257544835409 17.8235613505046 17.898257361518 17.9658407635159 17.9036481645372 17.9303439458211 17.774374961853 17.5314020580716 17.2160963482327 17.6243468390571 17.8450421227349 17.8621804979112 18.248207728068 18.6284590827094 18.7344854142931 18.4347358279758 17.9429865943061 18.0743476019965 18.2274867163764 18.3891800774468 18.2389840020074 18.1941201951769 18.8545915815565 19.322173860338 19.421755472819 19.3528927697076 19.4440305497911 19.284056769477 19.1378601921929 19.3009969923231 19.3708017137316 19.3814851972792 19.3877124786377 19.4792728424072 19.4099443223741 19.3979502783881 19.0517340766059 18.8504062228733 18.9433002471924 19.1521945529514 18.9695332845052 18.6655383639865
17.9860670301649 18.0702752007378 18.4763304392497 18.7620086669922 18.6059078640408 18.4173639085558 18.2297075059679 18.1789411968655 17.9437211354574 18.1731196509467 18.2874077690972 18.0759177737766 18.1635371314155 17.9640471140544 17.8262781567044 17.7777856190999 17.8475157419841 17.9625775019328 17.8798628913032 17.9669255150689 18.254877726237 18.4379393259684 18.494781282213 18.1885098351373 18.2320173051622 18.2990796830919 18.3084733751085 17.8010852601793 18.0559179517958 18.8409739600288 19.2873630523682 19.463086022271 19.5374749501546 19.5100866953532 18.9813647800022 18.5868663787842 19.1825881534153 19.4734221564399 19.5269162919786 19.269293891059 19.568116929796 19.6402706570095 19.3746486239963 19.2014700571696 18.8278477986654 19.0826687282986 19.1188242170546 19.0909790462918 18.9529128604465
17.736656083001 17.9816202587552 18.2534260219998 18.5734049479167 18.5938286251492 18.5840312110053 18.5515668657091 18.6244341532389 18.6910811530219 18.5666493309869 18.7889715830485 18.5672959221734 18.4291750590007 18.4630546569824 18.1980423397488 18.0954735014174 18.0426824357775 17.9236685434977 17.8002116945055 17.8140865961711 17.9155173831516 18.0005041758219 18.0490467283461 18.3469229804145 18.366131040785 18.3017862108019 18.5668758816189 18.3898516760932 18.3070483737522 18.9535791609022 19.2614432440864 19.3617509206136 19.4633926815457 19.5810328589545 19.4586741129557 19.2883160909017 19.4717347886827 19.5489317576091 19.5807950761583 19.6508765750461 19.6520703633626 19.6777089436849 19.7620143890381 19.5249845716688 19.3884008195665 19.3584838443332 19.2761211395264 19.1955371432834 18.9678421020508
17.5899135801527 17.6160767873128 17.8602986865573 17.8923587799072 18.2030478583442 18.2107401953803 18.2753230200873 18.6303738488091 18.6828778584798 18.3829358418783 18.6078851487901 18.7426115671794 18.714670393202 18.637395646837 18.3551398383247 18.1149391598172 17.9654060999552 17.8194282319811 17.6552262836032 17.504359987047 17.447270711263 17.4981810251872 17.525980313619 17.6422234641181 17.6829125086466 17.8116014268663 18.2626132965088 18.8048411475288 18.7177346547445 18.7306264241536 18.9275207519531 19.1653043958876 19.301752726237 19.4124236636692 19.5253170861138 19.5848765903049 19.6039924621582 19.5244409773085 19.4648927052816 19.601347817315 19.6386924319797 19.6498135460748 19.7107120090061 19.7489437527127 19.7031762864855 19.4885200924344 19.1725287967258 19.3014278411865 18.977883444892
18.0045028262668 17.9891977310181 17.6347269482083 17.7019774119059 17.9999529520671 18.2841260698107 18.3527444203695 18.4053620232476 18.7688950432671 18.7850343916151 18.746950785319 18.6093133290609 18.6103403303358 18.5033681657579 18.2487939198812 18.4101729922824 18.0139070087009 18.0796307457818 18.2262433369954 18.322632683648 18.24968846639 18.0820786158244 17.7686909569634 17.5864138073391 17.6108038160536 17.6987503899468 17.7721286349826 18.2873844570584 18.7546412150065 18.9085644616021 18.9318230946859 18.9213006761339 19.2538907792833 19.2327024671767 19.2466267479791 19.5103278689914 19.4180274539524 19.2386190626356 19.4565491146511 19.5842645433214 19.6902018653022 19.6961394415961 19.6625209384494 19.6849036746555 19.7192853291829 19.7078889211019 19.6969386206733 19.6566535101997 19.4679232703315
17.9799021614922 18.0666811201308 17.9575418896145 18.0715945561727 18.0278688006931 18.2680255042182 18.343510945638 18.3927737341987 18.6464811960856 18.5979652404785 18.6138954162598 18.7724914550781 18.8011718326145 18.7130014631483 18.6886422899034 18.6823139190674 18.711986541748 18.6861046685113 18.7353333367242 18.7408072153727 18.8090578715007 18.7048632303874 18.3526706695557 17.8875892427233 17.9278394911024 18.1303145090739 18.1463313632541 18.2998939090305 18.602788289388 18.6319077809652 18.6863589816623 19.1563655005561 19.4152611626519 19.531933678521 19.5503857930501 19.5150597890218 19.3691412607829 18.9387855529785 19.1387560102675 19.4941851298014 19.654849158393 19.6732923719618 19.5046229892307 19.5443982018365 19.651285595364 19.5341733296712 19.5903934902615 19.7221686045329 19.573055267334
17.9121119181315 18.0978586408827 18.1469635433621 18.2825406392415 18.2990044487847 18.3403578864204 18.4200676812066 18.5039174821642 18.5824341244168 18.373839908176 18.2176899380154 18.2895399729411 18.4720571306017 18.5585751003689 18.7646348741319 18.8391293419732 18.8442899915907 18.8992197248671 18.8587186601427 18.8199963039822 18.7498217688666 18.7660925123427 18.9508084191216 18.8795257144504 18.811351776123 18.9267342885335 18.9323310852051 18.9783647325304 19.0857321421305 19.0450967152913 18.8435753716363 18.9864966074626 19.2836418151855 19.4416737026638 19.3574850294325 19.4164079030355 19.5388855404324 19.4938070509169 19.2718077765571 19.3137781355116 19.5348572201199 19.6692712571886 19.6676854027642 19.6123216417101 19.5445128546821 19.63714811537 19.5137833489312 19.4357535044352 19.7879447937012
18.1425432629055 18.1481464174059 18.1674976348877 18.2725978427463 18.3096957736545 18.4992400275336 18.5870056152344 18.5221744113498 18.5483150482178 18.2316366831462 18.1641523573134 18.2572576734755 18.0121402740479 17.4656879636976 17.6372758017646 17.9362342622545 18.3818600972493 18.7577078077528 18.9308882819282 18.8949864705404 18.8260907067193 18.7883044348823 18.7351684570312 18.7541285620795 19.0219764709473 19.1111568874783 19.1112211015489 19.2261700100369 19.5060073004829 19.7258440653483 19.2674588097466 19.2792953915066 19.6635778215196 19.3985260857476 19.3890291849772 19.2613112131755 19.4891476101345 19.5934287177192 19.582096947564 19.5271470811632 19.4775318569607 19.5585833655463 19.6551914215088 19.6220196617974 19.4946265750461 19.3370115492079 19.3691760169135 19.5435600280762 19.6326115926107
18.2858640882704 18.120212343004 18.0138084623549 18.1008757485284 18.1874991522895 18.1478996276855 18.2851895226373 18.2873677147759 18.1993236541748 18.3783910539415 18.3867916531033 18.4920813242594 18.2166663275825 18.0910239749485 18.1579153272841 18.3711170620388 18.5443195766873 18.6197441948785 18.7502780490451 18.7901465098063 19.0322365230984 19.0836609734429 19.0617508358426 18.938952975803 19.0579312642415 19.0666891733805 18.848333146837 18.7904190487332 19.107170952691 19.4079240163167 19.5371203952365 19.7160936991374 19.9026237063938 19.8687099880642 19.5667961968316 19.2422137790256 19.1598563724094 19.7094978756375 19.7163855234782 19.6489630805122 19.5757630666097 19.4372295803494 19.5386973487006 19.5423865848117 19.4376318189833 19.5653203328451 19.5067880418566 19.417144563463 19.3194993336995
18.5798515743679 18.629610909356 18.4801205529107 18.3384884728326 18.3328577677409 18.0827815797594 17.8927068710327 18.1230750613742 17.9498528374566 18.108576880561 18.1366341908773 18.0952171749539 18.170919418335 18.5252876281738 18.6856674618191 18.8637786441379 18.9001113043891 18.6968881818983 18.5501113467746 18.9526666005452 19.2338890499539 19.3844437069363 19.3763332366943 19.2393334706624 19.2814439137777 19.2702221340603 19.1410011715359 19.1377796596951 19.3261135949029 19.5335587395562 19.474337471856 19.4742270575629 19.7132278018528 19.8664493560791 19.763673570421 19.4537851545546 19.6154522365994 19.8900076548258 19.9444488949246 19.7623335520426 19.624215443929 19.6167659759521 19.5075361463759 19.3796414269341 19.4375239478217 19.4802951812744 19.3479578230116 19.3107284969754 19.5726112789578
17.7369510862562 17.7670098410712 17.7495423422919 18.013434516059 18.3559934828017 18.2549976772732 18.0220008426242 17.9205603069729 17.808896806505 17.4640066358778 17.4808738496568 18.1364078521729 18.4150515662299 18.3750303056505 18.5209732055664 18.4484394921197 18.5519029829237 18.8282574547662 19.0237216949463 19.1285216013591 19.0764304267036 19.233673731486 19.2686930762397 19.3259374830458 19.2525132497152 19.1435341305203 19.2065567440457 19.4286944071452 19.3139442867703 19.3156373765733 19.4053321414524 19.5305803087023 19.3647191789415 19.3948565589057 19.526772181193 19.7782442304823 19.9919374254015 20.0167422824436 19.759182188246 19.9445917341444 19.5962244669596 19.4522995418972 19.3612656063504 19.3724524180094 19.3103059132894 19.3383825090196 19.3686813778347 19.3314255608453 19.3612772623698
17.8593832651774 17.8452977074517 17.9367425706651 17.9234908421834 17.9644630220201 18.1978787316216 18.222851647271 17.7682673136393 17.5190175374349 17.6181048287286 18.0837800767687 18.4379321204291 18.6235781775581 18.4808091057671 18.2598353491889 18.2317653232151 18.3063623640272 18.5702927907308 18.4959998660617 18.8154850006104 18.8763046264648 18.8042335510254 18.9423876868354 18.7792061699761 19.0546915266249 19.170177883572 19.2334463331434 19.1933877733019 19.1471089257134 18.7217163509793 18.4941041734483 18.8887117173937 19.3557658725315 19.1748184627957 19.2956496344672 19.760925716824 20.097756491767 20.0354756249322 19.9899147881402 19.9717398749457 20.0051199595133 19.7109453413222 19.5478825039334 19.3430408901638 19.5021993849013 19.598690032959 19.4725157419841 19.5210081736247 19.5112762451172
18.4111478593614 18.4400310516357 18.4408306545681 18.0531047185262 17.790710873074 17.7634290059408 17.9392562442356 18.2786415947808 18.2380258772108 18.2156310611301 18.3914614783393 18.3588458167182 18.5778821309408 18.710146162245 18.3173647986518 17.9350917604234 18.2181540595161 18.5474389394124 18.6727212270101 18.8175614674886 18.9419562021891 18.9179075029161 18.8689687516954 18.9275847540961 18.9008706410726 18.4883772532145 18.1785583496094 18.4474154578315 18.7278272840712 19.0557969411214 19.1619877285428 19.3228448232015 19.3303686777751 18.9281145731608 19.4094159868028 19.9636065165202 20.0529073079427 20.0244320763482 19.9930926428901 20.0495550367567 19.8237953186035 19.7255916595459 19.6527214050293 19.6927409701877 19.7314258151584 19.7501116858588 19.6225747002496 19.6519264645047 19.6652774810791
18.5833579169379 18.5418741438124 18.4484763675266 18.2244945102268 17.8218477037218 18.0005333158705 18.3365512424045 18.393459531996 18.3934779696994 18.4454979366726 18.54373910692 18.4410909016927 18.2784438663059 18.4535730150011 18.5995038350423 17.9397525787354 17.9579463534885 18.3228068881565 18.5987786187066 18.9120830959744 19.0222761366102 19.0249135759142 18.9706626468235 18.9479666815864 18.833271238539 18.4834649827745 18.2841135660807 18.2792199452718 17.9627703560723 17.9520986345079 18.3374258677165 18.4183093176948 18.8040822347005 18.8449649810791 18.9076271057129 19.5925110710992 19.9191714392768 19.7751659817166 19.8318244086372 19.6593693627252 19.7633594936795 19.8429063161214 19.7477847205268 19.6411062876383 19.6642078823513 19.7353091769748 19.3904098934597 19.6326215532091 19.8641658359104
18.6351231469048 18.2552727593316 18.3721203274197 18.4381073845757 18.6743172539605 18.5509705013699 18.6822912428114 18.696277194553 18.5053768157959 18.0878069135878 17.7995736863878 17.7828931808472 17.8262134128147 18.4317561255561 18.8235850863987 18.8319195641412 18.4448494381375 18.3306196000841 18.5106110042996 18.7994916703966 19.0021504296197 18.9354748196072 18.7403560214572 18.7287928263346 18.5652289920383 18.0647758907742 18.3461144765218 18.6043578253852 18.5381577809652 18.0012885199653 18.0221983591716 18.043553352356 18.0702404446072 18.2787043253581 18.3805033365885 18.9436361524794 19.1965457068549 19.5254550509983 19.7252246008979 19.6242949167887 19.7624793582492 19.4188849131266 19.5850677490234 19.4725187089708 19.6516560448541 19.7504062652588 19.4204603830973 19.3950941297743 19.7870546976725
18.9593332078722 18.7228946685791 18.6570981343587 18.9077192942301 19.0698969099257 19.099186791314 19.1035857730442 19.0990973578559 18.8914970821804 18.3914519415961 17.9567396375868 17.6638792885674 17.986572265625 18.4690505133735 18.9609966278076 19.0352959103054 18.9673084682888 18.8646541171604 18.7099992964003 18.7891243828668 18.7384696536594 18.5464808146159 18.3491603003608 18.3145065307617 18.3207403818766 18.0834191640218 18.1752268473307 18.3486082288954 18.4455439249674 18.4398136138916 18.4896371629503 18.6212401919895 18.5066210428874 18.5435564253065 18.493825700548 18.7703170776367 18.8845873938666 18.8628565470378 19.2261780632867 19.5421104431152 19.5042644076877 19.4953083462185 19.5894618564182 19.6565053727892 19.6577716403537 19.6230360666911 19.5763024224175 19.4855670928955 19.6632773081462
19.2759874131944 19.105627907647 19.0287424723307 19.1159987979465 19.2734786139594 19.3660691579183 19.4128816392687 19.3765816158719 19.34383837382 19.215539932251 19.1272409227159 18.8580536312527 18.850655025906 18.9417129092746 19.118590037028 19.1946228875054 19.1142109764947 18.9026883443197 18.7969453599718 18.8049776289198 18.6565655602349 18.5885993109809 18.3761872185601 18.4935529496935 18.5091414981418 18.1638412475586 18.3141170077854 18.318634668986 18.2467074924045 18.1396704779731 18.1517433590359 18.2127049763997 18.4878883361816 18.7826304965549 18.7951477898492 18.6618868509928 18.4490714603 18.4873665703668 18.9022441440158 19.1777040693495 19.0673851437039 19.1979539659288 19.45919058058 19.4737597571479 19.4629972245958 19.5691225263808 19.5192483266195 19.5991511874729 19.7079435984294
