data/test_2003/bio5_avg_1994-2002.asc
NCOLS 664 
NROWS 380 
XLLCORNER 3.91666666666667 
YLLCORNER 55.3333333333333 
CELLSIZE 0.0416666666666667 
NODATA_value -9999 
[rows 88 to 109 of 380, columns 539 to 587 of 664]
19.6746879153781 19.7536080678304 19.7817209031847 19.7945586310493 19.8459239535862 19.8377316792806 19.7984297010634 19.8137936062283 19.8180467817518 19.7671021355523 19.7391817304823 19.7143741183811 19.738454606798 19.7496445973714 19.7301703559028 19.6462499830458 19.5401077270508 19.4237437778049 19.3744903140598 19.3474606408013 19.3217629326714 19.3365999857585 19.3484191894531 19.3882372114393 19.4062767028809 19.2723191579183 19.1579153272841 19.2932885487874 19.4953293270535 19.6715927124023 19.6016326480442 19.6161181131999 19.5132694244385 19.6092338562012 19.6146748860677 19.5823372734918 19.5793346828885 19.6167765723334 19.5537738800049 19.4543262057834 19.4988791147868 19.6145424313015 19.6586511400011 19.6414250267877 19.7344222598606 19.7197428809272 19.7554588317871 19.6992344326443 19.7225646972656
19.6194358401828 19.7007134755452 19.7411024305556 19.7748243543837 19.8054353925917 19.8427136739095 19.8297697703044 19.9057127634684 19.7905468410916 19.7988484700521 19.8559542761909 19.8628366258409 19.8506084018283 19.7814905378554 19.6865954928928 19.6028113894992 19.5185832977295 19.4845769670275 19.4914586808946 19.5312309265137 19.3501135508219 19.3479063245985 19.4077190823025 19.2968677944607 19.4113464355469 19.4551588694255 19.322083791097 19.2343423631456 19.3528207143148 19.5019679599338 19.6671159532335 19.7180400424533 19.6471858554416 19.6266867319743 19.6840972900391 19.7486192915175 19.7233630286323 19.654996448093 19.5706284840902 19.5342619154188 19.55689324273 19.6581556532118 19.7865306006538 19.8576812744141 19.9048692915175 19.8737373352051 19.8296169704861 19.7698220147027 19.6731654273139
19.6450714535183 19.6953726874457 19.6946072048611 19.7746448516846 19.8129480150011 19.8739185333252 19.9691081576877 20.031854417589 20.0212686326769 19.8723742167155 19.7891703711616 19.8006337483724 19.7298738691542 19.6982258690728 19.5710211859809 19.4611621432834 19.3924126095242 19.3672178056505 19.4366898006863 19.4226063622369 19.3231898413764 19.4023028479682 19.4675006866455 19.3846980200873 19.5630808936225 19.5744444529216 19.5567370520698 19.5343805948893 19.6071332295736 19.6976644727919 19.752195570204 19.7604054345025 19.8011023203532 19.7708083258735 19.7228787740072 19.561928431193 19.4002785152859 19.4466959635417 19.5470805697971 19.5892408159044 19.6069583892822 19.7464544508192 19.844615512424 19.8339379628499 19.8036045498318 19.719475640191 19.4828315311008 19.3417426215278 19.2668762207031
19.5102005004883 19.5515147315131 19.640384250217 19.7215779622396 19.7937942081028 19.8953431447347 19.9822254180908 19.9935518900553 19.9933234320747 19.8805645836724 19.7272758483887 19.709540049235 19.7789164649116 19.7900714874268 19.6381147172716 19.4977141486274 19.3216989305284 19.1172398461236 19.1736681196425 19.3118743896484 19.3665256500244 19.4557865990533 19.6689898173014 19.7746376461453 19.859260559082 19.9026201036241 19.9619782765706 19.9438949161106 19.9238056606717 19.9107199774848 19.9691905975342 19.9494374593099 19.6936846839057 19.5511544545492 19.4031037224664 19.3826082017687 19.3087810940213 19.1842859056261 19.4051246643066 19.6210736168755 19.7392465803358 19.8511956532796 19.9147006140815 19.9230946434869 19.8737110561795 19.7820373111301 19.7262946234809 19.6372193230523 19.5632555219862
19.4840119679769 19.4090874989827 19.3697170681424 19.5152371724447 19.7216453552246 19.875879711575 19.994453854031 20.0370282067193 20.0004906124539 19.9407564798991 19.910713619656 19.8811145358615 19.8595157199436 19.8308063083225 19.5953256818983 19.4418228997125 19.3572082519531 19.4859271579319 19.5102024078369 19.6598788367377 19.6365286509196 19.6916024949816 19.7731778886583 19.8956415388319 19.9724513159858 20.0485714806451 20.0714806450738 20.03394402398 19.9697428809272 19.9797619713677 20.0351164076063 20.0189143286811 19.7074510786268 19.2522583007812 19.2962173885769 19.4557329813639 19.5010263654921 19.3792078230116 19.6431681315104 19.7613508436415 19.7781997256809 19.8297153049045 19.8981196085612 19.9083008236355 19.8878180185954 19.8317095438639 19.7222029368083 19.7611408233643 19.8507442474365
19.5849340226915 19.5964359707303 19.5261601342095 19.5047753651937 19.6616104973687 19.7660011715359 19.8355708652072 19.9805035061306 20.031656689114 20.0302804311117 20.0430401696099 20.0264663696289 20.0361147986518 19.9799844953749 19.8278556399875 19.5401537153456 19.3824956681993 19.4937263064914 19.665402730306 19.8135227627224 19.8403095669217 19.8223107655843 19.8648577796088 19.8989592658149 20.0169533623589 20.1007461547852 20.1223167843289 20.106925116645 20.1223468780518 20.1852499643962 20.1574872334798 19.9731118943956 19.7609922620985 19.5755841996935 19.6546654171414 19.8497473398844 19.9879394107395 19.9692425198025 19.9181016286214 19.9105156792535 19.9104874928792 19.9042341444227 19.9522048102485 19.9832854800754 19.9961446126302 19.99738184611 20.0043330722385 19.9641723632812 19.9044566684299
19.7088964250353 19.7290607028537 19.7203354305691 19.7538324991862 19.7882179684109 19.8217148251004 19.8276566399468 19.9247088962131 20.0057612525092 19.9606895446777 20.0505074395074 20.0616652170817 20.0551102956136 20.0453143649631 19.9669452243381 19.8649635314941 19.8005593617757 19.8178094228109 19.8532829284668 19.8723121219211 19.9046743181017 19.9458880954319 19.9817316267225 19.996242735121 20.0467539893256 20.1394867367215 20.2302375369602 20.2162405649821 20.2132411532932 20.2420255872938 20.1511512332492 19.8585514492459 19.8837290869819 19.9208759731717 19.9766616821289 20.0142250061035 20.0468978881836 20.0497943030463 20.043801413642 19.9880318111844 19.9855942196316 20.0489340888129 20.0513858795166 20.0218376583523 20.0407348208957 20.0720507303874 20.0815671284993 20.0670818752713 20.0174869961209
19.7550099690755 19.7856254577637 19.8162398868137 19.7828530205621 19.7752452426487 19.7636377546522 19.8426962958442 19.9057551489936 19.853702545166 19.778176413642 19.6693984137641 19.7352877722846 19.8598427242703 19.8759543100993 19.8871767255995 19.8846202426487 19.8718435499403 19.888398276435 19.9240648481581 19.897954305013 19.9785092671712 20.0520030127631 20.0877702501085 20.0906490749783 20.1246386633979 20.1639607747396 20.2032826741536 20.2328272925483 20.2587699890137 20.2554723951552 20.1330172220866 20.1150063408746 20.0889954037136 20.0894703335232 20.0884306165907 20.0398343404134 20.0143502553304 19.9506443871392 19.9122693803575 19.7383412255181 19.8684126536051 20.0024831559923 20.0672206878662 20.0710690816243 20.0535854763455 19.9957156711155 20.0023475223117 20.0254238976373 19.9151685502794
19.7904578314887 19.8546352386475 19.8912548489041 19.8883198632134 19.8453843858507 19.7442270914714 19.6639584435357 19.6868012746175 19.7931993272569 19.8321064843072 19.7359665764703 19.4447152879503 19.2343531714545 19.509769015842 19.6447402106391 19.7072662777371 19.8080158233643 19.902097913954 19.9584022098117 20.0115949842665 20.0781220330132 20.1456750233968 20.1818093193902 20.2357207404243 20.2869667477078 20.2302116817898 20.177457385593 20.1589249504937 20.2137258317735 20.2263047960069 20.2148827446832 20.1830179426405 20.1382628546821 20.1020634969076 20.0019764370388 20.0258886549208 19.9275798797607 19.8119371202257 19.5042947133382 19.625095155504 19.8130086263021 19.8253659142388 19.8786110348172 19.7256344689263 19.3819910685221 19.2531560262044 19.5329060024685 19.6557678646511 19.6737389034695
19.9601289961073 19.9400880601671 19.9187157948812 19.8813412984212 19.8506353166368 19.7883720397949 19.7941091325548 19.7634029388428 19.8078070746528 19.6775919596354 19.6580888960097 19.7168106502957 19.7079736921522 19.5502503712972 19.5543036990696 19.6219117906358 19.7730774349636 19.8824643029107 19.9042960272895 19.9172369639079 19.952846315172 20.0642346276177 20.162514368693 20.2216820187039 20.2484073638916 20.1991299523248 20.1245212554932 20.0779105292426 20.0913020239936 20.1829143100315 20.2096377478706 20.2279171413845 20.3186416625977 20.2679915957981 20.1230782402886 20.1012766096327 20.068364461263 19.9061188167996 19.7300951215956 19.7309599982368 19.7304920620388 19.6820244259304 19.6993342505561 19.6113098992242 19.4037320878771 19.2368206448025 19.1896873050266 19.1932211981879 19.5638656616211
19.9480213589138 19.916652891371 19.8786184522841 19.8121405707465 19.7669953240289 19.8147392272949 19.9042614830865 19.92400487264 19.9441943698459 19.8773002624512 19.7957691616482 19.9129055870904 19.9295963711209 19.8582880232069 19.5834225548638 19.532113817003 19.7114719814724 19.9326084984673 20.012854470147 20.0522128211127 20.0004590352376 19.9467951456706 20.1436644660102 20.0991992950439 19.9925134446886 19.9369373321533 19.9920285542806 20.0600083669027 20.1204329596625 20.2004121144613 20.2923929426405 20.3403720855713 20.3714644114176 20.3903630574544 20.3664035797119 20.3224434322781 20.2962608337402 20.2211892869737 20.1030072106255 19.9052704705132 19.7088661193848 19.6889057159424 19.7378357781304 19.6956526438395 19.5739148457845 19.4978158738878 19.3682462904188 19.4617854224311 19.6513260735406
19.9705793592665 19.9981070624457 19.9980795118544 19.9482739766439 19.945579316881 19.9993290371365 19.97796842787 19.9041625128852 19.8499122195774 19.8570069207085 19.87255859375 19.9321100446913 19.9547727372911 19.9423241085476 19.8934311336941 19.7440933651394 19.4987561967638 19.5138630337185 19.6356374952528 19.8049653371175 19.948517481486 20.2062439388699 20.1923692491319 20.1918277740479 20.1246198018392 19.9898558722602 19.9942031436496 20.0052172342936 20.1273418002658 20.1392440795898 20.1498143937853 20.1657161712646 20.2891756693522 20.3851784600152 20.4106157090929 20.3942758772108 20.3646019829644 20.2527056799995 20.1843649546305 20.072913063897 19.9641282823351 19.9788985782199 19.9270023769803 19.8048850165473 19.7245445251465 19.6894804636637 19.6965821584066 19.7676843007406 19.7992307874892
20.0091381072998 20.0413377549913 20.0548725128174 20.0346279144287 20.0521621704102 20.0679183536106 20.0187863243951 19.9558764563666 19.9085201687283 19.894493314955 19.8657936520047 19.9557613796658 20.044393963284 20.0743603176541 20.0803281995985 20.0587399800618 20.0562616984049 20.1111172570123 20.2059737311469 20.1963863372803 20.198797861735 20.2616935306125 20.2628531985813 20.2591217888726 20.2918376922607 20.2987738715278 20.2381555769179 20.2090922461616 20.1618069542779 20.1847423977322 20.2627908918593 20.3163941701253 20.2779979705811 20.3177727593316 20.3739409976535 20.3887755076091 20.3924988640679 20.3246654934353 20.2710558573405 20.2494449615479 20.2291679382324 20.1773353152805 20.1161704593235 20.0470040639242 19.9778391520182 19.954922358195 19.9120299021403 19.8802490234375 19.8813567691379
20.0303620232476 20.0739025539822 20.0605538686117 19.872982872857 19.8751892513699 19.991619322035 19.8431591457791 19.7729212443034 19.861795425415 19.9266454908583 19.9776946173774 20.0820761786567 20.1713481479221 20.1672865549723 20.079669740465 19.9218304951986 19.9577676984999 20.0492621527778 20.1012007395426 20.0398048824734 19.9544105529785 20.0438096788194 20.1786687639025 20.2948616875543 20.3621652391222 20.3561365339491 20.3096639845106 20.1956339942084 20.0522713131375 20.0444632636176 20.1153235965305 20.1812941233317 20.263709810045 20.2490327623155 20.2381523980035 20.3103853861491 20.3346167670356 20.3255142635769 20.3173016442193 20.2344220479329 20.0048753950331 19.8171073065864 19.7884500291612 19.9433470831977 20.018244849311 19.9976961347792 19.9461436801487 19.9732574886746 19.9888165791829
19.9053664737278 19.9335780673557 20.006680170695 20.0668930477566 19.9546616872152 19.974430931939 19.9506441752116 19.9219676123725 20.0008474985758 19.9850201076931 19.9295959472656 19.948394563463 20.025859620836 20.0891015794542 20.0567891862657 19.9231435987684 19.9157197740343 19.9291852315267 19.8479828304715 19.7898911370171 19.9726905822754 19.8845918443468 20.0931519402398 20.2230453491211 20.4324955410428 20.4099443223741 20.3549488915337 20.3030647701687 20.1747353871663 20.199739880032 20.3483007219103 20.3168610466851 20.3667545318604 20.2180711958143 20.0952542622884 20.0235498216417 20.1198457082113 20.1583633422852 20.2008804745144 20.1287303500705 19.8152480655246 20.0333218044705 20.1313953399658 20.0836904313829 20.0373185475667 19.9258047739665 20.0282573699951 20.0982663896349 20.0873868730333
19.8785906897651 19.9812543657091 20.0416957007514 20.0403584374322 19.9474678039551 20.0083533393012 20.1705714331733 20.2643472883436 20.2336775461833 20.1016161176893 19.9294967651367 19.9155993991428 20.0274802313911 20.0806937747531 20.0779079861111 20.0271218617757 19.9558923509386 19.8993286556668 19.8454316457113 20.009755452474 20.226969189114 20.3307075500488 20.4098572201199 20.4592295752631 20.4646017286513 20.4228627946642 20.3500120374892 20.3540509541829 20.4096444447835 20.4127951727973 20.4506113264296 20.4750944773356 20.4431332482232 20.3862207200792 20.2923569149441 20.0918273925781 19.9459646013048 20.0978785620795 20.2031264834934 20.237263361613 20.2580666012234 20.3153156704373 20.3370068868001 20.2240325080024 20.130613538954 20.1499123043484 20.1779278649224 20.1783873240153 20.0828471713596
19.7220374213325 19.9013754526774 20.157600402832 20.1796023050944 20.2451619042291 20.238276163737 20.2438348134359 20.3458372751872 20.3202851613363 20.1973232693142 20.1045091417101 20.0836936102973 20.0975456237793 20.1465085347493 20.0225832197401 19.9946577284071 20.0013989342584 19.9872506459554 19.8868804507785 19.9753985934787 20.2812493642171 20.4199354383681 20.4905630747477 20.4434134165446 20.332708146837 20.2824465433757 20.3317413330078 20.4045929378933 20.452998691135 20.5107379489475 20.506254196167 20.5115492078993 20.4866216447618 20.3779248131646 20.1992371877034 20.1281034681532 20.0369707743327 20.1511715783013 20.3080387115479 20.2844621870253 20.2782185872396 20.3821974860297 20.3315086364746 20.1697084638808 20.0239096747504 19.8282430436876 19.9098197089301 20.0682854122586 20.0685291290283
20.0859302944607 20.1268289354112 20.2023930019803 20.2361806233724 20.234856499566 20.1966425577799 20.3504310184055 20.3588841756185 20.2886706458198 20.2036978403727 20.0581881205241 20.0695665147569 19.959167904324 20.0492125617133 20.1641470591227 20.1599689059787 20.1726820203993 20.1529496510824 20.1345507303874 20.1677063835992 20.262196858724 20.5193837483724 20.5966010623508 20.434263865153 20.3012591467963 20.2940317789714 20.3690272437202 20.4844676123725 20.4510190751817 20.5629024505615 20.5694529215495 20.5662267473009 20.5541099972195 20.5354073842367 20.4847827487522 20.3194923400879 20.1599775950114 20.2297984229194 20.3791743384467 20.4761051601834 20.4810356563992 20.4370778401693 20.3651203579373 20.1460511949327 19.993203692966 19.8963510725233 19.9546004401313 19.8826283348931 19.983100467258
20.1029504140218 20.1346418592665 20.0214443206787 20.1691371070014 20.2426073286268 20.3005210028754 20.324213663737 20.3390172322591 20.2698196834988 20.2335569593642 20.07778400845 20.0909008449978 20.1542373233371 20.1717978583442 20.1258027818468 20.1300292544895 20.1164783901638 20.200261010064 20.3742669423421 20.4736046261258 20.4996087816026 20.5752190483941 20.6542146470812 20.5283224317763 20.3970959981283 20.3667570749919 20.3875319163005 20.4651936425103 20.5401878356934 20.5587384965685 20.5510677761502 20.5789521535238 20.5921688079834 20.5548231336806 20.4202461242676 20.2456703186035 20.3328706953261 20.4454040527344 20.5174937778049 20.5735833909776 20.5678950415717 20.5257631937663 20.4782979753282 20.3214988708496 20.1855875651042 20.0593401590983 19.926756117079 19.6923957400852 19.5642556084527
20.210875193278 20.1648154788547 20.2214228312174 20.3518085479736 20.2977477179633 20.1552446153429 20.2794070773655 20.3755705091688 20.3352887895372 20.2544572618273 20.2579652998183 20.2863621181912 20.282313240899 20.2133774227566 20.1573295593262 20.19594807095 20.1874563429091 20.2620745764838 20.4282489352756 20.5517563290066 20.585487153795 20.5989988115099 20.5936266581217 20.5255885654026 20.5006618499756 20.3859566582574 20.3961408403185 20.4156578911675 20.4276195102268 20.4351355234782 20.5617643992106 20.5270580715603 20.4905760023329 20.4863948822021 20.3100715213352 20.2773036956787 20.3920917510986 20.519323348999 20.57855436537 20.5906762017144 20.5827975802951 20.4820295969645 20.4590405358209 20.3724954393175 20.1966145833333 19.9718799591064 19.8276231553819 19.8411439259847 19.6231072743734
20.2116898430718 20.2052107916938 20.324511633979 20.3771453433567 20.3693345387777 20.394856982761 20.3790452745226 20.3419007195367 20.3363123999702 20.2806907229953 20.2688121795654 20.2969343397352 20.2659445868598 20.263845231798 20.3168553246392 20.3125334845649 20.3179880777995 20.4145548078749 20.5000097486708 20.5467989179823 20.6389202541775 20.6347779168023 20.6170393625895 20.5557452307807 20.603782441881 20.6011551751031 20.4207505120171 20.4927883148193 20.4883825514052 20.4346436394585 20.4946823120117 20.5662761264377 20.5969806247287 20.6068547566732 20.4785635206434 20.6213813357883 20.6348673502604 20.6296863555908 20.5929497612847 20.617102517022 20.5221436818441 20.5374077690972 20.4251160091824 20.2581583658854 20.1409765879313 20.0408638848199 19.9698223537869 19.9267800649007 19.7952914767795
20.3222810957167 20.3687188890245 20.4382682376438 20.4900385538737 20.4680317772759 20.480247285631 20.4462396833632 20.4100102318658 20.3875598907471 20.3882569207085 20.4018819597032 20.367062886556 20.3442429436578 20.3329794141981 20.3208262125651 20.3024518754747 20.3858545091417 20.4785900115967 20.5197711520725 20.5645058949788 20.6207983228895 20.6145579020182 20.6742295159234 20.6170109642877 20.4775721232096 20.4892429775662 20.4800266689724 20.5188087887234 20.4318129221598 20.4012624952528 20.4578227996826 20.4837156931559 20.418498357137 20.6170917087131 20.6754987504747 20.7663493686252 20.7745333777534 20.6267164018419 20.6517884996202 20.7293065388997 20.6908247205946 20.6132293277317 20.4658584594727 20.1242648230659 19.9880040486654 20.0427373250326 20.0844650268555 20.0244151221381 19.9270316229926
