data/test_2003/bio5_avg_1994-2002.asc
NCOLS 664 
NROWS 380 
XLLCORNER 3.91666666666667 
YLLCORNER 55.3333333333333 
CELLSIZE 0.0416666666666667 
NODATA_value -9999 
[rows 0 to 21 of 380, columns 441 to 489 of 664]
-9999 -9999 -9999 -9999 -9999 -9999 -9999 -9999 -9999 -9999 -9999 -9999 -9999 -9999 -9999 -9999 -9999 -9999 -9999 -9999 -9999 -9999 -9999 -9999 -9999 -9999 -9999 -9999 -9999 -9999 -9999 -9999 -9999 -9999 -9999 -9999 -9999 -9999 -9999 -9999 -9999 -9999 -9999 -9999 -9999 -9999 -9999 -9999 -9999
-9999 -9999 -9999 -9999 -9999 -9999 -9999 -9999 -9999 -9999 -9999 -9999 -9999 -9999 -9999 -9999 -9999 -9999 -9999 -9999 -9999 -9999 -9999 -9999 -9999 -9999 -9999 -9999 -9999 -9999 -9999 -9999 -9999 -9999 -9999 -9999 -9999 -9999 -9999 -9999 -9999 -9999 11.3072226842244 -9999 11.1574538548787 -9999 -9999 -9999 -9999
-9999 -9999 -9999 -9999 -9999 -9999 -9999 -9999 -9999 -9999 -9999 -9999 -9999 -9999 -9999 -9999 -9999 -9999 -9999 -9999 -9999 -9999 -9999 -9999 -9999 -9999 -9999 -9999 -9999 -9999 -9999 -9999 -9999 -9999 -9999 -9999 -9999 -9999 -9999 11.2538889778985 11.4121429655287 11.5255558225844 11.4849999745687 11.3356065750122 11.2630094952053 -9999 -9999 -9999 -9999
-9999 -9999 -9999 -9999 -9999 -9999 -9999 -9999 -9999 -9999 -9999 -9999 -9999 -9999 -9999 -9999 -9999 -9999 -9999 -9999 -9999 -9999 -9999 -9999 -9999 -9999 -9999 -9999 -9999 -9999 -9999 -9999 -9999 -9999 -9999 -9999 -9999 -9999 11.7027779685126 11.4413889778985 11.8067549599542 11.9968514972263 12.0516667895847 11.9083331425985 -9999 -9999 -9999 -9999 -9999
-9999 -9999 -9999 -9999 -9999 -9999 -9999 -9999 -9999 -9999 -9999 -9999 -9999 -9999 -9999 -9999 -9999 -9999 -9999 -9999 -9999 -9999 -9999 -9999 -9999 -9999 -9999 -9999 -9999 -9999 -9999 -9999 -9999 -9999 -9999 -9999 -9999 11.0016665988498 11.2936866548326 11.710237926907 12.1542757882012 12.3607774310642 12.2778103086683 12.125 12.0475396050347 11.8957407209608 12.2450003094143 -9999 -9999
-9999 -9999 -9999 -9999 -9999 -9999 -9999 -9999 -9999 -9999 -9999 -9999 -9999 -9999 -9999 -9999 -9999 -9999 -9999 -9999 -9999 -9999 -9999 -9999 -9999 -9999 -9999 -9999 -9999 -9999 -9999 -9999 -9999 -9999 -9999 -9999 -9999 -9999 10.8027777141995 11.7261109881931 11.9852475060357 11.876784324646 12.2349449793498 12.155030992296 12.3062349955241 12.234365357293 12.3783338334825 12.0474384095934 -9999
-9999 -9999 -9999 -9999 -9999 -9999 -9999 -9999 -9999 -9999 -9999 -9999 -9999 -9999 -9999 -9999 -9999 -9999 -9999 -9999 -9999 -9999 -9999 -9999 -9999 -9999 -9999 -9999 -9999 -9999 -9999 -9999 -9999 -9999 -9999 -9999 -9999 -9999 -9999 -9999 -9999 12.7625621159871 12.8147225909763 -9999 -9999 -9999 12.0450001822578 12.157083829244 12.5745834774441
-9999 -9999 -9999 -9999 -9999 -9999 -9999 -9999 -9999 -9999 -9999 -9999 -9999 -9999 13.216296725803 -9999 -9999 12.4223149617513 12.5066666073269 -9999 -9999 -9999 -9999 -9999 12.6690280702379 13.0526699490017 -9999 -9999 -9999 -9999 -9999 -9999 -9999 -9999 -9999 -9999 -9999 -9999 -9999 -9999 -9999 -9999 -9999 -9999 -9999 11.9238893720839 11.9783338970608 11.6870681974623 11.9227056503296
-9999 -9999 -9999 -9999 -9999 -9999 -9999 -9999 -9999 -9999 -9999 -9999 -9999 -9999 -9999 -9999 -9999 -9999 12.9818522135417 12.8004319932726 13.0027778413561 13.0453707377116 13.3087041642931 -9999 13.4514627456665 13.1984476513333 13.1704789267646 13.1306402418349 12.9972064759996 -9999 -9999 -9999 -9999 -9999 -9999 -9999 -9999 -9999 -9999 -9999 -9999 -9999 12.5405556360881 12.5416666666667 -9999 -9999 -9999 12.3946763144599 12.5949913660685
-9999 -9999 -9999 -9999 -9999 -9999 -9999 -9999 -9999 -9999 12.6391049491035 12.5996163686117 13.6593517727322 -9999 -9999 13.3760188420614 -9999 13.1445365481906 12.6737040413751 13.2607080671522 13.2444445292155 13.3005557590061 13.26722240448 13.6766544977824 13.707083384196 13.2700030008952 13.5289583206177 13.2945835325453 12.9994291729397 -9999 -9999 -9999 -9999 -9999 -9999 -9999 -9999 -9999 -9999 -9999 -9999 -9999 -9999 -9999 -9999 -9999 -9999 12.4980005688137 12.8168524636163
-9999 -9999 13.5766820907593 -9999 -9999 13.3737193213569 13.7208796607123 -9999 -9999 12.5358735190498 12.5748019748264 13.0615424050225 13.2791503270467 13.7267350090875 13.4596722920736 13.9838830100165 -9999 13.3570901023017 13.3963176939223 13.5869219038222 13.6261927286784 13.7281407250298 13.7481495539347 13.8383099238078 14.1655328538683 13.4773565928141 13.4829907947116 -9999 -9999 -9999 -9999 -9999 12.637628449334 12.7460397084554 12.9079214731852 13.2902741962009 13.7241701549954 13.3955556021796 -9999 -9999 -9999 -9999 -9999 -9999 -9999 -9999 -9999 -9999 -9999
-9999 12.5440622965495 13.2321911917792 13.8997744454278 13.9677486419678 13.5271725124783 13.5618795818753 14.1200055016412 14.4089929792616 -9999 13.7874649895562 13.9129607942369 13.8560312059191 13.7920584148831 14.2467519972059 14.3575666215685 14.0569231245253 14.0768270492554 13.7588599522909 13.6104424794515 14.2561626434326 13.9544964896308 14.1731482611762 14.2966437869602 -9999 -9999 -9999 -9999 -9999 -9999 -9999 13.1043805016412 12.8587644365099 13.4060200585259 13.6854204601712 13.9078994327121 13.5587909486559 12.9919041527642 13.2973634931776 13.7257005903456 13.478144009908 13.2872843212552 13.5186059739855 -9999 -9999 -9999 -9999 12.9165044360691 13.0607539282905
14.0632678137885 14.3227404488458 13.9213948779636 13.6673897637261 14.0316403706868 14.5065568288167 14.7389312320285 14.2845625347561 13.767435921563 14.4427028232151 13.8438947465685 13.9576891793145 14.2212251027425 14.2116031646729 14.2347595426771 14.1725824144151 13.9264046351115 14.0811166763306 13.6681613922119 14.23260084788 14.5516342586941 14.692710770501 -9999 -9999 -9999 -9999 -9999 13.3741860919529 -9999 -9999 -9999 -9999 13.2235413657294 13.7124995125665 13.6883938047621 13.6259350246853 13.3308606677585 13.0224533081055 13.1936011844211 13.3905266655816 13.2910086313883 13.4452670415243 13.6987309985691 13.9230140050252 -9999 -9999 12.9618064032661 13.0878490871853 12.9476390414768
14.2575616836548 14.1876640319824 14.1669380399916 13.9765247768826 13.7886632283529 13.7501353157891 13.8129411273532 14.1584200329251 14.0030278099908 14.4262464311388 14.0925756030613 13.8008001115587 13.7661963568793 13.7680368423462 13.9232109917535 14.0441630681356 14.1406706704034 14.0270974900987 14.1972411473592 14.5520372390747 -9999 -9999 -9999 -9999 -9999 -9999 13.6302867465549 13.4159443113539 13.6993719736735 13.7549772262573 14.1750752131144 13.7043276892768 13.5513588587443 13.6387621561686 13.4531454510159 13.3008598751492 13.0247085359361 12.6503357357449 12.7008513344659 13.1615893046061 13.5307721032037 13.7292873594496 13.8744698630439 13.9455148908827 14.0104834238688 12.9218889872233 12.994242032369 12.7950517866347 13.2564890119765
14.2781411276923 14.0786609649658 13.6831815507677 13.6294789844089 13.5513328976101 13.7745189666748 14.4563725789388 14.6177817450629 14.5970793830024 14.1828417248196 14.1390324698554 13.8780868318346 13.6861676110162 14.2169153425429 14.5473670959473 14.2742997275458 14.1908334096273 14.9102775785658 14.7343705495199 -9999 14.4340568118625 -9999 -9999 14.6483780543009 -9999 14.1141105228 13.9092724058363 13.8724250793457 14.6006447474162 14.4275441699558 14.384924782647 -9999 -9999 13.8257818222046 13.5775530073378 13.4397843678792 13.2710010740492 13.2062180836995 13.3267681333754 13.5348738564385 13.5622205734253 13.5423635906643 14.4261457655165 14.1179189682007 14.1648826599121 13.4537709554036 12.9738363689846 13.1285107930501 12.7728640238444
13.753225962321 14.0154180526733 14.1487687428792 14.1090779834323 14.2119796541002 13.9385954538981 14.5451460944282 14.8430386649238 -9999 14.0702972412109 14.4516115188599 14.1379470825195 14.9172406726413 14.102618959215 14.5797962612576 15.0217884911431 -9999 -9999 12.6588756773207 14.0162995656331 14.162051624722 14.0643616782294 14.6416137483385 13.7608942455716 13.5415799882677 14.5025801128811 14.7841557396783 14.4261012607151 14.1978622012668 15.010781817966 14.7794780731201 14.8938842349582 -9999 -9999 14.1588430404663 13.9413072797987 13.9535764058431 14.3746557235718 14.2259584003025 14.4393082724677 14.565968407525 14.5397408803304 14.6796169281006 14.2692601945665 14.4901154836019 14.3778149286906 13.8521601359049 13.5248493618435 13.3252391815186
14.2335025999281 14.7480878829956 13.9630694919162 14.379440413581 -9999 -9999 15.1591086917453 -9999 -9999 -9999 -9999 -9999 -9999 -9999 -9999 13.3833507961697 13.3556084103054 12.4148911370171 11.0812635421753 12.4806483586629 13.5065514246623 13.0671637852987 14.3504812452528 14.0589664247301 12.1826708051893 13.5754098892212 13.7877052095201 13.5506673389011 14.1131839752197 14.6348126729329 14.5035521189372 14.8682913250393 -9999 -9999 -9999 14.610300593906 14.2752524481879 14.1925864749485 14.5803798039754 14.9423320558336 14.6265066994561 14.1471258799235 13.8006339603 13.7566873762343 13.8119775984022 14.1800864537557 14.5258455276489 14.7717996173435 13.8973784976535
-9999 -9999 -9999 -9999 -9999 -9999 -9999 -9999 -9999 -9999 -9999 -9999 -9999 13.2597663667467 12.9463526407878 12.9727098676893 12.7212884691026 12.2010225719876 11.1808369954427 11.0535398059421 13.0875760184394 12.6700567669339 11.3841109805637 10.8014764785767 11.2740059958564 12.232384469774 13.1015138626099 13.7081209818522 14.0298396216498 14.4457801183065 14.4763873418172 14.8729458914863 15.2879724502563 14.071209165785 14.2243895000882 14.7578915490044 14.4858787324693 14.1854206720988 13.7214079962836 13.9156169891357 14.1871594323052 13.9747017754449 13.590688917372 13.305342886183 13.2466628816393 13.4866490893894 13.9021919038561 14.2692870034112 14.5195847617255
-9999 -9999 -9999 -9999 -9999 -9999 14.7098440594143 13.6201164457533 14.4485100640191 14.3630130555895 14.2441838582357 14.4951844745212 15.100276099311 14.6971369849311 14.6304965549045 14.3557056850857 14.3537768257989 13.6130412419637 13.1789718204074 14.7722090615167 13.0263885921902 12.3138814502292 12.1520506540934 11.8883935080634 11.7026063071357 12.3794859780206 13.483767191569 14.3979394700792 14.56082895067 15.0507164001465 15.3060003916423 14.5874760945638 14.4190838072035 14.2799819310506 14.380012512207 14.4257051679823 14.0409623252021 13.5789431465997 13.7651022805108 13.9951237572564 13.7429232067532 13.2893888685438 13.0616326861911 13.185431904263 13.3070089552138 13.7521414226956 13.7759400473701 13.6445335812039 13.662363688151
-9999 13.3489286634657 13.0370039410061 14.6044171651204 13.8127459420098 14.4946462843153 14.4906312094794 13.61853451199 14.0878091388279 13.9361673990885 14.1678589714898 14.5634684032864 15.4603853225708 15.2768627802531 15.1392560535007 15.118250740899 14.7197291056315 14.4005100462172 15.039570066664 14.4209571414524 13.8287261327108 14.1253416273329 14.494846449958 14.9079738193088 14.6661131117079 14.5249000125461 15.0947979821099 15.2402522828844 14.4929285049438 13.9141846762763 14.0511482026842 14.016483200921 14.3009300231934 14.4822651545207 14.2938233481513 14.1031334135267 13.809750450982 13.6091860665215 13.5172419018216 13.4221867455377 13.4009088940091 13.4360758463542 13.4619091881646 13.7361872990926 13.9771324793498 14.358077261183 14.4492443932427 14.5319832695855 14.7209611468845
-9999 13.9479749467638 12.7505674362183 13.2708588706123 14.1201875474718 13.9468025631375 13.9043040805393 13.4969178305732 12.7233095169067 13.8563676410251 13.3978688981798 14.283663643731 15.0301946004232 14.9442813661363 15.1775796678331 15.4085954030355 15.6627528932359 -9999 15.1174512439304 13.6339865790473 12.8857310612996 12.6996976004706 13.3154418733385 14.1258641348945 14.4813165664673 15.5195078319973 -9999 15.1911515129937 15.1382826699151 15.1888053682115 15.1849067476061 15.0339624616835 14.668796327379 14.1938514709473 13.8313513861762 13.6717286639743 13.4909839630127 13.4179569880168 13.3573804431491 13.4474145041572 13.6857802073161 14.066368314955 14.5531783633762 14.692877875434 14.6641323301527 14.8913871977064 14.6964195039537 14.3818357255724 14.4960809283786
-9999 14.6692430708143 14.9284891552395 15.117364777459 14.149795850118 13.3794056574504 14.0927373038398 14.2810697555542 14.2067249086168 14.2763446172078 14.0283992555406 13.2856370078193 13.8871143129137 14.437036620246 13.9007355372111 14.4266572528415 15.3234827253554 15.9661140441895 15.7885435952081 15.5720835791694 14.7456236945258 14.6410163243612 15.4871493445502 15.2650701734755 14.8757035997179 15.3368932935927 15.5388238694933 14.842050658332 14.9546703762478 15.1960918638441 15.1951106389364 14.645219484965 14.5757732391357 14.5663270950317 14.6013247172038 14.6981029510498 14.5851058959961 14.5152194764879 14.6071106592814 14.5398909250895 14.4993387858073 14.8676746156481 15.2466763390435 15.3496794170803 15.0744602415297 15.1027958128187 15.0844651328193 14.9000523885091 14.6740025414361
