data/test_2003/bio6_avg_1994-2002.asc
NCOLS 664 
NROWS 380 
XLLCORNER 3.91666666666667 
YLLCORNER 55.3333333333333 
CELLSIZE 0.0416666666666667 
NODATA_value -9999 
[rows 126 to 146 of 380, columns 240 to 287 of 664]
-11.632465256585 -11.7894784079658 -12.0384908252292 -12.0358239279853 -12.0328925450643 -11.924627410041 -11.6945922639635 -11.7316541671753 -11.7995836469862 -12.2028241687351 -12.8962868584527 -13.0439965989855 -13.2812112172445 -13.8637595706516 -14.1463088989258 -14.369745042589 -14.5558498170641 -14.8450643751356 -15.0213905970256 -15.0666054619683 -15.2703118854099 -15.4547315173679 -15.5311870574951 -15.5244584613376 -15.5679895612929 -15.6044090059068 -15.8234950171577 -15.8701371086968 -16.0221916834513 -16.1432109408908 -16.2091732025146 -16.3074131011963 -16.2849493026733 -16.1941859987047 -16.2316266165839 -16.2819562488132 -16.360286394755 -16.4083937538995 -16.5467230478923 -16.6872752507528 -16.7611611684163 -16.8732685512967 -16.9267094930013 -17.0179275936551 -17.0923971600003 -17.1758959028456 -17.1971720589532 -17.1628929773966
-11.3800445132785 -11.6840495003594 -12.1382773717244 -12.2581022050646 -11.7114809883965 -11.454519059923 -11.793555577596 -12.3672596613566 -12.733318010966 -13.4009709888034 -13.9749283260769 -14.0357508129544 -13.9309181637234 -14.2265300750732 -14.486586994595 -14.722199122111 -14.781366666158 -14.9174233542548 -15.0241465038723 -15.083758354187 -15.2182640499539 -15.4267736011081 -15.5615051057604 -15.6789034737481 -15.7531912061903 -15.8510336346096 -15.9617657131619 -16.098719490899 -16.1734515296088 -16.1797386805216 -16.2550668716431 -16.3593432108561 -16.3400877846612 -16.2912304136488 -16.3361167907715 -16.3885587056478 -16.4761117299398 -16.5898871951633 -16.656995455424 -16.692104127672 -16.7494351069132 -16.8174328274197 -16.8512082629734 -16.8956495920817 -16.9903096093072 -17.0218538708157 -16.9849541982015 -16.9364994896783
-11.3595588472154 -11.3132637871636 -11.181190278795 -11.0308949152629 -10.8792659971449 -11.2461731168959 -12.1196299658881 -12.6759858661228 -13.010810746087 -13.2959306504991 -13.5401621924506 -13.7435046301948 -13.992624812656 -14.3088570700751 -14.5695330301921 -14.7328750822279 -14.8908843994141 -15.0533379448785 -15.1953471501668 -15.3653561274211 -15.4915498097738 -15.5388162400987 -15.6180825763279 -15.8529035780165 -16.0148362053765 -16.1292140748766 -16.180036438836 -16.1850802103678 -16.2634568744236 -16.3116120232476 -16.2668780220879 -16.3250516255697 -16.3262884351942 -16.2980529997084 -16.3632738325331 -16.4382722642687 -16.4914928012424 -16.5998247994317 -16.6543785730998 -16.6498215993245 -16.7017090055678 -16.624263021681 -16.6241499582926 -16.7831490834554 -16.9628887176514 -16.7855903837416 -16.7834041383531 -16.7736614015367
-10.8357779184977 -10.422246615092 -10.2789670626322 -10.4583541022407 -11.1372965706719 -12.1031603283352 -12.8452595604791 -13.1850410037571 -13.4264837900798 -13.5744459364149 -13.7530747519599 -13.874814775255 -14.1658875147502 -14.3942942089505 -14.5773670408461 -14.7737737231784 -14.9341797298855 -15.0776975419786 -15.23943678538 -15.4100657569038 -15.537279870775 -15.6997471915351 -15.837325308058 -15.957570499844 -16.0653714074029 -16.227838728163 -16.3329724205865 -16.3301065233019 -16.3254624472724 -16.3345965279473 -16.3823973337809 -16.3337539037069 -16.3308758205838 -16.3284311294556 -16.4037639829848 -16.40398534139 -16.4130967458089 -16.5288734436035 -16.5855399237739 -16.5550945070055 -16.5713161892361 -16.5964268578423 -16.7615380816989 -16.7764259974162 -16.7879116270277 -16.7728820376926 -16.7449637518989 -16.6774903403388
-11.5350929896037 -11.1112393273248 -10.8380582597521 -11.0374513202243 -11.9936176935832 -13.0253739886814 -13.6299325095283 -13.8067224290636 -14.0432530509101 -14.0198814604017 -14.0649050606622 -14.1218469407823 -14.3436613082886 -14.5485866334703 -14.6224009195964 -14.6975486543443 -14.8482520845201 -14.9989554087321 -15.1985474692451 -15.3919172286987 -15.5075142118666 -15.6346725887722 -15.7933865653144 -15.9574330647786 -16.0997021993001 -16.1948606703017 -16.3015746010674 -16.3953988817003 -16.4265573289659 -16.4510488510132 -16.3879846996731 -16.374698638916 -16.3537681367662 -16.2011943393283 -16.2419537438287 -16.5342682732476 -16.5425833596124 -16.4411202536689 -16.3721018897163 -16.4297500186496 -16.5376198026869 -16.6526020897759 -16.7706943088108 -16.8598981433445 -16.8258575863308 -16.6467944251166 -16.6952880223592 -16.8375585344103
-11.5167594485813 -11.7715188132392 -12.0049448013306 -11.8884007136027 -11.9486057493422 -12.4496999316745 -12.9759816063775 -13.2822966045803 -13.6059040493435 -13.9628038406372 -14.019702911377 -14.1246030595567 -14.359279844496 -14.561513264974 -14.7259685728285 -14.8522012498644 -15.0126566357083 -15.2660010655721 -15.4322338104248 -15.5344668494331 -15.6271415286594 -15.7075912687514 -15.7969302071465 -15.9493794971042 -16.1436075634427 -16.2982796563043 -16.3787292904324 -16.4280679490831 -16.422739982605 -16.4214117262099 -16.4658618503147 -16.4858672883775 -16.3157317903307 -16.0523423088921 -16.0827313529121 -16.3962313334147 -16.4235087500678 -16.3538975185818 -16.1660645802816 -16.2364532682631 -16.39484278361 -16.4350094265408 -16.4845093621148 -16.501120461358 -16.3136157989502 -16.1073286268446 -16.4774862925212 -16.7440883848402
-12.0810924106174 -12.2616091834174 -12.2576814227634 -12.2933086819119 -12.5071590211656 -12.9641193813748 -13.3277474509345 -13.6375968721178 -13.9492507510715 -14.2179247538249 -14.3550426695082 -14.4366917080349 -14.5331212149726 -14.6886623170641 -14.8468690448337 -14.9597429699368 -15.093061765035 -15.2446019914415 -15.4241429434882 -15.5926630232069 -15.7006247838338 -15.7562202877469 -15.7713712056478 -15.7871571646796 -15.9008457395766 -16.0350224177043 -16.1819650861952 -16.2376261817084 -16.2833678987291 -16.0953310860528 -16.0086281034682 -16.257035891215 -16.5385832256741 -16.5888242721558 -16.5039532979329 -16.2733051511976 -15.8897682825724 -15.7355652915107 -15.9298052257962 -16.3658239576552 -16.4151755438911 -16.2676391601562 -16.2085464265611 -16.2143427530924 -16.1578182644314 -15.9154185189141 -15.9641292360094 -16.355950779385
-11.6458704206679 -11.7930329640706 -11.9370846218533 -12.2202472686768 -12.7167431513468 -13.174572414822 -13.4652908113268 -13.691119617886 -13.9120137956407 -14.089306725396 -14.2519326739841 -14.4101138644748 -14.5967400868734 -14.808497428894 -14.9454408221775 -15.1001621882121 -15.1806613074409 -15.3042712741428 -15.4244958029853 -15.5742337968614 -15.7215071784125 -15.8429272969564 -15.9247556262546 -15.9772503111098 -16.0660844379001 -16.2020064459907 -16.2953153186374 -16.3039709726969 -16.3599945704142 -16.31769434611 -15.9700610902574 -15.691316180759 -16.0432132085164 -16.5888607237074 -16.5371760262383 -16.4800589879354 -16.331138504876 -16.07145330641 -15.9188792970445 -16.2858612272475 -16.4395090738932 -16.5038239161174 -16.4943604999118 -16.5244537989299 -16.5460210376316 -16.3412852817112 -16.2147721184625 -16.3349257575141
-12.064870622423 -11.7071238623725 -11.7938211229112 -12.4249629974365 -12.7974384095934 -13.0210250218709 -13.2508331934611 -13.5393090777927 -13.7735137939453 -13.9805579715305 -14.1924916373359 -14.3844253751967 -14.6141371197171 -14.87815284729 -14.9926708009508 -15.0792708926731 -15.1845383114285 -15.3475827111138 -15.5515160030789 -15.7096725040012 -15.8464680777656 -15.9907925923665 -16.1022289064195 -16.2932205200195 -16.3988784154256 -16.5227590137058 -16.6095547146267 -16.6394792132907 -16.6414034101698 -16.6280575858222 -16.4097162882487 -16.1011519961887 -16.0838419596354 -16.0751197603014 -16.20328701867 -16.2158975601196 -16.3022867838542 -16.1326754887899 -15.7563982009888 -16.049898147583 -16.2389532725016 -16.3817870881822 -16.4330645667182 -16.2950091891819 -16.4333347744412 -16.5182638168335 -16.4178590774536 -16.4636770884196
-12.4456485112508 -11.8207698398166 -11.7865578333537 -12.2305679321289 -12.5430224736532 -12.6141443252563 -12.7599322001139 -13.232387330797 -13.6612353854709 -14.0660320917765 -14.3722496032715 -14.4596255620321 -14.6141998502943 -14.7838853200277 -14.9375716315375 -15.0517015457153 -15.2116095225016 -15.3457394705878 -15.4558695687188 -15.4735551410251 -15.502984046936 -15.8117121590508 -16.2053286234538 -16.330944803026 -16.3996724022759 -16.5810452567206 -16.6855720943875 -16.736320177714 -16.8106242285834 -16.6898170047336 -16.5961209403144 -16.5255363252428 -16.388676431444 -16.1098238627116 -16.0058422088623 -16.0560831493802 -16.0454348458184 -16.1743422614204 -16.05480533176 -15.9374902513292 -15.8432871500651 -16.031750149197 -16.1597681045532 -16.0184538099501 -15.9726488325331 -16.0623529222276 -16.1493914922078 -16.2124290466309
-13.0678460862901 -12.1179714202881 -12.0717385609945 -12.6499508751763 -13.0708294974433 -13.2957078086005 -13.3765868080987 -13.4721321529812 -13.3689564598931 -13.422617064582 -13.9931661817763 -14.3152698940701 -14.6009301079644 -14.7799235449897 -14.9347713258531 -15.0938568115234 -15.2178307639228 -15.3338052961561 -15.446223894755 -15.5293092727661 -15.5960285398695 -15.8237420188056 -16.1333168877496 -16.322447458903 -16.3624436060588 -16.3709048165215 -16.5918109681871 -16.6816058688694 -16.7745115492079 -16.7940837012397 -16.8043230904473 -16.7265625 -16.5217587153117 -16.2645280626085 -16.1301753785875 -15.968712594774 -15.8614717059665 -15.7497872246636 -15.6869908438789 -15.5993055767483 -15.6333979500665 -15.6319352255927 -15.6309167014228 -15.6321200264825 -15.6172957950168 -15.6944429609511 -15.9075900183784 -16.1016262902154
-12.5258708530002 -12.1609506607056 -12.536030875312 -12.8844447665744 -13.2350805070665 -13.460827615526 -13.642129474216 -13.9307258394029 -14.049899843004 -14.2061439090305 -14.213054339091 -14.2966921064589 -14.4009934531318 -14.5137385262383 -14.7149285210503 -14.8676739798652 -15.0359743965997 -15.2340536117554 -15.4316875669691 -15.5782112545437 -15.7057944403754 -15.9117719862196 -16.1821769078573 -16.4385593202379 -16.6359238094754 -16.640764342414 -16.4678202735053 -16.3662491904365 -16.3766768773397 -16.5819062127007 -16.7907479604085 -16.7835881974962 -16.6655064688789 -16.5738351609972 -16.5048287709554 -16.4384902318319 -16.3343735800849 -16.1667017406887 -16.0671756532457 -16.0518014695909 -16.0903515285916 -15.9885645972358 -16.0145088831584 -16.0875647862752 -15.9983876546224 -15.9567546844482 -16.1071215735541 -16.1468225055271
-12.7057592603895 -12.4061527252197 -12.7069897121853 -13.1553832160102 -13.4477760526869 -13.703724861145 -13.6970063315498 -13.8933993445502 -14.2124296824137 -14.3396098878649 -14.5231985516018 -14.6838436126709 -14.7423894670275 -14.8151092529297 -14.9718290964762 -15.1089933183458 -15.2408241695828 -15.4010993109809 -15.4778185950385 -15.5900938245985 -15.7711546156141 -15.9670203526815 -16.1575514475505 -16.2694161732992 -16.5399478276571 -16.790624194675 -16.9869568083021 -17.0588443544176 -17.0520647896661 -17.0252846611871 -16.9767282274034 -16.8477259741889 -16.8008101781209 -16.7204245461358 -16.615594651964 -16.5974315007528 -16.5232678519355 -16.4233265982734 -16.322940826416 -16.2532224655151 -16.2301704618666 -16.2419307496813 -16.2056113349067 -16.2098827362061 -16.1912905375163 -16.147510210673 -16.0990977817112 -16.1195746527778
-12.9900925954183 -12.9789098103841 -13.0890598297119 -13.2765435112847 -13.4778051376343 -13.6101769341363 -13.71321688758 -13.8371441099379 -14.015233039856 -14.3421493106418 -14.5623990164863 -14.7244262695312 -14.890453338623 -15.0227028528849 -15.1713966793484 -15.3125349680583 -15.4179463916355 -15.4988828235202 -15.573152118259 -15.699421564738 -15.8755631976657 -16.0095776451959 -16.1115921868218 -16.230940606859 -16.4316215515137 -16.7696363661024 -16.9983177185059 -17.182795630561 -17.2230619854397 -17.1486629909939 -16.9991520775689 -16.7407524320814 -16.6938919491238 -16.6030146280924 -16.5339159435696 -16.5154837502374 -16.4268289142185 -16.3221746020847 -16.2148529688517 -16.1682333416409 -16.1547396977743 -16.0465791490343 -15.821694056193 -15.789120250278 -15.8210144042969 -15.8222670025296 -15.9101856019762 -16.1052153905233
-13.4017629623413 -13.4592142105103 -13.7633322609795 -13.8852282630073 -14.0977904001872 -14.0979089736938 -14.0912131203545 -14.1333338419596 -14.191399468316 -14.2409563064575 -14.3851801554362 -14.5378486845228 -14.7238498263889 -14.8911847008599 -15.0385194354587 -15.1827439202203 -15.3074115117391 -15.3863018883599 -15.4945255915324 -15.6183048884074 -15.7868987189399 -15.9388020833333 -16.1069667604234 -16.1671311060588 -16.3592952092489 -16.5727926890055 -16.8556239869859 -16.9272961086697 -16.9469167921278 -16.8760225507948 -16.716240035163 -16.5573343700833 -16.3914178212484 -16.3144938151042 -16.2789041731093 -16.2486461003621 -16.2308319939507 -16.1386442184448 -16.0740123324924 -16.0760471555922 -16.0091927846273 -15.9872274398804 -15.8981455696954 -15.8192316691081 -15.8661063512166 -15.873022503323 -15.8599401050144 -16.0397452248467
-13.4545756445991 -13.5341366661919 -13.6002623240153 -13.6939754486084 -13.8814182281494 -13.9981937408447 -14.1611918343438 -14.2681898540921 -14.3853429158529 -14.4442078272502 -14.4546284145779 -14.5579376220703 -14.6821352640788 -14.8187778260973 -15.0278643502129 -15.1725069681803 -15.2847054799398 -15.4080144034492 -15.488212161594 -15.5753362443712 -15.6630465189616 -15.7480271657308 -15.8890075683594 -16.0406552420722 -16.1416358947754 -16.2027492523193 -16.3547760645549 -16.7263580958049 -16.6863303714328 -16.5815140406291 -16.3780305650499 -16.2389917373657 -16.1946983337402 -16.1259729597304 -15.9718919330173 -15.9298098882039 -15.9605058034261 -15.9065125783285 -15.6511871549818 -15.592594994439 -15.6259753968981 -15.4959715737237 -15.4777679443359 -15.5897863176134 -15.7694198820326 -15.9477791256375 -16.0074718263414 -16.0618305206299
-13.4699078665839 -13.6719246970283 -13.8858783509996 -14.081609831916 -14.1377859115601 -14.2419619030423 -14.3159154256185 -14.456090927124 -14.5990069707235 -14.7406623628404 -14.6814286973741 -14.6217510435316 -14.6671516630385 -14.7835706075033 -14.8568313386705 -15.0500931209988 -15.2526875601874 -15.3843716515435 -15.3894321653578 -15.4369158214993 -15.5540863672892 -15.6951829062568 -15.8602062861125 -15.9665624830458 -16.0342523786757 -16.0666811201308 -16.0826748741998 -16.4280064900716 -16.5302959018283 -16.4694741566976 -16.2842078738742 -16.177608066135 -16.1551281611125 -16.0580999586317 -15.9850723478529 -15.8542665905423 -15.7087946997748 -15.5069694519043 -15.4319467544556 -15.3564805984497 -15.240393002828 -15.2709672715929 -15.4153198666043 -15.5516718758477 -15.7097233666314 -15.8801392449273 -16.0132224824693 -16.1431936687893
-13.7732830047607 -13.9599093331231 -14.1954248216417 -14.4207175572713 -14.3633444044325 -14.3024150000678 -14.2605976528592 -14.3285570144653 -14.3977599673801 -14.4478383594089 -14.5568538241916 -14.5756515926785 -14.7230371899075 -14.8402282926771 -14.9005307091607 -14.9741670820448 -15.1682473288642 -15.2987714343601 -15.3435185750326 -15.407770368788 -15.4574306276109 -15.5042710834079 -15.6645628611247 -15.7972334755792 -15.845316251119 -15.9320652219984 -16.0697294871012 -16.075354470147 -16.1530357996623 -16.1759037441678 -16.2009942796495 -16.1665291256375 -16.0733161502414 -15.9729123645359 -15.8827299541897 -15.7858812544081 -15.6134763293796 -15.543294482761 -15.5588901307848 -15.5860417683919 -15.383415222168 -15.3941066530016 -15.4846086502075 -15.5911101235284 -15.7394607332018 -15.8967705832587 -16.0331918928358 -16.1478355195787
-13.7748166190253 -13.9470046361287 -14.1276378631592 -14.2998254564073 -14.2804579204983 -14.389979786343 -14.4617235395643 -14.4796901279026 -14.5244161817763 -14.5647923151652 -14.5722784466214 -14.5982001622518 -14.7655437257555 -14.9182199902005 -14.9624532063802 -15.0342414644029 -15.1171567704942 -15.1844508912828 -15.2210778130425 -15.3223253885905 -15.3970423804389 -15.4105464087592 -15.4289191563924 -15.5884796778361 -15.7208352618747 -15.7507837083605 -15.7151594161987 -15.6960135565864 -15.7290727827284 -15.8587782118056 -15.9582247204251 -16.003005027771 -16.0177266862657 -15.9837234285143 -15.9403869840834 -15.8281615575155 -15.7064394421048 -15.4139330122206 -15.3692637549506 -15.4183719423082 -15.3790349960327 -15.4483570522732 -15.6058973736233 -15.6981033749051 -15.8234195709229 -15.9205130471124 -15.9887166553073 -16.1218098534478
-13.7843506071303 -14.0309890111287 -14.1642711427477 -14.2869808408949 -14.2008011076185 -14.2406561109755 -14.3321837319268 -14.3899341159397 -14.4793436262343 -14.5195235146417 -14.5985377629598 -14.6682387457954 -14.7689384884304 -14.9015451007419 -14.9568188985189 -14.9334263271756 -14.9055887858073 -15.0618523491753 -15.0966992908054 -15.0416314866808 -15.1534570058187 -15.2889445622762 -15.4146093792386 -15.5081046422323 -15.5736001332601 -15.6303913328383 -15.611538251241 -15.5122414694892 -15.5062776141697 -15.5323140886095 -15.5465671751234 -15.651481628418 -15.7794709735447 -15.9100911882189 -15.9523689481947 -15.7821408377753 -15.5019518534342 -15.3903501298692 -15.3694150712755 -15.3498129314846 -15.4116775724623 -15.5593762927585 -15.6894083023071 -15.8130968941583 -15.92737865448 -15.9402551651001 -15.9309088389079 -16.0162290996975
-13.8128450181749 -13.8316174613105 -13.9921753141615 -14.1278406778971 -14.1079503165351 -14.0510494444105 -14.324169476827 -14.4628443188137 -14.4556001027425 -14.5049448013306 -14.6388153500027 -14.7800884246826 -14.8363331688775 -14.9493146472507 -15.0632438659668 -15.1092734866672 -14.9451485739814 -14.8034629821777 -14.8475556903415 -14.9454266230265 -14.9832516776191 -14.993476761712 -15.0997021993001 -15.2293766869439 -15.2967776192559 -15.2824015087552 -15.2586908340454 -15.1269816292657 -15.2168153127035 -15.2827489640978 -15.2002418306139 -15.2857350243462 -15.4327700932821 -15.5693470637004 -15.4139243231879 -15.2402794096205 -15.1613011889988 -15.2427672280206 -15.0944554011027 -15.1325523588392 -15.2657497194078 -15.3950805664062 -15.4960300657484 -15.6285347408719 -15.7562273873223 -15.8573309580485 -15.9699897766113 -16.1293153762817
