data/test_2003/bio6_avg_1994-2002.asc
NCOLS 664 
NROWS 380 
XLLCORNER 3.91666666666667 
YLLCORNER 55.3333333333333 
CELLSIZE 0.0416666666666667 
NODATA_value -9999 
[rows 189 to 209 of 380, columns 192 to 239 of 664]
-11.5906291537815 -11.8900266223484 -11.3018690215217 -11.2999329037136 -11.1508864826626 -10.9885057873196 -11.0292372173733 -11.1451134151883 -11.4041373994615 -11.5787073771159 -11.6337221463521 -11.5727364222209 -11.5304180781047 -11.4364789326986 -11.3428082995945 -11.5758039686415 -11.632800579071 -11.9681577682495 -12.4373946719699 -12.5435202916463 -12.5560022989909 -12.9219508700901 -13.3319002787272 -13.172515657213 -13.4113531112671 -13.5386351479424 -13.6245839860704 -13.6216440200806 -13.7013705571493 -13.4997637006972 -13.0114907158746 -12.9494391547309 -13.0679129494561 -12.8713552686903 -12.8690195083618 -13.0200174119737 -13.0679042604234 -13.0255684322781 -12.8765670988295 -12.6991205215454 -12.4425750308567 -12.3805541992188 -12.2754227320353 -12.1200685501099 -12.0999212265015 -12.1403129365709 -12.1980379952325 -12.1726520326402
-12.0351316663954 -12.040504137675 -11.9400987625122 -11.3201372888353 -11.4055093129476 -11.6406596501668 -11.8624755011665 -12.1820705201891 -13.1667991214328 -13.6295509338379 -13.1291920344035 -12.1870553758409 -12.2004556655884 -12.2021243837145 -11.9549037085639 -11.9139053556654 -12.0777961942885 -12.6839089923435 -12.9864661958483 -13.1356905831231 -13.1250924004449 -13.349337471856 -13.7718057632446 -13.3964958190918 -12.8731857935588 -13.0867646535238 -13.1936772664388 -13.13258934021 -13.0563900205824 -13.0064142015245 -13.0622149573432 -13.0851275126139 -13.0401126013862 -12.9778379864163 -12.9213409423828 -12.9488433202108 -13.0483457777235 -13.1042932934231 -12.9949071672228 -12.8708544837104 -12.7505725224813 -12.6377681096395 -12.4397551218669 -12.4572722117106 -12.4683372709486 -12.4089500639174 -12.3580074310303 -12.2826204299927
-12.281746758355 -12.0450359980265 -12.0892146428426 -11.9720591439141 -11.9077931510078 -12.8795266681247 -13.341038386027 -13.4149945576986 -13.451545185513 -13.8462459776137 -13.0076127582126 -12.7556467056274 -13.4761250813802 -13.4170476065742 -13.46463754442 -13.4433381822374 -14.144261042277 -14.1029615402222 -14.0838843451606 -14.1994736989339 -14.0428810119629 -13.4929019080268 -13.2047001520793 -13.916054725647 -14.271552933587 -14.000096321106 -13.1043391757541 -12.7876935535007 -12.9759363598294 -13.1579576068454 -13.2670888900757 -13.3006654315525 -13.557849989997 -13.7804204093085 -13.5709902445475 -13.2104498545329 -13.0210197236803 -12.9982568952772 -12.8946044709947 -12.8296190897624 -12.8508562511868 -12.792981783549 -12.6555568906996 -12.5831503338284 -12.5753263897366 -12.542683813307 -12.4900408850776 -12.4449537065294
-12.4656947453817 -12.3544572194417 -12.4681080712212 -12.5022037294176 -12.5131877263387 -12.9761948055691 -13.0818229251438 -13.2372519175212 -13.3700682322184 -13.3616064919366 -13.2711120181614 -13.3198248545329 -14.0411097208659 -14.3904257880317 -14.663741323683 -14.3201688130697 -14.5192617840237 -14.4765777587891 -14.419226858351 -14.2014312744141 -14.1262146631877 -13.823132303026 -13.5087066226535 -13.456502172682 -13.6731869379679 -13.6347608566284 -13.5607795715332 -13.5423531002469 -13.6590380138821 -13.8321676254272 -13.9021858639187 -13.9664265314738 -13.9995873769124 -14.0278917948405 -14.0166401333279 -13.8764998118083 -13.6994715796577 -13.613553153144 -13.4707463582357 -13.4439392089844 -13.4006879594591 -13.2765478558011 -13.2137405607435 -13.1608627107408 -12.9391967985365 -12.6442065768772 -12.490519311693 -12.4415099885729
-12.4298221800062 -12.444419225057 -12.5003493626912 -12.9331689410739 -13.2633213467068 -13.2743625640869 -13.223181936476 -13.5812871721056 -13.8343700832791 -13.7325228585137 -13.929343117608 -13.7041211658054 -13.859912024604 -14.3339245054457 -14.6335121790568 -14.5476653840807 -14.6235960854424 -14.6310828526815 -14.6812360551622 -14.64427863227 -14.2575695249769 -14.0520298216078 -13.9344903098212 -13.8298387527466 -13.9225212732951 -14.012981944614 -14.1229967541165 -14.2539017995199 -14.3248064253065 -14.3881556193034 -14.5550598568386 -14.6118967268202 -14.4977692498101 -14.3006969028049 -14.2742906146579 -14.2501063876682 -14.1970340940687 -14.0928490956624 -14.019777086046 -13.9858150482178 -13.8838532765706 -13.7823362350464 -13.667040930854 -13.496190600925 -13.1825399398804 -12.8514128790961 -12.5363052156236 -12.3953990936279
-13.1270543204414 -12.8701944351196 -12.7048894034492 -13.0530224906074 -13.5970646540324 -14.0254623625014 -14.1940594779121 -14.1930377748277 -14.0669414732191 -14.1176948547363 -14.1151141060723 -14.0155287848579 -14.2117298973931 -14.5412654876709 -14.9601712756687 -15.0373843510946 -15.123485883077 -15.0993655522664 -15.0348009533352 -14.9222362306383 -14.7491360770331 -14.5124827490913 -14.4869402779473 -14.3791759279039 -14.5567441516452 -14.5663128958808 -14.6336591508653 -14.748561223348 -14.929685804579 -14.917541080051 -14.9792991214328 -14.8472789128621 -14.6227365069919 -14.4650571611192 -14.4381626976861 -14.4370456271701 -14.4332627190484 -14.4192572699653 -14.3679187562731 -14.3125796847873 -14.2284463246663 -14.0876798629761 -13.9625630908542 -13.7681137720744 -13.5625763999091 -13.2618400785658 -12.9077707926432 -12.5879351298014
-13.2237950430976 -13.0250583224826 -12.9769880506727 -13.6302510367499 -14.083514213562 -14.7330756717258 -15.188725789388 -15.0359309514364 -14.8492767545912 -14.5107844670614 -14.1221652560764 -14.247768190172 -14.6115935643514 -14.8243079715305 -14.9565780427721 -15.2661205927531 -15.5349320305718 -15.4094265831841 -15.2218902375963 -15.0722801420424 -15.0011467403836 -15.0284914440579 -15.114501953125 -15.0582904815674 -15.1931895150079 -15.2440345552233 -15.2783235973782 -14.9396654764811 -15.043453640408 -15.1740814844767 -15.0883711708917 -14.9346609115601 -14.8056886461046 -14.7165286805895 -14.6531455781725 -14.6733184390598 -14.6899365319146 -14.6874428855048 -14.596504635281 -14.4895668029785 -14.3835177951389 -14.2226325141059 -14.0651520623101 -13.8818943235609 -13.7638216018677 -13.6593784756131 -13.2758249706692 -12.8380484051175
-13.3662513097127 -13.2029570473565 -13.1929964489407 -13.3941474490696 -13.9535197152032 -14.2728923161825 -14.6535980436537 -14.9734915627374 -15.0956126319038 -14.7592987484402 -14.5252084732056 -14.7066730923123 -14.9041378233168 -15.0264912711249 -15.1835115220812 -15.2934205796984 -15.3704414367676 -15.4301283094618 -15.427593337165 -15.4655026329888 -15.521151860555 -15.6613840527005 -15.6939829720391 -15.6142937342326 -15.5538484785292 -15.4642255571153 -15.4372693167792 -15.2165349324544 -15.068333307902 -15.0512305365668 -15.0945715374417 -15.0694682863024 -15.0869816674127 -15.0653330485026 -14.9943511750963 -14.977591196696 -14.9457212024265 -14.9062951405843 -14.7962019178602 -14.6696645948622 -14.5209050708347 -14.3281460867988 -14.1768753263685 -13.9696455001831 -13.666400273641 -13.4804727766249 -13.1505456500583 -12.881506813897
-13.5549295213487 -13.844411638048 -14.3365608851115 -14.5144874784682 -14.204858356052 -14.201896349589 -14.3558225631714 -14.6813052495321 -15.089153819614 -15.1975915696886 -15.1838073730469 -15.2909110387166 -15.2784592310588 -15.2420083151923 -15.3491128285726 -15.4139943652683 -15.5046542485555 -15.5624247656928 -15.6224177678426 -15.664188808865 -15.793011241489 -15.8876192304823 -15.8376245498657 -15.7445194456312 -15.6247466405233 -15.5116409725613 -15.3874244689941 -15.3125405841404 -15.2305458916558 -15.2214399973551 -15.2810288535224 -15.3457692464193 -15.3425824907091 -15.3105823728773 -15.3022235234578 -15.2485314475165 -15.1752836439345 -15.1135909822252 -14.9750103420681 -14.7844297620985 -14.6662928263346 -14.4846009148492 -14.2313530180189 -14.0102858013577 -13.6960899564955 -13.4042341444227 -13.2137105729845 -13.1041758855184
-13.8969410790337 -14.4045332802667 -14.8596800698174 -14.9934944576687 -14.6401972240872 -14.5273448096381 -14.7731584972805 -14.7185280058119 -14.8640293545193 -15.0905502107408 -15.2637379964193 -15.6413707733154 -15.7176704406738 -15.6317471398248 -15.5480467478434 -15.6096787982517 -15.7041942808363 -15.7535022099813 -15.7734768125746 -15.7094510396322 -15.7878405253092 -15.8334491517809 -15.7682506773207 -15.6431393093533 -15.6150541305542 -15.6203022003174 -15.6006614896986 -15.4965758853489 -15.4973794089423 -15.5372942818536 -15.5046439700656 -15.5135379367405 -15.5329013400608 -15.4920675489638 -15.4725667105781 -15.4183997048272 -15.3740106158786 -15.2976206673516 -15.0998978084988 -14.8534162309435 -14.7364525265164 -14.6698407067193 -14.3556733661228 -14.1029170354207 -13.8755706151327 -13.6737252341376 -13.5118797090318 -13.3611449135674
-14.3940633138021 -14.8824312422011 -15.399130821228 -15.3538345760769 -15.1226471794976 -15.154570473565 -15.1962722142537 -15.0944177839491 -15.1255710389879 -15.3141764534844 -15.3863373862373 -15.607831425137 -15.7742143207126 -15.8250416649712 -15.8675504260593 -15.938831753201 -15.9905579884847 -15.9676173528035 -15.9837872187297 -15.9812913470798 -15.8613209194607 -15.8087641398112 -15.8935409122043 -15.8249842325846 -15.7337610456679 -15.7625382741292 -15.7806480195787 -15.6853973600599 -15.5902779897054 -15.5916033850776 -15.692928844028 -15.7311987347073 -15.677953614129 -15.5844719145033 -15.5203229056464 -15.5588410695394 -15.5502477222019 -15.4607656266954 -15.2712837855021 -15.0609129799737 -14.9505018658108 -14.8674208323161 -14.6834496392144 -14.4924471113417 -14.2465624279446 -14.0969049665663 -13.8574696646796 -13.6029220157199
-14.7467417187161 -15.0883305867513 -15.4770305421617 -15.4843970404731 -15.3922079934014 -15.613352033827 -15.7180519104004 -15.4943074120416 -15.4568912718031 -15.5973578559028 -15.6267131169637 -15.8098467720879 -16.0067579481337 -16.0650026533339 -16.1046320597331 -16.1348252826267 -16.1120320426093 -16.1506206724379 -16.2096543841892 -16.2820208867391 -16.2628012763129 -16.1728841993544 -16.1029681099786 -15.985495461358 -15.9063051011827 -15.8818952772352 -15.9148185518053 -15.9268531799316 -15.7731103897095 -15.5424782435099 -15.8438464270698 -15.9083255132039 -15.7884627448188 -15.6855905320909 -15.7093851301405 -15.7096242904663 -15.6223079893324 -15.5625472598606 -15.4134531021118 -15.2763586044312 -15.1801537407769 -15.0088369581434 -14.9228542115953 -14.8479823006524 -14.5291733211941 -14.3215392430623 -14.1383493211534 -13.9289372762044
-15.0126089519925 -15.1891573799981 -15.2510400348239 -15.4187003241645 -15.4343600802951 -15.5596894158257 -15.7656098471748 -15.7195303175184 -15.7259879642063 -15.8289835188124 -15.8893118964301 -15.9844719568888 -16.1188121371799 -16.2522635989719 -16.2901594373915 -16.2969437705146 -16.3783956103855 -16.4798471662733 -16.4941873550415 -16.5267497168647 -16.555837419298 -16.529449250963 -16.4915063646105 -16.4473405414157 -16.4187300999959 -16.3665648566352 -16.2988986968994 -16.2853441238403 -16.1998452080621 -16.0564645131429 -16.1632085376316 -16.1877299414741 -16.0274154875014 -15.9382650587294 -15.9081688986884 -15.8440862231784 -15.7563109927707 -15.7400911119249 -15.6026811599731 -15.4931378894382 -15.3142098320855 -14.9539478090074 -14.7892415788439 -14.8614239162869 -14.7308208677504 -14.6476549572415 -14.3680444293552 -14.2302117877536
-15.1557485792372 -15.3409966362847 -15.3880222108629 -15.5519368913439 -15.6411847008599 -15.7593213187324 -15.7854580349392 -15.8480398390028 -15.9157065285577 -16.0337921778361 -16.1803223292033 -16.2855185402764 -16.3698266347249 -16.5794679853651 -16.7291093402439 -16.7747503916423 -16.8639473385281 -16.9442554050022 -16.9245629840427 -16.9124266306559 -16.9032784567939 -16.8771180046929 -16.8025132285224 -16.7332423528035 -16.7004151874118 -16.6795884238349 -16.6440948910183 -16.6361562940809 -16.6131071514553 -16.5265029271444 -16.4776758617825 -16.3888493643867 -16.2991416719225 -16.2517126931085 -15.9475274615818 -15.7050457000732 -15.7246125539144 -15.6410686704848 -15.5539684295654 -15.491933186849 -15.4384144677056 -15.2410060034858 -14.9398209253947 -14.8778579499986 -14.9189364115397 -14.6819565031264 -14.3134216732449 -14.2475534015232
-15.4769308302138 -15.6588594648573 -15.6958999633789 -15.7738286124335 -15.8659803602431 -16.0181310441759 -16.1613935894436 -16.252656088935 -16.3251997629801 -16.3705797195435 -16.4452942742242 -16.5364516576131 -16.6809429592556 -16.8018795649211 -16.9841491911146 -17.1557518641154 -17.2780205408732 -17.3758463329739 -17.4425597720676 -17.385717286004 -17.3015684551663 -17.2238905164931 -17.1182117462158 -17.0160891215007 -16.9428548812866 -16.976732995775 -17.0114987691243 -16.9947099685669 -16.9308093388875 -16.8517980575562 -16.7990083694458 -16.6719967524211 -16.4913238949246 -16.3983232710097 -16.125766966078 -15.9620991812812 -15.9520047505697 -15.9853104485406 -15.8786155912611 -15.6896519131131 -15.5357619391547 -15.4623165130615 -15.3608715269301 -15.2198702494303 -15.0269525316026 -14.7127838134766 -14.3839479022556 -14.1938518948025
-15.6852235794067 -15.7771672142877 -15.8717770046658 -15.9894984563192 -16.0756639904446 -16.2302740944756 -16.3702179590861 -16.4514948527018 -16.5066922505697 -16.5375898149278 -16.5702652401394 -16.7038295533922 -16.9009487364027 -17.0478463702732 -17.1516319910685 -17.3429747687446 -17.5240940517849 -17.5949914720323 -17.5667776531643 -17.3878973854913 -17.2709699206882 -17.2577738232083 -17.21536148919 -17.2242701848348 -17.2387290530735 -17.2476551267836 -17.2549035814073 -17.2217075559828 -17.1258444256253 -17.1775371763441 -17.0158963733249 -16.7893670399984 -16.5658605363634 -16.2871553632948 -15.9515787760417 -15.832532564799 -15.8256189558241 -15.9021137025621 -15.8909636603461 -15.6458625793457 -15.5760175916884 -15.3739601771037 -15.1512548658583 -15.05048444536 -14.942679087321 -14.7773600684272 -14.4622631072998 -14.0603883531359
-15.7486280865139 -15.7985859976874 -15.9138771692912 -16.0665018293593 -16.1017927593655 -16.1850844489204 -16.3497085571289 -16.5201104482015 -16.6326300303141 -16.6863776312934 -16.6476810243395 -16.8054411146376 -17.0522078408135 -17.302975124783 -17.4946722454495 -17.5093087090386 -17.6390565236409 -17.3772487640381 -17.1736628214518 -17.1882991790771 -17.0079273647732 -16.9543242984348 -17.0918321609497 -17.2093402014838 -17.2414797676934 -17.2573977576362 -17.2555376688639 -17.1731492148505 -17.1177691353692 -17.1437207327949 -17.1852294074165 -17.1618480682373 -17.0621755388048 -16.874210357666 -16.618245654636 -16.4289477666219 -16.266760720147 -16.1983510123359 -16.2134979036119 -16.1246438556247 -15.891346083747 -15.8456029891968 -15.6554163826836 -15.3936740027534 -15.2203850216336 -15.1060566372342 -14.6526159710354 -13.7511763042874
-15.9133656819661 -16.0696661207411 -16.1298609839545 -16.0843933953179 -16.0559213426378 -16.1816719902886 -16.2820883856879 -16.4051716062758 -16.5345675150553 -16.6809435950385 -16.713541454739 -16.8339360555013 -17.1222430335151 -17.3807731204563 -17.4735239876641 -17.8373866611057 -17.9523608949449 -17.7203940285577 -17.5983257293701 -17.6091460122002 -17.5351064470079 -17.4682081010607 -17.2093088361952 -17.0388539632161 -17.0617326100667 -17.2183823055691 -17.2498680750529 -17.1797025468614 -17.2568043602837 -17.2414603763156 -17.3038949966431 -17.403218905131 -17.3127120335897 -17.1483766767714 -17.1315962473551 -17.1761497921414 -17.1669251124064 -17.1225893232558 -16.9978087743123 -16.7352510028415 -16.5846936967638 -16.2683577007718 -16.0084665086534 -15.8316864437527 -15.6701663335164 -15.473239686754 -15.1607573827108 -14.2891640133328
-15.8821032842 -16.1378679275513 -16.255854288737 -16.2415714263916 -16.1442718505859 -16.2111475202772 -16.3353568183051 -16.4355655246311 -16.5351718266805 -16.6790644327799 -16.8429578145345 -17.0375424491035 -17.2407231860691 -17.4332379235162 -17.6626399358114 -17.9555981953939 -18.2018904156155 -18.1664039823744 -18.0051396687826 -17.8834314346313 -17.6889519161648 -17.6852018568251 -17.450341436598 -17.3732574250963 -17.2646184497409 -17.3488677342733 -17.3304509056939 -17.2770281897651 -17.4409702089098 -17.4551339679294 -17.4941870371501 -17.5650324291653 -17.5096280839708 -17.4536531236437 -17.430280579461 -17.4859134886 -17.5719782511393 -17.6979387071398 -17.5896754794651 -17.3054147296482 -17.1123153898451 -16.9226677152846 -16.4139611985948 -16.0590325461494 -15.6230891545614 -15.261243502299 -15.0020643870036 -14.8646623823378
-16.0232857598199 -16.1712866889106 -16.379732131958 -16.4881774054633 -16.5148451063368 -16.5939570532905 -16.7321807013618 -16.8335152732001 -16.9055539237128 -16.9247412151761 -16.982151137458 -17.1337830225627 -17.3636376063029 -17.5748245451185 -17.7153457005819 -17.8022543589274 -18.0238635804918 -18.1725843217638 -18.1137499279446 -18.0353581110636 -17.8894741270277 -17.6861968570285 -17.6144836213854 -17.5449939303928 -17.4968362384372 -17.5220124986437 -17.4778560002645 -17.4127042558458 -17.5193246205648 -17.4952776167128 -17.4356753031413 -17.4076288011339 -17.1724521848891 -17.151819229126 -17.3930959701538 -17.5910250345866 -17.4129546483358 -17.5779955122206 -17.7519250445896 -17.3849651548598 -16.9056101904975 -16.6498668458727 -16.5554559495714 -16.7797111935086 -16.3235681321886 -15.8163582483927 -15.6753709581163 -15.166828473409
-15.7089120017158 -16.0495942433675 -16.4742765426636 -16.6660696665446 -16.8054185443454 -16.9261006249322 -17.0552269617716 -17.123464902242 -17.2466029061211 -17.3650854958428 -17.313789261712 -17.2793828116523 -17.3707536061605 -17.4834579891629 -17.625940852695 -17.898200141059 -18.0978375540839 -18.1405429840088 -18.113915125529 -18.0592862235175 -17.8801777097914 -17.6490310033162 -17.6787752575345 -17.6913969251845 -17.683721754286 -17.6387130949232 -17.5724135504829 -17.5603794521756 -17.5167888005575 -17.5123093922933 -17.4016084671021 -17.2873509724935 -17.3021000756158 -17.2833185195923 -17.4077802234226 -17.5592481825087 -17.7027149200439 -17.8110719256931 -17.8776504728529 -17.6242292192247 -17.2281413608127 -16.9450653923882 -16.731076558431 -16.7065440283881 -16.8174571990967 -16.6020375357734 -16.314172744751 -15.6831974453396
