data/test_2003/bio6_avg_1994-2002.asc
NCOLS 664 
NROWS 380 
XLLCORNER 3.91666666666667 
YLLCORNER 55.3333333333333 
CELLSIZE 0.0416666666666667 
NODATA_value -9999 
[rows 294 to 314 of 380, columns 480 to 527 of 664]
-9.21038240856594 -9.19800927903917 -9.1776360405816 -9.13592931959364 -9.10755618413289 -8.99873871273465 -8.9508097436693 -9.04332558314005 -9.07583867179023 -9.08212688234117 -9.07552623748779 -9.14003684785631 -9.15165864096748 -9.2192800839742 -9.28379085328844 -9.31264623006185 -9.38081200917562 -9.40522199206882 -9.43595414691501 -9.49557532204522 -9.56938717100355 -9.65943241119385 -9.73983955383301 -9.73491398493449 -9.81976572672526 -9.82550642225477 -9.84946886698405 -9.94454299079047 -10.0280617078145 -10.088024881151 -10.1270989841885 -10.1688397725423 -10.2805285983615 -10.3451783392164 -10.3154514100817 -10.3443910810683 -10.4177754190233 -10.3809372054206 -10.3176080915663 -10.3427232636346 -10.3762825859918 -10.4040645493401 -10.4589571423001 -10.519183476766 -10.5612750583225 -10.6158995098538 -10.6238574981689 -10.5698180198669
-9.24686283535427 -9.2272826300727 -9.18236864937676 -9.12412161297268 -9.02542999055651 -8.92984935972426 -8.9413800239563 -9.0302439265781 -9.02791277567546 -9.03749810324775 -9.08975013097127 -9.1162240240309 -9.16892014609443 -9.25050565931532 -9.30675739712185 -9.34967581431071 -9.39526049296061 -9.41556077533298 -9.43004147211711 -9.43518877029419 -9.48435878753662 -9.54555066426595 -9.64882108900282 -9.70331488715278 -9.74180889129639 -9.82341358396742 -9.87968524297079 -9.9092902607388 -9.98245059119331 -10.0965002377828 -10.1407718128628 -10.1312657992045 -10.2289317448934 -10.3432942496406 -10.3665453063117 -10.336907810635 -10.3939376407199 -10.3687448501587 -10.3185413678487 -10.3707999123467 -10.3972804281447 -10.4082057211134 -10.4573527971903 -10.5456114345127 -10.5703171624078 -10.5972485012478 -10.5628461307949 -10.5173330307007
-9.11045503616333 -9.12633366054959 -9.14087904824151 -9.08564689424303 -8.99485937754313 -8.96762699551052 -8.99372800191244 -9.07405143313938 -9.11376486884223 -9.08620262145996 -9.11108446121216 -9.11285543441772 -9.12618186738756 -9.20839722951253 -9.31594578425089 -9.40527221891615 -9.44615422354804 -9.41212182574802 -9.44635089238485 -9.47658014297485 -9.49977461496989 -9.55726724200779 -9.64009406831529 -9.67171616024441 -9.71229643291897 -9.76976532406277 -9.80723465813531 -9.84292597240872 -9.95061731338501 -10.0569756825765 -10.0913331773546 -10.0937665833367 -10.1869577301873 -10.2711876763238 -10.327417479621 -10.3125362926059 -10.3278772566054 -10.3712184694078 -10.3839184443156 -10.4099872907003 -10.373833656311 -10.3874578475952 -10.4393045637343 -10.5115950902303 -10.5002487500509 -10.4643750720554 -10.4805013868544 -10.5312946637472
-9.08960236443414 -9.10316287146674 -9.11138968997532 -9.0489501953125 -9.00162177615696 -8.97651534610324 -9.04252073499891 -9.11741431554159 -9.13872824774848 -9.06975036197239 -9.08017248577542 -9.09148343404134 -9.04433239830865 -9.09162219365438 -9.20868990156386 -9.29286845525106 -9.36726956897312 -9.38157176971436 -9.40310494105021 -9.4339714580112 -9.50363514158461 -9.6138735347324 -9.67700645658705 -9.68189509709676 -9.7445617251926 -9.81967290242513 -9.84856202867296 -9.89078426361084 -9.94945065180461 -10.0215797424316 -10.0433221393161 -10.1215084923638 -10.2356508043077 -10.2661928600735 -10.2918448448181 -10.3166091177199 -10.3751501507229 -10.4323590596517 -10.4624556965298 -10.4785079426236 -10.4481645160251 -10.4155990812514 -10.4381447898017 -10.4900237719218 -10.5315130551656 -10.5288347138299 -10.4954900211758 -10.5328122244941
-9.1104687054952 -9.16086912155151 -9.17793665991889 -9.13100337982178 -9.05029291576809 -9.046471118927 -9.14309395684136 -9.20193852318658 -9.19881746504042 -9.21017413669162 -9.20597526762221 -9.14933172861735 -9.05846643447876 -9.02894438637627 -9.08681503931681 -9.19357495837741 -9.29411252339681 -9.37331660588582 -9.4498544798957 -9.49928082360162 -9.58054123984443 -9.63496865166558 -9.62139638264974 -9.6591583887736 -9.76060740152995 -9.8696116871304 -9.89239427778456 -9.90184333589342 -9.93662579854329 -9.99741644329495 -10.0623268021478 -10.1654588381449 -10.2787318759494 -10.3421453369988 -10.3660038312276 -10.3267510202196 -10.3426088756985 -10.3873561223348 -10.4703948762682 -10.5270699924893 -10.5450780656603 -10.4910871717665 -10.4450953271654 -10.5039924515618 -10.5966668658786 -10.6048958566454 -10.6086806721157 -10.6466877725389
-9.04994350009494 -9.09323109520806 -9.11163006888496 -9.04469558927748 -9.00620577070448 -9.10816012488471 -9.17411443922255 -9.15251366297404 -9.16914314693875 -9.24089267518785 -9.17441950903999 -9.10394642088148 -9.04236242506239 -9.05972141689724 -9.15318573845757 -9.23820612165663 -9.28144836425781 -9.3482461505466 -9.44615538914998 -9.56006420983208 -9.71716753641764 -9.71987279256185 -9.7003559006585 -9.73950544993083 -9.79687733120388 -9.84891562991672 -9.88273244433933 -9.96543778313531 -10.0413160853916 -10.0463051795959 -10.1037386258443 -10.2025056944953 -10.3073119587368 -10.3861585723029 -10.35789431466 -10.2727404170566 -10.3085220654806 -10.3307574590047 -10.4316587977939 -10.5245613522 -10.5699080891079 -10.5574764145745 -10.5130449401008 -10.5317248238458 -10.582822004954 -10.617448065016 -10.6040735244751 -10.6284772025214
-8.99208455615573 -9.06603733698527 -9.06487936443753 -9.01838784747654 -8.99367380142212 -9.09651570849948 -9.09624650743273 -9.06353282928467 -9.08791340721978 -9.05294397142198 -9.01530790328979 -9.00833861033122 -9.01736927032471 -9.08960978190104 -9.20489035712348 -9.28017070558336 -9.30211771859063 -9.38317584991455 -9.47045617633396 -9.56351455052694 -9.61374616622925 -9.62881877687242 -9.71278021070692 -9.76385275522868 -9.87981441285875 -9.95666466818916 -10.0086256133186 -10.0943899154663 -10.1581249237061 -10.2005266083611 -10.2207058800591 -10.2119970851474 -10.2194483545091 -10.2461720572578 -10.2737843195597 -10.3009522226122 -10.3577773835924 -10.45135084788 -10.5475908385383 -10.5998306274414 -10.6227373547024 -10.5891990131802 -10.5441058476766 -10.5563456747267 -10.5725328127543 -10.6131106482612 -10.6603553560045 -10.6867107285394
-8.95955912272135 -8.98151010937161 -9.01768414179484 -9.03385761049059 -9.01492028766208 -9.04709365632799 -9.09482261869642 -9.09499666425917 -9.06801711188422 -8.97521797815959 -8.9784189330207 -9.00561994976468 -9.06570932600233 -9.12883165147569 -9.23081673516167 -9.26791275872124 -9.28767569859823 -9.36654986275567 -9.49609057108561 -9.62874232398139 -9.67610279719035 -9.68443149990506 -9.7834267616272 -9.85931089189318 -9.98941718207465 -10.0901906755235 -10.1354086134169 -10.1911197238498 -10.2336002985636 -10.272970199585 -10.2385624249776 -10.2161549462212 -10.21558464898 -10.231518374549 -10.2918962372674 -10.3403437402513 -10.3688106007046 -10.4279440244039 -10.5070775879754 -10.5275441805522 -10.5200112130907 -10.4889221721225 -10.5325004789564 -10.5729672114054 -10.568021191491 -10.623440000746 -10.6539704004923 -10.6462780634562
-8.95325549443563 -8.99564992056953 -9.01404423183865 -9.04710510041979 -9.06238831414117 -9.09011602401733 -9.09295474158393 -9.06601566738552 -8.99834288491143 -8.98904758029514 -8.99797439575195 -9.04156753751967 -9.09449413087633 -9.12671989864773 -9.2109653684828 -9.24809948603312 -9.26034498214722 -9.33881256315443 -9.4679471121894 -9.58898125754462 -9.6651258998447 -9.7058219909668 -9.82562859853109 -9.94365835189819 -10.0439097616408 -10.1209516525269 -10.1773020426432 -10.1865161789788 -10.2099652820163 -10.2751921547784 -10.3075301912096 -10.2980900870429 -10.2694981363085 -10.2706423865424 -10.3415673043993 -10.4289275805155 -10.5260659853617 -10.5703152550591 -10.567897690667 -10.53659163581 -10.5035074022081 -10.4597566922506 -10.4591171476576 -10.5011439853244 -10.5372874471876 -10.583547062344 -10.6671409606934 -10.6640675332811
-8.84295272827148 -8.93023400836521 -9.00240479575263 -9.0492418607076 -9.09963496526082 -9.15002738104926 -9.10575347476535 -9.0277018017239 -8.97044679853651 -9.00821034113566 -9.01619619793362 -9.05707067913479 -9.11527925067478 -9.16815360387166 -9.22578085793389 -9.29806423187256 -9.33256975809733 -9.4137421713935 -9.49891461266412 -9.55164262983534 -9.62037128872342 -9.73299037085639 -9.86516459782918 -9.96711672676934 -10.0419947836134 -10.104798634847 -10.1080842547947 -10.1236907641093 -10.2081079483032 -10.3596359888713 -10.4573864936829 -10.4124704996745 -10.3131897184584 -10.3214485910204 -10.4041468832228 -10.5352900293138 -10.6353215111627 -10.6797977023655 -10.6602739757962 -10.6336386468675 -10.616781340705 -10.5554794735379 -10.4866223865085 -10.4670983420478 -10.5185537338257 -10.5667658911811 -10.6500889990065 -10.6809679667155
-8.7690937254164 -8.88615147272746 -9.02943155500624 -9.09004524019029 -9.12488052580092 -9.14904975891113 -9.06699668036567 -9.00316529803806 -9.00166140662299 -9.02426211039225 -9.02952904171414 -9.07612964842055 -9.14761924743652 -9.1851634449429 -9.24992942810059 -9.28536197874281 -9.34835004806519 -9.47444936964247 -9.57788202497694 -9.64975908067491 -9.72469806671143 -9.78282451629639 -9.87670008341471 -9.92079703013102 -10.0048943095737 -10.0436583095127 -10.0161997477214 -10.0826427141825 -10.1746946970622 -10.2756355603536 -10.4232434696621 -10.4459616872999 -10.3648761643304 -10.3366901609633 -10.4471706814236 -10.5989851951599 -10.693021191491 -10.7341684235467 -10.763760831621 -10.7164634068807 -10.6949442757501 -10.6449803776211 -10.5976831118266 -10.5370524194505 -10.5095977253384 -10.51176182429 -10.5490376154582 -10.5787572860718
-8.80323505401611 -8.90740235646566 -8.9769032796224 -9.02462599012587 -9.05323807398478 -9.02318318684896 -8.95846181445652 -9.00085136625502 -9.02932082282172 -9.08342462115818 -9.06552897559272 -9.11829974916246 -9.17240391837226 -9.1648293601142 -9.16563351949056 -9.22643767462836 -9.33524152967665 -9.492934650845 -9.61329385969374 -9.68609793980916 -9.75242800182766 -9.76961798138089 -9.81836334864298 -9.89021990034315 -10.0091876983643 -10.0927401118808 -10.0749826961093 -10.1611504024929 -10.292392677731 -10.3170621660021 -10.3716965251499 -10.3952199088203 -10.3950018352932 -10.3577095137702 -10.4964170985752 -10.6542355219523 -10.7436097992791 -10.788095580207 -10.8316918479072 -10.7872880829705 -10.7624399926927 -10.7522587776184 -10.6985215081109 -10.66656282213 -10.6357527308994 -10.6136469311184 -10.5657632086012 -10.5432132085164
-8.7778205871582 -8.85398636923896 -8.87681897481283 -8.88587358262804 -8.88959540261163 -8.86798339419895 -8.86014927758111 -8.93320401509603 -9.02053536309136 -9.07436545689901 -9.08730644649929 -9.13024753994412 -9.16815959082709 -9.11705101860894 -9.10222646925184 -9.22884639104207 -9.35235526826647 -9.49497524897257 -9.58159473207262 -9.64622084299723 -9.68949169582791 -9.75786977344089 -9.83024777306451 -9.88707039091322 -10.0398931503296 -10.2009328736199 -10.1924312379625 -10.27521387736 -10.4807579252455 -10.509157816569 -10.4369145499335 -10.4024488131205 -10.4557940695021 -10.4973954094781 -10.596774260203 -10.7161530388726 -10.7781988779704 -10.8353554407756 -10.8711784680684 -10.852779812283 -10.8290474679735 -10.8008709483676 -10.7824721336365 -10.7782953050401 -10.7734634611342 -10.7146433724297 -10.6451562775506 -10.6214474572076
-8.72396172417535 -8.79657046000163 -8.86295721266005 -8.84401040607029 -8.82150814268324 -8.8216724925571 -8.87205897437202 -8.91133430269029 -9.00641663869222 -9.0679727130466 -9999 -9999 -9999 -9999 -9.13959725697835 -9.2632319132487 -9.39302455054389 -9.48501602808634 -9.55700694190131 -9.63299809561835 -9.67944388919407 -9.81012105941772 -9.86924293306139 -9.94658697976006 -10.076375802358 -10.2181644969516 -10.245880179935 -10.3044078614977 -10.4305961926778 -10.4701416227553 -10.4954651726617 -10.558566570282 -10.6810312271118 -10.7304150263468 -10.7251314587063 -10.8007375929091 -10.8941206932068 -10.9226154221429 -10.9053321944343 -10.8284938070509 -10.807210498386 -10.8179273075528 -10.8397553231981 -10.7989164458381 -10.7582852045695 -10.6725280549791 -10.6245487001207 -10.6307922469245
-8.71632517708672 -8.75125715467665 -8.78756745656331 -8.88214688830906 -8.88942093319363 -8.90736129548815 -8.94307973649767 -8.97568702697754 -9.02074241638184 -9999 -9999 -9999 -9999 -9999 -9999 -9.3918866581387 -9.45988485548231 -9.51327869627211 -9.60797458224826 -9.65778154797024 -9.7125071949429 -9.80503940582275 -9.91268295711941 -10.0318820741442 -10.1968586709764 -10.2893909878201 -10.2943678432041 -10.3606780899896 -10.4487662315369 -10.4764098061456 -10.5684977637397 -10.6862400372823 -10.8200455771552 -10.8172120518155 -10.7832668622335 -10.8248771031698 -10.9278207884894 -10.9423196580675 -10.9083746274312 -10.8419853846232 -10.8702619870504 -10.8816506067912 -10.8503716786702 -10.7848706775241 -10.7319961653815 -10.7086359130012 -10.7417195638021 -10.6810261408488
-9999 -9999 -8.74856673346626 -8.95361677805583 -8.91911114586724 -8.9300938182407 -8.98284101486206 -9.00715102089776 -9.05484623379177 -9999 -9999 -9999 -9999 -9.42321708467272 -9.41244639290704 -9.42339383231269 -9.49436330795288 -9.55531930923462 -9.65405299928453 -9.72745413250393 -9.79445907804701 -9.89195781283908 -10.0094565285577 -10.1171769036187 -10.1924529075623 -10.297951274448 -10.3936718834771 -10.4502817789714 -10.4935580359565 -10.5732786920336 -10.6627771059672 -10.7148020532396 -10.786171330346 -10.8284532229106 -10.8667346636454 -10.9116832415263 -10.919298224979 -10.9131354226006 -10.9385279549493 -10.9203657574124 -10.9342029359606 -10.9453733762105 -10.8987656169468 -10.8232698970371 -10.763484372033 -10.7634098794725 -10.7957795461019 -10.7001486884223
-9999 -9999 -9999 -9999 -8.73235649532742 -8.71433303091261 -9999 -9999 -9999 -9999 -9999 -9999 -9999 -9.49324321746826 -9.56237702899509 -9.57981644736396 -9.59281121359931 -9.62802839279175 -9.7428011364407 -9.85801818635729 -9.90860631730821 -9.97589927249485 -10.0667476654053 -10.1749294598897 -10.2622225549486 -10.358848783705 -10.4679196675618 -10.5636571248372 -10.6416167153252 -10.7457987997267 -10.8308157391018 -10.8176980018616 -10.8477617369758 -10.9436754120721 -10.9769223531087 -10.9599465264214 -10.9225265185038 -10.9246622721354 -10.9819089571635 -11.0293776194255 -11.0101802084181 -10.9954262839423 -10.9042290051778 -10.82503106859 -10.7907418145074 -10.8209166526794 -10.8337572945489 -10.7577093442281
-9999 -9999 -9999 -9999 -9999 -8.68898730807834 -9999 -9999 -9999 -9999 -9999 -9999 -9999 -9.59159872266981 -9.67097065183851 -9.7644493844774 -9.83659399880303 -9.83629507488675 -9.88799556096395 -10.0183628400167 -10.1145041783651 -10.1555313004388 -10.210335943434 -10.3104742368062 -10.4146122402615 -10.4969724549188 -10.6233329772949 -10.7572490374247 -10.8396089871724 -10.8833027945624 -10.9212185541789 -10.9255932172139 -11.0088175137838 -11.0731007258097 -11.0804949866401 -11.0465559429593 -11.0348395241631 -11.0702334509956 -11.0914054976569 -11.0676891538832 -11.0150826772054 -10.9824771351284 -10.9440941280789 -10.8817105293274 -10.8444346321954 -10.78648853302 -10.7432091501024 -10.6932632128398
-9999 -8.51941816012065 -8.53917768266466 -9999 -9999 -9999 -9999 -9999 -9999 -9999 -9999 -9999 -9999 -9.69979646470812 -9.78223111894396 -9.82419294781155 -9.84348832236396 -9.86233923170302 -9.96474557452732 -10.1147070460849 -10.2408467398749 -10.3240521748861 -10.4361464182536 -10.5375741322835 -10.6087796952989 -10.7084297074212 -10.8471906979879 -10.9099514749315 -10.9473793241713 -11.0305851830377 -11.1191239356995 -11.1428225305345 -11.1649838553535 -11.1594146092733 -11.1898454030355 -11.2251652611627 -11.21648534139 -11.2064715491401 -11.1875689294603 -11.1659996774462 -11.1137635442946 -11.0455280939738 -10.9959587521023 -10.9983894560072 -10.9483499526978 -10.8396168814765 -10.7228832244873 -10.7252616352505
-9999 -8.55332117610508 -8.55419439739651 -9999 -9999 -9999 -9999 -9999 -9999 -9999 -9999 -9999 -9999 -9.74192137188382 -9.79437992307875 -9.82082562976413 -9.85349337259928 -9.94171656502618 -10.1006065474616 -10.2466075685289 -10.3689666854011 -10.4365729755825 -10.5255123774211 -10.6926740010579 -10.8425029648675 -10.9896646075779 -11.0750485526191 -11.08087682724 -11.0951499938965 -11.1858671506246 -11.2579178280301 -11.2593018213908 -11.2869277000427 -11.2670619222853 -11.2929737302992 -11.3242190678914 -11.3056859970093 -11.2502651744419 -11.2308433850606 -11.2083106570774 -11.1573337978787 -11.0854676564535 -11.013601620992 -10.9897354443868 -10.9824867248535 -10.9354114002652 -10.7541136741638 -10.7377045419481
-9999 -9999 -9999 -9999 -9999 -9999 -9999 -9999 -9999 -9999 -9999 -9999 -9999 -9.7196266386244 -9.76786247889201 -9.81923638449775 -9.9083874490526 -10.041538450453 -10.1884674496121 -10.3736187087165 -10.5210867987739 -10.5579827626546 -10.5877671771579 -10.7055519421895 -10.8548923068576 -11.0086772706774 -11.1300172805786 -11.1878021558126 -11.2229200998942 -11.2922604878743 -11.2891560660468 -11.2958299318949 -11.2693985833062 -11.2960422303942 -11.331657939487 -11.3543835745917 -11.2704432805379 -11.1820583343506 -11.185673183865 -11.2039553324382 -11.1631253030565 -11.0720734066433 -10.9632442262438 -10.9379702674018 -10.947735786438 -10.8520948621962 -10.7662323315938 -10.7305917210049
