data/test_2003/bio6_avg_1994-2002.asc
NCOLS 664 
NROWS 380 
XLLCORNER 3.91666666666667 
YLLCORNER 55.3333333333333 
CELLSIZE 0.0416666666666667 
NODATA_value -9999 
[rows 231 to 251 of 380, columns 96 to 143 of 664]
-14.8473490609063 -14.7103460099962 -14.1617867151896 -14.9910056855943 -15.1188911861844 -14.8956656985813 -14.8933288786146 -15.1772144105699 -15.4110687043932 -15.3971143298679 -15.5667156643338 -15.7883166207208 -15.9854731029934 -15.6012965308295 -15.2184533013238 -15.7947211795383 -15.3163220087687 -14.3912565443251 -15.2950799730089 -14.7691253026327 -14.5295293596056 -14.1016256544325 -13.587499194675 -13.583150545756 -14.3650244606866 -14.4046764373779 -14.1936606301202 -14.0479787190755 -13.7116599612766 -13.5858311123318 -13.5452664693197 -13.4220352172852 -13.3405813641018 -13.4644599490696 -13.4834008746677 -13.1077733569675 -12.8992074330648 -12.9190862443712 -12.8638544082642 -12.8166223102146 -12.878278626336 -12.8972688251072 -12.8247030046251 -12.7379154629178 -12.7774037255181 -12.9049457973904 -12.7831540637546 -12.5213624106513
-14.639697180854 -13.0533608330621 -12.8519136640761 -13.5846883985731 -14.351685418023 -14.6697936587864 -14.9830133650038 -15.2353437211778 -15.3684585359361 -15.5903578864204 -15.2127007378472 -14.7892663743761 -15.1200542449951 -15.1090643141005 -14.3829629686144 -14.0568625132243 -14.0520947774251 -14.3499933878581 -14.1821143892076 -13.6680136786567 -13.4519861009386 -13.5229212443034 -13.9369673199124 -14.4572352303399 -14.3152814441257 -14.0573274824354 -13.9407068888346 -13.9343083699544 -13.6880678600735 -13.6667868296305 -13.7219501071506 -13.66404777103 -13.5043045679728 -13.2934559716119 -13.1074976391262 -13.1126491758558 -13.219134648641 -13.3747664557563 -13.7560949325562 -13.7044573889838 -13.5168200598823 -13.2853643629286 -12.9878244400024 -13.0002184973823 -13.0810870064629 -13.2246004740397 -13.2298917770386 -13.176961157057
-13.8622669643826 -11.6492648654514 -13.6291517681546 -14.3019270367093 -14.8240357504951 -15.4812554253472 -15.3091421127319 -15.2574735217624 -15.3254040612115 -15.3871564865112 -15.231130917867 -14.9399941762288 -14.5044131808811 -14.449276500278 -14.9105846616957 -15.4923370149401 -15.9340892367893 -15.775841501024 -15.2758159637451 -14.5780128902859 -14.0028866661919 -14.1517722871568 -14.3259904649523 -14.7126535839505 -14.480204794142 -14.1339786317613 -14.0841970443726 -14.0335265265571 -13.9424115286933 -14.1686299641927 -13.9090346230401 -13.9353135426839 -13.9040542178684 -13.7766746944851 -13.6986556582981 -13.6989924112956 -13.3377278645833 -13.191264046563 -13.3752631081475 -13.586706161499 -13.4531763924493 -13.3648667865329 -13.1014013290405 -12.7738152609931 -13.1301877763536 -13.4021567238702 -13.4668519761827 -13.4481153488159
-11.0475040011936 -11.5869464874268 -13.8921675152249 -14.6769433551364 -14.8332745234172 -14.5407175487942 -15.102382130093 -14.9378249910143 -14.6499047809177 -14.7475101682875 -14.7184493806627 -15.0702776379055 -15.6061053805881 -15.6592665778266 -15.7097611957126 -15.6242556042141 -15.8311949835883 -15.8554675843981 -15.656184302436 -15.3049009111192 -14.7368988460965 -14.769511964586 -14.6367917590671 -14.4534043206109 -14.7055729760064 -14.890630086263 -14.3214653862847 -14.3718561596341 -14.2560244666206 -14.0721934636434 -13.9930086135864 -14.0775150722928 -14.182256380717 -14.1423427793715 -14.0770958794488 -14.0598495271471 -13.8728250927395 -13.8144639333089 -13.5841094122993 -13.0268628862169 -13.1869495179918 -13.2399251725939 -13.0320115619236 -12.6813207202488 -12.9137873119778 -13.2287995020548 -13.3193677266439 -13.3143802218967
-11.8327411015828 -12.8530735439724 -13.7596273422241 -14.5901817745633 -15.1434025234646 -14.8041790856255 -14.1711781819661 -13.943954149882 -14.1148496203952 -14.7425311406453 -14.5706569883558 -14.3432269626194 -14.5340198940701 -14.4492562611898 -14.4644934336344 -14.4197301864624 -14.3354121314155 -14.3906483120388 -14.3827742470635 -14.3077891667684 -14.4420224295722 -14.3112516403198 -14.4049260881212 -14.5292669932048 -14.4984965854221 -14.4237262937758 -14.0605114830865 -13.9617412355211 -13.9265263875326 -13.9351370069716 -13.9600933922662 -14.0128823386298 -14.0400138431125 -14.000096850925 -13.9864021937052 -14.0062339570787 -13.9004758199056 -13.735607571072 -13.6978495915731 -13.7005360921224 -13.5749006271362 -13.2287616729736 -13.0331878662109 -12.697714275784 -12.7761367162069 -12.929343647427 -12.9505498674181 -12.9366457197401
-13.7775331073337 -14.0498665703668 -14.4950874116686 -14.694086710612 -14.7241972817315 -14.0707521438599 -13.5693069034153 -13.4496391084459 -13.9651282628377 -14.9295525021023 -14.9161979887221 -14.6921769248115 -14.602822833591 -14.5845798916287 -14.3067814509074 -14.1485378477308 -13.8454062143962 -13.7822744581434 -13.7378088633219 -13.7417882283529 -13.797811932034 -13.7054366005792 -13.6775050693088 -13.7157958348592 -13.8776424196031 -14.0119333267212 -14.1760022905138 -14.226737552219 -14.295250998603 -14.2424302630954 -14.2660544713338 -14.0812341901991 -14.181221432156 -14.0193498399523 -14.2961440616184 -14.2102720472548 -14.0199557410346 -13.8247507943047 -13.8126568264431 -13.860549820794 -13.9215184317695 -13.7247085571289 -13.5105660756429 -13.2973119947645 -12.9509317609999 -12.7689989937676 -12.6581767400106 -12.5269105699327
-13.1747703552246 -13.3395475811428 -13.5372142791748 -13.8935475879245 -14.0312138663398 -14.0053244696723 -13.6696577072144 -13.6388796700372 -14.4247400495741 -14.4290171729194 -14.5084054734972 -14.7113490634494 -14.9231815338135 -14.9567924075656 -14.7348469628228 -14.488012737698 -14.5251785914103 -14.4912334018283 -13.6435103946262 -13.5117874145508 -13.3829355239868 -13.3996209038628 -13.5998637941149 -13.6914971669515 -13.8137973149618 -14.0080975426568 -14.0786037445068 -14.1011407640245 -14.1599745220608 -14.1931048499213 -14.2746789720323 -14.0815862019857 -14.0718248155382 -14.1080612606472 -14.1318526797824 -14.1005329555935 -14.0363247129652 -14.0587831073337 -13.9906504948934 -13.8827264573839 -13.915691057841 -13.785544819302 -13.5985094706217 -13.6270297368368 -13.6139604780409 -13.4473201963637 -13.3893592622545 -13.2780647277832
-14.4204518000285 -14.1741106245253 -14.1722135543823 -14.1258721881443 -14.5213090048896 -14.3563009897868 -14.0170704523722 -13.452062924703 -13.8218644460042 -13.7678100797865 -13.9937558703952 -14.46592341529 -14.7523135079278 -14.773370107015 -14.9673151440091 -15.0203721788194 -14.6672063403659 -14.6175962024265 -14.2453192604913 -13.6254872216119 -13.4315822389391 -13.1536115010579 -13.0192435582479 -13.1333196428087 -13.3407296074761 -13.6676948335436 -13.7386603885227 -13.904291788737 -14.0976956685384 -14.0992362764147 -14.2021095487807 -14.2307611041599 -14.1655236350165 -14.2188430362278 -14.247273127238 -14.1321477890015 -14.0823557111952 -14.0974527994792 -13.9378831651476 -13.7676467895508 -13.7156327565511 -13.6360628339979 -13.5495468775431 -13.4561205969916 -13.416290918986 -13.361614757114 -13.3678274154663 -13.4411510891385
-14.4754661983914 -14.0779981613159 -13.1583076053196 -13.5030614005195 -13.7198154661391 -13.9467912250095 -13.6697670618693 -13.3887436125014 -13.5373904969957 -13.2943748897976 -12.2475866741604 -12.4878990385267 -13.7657732433743 -13.8627576828003 -13.4552977879842 -14.6033934487237 -14.3946002324422 -13.1706962585449 -12.7763090133667 -13.0055106480916 -13.3594522476196 -13.4950236214532 -13.2103848987155 -12.9876013861762 -12.9488183127509 -13.0713687472873 -13.3716966840956 -13.5009131961399 -13.662574450175 -13.9744574228923 -14.2685638003879 -14.3075584835476 -14.2095344331529 -14.1364544762505 -14.1447088453505 -14.0854064093696 -14.0536607106527 -14.0796923107571 -14.1030575434367 -13.9486447440253 -13.8608986536662 -13.6882633633084 -13.6445174747043 -13.5278819402059 -13.4492034912109 -13.2927707036336 -13.2451363669501 -13.3446131812202
-14.1175921758016 -13.275218963623 -13.0692901611328 -13.9655838012695 -14.3227660920885 -14.4768370522393 -14.5269086625841 -14.4116461012099 -14.4622495439317 -14.3693841298421 -13.7445189158122 -13.4134311676025 -12.8276773028904 -11.9566807217068 -10.9587735070123 -11.2684217029148 -11.6322923236423 -12.0288157992893 -12.2528315650092 -12.2777356041802 -12.1385892232259 -12.2100574705336 -12.4530815548367 -12.565883424547 -12.72401799096 -12.8714865578545 -12.9865104887221 -13.0410900115967 -13.2476695378621 -13.6831374698215 -14.0104365878635 -14.1729273266262 -14.1953225665622 -14.2367336485121 -14.2314774195353 -14.0817770428128 -13.9698247909546 -14.0580749511719 -14.1392149395413 -14.0158646901449 -14.0723865297106 -13.9057973225911 -13.8596525192261 -13.5677295260959 -13.4073843426175 -13.252371152242 -13.3322234683567 -13.3974091211955
-14.2063848707411 -13.1506622102526 -12.5949396557278 -14.0592170291477 -14.6834946738349 -15.0953279071384 -14.9916058646308 -15.1087718539768 -15.1186643176609 -15.0968381034003 -14.5865675608317 -13.7202965418498 -13.6442487504747 -13.5108669069078 -13.1872628529867 -12.513471921285 -12.876456366645 -13.3616622289022 -13.4215358098348 -13.5498537487454 -13.4284956190321 -13.1547951168484 -12.8700004153781 -12.7219427956475 -12.3722326490614 -12.687280231052 -13.083546532525 -12.9115973578559 -13.0660974714491 -13.5095955530802 -13.841711362203 -14.0213441848755 -13.9264442655775 -13.9965678320991 -14.1093573040432 -14.1710357666016 -14.0918260150486 -13.9158843358358 -13.976973745558 -14.0927289326986 -14.1289292441474 -14.0584419038561 -13.9316764407688 -13.7391329871284 -13.5895660188463 -13.6096419228448 -13.3110516866048 -12.9093163808187
-11.9120661417643 -12.6149943669637 -13.9508111741808 -14.863073348999 -14.8948902553982 -14.973373942905 -15.5771911409166 -15.3170081244575 -14.6213006973267 -14.7789584265815 -14.9801709916857 -14.8062729305691 -14.4497080908881 -14.449143409729 -14.0059121449788 -13.6400142245822 -13.221953286065 -13.9419951968723 -14.1409864425659 -13.6926914850871 -13.6487950219048 -13.6806801689996 -13.6841220855713 -13.5702302720812 -13.2908622953627 -12.6314134597778 -12.6344850328234 -13.0174431271023 -12.9240812725491 -13.0138302909003 -13.2458021375868 -13.4866499370999 -13.7584549585978 -13.7986235088772 -13.7101335525513 -13.7227277755737 -13.7095438639323 -13.587026807997 -13.4627327389187 -13.6304373211331 -13.777697775099 -13.8319759368896 -13.7299225065443 -13.5749802059597 -13.5081914265951 -13.4073331620958 -13.0598087310791 -12.9523340861003
-14.355080710517 -14.2677704493205 -13.5951273176405 -14.0815954208374 -14.0662849214342 -14.3736423916287 -14.8623322380914 -14.8470220565796 -14.6119377348158 -13.8455231984456 -14.9462197621663 -15.188694106208 -15.2422791586982 -15.0523088243273 -14.8596722284953 -13.9897021187676 -13.8752873738607 -14.0373173819648 -13.7931249406603 -13.691974427965 -13.5553163952298 -13.8221221499973 -13.7213720745511 -13.7046220567491 -13.7074275546604 -13.442063331604 -12.8847304450141 -12.6461829079522 -12.928833855523 -13.0740656322903 -12.9269557529026 -13.2091786066691 -13.570117632548 -13.8097723854913 -13.8565385606554 -13.9326648712158 -13.8228800031874 -13.3799476623535 -13.0738241407606 -12.9983676274618 -13.290022638109 -13.4341219796075 -13.4213324652778 -13.2405430475871 -13.0026375452677 -12.7565053304036 -12.6783732308282 -12.7331300311618
-14.7256506813897 -14.754769537184 -14.5696660147773 -14.5138955646091 -14.6496802435981 -14.0610213809543 -14.6274733013577 -14.6454810036553 -14.3759078979492 -13.8969766828749 -13.5580460230509 -14.4533368216621 -14.3406279881795 -14.3936971028646 -14.280099550883 -13.9651679992676 -13.6329474978977 -13.9401948716905 -14.5230416191949 -14.1232216093275 -13.6711715062459 -13.9853412840101 -14.072399881151 -13.9483475155301 -14.0025171703762 -13.8488477071126 -13.5328778160943 -13.2262411117554 -12.8659284379747 -12.8437149259779 -12.8272797266642 -12.7530664867825 -12.9645567999946 -13.247782919142 -13.6113876766629 -13.8285910288493 -13.8052960501777 -13.4522228240967 -13.1018050511678 -12.7951874203152 -12.8099031448364 -13.2823961046007 -13.4157784779867 -13.3789386749268 -13.2640842861599 -12.9836611217923 -12.7610156801012 -12.6610368092855
-14.9708876079983 -15.1297679477268 -14.8304261101617 -14.5386398103502 -14.2757427427504 -14.1377338833279 -13.8979477352566 -13.8510505888197 -13.6527666515774 -13.7848752339681 -13.5383161968655 -13.3096941841973 -13.6829767227173 -14.3301958507962 -14.6863039864434 -14.7637454138862 -14.6060757107205 -14.0124062432183 -13.7542119556003 -13.7874287499322 -13.8488041559855 -13.9398389392429 -14.0763430065579 -14.2222948074341 -14.4136063257853 -14.4049180348714 -14.2686746385362 -14.0662085215251 -13.806853612264 -13.5901647143894 -13.4608186086019 -13.3035669326782 -13.0801986058553 -12.728540526496 -12.8902368545532 -13.1840135786268 -13.5004561742147 -13.6082405514187 -13.4252133899265 -13.0875628789266 -12.6266721089681 -12.9497816297743 -13.2791131337484 -13.1768893135919 -13.0904202991062 -12.9850390752157 -12.8583245807224 -12.7209435568915
-15.0801243252224 -15.2518779966566 -15.3471867243449 -15.0651622348362 -14.8320270114475 -14.775336265564 -14.6017552481757 -13.759731610616 -13.6709593666924 -13.6487730873956 -13.8070313135783 -13.388066927592 -12.88350921207 -13.4700616200765 -14.1276200612386 -14.2543222639296 -14.804581006368 -14.8410613801744 -14.400652885437 -13.8969338734945 -13.9842145707872 -14.0482239193386 -14.0985955132378 -14.2049061457316 -14.3872170978122 -14.5273060268826 -14.471838845147 -14.3808166715834 -14.2980665630764 -14.1945202085707 -13.9976406097412 -13.6949494679769 -13.4513959884644 -13.3704715304905 -13.3046419355604 -12.9677007463243 -12.8343156178792 -12.997819158766 -13.157322883606 -13.0421600341797 -12.6661077075534 -12.3962779574924 -12.6384480794271 -12.8335076438056 -12.7727564705743 -12.5641955269708 -12.636967447069 -12.79285091824
-14.4693609873454 -14.4090989430745 -14.7599469290839 -14.6405738194784 -14.5945337083605 -14.2844928105672 -14.2531193627252 -14.2288565105862 -13.9660405053033 -13.8357824749417 -13.5699683295356 -13.2348850038317 -13.340551270379 -13.3146622975667 -13.0892176098294 -12.6397619247437 -12.9453695085314 -13.2324388292101 -13.3743629455566 -13.5835260815091 -13.8339445326063 -14.0002848307292 -14.0795143975152 -14.111470858256 -14.1559965345595 -14.3556340535482 -14.5161595874363 -14.4454381730821 -14.3828894297282 -14.3003406524658 -14.1262365976969 -14.0321326785617 -13.9410294426812 -13.8920374976264 -13.8117480807834 -13.5008124245538 -13.1495082643297 -12.7454060448541 -12.7759704589844 -12.9709792666965 -12.9010994169447 -12.7103299034966 -12.41289446089 -12.1452362272474 -12.5373147328695 -12.2917952007718 -11.8356099658542 -12.0332019593981
-13.7608206007216 -13.5480977164374 -13.9998189078437 -14.5902072058784 -14.9908172819349 -15.0465382470025 -14.6751493877835 -14.3650929133097 -14.1491220262316 -13.8539028167725 -13.9115724563599 -14.1047979990641 -14.1784672207303 -14.148137304518 -13.9920298258464 -13.7359213299221 -13.2144924799601 -12.6071594026354 -12.9033437305027 -13.3008612526788 -13.5996940400865 -13.7962857352363 -14.0670999950833 -14.3054709964328 -14.2939860026042 -14.3259885576036 -14.5492055681017 -14.548726187812 -14.5315401289198 -14.4094654719035 -14.2580567465888 -14.2319818072849 -14.206518067254 -14.0785173839993 -13.9118499755859 -13.6682934231228 -13.3291462792291 -13.1081040700277 -12.8359513812595 -12.5629100799561 -12.883201069302 -12.8501595391168 -12.7873405880398 -12.5116318596734 -12.3640948401557 -12.3629514906141 -12.2653635872735 -12.1953311496311
-13.9265019098918 -13.3599854575263 -13.4721353318956 -13.8696183098687 -14.367546081543 -14.7810294893053 -14.8691798316108 -14.8351071675618 -14.6215365727743 -14.392912334866 -14.0113986333211 -14.2507744895087 -14.2488162782457 -14.1290807723999 -13.9155675040351 -13.8129841486613 -13.64087761773 -13.5305498970879 -13.4967691633436 -13.4013078477648 -13.3201101091173 -13.3820468054877 -13.5346857706706 -13.665529039171 -13.7354832755195 -13.8616771697998 -14.0729184680515 -14.1977915234036 -14.3295236163669 -14.3889185587565 -14.3736866845025 -14.2620107862684 -14.14652856191 -13.9907960891724 -13.9168410831028 -13.8722196155124 -13.7320422066583 -13.6081356472439 -13.4421543545193 -13.1117293039958 -12.6848594877455 -12.3588783476088 -12.3902307086521 -12.543360710144 -12.7006529702081 -12.7194406721327 -12.6035614013672 -12.5654604170058
-13.7853600184123 -13.5721800062391 -13.3715730243259 -13.4940771526761 -13.5290256076389 -13.5764186647203 -13.463367038303 -13.5760933558146 -13.6005905999078 -13.5866348478529 -13.4931240081787 -13.3270505269368 -13.2451384862264 -13.3027817408244 -13.320425245497 -13.2926455603706 -13.3895542356703 -13.5260186725193 -13.662927309672 -13.6465026007758 -13.5610865486993 -13.4013459947374 -13.1442721684774 -12.8943951924642 -13.0802986356947 -13.2088680267334 -13.3392158084446 -13.5629031923082 -13.9107182820638 -14.1171602673001 -14.1993030971951 -14.1267805099487 -14.0298539267646 -13.9303027258979 -13.8938623004489 -13.9595578511556 -13.9667122099135 -13.9120893478394 -13.6467997233073 -13.3335099750095 -13.0971093707614 -12.7949311998155 -12.1834192276001 -12.2692403793335 -12.4057245254517 -12.3750927183363 -12.5093501408895 -12.5018294652303
-13.0511912239922 -12.9104599422879 -12.9416881137424 -13.3164723714193 -13.4548114140828 -13.4113733503554 -13.2670465045505 -13.1262747446696 -13.0294309192234 -12.9874599244859 -12.9277103212145 -12.9466275109185 -12.9544338650174 -12.843348397149 -12.6628645790948 -12.8983808093601 -12.8330085542467 -12.8534134758843 -12.9035960303413 -12.8711121877035 -12.8212905459934 -12.7656865649753 -12.8015075259739 -12.8824882507324 -12.9159130520291 -12.9200050565932 -12.8959051767985 -13.2624110115899 -13.5896137025621 -13.8928532070584 -14.1085951063368 -14.0532357957628 -13.9320495393541 -13.8574816385905 -13.9319792853461 -14.0107893413968 -13.9553778966268 -13.8475208282471 -13.5521087646484 -13.1700302759806 -12.954173511929 -12.8058723873562 -12.4775718053182 -11.9092707633972 -12.2290868759155 -12.2383519278632 -11.8693952030606 -11.9879938761393
