data/test_2003/bio7_avg_1994-2002.asc
NCOLS 664 
NROWS 380 
XLLCORNER 3.91666666666667 
YLLCORNER 55.3333333333333 
CELLSIZE 0.0416666666666667 
NODATA_value -9999 
[rows 330 to 351 of 380, columns 588 to 636 of 664]
35.3952634599474 35.2437246110704 35.255963007609 35.3708716498481 35.3831123775906 35.3424633873834 35.4107032352024 35.4376118977865 35.5519046783447 35.4695864783393 35.3392664591471 35.2504952748617 35.3055879804823 35.3940137227376 35.4837731255425 35.437532848782 35.4286246829563 35.4766076405843 35.52547899882 35.4507921006944 35.4212548997667 35.3608629438612 35.4124724070231 35.3814137776693 35.3503557840983 35.4975187513563 35.6117941538493 35.6611802842882 35.6741203731961 35.6466191609701 35.6666694217258 35.9311682383219 36.4169976976183 36.6534911261665 36.4366529252794 36.3944797515869 36.5149752298991 36.5972459581163 36.5808525085449 36.4533471001519 36.3645091586643 36.3758669959174 36.5892639160156 36.6675497690837 36.7046794891357 36.7744314405653 36.7539626227485 36.9717155032688 37.3072444068061
35.4554136064317 35.3455043368869 35.3819567362467 35.5037432776557 35.5406419965956 35.5024305979411 35.5348832872179 35.5935618082682 35.5578079223633 35.3494052886963 35.2663360171848 35.218377855089 35.2835466596815 35.3613389333089 35.3911321428087 35.4142583211263 35.293384552002 35.2018441094293 35.2711929745144 35.3272092607286 35.4042500389947 35.3858737945557 35.3648295932346 35.4144543541802 35.4422984653049 35.5568112267388 35.6344341701931 35.6813899146186 35.6967906951904 35.7357482910156 35.8733704884847 36.2038824293349 36.551006105211 36.4814058939616 36.3335848914252 36.4195421006944 36.5766088697645 36.559009552002 36.4351885053847 36.3193673027886 36.3071019914415 36.5692562527127 36.7672924465603 37.0577718946669 37.4302633073595 37.5087644788954 37.4650414784749 37.5430969662137 37.6162643432617
35.4942292107476 35.527125676473 35.5800221761068 35.6535057491726 35.6928405761719 35.6517289479574 35.5581754048665 35.5312868754069 35.3379336463081 35.2207794189453 35.1587380303277 35.1913645002577 35.2804330190023 35.3993333180745 35.3993814256456 35.3892065684001 35.3585885365804 35.3115270402696 35.2982423570421 35.3018472459581 35.3223565419515 35.3144380781386 35.3829663594564 35.5470477210151 35.6004657745361 35.647213406033 35.7366290622287 35.7576020558675 35.7790167066786 35.8706540001763 36.0062923431396 36.2659301757812 36.4787917666965 36.4128767649333 36.478517320421 36.6254908243815 36.5675752427843 36.4087721506755 36.2841913435194 36.2880535125732 36.604360792372 37.003977033827 37.1324310302734 37.3933289845785 37.6856242285834 37.7075390285916 37.6001207563612 37.5211486816406 37.477284749349
35.498595767551 35.6047477722168 35.5273204379612 35.4690163930257 35.5096715291341 35.5636573367649 35.4843086666531 35.2982936435276 35.0678395165337 35.0196090274387 35.0087119208442 35.0519059499105 35.1580015818278 35.3009889390733 35.322641160753 35.3574896918403 35.507793214586 35.7198757595486 35.7279578314887 35.6044832865397 35.5600187513563 35.5594495137533 35.652214050293 35.8289763132731 35.878630956014 35.8491719563802 35.900603612264 35.8760348425971 35.9061308966743 36.0135614607069 36.1449930402968 36.327534781562 36.4212459988064 36.4034593370226 36.5421165890164 36.7332202063666 36.505210240682 36.2989802890354 36.2483047909207 36.3309631347656 36.7625090281169 37.0364769829644 37.2237926059299 37.4666631486681 37.5365422566732 37.3823161655002 37.2072022755941 37.1587524414062 37.3103050655789
35.424877166748 35.4876761966281 35.448697619968 35.2959429423014 35.2729625701904 35.3654410044352 35.4566260443793 35.3126998477512 35.17259894477 35.1772121853299 35.1124884287516 35.061100853814 35.0799340142144 35.1640815734863 35.2390325334337 35.3784296247694 35.5200224982368 35.6951507992215 35.8956108093262 35.9111840989855 35.8909526401096 35.8535868326823 35.8144399854872 35.9352957407633 35.9005953470866 35.9592278798421 36.0956365797255 36.0484930674235 36.0502349005805 36.1430905659994 36.3026120927599 36.461689207289 36.5054673088921 36.4526125590006 36.5615340338813 36.6286790635851 36.4958239661323 36.4238584306505 36.3447810278998 36.3608142005073 36.5079593658447 36.6377711825901 36.8452650705973 37.2237379286024 37.3551434410943 37.1203734079997 36.877157635159 36.8370558420817 37.0307299296061
35.2409089406331 35.3349480099148 35.4294319152832 35.4465825822618 35.3815097808838 35.3794080946181 35.3388415442573 35.3120517730713 35.2522095574273 35.2330934736464 35.1455326080322 35.0881941053602 35.157965766059 35.2570726606581 35.3668571048313 35.4193787044949 35.371455722385 35.393351872762 35.5896485646566 35.7597234514025 35.7116040123834 35.5928469763862 35.6234245300293 35.8331135643853 35.9294668833415 36.0755996704102 36.2924001481798 36.2963097890218 36.29977522956 36.364574432373 36.4427081214057 36.5101742214627 36.541235393948 36.5994478861491 36.6163266499837 36.5549829271105 36.3811963399251 36.38074154324 36.3202870686849 36.3024997711182 36.4198229047987 36.5144788953993 36.6932943132189 36.898771709866 37.1067615085178 37.0697106255425 36.8202152252197 36.6484978993734 36.7674465179443
35.3453852335612 35.3422203063965 35.429720348782 35.5443352593316 35.5780582427979 35.526893403795 35.4419506920709 35.3267858293321 35.1269319322374 35.0125329759386 35.0256888071696 35.0539559258355 35.1879999372694 35.3260442945692 35.3765332963732 35.4154396057129 35.3810850779215 35.3893968794081 35.5450191497803 35.7567053900825 35.7509218851725 35.801442888048 35.8390755123562 35.882485071818 35.9610078599718 36.0061954922146 36.0478276146783 36.2019051445855 36.3275379604763 36.5336159600152 36.6894700792101 36.6924372778998 36.5894478691949 36.5658384958903 36.6191190083822 36.5608435736762 36.4323454962836 36.3274014790853 36.2855709923638 36.2672954135471 36.3472412957085 36.5572838253445 36.8506554497613 37.0840280320909 37.2730479770237 37.3719374338786 37.2223837110731 37.2043855455187 37.3468310038249
35.5409704844157 35.5268245273166 35.5308992597792 35.641198264228 35.7608290778266 35.7137930128309 35.6254234313965 35.4379435645209 35.1926576826308 35.2397886912028 35.2486979166667 35.3259381188287 35.4904761844211 35.533237669203 35.4884440104167 35.4160936143663 35.4991614023844 35.570374806722 35.6239448123508 35.8479109870063 35.9315723843045 35.9504831102159 36.0840598212348 36.0780813429091 36.0334364573161 35.8954575856527 35.9499240451389 36.1239462958442 36.2593015034994 36.426655875312 36.6446783277724 36.7538100348579 36.6963278452555 36.6713400946723 36.5912435319689 36.4711456298828 36.2608273824056 36.1225070953369 36.1025047302246 36.1731052398682 36.3583717346191 36.6743051740858 36.9142390357123 37.1323943667942 37.3424453735352 37.2639425065782 37.0956630706787 37.3660496605767 37.6826597849528
35.4947806464301 35.6100976732042 35.6098573472765 35.6558390723334 35.7782649993896 35.7589145236545 35.6204535166423 35.3926563262939 35.254700978597 35.350580851237 35.3940177493625 35.449899037679 35.4168913099501 35.3973206414117 35.4567998250326 35.522498872545 35.6061236063639 35.63801934984 35.7103604210748 35.9106731414795 35.9580020904541 36.0853000217014 36.1108235253228 36.2065667046441 36.2929761674669 36.046942392985 36.0573524898953 36.2588753170437 36.4195077684191 36.4099180433485 36.4492172665066 36.5422937605116 36.5165398915609 36.4461775885688 36.3207028706869 36.4272276560465 36.4110866122776 36.1567242940267 36.0616209242079 36.3054508633084 36.5261677636041 36.5464392768012 36.4444897969564 36.4954297807482 36.6042853461372 36.6052807701959 36.680052863227 36.948604159885 37.426489300198
35.587708791097 35.6525319417318 35.6804669698079 35.5691466861301 35.4357022179498 35.4404803382026 35.4239260355631 35.3647028605143 35.3834086524116 35.5013720194499 35.5971143510607 35.4586346944173 35.4010429382324 35.3896753523085 35.4464878506131 35.5944667392307 35.6797546810574 35.7025532192654 35.7831297980415 35.9352616204156 35.9910962846544 36.0952303144667 36.1384730868869 36.2021615770128 36.2645172542996 36.086427476671 36.0950039757623 36.16980404324 36.2632700602214 36.2474024030897 36.2955349816216 36.4414460923937 36.518975575765 36.5032340155707 36.5760726928711 36.6709050072564 36.5244053734673 36.196572833591 36.0456278059218 36.1373505062527 36.2739624447293 36.3399066925049 36.2818525102403 36.248685836792 36.2665712568495 36.3110635545519 36.4600001441108 36.8902685377333 37.1876511043972
35.6256073845757 35.7216845618354 35.6626504262288 35.5071709950765 35.4076930152045 35.3353254530165 35.4487359788683 35.4821470048692 35.5848683251275 35.6964560614692 35.6698231167263 35.578300052219 35.5703345404731 35.4912556542291 35.4537285698785 35.4759574466281 35.5590756734212 35.6701952616374 35.7092308468289 35.6349328358968 35.486473719279 35.4122693803575 35.4261252085368 35.6355364057753 35.8498335944282 36.002356423272 35.9686569637722 35.8651769426134 35.9550329844157 36.0284440782335 36.1427419450548 36.3677084181044 36.5334101782905 36.6466615464952 36.655611038208 36.686338212755 36.6255124409994 36.4331279330783 36.2558561960856 36.4265853034125 36.791535059611 36.9898183610704 36.8512140909831 36.4806094699436 36.2239680820041 36.196400112576 36.4035017225477 36.9608241187202 37.1559236314562
35.5875040690104 35.6343907250298 35.5092752244737 35.3797172970242 35.5123799641927 35.577044804891 35.6025988260905 35.7077045440674 35.8487987518311 35.8534353044298 35.6887387169732 35.6733758714464 35.5362343258328 35.3853155771891 35.3125317891439 35.421892589993 35.6455805036757 35.764381620619 35.5814020368788 35.3184454176161 35.1145985921224 34.9990533192952 34.9720249176025 35.1253537072076 35.2880410088433 35.6196174621582 35.6920861138238 35.5187740325928 35.4654615190294 35.5813524458143 35.7712819841173 35.9820787641737 36.288570827908 36.5463044908312 36.464038848877 36.6342171563043 36.6937277052138 36.6879069010417 36.4878629048665 36.4055962032742 36.6806634267171 36.9855086008708 37.1414646572537 36.7009758419461 36.1960302988688 36.1306266784668 36.2705578274197 36.7109322018094 37.0619746314155
35.3769586351183 35.4604292975532 35.5972364213732 35.6309303707547 35.5512911478678 35.5805413987901 35.6115690867106 35.7328188154433 35.8865085177951 35.8779703776042 35.7707665761312 35.7764513227675 35.7043567233615 35.5598193274604 35.532903459337 35.6104944017198 35.5943094889323 35.583456463284 35.4494925604926 35.2521612379286 35.0032450358073 34.8981819152832 34.8517841762967 34.9221515655518 35.1173593733046 35.3848813374837 35.4728476206462 35.3430355919732 35.291890250312 35.4358100891113 35.6707110934787 35.8291666242811 36.0327650705973 36.1192821926541 36.0942440032959 36.2820945315891 36.5188340081109 36.6493519677056 36.691423839993 36.4832740359836 36.4920149909125 36.5758650037977 36.6686041090224 36.4631218380398 36.2649820115831 36.2879661983914 36.3580599890815 36.5503771040175 36.7631365458171
35.458411110772 35.5504703521729 35.5647508833143 35.4528096516927 35.3906461927626 35.4435946146647 35.5716523064507 35.7917103237576 35.8873291015625 35.8136168585883 35.6345698038737 35.5906359354655 35.6187006632487 35.5685450236003 35.5840456220839 35.6519849565294 35.4897022247314 35.2763086954753 35.2828163570828 35.2649883694119 35.0865597195096 35.0070864359538 35.0053927103678 35.1036963992649 35.3321832021077 35.4456990559896 35.5624980926514 35.509166293674 35.4259391360813 35.5280454423692 35.7083721160889 35.7842568291558 35.7734035915799 35.7122597164578 35.7235594855415 35.8793057335748 36.1230513254801 36.3894634246826 36.5580980512831 36.5151755015055 36.516698413425 36.6475537618001 36.7104106479221 36.6101555294461 36.6534909142388 36.7630814446343 36.7068941328261 36.7564843495687 36.7007427215576
35.536754184299 35.5071771409776 35.4478227827284 35.4129121568468 35.4748899671767 35.5306460062663 35.6477360195584 35.7412690056695 35.8845924801297 35.7914839850532 35.5872648027208 35.4928217993842 35.513491736518 35.5274929470486 35.5410512288411 35.5559425354004 35.4597634209527 35.3376064300537 35.348781797621 35.2764822642008 35.2298798031277 35.224323908488 35.2863233354357 35.4026412963867 35.4946172502306 35.5185955895318 35.505238003201 35.4456598493788 35.3940813276503 35.4896132151286 35.6495905982123 35.7260117001004 35.6491533915202 35.5705706278483 35.6182096269396 35.7480716705322 36.0263786315918 36.2469067043728 36.3523241678874 36.4204088846842 36.5218262142605 36.6956886715359 36.8415487077501 36.6745219760471 36.5455538431803 36.6990852355957 36.9508397844103 36.9603729248047 36.6352394951714
35.4439854092068 35.5363290574816 35.5344486236572 35.5214580959744 35.5875778198242 35.6448097229004 35.8300397660997 36.0357157389323 36.0147461361355 35.7133519914415 35.567957772149 35.5327852037218 35.5531686147054 35.5171082814535 35.5152693854438 35.4876528845893 35.4462674458822 35.4046802520752 35.343538708157 35.2801734076606 35.3728942871094 35.4785883161757 35.5089098612467 35.6360914442274 35.6343854268392 35.5051222907172 35.350525326199 35.3236052195231 35.4017783270942 35.5147387186686 35.5579189724392 35.5646563635932 35.6213478512234 35.7093260023329 35.6657492319743 35.7572831047906 35.9737067752414 36.0430194007026 36.1385529836019 36.2091971503364 36.3531776004367 36.5620452033149 36.6798000335693 36.5597803327772 36.3362850613064 36.3177572886149 36.5445647769504 36.6198154025608 36.4155116611057
35.4871855841743 35.6612959967719 35.6411838531494 35.5681836869982 35.6556284162733 35.7799614800347 35.9229596455892 35.9961814880371 35.9157757229275 35.6288539038764 35.5597103966607 35.5994548797607 35.6543110741509 35.5447213914659 35.4729118347168 35.4550105200873 35.4576541052924 35.460296842787 35.4438296424018 35.3842519124349 35.4953106774224 35.6445632510715 35.6863242255317 35.6947614881727 35.6458653344048 35.6094148423937 35.5209623972575 35.4574004279243 35.4387264251709 35.4373857710097 35.5044894748264 35.6413701375326 35.783083597819 35.8354061974419 35.7343964046902 35.7364972432454 35.8621531592475 35.8958093855116 35.9099102020264 35.9573436313205 36.0461110009087 36.2491003672282 36.4414234161377 36.3728580474854 36.1549144321018 36.0501117706299 36.1164213816325 36.2361833784315 36.2491503821479
35.504576365153 35.6505258348253 35.6640300750732 35.5939782460531 35.6870386335585 35.8254316118028 35.8682708740234 35.7719968159994 35.7116813659668 35.5859904819065 35.5602980719672 35.6163836585151 35.6133600870768 35.5876477559408 35.5666281382243 35.5211630927192 35.5019209120009 35.5609010060628 35.6149929894341 35.528194003635 35.5100203620063 35.6716045803494 35.8233498467339 35.7688708835178 35.6815037197537 35.6674707200792 35.6565460628933 35.5500702328152 35.4858129289415 35.4375565846761 35.5324126349555 35.7494879828559 35.8903645409478 35.8897029028998 35.8743746015761 35.8550470140245 35.8970523410373 35.9045049879286 35.9303968217638 35.9790691799588 36.0735176934136 36.2506345113119 36.4379742940267 36.3408679962158 36.0824712117513 35.9700406392415 36.0273893144396 36.1041416592068 36.1708208719889
35.3757442898221 35.4926425086127 35.6304306454129 35.6828833685981 35.6580053965251 35.7375702328152 35.7873583899604 35.8482566409641 35.7978085411919 35.6444591946072 35.6524414486355 35.7017584906684 35.6372994316949 35.5557950337728 35.5484445359972 35.6135381062826 35.6519652472602 35.6850598653158 35.7017101711697 35.6619163089328 35.688730875651 35.6874887678358 35.7719309065077 35.6780918969048 35.6438098483615 35.6233064863417 35.6645781199137 35.6702952914768 35.6893458896213 35.7119500901964 35.6590020921495 35.679829703437 35.8256418440077 35.8635535769992 35.9876861572266 35.9922637939453 35.980429119534 35.969387266371 36.0357723236084 36.1439033084445 36.2164811028375 36.3868353101942 36.6696351369222 36.5182109408908 36.1775828467475 36.0450799730089 36.0339113871256 36.0365200042725 36.014684677124
35.4095783233643 35.4436492919922 35.563497543335 35.6131239997016 35.58852619595 35.6679303910997 35.7735574510362 35.8814055124919 35.9408253563775 35.8095951080322 35.8236978318956 35.8417998419868 35.7994600931803 35.6064510345459 35.6480382283529 35.7201353708903 35.7340109083388 35.7785525851779 35.8088713751899 35.7311920589871 35.7603302001953 35.8039330376519 35.8231790330675 35.7099800109863 35.8212261199951 35.8951392703586 35.9361642201742 35.8505200280084 35.8302093082004 35.781010945638 35.6913689507378 35.6763918134901 35.7818120320638 35.9538502163357 36.0187755160862 35.9694794548882 35.994500901964 36.0766646067301 36.1838147905138 36.3598516252306 36.5376665327284 36.6790362464057 36.9004071553548 36.6906672583686 36.3411390516493 36.2418969472249 36.1044330596924 36.0234141879612 36.0046162075467
35.3976362016466 35.3666566212972 35.395230823093 35.4246959686279 35.5306053161621 35.6316240098741 35.7704221937392 35.933221605089 35.9967303805881 35.992952770657 36.0211753845215 35.9058418273926 35.942952685886 35.8036437564426 35.6249660915799 35.7000660366482 35.810278362698 35.8787856631809 35.8795564439562 35.8518829345703 35.8559888203939 35.8434297773573 35.7831251356337 35.7140572865804 35.7706432342529 35.8398615519206 35.9033044179281 35.7600786421034 35.6644083658854 35.602518081665 35.6646245320638 35.6742884318034 35.8170914120144 36.0499229431152 36.100087483724 36.009362326728 36.0427958170573 36.1554681989882 36.3389665815565 36.4873536427816 36.5504061381022 36.6361255645752 36.8249568939209 36.7924535539415 36.6629166073269 36.5089369879829 36.1967341105143 36.1129750145806 36.168771955702
35.321692360772 35.370551639133 35.4727427164714 35.5447120666504 35.5966828664144 35.5970961252848 35.769955529107 35.9001477559408 35.9935241275363 36.0572011735704 36.0670958624946 35.9809941185845 35.9082940419515 35.9340515136719 35.8486978742811 35.8153440687392 35.8491009606255 35.831745783488 35.7374180687798 35.6537437438965 35.6821931203206 35.7534342871772 35.676231596205 35.6839154561361 35.8338233100043 35.8392872280545 35.8997770945231 35.8865263197157 35.8794962565104 35.9031323326959 35.8614368438721 35.7712959713406 35.8608150482178 36.0428850385878 36.0729537540012 36.0572452545166 35.9595334794786 35.9400325351291 35.9769761827257 36.0294761657715 36.0393091837565 36.1802518632677 36.510527504815 36.8177981906467 36.8135996924506 36.6013092464871 36.3503659566244 36.324757470025 36.4080376095242
