data/test_2003/bio7_avg_1994-2002.asc
NCOLS 664 
NROWS 380 
XLLCORNER 3.91666666666667 
YLLCORNER 55.3333333333333 
CELLSIZE 0.0416666666666667 
NODATA_value -9999 
[rows 66 to 87 of 380, columns 343 to 391 of 664]
29.5108167860243 29.2248840332031 29.5682635837131 29.4187537299262 29.4616885715061 29.2201792399089 29.1662262810601 29.6238271925184 30.3300766415066 31.1148702833388 32.2794772254096 32.7387515174018 32.6842486063639 31.9865023295085 32.0214691162109 32.1622132195367 32.3451790279812 32.5579246944851 32.9069684346517 33.2929015689426 33.4366113874647 33.6921162075467 34.0684829288059 33.8737400902642 33.0145509507921 33.1774453057183 33.285533481174 32.8779466417101 32.7481575012207 32.6699210272895 32.955685933431 33.2281964619954 33.1260623931885 33.4354841444227 33.6769063737657 33.9063267178006 34.1046382056342 34.2212929195828 34.3407372368707 34.1601818932427 34.0987370808919 34.3595131768121 34.5785136752658 34.707735909356 34.8316243489583 34.9759576585558 35.2282892862956 35.3872918023003 35.4911791483561
28.868032667372 28.6827958424886 28.1824086507161 28.7389079199897 29.72518603007 29.9759080674913 30.3366097344293 30.2953656514486 30.6412107679579 31.3215825822618 31.820199754503 32.0681504143609 33.1947676340739 33.7819745805528 33.596882502238 33.6215686798096 33.7471436394585 33.8536076015896 33.8565135531955 33.9096440209283 34.0703281826443 34.0812360975477 33.7639325459798 33.5221930609809 33.5024053785536 33.7265688578288 33.9302126566569 33.9449662102593 33.9432741800944 33.9691424899631 34.1047854953342 34.2142054239909 34.1925161149767 34.0214924282498 33.8860240512424 34.0314468807644 34.2910891638862 34.451757007175 34.6107847425673 34.5924799177382 34.6163974338108 34.8052026960585 35.0491212209066 35.1810364193387 35.2876205444336 35.4115371704102 35.5923449198405 35.7002605862088 35.7966215345595
29.1941365136041 29.4882647196452 29.749702029758 29.9826323191325 30.2026740180122 30.2947489420573 30.6316460503472 31.2772630055745 31.9032238854302 32.7642953660753 33.5102564493815 33.949106004503 34.4986207750108 34.639215681288 34.6228849622938 34.3896672990587 34.3831147087945 34.3330084482829 33.9709004296197 33.723016526964 33.6551303863525 33.730801264445 34.0811388227675 33.9861437479655 33.517448425293 33.2140140533447 32.9361148410373 32.6511060926649 32.6972081926134 32.8979759216309 33.0543005201552 33.1843721601698 33.5291917588976 33.5049421522352 33.2973656124539 33.3507855733236 33.5473175048828 33.6902222103543 34.0697218577067 34.5425567626953 34.8753905826145 35.1073360443115 35.3739475674099 35.5530056423611 35.6565060085721 35.7653393215603 35.8252851698134 35.9487864176432 36.0682852003309
29.9903856913249 30.4413831498888 30.7538199954563 30.9271473354763 31.1631406148275 31.5229182773166 32.0973190731472 32.7990669674344 33.4359264373779 33.0341186523438 31.5514210595025 31.171009487576 31.8909197913276 31.5555650922987 32.0164432525635 32.8648764292399 31.9931284586589 31.9796990288628 32.8497316572401 32.5199519263373 33.053709242079 33.7496994866265 34.433687210083 34.7114543914795 33.9892213609483 33.1812589433458 33.0755683051215 33.4207844204373 33.4623817867703 33.3959793514676 33.4390258789062 33.4836196899414 33.4827372233073 33.2738556332058 33.0076399909125 32.6660590701633 32.8684351179335 32.857112036811 33.2456306881375 33.8065944247776 33.9508285522461 34.0730251736111 34.5414445665148 35.0663072797987 35.4067230224609 35.6262541876899 35.7564498053657 35.838200463189 35.8457285563151
30.6133344438341 31.0200074513753 31.4677177005344 31.6536509195964 31.7951393127441 32.0677386389838 32.2346852620443 32.3412708706326 32.6171911027696 32.744220521715 31.1942520141602 31.5320885976156 31.0170332590739 30.4186172485352 30.580840004815 31.351922776964 32.2507682376438 32.3549478318956 33.1256921556261 34.0860116746691 34.3143304189046 34.7599832746718 34.778967751397 34.5606202019585 33.8484952714708 33.8224133385552 34.4014860788981 34.6761169433594 34.4698554144965 34.5115966796875 34.7182263268365 34.8186331854926 34.4674843682183 34.1958910624186 33.9740746815999 33.424222946167 33.2178656260173 33.2735506693522 33.5938125186496 33.8143791622586 33.8091676500108 33.8630678388808 34.2756343417697 34.8381593492296 35.250630484687 35.495549943712 35.6075774298774 35.6520470513238 35.5685208638509
29.8406003316243 30.2074894375271 30.4195404052734 30.4609262678358 30.9027553134494 31.5426993899875 31.8900680541992 31.9904908074273 31.8628696865506 32.1750464969211 32.5110753377279 32.3506592644585 32.3240227169461 32.6519222259521 32.1336394415961 32.2192868126763 32.8321253458659 33.9416766696506 35.3698914845785 34.8865523868137 32.9241021474202 33.8407616085476 33.9414234161377 33.5118607415093 33.8742991553413 34.0618205600315 34.385534286499 34.6932489607069 34.6609634823269 34.6313440534804 34.9906160566542 35.2387750413683 35.2269321017795 35.211536831326 35.1148081885444 35.083411110772 35.117790222168 35.1114796532525 35.3791425493028 35.5361391703288 35.5135790506999 35.3425757090251 35.2582395341661 35.4107907613119 35.4984512329102 35.4710040622287 35.5000004238553 35.5409952799479 35.590882619222
29.1663602193197 29.6332075330946 30.2414629194472 31.0323838127984 31.7217716640896 31.8736593458388 31.413942972819 30.6980056762695 30.4016227722168 29.868350982666 29.9070580800374 30.2059788174099 31.2920930650499 32.644191953871 33.8780835469564 34.2021956973606 34.5978656344944 34.2353125678168 33.6923126644558 34.542203479343 35.2689846886529 35.0446539984809 35.0105455186632 35.3897688123915 34.9152162339952 33.5785615709093 33.8091394636366 34.0094956292046 34.4658484988742 34.8377596537272 34.9750039842394 35.2700271606445 35.361937628852 35.5196249220106 35.5173136393229 35.5563371446398 35.7255816989475 35.9325197007921 36.1584828694661 36.314565870497 36.2137175665961 35.959536658393 35.8542450798882 35.8305286831326 35.6791610717773 35.5251248677572 35.5293138292101 35.4521666632758 35.5794648064507
29.894787258572 30.9660371144613 31.3780515458849 31.0358428955078 30.6287451850043 30.3278361426459 30.7927894592285 32.3424438900418 31.1040301852756 30.5165396796332 29.4988259209527 29.3021734025743 30.4204093085395 31.6766022576226 31.5949418809679 31.3777279324002 31.8925115797255 32.8262977600098 34.0662909613715 34.0107460021973 34.2574231889513 35.2720998128255 35.083222495185 34.9721200731066 35.3556857638889 35.7361895243327 36.1967421637641 35.6475156148275 35.0605129665799 34.9366194407145 35.5136159261068 35.5701679653592 35.5916086832682 35.5614946153429 35.5384898715549 35.6954879760742 35.9209276835124 36.323311275906 36.7104954189724 36.9199049207899 36.737311469184 36.4271625942654 36.2174589369032 36.1193101671007 36.0207612779405 35.9392471313477 35.8577372233073 35.6433368259006 35.620048099094
30.887213812934 30.8122013939752 29.6421951717801 29.313968234592 29.1728513505724 28.8370687696669 30.1795082092285 32.798866060045 31.6108830769857 30.5922830369737 30.6492394341363 30.7746401892768 31.2355961269803 31.6313376956516 32.4960865444607 32.865727742513 32.492698457506 33.3623801337348 33.7051573859321 34.175730811225 34.3320829603407 34.7617679172092 36.2181197272407 36.2909160190158 35.9672682020399 35.8151516384549 36.0896780225966 36.5397588941786 36.7013973659939 36.6332575480143 36.4464497036404 36.3209762573242 36.2101686265733 36.0598051283095 35.664554172092 35.9133567810059 36.3689532809787 36.7761357625326 37.1433554755317 37.2190178765191 37.0742369757758 36.8667878044976 36.6273392571343 36.275447845459 36.1035550435384 36.1235928005642 36.0257178412543 35.7065082126194 35.4730775621202
30.3298621707492 29.6610306633843 29.1814511617025 30.1725381215413 30.1725137498644 29.9822669559055 30.2733531528049 31.2182184855143 32.3004459804959 33.6927165985107 34.2178747389052 34.3994772169325 34.4650851355659 33.7902692159017 33.2954860263401 32.6870591905382 33.3903647528754 33.9969166649712 34.4213557773166 34.8571628994412 35.6227442423503 36.0372153388129 36.564576043023 36.7332683139377 36.5095176696777 36.1865586174859 36.2368375990126 36.0431166754829 36.1849492390951 36.27656088935 36.5801743401421 36.5100051032172 36.3482852511936 36.508785671658 36.5550634596083 36.6657850477431 37.0063099331326 37.3427403767904 37.5348794725206 37.617243025038 37.4893832736545 37.2313020494249 36.8976648118761 36.5698068406847 36.475279490153 36.3003815544976 36.0861417982313 35.9065678914388 35.8429938422309
30.5720664130317 31.0369724697537 30.9549293518066 30.6573301951091 29.3970639970567 29.5154643588596 30.020088619656 30.4682672288683 31.2195572323269 31.7357343037923 32.2140653398302 33.1602346632216 34.2015883127848 35.8523805406358 36.291194068061 35.5424516465929 35.0657081604004 35.0538544125027 34.8046671549479 34.7531757354736 34.8961187998454 35.3313272264269 35.9039175245497 36.9116206698947 36.9793222215441 36.6441883511013 36.6804402669271 36.831361134847 36.9373893737793 36.7771983676487 36.9138942294651 36.8221469455295 36.4926232231988 36.5795427958171 36.7677964104546 37.0280473497179 37.2845564948188 37.5786751641168 37.6575164794922 37.6839133368598 37.6414205763075 37.4860403272841 37.2799907260471 37.0201598273383 36.7837761773003 36.5976164076063 36.477232615153 36.2439592149523 36.2053565979004
30.6951605478923 32.0821687910292 32.0124691857232 30.9958992004395 30.708281411065 30.9291072421604 30.3646007113987 29.7569832272 29.5729189978706 29.7719673580594 30.6667009989421 32.1698881785075 32.7850740220812 32.9324330223931 33.2036518520779 35.0909599728055 37.3647816975911 38.6617130703396 37.8986451890733 35.6960211859809 34.9090044233534 35.6683413187663 36.0396775139703 36.3615273369683 36.9384591844347 36.6915961371528 36.464488559299 36.5604926215278 36.6364983452691 36.7187245686849 36.8525072733561 36.9667349921332 36.6365165710449 36.6929651896159 36.8791919284397 37.0731709798177 37.3299136691623 37.5319468180339 37.4250424702962 37.4648064507378 37.3987901475694 37.384332868788 37.3556501600477 37.2550095452203 37.1231511433919 36.9970703125 36.7883224487305 36.5240198771159 36.3126046922472
31.3683660295275 32.1367494795058 32.7456662919786 32.0900253719754 31.9434981875949 31.2591946919759 29.8700023227268 29.2425882551405 29.8978383806017 31.4250907897949 32.2532321082221 32.4443033006456 33.5754913753933 34.0353389316135 33.9528473748101 34.3205752902561 35.2309722900391 38.2515330844455 39.6040450202094 38.6547813415527 37.3693923950195 37.0093320210775 37.6528273688422 38.1269921196832 38.1367094251845 38.0474463568793 37.8080919053819 37.5500704447428 37.2658259073893 37.1984719170464 37.048452589247 37.0504311455621 37.1577415466309 37.193056318495 37.2505904303657 37.2796804640028 37.4170502556695 37.5887709723579 37.622792561849 37.5954772101508 37.4606056213379 37.2675136990017 37.1215303209093 37.0382169087728 36.9896388583713 36.8876385158963 36.6407474941678 36.3689685397678 35.9989653693305
31.7782505883111 32.3828862508138 33.0215326944987 32.4001797570123 31.895604663425 31.855503294203 31.8585152096219 32.1165432400174 32.4258571200901 33.547171274821 34.6195958455404 35.4133529663086 36.0995559692383 36.5236634148492 36.6963437398275 37.0805782741971 38.0023418002658 38.7325117323134 39.8217964172363 40.0861913892958 39.6154747009277 39.3416464063856 39.1993751525879 39.235769059923 39.1766081915961 38.8965085347494 38.6070196363661 38.6824226379395 38.6538238525391 38.4354481167263 38.0208422342936 37.8172403971354 37.8305252922906 37.8300336201986 37.7810982598199 37.7846069335938 37.6494492424859 37.3660405476888 37.2329817877875 37.2434802585178 37.288198682997 37.1333635118273 36.8131908840603 36.6832432217068 36.6192355685764 36.5217590332031 36.3185047573513 36.0770280626085 35.8404388427734
31.8485811021593 32.5081322987874 32.521841261122 32.4471068912082 32.9421479966905 32.8900799221463 32.308678732978 32.1444625854492 32.6543441348606 32.5051119062636 33.1349925994873 34.533222410414 35.0518203311496 34.126719156901 34.1173723008898 34.7197496626112 35.5904886457655 36.2674496968587 36.5844095018175 36.5858133104112 37.4694328308105 37.9879311455621 38.0997628106011 38.1769277784559 38.3292066786024 38.3999476962619 38.0521884494358 38.5712543063694 38.7080192565918 38.5859697129991 38.3505630493164 38.2471584743924 38.0939763387044 38.1034575568305 38.1013853285048 38.0575328403049 37.9092377556695 37.719059838189 37.6252191331651 37.5313775804308 37.447757297092 37.3290269639757 37.1195182800293 37.0484534369575 36.9395022922092 36.742549472385 36.4402618408203 36.1264203389486 35.9690246582031
31.5335784488254 32.8533802032471 32.9354837205675 32.7642542521159 32.7032485538059 33.0809093051487 33.9496801164415 34.0157847934299 34.3658900790744 34.9048834906684 34.9536533355713 34.4388705359565 33.9912365807427 34.1356334686279 34.470401763916 34.7093389299181 35.0746921963162 36.156489054362 37.1516952514648 37.5589082505968 37.8510097927517 37.820438808865 37.8508593241374 37.9384918212891 38.2870123121474 38.0563346015082 38.0660133361816 38.5445819430881 38.4698164198134 38.4394963582357 38.278065999349 37.9397455851237 37.4045338100857 37.0786573621962 37.3070055643717 37.5522405836317 37.6392529805501 37.7098782857259 37.7152273390028 37.6059104071723 37.2881486680773 37.1774961683485 37.2752901713053 37.3357501559787 37.2935439215766 37.1540048387316 36.9589080810547 36.7393684387207 36.5944951375326
32.8217504289415 32.8562579684787 32.6874836815728 32.575153986613 32.8841582404243 32.907827589247 33.6728314293755 34.8116122351752 34.9708385467529 35.2762868669298 35.8768458896213 35.6991820865207 35.6646304660373 35.7187856038411 36.3749805026584 36.7293980916341 36.8975936041938 36.9760110643175 36.5042054918077 36.8159569634332 37.3632630242242 37.9185702006022 38.3673871358236 38.4174440171983 38.4833611382378 38.7855529785156 38.8973494635688 38.8993674384223 38.5227203369141 38.2180726793077 38.1689809163411 37.9278882344564 37.7863510979546 37.7217025756836 37.4321653578017 36.9412960476346 36.8748694525825 37.2996601528592 37.4809956020779 37.5854445563422 37.4952231513129 37.4414486355252 37.558784061008 37.5654525756836 37.5352350870768 37.4392356872559 37.2703514099121 37.0921308729384 36.9970241122776
32.0184347364638 31.678101433648 31.8253951602512 31.6827170054118 31.9688739776611 32.3486131032308 32.3123529222276 33.5676472981771 34.7584970262316 35.3129020267063 36.1273095872667 35.9492704603407 35.4578980339898 35.765770594279 36.3151092529297 36.9528927273221 36.9991196526421 36.9715699089898 36.9929084777832 37.082691192627 36.9551031324599 37.5953729417589 38.0387556287977 38.306462181939 38.2843445671929 38.6094729105631 39.0168635050456 39.0984730190701 39.2018644544813 39.106142255995 39.0428661770291 38.8733668857151 38.6505330403646 38.5339228312174 38.4395357767741 38.1055920918783 37.6992026435004 37.323068830702 37.4514100816515 37.7495299445258 37.8489841885037 37.8768810696072 37.7949994405111 37.7117864820692 37.6445736355252 37.4062474568685 37.1345893012153 36.9375970628526 36.9312727186415
31.3426689571804 32.2470550537109 32.4593077765571 32.4168938530816 32.6304787529839 32.5045093960232 31.6565426720513 32.2417102389865 33.6372689141168 34.3641855451796 35.380438486735 36.368691974216 36.7351667616102 36.9283095465766 37.0063501993815 37.7261649237739 37.9859801398383 37.9155752393934 37.8665021260579 37.7916497124566 37.6016947428385 38.0310406155056 38.1777254740397 38.3706215752496 38.2932518853082 38.4476140340169 39.0003763834635 39.2314885457357 39.3681187099881 39.4551014370388 39.4807514614529 39.3766220940484 39.325383928087 39.208366394043 38.9900148179796 38.5387755499946 38.1102032131619 37.8633698357476 37.8756031460232 38.0056182013618 38.1636339823405 38.2087584601508 38.1383281283908 37.9750073750814 37.7525791592068 37.402592976888 36.9948302374946 36.837286207411 36.8517456054688
31.4064625634087 31.4648984273275 32.1443303426107 33.3068739573161 33.0840852525499 32.1746292114258 32.9100602467855 32.7668279012044 32.9840378231472 33.4976927439372 34.5473471747504 36.2623356713189 36.98443391588 36.9864073859321 37.4415893554688 37.6847712198893 38.4119525485569 38.7378005981445 38.9245368109809 39.0206074184842 39.0157907274034 38.5546993679471 38.3211839463976 38.1654480828179 38.181829240587 38.4915347629123 38.5492227342394 38.6717974344889 38.9783749050564 38.9702835083008 39.0230801900228 39.3376575046115 39.5357894897461 39.5516976250543 39.3316065470378 38.9315164354112 38.1536475287543 38.0827793545193 38.2122425503201 38.4612634446886 38.6236169603136 38.542416466607 38.3723225063748 38.189342074924 37.9703610738119 37.744270324707 37.4084010654026 37.232532925076 37.0673302544488
30.5578034718831 30.1538450453017 30.9462000528971 32.2804107666016 33.4394683837891 33.9025262196859 33.926027086046 34.2753062778049 34.7165853712294 34.8503091600206 35.4555878109402 35.8119778103299 36.1212586296929 36.4885041978624 37.0741636488173 37.5904884338379 38.0045903523763 38.9400270250108 39.0945735507541 39.068675994873 38.7801115247938 38.903992123074 39.0972073872884 38.9531631469727 38.8226153055827 38.7443440755208 38.7358474731445 38.8206799825033 39.2255176968045 39.386035071479 39.3952234056261 39.4538014729818 39.4635281032986 39.4092513190375 39.3563092549642 39.2638134426541 39.1624247233073 39.0172992282444 38.8839925130208 38.8546846177843 38.7933769226074 38.6742922465006 38.5112046135796 38.3036744859483 38.0574773152669 37.9610595703125 37.8077523973253 37.6246643066406 37.3349134657118
32.7629362742106 32.3868064880371 32.2654885186089 32.8352813720703 33.4424067603217 34.4584225548638 34.8608943091498 35.0823040008545 35.3917174869113 35.9949063195123 36.6100970374213 36.9306180742052 37.2298066880968 37.6883794996474 37.9671808878581 38.1237597995334 38.5394520229763 39.0386958652072 39.4277220831977 39.6803008185493 39.7635459899902 39.9254586961534 39.9337916904026 39.8608779907227 39.658630794949 39.4327066209581 39.2749146355523 39.2468994988335 39.6379958258735 39.6370896233453 39.5077404446072 39.2161699930827 38.8321550157335 38.6436932881673 38.9272350735135 39.0721054077148 39.0614229838053 38.9847098456489 38.8979644775391 38.830327351888 38.6946919759115 38.4848348829481 38.419866349962 38.2686746385362 37.9863730536567 37.8951810201009 37.7399898105197 37.5985768636068 37.4629423353407
