data/test_2003/bio7_avg_1994-2002.asc
NCOLS 664 
NROWS 380 
XLLCORNER 3.91666666666667 
YLLCORNER 55.3333333333333 
CELLSIZE 0.0416666666666667 
NODATA_value -9999 
[rows 352 to 373 of 380, columns 392 to 440 of 664]
-9999 -9999 -9999 -9999 -9999 -9999 -9999 -9999 -9999 -9999 -9999 -9999 -9999 -9999 -9999 -9999 -9999 29.1860434214274 28.698946846856 28.8158512115479 28.95097817315 28.9989908006456 29.1910067664252 29.3203536139594 29.4902687072754 29.5891950395372 29.6419003804525 29.8834942711724 30.1090872022841 30.2515708075629 30.3647191789415 30.4192019568549 30.3767954508464 30.278389400906 30.0999823676215 29.9611320495605 29.8936814202203 29.8874077267117 30.0015788608127 30.1299733055962 30.2668115827772 30.3809818691678 30.4658192528619 30.5875477261013 30.6732743581136 30.7558901045058 30.940284093221 31.1046765645345 31.0500734117296
-9999 -9999 -9999 -9999 -9999 -9999 -9999 -9999 -9999 -9999 -9999 -9999 -9999 -9999 -9999 -9999 -9999 28.4678262074788 28.6289159986708 28.8414031134711 29.0027809143066 28.8441592322456 28.8495352003309 28.9251350826687 29.0306335025364 29.17581070794 29.3409864637587 29.6697182125515 30.0762271881104 30.2622918023003 30.3488004472521 30.3526437547472 30.3915979597304 30.3638858795166 30.2655050489638 30.2302356296115 30.131754345364 29.9896132151286 30.091918097602 30.2399997711182 30.211191813151 30.2166074117025 30.4002458784315 30.7154377831353 30.887963824802 30.969823413425 31.0463506910536 31.153098848131 31.2583948771159
-9999 -9999 -9999 -9999 -9999 -9999 -9999 -9999 -9999 -9999 -9999 -9999 -9999 -9999 -9999 -9999 -9999 28.5689449310303 28.7207885318332 28.9985131157769 29.0821403927273 28.8506599002414 28.802732679579 28.8863620758057 28.9803324805366 29.1224250793457 29.4756274753147 29.8061633639865 30.2206990983751 30.2654565175374 30.3613272772895 30.358085208469 30.4170650906033 30.4084896511502 30.350582546658 30.347339630127 30.3156036800808 30.1820411682129 30.1795876820882 30.2611367967394 30.2644619411892 30.2740094926622 30.4928917355008 30.7366616990831 30.8510981665717 30.9846460554335 31.1048620012071 31.2308531867133 31.3800489637587
-9999 -9999 -9999 -9999 -9999 -9999 -9999 -9999 -9999 -9999 -9999 -9999 -9999 -9999 -9999 -9999 -9999 28.3564491271973 28.8008526696099 29.2582878536648 29.2081676059299 28.91271548801 28.774595896403 28.8502527872721 29.1220311058892 29.5668163299561 29.933379067315 29.9874962700738 30.1549485524495 30.2663998074002 30.4631849924723 30.5315265655518 30.5874229007297 30.5926520029704 30.4689920213487 30.3479991488987 30.2465655008952 30.3491346571181 30.4468161265055 30.5062739054362 30.5030653211806 30.5247463650174 30.6388717227512 30.7769955529107 30.8146773444282 30.923913107978 31.0762615203857 31.1734960344103 31.1599282158746
-9999 -9999 -9999 -9999 -9999 -9999 -9999 -9999 -9999 -9999 -9999 -9999 -9999 -9999 -9999 -9999 -9999 28.3284666273329 28.7382715013292 29.1330655415853 29.011528438992 28.7734389834934 28.7904584672716 28.9683687422011 29.1557299296061 29.5698744455973 29.7733535766602 29.7408320109049 29.8051986694336 30.0273431142171 30.2610446082221 30.5049680074056 30.6368906233046 30.6688134935167 30.6016252305773 30.508214102851 30.4130829705132 30.4957847595215 30.6491546630859 30.7336343129476 30.7874471876356 30.7603715260824 30.869739956326 30.9577759636773 30.9835889604357 30.9702915615506 31.122326321072 31.2925855848524 31.3655819363064
-9999 -9999 -9999 -9999 -9999 -9999 -9999 -9999 -9999 -9999 -9999 -9999 -9999 -9999 -9999 -9999 -9999 28.0335102081299 28.402653588189 28.7362412346734 28.7068886227078 28.6826055314806 28.8774342007107 29.210927327474 29.5009837680393 29.7609327104357 29.8039934370253 29.8839437696669 29.8092269897461 30.0425097147624 30.3709047105577 30.6041878594293 30.7205808427599 30.6747531890869 30.5653686523438 30.4604297214084 30.5120432111952 30.621545791626 30.7639348771837 30.8636593288845 30.9162731170654 30.9711074829102 31.0286087459988 31.0203333960639 30.9742779201931 31.0224467383491 31.1133602990044 31.2417170206706 31.4062767028809
-9999 -9999 -9999 -9999 -9999 -9999 -9999 -9999 -9999 -9999 -9999 -9999 -9999 -9999 -9999 -9999 -9999 27.81282403734 28.1989317999946 28.582945505778 28.6351523929172 28.760234620836 29.0966561635335 29.3828561570909 29.6177550421821 29.6115769280328 29.711621178521 29.8956650627984 29.9765959845649 30.1246401468913 30.3913500044081 30.5985054439969 30.6367702484131 30.4865919748942 30.3755238850911 30.4306782616509 30.5218264261882 30.6178595225016 30.6952264573839 30.7730352613661 30.8526219262017 30.9108763800727 30.9584636688232 30.9673841264513 30.8644341362847 30.7868446773953 31.0163661109077 31.3089981079102 31.3747406005859
-9999 -9999 -9999 -9999 -9999 -9999 -9999 -9999 -9999 -9999 -9999 -9999 -9999 -9999 -9999 -9999 -9999 27.7016033596463 28.1063264211019 28.4646320343018 28.5625531938341 28.8022505442301 29.2828386094835 29.5478723314073 29.6282677120633 29.6191391415066 29.8620103200277 29.9533254835341 30.059753841824 30.2084017859565 30.4050509134928 30.5608126322428 30.549460305108 30.373664855957 30.3103139665392 30.4314064449734 30.5171004401313 30.5909491644965 30.5656880272759 30.5653137630886 30.6831631130642 30.7863453759087 30.8761923048231 30.9309310913086 30.9124997456868 30.8871131473117 31.0763935512967 31.2758967081706 31.2797378963894
-9999 -9999 -9999 -9999 -9999 -9999 -9999 -9999 -9999 -9999 -9999 -9999 -9999 -9999 -9999 -9999 -9999 -9999 28.4015659756131 28.5027629004584 28.6132943895128 28.8149365319146 29.2628002166748 29.5186667972141 29.556112713284 29.6391453213162 29.8519566853841 29.9536554548475 29.9953536987305 30.1379419962565 30.3183087242974 30.5191173553467 30.5728168487549 30.52473809984 30.5606585608588 30.6316899193658 30.6390412648519 30.5911502838135 30.4943716261122 30.604703479343 30.688814163208 30.7609244452582 30.9188124338786 31.0159681108263 31.021007961697 30.9709373050266 30.9844216240777 31.1183514065213 31.2700720893012
-9999 -9999 -9999 -9999 -9999 -9999 -9999 -9999 -9999 -9999 -9999 -9999 -9999 -9999 -9999 -9999 -9999 -9999 -9999 28.5497659047445 28.690258026123 28.8045103285048 29.1205408308241 29.417903052436 29.5510713789198 29.5995972951253 29.7241240607368 29.8939855363634 29.8651769426134 29.9474815792508 30.2271190219455 30.4867577022976 30.6166169908312 30.6953667534722 30.7527811262343 30.8048636118571 30.801868862576 30.5793510013156 30.345722410414 30.6383156246609 30.773131052653 30.8346146477593 31.0125408172607 31.1251633961995 31.0895175933838 31.0143167707655 30.9760057661268 31.1079158782959 31.3492929670546
-9999 -9999 -9999 -9999 -9999 -9999 -9999 -9999 -9999 -9999 -9999 -9999 -9999 -9999 -9999 -9999 -9999 -9999 -9999 28.4092477162679 28.6054439544678 28.809639400906 29.1422805786133 29.4442539215088 29.5655843946669 29.588937971327 29.7465148501926 29.8147576649984 29.6776678297255 29.8374669816759 30.2070429060194 30.4872862497966 30.5959737565782 30.621105617947 30.6240158081055 30.709592183431 30.6398073832194 30.4808856116401 30.189962387085 30.3843720753988 30.6032284630669 30.6749706268311 30.881798002455 31.147246254815 31.1900276607937 31.159029006958 31.1813661787245 31.2379245758057 31.3258465660943
-9999 -9999 -9999 -9999 -9999 -9999 -9999 -9999 -9999 -9999 -9999 -9999 -9999 -9999 -9999 -9999 -9999 -9999 -9999 28.4038238525391 28.5850741068522 28.8978794945611 29.1426851484511 29.2657137976752 29.3334293365479 29.4556113349067 29.6026833852132 29.5506432851156 29.485713534885 29.7727841271294 30.1642979515923 30.3887036641439 30.4766633775499 30.4855117797852 30.5085834927029 30.663654115465 30.4924127790663 30.4913075764974 30.3333132002089 30.4086511400011 30.6386570400662 30.6882165273031 30.9152334001329 31.1155522664388 31.0509804619683 30.9388535817464 31.1307271321615 31.3790448506673 31.4686232672797
-9999 -9999 -9999 -9999 -9999 -9999 -9999 -9999 -9999 -9999 -9999 -9999 -9999 -9999 -9999 -9999 -9999 -9999 -9999 28.513637330797 28.7415932549371 29.0230087704129 29.096869998508 29.1689523061117 29.2306094699436 29.4445082346598 29.4370729658339 29.4216387006972 29.5893160502116 29.8978792826335 30.2042221493191 30.3141210344103 30.3964640299479 30.5330293443468 30.7202610439724 30.7946044074165 30.8339080810547 30.8257308536106 30.8077752855089 30.8547081417508 30.9354190826416 30.9761295318604 31.0599519941542 31.1163022783067 31.0737122429742 31.0177885691325 31.1845319535997 31.5290542178684 31.6833994123671
-9999 -9999 -9999 -9999 -9999 -9999 -9999 -9999 -9999 -9999 -9999 -9999 -9999 -9999 -9999 -9999 -9999 -9999 -9999 28.7318630218506 28.9434452056885 29.1881385379367 29.311497370402 29.4206364949544 29.4593452877469 29.446737713284 29.3550179799398 29.4028570387099 29.727137459649 30.0745313432482 30.1948121388753 30.2613152398003 30.3775973849826 30.5609908633762 30.6954951816135 30.7722195519341 30.893625471327 31.0539300706651 31.109347237481 31.1323201921251 31.0575144026015 31.1320417192247 31.1794581943088 31.2073201073541 31.2066663106283 31.1953913370768 31.2690054575602 31.5017293294271 31.7119543287489
-9999 -9999 -9999 -9999 -9999 -9999 -9999 -9999 -9999 -9999 -9999 -9999 -9999 -9999 -9999 -9999 -9999 -9999 -9999 28.699217054579 29.0484093560113 29.1786013709174 29.3336823781331 29.498985502455 29.5578577253554 29.4591897328695 29.3467426300049 29.6102966732449 29.8298511505127 29.9178479512533 29.9662914276123 30.1529553731283 30.350287967258 30.4649533165826 30.5742838117811 30.7142819298638 30.8248977661133 30.9456871880425 31.0606998867459 31.0188204447428 31.0027207268609 31.104398727417 31.2096330854628 31.3264217376709 31.3112108442518 31.2489931318495 31.2699222564697 31.4384066263835 31.5725078582764
-9999 -9999 -9999 -9999 -9999 -9999 -9999 -9999 -9999 -9999 -9999 -9999 -9999 -9999 -9999 -9999 -9999 -9999 -9999 28.5317562950982 28.8387056986491 29.1019535064697 29.2558655209011 29.4173340267605 29.4728143480089 29.3818609449599 29.3833558824327 29.6092919243707 29.6876731448703 29.7349440256755 29.7577701144748 29.969929377238 30.2198664347331 30.3982469770643 30.5184065500895 30.6172328525119 30.725059721205 30.7209991878933 30.7444941202799 30.6715435451931 30.7977057562934 30.985644446479 31.1589166853163 31.2748561435276 31.3263511657715 31.2636246151394 31.3440087636312 31.542203479343 31.5342725118001
-9999 -9999 -9999 -9999 -9999 -9999 -9999 -9999 -9999 -9999 -9999 -9999 -9999 -9999 -9999 -9999 -9999 -9999 -9999 28.4015513526069 28.7294476826986 29.0177483028836 29.1944936116536 29.3383502960205 29.3859945933024 29.4378708733453 29.4613015916612 29.6109547085232 29.5992745293511 29.5484841664632 29.6061373816596 29.8704569074843 30.1485546959771 30.3310987684462 30.3878627353244 30.4464049869114 30.5905547671848 30.6211990780301 30.6487329271105 30.8184901343452 31.0046901702881 31.1055586073134 31.1975354088677 31.3468481699626 31.4454924265544 31.3608163197835 31.494561513265 31.6243048773872 31.607400894165
-9999 -9999 -9999 -9999 -9999 -9999 -9999 -9999 -9999 -9999 -9999 -9999 -9999 -9999 -9999 -9999 -9999 -9999 -9999 28.0940555996365 28.3259663052029 28.9264325035943 29.1984547509087 29.2753673129612 29.3733957078722 29.5063228607178 29.6223589579264 29.7401727040609 29.7402095794678 29.7282464769151 29.7091708713108 29.785210079617 29.9572461446126 30.1186156802707 30.2448753780789 30.3391342163086 30.4640485975477 30.5262885623508 30.6391953362359 30.8845456441243 31.0694533454047 31.1508038838704 31.2583770751953 31.3298825158013 31.4387965732151 31.4992669423421 31.5521814558241 31.6726519266764 31.8030789693197
-9999 -9999 -9999 -9999 -9999 -9999 -9999 -9999 -9999 -9999 -9999 -9999 -9999 -9999 -9999 -9999 -9999 -9999 -9999 -9999 28.398932562934 28.9922262827555 29.2655209435357 29.3770383199056 29.4857476552327 29.6205361684163 29.7366600036621 29.8727840847439 29.9089071485731 29.9365855322944 29.9282644059923 29.9226095411513 30.0387335883247 30.2246343824599 30.4034235212538 30.4622133043077 30.4318211873372 30.5606918334961 30.6544528537326 30.9935455322266 31.2477499643962 31.27809715271 31.261190838284 31.3118430243598 31.5198260413276 31.7975870768229 31.9642380608453 31.9957779778375 32.0410035451253
-9999 -9999 -9999 -9999 -9999 -9999 -9999 -9999 -9999 -9999 -9999 -9999 -9999 -9999 -9999 -9999 -9999 -9999 -9999 -9999 28.3505647447374 28.9958729214138 29.4125450981988 29.4479476081 29.4412714640299 29.5529626210531 29.7659861246745 29.9034540388319 29.9573675791423 30.0197243160672 30.1140823364258 30.1844397650825 30.195241716173 30.27581999037 30.4679550594754 30.4934236738417 30.4138711293538 30.5715204874674 30.7091708713108 30.9614885118273 31.262356016371 31.3119739956326 31.3264808654785 31.3649872673882 31.5692727830675 31.9060022566054 32.1676203409831 32.2434590657552 32.1620644463433
-9999 -9999 -9999 -9999 -9999 -9999 -9999 -9999 -9999 -9999 -9999 -9999 -9999 -9999 -9999 -9999 -9999 -9999 -9999 -9999 28.2374345991347 28.7726550632053 29.3617897033691 29.4686340755886 29.4883513980442 29.4982766045464 29.6762008666992 29.947014702691 30.0467166900635 30.0459747314453 30.1412334442139 30.2200457255046 30.2170827653673 30.2061180538601 30.3164857228597 30.3615214029948 30.3812550438775 30.4819047715929 30.6630007425944 30.7858732011583 31.0088214874268 31.149407280816 31.2255477905273 31.3061343299018 31.5858294169108 31.9166386922201 32.2625571356879 32.3986981709798 32.2982364230686
-9999 -9999 -9999 -9999 -9999 -9999 -9999 -9999 -9999 -9999 -9999 -9999 -9999 -9999 -9999 -9999 -9999 -9999 -9999 -9999 27.974463780721 28.1695652008057 28.797997156779 29.0439883338081 29.3514317406548 29.5778121948242 29.7437485588921 30.0372420416938 30.1320665147569 30.0517802768283 30.0452726152208 30.1343203650581 30.3109232584635 30.4435257381863 30.5019075605604 30.5513990190294 30.533081902398 30.5634000566271 30.760385301378 30.9662611219618 31.1966200934516 31.4366177452935 31.5908362070719 31.7126140594482 31.935720231798 32.1499415503608 32.335717731052 32.4552703433567 32.4348536597358
