data/test_2003/bio7_avg_1994-2002.asc
NCOLS 664 
NROWS 380 
XLLCORNER 3.91666666666667 
YLLCORNER 55.3333333333333 
CELLSIZE 0.0416666666666667 
NODATA_value -9999 
[rows 132 to 153 of 380, columns 539 to 587 of 664]
38.8030645582411 38.8439470926921 38.8932736714681 38.973267449273 38.9465933905707 38.8959206475152 38.9319135877821 38.9656863742404 38.909235212538 38.8350045945909 38.9136623806424 39.0687628851997 39.2629750569661 39.3309644063314 39.4140667385525 39.4940579732259 39.5260484483507 39.4260368347168 39.4482493930393 39.4180153740777 39.3495623270671 39.217778523763 39.2355490790473 39.2768787807888 39.0835405985514 38.6350890265571 38.2475301954481 38.3364117940267 38.6644070943197 38.9141794840495 39.1146185133192 38.987057156033 38.9150513543023 38.615845574273 38.2605497572157 38.4225862291124 38.905957116021 39.1711048550076 39.2464764912923 39.4360690646701 39.463439517551 39.6623670789931 39.9190711975098 39.9197747972276 39.9858118693034 40.1515680948893 40.1157078213162 40.1074049207899 40.1168785095215
38.9801962110731 38.9135576883952 38.9433636135525 39.1122805277506 39.0643085903592 38.9678921169705 38.9568095737033 39.0279490152995 39.1373096042209 39.2156211005317 39.248661465115 39.2345915900336 39.2907435099284 39.350895775689 39.3759346008301 39.4343117607964 39.3491291469998 39.2323913574219 39.2725435892741 39.3353614807129 39.3839586046007 39.3947635226779 39.3579987419976 39.2803480360243 39.1800295511881 39.0210452609592 38.8291698031955 38.884407043457 38.8320880466037 38.8815468682183 39.0545616149902 39.0422418382433 39.0032577514648 38.8567615085178 38.6978619893392 38.7500754462348 38.9658432006836 39.2273881700304 39.3044899834527 39.4713702731662 39.4920272827148 39.4851303100586 39.8324525621202 40.003778245714 40.1222118801541 40.2106132507324 40.0694215562608 39.9166759914822 39.8034850226508
39.1026640997993 38.9987246195475 38.9681205749512 39.0890723334418 39.0842458936903 39.0554194980197 39.0634829203288 39.1813231574165 39.2996067470974 39.411796145969 39.456108517117 39.4942003885905 39.4074020385742 39.2912707858615 39.3138063218858 39.3745642768012 39.307320912679 39.3560786777072 39.4292814466688 39.4549285040961 39.4654646979438 39.4259711371528 39.2471156650119 39.1869290669759 39.127630021837 39.066109975179 38.8992555406358 38.7475111219618 38.7562141418457 39.0293600294325 39.0180608961317 38.6236517164442 38.409241994222 38.6723416646322 38.760508219401 38.9073414272732 39.0946189032661 39.3045616149902 39.4478382534451 39.2608922322591 39.2423922220866 39.4816699557834 39.7782804701063 39.9788903130425 40.0981669955783 40.0163235134549 39.7773556179471 39.5855022006565 39.5238681369358
38.9833518134223 38.9341150919596 38.9333229064941 39.0454211764865 39.0486289130317 39.0665033128526 39.0968221028646 39.1782531738281 39.19568294949 39.2337472703722 39.3177769978841 39.3244743347168 39.2827271355523 39.180980682373 39.2370096842448 39.3681504991319 39.3810704549154 39.4055451287164 39.3886871337891 39.3296063741048 39.3194143507216 39.3171780904134 39.1451216803657 39.061954498291 39.195676167806 39.1782870822483 39.0093417697483 38.88261879815 38.8016726175944 38.9025056627062 38.8713383144803 38.6561703152127 38.6534470452203 38.9492577446832 39.0649316575792 39.1601621839735 39.2638359069824 39.4212892320421 39.4382972717285 39.3175264994303 39.1829783121745 39.4355422125922 39.7196634080675 39.8904474046495 40.0127889845106 39.9549238416884 39.8710712856717 39.7138832939996 39.5651414659288
38.8804842631022 38.8539488050673 38.9554138183594 39.0128796895345 39.0383440653483 39.0918078952365 39.0674968295627 39.0805163913303 39.2059805128309 39.2765884399414 39.2918904622396 39.3049706353082 39.2064959208171 39.1355760362413 39.1815456814236 39.2652935451931 39.2881524827745 39.3239000108507 39.3298691643609 39.329172346327 39.3666970994737 39.3821644253201 39.2449052598741 39.1716473897298 39.2206115722656 39.2682406107585 39.1972045898438 38.9932793511285 38.9431317647298 39.0169851515028 38.9339472452799 38.8575803968642 38.8527645534939 38.9212837219238 39.0151329040527 39.1889839172363 39.3588324652778 39.4242388407389 39.3656455145942 39.2039388020833 38.9546767340766 39.0458602905273 39.2539338005914 39.5762286716037 39.8091909620497 39.7855224609375 39.7554507785373 39.6987109714084 39.5975257025825
38.9353959825304 38.8817833794488 38.9459491305881 39.0305586920844 39.1907263861762 39.3006697760688 39.2341690063477 39.1756676567925 39.2749455769857 39.317204369439 39.2922244601779 39.3507999844021 39.3462655809191 39.2857280307346 39.1994154188368 39.2122141520182 39.2436790466309 39.2662540011936 39.2697190178765 39.2598503960503 39.2650922139486 39.2747056749132 39.2735777960883 39.2004513210721 39.1331002977159 39.1150839063856 39.107290479872 38.9163856506348 38.8917028639052 38.8332426283095 38.6698930528429 38.5069864061144 38.6356379191081 38.8346421983507 39.036001417372 39.1573592291938 39.0951622856988 39.248966217041 39.2196583218045 38.9916835361057 38.7854868570964 38.9086227416992 39.1246486239963 39.2904518975152 39.4740337795681 39.5845667521159 39.621161142985 39.5422024197049 39.4116863674588
38.9249721103244 38.9500613742404 39.0613733927409 39.195797390408 39.3146633572049 39.3468636406793 39.2301750183105 39.1330413818359 39.1336873372396 39.2520446777344 39.3516714307997 39.3748537699381 39.3211441040039 39.214104546441 39.1808412339952 39.264466603597 39.3125389946832 39.24816470676 39.2224574618869 39.19408331977 39.1812642415365 39.1894683837891 39.2031389872233 39.1701418558756 39.0673679775662 38.9930373297797 38.9462653266059 38.8670463562012 38.7056054009332 38.7908325195312 38.6547249688043 38.558172861735 38.611400604248 38.7693345811632 38.8533113267687 38.8110694885254 38.7106047736274 38.7825826009115 38.7647823757596 38.8180944654677 38.8780754937066 38.9722743564182 39.1069196065267 39.2028995090061 39.2584330240885 39.3480542500814 39.4162080552843 39.3599179585775 39.3000708685981
38.9069938659668 38.9472295973036 39.0376866658529 39.1325882805718 39.1986003451877 39.1388354831272 39.0741818745931 39.0886387295193 39.1279843648275 39.2606620788574 39.3480059305827 39.3273489210341 39.2275801764594 39.1051453484429 39.0862668355306 39.2176089816623 39.2991752624512 39.315850575765 39.280083126492 39.2167604234483 39.0432150099013 38.9851209852431 39.0624771118164 39.0585005018446 39.0207477145725 38.8536601596408 38.7981274922689 38.7745967441135 38.845285627577 38.8968666924371 38.8271115620931 38.6995802985297 38.6822725931803 38.6364703708225 38.4715160793728 38.6074473063151 38.4318220350477 38.3993097941081 38.5841314527724 38.8453962537977 38.9644393920898 38.9874827067057 39.0234141879612 38.995788998074 38.9952778286404 39.0310982598199 39.0592545403375 39.0691867404514 39.0782305399577
38.9761276245117 38.9941753811306 39.0424448649089 39.0191582573785 39.0603154500326 39.0859188503689 39.1381874084473 39.2149022420247 39.2751706441244 39.3052813212077 39.2478959825304 39.180734846327 39.1522390577528 39.1464089287652 39.1463589138455 39.1969744364421 39.2467007107205 39.3217616611057 39.3399336073134 39.2927712334527 38.9989420572917 38.7283265855577 38.8258158365885 38.9939715067546 38.9092360602485 38.933836195204 38.8895475599501 38.7883682250977 38.8063028123644 38.7691235012478 38.6155014038086 38.4352120293511 38.4491437276204 38.4342748853895 38.4852727254232 38.5958230760362 38.4681527879503 38.415150112576 38.6301447550456 38.9589195251465 39.0774701436361 39.0995780097114 38.9972402784559 38.8784590827094 38.773011525472 38.5648104349772 38.5165231492784 38.5877897474501 38.7061687045627
38.9812596638997 39.0268982781304 39.1689787970649 39.1452831692166 39.1255866156684 39.1516693962945 39.1884172227648 39.1976089477539 39.2228012084961 39.1818974812826 39.0873425801595 39.0341182284885 39.0897852579753 39.1747834947374 39.1860059102376 39.2056732177734 39.2275611029731 39.2507820129395 39.295782301161 39.3083368937174 39.1564483642578 38.9253141615126 38.8038215637207 38.9516626993815 39.0915052625868 39.06023534139 38.9822998046875 38.8621410793728 38.7722045050727 38.5707143147786 38.3443336486816 38.2632870144314 38.3395733303494 38.4529681735569 38.5523609585232 38.5788671705458 38.4551497565375 38.5456547207303 38.7059360080295 38.8782204522027 38.9500571356879 38.9725630018446 38.8315120273166 38.632682800293 38.3111885918511 38.3114085727268 38.5755683051215 38.7508392333984 38.6398883395725
39.0195240444607 39.0189056396484 39.1853985256619 39.3158912658691 39.2894948323568 39.2053209940592 39.2162577311198 39.2231953938802 39.1496887207031 39.1070111592611 39.144053141276 39.1064287821452 39.0376938713921 39.0907342698839 39.2122209337023 39.2657080756293 39.3218612670898 39.300237443712 39.255500793457 39.1547656589084 39.0891409979926 39.0667559305827 38.9862815009223 39.0062514411079 39.0257771809896 38.9230787489149 38.8883828057183 38.8736864725749 38.8083224826389 38.6647351582845 38.2558165656196 38.5135650634766 38.5837554931641 38.5626021491157 38.5829946729872 38.5567190382216 38.5259988572862 38.588612874349 38.4898918999566 38.3845070732964 38.2991197374132 38.3408465915256 38.3221270243327 38.2651846143934 38.0820193820529 38.2304522196452 38.5451528761122 38.8202963935004 38.8229955037435
39.1353607177734 39.0848642985026 39.1379237704807 39.2020933363173 39.1342642042372 39.0148781670464 39.0461582607693 39.16455078125 39.1189422607422 39.1348440382216 39.1895866394043 39.0589964124892 38.9368502298991 38.9711494445801 39.1027810838487 39.1446342468262 39.1384891933865 39.2319005330404 39.1959754096137 39.082273695204 39.0512398613824 39.043325636122 38.9687525431315 38.9119572109646 38.9502745734321 38.8845901489258 38.7060186598036 38.5905562506782 38.5364273919 38.5751889546712 38.5326156616211 38.340266333686 38.5083588494195 38.6040674845378 38.6180564032661 38.6036025153266 38.5700352986654 38.4631360371908 38.3117913140191 38.2906689114041 38.1891042921278 38.1288710700141 38.2321942647298 38.3364054361979 38.1841710408529 38.3570535447862 38.5874968634711 38.7588263617622 38.7697143554688
39.0632002088759 39.0410478379991 39.1006724039714 39.0554084777832 38.9741427103678 38.951101091173 38.9156150817871 38.9490165710449 38.9735302395291 39.0084529452854 38.9977870517307 38.9213417900933 38.8568979899089 38.9151178995768 39.0542318556044 39.0724521213108 39.0915624830458 39.1480072869195 39.1493407355415 39.055118560791 38.9924498664008 38.8754497104221 38.7676675584581 38.7954419453939 38.9134390089247 38.8683242797852 38.6494314405653 38.370982699924 38.1903127034505 38.1594212849935 37.8480826483832 38.0980796813965 38.3245192633735 38.4526443481445 38.3757870992025 38.1420419481066 38.0020722283257 37.145214928521 37.3959121704102 38.0595003763835 38.227975209554 38.1462296379937 38.2275933159722 38.198735555013 38.185434129503 38.4378759596083 38.6156179640028 38.5613577100966 38.4670986599392
38.9470405578613 38.9754524230957 38.9847543504503 38.9749437967936 38.962468041314 38.988658481174 38.9917377895779 38.9765942891439 38.9272295633952 38.9696189032661 39.024653116862 38.982799106174 38.9151674906413 38.9457554287381 38.9607887268066 38.8442683749729 38.8153042263455 39.0085593329536 39.0689277648926 39.0412949456109 38.9674407111274 38.9106831020779 38.8843599955241 38.8629252115885 38.9650455050998 38.9605009290907 38.7861781650119 38.4785211351183 38.1984197828505 38.0400958591037 37.4591051737467 37.3314476013184 37.7264578077528 38.0309995015462 37.7059614393446 37.3707016838921 37.2096638149685 36.8028477562798 37.371588812934 37.9567739698622 38.2037357754178 38.1471430460612 37.8838840060764 37.8801795111762 38.224476284451 38.276921166314 38.274403889974 38.295889960395 38.418706258138
38.999766031901 39.0191900465224 39.072390238444 39.110479566786 39.0667932298448 39.1048817104763 39.0327470567491 39.0019488864475 39.0129275851779 38.9916733635796 39.0235201517741 39.0166986253526 38.9458791944716 38.9466141594781 38.9313502841526 38.89519627889 38.8030429416233 38.7264450920953 38.7982902526855 38.950138092041 39.0624283684625 39.0459187825521 39.0050536261665 38.971743689643 38.8988778856066 38.8122338189019 38.7255901760525 38.5922813415527 38.2856356302897 38.0723258124457 37.912350124783 37.8430396185981 37.9252836439345 37.9426862928602 37.6881362067329 37.4251403808594 36.9017007615831 36.9867055681017 37.4521539476183 37.7304924858941 37.8981641133626 37.8991678025987 37.9557283189562 38.0136227077908 38.2048496670193 38.1741879781087 38.1145269605849 38.2344207763672 38.4143142700195
39.1347147623698 39.1513710021973 39.0849160088433 39.0749058193631 39.0240046183268 39.0366600884332 38.981760236952 38.9139713711209 38.9230702718099 39.0092832777235 39.0543869866265 39.0194892883301 38.9605929056803 38.9061402214898 38.9059100680881 38.8803460862901 38.8085594177246 38.7638863457574 38.8769895765517 38.9358707004123 38.9418631659614 38.9202651977539 38.9177474975586 38.7561158074273 38.668707953559 38.735966152615 38.7463370429145 38.6580403645833 38.5048535664876 38.3983336554633 38.1095932854546 37.9635187784831 37.8592224121094 37.6952629089355 37.5396453009711 37.0755805969238 36.5568474663628 36.8052291870117 37.1767200893826 37.3615447150336 37.4272592332628 37.429860856798 37.6546851264106 37.8421779208713 37.8638894822862 37.849676767985 37.9626477559408 37.9369515313043 37.8517011006673
39.0243326822917 39.0484407212999 38.9543312920464 38.8882179260254 38.8523284064399 38.861328125 38.9356604682075 38.9673258463542 38.9527693854438 38.9553379482693 38.9270307752821 38.9453904893663 38.960639529758 38.9323336283366 38.8684700859918 38.849052005344 38.8669679429796 38.8031044006348 38.778798421224 38.7264912923177 38.7066298590766 38.7141677008735 38.79132715861 38.7618230183919 38.6656498379178 38.6396993001302 38.6564165751139 38.5686882866753 38.3854052225749 38.0856755574544 37.888616349962 37.7906663682726 37.7460488213433 37.7691747877333 37.7293739318848 37.2655737135145 36.8399954901801 36.6970846388075 36.8581750657823 37.0721516079373 37.1381293402778 37.3121083577474 37.4891976250543 37.5876193576389 37.4553739759657 37.584720187717 37.8401027255588 37.9092606438531 38.0019755893283
38.8886159261068 38.9446254306369 38.9375233120388 38.8659765455458 38.7908749050564 38.8042182922363 38.8837814331055 38.9335708618164 38.9455786810981 38.9116134643555 38.8370085822211 38.8050689697266 38.7349082099067 38.6674139234755 38.6443629794651 38.6919793023003 38.7262619866265 38.6787685818142 38.5961621602376 38.5695567660862 38.5758395724826 38.6374020046658 38.6711315578885 38.6848615010579 38.6981463962131 38.660765753852 38.6598294576009 38.5766694810655 38.2228444417318 38.1392423841688 37.9809714423286 37.7515903049045 37.601320054796 37.7568617926704 37.5311033460829 37.0457905663384 36.5018107096354 36.3822750515408 36.7431839836968 36.8747596740723 36.9450005425347 37.1214656829834 37.4290423923069 37.5121743943956 37.6095258924696 37.7508773803711 37.6762233310276 37.5664592319065 37.5966936747233
38.9235653347439 38.9825850592719 38.9602728949653 38.8806241353353 38.8071992662218 38.8822191026476 38.9576822916667 38.9020364549425 38.8859439425998 38.8545574612088 38.7989857991536 38.7571919759115 38.6465093824599 38.6011611090766 38.5833668178982 38.6215739780002 38.6660024854872 38.6642095777724 38.6295267740885 38.646844651964 38.6312734815809 38.57085969713 38.4927130805122 38.5470123291016 38.6226442125108 38.5271661546495 38.345464070638 38.3859850565592 38.3433952331543 38.2430267333984 38.0999929640028 37.8045149909125 37.7419255574544 37.7618844774034 37.354611714681 36.5442297193739 36.2162649366591 36.4751811557346 36.8123168945312 36.8845651414659 36.9537010192871 36.9330609639486 37.1190870073107 37.2385054694282 37.4356786939833 37.6530320909288 37.7216775682237 37.6849899291992 37.7883012559679
39.0922923617893 39.0325436062283 38.9652404785156 38.8526039123535 38.8377452426487 38.8868857489692 38.9080284966363 38.8140576680501 38.8200870090061 38.8992784288194 38.8947406344944 38.8279821607802 38.8238894144694 38.7784635755751 38.6063715616862 38.5502785576714 38.5484097798665 38.616761525472 38.6731130811903 38.7032436794705 38.7320399814182 38.6607602437337 38.5494066874186 38.5909411112467 38.5622528923882 38.3748991224501 38.0990994771322 38.140633477105 38.2679456075033 38.3237020704481 38.2319022284614 37.9938820732964 37.8109720018175 37.5313479105631 37.3105625576443 36.6284463670519 36.5498699612088 36.6551528506809 36.7435463799371 36.3523854149712 36.1692242092556 36.4767294989692 36.6815677218967 37.0335159301758 37.3658311631944 37.6240785386827 37.857799106174 37.8937424553765 37.8425763448079
39.0414644877116 39.0016157362196 38.9275453355577 38.9183616638184 38.8780699835883 38.8915540907118 38.8899273342556 38.8376337687174 38.8906750149197 38.9515546162923 38.9651633368598 38.9081056382921 38.9159363640679 38.8637686835395 38.6947089301215 38.6060964796278 38.6099268595378 38.7044253879123 38.8255886501736 38.8467534383138 38.7816954718696 38.733329349094 38.7207667032878 38.5802023145888 38.318305545383 38.2941873338487 38.1545130411784 38.0788379245334 38.1476088629829 38.287045372857 38.331371307373 38.0605854458279 37.8826883104112 37.7185910542806 37.3362935384115 37.043773651123 36.9590280320909 36.8462363349067 36.4414422776964 36.0406479305691 36.0078557332357 36.2479515075684 36.596492767334 36.7788098653158 36.6702043745253 37.1613436804877 37.5788091023763 37.7847196790907 37.898627811008
38.893303765191 38.924020131429 38.936514960395 38.9978989495171 38.9770601060655 39.019777086046 38.9464950561523 38.8825437757704 38.9265950520833 38.98027504815 38.9689191182454 38.8335609436035 38.7839825948079 38.7210689120822 38.6901592678494 38.7103576660156 38.6558888753255 38.6667552524143 38.8393982781304 38.8729298909505 38.7562404208713 38.6503423055013 38.5970141092936 38.5299084981283 38.4236916436089 38.3979199727376 38.2748146057129 38.0601531134711 38.0254927741157 38.1543871561686 38.2530585394965 38.0179540846083 37.8428476121691 37.7622786627875 37.2766901652018 37.1715460883247 36.8752992418077 36.7062089708116 36.4660057491726 36.1764678955078 36.2113783094618 36.3876209259033 36.6358608669705 36.6827701992459 36.4048012627496 36.8941673702664 37.2927093505859 37.7081396314833 37.9364598592122
