data/test_2003/bio8_avg_1994-2002.asc
NCOLS 664 
NROWS 380 
XLLCORNER 3.91666666666667 
YLLCORNER 55.3333333333333 
CELLSIZE 0.0416666666666667 
NODATA_value -9999 
[rows 352 to 373 of 380, columns 490 to 538 of 664]
12.7460250324673 12.7609185112847 12.7601822747125 12.6925575468275 12.6049326790704 12.595751868354 12.5789417160882 12.5639838112725 12.5388029416402 12.5594744682312 12.5874478022257 12.6354644033644 12.6336285273234 12.6335707240634 12.5996610853407 12.6138994958666 12.6177674929301 12.6048205693563 12.6246888902452 12.6378162701925 12.6593879063924 12.6485155423482 12.6561889118618 12.6701129277547 12.6749993430244 12.6365530755785 12.6025506655375 12.6024747954475 12.1223317782084 12.1512530644735 12.1445446544223 12.2072438663907 12.2779431872898 12.3448645273844 12.3806686931186 12.4217267566257 12.4987104203966 12.4847312503391 12.3854187859429 12.3162544038561 12.2694606251187 12.2168148888482 12.2193539407518 11.3887979719374 11.3888188468085 11.3770617908902 11.3304118580288 11.3189431296455 11.3170301119486
12.8114604420132 12.8227841059367 12.8389224476284 12.8011351161533 12.7135696411133 12.646967569987 12.6398472256131 12.5945038265652 12.5645684136285 12.5618179109361 12.6127129130893 12.6673277748956 12.680312315623 12.6891492737664 12.6662823359172 12.6441558731927 12.6306224928962 12.6287181112501 12.6218514442444 12.6286136839125 12.6360429128011 12.6380647553338 12.6418630811903 12.6584011183845 12.6581983566284 12.6212547620138 12.592236995697 12.1886495484246 12.1749957932366 12.2296385235257 12.2202071613736 12.2437387572394 12.2580852508545 12.3024318483141 12.3523608843486 12.3784644868639 12.3691601223416 12.3568194707235 12.2813676728143 12.274360232883 12.2809822294447 12.284419324663 12.2375600602892 12.2224782307943 12.2179155349731 12.1872043609619 11.3432131343418 11.3320719401042 11.296337445577
12.865266111162 12.8556865056356 12.8264777925279 12.7666756841871 12.7350960307651 12.7207760810852 12.6817889213562 12.6864318317837 12.6620376374986 12.6551245583428 12.7051631609599 12.7104503843519 12.6855145560371 12.6531721221076 12.6820884810554 12.6594493654039 12.6387359831068 12.6169119411045 12.6272354125977 12.6374112764994 12.64195728302 12.6476142671373 12.6519818835788 12.6570600933499 12.6357674598694 12.6260308159722 12.6129604445563 12.6404829555088 12.2110674116347 12.2278759214613 12.2414994239807 12.2419372134739 12.2405979368422 12.2893324957954 12.3254595862495 12.3083865907457 12.2843507130941 12.2919446627299 12.2479829258389 12.2149101363288 12.2109485202365 12.2285426987542 12.2514696121216 12.2621007495456 12.2221389876472 12.2054367595249 12.2294560008579 12.2214564747281 12.1406427489387
12.8809979756673 12.8904410468207 12.8904773394267 12.8134758737352 12.7778077655368 12.8008069462246 12.8112868732876 12.7932487063938 12.7703216340807 12.7405052185059 12.7502806451586 12.7078692648146 12.6430877579583 12.6130465931363 12.6458209355672 12.6824463738335 12.6921094258626 12.6542906761169 12.6288421948751 12.6359124183655 12.6513531472948 12.6631642447578 12.6615825229221 12.6741632885403 12.6654109425015 12.6503619088067 12.2214126586914 12.2355720731947 12.2308426962958 12.2475947803921 12.8931273354424 12.2890991634793 12.9255634413825 12.9171517160204 12.2791510687934 12.285123984019 12.2770971192254 12.2841075261434 12.2368948724535 12.205979347229 12.1859522395664 12.1900730133057 12.2192311816745 12.2763153182136 12.2806585629781 12.283372508155 12.3111921416389 12.283375898997 12.1937076780531
12.949618074629 12.9292695257399 12.8855134116279 12.8599792056614 12.8521489037408 12.8561704953512 12.8507103390164 12.8355467054579 12.8094197379218 12.8117377493117 12.7738421228197 12.7563251389398 12.6992529233297 12.6346991856893 12.6423676808675 12.6928507486979 12.6994823349847 12.6620397567749 12.6642269558377 12.6574509938558 12.6552676624722 12.6796027819316 12.2979252603319 12.7044517199198 12.2763537830777 12.2842345237732 12.2678932613797 12.9021644062466 12.2629142337375 12.235239399804 12.2503798802694 12.8891464869181 12.8870404561361 12.8813787036472 12.255435095893 12.2281576792399 12.1839169926114 12.20100985633 12.2305471632216 12.2208993699816 12.2295481893751 12.2201222313775 12.2232150501675 12.2584560712179 12.2819929652744 12.249086327023 12.2238160769145 12.1941094928318 12.1738098462423
12.9973502159119 12.9732094340854 12.9332905345493 12.900408744812 12.8844900131226 12.8730152977837 12.8653189871046 12.8409557342529 12.8311109542847 12.8219328986274 12.7771070798238 12.7904850112067 12.7861591445075 12.750203344557 12.6956555578444 12.6602189275954 12.6554482248094 12.6680113474528 12.6575373013814 12.7000263532003 12.7117005454169 12.7075966199239 12.3052244186401 12.3087524308099 12.308428923289 12.3184756702847 12.381336900923 12.4229388766819 12.9800915718079 12.2704399956597 12.267227490743 12.2554964489407 12.8747397528754 12.8641238742405 12.8458651966519 12.1874134275648 12.8410233921475 12.2085056304932 12.8363295661079 12.197079287635 12.2104771931966 12.2254308594598 12.2303099632263 12.2398560312059 12.2819948196411 12.2263557116191 12.1798484590318 12.1318802833557 12.1261345015632
13.0123026635912 13.0142057736715 12.9778130849202 12.9377905527751 12.907546043396 12.8843381669786 12.8386862013075 12.8254783418443 12.8143450948927 12.8251376681858 12.8141481081645 12.7915259467231 12.7837927076552 12.7920592625936 12.7314369413588 12.6719998783535 12.6341924667358 12.658829636044 12.6759111086528 12.675585269928 12.7010372479757 12.3247696028815 12.3441952599419 12.3329734272427 12.323085308075 12.3230487505595 12.363901509179 13.0325536727905 13.0117437574599 12.9403412077162 12.93693918652 12.9259067111545 12.9248744646708 12.2874988449944 12.2955085966322 12.8898803393046 12.2322870890299 12.8168402247959 12.8092095586989 12.8475044038561 12.2437692748176 12.2487139172024 12.2296586566501 12.2274922794766 12.2771034770542 12.2282702657912 12.1787095599704 12.1653831799825 12.1473903656006
13.0324008729723 13.0259629885356 13.0067105823093 12.951383749644 12.8838349978129 12.8577673700121 12.869626098209 12.8485956721836 12.8294914033678 12.8612760967678 12.8616318702698 12.8082630899217 12.7745980686612 12.7564144134521 12.7684529092577 12.7486396895515 12.7186041937934 12.693976243337 12.2897663116455 12.2998391257392 12.3006529808044 12.3240594334073 12.3351338174608 12.3712841139899 12.3486935827467 12.3271406491597 12.3501055505541 13.0047407680088 12.9653118981255 12.3172232309977 12.3150029712253 12.9315411249797 12.3390075895521 12.3484171231588 12.3262845675151 12.2973512013753 12.8624779913161 12.1978542539808 12.8194494777256 12.2253206570943 12.2600910928514 12.2395280732049 12.227409362793 12.206698152754 12.2356164720323 12.2471268971761 12.2292144563463 12.1994336975945 12.1589124467638
13.0104994773865 12.9992756843567 12.9955340491401 12.9512736002604 12.9269393285116 12.9002339575026 12.8772333463033 12.8567501703898 12.8578230010139 12.8692666689555 12.8742268350389 12.8281114366319 12.7956253687541 12.7758066389296 12.7900614738464 12.8048350546095 12.8039789729648 12.3731288909912 12.3580174446106 12.3791279792786 12.3669053183662 12.3612747192383 12.3377025922139 12.3717429902818 12.3741541968452 12.3636764950222 12.3965317938063 12.3939799732632 12.3712798754374 12.3603576024373 12.3231389787462 12.3502167595757 12.3263315094842 12.9638922479418 12.9708358446757 12.3180263307359 12.9058178795709 12.2763294643826 12.8581342167324 12.2501870791117 12.2430052757263 12.2326383590698 12.2221967379252 12.1979781786601 12.1922776963976 12.2030954890781 12.2186829249064 12.2244470914205 12.2166559961107
13.0412650638156 13.0571818351746 13.051098452674 13.0030894809299 12.9464136229621 12.9201822280884 12.8847658369276 12.8762379752265 12.8731179767185 12.8548866377936 12.8414138158162 12.8509965472751 12.8286531766256 12.8014211124844 12.7976702584161 12.809474574195 12.8183164596558 12.826343483395 12.4050834443834 12.4121203952365 12.43819448683 12.4189352989197 12.4018268585205 12.3993134498596 12.4459111425612 12.4472494125366 12.4699211120605 12.4462228880988 12.4293388790554 12.4139362441169 13.0162941614787 12.9734772046407 12.9460673862033 12.2773639361064 12.2857627338833 12.9488096237183 12.3023830519782 12.8720996114943 12.8242260085212 12.1992018487718 12.1756233639187 12.2013036939833 12.8733986748589 12.2384426328871 12.2537529203627 12.2281741036309 12.1836326387193 12.2170902358161 12.2178076638116
13.0882519616021 13.0948645803663 13.0714032385084 13.0165348582798 12.9556660122342 12.9193898836772 12.9061506059435 12.9132817586263 12.9041165245904 12.8621365759108 12.8402313126458 12.8521043459574 12.8161992496914 12.7515539593167 12.7769079738193 12.7848551538255 12.7853948275248 12.8159346050686 12.4188901583354 12.4301498201158 12.4349653985765 12.4281509187486 12.4421730041504 12.4414760801527 12.4704085985819 12.4626003371345 13.0524436102973 13.032414065467 12.3962864875793 12.371589395735 12.3839292526245 12.967778523763 12.3029793103536 12.2788009113736 12.2736495865716 12.9055884679159 12.2663655281067 12.8454084396362 12.2000439961751 12.1433280309041 12.0928339958191 12.106192111969 12.1188091701931 12.1726853052775 12.2020433743795 12.2585122320387 12.2413224114312 12.2224742571513 12.2653296258714
13.0795362790426 13.0660297075907 13.0162270334032 12.9950171046787 12.9441033999125 12.9006710582309 12.8985719680786 12.9027693536546 12.9006708463033 12.8917566935221 12.8724558088515 12.8437303966946 12.7904861238268 12.7682053248088 12.7499239709642 12.7559395366245 12.802546872033 12.8404886987474 12.8179853757222 12.7937783665127 12.4118098682827 12.4635892444187 12.4683713912964 12.4354166454739 12.4517205556234 12.4555064837138 13.0705102284749 12.437522676256 12.408567375607 12.9725632137722 12.3710279994541 12.3488135867649 12.3048218621148 12.2625332408481 12.8591929541694 12.2609423001607 12.265533235338 12.2444943322076 12.2138257556491 12.1403427124023 12.0813779830933 12.0324132177565 12.0153004858229 11.9422616428799 11.9417412016127 12.0719616148207 12.1732354693943 12.2356361283196 12.2661109500461
13.0861531363593 12.3053803973728 13.0043098661635 12.2263428370158 12.9449108441671 12.1936755180359 12.1729715135362 12.1728603574965 12.8898911476135 12.908562236362 12.8959392441644 12.8752083248562 12.8526249991523 12.806560728285 12.7576807869805 12.7657641304864 12.8219218254089 12.8714869817098 12.8646817207336 12.8375058174133 12.446136103736 12.4669528007507 12.463014125824 12.4520234002007 12.4564405017429 12.4375242657132 13.0399836434258 12.436802122328 12.3975891537136 12.37578397327 12.3838304943509 12.3172843191359 12.858371787601 12.284784634908 12.934743669298 12.3122104008993 12.2850712140401 12.2541543112861 12.2216076850891 12.1562463442485 12.1287365489536 12.1084865993924 12.0766064325968 12.0091711150275 12.0009947882758 12.0694851875305 12.1478146447076 12.2256867090861 12.2102992799547
12.3388850424025 12.2927639219496 12.2601236767239 12.1802989112006 12.1110665533278 12.1440564261542 12.1374905904134 12.1527030732897 12.8662229114109 12.8802562289768 12.9001636505127 12.9074267281426 12.8989118470086 12.8743228912354 12.8432150416904 12.8493671417236 12.8762596448263 12.8900407155355 12.8442667855157 12.808566570282 12.4229069815742 12.4041687647502 12.3941751586066 12.4290751351251 12.4347900284661 12.4344301753574 12.4483671718174 12.4160818523831 12.3986852963765 13.0251999431186 12.404707007938 12.3332363234626 12.2750993304782 12.9128312534756 12.3832368850708 12.411700937483 12.2636466556125 12.2152214580112 12.2215375370449 12.1693351533678 12.1744657622443 12.1500411563449 12.1182830598619 12.1332658131917 12.1241001023187 12.1560456487868 12.1937269634671 12.166255791982 12.13300620185
12.3514632648892 12.3109618822734 12.2545342975193 12.1615141232808 12.0839756859673 12.0708816316393 12.0780840449863 12.124397277832 12.1073773701986 12.8290620379978 12.8589809735616 12.899348894755 12.8848283025954 12.8422331809998 12.8429721196493 12.8882289992438 12.915486017863 12.8454837269253 12.8215557204352 12.8448865678575 12.8460694419013 12.4110139740838 12.3620773951213 12.414793226454 12.433879799313 12.4555588298374 12.4468675719367 12.4541760020786 13.047767162323 12.4193119472928 12.4095838864644 12.4021516905891 12.9728461371528 12.9764120843675 12.4498644404941 13.0441858503554 12.9394142892626 12.8913832770454 12.1944306161669 12.1873870955573 11.4190167321099 11.3345005777147 11.3462808397081 11.4000616603427 11.3666568332248 11.3536222775777 11.2726316981845 11.2464991675483 11.3124406072829
12.3279674318102 12.2784186999003 12.1866483688354 12.1153222190009 12.0557738939921 12.0541514290704 12.0820846557617 12.1303139792548 12.1710613568624 12.1839575767517 12.1945645544264 12.2009563446045 12.869930267334 12.8312550120884 12.1493167877197 12.9181279606289 12.9030827416314 12.8475192387899 12.8277330928379 12.8455031183031 12.8432728979323 12.8378575113085 13.0572864744398 13.0670474370321 12.4370436138577 12.467205842336 12.4744051827325 12.4887892935011 12.4718400637309 12.4077798525492 12.438016043769 13.0406924353706 12.44174724155 13.1528072886997 12.5427888764275 12.5152000851101 13.1041618982951 12.4100233183967 12.3133230209351 12.2594387266371 12.1290353669061 11.447493924035 11.4536502626207 11.3866210513645 11.3783327738444 11.329303794437 11.2588300704956 11.2783924208747 11.3115106688605
12.320693704817 12.299135684967 12.2433551682366 12.1598709954156 12.1030534638299 12.1109025213454 12.1286036703322 12.1566748089261 12.1900793711344 12.2141509056091 12.207147916158 12.8506747351752 12.1254380544027 12.1507680151198 12.1101721127828 12.8266936937968 12.8592724270291 12.8468880653381 12.8319111929999 12.8345640500387 12.8302537600199 12.8274253209432 12.8175646993849 12.4668222533332 12.5225783983866 12.5644823710124 12.5594237115648 13.1350946956211 12.4973064528571 12.4012845887078 12.3445960680644 12.399463335673 13.1539871957567 12.5848273701138 12.5810455746121 12.5912087228563 12.5777422587077 13.0465931892395 12.3239936298794 12.2854901419746 12.2077272733053 11.5656721856859 11.4907968309191 11.3749585151672 11.361193868849 11.3520964516534 11.3052505917019 11.3552491399977 11.3336919678582
12.4055684937371 12.3877780702379 12.3062097231547 12.1965675883823 12.1612955199348 12.1439499325222 12.1343818770515 12.1571100552877 12.1562823189629 12.9079964955648 12.8753577868144 12.1005925072564 12.1150088840061 12.1277961201138 12.7888344128927 12.762814839681 12.8064986334907 12.8158863915337 12.7961631880866 12.8188841607836 12.8177536858453 12.8070669704013 12.4280796580844 12.4682439168294 12.5228536393907 12.5570928255717 12.5589612325033 12.5061631732517 13.1133596102397 12.4598263634576 12.411620510949 12.4069708718194 12.5118766890632 13.2078199386597 12.5735994974772 12.6062546836005 12.5241692331102 12.4320095380147 12.3159236907959 11.5855903625488 11.5363501972622 12.1843254301283 11.480684545305 11.3448510699802 11.3555368317498 11.3665924602085 11.4063376320733 11.4126983748542 11.3662436803182
12.6371975474887 12.6049824820624 12.4218045340644 12.2569966846042 12.1829295158386 12.1749369833204 12.1381290223863 12.1025808652242 12.1271799935235 12.1273352305094 12.1154686609904 12.0914322535197 12.7832096417745 12.8098894755046 12.8170882331 12.791472170088 12.0939154624939 12.094175391727 12.7873652776082 12.7995267974006 12.7535402509901 12.7665907541911 12.4251492818197 12.484454896715 12.4954646428426 12.5272149509854 12.4970394240485 12.4450861083137 12.4684657520718 12.4498456319173 12.3940403726366 13.0134205818176 13.1036714977688 12.5497360759311 11.8704009056091 11.8756723403931 11.8323511017693 11.6207335789998 12.1135198805067 12.1068829430474 11.4659557872348 11.5251530541314 11.5053134494358 11.3895479308234 12.4601484934489 11.5257947709825 11.4405465655857 12.4158494737413 11.3535299830967
12.4861743185255 12.459119213952 12.3873235914442 12.2986388736301 12.2558806737264 12.2069737646315 12.16073401769 12.1103455755446 12.0892908308241 12.1137171321445 12.1260637177361 12.1121082305908 12.1179302533468 12.1236783133613 12.8480614026388 12.1119892862108 12.1259596082899 12.7966899871826 12.7675168249342 12.7716769112481 12.7766518063015 12.3595750596788 12.7912867863973 11.8079565895928 11.8574103779263 11.8465677897135 11.7794291178385 11.7411048677233 13.0959453582764 12.430602338579 12.4816332393222 13.1129270129734 12.5430277718438 13.0807668897841 12.5703567398919 12.5275876257155 12.445708433787 11.596568690406 11.5253769556681 11.508259455363 11.466400941213 12.4846886528863 12.4897135098775 12.4397761027018 12.3812456130981 12.4037526448568 12.3729347652859 12.3458295928107 12.3578356636895
12.3033729129367 12.2937746047974 12.3135098351373 12.2890968322754 12.2322388754951 12.184048069848 12.1817829344008 12.1775920126173 12.1300676663717 12.1268394258287 12.1105104552375 12.1114506191678 12.1239462958442 12.1097015804715 12.0986417134603 12.0826931529575 12.1361517906189 12.1321290863885 12.8012979825338 12.7957527902391 12.7913191583421 12.3884456422594 12.8500910335117 12.5053438080682 11.8561024665833 11.8932195769416 12.52694384257 12.5226624806722 12.5288998285929 11.8979833390978 11.902508046892 11.7392545276218 11.7468157874213 11.7367474767897 11.7467011345757 11.7005276150174 11.6616136762831 11.6314402156406 11.5844524171617 11.6266494327121 11.5710685518053 12.5157739321391 12.4431485599942 12.4322272936503 12.421379937066 12.3907546467251 12.3331450356377 12.2704021665785 12.350325955285
12.2784982787238 12.2868748241001 12.2831773757935 12.2476280000475 12.1894867155287 12.1435668733385 12.1555729971992 12.1950607829624 12.1662522951762 12.1152954101562 12.1025131543477 12.087460094028 12.0811480946011 12.0732064247131 12.0815606647068 12.0778413348728 12.1172331174215 12.1684025658502 12.8044871224297 12.1041484938727 12.7765044636197 12.7765131526523 11.7292342715793 11.7919401592678 11.8464980655246 11.8726117875841 11.9043548901876 11.9349130524529 11.934508005778 11.9560289912754 11.872290664249 11.7599596977234 11.7891100247701 11.6923347579108 11.6651844448513 11.6363996399773 11.5575413703918 11.5464604165819 11.5403427547879 11.6022246148851 11.5861066182454 11.5162850485908 12.4371761745877 12.4403081470066 12.4589215384589 12.3766462008158 12.3183183140225 12.331123246087 12.3418538305495
