data/test_2003/bio8_avg_1994-2002.asc
NCOLS 664 
NROWS 380 
XLLCORNER 3.91666666666667 
YLLCORNER 55.3333333333333 
CELLSIZE 0.0416666666666667 
NODATA_value -9999 
[rows 66 to 87 of 380, columns 588 to 636 of 664]
11.4564788606432 11.297061920166 11.106005774604 11.0948165257772 11.3129596710205 11.2999934090508 11.2394705878364 11.5078369776408 11.5860226949056 11.5818058649699 11.6384777492947 11.6380385292901 11.5951549741957 11.1953824361165 11.2071651882595 11.2251705593533 11.2871759202745 11.2198479970296 11.2165199915568 11.3760808308919 11.5042265786065 11.4831793043349 11.5194656583998 11.5908630159166 11.5751492182414 11.5472132364909 11.5006107754178 11.4086748758952 11.3611833784315 11.4156916936239 11.3330891927083 11.1909311082628 10.5199880599976 9.68568213780721 9.24444468816121 9.09565130869547 9.34774706098768 9.94634061389499 10.7438987096151 10.7721451653375 10.8548363579644 11.1335274378459 11.0526628494263 10.418355623881 9.32992866304186 9.44663455751207 10.7423244052463 10.968307601081 11.2018467585246
11.5395492977566 11.8164493772719 11.7200904422336 11.2909909354316 11.1144841512044 10.6171213785807 11.1564460330539 10.8382215499878 10.6936803393894 10.8068441814846 11.1598174836901 11.2359495162964 10.6942733128866 10.8517167833116 10.7440501319038 11.1072716183133 10.6589374542236 10.7014923095703 10.7718250486586 10.8761579725477 10.9564788606432 10.064264509413 9.786819352044 10.0747814708286 10.8234941694472 10.8113595114814 10.9327799479167 11.0222005844116 10.9991764492459 11.2199301189846 11.1131286621094 11.1494379043579 10.4192348056369 10.7994241714478 10.7499045266045 10.5943850411309 10.4394532309638 10.8729011747572 10.8391591178046 10.6316397984823 10.3382643593682 10.9325999153985 11.0793027877808 11.1442274517483 10.7256679534912 10.7251800960965 10.9433587392171 11.199092970954 11.2501606411404
10.1798401938544 11.0984297858344 11.471943643358 11.1261983447605 10.9250508414374 10.5430964363946 10.8651990890503 11.1206064224243 10.0679074923197 9.39394934972127 9.27221822738647 9.87013795640734 9.26045968797472 9.70697032080756 10.1582367685106 10.3965400060018 9.46671962738037 9.55284049775865 10.9802414576213 11.1411235597399 10.2734021080865 10.1838517718845 10.8016183641222 9.94088888168335 10.296370294359 10.8995051913791 10.7653932571411 10.9041704601712 11.0031693776449 11.2937242719862 11.3905014461941 10.7835004594591 9.87713283962674 10.0051765441895 10.7000537448459 10.9749439027574 10.7205151451959 11.1028165817261 11.2928640577528 10.9924670325385 11.2489591174655 11.2663400438097 11.3059429592556 11.2033237881131 11.2885343763563 11.3353525797526 11.4379485448202 11.4758781856961 11.5800295935737
10.8651208877563 11.4790765974257 11.4347597757975 11.4019980960422 11.5277556313409 11.3975123299493 11.27704694536 11.6902856826782 11.4874492221408 11.2931032180786 11.3332630793254 10.5229247411092 9.89806694454617 9.41005886925591 11.1297326617771 11.3892387813992 11.5342266294691 11.3462513817681 11.5114612579346 11.6451154285007 11.0188052919176 11.3931507534451 11.5386967129178 11.5499462551541 11.3510728412204 11.1683172649807 11.1946730083889 11.1461400985718 11.2051624721951 11.5190738042196 11.310540623135 10.7900076972114 10.3089722527398 10.9544959598117 11.2454440858629 11.3510584301419 11.2668955061171 11.3567323684692 11.3632357915243 11.4610724978977 11.3922426435683 11.4325239393446 11.3272494210137 11.171530617608 10.9918452368842 10.9668582280477 11.2667605082194 11.4255520502726 11.6001211802165
11.3427820205688 10.7579396565755 10.3839688830905 10.3720795313517 10.3059680196974 11.4490657382541 11.2778924306234 11.4937568240696 11.9073786205716 11.7356475194295 11.7819161944919 11.8609255684747 11.0019876162211 11.7811665005154 11.7911386489868 11.7744443681505 11.8682684368557 11.9627593358358 12.03162044949 12.0416671964857 11.8945298724704 11.7896161609226 11.6077217525906 11.6231960720486 11.6131143569946 11.4536992179023 11.4836172527737 11.6715355979072 11.6605652703179 11.6667059792413 11.6270686255561 11.4960980945163 11.5478365156386 11.6653951009115 11.7233981026544 11.8089567820231 11.8416261672974 11.6960741678874 11.5954105589125 11.5823026233249 11.3654170566135 11.3423085742527 11.3509787453545 11.2056481043498 11.2219084633721 11.2573152118259 11.2258326212565 11.3687946531508 11.4690902498033
10.2836626370748 9.46700832578871 10.1117835044861 10.4986584981283 10.7511343426175 10.2287793159485 10.6705541610718 11.3251117070516 11.6426193449232 11.8701701694065 11.9008318583171 11.1809167861938 10.6561728053623 10.4132061534458 11.2829614215427 11.5698456234402 10.8502327071296 11.4027250077989 11.7202015982734 11.8872340520223 12.0070615344577 11.7766788270738 11.1476447847154 11.1399953630235 11.7386294470893 10.9961786270142 11.0140109592014 11.0502879354689 11.4815997017754 11.5272868474325 11.5476405885484 11.5242165459527 11.4807778464423 11.3951017591688 11.4943148295085 11.6419722239176 11.8345186445448 11.8888425827026 11.7924998601278 11.6537131203545 11.6144811842177 11.6068058013916 11.5835744010078 11.5585648218791 11.6136144002279 11.5036117765639 11.4642756779989 11.4573841094971 11.4460478888618
10.2481413947211 11.4237040413751 10.8394386503432 10.9411763085259 11.4282334645589 11.6404098934597 11.715697394477 11.7860221862793 11.5808233684964 10.8526133961148 10.8342568079631 10.9910106658936 10.7752465671963 10.6689639091492 10.347347524431 10.9397651884291 11.133634991116 11.3894311057197 11.5541161431207 11.68954149882 11.2057444254557 11.2155759069655 11.2814821137322 11.1850170559353 10.9127561781141 10.9028458595276 10.8773800002204 11.837830013699 11.493523173862 11.4669792387221 11.3804349899292 11.4663355085585 11.600385983785 11.6219197379218 11.6530092027452 11.7172099219428 11.738299369812 11.7891665564643 11.8658118777805 11.8260123994615 11.7802130381266 11.8239693111844 11.8019476996528 11.7819259431627 11.8357647789849 11.6805748409695 11.578941239251 11.7653067906698 11.8532281451755
11.5007891125149 11.4962697558933 11.5598248375787 11.5373793707954 11.5361939536201 11.6444157494439 10.7635686132643 11.2256738874647 10.7643213272095 10.4418589803908 10.6319634649489 10.6139198939006 10.5992097324795 10.6122024324205 11.1889032787747 11.2453141742282 10.6568123499552 10.7848425441318 10.8209470113118 10.8996435271369 10.7647725211249 10.7242597473992 10.790190855662 10.8418261210124 10.9399053255717 11.145910580953 11.2646568086412 11.9294181399875 11.9817084206475 11.965184211731 11.4742692311605 11.2185556623671 11.7095499038696 11.7665156258477 11.7999260160658 11.8433363172743 11.7914136250814 11.5739352968004 11.5526791678535 11.1873330010308 11.1544236077203 11.1049956215752 11.0711970859104 11.5339539845785 11.7916928397285 11.8902050654093 11.8162730534871 11.9236741595798 11.8710753122965
10.7702105310228 11.3892800013224 11.3118431303236 10.1935239368015 10.2351259125604 10.2985803286235 10.6791803042094 10.6108113924662 10.6555755933126 10.7022157245212 10.6802628305223 10.7581619156731 10.6535426775614 10.6167750358582 10.6480815675524 10.6662765079074 10.6515831417508 10.6023713217841 10.5347145928277 10.5172804726495 10.2995164129469 10.301811059316 10.8168263435364 10.3652903768751 10.3060297436184 10.5158064630296 11.4376970926921 11.1850879457262 10.7285432285733 10.7462457021077 11.4721035427517 11.4276368882921 12.1049114863078 11.4277766545614 11.21209303538 11.1535201602512 11.3760588963827 11.2964491314358 11.0087655385335 10.9011556837294 10.9499905904134 10.9086029264662 11.1267711851332 11.7270926369561 11.925176832411 11.9729460610284 11.9662714004517 11.8987080256144 11.5179445478651
10.8560553656684 10.5364395777384 10.4976161321004 10.7635716862149 10.6812376976013 10.4022552702162 10.4793572955661 10.8211987283495 10.8242860900031 10.8879799842834 10.8804140620761 10.8399600982666 10.8555053604974 10.8455695576138 10.8703741497464 10.9224385155572 10.8350951406691 10.7336780230204 10.3162455028958 10.2195166481866 10.224457581838 10.1819576687283 10.1408652729458 10.271624883016 10.7480187945896 10.565143638187 10.645681169298 10.7979217635261 10.9316448635525 10.9465525415209 11.0978306664361 11.1061454878913 10.7246303028531 10.9064995447795 10.8109272321065 11.2910050286187 11.2709950341119 11.342689620124 11.3497908910116 11.3600895139906 11.4627425935533 11.6663486692641 11.6935122807821 11.850676006741 11.8993265363905 11.4256964789497 11.743158976237 11.8299638960097 11.7047689225939
11.0214552349514 11.0200456513299 10.6696803304884 10.6145045492384 10.8559645546807 10.85166560279 10.8632186253866 10.5346149868435 10.5182587305705 10.5242791705661 10.8874546156989 10.8825725449456 10.8996164533827 10.9040678872002 10.9043708907233 10.8721555603875 10.787569893731 10.7963915930854 10.7286207940843 10.2594430711534 10.1432504124112 10.0861043930054 10.8552017211914 10.4103297657437 10.6409613291423 10.6327780087789 10.5362983279758 10.7229299015469 10.8792649904887 11.0201185544332 10.9580834706624 11.0534557236565 10.7787754800585 10.7057058016459 10.8491132524278 11.5867325464884 11.6446171866523 11.6945765813192 11.8049064212375 11.8347913953993 11.5743835237291 11.5788548787435 11.5893265406291 11.5983905792236 11.8430329428779 11.6342604955037 11.8844908608331 11.5633036295573 11.3358990351359
11.3420031865438 11.2617329491509 10.487893210517 11.0534889433119 10.2906884087457 10.2961972024706 10.364742702908 10.4511408276028 11.158749156528 11.625678592258 11.6515893936157 10.9951850573222 11.0315052668254 10.9690846337212 10.8736265500387 10.7855765024821 10.7379706700643 10.7088093757629 10.4482306904263 10.4745553334554 10.4133770200941 10.4133614434136 10.3599387274848 10.2767386436462 10.3458344141642 10.5343380504184 10.6635075675117 10.757418791453 10.8612554338243 10.9539811346266 10.8756693204244 10.7231357362535 10.7289990848965 10.7479269769457 11.5744571685791 11.6329034169515 11.6783137851291 11.6700938542684 11.7601701948378 11.6772836049398 11.5192835066054 11.6523136562771 11.6037152608236 11.4550420973036 11.4960041046143 11.5162313249376 11.2380883958605 10.7787762218051 11.2785431543986
11.0929298400879 11.1823174158732 10.4983285268148 10.5335591104296 10.5836042298211 10.5538719495138 10.5598432223002 10.629962656233 10.6871888902452 11.0934197107951 10.7859290440877 10.7968543900384 10.8114098442925 10.8316690656874 10.7087428834703 10.69485367669 10.6617055998908 10.5488531324599 10.585556295183 10.5745561387804 10.8610988193088 10.4218041631911 10.3721797201369 10.3729991383023 10.3570041656494 10.3422680430942 10.4929398960537 10.7079816394382 10.7460604773627 10.7472507158915 10.8362923728095 10.7269643147786 10.6628332138062 10.7096779611376 11.4328813552856 11.483963754442 11.4682318369548 11.4858329561022 11.6535078684489 11.2031759156121 11.8173770904541 11.8808300230238 11.9598386552599 11.7313231362237 11.5729363759359 11.2692397435506 10.720842467414 11.2594022750854 10.828753736284
10.4988583458794 10.3509216838413 10.4000964694553 10.4425305790371 10.550076007843 10.6230279604594 10.6225731107924 10.7004146046109 10.8187278641595 11.2154800626967 10.8757812711928 10.7931599087185 10.7336488829719 10.7134720484416 10.7066280047099 10.7143030696445 10.7279774347941 10.7109116448296 11.0082211494446 10.6299647755093 10.5713331434462 10.5115059216817 10.5409384833442 10.5600006315443 10.3878032896254 10.2844948238797 10.2837791442871 10.2529892921448 10.0941251118978 10.3045206069946 10.4252123302884 10.0245078934564 10.0736768510607 10.0986577669779 10.7884584003025 11.2700615988837 11.4377794265747 11.4966093699137 11.5732162263658 11.7110829883152 11.925097571479 11.9816308551364 12.0421639548408 12.0140303505792 11.9424542321099 11.0181557337443 11.7383433447944 11.0900047090318 11.0599664052327
10.5952568054199 10.4657834370931 10.4591242472331 10.5942431026035 10.7618805567423 10.6958139737447 10.5498956044515 10.6559773551093 10.8524154557122 10.7980986171299 10.6885963016086 10.6393904156155 10.667961968316 10.7479418118795 10.7417728636 10.7439743147956 10.7709168328179 10.80356253518 11.0485074785021 10.6458174387614 10.6486445003086 10.6269856558906 10.6370306015015 10.581446117825 10.5003057585822 10.303906387753 10.1521740489536 10.0819964408875 9.70223373836941 9.5952083269755 9.90151649051242 9.88167625003391 10.0024725066291 10.081756538815 9.93807739681668 10.498095618354 10.7968333032396 10.8312002287971 11.6772207683987 11.8500937355889 11.9088917838203 11.9880611631605 12.0364890628391 11.6827379862467 11.6767339706421 11.6569519042969 11.6274660958184 11.6134622361925 11.3715493943956
10.7621003786723 10.7028665542603 10.7165225346883 10.670770433214 10.7470183372498 10.8172664112515 10.7559589809842 10.7764293882582 10.9039546648661 10.8879422081841 10.7599295510186 10.6842136912876 10.7956829600864 10.835151831309 10.8818803363376 10.8713497055901 10.7743001514011 10.7481396463182 10.7804974450005 10.7427075703939 10.659882068634 10.6104652616713 10.6010489463806 10.5761511060927 10.5245127677917 10.4705777168274 10.4151610268487 9.9615093866984 9.866546842787 9.96439917882284 10.1297329266866 10.0693626403809 10.1574159728156 10.2813734478421 10.3402198155721 10.3366959359911 11.1847393777635 11.216054810418 11.3459626303779 11.3754255506727 11.3786668777466 11.5454635620117 11.4968528747559 11.4867605633206 11.6472060945299 11.7172267701891 11.6696177588569 11.6176382700602 11.7183991538154
10.7840535905626 10.6893643803067 10.7791936662462 10.8575410842896 10.9372962315877 10.9204591645135 10.8999923600091 10.9089322619968 10.9473990864224 10.8877615398831 10.8709391487969 10.8753018379211 10.8823312123617 10.8852126333449 10.8136489656236 10.7744560771518 10.7046706411574 10.6651076740689 10.8060627513462 10.706944041782 10.5691551102532 10.5077328152127 10.2728286849128 10.353628900316 10.4782804912991 10.467376338111 9.95627519819472 9.71278831693861 9.57641246583727 9.78818453682793 9.7630680931939 9.5765438079834 9.83070013258192 10.7910289234585 10.3640773561266 11.1230584250556 11.0059252315097 10.8481248749627 10.8492137061225 11.1027470164829 11.4038359324137 11.2904798719618 11.223939259847 11.3674727545844 11.5549878014459 11.6968555450439 11.6530940797594 11.5541472964817 11.6423112021552
10.9182281494141 10.8360163900587 10.8658045662774 10.8908522923787 10.918418513404 10.9553916719225 10.9716985490587 11.0061536365085 10.9978592130873 10.921334054735 10.8157720035977 10.8050989045037 10.6983520189921 10.5331598917643 10.4643383026123 10.4310727119446 10.40558497111 10.5226152208116 10.6112010743883 10.6140836079915 10.5386861165365 10.3222689098782 9.78068346447415 9.77734359105428 9.74341164694892 9.70555347866482 9.70547305213081 9.46628130806817 9.4930157661438 9.6571577390035 9.44515159395006 9.43351528379652 9.60395420922173 9.72928370369805 9.891205045912 9.98201529184977 10.1309741867913 9.97089576721191 10.7110253969828 11.1584173308478 11.2970680660672 11.2987562815348 11.3015558454725 11.1745030615065 11.3539311091105 11.5539132224189 11.5861917071872 11.2045771280924 11.1724877887302
10.9617359373305 11.0111869706048 11.0093789630466 10.988459693061 10.9912439982096 11.0122503174676 11.0360719362895 11.0171525213454 10.9882456461589 10.868388387892 10.7515678935581 10.7077106369866 10.689261118571 10.5824406411913 10.5757687356737 10.5766518910726 10.5525724093119 10.5010117424859 10.4754509925842 10.4715190463596 10.4698474672106 10.3891012933519 10.2774669859144 9.71343268288506 9.62609232796563 9.67408492830065 9.54474475648668 9.42866346571181 9.65917486614651 9.79435295528836 9.81419785817464 9.80419074164497 9.85765303505791 9.76169670952691 9.68633270263672 9.84941323598226 10.638335969713 10.0004633267721 10.7721699608697 10.8441614045037 10.8023750517103 10.8324399524265 10.9518388112386 11.1142743428548 11.2971700032552 11.3462295532227 11.3245487213135 10.9099099371168 10.8488140106201
10.860651757982 10.9418393241035 10.9938419659932 11.0112521383497 11.0182177225749 11.0682943662008 11.0724452336629 10.9354843563504 10.819076485104 10.84159066942 10.892919699351 10.8958041932848 10.8757257991367 10.8489065170288 10.8007543881734 10.7658612463209 10.7582271893819 10.2957777447171 10.6769593026903 10.5976214408875 10.4631567001343 10.088203854031 10.0384923617045 9.98752143647936 9.91306903627184 9.84691291385227 9.73505343331231 9.71889728969998 9.63651906119453 9.69999281565348 9.77524391810099 9.93545850118001 10.0466116799249 9.95551760991414 9.94486803478665 9.9469592306349 10.6805781258477 10.7658353911506 10.812574227651 10.7265724605984 10.60012600157 10.4486422538757 10.4561958312988 10.515749613444 10.6703354517619 10.964250087738 11.1396461062961 10.7164280679491 10.6850662761264
10.8950486183167 11.0491579903497 11.0481565793355 10.5703714688619 10.5193782382541 10.6336438390944 10.6520580715603 10.5964721573724 10.5821249220106 10.5461277431912 10.571686161889 10.9804900487264 10.9774500528971 10.4787323209974 10.454439163208 10.444738123152 10.8269927766588 10.3794848654005 10.3998583157857 10.4155649609036 10.3844507535299 10.3002940283881 10.2186562220256 10.1621289783054 10.1116757922702 10.0324819882711 9.90054761038886 9.70772404140896 9.72312249077691 9.85970671971639 10.0049573580424 10.0709487067329 10.1630513403151 10.1690421104431 10.1602183447944 10.1533201535543 10.1438297695584 10.0733021630181 10.7620153956943 10.7014276186625 10.6570619477166 10.5696596039666 10.5833680364821 10.7270021968418 10.7772784762912 10.8278259701199 10.8968180550469 11.0344024764167 11.2304316626655
10.6788248485989 10.71528673172 10.6700448460049 10.6229508717855 10.6781534618802 10.6668372684055 10.6712991396586 10.6861316363017 11.0390346315172 10.6153899298774 10.553235689799 10.4735256830851 10.4998896916707 10.5131425857544 10.4972848362393 10.9193164507548 10.482753806644 10.4432661268446 10.4013341267904 10.3861424658034 10.3155050807529 10.1774215698242 10.0828936894735 10.1119215223524 10.1499120924208 9.98368008931478 9.8200413386027 9.87462451722887 9.96698554356893 9.8635688357883 9.84444819556342 9.99036471048991 10.0510461595323 10.1548625628153 10.2249016231961 10.1035332149929 10.1382383240594 10.1649440129598 10.2198717329237 9.94413269890679 10.5866648885939 10.6493430137634 10.7672062449985 10.7530697716607 10.6465177006192 10.6522906621297 10.3572833273146 10.3973898357815 10.6206818686591
