data/test_2003/bio8_avg_1994-2002.asc
NCOLS 664 
NROWS 380 
XLLCORNER 3.91666666666667 
YLLCORNER 55.3333333333333 
CELLSIZE 0.0416666666666667 
NODATA_value -9999 
[rows 22 to 43 of 380, columns 588 to 636 of 664]
7.72642930348714 7.43708165486654 7.5548448032803 7.5261640018887 6.95325718985664 6.74062869283888 6.55067623986138 5.59879305627611 6.68441470464071 6.64789528316922 6.49480141533746 6.7663369178772 6.21835825178358 6.66078064176771 6.64139763514201 4.70095339086321 4.66531070735719 4.68670498828093 4.76135893662771 5.51294771830241 4.42564959886173 4.36678884209444 4.30103910631604 4.09691889584064 3.97516917188962 3.88401179512342 3.87026210294829 3.82703097661336 3.72128115097682 3.6179016828537 3.50941126876407 4.8696024550332 3.15280261304643 4.55113072527779 4.4480577773518 5.46964139408535 5.77165280448066 4.75117022461361 4.10944107723319 4.46880665421486 4.70491302675671 4.85153817468219 4.8227555486891 4.64560271302859 4.54457319776217 4.6424086590608 4.52721786499023 5.0346713397238 5.16813610659705
8.04132763544718 7.95693381627401 7.92116626103719 7.94251012802124 8.02485545476278 7.74667909410265 7.72207832336426 7.66344764497545 7.57118299272325 7.45206536187066 7.56531784269545 7.68545897801717 7.62745226754083 7.53063053554959 7.53736437691583 7.56328376134237 6.75498191515605 6.76335684458415 7.6260781817966 5.84999291102092 4.82723745703697 5.67653473218282 4.50979230635696 4.39840283451809 4.39293954976731 4.28725399801301 4.24067956002222 4.07662362025844 3.95560476846165 3.83628932634989 3.76060385836495 3.70558494329453 3.66975386937459 3.6823691394594 3.73483648233944 4.86706312497457 4.237178688248 4.58401624030537 4.74907624059253 4.79917324251599 4.98141832484139 5.10070039828618 5.15509378247791 5.20119080278609 5.25582510895199 5.30791379345788 5.30702425373925 5.32328539424472 -9999
8.24431769053141 8.36028925577799 8.3864098654853 8.32238207923042 8.25324302249485 8.23923375871446 8.18544016944038 8.03293969896105 8.07144302792019 7.87103483412001 7.8777518802219 7.87505541907416 7.76465792126126 7.78569836086697 7.78287929958767 7.97484376695421 7.98622004191081 9.15882603327433 8.89858606126573 9.12143156263563 9.12392298380534 8.50283585654365 8.17694881227281 8.11565415064494 7.33534426159329 5.49720165133476 7.08931331833204 4.59992007083363 4.48681703872151 4.35823278791375 4.30713005446725 4.366767934627 4.39092696706454 4.53812561763657 4.63162063227759 4.85659701956643 4.98564738035202 4.95803134971195 4.99656314982308 5.07035452127457 5.05962728129493 4.9918630056911 5.02246881855859 5.10003795226415 5.20655838648478 5.36448077360789 6.14123351044125 -9999 -9999
8.19390042622884 8.19482803344727 8.29116365644667 8.38016562991672 10.0011818144057 10.0608190960354 10.0260122087267 8.41339651743571 8.1564523908827 9.83183293872409 8.32348484463162 -9999 -9999 -9999 -9999 -9999 -9999 -9999 7.11655441919963 7.82537619272868 7.69476026958889 7.87480682796902 9.39354642232259 5.88849822017882 7.08220503065321 7.38645018471612 7.45342662599352 6.73184082243178 6.74802552329169 5.82930098639594 6.78200679355198 6.832488377889 6.86834796269735 6.9196605682373 6.01378365357717 6.02520944012536 6.04493117332458 6.06124562687344 6.05815290080176 6.09772670269012 5.35527545875973 6.07554097970327 6.09094373385112 6.2462562057707 6.42987750636207 -9999 -9999 -9999 -9999
8.05829736921522 8.18869972229004 8.17436218261719 9.88972600301107 9.80194240146213 9.71815941068861 9.8262275589837 9.88718499077691 9.84279251098633 9.8773742251926 9.70180469089084 9.71467076407539 9.60953140258789 9.75728628370497 9.62558518515693 9.65814431508382 9.69414493772719 9.7404850323995 9.81205622355143 -9999 -9999 -9999 -9999 -9999 -9999 -9999 -9999 -9999 -9999 -9999 -9999 8.71277432971531 8.71470175849067 7.65483020411597 7.71567593680488 7.69245968924628 7.70966047710843 6.2313101026747 7.78457820415497 7.79078695509169 7.7320884068807 7.70783449543847 -9999 -9999 -9999 -9999 -9999 -9999 -9999
8.01973178651598 8.03027566274007 9.73533407847087 9.70916710959541 9.4812962214152 9.51446215311686 9.59822093115913 9.6529426044888 9.90474526087443 9.79711076948378 9.63006824917263 9.49835925632053 9.29783556196425 9.30945958031548 9.16656563017103 9.11011600494385 9.58532359864977 9.6990639368693 9.07510270012749 9.57192579905192 9.568352010515 9.41970062255859 9.4781567785475 8.88539732827081 8.90397670533922 -9999 -9999 -9999 -9999 -9999 -9999 -9999 -9999 -9999 -9999 -9999 -9999 -9999 -9999 -9999 -9999 -9999 -9999 -9999 -9999 -9999 -9999 -9999 -9999
7.72561030917698 7.9119249979655 8.11786932415432 8.01307254367405 7.87412791781955 7.76384941736857 9.4404362042745 9.54825602637397 9.47249741024441 9.47145737542046 9.41538042492337 9.33322917090522 9.27218914031982 9.24063067966037 9.39981280432807 9.19084676106771 8.9980288611518 9.1989147928026 9.11017100016276 9.57276089986165 9.09737475713094 8.93164253234863 9.17598480648465 9.2414379119873 8.74027580685086 9.3503442870246 9.38262510299683 9.01960722605387 9.50649854871962 9.58980321884155 9.49991167916192 -9999 -9999 -9999 -9999 -9999 -9999 -9999 -9999 -9999 -9999 -9999 -9999 -9999 -9999 -9999 -9999 -9999 -9999
7.74208248986138 7.896537621816 8.06365977393256 7.91722657945421 7.79145977232191 9.41810501946343 9.39902252621121 9.32445828119914 9.33773109647963 9.33387841118707 9.23409991794162 9.09343242645264 9.28409836027357 9.28831990559896 9.22980048921373 9.0339478386773 9.04394706090291 9.03476121690538 9.199723455641 9.53631522920397 9.68484936820136 9.46488179100884 9.40698840883043 9.23702075746324 9.02490525775486 8.54784064822727 8.99175569746229 9.22327666812473 9.46561850441827 9.65602133009169 -9999 -9999 -9999 -9999 -9999 -9999 -9999 -9999 -9999 -9999 -9999 -9999 -9999 -9999 -9999 -9999 -9999 -9999 -9999
9.28211137983534 9.36597813500298 9.37828969955444 9.36963764826457 9.39091189702352 7.58968496322632 7.70687399970161 7.74191512001885 7.74699894587199 9.56926255755954 9.58593034744263 9.56474696265327 9.47260019514296 9.22978692584568 9.22652906841702 9.44578981399536 9.34475432501899 9.1717184914483 9.18534951739841 9.39705472522312 9.69676854875353 9.79575072394477 9.78339963489109 9.68979771931966 9.72906917995877 9.49558353424072 9.32017771402995 9.12463331222534 8.43851635191176 8.88142511579725 9.29919687906901 9.30189169777764 9.60755009121365 9.23143180211385 8.64429950714111 8.35921981599596 9.12212832768758 9.58595805697971 8.79949246512519 8.77423355314467 -9999 -9999 8.88831525378757 -9999 -9999 -9999 -9999 -9999 -9999
9.32507382498847 9.28403849071927 9.31463262769911 9.44248580932617 7.77005041970147 7.78760311338637 7.82967397901747 7.85915242301093 7.88028171327379 7.89135805765788 9.62620565626356 9.55376524395413 9.71332438786825 9.73725377188789 9.67014604144626 9.45044639375475 9.30185747146606 9.34778700934516 9.41645728217231 9.5250539249844 9.69720655017429 9.93343448638916 10.2329773902893 9.9558244811164 9.86690070894029 9.70012357499864 9.60642560323079 9.73650550842285 9.61221467124091 9.51933156119453 9.38267072041829 9.37860303454929 9.79432757695516 8.56106482611762 8.48103141784668 8.53381315867106 8.73037232293023 8.88879304462009 8.88003418180678 8.7540414598253 7.86201312806871 7.06556672520108 7.76483954323663 7.37054790390862 8.4658981429206 8.55319054921468 8.99384800593058 -9999 -9999
7.73757060368856 7.67800500657823 9.42645703421699 9.49118603600396 7.82530826992459 9.68101406097412 7.97336223390367 7.99661159515381 8.01319381925795 8.07096105151706 9.83307340410021 9.92411639955309 9.98501131269667 9.7967209815979 9.76206005944146 9.85658417807685 9.75910907321506 9.67578125 9.81149095959134 9.96601544486152 9.98105155097114 10.1761549313863 10.4472318755256 9.92754708396064 9.9020578066508 9.94930945502387 9.81982003317939 9.68966441684299 9.78047137790256 9.82216739654541 9.87571536170112 9.80839787589179 9.72997305128309 9.39725467893812 9.15462006462945 8.84650532404582 9.23535050286187 8.77996391720242 8.84545278549194 8.71606477101644 8.78149175643921 7.67805122004615 7.39558029837078 6.19596619904041 5.97700797186957 6.98848101827833 8.14374510447184 8.8245202700297 7.27558456526862
7.82885689205593 9.56149223115709 9.41842990451389 9.504478931427 9.59978681140476 9.75709501902262 9.88492165671455 8.191626601749 10.0276287396749 10.1050443119473 10.1722374492221 10.2404679722256 10.1854390038384 10.1827065149943 10.1481218867832 10.0036115646362 9.82324923409356 9.88036817974514 9.97778431574504 10.0446067916022 9.97704468833076 10.1125794516669 9.92929930157132 9.86801857418484 9.90896060731676 10.0755321184794 10.0112148390876 10.0020825068156 10.0190247429742 10.220128165351 10.3744990030924 9.82694991429647 10.285175482432 9.89822551939223 9.88199218114217 9.7894032796224 9.25377082824707 9.04532008700901 9.65095286899143 9.67794635560777 8.6870403819614 8.51139052708944 7.60147272878223 7.51304556263818 7.3883373008834 6.51759128106965 8.45239941279093 7.69349120722877 7.20252588722441
9.7605873743693 9.66011455323961 9.64964135487874 9.75094636281331 9.84343661202325 8.10708718829685 8.25663036770291 8.38372908698188 10.3345188564724 10.3306600782606 10.3756159676446 10.3959053887261 10.7337312168545 10.6343747244941 10.6011670430501 10.6021072069804 10.1719453069899 10.2192719247606 10.5766319168939 10.6607571178012 10.6372975773282 10.4133638805813 10.1883192592197 10.2297192149692 10.2174892425537 10.3374076419406 10.0038170814514 9.94317409727308 10.4794589148627 10.315821647644 9.9231161541409 9.82363981670803 9.87669865290324 9.98064306047228 9.86120186911689 9.32188479105631 9.24124495188395 9.19934230380588 9.33499823676215 8.9259319835239 8.75737396876017 8.57305436664157 8.6863645447625 8.76204495959812 8.47333823310004 8.2537997033861 8.29714997609456 8.46550030178494 7.57753152317471
9.93680164549086 9.8921135796441 8.03526708814833 9.97051503923204 9.87515989939372 9.92187955644396 8.33387851715088 8.56210570865207 10.5237323443095 10.8525429301792 10.8473530345493 10.792015393575 10.673418574863 10.7143031756083 10.709335592058 10.6062944200304 10.6609568595886 10.7511748737759 10.7011700736152 10.6994616720412 10.6477567884657 10.7006474071079 10.6736124356588 10.6062071058485 10.5750976668464 10.5317660967509 10.6716939608256 10.4840789371067 9.97498877843221 9.90623044967651 9.82502418094211 9.76959562301636 9.79957326253255 9.86295753055149 9.90300782521566 10.0235243903266 9.3516509797838 9.31058835983276 9.33819251590305 9.29816691080729 9.37424251768324 8.89348432752821 8.71338982052273 8.64462910758125 8.57526466581557 8.44736507203844 8.45650429195828 8.58681445651584 7.48821194966634
10.1713864008586 8.31383355458578 8.29674434661865 8.37306234571669 8.75152418348524 10.7024613486396 10.7596716350979 10.8196232053969 10.86942047543 10.8661751747131 10.8401891390483 10.7966477076213 10.7895504633586 10.7243050469293 10.4462951554192 10.755592558119 10.7347177399529 10.6630277633667 10.2445282936096 10.4172716670566 10.7420682907104 10.8177093929715 10.8086834483676 10.6948427094354 10.6533723407322 10.6449395815531 10.2839879989624 9.79514853159587 9.81241591771444 9.81109068128798 9.67206144332886 9.57532877392239 9.74948543972439 10.0318639013502 10.1329833666484 10.1003250545926 10.1967036989 9.31507280137804 9.10001463360257 9.84658034642537 9.31530555089315 9.28121052847968 8.91293350855509 8.86906449000041 8.75496890809801 8.58479430940416 8.55454603830973 8.55540858374702 8.44464159011841
10.7272937562731 10.642901579539 10.6374724176195 10.6842650307549 10.7234287261963 10.7727401521471 10.7630881733365 10.7723253568014 10.8297754923503 10.8686963717143 10.858506626553 10.5068106651306 10.7694603602091 10.6902334955004 10.7112287415398 10.6754828029209 10.6661820411682 10.710955037011 10.7386173142327 10.8047235806783 10.8492682774862 10.8025487793816 10.7075320879618 10.5543676482307 10.0311719576518 10.0232832696703 9.98835733201769 9.89513566758898 9.79591385523478 9.85824690924751 9.89250638749864 10.0235804451836 10.0391749276055 9.88299279742771 9.94481060240004 9.92092476950751 10.2777794202169 9.95944902631972 9.82793341742622 9.8866400718689 9.89586528142293 9.97346109814114 9.26317638821072 9.26901144451565 9.09582789738973 8.87125576866998 8.93777698940701 8.25560357835558 8.19114838706123
10.7366992102729 10.6834442350599 10.6405600971646 10.6830837991503 10.7001997629801 10.7462781270345 8.81565062204997 10.6884358194139 10.6982039875454 10.7038104799059 10.7456390592787 10.752578470442 10.6998143725925 10.640605767568 10.66347111596 10.6918923589918 10.7276465098063 10.748956574334 10.7250813378228 10.68668768141 10.6540981398688 10.5579062567817 10.5212695863512 10.1236721674601 9.97381263309055 9.83447138468424 9.70772292878893 9.75319682227241 10.0174113909403 10.181551668379 10.0618402693007 10.0047216415405 10.0555312898424 10.0734548568726 10.1216745906406 10.16870964898 10.4786922136943 10.3721132278442 10.296127266354 10.0540336502923 10.3291178809272 9.94365877575344 9.84202644560072 9.79557959238688 9.2337334950765 9.12491676542494 9.02476655112373 8.34483581119114 8.33261156082153
10.7449187172784 10.7390982309977 10.7577220598857 10.7425684399075 8.81697612338596 8.76292578379313 10.1676968998379 10.2817772229513 10.6733739111159 10.6574429935879 10.6972154511346 10.7149142159356 10.6176501909892 10.567941347758 10.6797879007128 10.732375409868 10.7503705554538 10.6416245036655 10.6558419333564 10.5979848967658 10.5677429835002 10.5223008261787 10.3981182840135 10.2831207911173 9.93482324812147 9.92536332872179 10.3224245707194 10.4369825787014 10.471615102556 10.4506912231445 10.3718420664469 10.3652889463637 10.4050727420383 10.449267440372 10.4144989649455 10.3860268063015 10.4268142912123 10.487008412679 10.2944627337986 10.2565089331733 10.413074016571 10.0161521699693 9.9196629524231 9.891173892551 9.99036810133192 9.11658620834351 9.15894153383043 9.10129928588867 8.8751384947035
10.7581753200955 10.8246778382195 10.8008841408624 10.7040536668566 10.7295929590861 10.713132487403 10.7600055270725 10.8033967018127 10.7852844132317 10.8384088940091 10.8394592073229 10.7766576872932 10.6354855431451 10.5873511632284 10.663586139679 10.2515820397271 10.5010945532057 10.2352555063036 10.2255734337701 10.2268549601237 10.1924463907878 10.0681267844306 10.322966893514 10.3939792315165 10.4582499927945 10.4334842893812 10.4073110156589 10.4846934742398 10.4799275928073 10.3699765205383 10.2530624601576 10.4182963371277 10.5075827704536 10.423291153378 10.3678888744778 10.4555976125929 10.5588620503743 10.6202001571655 10.4937607447306 10.4066545698378 10.4371780289544 10.0467940436469 10.0827810499403 9.41622236039903 9.24375581741333 9.12639904022217 8.87496836980184 8.85990799797906 8.72595845328437
10.8633583916558 10.8011467721727 10.6713797251383 10.63339026769 10.7226602766249 10.819263458252 10.8259408209059 10.795877456665 10.7767506175571 10.7124116685655 10.6821469200982 10.7584008110894 10.7069509824117 10.6917974683974 10.2226537598504 10.2136065695021 10.5539662043254 10.6122202343411 10.6615111033122 10.6126538382636 10.5436250898573 10.4828684065077 10.4710009362963 10.4605407185025 10.4897844526503 10.4689538743761 10.4503453572591 10.4623299704658 10.4463880856832 10.4071133401659 10.5317644013299 10.6193042861091 10.5543893708123 10.5999083518982 10.6332789527045 10.662353515625 10.6832800971137 10.679466035631 10.6134293344286 10.5058371755812 10.1126765145196 10.1414362059699 10.1087880664402 9.41982889175415 9.25684091779921 9.17784378263685 9.04721705118815 8.95703490575155 8.86322318183051
10.7703188790215 10.6967266930474 10.6346899668376 10.7168010605706 10.8146163092719 10.8986532423231 10.9116538365682 10.8953948550754 10.8389572037591 10.7618959214952 10.7694272465176 10.7696256107754 10.6858236524794 10.5807623333401 10.6735530959235 10.7602702246772 10.7534311612447 10.6882217195299 10.5458272298177 10.5019515885247 10.5546767976549 10.4394853379991 10.3824418915643 10.4256209797329 10.5469484329224 10.5524976518419 10.4918247328864 10.4494478437636 10.4489233228895 10.4726206991408 10.5852070914374 10.6633489926656 10.6147512329949 10.6265249252319 10.7097801102532 10.7441465589735 10.667772187127 10.5636201434665 10.3982830577426 10.4621307055155 10.2156569692824 10.224300119612 9.44537268744575 9.14091719521416 8.79385211732652 8.5770665274726 8.23746612336901 8.74205043580797 7.80192253324721
10.6514272689819 10.6736395623949 10.7337036662632 10.7795453071594 10.8264240158929 10.8638211356269 10.8724036746555 10.8637271987067 10.8390899764167 10.8124912050035 10.8087077670627 10.7752206060621 10.8078814612495 10.7857274479336 10.6983885235257 10.4949750370449 10.5414881706238 10.5128154754639 10.566143406762 10.5614710383945 10.4950621922811 10.4461023012797 10.4783277511597 10.6123309665256 10.7779636383057 10.6932263374329 10.659303718143 10.5667141278585 10.5796061091953 10.5665727191501 10.5577607154846 10.5523563490974 10.524520556132 10.5552161534627 10.4747999509176 10.3669026162889 10.3336719936795 10.3762192196316 10.45461818907 10.4378319846259 10.0576006041633 9.95709043078952 9.70917219585843 9.49518065982395 9.34730206595527 8.53369649251302 7.43755274348789 7.2505648665958 7.27787322468228
