data/test_2003/bio8_avg_1994-2002.asc
NCOLS 664 
NROWS 380 
XLLCORNER 3.91666666666667 
YLLCORNER 55.3333333333333 
CELLSIZE 0.0416666666666667 
NODATA_value -9999 
[rows 176 to 197 of 380, columns 147 to 195 of 664]
3.77021296487914 3.65595311257574 3.61477693046133 2.86545955638091 2.89340214876251 2.54223249769873 2.45869139706095 2.46966873606046 2.0046461655034 2.07088285022312 2.0348230931494 1.88454125324885 2.27225928174125 2.63664412043161 3.01680679619312 2.78985819137759 2.59965034884711 2.46556881152921 2.50109528419044 2.68473614421156 2.79164285875029 2.89617922853924 3.45093781087134 3.8371614664793 4.49402310450872 4.44936182763841 4.65537978543176 4.53084199958377 4.58926728698942 -9999 -9999 -9999 4.34162429637379 4.2049652867847 4.03759028628055 5.21550707353486 5.34802113804552 5.34290585252974 5.11897547211912 4.78823040922483 4.55155926528904 4.46934008681112 4.54357260548406 4.50217553973198 4.42803766495652 4.19212190641297 4.09192176659902 3.67817537652122 3.45220667454931
4.26401992307769 3.93191305051247 3.77386949211359 2.94588571869665 2.93812997390827 2.37757969440685 2.00197989410824 1.99400074945556 1.70043355226517 2.00901457336214 2.22063251336416 2.16173184580273 2.13097953796387 2.21726418534915 2.14065982898076 2.22464822398292 2.47838670677609 2.39637894100613 2.23478271563848 2.33533462550905 2.5488493376308 2.67184570431709 3.46924942897426 4.22541879283057 4.33605500724581 4.43018131123649 4.71182749006483 -9999 4.35348694854313 4.39034848743015 4.24864316980044 4.14630396829711 4.17372942301962 5.51543543073866 5.4207418859005 5.2587335507075 5.33124377164576 5.33908737202485 5.25330120656225 5.12047800007794 4.97950684941477 4.93239353804125 4.35795330670145 3.94197190470166 3.67868527438906 3.47407990031772 3.54897893137402 3.35744822687573 3.79695479075114
4.31771488653289 3.24749924076928 2.87314551406436 2.65849877893925 2.71688863842024 2.38769804272387 2.34734546310372 2.57284242680503 2.38241352140903 1.99257733755642 1.9082224700186 2.10010412004259 2.27133232686255 2.32752345667945 2.27527014414469 2.12020209100511 2.18676355812285 2.39577979511685 2.53707269496388 2.87426956378234 3.2313785875837 3.50124482810497 -9999 5.06358004940881 -9999 -9999 6.33799472120073 5.58620207177268 5.50408180223571 5.35597257316113 5.21044881145159 5.18233226074113 4.92088270642691 4.86343276749055 4.77042758423421 4.62979267868731 4.2049354215463 4.14778204096688 4.18692487147119 4.0048084391488 4.56411820318964 4.62205165293482 4.16044070985582 4.25726718372769 4.22600013245311 3.92099929187033 3.8846651216348 5.28814907206429 5.0770960383945
2.98838300257921 2.71999168147643 2.43263734628757 2.29320885903305 2.91074358920256 2.6978705285324 2.38999754521582 2.3115319609642 2.41328847077158 2.25230427914196 2.37865343689919 2.50033582581414 2.38274568236536 2.47604605638319 2.80108710978594 2.81640979109539 2.79783466789458 3.49097738497787 -9999 -9999 3.51184166305595 3.95480907191005 3.94512413359351 5.74638588892089 5.8089455432362 5.6628404872285 5.81962329314815 5.23462468551265 4.89942231939899 4.15695294737816 4.00351310769717 4.04096209671762 3.68626303142971 4.168971442514 4.1508649720086 3.81446221139696 3.70510572857327 3.46067064669397 3.7813321136766 3.80296776857641 3.76215920348962 4.79723868105147 4.34798070705599 4.04672310087416 4.88368750280804 4.82346686058574 6.36745244926876 5.72427907751666 5.27725427018272
3.77671170462337 3.64546188215415 3.85273047536612 3.76577705972724 3.68897167510457 3.47936363021533 2.53292069998052 2.05646491712994 2.02689796023899 1.90533108181424 2.13324570655823 2.70797505809201 2.95017975072066 3.12743039222227 -9999 -9999 -9999 4.32760441468822 4.16260752330224 4.09495620388124 3.89016895492872 5.15789526369837 5.13188499874539 5.2610598694947 5.36016108012862 5.23296564941605 5.21954810288217 5.16679709487491 5.09708307517899 4.80645985570219 3.81739224990209 3.22411049074597 3.4220882124371 3.36665821737713 3.35346077713701 2.82958691815535 3.66402921411726 3.03560509056681 2.90150293128358 4.0825777914789 3.95419880582227 3.48428920904795 4.7662093506919 5.07336061530643 5.05495604541567 5.53714414437612 5.76303593317668 5.63403933578067 5.40415316489008
4.03385623407343 3.74977272500594 3.75220776266522 3.84945760915677 3.55270747343699 3.01592508951823 2.26458471185631 2.19932399359014 2.92643351687325 2.98728568355242 2.85806026392513 3.66472538477845 -9999 -9999 -9999 3.99694161282645 3.73542493581772 4.2079331709279 5.48838623695903 5.48506122496393 5.65240268905958 5.51292659673426 5.40577178614007 5.21551167302662 4.80162230692804 4.6886215094063 4.68243569632371 4.71276834275987 4.84443455934525 4.67127657598919 3.98329474528631 4.17183152834574 4.07499744825893 3.62058097341408 3.76675682183769 3.11075585418277 4.60856134030554 4.61988565325737 4.4070621902744 4.02942388421959 3.76422958572706 3.63659878902965 3.58134607805146 5.39797140243981 4.60418761438794 4.29403326246474 6.21284188164605 7.40706523259481 7.27859380510118
3.81381560117006 3.67934299053417 3.52687007519934 3.73713817861345 3.2631263807416 2.39213388164838 3.36749025299731 4.02391412647234 4.58432355191973 -9999 -9999 -9999 -9999 5.48010998302036 4.96622505452898 4.67695005734762 5.80458825826645 5.96634539630678 6.38332650396559 5.71952058209313 5.44447999861505 4.96715017242564 4.86115048991309 4.49099773168564 4.46010411447949 4.45143289698495 5.09470256831911 5.21684867805905 5.19188357724084 4.99132262998157 4.54590633180406 4.8544897503323 4.71899923682213 4.38521249840657 4.69564793838395 4.43341674158971 4.5990375843313 3.84080617295371 3.00287144713932 2.2608972258038 4.5802966621187 5.35639075438182 6.07944957415263 6.08924906783634 5.71341905328963 5.65129290272792 7.61113754908244 6.73238419161903 6.0657784541448
3.77007116625706 3.76395003166464 3.88565014219946 4.36407790581385 -9999 -9999 -9999 -9999 -9999 -9999 -9999 -9999 -9999 -9999 -9999 -9999 -9999 5.47443351149559 5.65492453260554 5.28419882969724 4.05543429321713 4.21341378821267 6.27398228645325 7.02529660363992 7.18248583707545 7.15397133760982 6.92767902546459 4.97326226366891 5.15194473001692 5.41705917649799 4.99786497486962 5.00370755460527 4.74443913499514 4.89020770788193 4.96738366948234 4.41070793072383 4.07869864337974 5.09376542435752 5.03731248113844 5.21034093035592 5.32181412643856 5.50220495793554 5.60114377074771 6.60595764054192 6.60834381315443 8.00458942519294 6.98014619615343 6.13636937406328 6.75681516859266
4.45795654588276 4.55622390243742 -9999 -9999 -9999 -9999 -9999 -9999 -9999 -9999 -9999 -9999 -9999 -9999 -9999 -9999 -9999 6.98282186852561 7.01521490679847 7.5895653963089 8.89824389749103 8.76353337036239 8.47215575869713 8.49263064946151 8.77466034723653 7.51399006363418 7.31581001149284 7.12363014618556 6.90233910083771 7.01297235488892 5.52752733230591 5.47774002949397 5.51728606886334 5.34631396664513 4.93274899986055 4.4958507468303 3.6877673930592 3.46094321542316 3.02648950947656 4.56129177411397 5.19281267457538 5.74335263007217 6.62986389795939 6.18592419889238 6.5066511631012 7.85195379787021 7.17515464623769 7.19168823295169 7.42911088466644
-9999 4.45475705464681 4.22263508703974 3.69720051147872 3.10987272196346 3.23478210965792 3.5297099724412 5.47201130125258 5.65663875805007 5.60461579759916 5.56165790226724 5.5563899146186 5.5890585804979 5.52202143851254 5.4552314132452 6.68041753768921 6.82112335289518 7.07313566406568 8.47677773899502 6.84636608593994 8.53202197949092 8.73290990458595 8.53389237986671 8.22191174825033 6.60978029171626 6.46800875663757 6.55534853537877 6.99594733450148 6.85076843367683 6.96937070290248 6.40879121091631 6.45147102408939 6.23229882121086 5.95883056190279 5.10751048723857 4.90705609321594 6.08612917032507 6.49851267867618 6.66615556346046 7.03557611836327 6.98062649038103 7.68908807966444 6.7442298995124 6.57011270523071 7.97647452354431 7.51013353135851 7.11401475800408 6.78056265248193 6.57970297336578
4.27538967794842 4.10117901530531 3.8481122209794 2.75193454490768 2.95768257975578 4.28918563657337 4.53036943078041 5.0555531995164 5.37814435590473 4.92473550596171 4.43643768959575 4.99661968151728 4.91945775349935 4.93925894879633 4.86128217975299 4.75582412878672 6.05628037121561 6.9535701258315 6.93915169272158 7.91478779580858 7.7810927828153 9.16706777281231 9.1766832669576 9.12178028292126 9.23806220293045 8.86841899818844 6.03777567545573 5.95507939656575 5.87097566492028 6.43843576643202 6.07116341590881 5.8909281094869 5.77358166128397 5.54008706079589 4.83496277199851 4.24672750631968 3.64929160806868 3.62692351473702 6.30492273966471 7.83462818463643 8.06388923856947 7.86533562342326 7.74511497550541 7.36607905228933 7.00311766730414 7.59157244364421 7.20813410811954 6.89891845650143 6.30888773997625
4.57259386777878 5.45104032092624 5.32327833440569 5.03112340635723 4.89151991013851 4.86533540156153 4.74625502361192 5.29557294315762 5.67501850343413 5.01786517103513 4.73489955398771 4.80474861794048 6.38481218285031 6.98255306047698 6.05588380495707 5.59397551748488 6.30491380559074 6.66286704275343 6.35272712839974 7.48307479752435 6.03481828504139 5.81660474008984 8.29746516545614 8.38078123993344 8.68387497795953 8.50867247581482 6.90942700703939 5.29006340106328 5.40488646758927 6.99492854542202 7.15641033649445 6.99507684177822 4.90471608771218 4.27112126350403 5.18456337187025 4.83319085836411 3.72574396265878 5.51396716965569 6.89344882965088 7.34870833820767 7.06544905238681 6.83869425455729 7.22637004322476 6.43723063998752 5.95720235506694 7.75612216525608 7.97366134325663 7.72564448250665 6.79459105597602
4.08566741976473 4.73184234814511 5.07736834386985 5.26998263349136 6.46571867830223 6.80844960610072 6.66022873752647 6.04941512809859 4.49466770225101 6.44891113539537 6.34559585319625 4.02035902606116 5.43711355659697 6.14265195528666 6.05917511383692 6.08821656306585 6.32303610775206 7.53027590115865 8.58684876230028 8.50104996893141 6.81025266647339 5.10861909389496 6.39832999971178 6.71622085571289 8.51983539263407 8.57211095756955 6.96878107388814 8.43481042650011 6.57663649982876 6.43398841222127 6.11769066916572 5.9209484524197 5.09605779250463 3.2066740029388 4.24820302095678 5.19834936989678 5.53827411598629 6.33767975701226 6.34878918859694 6.18663971953922 6.38782334327698 6.44471971193949 6.7928102546268 6.65408576859368 6.23669510417514 7.12430155277252 6.70985474851396 6.57037074036068 6.87244223223792
4.64955468641387 4.09342214796278 4.12203013896942 5.21559753682878 6.47940301232868 7.00424448152383 4.18187344074249 3.39359642730819 5.79430213901732 6.88149093257056 6.46034299002753 6.35830603043238 6.47826945119434 6.30363982253605 6.39856603410509 6.40052892764409 6.28086254994075 8.9130752881368 8.82268098327849 8.54102721479204 8.42596591843499 8.48283117347293 8.81747394137912 10.7086650530497 10.8647846645779 8.81999394628737 8.73248869842953 8.48416819837358 6.74800780084398 6.32882595062256 6.36000778939989 5.8559305800332 5.77518657843272 5.66725742816925 5.2272541920344 5.38206583923764 5.48754399352604 5.41361486911774 5.21561161677043 5.28983057869805 5.46197528309292 5.94755989975399 6.06517630153232 5.83760788705614 5.70322446028392 4.7958041495747 4.49586519102256 6.37939315372043 6.443775150511
4.51614301072227 4.68981013364262 5.05697336358329 4.44850689172745 6.45872943268882 6.85291483253241 5.91478146447076 5.4919811156061 6.44463566276762 6.45526463455624 6.09330138232973 5.82881952987777 5.6258190986183 5.57007801284393 5.65841100282139 5.45244742764367 6.67492334047953 8.21302433808645 8.37097540166643 8.70766776800156 9.07198959589005 9.44490370071597 10.9150728649563 10.8639092975193 10.4885240925683 10.3358790344662 8.25562326113383 8.18838930130005 6.65244629647997 6.20648921860589 6.10995811886258 5.74809392293294 5.40341480573018 5.7207354704539 5.91887119081285 5.31434035301208 5.31195742554135 4.99913009007772 4.92600657542547 4.98391998476452 4.68005546927452 4.81660304466883 5.14393249485228 4.9753356774648 4.87051694260703 4.63725358247757 4.65761986043718 6.04453168643845 6.69851613044739
4.51758303244909 4.85159109036128 5.02789527053634 4.55834776163101 6.20158528288205 6.49107050564554 7.33624242080583 6.7700970504019 5.93721098370022 5.62847321894434 5.46736498590973 5.20921992924478 5.02285244729784 4.9948554303911 6.3656599521637 5.8212157620324 5.88484554820591 5.88981160852644 6.54752119382222 7.94467539257473 8.0630249314838 10.2116887834337 8.54891000853645 10.2197875446743 10.3071338335673 10.4944794972738 10.2491583559248 10.3253192371792 8.21693462795681 6.79786676830716 6.65139291021559 6.39669704437256 6.38007532225715 6.25078683429294 6.58860961596171 5.99124697844187 5.00432880057229 3.95400340027279 3.85234464870559 4.547574636009 4.73028626706865 4.88155266311434 4.70196660690837 4.21275061617295 4.38783122847478 4.59617097179095 4.91073296467463 4.8753690454695 6.32096121708552
4.38370414574941 4.7049273053805 4.5715578728252 5.93760721551047 6.1975521908866 7.15224906967746 6.83584805329641 6.2986320455869 6.02726809183757 5.82805194457372 5.31431785557005 6.46760945849948 6.42452271779378 6.22432454427083 6.14479329850939 5.57689154148102 5.2617305914561 5.7769218020969 6.19142847590976 6.32889813847012 7.852357228597 8.17073498831855 9.89181142383152 8.12467606862386 7.82179461585151 7.84195017814636 6.44177797105577 6.24969225459629 8.20641748110453 6.67731788423326 6.59779077106052 6.39107815424601 6.25347669919332 5.98202338483599 5.62449604935116 5.60993160141839 4.75284855233298 4.62383975585302 4.78379388650258 5.18767383363512 5.31014654371474 5.19124316506916 4.75422292616632 4.51498074167305 4.53055308924781 4.71805122825834 4.90125340885586 4.832677639193 4.7876575158702
4.14301021231545 3.92707837952508 4.04559071858724 6.04637256595823 7.16645647585392 6.25618490245607 5.88375011748738 5.63546350184414 6.78341445657942 6.74020351303948 6.85002944204542 6.6758557955424 6.80753358205159 6.49987803565131 6.46851905186971 6.22678926255968 6.02150458759732 6.08981010648939 5.80733605225881 5.98493577374352 6.38898004425897 7.77957669893901 7.72501953442891 7.86535170343187 7.90309103329976 6.21631254090203 5.7473197778066 5.77314188745287 6.5017786026001 8.399211274253 7.21574388609992 7.11738517549303 6.9064334763421 5.96859313382043 5.09045649899377 5.84135684702131 5.37055350674523 5.65663903289371 6.003687315517 6.07414348920186 5.67934011088477 4.98263706763585 4.64640555448002 4.51935863494873 4.95883036322064 4.99467251698176 4.97473675012589 4.99161609013875 4.5830877688196
3.72742778725094 3.65263699657387 5.14286320739322 5.90039944648743 5.97125872307354 6.65789855851067 7.28144351641337 6.86233079433441 6.38188468085395 6.31803101963467 6.31365911165873 6.12691651450263 5.98987780676948 6.18861693806118 5.5411338408788 6.21209520763821 5.85846364498138 5.91899458567301 6.23820601569282 6.07734343740675 6.27033278677199 5.85961873001522 5.87068194813198 6.08470837275187 5.78977174229092 5.30913129117754 4.9394540588061 5.49177679750654 5.98661788304647 6.0770357714759 6.15636401706272 6.07561781671312 6.72909426689148 7.14782971805996 6.41893535190158 6.85033763779534 6.80270266532898 6.64032732115851 6.16017380025652 6.17298323578305 5.87038527594672 5.21254976590474 4.1625875118706 4.0147735244698 4.50940390427907 4.45944190687603 4.74792420864105 4.98862840069665 4.66962927911017
4.31369642416636 4.95858016941282 6.52026285065545 6.33865345848931 7.38082171810998 7.87191704909007 7.75897660520342 7.25566573937734 7.06761405203078 8.93046821488274 8.52358555793762 6.31079249911838 6.15133333206177 5.93698541323344 5.9037486049864 5.91206698947483 5.41912660333845 5.56025313006507 9.69381756252713 10.403149233924 10.1544378598531 5.79154617256588 5.52940621640947 5.51245200634003 5.80631226963467 5.69446885585785 5.18462546666463 4.93137451012929 4.54679055346383 4.88759856091605 5.35157648722331 5.15851747327381 5.52545864052243 5.33365873495738 4.89659976959229 4.74518156051636 4.95037274890476 6.18742254045275 6.21836358971066 6.0107120540407 5.26165297296312 5.41305482387543 4.96654779381222 4.71122569508023 4.65145906143718 4.76028524504768 4.92325941721598 6.45510163572099 4.09083725180891
5.52178533871969 5.75371691915724 6.43853696187337 7.09661686420441 7.34025173717075 7.05498172177209 6.37465781635708 6.07870417171054 5.95400987731086 8.61884580718147 11.0191343625387 10.6292122205098 10.9261791970995 10.1005532476637 10.1407789124383 10.714116414388 10.5144902865092 10.1175459755792 10.7820974985758 10.9735384517246 10.9040161768595 10.7281976805793 10.2244531313578 9.99174552493625 8.12455966737535 8.05240323808458 5.446463531918 4.98415760861503 4.94214809603161 5.04342040088442 4.89145574967066 4.82652817832099 4.24641524648501 3.88659892148442 3.64833801984787 4.32815117306179 3.9527293311225 4.26331779691908 4.39205450481839 4.68812492158678 4.60597266091241 4.48957135942247 4.14773564868503 3.9565667046441 4.86944023768107 4.9017952548133 6.58636501762602 6.45647664202584 6.22977353466882
6.1365335782369 6.35474647416009 6.63644096586439 7.07954290178087 6.46871919102139 8.35227817959256 10.1398735046387 9.91996479034424 9.56464926401774 9.98414813147651 10.2878695064121 9.53470171822442 9.8819784588284 10.6238475905524 11.03742090861 10.931215763092 10.5125925805834 10.367038514879 10.1736682256063 9.96971623102824 9.88989082972209 9.59884267383152 10.0931833585103 10.667780134413 10.7427061928643 10.8206694920858 7.22126775317722 10.3493364122179 9.70522928237915 7.92225482728746 7.86799886491564 5.08142768674427 4.32292786364754 3.95042780703968 3.62822454505497 3.80690966380967 3.5275949438413 3.33842878871494 3.8420768711302 3.95600700378418 3.9645856751336 4.39659733242459 4.54522720972697 4.38593080308702 4.2747089597914 4.2342275513543 6.15775949218207 5.24785179562039 3.26036461194356
