data/test_2003/bio9_avg_1994-2002.asc
NCOLS 664 
NROWS 380 
XLLCORNER 3.91666666666667 
YLLCORNER 55.3333333333333 
CELLSIZE 0.0416666666666667 
NODATA_value -9999 
[rows 352 to 373 of 380, columns 240 to 287 of 664]
4.34154112471475 4.27393098009957 4.19135785765118 4.17678451538086 4.19287790854772 4.17119350698259 4.14654611878925 4.1922690404786 4.16718702183829 4.12500340408749 4.13748643133375 4.1386361055904 4.13267471392949 3.43666707807117 3.46525216764874 3.48583741982778 3.50316330459383 3.505229903592 3.05345659123527 3.05942719512516 3.07631601227654 3.11412274837494 3.14326278699769 3.14951407247119 3.21169109808074 3.2330535252889 3.18856388992733 3.21103721194797 3.20958480238914 3.22605826788478 3.21305018001133 3.22256061765883 3.23459937506252 3.93471948305766 4.41102041800817 4.43800141745144 4.48068626390563 5.16109861102369 5.12856959965494 5.09048485424784 5.13528887265258 5.10935261845589 5.07023089296288 5.06333154936631 4.45388832605547 4.52498411252681 4.60370941046211 4.66732360091474
4.40425182382266 4.34828187359704 4.36001583271556 4.30597211254968 4.2381503979365 4.21521771616406 4.2042109436459 4.24224110444387 4.21137577295303 4.20131881369485 4.20415051778158 4.21313048071331 4.21736959616343 4.20968286196391 4.19569988383187 3.57593970828586 3.54338355196847 3.56971611579259 3.60782676272922 3.11891422669093 3.16036352184084 3.31402236885495 3.40042204823759 3.31104403734207 3.25099917252858 3.28428782025973 3.25579859150781 3.24101312292947 3.25919059581227 3.26944219734934 3.30547149313821 3.30246365732617 3.29765602946281 4.45684061447779 4.47958224183983 4.50039771364795 5.18832619819376 5.14893317057027 5.13887376255459 5.12074007093906 4.79239557766252 5.12054696099626 5.10404292494059 4.74141360984908 4.77605602031367 4.57889840669102 4.66344978246424 4.73214963078499
4.47414743900299 4.52989224261708 4.56674821509255 4.47286336289512 4.37075631154908 4.34131588869625 4.3053570025497 4.33991659349865 4.32600892914666 4.3274117410183 4.31111071838273 4.31866179903348 4.35065709551175 4.34057841367192 4.31101825502184 4.34256904655033 4.31130532754792 3.62560969591141 3.65643062525325 3.67317755354775 3.0282127128707 3.81251671248012 3.92051864994897 3.82792788412836 3.80659659372436 3.34922593666448 3.36429266300466 3.36202597452535 3.35857420331902 3.82964288360543 4.49069108068943 2.71532699300183 4.53388060298231 4.49286550945706 4.53377334525188 5.21209605286519 5.24635796621442 4.90900702401996 4.88803047935168 4.89327619804276 4.8182254454328 4.78154522635871 4.7929389807913 4.7849255601565 4.8187295852436 4.86235145727793 4.31070655915472 4.77179031239616
4.58908028072781 4.66120619078477 4.64955460031827 4.63382880720827 4.52891780601607 4.49045124484433 4.44509596791532 4.45366625156668 4.45242020653354 4.46387539803982 4.48310822414027 4.45974878304535 4.44550024138557 4.48317767679691 4.45789228214158 4.42712521221903 4.38295091523065 4.37455431951417 4.41475028130743 3.76560324430466 3.77426509724723 3.13721854156918 3.85873896049129 3.19091060923205 3.91824940178129 3.95359729395972 3.28415224038892 3.34259085963842 4.00060383044183 3.9806054191043 3.29035104438663 3.97626591173725 3.96277799208959 4.57239077933547 4.5905719531907 4.5831975493994 4.61982328361935 4.96671066474583 4.91693678063651 4.91568134766486 4.84501830964453 4.82450379596816 4.83769283278121 4.83125209311644 4.85910698109203 4.87310916516516 4.93103718757629 4.99600208799044
4.63438339365853 4.64622386958864 4.70739781194263 4.69709043163392 4.6715236922933 4.62558662684427 4.52068646086587 4.53660126113229 4.51083114246527 4.57396823167801 4.634142793715 4.62557667742173 4.59523227479723 4.57311026586427 4.6169143261181 4.54086641305023 4.47822596629461 4.47432635227839 4.57813056641155 4.61919384946426 3.95001538180643 3.96352392435074 4.00910697608358 3.32837646537357 3.3396823914049 3.38098817277286 3.42659042030573 4.75439033243391 3.44135049564971 4.75536019023922 4.79362297058105 6.24759872092141 6.24478430466519 4.73332328432136 4.73286086983151 4.70595393578211 4.79734338985549 4.72221431467268 4.99591723250018 4.94082724303007 6.05238251222505 4.93583263291253 4.94089099268119 4.93098608487182 4.91489181253645 4.88957023951742 4.93787867824237 5.05700157748328
4.73901967662904 4.76405645296392 4.7837597794003 4.80109290861421 4.77020372864273 4.67012934117681 4.6262772723308 4.61679539635467 4.58072356610662 4.68361700678037 4.66288078716025 4.62177457412084 4.68044572628828 4.71282072634333 4.82393642349376 4.8098671361804 4.78342714574602 4.7326911267721 4.75165865942836 4.78455222232474 4.16391360676951 4.1406203351087 4.1640675779846 4.1934408446153 3.52653402255641 4.20267635087172 4.20043423937427 4.84564446243975 4.25891324546602 6.3936713900831 5.80004953841368 6.442824718025 6.39434550537003 6.32692095306185 6.27223733233081 4.77759923868709 4.839529938168 4.85516458087497 4.83191044794189 5.1501955654886 5.1708265112506 5.07553181383345 5.04934827155537 5.05027586221695 5.00408384866185 4.97766110963292 5.0032385720147 5.09866768783993
4.82725131014983 4.82430919839276 4.83233004642857 4.93346207340558 4.91948293646177 4.79009649157524 4.70878409511513 4.63761963115798 4.68951217912965 4.64357287809253 4.55326322497179 4.58132382896211 4.66760683515006 4.59500067543316 4.89195035398006 4.93208498756091 4.9427383955982 4.96450277500682 4.97278563347128 4.99462407330672 4.96877168450091 4.3097608519925 3.61552383005619 4.33459410568078 3.65703412393729 4.32752831776937 4.34413840373357 6.49184092548158 6.57424937023057 6.50821347037951 6.52454814314842 6.51206754644712 6.57427406973309 6.53435351782375 6.45732160078155 4.9334957798322 4.9241419699457 4.88530640469657 5.29383221268654 5.28317572673162 5.36837122175429 5.30215934912364 5.22891037993961 5.15440214342541 5.09130954411295 5.07081785466936 5.11017785469691 5.16576025883357
5.01707814964983 4.9818712224563 4.93570145302349 4.97805000841618 4.36055509332154 5.0142288936509 4.92635511855284 4.83618520365821 4.90023444427384 4.86435475614336 4.85240091383457 4.84155820144547 4.61264130555921 4.92453932927714 5.01769661572244 4.76418722338147 4.99297420680523 5.07539072218868 4.4666186703576 4.51925971993721 4.53186273699005 3.83628695106341 4.57321450662696 4.04900327878487 3.80999699123721 4.48160247214966 6.65811692343818 6.64254670010673 6.65543470117781 6.58465799358156 6.54699235492282 6.54517861207326 6.65365352233251 6.69881060388353 6.63769200775358 6.61333368221919 5.11086004972458 5.0884562002288 5.52170265383191 5.15089501274957 5.5609824458758 5.60637142260869 5.54202171166738 5.39333607090844 5.35005016459359 5.31607709328334 5.28847418891059 5.27738975154029
5.07031241473224 5.07713694911864 5.06759107554374 5.1178972058826 5.11331408802006 5.17124972740809 5.10325960732169 5.06712114810944 5.16191954331266 4.42971731556786 4.9249460225304 4.4528693291876 4.4247046775288 4.49587326579624 5.16240601614118 4.90717853936884 5.01787678400675 4.5659552415212 4.61075331270695 4.63214410179191 3.96837452136808 3.96865741163492 4.03217685719331 3.94172331856357 3.88239204883575 3.97279842197895 6.11761311524444 6.08479946023888 6.68583873245451 6.64848505126105 6.61202934053209 6.62421551015642 6.74827414088779 6.74837187263701 6.70904209216436 6.68713199430042 6.61358090904024 5.17470145887799 5.14721192253961 5.63371928532918 5.55496400594711 5.60090017318726 5.6312808725569 5.52341230710347 5.50336609946357 5.43098879522747 5.36425199773577 5.37645839982563
5.17925020307302 5.18588417768478 5.2149622456895 5.24818863636917 4.59769250618087 5.2904932167795 5.26483075486289 5.31902010904418 4.64993352856901 4.01759668853548 4.01782669292556 3.74945008092456 3.76476112008095 4.6060369445218 4.54173316061497 4.29379973684748 4.43956980854273 4.71948814060953 4.73066929313872 4.13898384239939 -9999 -9999 -9999 -9999 4.99202940861384 4.84221981631385 -9999 -9999 -9999 -9999 -9999 -9999 -9999 -9999 6.64532154136234 -9999 6.52347994512982 5.14437059561412 5.43497692214118 5.4418980413013 5.39774177471797 5.39569184515211 5.44025191995833 5.52374895413717 5.53348224692875 5.4650008281072 5.40462574693892 5.38968612088097
4.97478065888087 5.11581618421608 5.24166668454806 5.34151735239559 5.41684905356831 5.48232926925023 4.1691858569781 4.73656199044651 4.00754692488247 3.57867677675353 3.37467122409079 3.41327018539111 4.05946565667788 4.70753403173553 4.69950332575374 4.65643552276823 4.66175340281592 4.73753975828489 4.74739295575354 4.76958610614141 4.73725577195485 -9999 -9999 -9999 -9999 -9999 -9999 -9999 -9999 -9999 -9999 -9999 -9999 -9999 -9999 -9999 -9999 -9999 -9999 -9999 -9999 -9999 5.40424379375246 5.46267987622155 5.54776231447856 5.48479935857985 5.45969631936815 -9999
4.89957036574682 4.96737823883692 5.0432601686981 5.25514210263888 5.45391276809904 5.54735026756922 5.51071361700694 3.69479170441628 3.66533113188214 3.39117272363769 3.65830947955449 3.67178705996937 3.49547459681829 3.51197723547618 3.92625562349955 4.46548509266641 4.63329372141096 4.62647699978617 4.69539278414514 4.74575382471085 4.65752309560776 -9999 4.91356227133009 -9999 -9999 -9999 -9999 -9999 -9999 -9999 -9999 -9999 -9999 -9999 -9999 -9999 -9999 -9999 -9999 -9999 -9999 -9999 -9999 -9999 5.57703178458744 5.59575604067908 -9999 -9999
5.06287837276856 5.11005116668012 5.14663135508696 5.22847069303195 5.34319891201125 5.44088990158505 5.50169213612874 5.50582758585612 3.74486035108566 3.71377852890227 3.47305242220561 3.5043249991205 3.52029481199053 -9999 -9999 -9999 -9999 -9999 4.72181037068367 4.22448248995675 -9999 -9999 -9999 -9999 -9999 -9999 -9999 -9999 -9999 -9999 -9999 -9999 -9999 -9999 -9999 -9999 -9999 -9999 -9999 -9999 -9999 -9999 -9999 -9999 -9999 -9999 -9999 -9999
5.11174254947239 5.2222058210108 5.26533588767052 5.32202144794994 5.39174419641495 5.45042968458599 5.51785597536299 4.87323883506987 4.43114717139138 3.79265522956848 -9999 -9999 -9999 -9999 -9999 -9999 -9999 -9999 -9999 -9999 -9999 -9999 -9999 -9999 -9999 -9999 -9999 -9999 -9999 -9999 -9999 -9999 -9999 -9999 -9999 -9999 -9999 -9999 -9999 -9999 -9999 -9999 -9999 -9999 -9999 -9999 -9999 -9999
6.73460243476762 5.49820348951552 5.20789224240515 5.307498090797 5.39791881375843 5.47308029068841 5.52016762892405 4.85825228028827 4.83775848150253 3.84394963582357 -9999 -9999 -9999 -9999 -9999 -9999 -9999 -9999 -9999 -9999 -9999 -9999 -9999 -9999 -9999 -9999 -9999 -9999 -9999 -9999 -9999 -9999 -9999 -9999 -9999 -9999 -9999 -9999 -9999 -9999 -9999 -9999 -9999 -9999 -9999 -9999 -9999 -9999
6.64910131692886 7.420428921779 5.43451223108504 5.15882668561406 5.38683458831575 5.49150902032852 5.5497389766905 4.85593681202994 -9999 -9999 -9999 -9999 -9999 -9999 -9999 -9999 -9999 -9999 -9999 -9999 -9999 -9999 -9999 -9999 -9999 -9999 -9999 -9999 -9999 -9999 -9999 -9999 -9999 -9999 -9999 -9999 -9999 -9999 -9999 -9999 -9999 -9999 -9999 -9999 -9999 -9999 -9999 -9999
6.62722998443577 7.39072772032685 7.48685281475385 7.11727644751469 5.18878720866309 5.47793753941854 5.5988656812244 5.56216407484478 -9999 -9999 -9999 -9999 -9999 -9999 -9999 -9999 -9999 -9999 -9999 -9999 -9999 -9999 -9999 -9999 -9999 -9999 -9999 -9999 -9999 -9999 -9999 -9999 -9999 -9999 -9999 -9999 -9999 -9999 -9999 -9999 -9999 -9999 -9999 -9999 -9999 -9999 -9999 -9999
6.71039549675253 8.34630206558439 7.53673522671064 6.96592036220762 5.14659157064226 5.37681047121684 4.87297725015216 -9999 -9999 -9999 -9999 -9999 -9999 -9999 -9999 -9999 -9999 -9999 -9999 -9999 -9999 -9999 -9999 -9999 -9999 -9999 -9999 -9999 -9999 -9999 -9999 -9999 -9999 -9999 -9999 -9999 -9999 -9999 -9999 -9999 -9999 -9999 -9999 -9999 -9999 -9999 -9999 -9999
6.90953637493981 8.60560340682665 8.65914161337746 7.14963705009884 5.26803854770131 5.47316610813141 5.58703447050518 -9999 -9999 -9999 -9999 -9999 -9999 -9999 -9999 -9999 -9999 -9999 -9999 -9999 -9999 -9999 -9999 -9999 -9999 -9999 -9999 -9999 -9999 -9999 -9999 -9999 -9999 -9999 -9999 -9999 -9999 -9999 -9999 -9999 -9999 -9999 -9999 -9999 -9999 -9999 -9999 -9999
7.11176347732544 8.01315600342221 8.01552933454514 7.95101393593682 7.96864678462346 6.66745988859071 5.41417437129551 5.4914031624794 5.51597246858809 -9999 -9999 -9999 -9999 -9999 -9999 -9999 -9999 -9999 -9999 -9999 -9999 -9999 -9999 -9999 -9999 -9999 -9999 -9999 -9999 -9999 -9999 -9999 -9999 -9999 -9999 -9999 -9999 -9999 -9999 -9999 -9999 -9999 -9999 -9999 -9999 -9999 -9999 -9999
6.59445271889369 7.15398540099462 8.05878520674176 7.98766644795736 7.96388026078542 8.03779851728016 8.17186478773753 5.3976497915056 5.5441030992402 -9999 -9999 -9999 -9999 -9999 -9999 -9999 -9999 -9999 -9999 -9999 -9999 -9999 -9999 -9999 -9999 -9999 -9999 -9999 -9999 -9999 -9999 -9999 -9999 -9999 -9999 -9999 -9999 -9999 -9999 -9999 -9999 -9999 -9999 -9999 -9999 -9999 -9999 -9999
5.33321671022309 5.28666512171427 8.25959664583206 8.20483688513438 8.19755899243885 8.22502151462767 8.2861140039232 8.36483554045359 5.53334444099002 5.69434388478597 -9999 -9999 -9999 -9999 -9999 -9999 -9999 -9999 -9999 -9999 -9999 -9999 -9999 -9999 -9999 -9999 -9999 -9999 -9999 -9999 -9999 -9999 -9999 -9999 -9999 -9999 -9999 -9999 -9999 -9999 -9999 -9999 -9999 -9999 -9999 -9999 -9999 -9999
