data/test_2003/bio9_avg_1994-2002.asc
NCOLS 664 
NROWS 380 
XLLCORNER 3.91666666666667 
YLLCORNER 55.3333333333333 
CELLSIZE 0.0416666666666667 
NODATA_value -9999 
[rows 308 to 329 of 380, columns 576 to 623 of 664]
-1.4015898903211 -1.43989423248503 -1.46953185399373 -1.44835440980064 -1.43317717313766 -1.42407411999173 -1.47815617587831 -1.59446046087477 -1.63856944772932 -1.69589061207241 -1.73358198006948 -1.79312540425195 -1.84777993626065 -1.86554535230001 -2.36522232161628 -2.35604231887394 -2.32797318034702 -2.31420053376092 -2.30698861016168 -2.19658086034987 -2.13593423366547 -2.12915420532227 -2.17785607443915 -2.22611320018768 -2.29214813974169 -2.34084990289476 -2.30955149067773 -2.29166061348385 -2.26599178049299 -2.19713788562351 -2.11465431584252 -2.05950421757168 -2.04042211506102 -2.01711169878642 -1.98802332083384 -1.97871287001504 -2.0053283572197 -2.03431414233314 -2.04596376419067 -2.02021017339495 -2.080086198118 -2.16085144546297 -2.21057935555776 -2.2604554494222 -2.2833931710985 -2.28391095002492 -2.31850279702081 -2.34598342577616
-1.39415859513813 -1.39314142200682 -1.42501298586528 -1.39169937372208 -1.38201554616292 -1.4284057352278 -1.4944254623519 -1.59570453564326 -1.67498740884993 -1.73590377966563 -1.78770913018121 -2.3318805164761 -2.40511821375953 -2.46620743804508 -2.45337122016483 -2.40475681093004 -2.37014273802439 -2.37956376870473 -2.30244361029731 -2.21704060501522 -2.1660799715254 -2.15084665351444 -2.12390988402896 -2.17097302277883 -2.28382823202345 -2.34355425834656 -2.27512494723002 -2.28766984409756 -2.00603408283658 -2.19357379277547 -1.87954903973473 -2.09155191977819 -1.64311124881109 -1.9661125474506 -1.24808780352275 -1.25463990370433 -1.94668885072072 -1.50633591413498 -1.92734454737769 -1.92082061370214 -1.92948195007112 -2.08237071832021 -2.20125593741735 -2.23754872216119 -2.25260266330507 -2.21552906433741 -2.18541819519467 -2.23686310980055
-1.44007973538505 -1.4352934161822 -1.41872968938616 -1.37423968977398 -1.39019433657328 -1.40725984176 -1.49773282474942 -1.62746518850327 -1.68323299619887 -1.73629576630063 -1.80521020624373 -2.33370327949524 -2.43545636865828 -2.49609830644396 -2.44607351885902 -2.36753031942579 -2.31409794754452 -2.32066577010685 -2.31940199269189 -1.96088303460015 -2.19190332624647 -2.19731728235881 -2.15554614861806 -2.16829347610474 -2.24575348695119 -2.31238408883413 -1.91331125630273 -2.27609724468655 -1.8983793258667 -2.27033252186245 -1.82389205031925 -1.759462998973 -1.70961246887843 -1.66189592414432 -2.08936976724201 -2.07463716136085 -1.99123806423611 -1.96109828021791 -1.99399550755819 -2.00941128863229 -2.05086749792099 -2.09717430008782 -2.09659195608563 -2.08304670784208 -2.11662342151006 -2.19517354832755 -2.21505722734663 -2.20138509405984
-1.46602029270596 -1.4498323003451 -1.4431999458207 -1.40886408752865 -1.40060208903419 -1.44582153691186 -1.60400391949548 -1.72159393628438 -1.7797503736284 -1.7837325334549 -1.78171477052901 -2.31000940004985 -2.38096809387207 -2.43066732088725 -2.37910752826267 -2.32599196169111 -2.31006169319153 -2.41396502653758 -2.3331970638699 -2.26604843139648 -2.01145949628618 -2.24441797203488 -1.95848282178243 -2.20133374796973 -1.86364308993022 -1.88991202248467 -1.90292149119907 -1.91659768422445 -1.88160720136431 -1.56104534202152 -1.79681138197581 -1.49287579456965 -1.2291671037674 -2.05959929360284 -1.70605020390617 -2.05809771352344 -1.95964315202501 -1.99096649885178 -2.10147511959076 -2.08094647195604 -2.00234387318293 -1.99415108892653 -1.97380522224638 -1.97527670198017 -2.07975178294712 -2.16899296310213 -2.17741920550664 -2.14643827411864
-1.40671177705129 -1.45012026362949 -1.40767062372632 -1.4043032195833 -1.4192320505778 -1.4792721801334 -2.1180462969674 -2.20270684030321 -2.2611563205719 -2.25376478830973 -2.2539290189743 -2.3303396569358 -2.36966049671173 -2.34182886282603 -2.27614120642344 -2.2616225083669 -2.3927634689543 -2.37833758195241 -2.35165888733334 -2.4043431546953 -2.36780163976881 -2.29129682646857 -2.37822438610925 -1.90481739574009 -1.8919319709142 -1.85808371173011 -1.84667971399095 -1.57488567299313 -1.07165187597275 -1.45012456178665 -1.47504007154041 -1.71573440233866 -1.68083981672923 -1.69936348994573 -1.67512845993042 -1.98644702964359 -1.91086307499144 -1.93594594796499 -2.03957745763991 -2.05118079980214 -2.03048768970701 -1.97657310300403 -1.96558162901137 -2.01714948150847 -2.07421349154578 -2.1284419298172 -2.16844807068507 -2.16793559657203
-1.36191795269648 -1.39223364988963 -1.39080760214064 -1.43529801898532 -1.40267717838287 -1.43405637476179 -2.05422761705187 -2.10376311673058 -2.13562327623367 -2.1655855178833 -2.29450852341122 -2.34205606248644 -2.42171310053931 -2.28194733460744 -2.28642947143979 -2.26189892159568 -2.29862750901116 -2.28031746546427 -2.28306266996596 -2.317511677742 -2.31855271922217 -1.88093194696638 -1.9623739057117 -1.974038110839 -1.93436884880066 -1.84529223706987 -1.8140676551395 -1.78121328353882 -1.7148035897149 -1.66817149188783 -1.63435410128699 -0.899820056226518 -1.3258826467726 -1.6042153040568 -1.60112534628974 -1.56810957855648 -1.56687124570211 -1.58429978291194 -1.56365415785048 -1.90297976467344 -1.96044605970383 -1.99580872058868 -2.03272692362467 -2.03083050251007 -2.01645302772522 -2.03515003124873 -2.08021757337782 -2.10780341095395
-1.3493465979894 -1.38012475437588 -1.38646341694726 -1.4264406826761 -1.91358857022391 -1.47024757994546 -1.98174256086349 -2.00985646910138 -2.06468266910977 -2.1607395278083 -2.27116967572106 -2.27414270242055 -2.23868791924583 -2.31399614281125 -2.2540377246009 -2.22289426459206 -2.19975071483188 -2.1929776403639 -2.16835487551159 -2.18795685635673 -2.24290962351693 -2.26849144034915 -1.8599257601632 -1.81955520311991 -1.79458363850911 -1.78739009963142 -1.7956037123998 -1.75752109289169 -1.71662375662062 -1.43457908762826 -1.36342162556118 -1.33048636383481 -1.62036344740126 -1.66538347800573 -1.60425555706024 -1.58186819818285 -1.57822154627906 -1.6174638138877 -1.5657431350814 -1.88703350888358 -1.52726459503174 -1.61394492785136 -1.65200397041109 -1.60039887163374 -1.96691483259201 -1.92522093322542 -2.03391287061903 -2.13730086220635
-1.1352707280053 -1.14554501242108 -1.3481456372473 -1.36884291304482 -1.92352504200406 -1.97723128398259 -2.01784989568922 -2.04609799385071 -2.17669170432621 -2.22715296347936 -2.21345227294498 -2.17154888974296 -2.06775514947044 -2.12157691187329 -2.14209051926931 -2.11560485760371 -2.10554484526316 -2.10141086578369 -2.14527667893304 -2.21017966005537 -2.19257348775864 -1.71769377258089 -1.74334588315752 -1.74507213301129 -1.71613177988264 -1.7112654182646 -1.69721382856369 -1.68042167027791 -0.975793295436435 -1.37980641921361 -1.38113078806135 -1.36378838618596 -1.39704357915454 -1.67751457293828 -1.5851633614964 -1.58364186022017 -1.53038657373852 -1.54373892148336 -1.57479496134652 -1.62054091691971 -1.62271034055286 -1.65687940518061 -1.6664561231931 -1.63899563418494 -1.98278379440308 -1.58606276247236 -2.03323802020815 -2.12205767631531
-1.53351817528407 -1.1182934972975 -1.5813656118181 -1.62521535820431 -1.86585898531808 -1.97579703066084 -2.06899423069424 -2.17134094238281 -2.21689899762472 -2.18954745266173 -2.11449207862218 -2.06210360924403 -2.06223360697428 -2.09688209825092 -1.89610322978761 -2.09958641396628 -2.04801274008221 -2.03006843063566 -2.04012436336941 -2.09692107306586 -1.62805813550949 -1.79988063706292 -1.35468602842755 -1.34456633859211 -0.830556763543023 -1.29484556118647 -1.33465178145303 -1.36964333057404 -1.34337564309438 -0.850464820861816 -0.872046338187324 -1.3536092572742 -1.58159074518416 -1.57964585887061 -1.58421944247352 -1.57894114653269 -1.56040369802051 -1.55253281195958 -1.58134647210439 -1.60525555080838 -1.64101627137926 -1.63507329755359 -1.63001949257321 -1.61326140165329 -1.56656229496002 -1.56673679749171 -1.6147629155053 -1.68789990080727
-1.51148376199934 -1.74058507548438 -1.58054459757275 -1.80433152119319 -1.64420990811454 -1.71764287683699 -2.07680545912849 -2.1162107653088 -2.15658743513955 -2.13549996084637 -2.05498641729355 -2.07473237646951 -2.05490440130234 -2.09870584143533 -1.85594208372964 -1.79651459058126 -1.73567969931497 -1.48954093456268 -1.70334349075953 -1.7544343802664 -1.73596445719401 -1.23921464549171 -1.23135468032625 -1.23875392807855 -0.783482319778866 -1.22236737277773 -1.24961868259642 -1.29109209113651 -0.838173826535543 -0.826765305466122 -1.30358633067873 -1.53426476319631 -1.50176000595093 -1.49807312091192 -1.56179393662347 -1.56166282627318 -1.55109809504615 -1.55067263709174 -1.54446946912342 -1.56321222252316 -1.64272975259357 -1.6109710600641 -1.56143438816071 -1.55678670273887 -1.56665546364254 -1.59896612167358 -1.67653596401215 -1.73743934763802
-1.69483557012346 -1.75248493088616 -1.79902322424783 -1.62049009402593 -1.8492851389779 -1.86233625809352 -1.8161971701516 -2.03178560071521 -1.80044151014752 -2.09634158346388 -2.09996275107066 -2.09069465266334 -2.05416753556993 -2.03808508316676 -2.01837274101045 -1.75586502419578 -1.72098581658469 -1.21896223227183 -1.66515343719059 -0.783682035075294 -1.24581652217441 -1.27458660470115 -1.51358187198639 -1.52251238293118 -1.53618354267544 -1.50874361064699 -1.51352590322495 -1.57786391841041 -1.34286642736859 -1.30467348628574 -0.834370791912079 -1.53143753608068 -1.46533663405312 -1.46316740247938 -1.51818342341317 -1.48401410712136 -1.43628935019175 -1.42649058500926 -1.50944417052799 -1.57498063643773 -1.59955420758989 -1.59175751606623 -1.56729400820202 -1.54764531056086 -1.5924519499143 -1.66208448674944 -1.71623518731859 -2.17945628033744
-1.74244089259042 -1.59249858061473 -1.89936611387465 -1.90190292729272 -1.91592111852434 -1.92349499464035 -1.75306189722485 -1.9501755701171 -1.91583246654934 -1.83591738012102 -1.8682534760899 -1.70239017407099 -1.73465196953879 -1.97398278448317 -1.97594193617503 -1.98049397601022 -1.93445302380456 -1.70484998491075 -1.29808772272534 -1.31487321853638 -1.32848444249895 -1.34069952699873 -1.56099386347665 -1.29794425434536 -1.63165758715736 -1.37830022308562 -1.5954324470626 -1.56306062804328 -1.49535551336077 -1.45335397455427 -1.2351528207461 -1.49483253558477 -1.45328367418713 -1.40678005086051 -1.36753581629859 -1.37325430578656 -1.38497293657727 -1.38958049482769 -1.43574354383681 -1.47457325458527 -1.5043660932117 -1.56572905513975 -1.56559806399875 -1.57168898317549 -1.59469301833047 -1.65223979287677 -1.66052722930908 -2.1357389026218
-1.81746471590466 -1.97521358728409 -1.99711648623149 -2.02276275555293 -1.77774465084076 -1.74283572038015 -1.76437122291989 -2.00260737207201 -1.87570685148239 -1.77906167176035 -1.74958123432265 -1.59258417619599 -1.92980559004678 -1.72924156983693 -1.70308856169383 -1.66345443328222 -1.72293130556742 -1.35838299327426 -1.4464476108551 -1.47332727246814 -1.4095227850808 -1.37910854154163 -1.3469906118181 -1.59287981854545 -1.40668065680398 -1.67101285192702 -1.36711159679625 -1.29543819030126 -0.955530789163378 -0.723370254039764 -1.2694546646542 -0.32555611928304 -1.23427953322728 -0.691143340534634 -0.166187842686971 -1.09280810091231 -1.37239734331767 -1.39896690183216 -1.43775850534439 -1.47988348537021 -1.52311958869298 -1.57458975580004 -1.5773833990097 -1.5781032178137 -1.60960080888536 -1.67165440320969 -1.70022640625636 -1.70479830768373
-1.98901298973295 -2.00953724649217 -2.00465414921443 -2.01147454314762 -1.75865527656343 -1.76253824763828 -1.77479141288333 -1.78822987609439 -1.75855420695411 -1.69783874352773 -1.67386396725972 -1.96272973881827 -1.78295136822595 -1.78245809343126 -1.72959429687924 -1.72087878651089 -1.30626797676086 -1.35309329960081 -1.60954968134562 -1.36926280127631 -1.3744869629542 -1.36922130319807 -1.40210389428669 -1.3791345556577 -1.3652763499154 -1.58222173982196 -1.49339346090953 -1.43908354971144 -0.997674140665266 -1.08074243863424 -0.840301586521996 -1.54480750030941 -0.764091081089444 -1.21453035540051 -0.692944784959157 -0.947383066018422 -0.947596867879232 -1.4587975607978 -1.49925487571292 -1.50963803794649 -1.56239171160592 -1.58662666877111 -1.57930625809564 -1.58909703625573 -1.64028645886315 -1.69640219873852 -1.75429600477219 -1.77500433391995
-2.02447750171026 -2.02006231413947 -1.9757953286171 -1.70186885860231 -1.67675810058912 -1.68957328796387 -1.7174994746844 -1.73209244012833 -1.72890487644407 -1.68786291943656 -1.69667261838913 -1.74503812525007 -1.77325546741486 -1.79569494724274 -1.78287508090337 -1.29137078258726 -1.49701982074314 -1.46022488342391 -1.44713367025057 -1.22778782248497 -1.25350050462617 -1.28424770964517 -0.805049161116282 -0.788737171226078 -1.26019310288959 -0.718631489409341 -0.684467332230674 -0.703636596600215 -0.758065230316586 -1.01908304956224 -0.708181771967146 -1.41110000345442 -1.41509702470567 -1.44494875934389 -1.21742919418547 -1.50509646866057 -0.988099250528548 -1.46894781457053 -1.50968842373954 -1.56228088670307 -1.09455415275362 -1.62968772649765 -1.65805789497164 -1.65539098448224 -1.68092924356461 -1.72352109352748 -1.80152021514045 -1.78633603122499
-2.02526465389464 -1.98139868842231 -1.91345774796274 -1.6045355366336 -1.78750180535846 -1.78837565581004 -1.59945848584175 -1.63475362128682 -1.70342776179314 -1.71925852033827 -1.72479292750359 -1.76114226712121 -1.77171374029583 -1.76258158683777 -1.31130328443315 -1.29870467715793 -1.51822088162104 -1.50819219814406 -1.51520051889949 -1.51650488707754 -1.25226735406452 -1.27381784386105 -1.30262732174661 -0.779754701587889 -1.28120938605732 -0.73548678888215 -0.695612059699165 -1.2365270058314 -1.53872219059202 -1.22303473618295 -1.40912524527974 -1.13576500614484 -0.657365587022569 -1.15679849849807 -1.18600765532917 -0.967634432845645 -1.45481334461106 -1.4712697300646 -1.53535542885462 -1.56647805372874 -1.29592965046565 -1.58064988586638 -1.62673552831014 -1.63696952660878 -1.65740997261471 -1.71027954419454 -1.75722311602698 -1.76438883940379
-2.01285772191154 -1.97295737597677 -1.9061573445797 -1.82543140980932 -1.55727400051223 -1.57260493768586 -1.62734324402279 -1.68556310402022 -2.02104479074478 -1.83109848366843 -1.82276496622298 -1.80946855412589 -1.78506083289782 -1.75161626272731 -1.32554389039675 -1.36574237876468 -1.36105192369885 -1.34510212143262 -1.33196733064122 -1.29838781555494 -1.27592303686672 -1.29020235273573 -1.28492613302337 -0.758476075198915 -0.735409143898222 -1.22317138314247 -0.73527518245909 -0.760726693603728 -0.726845042573081 -1.17288095090124 -1.12256763709916 -0.888276484277513 -0.634578694899877 -0.671292652686437 -0.686451352304883 -0.954135292106205 -1.50860463248359 -1.55477653609382 -1.57924461364746 -1.58549040555954 -1.59425487120946 -1.62205617957645 -1.6174131433169 -1.61625154150857 -1.6622464855512 -1.70562020275328 -1.73751251565086 -1.78310818804635
-2.0022285481294 -2.00574699375364 -1.954708725214 -1.91979027125571 -1.6522723933061 -1.63593534959687 -1.60463535454538 -1.87530145711369 -1.9925881061289 -1.34636268350813 -2.05075713329845 -1.80179480049345 -1.31453419062826 -1.3396039572027 -1.36356213026577 -1.36115047997899 -1.34822002384398 -1.31551179289818 -1.28635898894734 -1.23935458726353 -0.928811848163605 -1.18362398611175 -1.43031377593676 -0.701271338595284 -0.720493707391951 -1.23862009909418 -0.712419768174489 -0.71497541334894 -0.994412028127246 -1.21272718906403 -0.656345953543981 -0.667790495687061 -1.16600167420175 -1.45932642618815 -1.50121394462056 -1.55769383907318 -1.65417383114497 -1.7280611064699 -1.71646704276403 -1.6989469660653 -1.72194553083844 -1.25522745317883 -1.74157230059306 -1.67486695448558 -1.67641626463996 -1.73303495513068 -1.70217209392124 -1.75493870178858
-1.96118588911162 -1.98192652397686 -1.97488990426064 -1.95422307981385 -1.92259370949533 -1.86622347103225 -1.56400162478288 -1.5968854394224 -1.96694630715582 -1.80381559332212 -2.02013255821334 -1.7870841258102 -1.58481825060315 -1.84346382154359 -1.84043129616314 -1.32189181115892 -1.31435105204582 -0.758641067478392 -0.721717360946867 -0.93480947944853 -0.915773787432247 -1.26400874058406 -1.27596809135543 -1.26977954639329 -1.22655370500353 -0.903351126445664 -0.853577877084414 -0.894693260391553 -0.673402365711 -0.960331648588181 -0.978187849124273 -1.01145150926378 -1.5517752468586 -1.55078551504347 -1.56105532579952 -1.64154720306396 -1.73685404989454 -1.76823470327589 -1.77043028672536 -1.7933667699496 -1.84296966923608 -0.881899933020274 -1.86839787165324 -1.81229731771681 -1.71154905027813 -1.74007925722334 -1.70757254627016 -1.70699153343836
-1.93708494967884 -1.96104087432226 -1.90144130587578 -1.84621171818839 -1.81927884121736 -1.79530870748891 -1.55618269575967 -1.80855348375109 -1.92056367132399 -1.73684064216084 -2.00284113817745 -1.77837333745427 -2.05674815177917 -2.06770186622938 -1.56391552090645 -1.53332190712293 -0.771498143672943 -0.794457465410233 -0.771638827191459 -0.721857292784585 -0.70627441836728 -0.741482724746068 -0.731876098447376 -0.686417664090792 -0.621255545152558 -0.805001470777724 0.203965198248625 -0.844544894165463 -0.883501620756255 -0.914384358459049 -0.982156127691269 -1.57586312625143 -0.883403466807471 -1.64513391256332 -0.725684503714244 -0.84796240594652 -0.916536258326636 -0.89274005095164 -0.904351095358531 -1.87697144349416 -0.900536033842299 -0.931924998760223 -0.919387876987457 -0.89840641286638 -0.810034930706024 -1.72304944859611 -1.69571353329553 -1.70208140214284
-1.95500784450107 -1.99741427103678 -1.95073324773047 -1.85353355771965 -1.81248221629196 -1.62281606594721 -1.63591924640867 -1.9031055751774 -1.94107017914454 -1.95953209367063 -1.97947581112385 -2.01786379350556 -2.01499261127578 -1.98863990273741 -0.947269126772881 -1.392408369316 -0.944229278299544 -0.773014469279183 -0.778745369778739 -0.715957947903209 -0.662127799457974 -0.639773545993699 -0.631567522883415 -0.602546457615164 -0.554710547129313 -0.816207316186693 -0.820931542664766 0.144932232797146 0.0912779023249944 -0.736716381377644 -0.827547440926234 -1.43028610944748 -0.266306963231828 -0.996336526340909 -1.07309319575628 -0.456037839253743 -1.02968119250404 -1.01783868339327 -0.963107314374712 -0.954894277784559 -0.945496367083655 -0.980912817849053 -0.947662949562073 -0.945450087388357 -1.78048124578264 -0.665959573454327 -0.659160312679079 -1.6966525250011
-1.94578621288141 -1.78618364863926 -1.98335857689381 -1.92796666257911 -1.92613020704852 -1.93303442001343 -1.94075338873598 -1.4158450745874 -1.95528011189567 -1.95873237815168 -1.98544350100888 -1.21375426981184 -1.93960724771023 -1.89083715031544 -1.44154899898503 -1.46033975813124 -0.90315838654836 -0.677867670853933 -0.934119052357144 -0.637540238598982 -0.589610965301593 -0.581249621179369 -0.54111043167197 0.23633503044645 0.23862595938974 -0.793561259905497 -0.865830646620856 0.0981655385759142 0.0242345482110977 -0.099103977282842 -1.7308727701505 -1.54618299007416 -0.345162199603187 -1.07450475295385 -1.36302189694511 -0.973307569821676 -1.02490017149183 -1.00597440534168 -0.978381971518199 -0.438458204269409 -0.944085948997074 -0.405823091665904 -0.405987044175466 -0.917456752724118 -0.762149333953857 -0.70001608133316 -0.696401053004795 -1.73774239752028
