data/test_2003/bio9_avg_1994-2002.asc
NCOLS 664 
NROWS 380 
XLLCORNER 3.91666666666667 
YLLCORNER 55.3333333333333 
CELLSIZE 0.0416666666666667 
NODATA_value -9999 
[rows 198 to 219 of 380, columns 48 to 95 of 664]
-9999 -9999 -9999 -9999 -9999 -9999 -9999 -9999 -9999 -9999 -9999 -9999 -9999 -9999 -9999 -9999 -9999 -9999 -9999 -9999 -9999 -9999 -9999 9.30925692452325 9.39978546566433 9.67047278086344 9.20611872937944 8.90699350833893 8.73529638184441 8.66266906261444 8.28028469615512 8.9467392232683 8.61424705717299 9.09452682071262 10.4693964322408 10.6823718282912 10.8341619703505 9.30746555328369 8.78509219487508 8.18220623334249 7.67937530411614 9.70726219813029 9.10835229025947 7.73883575863308 8.29445754157172 7.81485838360257 8.31681444909838 9.32236321767171
-9999 -9999 -9999 -9999 -9999 -9999 -9999 -9999 -9999 -9999 -9999 -9999 -9999 -9999 -9999 -9999 -9999 -9999 -9999 -9999 9.27938259972466 9.32843499713474 9.5832077132331 9.69588210847643 9.80031400256687 9.90190913942125 9.28267066511843 9.15154066350725 9.35973183314005 9.27601666582955 9.18566633595361 10.2823327382406 9.6960580084059 8.02937584453159 8.45849527253045 8.1325437757704 8.6746662457784 8.2487146059672 8.5352922545539 9.56860778066847 10.1689605447981 9.26535238160027 9.41144360436333 8.58623454305861 8.74959256913927 9.11907445059882 9.8258761299981 9.76223299238417
-9999 -9999 -9999 -9999 -9999 -9999 -9999 -9999 -9999 -9999 -9999 -9999 -9999 8.65362903806898 -9999 8.87182876798842 8.9512988726298 -9999 -9999 -9999 9.24410910076565 9.40434047910902 9.56063678529527 9.79050567415026 9.83549801508586 9.54353004031711 9.37183009253608 9.23264728652106 9.45876555972629 9.9157059457567 9.53940534591675 10.4779475529989 9.26040167278714 8.86051384607951 9.59969743092855 9.09883361392551 8.65974762704637 9.17895820405748 9.86172411176893 10.0807122919295 10.4828856256273 10.1570150057475 10.378468937344 10.468737549252 10.4668652746412 10.4466112454732 9.86117209328545 8.69442833794488
-9999 -9999 -9999 -9999 -9999 -9999 -9999 -9999 -9999 -9999 -9999 -9999 8.78233819537693 8.84827947616577 -9999 -9999 -9999 8.92799133724636 -9999 -9999 -9999 -9999 9.69399134318034 9.75369914372762 -9999 9.67126263512505 8.93434055646261 9.23549254735311 8.53428885671828 9.33540307150947 9.41800565189785 9.82060845692953 10.4996640417311 10.4412937164307 9.5870344903734 9.57137277391222 10.8405949274699 11.0263610415989 11.348415268792 10.9947054651048 10.2939171791077 9.41372272703383 9.27767120467292 9.2130024433136 8.8901142279307 8.99106322394477 9.54975414276123 9.24140501022339
-9999 -9999 -9999 -9999 -9999 -9999 -9999 -9999 -9999 -9999 -9999 8.84223477045695 8.70559136072795 8.88203440772163 -9999 -9999 -9999 -9999 9.32783020867242 9.41990841759576 8.28402858310276 8.38840831650628 8.7628321117825 8.87447643280029 9.59814574983385 8.99002350701226 9.38406419754028 9.77117559644911 9.97754679785834 10.5650293562147 10.9924289385478 11.2657340897454 11.2767434649997 11.1607231563992 11.1484067175123 10.8567254278395 10.669181505839 10.5930537647671 10.3656700981988 8.53139715724521 8.66341625319587 8.69273773829142 9.26967334747314 9.99316040674845 9.98970052931044 7.71203290091621 7.85556851492988 8.57578333218892
-9999 -9999 -9999 -9999 -9999 -9999 8.26215532090929 8.52987146377563 8.05767308341132 7.87508694330851 8.88577296998766 8.76121499803331 8.93345599704319 -9999 -9999 -9999 8.56445664829678 9.24249972237481 8.5019936826494 8.65409162309435 9.41932784186469 8.8122611840566 9.08412872420417 9.36705811818441 9.89275651507907 -9999 -9999 -9999 -9999 -9999 -9999 10.1744964917501 9.99439064661662 11.1383573214213 11.0822003152635 11.076969994439 10.66386879815 10.3963141971164 10.2802278730604 10.4278984069824 9.31089785363939 8.11729253662957 9.48206472396851 8.73209849993388 7.6313865714603 6.08572462532255 6.45134766896566 8.0334153175354
-9999 -9999 -9999 -9999 -9999 7.84819780455695 8.21011855867174 8.61367464065552 8.72298574447632 8.9975749651591 9.05882374445597 -9999 -9999 -9999 -9999 9.04685629738702 9.10482358932495 9.03284517923991 8.37163167529636 8.51806494924757 8.55565534697639 8.87328492270576 9.76115242640177 10.027302424113 9.80014748043484 10.1478057967292 10.0619039535522 10.5262490378486 10.9968905978733 11.0523470772637 -9999 10.3674262894524 9.88500128851997 10.3167324066162 10.8129082255893 -9999 9.55305128627353 10.9330812560187 10.3016630808512 8.4473205142551 8.64808898501926 6.98369306988186 7.38401688469781 6.53971185949114 6.93239454428355 6.1133694185151 6.1481959356202 4.25920965936449
-9999 -9999 -9999 8.93354426489936 8.87021446228027 8.35169951121012 8.0859452618493 8.92429871029324 8.71167908774482 8.16543128755358 8.18549190627204 8.2269536919064 8.92764192157322 8.29272389411926 7.0962823761834 9.25806270705329 9.87457492616442 9.3782275252872 8.49886759122213 7.07105080286662 8.17314982414246 9.20805332395765 8.98403051164415 9.89797104729546 9.31420050726997 8.99581450886197 9.2207867304484 9.53595251507229 10.8172865973579 9.79005649354723 9.56242026223077 10.4160401556227 9.86657894982232 10.2112805578444 10.8736566437615 11.1911360952589 9.42713907029894 10.8795182440016 11.3042988777161 9.22284690539042 8.4343491130405 8.47963860299852 7.69464282194773 7.84450878037347 7.118687748909 7.18427325619592 6.43245131439633 5.67907388673888
-9999 -9999 8.77038584815131 8.8852547009786 9.03359566794501 9.07603412204319 -9999 8.88498465220133 8.96536673439874 8.04404815038045 8.24480419688755 8.2811164855957 9.38083267211914 8.63916889826457 8.82686654726664 9.19880814022488 9.97348255581326 9.12683945231968 9.05507710244921 8.75338904062907 8.6291241645813 8.15494913525052 9.06240389082167 9.47667339113024 8.34881933530172 7.81824949052599 7.58777827686734 8.77382567193773 10.6042154630025 10.5238669183519 9.50063432587518 8.04290376769172 6.17755609088474 6.87281629774306 8.33678589926826 8.0511888133155 11.0346034897698 10.3946993086073 10.8097217347887 10.6754388809204 10.1134376525879 10.3167494667901 10.5477220217387 7.72168482674493 8.03588840696547 9.63065878550212 9.88855875862969 7.98934782875909
-9999 -9999 8.90537903043959 8.96543751822578 8.896293481191 9.1451219452752 8.93820481830173 8.49317052629259 8.78998306062486 8.88964785469903 9.19999774297079 9.82528162002563 9.75160725911458 10.1334552764893 9.69145525826348 10.2991371154785 10.116243786282 10.0315127902561 10.2184717920091 10.0971343782213 9.61295011308458 9.72836380534702 9.18703662024604 9.20667258898417 9.09371572070652 8.14646262592739 7.2909871869617 7.96758606698778 10.6798885133531 9.65329877535502 6.92012307378981 5.73021412226889 7.19770500395033 7.05796176195145 8.49962576230367 9.59714145130581 9.61513418621487 8.12166677580939 10.335115008884 9.10331628057692 6.96703055169847 8.14742554558648 9.51059193081326 9.12608827484978 8.00001472897 5.63972090350257 5.17330358756913 6.57259011268616
6.91875717375014 7.571158779992 8.70407565434774 -9999 9.05859915415446 -9999 9.03808138105604 9.55063072840373 9.26088847054375 9.70816474490696 9.80370722876655 9.58182276619805 9.57906399832832 9.48257758882311 9.47307236989339 9.88134500715468 10.0887283749051 10.1792235374451 10.6166812049018 10.3096946080526 9.96824169158936 10.3532139460246 10.0452248785231 8.98563440640767 8.18626594543457 7.830008731948 8.08997386031681 7.73838313420614 8.21012616157532 8.84868378109402 7.66361167695787 3.55358680089315 5.3935182094574 5.91519596013758 6.27383697695202 6.5115148557557 6.68971162372165 5.90390817986594 9.74305595291985 8.57519025272793 4.14360652367274 7.28561170895894 4.31310763292842 4.6091916449368 7.52919655376011 5.08593800995085 3.00601251920064 3.31364280647702
7.25035206476847 10.0256379445394 -9999 9.67493830786811 8.65650222036574 8.55979426701864 9.21457544962565 9.75740761227078 10.072830359141 10.1881091859606 9.77725966771444 9.60067558288574 9.66152122285631 9.50854608747694 9.27012565400865 9.53544653786553 8.94961253801982 8.12019348144531 9.06445913844638 9.19171974394057 9.75641730096605 7.31339393721686 7.54810428619385 10.415522257487 9.66179786788093 9.13866631189982 8.15429382854038 6.13321006960339 4.20467950900396 5.32795626256201 6.75287810299132 7.36035753620995 5.53879539171855 5.62490458124214 6.01730980972449 6.82697328593996 6.4174565507306 7.06334703498417 5.61700599506083 3.21808499760098 1.90773905648126 3.81539286507501 2.82793582810296 1.92255262533824 2.47921827104357 5.3203032679028 6.12524039215512 5.84284383720822
7.33382129669189 8.60550589031643 9.85913472705417 -9999 9.53494018978543 7.77882538901435 8.54073556264242 9.48056957456801 9.84240500132243 9.97544458177355 10.3778263198005 10.1737265586853 9.66237322489421 9.53151387638516 9.63720970683628 10.2599495251973 9.55930015775892 9.45671865675184 8.05821130010817 7.15540773338742 7.75428038173252 7.79201510217455 7.89471247461107 10.1802144050598 9.52577429347568 9.01676479975382 8.69150278303358 7.11323712931739 7.44511999024285 6.98870632383558 7.8158481253518 7.13002717494965 3.4960208468967 4.58119574189186 4.02888945738475 4.93366764651404 3.35623480214013 1.70345881581306 3.17520123057895 3.93049920929803 3.97238998280631 3.25457684199015 2.67565259668562 2.38665444321103 1.88842522435718 1.8705946471956 2.63239377074771 2.42922984229194
8.8314307530721 9.90633689032661 9.22017680274116 10.1633281707764 10.1544887754652 -9999 9.03735139634874 7.47177320056491 8.96823456552294 6.53729919592539 8.79674810833401 9.96622138553196 8.56088757514954 5.79106512334612 7.24304751555125 9.69726130697462 9.19762306743198 7.80731817086538 6.6925161547131 6.73320538467831 7.94292109542423 8.6941704750061 8.36534529262119 9.59445661968655 11.0055839220683 7.01134790314568 5.72675095498562 8.48833086755541 8.49224630991618 7.17638407813178 3.72756328847673 4.25621592998505 4.25714464320077 6.82427481810252 8.68083628018697 7.53547203540802 6.23736703892549 3.17421432336171 5.12964567376508 6.29511353373528 3.07533713181814 3.04990898238288 1.82944371302923 1.46171916359001 0.938002385612991 2.06110821829902 1.86369546254476 2.55220867527856
8.39118727048238 10.0189286337958 10.0907725758023 10.1847687297397 8.0869001282586 7.24282987912496 7.29667046335008 6.71492826938629 7.10374420218998 3.97534436980883 6.11531303988563 9.47589736514621 8.72879958152771 4.83629375696182 4.3201878964901 5.65211800734202 9.07201989491781 8.21325100792779 7.83040822876824 8.34482415517171 7.35985859235128 5.71968792213334 6.46911194589403 9.48377847671509 10.6797057787577 9.45309342278374 8.92917953597175 9.78135040071276 8.51493520206875 6.08281357420815 5.55371161426107 8.60714488559299 9.78847813606262 10.2505938212077 8.09723178545634 5.83520535876354 4.55291223194864 6.25460348526637 3.99274146556854 4.08429076274236 3.14709912406074 2.49598187870449 1.4218272815148 1.50715440346135 0.978468482175635 1.40147354536586 1.12758962478903 1.7950391471386
9.47956795162625 6.85484329859416 6.47083152665032 6.37699615955353 7.54793612162272 8.23999330732557 6.36260628700256 5.44663524627686 7.01464675532447 3.90747903452979 5.01858184403843 8.13665583398607 9.49241383870443 7.94089698791504 6.08372353182899 3.31312110688951 4.5351401252879 6.78526968426175 7.2511360777749 3.91630795266893 4.34178796079424 7.14929563469357 9.08135130670336 8.98614774809943 8.07931444380018 9.83772007624308 11.1948325369093 5.53270995616913 7.34736382961273 9.55384275648329 9.98961406283908 10.1665921211243 5.73575826485952 5.79234159655041 8.7930912176768 5.63596992360221 3.18147673871782 2.6116515133116 2.50410404470232 2.04063078429964 1.59012047118611 1.22501747310162 1.33828504631917 1.97110795974731 2.19115684429804 2.96435748206245 2.59711360931396 1.80742506186167
9.44382678137885 9.8029875225491 8.25525053342183 7.38574141926236 7.08390927314758 6.86313381459978 7.30665430757734 7.98655268881056 8.46422330538432 6.23611317740546 5.15072679188516 4.98000724944803 5.46136175261603 9.62945000330607 8.88607242372301 8.21109649870131 6.91752820544773 4.06494913498561 2.76741482151879 3.86151004499859 4.14165239863926 5.03910137299034 5.44099470973015 8.68951204087999 4.99596682977345 6.21052681075202 11.0326044294569 4.35748595992724 5.09339220490721 8.79220652580261 4.79369740850396 7.60507996877034 7.38639370600383 4.44141080644396 3.3623702261183 8.38283560011122 7.82802877161238 3.40318853325314 2.35642427868313 0.977141266688704 0.721636402110259 0.605835117813614 -0.272558877865473 0.445269440611203 0.732454426586628 1.3951444518235 2.45546385977003 3.4060798353619
10.3622203403049 9.32669925689697 9.89045328564114 9.92540597915649 9.61053824424744 9.68059002028571 9.49586386150784 9.41543404261271 6.58561583360036 5.47270015875498 8.29378202226427 9.0467476050059 8.01052827305264 6.51021922959222 8.89015112982856 9.88719262017144 4.70646548271179 7.89713501930237 7.38706391387516 4.92719149092833 3.21456127696567 4.66028885708915 3.53905325465732 4.98381775948736 4.88510084152222 5.48712470134099 10.8504650857713 4.26047170162201 3.92475167910258 7.58612786398994 2.40835475259357 3.47141562567817 1.62216222286224 4.70687445667055 3.52151491906908 3.72408004601796 5.87028128902117 5.09525147411558 5.16547537512249 3.84782232178582 3.40594318177965 1.19191567020284 0.334406803051631 -0.0149538616339366 0.219842991274264 0.889093762470616 0.0324927022059759 -0.0694724867741267
10.059379418691 7.96211332745022 10.3021033075121 9.7129021220737 9.66799346605937 9.27326136165195 9.2184550497267 9.70387148857117 9.03132934040493 8.73386647966173 6.96186896165212 5.85640474822786 5.4576670328776 3.93041067653232 4.48708015018039 8.89997294214037 8.31274400817023 4.49553373952707 3.89227740632163 5.74398422241211 3.6547294722663 4.87984648429685 2.80214888519711 4.5791180299388 8.49625179502699 8.32282800144619 5.04491818613476 3.79973456594679 3.70418512821198 3.94345050387912 4.93886391321818 1.78815424442291 0.796277622381846 2.04535755183962 2.23902993069755 4.52211862802505 3.8563748465644 1.84575092792511 1.96327526701821 0.46494773361418 1.12350900140074 -0.317337042755551 0.920483621044291 1.05741530491246 0.25686100570278 0.706376405639781 -0.180923173824946 -0.112000336249669
10.252444214291 7.75216669506497 8.29973824818929 9.40955697165595 9.43333737055461 9.06966707441542 8.53388086954753 8.92026652230157 6.93628888660007 5.50283758507835 5.51012795501285 3.09002888202667 5.27381949623426 5.42103540897369 8.69330877727932 8.56850632031759 5.32572093937132 3.17249250411987 2.63215310043759 5.62292506959703 5.8786695599556 4.38066346115536 8.15392883618673 8.70784587330288 5.4220912721422 7.81611238585578 5.16739112138748 5.67848234044181 8.45649382803175 6.23694021171994 8.8290028307173 4.96002788469195 2.7153559923172 0.761468977563911 1.5418042242527 2.9089544084337 1.38788213746415 1.47251372536023 0.535367511212826 0.242517453721828 0.413667566246457 0.516225083006753 -0.152402599652608 1.07185851616992 1.82091607650121 1.10684426377217 0.647068637526698 -0.277151485284169
7.95715194278293 5.21068753136529 7.83926322725084 9.76012926631504 7.77918293741014 5.61478655868106 7.89907034238179 7.20909017986721 9.22375196880764 9.9561145040724 8.75794190830655 7.60254678461287 8.15241180525886 7.055866850747 5.23483037286335 2.76933377318912 3.0948000881407 3.79804415835275 3.83988073799345 4.41742118530803 7.30353695816464 7.83592430750529 5.80137698517905 6.70401419533624 8.64574917157491 4.31254793537988 5.09955543031295 4.76915586656994 3.1349038945304 1.41691819826762 2.7110880083508 5.05051936043633 2.90544961558448 1.33365455187029 1.79428224431144 1.85461366176605 1.6143524646759 2.07801721493403 2.01553372542063 1.80719842513402 0.197085390074386 -0.0511017839113871 0.609229776594374 0.752820378376378 0.656897171917889 2.34731209278107 0.690319542540237 0.524215885334545
4.71744276748763 4.93708359201749 8.51374782456292 9.19936831792196 6.8516661591 5.04762315418985 5.83858599265416 4.67214108424054 3.54081717464659 5.20053045948346 6.96061727735731 6.67144494586521 6.29212443033854 4.74435951146815 5.39133511318101 6.32468113634321 5.07610131469038 6.32959565851423 6.62220083342658 7.19247761037615 7.31062659952376 5.12192704942491 2.79787992106544 3.81168468793233 6.43200786908468 5.4392198589113 6.5218112733629 2.77282921473185 1.88678197728263 2.48806803094016 1.4642495330837 1.37369835542308 1.80040152867635 1.99035859770245 1.48157501717408 1.86079149113761 2.16111903720432 2.16959462563197 2.76444084114499 3.36610166231791 3.18420689635807 3.18342334694333 2.95160276359982 3.49274525377485 3.44510045316484 3.75415027141571 3.94194086392721 2.30884267224206
