data/test_2003/bio9_avg_1994-2002.asc
NCOLS 664 
NROWS 380 
XLLCORNER 3.91666666666667 
YLLCORNER 55.3333333333333 
CELLSIZE 0.0416666666666667 
NODATA_value -9999 
[rows 308 to 329 of 380, columns 240 to 287 of 664]
1.5132792128457 1.48670876026154 1.47199026081297 1.44890141487122 1.42388663689295 1.38072364860111 1.3623756368955 1.4620273510615 1.7548194858763 2.10601116385725 2.33831390738487 2.41483884718683 2.42432682712873 2.40907395217154 2.3853768143389 2.35486460394329 2.27331550584899 1.67872924771574 1.48829130993949 1.44429776072502 1.36540103289816 1.28782374660174 1.24306119150586 1.23681700891919 1.2358320819007 1.18529167771339 1.16504761742221 1.14976655112372 2.25997914042738 2.28140971561273 2.27439587977197 2.30671537584729 2.34184504548709 3.33882666627566 3.3604353401396 3.36559945676062 3.36180075009664 2.4036929541164 2.39733656247457 2.39572085936864 2.60237491958671 2.40626745753818 2.69265278511577 2.50836959150102 2.70701003405783 2.6922339465883 2.67042077581088 2.64008910126156
1.45768155654271 1.44316216309865 1.43101307418611 1.41730878088209 1.39775229824914 1.26649224427011 1.25782480835915 1.48767586549123 1.95579823520448 2.35367345809937 2.42125246259901 2.42823877930641 2.40411410397953 2.37265597449409 2.35312388340632 2.31529541479217 2.15924465325144 1.72193488147524 1.40077306164636 1.29205573598544 1.21925759646628 1.19141543077098 1.15749939117167 1.13254631559054 1.12092661195331 1.12145495745871 1.1320574051804 1.12554873360528 2.21923852960269 2.19689524008168 2.20381092197365 3.2028092228704 3.22456303901143 3.25451636645529 3.28728422853682 3.31108932693799 3.31378342376815 3.31536630127165 3.2913936012321 2.35083188613256 2.35032558110025 2.40463410152329 2.46420175499386 2.45065849688318 2.60986822346846 2.58454914722178 2.59041528072622 2.58835551639398
1.37740490833918 1.37889132897059 1.36400734053718 1.35290110111237 1.33298011620839 1.21891088287036 1.40469366312027 1.7909208436807 2.16630544265111 2.36514362692833 2.40094482898712 2.39215339885818 2.35610265201992 2.33271873328421 2.32318650682767 2.26713597608937 1.98967778351572 1.51925685670641 1.24720617466503 1.13493322498269 1.07788678341442 1.07710388799508 1.06765417589082 1.04368613825904 1.01275491880046 1.04997203250726 1.16400370498498 1.1179616070456 2.16823855373594 2.18132851852311 2.17775222162406 3.12166716820664 3.13215166164769 3.15861437221368 3.18566973010699 3.2126509282324 3.23029898934894 3.27750245067808 3.28818741109636 3.2782797118028 2.3611116707325 2.44937129153146 2.43488997883267 2.64111634757784 2.576394846042 2.53301989701059 2.54386714100838 2.56856630908118
1.32437514596515 1.30752577384313 1.29467646612061 1.2558269765642 1.21912564171685 1.25360966059897 1.5483158826828 1.965836721162 2.29093380769094 2.34819945693016 2.35568733678924 2.33102709717221 2.32251504394743 2.30785482128461 2.27489822771814 2.14060851848788 1.64224446813265 1.285510212183 1.11877587768767 1.03448599908087 1.0149927486976 1.00051827645964 0.969969740344418 0.948828767157263 0.95072471929921 1.00373181617922 1.08770180245241 1.10967181291845 2.11475671662225 2.100858365496 2.13466385172473 3.05110538005829 3.03457621484995 3.05882478422589 3.0695175131162 3.08621032204893 3.09779186050097 3.13492911888493 3.18569589985742 3.26112940245204 2.37253782815403 2.49210865630044 2.39553128348456 2.34754636552599 2.37110349204805 2.57809047069814 2.53010972754823 2.53709172871378
1.2069010535876 1.16601207852364 1.15764174858729 1.09793789188067 1.0060120191839 1.11675263113446 1.43616009420819 2.00853042000543 2.30719180570708 2.31207002864944 2.31168915828069 2.29249347249667 2.30040888322724 2.28062052528063 2.21209134492609 1.83556238727437 1.3146628803677 1.10124505559603 0.991678843895594 0.936631300383144 0.913283915155464 0.888451394728488 0.858729985025194 0.864786336250189 0.903657462861803 1.01652859730853 2.08060360782676 2.10067997044987 2.07757127450572 2.97618920356035 3.02069974111186 3.04291383673747 2.98314918660455 2.99059053179291 2.97114287027054 2.98517686128616 2.99661807964245 3.01724446978834 3.11587112314171 2.20937837660313 2.28796419501305 2.41766076948908 2.48261693782277 2.65518480208185 2.435845679707 2.4037316110399 2.37280276748869 2.29750343329377
1.09713061650594 0.947535556223657 0.824606998927063 1.81280667003658 0.932305672102504 1.11663639214304 1.54563390546375 2.07744617398 2.25707940922843 2.26334816548559 2.20383917788664 2.14107091310951 2.2477099713352 2.22738613850541 2.01691428364979 1.35340523719788 1.04471108317375 0.938090927071042 0.876359776076343 0.837665603651355 0.823797194494141 0.776384332113796 0.806230855898725 0.837706733908918 0.889256925425596 1.00599216504229 2.08376533041398 2.09211239798201 2.0457928131024 2.95206769266062 2.95891366774837 2.97264841281705 2.97031478832165 2.9120599279801 2.93158321082592 2.95021744734711 2.98329626561867 3.02415274497536 3.13093527820375 3.08801387084855 2.23057546383805 2.3070650531186 2.4699987868468 2.45463652412097 2.41555093394385 2.38400146365166 2.39674816197819 2.24119876159562
1.86644244690736 1.7463439764041 1.7295047618722 0.81045619232787 0.939043862952126 1.18318690856298 1.69207081198692 2.11732501867745 2.17015216582351 2.07062610197398 1.90243351707856 2.12105571313037 2.20086297889551 1.99859639878074 1.29099634620878 0.904136970639229 0.864166569378641 0.83389988500211 0.786225749593642 0.764773735569583 0.758977205389076 0.778095194035106 0.77521312650707 0.76084947379099 1.88820967357606 0.984344595008426 2.11411214205954 2.10739675247007 2.01534805405471 2.00641039965881 2.09088009513087 3.03260520017809 2.44761122307844 2.9764183871448 2.94565306065811 3.00525806430313 2.99471514837609 2.99869050416681 3.06548062960307 2.11220099528631 2.22533505658309 2.3715060154597 2.44960301452213 2.43532961938116 2.46681168013149 2.37456742260191 2.29684198399385 2.44222386512491
1.61499723253979 1.60079022662507 0.767500609573391 0.832493109007676 1.00526341464784 1.41536708672841 1.90147062391043 2.08994459857543 2.00218792083777 1.81175606283877 1.96302795824077 2.1422997713089 2.00623824199041 1.39921385712094 0.989670922358831 0.820202069563998 0.783399793280599 0.753412378744947 0.756684276792738 0.719511736908721 0.698083127538363 0.709361420737373 0.751380531324281 0.75073285235299 1.8249777443707 1.92631103160481 1.97919975614382 2.14371812840303 2.11394035319487 2.12127341661188 3.22778584228622 3.26078414254718 2.22475506862005 3.09151758915848 3.13009335762925 3.0938543892569 3.07628216677242 3.12448749608464 3.1289895127217 3.07326880262958 2.2385388414065 2.30802116791407 2.34594795438978 2.47224487860998 2.510294549995 2.55039298203256 2.44626903533936 2.36495998170641
1.55429281847965 1.65345865529444 0.805577010744148 0.876381870773103 1.2310385439131 1.75710257556703 1.9925000867289 2.05330489989784 2.01570508670476 1.95155263795621 1.9522890512728 1.72213653723399 1.38605811860826 1.10649825135867 0.982790054546462 0.901526267329852 0.781670194740097 0.670480642571218 0.665587435786923 0.688693985342979 2.05772402468655 0.666183352470398 0.675696128772365 1.66858631289668 1.79967194743868 1.71105372036497 1.77184287981234 1.90307656220264 2.06156947215398 2.10154390583436 2.19277763201131 2.57093973457813 3.20751461386681 3.20291283892261 2.54760585311386 2.48595046500365 3.06244187719292 3.03621054523521 3.13175709545612 2.22561612228552 2.25329854918851 2.34646235571967 2.24466317726506 2.26553068889512 2.37355525626077 2.57569970356094 2.44436279270384 2.30354417529371
1.69840309127337 0.742517780305611 0.82350532627768 0.922196583615409 1.36673965056737 1.85994934621784 1.95708497789585 1.98636883083317 1.97574085887108 1.82549734082487 1.35769822862413 2.20642691188388 2.04676038357947 0.935115660230319 0.917612757119868 0.793591481672289 0.683940352872014 0.570511697067155 0.572416298919254 0.615432041386763 0.58103570755985 0.644116327166557 1.57802355455028 1.60900961028205 1.53510673675272 1.59942597647508 1.64937496433655 1.77984237391502 1.82075427596768 1.96136990466362 3.08206552349859 2.37705540874352 2.49649536940787 3.23630840745237 2.18091145323382 2.4305134145543 2.39985281671397 2.99378533702758 2.96082116932505 2.13995343943437 2.10961353613271 2.16438494126002 2.17448958588971 2.24407568077246 2.3776307966974 2.41678437590599 2.52734540899595 2.4452395968967
2.07099356005589 0.772115149017837 0.808174290590816 0.854900238414605 1.22799639569388 1.71790729959806 1.8702627039618 1.81424765785535 1.61318399508794 2.24333306815889 2.04051796264119 0.967291313740942 0.845401211745209 1.79066516676297 0.743472560826275 0.645286112480486 0.563914458784792 0.506098416116503 0.480800797541936 0.517206908928023 1.97355570561356 3.10647000124057 3.01304887566302 1.51046982242001 2.91731750965118 1.52653910716375 1.64127730578184 1.66734888570176 1.67282803439432 1.73667746492558 1.89445274406009 1.99415394063625 2.00023109879759 2.44744508547915 2.53140889025397 2.93512458540499 2.88779782131314 2.82350841495726 2.94818148410155 2.98322528766261 2.15985460910532 2.18415936993228 2.22772335675028 2.27847254607413 2.3385212123394 2.39786895447307 2.45388347241614 2.38582391871346
2.14780275316702 2.18315299434794 0.785954425318374 0.78952964871294 0.986215937468741 1.42282803853353 1.76447729931937 1.63486734032631 2.25094406472312 1.92986913025379 1.77464624297702 1.74490463456863 1.83301498699519 0.727017364568181 1.65345795783732 1.54608679976728 0.449888517459234 2.79312291741371 2.78711467981339 2.83843946622478 2.93642309970326 3.04765800552236 3.08548562973738 2.95183196994993 1.46190235681004 1.525207557612 1.6462167724967 1.7547815044721 1.73016098058886 1.79998498430683 1.84321623435244 1.84955861171087 2.24676375008292 1.84767235856917 1.95817728009489 2.92905416479334 2.91062423917982 1.9910993774732 2.97302338977655 2.95414900283019 3.0095707161559 2.15422998699877 2.19547583493921 2.29546212818888 2.36044843660461 2.38221276799838 2.32531063424216 2.2610748509566
2.1051303351091 2.17076559488972 1.18512313937147 1.16926596624156 1.21666809833712 2.55597340398365 2.49912463956409 2.40318958626853 2.11477723055416 1.78759067133069 1.75425605424162 1.79506962611857 1.80062390201622 1.67217822869619 1.63839909103182 3.01304698321554 2.87963098949856 2.80836338467068 2.79761437906159 2.88042093978988 2.944288175967 3.00669793784618 3.06407074216339 1.51546446482341 1.52526295019521 1.5692095193598 1.60374876691235 1.74273244829641 1.78216048516333 1.83173676111942 1.84916488275242 2.21325488264362 1.86877057991094 1.82458683103323 1.8484028155605 2.85550231859088 1.96988691668957 2.94436161840955 2.10537101907863 2.95166531039609 2.97094676291777 2.98163578410943 2.19530216356119 2.33422927723991 2.36689446700944 2.35418625672658 2.24103372295698 2.23625168535444
2.15327293301622 2.16030422805084 2.19540966384941 1.23147858348158 1.29486444426907 2.35909646915065 2.0316207839383 2.27597398228116 2.28558433469799 1.82301586804291 1.77527325020896 1.78264185206758 3.15460837756594 3.07097044059386 3.02392517651121 2.98747238599592 2.92990852561262 2.85264109240638 2.7813735306263 2.85180971688694 2.94948662983047 3.04433036430015 3.02680364416705 2.97424009276761 1.53714217245579 1.5208410769701 1.52987353503704 1.61409093936284 1.72016012006336 1.66178516215748 2.07743991414706 1.98922249509229 2.04895814177063 2.08827659570509 2.09522464333309 2.76661712427934 2.81560992739267 2.85119565162394 2.96226267764966 2.12737621201409 2.0134664459361 2.86279733561807 2.9861606227027 2.19484838181072 2.33452545603116 2.35001175933414 2.30883114039898 2.25742855005794
2.1193750715918 2.12327556187908 2.17332425216834 2.2024839942654 2.1689769918513 2.14354404682914 2.08033351124161 2.03164129787021 2.07601493183109 2.12471360175146 2.13533802413278 3.11068652508159 3.03969959024754 3.00219412189391 2.94898507909642 2.9057758897543 2.90093702243434 2.86461685432328 2.84192622535759 2.8519765254524 2.93812357220385 3.03192356891102 3.04313090195258 3.03204188827011 1.61262714283334 1.60608680711852 1.63125062319967 1.54530293577247 1.57765182852745 1.61785224990712 1.58131226234966 1.59173514611191 1.67012270208862 1.81454907937182 1.8701604956554 1.90947582324346 1.90242070021729 1.93395809717994 1.90660656160778 2.13769969509708 2.16034827298588 2.00595971900556 2.07912693089909 1.20786552627881 1.30717814299795 2.37270938025581 2.25733801722527 2.27878151171737
2.03795564836926 2.05249442242914 2.09021846673244 2.15223886734909 2.14707387093869 2.11568687193924 2.06355912652281 2.02165346903106 2.04572896431718 3.07562239356856 2.05110146105289 2.94514125006066 2.95656762934393 2.92362340622478 2.84482735892137 2.81158685518636 2.8439759231276 2.8661429401901 2.83786551654339 2.83062489993042 2.86968087487751 2.95540354318089 3.03431140465869 1.7214511726569 1.76171763293031 1.80850262753665 1.736472790026 1.68992441064782 1.68256104903089 1.63453146732516 1.97432726952765 1.99255877236525 1.65653560227818 1.72210069331858 1.80292489131292 1.8923420065807 1.95612928161346 2.02784238631527 2.02088905415601 2.0496391662293 2.1700930909978 2.13106567329831 1.21853399773439 2.1946403566334 2.23615280290445 2.3260573413637 2.27885057694382 2.25156996150812
2.51123260375526 2.00741700993644 2.04985359849201 2.12088264638765 2.10183757750524 2.0701259970665 2.0397476443193 2.02633230263988 2.02559113668071 2.01774650356836 2.97042388386197 2.90085566871696 2.83765785892804 2.84008965227339 2.76407699783643 2.73784214258194 2.79153342710601 2.78403914305899 2.85306379530165 2.89319920870993 2.90908973581261 2.99984646174643 3.07601041884886 1.75440178925378 1.80569699034095 1.82884420702855 1.75569491916233 1.72484191755454 1.74176702513877 1.7551362938765 1.71028351576792 1.75683798780665 1.8191708703008 1.8230596801473 1.9013191772004 1.92017110230194 1.89235631417897 1.95809715546461 2.02880109887984 2.06120843026373 2.08643079797427 1.93646791473859 2.06072732475069 2.19061611923907 2.24318781495094 2.32866430944867 2.40310389465756 2.31109915508164
2.54090773397022 2.49429090403848 2.56597041421466 2.09611904124419 2.10141592514184 2.08804640546441 2.0686027980927 2.06019616292583 2.0572310460007 3.00725045469072 2.95498420380884 2.87627357741197 2.83178501327833 2.80566696325938 2.72317857212491 2.7024678852823 2.7517573999034 2.77660227153036 2.82737298144235 2.90799566772249 2.97938745551639 3.03006708870331 1.71806530323293 1.7740190865265 1.77989860148066 1.83022268157866 1.83276899200347 1.81775973695848 1.80719491715233 1.80418567245619 1.76902831304404 1.74387084320188 1.75039862261878 1.76053741739856 1.84786132723093 1.88125939915578 1.92087976075709 2.00049998197291 1.9810833113475 2.02196289474765 2.12032376726468 2.06157375127077 2.06200893471638 2.05866622676452 2.21511177221934 2.33282724022865 2.38254259030024 1.31357680426704
2.50799036688275 2.52285077422857 2.57904452540808 2.11187398268117 2.15477224356598 2.13070773209135 2.10145804203219 2.12976380437613 2.11213013157248 2.01552011183877 2.95050775508086 2.89791345430745 2.86769027180142 2.80368903279305 2.69316918651263 2.72679741515054 2.75849982102712 2.79716527462006 2.8924971388446 2.95375517259041 3.00672241465913 1.73078249560462 1.77132054169973 1.75719185049335 1.81743366022905 1.84582358350356 1.85799131956365 1.85904779202408 1.89232663313548 1.90412391142713 1.84051377463361 1.82779262245943 1.83673761453893 1.81727438223445 1.7932926101817 1.72938489955333 1.75614395184028 1.80564364252819 1.78610642699318 1.86242090331184 1.91377248977207 1.97430919441912 2.09810527993573 2.18686430156231 2.18496164845096 2.2900269428889 2.31390681862831 1.29313627216551
3.19767017496957 2.54800303528706 3.24669435951445 2.66727073544947 2.21857292349968 2.21522077586916 2.18046134213607 2.1654795449641 2.15132560829322 2.08933282602164 2.0397103710307 2.98962794782387 2.91270646287335 2.80756259130107 2.69471521510018 2.73075665699111 2.81102022197511 1.87353858517276 2.94154738800393 3.00181096212731 1.67581220744048 1.73663842409021 1.79153857421544 1.73258695613509 1.77452412578795 1.79572067451146 1.77728757800327 1.82922479841444 1.88279163837433 1.83184014219377 1.7373328867058 1.80089973130574 1.70759501804908 1.72801114204857 1.78198295221147 1.82528797744049 1.87022296132313 1.87789838802483 1.92394418626403 1.94524925781621 1.98551739296979 2.10489667952061 2.10072027643522 2.23795132173432 2.29384846819772 2.37181900938352 2.39630831281344 1.37951056493653
3.26421554883321 3.24506766928567 3.32517930534151 3.37484620014826 2.79556257857217 2.27299316765534 2.1820572482215 2.13208419581254 2.18089149768154 2.20381213393476 2.10591827332973 2.03069088470915 1.90398200766908 1.82186583512359 2.7875203523371 2.82219708793693 1.93196142382092 1.95969696425729 2.0315807522792 2.09287197122143 2.1566239218745 2.13387412764132 2.16756873246696 1.74657460053762 2.19073578135835 2.18480062236389 2.24471735995677 1.84584615420964 1.87933077808056 1.91103754937649 1.93926288518641 1.83622893152965 1.76134126654102 1.71037767496374 1.75704374961141 1.83185807863871 1.87474621004528 1.93363457311191 1.99163392807047 1.97192967372636 2.04526237977876 2.06118777063158 2.05370559874508 2.15348274509112 2.19836498300234 2.29975949393378 2.44604312711292 2.43373393681314
3.41127939356698 3.35147188107173 3.4190715485149 3.43081945843167 2.84825761450662 2.82310505294138 2.21135689649317 2.14365194406774 2.21282778680325 2.24569917221864 2.16034823407729 2.0984788801935 2.04349848690132 1.99074026611116 2.00835236534476 2.00366825900144 2.04328035371792 2.0618555805025 2.11457874584529 2.14945011420382 2.18126454369889 2.15542953792546 2.19077975468503 1.8528584788243 1.89463109440274 1.92373712691996 2.33388421001534 2.33590109418664 1.94638835783634 1.95230926180051 2.01741512368123 2.01807662679089 1.99108756209413 1.90355902744664 1.90766011623459 1.96916847096549 2.02349190662305 2.08225956393613 2.07028666304217 2.13564684490363 2.24285911189185 2.15518252220419 2.50721515218417 2.18871793482039 2.23273340861003 2.34288532866372 2.45807411273321 2.44237415326966
