data/train_2003/bio19_avg_2003-2018.asc
NCOLS 664 
NROWS 380 
XLLCORNER 3.91666666666667 
YLLCORNER 55.3333333333333 
CELLSIZE 0.0416666666666666 
NODATA_value -9999 
[rows 330 to 351 of 380, columns 441 to 489 of 664]
111.218120098114 111.362684726715 111.378552436829 110.883244514465 111.308157920837 110.812987327576 110.829145908356 111.853855609894 111.45778131485 109.531065940857 109.545237064362 109.277146339417 108.624212741852 108.898017406464 108.754764318466 109.027470588684 108.781311750412 107.589763641357 -9999 -9999 -9999 -9999 -9999 -9999 -9999 -9999 -9999 -9999 -9999 -9999 -9999 -9999 -9999 -9999 -9999 -9999 -9999 -9999 -9999 -9999 -9999 -9999 -9999 -9999 -9999 -9999 -9999 -9999 -9999
110.90098285675 109.876793146133 108.493126153946 109.942755699158 111.386805534363 110.898818969727 109.494378566742 110.535776138306 110.046252012253 111.077808380127 111.100433349609 109.813428401947 109.150088310242 108.998524427414 108.844750881195 108.688768863678 108.430341243744 107.647025346756 107.903136491776 108.159248352051 108.415361404419 -9999 -9999 -9999 -9999 -9999 -9999 -9999 -9999 -9999 -9999 -9999 -9999 -9999 -9999 -9999 -9999 -9999 -9999 -9999 -9999 -9999 -9999 -9999 -9999 -9999 -9999 -9999 -9999
109.935279130936 108.370788097382 109.384739875793 108.83181810379 109.200083255768 109.844450712204 109.844787359238 109.84512424469 109.289347648621 109.763513565063 110.812679767609 110.957377433777 110.115247011185 109.998222112656 109.318546056747 109.197431564331 108.03481054306 109.689863443375 110.854016780853 109.632621526718 108.017780065536 -9999 -9999 -9999 -9999 -9999 -9999 -9999 -9999 -9999 -9999 -9999 -9999 -9999 -9999 -9999 -9999 -9999 -9999 -9999 -9999 -9999 -9999 -9999 -9999 -9999 -9999 -9999 -9999
108.954347133636 108.387664794922 108.439518213272 107.526610374451 108.915800571442 109.936494827271 111.331410884857 112.717037439346 112.358789920807 111.809116363525 111.45161652565 110.554505825043 110.233928203583 110.472198009491 110.243941783905 108.552737951279 108.803951740265 109.055161714554 108.938610076904 109.169992208481 108.657919168472 105.871259689331 -9999 -9999 -9999 -9999 -9999 -9999 -9999 -9999 -9999 -9999 -9999 -9999 -9999 -9999 -9999 -9999 -9999 -9999 -9999 -9999 -9999 -9999 -9999 -9999 -9999 -9999 -9999
109.293371915817 108.439917325974 107.876530408859 107.916580200195 108.969067573547 110.021005153656 111.414669752121 113.363370418549 115.410032510757 115.058111906052 112.480776786804 111.677765846252 110.099754810333 110.342535972595 110.585314750671 108.585464954376 108.52693104744 108.762206554413 109.294161319733 109.530393838882 108.546103477478 105.823697090149 -9999 -9999 -9999 -9999 -9999 -9999 -9999 -9999 -9999 -9999 -9999 -9999 -9999 -9999 -9999 -9999 -9999 -9999 -9999 -9999 -9999 -9999 -9999 -9999 -9999 -9999 -9999
109.339784145355 108.489001512527 108.532549142838 107.971193313599 109.631893157959 110.371571540833 111.727368831635 114.455028057098 114.105573654175 115.134039402008 114.593083620071 113.316870689392 112.078370809555 110.660014152527 109.9755423069 108.571527957916 107.48007774353 107.076926708221 108.306050300598 107.767301082611 107.979932546616 105.955328941345 105.864740133286 -9999 -9999 -9999 -9999 -9999 -9999 -9999 -9999 -9999 -9999 -9999 -9999 -9999 -9999 -9999 -9999 -9999 -9999 -9999 -9999 -9999 -9999 -9999 -9999 -9999 108.019316196442
112.02387714386 110.445515155792 109.596595287323 109.642599582672 110.712847232819 112.06228518486 112.108225107193 113.456571578979 112.893176555634 112.64750289917 114.729588031769 114.858444213867 112.416189193726 110.68559885025 110.889300107956 109.890174388885 107.741144657135 107.32060790062 107.5166015625 106.365451812744 105.639744758606 105.830326318741 104.962047338486 -9999 -9999 -9999 -9999 -9999 -9999 -9999 -9999 -9999 -9999 -9999 -9999 -9999 -9999 -9999 -9999 -9999 -9999 -9999 -9999 -9999 -9999 -9999 107.987193822861 107.30147767067 107.867364645004
113.388430118561 111.811497688293 111.568835735321 111.014219284058 112.074875354767 112.123579502106 111.856667518616 112.915909767151 112.963448286057 112.720354318619 112.157750368118 112.275097131729 110.527500152588 110.711184978485 110.894865274429 110.170324325562 110.352426528931 109.489847660065 109.052131175995 107.918696165085 106.127694606781 105.705324172974 103.802525043488 102.926572561264 -9999 -9999 -9999 -9999 -9999 -9999 -9999 -9999 -9999 -9999 -9999 -9999 -9999 -9999 -9999 -9999 -9999 -9999 -9999 -9999 107.500511646271 107.655371665955 108.10798573494 109.091139793396 109.05157828331
115.343498706818 114.502710819244 112.925899505615 112.978023529053 112.425333738327 112.476595640182 111.921319484711 112.983342885971 112.742616415024 112.184081077576 112.524502754211 112.342326164246 110.57310295105 110.124474287033 110.287386655807 110.156840085983 107.353627681732 107.511743545532 107.669858694077 108.843906879425 106.020408153534 105.877600669861 104.356383323669 104.099522829056 101.658926725388 100.974730968475 -9999 -9999 -9999 -9999 -9999 -9999 -9999 -9999 -9999 -9999 -9999 -9999 -9999 -9999 -9999 107.351423501968 108.544971466064 108.24870300293 107.650009632111 107.78996515274 108.22657418251 108.288898944855 109.195408582687
115.392169713974 115.448949098587 114.902939319611 114.355221271515 115.421782016754 115.476897001266 114.925807952881 113.050772190094 113.103997707367 112.257292509079 112.309864997864 109.463031291962 110.327006101608 110.150710344315 110.29371881485 108.088427066803 107.32091999054 107.459697723389 107.598476409912 105.777502059937 105.913121938705 106.048743724823 104.215141296387 102.937747001648 101.529693126678 101.474313020706 100.804817199707 101.658679008484 101.897350788116 99.8822953701019 -9999 -9999 -9999 -9999 -9999 -9999 -9999 -9999 -9999 107.004833936691 107.128235340118 108.92091012001 109.340173721313 109.46582531929 109.886251449585 107.922545909882 108.047402858734 108.409442186356 108.120644569397
118.375333786011 117.834432601929 118.187128305435 117.350872755051 117.409909963608 116.571707487106 114.99213051796 114.150717973709 112.882640838623 112.039073228836 112.385923624039 111.575474023819 110.664305210114 110.176949977875 108.967446088791 107.462052345276 107.288211345673 107.407651901245 106.913480997086 105.664616823196 105.576280355453 102.949575185776 102.857706546783 101.165728569031 100.921627521515 100.881279945374 99.7875981330872 101.003201246262 100.577858686447 100.334403991699 100.382678985596 100.046532392502 100.611251354218 100.859295845032 100.815047025681 103.819577932358 103.925201892853 104.030826807022 107.119813203812 107.228157520294 107.336502075195 110.143378734589 110.547432422638 109.919692277908 109.942279338837 108.808047294617 107.896656513214 108.232852220535 108.263624191284
120.350330352783 121.117530345917 120.888311862946 119.316729545593 118.482956886292 116.929086446762 115.05844950676 114.826364278793 113.987463474274 112.403718471527 112.170481443405 111.64289855957 110.709909439087 109.189681053162 110.013588666916 107.155402183533 106.987450122833 106.41691160202 105.468423604965 104.692471981049 102.72204041481 104.036303043365 103.92771935463 103.83589887619 103.615885257721 102.343804597855 101.103753805161 101.065064430237 99.6236169338226 100.262754917145 100.436141252518 100.407824039459 101.043541431427 101.86540555954 102.885931968689 103.812061786652 104.194043874741 105.603768587112 106.305487394333 107.323019266129 107.428026676178 110.489706516266 110.79998922348 109.876240253448 109.134194374084 109.038009405136 107.9074614048 107.78884768486 107.853563547134
121.705347061157 121.772981643677 120.945472240448 120.116676568985 118.251801967621 116.701524496078 115.867982387543 114.89529800415 114.059355735779 114.121769428253 113.575670957565 112.611241817474 112.087151050568 110.839101791382 109.005680084229 107.14203453064 106.275527000427 105.107832670212 105.38720369339 105.464945316315 102.808458328247 103.598550319672 103.667792797089 103.689553260803 102.431648492813 100.462785243988 100.437500953674 101.152191638947 102.147764921188 102.122100830078 102.833552360535 100.563051223755 102.235432386398 102.019258499146 102.204537391663 102.901933193207 104.03982925415 104.32697725296 105.441090583801 107.247784137726 107.336070299149 107.424356222153 107.71470117569 107.803198099136 107.891695261002 107.9801902771 107.713425636292 107.802687168121 107.891994476318
123.390954256058 122.862150430679 121.002633571625 120.470220327377 120.246214389801 118.381492376328 118.137609958649 117.306514024734 116.042078495026 115.500978469849 115.566375732422 115.023677349091 112.743253231049 111.906469583511 109.011797428131 107.421683073044 106.231871843338 104.230837345123 103.622785568237 102.433315753937 105.207274913788 102.271852970123 101.581773042679 101.601299762726 100.538996458054 100.345185518265 100.332278728485 99.2691714763641 100.125713348389 99.799357175827 102.220714092255 102.943105697632 103.663932085037 103.64919424057 101.172597885132 102.893846035004 102.963843107224 104.286056280136 104.356037378311 105.45401763916 107.244114637375 107.315683364868 107.387249946594 107.458817958832 107.530385971069 105.520423412323 105.591592788696 105.742429494858 107.184804916382
124.45254611969 124.527830123901 123.708109855652 123.180693626404 121.61333322525 121.082120895386 120.256242513657 117.982885360718 117.447056293488 117.224066734314 115.644465923309 114.800869226456 112.181683063507 111.617520332336 109.310687541962 107.012734413147 106.18821811676 103.5027987957 105.201544284821 105.057281970978 103.336058139801 101.404313325882 101.439548015594 100.409224033356 101.269656419754 101.422246694565 101.027668237686 99.8580849170685 98.9959003925323 99.9117600917816 100.090806722641 102.028478622437 101.846396446228 103.629835367203 103.808500289917 105.039108514786 105.824402332306 103.193987369537 104.499376535416 104.553026437759 104.40596818924 104.459579229355 104.51319026947 104.365973711014 105.292280912399 105.346926689148 105.602522134781 105.859930515289 105.980869054794
126.141746044159 124.582937717438 123.76634645462 123.844051122665 123.61283826828 121.752097606659 120.93016409874 120.106962203979 117.521058082581 117.300765037537 115.722556352615 113.856749296188 111.936336994171 111.960070610046 108.873186588287 106.986661911011 106.34473991394 103.441162347794 105.12197637558 103.205223083496 102.178437232971 101.278644323349 102.083039522171 100.279756546021 99.0952069759369 99.1070430278778 99.118880033493 99.1307144165039 99.9423677921295 100.976541519165 100.034780025482 100.780104637146 101.99532365799 102.73987030983 102.750492334366 102.773158550262 104.593198537827 101.926475048065 103.190943002701 106.086393117905 107.171620845795 104.553385972977 104.390430927277 104.427673339844 104.464916229248 105.173428297043 105.211550951004 105.30947637558 105.46720457077
125.96839761734 125.447453975677 126.829948186874 126.306887149811 125.488345384598 122.614944458008 120.749685764313 120.21923327446 119.68719959259 117.702685832977 116.121803760529 113.957022190094 112.023962259293 111.635538578033 108.723373889923 107.026148080826 104.11257147789 106.162865638733 103.192113399506 102.156176328659 101.42910027504 101.257985830307 101.273135900497 100.118327140808 98.2866876125336 98.3022081851959 98.3177287578583 99.282826423645 99.2980043888092 101.135368347168 101.949445724487 100.231531381607 102.185962677002 102.934862852097 102.769393205643 102.790987491608 102.818837404251 101.472738027573 101.502071619034 103.224174261093 103.25460100174 103.285025119781 103.315451622009 103.345879077911 103.376305818558 103.406730413437 104.685293674469 105.453252315521 105.617279291153
126.452029705048 125.926151752472 126.716359853745 126.483047962189 125.659546136856 124.0838804245 122.245467185974 120.976960420609 120.441276788712 118.856994152069 117.0111784935 114.088526725769 112.398281574249 111.746464252472 108.831009149551 107.131189823151 104.214329719543 106.074739456177 104.299994945526 101.325720787048 101.370001316071 100.336520195007 100.350787401199 98.3648884296417 98.377069234848 96.1675519943237 97.2016942501068 98.1634662151337 98.1749050617218 99.1357569694519 99.146888256073 102.183039188385 101.212803125381 103.16473531723 102.995252370834 103.016340494156 103.046452283859 103.076563835144 102.925138473511 100.34260725975 101.62694478035 102.687148094177 101.689564228058 102.388221025467 103.450263977051 103.683456420898 103.715760469437 103.806375026703 105.679069042206
129.59215259552 129.062939167023 127.191745758057 126.659209012985 125.830745697021 125.295380115509 122.404466629028 122.471768856049 120.58944940567 118.740959644318 117.147956132889 115.234139919281 111.84553861618 111.193114757538 108.474827289581 107.236229896545 105.365759134293 106.167151451111 103.371000766754 101.4128677845 100.420338630676 100.283400058746 98.4471468925476 97.657881975174 95.5939910411835 95.4515194892883 96.41068983078 97.4430356025696 98.2506060600281 99.0575213432312 99.0653486251831 100.022576570511 100.02934885025 101.978396177292 103.222686052322 103.243346691132 103.093288421631 103.125739812851 103.158191680908 100.60649394989 100.639838457108 100.673183917999 100.706528186798 100.739874124527 101.826282739639 103.092838525772 103.794426202774 103.879863500595 103.813835859299
130.832546949387 129.251281738281 128.420768260956 128.193156003952 126.606718063354 126.361982107162 125.23227596283 122.332624435425 120.443507432938 118.884164810181 117.284734964371 114.877317428589 113.008861064911 111.968314409256 109.246727466583 107.341272115707 108.220433712006 106.259562015533 103.460447072983 101.68127155304 100.518423318863 100.532044649124 97.5190658569336 95.525249004364 94.730087518692 95.5356221199036 95.5408074855804 96.3453149795532 98.1745834350586 98.3311779499054 100.312255144119 101.115101099014 101.271820068359 100.084213018417 101.003967046738 101.023492574692 101.057685852051 102.120320796967 103.209710359573 100.871636390686 100.906863451004 100.942086696625 100.774875164032 101.012536525726 101.047762870789 102.138212203979 102.173516750336 103.083677053452 103.87422990799
131.630855560303 129.74759554863 129.20810341835 128.667220592499 127.829962253571 126.234628677368 125.689264297485 122.782010555267 122.547140359879 120.944350481033 118.031150102615 117.161644458771 113.987895488739 111.878640174866 109.153913497925 108.299340486526 108.315341472626 106.533633708954 103.549888849258 102.640166521072 101.669374465942 100.629807472229 97.6133124828339 95.6158192157745 95.617772102356 95.6197237968445 95.6216795444489 96.4228558540344 97.2233166694641 98.4035973548889 99.2033336162567 101.182095050812 101.18331694603 102.134750127792 100.13262963295 100.335708618164 101.400220632553 101.139366388321 103.445511817932 100.732182264328 100.972206830978 101.009302616119 101.04640173912 101.083495616913 101.120590925217 101.157688379288 102.252460718155 102.12264585495 103.269190073013
131.827274799347 129.936440944672 129.096603393555 128.551054239273 126.950478076935 126.401831626892 125.851842403412 122.937132835388 122.992801427841 120.074662685394 118.462918996811 117.02900147438 114.101728439331 112.190167427063 109.462242126465 108.6068379879 109.612229347229 106.808275222778 103.821220397949 103.646905899048 100.658272743225 100.727570295334 98.7336935997009 96.7605872154236 95.7051074504852 95.7038278579712 96.5020513534546 96.5003991127014 97.4504251480103 98.6291570663452 99.2723257541656 99.2702560424805 100.219228029251 99.4463956356049 100.175997257233 100.194416999817 100.417711734772 100.270894050598 98.0060315132141 99.1012856960297 99.1393775939941 100.209612846375 100.248336076736 100.28705739975 100.325779914856 100.568791866302 100.403228282928 101.134673118591 102.293609857559
