data/train_2003/bio12_avg_2003-2018.asc
NCOLS 664 
NROWS 380 
XLLCORNER 3.91666666666667 
YLLCORNER 55.3333333333333 
CELLSIZE 0.0416666666666666 
NODATA_value -9999 
[rows 22 to 43 of 380, columns 392 to 440 of 664]
717.627605438232 -9999 -9999 -9999 -9999 -9999 708.727909088135 712.781341552734 711.756717681885 629.232196807861 669.91817855835 686.849838256836 616.014595031738 583.98045539856 -9999 -9999 -9999 -9999 -9999 -9999 -9999 -9999 548.748952865601 567.189224243164 621.188831329346 587.64040184021 669.018268585205 612.439514160156 548.816356658936 585.87859916687 613.764575958252 619.412467956543 613.495693206787 627.461086273193 573.271354675293 555.819042205811 550.431652069092 605.128280639648 616.760040283203 656.400394439697 707.67658996582 709.418437957764 623.158206939697 583.778871536255 569.362670898438 676.722213745117 624.140804290771 597.199867248535 528.910598754883
-9999 -9999 -9999 658.774311065674 685.988090515137 694.201374053955 661.728828430176 729.889663696289 690.841991424561 691.15699005127 702.362762451172 785.152538299561 702.162326812744 611.632293701172 -9999 -9999 -9999 -9999 -9999 -9999 -9999 -9999 -9999 572.353826522827 598.759321212769 604.903701782227 653.46448135376 649.889274597168 627.313800811768 568.252313613892 623.502868652344 673.555221557617 617.073810577393 604.286106109619 588.192977905273 654.387649536133 570.091089248657 550.42596244812 629.162437438965 662.809452056885 703.590362548828 731.405712127686 713.23331451416 744.932563781738 700.136455535889 717.360515594482 662.595184326172 592.4996509552 517.02152633667
-9999 -9999 -9999 703.787620544434 755.901679992676 744.66987991333 683.89867401123 698.999576568604 713.692348480225 734.162719726562 755.272022247314 699.80375289917 608.832897186279 639.252834320068 630.939029693604 -9999 -9999 -9999 -9999 -9999 -9999 -9999 -9999 -9999 538.032476425171 551.301027297974 624.090221405029 549.224781036377 586.924585342407 613.07084274292 630.667770385742 624.339324951172 632.881595611572 687.518997192383 711.753456115723 706.58589553833 678.784439086914 614.900276184082 581.367965698242 679.143844604492 701.197574615479 742.745220184326 760.68957901001 738.661247253418 747.179824829102 686.312774658203 599.47188949585 529.026456832886 525.389314651489
-9999 -9999 -9999 756.071887969971 716.315242767334 728.479118347168 669.792484283447 700.151420593262 731.612533569336 699.164695739746 704.654396057129 617.032039642334 628.822067260742 692.338935852051 678.72204208374 603.242946624756 543.830446243286 -9999 -9999 -9999 -9999 -9999 -9999 -9999 -9999 534.595973968506 522.101449966431 -9999 595.22465133667 615.761035919189 642.984451293945 583.955966949463 606.746459960938 660.631801605225 727.58464050293 703.023918151855 646.419296264648 636.091991424561 668.398368835449 646.82861328125 590.167995452881 571.615379333496 577.970342636108 598.275127410889 675.847545623779 696.007137298584 655.428283691406 649.000385284424 686.647163391113
-9999 -9999 -9999 748.035274505615 715.480487823486 650.397602081299 666.549839019775 677.677154541016 674.86128616333 626.902027130127 640.060646057129 648.778575897217 606.206256866455 596.190780639648 633.429630279541 571.574550628662 -9999 542.295198440552 523.370700836182 -9999 -9999 -9999 -9999 547.502973556519 521.230001449585 -9999 -9999 -9999 -9999 -9999 -9999 -9999 539.019334793091 586.736825942993 612.879035949707 638.504222869873 602.384998321533 538.925476074219 563.333351135254 565.804132461548 596.252922058105 611.051765441895 586.36011505127 584.581838607788 611.618019104004 666.073959350586 675.994678497314 603.195007324219 618.02853012085
-9999 -9999 -9999 -9999 -9999 -9999 635.057788848877 643.647052764893 615.240528106689 -9999 -9999 646.741798400879 690.165199279785 664.523765563965 580.104633331299 571.198907852173 556.40570640564 532.762689590454 519.686389923096 511.531261444092 510.514883041382 -9999 541.886129379272 554.005346298218 534.815908432007 568.249198913574 571.578058242798 545.118488311768 514.381446838379 499.555475234985 -9999 512.446796417236 536.519876480103 544.944784164429 522.336193084717 498.037614822388 557.351198196411 583.407331466675 606.529312133789 610.01685333252 613.436332702637 586.773078918457 543.55859375 539.302539825439 553.68381690979 551.682922363281 555.2672290802 548.732843399048 527.019325256348
697.725170135498 655.149078369141 -9999 -9999 -9999 -9999 -9999 -9999 582.486890792847 583.850130081177 567.357349395752 640.389228820801 687.898826599121 711.739498138428 668.465347290039 598.66340637207 541.524868011475 532.594051361084 532.61421585083 512.379922866821 -9999 -9999 -9999 573.182043075562 600.728523254395 605.260955810547 646.300769805908 638.298599243164 598.18955039978 540.711622238159 500.76669883728 -9999 -9999 -9999 499.737386703491 -9999 -9999 -9999 505.158416748047 559.849426269531 552.734485626221 529.111680984497 506.714305877686 587.625810623169 618.414943695068 614.157028198242 598.218395233154 615.246227264404 602.420230865479
739.469615936279 687.794158935547 650.47566986084 -9999 -9999 -9999 -9999 -9999 584.66895866394 589.054670333862 560.301111221313 -9999 656.526924133301 682.576465606689 653.568035125732 621.783935546875 554.351770401001 525.616260528564 531.008808135986 521.553331375122 -9999 -9999 546.837844848633 556.427478790283 544.996725082397 557.319723129272 628.503295898438 650.898948669434 636.831230163574 636.943920135498 566.935400009155 510.180585861206 -9999 501.984796524048 510.573112487793 490.497095108032 493.329717636108 486.947450637817 529.66090965271 557.956979751587 554.946256637573 527.342214584351 507.879428863525 543.332437515259 595.851776123047 607.843940734863 600.185237884521 596.218032836914 599.570247650146
792.830459594727 754.406063079834 698.96203994751 624.073463439941 -9999 -9999 -9999 611.916263580322 601.612264633179 628.681583404541 569.720945358276 548.263975143433 600.318180084229 605.301305770874 586.259670257568 577.916990280151 552.485095977783 520.423065185547 -9999 512.471319198608 -9999 -9999 533.860998153687 571.075963973999 650.582950592041 533.303689956665 528.838525772095 550.579944610596 622.694797515869 621.926475524902 618.825332641602 590.588779449463 559.090312957764 519.109968185425 514.335535049438 507.495441436768 -9999 486.301261901855 479.88724899292 530.143095016479 565.127199172974 556.671354293823 537.656845092773 544.388734817505 542.190263748169 539.980155944824 555.350553512573 567.526208877563 575.324440002441
852.834987640381 786.16397857666 699.189838409424 618.979751586914 -9999 -9999 618.445098876953 677.427310943604 696.218250274658 627.876403808594 579.706974029541 554.533840179443 587.681934356689 576.988525390625 553.600463867188 538.54553604126 517.232387542725 -9999 520.570114135742 534.348836898804 564.933164596558 538.53765296936 506.907085418701 550.476787567139 637.956920623779 613.432178497314 573.8235912323 523.048698425293 547.004400253296 581.554428100586 602.404747009277 614.36935043335 589.462686538696 558.315729141235 545.381872177124 549.685655593872 539.381155014038 504.103302001953 482.287961959839 484.203954696655 493.029613494873 508.874490737915 543.094299316406 605.775573730469 624.6789894104 594.61547088623 574.351598739624 588.129119873047 608.541133880615
794.367851257324 754.153980255127 646.691886901855 -9999 -9999 -9999 599.957902908325 652.903163909912 707.818439483643 667.296382904053 617.088245391846 564.623273849487 582.956165313721 582.582284927368 588.065786361694 548.869218826294 514.380285263062 538.872922897339 554.676208496094 543.53790473938 524.521764755249 536.032764434814 591.024223327637 626.949871063232 660.633838653564 653.170455932617 666.111351013184 591.093811035156 572.810966491699 578.41912651062 638.429748535156 613.966979980469 568.989814758301 585.240652084351 577.59832572937 597.339284896851 579.977952957153 535.998538970947 519.207473754883 494.692834854126 483.554563522339 496.799734115601 525.773439407349 544.370906829834 588.358270645142 587.561212539673 569.441089630127 568.14821434021 575.466583251953
709.515949249268 635.308471679688 -9999 -9999 -9999 568.708110809326 572.202524185181 613.395706176758 646.160690307617 647.212017059326 586.181081771851 557.615772247314 598.752704620361 614.251293182373 628.517185211182 620.784690856934 578.706293106079 529.700834274292 510.170709609985 530.136060714722 558.056953430176 582.659437179565 580.565338134766 571.38151550293 598.27638053894 591.861961364746 619.132183074951 622.743396759033 659.147357940674 685.929183959961 752.840480804443 720.844100952148 602.618644714355 584.505086898804 592.095056533813 606.971672058105 574.735181808472 560.880392074585 543.720026016235 508.154266357422 494.984920501709 494.066320419312 471.388662338257 480.967071533203 516.895725250244 571.343492507935 591.064601898193 612.521335601807 593.684032440186
686.763553619385 611.561027526855 -9999 -9999 -9999 564.238561630249 594.833068847656 686.069316864014 765.575260162354 715.195281982422 620.91520690918 583.69814491272 636.27282333374 640.852458953857 687.187950134277 683.76037979126 647.827152252197 568.620208740234 528.687969207764 506.34362411499 528.93505859375 545.27391242981 523.904903411865 504.98165512085 555.325714111328 691.903995513916 736.579627990723 751.040111541748 751.217231750488 737.596336364746 754.746307373047 694.611381530762 624.466648101807 607.441940307617 602.99711227417 608.160884857178 568.474252700806 565.04238319397 592.568029403687 595.220607757568 555.654582977295 518.900493621826 489.903274536133 488.696472167969 476.980325698853 482.462934494019 494.641485214233 512.245187759399 537.167901992798
659.636745452881 -9999 572.051095962524 -9999 -9999 565.401090621948 603.664224624634 681.397994995117 690.002704620361 747.268867492676 688.746704101562 665.532928466797 619.21166229248 642.970676422119 655.886791229248 731.659038543701 720.949306488037 625.076419830322 572.918134689331 531.366987228394 583.482711791992 608.844295501709 567.407514572144 507.227931976318 506.437837600708 594.161893844604 670.520294189453 670.383293151855 665.141891479492 720.528968811035 736.441295623779 701.738861083984 689.989673614502 696.526412963867 642.58052444458 577.307489395142 574.093254089355 602.142990112305 621.959667205811 648.964534759521 650.995136260986 636.245292663574 605.006076812744 574.639295578003 561.859731674194 549.917699813843 534.946811676025 544.871883392334 521.190187454224
612.353137969971 586.692512512207 571.704425811768 -9999 -9999 605.631454467773 707.061878204346 704.607105255127 645.197402954102 666.861633300781 680.480609893799 683.82787322998 704.260730743408 756.36206817627 643.330081939697 683.551563262939 679.407981872559 650.690971374512 596.425107955933 566.708898544312 547.924982070923 615.895462036133 630.80793762207 535.456392288208 502.06894493103 520.481147766113 602.259780883789 646.443729400635 657.129940032959 656.756702423096 692.202205657959 732.748138427734 767.862712860107 700.874629974365 636.50963973999 586.143896102905 627.494758605957 637.861679077148 662.941818237305 661.470935821533 665.856468200684 690.150913238525 682.8005027771 660.854526519775 626.759304046631 601.014755249023 600.694911956787 619.475410461426 602.540950775146
602.864168167114 579.249412536621 567.222743988037 548.092189788818 569.692398071289 586.3274269104 612.157157897949 627.428642272949 633.314159393311 667.635231018066 662.380725860596 664.669921875 652.911052703857 695.338092803955 709.43726348877 666.364074707031 656.210800170898 602.1474609375 648.166748046875 611.003211975098 600.424915313721 723.57649230957 667.129825592041 532.912538528442 503.400545120239 509.553085327148 611.005489349365 660.451145172119 684.634525299072 687.841117858887 696.285533905029 692.995109558105 684.767108917236 680.459064483643 641.516082763672 597.502292633057 596.489931106567 657.138347625732 681.641231536865 667.972511291504 678.46817779541 689.11018371582 683.678497314453 680.85982131958 680.750331878662 649.71838760376 610.657444000244 618.477626800537 616.65860748291
572.530534744263 -9999 -9999 613.92951965332 649.641220092773 603.152496337891 536.768266677856 -9999 565.233280181885 614.756225585938 674.932987213135 710.683300018311 755.87805557251 711.956176757812 728.353008270264 687.447719573975 695.184429168701 658.466743469238 673.682342529297 623.929630279541 686.69730758667 693.140968322754 635.049186706543 556.331127166748 496.991275787354 496.96693611145 558.043483734131 618.301380157471 645.980243682861 670.462657928467 665.443668365479 668.820240020752 657.167602539062 638.915668487549 626.344215393066 628.825412750244 648.455101013184 646.547477722168 656.4833984375 660.61828994751 659.234767913818 651.568954467773 655.802803039551 646.262115478516 622.998828887939 626.068367004395 645.787353515625 641.660526275635 629.020259857178
554.293928146362 -9999 566.973739624023 649.616020202637 664.355625152588 592.857614517212 531.77427482605 586.939056396484 546.734891891479 568.921384811401 546.413661956787 558.618059158325 558.992395401001 596.703969955444 665.094249725342 702.50365447998 702.929187774658 691.457286834717 676.493465423584 657.797191619873 655.757377624512 665.606262207031 678.380680084229 641.390640258789 579.484842300415 543.166276931763 527.171339035034 499.164505004883 541.807573318481 616.781894683838 641.509670257568 637.398273468018 640.679626464844 635.533401489258 605.516555786133 657.205055236816 672.179401397705 680.933406829834 677.971160888672 706.735294342041 685.916744232178 642.351726531982 636.037086486816 649.192085266113 631.485904693604 617.592254638672 628.214237213135 627.352832794189 605.871555328369
-9999 544.571670532227 614.014472961426 714.260372161865 723.686477661133 617.248313903809 540.362985610962 681.931625366211 629.262344360352 685.69482421875 730.782081604004 777.047477722168 765.948932647705 649.352443695068 539.442813873291 544.36642074585 613.12141418457 659.211380004883 665.775871276855 651.160041809082 649.189914703369 663.284301757812 645.249137878418 620.631683349609 599.739086151123 628.688716888428 590.193790435791 514.496238708496 499.471811294556 498.291013717651 552.917533874512 595.696672439575 606.533493041992 596.584177017212 578.556911468506 595.860050201416 626.153133392334 636.04545211792 655.357364654541 672.451507568359 653.639293670654 621.380611419678 611.99144744873 625.028949737549 606.409507751465 586.480033874512 588.305868148804 590.726545333862 578.223308563232
549.174339294434 579.30962562561 631.363227844238 712.819137573242 731.817623138428 740.298957824707 623.536026000977 559.670972824097 693.725505828857 683.310363769531 702.270648956299 694.96070098877 705.452247619629 709.909080505371 676.222816467285 619.035514831543 524.597398757935 592.997764587402 659.972534179688 663.340602874756 645.47318649292 635.556480407715 606.782947540283 594.487148284912 571.963262557983 575.341613769531 587.318288803101 578.757669448853 575.698026657104 549.892070770264 512.526147842407 507.185499191284 534.631576538086 540.209453582764 549.680095672607 567.033088684082 591.326606750488 611.766307830811 610.680423736572 612.085742950439 607.896217346191 585.570241928101 581.618001937866 584.80326461792 574.042770385742 571.110136032104 578.998863220215 572.831346511841 576.179969787598
527.908740997314 556.449407577515 610.256061553955 676.568069458008 728.775672912598 749.61026763916 652.35912322998 550.114429473877 626.721664428711 708.572685241699 724.296073913574 727.220832824707 728.368480682373 730.790496826172 695.056270599365 675.257953643799 644.729530334473 575.166357040405 613.64245223999 657.436740875244 672.539936065674 639.357112884521 616.583145141602 595.292560577393 575.145370483398 595.662410736084 627.770877838135 623.629810333252 603.331962585449 586.184478759766 571.66250038147 594.967981338501 588.591234207153 550.802112579346 516.744050979614 509.352256774902 524.173727035522 549.774841308594 561.715370178223 572.376472473145 568.146654129028 559.743133544922 563.681913375854 580.714107513428 587.521406173706 589.953031539917 603.701793670654 605.189331054688 604.038967132568
516.387615203857 511.506896972656 529.190441131592 589.976295471191 696.472248077393 778.317844390869 730.922779083252 671.735607147217 652.617076873779 639.457828521729 659.919734954834 679.760021209717 701.751583099365 689.234394073486 675.597457885742 659.928287506104 648.857067108154 648.176383972168 626.080032348633 602.271043777466 604.422355651855 599.37188911438 609.357536315918 612.8596534729 612.253364562988 616.69486618042 632.436138153076 612.314750671387 603.437252044678 594.099630355835 582.185190200806 579.648708343506 578.696634292603 565.058298110962 565.162925720215 548.064643859863 533.246873855591 513.857875823975 513.189414978027 514.030710220337 526.988250732422 556.187705993652 570.319339752197 579.894752502441 589.744132995605 592.575637817383 603.635921478271 594.357456207275 577.708309173584
