data/train_2003/bio10_avg_2003-2018.asc
NCOLS 664 
NROWS 380 
XLLCORNER 3.91666666666667 
YLLCORNER 55.3333333333333 
CELLSIZE 0.0416666666666666 
NODATA_value -9999 
[rows 110 to 131 of 380, columns 490 to 538 of 664]
14.0886025428772 14.0827988386154 13.929661989212 13.9071916341782 13.9560547471046 13.939584851265 14.0177817940712 13.9466443657875 13.8221743106842 13.7703706026077 13.7526957392693 13.7831501960754 13.6322708129883 13.5927246809006 13.6218449473381 13.5696328282356 13.6134197115898 13.5418739318848 13.5996614098549 13.5881149768829 13.5999026298523 13.6170229315758 13.6242970824242 13.5817246437073 13.5998184680939 13.6959128379822 13.7973395586014 13.7654336690903 13.7241950631142 13.6589553356171 13.7450491189957 14.0078095197678 13.8505707383156 13.7846643924713 13.7910152673721 13.7609555721283 13.8428960442543 13.8921699523926 13.8534434437752 13.934717297554 13.987990796566 13.9612647294998 13.8858717083931 13.8131457567215 13.7444195747375 13.7263597249985 13.7159656882286 13.6792374849319 13.6378430724144
14.1072367429733 14.1015501618385 14.0078634023666 13.9388426542282 13.9024894833565 13.9194696545601 14.0411160588264 14.0780956149101 14.0137423872948 13.8987217545509 13.8311011791229 13.7668801546097 13.686658680439 13.5991041064262 13.6448826789856 13.6906616091728 13.6571062207222 13.5828852057457 13.5913303494453 13.6037756800652 13.6622213125229 13.7039996981621 13.7256825566292 13.7299371361732 13.7421916127205 13.7564457654953 13.7240332365036 13.7789545059204 13.8465418815613 13.8567962646484 13.9003838300705 14.0046382546425 14.1475592851639 14.2304804325104 14.1192319989204 14.1344806551933 14.0830625295639 14.0329778790474 13.9675593972206 13.9548084139824 13.964056968689 13.9746387004852 13.9518876671791 13.8698031902313 13.8437186479568 13.7783004045486 13.7380812168121 13.6703947782516 13.5647081136703
14.1218715310097 14.098967730999 14.0633977651596 13.9544938206673 13.8802573680878 13.7540208101273 13.7704502344131 13.7595471143723 13.8719766139984 13.8677399754524 13.8055066466331 13.7719435095787 13.7437136173248 13.713483273983 13.6665865182877 13.657023370266 13.679459810257 13.6318962574005 13.5763323903084 13.617436170578 13.6805397868156 13.8016433119774 13.8537353873253 13.8521496653557 13.7765643596649 13.7483124732971 13.860060274601 13.9564751982689 13.968222796917 14.0293041467667 14.109718978405 14.1921333670616 14.2425480484962 14.2109629511833 14.1427819728851 14.0173382163048 14.0418954491615 14.1117857098579 14.1243426799774 14.1055664420128 14.0561237335205 14.0166804790497 14.0232372879982 13.9391279220581 13.7936846613884 13.7975746393204 13.7908639907837 13.7108852863312 13.6775730848312
14.1705058813095 14.1037187576294 13.9515988230705 13.8461453914642 13.8706923127174 13.8752385377884 13.8817848563194 13.8303315639496 13.7975448966026 13.7354248166084 13.7385787367821 13.6783398985863 13.6814347505569 13.6831958293915 13.6709572076797 13.6920521259308 13.6924793720245 13.6709076762199 13.7013355493546 13.6937637925148 13.7181913256645 13.8499526977539 13.9397878050804 13.9216959476471 13.8982707858086 13.9381789565086 14.0100874304771 14.0466619729996 14.0325707793236 14.0684786438942 14.0703872442245 14.0882951021194 14.0222031474113 13.9574452638626 13.9309986829758 13.8561972379684 13.8767285943031 13.963260948658 13.9877928495407 14.0209911465645 14.0188564658165 14.0680550336838 13.9999199509621 13.9537850618362 13.9689833521843 13.9381818175316 13.920979142189 13.8780420422554 13.8177711367607
14.0344734191895 14.0391366481781 14.0671333670616 14.0051300525665 13.957126557827 13.9304565191269 13.9011198282242 13.8911163806915 13.8611128926277 13.8431092500687 13.8256503939629 13.80206990242 13.7978226542473 13.7829085588455 13.7573282122612 13.7777471542358 13.7861665487289 13.8525857925415 13.9130051136017 13.8334243297577 13.7798433899879 13.7129294872284 13.8711731433868 13.9979082942009 14.0746438503265 14.1573789715767 14.0841146111488 13.9341825842857 13.8562508821487 13.8376532196999 13.7770550251007 13.6971235275269 13.6325254440308 13.5612607002258 13.5365485548973 13.6010552048683 13.6688952445984 13.6887353658676 13.7619091272354 13.8364154100418 13.8675889968872 13.902762234211 13.9299358725548 13.9391096830368 13.9402828216553 13.9867895245552 14.0030947327614 13.9885320663452 13.9219693541527
13.995774269104 13.9305545687675 14.0246674418449 14.0367808938026 13.9722275137901 13.9223408699036 13.9551209807396 13.9699010252953 13.8746811151505 13.9101276993752 13.9700568318367 13.9698002934456 13.9002105593681 13.8912872672081 13.8730316162109 13.9247757196426 13.9525191783905 13.9515969157219 13.9346739649773 13.9104182124138 13.7628286480904 13.7052393555641 13.7932257056236 13.9701207876205 14.115683734417 14.1499121189117 14.0408076643944 13.881036221981 13.7519323825836 13.6421607732773 13.6037234067917 13.601951956749 13.5308477878571 13.4244097471237 13.4074314832687 13.5985800623894 13.6870616078377 13.7555433511734 13.7853586673737 13.7918401360512 13.7776553630829 13.7994702458382 13.8586184382439 13.8837668299675 13.8455817103386 13.8220634460449 13.8438768982887 13.8216891884804 13.8068345189095
13.9964087605476 14.0219722390175 14.0302022695541 13.9837657809258 13.9873288273811 13.9928920865059 13.9544557332993 13.9133523106575 13.9215822815895 13.9031455516815 13.9444614052773 13.9455301761627 13.9299317598343 13.9616668224335 13.9940690994263 14.019804418087 14.0255398154259 13.7666081786156 13.6296768784523 13.8120788931847 13.9664806723595 13.9688819646835 13.9732783436775 14.0516672134399 14.1627231240273 14.187778711319 13.9821678996086 13.7892237305641 13.7956128120422 13.7100023031235 13.6137245893478 13.5681137442589 13.5305030345917 13.5175589323044 13.6123152971268 13.714771270752 13.7938949465752 13.8490181565285 13.8334752321243 13.8059312701225 13.825054526329 13.8581777215004 13.8313013315201 13.7964244484901 13.8062145113945 13.7300041913986 13.5199925899506 13.5701792836189 13.6276996731758
14.0030432343483 13.9567230939865 13.9957366585732 13.9660832881927 13.9924305081367 13.9974436759949 13.9837904572487 13.9408038854599 13.9738171696663 14.0108305811882 14.0328669548035 14.0505935549736 14.0589867830276 14.0327135920525 14.0377731919289 14.0788331031799 14.06789290905 13.7382863759995 13.7613458037376 13.9304057955742 14.0287991762161 14.0711921453476 14.0453304052353 14.1525464057922 14.2570959329605 14.1896452903748 13.987528026104 13.9294110536575 13.9452937245369 13.9011766910553 13.8643922805786 13.8356087803841 13.7741584777832 13.756040930748 13.7805318236351 13.7969633340836 13.8147280812263 13.8084927797318 13.7855914235115 13.7740222811699 13.7584545612335 13.7355527281761 13.687983751297 13.6610816717148 13.5901802778244 13.5479446649551 13.4954414367676 13.466669678688 13.5358978509903
14.0660163164139 14.0363723635674 14.0133945941925 14.0097509026527 14.062107026577 14.0091300606728 14.0181524753571 14.0005086064339 14.0561981797218 14.1058878302574 14.0932420492172 14.0542604923248 14.1052797436714 14.078965485096 14.0259839296341 14.0490027666092 14.1306882500648 14.1317071914673 14.1340593695641 14.1464113593102 14.1640972495079 14.1691161990166 14.1644765138626 14.2388462424278 14.2005490660667 13.9115847945213 13.8479542136192 13.9936574101448 14.0040265917778 13.9883959293365 13.9540985822678 13.9191346168518 13.8941704034805 13.9098734259605 13.903650701046 13.8648368120193 13.8480231165886 13.8325425982475 13.7817287445068 13.7595816254616 13.6201013922691 13.5659543275833 13.5691403746605 13.5829935669899 13.5981796383858 13.6160326004028 13.6143084168434 13.6003412008286 13.5850402116776
14.1086601614952 14.094918191433 14.0525094270706 14.0527681708336 14.1290265917778 14.1532849669456 14.1428763270378 14.1518008112907 14.1473926901817 14.1849837303162 14.2082523107529 14.2045317292213 14.1848105192184 14.1604226827621 14.1687015891075 14.1636474728584 14.2199263572693 14.2495385408401 14.263817191124 14.2194293141365 14.2270416617393 14.22332072258 14.2360508441925 14.2298995256424 14.1684155464172 14.1075975298882 14.1207797527313 14.0659621953964 14.0264776945114 14.0196596384048 13.9861750602722 13.9580237269402 13.9572057723999 13.9417216777802 13.9210065603256 13.9317269325256 13.9417808651924 13.8878346681595 13.8298882842064 13.7166094779968 13.573330104351 13.6260502338409 13.6154380440712 13.6321588158607 13.6622130870819 13.6389335989952 13.6372601389885 13.6665266752243 13.6517934203148
14.1619708538055 14.1701310276985 14.2009584903717 14.1917853355408 14.174612224102 14.1567724943161 14.1069330573082 14.1504265069962 14.1819202899933 14.1767472028732 14.2125968337059 14.2248024940491 14.1823413968086 14.2298805713654 14.2894194126129 14.2996248602867 14.2998304367065 14.3247028589249 14.333574950695 14.3197808861732 14.2806528806686 14.2495248913765 14.1889585256577 14.1836202144623 14.1456153392792 14.1076104044914 14.0562717914581 14.013600051403 14.002261698246 13.994256913662 13.9282512068748 13.8849129676819 13.817574441433 13.8042361140251 13.8310276269913 13.8592828512192 13.8702046871185 13.8137932419777 13.8200480937958 13.6829701066017 13.59589189291 13.631480038166 13.6030684709549 13.7053236365318 13.7449122071266 13.7345005869865 13.734211742878 13.7667121291161 13.7538791298866
14.2592816352844 14.2580108046532 14.2747399806976 14.2721355557442 14.2568646073341 14.2209268808365 14.205656349659 14.1743852496147 14.1317806243896 14.2165104746819 14.2536075115204 14.2850733995438 14.2612056136131 14.2480045557022 14.262803375721 14.2729358673096 14.3044012784958 14.3125336766243 14.3006657958031 14.2854647040367 14.2669304013252 14.236396253109 14.1885331869125 14.136007130146 14.1001483798027 14.0856227278709 14.0524305701256 14.0065717697144 13.9073791503906 13.8715200424194 13.8476610183716 13.8404690027237 13.7992764115334 13.8107511401176 13.8430497050285 13.9195057153702 13.9539625048637 13.9017515182495 13.8488742113113 13.8093304634094 13.8064536452293 13.780909717083 13.7913658618927 13.8184890151024 13.7869449257851 13.8160681128502 13.8578301072121 13.8842309713364 13.8432983756065
14.2812591195107 14.2578901648521 14.2525213956833 14.231819331646 14.2251172065735 14.2330819964409 14.2163798809052 14.2156776785851 14.2083085179329 14.2176066040993 14.3052853345871 14.2746769785881 14.2194029092789 14.161462187767 14.1401872634888 14.1302464604378 14.1436389684677 14.151031255722 14.1557571291924 14.1598162055016 14.1438751220703 14.1052671670914 14.1107740998268 14.109061062336 14.0853483080864 14.0316351652145 13.9725890755653 13.9608765244484 13.9184967875481 13.9094506502151 13.9757378697395 13.9973586797714 13.9969791173935 14.0025994181633 13.9617384076118 13.9323957562447 13.8577198982239 13.8443768620491 13.8250342011452 13.8543582558632 13.88834887743 13.8303396105766 13.8356631398201 13.8383210301399 13.8283108472824 13.8376352787018 13.8381146788597 13.8404163122177 13.7900512218475
14.2965700626373 14.2791029810905 14.2809696793556 14.2375031113625 14.2407029867172 14.2465697526932 14.2244365215302 14.2156361341476 14.2315030694008 14.2673696279526 14.2302955389023 14.192948281765 14.1562671065331 14.1462527513504 14.1549053788185 14.153557240963 14.1108771562576 14.0975289940834 14.1081815958023 14.1115005612373 14.0974865555763 14.0381383895874 13.987681388855 13.9774483442307 13.9878814220428 13.9889816045761 14.0067479610443 14.0511810183525 14.0682814717293 14.0647143125534 14.0638144016266 14.1062480807304 14.124014377594 14.0711143612862 13.9897602796555 13.871285200119 13.8328103423119 13.8716686367989 13.871860563755 13.8927188515663 13.8889110684395 13.8824357390404 13.9052937626839 13.888818860054 13.873010456562 13.8672026395798 13.8077327609062 13.8172687292099 13.8308044075966
14.2678806781769 14.2683160305023 14.2667512893677 14.2638533711433 14.2389553785324 14.2247239351273 14.2271594405174 14.2135949134827 14.2566974163055 14.234465777874 14.183973133564 14.1558856964111 14.1984646916389 14.2210440039635 14.22295576334 14.2075351476669 14.1787812709808 14.1406932473183 14.1046060323715 14.0265181660652 13.9344301819801 13.9416760206223 13.8925887346268 13.9205015301704 13.9990810751915 14.0203270316124 13.9929068684578 14.0168191790581 14.0860652327538 14.1093114614487 14.1065578460693 14.0818038582802 14.051049888134 14.0662956833839 14.0031152367592 13.8735080957413 13.8952348828316 13.9082940220833 13.9033533930779 13.9224131703377 13.9348058104515 13.9405319094658 13.958924472332 13.9493172764778 13.9077100753784 13.8641031384468 13.8566842079163 13.8621208667755 13.8808906674385
14.2558579444885 14.2608618736267 14.2551994919777 14.2362043261528 14.2392080426216 14.2395452857018 14.2538830041885 14.2408870458603 14.2658911943436 14.2115619778633 14.1763172745705 14.1888231635094 14.2013285756111 14.2338339090347 14.2463400959969 14.2415125966072 14.1706851124763 14.0891909003258 13.973030090332 14.0095358490944 14.0153747797012 13.9905473589897 13.983496427536 13.9788883924484 14.0122808218002 14.0243398547173 13.9883984923363 14.0104573965073 14.0558500289917 14.0919088125229 14.0573009252548 14.0073598027229 13.9734189510345 14.0374776721001 14.0164707303047 13.9610641598701 13.9436587095261 13.962252676487 13.9035130739212 13.8727736473083 13.9060342311859 13.9332943558693 13.9492216706276 13.9311488866806 13.9417427778244 13.9456703662872 13.9843027591705 13.9889732599258 14.0023100972176
14.3431684374809 14.2980749607086 14.284314095974 14.2632209062576 14.2754603624344 14.2803668379784 14.2936365008354 14.2703378796577 14.2430856227875 14.2226583361626 14.1993277072906 14.2224267721176 14.2221926450729 14.2412917017937 14.2330575585365 14.062157034874 13.9359224438667 13.965688586235 14.0994547605515 14.1498870253563 14.1476527452469 14.1580852270126 14.1377374529839 14.067275583744 14.0374805927277 14.0450186729431 14.0485575199127 14.0367619991302 14.0536339879036 14.0725055932999 14.0520439743996 14.016915678978 14.0057874917984 14.0326592922211 14.0024921894073 13.9552875757217 13.9427491426468 13.9255440235138 13.8890061378479 13.8598011136055 13.856595993042 13.8700576424599 13.9561857581139 13.9909806847572 13.961776137352 14.0005707144737 14.0632539987564 14.063825070858 14.064395904541
14.3711457252502 14.3279542922974 14.3074293136597 14.3262378573418 14.3663796186447 14.3475939631462 14.3106236457825 14.2541378736496 14.2642794847488 14.2477548718452 14.2490050196648 14.2580308318138 14.2597234845161 14.2314161658287 14.1144422292709 13.9441345334053 13.9584938287735 14.1008532643318 14.2318787574768 14.3089048266411 14.2905972003937 14.2742897868156 14.1993116140366 14.1549963951111 14.1206805109978 14.1290317773819 14.1460493206978 14.1237341165543 14.1320849657059 14.1224361658096 14.1001208424568 14.069138109684 14.0348225235939 14.0491737127304 14.0265142321587 13.9368438720703 13.904506444931 13.9401694536209 13.9318321347237 13.932161450386 13.8938243985176 13.9088203907013 13.9738166332245 13.9754797816277 13.9884752631187 14.0234715342522 14.0815388560295 14.0860109329224 14.0311489701271
14.3557903170586 14.2951678037643 14.2972113490105 14.3732549548149 14.4366325139999 14.4344857335091 14.318386554718 14.2634300589561 14.2834740877151 14.3088515996933 14.3053492307663 14.3216351866722 14.2892547249794 14.1655405163765 14.150493144989 14.1014460325241 14.1030650138855 14.1740171909332 14.2436365485191 14.3159223198891 14.3248751759529 14.2811608910561 14.1735523343086 14.1580497026443 14.1192135214806 14.1363779902458 14.1428750157356 14.1493724584579 14.1838698387146 14.1870334744453 14.1421973109245 14.1113611459732 14.0865251421928 14.0636886358261 14.0598692297935 14.0290666818619 13.9749304652214 14.003461420536 13.9939915537834 14.0005218982697 14.0203857421875 14.0389165282249 14.0654467940331 14.0653113722801 14.0758416056633 14.0770393013954 14.0811573863029 14.0821960568428 13.9812356829643
10.975595831871 14.2733802199364 14.2476596832275 14.3877723813057 14.5295513868332 14.4414975047112 14.3187764286995 14.2480560541153 14.3086685538292 14.3739476799965 14.3410269618034 14.3465730547905 14.2861188650131 14.2203313112259 14.1865438222885 14.1407566070557 14.1149695515633 14.1605151891708 14.176727771759 14.196273624897 14.211819767952 14.1933652162552 14.1964600086212 14.1524369716644 14.0850801467896 14.0717235803604 14.1183669567108 14.1356768608093 14.1683205366135 14.1922971606255 14.2069404125214 14.1529171466827 14.0902267098427 14.0775371789932 14.1078913807869 14.1499562859535 14.0953545570374 14.0694190263748 14.066817343235 14.1182159781456 14.1529479622841 14.1663461327553 14.1670777201653 14.1231427192688 14.1185414791107 14.1592732667923 14.1221089959145 14.1117150783539 14.0379881262779
-9999 -9999 14.2537974715233 14.547404050827 14.5354546308517 14.4921565651894 14.4062930345535 14.2900514602661 14.2545465826988 14.2603750228882 14.2774049043655 14.2569688558578 14.2651999592781 14.2434311509132 14.211661696434 14.1698927879333 14.1574566960335 14.1896877288818 14.1972519755363 14.2181496024132 14.2470471858978 14.2219443321228 14.172454893589 14.1219120025635 14.0827019810677 14.098825097084 14.0956151485443 14.1150717139244 14.1598616838455 14.2226513624191 14.2181087732315 14.1722317934036 14.1316882967949 14.1164786815643 14.1395626068115 14.1176081299782 14.0856536030769 14.0943652391434 14.1310774683952 14.1777902245522 14.2065018415451 14.1765473484993 14.1359263062477 14.0966385006905 14.1260174512863 14.1753959059715 14.161473929882 14.1215841770172 14.1076937913895
-9999 -9999 -9999 -9999 14.4300760626793 14.400950729847 14.4179679751396 14.365477502346 14.263108253479 14.2841332554817 14.2971495985985 14.282156765461 14.2698311209679 14.2268387675285 14.1911795735359 14.1955205202103 14.2451948523521 14.2775356769562 14.2605426311493 14.2502172589302 14.231224656105 14.2155655026436 14.1775379180908 14.1751413941383 14.1760787367821 14.1223492026329 14.0912864208221 14.122889995575 14.1491605639458 14.1580976843834 14.1543680429459 14.1499720811844 14.1622423529625 14.1451793909073 14.1508830189705 14.1433552503586 14.1204939484596 14.1229662299156 14.1094376444817 14.1405766606331 14.1557151675224 14.1601870656013 14.1659923195839 14.1704648137093 14.1822698712349 14.2080749869347 14.210586309433 14.2011359930038 14.1630192399025
