data/train_2003/bio18_avg_2003-2018.asc
NCOLS 664 
NROWS 380 
XLLCORNER 3.91666666666667 
YLLCORNER 55.3333333333333 
CELLSIZE 0.0416666666666666 
NODATA_value -9999 
[rows 154 to 175 of 380, columns 294 to 342 of 664]
226.569586753845 223.890765190125 222.441039085388 222.623623847961 224.333606719971 225.508833885193 229.387227058411 229.672472000122 226.960020065308 227.097623825073 229.048628807068 231.130388259888 233.217044830322 229.596254348755 228.865054130554 228.169381141663 228.385531425476 231.471128463745 229.735487937927 229.044567108154 231.088369369507 230.130252838135 228.519743919373 228.609404563904 226.852475166321 228.119804382324 232.237948417664 239.086590766907 245.944615364075 248.077068328857 249.140365600586 253.100708961487 254.303517341614 255.505045890808 258.558871269226 264.517831802368 272.367692947388 274.392292976379 266.826216697693 257.323891639709 257.519275665283 251.05643081665 242.579969406128 237.007792472839 234.349814891815 229.682198047638 228.057598114014 228.315727233887 227.614624977112
229.697927474976 228.951552391052 224.318168640137 222.042509078979 222.195742607117 222.058909416199 223.247006416321 224.435751914978 228.482051849365 228.628379821777 227.729325294495 235.546846389771 233.881702423096 229.35092830658 226.663788795471 224.141629219055 222.38939666748 223.648731231689 222.804982185364 223.928172111511 226.88226890564 226.039879798889 225.340473175049 227.382368087769 229.443713188171 229.657695770264 233.637382507324 232.99508190155 238.92759513855 244.86639881134 250.811494827271 253.884713172913 257.852255821228 259.858939170837 263.030610084534 265.043387413025 266.117003440857 266.274984359741 263.479907989502 258.84642124176 251.284126281738 246.656826019287 242.019862174988 237.248243331909 235.620343208313 234.820133686066 235.192165374756 232.500439167023 230.854336261749
241.464829444885 240.737832069397 233.258127212524 223.996858596802 224.150444984436 222.495013237 224.612272262573 222.952610015869 224.153109550476 224.303936958313 224.602081298828 226.707092285156 226.858462333679 231.840490341187 223.548212051392 223.890508651733 222.12762260437 224.150754928589 225.268105506897 224.414130210876 228.420960426331 230.469391822815 223.973008155823 224.174499511719 227.138211250305 231.168016433716 229.501791000366 232.537888526917 231.74218082428 239.531354904175 247.475794792175 251.464804649353 256.374113082886 260.376309394836 265.412547111511 265.568933486938 266.642275810242 265.74728012085 264.905166625977 266.01310634613 255.50093460083 250.822892189026 245.211947441101 240.54398059845 239.72970867157 239.040390968323 238.348388671875 236.665246009827 232.058390617371
242.80427646637 244.946593284607 240.458246231079 235.829676628113 230.301504135132 225.794527053833 226.115642547607 228.22912979126 230.359922409058 228.707761764526 224.181435585022 224.488574981689 223.73469543457 226.769281387329 225.12636756897 227.292119026184 219.898649215698 221.006151199341 223.944515228271 227.949080467224 230.900535583496 223.32998752594 220.628934860229 223.720283508301 222.852128982544 220.297829627991 223.362107276917 221.494126319885 228.370758056641 237.23081111908 242.128162384033 249.03200340271 253.030974388123 257.036179542542 262.078375816345 267.011326789856 266.249979019165 265.212404251099 263.437609672546 263.573398590088 256.900712013245 250.217131614685 250.346432685852 247.641041755676 244.930338859558 240.327943325043 240.646624565125 241.923620700836 239.193474769592
253.747467041016 253.052906036377 249.493010520935 247.732211112976 239.340021133423 230.01830291748 228.37997341156 229.610636711121 234.775831222534 232.229853630066 232.393663406372 230.747152328491 225.155741691589 223.501081466675 227.6232213974 221.283895492554 221.46985912323 221.510985374451 221.697860717773 219.910722732544 221.92951965332 220.141894340515 218.336738586426 218.521735191345 218.549395561218 216.893204689026 221.045161247253 222.079317092896 226.963877677917 232.921746253967 239.824143409729 241.813634872437 245.812488555908 251.823068618774 257.668572425842 261.688452720642 266.662364006042 264.810674667358 261.011035919189 257.132137298584 253.356452941895 249.575821876526 246.849274635315 245.074508666992 245.283632278442 243.60515499115 241.891390800476 243.154892921448 241.464416980743
260.830079078674 262.105213165283 260.360424995422 258.588415145874 248.390563011169 239.238212585449 239.425131797791 241.589131355286 233.300115585327 233.639934539795 233.813482284546 230.197910308838 228.555032730103 225.085973739624 225.421120643616 224.695106506348 227.773259162903 230.707559585571 226.006759643555 224.212175369263 220.422504425049 217.84174156189 218.019472122192 218.054926872253 218.233638763428 215.497875213623 216.717041969299 215.763089179993 218.934228897095 222.754273414612 235.505577087402 242.424352645874 243.501372337341 247.508642196655 253.385437965393 259.419654846191 265.316779136658 262.39404296875 259.525568008423 257.59990978241 252.874354362488 248.110716819763 246.1790599823 242.363508224487 243.481677055359 244.868425369263 245.159476280212 248.434466362 247.661211490631
248.914398193359 252.00004196167 255.086800575256 261.031031608582 262.320256233215 248.170369148254 245.664216995239 244.962290763855 242.435195922852 238.837934494019 240.100647926331 236.491724014282 234.859748840332 237.033790588379 227.776733398438 228.874648094177 230.128088951111 227.254890441895 224.530040740967 222.711048126221 219.97797203064 217.240696907043 216.484585762024 217.585572242737 215.77142906189 215.01024055481 214.218585014343 213.396292686462 214.446315765381 220.413409233093 225.340385437012 230.249764442444 239.196784973145 248.001777648926 250.004991531372 251.094326972961 257.142038345337 261.032646179199 259.065473556519 259.1334400177 254.348004341125 249.448080062866 247.633081436157 244.71905708313 243.965388298035 251.112549781799 247.505021095276 248.741865158081 251.974799156189
249.342552185059 246.694887161255 243.145421981812 247.312993049622 255.263578414917 251.7003698349 247.227725028992 244.554782867432 247.645899772644 249.84050655365 247.321014404297 241.8979139328 234.476658821106 235.746828079224 230.126629829407 229.39223575592 228.657442092896 230.664524078369 235.600382804871 227.193347930908 222.446582794189 223.545207977295 219.867314338684 218.044994354248 214.355951309204 215.600263595581 215.738543510437 216.76342010498 215.79816865921 217.929793357849 230.72180557251 235.667052268982 240.621772766113 246.630158424377 243.824945449829 242.886261940002 248.787162780762 249.880295753479 248.95710849762 254.891258239746 254.93581867218 254.025074005127 249.093290328979 249.250199317932 246.450203895569 246.605311393738 249.824997901917 251.047458648682 251.304208755493
232.52080821991 240.479437828064 245.57763671875 242.913010597229 243.13134765625 245.339550018311 244.655884742737 243.063563346863 243.447736740112 248.547835350037 249.844919204712 249.151775360107 242.641512870789 241.023907661438 238.30645275116 233.740031242371 230.088480949402 233.187750816345 245.800166130066 230.442414283752 226.763610839844 229.873560905457 224.192967414856 221.432125091553 217.733245849609 214.027430534363 216.182590484619 217.206993103027 217.318919181824 218.372790813446 219.42990398407 227.451513290405 231.45972442627 237.34086227417 239.463921546936 239.467576026917 243.499472618103 245.509058952332 243.646301269531 245.655962944031 253.465126991272 255.520955085754 252.591216087341 249.737267494202 247.87593460083 252.04595375061 253.254064559937 252.531396865845 253.73598575592
219.411743164062 224.514149665833 235.378867149353 241.369901657104 240.698443412781 242.016454696655 241.336267471313 242.46483039856 243.772353172302 245.079656600952 245.478213310242 245.87043762207 243.353940963745 243.569366455078 242.854084014893 241.94086933136 237.197132110596 232.610067367554 229.852799415588 228.930490493774 226.343271255493 228.5240650177 230.532238006592 229.786234855652 223.145509719849 218.343280792236 218.452521324158 222.618137359619 224.758852005005 226.731360435486 229.79282283783 224.934384346008 228.028371810913 236.864005088806 236.989033699036 237.114065170288 242.102640151978 247.0665807724 245.189603805542 248.258968353271 244.370386123657 243.406750679016 245.406700134277 246.482627868652 244.560646057129 244.674859523773 247.864671707153 247.012936592102 251.168491363525
221.767443656921 222.910936355591 224.232951164246 227.34774684906 233.365271568298 236.682465553284 236.911494255066 240.042122840881 244.269376754761 248.501304626465 248.003700256348 249.324564933777 248.6452293396 245.954112052917 243.229829788208 244.321106910706 241.5641746521 237.892908096313 238.058145523071 237.312254905701 234.543436050415 235.79825592041 232.111940383911 228.241516113281 221.581315994263 220.822263717651 224.991951942444 228.992392539978 230.023457527161 230.140273094177 227.306231498718 225.386865615845 225.532511711121 229.554434776306 232.629868507385 233.704384803772 238.789688110352 241.750971794128 245.780979156494 245.872611999512 243.960026741028 242.046873092651 241.987550735474 246.975128173828 244.10103559494 241.224636554718 240.351859092712 244.491707324982 245.658495426178
223.942432403564 231.082354545593 228.432632446289 226.668679237366 230.900106430054 236.040912628174 237.373945236206 236.702619552612 238.939631462097 244.093422889709 248.345673561096 250.777636528015 251.016830444336 250.346660614014 249.453665733337 245.779538154602 243.011570930481 241.167627334595 243.354941368103 239.669397354126 238.91934299469 241.088809013367 235.363634109497 229.631132125854 230.881824493408 225.138396263123 220.310317993164 225.384400367737 223.638362884521 222.65682220459 224.808278083801 227.910108566284 227.074447631836 229.060335159302 232.138805389404 234.264465332031 238.304653167725 239.384212493896 239.480062484741 241.471963882446 242.505155563354 241.495809555054 244.423352241516 235.580122470856 235.652525424957 234.758868694305 235.797325134277 234.902035236359 237.951136112213
219.472120285034 223.524970054626 227.568367958069 230.913681030273 242.783855438232 245.037815093994 240.560238838196 238.984662055969 241.234948158264 251.34094619751 253.597050666809 254.945516586304 253.352924346924 251.585774421692 253.624185562134 250.854844093323 247.170702934265 242.570673942566 242.731203079224 239.948100090027 237.348994255066 246.368235588074 242.64686870575 233.931077957153 230.217648506165 231.46923160553 220.69259262085 224.858205795288 224.050952911377 224.159691810608 225.216174125671 225.326570510864 227.481393814087 228.545077323914 232.716658592224 232.796689987183 238.718908309937 232.892522335052 235.986421585083 236.0437707901 236.101126194 234.952297687531 232.999402046204 233.059184551239 231.071350097656 231.131123542786 233.125012874603 232.218540668488 232.2791223526
230.449717521667 224.890857696533 223.11768913269 232.982913970947 239.251137733459 244.417748451233 243.752648353577 242.173813819885 243.515316963196 247.783423423767 252.96471118927 254.310069084167 256.564943313599 254.790270805359 255.918148040771 254.057059288025 248.337313652039 245.746867179871 243.890675544739 244.051533699036 239.415205001831 233.838096618652 230.120949745178 229.355458259583 227.463103294373 225.590486526489 222.92246723175 221.170297622681 222.377290725708 223.426867485046 223.532752037048 227.705345153809 230.95595741272 234.984683990479 236.017643928528 238.176015853882 236.23664855957 239.354470252991 236.458539962769 237.470860481262 246.33482837677 245.303696632385 241.293295383453 239.333099842072 238.458213329315 230.498727321625 232.604056835175 235.644344329834 237.604576587677
224.008781433105 223.136138916016 225.381959915161 235.466303825378 234.792451858521 240.865653991699 245.133341789246 246.477408409119 247.618375778198 251.89489364624 251.214444160461 252.557241439819 254.622310638428 257.801472663879 256.168578147888 257.261959075928 251.533491134644 250.784621238708 246.152900695801 245.398850440979 244.627616882324 237.021844863892 231.256530761719 229.553798675537 231.747786521912 231.897678375244 226.262819290161 222.458828926086 224.609712600708 226.761489868164 227.967987060547 226.198577880859 229.273115158081 240.379120826721 244.389533042908 241.519013404846 242.582062721252 241.733309745789 242.769839286804 239.835597038269 239.884159088135 239.932721138 235.934733390808 231.753356456757 229.781435012817 228.867588043213 227.981459140778 226.945809364319 227.963948726654
218.649123191833 219.774520874023 228.758563041687 225.150670051575 230.312568664551 233.457682609558 240.445984840393 245.627268791199 250.817844390869 256.926177024841 257.156313896179 255.56125164032 255.793383598328 256.938572883606 257.13948059082 261.383924484253 256.562177658081 252.84649181366 248.404601097107 243.772562980652 248.935799598694 246.133706092834 238.510364532471 232.923732757568 226.199646949768 224.48636341095 227.58074092865 224.710489273071 228.915491104126 230.106456756592 232.259510993958 231.434688568115 231.534798622131 232.738263130188 241.935351371765 238.121827125549 245.1451587677 245.247200012207 244.387413024902 246.321674346924 246.365715026855 246.276239395142 237.351746559143 235.211710929871 235.130366802216 242.127174854279 235.226728439331 227.260920524597 226.221321105957
232.817333221436 221.350491523743 226.296332359314 228.532057762146 228.742376327515 229.857336044312 235.032290458679 242.243223190308 251.285206794739 254.245366096497 256.502530097961 260.598532676697 261.744281768799 261.977689743042 260.139874458313 265.310429573059 268.643809318542 269.018455505371 259.375263214111 252.695562362671 250.090057373047 239.49393081665 235.744116783142 231.067380905151 233.267073631287 228.774686813354 225.919896125793 230.112572669983 225.365610122681 225.461277008057 227.594793319702 228.79971408844 233.934894561768 234.030597686768 233.350275993347 234.546702384949 239.6848487854 241.834787368774 244.891131401062 244.785440444946 244.823561668396 243.764320373535 237.655540466309 247.666767120361 245.521831512451 243.534311294556 245.485387802124 239.537295341492 233.464132785797
228.354950904846 225.644639015198 223.825082778931 231.021832466125 231.22438621521 231.42693901062 235.48090171814 237.720200538635 244.734511375427 252.67333984375 256.762812614441 265.849859237671 271.994123458862 270.186294555664 267.227060317993 267.402865409851 274.830500602722 270.196701049805 259.429017066956 250.055681228638 253.479458808899 244.719921112061 236.136584281921 230.331392288208 239.611989021301 230.079342842102 225.159934043884 227.313862800598 230.585566520691 226.752463340759 230.947366714478 231.223215103149 230.366605758667 232.514621734619 233.713076591492 235.860569000244 237.990344047546 243.134538650513 241.302185058594 238.33464050293 242.320531845093 245.208974838257 243.044233322144 238.042043685913 238.88497209549 238.79176568985 246.89484500885 249.811240196228 239.756764888763
230.864266395569 227.014783859253 225.180418014526 228.316133499146 226.698335647583 227.799843788147 234.801268577576 237.040407180786 237.241137504578 243.352328300476 251.303464889526 258.34951210022 262.450901985168 260.416851043701 263.579571723938 268.770195007324 270.996508598328 263.418827056885 255.830521583557 247.368547439575 247.782692909241 244.084774017334 238.383796691895 228.69275188446 234.039865493774 230.263447761536 226.467709541321 232.734217643738 238.80890083313 235.161889076233 237.302912712097 240.572684288025 236.734215736389 232.89137840271 238.022574424744 241.283080101013 250.367825508118 246.501620292664 242.601585388184 241.688367843628 242.506927490234 244.452515602112 243.381096839905 244.233171463013 243.169102668762 231.048833847046 234.092123031616 240.142718791962 235.133709430695
227.266041755676 224.53329372406 221.782166481018 223.778269767761 223.964987754822 230.965134620667 233.201622962952 236.349814414978 233.585586547852 239.699541091919 249.703204154968 253.788390159607 252.867301940918 246.901785850525 256.947861671448 265.191885948181 260.650827407837 252.98542881012 252.213230133057 251.769064903259 252.985098838806 242.364744186401 237.783443450928 232.130682945251 226.534381866455 224.666749954224 227.774050712585 231.986577987671 234.328128814697 237.413460731506 236.561009407043 241.890028953552 240.105975151062 240.361839294434 242.508602142334 239.586839675903 243.786162376404 249.878347396851 247.879424095154 241.87668800354 247.763535499573 242.732117652893 244.662194252014 240.592977523804 237.472088813782 236.403120994568 229.316576004028 230.31498336792 226.390625953674
228.640399932861 225.892237663269 224.03742313385 233.080165863037 228.263655662537 227.537931442261 231.591034889221 236.563565254211 241.767391204834 239.907459259033 246.954410552979 250.122321128845 251.097409248352 251.574162483215 240.739344596863 251.768653869629 256.970626831055 251.416952133179 249.7755651474 241.143963813782 236.495504379272 234.771469116211 234.242666244507 228.378264427185 226.642192840576 227.102067947388 229.275413513184 232.361438751221 234.516307830811 243.797055244446 244.075644493103 240.214056015015 238.414937019348 239.617015838623 244.771122932434 248.808676719666 249.058266639709 249.137972831726 250.141860961914 248.096675872803 247.963470458984 247.835493087769 243.904083251953 244.729969024658 238.58713054657 232.590889930725 237.561581134796 238.545619010925 236.664765357971
230.922123908997 223.157284736633 228.349022865295 236.500044822693 230.757804870605 229.792325019836 229.97066783905 236.084771156311 240.150645256042 240.33580493927 233.654037475586 237.726587295532 247.695224761963 250.939922332764 246.33390045166 232.720417022705 245.828490257263 242.978254318237 253.317862510681 251.744868278503 236.951941490173 228.347857475281 225.68027305603 224.006142616272 231.220688819885 242.518307685852 242.599034309387 239.682318687439 235.82580947876 237.041784286499 243.333480834961 244.544620513916 246.696451187134 244.891883850098 241.01157951355 243.158381462097 239.270424842834 247.271030426025 252.4069480896 248.293997764587 243.228676795959 243.092692375183 241.056389808655 242.98899936676 240.957111358643 241.945451259613 242.936130046844 241.862195014954 230.779696941376
