data/train_2003/bio16_avg_2003-2018.asc
NCOLS 664 
NROWS 380 
XLLCORNER 3.91666666666667 
YLLCORNER 55.3333333333333 
CELLSIZE 0.0416666666666666 
NODATA_value -9999 
[rows 330 to 351 of 380, columns 539 to 587 of 664]
260.742809295654 261.283281326294 259.730672836304 261.828100204468 261.696586608887 262.50465297699 262.594568252563 263.539543151855 263.72660446167 264.397539138794 264.927313804626 266.485343933105 268.143857955933 267.697942733765 267.764658927917 268.130043983459 269.019073486328 265.700902938843 263.650388717651 262.28431224823 260.641568183899 259.563062667847 259.195148468018 258.617751121521 259.566242218018 258.25922870636 257.518608093262 257.317801475525 257.686114311218 256.308941841125 256.407675743103 256.294780731201 256.501389503479 257.297335624695 255.322036743164 254.759996414185 255.864158630371 255.778586387634 255.999119758606 256.840106010437 256.880485534668 257.124605178833 257.343792915344 258.44931602478 258.920928001404 259.181432723999 261.349398612976 261.705087661743 263.788459777832
261.784550666809 260.544849395752 261.034245491028 262.074237823486 262.545228004456 263.017221450806 263.783146858215 264.955399513245 264.072235107422 266.892450332642 265.545533180237 266.719459533691 265.737936019897 266.802910804749 266.695672035217 265.423926353455 266.438061714172 264.318490982056 262.340571403503 260.445260047913 258.111711502075 259.709132194519 258.368048667908 258.215307235718 257.109466552734 255.868570327759 255.317971229553 255.70249080658 256.175903320312 254.20969581604 254.992404937744 255.634368896484 256.052740097046 254.949608802795 253.761206626892 255.095029830933 255.031245231628 256.379082679749 256.52781867981 255.803664207458 255.751748085022 256.193064689636 257.502404212952 258.316492080688 259.064471244812 258.995757102966 261.396223068237 261.342666625977 261.342927932739
263.665397644043 263.432413101196 263.942662239075 264.399152755737 264.444763183594 266.338484764099 267.061437606812 265.03760433197 266.08883190155 266.025210380554 265.523962974548 264.143070220947 264.325607299805 265.837206840515 263.015132904053 262.228410720825 261.71227645874 260.348403930664 259.50473690033 258.130859375 258.015555381775 258.060609817505 258.000997543335 256.944067955017 256.138607978821 256.251194953918 254.407364845276 254.421448707581 252.429039955139 253.917595863342 254.477739334106 255.849970817566 253.297657012939 253.494070053101 254.326829910278 254.592817306519 254.952604293823 253.943070411682 253.89905166626 254.163843154907 254.679636001587 255.662370681763 256.179320335388 256.444882392883 258.03972530365 261.05645275116 261.152829170227 262.220774650574 261.697877883911
265.794600486755 266.901442527771 266.82635307312 265.541133880615 265.709232330322 267.072735786438 267.101496696472 267.978520393372 267.383478164673 267.565567016602 266.574123382568 265.205021858215 265.210585594177 263.900278091431 261.90126991272 260.456521034241 260.098479270935 259.629250526428 257.032895088196 256.582385063171 257.738019943237 256.94079875946 256.580046653748 255.703304290771 254.292644500732 255.168234825134 255.319114685059 252.981251716614 252.714451789856 253.099870681763 253.462858200073 253.258727073669 252.080209732056 252.176728248596 253.02657699585 253.8427734375 253.506479263306 252.513773918152 253.868006706238 253.940564155579 254.133259773254 255.390590667725 255.678975105286 255.249381065369 257.382765769958 258.90362071991 259.870732307434 261.294574737549 261.59467124939
268.519823074341 268.061273574829 267.058039665222 266.556436538696 267.794720649719 266.807693481445 267.809745788574 269.614315986633 270.933048248291 269.113965988159 266.884090423584 265.335839271545 265.463450431824 263.103919029236 261.583842277527 260.210743904114 259.240266799927 257.605761528015 256.865804672241 255.878571510315 255.755236625671 254.784844398499 252.915055274963 252.524007797241 252.407364845276 251.686697006226 251.598514556885 251.559700965881 251.692262649536 251.71923828125 251.705732345581 250.610240936279 249.463093757629 251.564516067505 251.655988693237 253.863303184509 253.1202917099 252.631895065308 254.439365386963 253.656766891479 253.977703094482 254.979835510254 255.263937950134 256.669392585754 258.029470443726 258.217761039734 259.430575370789 259.520561218262 260.492878913879
271.410376548767 269.995565414429 269.213743209839 269.800968170166 270.010883331299 270.405842781067 270.895460128784 271.664145469666 270.791302680969 269.227811813354 265.702880859375 263.590188980103 262.569719314575 260.478107452393 258.337543487549 257.180129051208 256.344839096069 255.364279747009 253.736012458801 253.777299880981 252.551317214966 252.741642951965 252.851545333862 251.884006500244 249.548418998718 249.694041252136 251.286988258362 250.008776664734 250.363499641418 251.317145347595 248.673117637634 247.845863342285 248.137027740479 250.132933616638 249.508033752441 250.868249893188 251.12045955658 251.922764778137 252.05834197998 252.548086166382 253.868426322937 254.745785713196 254.932927131653 257.122483253479 257.628425598145 258.665821075439 259.324416160583 259.959402084351 260.366189956665
275.29283618927 273.266654014587 272.012387275696 271.645078659058 270.605291366577 271.927098274231 271.781071662903 271.066578865051 270.612735748291 268.189073562622 265.949822425842 264.082820892334 261.140717506409 259.216265678406 256.754194259644 256.535888671875 254.720411300659 253.413905143738 252.993619918823 253.275338172913 252.586763381958 250.283541679382 249.864349365234 248.87836933136 248.83257484436 248.78328037262 250.801598548889 251.144390106201 249.915054321289 249.601417541504 248.655763626099 248.976367950439 248.761348724365 248.683704376221 249.646802902222 250.517996788025 250.624500274658 251.703734397888 254.095259666443 254.002649307251 252.69310760498 254.197515487671 255.528803825378 256.000971794128 256.670013427734 258.311230659485 260.226613044739 259.344749450684 260.386294364929
275.139072418213 275.567470550537 275.471345901489 273.552499771118 273.549158096313 273.816913604736 272.096832275391 271.586902618408 269.4163646698 266.95608997345 264.559468269348 261.176797866821 258.040776252747 257.019562721252 256.101559638977 255.500965118408 256.102088928223 254.059560775757 252.260139465332 251.555553436279 249.90552520752 250.114502906799 249.106050491333 248.669881820679 248.477595329285 249.161923408508 250.061018943787 249.913875579834 250.031888008118 247.482325553894 247.600197792053 247.408705711365 247.468319892883 247.320369720459 249.733237266541 250.167741775513 251.009318351746 250.997494697571 252.1518907547 250.084926605225 251.337252616882 251.298920631409 253.767901420593 254.813569068909 255.953237533569 258.33860206604 259.711178779602 259.706489562988 260.735747337341
278.369717597961 275.350565910339 274.699878692627 273.716567993164 273.111717224121 272.506917953491 271.991035461426 269.465000152588 267.598422050476 264.706796646118 262.090782165527 261.656791687012 260.296276092529 258.085133552551 257.967660903931 253.959725379944 252.293150901794 250.697024345398 250.361042022705 248.46228313446 247.358386993408 247.607840538025 247.705541610718 248.220417022705 248.663619995117 248.252009391785 248.551880836487 248.560243606567 246.462091445923 246.602202415466 246.965949058533 247.428166389465 246.223733901978 247.886691093445 247.192151069641 248.722392082214 247.660797119141 250.69483089447 250.624021530151 250.569237709045 251.879173278809 252.036355018616 252.440944671631 254.269023895264 255.279282569885 255.491884231567 257.638903617859 258.790945053101 259.972717285156
277.783458709717 276.143516540527 275.21209526062 273.261513710022 272.604920387268 272.283414840698 271.013285636902 269.534712791443 266.363418579102 265.683526992798 261.573303222656 260.495014190674 259.270445823669 256.85461139679 255.645720481873 252.498104095459 251.345217704773 249.68267250061 248.757388114929 246.289679527283 246.20639705658 245.941150665283 248.227969169617 246.454521179199 247.177304267883 248.155222892761 246.503583908081 246.19785118103 246.520540237427 246.265448570251 246.6636095047 246.740982055664 245.846868515015 247.840856552124 246.561988830566 247.88035774231 249.183347702026 249.60950756073 250.58368396759 249.240251541138 249.966982841492 251.400043487549 252.709197044373 253.74330997467 254.626935958862 255.796220779419 256.216371536255 257.196846008301 257.208595275879
278.817651748657 276.831456184387 276.922698974609 274.672431945801 274.045178413391 271.513583183289 270.782361030579 270.016452789307 266.832465171814 265.67902469635 262.855454444885 260.23289680481 256.186659812927 256.545572280884 255.034518241882 253.810683250427 250.20552444458 249.018718719482 247.109104156494 245.974332809448 244.949009895325 245.349643707275 246.384149551392 246.616497993469 244.24077129364 244.541800498962 244.658924102783 244.692434310913 244.809281349182 244.884455680847 244.976709365845 244.848167419434 245.265809059143 247.118000030518 247.003788948059 247.905969619751 247.507518768311 246.757565498352 247.782480239868 249.083762168884 248.492615699768 252.020958900452 253.511749267578 253.272912025452 254.457598686218 254.634194374084 255.608746528625 257.491694450378 256.452869415283
280.431231498718 279.039064407349 277.935958862305 276.01279258728 273.154326438904 270.93134021759 270.041888237 268.422382354736 265.569739341736 264.569725036621 262.667345046997 259.207020759583 255.690093040466 254.489007949829 253.738202095032 251.09211730957 249.826689720154 249.225343704224 247.936841964722 246.760279655457 244.636637687683 243.631461143494 243.444243431091 243.45133972168 243.300273895264 244.04772567749 244.092317581177 242.788875579834 244.249431610107 244.074349403381 242.930617332458 243.066981315613 243.739777565002 244.716450691223 244.863110542297 247.47055721283 246.567068099976 247.382811546326 247.771941184998 249.722006797791 249.696447372437 250.817448616028 251.535774230957 252.31974029541 254.281419754028 255.346682548523 255.423171043396 256.581185340881 256.887927055359
278.248049736023 278.378775596619 276.892356872559 274.806464195251 272.031155586243 269.889201164246 269.380023002625 266.632311820984 265.388229370117 263.925714492798 260.704551696777 258.605839729309 255.765546798706 252.3092212677 251.206051826477 250.126532554626 248.968786239624 247.813096046448 245.536247253418 244.592367172241 242.095416069031 240.919776916504 242.110342979431 242.003648757935 242.880051612854 242.190880775452 243.265651702881 243.196648597717 243.119619369507 243.203898429871 242.607897758484 242.129479408264 242.273881912231 243.144102096558 245.387351989746 245.418511390686 246.569233894348 247.195596694946 247.228874206543 250.113986968994 250.427743911743 251.418106079102 251.671804428101 252.780378341675 253.768353462219 253.783257484436 255.907377243042 255.89337348938 257.604259490967
280.361524581909 277.972436904907 276.348143577576 275.542783737183 271.750392913818 269.183518409729 267.277763366699 265.380939483643 263.72998046875 260.821802139282 259.114893913269 256.338896751404 254.40260887146 250.788968086243 247.667161941528 246.878297805786 245.633714675903 243.836221694946 243.899648666382 241.812864303589 239.31222820282 239.340635299683 239.544990539551 240.461864471436 240.646431922913 241.782076835632 241.477123260498 241.340202331543 241.625329971313 242.104549407959 240.031193733215 240.739449501038 242.328601837158 243.024426460266 245.799443244934 246.118613243103 246.034831047058 247.745759010315 247.82740020752 250.039235115051 250.037638664246 250.277798652649 251.334008216858 252.078239440918 252.076572418213 252.112044334412 254.156059265137 256.1385679245 255.434355735779
279.670742988586 278.312637329102 274.458499908447 273.911382675171 270.752228736877 268.465588569641 265.206267356873 263.207850456238 260.648505210876 259.075154304504 256.659430503845 253.403184890747 251.509177207947 250.306173324585 247.144604682922 245.615427017212 243.335971832275 241.958439826965 241.153475761414 238.775599479675 238.825694084167 238.141722679138 237.967834472656 239.238653182983 238.513166427612 239.058403015137 238.771475791931 240.891088485718 240.938551902771 241.45764541626 240.755906105042 241.275119781494 240.727703094482 243.139669418335 243.99813079834 244.797961235046 245.656196594238 246.453547477722 247.249859809875 248.273208618164 249.718759536743 248.614818572998 249.539456367493 248.709170341492 250.558336257935 250.49311542511 252.340512275696 254.433977127075 254.800751686096
279.11353969574 276.096022605896 273.574887275696 271.998299598694 269.614277839661 268.102958679199 264.974431991577 262.66029548645 259.692109107971 258.351564407349 254.837025642395 252.214776039124 250.038909912109 246.833793640137 245.080410957336 244.378813743591 241.53872013092 239.828219413757 239.144864082336 238.180919647217 237.500603675842 237.577495574951 237.454558372498 236.398129463196 237.37903881073 237.890428543091 236.501252174377 236.631323814392 239.428051948547 238.918229103088 240.037535667419 240.976460456848 240.453797340393 242.460565567017 244.359114646912 245.185090065002 246.427837371826 246.365749359131 247.128299713135 247.971355438232 248.947722434998 249.03294467926 249.541625022888 249.884761810303 250.781352043152 251.602677345276 251.682663917542 253.768164634705 255.094291687012
277.511996269226 275.925179481506 273.540726661682 270.295680046082 268.566702842712 266.926203727722 265.336016654968 262.78241443634 259.526933670044 256.967564582825 254.475737571716 250.953914642334 248.197155952454 246.627941131592 244.306755065918 243.454389572144 241.602427482605 238.387904167175 235.998737335205 236.423512458801 236.021077156067 236.192912101746 235.643851280212 236.317051887512 235.978523254395 235.813470840454 236.268526077271 238.239864349365 237.268509864807 237.493264198303 238.991065979004 239.378129005432 240.750306129456 241.930444717407 243.509362220764 244.730055809021 245.13477230072 246.123704910278 246.877833366394 248.495642662048 248.509977340698 248.925231933594 249.914535522461 249.845865249634 250.594244003296 251.067979812622 252.418606758118 252.855742454529 253.894345283508
276.055560112 273.338335037231 271.207945823669 271.035280227661 267.411920547485 266.400039672852 264.886429786682 261.261510848999 258.980220794678 256.330478668213 252.851163864136 251.390626907349 247.792322158813 246.3276720047 244.265293121338 241.60265827179 240.395798683167 238.228993415833 238.060320854187 236.405581474304 236.235906600952 237.947264671326 237.257208824158 236.944793701172 236.159424781799 236.884768486023 237.38744354248 238.076015472412 238.60636138916 239.634802818298 240.007508277893 240.3010597229 241.240188598633 241.305438041687 242.551166534424 243.065719604492 244.804604530334 246.778299331665 246.415123939514 247.895484924316 248.761129379272 247.897246360779 249.945928573608 250.632270812988 250.584561347961 252.44863319397 252.487024307251 254.077682495117 254.936641693115
273.295194625854 273.884657859802 271.535601615906 268.206062316895 266.3903465271 264.410904884338 262.604289054871 259.705865859985 257.413070678711 255.699727058411 252.804779052734 251.840398788452 248.492906570435 246.223264694214 242.946533203125 241.992348670959 241.214078903198 238.235149383545 237.473731040955 238.606353759766 238.127068519592 238.566866874695 236.366960525513 236.446808815002 236.731394767761 235.481506347656 237.633865356445 237.909790039062 239.324118614197 239.20414352417 240.697546958923 240.081381797791 240.672746658325 241.617751121521 241.359167098999 241.56974029541 243.974888801575 245.002114295959 247.64111328125 247.944826126099 249.790187835693 249.845134735107 250.789189338684 249.871168136597 249.845809936523 252.521944046021 252.552971839905 253.837511062622 254.01047706604
273.044299125671 272.054388999939 270.170147895813 267.783808708191 265.94278717041 264.801730155945 262.719291687012 260.446251869202 257.737149238586 255.731369018555 253.667598724365 251.024806976318 249.632525444031 247.376201629639 244.581421852112 241.827295303345 239.945553779602 239.180264472961 240.30832195282 239.173046112061 237.452272415161 237.12720489502 235.819193840027 236.990820884705 238.173299789429 237.885692596436 235.325303077698 236.630960464478 238.335321426392 238.446604728699 240.801648139954 242.034397125244 241.330581665039 241.552124023438 241.549657821655 242.684470176697 242.917542457581 244.693017959595 247.431260108948 248.723878860474 247.91010093689 250.664138793945 250.188222885132 250.908850669861 250.687540054321 251.831076622009 253.887734413147 253.960603713989 254.06153678894
269.077311515808 267.191721916199 265.456513404846 263.9446849823 264.233131408691 263.184192657471 263.206612586975 260.80493927002 257.034728050232 255.534515380859 252.887345314026 250.384780883789 248.057132720947 246.409516334534 245.320879936218 243.001712799072 239.512823104858 239.52746963501 238.788619995117 238.453943252563 237.136892318726 237.647564888 235.771081924438 235.49854183197 234.851354598999 235.033223152161 236.080383300781 237.281653404236 237.303336143494 236.965804100037 239.629551887512 239.878549575806 239.158185005188 240.19481086731 242.24761390686 242.197089195251 242.418465614319 244.540852546692 245.696355819702 246.837594032288 247.916191101074 247.957434654236 248.996691703796 249.994928359985 251.02172088623 251.942597389221 253.788151741028 253.943138122559 254.023489952087
265.571215629578 265.588516235352 264.124367713928 262.658689498901 262.621150016785 262.614458084106 261.02921295166 259.215050697327 256.145663261414 253.915621757507 250.580402374268 250.499980926514 247.131019592285 246.180747032166 244.560925483704 242.322951316833 240.363515853882 239.167320251465 239.94184589386 238.129348754883 236.771324157715 236.241497039795 235.400583267212 236.977567672729 233.391410827637 233.93311882019 235.985872268677 237.07942199707 237.25341129303 237.984783172607 238.850255966187 238.950723648071 240.246186256409 240.315710067749 243.146626472473 243.748195648193 243.720824241638 243.771226882935 245.582728385925 244.834101676941 245.979693412781 247.840233802795 248.869238853455 251.667981147766 251.88351726532 252.687217712402 252.666876792908 253.96169757843 254.870010375977
