data/train_2003/bio13_avg_2003-2018.asc
NCOLS 664 
NROWS 380 
XLLCORNER 3.91666666666667 
YLLCORNER 55.3333333333333 
CELLSIZE 0.0416666666666666 
NODATA_value -9999 
[rows 22 to 43 of 380, columns 588 to 636 of 664]
74.503338098526 76.8069095611572 76.7227418422699 76.8475654125214 77.9437248706818 79.2916831970215 79.5117645263672 79.8378496170044 79.8156414031982 80.4563095569611 80.7044689655304 80.0281331539154 80.0920059680939 80.2197077274323 80.9945032596588 81.9476382732391 82.1305606365204 82.7739319801331 82.0138897895813 83.1087687015533 85.5865054130554 86.2570896148682 87.7780561447144 89.2540130615234 89.8786277770996 90.3211750984192 91.1417126655579 91.6528744697571 92.0944886207581 92.9153833389282 94.3898077011108 96.7228503227234 98.4558348655701 100.025644779205 101.903778076172 100.667678833008 100.101335525513 98.5753302574158 94.0200395584106 90.8051633834839 89.519793510437 88.0482831001282 88.6901445388794 89.1132869720459 89.0945825576782 89.1027908325195 87.6291570663452 85.8550403118134 85.5300550460815
74.8024775981903 73.4125771522522 73.7613191604614 73.8541181087494 75.1620671749115 75.9010667800903 76.2815194129944 77.4091999530792 77.5879144668579 78.9214012622833 78.0809769630432 78.5179142951965 78.7732930183411 79.8826172351837 81.1125073432922 81.3355269432068 81.1506288051605 81.1696894168854 80.5970492362976 82.505252122879 82.8227777481079 84.8759818077087 85.2973153591156 86.974889755249 87.1269929409027 88.5991916656494 89.0624804496765 89.3668003082275 90.1099791526794 90.9887309074402 92.254364490509 93.7249841690063 93.7130627632141 94.3733196258545 95.3419280052185 95.094660282135 93.1153535842896 90.6147689819336 89.0589098930359 88.3851499557495 87.2772376537323 86.8347795009613 86.1562066078186 86.33340716362 86.0883233547211 84.7481904029846 84.1250014305115 83.4336612224579 -9999
74.8369915485382 73.6810410022736 73.6013414859772 73.197324514389 74.4557378292084 74.3766040802002 74.394412279129 73.150274515152 72.9345986843109 75.0562260150909 75.4134979248047 76.5403454303741 78.032262802124 78.0481758117676 78.0640909671783 79.0432388782501 79.2630095481873 82.3112280368805 83.6927635669708 83.508394241333 83.096884727478 82.125479221344 85.0736629962921 84.9675195217133 84.7608981132507 85.1725006103516 85.3796825408936 86.8519461154938 87.4867539405823 88.6389894485474 88.7413370609283 88.504186630249 89.4998688697815 88.5279266834259 88.4047214984894 87.9194097518921 86.9270296096802 87.8077011108398 87.1754679679871 86.5048954486847 86.4055964946747 87.4276494979858 86.8481984138489 87.0214009284973 86.0053548812866 84.9591326713562 83.8941655158997 -9999 -9999
75.8682177066803 75.8859519958496 75.3097867965698 74.9121136665344 75.9807691574097 74.6284012794495 74.6429102420807 73.7604870796204 74.1792454719543 75.2600145339966 73.63849401474 -9999 -9999 -9999 -9999 -9999 -9999 -9999 81.6929929256439 80.0385820865631 80.9992954730988 79.2856676578522 80.0462243556976 81.7376735210419 83.8047971725464 84.7531254291534 84.5349860191345 84.6522352695465 84.7591307163239 84.3096668720245 85.6701562404633 85.4654076099396 86.2830471992493 86.2699565887451 85.5003025531769 85.4002015590668 85.785989522934 85.9271483421326 85.916482925415 85.216001033783 84.5321176052094 84.4343144893646 84.2282888889313 83.4196376800537 82.8430454730988 -9999 -9999 -9999 -9999
77.0631160736084 76.3491084575653 77.1846466064453 77.4049246311188 78.3400485515594 78.3544807434082 77.0032711029053 77.2200448513031 77.3939914703369 77.2018382549286 78.5784661769867 78.9948208332062 79.8264694213867 78.4706966876984 79.1419351100922 78.6414089202881 79.4743702411652 78.7909283638 76.6734917163849 -9999 -9999 -9999 -9999 -9999 -9999 -9999 -9999 -9999 -9999 -9999 -9999 83.2301068305969 83.5145239830017 83.9115574359894 84.0068669319153 83.9951977729797 84.0031688213348 83.7872688770294 84.1838819980621 84.1721303462982 83.5002188682556 83.7384212017059 -9999 -9999 -9999 -9999 -9999 -9999 -9999
78.0453813076019 77.4452860355377 78.9738874435425 79.2400012016296 80.7328164577484 80.5575354099274 80.6731369495392 80.0734558105469 78.8279311656952 79.5179171562195 81.2143473625183 81.3733592033386 82.4564900398254 83.1041412353516 83.496738910675 84.9777698516846 82.3998243808746 81.0586845874786 82.3286724090576 81.4937953948975 82.2398462295532 82.6425108909607 82.3231868743896 82.7253704071045 81.9820373058319 -9999 -9999 -9999 -9999 -9999 -9999 -9999 -9999 -9999 -9999 -9999 -9999 -9999 -9999 -9999 -9999 -9999 -9999 -9999 -9999 -9999 -9999 -9999 -9999
79.5057075023651 78.7294940948486 77.5721445083618 79.1115460395813 80.0361666679382 80.7635843753815 82.2252960205078 82.2399196624756 82.5481803417206 82.551924943924 82.7224526405334 83.5497183799744 84.0031883716583 84.0070097446442 83.3719780445099 85.7050843238831 86.75457239151 85.9250831604004 86.2668194770813 83.974910736084 86.9345855712891 87.8050456047058 86.2753872871399 86.3918342590332 86.280597448349 85.2253704071045 85.3244895935059 84.1462812423706 83.1981127262115 82.0563058853149 81.3252177238464 -9999 -9999 -9999 -9999 -9999 -9999 -9999 -9999 -9999 -9999 -9999 -9999 -9999 -9999 -9999 -9999 -9999 -9999
79.4729599952698 78.9078452587128 78.0871369838715 79.6173791885376 80.4732568264008 81.9148459434509 82.3328318595886 83.4691340923309 83.5092186927795 83.2359955310822 84.8968210220337 85.5188617706299 84.3244743347168 84.7123107910156 86.3739385604858 87.833339214325 87.6369037628174 87.6430397033691 86.8272361755371 85.0226683616638 84.2394464015961 85.3830728530884 86.1872935295105 87.8428511619568 89.1484322547913 90.5361557006836 89.7327833175659 87.3510558605194 84.239262342453 82.6739976406097 -9999 -9999 -9999 -9999 -9999 -9999 -9999 -9999 -9999 -9999 -9999 -9999 -9999 -9999 -9999 -9999 -9999 -9999 -9999
82.1459727287292 80.9683542251587 80.9819316864014 81.7128944396973 81.8228449821472 82.1270768642426 81.7486453056335 81.3352303504944 81.058895111084 81.7791872024536 82.3089618682861 82.1481556892395 83.5832133293152 85.221709728241 85.0229334831238 84.0638060569763 85.6130704879761 87.2705478668213 87.5264134407043 86.8970456123352 84.98570728302 84.415265083313 84.6121509075165 83.4512095451355 83.4385802745819 85.7247819900513 88.0851259231567 88.6336307525635 90.2840704917908 90.5505156517029 89.2782764434814 87.19700050354 83.1160900592804 85.1044888496399 88.0014066696167 89.0142097473145 88.0013880729675 84.4525685310364 82.4763362407684 82.2754883766174 -9999 -9999 83.3480522632599 -9999 -9999 -9999 -9999 -9999 -9999
81.1643629074097 82.5048747062683 82.5186517238617 82.0040402412415 81.3132643699646 81.5549774169922 81.5684430599213 81.3691434860229 80.6756863594055 80.584632396698 80.8874714374542 82.2050015926361 82.4209907054901 82.5239651203156 83.6764941215515 84.9495749473572 86.6699719429016 86.8206534385681 86.8216490745544 86.5704956054688 84.862154006958 84.0140933990479 81.6726448535919 83.6643164157867 84.5552749633789 85.7038807868958 86.0898017883301 85.8692903518677 85.9580309391022 87.8070907592773 89.14404296875 86.9301681518555 83.2146141529083 86.7873601913452 89.0814304351807 88.7657990455627 87.0032289028168 85.248886346817 83.6176342964172 84.0169241428375 82.9837934970856 87.6104300022125 89.1509876251221 88.5234007835388 86.0983166694641 83.8651621341705 84.8649897575378 -9999 -9999
80.0811023712158 80.9239745140076 82.355259180069 82.3692424297333 81.8281316757202 81.5696473121643 81.0037219524384 81.1153652667999 80.5995454788208 80.5061483383179 81.2220888137817 81.32390832901 81.4258863925934 83.0415506362915 83.6515235900879 83.3973417282104 84.0148739814758 84.827739238739 84.8306703567505 84.1661005020142 84.4779410362244 83.1673383712769 82.8134994506836 84.6926422119141 85.2359910011292 85.2195844650269 85.4542956352234 86.6299023628235 86.3380427360535 86.3185451030731 85.3934028148651 84.403892993927 84.594587802887 84.3804874420166 86.8809306621552 86.4751627445221 85.1297302246094 84.9261837005615 84.2849249839783 84.4736762046814 83.8091034889221 84.5245473384857 86.8453516960144 90.3587365150452 91.9110388755798 91.934552192688 88.5933752059937 83.2306010723114 86.6504945755005
79.9047150611877 80.7929017543793 82.5109207630157 82.2364766597748 82.0403969287872 81.2874896526337 81.0261075496674 79.9019684791565 80.6207201480865 80.5250587463379 80.4456045627594 80.6259129047394 81.2415091991425 81.2432768344879 81.4239413738251 82.047093629837 84.2703156471252 84.2707171440125 84.1730389595032 84.2857146263123 84.3740787506104 83.550710439682 85.0598707199097 86.4799456596375 85.2298140525818 84.6653475761414 85.1945514678955 85.2836065292358 84.656879901886 84.4248118400574 83.0846102237701 83.9584653377533 84.5918781757355 84.0709519386292 84.2873966693878 84.3021275997162 84.8262567520142 86.2373254299164 84.5834047794342 84.2128727436066 85.0349388122559 85.5994739532471 85.5676746368408 86.9783570766449 88.327169418335 88.4598002433777 87.1193022727966 85.1050419807434 88.2157192230225
80.2572975158691 81.0606014728546 81.0743062496185 80.9913513660431 80.4746625423431 80.488165140152 79.8179993629456 79.6530890464783 79.1068737506866 79.659458398819 79.9350287914276 79.8968734741211 79.1047072410583 80.5163474082947 81.6518828868866 81.8298525810242 82.5401566028595 82.6374583244324 82.5391583442688 81.9254415035248 82.6248450279236 84.1319694519043 85.6255416870117 85.0140957832336 86.1230044364929 85.3844814300537 84.9670381546021 84.9484505653381 83.3973710536957 84.9194302558899 85.7090163230896 86.8200545310974 86.5096807479858 86.0052919387817 85.268167257309 85.8294970989227 85.9524166584015 86.6873161792755 86.186806678772 86.0416355133057 86.0562167167664 87.8363256454468 86.852963924408 86.0839281082153 87.640052318573 88.1491417884827 88.4948806762695 86.6385760307312 84.3361475467682
78.7957527637482 79.4849696159363 80.3300793170929 80.3296284675598 81.0708665847778 80.9239292144775 79.5304877758026 78.8801643848419 78.3650057315826 78.3614208698273 78.8797762393951 79.7729706764221 81.0908761024475 81.0871229171753 81.4129295349121 82.2007460594177 82.2046110630035 81.0757360458374 82.3976809978485 82.391918182373 82.4838624000549 81.9455072879791 82.1316576004028 83.3417301177979 83.3317153453827 83.9238939285278 82.4723727703094 83.9836852550507 86.5967364311218 86.7019128799438 87.8808884620667 87.9952006340027 87.9510984420776 88.3454909324646 88.1931142807007 85.1745095252991 86.6830823421478 86.8076295852661 86.9206304550171 86.06169962883 85.9738779067993 86.2984623908997 86.8089590072632 87.0954556465149 87.5039258003235 87.5010023117065 86.5136594772339 84.6945033073425 85.4663424491882
78.6766226291656 78.1478497982025 78.6764569282532 78.5386900901794 78.5389063358307 78.5495619773865 78.4797239303589 78.4915449619293 77.8675975799561 78.5716505050659 79.3667531013489 79.966460943222 80.8686232566833 81.9690124988556 81.3559093475342 81.9590384960175 81.9690246582031 83.3561954498291 84.9849524497986 84.1421580314636 83.4507579803467 82.4270107746124 83.0182244777679 83.7158932685852 84.1861610412598 84.2924537658691 86.6781787872314 88.388653755188 88.4655561447144 89.1518793106079 89.9343595504761 90.0830464363098 89.2620754241943 87.8512277603149 87.5474591255188 86.7675156593323 85.3975112438202 87.0147266387939 88.7988200187683 87.1578016281128 85.9244565963745 86.016077041626 86.1789412498474 85.5072870254517 86.4079947471619 86.7666983604431 86.9659233093262 85.9252610206604 86.0872702598572
76.5370981693268 77.0657143592834 77.7321662902832 77.0670540332794 77.2721054553986 77.150908946991 78.4406085014343 78.4413104057312 78.4371619224548 79.0928020477295 79.7903745174408 79.781222820282 80.5635421276093 81.1541514396667 82.3167576789856 82.3632783889771 82.9026560783386 83.1080675125122 83.0395469665527 83.0305128097534 83.0190558433533 83.1837658882141 83.9848999977112 85.3812208175659 87.3280334472656 87.3629469871521 88.2527751922607 89.0388479232788 89.6301250457764 89.4580664634705 88.9880304336548 88.3630418777466 87.8160338401794 89.1278772354126 89.2452535629272 89.0049476623535 86.0759773254395 87.5304436683655 88.2134675979614 87.8659901618958 86.6671109199524 85.6346826553345 85.3364477157593 85.2999868392944 86.0697364807129 87.8829236030579 88.8433609008789 88.3538026809692 88.2494344711304
78.157585144043 78.1586685180664 78.337144613266 76.9686095714569 77.1839330196381 77.18385887146 76.9720504283905 78.1651735305786 78.337917804718 79.6960320472717 80.8962347507477 80.8638598918915 80.8519656658173 81.5664248466492 82.925555229187 83.5531425476074 82.9028227329254 82.8914563655853 84.2528576850891 84.1618394851685 84.3268709182739 85.682710647583 86.5618605613708 87.1909675598145 88.3800749778748 89.2702713012695 89.9568343162537 89.7945165634155 88.3643007278442 87.73486328125 87.9267535209656 88.8656139373779 88.9669828414917 88.8782787322998 88.1079277992249 87.1236886978149 87.0565671920776 87.2907581329346 87.8111276626587 86.5686178207397 86.062837600708 85.2409882545471 85.2705059051514 85.5036082267761 86.9517130851746 87.7124109268188 87.9149956703186 88.117654800415 88.6092791557312
78.2331421375275 78.2348113059998 77.0950961112976 76.8701627254486 76.8717877864838 77.7143323421478 80.274475812912 80.8033895492554 80.9963316917419 82.3887047767639 82.1356515884399 81.2805621623993 81.265976190567 82.6182703971863 82.8505349159241 83.4322566986084 83.9457359313965 84.8047018051147 84.8881611824036 85.6022052764893 86.8207545280457 86.8803644180298 87.5657620429993 88.8359041213989 89.1297311782837 89.1109433174133 88.3886613845825 87.5697059631348 87.4540901184082 87.33837890625 88.2752056121826 88.3536200523376 88.2409381866455 87.7325301170349 87.8061690330505 87.7905626296997 86.5474405288696 86.0206398963928 87.5634732246399 87.5857167243958 86.6558322906494 85.4753751754761 85.2449898719788 85.5377802848816 85.6600427627563 87.3088917732239 87.610999584198 87.5186290740967 88.2802448272705
78.7945673465729 77.9565641880035 77.60959815979 78.9804906845093 78.3839659690857 79.7611231803894 79.5108313560486 79.3354136943817 80.6944358348846 82.2368538379669 83.391932964325 83.1975431442261 83.886022567749 83.8705101013184 84.5083456039429 85.7511305809021 86.6166143417358 86.918653011322 86.9026098251343 86.8865699768066 87.9464325904846 88.8934602737427 88.9137377738953 88.2114214897156 87.4695482254028 87.3536033630371 87.3342509269714 87.218159198761 86.8961834907532 86.9663577079773 87.9172511100769 87.4445672035217 86.6780772209167 87.323853969574 87.4637546539307 87.5947532653809 86.3729271888733 85.2876472473145 85.7973599433899 87.0789251327515 86.1529006958008 86.4556002616882 85.2114663124084 87.0449204444885 89.1279911994934 89.4866375923157 90.1064820289612 89.8443942070007 89.8399014472961
78.0542685985565 78.2907609939575 79.4138593673706 80.5896553993225 79.4884405136108 79.2303683757782 79.4185428619385 80.600350856781 80.5918836593628 81.936576128006 83.1071081161499 83.7923355102539 84.4666271209717 85.1513180732727 86.3500542640686 86.2510576248169 86.2299494743347 86.2943272590637 86.4536576271057 87.1067867279053 87.8091416358948 87.9355034828186 88.2267327308655 88.2074151039124 88.1586079597473 88.1687822341919 87.6850061416626 87.6647047996521 87.6444029808044 87.6241006851196 86.9515604972839 86.9029607772827 87.5944180488586 86.5085654258728 86.5293936729431 86.0773892402649 86.35857629776 85.3724269866943 85.5029711723328 85.6249747276306 85.3054995536804 85.271605014801 86.3945822715759 88.6761221885681 89.2483229637146 90.0180063247681 91.3511719703674 91.2436838150024 91.0429730415344
78.4700171947479 79.3200645446777 80.4829354286194 79.9610948562622 79.324854850769 79.1295592784882 79.4806838035583 80.3214781284332 81.7422904968262 83.1165776252747 84.3539891242981 83.6831338405609 84.9736061096191 86.2506475448608 84.8366680145264 84.7613263130188 84.7378106117249 86.0739126205444 87.4407176971436 87.6015872955322 87.0570936203003 87.5580525398254 88.0593304634094 88.0383853912354 86.6286821365356 87.2954692840576 87.4529519081116 87.2693071365356 87.7613291740417 87.2300586700439 87.0323333740234 86.5383567810059 86.5478091239929 86.1462450027466 86.1619644165039 86.2947020530701 86.4183096885681 85.9382753372192 86.7329626083374 85.9036784172058 85.4316263198853 85.3992462158203 88.5737895965576 91.5760908126831 92.9324269294739 94.0574064254761 95.2451453208923 95.3097019195557 95.216814994812
80.1947782039642 79.0143036842346 79.6240811347961 79.6314542293549 80.5068020820618 80.2128596305847 80.9519574642181 81.8276045322418 83.0357298851013 82.9183084964752 84.1102528572083 84.788366317749 85.5485196113586 85.6091756820679 86.4815878868103 87.5707898139954 87.4515233039856 87.3320841789246 86.6702733039856 86.6482291221619 87.2184295654297 87.2403841018677 87.1767616271973 86.6072430610657 86.3115200996399 86.5645523071289 86.9505386352539 86.8258004188538 86.8056344985962 86.8382344245911 86.9204163551331 87.5255661010742 87.5892081260681 87.0979542732239 87.1215720176697 87.8296599388123 87.940224647522 87.8129744529724 87.2390112876892 87.1033802032471 87.4020137786865 88.3397798538208 89.785210609436 91.3287510871887 92.764461517334 92.974536895752 94.7035193443298 95.3394708633423 94.9459323883057
