data/train_2003/bio10_avg_2003-2018.asc
NCOLS 664 
NROWS 380 
XLLCORNER 3.91666666666667 
YLLCORNER 55.3333333333333 
CELLSIZE 0.0416666666666666 
NODATA_value -9999 
[rows 110 to 131 of 380, columns 441 to 489 of 664]
14.4177795052528 14.4493961930275 14.4196799397469 14.4232966899872 14.4609137177467 14.4045302867889 14.2928140163422 14.0444308519363 13.8900479078293 14.1783314943314 14.3266149163246 14.227991104126 14.0657916069031 14.0175927877426 14.1587272286415 14.0151953101158 13.855662882328 13.7201305031776 13.6652649044991 13.8410661816597 13.9395336508751 13.9693349599838 14.0271362662315 13.9923840165138 13.8344134092331 13.6651091575623 13.7751381397247 13.8858329057693 13.8391957879066 13.8892244100571 13.9459201693535 13.700615465641 13.44731092453 13.577340066433 13.7753692269325 14.0927889347076 14.1749330759048 14.2257435321808 14.054554104805 13.9260316491127 13.8115086555481 13.6963192820549 13.6597967743874 13.8172738552094 13.8820843100548 13.9415622353554 13.9823725819588 13.9382100105286 13.9610724449158
14.4038243293762 14.4628331065178 14.519174516201 14.5521821975708 14.5638568401337 14.5688650012016 14.537206530571 14.3235481381416 14.0898895859718 14.3735642433167 14.3645721077919 14.2613219022751 14.1284784078598 14.2223026156425 14.2494592666626 14.1772832870483 13.9364402294159 13.9029305577278 13.9067542552948 13.9672447443008 14.0124023556709 13.9968921542168 14.0580496191978 14.0290967822075 13.6460348367691 13.504972755909 13.5285769701004 13.6268483996391 13.8091195821762 14.0513905286789 14.146995306015 14.011266708374 13.7908712029457 13.9571418762207 14.1140803098679 14.091281235218 13.9520789384842 13.8375432491302 14.0323409438133 13.8104715943336 13.7879362106323 13.6880670785904 13.6741980910301 13.8256620764732 13.9711264371872 14.0519242286682 14.0627216100693 14.0392771363258 14.0582573413849
14.2832030057907 14.4142692089081 14.4700016975403 14.4910677671432 14.5528004765511 14.5045329332352 14.3995991945267 14.4726645350456 14.5183975100517 14.2707968354225 14.3231964111328 14.4666521549225 14.1604987978935 14.2816784381866 14.3955246806145 14.3473715782166 14.204550921917 14.0357307195663 14.0615776777267 14.1760905385017 14.0572698116302 14.0764499902725 14.04829621315 14.0498096346855 13.6656564474106 13.4881696105003 13.6260164380074 13.5785300731659 13.6637101769447 13.8555569648743 14.1020705103874 14.2325843572617 14.2617645263672 14.2976113557816 14.1727911829948 13.837773680687 13.779224395752 13.7393429279327 13.8147943019867 13.8469121456146 13.9890300631523 14.0684810876846 13.9445993304253 13.9333837628365 14.0761682987213 14.1362859606743 14.098404109478 14.0870113372803 14.1267746686935
14.2492479085922 14.2477054595947 14.2854958176613 14.3772864937782 14.4350767731667 14.4008674621582 14.452657699585 14.4844480752945 14.5689055323601 14.4726959466934 14.3984864354134 14.4833164811134 14.2758522033691 14.4537214040756 14.5409235358238 14.4487925767899 14.2933285236359 14.115864276886 14.0830665826797 14.181602537632 14.119471848011 14.1033408045769 13.998543202877 13.818521797657 13.9472777843475 13.6460340023041 13.78545576334 13.8942117094994 13.7383009195328 13.8710563778877 14.1098124980927 14.2319015264511 14.3473241329193 14.2674135565758 14.0895023345947 14.0175996422768 14.0103703141212 13.9738091230392 13.939914047718 14.0266855955124 14.011457324028 14.1255624294281 14.1436668634415 14.1217720508575 14.1418769955635 14.0393149852753 14.0580868124962 14.1320790052414 14.1199589371681
14.1479602456093 14.1698085069656 14.1796569228172 14.2188383936882 14.3060203194618 14.3478687405586 14.4103838205338 14.4748985171318 14.4814135432243 14.5365954041481 14.4077768921852 14.3973138332367 14.4658720493317 14.3270972371101 14.6236555576324 14.552214205265 14.4021061658859 14.2633311152458 14.0765565633774 14.171114385128 14.193673491478 14.0082312822342 13.9554563760757 13.8179013133049 14.0042328238487 14.073897600174 13.8682286143303 14.0772269964218 14.0535581707954 14.0958897471428 14.1835541129112 14.2852192521095 14.368883907795 14.367215514183 14.1848800778389 14.2694249153137 14.2128501534462 14.2122752666473 14.1270337104797 14.1577928066254 14.2412176728249 14.1846433281898 14.0134012699127 13.9808269739151 14.0122515559196 13.9890105724335 13.965102493763 14.0104800462723 13.9718101620674
14.0253386497498 14.0559115409851 14.0871509313583 14.2303909063339 14.2709634900093 14.3122031092644 14.3734431266785 14.4066824316978 14.3105887770653 14.3864945173264 14.4024010300636 14.433311522007 14.5772258639336 14.6018065810204 14.6610544323921 14.6249685287476 14.4848830699921 14.3821312785149 14.094712138176 14.2066267132759 14.2818741798401 14.1771222352982 13.9970365762711 13.7599474191666 13.8558540344238 14.1664279699326 14.0930016040802 14.0675749778748 14.206149160862 14.3447225093842 14.1492965221405 14.044536948204 14.3477773666382 14.3416838645935 14.2109244465828 14.1885842680931 13.9426628947258 14.0167418122292 14.2061536312103 14.2762328982353 14.206311583519 14.1210574507713 14.1364696621895 14.0958814620972 14.0252941250801 14.0007063150406 14.0267848968506 14.0288809537888 14.0276612639427
13.8727173805237 13.950014770031 14.0379784703255 14.0672761201859 14.1592400074005 14.2065377235413 14.2071680426598 14.273132443428 14.2177631855011 14.1477271914482 14.2203578948975 14.2253085970879 14.5599127411842 14.5331826210022 14.6904536485672 14.5770574212074 14.4029941558838 14.4395979642868 14.2008685469627 14.1328057646751 14.2567425370216 14.2206798195839 14.0752830505371 13.921326816082 13.9494760632515 14.0676246881485 14.1637743115425 14.0252570509911 14.2680731415749 14.3415552377701 14.1870384216309 14.2625206708908 14.4206701517105 14.0968193411827 13.9823021292686 14.0084096193314 14.185142159462 14.1978747844696 14.2359409928322 14.2560067772865 14.2000724077225 14.0801379680634 14.0328706502914 14.075602889061 14.1103357672691 14.085735142231 14.0424676537514 14.0699487328529 14.0468454360962
13.7654287219048 13.950784444809 14.0041395425797 14.0314949154854 13.9075168967247 13.810871899128 13.9248938560486 14.1195826530457 14.2122713327408 14.2576268911362 14.1549817323685 14.1479730606079 14.4585991501808 14.5198922753334 14.5911857485771 14.5378121733665 14.3124380111694 14.1623980998993 14.2003578543663 14.1349843144417 14.1649439334869 14.2489038109779 14.0981966257095 13.9393727183342 13.8930976986885 14.0214890837669 14.0225470662117 14.026938855648 14.0433301925659 14.0757221579552 14.2601130604744 14.1685054302216 14.3322300314903 14.3306213617325 14.1770133972168 13.990235388279 14.1962882876396 14.3630078434944 14.3143935203552 14.1977800726891 14.2491664290428 14.221219420433 14.1766052246094 14.1153252720833 14.0727107524872 14.0794305801392 14.0454835295677 14.0163499116898 14.0246965289116
13.7290597558022 13.8878394365311 14.051285803318 13.9807324409485 13.8188456296921 13.8069586753845 13.8170719742775 13.8265181183815 14.0372978448868 14.2760781049728 14.2955242991447 14.3239039778709 14.4752168655396 14.4958638548851 14.3818435072899 14.494489967823 14.367136657238 14.1931157708168 13.9637621641159 13.9904091358185 14.1483886241913 14.2423686385155 14.2483482956886 14.0161705613136 13.8685016036034 14.120832324028 13.9251635670662 13.8508279323578 14.0578256845474 14.0501566529274 14.1584877967834 14.176152408123 14.1831497550011 14.3854809403419 14.3951449394226 14.2236496806145 14.2976624965668 14.3636752963066 14.3263542056084 14.2883661985397 14.2737119793892 14.2137241363525 14.2057366967201 14.1624157428741 14.1324280500412 14.0897740125656 14.0724526643753 14.0646370649338 14.0649933815002
13.8569431304932 13.9678474664688 14.1227512955666 14.1523223519325 13.9672268629074 14.0074640512466 14.0570353865623 13.9892727732658 14.0908434987068 14.1664143800735 14.2873188257217 14.1597695350647 14.5204331874847 14.2737634778023 14.1464275121689 14.3130913972855 14.2690883874893 14.2244186401367 14.1904155015945 14.0884130597115 14.1024098992348 14.2804070115089 14.2830714583397 14.0457198619843 14.0150212049484 14.1623224020004 14.0789567828178 14.0375910401344 14.0882252454758 14.1375266909599 14.1394939422607 14.1514619588852 14.1460962891579 14.2160640358925 14.3166986703873 14.3239879012108 14.3472655415535 14.3885431289673 14.3478208780289 14.2857652902603 14.2530430555344 14.1516537666321 14.1295980215073 14.1468757987022 14.109486579895 14.1000981330872 14.0727088451385 14.0801434516907 14.0590683221817
13.8488266468048 13.8505219221115 14.0328839421272 14.2039126157761 14.2689411044121 14.0806360840797 14.1803320646286 14.2233603596687 14.2997225522995 14.3594174981117 14.4624461531639 14.4816342592239 14.4503154754639 14.4796634316444 14.3370115160942 14.339025914669 14.3077066540718 14.1283879876137 14.2290690541267 14.23641705513 14.2464310526848 14.345779299736 14.332460641861 14.189936876297 14.1928744912148 14.1704788208008 14.2700830698013 14.1470211148262 14.2219583392143 14.2282294631004 14.2071674466133 14.2401050925255 14.2543762922287 14.2153136730194 14.2622512578964 14.277658700943 14.326201915741 14.4114117026329 14.4386211037636 14.4024974703789 14.267040848732 14.2602498531342 14.1874597668648 14.1606692671776 14.1218790411949 14.1017552018166 14.1162980794907 14.112316608429 14.1484770178795
13.8887101411819 13.8971962332726 14.0196828246117 14.1028355956078 14.2993222475052 14.1651418805122 14.2376282215118 14.306114256382 14.3152675032616 14.407753765583 14.5722408294678 14.5481660962105 14.5455313920975 14.5855634212494 14.5209284424782 14.4336267113686 14.4323251247406 14.3483574390411 14.1703889369965 14.2390878200531 14.2637865543365 14.3118182420731 14.3191834688187 14.3794863820076 14.2847274541855 14.3073018193245 14.3072098493576 14.3344509005547 14.2743583321571 14.3102660179138 14.277507185936 14.2467482089996 14.271989107132 14.3045639395714 14.2744714021683 14.3706631064415 14.4491379261017 14.536946117878 14.5420877933502 14.4552296996117 14.3350378870964 14.3821797966957 14.333987891674 14.2564624547958 14.2189378738403 14.2060797810555 14.1978877186775 14.216490149498 14.2378860116005
13.9059267044067 13.96920388937 14.0018150806427 14.0517593026161 14.1563699245453 14.2776475548744 14.3109249472618 14.4248689413071 14.3608132600784 14.5447574257851 14.5720347762108 14.5246979594231 14.4714137911797 14.4447966814041 14.3348457813263 14.2968950271606 14.4376106262207 14.3936595916748 14.2110426425934 14.1657579541206 14.1798076629639 14.2191900610924 14.2712391018867 14.3257029056549 14.2599141001701 14.2847917079926 14.4330027699471 14.4212139844894 14.4020920395851 14.3689692020416 14.3978468775749 14.3853915333748 14.402269244194 14.4318137764931 14.4353579878807 14.4616672992706 14.4860745072365 14.4764812588692 14.5295543670654 14.5419615507126 14.5117020010948 14.476775765419 14.4178494811058 14.3262566924095 14.2839970588684 14.2117366790771 14.2048107385635 14.2393299341202 14.2732943892479
14.0878098011017 14.0925450921059 14.1592804789543 14.1660159230232 14.1400843262672 14.1661529541016 14.2742212414742 14.4542905092239 14.5116922259331 14.4977602958679 14.3871622681618 14.3978964090347 14.5426297187805 14.4980293512344 14.4727625846863 14.3141633272171 14.279562830925 14.4089631438255 14.448363006115 14.4597628712654 14.28916233778 14.2478957772255 14.2406286001205 14.2972527742386 14.4137673377991 14.4569482207298 14.426795899868 14.5113103985786 14.4978253245354 14.4603390693665 14.4201866984367 14.3847013711929 14.3798823356628 14.410396695137 14.5249109864235 14.4980047345161 14.4143436551094 14.4366828203201 14.4290214776993 14.4926937222481 14.5590327978134 14.5733721852303 14.516377389431 14.4680502414703 14.4310555458069 14.3447276949883 14.2910670042038 14.3041698336601 14.3073696494102
14.2330268025398 14.3078862428665 14.2907462120056 14.3582723736763 14.3937986493111 14.3599917292595 14.3241846561432 14.4710444808006 14.5305706858635 14.4880971312523 14.4542896151543 14.5964282751083 14.5211786627769 14.5479296445847 14.5460133552551 14.5394305586815 14.4855144619942 14.4242653846741 14.4196825027466 14.4370997548103 14.4785170555115 14.4712677598 14.4140180945396 14.3848025798798 14.5282872319221 14.5791045427322 14.5652557611465 14.5700737833977 14.5568917989731 14.4037091135979 14.3265269994736 14.3546779155731 14.4214956760406 14.4423133134842 14.5031309723854 14.5390087366104 14.4286130070686 14.422884106636 14.4838217496872 14.5127595067024 14.5396969914436 14.6099681854248 14.5435723662376 14.4751770496368 14.4721145629883 14.4350523948669 14.3886566162109 14.363009750843 14.3147782683372
14.0902435779572 14.3772274255753 14.5562115311623 14.5925291180611 14.5888462662697 14.5204970836639 14.5028147697449 14.5457985401154 14.5927829146385 14.4950998425484 14.4554172754288 14.5242931246758 14.5197279453278 14.5778295397758 14.5752635598183 14.5053653717041 14.4567999243736 14.4515678286552 14.4476689100266 14.4771036505699 14.5178716778755 14.5146397948265 14.5487416982651 14.5823528170586 14.5568070411682 14.5512612462044 14.5150489807129 14.576170027256 14.5266248583794 14.4890788197517 14.473533809185 14.4699878096581 14.4464421868324 14.4402303695679 14.4660177230835 14.493346452713 14.4982160925865 14.4477521777153 14.4706219434738 14.4921582937241 14.4996941685677 14.5238973498344 14.5661005377769 14.5656371116638 14.5178398489952 14.472709774971 14.4195792675018 14.3791826367378 14.3068537116051
14.382793545723 14.4899015426636 14.5683438777924 14.5721190571785 14.5958938002586 14.4443358182907 14.4927778840065 14.5725529193878 14.6075438261032 14.5982276797295 14.5088351964951 14.4321584701538 14.5049444437027 14.5183961391449 14.6025146245956 14.5853002071381 14.5480850934982 14.5762037038803 14.5743804574013 14.539107978344 14.5765599608421 14.6060118675232 14.5694637298584 14.5479022860527 14.5373268127441 14.5107507109642 14.5255087614059 14.5482667684555 14.5776911377907 14.5451155304909 14.6178731918335 14.5626309514046 14.4860551953316 14.4581466913223 14.4602373242378 14.4583505988121 14.5084849596024 14.5392869114876 14.5167554616928 14.5148903727531 14.4976920485497 14.5051602721214 14.5626287460327 14.6614302396774 14.682898581028 14.597033560276 14.5058351159096 14.4500226378441 14.3715958595276
14.5280100703239 14.5992797613144 14.4995595216751 14.5114132165909 14.5141541957855 14.4668412804604 14.4294074177742 14.505973637104 14.5598731637001 14.6135510802269 14.592295229435 14.5174276232719 14.5210282206535 14.5247277617455 14.5376216173172 14.5471824407578 14.5315766334534 14.5473874211311 14.5729131698608 14.6371534466743 14.7028140425682 14.7181664705276 14.6371493935585 14.5638557672501 14.5351795554161 14.5375741124153 14.5559686422348 14.5770298838615 14.6007573008537 14.5571520328522 14.5535467267036 14.5699407458305 14.5550020337105 14.5267293453217 14.4897912740707 14.4506881833076 14.4974218606949 14.5634887814522 14.5788887143135 14.5642892718315 14.5656896233559 14.5584232211113 14.5698237419128 14.7012242078781 14.8119575381279 14.7113585472107 14.5807586312294 14.484862446785 14.4203379154205
14.4804491996765 14.5339688658714 14.5734353661537 -9999 11.0147162675858 14.4698174595833 14.4440380334854 14.5094318389893 14.5074191689491 14.5099907517433 14.5120923519135 5.54639768600464 14.5437141060829 14.5082225799561 14.5315973162651 14.4200258255005 14.4734493494034 14.4917480945587 14.5044214725494 14.5497201085091 14.5923100709915 14.6556088924408 14.6804966330528 14.598493039608 14.5566029548645 14.572786450386 14.5747164487839 14.6414358019829 14.6037129163742 14.5513936877251 14.5177016854286 14.5740838050842 14.5967665314674 14.6066460609436 14.5900107622147 14.4332106113434 14.504358112812 14.5541902780533 14.5990222096443 14.6290509104729 14.6412150263786 14.6198528409004 14.6028754711151 14.6999758481979 14.7878499627113 14.6490154862404 14.6066533923149 14.5086866617203 14.4470217227936
14.5070363879204 14.5832589268684 14.585643529892 14.5757710933685 -9999 14.4235002994537 14.4703513383865 14.6128157973289 14.5667454004288 14.5159838795662 14.3845806717873 14.4144646525383 -9999 -9999 14.5379790067673 14.4531379938126 14.4912785887718 14.5546920895576 14.5303534269333 14.5143899321556 14.5873195528984 14.6557974815369 14.6561028957367 14.6330996751785 -9999 -9999 14.5791621208191 14.5638509988785 14.6105942726135 -9999 14.6025924682617 14.6537995934486 -9999 -9999 -9999 14.5354879498482 14.5814545154572 14.6015881896019 14.5888229012489 14.6264206171036 14.7056847214699 14.6216157674789 14.6042132377625 -9999 13.407674074173 14.5805780291557 14.6031223535538 -9999 -9999
14.5014805197716 14.4989293813705 14.5090446472168 14.89942663908 -9999 -9999 -9999 -9999 -9999 -9999 14.3226469159126 14.3662540912628 14.5388889312744 14.656429708004 14.4667301774025 14.5327848792076 14.5593285560608 -9999 14.5134720802307 14.4697550535202 14.5578348040581 14.6807640790939 14.5925233960152 14.5787364244461 14.57250893116 -9999 -9999 -9999 11.2204689383507 10.093038380146 14.6295574307442 -9999 -9999 14.5352848172188 14.5984932184219 14.6991219520569 14.7287849783897 -9999 -9999 -9999 -9999 -9999 3.01799919456244 -9999 3.01966008543968 -9999 -9999 -9999 -9999
14.4600520730019 14.4449129104614 14.5238683223724 14.5281333327293 2.9023308083415 -9999 -9999 14.5724248886108 14.6350172758102 14.5715621709824 14.5827770829201 -9999 -9999 -9999 14.4929282069206 14.4849226474762 14.5282769203186 14.5507491827011 14.5989843606949 14.6406219601631 -9999 -9999 -9999 -9999 -9999 -9999 -9999 -9999 -9999 -9999 -9999 -9999 -9999 -9999 14.6807846426964 14.6816090941429 -9999 -9999 -9999 -9999 3.01633831858635 3.01716873049736 -9999 5.65447655320168 10.0727493166924 -9999 14.4689819216728 14.4180706739426 14.4044892787933
