data/train_2003/bio14_avg_2003-2018.asc
NCOLS 664 
NROWS 380 
XLLCORNER 3.91666666666667 
YLLCORNER 55.3333333333333 
CELLSIZE 0.0416666666666666 
NODATA_value -9999 
[rows 286 to 307 of 380, columns 49 to 97 of 664]
70.8505130410194 72.9971369504929 71.703101336956 69.0721996426582 74.5420179367065 76.0635225772858 79.9568688869476 82.1520656347275 83.1404929161072 81.9387214183807 81.3342670202255 83.8084098100662 83.9504781961441 81.8908061981201 79.849093914032 77.2300690412521 74.9518744945526 72.9557793736458 71.0472093820572 69.3973853588104 69.5904715061188 69.9825887084007 67.3830798268318 63.1296516656876 60.0853828191757 59.3421251177788 58.628709256649 56.1780183315277 61.3632397651672 60.5535036325455 60.0883101224899 58.0556307435036 52.0160094499588 52.2607576847076 49.8124691843987 47.6225362420082 41.0516548752785 39.8274837136269 40.7717151641846 48.3985843062401 46.9185479283333 42.6254754662514 41.8091560006142 44.1579362750053 41.3437757492065 39.7002911567688 40.1470659375191 40.3970283865929 40.2417870759964
61.9221774935722 65.5637118816376 67.656399667263 74.5755566954613 77.9310944080353 84.1770353317261 85.6515572071075 86.6330064535141 88.0963423252106 86.4308035373688 83.338449716568 83.3519624471664 83.858421087265 81.7334506511688 79.4965907335281 76.4090049266815 74.40644967556 72.33168643713 70.8890105485916 69.6950597167015 69.9995172023773 69.5170122981071 65.7610893845558 59.7296469211578 58.910982966423 59.3437618017197 60.3089960217476 64.3018465042114 64.9705183506012 58.5241253376007 54.6980313062668 53.3207008242607 54.0808125138283 55.6607559323311 56.0868998765945 50.8938662409782 44.6324469447136 40.7537637352943 43.0955273509026 50.6296029090881 48.1396998763084 43.5705325603485 43.887648165226 44.0816134810448 41.4330034852028 42.0709075927734 40.8605644106865 41.2267163991928 42.7812705636024
60.058761537075 62.0614104866982 67.0090692043304 69.6378883123398 76.5644725561142 74.6701666712761 76.5379084348679 78.9749361276627 79.6021882295609 82.6561229228973 86.514696598053 85.6455231904984 84.591367483139 82.7958674430847 80.7819648981094 76.6118321418762 75.1147462725639 74.80710542202 73.6349446773529 72.25917750597 69.1179371476173 65.305908203125 62.0881314873695 60.0310789346695 58.8213760256767 61.1709728240967 65.5285410881042 65.8143968582153 61.0640251636505 57.3126843571663 53.5633175969124 54.1199229955673 52.7531229257584 55.2798436284065 54.9195790886879 51.974602997303 45.3564414978027 41.3864904642105 43.9106637239456 46.4768279194832 50.4857707619667 48.8383622765541 45.3809080123901 46.6201914548874 45.7124331593513 45.2105630040169 44.2204773426056 43.2415552139282 41.429050385952
60.1134163141251 67.7308787107468 79.9803594350815 79.0724136829376 79.7731637954712 82.7527709007263 85.8574870824814 87.4442888498306 86.6300926208496 85.6622463464737 85.8892014026642 85.4194819927216 83.746376991272 82.8136378526688 81.0173245668411 76.512146115303 76.0605016946793 76.0480078458786 74.6921426057816 71.0047456622124 68.1132109165192 63.5099427103996 60.6944516897202 59.0031147003174 57.3617563843727 62.1124492883682 64.0579463243484 62.6959230303764 56.1719588041306 52.8002118468285 54.2078491449356 57.598164498806 56.6763895750046 51.881465613842 47.56730479002 44.9662411212921 43.5069068074226 41.9876581430435 42.8367205858231 45.4785460233688 46.3754752874374 46.9151710867882 44.8313244581223 45.8647925853729 47.9772179722786 47.653030872345 45.3977469205856 44.5557960271835 44.269928753376
64.8954501748085 67.033336520195 74.129445374012 82.0986008644104 86.2633678913116 87.2642260789871 89.167603969574 90.7923698425293 90.2676926851273 88.353949546814 87.5252648591995 87.1880439519882 85.3250855207443 83.1069039106369 79.5856592655182 78.1948711872101 74.0353990793228 72.308480322361 71.5952968001366 70.4100096821785 67.6123214960098 64.3351950645447 60.1364771127701 59.2779248356819 58.9430649280548 62.5766144990921 62.292476952076 59.4267895817757 54.604363322258 53.4842639565468 54.8890761733055 56.7715224027634 54.1699994206429 48.7913584709167 46.4854918122292 46.7847794890404 46.826904296875 43.7471036314964 43.7633993625641 45.9010071754456 46.8025306463242 47.0809106826782 46.8275174498558 46.8770108222961 47.6803070902824 47.7117508649826 47.2726498246193 44.9750227332115 44.5182900428772
65.2165204286575 66.973603785038 70.8492231965065 81.1861941814423 86.5888081789017 89.0703798532486 89.3331738710403 87.5018473863602 88.4102973937988 82.9887897968292 82.149528503418 82.7328568696976 82.5341881513596 80.1221578121185 80.3313548564911 79.5064854025841 76.4714249968529 74.3104710578918 72.6595864892006 70.4847046136856 66.631875872612 62.1444187164307 60.2768031358719 58.164847433567 61.6252840161324 61.6433244943619 58.4366555809975 57.1174349784851 55.5035852789879 55.6908806562424 56.1681232452393 55.9479509592056 55.1160997748375 53.8580911159515 50.7477483153343 48.993523478508 48.389331638813 46.0695638656616 45.1207400560379 47.1471680998802 46.3642268180847 47.2178069353104 47.8635630011559 48.864508330822 48.3323950767517 47.2438648939133 47.7673649787903 48.6923183202744 47.1343441605568
56.8923652768135 61.1278321146965 70.5849676132202 73.632607281208 81.3376857042313 82.1309323310852 81.174184679985 87.5156383514404 89.2412388324738 89.2731370925903 87.5980794429779 86.3588695526123 85.1455550193787 83.1813222169876 81.930010676384 79.6567754149437 77.6844288110733 74.9476116299629 72.6387511491776 70.4449436664581 67.0797165632248 63.737336397171 58.7108574509621 60.5237402319908 66.1234855055809 64.7347393035889 61.3623432517052 56.7037277817726 56.1655905246735 55.2016894221306 55.1247875094414 56.9127162694931 57.8469308614731 54.740118086338 51.7212780117989 50.6768980026245 49.98567289114 47.6206652522087 46.4702098369598 46.4642904996872 45.7899359464645 46.5016831755638 48.5149481892586 48.8462955951691 50.0713576674461 49.3183879852295 47.8341315984726 48.4324789047241 49.3083526492119
57.8754318356514 61.3213789463043 67.4805549383163 74.8035544157028 80.6737589836121 80.6882876157761 91.0187878608704 91.2653609514236 90.6676253080368 91.7055724859238 90.2231875658035 87.6769224405289 86.274867773056 84.042032122612 81.0080364942551 79.8049074411392 76.7352970838547 74.5059729218483 71.8739338517189 67.962037563324 65.590548157692 62.0336254239082 58.4516159892082 60.1884966492653 65.3499477505684 63.876394867897 60.5862861871719 57.8503145575523 56.2075511813164 55.9880741834641 55.6930068731308 56.8956755399704 56.7030642032623 55.2686491012573 54.0545726418495 52.3021084070206 48.7873792052269 49.1508393287659 51.6227144002914 52.6437504291534 48.7797832489014 46.0629517436028 46.5239513516426 48.1850719451904 50.178435087204 50.8493298888206 50.6705192327499 49.6327506303787 48.3679211139679
69.5783903002739 64.7041923999786 66.0481855869293 72.0070388317108 75.508067548275 83.3538300991058 85.0136588811874 89.0557041168213 91.0008308887482 90.9015904664993 90.3734879493713 89.7278147935867 86.7982150316238 84.0917865037918 81.3526647090912 78.9173908233643 77.0258502364159 74.5830644965172 70.3664237260818 67.8012493252754 66.8184423446655 61.4883877635002 60.831739962101 60.8584466576576 60.8979063630104 60.5419293045998 58.8709553480148 58.2222690582275 57.1151759028435 57.2781909108162 57.9371614456177 56.9220788478851 55.1784685850143 55.8961452245712 54.9982075691223 54.5139425396919 52.741702914238 50.5465692281723 53.0498752593994 52.8574256896973 50.4465163946152 49.3165175318718 48.0308003425598 50.0461623668671 50.6319128274918 50.6072888970375 51.6944741010666 51.8231351971626 50.9864273071289
73.5663648843765 76.7741873860359 80.635165989399 77.2177710533142 74.9681306481361 84.0398707389832 90.3119852542877 89.1307724714279 88.7147736549377 89.0428872108459 91.6174985170364 88.9126111268997 87.9541124105453 84.9202120304108 81.6550194621086 79.0822246074677 76.4027546048164 74.9314028024673 71.6449133753777 68.0154601931572 65.5981890559196 64.4113147258759 64.9887565970421 64.2695959806442 63.5526300668716 61.9505994915962 58.3944794535637 58.6553955674171 59.6247413158417 59.671321451664 59.2154542207718 57.6423600912094 55.9051923751831 55.3295399546623 56.1275320649147 55.4045169949532 53.5796807408333 52.452163040638 54.9574308991432 53.8590004444122 50.8543390631676 50.6419214010239 49.9306321144104 49.7057313323021 49.070162653923 50.5532462000847 51.538651406765 52.0446525812149 52.5647230148315
71.7168236970901 72.283588051796 79.0469235777855 85.606872677803 89.7330536842346 87.5090568065643 86.1784406900406 87.87293612957 91.9153064489365 92.3720234632492 91.4598186016083 90.277522444725 87.8586025238037 84.6860231161118 82.1422231197357 80.1964790225029 76.7945512533188 74.7931381464005 72.5592247247696 69.1090695858002 68.0814951062202 68.797099173069 66.7703821659088 64.0680298805237 62.8064732551575 60.3120948076248 60.862128674984 61.8550620675087 61.3318167924881 60.6228462457657 60.4787486195564 59.1989406347275 57.4980201721191 56.6933082938194 56.3986819982529 55.8567727804184 53.9155568480492 53.4681477546692 54.9296224117279 55.6025511622429 54.0327985882759 54.2375620007515 52.9317263364792 50.2088033556938 50.3240996599197 52.8359701037407 53.8966959118843 52.9033839702606 53.0974251627922
70.7938833832741 76.6985033154488 80.0902888774872 84.3428547382355 89.0958644151688 90.9962539672852 90.3170558214188 90.7827131748199 92.8319846391678 92.3879362344742 89.8181986808777 87.4408431053162 86.4666738510132 84.4091950654984 82.8799365162849 80.2065763473511 77.5565079450607 75.6380823254585 72.6148331165314 70.6436643004417 68.8517463207245 67.8315246701241 67.1357450485229 64.3372150063515 62.7885559797287 61.2907081842422 62.5870168805122 62.8246039152145 62.4260455965996 62.5743175148964 61.8400104045868 59.8898655176163 58.0681825876236 57.3750777244568 58.0185077190399 57.8238624930382 56.3029872775078 54.8436000347137 54.7174882292747 56.5619243979454 55.7171585559845 54.5514408946037 53.5140658020973 51.8913390040398 51.2253500819206 52.5710390210152 53.6234954595566 53.474069237709 53.1848394870758
70.8310825824738 76.8342269659042 82.0771976709366 85.1921553611755 87.6784944534302 85.164239525795 86.8988126516342 91.0220484733582 91.1484036445618 91.4257216453552 89.3630304336548 87.6436347961426 87.7812141180038 85.2557010650635 82.672093808651 79.9891856908798 77.8940820097923 74.533302128315 71.9551508426666 70.5762477517128 71.0551177859306 69.6732020378113 66.5425786375999 62.6509703397751 62.4183517098427 64.4048045873642 63.2209635972977 62.8737522363663 63.0680443048477 62.1041065454483 61.1117857098579 60.2497292757034 59.5758316516876 59.1177917718887 58.6028609275818 58.8283591866493 57.4791121482849 56.2412692904472 56.7776215672493 57.176624417305 56.0352456569672 55.2243359684944 54.8677232861519 53.7483624219894 52.391465306282 53.1760470867157 54.7793484926224 54.5221541523933 53.8154894113541
72.1915364265442 76.2824175357819 77.3177011609077 80.1332029104233 79.752635717392 82.5545163154602 87.7825592756271 90.2181096076965 91.0825275182724 90.4243348836899 88.4902184009552 88.7700092792511 86.8805629014969 85.5656307935715 83.130092561245 80.3701514005661 77.5764754414558 74.3689806461334 70.8888593316078 71.3878793716431 71.0252523422241 69.7219860553741 67.2141809463501 63.160124361515 63.0059712529182 64.109360396862 65.4603488445282 65.1141881346703 64.4371349215508 62.7382166385651 61.3852546215057 60.5725347995758 60.4790058135986 59.5715542435646 59.8197249174118 59.7720587253571 58.6584475040436 59.0739638805389 58.8226555585861 57.7740361690521 57.7591549158096 56.9437165856361 56.3713726997375 54.9599692225456 54.0266280174255 55.6174752116203 55.7079407572746 55.5413312911987 55.0622317194939
74.6784148216248 75.0439037680626 75.2453904747963 74.5575349926949 78.098353266716 83.4521522521973 84.5357980728149 85.9689546823502 88.421823143959 88.0669240951538 88.0060544013977 86.719380736351 85.5703694820404 83.8441851139069 82.6370065808296 80.0612756609917 77.021053314209 72.2284219264984 71.325915157795 71.4827040433884 70.9639634490013 70.1024767756462 67.9042676687241 63.3662710785866 63.1321225166321 64.9310391545296 65.2072297334671 65.6063901782036 64.8195333480835 63.6677770018578 63.2905489206314 62.517551779747 61.400625705719 61.3645846247673 61.487290084362 60.1201175451279 59.7015932202339 59.9233642816544 59.4676106572151 58.2814259529114 58.1580595970154 57.9609380364418 57.6361473798752 56.9752957820892 55.4185464382172 56.9959734678268 56.8531566262245 56.0748172402382 55.8305124044418
70.0733780264854 70.0914869904518 71.8278579115868 71.2658765912056 77.6706887483597 80.3938639163971 84.1517400741577 87.9304955005646 88.5903953313828 88.2616195678711 87.091810464859 86.3932067155838 84.0604494810104 82.3418209552765 81.229118347168 79.9854102730751 77.4349765181541 72.3959577083588 70.8862304091454 71.4950154423714 71.1366136074066 69.7974792718887 66.2065363526344 65.1258720755577 65.9174538850784 67.0682976841927 64.8176572918892 64.9078921079636 64.2922942042351 64.1518810391426 64.4451557993889 64.1387478709221 62.5095912218094 62.3355267047882 61.818945646286 61.0018194317818 61.3341090083122 60.4932285547256 59.8224613666534 59.6844638586044 58.9443081021309 58.0534199476242 58.4136089086533 57.640649497509 55.926466345787 57.0640743970871 57.99620616436 57.8235807418823 57.1654167771339
64.1561928391457 66.4750288724899 66.5506176352501 72.5902176499367 78.6887223720551 78.4666268825531 78.8070098161697 81.116642832756 83.0270929336548 83.6268736124039 83.9581425189972 83.4313043355942 79.228875041008 80.2370176911354 79.9628356695175 78.5896495580673 76.7312911748886 71.7057925462723 71.2648584246635 72.195024907589 71.1383975148201 68.9833142757416 66.4517793655396 65.814514875412 65.317858338356 65.5898196101189 64.8194704651833 64.4021141529083 64.9212154150009 65.4172160625458 65.3693271279335 64.5614560842514 63.3261280655861 63.1041121482849 62.3397604227066 61.9697695374489 62.6945343613625 62.0650807023048 61.3705570101738 61.2392577528954 60.9608262777328 59.7013784050941 58.0659376382828 57.1949188113213 56.7605640888214 57.8819269537926 58.9722323417664 58.4068417549133 57.4382311701775
61.5052653551102 62.230339884758 66.299647808075 70.5110866427422 71.9426536560059 73.3644689917564 77.5209182500839 81.2584782838821 81.2697917222977 77.3857825398445 82.1114025115967 82.0141489505768 77.6759205460548 75.8086457252502 78.8439494967461 78.5773384571075 75.7853754162788 71.509347319603 72.1668904423714 71.5748853683472 71.1538740992546 69.3331208229065 67.2529376149178 66.0457830429077 65.4783477187157 64.8378381729126 65.0766136050224 64.0619969964027 64.0931694507599 65.8651156425476 65.6569623351097 65.3681885004044 64.7840428948402 63.6784399151802 62.6965831518173 62.9572978019714 63.3223478198051 63.15634983778 62.0409362912178 61.7439290881157 61.9637365341187 61.082300901413 59.334942817688 58.2232922911644 58.5956926941872 59.3858954906464 59.4403662085533 58.6301094889641 58.0299442410469
59.1553558707237 60.4610716104507 64.9270647764206 68.767811357975 69.8613048195839 72.9493909478188 71.8559388518333 74.1773844361305 76.2891247272491 76.0038310289383 79.2544510960579 79.9839106202126 77.0764883160591 73.054310977459 76.4056797027588 76.0537325143814 73.0483605861664 70.6995117068291 72.0388956665993 70.9682482481003 69.7895301580429 68.8725925683975 67.5737017989159 66.7179956436157 66.0092301368713 65.6317532062531 65.7518423199654 65.7304193973541 65.4611318707466 64.5190583467484 64.4924436807632 64.9075056314468 64.6250674724579 64.0314203500748 63.9777689576149 63.2444083690643 63.2281492352486 63.2456051707268 63.0549567937851 62.8448478579521 62.7903954982758 62.0626769661903 60.9778895974159 59.4198717474937 59.5019706487656 60.0169214010239 59.473261654377 58.8987823724747 59.0134734511375
56.1636996269226 59.5208651423454 64.5776908397675 67.3863997459412 66.6585149168968 68.9850432276726 68.5187830924988 70.4211000204086 74.573513686657 74.2179312109947 76.878893494606 75.0695873498917 77.6137988567352 75.2565951347351 67.6353339552879 69.6338294148445 70.9787396192551 70.2967519760132 70.9652183651924 70.374263882637 69.6162041425705 68.8455789685249 68.2763969898224 67.1713027358055 66.754831969738 66.4386044740677 66.7161090970039 66.900405228138 66.8050410747528 65.0747228860855 64.7726910114288 64.6807286739349 64.6060398817062 64.4641072750092 64.3459488153458 63.2927767038345 63.0510261058807 62.1301620006561 63.0140742063522 62.8808128833771 63.1854447722435 62.4468681812286 61.7663916945457 60.6688697934151 59.4062628746033 60.1364572048187 59.8885024189949 59.5188566446304 58.8015066981316
53.0534768104553 57.2222527265549 59.3542745113373 60.6484822034836 64.7759239077568 66.5621764063835 68.2983211874962 67.2299873828888 70.507627427578 70.0018920898438 71.4658677577972 72.8689488172531 74.3173162341118 73.9872878193855 69.6049835681915 65.1869388222694 68.6076208949089 70.4309895038605 70.1066059470177 69.597499191761 69.0310137867928 68.7392255663872 68.444985806942 67.7744618654251 67.2819920182228 67.3735110163689 67.2248365283012 67.3996367454529 66.8635849356651 65.9194859266281 65.0935345888138 65.23156863451 65.4021012187004 64.1816257834435 63.2035888433456 64.1743392348289 64.1183139681816 62.2187280654907 63.2213090062141 63.6212288737297 63.41075694561 63.2034695148468 61.7979000806808 61.4580098390579 61.1297534704208 60.3273041248322 59.4216275215149 59.8431911468506 59.5047166347504
-9999 -9999 -9999 56.8219219446182 60.6265512704849 62.0663169026375 63.6293919086456 61.6137999892235 61.8565011620522 65.6736728549004 68.5498868823051 70.6748114824295 73.042000412941 71.5500091314316 68.3307679891586 64.8237662911415 66.7300267219543 67.8552656769753 68.1087152957916 68.2746272087097 68.0927991271019 68.2001991271973 68.0868556499481 67.674556016922 67.0545719265938 66.9123238325119 67.1879241466522 67.0595767498016 67.4073497653008 66.791258752346 65.5430327057838 66.0327818989754 65.3438161015511 63.8371047377586 63.5465723276138 64.887794315815 63.7165906429291 61.6684659123421 62.9129040241241 63.7483433485031 63.7685183286667 63.4700260162354 62.9153214693069 62.2488658428192 61.6196259260178 61.3659607172012 59.9597616195679 59.7577077150345 59.423412322998
