data/train_2003/bio18_avg_2003-2018.asc
NCOLS 664 
NROWS 380 
XLLCORNER 3.91666666666667 
YLLCORNER 55.3333333333333 
CELLSIZE 0.0416666666666666 
NODATA_value -9999 
[rows 264 to 285 of 380, columns 147 to 195 of 664]
282.512541770935 279.346664428711 268.805171012878 256.084369659424 257.271884918213 259.830035209656 263.427614212036 273.892272949219 305.372158050537 308.158140182495 310.757967948914 309.493365287781 310.596627235413 321.278840065002 321.705320358276 321.990297317505 322.081750869751 314.000799179077 314.073389053345 325.93690776825 320.100167274475 314.259118080139 300.278889656067 275.940131187439 270.059284210205 273.691131591797 275.133305549622 278.890140533447 276.880298614502 273.410482406616 273.408761024475 272.257806777954 271.198987960815 271.197762489319 271.196539878845 274.461241722107 285.157757759094 289.863496780396 284.091996192932 289.858561515808 296.689427375793 301.377674102783 304.689647674561 310.659963607788 307.070123672485 305.683650016785 301.021925926208 285.667051315308 289.20459651947
268.98422908783 265.486542701721 258.460704803467 259.985812187195 257.6496925354 259.05613899231 258.127987861633 276.703112602234 306.221690177917 307.488129615784 308.611295700073 308.715543746948 303.099012374878 316.195495605469 328.279981613159 338.188966751099 341.710421562195 338.008520126343 321.863131523132 302.142311096191 312.679078102112 310.37558555603 291.643577575684 277.921753883362 273.390299797058 271.06024646759 273.658570289612 276.262965202332 273.93993473053 270.463242530823 278.975227355957 275.403124809265 271.831046104431 271.833455085754 274.047675132751 278.987139701843 283.411447525024 290.561804771423 299.922226905823 305.707365036011 302.133616447449 299.909150123596 305.660737037659 307.838333129883 303.158670425415 305.335688591003 308.875696182251 301.698810577393 300.58676815033
265.836548805237 258.805145263672 257.818717956543 261.530150413513 261.561043739319 264.143748283386 273.64796257019 294.980565071106 291.558520317078 305.835306167603 317.60560798645 321.275322914124 302.516620635986 318.179521560669 329.145316123962 349.410111427307 347.36058807373 349.610666275024 335.960960388184 311.286744117737 299.457093238831 323.122179031372 306.562682151794 285.682857513428 275.166929244995 274.195892333984 276.801592826843 273.312331199646 269.923477172852 275.823533058167 277.190808296204 273.612488746643 273.616989135742 280.787372589111 285.442397117615 287.962572097778 291.33252620697 298.426317214966 298.431883811951 299.580562591553 300.659163475037 293.476793289185 303.898002624512 302.495367050171 306.040985107422 306.004452705383 303.751599311829 298.770515441895 296.566471099854
261.656967163086 267.600734710693 267.783633232117 261.909197807312 261.94425201416 284.425693511963 295.181066513062 294.291487693787 284.954306602478 292.177110671997 303.982691764832 288.892360687256 279.397507667542 281.079482078552 319.150731086731 338.44255065918 338.796502113342 315.429536819458 333.137105941772 326.236721038818 302.845691680908 302.735566139221 296.845531463623 289.900003433228 286.523048400879 273.450451850891 279.647946357727 275.095026016235 272.762108802795 275.292304992676 276.461843490601 280.060839653015 279.000277519226 285.034358978271 288.634194374084 286.203012466431 296.691040039062 308.549447059631 303.890657424927 301.675466537476 300.314824104309 290.600973129272 299.96382522583 303.225688934326 304.550487518311 303.422435760498 309.190485954285 296.156337738037 292.524807929993
299.642080307007 317.400608062744 320.991690635681 303.460829734802 286.112020492554 272.354135513306 279.396728515625 289.85954284668 285.427870750427 282.020921707153 278.610191345215 289.423363685608 289.440727233887 272.112780570984 300.821481704712 331.695100784302 309.955513000488 303.204413414001 323.476895332336 324.546299934387 316.45453453064 304.572892189026 285.710800170898 279.794909477234 277.460348129272 279.022790908813 289.691663742065 286.200329780579 274.547580718994 279.316905021667 278.259336471558 279.636763572693 289.077919960022 298.729526519775 295.141714096069 290.477394104004 298.766221046448 305.979400634766 307.072642326355 302.40368270874 298.815155982971 290.223161697388 296.003024101257 302.868841171265 305.276175498962 301.628222465515 297.981449127197 292.968276023865 284.6352186203
325.927585601807 324.952899932861 319.076090812683 309.835088729858 310.213545799255 289.156966209412 271.556674003601 288.129463195801 287.261088371277 281.47046661377 279.104287147522 277.061257362366 269.959769248962 257.205490112305 261.12050819397 266.40563583374 271.498022079468 275.246344566345 288.188279151917 289.437961578369 296.694358825684 294.370422363281 293.412810325623 292.254909515381 285.273474693298 272.146731376648 279.543873786926 277.207288742065 285.988906860352 291.944689750671 289.720064163208 282.517854690552 284.976511001587 283.915190696716 282.769613265991 282.785137176514 284.246277809143 293.643655776978 306.724897384644 304.218543052673 310.367729187012 301.754259109497 293.106236457825 290.533551216125 289.108002662659 293.754672050476 286.488712310791 290.086795806885 287.523680686951
316.055329322815 313.728037834167 313.784796714783 306.732592582703 290.502377510071 283.507430076599 282.652194023132 298.111134529114 294.736157417297 284.35142326355 282.126945495605 281.137539863586 269.428852081299 260.436273574829 257.021662712097 254.969212532043 256.055685997009 257.394730567932 266.970561027527 288.585430145264 307.811977386475 304.439546585083 295.234727859497 305.941285133362 304.793682098389 277.535628318787 271.585406303406 280.075169563293 292.494193077087 293.682367324829 297.317669868469 302.325480461121 296.484593391418 291.807396888733 296.524265289307 296.833605766296 283.755181312561 289.634602546692 301.595973014832 303.860119819641 308.591903686523 304.952351570129 296.278923988342 293.696246147156 288.646911621094 289.960266113281 286.013433456421 290.941155433655 289.512139320374
311.592044830322 310.617285728455 302.524115562439 299.023690223694 280.243786811829 285.291723251343 299.747200012207 297.426329612732 289.451621055603 281.265162467957 276.716755867004 271.963018417358 265.189163208008 256.838397979736 252.580167770386 249.365386009216 248.366739273071 247.169914245605 258.98768901825 279.593375205994 295.258758544922 306.174603462219 306.3994140625 299.406168937683 301.865234375 287.629139900208 274.44148349762 272.095454216003 281.988786697388 292.099340438843 296.82462310791 298.224130630493 304.125449180603 304.234720230103 297.2155418396 286.649211883545 285.509348869324 298.662631034851 295.059820175171 292.55188369751 302.082666397095 306.786859512329 306.717254638672 303.022096633911 294.329078674316 288.117184638977 283.326718330383 292.756717681885 299.93381023407
323.038149833679 315.980464935303 316.048629760742 298.416917800903 273.841702461243 288.244115829468 293.070797920227 288.551421165466 286.356667518616 281.624924659729 273.624209403992 266.540780067444 -9999 252.578664779663 256.35848903656 250.728907585144 247.518044471741 248.869502067566 263.151379585266 274.052433013916 277.863072395325 293.579316139221 302.091954231262 302.316166877747 299.990528106689 303.836310386658 293.186019897461 279.966193199158 274.288180351257 289.128402709961 300.053301811218 300.080948829651 292.841648101807 290.611601829529 284.747268676758 287.316872596741 298.246157646179 299.367542266846 293.502544403076 290.993975639343 296.916905403137 305.269751548767 303.815898895264 307.374904632568 304.816193580627 302.21434211731 294.876704216003 287.542613983154 294.731196403503
291.380041122437 291.447480201721 298.972324371338 290.859411239624 276.643347740173 272.170535087585 288.782864570618 289.015244483948 287.879925727844 278.841249465942 272.939316749573 262.384400367737 255.494376182556 259.093527793884 259.300828933716 253.675062179565 251.644724845886 253.963371276855 258.935541152954 269.862609863281 276.229661941528 280.816973686218 289.342699050903 299.059765815735 294.280506134033 291.94670009613 284.900206565857 279.11687374115 273.529167175293 283.385251998901 296.799812316895 296.833012580872 295.981604576111 288.730347633362 286.49936580658 294.102256774902 303.684226989746 307.360256195068 295.297854423523 293.950800895691 299.893419265747 303.514397621155 297.253174781799 308.102168083191 309.130027770996 307.936980247498 307.854386329651 296.854671478271 296.774974822998
298.020307540894 298.235614776611 287.603868484497 285.480969429016 278.417316436768 271.416460990906 276.266881942749 276.491444587708 283.574950218201 277.994210243225 271.14558506012 265.541812896729 256.014361381531 256.110834121704 256.318318367004 257.589445114136 251.949005126953 259.066559791565 266.496497154236 270.317058563232 272.66197013855 281.296865463257 284.834880828857 286.126141548157 287.420207977295 289.89821434021 290.119437217712 280.791135787964 275.092430114746 280.240040779114 291.217604637146 294.811082839966 288.935022354126 285.613277435303 288.204833030701 300.2887840271 298.059132575989 298.098505020142 296.756084442139 301.829176902771 303.029537200928 300.466054916382 290.543369293213 300.259832382202 308.635241508484 306.018927574158 304.560048103333 305.858145713806 297.109777450562
310.407158851624 299.811538696289 291.73717880249 287.237142562866 281.250089645386 281.422320365906 288.50050163269 275.732800483704 278.17163848877 277.219083786011 277.435396194458 264.614813804626 261.215306282043 256.437440872192 256.636406898499 255.662192344666 253.312163352966 258.300282478333 263.188516616821 266.908601760864 269.362329483032 284.089423179626 291.271272659302 288.935581207275 286.400015830994 287.700898170471 290.485101699829 293.467649459839 279.090828895569 284.250526428223 286.7626953125 295.494864463806 291.887685775757 284.625195503235 287.226972579956 288.369943618774 297.109340667725 306.742815971375 303.410206794739 305.730315208435 308.270599365234 304.599084854126 292.391647338867 295.976982116699 302.949721336365 298.064376831055 307.838855743408 316.227640151978 306.313233375549
328.618788719177 322.693817138672 316.02023601532 294.685187339783 276.914309501648 287.86866569519 293.901330947876 288.098745346069 276.346073150635 271.778747558594 275.585220336914 279.397246360779 278.431930541992 263.014917373657 257.153733253479 258.413610458374 258.605664253235 259.872431755066 265.947825431824 268.40403842926 269.685973167419 275.683473587036 275.895853042603 280.63254070282 286.656769752502 282.149658203125 283.748136520386 287.619002342224 284.185826301575 282.046281814575 287.136962890625 290.847314834595 284.678617477417 290.953485488892 291.006568908691 296.103420257568 292.496144294739 301.257011413574 304.974530220032 307.309245109558 306.198127746582 298.86604309082 304.962526321411 293.910080909729 294.963118553162 300.84078502655 306.9798412323 310.573486328125 315.32529258728
294.468786239624 305.434819221497 297.416481018066 281.033821105957 274.044816017151 288.312672615051 293.287868499756 292.323936462402 270.906091690063 272.468222618103 275.963632583618 282.209575653076 282.410073280334 268.140758514404 253.745274543762 259.796859741211 261.055562973022 262.624973297119 265.381630897522 266.663132667542 269.127528190613 275.135287284851 282.436267852783 283.738141059875 280.014763832092 278.852211952209 277.88392162323 284.32509803772 289.587677001953 286.068650245667 286.128214836121 292.329435348511 286.247337341309 293.838370323181 298.745816230774 295.142030715942 291.536705970764 289.31457233429 304.047334671021 306.394195556641 308.957089424133 303.00629901886 298.110556602478 298.053825378418 300.281455993652 306.440331459045 306.335322380066 308.562202453613 307.124068260193
287.888904571533 282.004668235779 293.019757270813 288.607772827148 275.817180633545 275.828846931458 282.04956817627 284.476378440857 269.054724693298 264.448395729065 269.308709144592 275.352781295776 268.193826675415 258.882118225098 256.50597858429 258.932850837708 261.560124397278 261.750781059265 261.954270362854 266.976799964905 271.907035827637 282.755298614502 292.537503242493 291.386191368103 285.395802497864 281.963638305664 280.802165031433 284.586719512939 284.905866622925 281.384544372559 282.834511756897 284.284953117371 288.01987361908 294.243051528931 292.928216934204 295.489078521729 294.453719139099 288.28760433197 298.267919540405 307.976599693298 302.085561752319 302.36607170105 297.467413902283 299.706415176392 305.884757995605 308.071892738342 301.796441078186 306.587807655334 303.988339424133
296.714195251465 285.041481971741 287.549957275391 285.589468955994 289.163865089417 282.289610862732 266.853281974792 269.265874862671 262.401938438416 263.638751983643 260.187300682068 260.353339195251 255.716665267944 -9999 252.311160087585 255.808270454407 257.348165512085 259.792903900146 263.636341094971 267.485576629639 273.608149528503 276.287275314331 287.165481567383 294.504702568054 297.012091636658 291.016451835632 282.536636352539 275.427299499512 270.785730361938 274.598751068115 284.588084220886 285.960202217102 290.896548271179 295.751528739929 299.506475448608 299.662021636963 299.739466667175 293.571321487427 287.677108764648 297.406351089478 305.118033409119 295.208775520325 293.991335868835 296.455758094788 303.774521827698 298.668004989624 298.626986503601 296.07947063446 296.038255691528
304.382043838501 292.741824150085 290.632066726685 284.799240112305 287.350581169128 282.911717414856 274.673480987549 265.354923248291 272.456161499023 -9999 -9999 -9999 -9999 -9999 251.437895774841 254.046257019043 262.367017745972 258.909965515137 261.382640838623 261.589791297913 264.262679100037 272.963122367859 285.236630439758 292.585809707642 295.097225189209 290.283344268799 286.556745529175 278.253307342529 267.453731536865 274.949269294739 280.091548919678 280.172325134277 287.61026763916 299.837937355042 301.111574172974 298.701631546021 302.469329833984 298.871428489685 291.518920898438 290.488038063049 300.514696121216 303.047012329102 295.637482643127 290.737835884094 294.390074729919 295.478362083435 295.444924354553 291.726687431335 295.118507385254
305.744241714478 296.666945457458 295.66151714325 285.480792045593 282.209323883057 281.089902877808 276.449090003967 269.358711242676 263.334649085999 256.228295326233 250.190770149231 -9999 -9999 249.335977554321 253.018136978149 255.430425643921 255.578064918518 254.378299713135 256.853826522827 257.059562683105 262.10558795929 269.629999160767 270.937760353088 280.762686729431 284.653393745422 284.593241691589 279.763980865479 267.771401405334 271.663623809814 273.006839752197 275.38618850708 277.964887619019 284.313998222351 287.807545661926 294.082809448242 295.364585876465 297.757820129395 299.241492271423 293.140596389771 289.540897369385 294.778257369995 302.132872581482 291.026424407959 286.125176429749 289.791379928589 284.892587661743 287.171964645386 294.529165267944 296.808500289917
319.280772209167 303.139309883118 294.071158409119 293.095740318298 280.366654396057 275.92765712738 273.522360801697 269.744255065918 265.075382232666 254.024156570435 249.34273147583 243.574695587158 -9999 -9999 244.952757835388 249.817353248596 248.577637672424 249.834848403931 252.313262939453 252.517610549927 257.568105697632 268.762090682983 274.927556991577 280.199640274048 285.000305175781 278.981018066406 274.14356803894 267.004910469055 275.687805175781 281.827275276184 280.818194389343 278.332584381104 278.42765712738 280.823405265808 283.22120475769 288.20023059845 290.802580833435 298.29180431366 291.072053909302 289.982104301453 288.959287643433 293.818552970886 290.100110054016 281.498233795166 282.868824958801 283.975271224976 287.655013084412 291.334277153015 293.626141548157
310.428412437439 298.973968505859 292.174870491028 293.779214859009 283.322580337524 270.444430351257 270.286405563354 264.33419418335 261.909934043884 255.845404624939 247.21866607666 242.804258346558 -9999 -9999 237.761903762817 242.811269760132 242.934838294983 244.187805175781 248.045288085938 251.624459266663 254.398553848267 260.558539390564 266.728200912476 269.235072135925 266.879126548767 265.904910087585 266.121771812439 266.144081115723 273.735221862793 282.186074256897 282.28929233551 278.700284004211 277.412138938904 277.513807296753 278.807703018188 284.913586616516 291.298783302307 297.686442375183 290.117595672607 288.761171340942 288.867576599121 289.183582305908 290.562710762024 283.141097068787 281.940543174744 285.633183479309 289.063953399658 289.31357383728 295.522787094116
303.798230171204 298.119968414307 293.891660690308 287.202248573303 284.01965713501 274.478466033936 265.956497192383 258.798457145691 256.360280990601 248.903978347778 242.814982414246 236.721011161804 -9999 -9999 233.208874702454 234.411770820618 235.616834640503 239.429686546326 244.38550567627 248.252768516541 247.359978675842 251.235082626343 253.733761787415 261.206628799438 256.357246398926 261.444441795349 259.166844367981 262.786166191101 264.10915184021 271.657615661621 280.349987983704 282.765106201172 276.590953826904 277.894034385681 286.520965576172 290.413855552673 287.940486907959 287.780591011047 285.380979537964 291.788058280945 290.708151817322 285.927402496338 284.729571342468 288.435688972473 282.401222229004 283.524448394775 283.520373344421 286.096875190735 287.222532272339
305.451583862305 301.272505760193 293.45055770874 286.68113899231 282.155475616455 271.525252342224 262.980312347412 254.427973747253 249.416949272156 241.9413022995 237.207059860229 -9999 -9999 -9999 -9999 -9999 228.565828323364 236.038975715637 239.902719497681 244.872179031372 245.076771736145 251.250588417053 255.138422012329 249.09202671051 252.984045982361 251.807624816895 255.707434654236 258.22377872467 258.437722206116 264.604331970215 272.114805221558 277.125637054443 280.666197776794 278.274258613586 283.213738441467 290.74814414978 297.168612480164 297.019715309143 285.80881023407 287.321697235107 288.566308021545 287.502304077148 283.788415908813 285.183948516846 282.598239898682 280.014165878296 281.409566879272 280.281826972961 287.718062400818
