data/train_2003/bio1_avg_2003-2018.asc
NCOLS 664 
NROWS 380 
XLLCORNER 3.91666666666667 
YLLCORNER 55.3333333333333 
CELLSIZE 0.0416666666666666 
NODATA_value -9999 
[rows 242 to 263 of 380, columns 245 to 293 of 664]
3.53881797194481 3.63540352880955 3.87665565311909 4.38921450078487 4.49924652278423 4.66744546592236 4.72314418852329 4.72284293174744 4.83370849490166 5.12340719997883 5.25977291166782 4.9426383972168 4.52283705770969 4.52570256590843 4.47323475778103 4.52426245808601 4.51845213770866 4.55430859327316 4.52766497433186 4.48752163350582 4.4513780772686 4.4577344506979 4.40909089148045 4.35161401331425 4.5371370613575 4.71532681584358 4.77451665699482 4.5824166983366 4.5453605055809 4.6196376234293 4.54874806106091 4.5443584471941 4.46163561940193 4.28574606031179 4.29235643148422 4.69330015778542 4.77291053533554 4.82085426151752 4.7381314188242 4.51103183627129 4.39022202789783 4.26557919383049 4.12593623250723 4.185293212533 4.30265031754971 4.25200722366571 4.23469766229391 4.201221331954 4.21191170066595
3.43198807537556 3.46151508390903 3.63954220712185 3.8483397886157 4.20707450062037 4.4794760197401 4.66104409098625 4.7974456101656 4.87584705650806 4.98191510140896 5.09264989197254 4.94155123829842 4.78345254063606 4.71018750965595 4.63342227041721 4.66601964831352 4.71681344509125 4.70277394354343 4.6545675098896 4.58469447493553 4.55948808789253 4.59278191626072 4.48674228787422 4.46070249378681 4.5586631000042 4.61312335729599 4.62491701543331 4.74747958779335 4.69281132519245 4.7391429245472 4.69680804014206 4.69730615615845 4.72697128355503 4.6019694507122 4.55980123579502 4.53079958260059 4.77246451377869 4.83362957835197 4.70879454910755 4.73087984323502 4.58355222642422 4.37539125978947 4.19289690256119 4.12890260666609 4.09924168884754 4.24841392040253 4.32225289940834 4.31192530691624 4.34226426482201
3.52999154478312 3.64979336410761 3.66842879354954 3.74713176488876 3.88506919890642 4.20467326045036 4.52877746522427 4.71154807507992 4.7869853079319 4.91575591266155 5.08919341862202 5.1912976950407 5.03690160810947 4.92117238044739 4.86944314837456 4.82161052525043 4.79084149003029 4.84790575504303 4.74880319833755 4.70086750388145 4.63209842145443 4.61682942509651 4.73556011915207 4.6717911362648 4.71018877625465 4.89091970026493 4.86715064942837 4.87070919573307 4.90959541499615 4.98348146677017 4.87070128321648 4.89675414562225 4.73914042115211 4.74252653121948 4.4662461578846 4.46463230252266 4.74901847541332 4.93957154452801 4.77729105949402 4.66572788357735 4.44571550190449 4.25453652441502 4.1308576092124 4.24567860364914 4.27499954402447 4.23915399610996 4.32564157247543 4.30479587614536 4.40028364956379
3.75132814049721 3.81040524691343 3.94598197191954 4.04742381721735 4.13956391811371 4.2852039039135 4.43184389173985 4.69148391485214 4.89062385261059 5.0152639746666 5.17173725366592 5.20954389870167 5.20401720702648 5.22815719246864 5.17563056945801 5.01870128512383 4.89303593337536 4.90737096965313 4.96587234735489 4.96087400615215 4.8025419563055 4.86204335093498 4.95604486763477 4.94037981331348 4.96638135612011 5.03921611607075 4.97188417613506 4.96143873035908 4.98121291399002 4.79732030630112 4.80092780292034 4.84136864542961 4.61147597432137 4.66791674494743 4.50585752725601 4.4357984662056 4.76057249307632 4.95234663784504 4.84462071955204 4.62440943717957 4.40954560041428 4.20134856551886 4.1273183003068 4.1329545751214 4.12909095734358 4.26889391243458 4.25553022325039 4.35249978303909 4.34413611888885
3.64899837970734 3.91368342190981 4.12420201301575 4.25754903256893 4.36605842411518 4.42223435640335 4.47757692635059 4.56858630478382 4.61892886459827 4.90693810582161 5.16711421310902 5.2292901724577 5.25629939138889 5.44480872154236 5.59165133535862 5.54045855998993 5.39789727330208 5.11333611607552 5.06594145298004 5.14688020944595 5.29648554325104 5.42492432892323 5.3653629720211 5.2574684470892 5.02790707349777 4.95201244950294 4.78345121443272 4.78850154578686 4.58383022248745 4.51315893232822 4.54698769748211 4.64531625807285 4.35631160438061 4.5301403850317 4.82546903192997 4.73879763484001 4.64395973086357 4.65595501661301 4.88828390836716 4.87342394888401 4.5947090536356 4.25949416309595 4.20261228084564 4.25589719414711 4.33268222212791 4.18046732991934 4.37258552014828 4.23120380938053 4.40832212567329
4.02283516526222 4.08546172827482 4.14542185515165 4.12284112721682 4.17588624358177 4.20309828966856 3.99664352834225 3.93052217364311 4.24190063029528 4.45961265265942 4.89049103856087 5.00003626942635 5.21258170902729 5.51612681150436 5.72600547969341 5.72388276457787 5.66992525756359 5.55446799099445 5.47517715394497 5.53355313837528 5.63242906332016 5.66147181391716 5.51134780049324 5.06355698406696 4.76143291592598 4.75180880725384 4.6315181106329 4.54173110425472 4.47461448609829 4.40083086490631 4.417047560215 4.48093076050282 4.58064725995064 4.76419743895531 4.91858050227165 4.97429712116718 4.98251391947269 4.94323027133942 5.01711364090443 4.94227200746536 4.71587231755257 4.59797261655331 4.50840626657009 4.3200066536665 4.21594024449587 4.14054046571255 4.20214082300663 4.20624119788408 4.3048415184021
4.15200527012348 4.13890685886145 4.16830857098103 4.06163314729929 3.87454770505428 3.912962064147 3.73954357206821 3.87312449514866 4.17353899776936 4.45495353639126 4.36403471231461 4.80661602318287 4.94636379182339 5.41327844560146 5.63602608442307 5.60847339034081 5.50395332276821 5.38343308866024 5.428746342659 5.62455935776234 5.48437252640724 5.24185255169868 5.07199910283089 4.83214569091797 4.71595875918865 4.74393844604492 4.65758502483368 4.66512727737427 4.5733984708786 4.42166954278946 4.37977413833141 4.53254525363445 4.59648306667805 4.78608748316765 4.74602536857128 4.68196314573288 4.75890105962753 5.06500546634197 5.14794328808784 5.18028685450554 5.10170239210129 4.99795128405094 4.99736689031124 4.87061592936516 4.68486492335796 4.58678035438061 4.54752939939499 4.45527839660645 4.38702736794949
4.13450866192579 4.08868512511253 4.14519499242306 4.20025850832462 4.11387552320957 3.93282613158226 3.73860995471478 3.97339361160994 4.06251083314419 4.22329466044903 4.29974512010813 4.61369563639164 4.98364602029324 5.19426329433918 5.32921369373798 5.28856416046619 5.22298114001751 5.19123165309429 5.24431540071964 5.43339920043945 5.27281613647938 5.29206664860249 5.01298369467258 4.72756744921207 4.58648453652859 4.68023496866226 4.89881870150566 4.83019018173218 4.76818254590034 4.58184157311916 4.62966728210449 4.77899305522442 4.96415211260319 4.91114443540573 4.97547021508217 5.08029609918594 4.95078837871552 4.83778066933155 4.92393985390663 4.94196803867817 5.02269916236401 5.09043002128601 5.15816079080105 5.12405849993229 4.87645621597767 4.79502058029175 4.7224180996418 4.74481566250324 4.68004664778709
4.10645517706871 3.98223745077848 3.96751973032951 4.00535733252764 4.04508390277624 4.14581046253443 4.02237027138472 4.03476332128048 4.00832313299179 3.99088300764561 4.17477622628212 4.37750265002251 4.64606238901615 4.70495560765266 4.84851543605328 4.60987767577171 4.84154254198074 4.86420726776123 4.76937194168568 5.13053674995899 5.31303483247757 5.29369956254959 5.04369783401489 4.93136250972748 5.0606939047575 4.78269191086292 4.86369021236897 5.05137874186039 5.02042432129383 5.19013671576977 5.21184900403023 5.23939467966557 5.30344033241272 5.33698602020741 5.41986498236656 5.41191074252129 5.27962304651737 5.22966867685318 5.21554771065712 5.24837632477283 5.26198801398277 5.29959958791733 5.28204479813576 5.09565630555153 4.93443463742733 4.99304629862309 5.01615807414055 4.99510288238525 4.91404803097248
3.96951139718294 3.88156369328499 3.85394927859306 3.83109655231237 3.99000589549541 4.25324843078852 4.33849096298218 4.39089997112751 4.31580950319767 4.32171855866909 4.31979431211948 4.41570356488228 4.45194615423679 4.48718872666359 4.70176455378532 4.50741401314735 4.55313685536385 4.73935984075069 4.86141602694988 5.15847228467464 5.08036187291145 5.02941805124283 5.29014100134373 5.29869721829891 5.27058672904968 4.90330971777439 4.76869937777519 4.81502620875835 4.88545712828636 4.97588823735714 5.27765244245529 5.38275016844273 5.37184782326221 5.27927884459496 5.34954310953617 5.42914083600044 5.22673849761486 5.20350295305252 5.33576714992523 5.35451145470142 5.29140263795853 5.24612693488598 5.14818479120731 4.91724246740341 4.94863371551037 5.01419138908386 5.13291577994823 4.99264031648636 4.90353135764599
4.26323420554399 4.19055650383234 3.9550454095006 4.20000245422125 4.26309449225664 4.27435310930014 4.36477847397327 4.36137019097805 4.34796226024628 4.40222081542015 4.35931278765202 4.26223799586296 4.1938299164176 4.56992180645466 4.68751373887062 4.60228362679482 4.75356465578079 4.84651240706444 4.93946018815041 5.1294077783823 5.11868871748447 5.13980311155319 5.2262507379055 5.03453189134598 5.03314627707005 4.97492733597755 5.02204176783562 4.93000704050064 4.93832333385944 4.8053063005209 5.0267893075943 5.27993895113468 5.1835885643959 5.31623826920986 5.42855456471443 5.5972041785717 5.28968715667725 5.17217013239861 5.24181976914406 5.42614641785622 5.28548373281956 5.27948771417141 5.04399149119854 4.83632871508598 4.97033242881298 5.06333647668362 5.13334035873413 5.17734429240227 5.14584818482399
4.40262372791767 4.44204925000668 4.33064164966345 4.40957506000996 4.54068307578564 4.53879106044769 4.5313990265131 4.44550715386868 4.3947815746069 4.40288971364498 4.33049768209457 4.19677247107029 4.22204707562923 4.48632179200649 4.60909634828568 4.56998661160469 4.4818257689476 4.82099810242653 4.92767085134983 5.07934327423573 5.20751582086086 5.27635504305363 5.23919412493706 5.12819996476173 4.99887254834175 4.83854506909847 5.04855073988438 5.0496546626091 5.11502283811569 5.15622462332249 5.22675947844982 5.3826277256012 5.13749606907368 5.25569774210453 5.33523268997669 5.49160094559193 5.57230250537395 5.46217082440853 5.54120577871799 5.4657816439867 5.31556490063667 5.17201505601406 4.90846478939056 4.93841478228569 5.05653154850006 5.01348161697388 5.13959822058678 5.21054810285568 5.26966489851475
4.42934674024582 4.47837556898594 4.45373785495758 4.53798086941242 4.55760507285595 4.56006246805191 4.57685324549675 4.55647704005241 4.55960121750832 4.42272524535656 4.37318263947964 4.37247349321842 4.53093075752258 4.51138824224472 4.59367881715298 4.75218953192234 4.85142014920712 4.95348417758942 4.78504811227322 4.61494551599026 4.78350935876369 5.0307402163744 5.16763737797737 5.31686799228191 5.2279319614172 5.16799601912498 5.19489338994026 5.17280231416225 5.08988909423351 5.32064259052277 5.37356294691563 5.35414980351925 5.42857028543949 5.35499055683613 5.33541077375412 5.45949766039848 5.68241789937019 5.80267162621021 5.79192519187927 5.48125012218952 5.24647940695286 5.08737568557262 5.00793832540512 5.03733432292938 5.04556395113468 5.05545987188816 5.03835605084896 5.16441878676414 5.20048163831234
4.43023619055748 4.52336843311787 4.54866729676723 4.58388686180115 4.59019358456135 4.58300039172173 4.62130708992481 4.65811403095722 4.51075404882431 4.48322756588459 4.61320088803768 4.74884109199047 4.77431462705135 4.74862138926983 4.87126137316227 4.94872590899467 5.02718137204647 4.94463685154915 4.9165922254324 4.97938112914562 5.07483659684658 5.18362517654896 4.99741388857365 4.95536960661411 5.0438247770071 5.00411367416382 5.02856911718845 5.2402830272913 5.25058861076832 5.44472743570805 5.52903306484222 5.46650537848473 5.37764422595501 5.54144990444183 5.4980888068676 5.62372767925262 5.72986672818661 5.661172285676 5.51381126046181 5.25155180692673 5.11406071484089 5.14990292489529 5.06657834351063 5.02742063999176 4.98259611427784 4.99843837320805 4.96361385285854 5.16728936135769 5.58213151991367
4.49895910918713 4.52102793753147 4.54559676349163 4.57295934855938 4.61394886672497 4.63393823802471 4.63659453392029 4.67675068974495 4.71224024891853 4.59972982108593 4.66521920263767 4.81504219770432 4.82769833505154 4.87435449659824 4.86784395575523 4.93942886590958 4.90960907936096 4.95912265777588 5.02696962654591 5.07164989411831 5.03916355967522 5.02984362840652 4.69535729289055 4.5747042298317 4.69638459384441 4.80989803373814 4.90241162478924 5.05676378309727 5.02645480632782 5.28047911822796 5.63800323009491 5.73486092686653 5.67271843552589 5.57307599484921 5.59060019254684 5.58962453901768 5.61948210000992 5.43100629746914 5.44903048872948 5.32752019166946 5.32464201748371 5.30959682166576 5.26871845126152 5.18600690364838 5.21362845599651 5.47025012969971 5.39787171781063 5.35149341821671 5.45628173649311
4.33934850990772 4.497687458992 4.53752624988556 4.51019860804081 4.4445374161005 4.47654311358929 4.5192152261734 4.62188743054867 4.78189316391945 4.79039880633354 4.77373757958412 4.7977432012558 4.76791554689407 4.67675434052944 4.59092655777931 4.78446514904499 4.66570353507996 4.57977524399757 4.78551365435123 4.82658541202545 4.75732372701168 4.62422887980938 4.36930055916309 4.4835389405489 4.64061066508293 4.90251570940018 5.13925412297249 5.3080779761076 5.29648761451244 5.41356378793716 5.50130681693554 5.54754966497421 5.52329261600971 5.55320206284523 5.56677833199501 5.51135462522507 5.49159769713879 5.35484044253826 5.50275008380413 5.43382209539413 5.43055640161037 5.51045751571655 5.46735861897469 5.55075958371162 5.56416074931622 5.56006182730198 5.61779625713825 5.52836400270462 5.51676513254642
4.22573816031218 4.28918039053679 4.38045589625835 4.3124378323555 4.36245931684971 4.44031447172165 4.65050274133682 4.76969113945961 4.7805459946394 4.84156748652458 4.70475594699383 4.71127757430077 4.63813251256943 4.67698754370213 4.66534247994423 4.71450160443783 4.72179797291756 4.59126128256321 4.71672448515892 4.75152087211609 4.62065069377422 4.5852806866169 4.3760771304369 4.23537370562553 4.29550355672836 4.55013343691826 5.05509649217129 5.05805890262127 5.2046871483326 5.36898195743561 5.27344362437725 5.04490520060062 5.28570005297661 5.40499497950077 5.39128984510899 5.41608473658562 5.46021284162998 5.51600779592991 5.53046934306622 5.50062374770641 5.5216375887394 5.53165148198605 5.60933187603951 5.59951238334179 5.6365263313055 5.66454023122787 5.68738740682602 5.60773462057114 5.39824859797955
4.00862777233124 4.08483980596066 4.08705209195614 4.19684357941151 4.17204803228378 4.13141898810863 4.44279009103775 4.48966114223003 4.6290321201086 4.79656982421875 4.5411074757576 4.63247853517532 4.70134964585304 4.74755391478539 4.76159159839153 4.74537116289139 4.89889238774776 4.94158037006855 4.97343514859676 4.90412300825119 4.67747776210308 4.79616568982601 4.58518704771996 4.51354174315929 4.68756300210953 4.82175099849701 5.02610564231873 4.91937309503555 5.02738666534424 5.09073348343372 5.26474706828594 5.29809403419495 5.26894100010395 5.09428770840168 4.96880121529102 5.14214804768562 5.20732821524143 5.24384191632271 5.42902216315269 5.40925896167755 5.36971871554852 5.2610120922327 5.49163886904716 5.55393218994141 5.53772541880608 5.69401863217354 5.64014534652233 5.57460516691208 5.49873186647892
4.21268402785063 3.98316614329815 3.91398162394762 4.16208298504353 4.24313663691282 4.31519044935703 4.46757742762566 4.52963125705719 4.73568488657475 4.72823879122734 4.6201259046793 4.71951282024384 4.69490002095699 4.75095362961292 4.62000754475594 4.48607410490513 4.65582019090652 4.6863998323679 4.73114578425884 5.02922539412975 5.07730466127396 5.08905084431171 4.8804636746645 4.88320980966091 5.01945593953133 5.08053538203239 5.11944821476936 5.1338542252779 5.18408618867397 5.28665165603161 5.35788384079933 5.27244943380356 5.08784830570221 5.11391381919384 5.19447930157185 5.11071152985096 5.0849437713623 5.06034253537655 5.24424149096012 5.3425605148077 5.40763325989246 5.57203947007656 5.60777866840363 5.62935158610344 5.63609103858471 5.68383032083511 5.74606983363628 5.50914247334003 5.30871534347534
4.27890685945749 3.92699244618416 3.95024443417788 4.12232214957476 4.03122533112764 4.31212837994099 4.54503159224987 4.53360146284103 4.60450442135334 4.61190754175186 4.55981078743935 4.46171393990517 4.45445029437542 4.60652023553848 4.76408995687962 4.58177708089352 4.67858138680458 4.87355238199234 4.86385656893253 5.14532750844955 5.2522983700037 5.24860274791718 5.00257350504398 4.87321117520332 4.92251543700695 4.86731961369514 4.99729050695896 5.09816814959049 5.08545234799385 5.17623654007912 5.19352068006992 5.09347158670425 5.11908911168575 5.26170653104782 5.145990639925 5.06844161450863 5.1508923470974 5.07017655670643 5.12112753093243 5.256695702672 5.32404774427414 5.35723333060741 5.54791887104511 5.63243772089481 5.66878996789455 5.83280867338181 5.77049414813519 5.52134640514851 5.47603200376034
4.44843524694443 4.17488344758749 4.15383158624172 4.00576578825712 3.89268543571234 4.39610521495342 4.47752510011196 4.41244488954544 4.42769804596901 4.4346176981926 4.47520409524441 4.48762403428555 4.43721041083336 4.62613014876842 4.85804983973503 4.9048905223608 4.91331839561462 5.02507972717285 5.02950763702393 5.24943555891514 5.29669691622257 5.28912481665611 5.06071956455708 5.08448077738285 4.8844086676836 4.92033669352531 5.12693129479885 5.17643909156322 5.18336006999016 5.14894764125347 5.22820204496384 5.30928951501846 5.40021051466465 5.36063136160374 5.25021901726723 5.05830660462379 5.19572751224041 5.17948196828365 5.1594028621912 5.21503534913063 5.30954650044441 5.35505729913712 5.51490166783333 5.56807941198349 5.68959046900272 5.77593474090099 5.60827912390232 5.69762355089188 5.64346776902676
4.52360233664513 4.50117287039757 4.288076646626 3.96591389924288 4.11668405681849 4.25728786736727 4.4438913166523 4.32099495828152 4.16809859871864 4.2192023023963 4.4454725086689 4.60107617080212 4.6580131649971 4.74345010519028 4.7218870818615 4.87908089160919 4.97719804942608 5.02631516754627 4.89509917795658 5.01488314568996 5.34566682577133 5.32711750268936 5.28340141475201 5.36868539452553 5.28830251097679 5.28741964697838 5.42337031662464 5.39383339881897 5.47647592425346 5.26111830770969 5.28092737495899 5.51190327107906 5.50421239435673 5.45952147245407 5.3203306645155 5.27130636572838 5.19978228211403 5.22709138691425 5.20523381233215 5.19857960939407 5.31379556655884 5.37134486436844 5.39122726023197 5.43344317376614 5.52682580053806 5.61054173111916 5.73325762152672 5.80247350037098 5.88002273440361
