data/train_2003/bio15_avg_2003-2018.asc
NCOLS 664 
NROWS 380 
XLLCORNER 3.91666666666667 
YLLCORNER 55.3333333333333 
CELLSIZE 0.0416666666666666 
NODATA_value -9999 
[rows 198 to 219 of 380, columns 392 to 440 of 664]
-9999 -9999 -9999 -9999 -9999 -9999 -9999 -9999 -9999 -9999 -9999 -9999 -9999 -9999 -9999 -9999 -9999 -9999 -9999 44.9868624210358 45.5934870243073 -9999 45.9597904682159 46.1685287952423 46.1629474163055 46.4073965549469 46.3109600543976 46.8648455142975 47.2686562538147 47.3889479637146 47.6963539123535 48.1378200054169 48.0354433059692 48.1579141616821 48.4714851379395 48.705970287323 48.8937113285065 48.6432738304138 48.7075953483582 49.1086158752441 48.705114364624 48.2424306869507 48.6809725761414 48.6886880397797 48.6885013580322 48.5907645225525 49.1299343109131 49.1949200630188 49.0373823642731
-9999 -9999 -9999 -9999 -9999 -9999 -9999 -9999 -9999 -9999 -9999 -9999 -9999 -9999 -9999 -9999 -9999 -9999 -9999 -9999 45.8261127471924 46.0643975734711 46.2048823833466 46.5270435810089 46.8098437786102 46.8866291046143 47.170695066452 47.4292004108429 47.5174052715302 47.9535300731659 48.1786577701569 48.3273143768311 48.7423374652863 48.654317855835 48.8603055477142 49.2002041339874 48.9645857810974 48.930447101593 48.9949734210968 48.7499823570251 48.8562321662903 48.6371517181396 48.7444159984589 48.85662317276 48.9777219295502 48.9836568832397 48.802375793457 49.0907652378082 49.3396682739258
-9999 -9999 -9999 -9999 -9999 -9999 -9999 -9999 -9999 -9999 -9999 -9999 -9999 -9999 -9999 -9999 -9999 -9999 -9999 -9999 45.7242133617401 46.4786107540131 46.7432730197906 46.8298048973083 46.6582899093628 47.0398409366608 47.6474056243896 47.8482666015625 47.8677754402161 48.3480575084686 48.1166906356812 48.7914786338806 49.0151851177216 49.3457984924316 49.2633559703827 49.2475719451904 49.3071839809418 48.7463641166687 48.7482616901398 48.6993551254272 48.4764449596405 48.5704669952393 48.3572373390198 48.4813816547394 48.3922147750854 48.6029198169708 48.9685490131378 48.8346667289734 49.2383313179016
-9999 -9999 -9999 -9999 -9999 -9999 -9999 -9999 -9999 -9999 -9999 -9999 -9999 -9999 -9999 -9999 -9999 -9999 -9999 -9999 -9999 46.9876554012299 46.7106838226318 46.9822959899902 47.3339021205902 47.2413640022278 47.6205027103424 47.7844262123108 47.7382597923279 48.3302185535431 48.4594256877899 48.6976299285889 49.0835862159729 49.6151764392853 49.6669487953186 49.5240297317505 49.0440821647644 48.9325244426727 48.8855233192444 48.6662695407867 48.3539483547211 48.525545835495 48.3225057125092 48.2198390960693 48.4416823387146 48.7481501102448 48.6880571842194 49.1752486228943 49.1439790725708
-9999 -9999 -9999 -9999 -9999 -9999 -9999 -9999 -9999 -9999 -9999 -9999 -9999 -9999 -9999 -9999 -9999 -9999 -9999 46.9813590049744 46.829922914505 46.9789614677429 46.9191620349884 47.2673785686493 47.4192814826965 47.3771088123322 47.5843532085419 48.0813453197479 48.1748306751251 48.4016280174255 48.4656779766083 49.0269513130188 49.3787729740143 49.5544481277466 49.5515489578247 49.176586151123 48.9284029006958 48.6376900672913 48.6153099536896 48.023933172226 48.2085707187653 48.4970743656158 48.5749361515045 48.4577946662903 48.738219499588 48.636381149292 48.5504541397095 48.7544558048248 49.0634636878967
-9999 -9999 -9999 -9999 -9999 -9999 -9999 -9999 -9999 -9999 -9999 -9999 -9999 -9999 -9999 -9999 -9999 -9999 -9999 47.2922575473785 47.2827906608582 47.4176604747772 47.6685373783112 47.4709498882294 47.6626772880554 47.237752199173 47.5964193344116 47.5783574581146 47.7594511508942 48.3752381801605 48.6820628643036 48.7719044685364 49.1884858608246 49.4023513793945 49.1419789791107 48.7584035396576 48.4610741138458 48.1663801670074 48.3365416526794 48.2053155899048 48.2994477748871 48.2745757102966 48.3837039470673 48.2573726177216 48.3389499187469 48.377311706543 48.891489982605 49.0190713405609 49.0802209377289
-9999 -9999 -9999 -9999 -9999 -9999 -9999 -9999 -9999 -9999 -9999 -9999 -9999 -9999 -9999 -9999 -9999 -9999 -9999 47.1235587596893 47.390331029892 47.148686170578 47.4816882610321 47.6440186500549 47.4910876750946 47.6498482227325 47.7427186965942 47.9297497272491 48.0722324848175 48.205516576767 48.5178329944611 48.7479128837585 48.8880188465118 49.0132255554199 48.8150811195374 48.5773067474365 48.1177084445953 48.183753490448 48.1699020862579 48.3310463428497 48.1389009952545 47.9384717941284 48.0184192657471 48.1071033477783 48.0781683921814 48.2922868728638 48.3847916126251 49.0746073722839 49.5017721652985
-9999 -9999 -9999 -9999 -9999 -9999 -9999 -9999 -9999 -9999 -9999 -9999 -9999 -9999 -9999 -9999 -9999 -9999 -9999 46.8795685768127 47.2130873203278 47.2536425590515 47.6044044494629 47.5896077156067 47.3091022968292 47.6112055778503 47.8027369976044 47.9815561771393 47.8012084960938 47.7088351249695 48.3622159957886 48.6061418056488 48.7270011901855 48.2664136886597 48.1979660987854 47.8283627033234 48.1409578323364 48.0601570606232 48.0862066745758 48.337747335434 47.9992411136627 47.7169299125671 47.9680116176605 48.2113363742828 48.3116710186005 48.4095466136932 48.6811263561249 48.7355220317841 48.85986328125
-9999 -9999 -9999 -9999 -9999 -9999 -9999 -9999 -9999 -9999 -9999 -9999 -9999 -9999 -9999 -9999 -9999 -9999 -9999 46.9563231468201 47.0155491828918 47.0121550559998 47.3120045661926 47.4134104251862 47.3834176063538 47.5758099555969 47.6704185009003 47.7279095649719 47.7465696334839 47.9108028411865 48.1445608139038 48.067165851593 47.9265067577362 47.6537990570068 47.2723941802979 47.4366517066956 47.4717557430267 47.6326308250427 47.4715950489044 47.8307583332062 47.6916017532349 47.6426031589508 48.1942746639252 48.213015794754 48.4894082546234 48.3940148353577 48.6487743854523 49.012443780899 48.9738619327545
-9999 -9999 -9999 -9999 -9999 -9999 -9999 -9999 -9999 -9999 -9999 -9999 -9999 -9999 -9999 -9999 -9999 -9999 -9999 46.806102514267 46.9367995262146 47.234935760498 47.3996405601501 47.1895725727081 47.456024646759 47.7307295799255 47.4595439434052 47.7761590480804 47.7606573104858 47.996993303299 48.2951323986053 48.0765740871429 47.7928020954132 47.8029141426086 47.4558689594269 47.3778388500214 47.154944896698 47.1581118106842 47.4306662082672 47.6225683689117 48.314026594162 48.1650784015656 47.7573080062866 48.4690146446228 48.6120595932007 48.6117548942566 48.6971487998962 48.6785268783569 49.0989491939545
-9999 -9999 -9999 -9999 -9999 -9999 -9999 -9999 -9999 -9999 -9999 -9999 -9999 -9999 -9999 -9999 -9999 -9999 -9999 -9999 47.2411541938782 47.1297316551208 47.3856468200684 47.1827552318573 47.495552778244 47.2055501937866 47.6450912952423 47.6739485263824 47.7697658538818 47.7436759471893 48.0940942764282 48.0012278556824 47.5703880786896 47.5236656665802 47.2052655220032 47.1817634105682 47.0136415958405 47.5807378292084 47.4045810699463 47.7470932006836 48.0258121490479 48.3231246471405 48.0691530704498 48.1334738731384 48.5773746967316 48.6570360660553 48.3820998668671 48.5670692920685 49.1481227874756
-9999 -9999 -9999 -9999 -9999 -9999 -9999 -9999 -9999 -9999 -9999 -9999 -9999 -9999 -9999 -9999 -9999 -9999 -9999 -9999 -9999 -9999 47.2433214187622 47.4490206241608 47.7013256549835 47.7027051448822 47.8102326393127 47.7697808742523 47.9046754837036 47.7325613498688 48.0061910152435 48.3552212715149 47.8767521381378 47.8027052879333 47.4363446235657 47.6332764625549 47.6069531440735 47.8919653892517 47.9760141372681 47.899795293808 47.7952086925507 48.1805820465088 48.1960234642029 48.0931777954102 48.184689283371 48.4028534889221 48.5380549430847 48.9809265136719 49.1860687732697
-9999 -9999 -9999 -9999 -9999 -9999 -9999 -9999 -9999 -9999 -9999 -9999 -9999 -9999 -9999 -9999 -9999 -9999 -9999 -9999 -9999 46.9369473457336 47.3564457893372 47.302521944046 47.5560853481293 47.5760684013367 47.7108249664307 47.7149343490601 48.0391051769257 48.1346480846405 48.2354276180267 48.0960292816162 48.1357483863831 48.2525341510773 48.1048514842987 48.0733721256256 48.0906703472137 48.1312162876129 48.0041539669037 47.9789097309113 48.3127138614655 48.4143307209015 48.5460155010223 48.5010704994202 48.2143247127533 48.7152416706085 48.6109576225281 49.1299347877502 49.5266041755676
-9999 -9999 -9999 -9999 -9999 -9999 -9999 -9999 -9999 -9999 -9999 -9999 -9999 -9999 -9999 -9999 -9999 -9999 -9999 -9999 -9999 -9999 46.9956758022308 47.2106149196625 -9999 47.7502114772797 47.8497438430786 48.0250391960144 48.0133593082428 48.2107388973236 48.2972795963287 48.4859335422516 48.4482047557831 48.4044842720032 48.1736330986023 48.1833348274231 48.2977874279022 48.2789394855499 48.5843827724457 48.713015794754 48.5820395946503 48.6714162826538 48.3417949676514 48.2524170875549 48.6940591335297 48.6797103881836 48.8782887458801 49.0703947544098 49.5276396274567
-9999 -9999 -9999 -9999 -9999 -9999 -9999 -9999 -9999 -9999 -9999 -9999 -9999 -9999 -9999 -9999 -9999 -9999 -9999 -9999 -9999 -9999 -9999 -9999 -9999 47.7988696098328 47.9803869724274 48.0424697399139 48.3549954891205 48.2016787528992 48.370210647583 48.4855406284332 48.6039681434631 48.5708923339844 48.9710550308228 48.7580347061157 48.8193120956421 49.0500254631042 48.7732443809509 49.0716495513916 48.7771129608154 48.7684895992279 48.7303688526154 48.747403383255 48.5665860176086 48.5612607002258 48.9775700569153 49.3499507904053 49.2241082191467
-9999 -9999 -9999 -9999 -9999 -9999 -9999 -9999 -9999 -9999 -9999 -9999 -9999 -9999 -9999 -9999 -9999 -9999 -9999 -9999 -9999 -9999 -9999 -9999 -9999 48.0182569026947 47.8658051490784 48.1581795215607 48.2832980155945 48.5315346717834 48.3654346466064 48.4859209060669 48.8434097766876 48.8508696556091 48.8708295822144 49.2095041275024 49.5651245117188 49.1068391799927 49.2526211738586 48.959041595459 48.8522472381592 48.4991583824158 48.6465179920197 49.072826385498 48.9288659095764 48.7497336864471 48.9181969165802 49.0846235752106 49.3853275775909
-9999 -9999 -9999 -9999 -9999 -9999 -9999 -9999 -9999 -9999 -9999 -9999 -9999 -9999 -9999 -9999 -9999 -9999 -9999 -9999 -9999 -9999 -9999 -9999 -9999 -9999 47.8579640388489 48.4559624195099 48.6849722862244 48.3233993053436 48.7182519435883 48.7123770713806 48.8450675010681 48.8729839324951 49.2175984382629 49.6466312408447 49.8677816390991 49.632759809494 49.3957674503326 49.2156300544739 49.0908102989197 48.9253342151642 48.8282165527344 48.8616375923157 48.6553111076355 48.6463146209717 48.7643980979919 49.0792016983032 49.2919647693634
-9999 -9999 -9999 -9999 -9999 -9999 -9999 -9999 -9999 -9999 -9999 -9999 -9999 -9999 -9999 -9999 -9999 -9999 -9999 -9999 -9999 -9999 -9999 -9999 -9999 -9999 48.3130512237549 48.2622168064117 48.4301691055298 48.6206512451172 48.8817732334137 48.9202334880829 48.8891072273254 48.9133925437927 49.1018486022949 49.6318039894104 49.9302206039429 49.9045250415802 49.4745135307312 49.4233059883118 49.0679111480713 48.826610326767 48.6713101863861 48.7432708740234 48.3323593139648 48.4421429634094 48.3276998996735 48.4661424160004 48.7289304733276
-9999 -9999 -9999 -9999 -9999 -9999 -9999 -9999 -9999 -9999 -9999 -9999 -9999 -9999 -9999 -9999 -9999 -9999 -9999 -9999 -9999 -9999 -9999 -9999 -9999 47.7249937057495 48.1814241409302 48.3645865917206 48.5692710876465 48.8171844482422 48.6691148281097 48.7811419963837 48.7450392246246 48.7756481170654 49.0253212451935 49.5446667671204 49.6427013874054 49.7981474399567 49.4125099182129 48.9109435081482 49.176399230957 48.8751602172852 48.6788048744202 48.7443795204163 48.6483144760132 48.1821682453156 48.5379252433777 48.2725286483765 48.4478366374969
-9999 -9999 -9999 -9999 -9999 -9999 -9999 -9999 -9999 -9999 -9999 -9999 -9999 -9999 -9999 -9999 -9999 -9999 -9999 -9999 -9999 -9999 -9999 -9999 -9999 47.9518058300018 48.1600384712219 48.3061096668243 48.0938432216644 48.3070712089539 48.7102303504944 48.4235219955444 48.7642090320587 48.6789357662201 48.7858517169952 49.1113932132721 48.8447411060333 49.1049013137817 49.4422044754028 48.8857846260071 48.7464475631714 48.4578342437744 48.5511419773102 48.4909157752991 48.6273491382599 48.2522857189178 48.3808908462524 48.4449636936188 48.388528585434
-9999 -9999 -9999 -9999 -9999 -9999 -9999 -9999 -9999 -9999 -9999 -9999 -9999 -9999 -9999 -9999 -9999 -9999 -9999 -9999 -9999 -9999 -9999 -9999 47.5994215011597 47.790319442749 47.9205570220947 48.0327925682068 48.087340593338 47.9390861988068 48.2833185195923 48.1335420608521 48.5083487033844 48.6916441917419 48.5382459163666 48.6958479881287 48.8310022354126 48.917781829834 49.0220723152161 48.9467000961304 48.4982371330261 48.4961326122284 48.4190948009491 48.3007638454437 48.5880901813507 48.4025444984436 48.2231302261353 48.4336016178131 48.26771068573
-9999 -9999 -9999 -9999 -9999 -9999 -9999 -9999 -9999 -9999 -9999 -9999 -9999 -9999 -9999 -9999 -9999 -9999 -9999 -9999 -9999 -9999 -9999 -9999 47.2422635555267 47.5661931037903 47.8876259326935 47.8090569972992 47.7500426769257 48.0876932144165 48.201455116272 48.0259959697723 48.4662013053894 48.3353970050812 48.4673748016357 48.4320158958435 48.8444936275482 48.9228043556213 48.899064540863 48.7029438018799 48.5145704746246 48.5421369075775 48.2674288749695 48.2997863292694 48.4767379760742 48.4928734302521 48.5197026729584 48.5267927646637 48.1228444576263
