data/train_2003/bio18_avg_2003-2018.asc
NCOLS 664 
NROWS 380 
XLLCORNER 3.91666666666667 
YLLCORNER 55.3333333333333 
CELLSIZE 0.0416666666666666 
NODATA_value -9999 
[rows 220 to 241 of 380, columns 588 to 636 of 664]
226.23810005188 225.095131874084 225.074647426605 225.054171562195 222.884789466858 223.966898441315 222.837483406067 222.818755626678 223.928127288818 225.059253692627 226.134324073792 227.26079416275 228.392593860626 228.417222976685 228.441842079163 227.37001991272 228.491095066071 228.515717983246 229.648694992065 228.564967632294 226.450713634491 223.241333961487 224.356510639191 221.147119045258 221.199674129486 221.218547344208 220.202118396759 221.317658424377 221.367220401764 220.348620891571 220.397448539734 222.587303638458 223.719186306 224.920640945435 223.871227741241 225.074904441833 225.152033805847 224.163599014282 226.380115509033 227.532248973846 229.806625366211 229.885141372681 228.828233242035 229.982428073883 230.092218875885 230.233793258667 233.653718471527 236.01889705658 232.88249874115
228.72385263443 226.563582897186 227.651623725891 225.411688327789 224.353833198547 223.22486782074 221.055715084076 221.045293807983 223.27293920517 224.348306655884 224.377323627472 226.621867179871 228.812239170074 229.95276594162 229.982281208038 230.011796951294 230.041310787201 228.959225654602 230.100339889526 227.922212123871 227.954708099365 224.721425533295 222.578727722168 221.522731304169 222.644040584564 221.558549880981 221.590068340302 220.50116443634 221.653106689453 220.617018699646 220.647802352905 220.678596019745 221.794398784637 222.983559608459 224.116605758667 224.178624153137 224.240647315979 224.302667140961 225.437247753143 226.57279253006 228.844345569611 228.908930301666 230.047993183136 228.974641799927 229.083717823029 229.237937927246 231.592953205109 231.747865200043 230.844507217407
228.02703332901 226.977844238281 225.860997200012 224.727769374847 224.719679355621 222.551121234894 224.703491687775 222.538666248322 221.440094947815 221.473513126373 222.621472835541 224.811726093292 225.960166454315 228.159885406494 228.19514465332 229.33439874649 230.483506202698 230.517740249634 230.551978588104 227.312085151672 226.22096824646 222.961310863495 221.881812572479 221.898349761963 220.795162677765 219.746574401855 220.847183227539 220.859925270081 219.790923595428 220.885412693024 219.772359371185 220.910904407501 222.068748474121 223.186517238617 222.165370464325 224.354382038116 223.332563877106 223.381246566772 223.42992401123 224.550271034241 226.80825138092 228.994653701782 229.04438829422 229.094127655029 229.20211315155 228.225764751434 228.390844345093 228.555923938751 229.800617218018
224.996704101562 223.959152698517 223.959911346436 222.834208011627 222.837317943573 223.96218252182 225.082332134247 225.080736637115 222.941049575806 224.096339702606 224.133351802826 223.058281421661 224.21470785141 227.530819416046 227.569352149963 227.607883453369 230.925699710846 229.859056472778 229.94642496109 227.762011528015 226.677791118622 224.496321678162 224.493539810181 223.395512104034 222.272483348846 220.084149837494 220.081038951874 220.077925205231 220.074816226959 220.071699619293 221.148509502411 222.271858215332 222.286668300629 224.526185512543 224.555707931519 224.591146945953 223.492376804352 224.596458435059 223.562873840332 224.665566921234 223.634598731995 225.805474758148 226.911336898804 225.875087738037 228.184619426727 228.290696144104 230.673464775085 230.85142993927 229.97051858902
224.294579982758 224.301832675934 223.195093631744 221.032957077026 219.912917137146 219.923016548157 221.056201934814 221.063947200775 220.048977851868 221.212241172791 221.253358840942 221.294482707977 221.342855453491 225.717270851135 226.88347196579 228.039249420166 228.082421302795 230.356807231903 228.168763160706 227.104669094086 225.994910240173 225.974593162537 225.954278945923 224.872511386871 224.788496494293 222.578552722931 221.464431762695 221.444176197052 223.638973712921 221.4036693573 223.595309257507 223.57347536087 224.650469303131 223.600874900818 224.687425613403 223.632273674011 223.652193546295 222.534952163696 223.692028045654 224.780860900879 224.800922870636 227.03192615509 228.116801738739 228.062156200409 230.37264585495 229.502133846283 228.619038105011 228.807990074158 228.996942996979
221.340952396393 221.251913547516 220.233121871948 220.249642372131 220.266163825989 218.124113082886 218.138706207275 218.153301715851 220.432775020599 219.356865406036 219.403663635254 221.695760726929 221.748589992523 223.959532737732 222.890470027924 226.229908943176 226.278864383698 227.453040599823 227.501903533936 226.439698219299 226.446921348572 224.22616147995 224.189292430878 225.213281154633 224.049313545227 224.012567996979 225.070203781128 225.030972480774 223.927073478699 223.887075901031 226.063192844391 226.021345615387 226.002984523773 226.008098602295 223.810293197632 223.80647277832 222.674183368683 222.678563594818 224.890595436096 224.896163463593 224.901724338531 224.907292842865 225.980485916138 227.048659324646 229.359194278717 228.498663425446 228.69966840744 228.900676727295 227.94923210144
222.665155410767 219.386468887329 219.40189743042 220.554403305054 218.398013591766 218.413153648376 218.428287982941 220.606951236725 219.60188293457 219.650093078613 219.702646255493 219.751883029938 220.929440498352 223.152292251587 223.203178882599 224.302976608276 225.483725547791 225.536315441132 227.832312107086 227.883763790131 226.78068447113 226.750644683838 225.591006755829 225.560290813446 226.590106010437 227.730389118195 227.627695083618 227.627108573914 227.591343402863 227.555578231812 226.45432806015 225.333003520966 227.469063282013 227.474863052368 227.480667591095 226.408715724945 225.274739742279 225.280978679657 226.360080718994 225.219688892365 226.369299888611 225.305941581726 225.312180519104 226.383120536804 226.485201358795 226.68473815918 226.884275913239 227.083814144135 225.065601825714
221.795010566711 220.770647525787 219.636559486389 218.523494243622 217.498634815216 218.633180141449 219.677263736725 219.687442779541 221.977402687073 222.02746295929 221.038668632507 221.090784549713 222.182567596436 223.363871097565 223.415209293365 223.392146110535 225.696969985962 224.63074016571 225.803112030029 225.856188297272 226.936987876892 228.06792640686 228.067956447601 228.067979812622 229.173410892487 230.273928165436 230.269052505493 228.104371070862 228.101005077362 228.097641944885 226.9545378685 225.884743213654 225.89374256134 228.067771434784 228.089517593384 227.029911518097 225.906498908997 225.928585529327 227.027177810669 227.047652721405 227.068127632141 228.237645626068 226.03901720047 226.061106681824 226.167862415314 227.426247596741 227.617222309113 226.733584403992 225.857065677643
222.041451454163 219.866292476654 217.715543270111 217.718892097473 218.848608493805 219.886008262634 219.890931606293 219.895862102509 223.22216796875 223.273953914642 223.418741703033 223.469804286957 223.520198345184 224.617748260498 223.539137363434 224.724484443665 224.777850627899 224.83122253418 226.017323493958 227.203807353973 228.297872543335 229.4426612854 230.605293273926 230.633277416229 231.718595027924 231.795225143433 229.577126502991 227.442264080048 226.328207492828 227.451783657074 226.382449150085 227.501270294189 227.533275604248 227.572552204132 228.761278152466 227.651111602783 228.757028102875 229.878351688385 229.916333198547 229.954311847687 228.924472332001 228.962161064148 228.999847888947 229.034044742584 228.076867580414 228.167761802673 227.27978515625 226.387066364288 225.490519046783
218.861381053925 218.862242221832 217.832444190979 216.801955223083 216.802130222321 217.833996772766 220.104603767395 220.104280471802 221.163074970245 223.483271598816 225.80154466629 225.852430820465 224.772052764893 224.824202537537 224.881509304047 224.935241222382 227.168672084808 228.349112510681 228.403371334076 229.593042850494 230.784652233124 230.842152118683 231.953038215637 229.843504428864 231.014662265778 231.072165966034 229.985686302185 227.878183364868 226.788944721222 229.092656612396 229.147681236267 228.052246570587 228.106714248657 229.315153598785 229.307203292847 228.272312641144 228.327514648438 229.468082904816 230.682052612305 230.737099647522 230.792147636414 229.682591438293 227.492692947388 227.546471118927 227.660459518433 226.762063503265 226.934331417084 226.030144691467 226.200487613678
219.100481987 220.248239517212 219.212621212006 219.206135749817 217.02276134491 218.048290252686 221.349212646484 222.485275268555 223.640685081482 224.830958366394 226.015564918518 224.930861473083 228.290254116058 228.343089580536 228.395915985107 229.584935188293 228.509145736694 230.74557352066 231.928379535675 230.935875415802 233.192183971405 231.10699224472 230.075221061707 229.021116256714 227.994550228119 228.141185760498 229.284400939941 227.16472864151 227.295196533203 228.48702955246 230.828267097473 229.758612155914 230.933791160583 233.164803504944 232.14121055603 232.212825298309 231.193892002106 231.289110183716 231.360174655914 233.585181236267 231.417792797089 229.232687473297 227.149812221527 228.289157867432 228.406760692596 226.420428752899 226.584367275238 225.670938491821 223.576618671417
219.339582920074 220.484760761261 219.445244789124 218.282361984253 217.24338722229 217.130392551422 220.428841590881 223.840553760529 224.993009567261 225.043576717377 226.22958278656 226.280702114105 228.504686355591 229.69376373291 229.745353221893 231.975397109985 230.89692735672 231.048182010651 232.146456718445 232.201846122742 231.160631656647 232.420132160187 231.488383769989 229.338817596436 229.455826282501 229.572832584381 230.802806377411 232.071122646332 232.187667369843 232.304218769073 232.420764446259 233.639451026917 233.741308689117 232.667130947113 232.754885196686 231.777053356171 230.695911884308 233.018169879913 232.038287162781 230.952442169189 231.037947654724 228.860898017883 226.791042804718 226.877361774445 225.817913532257 224.898326396942 223.969109535217 224.122158527374 223.194952964783
219.578682899475 218.406710624695 218.393584728241 219.661227226257 219.644588947296 220.65630531311 221.789553642273 222.906631469727 225.205626964569 225.256188392639 225.306751728058 227.528474807739 227.580933570862 228.772249698639 228.825381755829 228.878513813019 230.072517871857 228.992982387543 230.090438365936 232.333224773407 233.580206394196 233.72935628891 231.682618618011 231.85586643219 230.954611301422 233.273456096649 234.537149429321 234.682664394379 233.818654537201 232.805236339569 232.951304912567 233.097370624542 234.327762126923 233.369589805603 234.538857936859 234.571743011475 233.60799074173 231.43808889389 231.539535045624 230.547764778137 230.650732040405 230.75369310379 228.584523677826 223.184251308441 224.394180297852 222.276993751526 222.419132709503 222.561265945435 220.348560333252
218.656457901001 219.797916412354 218.752045154572 219.888777732849 219.867055892944 219.845333576202 220.976318359375 224.268583297729 224.281581401825 225.46880865097 226.657616615295 226.708971977234 227.789830684662 227.84462928772 229.040845394135 229.09642791748 229.152020454407 229.207608699799 232.582603931427 231.505498409271 231.621819019318 233.990295410156 233.123155593872 233.300405025482 234.632972717285 233.654904842377 232.779479503632 232.955067634583 234.245824337006 233.253486633301 232.313814640045 234.766533851624 233.742140293121 235.035982608795 233.982242107391 236.382383346558 235.323711872101 232.094758033752 233.394534111023 231.232652664185 231.351531505585 229.212136268616 228.235955238342 226.090068340302 226.215448379517 223.987292766571 220.431952953339 222.975295543671 222.460165977478
218.893078327179 220.031834125519 218.981947422028 221.141592979431 220.089523792267 220.062724590302 220.035925865173 221.163727283478 223.339886188507 224.529845714569 226.871637821198 226.923105716705 226.859671592712 228.056156635284 231.432171344757 232.631779670715 231.547556877136 231.605438232422 232.800675868988 234.004848003387 235.176584720612 236.535121440887 234.459899902344 234.779045581818 234.988262653351 235.197479248047 234.284371376038 233.397043704987 234.720588684082 236.040227413177 235.126915931702 235.330082416534 235.500661373138 235.638651371002 234.595919132233 234.732115268707 233.802399158478 233.937522411346 231.782726287842 231.917531490326 230.860856056213 229.922601222992 227.886083126068 225.726905345917 223.569359779358 221.409245014191 224.189146518707 223.354247093201 223.475811958313
218.106930732727 216.939388275146 216.909827709198 216.88027048111 218.012232303619 216.95645236969 217.950731754303 220.216359138489 220.225825786591 224.73916053772 225.944594860077 227.015155315399 227.069339752197 228.267687797546 230.500482082367 230.557688236237 230.723996162415 231.813855171204 233.018751144409 234.225715637207 235.410450935364 235.646998882294 237.040756702423 237.279840946198 235.343554019928 234.417815208435 233.604383945465 233.839016437531 234.022948265076 234.253175735474 234.483402729034 234.777561187744 233.790517807007 235.057253360748 233.034716129303 234.251905918121 233.216032505035 233.367958068848 232.451694965363 230.39398431778 231.650381088257 229.531761169434 229.680876255035 226.454641342163 222.746745586395 221.365741729736 224.311502933502 223.300829410553 222.751426696777
214.866848945618 214.834280490875 215.968340396881 217.100263595581 217.065551280975 219.334090232849 219.29820728302 219.262320041656 220.410771369934 222.648992538452 223.844259738922 225.041830062866 226.125946998596 228.479213237762 230.831391334534 230.88627243042 230.941152572632 232.02938079834 234.271035671234 234.328804969788 235.644311904907 234.773103713989 235.041291713715 235.309480190277 234.533092975616 233.668894767761 232.888261318207 235.331613540649 233.368446826935 233.629866123199 236.194812297821 234.213563919067 233.30801820755 234.538299560547 233.645204544067 233.813796520233 232.787358760834 232.954006671906 232.011335372925 230.978555679321 230.073709964752 229.033764839172 226.410907268524 223.519798278809 220.951942443848 224.102083683014 223.151908874512 223.792646884918 224.43314743042
212.93421792984 215.087196350098 214.027220249176 215.130013465881 217.280383110046 218.381888389587 219.507309436798 220.607032775879 220.613249778748 221.692243099213 224.050389289856 227.434322834015 227.488689422607 228.690744876862 228.746390342712 230.982791900635 232.18896818161 232.244896888733 233.454897880554 233.512105941772 233.686279296875 233.97741317749 235.43189239502 235.72597694397 234.884906768799 235.18071937561 235.476536750793 235.772345542908 236.144863128662 235.252864360809 235.541870117188 234.706132411957 233.815649986267 235.191143512726 233.059334754944 233.2419090271 232.308683395386 233.607049942017 232.676655292511 231.654188156128 227.707036018372 222.72239780426 228.269313335419 227.663935184479 226.327306747437 224.117799758911 224.201133728027 233.012266159058 246.899215698242
213.050067424774 211.844984531403 214.003852844238 216.284488201141 216.250563621521 218.527680397034 219.659837722778 219.623822689056 220.773714065552 223.012548446655 224.208380699158 225.406880378723 226.486093521118 227.69585609436 228.898614883423 228.951805591583 232.33834695816 232.39177942276 233.601459980011 234.687230110168 234.869324684143 233.001353740692 234.449948787689 234.756478786469 236.234952449799 235.369542598724 236.854100704193 234.850662231445 235.239093780518 235.543426036835 235.84775686264 236.152090072632 235.280393123627 234.421264648438 233.420746326447 231.435242652893 230.428318023682 229.506592750549 230.568491458893 224.925817012787 224.547138214111 227.185050964355 227.446235179901 227.48849105835 229.251898765564 232.400343418121 237.90478849411 250.37825012207 256.624642372131
212.897634506226 215.197803974152 215.180072784424 216.182386398315 218.479012489319 219.629231929779 220.754366874695 220.735147476196 222.937954902649 224.131667137146 223.156518936157 226.538238048553 227.744956016541 227.791702747345 231.172378063202 231.219284534454 232.421768188477 232.470022678375 233.546820640564 234.755219459534 236.079703807831 236.388065338135 236.696424007416 237.004786014557 236.273795127869 237.621498584747 236.795456409454 236.059497356415 236.367311000824 235.624708652496 235.930312156677 236.235911846161 235.29776096344 235.650351524353 233.538296699524 230.362737178802 230.571210861206 229.661699771881 227.724592208862 224.612306594849 228.897746086121 228.370012283325 226.345783233643 225.997345924377 225.079752922058 225.145175457001 227.29087972641 228.959928035736 231.243259906769
217.536415100098 218.551101207733 218.548384189606 219.691282749176 219.688676834106 222.000566482544 221.997081756592 221.993598461151 223.179652690887 225.393708705902 225.4387383461 226.644016265869 228.998070240021 232.375923633575 232.419006824493 232.462090969086 232.505180358887 232.548264980316 232.59134721756 233.795997619629 233.972755432129 236.456017971039 236.765686511993 234.900031089783 236.347577571869 236.697071552277 235.827299594879 236.136394500732 236.445484638214 236.754571437836 236.012861251831 237.372754096985 235.461300373077 234.488191127777 233.510905742645 232.674600601196 230.568709373474 230.790367126465 230.025259017944 224.94438791275 229.44419670105 228.308708190918 227.535458564758 225.716758728027 226.282243251801 225.123468875885 225.188086509705 224.169221878052 224.835795879364
220.875717639923 219.714728355408 220.899773597717 220.911808013916 222.070855140686 223.252086162567 223.263387203217 223.27467918396 223.299411773682 223.337562561035 226.71160697937 226.749794483185 226.783228397369 226.826162815094 228.021174430847 230.238592624664 230.276812076569 232.626508712769 233.826625347137 233.849650859833 236.212972164154 236.52396440506 238.006702423096 234.971801280975 237.495517730713 236.630340576172 236.942950248718 236.213282585144 236.523655414581 235.702956199646 234.819086074829 235.128070831299 235.403656959534 236.771071910858 237.012076377869 233.863179206848 234.101281642914 233.276040077209 232.392941951752 230.287961006165 225.084965229034 225.746811389923 229.088005542755 227.928271770477 227.089036464691 224.6391248703 225.304207324982 225.576560020447 225.034749507904
