data/train_2003/bio14_avg_2003-2018.asc
NCOLS 664 
NROWS 380 
XLLCORNER 3.91666666666667 
YLLCORNER 55.3333333333333 
CELLSIZE 0.0416666666666666 
NODATA_value -9999 
[rows 22 to 43 of 380, columns 392 to 440 of 664]
26.8776135444641 -9999 -9999 -9999 -9999 -9999 26.7931277751923 26.884496152401 26.8812052607536 23.7831902503967 25.5382636785507 25.9357880949974 23.0411412417889 21.899272531271 -9999 -9999 -9999 -9999 -9999 -9999 -9999 -9999 20.8937658667564 21.8651269078255 24.0669727325439 22.8542593121529 26.2508046030998 23.8452748656273 21.1728368997574 22.8828732967377 24.0369526743889 24.0778050422668 23.9814159870148 24.7175359725952 22.5383705496788 21.7984268665314 21.6724631786346 24.088619351387 24.5785123109818 26.2807523012161 28.481923699379 28.4454718828201 24.8438712954521 23.0718405842781 22.6524178385735 27.4710506796837 25.240764439106 24.2111134529114 21.3112424612045
-9999 -9999 -9999 24.6493781805038 25.7523019313812 26.1860647201538 25.0130785703659 27.840650677681 26.3088693022728 26.3754509687424 26.7411066889763 30.210969388485 26.8723719716072 23.2254005670547 -9999 -9999 -9999 -9999 -9999 -9999 -9999 -9999 -9999 22.3683443069458 23.5606401562691 23.7148280739784 25.7135660648346 25.7040998935699 24.6110951304436 22.0224170684814 24.5479019880295 26.846903860569 24.5887809991837 23.8482473492622 23.1189295649529 25.7772808670998 22.2157837152481 21.6627952456474 25.052036523819 26.3860342502594 28.3190144896507 29.5148500800133 29.0233908295631 30.1537672877312 28.2811257839203 28.9986242651939 26.7468385696411 24.1123250722885 20.770558655262
-9999 -9999 -9999 26.526097536087 28.6502892374992 28.1667050719261 25.8068717718124 26.5296683311462 27.2637411952019 28.1053893566132 29.0615687966347 26.7690436840057 23.0657203793526 24.0228781700134 23.7924471497536 -9999 -9999 -9999 -9999 -9999 -9999 -9999 -9999 -9999 20.9688595533371 21.5572625398636 24.5695404410362 21.3543358445168 22.9129314422607 23.8628287315369 24.4852861762047 24.4099076390266 24.7630923986435 26.8898401260376 27.9893592000008 28.2907133102417 26.9237931370735 24.1643674969673 22.8015803694725 27.099139213562 28.2319898605347 30.0286322832108 31.0233703255653 30.0601778030396 30.4071498513222 27.4887457489967 23.7575312852859 21.1851211190224 20.957935333252
-9999 -9999 -9999 28.680576980114 27.1425182819366 27.7655612230301 25.493175059557 26.7095988988876 28.082439661026 26.8994991183281 27.0298820734024 23.4608179926872 23.961105465889 26.7535061240196 26.2720596790314 22.9137967824936 20.5075125694275 -9999 -9999 -9999 -9999 -9999 -9999 -9999 -9999 20.5720028877258 20.0758838057518 -9999 23.4305216670036 24.4990354180336 25.625749707222 23.0704506635666 24.0099081993103 26.119389295578 28.8649597167969 27.9754745960236 25.519727408886 25.2739779949188 26.7068927288055 25.862502515316 23.5329397916794 23.0348500013351 23.2122500538826 23.7590551972389 27.0927133560181 27.7715912461281 25.675728559494 25.4898799657822 27.3716769218445
-9999 -9999 -9999 28.5651620030403 27.2694063782692 24.7060205638409 25.4061589837074 25.8079262375832 25.7840486764908 23.9060537517071 24.5351830422878 24.9732740521431 23.1320532560349 22.9120236039162 24.5917704105377 21.8761146366596 -9999 20.4625652432442 19.5698744356632 -9999 -9999 -9999 -9999 20.7349782586098 19.7909051179886 -9999 -9999 -9999 -9999 -9999 -9999 -9999 21.2005409598351 23.3655655384064 24.6600087285042 25.6426534056664 24.0364300012589 21.3012275099754 22.2500735521317 22.3587844371796 23.6929063200951 24.0889469981194 23.3144535422325 23.610229074955 24.8139699697495 26.9461340308189 27.4281350374222 24.715600669384 25.2089143395424
-9999 -9999 -9999 -9999 -9999 -9999 24.1195545196533 24.5437279045582 23.4674311280251 -9999 -9999 24.531206548214 26.3203940391541 24.971136868 21.4678957164288 21.0518649220467 20.8380888998508 19.9022265076637 19.3301137685776 19.1012568473816 19.1218751072884 -9999 20.6455807983875 21.3787098824978 20.4819049239159 21.8887198269367 21.9794808924198 20.8038359284401 19.5576540827751 18.8612059652805 -9999 19.7398801445961 21.0418781638145 21.4604905247688 20.4759923815727 19.4308378696442 22.0063865184784 23.2886887192726 24.3708441257477 24.5281755924225 24.7502710223198 23.6204557418823 21.6180627942085 21.3210969567299 21.8596019744873 21.9073517918587 22.1867660284042 21.9450061321259 20.9691895246506
26.1865395009518 24.4417098164558 -9999 -9999 -9999 -9999 -9999 -9999 21.8064723610878 22.050791233778 21.4693103730679 24.7003507912159 26.818136036396 27.4724856615067 25.135281264782 22.2405418157578 20.1668935716152 20.1827582120895 20.2737427055836 19.3279144763947 -9999 -9999 -9999 22.3802842199802 23.6229487061501 23.7700334787369 25.4284092783928 25.0713486671448 23.3183182477951 20.7032236456871 19.0872916579247 -9999 -9999 -9999 19.6419887542725 -9999 -9999 -9999 20.0890854597092 22.5245990753174 22.193933069706 20.9997053146362 19.8832760453224 23.4477332830429 24.7635437250137 24.7035986185074 24.2594054341316 24.8880422115326 24.4606339931488
27.9875956177711 25.9899796843529 24.3356527686119 -9999 -9999 -9999 -9999 -9999 21.9798457324505 22.4105437994003 20.997635871172 -9999 25.4815735518932 26.631676197052 25.4125625789165 23.9434339106083 20.9443808495998 19.7791241705418 20.1153090596199 19.7237198650837 -9999 -9999 20.9418003559113 21.5908090770245 21.2168245613575 21.8008568286896 24.4691414833069 25.3730297088623 25.0254158377647 24.6881530880928 21.6516819298267 19.4255811870098 -9999 19.1938098371029 19.7065694928169 18.9252616465092 18.8766937851906 18.6586834490299 20.810311794281 22.2517915964127 22.0221738219261 20.6600415706635 19.8292288780212 21.7143138051033 24.0520817041397 24.6829301118851 24.5056047439575 24.3331620693207 24.3560229539871
30.2226998806 28.5739289820194 26.330839663744 23.0851061046124 -9999 -9999 -9999 23.0944561958313 22.6256423294544 23.8100508451462 21.4868795573711 20.471203237772 22.434569299221 22.9841350018978 22.4441646337509 22.2918275594711 21.1487964391708 19.6091799736023 -9999 19.0172819793224 -9999 -9999 20.3442497253418 21.9571689963341 24.9645928740501 20.2479903995991 20.4742973446846 21.532802939415 24.4945595860481 24.4649746417999 24.214655995369 22.9137583971024 21.4299701750278 19.8176644146442 19.4245311915874 18.9886692464352 -9999 18.5740629136562 18.4863932728767 21.1946323513985 22.7220243215561 22.3750690817833 21.4579344987869 21.4160487055779 21.3085983991623 21.4241029620171 22.2083749771118 22.6794033050537 22.982681453228
33.0198870301247 30.1544732451439 26.5940234661102 23.16881108284 -9999 -9999 23.3565067946911 25.9329612255096 26.6464217603207 23.8810605406761 21.7045413851738 20.617084980011 22.3600173890591 22.0788628757 21.0663152933121 20.2974281013012 19.1042947471142 -9999 19.5023850500584 20.1774814128876 21.869915753603 20.6435016989708 18.9833569526672 21.0418102741241 24.5514335036278 23.4849181175232 21.7805654108524 19.8680750131607 20.8946991860867 22.5026716589928 23.3731367588043 23.8623894453049 22.9898052811623 21.6295457184315 21.071925252676 21.1522243022919 20.9339160323143 19.3556656837463 18.4106079638004 18.5927457213402 19.237809419632 20.0960069298744 21.4879370331764 24.0871059298515 24.852866590023 23.7816017270088 22.9078174829483 23.3828315138817 24.2109695672989
30.5648185610771 29.0300986766815 24.4649900197983 -9999 -9999 -9999 22.6816020011902 25.1004986763 27.4558991789818 25.6472022533417 23.7555750310421 21.0931777954102 22.0955119132996 22.0219694375992 22.2864093482494 20.4223572015762 18.727667838335 19.962861597538 21.21130245924 20.8024805784225 19.9017654955387 20.2508917748928 22.6296484768391 24.0685413479805 25.4088453650475 25.1157229542732 25.6808516979218 22.4405583441257 21.8209047615528 21.9636138379574 24.4168835282326 23.4565435349941 21.6794076859951 22.6980197429657 22.4943206310272 23.1337240338326 22.377970635891 20.6978349089622 20.1139797568321 18.825835108757 18.6479171812534 19.2853645980358 20.6476297974586 21.4534913897514 23.2322991490364 23.3471493124962 22.5702587366104 22.5174993276596 22.8011474013329
27.0426115393639 23.8240042030811 -9999 -9999 -9999 21.0467494130135 21.3017240166664 22.7085540294647 23.9304554462433 24.2771393358707 21.7653138637543 20.913392573595 22.9295200109482 23.5647090673447 23.9481652677059 23.2759943306446 21.3638069927692 19.5850981771946 19.1674722731113 20.197999984026 21.3175342679024 22.3595430254936 22.2914683520794 22.1053852140903 23.1599187552929 22.8640548288822 23.8377680182457 24.0248661935329 25.3172687888145 26.3198643922806 29.0872799158096 27.6990426182747 23.0622476935387 22.4657746255398 22.5213950872421 23.3445887863636 22.4547327160835 21.7753621339798 21.0153079032898 19.4528478384018 18.7933779358864 18.7912971377373 17.6654361486435 18.5231911540031 20.2744047939777 22.321602165699 23.0835314393044 23.9303966760635 23.5371645092964
26.0844797194004 22.6198494136333 -9999 -9999 -9999 20.949383109808 22.4099550247192 26.1618545651436 29.1872488260269 26.9154441356659 23.362945318222 21.9824570417404 24.0661170482635 24.3954084813595 26.2245083451271 25.944286942482 24.2185529470444 21.1837165355682 19.4380116760731 18.6142732203007 19.5570031404495 20.1609219908714 19.5784452855587 18.8640932440758 21.0573694705963 26.4980869889259 28.22064691782 28.6868391036987 28.793078660965 28.4279079437256 28.9262176156044 26.3244731426239 23.8781524598598 23.0811196565628 23.1114354729652 23.5864123702049 21.9678576588631 21.8839918076992 22.8224289417267 22.7689110636711 20.8674297332764 19.4191460907459 18.5746886432171 18.2779636979103 17.8119440674782 18.2277113497257 18.9533248245716 19.8426226079464 21.06342035532
24.8297673463821 -9999 20.9431521296501 -9999 -9999 20.9194311797619 22.8013857901096 26.2473331391811 26.3838355839252 28.4881075322628 25.837453275919 24.8870598375797 23.4926637113094 24.5584204494953 25.0641922950745 28.1297696828842 27.3423753082752 23.6788446903229 21.873439013958 19.9422547221184 22.3822791874409 23.4518164098263 21.6950625479221 19.0870777666569 19.0388844013214 22.6860680282116 26.0669751763344 26.151715695858 25.7428249120712 27.7997682094574 28.4124907255173 26.7886703014374 26.0688279271126 26.3937095403671 24.5297087430954 22.1855564117432 22.0258447527885 22.8841627240181 23.9178658723831 25.0040720701218 25.0911982059479 24.330421090126 22.7312620282173 21.5190602838993 21.1090721786022 20.8541679084301 20.1266077160835 20.4328778982162 19.5770593881607
22.7637478113174 21.7128391861916 21.1693734824657 -9999 -9999 22.8552108407021 26.964084982872 26.7795440554619 24.2870315313339 25.2763788402081 25.7537547647953 25.8651567697525 26.6250087618828 28.9061831235886 24.3081358671188 25.9419927597046 25.797455072403 24.7178592085838 22.7365871667862 21.423571407795 20.577211946249 23.1445133686066 23.8186371922493 20.0285731852055 18.7754488587379 19.5371446013451 23.1372495889664 24.8593812286854 25.3499948084354 25.4437803030014 26.8697865605354 28.3839871883392 29.5786192417145 26.8482174277306 24.1453227698803 22.3112416565418 24.1838565468788 24.3610302805901 25.1440779566765 25.2686283588409 25.5012913346291 26.5663751959801 26.2526018023491 25.319901227951 23.8822373151779 22.9561118483543 23.0199883580208 23.7396587133408 22.8379344344139
22.5649618506432 21.5589526593685 20.9590165019035 19.6332780718803 20.3305267691612 22.4540353417397 23.6573825180531 24.1827064156532 23.9294285476208 25.2625878453255 24.9000146389008 24.7700292766094 24.3661646842957 26.3798291087151 27.0698349475861 25.360949665308 24.7916757464409 22.6215751171112 24.4789742529392 22.7448438107967 22.3504012525082 27.5258027017117 25.3086241185665 19.9126827716827 18.5649819374084 18.9847336411476 23.293588578701 25.3582192361355 26.5797771811485 26.5407832860947 26.9204393029213 26.9254757165909 26.5956203341484 26.4513233304024 24.5946960747242 22.9581975638866 23.0706884860992 25.1963080763817 26.0641887784004 25.4984432458878 25.987242937088 26.3049387335777 26.0356368422508 26.1979318857193 26.2858128547668 25.0197997093201 23.2311607003212 23.6512394547462 23.4602093100548
20.845379114151 -9999 -9999 22.8476754724979 24.4377299249172 22.3813659846783 19.2342282831669 -9999 21.2430492937565 23.521202147007 25.7750028073788 27.2407910823822 28.7938686013222 26.8308081626892 27.5373332798481 26.118413567543 26.2634999752045 24.8953900933266 25.5951444506645 23.3939558267593 26.0374395251274 26.2990067899227 23.8929748237133 20.3367028534412 17.7104222178459 18.4513076245785 21.2413313388824 23.8647566139698 25.1470131576061 26.2373389005661 25.9077849388123 26.0246104001999 25.4009458422661 24.6243531107903 24.1327813863754 24.0600005090237 24.612322807312 24.423079252243 24.9013552069664 25.2169195413589 25.3814319968224 25.2747427821159 25.4452681541443 24.9605014920235 24.2512235641479 24.3992486596107 24.7622408866882 24.4814842939377 23.896681368351
19.1784479022026 -9999 20.7576653957367 24.5209409296513 25.1691461801529 22.1869722306728 19.6280234456062 21.5428421795368 19.4776005744934 20.8359132409096 20.7339843213558 21.3200662732124 21.1953690946102 22.7100211977959 25.4724655151367 26.7176249623299 26.5762720406055 26.2020964324474 25.3870586454868 24.7835159301758 25.0133886635303 25.3879019618034 26.0887938141823 24.4904496371746 21.8236768841743 20.0122089385986 19.4769989848137 18.6757777631283 20.7487672567368 23.8846434354782 25.0405723154545 24.9495645463467 24.9926559329033 24.678401440382 23.4039221405983 25.2287739515305 25.8119360804558 25.9440842866898 25.8318843841553 27.0492408275604 26.5105147957802 24.8398442268372 24.639369726181 24.8816211819649 24.2635654211044 23.7444153428078 24.1283811330795 23.9657412171364 23.2140299677849
-9999 19.4906737208366 22.4747514724731 27.0105851590633 27.3870021700859 22.4766452312469 19.661649107933 25.8728413581848 23.1187947690487 25.6285274624825 28.0275224149227 29.7356206178665 28.8795658648014 23.7411348521709 19.7151804864407 20.5256677865982 23.5052434802055 25.34700268507 25.4807689785957 24.858272254467 24.9172347784042 25.3438364863396 24.656150996685 23.7511715888977 22.9320573210716 23.9853090047836 22.5547830760479 19.0428411662579 18.2489313185215 18.4596967101097 21.2067974209785 22.9851434528828 23.5322383344173 23.2297835052013 22.3717534840107 22.9800979495049 24.1984021067619 24.5208881497383 25.295863032341 25.6485444903374 24.7376010417938 23.7492117881775 23.4105493426323 23.6766113042831 23.2244093418121 22.414073318243 22.6007529497147 22.662603199482 21.8936228752136
19.5315335392952 21.1704852283001 23.4251435995102 26.9598583579063 27.7390367090702 27.9885298609734 22.8942646980286 20.6874252557755 26.6032328605652 25.9680404365063 26.6387785971165 26.3303782939911 27.1787902414799 27.1248534917831 25.5965391397476 22.78513276577 18.7439094781876 22.1156032979488 24.7393171787262 24.8229286074638 24.1326657533646 24.0142129957676 23.0452689230442 22.4677710235119 21.7239133417606 21.4539049267769 21.7553898990154 21.6327713429928 21.6432462930679 20.4315417706966 18.9606763720512 18.8315278887749 20.1996896862984 20.5005906224251 20.991101950407 21.6106965839863 22.7471691966057 23.6284437179565 23.5563211739063 23.667522162199 23.4219987690449 22.5489251315594 22.205853164196 22.4420882761478 21.9513656497002 21.7141759097576 21.8196525275707 21.5348289310932 21.6647108197212
18.6115073859692 20.1588609814644 22.7232004404068 25.5022563934326 27.7478413283825 28.474159270525 24.1871572732925 19.4103977680206 23.3238227367401 26.9479922354221 27.7607408761978 28.0423799753189 28.0580548346043 27.8759335875511 26.3498989343643 25.6251391768456 23.8482950031757 20.8724845647812 22.9651868641376 25.0330444574356 25.6432935297489 24.3242993950844 23.3296650052071 22.4856416881084 21.6717872917652 22.5107216835022 23.8907162845135 23.7426883876324 23.005631506443 22.4027049839497 21.7129406034946 22.5051374435425 22.1419584751129 20.8354523777962 19.1731015145779 18.9406488537788 19.8164274990559 20.9408175051212 21.4976045191288 21.8208793997765 21.7603633701801 21.4272411465645 21.3427205681801 22.00348970294 22.1350220143795 22.1581754088402 22.5134931206703 22.3971193432808 22.541425049305
17.5793907046318 17.5124000310898 18.746175557375 22.0306558012962 26.5972436368465 29.9941278994083 27.7186528146267 25.1561942994595 23.8438142538071 23.1992078125477 24.3458277881145 25.4719922542572 26.7562504708767 26.4106973707676 25.9512055516243 25.1757596731186 24.7065965235233 24.5281966924667 23.5497699975967 22.5953009128571 22.9711084961891 22.626029074192 22.7856513261795 22.5669536292553 22.2390419244766 22.5736414790154 23.7034914791584 22.9337341487408 22.5420967042446 22.1464681923389 21.6157909035683 21.699271261692 21.8180051743984 21.4508838057518 21.1456803977489 20.513735294342 19.974478572607 19.2661435306072 19.205439209938 19.3313862085342 19.8089854121208 20.9062531292439 21.3383194506168 21.7516487538815 22.0669097602367 22.4211475253105 22.5504942536354 22.0935935676098 21.6589186787605
