data/train_2003/bio1_avg_2003-2018.asc
NCOLS 664 
NROWS 380 
XLLCORNER 3.91666666666667 
YLLCORNER 55.3333333333333 
CELLSIZE 0.0416666666666666 
NODATA_value -9999 
[rows 66 to 87 of 380, columns 245 to 293 of 664]
-9999 -9999 -9999 -9999 -9999 -9999 5.74482469260693 5.55686926841736 5.12181475758553 4.81716829538345 5.20422154664993 4.20644582808018 4.06387846171856 4.57281097769737 3.87024343013763 4.13679066300392 4.60568718612194 4.05894723534584 3.83811661601067 2.54393748193979 3.64126577228308 3.10342755913734 3.7175589799881 4.35483431816101 4.07441255450249 3.92940770089626 3.94673600792885 4.25834541022778 4.4564855992794 5.0592092871666 5.04519039392471 4.25757297873497 4.09537991881371 4.17277017235756 3.30966049432755 3.3012173473835 3.87210766971111 4.12949778139591 4.65434645116329 4.89241021871567 4.78123077750206 5.00310684740543 4.6594969779253 4.361303627491 4.85496553778648 -9999 5.17082093656063 5.07929430902004 4.58915650844574
6.06583684682846 6.11475360393524 -9999 -9999 5.40484036505222 4.70931467413902 5.60712252557278 5.39159673452377 4.82190452516079 4.0340456366539 4.23935337364674 3.72366113215685 3.28696882724762 3.79794327169657 4.29912136495113 3.59498250484467 2.51113797724247 2.86129343509674 3.07028220593929 3.66643041372299 4.3069135248661 4.98666512966156 4.35529790818691 3.74572601914406 4.03254805505276 4.18346866965294 4.85859969258308 4.99316197633743 5.27661244571209 5.27084708213806 5.25767995417118 5.05265818536282 4.84815929830074 4.87754528224468 4.39364847540855 4.31476546823978 4.38871602714062 4.84904339909554 5.09653364121914 -9999 -9999 -9999 -9999 -9999 -9999 -9999 5.16653263568878 4.90789498388767 4.96328516304493
5.83642974495888 5.31181837618351 4.81940400600433 5.42094089090824 4.87665669620037 4.22127895057201 4.70553421974182 4.6220832914114 4.5184942483902 4.26301051676273 3.99936012923717 3.8937097042799 4.03972594439983 4.52044367790222 4.33956795930862 2.72978554293513 3.47894860804081 4.13771231472492 4.36831639707088 4.83893771469593 4.99150358140469 4.71660727262497 4.75671862065792 4.57380421459675 4.83857254683971 5.03290408849716 -9999 5.49395082890987 5.63319753110409 5.39258313179016 -9999 -9999 -9999 -9999 5.24096985161304 5.1554249227047 5.16386987268925 -9999 -9999 -9999 -9999 -9999 -9999 -9999 -9999 -9999 -9999 -9999 4.89810828864574
5.45721197128296 5.12204100191593 4.78009352087975 5.23563985526562 4.70260182023048 4.66337366402149 4.16246788203716 3.87852597236633 3.68425076454878 4.18847550451756 3.87570016086102 4.21342493593693 4.66964960098267 5.00388963520527 4.79315041005611 4.11872999370098 4.2385717779398 4.20866593718529 4.4239616394043 4.90434700250626 4.74724747240543 4.82721081376076 5.04715828597546 5.05562055110931 -9999 -9999 -9999 -9999 6.0029770731926 -9999 -9999 -9999 6.39981603622437 -9999 5.45795774459839 -9999 -9999 -9999 -9999 -9999 -9999 -9999 -9999 5.19361752271652 4.75214689970016 4.76775966584682 4.94962258636951 -9999 5.44390359520912
6.0155765414238 5.85429030656815 4.87286531925201 4.65777023136616 4.6395740956068 4.23582696914673 4.08324667811394 4.63833314180374 4.66208606958389 4.79286679625511 4.83306837081909 5.1705117225647 5.22884811460972 -9999 4.45677068829536 4.79828506708145 4.67191603779793 4.93374145030975 5.312779083848 -9999 -9999 -9999 -9999 -9999 -9999 -9999 -9999 -9999 -9999 -9999 -9999 -9999 -9999 -9999 -9999 -9999 -9999 -9999 -9999 -9999 -9999 -9999 -9999 4.77628019452095 4.06188409030437 4.17615462839603 4.78445152938366 4.91932082176208 -9999
-9999 -9999 5.08736696839333 4.51118946075439 4.60398486256599 5.10198879241943 5.19632190465927 5.68098263442516 5.66891688108444 -9999 -9999 -9999 -9999 5.66483896970749 5.0470439940691 5.14580926299095 -9999 -9999 -9999 -9999 -9999 -9999 -9999 -9999 -9999 -9999 -9999 -9999 -9999 -9999 -9999 -9999 -9999 -9999 -9999 5.51885035634041 5.36404797434807 5.21591229736805 5.25749886035919 5.46606424450874 -9999 4.58659739792347 4.30123889446259 3.87693721055984 3.74995265901089 4.44363588094711 4.70828042924404 4.68768090009689 4.99804659187794
-9999 6.39179039001465 5.67217092216015 -9999 -9999 -9999 -9999 -9999 -9999 -9999 -9999 -9999 -9999 5.4991600215435 5.39877574145794 -9999 -9999 -9999 -9999 -9999 -9999 -9999 -9999 -9999 -9999 -9999 -9999 -9999 -9999 -9999 5.31997880339622 5.15379077196121 5.18370680510998 5.24362623691559 5.14275871217251 5.09633566439152 4.87043343484402 4.99647861719131 5.17956648766994 5.13284735381603 5.21083201467991 -9999 4.57805168628693 4.14827124774456 4.14552113413811 4.26200602948666 4.32282401621342 4.54426024854183 4.92929375171661
-9999 -9999 -9999 -9999 -9999 -9999 -9999 -9999 -9999 -9999 -9999 -9999 -9999 -9999 -9999 -9999 -9999 -9999 -9999 -9999 -9999 -9999 -9999 -9999 -9999 -9999 -9999 -9999 -9999 4.65083384513855 4.45686417818069 3.64682956039906 4.55584129691124 4.93082365393639 4.80369813740253 4.87920293211937 4.96599540114403 4.8549952507019 4.8496498465538 4.45084248483181 4.21517458558083 4.36968529224396 3.86323927342892 3.66649782657623 3.77758976817131 3.83301492035389 3.80710677802563 4.59032380580902 -9999
-9999 -9999 -9999 -9999 -9999 -9999 -9999 -9999 -9999 -9999 -9999 -9999 -9999 -9999 -9999 -9999 -9999 -9999 -9999 -9999 -9999 -9999 -9999 -9999 -9999 -9999 -9999 4.41577540338039 3.8175692409277 3.86045101284981 4.42966370284557 4.69088119268417 4.87252214550972 4.97966320812702 5.14222091436386 5.03275464475155 4.94893358647823 4.22728985548019 3.98245160281658 4.40099668502808 4.62802894413471 4.38372793793678 4.26809367537498 4.29162596166134 4.12265832722187 3.88485732674599 4.21918120980263 4.75058862566948 5.22928766906261
-9999 -9999 -9999 -9999 -9999 -9999 -9999 -9999 -9999 -9999 -9999 -9999 -9999 -9999 -9999 -9999 -9999 -9999 -9999 -9999 -9999 -9999 -9999 5.80290859937668 -9999 4.88703696429729 4.64013049006462 5.19185167551041 4.60445529222488 5.02605013549328 5.11232921481133 5.25184941291809 5.38125857710838 4.88830676674843 4.6325074583292 4.69880805909634 4.33653427660465 4.68753071129322 4.80090807378292 4.80026146769524 4.34750248491764 4.21714189648628 4.53278130292892 4.49408748745918 4.34989359974861 4.390366345644 4.29883912205696 4.33405110239983 4.25178462266922
-9999 -9999 -9999 -9999 -9999 -9999 -9999 -9999 -9999 -9999 -9999 -9999 -9999 -9999 -9999 -9999 -9999 -9999 -9999 -9999 5.47334468364716 5.26122854650021 4.87758454680443 5.1960933059454 5.48043529689312 4.96623572707176 4.52953623235226 5.11896942555904 5.50036907196045 -9999 5.40066823363304 5.4334565103054 5.40443941950798 5.22433105111122 5.07876633107662 4.8646103143692 4.77573218941689 5.12984006106853 3.2206146940589 4.20900715887547 4.64605924487114 4.4570199996233 4.52626715600491 4.45954886078835 4.18979552388191 3.59187532216311 3.48712188005447 3.39136844873428 3.42594826966524
-9999 -9999 -9999 -9999 -9999 -9999 -9999 -9999 -9999 -9999 -9999 -9999 -9999 -9999 -9999 6.04590120911598 -9999 5.95080786943436 -9999 5.49738125503063 5.12559205293655 4.73012122511864 4.50615797936916 4.45302791893482 4.65982149541378 4.88134729862213 5.14646250009537 5.34053184092045 5.70294946432114 -9999 -9999 4.69409158825874 4.39058332145214 4.07184359431267 4.50902979075909 2.91140133887529 3.27814988791943 3.15987559407949 1.88427947135642 1.96559565141797 3.46641902625561 4.45713625848293 3.83144603669643 3.01734365522861 3.26769732683897 3.08221758902073 2.80873791873455 2.6415916159749 2.98077861964703
-9999 -9999 -9999 -9999 -9999 -9999 -9999 -9999 -9999 -9999 -9999 -9999 -9999 -9999 -9999 -9999 5.69226035475731 5.50719997286797 5.34088960289955 5.08812093734741 4.95701876282692 4.83724349737167 4.85585628449917 4.83954586088657 4.48391260206699 4.86031058430672 5.13887858390808 4.2554968893528 3.91284066438675 4.38160471618176 3.81117951124907 3.4262542501092 3.86888694763184 4.08940379321575 2.8056452460587 2.03755325451493 3.11112804710865 2.58020276203752 2.18177760392427 2.35696200653911 2.92608948796988 4.07352243363857 3.27701102942228 2.50463843345642 2.43793254718184 1.7632266280707 1.3940207157284 1.35848141647875 1.50177563540637
-9999 -9999 -9999 -9999 -9999 -9999 -9999 -9999 -9999 -9999 -9999 -9999 -9999 -9999 -9999 5.63374044001102 4.7497079372406 5.23286293447018 5.22087912261486 4.58414897322655 4.30756843090057 4.22182497382164 4.69530469179153 4.42880512773991 4.67198969423771 4.67769582569599 3.914799913764 3.21321995556355 3.17961052060127 3.75956448167562 4.55701851844788 4.28286129236221 3.95125986635685 4.0015472471714 3.32516796886921 3.29162199050188 2.94507605582476 1.57269670814276 0.832817356102169 1.91749496385455 3.46606287360191 3.44279743731022 3.54853189736605 3.43693325668573 3.53333438187838 2.31773563846946 1.57480351533741 1.71403799438849 0.82827259041369
-9999 -9999 -9999 -9999 -9999 -9999 -9999 -9999 -9999 -9999 -9999 -9999 5.77607876062393 5.92942336201668 5.61367067694664 5.4279890358448 4.83979432284832 4.86773431301117 4.42289635539055 3.99155846238136 3.78522052615881 4.14354932308197 4.57887817919254 4.25604023039341 3.75536901503801 3.46853117644787 3.67335986346006 4.22735753655434 3.48369093984365 3.81848457455635 4.73781588673592 4.49995467066765 3.82369085401297 3.15252410620451 2.42152401059866 2.42069065570831 2.73852386325598 2.54685723781586 2.62002388387918 2.98519463837147 3.0363696962595 2.65221139788628 1.87155297002755 3.10622794181108 3.41540302336216 2.44457791745663 2.70275291055441 2.14909458346665 1.34026952646673
-9999 -9999 -9999 -9999 -9999 -9999 -9999 -9999 -9999 -9999 -9999 -9999 -9999 -9999 -9999 5.50907962024212 5.37189470231533 5.21063558757305 5.09544138610363 4.98617318272591 5.12375004589558 5.00680309534073 4.3452433347702 4.18622113764286 4.36858174204826 4.28623010218143 3.71100993454456 3.83372555673122 4.66327138245106 -9999 -9999 4.61128412187099 4.16240739822388 3.86251597106457 3.90138009190559 3.99384267628193 2.87880527228117 1.62524927034974 1.8707096001599 2.76956096291542 2.13250977173448 1.12129188422114 1.96407403703779 2.74385607987642 2.86713818460703 2.67342035472393 2.28520243987441 1.4464844558388 1.07343327440321
-9999 -9999 -9999 -9999 -9999 -9999 -9999 -9999 -9999 -9999 5.87717387080193 5.93970686197281 -9999 -9999 5.89813888072968 5.70870684087276 5.47204434871674 5.37855111062527 4.63826487958431 2.90177999436855 3.78163708746433 4.60590644180775 4.22817596793175 4.22377860546112 4.59113128483295 4.73015074431896 -9999 4.89083562791348 4.15144918859005 4.12605568766594 4.87001991271973 4.31328962743282 3.40820424258709 3.0567043274641 2.56559912487864 1.81119532528101 2.0048702256754 2.30532277002931 2.62277558073401 4.05601465702057 2.21987573988736 2.14348690770566 3.03126481175423 2.71537584066391 1.74348708614707 1.66409824043512 0.852209256961942 0.580153841525316 0.441598312929273
-9999 -9999 -9999 -9999 -9999 -9999 -9999 -9999 -9999 -9999 -9999 -9999 -9999 -9999 6.01969453692436 4.99380312860012 4.63089987635612 3.58053611218929 3.23406127095222 3.35126712173223 3.62571495771408 4.42248417437077 4.78205105662346 4.87390965223312 -9999 -9999 -9999 4.01698544621468 3.90275301039219 2.51661451905966 2.34129751101136 3.05525685846806 3.46358775347471 2.19577732495964 2.45592072233558 2.1767039578408 2.21356619521976 1.6501254318282 1.65622880868614 3.14843243360519 3.22930094599724 2.38033813983202 1.66729192435741 1.62878734990954 1.70761612290516 1.66427832469344 1.76077380264178 1.31643601134419 1.48259817622602
-9999 -9999 -9999 -9999 -9999 -9999 -9999 -9999 -9999 -9999 -9999 -9999 -9999 -9999 -9999 5.31729240715504 4.81574004888535 4.21168787777424 4.99763549864292 5.33163879811764 5.53036421537399 5.26440706849098 5.24975956976414 5.21265177428722 -9999 4.54718606173992 3.61355037242174 3.65763269364834 3.55165530741215 2.53027048334479 2.79096894338727 2.7000007070601 3.18169939517975 2.48339776694775 2.66059640794992 2.53029493615031 2.54982675984502 2.79869188740849 2.75689046084881 2.6916796118021 1.17822611797601 1.53177258186042 2.60231906175613 3.17853218317032 3.43307871371508 2.5372918844223 1.08967167045921 0.101884815492667 -0.573902041069232
-9999 -9999 -9999 -9999 -9999 -9999 -9999 -9999 -9999 -9999 -9999 -9999 6.84026163816452 6.83070033788681 6.28780570626259 -9999 -9999 -9999 -9999 -9999 -9999 4.64576461911201 4.47163480520248 5.19167158007622 5.24587509036064 5.25684928894043 5.02428197860718 3.9800590723753 4.00324276089668 4.25559315085411 4.0830751657486 4.19663447141647 3.69081100821495 3.30982793867588 2.40201169624925 1.72769540920854 1.30137904267758 2.409229490906 3.17957988381386 2.14705376513302 1.49081787653267 2.12437917292118 2.78501291573048 3.0169437751174 3.18020785599947 1.96597201284021 1.36790276132524 1.36283362284303 0.985764461103827
-9999 -9999 -9999 -9999 -9999 -9999 -9999 -9999 -9999 -9999 -9999 -9999 6.39162617921829 6.2512874007225 -9999 -9999 -9999 5.01121334731579 4.11575610935688 2.94585418701172 4.24082615971565 4.6178959608078 4.32721374928951 4.72242757678032 4.93453966081142 -9999 4.22786109149456 4.00653626024723 2.85224692523479 2.37941579148173 3.47175132483244 3.83858686685562 3.42942246794701 3.30025807023048 3.05359365791082 2.80889456346631 2.8302256166935 2.69260034710169 3.16725342720747 2.40723347663879 1.83307644550223 2.01107587106526 2.44134436920285 2.29452181607485 1.71717039868236 1.25215209834278 1.10346732824109 0.720282485708594 0.759264204651117
-9999 -9999 -9999 -9999 -9999 -9999 -9999 -9999 -9999 -9999 -9999 6.43851146101952 -9999 -9999 5.25105594098568 4.97649045288563 4.79538007080555 4.3123095780611 4.27352465689182 4.10157316923141 3.82853814214468 4.0422680079937 4.11496856808662 3.44461879134178 3.23342253267765 4.17470654845238 4.97019010782242 4.95488853752613 4.898362159729 3.74523840844631 4.25739255547523 4.16371323168278 4.06716372072697 3.89459018409252 3.74080060422421 2.88238918781281 2.35843122005463 1.89647124381736 1.45712533220649 1.21146881114691 1.33600161224604 1.5695344787091 1.44456717558205 1.61826675012708 1.81179953250103 1.39199894666672 0.855031774379313 0.565064612776041 0.222430730587803
