data/train_2003/bio19_avg_2003-2018.asc
NCOLS 664 
NROWS 380 
XLLCORNER 3.91666666666667 
YLLCORNER 55.3333333333333 
CELLSIZE 0.0416666666666666 
NODATA_value -9999 
[rows 198 to 219 of 380, columns 49 to 97 of 664]
-9999 -9999 -9999 -9999 -9999 -9999 -9999 -9999 -9999 -9999 -9999 -9999 -9999 -9999 -9999 -9999 -9999 -9999 -9999 -9999 -9999 -9999 443.735939025879 468.85915184021 476.691207885742 502.487358093262 529.809522628784 564.227884292603 561.490579605103 574.004753112793 577.460800170898 590.412971496582 599.553680419922 637.399621963501 651.203418731689 644.232372283936 611.048231124878 580.061668395996 561.115695953369 529.32848739624 571.928661346436 540.873905181885 496.267917633057 505.860864639282 466.927865982056 472.301259994507 464.045673370361 449.883010864258 433.812808990479
-9999 -9999 -9999 -9999 -9999 -9999 -9999 -9999 -9999 -9999 -9999 -9999 -9999 -9999 -9999 -9999 -9999 -9999 -9999 419.440116882324 439.415343284607 443.11296081543 456.693132400513 463.586490631104 473.847826004028 489.18662071228 521.234323501587 530.225492477417 547.655208587646 560.523965835571 577.346206665039 597.573839187622 581.706624984741 578.902376174927 575.513591766357 581.848260879517 565.572950363159 560.161193847656 574.038614273071 581.946981430054 549.679752349854 532.478841781616 508.268926620483 499.177381515503 489.985328674316 482.550975799561 461.729796409607 438.483625411987 423.996401786804
-9999 -9999 -9999 -9999 -9999 -9999 -9999 -9999 -9999 -9999 -9999 -9999 368.561979293823 -9999 372.559020996094 375.50417137146 -9999 -9999 -9999 424.271037101746 439.016695976257 451.215410232544 454.64931678772 464.580184936523 484.558181762695 501.579839706421 513.899307250977 536.891273498535 537.141525268555 561.590194702148 566.54539680481 582.690124511719 588.702030181885 592.56018447876 577.592426300049 563.95627784729 569.079139709473 580.549131393433 574.23424911499 585.509929656982 573.183610916138 568.483028411865 550.827026367188 525.819177627563 503.032871246338 470.28479385376 440.635814666748 416.512429237366 401.403710365295
-9999 -9999 -9999 -9999 -9999 -9999 -9999 -9999 -9999 -9999 -9999 374.761580467224 374.791466712952 -9999 -9999 -9999 389.769806861877 -9999 -9999 -9999 -9999 447.762149810791 455.369386672974 -9999 476.803928375244 516.168636322021 521.160007476807 560.518217086792 559.397853851318 565.347253799438 568.101301193237 580.164615631104 586.878190994263 580.367938995361 582.822957992554 596.486885070801 594.331983566284 581.935901641846 574.804609298706 553.405714035034 536.658248901367 528.093717575073 509.451858520508 482.723310470581 463.810796737671 453.906573295593 435.017839431763 414.633034706116 402.635471343994
-9999 -9999 -9999 -9999 -9999 -9999 -9999 -9999 -9999 -9999 382.783848762512 386.369938850403 381.916019439697 -9999 -9999 -9999 -9999 419.796810150146 422.195084571838 479.353084564209 497.854503631592 489.508123397827 493.911128997803 454.746269226074 492.101356506348 506.409219741821 529.374629974365 532.183032989502 528.336051940918 530.198747634888 537.614999771118 541.062671661377 545.631202697754 541.283296585083 557.531518936157 565.427473068237 565.615207672119 562.896099090576 530.302423477173 516.703685760498 504.44419670105 492.877025604248 483.388668060303 463.895238876343 433.99674987793 417.934053421021 398.115831375122 389.445474624634 389.900537490845
-9999 -9999 -9999 -9999 -9999 374.37424659729 364.6548204422 407.098101615906 430.063905715942 381.479491233826 392.088742256165 389.280543327332 -9999 -9999 -9999 434.251234054565 422.673151016235 467.89674949646 466.984535217285 473.593461990356 505.453624725342 501.711866378784 462.123357772827 442.578872680664 -9999 -9999 -9999 -9999 -9999 -9999 527.578426361084 530.179704666138 510.366170883179 524.532604217529 526.715156555176 553.172283172607 548.323238372803 533.458358764648 512.86660194397 485.590127944946 474.118255615234 469.590751647949 460.340881347656 439.904146194458 433.026738166809 416.970381736755 403.14524269104 390.277144432068 372.466530799866
-9999 -9999 -9999 -9999 397.55482006073 387.932897567749 374.915977478027 380.086066246033 389.337029457092 387.787803649902 -9999 -9999 -9999 -9999 411.942501068115 448.504013061523 443.074161529541 490.451093673706 501.740741729736 475.17523765564 465.054494857788 440.28179359436 446.341866493225 463.411916732788 489.235763549805 501.663940429688 490.930704116821 475.706827163696 462.973707199097 -9999 514.374935150146 531.965526580811 529.27915763855 516.674551010132 -9999 523.609729766846 480.099842071533 507.431871414185 493.055156707764 481.165498733521 469.243854522705 455.478038787842 445.137156486511 427.984642028809 421.981781005859 408.766198158264 409.009611129761 388.997693061829 381.101536750793
-9999 -9999 349.775429725647 347.625142097473 383.336778640747 414.775307655334 370.207882881165 413.151438713074 435.994396209717 445.156545639038 457.059947967529 434.878435134888 478.50227355957 541.003419876099 453.992855072021 453.946125030518 470.952119827271 507.710289001465 542.902717590332 508.862953186035 492.127298355103 481.019824981689 482.094858169556 494.705774307251 521.499046325684 510.001726150513 508.183168411255 478.276504516602 504.320749282837 523.48267364502 514.416542053223 519.109060287476 509.35040473938 485.592872619629 463.809740066528 513.796005249023 484.235261917114 441.055225372314 490.522430419922 487.151777267456 473.981382369995 458.754064559937 431.806662559509 423.712711334229 411.977929115295 410.66560459137 398.394430160522 385.175483703613 363.161135673523
-9999 363.585472106934 356.339252471924 349.098557472229 350.900664329529 -9999 390.682683944702 433.832717895508 510.828676223755 506.164747238159 505.464710235596 465.772233963013 495.219053268433 492.953197479248 492.098251342773 465.912103652954 497.010501861572 500.370391845703 512.003330230713 517.518608093262 532.877220153809 505.7958984375 502.820045471191 530.999643325806 542.772037506104 546.402746200562 527.108030319214 494.768396377563 494.464773178101 534.344150543213 540.999296188354 532.697629928589 520.892074584961 504.872604370117 500.718399047852 456.295233726501 475.220693588257 446.086698532104 430.53244304657 451.765554428101 405.616429328918 350.062184333801 419.85108757019 400.0076379776 358.476170539856 349.226570129395 364.990708351135 373.136326789856 352.445261001587
-9999 370.146803855896 371.030859947205 382.47412109375 371.368728637695 378.256731033325 434.582027435303 452.294757843018 471.18883895874 470.088468551636 470.634757995605 473.991128921509 472.500495910645 469.001110076904 469.955049514771 477.867963790894 485.482721328735 477.107372283936 479.076654434204 496.088068008423 492.600507736206 507.908679962158 516.634920120239 521.374948501587 536.155340194702 535.468606948853 522.329620361328 483.993282318115 506.678800582886 533.56897354126 532.893890380859 523.572973251343 520.855247497559 514.17352104187 497.893966674805 481.997121810913 465.493543624878 439.791434288025 432.120397567749 453.903141021729 419.297751426697 368.125583648682 379.304293632507 387.293473243713 404.898465156555 397.772535324097 358.040760993958 355.546182632446 396.743815422058
456.39087677002 397.307981491089 -9999 399.194942474365 -9999 397.496237754822 426.12343788147 450.002544403076 460.594215393066 473.07356262207 507.319856643677 519.617479324341 502.204584121704 496.600313186646 484.337650299072 488.039196014404 482.961059570312 466.382316589355 474.175848007202 483.71134185791 464.320379257202 470.529056549072 509.92932510376 535.835216522217 543.817554473877 536.121923446655 518.370195388794 519.292707443237 508.919898986816 524.811113357544 552.408344268799 525.813041687012 513.065814971924 520.280860900879 511.847129821777 504.168363571167 484.995649337769 435.813982009888 428.706488609314 461.040681838989 407.574020385742 437.29564666748 417.245038032532 370.437774658203 392.906530380249 424.111117362976 405.961579322815 408.033542633057 386.959085464478
421.061882972717 -9999 459.277334213257 495.296829223633 503.902095794678 487.680822372437 478.860315322876 477.698816299438 475.733203887939 497.673042297363 527.480857849121 527.949903488159 532.478818893433 527.086000442505 517.882886886597 523.452535629272 542.27366065979 512.206357955933 501.62654876709 481.729166030884 534.821300506592 525.078935623169 453.049268722534 485.334661483765 503.520162582397 529.618650436401 537.808809280396 549.047973632812 536.914041519165 537.101243972778 527.891937255859 523.833152770996 515.386768341064 518.894681930542 511.236707687378 490.118539810181 477.632320404053 468.415895462036 471.413623809814 483.130619049072 438.132555007935 440.213164329529 451.855703353882 426.06648349762 371.0237159729 350.049615859985 342.215496063232 344.763604164124 348.590250015259
529.854410171509 457.21363067627 -9999 466.135431289673 572.361436843872 534.209167480469 502.384765625 506.706331253052 492.541421890259 476.482397079468 522.425952911377 529.607309341431 546.93328666687 540.203887939453 525.714723587036 533.858108520508 525.724393844604 536.055055618286 538.379642486572 535.818450927734 536.040344238281 531.841695785522 464.742832183838 469.385454177856 494.580526351929 504.615859985352 538.48907661438 534.135004043579 532.544658660889 521.911441802979 518.573823928833 526.186563491821 508.098695755005 508.805908203125 494.647165298462 492.916088104248 507.031949996948 476.050779342651 479.325876235962 457.07133102417 441.987977981567 436.376822471619 429.344431877136 431.492841720581 421.977417945862 393.204188346863 391.851734161377 387.199580192566 338.296713829041
492.933330535889 517.854562759399 464.876537322998 462.47869682312 -9999 494.585809707642 553.307378768921 531.030305862427 577.066474914551 546.527368545532 540.296943664551 552.601308822632 586.483879089355 553.626401901245 542.936883926392 531.998327255249 546.264715194702 546.133407592773 541.01802444458 533.970722198486 509.60125541687 516.159227371216 484.296712875366 425.806122779846 526.250358581543 543.477191925049 504.132499694824 512.546552658081 527.492176055908 537.452966690063 522.481184005737 518.385656356812 513.14729309082 489.864196777344 485.556594848633 488.496341705322 490.73365020752 474.99298286438 457.749591827393 451.442150115967 435.304671287537 446.041265487671 441.468405723572 443.250288009644 401.231635093689 398.440674781799 372.961814880371 362.900274276733 323.231323242188
501.487627029419 497.091693878174 476.839933395386 547.429782867432 579.140110015869 585.190420150757 597.919261932373 578.078784942627 638.037147521973 586.893556594849 570.868284225464 565.745513916016 614.396852493286 609.32336807251 575.840667724609 548.629894256592 542.22466468811 553.744682312012 523.273366928101 540.145555496216 548.497392654419 551.155429840088 491.814447402954 463.449594497681 476.821786880493 496.541017532349 477.638725280762 501.819744110107 520.358257293701 527.364332199097 489.642938613892 457.269872665405 433.700899124146 460.569856643677 487.171632766724 469.36270904541 463.790475845337 453.921617507935 435.808212280273 436.524443626404 432.854132652283 445.616851806641 435.189927101135 438.768957138062 419.531326293945 417.699122428894 391.742610931396 371.508414268494 355.068671226501
626.628217697144 648.669618606567 623.175371170044 593.084047317505 576.383819580078 614.283151626587 622.232456207275 590.068748474121 647.460781097412 613.653966903687 579.220470428467 582.847883224487 586.025405883789 587.303434371948 643.535226821899 590.029075622559 550.03440284729 546.36483001709 587.207324981689 568.909379959106 533.995779037476 497.379560470581 502.454593658447 517.224449157715 470.529272079468 418.457350730896 521.459589004517 499.290996551514 454.704036712646 442.173913955688 425.754952430725 495.714790344238 479.594295501709 426.027461051941 454.429954528809 490.468614578247 482.482889175415 467.345682144165 459.343057632446 456.6705493927 452.571975708008 439.777626037598 412.00640296936 400.587182044983 383.322720527649 387.490375518799 392.14608001709 370.587564468384 309.412667274475
542.371324539185 599.099426269531 626.479486465454 629.714750289917 633.457094192505 612.541011810303 612.305244445801 596.261636734009 595.581140518188 617.651002883911 613.588972091675 606.669101715088 610.395315170288 595.287973403931 573.644090652466 578.01575088501 594.342058181763 626.773488998413 580.419473648071 565.933488845825 543.362468719482 548.011262893677 500.811542510986 558.784948348999 518.730449676514 417.951885223389 543.870225906372 519.262100219727 477.620977401733 510.256547927856 479.915908813477 481.96527671814 492.951814651489 489.82374382019 423.476426124573 444.148325920105 463.166288375854 467.28045463562 483.435457229614 476.464427947998 465.564584732056 480.479164123535 447.200660705566 435.343263626099 411.749088287354 372.672215461731 343.038877487183 341.538873672485 349.858112335205
567.476593017578 560.75378036499 575.567359924316 584.11732673645 591.396137237549 596.045093536377 596.584438323975 629.70690536499 623.337417602539 596.12886428833 602.285959243774 616.177843093872 603.849422454834 571.401521682739 572.116304397583 610.739780426025 555.811515808105 551.48032951355 561.370000839233 595.964088439941 545.633605957031 577.493658065796 536.708341598511 540.388347625732 523.959056854248 423.235466003418 534.613422393799 529.599662780762 488.988700866699 547.508010864258 511.8420753479 533.221559524536 487.380252838135 482.916128158569 473.082191467285 452.135791778564 449.246520996094 431.708634376526 421.578760147095 416.007533073425 454.848297119141 466.81785774231 457.72034072876 439.605183601379 411.668756484985 432.912722587585 411.424724578857 399.442440986633 414.875956535339
628.147333145142 553.747116088867 594.230581283569 609.47061920166 617.742914199829 611.519233703613 594.226861953735 603.878366470337 588.749410629272 609.359594345093 598.370452880859 597.635381698608 638.851732254028 607.230920791626 566.294013977051 566.0442943573 585.109800338745 596.338031768799 544.245733261108 589.261152267456 544.164873123169 600.435596466064 544.804029464722 487.741775512695 490.865180969238 525.587820053101 542.657470703125 537.145580291748 520.165561676025 506.254079818726 534.169973373413 541.663112640381 506.466831207275 497.630714416504 452.715929031372 451.05740737915 479.223012924194 463.125183105469 487.563600540161 452.496646881104 487.371448516846 433.202180862427 419.938349723816 434.617127418518 410.077773094177 431.549080848694 417.12211227417 414.333158493042 401.816778182983
642.409109115601 624.261520385742 620.008394241333 607.340957641602 616.441444396973 629.645154953003 608.240856170654 642.623081207275 642.333744049072 620.701780319214 674.033180236816 595.573705673218 587.272872924805 559.882308959961 565.291166305542 568.49328994751 619.38099861145 624.478332519531 538.830282211304 552.615242004395 570.451419830322 510.650032043457 498.602825164795 529.661437988281 490.178874969482 517.251001358032 507.79899597168 462.217506408691 475.634338378906 438.234781265259 497.334112167358 510.250728607178 530.303625106812 500.826318740845 464.546377182007 490.285251617432 472.240293502808 483.182355880737 479.130977630615 462.480192184448 448.67858505249 457.750904083252 409.644924163818 393.057371139526 398.800269126892 396.019665718079 412.238375663757 404.116371154785 404.697194099426
727.286962509155 680.858390808105 614.620492935181 633.362028121948 685.181768417358 608.915176391602 614.111602783203 588.313495635986 573.409433364868 600.643671035767 606.402849197388 580.574647903442 590.49066734314 603.142850875854 665.474702835083 633.78540802002 594.536731719971 593.405256271362 573.634613037109 511.338869094849 504.736175537109 537.252021789551 512.153577804565 495.326410293579 549.507411956787 531.156791687012 513.050304412842 539.301414489746 558.2756690979 520.095834732056 469.953294754028 498.6031665802 511.376878738403 490.482391357422 478.305227279663 473.254369735718 452.382984161377 454.752976417542 447.960481643677 469.586915969849 462.623466491699 432.42157459259 422.065748214722 418.468134880066 364.430909156799 396.484062194824 388.360599517822 385.582104682922 385.270547866821
731.502992630005 677.003810882568 657.221813201904 673.350526809692 702.685174942017 665.995792388916 690.624393463135 704.138948440552 649.881875991821 602.055128097534 610.606294631958 602.76312828064 628.859439849854 588.157833099365 545.59806060791 590.616477966309 527.975021362305 521.295063018799 517.639614105225 514.641166687012 563.717895507812 596.971078872681 559.429882049561 503.015090942383 525.748731613159 503.390729904175 554.31459236145 556.472826004028 529.34132194519 538.249307632446 529.832101821899 507.021368026733 492.906558990479 494.657190322876 477.167793273926 458.645713806152 447.906782150269 432.121777534485 409.09496307373 403.122808456421 396.770855903625 392.122087478638 363.139636039734 353.746225357056 334.434388160706 313.441004753113 351.986559867859 362.245915412903 368.691155433655
