data/train_2003/bio16_avg_2003-2018.asc
NCOLS 664 
NROWS 380 
XLLCORNER 3.91666666666667 
YLLCORNER 55.3333333333333 
CELLSIZE 0.0416666666666666 
NODATA_value -9999 
[rows 0 to 21 of 380, columns 588 to 636 of 664]
-9999 -9999 -9999 -9999 -9999 -9999 -9999 -9999 -9999 -9999 -9999 -9999 -9999 -9999 -9999 -9999 -9999 -9999 -9999 -9999 -9999 -9999 -9999 -9999 -9999 -9999 -9999 -9999 -9999 -9999 -9999 -9999 -9999 -9999 -9999 -9999 -9999 -9999 -9999 -9999 -9999 -9999 -9999 -9999 -9999 -9999 -9999 -9999 -9999
-9999 -9999 -9999 -9999 -9999 -9999 -9999 -9999 -9999 -9999 -9999 -9999 -9999 -9999 -9999 -9999 -9999 -9999 -9999 -9999 -9999 -9999 -9999 -9999 -9999 -9999 -9999 -9999 -9999 -9999 -9999 -9999 -9999 -9999 -9999 -9999 -9999 -9999 -9999 -9999 -9999 -9999 -9999 -9999 -9999 -9999 -9999 -9999 -9999
-9999 -9999 -9999 -9999 -9999 -9999 -9999 -9999 -9999 -9999 -9999 -9999 -9999 -9999 -9999 -9999 -9999 -9999 -9999 -9999 -9999 -9999 -9999 -9999 -9999 -9999 -9999 -9999 -9999 -9999 -9999 -9999 -9999 -9999 -9999 -9999 -9999 -9999 -9999 -9999 -9999 -9999 -9999 -9999 -9999 -9999 -9999 -9999 -9999
-9999 -9999 -9999 -9999 -9999 -9999 -9999 -9999 -9999 -9999 -9999 -9999 -9999 -9999 -9999 -9999 -9999 -9999 -9999 -9999 -9999 -9999 -9999 -9999 -9999 -9999 -9999 -9999 -9999 -9999 -9999 -9999 -9999 -9999 -9999 -9999 -9999 -9999 -9999 -9999 -9999 -9999 -9999 -9999 -9999 -9999 -9999 -9999 -9999
196.370008468628 196.994613647461 191.702667236328 -9999 -9999 -9999 -9999 -9999 -9999 -9999 -9999 -9999 -9999 -9999 -9999 -9999 -9999 -9999 -9999 -9999 -9999 -9999 -9999 -9999 -9999 -9999 -9999 -9999 -9999 -9999 -9999 -9999 -9999 -9999 -9999 -9999 -9999 -9999 -9999 -9999 -9999 -9999 -9999 -9999 -9999 -9999 -9999 -9999 -9999
213.652390480042 208.122267723083 194.157602310181 -9999 -9999 -9999 -9999 -9999 -9999 -9999 -9999 -9999 -9999 -9999 -9999 -9999 -9999 -9999 -9999 -9999 -9999 -9999 -9999 -9999 -9999 -9999 -9999 -9999 -9999 -9999 -9999 -9999 -9999 -9999 -9999 -9999 -9999 -9999 -9999 -9999 -9999 -9999 -9999 -9999 -9999 -9999 -9999 -9999 -9999
199.485587120056 191.691984176636 -9999 -9999 -9999 -9999 -9999 -9999 -9999 -9999 -9999 197.049653053284 195.791747093201 189.960905075073 -9999 -9999 -9999 -9999 -9999 -9999 -9999 -9999 -9999 -9999 -9999 -9999 -9999 -9999 -9999 -9999 -9999 -9999 -9999 -9999 -9999 -9999 -9999 -9999 -9999 -9999 -9999 -9999 -9999 -9999 -9999 -9999 -9999 -9999 -9999
186.286294937134 -9999 -9999 -9999 -9999 -9999 -9999 197.918423652649 199.385478973389 200.870261192322 199.310388565063 198.125359535217 199.618379592896 197.743195533752 195.655673980713 193.525527954102 198.065711975098 204.774099349976 203.305171012878 196.113580703735 190.098146438599 -9999 -9999 -9999 -9999 -9999 -9999 -9999 -9999 -9999 -9999 -9999 -9999 -9999 -9999 -9999 -9999 -9999 -9999 -9999 -9999 -9999 -9999 -9999 -9999 -9999 -9999 -9999 -9999
-9999 -9999 -9999 -9999 -9999 -9999 196.556325912476 199.914468765259 198.692372322083 198.592777252197 200.623571395874 203.080944061279 206.034328460693 206.578819274902 207.147957801819 213.625843048096 216.912124633789 220.966356277466 215.676205635071 210.779700279236 197.654539108276 -9999 -9999 -9999 -9999 -9999 -9999 -9999 -9999 -9999 -9999 -9999 -9999 -9999 -9999 -9999 -9999 -9999 -9999 -9999 -9999 -9999 -9999 -9999 -9999 -9999 -9999 -9999 -9999
-9999 -9999 -9999 -9999 197.822768211365 204.014381408691 197.872458457947 200.069519996643 201.613236427307 205.184551239014 207.930488586426 208.397666931152 218.485252380371 223.683045387268 224.486077308655 232.40319442749 227.011519432068 221.108597755432 212.54979801178 208.535323143005 205.849829673767 200.566524505615 197.86033821106 -9999 -9999 -9999 -9999 -9999 -9999 -9999 -9999 -9999 -9999 -9999 -9999 -9999 -9999 -9999 -9999 -9999 -9999 -9999 -9999 -9999 -9999 -9999 -9999 -9999 -9999
-9999 -9999 195.06115436554 206.818752288818 213.971576690674 222.633746147156 220.23824596405 209.855060577393 206.179090499878 210.118427276611 216.386141777039 221.78457069397 225.580290794373 224.837122917175 218.927077293396 216.450165748596 214.475594520569 211.589631080627 205.786757469177 201.119152069092 198.008445739746 194.204321861267 193.850455284119 195.91309928894 -9999 -9999 198.189403533936 201.374296188354 -9999 229.208513259888 235.155184745789 218.69740486145 212.748372077942 -9999 -9999 -9999 -9999 -9999 -9999 -9999 -9999 -9999 -9999 -9999 -9999 -9999 -9999 -9999 -9999
-9999 -9999 190.188037872314 196.789276123047 194.960796356201 197.747513771057 203.11173915863 207.778991699219 209.481071472168 217.853378295898 222.924349784851 224.318382263184 221.12902545929 213.725030899048 209.498443603516 207.556458473206 206.826800346375 204.701276779175 205.194700241089 203.363527297974 200.171019554138 196.864733695984 208.633418083191 214.662957191467 225.252358436584 217.984484672546 217.838871002197 225.162879943848 228.620496749878 242.41178894043 247.431056976318 241.664518356323 223.809637069702 205.507124900818 -9999 219.267890930176 230.725365638733 242.373202323914 239.868379592896 231.896182060242 228.265164375305 224.801093101501 215.645733833313 -9999 -9999 -9999 -9999 -9999 -9999
-9999 193.404488563538 200.376976966858 216.20892906189 217.126303672791 204.069446563721 202.188047409058 203.871134757996 204.805478096008 211.902870178223 218.400147438049 219.284836769104 214.120493888855 210.777621269226 208.470167160034 210.047005653381 207.575615882874 201.437181472778 201.521824836731 204.480175971985 209.383979797363 220.451943397522 228.144106864929 229.858788490295 225.316980361938 230.756281852722 230.934498786926 229.506249427795 231.774990081787 230.263922691345 226.774505615234 219.305048942566 209.178330421448 215.769762992859 231.758882522583 234.605793952942 237.306900024414 235.326680183411 231.818608283997 238.440773010254 239.335377693176 235.433694839478 230.500887870789 225.663628578186 218.247869491577 -9999 -9999 -9999 -9999
204.814654350281 197.373893737793 207.020108222961 214.977025032043 219.216735839844 217.015771865845 218.878728866577 219.601954460144 215.738920211792 209.430347442627 219.365313529968 226.676519393921 224.584181785583 216.174279212952 207.234272956848 203.113354682922 202.576413154602 205.797763824463 212.279638290405 217.894116401672 222.731846809387 229.45389175415 230.868808746338 232.644968032837 230.246166229248 234.532858848572 234.198298454285 231.983871459961 225.17555141449 215.125979423523 213.045257568359 214.207246780396 219.501487731934 228.599736213684 237.080580711365 240.994877815247 239.877853393555 233.979321479797 236.134248733521 244.910797119141 238.590478897095 233.688459396362 227.370561599731 227.043888092041 227.631309509277 212.839468955994 -9999 -9999 -9999
210.282956123352 223.886569976807 217.854646682739 219.722422599792 223.142377853394 226.549589157104 227.448714256287 226.69313621521 229.804259300232 223.011778831482 222.336186408997 222.178824424744 216.219304084778 202.882369041443 202.147940635681 201.788131713867 203.976588249207 208.703435897827 212.726508140564 224.696489334106 228.347497940063 230.471735954285 230.455770492554 228.219534873962 230.43231010437 232.130784988403 226.156529426575 220.695470809937 216.933773040771 216.710344314575 218.003074645996 222.917174339294 234.799744606018 244.125589370728 247.094123840332 238.816867828369 231.063767433167 226.050374984741 221.918067932129 223.726917266846 229.634377479553 220.370632171631 213.642858505249 211.733337402344 212.15646648407 -9999 -9999 213.685005187988 214.884656906128
186.380646705627 198.532758712769 208.849373817444 206.201759338379 211.565601348877 222.484037399292 227.364507675171 228.627493858337 234.833686828613 236.198283195496 238.185314178467 229.688472747803 218.935872077942 214.772378921509 210.354056358337 203.533613204956 203.775468826294 208.640061378479 212.059750556946 217.191048622131 220.587446212769 218.984254837036 217.021286964417 217.175897598267 221.273019790649 226.667777061462 225.276870727539 220.585241317749 221.175552368164 219.524886131287 220.589994430542 222.014042854309 225.577960014343 227.745788574219 223.786098480225 217.571632385254 216.960897445679 220.123873710632 221.063757896423 216.532101631165 212.134171485901 218.83546257019 233.881000518799 237.039998054504 237.23212146759 232.003412246704 224.124384880066 221.713136672974 222.892342567444
178.061734199524 176.336811065674 194.319452285767 195.859254837036 196.371483802795 196.122460365295 198.419280052185 206.045137405396 208.926579475403 208.983947753906 208.388897895813 206.388067245483 207.965905189514 206.34766292572 203.648568153381 204.406254768372 209.292581558228 213.371487617493 212.852579116821 210.346011161804 217.820599555969 218.25673866272 219.50294303894 221.844650268555 229.682580947876 233.135241508484 231.764660835266 232.081281661987 230.859264373779 226.820097923279 225.067613601685 227.813129425049 225.371750831604 224.800459861755 222.535440444946 219.774969100952 227.712489128113 232.606032371521 234.6461353302 230.711937904358 218.685838699341 225.467292785645 238.481104850769 241.026132583618 239.974625587463 236.54906463623 234.02175617218 225.073041915894 228.731115341187
190.357235908508 179.527183532715 180.152112007141 183.491080284119 187.684687614441 191.546631813049 193.160817146301 193.201539039612 195.598664283752 200.042209625244 200.799085617065 201.757164001465 201.941834449768 204.425309181213 207.012156486511 211.755011558533 212.791295051575 212.235885620117 208.915686607361 212.420053482056 219.386827468872 217.498746871948 216.577980995178 224.465167999268 228.878403663635 231.794434547424 231.355886459351 232.952548027039 231.679075241089 226.712280273438 229.654837608337 236.895740509033 238.410627365112 232.653338432312 232.666285514832 237.218021392822 235.464612007141 229.981279373169 225.585670471191 224.95825958252 223.697888374329 225.319013595581 234.444887161255 235.417439460754 230.280011177063 226.057096481323 226.843265533447 225.23091506958 223.270299911499
188.074538230896 190.005584716797 194.159844398499 191.749929428101 189.752998352051 195.339031219482 202.259062767029 206.21388053894 204.86582660675 206.625730514526 212.544927597046 215.771375656128 217.661812782288 216.887244224548 213.515422821045 212.480121612549 211.138372421265 208.226915359497 207.110199928284 206.876933097839 209.197180747986 210.934136390686 212.885575294495 213.088333129883 219.826979637146 232.390480995178 241.392578125 236.774264335632 229.133533477783 227.229888916016 231.149101257324 236.559071540833 235.107875823975 231.782201766968 232.289199829102 231.516584396362 232.755519866943 233.52953338623 230.600225448608 231.177963256836 225.926726341248 222.5368309021 221.246256828308 221.639212608337 222.139422416687 231.907201766968 239.85174369812 237.584822654724 230.899182319641
187.040169715881 195.47700214386 200.561836242676 201.65453338623 202.363930702209 197.831070899963 203.502686500549 209.488059997559 212.423003196716 216.436447143555 217.818041801453 216.539677619934 214.308704376221 212.142038345337 209.216559410095 209.141887664795 208.496088027954 205.664468765259 202.810688972473 203.32400894165 204.16783618927 206.817009925842 209.256680488586 213.078674316406 215.647764205933 223.695805549622 233.558043479919 243.902209281921 244.057706832886 240.453039169312 231.66733455658 230.882751464844 232.785640716553 227.424556732178 225.398740768433 224.59644317627 222.390604019165 220.580339431763 221.576890945435 221.222624778748 222.795340538025 224.951045036316 223.412886619568 221.200657844543 220.925300598145 219.831524848938 222.862201690674 220.765550613403 218.254222869873
185.910041809082 198.397532463074 199.282608032227 194.701821327209 196.030644416809 202.254215240479 205.747597694397 204.138596534729 206.630557060242 212.452487945557 213.694944381714 210.128132820129 209.195817947388 208.453895568848 206.196330070496 202.716100692749 201.682181358337 199.995011329651 199.260094642639 199.484832763672 200.945081710815 203.247287750244 207.656373023987 212.320331573486 215.85694694519 218.20686340332 222.929225921631 229.843711853027 231.758917808533 231.291170120239 234.172721862793 237.638444900513 238.009229660034 234.71985912323 231.191544532776 225.994065284729 226.043920516968 227.42227935791 226.385070800781 224.075052261353 219.98003578186 217.806310653687 218.997671127319 220.900785446167 218.548369407654 216.225359916687 214.746415138245 214.402183532715 214.91722202301
181.17999458313 185.283990859985 185.670415878296 186.581956863403 193.918125152588 193.774443626404 196.019954681396 199.920831680298 206.808427810669 207.848154067993 205.90789604187 205.928946495056 201.258580207825 197.524013519287 195.16028881073 195.008439064026 195.055990219116 197.280447006226 198.692749977112 198.484132766724 201.400610923767 208.570976257324 217.3306016922 222.118262290955 221.237725257874 218.174741744995 217.3299741745 217.626899719238 221.12181854248 224.062737464905 226.33927154541 228.30369758606 230.404668807983 231.471244812012 229.021471977234 229.849637985229 230.762407302856 231.683569908142 230.588042259216 228.484642028809 225.035028457642 219.168041229248 216.801863670349 212.509622573853 210.273056983948 208.037062644958 207.789996147156 208.499710083008 209.743290901184
