data/train_2003/bio10_avg_2003-2018.asc
NCOLS 664 
NROWS 380 
XLLCORNER 3.91666666666667 
YLLCORNER 55.3333333333333 
CELLSIZE 0.0416666666666666 
NODATA_value -9999 
[rows 242 to 263 of 380, columns 147 to 195 of 664]
12.4782479405403 12.0602925419807 12.3136712312698 12.4663822054863 12.6244273781776 12.9098629355431 13.7506890892982 14.402848482132 14.6823418736458 15.7665011882782 15.2026607394218 14.6648204922676 14.2436464428902 14.1264727115631 13.9452991485596 13.853458404541 13.4696177244186 13.5000898838043 13.4942075014114 13.3343251943588 13.2077760100365 13.0465604066849 12.9006779193878 12.9027955532074 12.8769130706787 12.8596972823143 12.7791481614113 12.558599293232 12.6467170119286 12.7787528634071 13.8387060761452 14.5146590471268 14.1092790365219 13.478565633297 13.0798524022102 13.3684722781181 14.0264258384705 14.1370459198952 14.0449985861778 13.6609519720078 13.0069054961205 12.8968883156776 12.8355674743652 12.7342470884323 12.4269257187843 12.6509385704994 12.9869505763054 12.9822968840599 12.8209758996964
13.3389540910721 12.1309577226639 11.9716274142265 12.2849640846252 12.6503011584282 12.8301820755005 12.695274412632 13.0036998987198 13.8367917537689 15.081884086132 15.6969761252403 15.4374015331268 14.9891604781151 14.6175860762596 14.6633449196815 14.6537705659866 14.436862885952 14.0357956886292 13.9832360744476 13.7680103778839 13.6354513764381 13.6215587854385 13.4150002002716 13.2271073460579 12.9358812570572 12.7913222908974 12.417429625988 12.4342036247253 12.3196446299553 12.6023498177528 12.9483199715614 13.9362902641296 14.4442608952522 13.8128972053528 13.6842009425163 14.0815042853355 13.7561413049698 13.4294450283051 13.4634150862694 13.6600520610809 13.8920220732689 13.6017473340034 13.1165616512299 12.9940420985222 12.9335228204727 12.9663367271423 13.0044838786125 13.2006314396858 13.2007783651352
13.9669935107231 13.6809560656548 12.9682511091232 12.6582130789757 12.8548415899277 12.9665015935898 13.1711928248405 13.3985508680344 13.6439090967178 13.9772670269012 14.4546253681183 15.0526497364044 15.4720079898834 15.5480330586433 15.2113908529282 14.318748831749 14.2007734775543 14.5055012106895 13.7075990438461 13.3443626761436 13.2791262865067 13.4352240562439 13.5299884676933 13.4367522597313 13.0901831388474 12.8642804026604 12.7690443396568 12.6631414890289 12.4832390546799 12.5132811069489 12.8252681493759 13.1672551631927 13.9532423019409 14.3798961043358 14.5425496101379 14.1112034320831 13.7925236821175 13.4785109162331 13.3764978051186 13.7464849352837 13.8131383061409 13.7312730550766 13.4342219829559 12.7245037555695 12.7607861161232 12.9970677495003 13.140016913414 13.3182985186577 13.3825806379318
13.6477001309395 14.2116205692291 13.5342077612877 13.5587947368622 13.5993817448616 13.3961540460587 13.1984446644783 13.1720687747002 12.9076926708221 13.0486499667168 13.4282740354538 13.9792314171791 14.5535221099854 15.1538128256798 15.5827696919441 15.5457270741463 15.0846846103668 14.7698737382889 14.3292942047119 14.1493811011314 14.2368020415306 13.9775557518005 14.2356430888176 13.9170635342598 13.217150747776 13.171237885952 12.8853250145912 12.5094127058983 12.6801666021347 12.8942121267319 12.9655491113663 12.9888864159584 13.3688902854919 13.9648943543434 14.5442312955856 14.6009020209312 14.1162393689156 13.950243473053 14.0222474336624 14.1955848932266 13.9535884857178 13.8094652295113 13.8725489377975 13.7196327447891 13.3593827486038 12.9571327567101 12.8395496606827 13.0906326174736 13.426382958889
14.040406525135 13.4689518809319 13.2394980192184 13.323376595974 13.7412555813789 13.8191403746605 13.9916966557503 13.7982532382011 13.902143061161 13.7326997518539 13.5305896997452 13.7978127598763 14.1350361704826 14.5722591280937 15.2808156013489 15.6887059211731 15.5145956873894 15.2169127464294 15.2203226685524 15.315066754818 15.4258109331131 15.3385541439056 14.5772979259491 14.1707085967064 13.8081184625626 13.7121960520744 13.2009397745132 13.2796830534935 13.463093817234 13.6904761791229 13.8491636514664 13.8945180773735 14.0692052841187 14.3065596222878 14.6192469596863 14.9186016321182 14.9472884535789 14.7306424379349 14.6753301024437 14.6133511662483 14.4320383071899 14.1309911608696 13.762876033783 13.6814275383949 13.8533121347427 13.8258640170097 13.5190821290016 13.5116335749626 13.5461854934692
14.7951128482819 13.7082833647728 13.6061212420464 13.7652917504311 13.9111293554306 13.7221261262894 13.6729484796524 13.5477709770203 13.7212600708008 13.929416000843 14.0342385172844 14.1290609240532 14.1012168526649 14.355372607708 14.5921952724457 15.4656845331192 15.5071730017662 15.2212843894958 15.0980185866356 15.0680854916573 15.3114857673645 15.6662191152573 15.2722863554955 15.0943531990051 15.1050871610641 14.9878204464912 14.6938872337341 14.5352876186371 14.4713549613953 14.4554070830345 14.4961115717888 14.5514825582504 14.5155199766159 14.4675580263138 14.3829290270805 14.5362998843193 14.9656705856323 14.7617085576057 14.5850796103477 14.804450750351 14.5711547732353 14.0945171713829 13.7225366234779 13.66988915205 13.6445754170418 13.8665952086449 14.0159481167793 13.9146350026131 13.6693207025528
14.8464860916138 15.3316151499748 14.8260777592659 14.871207177639 14.7623363137245 13.8011121153831 13.7162003517151 13.6732887029648 13.5630438923836 13.7994656562805 14.1352207064629 14.2976422905922 14.4653973579407 14.6384862065315 15.0722411870956 15.7013292312622 15.4997510313988 15.2129904031754 14.9810476303101 14.9631041288376 15.0444942116737 15.3272176980972 15.5826083421707 15.4119981527328 15.554054915905 15.7054452896118 15.429502248764 15.2568919062614 15.0996158719063 15.04100471735 14.9970592856407 14.9077805876732 14.7785019874573 14.6338893175125 14.4672778844833 14.4899985790253 14.7107195854187 14.9434413909912 14.9308289885521 14.9702169299126 14.7616049051285 14.3853763341904 13.7635304927826 13.9003514051437 13.6118391156197 13.4213265180588 13.722814142704 14.1443015933037 14.1897892355919
13.4191919565201 13.7329466938972 14.2320348620415 14.7631227374077 15.63421022892 14.6067649722099 14.2374524474144 14.2408064007759 13.9921610951424 13.9075154662132 13.9935364723206 14.1862238645554 14.3122447133064 14.9269325733185 15.0749536752701 15.2256410121918 15.5489954948425 15.578695833683 15.5047426819801 15.4587897658348 15.3901696205139 15.3730484247208 15.5462629199028 15.5983093976974 15.6730229854584 15.5564032196999 15.4684500694275 15.5278300642967 15.4532098770142 15.3172683119774 15.0566737055779 14.889411687851 14.7061498761177 14.6202213168144 14.5556257963181 14.6316973567009 14.5337689518929 14.242506980896 14.2552452087402 14.6399830579758 14.9073880910873 14.7695684432983 14.563857614994 14.4388127923012 14.2611021995544 13.9673913121223 13.6283469200134 13.7846359610558 13.8635920286179
13.1492812633514 13.392442882061 13.7216041088104 13.9534322619438 15.1032604575157 15.506462097168 14.9777047038078 14.5836136937141 14.0721895098686 13.650098323822 13.5460076332092 13.7972501516342 14.1938263177872 14.7557353377342 14.534977555275 14.4635533690453 14.7034623622894 15.1377137899399 15.5803085565567 15.7469026446342 15.7317678332329 15.5391489267349 15.3264892697334 15.5529547929764 15.4976707100868 15.2825520038605 15.2317295074463 15.2523231506348 15.2815845608711 15.3008995652199 15.019602894783 14.5729728341103 14.2376756668091 14.3017124533653 14.1937487125397 14.109118282795 13.7384880781174 13.8051913976669 13.8145608901978 13.8372642993927 14.5913007259369 14.8881767392159 14.9818919897079 14.9496074318886 14.8099895715714 14.2963718771935 14.271420776844 14.0171359777451 13.9061851501465
13.1234197616577 13.3867699503899 13.854120016098 14.2821365594864 13.9434865117073 14.5535378456116 15.7109572887421 15.3123770356178 14.5877962708473 14.1292153596878 14.0039682388306 13.4807214140892 14.2121407389641 14.5908933877945 14.4503127336502 14.3870657682419 14.6451515555382 15.100044131279 15.3824107050896 15.4761100411415 15.4811428785324 15.5721758008003 15.6518750786781 15.5516319870949 15.4582026600838 15.3286061882973 15.0826730728149 14.9817059636116 15.0134056210518 15.1498969197273 15.1538463830948 14.5231294631958 14.3037458658218 14.051695227623 13.9163119792938 13.5855946540833 13.3202114105225 13.368827521801 13.4921101927757 13.4327268004417 14.1600096225739 14.6645345687866 15.0556348562241 15.0640687942505 15.0858349204063 15.0702689290047 14.9907025098801 14.8411358594894 14.7802360057831
13.3802253603935 13.6010973453522 14.1253025531769 14.8141747117043 14.1963793039322 13.9826135635376 15.1908764243126 15.6318064928055 14.5774028301239 14.4216657876968 14.2585956454277 14.1428588628769 14.3337885141373 14.3407182693481 14.3729814291 14.6339113116264 14.9155073165894 14.8990412950516 14.8138461112976 14.9586508274078 15.199455678463 15.2309271097183 15.1697317957878 15.1505364775658 15.2266741991043 15.3275356292725 14.9962533712387 14.7850888967514 14.9505603909492 15.0162272453308 15.0927563905716 14.5286195278168 14.4218155741692 14.1650120615959 13.762207865715 13.4114046692848 13.2232670783997 13.1224634051323 13.2823264598846 13.5095226168633 13.5180521011353 14.2928922772408 14.8693776726723 15.0471957921982 15.1310142278671 14.8721657991409 14.6793171167374 15.0124688744545 15.0989540219307
13.1916974782944 13.6574246883392 13.6511518359184 14.5248787403107 14.9899395108223 15.1303561329842 15.4881296157837 15.2812362909317 14.3563429713249 14.066782951355 14.0378898382187 13.8049962520599 14.2081034779549 14.4058765172958 14.3303168416023 14.30209004879 14.5111967325211 14.3047055006027 13.9986152052879 13.8298581242561 13.6417681574821 13.5970116853714 12.7649214863777 12.8228315114975 13.2474079728127 14.0933178067207 15.1505613327026 15.1018043160439 15.1030475497246 15.1572242379189 14.5143336057663 13.8927757740021 14.0512191653252 14.240994811058 14.1281045675278 13.663213789463 13.3316565155983 13.0700994729996 13.187875688076 13.4509850144386 13.7827606201172 14.1099169850349 14.2971197962761 14.6343231201172 14.9741926193237 15.1693959236145 15.2172654867172 15.276468873024 15.1116717457771
14.1111696958542 14.5057519078255 14.1936678886414 14.1895832419395 14.073498904705 15.0060986876488 15.7080489397049 14.5033326745033 14.4039497375488 14.0819002985954 13.6378505825996 13.5084677934647 13.8270846605301 13.9903682470322 14.2409852743149 13.9509357213974 13.8402197957039 13.7210355401039 13.7533837556839 13.5770659446716 12.8074143528938 13.0757630467415 12.9461114406586 12.9617930650711 12.8041418194771 13.2298232316971 13.9028389453888 15.1591869592667 15.1882019639015 14.338888168335 13.6612437367439 13.6076000928879 13.8312892317772 14.0196449756622 14.3053342700005 14.1490233540535 13.7827126979828 13.5890686511993 13.6287577748299 13.2277805805206 13.5034697651863 13.9009415507317 14.1608626246452 14.1527837514877 14.5427049398422 14.9639595746994 15.2558805942535 15.3504685163498 15.235722899437
15.6346413493156 15.2467460036278 15.0581834316254 15.2349543571472 14.9903918504715 15.3251744508743 15.4679685235023 15.299428999424 15.2615564465523 14.5243507027626 14.2578108906746 14.2566050887108 13.6573987603188 13.6548598408699 14.0603204965591 13.5477811098099 13.4385753273964 13.199365735054 13.1594863533974 13.454273223877 13.664393723011 13.5011808276176 13.5599679946899 13.5580886006355 13.600875556469 13.6723292469978 14.2804496884346 15.2345696091652 15.0653567314148 14.1785517930984 13.7508208155632 14.1070901155472 14.271359205246 13.9136283993721 14.2165639400482 14.1821665167809 14.08843511343 14.422704398632 14.2516400814056 13.8392429351807 13.6801783442497 13.5659660100937 13.7219388484955 14.1765781641006 14.6618837118149 15.0365229249001 15.1964955925941 15.3784676790237 15.3477740883827
15.2514469623566 14.7150734066963 14.4326989650726 14.7209920883179 14.7746179699898 14.6255837082863 14.1258875131607 14.1928584575653 15.7158297896385 15.6561340689659 15.1391050815582 14.2934095263481 13.5917139053345 13.1193514466286 13.5403220653534 13.4646269083023 13.2282643914223 13.1396964788437 13.1362550854683 13.2374807596207 12.99537307024 13.4385986328125 13.7911579012871 14.4050499796867 14.2929426431656 13.8381677269936 14.5553934574127 15.2212861180305 14.9225113391876 14.0395488739014 14.1903977394104 14.2965803146362 14.6874287128448 14.4749444127083 14.3971269130707 14.2679758667946 14.1128247380257 14.6523407101631 14.6178558468819 13.8480384945869 13.7628876566887 13.7649907469749 13.653681397438 13.8277051448822 13.9630623459816 14.7984199523926 15.1497768163681 15.4258008599281 15.3678250312805
15.3655859827995 14.8707337379456 14.6252153515816 14.2563629150391 14.7095112800598 14.6339925527573 14.5584741830826 14.6389550566673 15.7434368133545 15.8079177737236 15.4690658450127 15.0922138094902 14.2980287075043 13.6471767425537 13.0689910650253 13.0074726939201 13.4566205739975 13.640026807785 13.7883573770523 14.0053550004959 13.8050194382668 13.7146832942963 13.9703475832939 14.6540119051933 14.8236760497093 14.2093399167061 14.0116712450981 14.9240012764931 15.0216656327248 14.417212665081 13.9573081731796 13.9380702376366 14.388832628727 14.8275942802429 15.0956900715828 14.8457856178284 14.7478811740875 15.078643143177 14.9927386045456 14.2608339190483 14.0962631106377 13.9826816916466 13.737423658371 13.9108325839043 14.2095745801926 14.8129835724831 15.1163920164108 15.3798007965088 15.3905431628227
15.3443912267685 14.4483944773674 14.8110643625259 14.6997345089912 14.4817377924919 14.4444016814232 14.6330599188805 15.3843849301338 15.8837097287178 15.5703681707382 15.4390264153481 15.4783511757851 15.2776763439178 14.0890016555786 13.2689930796623 13.0496510863304 13.3109763860703 12.9930236935616 13.3437930941582 13.5372290611267 13.3779985308647 13.5161014199257 13.7995377779007 14.6323070526123 15.1170761585236 14.3178453445435 13.9179481863976 15.0047175884247 15.2321540117264 14.6768761277199 14.1808844804764 14.0708932876587 13.9109023213387 14.5035780072212 14.8889200687408 15.2069283127785 15.1602705717087 15.3422791361809 15.3536213040352 15.0229628682137 14.5583053231239 14.1897062063217 14.0504996776581 13.9606267213821 14.3534198999405 14.5475469231606 14.9196732640266 15.3298001289368 15.1352606415749
14.9591966867447 14.5433884859085 14.2915804982185 15.263772547245 14.4812969565392 14.3588108420372 14.4749795198441 15.6478145122528 15.7639835476875 15.225485086441 15.0263203382492 14.9304890632629 15.4379911422729 14.7541595697403 13.6689950823784 13.5844972133636 13.829999089241 13.4126873612404 13.1212285757065 13.3091036677361 13.7356444597244 13.8528528213501 14.4513940215111 15.1806021332741 15.0591430664062 14.6170179247856 14.58622610569 14.9181003570557 15.3039753437042 15.0825402140617 14.7897951006889 14.5010507702827 14.4269725084305 14.2128946781158 13.9334827661514 14.4054048657417 14.9999934434891 15.4019152522087 15.5178371667862 15.557092487812 14.9510140419006 14.2533978819847 13.9949091672897 14.0104205608368 14.5165987014771 14.7741103768349 14.9362885951996 15.2631332278252 14.8593117594719
14.2913354039192 14.9997157454491 15.3327627182007 15.355809867382 14.6575234532356 14.683219730854 14.6928986310959 15.7585775852203 15.3342564702034 14.9439355134964 14.7976144552231 14.698626935482 15.0736390948296 15.0679845809937 14.448330104351 14.0466763973236 14.0590215921402 13.9510176181793 13.5593308806419 13.6736440062523 13.4532907009125 13.350937306881 13.9099169969559 14.384230196476 15.0738772153854 15.2488569021225 15.175836622715 15.3041495680809 15.389796435833 15.2935375571251 15.078038752079 14.6825407147408 14.6197089552879 14.4475438594818 14.3360459208488 14.1925477385521 14.1910494565964 14.9515510201454 15.4000526666641 15.4512212276459 15.3537228703499 14.7557557225227 13.9926520586014 13.7042146325111 13.7644439935684 13.9473408460617 14.9709035158157 15.2484667897224 15.2126960754395
14.6761410236359 14.9680432081223 15.5499455332756 15.4091810584068 14.7677498459816 14.6362956762314 14.5174845457077 15.2513409256935 15.7191967964172 15.1323858499527 14.7235755324364 14.3554310798645 14.1732865571976 14.3584765195847 14.6023326516151 13.9141879081726 13.9093777537346 14.0920150279999 14.0647661685944 14.3501847982407 14.3609364628792 14.530355155468 14.7417736649513 14.7118585109711 15.1826102733612 15.3173621296883 15.2207803726196 15.4055321216583 15.285617351532 15.0792008042336 15.2222823500633 14.896697640419 14.5691124796867 14.6175273060799 14.9826091527939 14.8190236091614 14.6147720813751 14.6238537430763 15.2109350562096 15.3200169801712 15.26043176651 15.1461136341095 14.7983943223953 14.5713420510292 14.3902897834778 14.1899043917656 14.9228516817093 15.3171329498291 15.2347473502159
15.3058988451958 15.3884218335152 15.4622779488564 15.6948010325432 15.5486569404602 15.4693148136139 15.4081063866615 15.6748985052109 15.4070238471031 14.6224821805954 13.649274289608 13.6807326078415 13.674191057682 13.6796497106552 14.2511086463928 14.5725671648979 14.1140258312225 13.6494356393814 13.7247967720032 13.8328252434731 14.1561862826347 14.6102141141891 15.2762426137924 15.3609367609024 15.3742980957031 15.3789929747581 15.4103541374207 15.3650492429733 15.0604102015495 14.9480732679367 15.224037706852 15.2946684956551 15.0459662079811 14.868596971035 15.2072277069092 15.223192512989 15.2811563014984 15.2477875351906 15.3624184131622 15.1737162470818 15.1023470759392 15.283551633358 15.2899951934814 15.1157727241516 14.6902166008949 14.7446607351303 14.8837713599205 15.2748818993568 15.1493265628815
14.9332765936852 15.3828520774841 15.5937607288361 15.8420032858849 16.0975785851479 16.238276720047 15.899430334568 15.0712506771088 13.8710703849792 13.808224439621 13.6847115159035 13.7211986780167 13.8430188298225 13.8535053730011 14.258659183979 14.9104793667793 14.3743000030518 13.6686143875122 13.9327555298805 14.15289747715 14.5323730111122 14.6678478121758 15.3046563267708 15.5314653515816 15.5082734823227 15.4657483100891 15.4792237877846 15.4020317196846 15.2481736540794 15.2588196396828 15.2799692749977 15.4091194868088 15.4142692089081 15.3647525310516 15.4259022474289 15.3983855843544 15.3702018857002 15.3080188035965 15.3058354854584 15.0696522593498 14.7508016824722 14.5047363638878 14.8087883591652 14.8708403110504 14.9642251133919 14.7742770910263 14.9383289813995 15.2337144613266 15.2530997395515
