data/train_2003/bio13_avg_2003-2018.asc
NCOLS 664 
NROWS 380 
XLLCORNER 3.91666666666667 
YLLCORNER 55.3333333333333 
CELLSIZE 0.0416666666666666 
NODATA_value -9999 
[rows 352 to 373 of 380, columns 441 to 489 of 664]
125.584238529205 123.607115745544 121.999303817749 121.408885478973 119.905700206757 118.835404396057 117.355303764343 116.862104415894 116.470990180969 115.303109645844 114.941061019897 114.685494422913 114.356979846954 113.974725246429 113.070337772369 112.2292137146 112.14352273941 110.55988073349 108.972309112549 109.250249862671 108.368911266327 108.285967350006 107.985183238983 107.871391296387 107.027877807617 106.883679389954 107.436776638031 106.934309482574 106.789896011353 107.431757450104 107.321299552917 107.926732540131 108.111772060394 108.289227962494 108.465784549713 108.404369831085 107.126735210419 107.168922901154 107.292700767517 106.493912220001 105.988859653473 105.608455181122 104.837361335754 104.83561372757 104.368769168854 103.502297878265 104.256373405457 104.486468315125 104.191684246063
126.095633029938 124.687435150146 123.222177505493 121.859186172485 120.725650787354 119.479316234589 117.887203216553 117.673325538635 116.572023868561 116.200457572937 115.032683849335 114.720195293427 113.083979129791 112.693819046021 112.392778396606 112.260648727417 110.671090126038 110.353917121887 109.312532901764 109.222475528717 108.335567474365 108.246544837952 107.939839839935 107.82733297348 107.691117763519 107.55490064621 107.418684482574 107.498058795929 107.576551914215 107.235531330109 107.164095878601 107.306487083435 107.998768806458 106.990787506104 107.176429271698 107.123405456543 107.044665336609 106.67577123642 106.596263885498 106.225067615509 105.936035633087 104.874661922455 104.293629169464 103.52707862854 103.448216438293 102.850318431854 103.533078193665 103.259889125824 103.877704620361
125.842231750488 124.552798271179 123.372481822968 122.600516319275 120.998860836029 119.029226303101 118.520284175873 117.984429836273 117.087367534637 116.721042633057 115.826420783997 114.472789287567 113.586006164551 113.889274597168 112.416616439819 112.267719268799 111.369271278381 110.330171108246 110.232024669647 109.194702148438 108.88049697876 108.566734313965 107.894496440887 106.2907371521 107.438942432404 107.311810970306 107.400592803955 106.811349391937 106.762666702271 106.742072582245 106.510410308838 106.707130908966 106.98419046402 106.385048866272 107.079660415649 106.535096168518 106.463147640228 105.696040153503 106.029228210449 105.471995830536 104.899131774902 105.034136295319 103.852064609528 103.489387989044 103.122257232666 103.133393764496 102.619997024536 103.419833183289 103.600923061371
125.817866802216 124.535273075104 123.41960811615 121.439949512482 120.923296451569 119.910092830658 119.393614768982 117.944651603699 117.228504180908 115.934646129608 114.82350730896 115.360946655273 114.183791637421 113.520041465759 112.413414478302 111.769795417786 110.964470386505 111.143186092377 110.519320011139 109.89785528183 108.671132087708 108.553730964661 107.936306476593 107.750583171844 107.427296638489 107.321066856384 106.686079502106 106.638336658478 106.617495536804 106.815308570862 107.333144187927 106.797398090363 106.86905670166 106.992343425751 106.495645999908 105.959543704987 105.395991325378 105.330836772919 104.48629283905 104.712365627289 104.926725387573 105.068574905396 103.807583808899 103.741679668427 103.797713756561 103.31470823288 103.303751945496 103.42961025238 103.575045108795
126.108244895935 125.270539283752 123.983291625977 122.672522544861 121.157544136047 120.529279708862 120.025384902954 118.388875007629 117.249017715454 116.804885864258 115.855453014374 115.432602405548 114.035546779633 113.582281112671 112.586616516113 111.535225868225 110.74253320694 110.509037494659 110.746409416199 110.4185090065 109.551812171936 108.008719921112 107.899910449982 107.714390277863 107.100492954254 106.783504486084 106.89868927002 106.582521438599 107.052250385284 106.754357337952 106.754249572754 106.887666702271 105.980803489685 105.979558944702 105.978313922882 106.08064365387 106.021823883057 105.546063423157 105.615960597992 105.058309078217 104.298373222351 104.440316200256 103.763743877411 103.329144954681 103.351810932159 103.496024131775 103.497104167938 103.392986774445 102.931276798248
127.060523033142 125.740146636963 124.834230899811 123.20586681366 121.969934940338 120.837922096252 120.066935062408 118.426619529724 118.139653205872 117.003411769867 116.923179626465 116.458261966705 114.744072437286 113.11594247818 112.572948932648 111.526725769043 110.733877182007 110.416278839111 109.968671798706 109.585964679718 108.911533355713 108.712999820709 108.45712852478 107.058639526367 106.965196609497 107.352999687195 106.12869644165 106.675224781036 106.818796634674 106.827172279358 106.835544586182 106.344919204712 105.650907516479 105.871606826782 105.879149436951 105.361374378204 105.52149772644 105.469860553741 105.627599716187 105.078308105469 104.0328540802 103.979794502258 103.926736354828 103.873676776886 103.322941303253 103.473527908325 103.284425258636 103.403665542603 103.401885986328
127.975834369659 126.36438369751 125.538686275482 124.285202026367 122.774039745331 121.663103103638 120.036079406738 119.511105537415 118.393281936646 117.926840782166 117.162395954132 115.341559886932 114.989521026611 113.920224666595 112.862130641937 112.412976264954 111.393285274506 110.518223285675 110.771578788757 109.326072216034 109.210677623749 108.97746181488 108.345889568329 108.023615837097 107.264256000519 106.981559753418 106.233689308167 105.629015922546 105.847965717316 106.552779197693 106.557316303253 106.561853885651 106.566391944885 105.998553276062 106.293229579926 106.190244674683 105.643650531769 105.593016147614 105.25540971756 104.497931957245 103.94989156723 103.89856338501 103.142906188965 102.92023229599 102.937686920166 103.583578109741 103.600844860077 104.141211032867 103.948365688324
129.353450298309 127.371302604675 125.952052593231 124.620318889618 123.882908344269 122.569404602051 122.331322669983 120.837594509125 119.416862010956 118.372802257538 116.816646099091 117.136426925659 116.033199310303 114.888263702393 113.762455463409 113.237241268158 111.751997470856 111.350569248199 110.430852890015 110.345792770386 109.324277877808 108.773089408875 108.610994815826 107.926792144775 107.847726345062 107.705646038055 106.789192199707 106.176905155182 106.66376543045 106.852635860443 106.260430335999 106.961484909058 106.947836399078 106.226955413818 105.636336326599 105.602424144745 105.548381328583 104.998230934143 104.527435779572 104.473338127136 103.921541690826 103.867215633392 103.730558395386 103.383372306824 103.327589035034 103.469455718994 104.106398582458 103.695216178894 103.320892333984
130.229507923126 128.220022678375 126.71014547348 125.918467998505 124.476284980774 124.158932685852 122.832169055939 121.714932441711 120.436383247375 119.522775173187 118.406519889832 117.790351867676 116.761031150818 116.441405773163 114.656021595001 114.211912155151 113.219605445862 112.9889960289 111.326777458191 111.176238536835 111.182072162628 109.608335018158 109.521030902863 108.224884033203 108.13435125351 107.573979854584 107.4631690979 107.431799411774 106.694761753082 107.369060516357 107.042151927948 106.304146766663 107.115798950195 107.084390640259 105.847011566162 105.722570896149 104.459002017975 104.481837749481 104.553906440735 104.57674741745 104.019987106323 103.961462020874 104.23201417923 103.557840824127 103.352937221527 103.73805809021 103.535960197449 103.5667719841 102.750135421753
131.790640830994 130.41690826416 128.000041484833 126.291048049927 125.66592168808 123.968852043152 124.015295982361 123.046122550964 121.42289018631 120.353711128235 119.741805553436 118.60969209671 117.512157917023 115.843749523163 115.65007352829 115.354472160339 113.707666873932 113.317073822021 112.987250804901 112.475714683533 110.952513217926 110.183800697327 109.54319858551 108.971348762512 109.124311447144 108.573544979095 107.816683292389 106.96896314621 107.421280384064 106.872977733612 106.253561496735 106.487579345703 106.864861011505 106.027256011963 105.480533599854 105.34494972229 105.282141685486 104.512003898621 104.449995040894 104.598240375519 104.535381793976 103.972915172577 103.992981910706 103.458097934723 103.835293769836 104.124019145966 104.243311405182 103.517629146576 103.445443630219
132.23287153244 130.835611343384 129.694511890411 127.900164604187 127.073763847351 125.382031440735 124.134991645813 123.136193752289 122.99801158905 121.771878242493 119.929852485657 118.609729290009 117.93497133255 116.849177360535 115.920199871063 115.657046318054 114.705151557922 113.858937740326 112.463939189911 112.18367767334 111.33651971817 111.240681171417 111.089079380035 109.582597732544 109.515704631805 108.23629617691 108.090735435486 108.024197101593 106.948173046112 106.382655143738 106.5348072052 106.962076663971 105.687226295471 105.32630443573 105.261619091034 105.116578578949 105.265009403229 105.411727905273 104.638518333435 104.073040962219 104.006970405579 103.940901756287 104.083025932312 103.578814506531 104.256802082062 104.034750461578 103.721755981445 103.797333240509 103.601712703705
132.413736820221 131.110022068024 129.891274452209 129.369087219238 128.084282875061 126.302462100983 126.09237909317 124.315657615662 123.259544849396 121.812004566193 120.853898525238 119.183133602142 118.718332767487 117.087437152863 116.708524703979 116.353493690491 114.807975769043 114.134019851685 113.413431167603 112.471938610077 111.614365100861 111.480390071869 110.69967508316 110.707555770874 109.605012893677 108.527734279633 108.143336772919 108.059940338135 106.683722019196 106.381604194641 106.810902118683 105.436511039734 105.353912830353 104.974754810333 104.892713069916 104.817169189453 104.671438217163 104.602432250977 104.451203346252 103.881201267242 104.021740913391 103.951004505157 103.989038467407 103.463601589203 103.646779537201 104.305701255798 103.779337882996 103.669447898865 103.473190307617
133.844019412994 131.994057655334 130.961802005768 129.488219261169 128.31528377533 126.630414962769 126.208451747894 125.291773319244 124.774594306946 122.952173233032 122.521386623383 121.520461082458 119.817078113556 118.553479194641 117.013477802277 116.82900428772 115.931499481201 114.410132408142 113.389361381531 113.362885951996 112.560328006744 111.690173149109 111.160507202148 109.697189331055 108.668208599091 108.692572593689 108.717679023743 107.895037174225 107.79435300827 107.114712715149 106.299165248871 106.119124889374 105.801147937775 105.701702594757 105.521510601044 104.241318225861 104.306770801544 105.420916080475 103.926446914673 103.853749752045 103.991958141327 103.314782619476 104.104797840118 104.072768688202 104.040739536285 104.190019607544 103.654818534851 103.540766716003 103.547379970551
134.716581344604 133.525624275208 130.894969940186 130.656265258789 128.686133384705 127.655916690826 126.843404769897 125.38453245163 124.179268836975 123.224116325378 122.234595775604 121.274879455566 120.262072563171 119.213558673859 117.555406570435 116.538336277008 115.819777488708 115.436039924622 114.662325382233 113.940138816833 113.123960494995 112.422322273254 111.502857685089 111.414804935455 110.814086437225 109.263888835907 108.351165771484 108.150809288025 107.953245162964 107.193947315216 106.996529579163 106.180528640747 106.04671049118 105.153832912445 105.051523685455 104.964878082275 105.138611793518 104.239350795746 103.970794677734 103.938242912292 104.267030239105 103.514615535736 104.189593315125 104.359620094299 104.320017337799 103.503973484039 103.676795482635 104.124118328094 103.421731948853
136.366809844971 134.002058506012 132.442002296448 131.172286987305 129.022518157959 128.514265060425 127.088181972504 125.408251285553 124.131508350372 124.025390148163 122.511485099792 122.31601190567 121.439883232117 120.282553672791 119.090487003326 117.648203849792 117.566581726074 117.349280834198 115.771931648254 114.588537693024 114.313149929047 112.888165473938 112.653122425079 112.485630989075 111.137589931488 110.518902301788 109.367423057556 108.931683540344 107.968601226807 107.833268642426 107.998849391937 106.687511444092 105.392612457275 105.302939414978 105.376754283905 104.827634334564 104.571759700775 104.572917938232 104.45630979538 104.62370300293 104.695184707642 104.352875709534 103.740104198456 103.697875022888 103.837086677551 104.35993719101 104.524021625519 104.403353691101 104.2053565979
136.86515045166 135.688705921173 132.791908740997 131.470462322235 130.374497890472 130.09891462326 128.659738063812 127.154714584351 125.401554584503 124.081071853638 122.654736042023 122.335769176483 122.074745178223 120.522575855255 119.456234931946 118.82430934906 118.093311309814 117.290824890137 116.154881954193 115.608341693878 113.993969917297 113.899784564972 112.370688915253 111.512351512909 111.341912746429 110.353318214417 109.718564510345 108.77746295929 108.588006496429 108.434883594513 108.201781749725 107.832273483276 106.45627117157 105.738534927368 105.17379283905 105.028800964355 104.805745124817 104.755173206329 104.131062507629 104.477295875549 103.854968547821 104.016253471375 103.371241092682 104.095005512238 104.609946727753 104.469545841217 104.094784736633 104.477922916412 104.094643115997
135.754054069519 134.575892925262 132.991342544556 132.064315319061 131.678150177002 130.344420433044 129.398083209991 127.650255680084 126.530655384064 124.638307571411 123.422516822815 122.591847419739 121.606929779053 120.282246112823 119.97793006897 119.811723232269 119.643818855286 118.811771869659 117.403977870941 116.659175872803 115.173156261444 114.348727703094 113.395400524139 112.65702009201 111.137094020844 110.712577342987 110.57189655304 109.805009841919 108.979588508606 108.823560714722 108.587488651276 107.931182861328 107.089151859283 105.62589263916 105.165029525757 105.274141311646 105.043318748474 104.89706325531 104.303687572479 104.245565891266 103.616506576538 103.559948444366 104.282273292542 104.223237514496 103.954961299896 104.288878917694 104.141679286957 104.388081550598 104.462741851807
135.852519989014 134.682681560516 133.488210678101 132.919087409973 132.519755840302 130.980275154114 129.4971575737 129.10745382309 126.857508182526 124.968382358551 123.316477775574 123.250796318054 122.075886249542 121.035058021545 120.342757701874 120.061318874359 119.799824714661 119.751934051514 117.187184810638 116.855141639709 116.106077671051 115.422793865204 114.726749897003 113.109578609467 112.742742061615 112.111315250397 111.044797897339 110.720347881317 109.827546596527 109.156358718872 108.900273323059 107.343067646027 106.765022754669 106.20677280426 106.630290985107 106.196375846863 105.410046577454 104.592095375061 104.261063575745 104.194894313812 103.557541847229 104.098155498505 104.600667476654 104.533695220947 104.257019996643 104.190968990326 104.124920368195 104.013208866119 105.066676139832
136.634273052216 135.510601997375 134.024320602417 133.5480427742 133.230692863464 131.414854049683 129.771254062653 128.697254657745 127.7309217453 125.47976732254 125.241908550262 124.04371881485 123.724690437317 122.407830238342 121.320827484131 121.039468765259 120.237428665161 118.734487056732 117.278856277466 117.164350986481 116.220703125 115.553860187531 114.868832588196 113.432546138763 113.274070262909 112.412171363831 110.68323135376 110.447446346283 110.201306343079 109.280538082123 109.196567058563 108.453695297241 107.56988286972 107.104781627655 106.943017959595 105.786484718323 104.960419654846 104.712327957153 104.85529756546 104.692227363586 104.618328094482 103.97501373291 103.721347332001 104.338858604431 104.647765159607 104.573426246643 104.499086856842 105.319929122925 106.031129360199
135.259904384613 134.865088939667 134.877439975739 133.990152835846 132.742409706116 131.087311267853 130.521883487701 128.427284240723 127.866832733154 126.873869419098 126.559909820557 124.902394771576 123.831210613251 122.982964038849 122.923410415649 121.360200881958 120.625284194946 118.72748708725 117.534481048584 116.599080085754 116.397416114807 115.860287189484 114.95708322525 114.100723743439 113.074837207794 112.306282997131 110.663655281067 110.509077072144 110.350176811218 109.523626804352 108.79786491394 108.568841934204 107.610507011414 106.968418598175 106.518341064453 105.857871055603 105.200489521027 104.946929931641 104.185873508453 104.016399860382 104.65721988678 105.083620071411 104.254584312439 104.232601165771 104.334716796875 104.763414382935 104.891838550568 105.485210895538 106.060716629028
135.276205062866 135.383581161499 135.142068862915 133.442242622375 133.04386472702 132.047200202942 130.064562320709 128.827417850494 128.340986728668 127.004537582397 126.606402873993 126.259878158569 124.754687309265 123.939253807068 123.045876026154 121.409766674042 120.383122444153 119.203222751617 118.145295143127 118.085981369019 117.303480625153 116.065729618073 115.811898708344 114.018513202667 113.006186008453 112.886274814606 111.939033031464 110.55074262619 110.331634998322 109.111355781555 108.477628707886 107.452349185944 107.238265037537 106.881649017334 106.083291530609 104.934623241425 104.58581829071 104.324079036713 104.52564239502 103.361741542816 103.820214748383 103.915288925171 103.741354465485 103.47402715683 104.346717357635 104.469185829163 104.890605449677 104.961316585541 105.004213809967
137.043611049652 136.186835289001 135.274732589722 134.184591770172 132.60374546051 131.960119724274 131.197836399078 129.808297157288 128.805234909058 127.712706565857 126.74173784256 126.75097322464 124.889728069305 124.798789978027 123.704843044281 121.951287269592 121.193613529205 119.021031856537 118.13508272171 118.255957603455 117.595483779907 116.569277763367 116.323608875275 114.915211677551 113.908202648163 113.659421443939 112.274864196777 110.601800441742 110.428822040558 108.919771194458 108.764466285706 107.314850330353 107.130393505096 106.441612243652 105.647263526917 104.610744476318 103.941689014435 103.80605173111 103.714507579803 103.406088352203 103.315667152405 103.135665416718 103.766606330872 102.954793453217 104.147453784943 104.054507255554 104.680355072021 104.573208332062 104.640083312988
