data/train_2003/bio17_avg_2003-2018.asc
NCOLS 664 
NROWS 380 
XLLCORNER 3.91666666666667 
YLLCORNER 55.3333333333333 
CELLSIZE 0.0416666666666666 
NODATA_value -9999 
[rows 242 to 263 of 380, columns 0 to 48 of 664]
-9999 -9999 -9999 -9999 -9999 -9999 -9999 -9999 -9999 -9999 -9999 -9999 -9999 -9999 -9999 -9999 -9999 255.985462188721 265.79026889801 268.270218849182 287.010259628296 288.311630249023 304.483757972717 311.723928451538 323.356185913086 -9999 -9999 378.223003387451 386.489444732666 429.294931411743 444.694540023804 454.794677734375 458.051424026489 409.111389160156 -9999 483.726430892944 407.857467651367 480.308408737183 438.640892028809 411.110475540161 441.447835922241 380.843216896057 420.60523223877 457.771671295166 420.220153808594 317.543087005615 412.912894248962 357.542054176331 402.567885398865
-9999 -9999 -9999 -9999 -9999 -9999 -9999 -9999 -9999 -9999 -9999 -9999 -9999 -9999 -9999 -9999 -9999 252.528240203857 258.247056007385 268.038395881653 273.199798583984 -9999 -9999 -9999 323.562517166138 326.532258987427 362.517023086548 391.204362869263 449.06471824646 479.544094085693 449.078664779663 497.369325637817 500.998498916626 480.868434906006 483.871179580688 483.933393478394 445.173973083496 393.184834480286 488.940382003784 480.799034118652 496.672626495361 485.556657791138 477.16063117981 469.162006378174 457.455917358398 434.175096511841 432.265293121338 435.303279876709 437.55616569519
-9999 -9999 -9999 -9999 -9999 -9999 -9999 -9999 -9999 -9999 -9999 -9999 -9999 -9999 -9999 -9999 -9999 -9999 252.378329277039 257.542325973511 -9999 281.262252807617 283.942017555237 295.822135925293 313.316930770874 335.413299560547 338.701921463013 376.201282501221 391.227742195129 420.951065063477 435.487731933594 463.087846755981 469.572507858276 491.680770874023 510.562908172607 514.22767829895 509.873317718506 473.950410842896 509.997131347656 509.312795639038 501.979026794434 494.548765182495 484.295009613037 474.708578109741 468.844635009766 461.418798446655 451.571392059326 446.576143264771 428.491645812988
-9999 -9999 -9999 -9999 -9999 -9999 -9999 -9999 -9999 -9999 -9999 -9999 -9999 -9999 -9999 -9999 -9999 -9999 -9999 -9999 263.776223182678 272.320835113525 282.167092323303 302.378127098083 311.542391777039 331.916922569275 365.353001594543 388.757345199585 372.07800579071 396.865400314331 458.074745178223 478.193628311157 499.891275405884 489.613922119141 487.753643035889 503.870977401733 521.179681777954 515.229022979736 502.147319793701 505.357833862305 504.142274856567 491.850601196289 484.094242095947 479.057260513306 474.808847427368 464.771047592163 453.719942092896 447.364748001099 424.661148071289
-9999 -9999 -9999 -9999 -9999 -9999 -9999 -9999 -9999 -9999 -9999 -9999 -9999 -9999 -9999 -9999 -9999 -9999 -9999 -9999 -9999 270.511700630188 278.759261131287 295.616040229797 300.491014480591 333.886040687561 326.981788635254 341.838991165161 351.593412399292 417.029392242432 423.175998687744 427.46900177002 444.434581756592 464.626390457153 497.058624267578 477.743091583252 448.337230682373 429.97706413269 458.365379333496 484.242534637451 472.281045913696 485.091196060181 487.555233001709 483.275211334229 475.762392044067 465.106170654297 453.788320541382 446.878345489502 427.623773574829
-9999 -9999 -9999 -9999 -9999 -9999 -9999 -9999 -9999 -9999 -9999 -9999 -9999 -9999 -9999 -9999 -9999 -9999 -9999 -9999 259.890781402588 264.1059217453 274.868705749512 286.854843139648 290.104908943176 315.315200805664 315.804178237915 334.894548416138 339.663960456848 361.17967414856 356.201439857483 362.167087554932 406.117670059204 431.257078170776 411.796183586121 474.323949813843 515.265653610229 494.144367218018 451.939027786255 494.809888839722 495.35612487793 500.736087799072 490.069232940674 486.76177406311 478.748264312744 470.058980941772 426.100199699402 424.639265060425 406.50106716156
-9999 -9999 -9999 -9999 -9999 -9999 -9999 -9999 -9999 -9999 -9999 -9999 -9999 -9999 -9999 -9999 -9999 -9999 -9999 -9999 256.584447860718 262.580331802368 271.730801582336 277.383843421936 283.317160606384 295.109236717224 308.940776824951 307.925815582275 -9999 327.38649559021 327.500586509705 343.286292076111 350.123354911804 379.552459716797 448.660984039307 452.347198486328 515.515453338623 519.849124908447 502.749574661255 495.83092880249 503.839912414551 500.168128967285 496.376033782959 479.014432907104 413.509834289551 430.576902389526 425.027372360229 429.734287261963 430.895471572876
-9999 -9999 -9999 -9999 -9999 -9999 -9999 -9999 -9999 -9999 -9999 -9999 -9999 -9999 -9999 -9999 -9999 -9999 244.355538368225 249.126599311829 -9999 262.284959793091 270.366762161255 276.532837867737 283.147650718689 290.834964752197 299.812323570251 311.932555198669 310.309098243713 335.516299247742 317.834144592285 324.029294967651 380.14727973938 402.340251922607 412.59628868103 447.40100479126 497.52349281311 505.49778175354 502.049058914185 500.701639175415 473.065446853638 474.252340316772 447.763984680176 419.290672302246 462.606164932251 436.730588912964 429.695095062256 433.616910934448 423.657603263855
-9999 -9999 -9999 -9999 -9999 -9999 -9999 -9999 -9999 -9999 -9999 -9999 -9999 -9999 -9999 -9999 -9999 -9999 -9999 -9999 -9999 -9999 263.169143676758 270.756512641907 279.499733924866 286.286197662354 291.794786453247 297.199001312256 310.256990432739 320.914563179016 322.934653282166 336.031396865845 330.035458564758 341.757467269897 334.846929550171 397.088762283325 466.233554840088 511.337789535522 468.971397399902 465.207660675049 419.923731803894 374.254300117493 432.999263763428 467.368402481079 407.119297027588 421.444253921509 463.517616271973 455.162178039551 442.714372634888
-9999 -9999 -9999 -9999 -9999 -9999 -9999 -9999 -9999 -9999 -9999 -9999 -9999 -9999 -9999 -9999 -9999 -9999 -9999 243.420134544373 -9999 250.489659309387 -9999 268.832049369812 276.958465576172 286.944889068604 295.145328521729 293.672371864319 295.30940246582 306.179679870605 315.642218589783 338.727769851685 375.850849151611 363.461850166321 325.632292747498 342.419854164124 429.104272842407 492.39649772644 490.112714767456 385.486106872559 340.682589530945 414.359928131104 387.759050369263 379.578172683716 398.477703094482 454.619594573975 471.620046615601 460.572938919067 440.09234046936
-9999 -9999 -9999 -9999 -9999 -9999 -9999 -9999 -9999 -9999 -9999 -9999 -9999 -9999 -9999 -9999 -9999 -9999 -9999 -9999 -9999 252.166227340698 252.552548408508 266.935018539429 267.129148483276 274.990381240845 286.730822563171 296.161416053772 299.86981010437 307.284181594849 320.413082122803 314.154487609863 320.822037696838 330.045726776123 323.333465576172 349.234531402588 363.159032821655 369.91833114624 424.048559188843 376.764451980591 373.532382965088 451.602025985718 451.747535705566 380.004655838013 428.560516357422 393.299564361572 432.386215209961 393.398725509644 386.311399459839
-9999 -9999 -9999 -9999 -9999 -9999 -9999 -9999 -9999 -9999 -9999 -9999 -9999 -9999 -9999 -9999 -9999 -9999 -9999 -9999 241.956567764282 249.382761955261 251.85441493988 -9999 268.227957725525 271.177307128906 290.74949836731 294.891706466675 301.46678352356 312.904699325562 306.735237121582 333.773283958435 335.570996284485 358.893763542175 316.958964347839 314.789031982422 337.682189941406 350.580007553101 348.640913009644 388.285984039307 439.722177505493 493.707433700562 485.99859046936 412.529243469238 485.339824676514 418.505504608154 432.299003601074 453.009468078613 441.484664916992
-9999 -9999 -9999 -9999 -9999 -9999 -9999 -9999 -9999 -9999 -9999 -9999 -9999 -9999 -9999 -9999 -9999 -9999 -9999 -9999 -9999 242.245347976685 249.909850120544 250.785305023193 259.964219093323 263.447281837463 281.198127746582 284.624451637268 293.788625717163 309.713383674622 310.113730430603 306.304738044739 331.54226398468 363.350791931152 325.474678993225 327.469444274902 325.974873542786 371.064605712891 416.950847625732 386.884712219238 409.5534324646 457.513864517212 427.806831359863 396.439514160156 442.292142868042 470.193111419678 473.368934631348 465.492252349854 451.229650497437
-9999 -9999 -9999 -9999 -9999 -9999 -9999 -9999 -9999 -9999 -9999 -9999 -9999 -9999 -9999 -9999 -9999 -9999 -9999 -9999 -9999 -9999 249.646386146545 250.867737770081 251.504238128662 268.475469589233 268.093687057495 275.62425994873 286.569484710693 303.839838027954 321.823503494263 309.908749580383 337.137480735779 346.185244560242 334.8442029953 369.912754058838 351.976669311523 347.395341873169 357.008361816406 447.272802352905 444.416700363159 455.629508972168 431.979396820068 480.967218399048 494.966705322266 484.778188705444 473.255058288574 462.339525222778 450.168333053589
-9999 -9999 -9999 -9999 -9999 -9999 -9999 -9999 -9999 -9999 -9999 -9999 -9999 -9999 -9999 -9999 -9999 -9999 -9999 -9999 -9999 -9999 -9999 -9999 253.986737251282 254.51854801178 -9999 271.696043014526 288.149958610535 292.902213096619 297.939130783081 292.633953094482 347.636326789856 356.040554046631 344.153272628784 344.407810211182 352.206748962402 415.216236114502 401.037023544312 435.879402160645 474.367744445801 440.163021087646 409.723917007446 429.422369003296 471.795261383057 490.864109039307 477.820560455322 477.913009643555 457.894950866699
-9999 -9999 -9999 -9999 -9999 -9999 -9999 -9999 -9999 -9999 -9999 -9999 -9999 -9999 -9999 -9999 -9999 -9999 -9999 -9999 -9999 -9999 -9999 245.964955329895 246.802456855774 253.467885971069 254.526865959167 266.189517021179 275.143153190613 289.483290672302 307.996689796448 302.43493270874 318.324878692627 343.09979724884 383.074902534485 396.689305305481 357.398030281067 355.648209571838 366.76211643219 413.399791717529 402.883295059204 456.106616973877 472.694204330444 468.261648178101 485.941947937012 474.782718658447 476.487270355225 475.027153015137 459.095623016357
-9999 -9999 -9999 -9999 -9999 -9999 -9999 -9999 -9999 -9999 -9999 -9999 -9999 -9999 -9999 -9999 -9999 -9999 -9999 -9999 -9999 -9999 -9999 -9999 245.183456420898 253.477957725525 263.311818122864 262.303730010986 274.308325767517 287.847347259521 297.935772895813 313.497288703918 324.007171630859 336.627558708191 402.579160690308 448.884325027466 391.35062789917 413.391054153442 461.262245178223 486.412105560303 483.217119216919 420.159965515137 407.157969474792 357.53018283844 389.722045898438 435.031551361084 467.783903121948 478.374401092529 467.452119827271
-9999 -9999 -9999 -9999 -9999 -9999 -9999 -9999 -9999 -9999 -9999 -9999 -9999 -9999 -9999 -9999 -9999 -9999 -9999 -9999 -9999 -9999 -9999 -9999 242.3670835495 249.441266059875 267.895672798157 270.119769096375 277.792789459229 276.229526519775 292.027746200562 301.054336547852 327.141488075256 348.294498443604 348.322912216187 405.102142333984 393.724714279175 426.690696716309 468.561460494995 473.739164352417 451.043212890625 344.946046829224 402.859790802002 437.742988586426 470.826253890991 467.957918167114 476.845705032349 471.390895843506 461.471569061279
-9999 -9999 -9999 -9999 -9999 -9999 -9999 -9999 -9999 -9999 -9999 -9999 -9999 -9999 -9999 -9999 -9999 -9999 -9999 -9999 -9999 -9999 -9999 -9999 234.284174919128 238.576814651489 255.990508079529 266.309287071228 299.706078529358 271.526587486267 276.312107086182 294.872659683228 304.115829467773 311.089528083801 334.462049484253 366.148495674133 404.307839393616 397.791975021362 425.373315811157 439.912086486816 377.00835609436 346.168801307678 408.380098342896 468.202363967896 489.746477127075 482.274749755859 473.902936935425 467.447927474976 466.359615325928
-9999 -9999 -9999 -9999 -9999 -9999 -9999 -9999 -9999 -9999 -9999 -9999 -9999 -9999 -9999 -9999 -9999 -9999 -9999 -9999 -9999 -9999 -9999 -9999 -9999 237.856974601746 245.430166244507 256.258892059326 269.813019752502 266.055304527283 285.469254493713 288.312124252319 291.632658004761 311.142332077026 340.734875679016 343.258009910583 359.706571578979 362.093544006348 401.882245063782 377.602825164795 350.237854957581 335.382947921753 416.313566207886 465.939325332642 460.096143722534 426.726984024048 423.177099227905 459.369480133057 419.197640419006
-9999 -9999 -9999 -9999 -9999 -9999 -9999 -9999 -9999 -9999 -9999 -9999 -9999 -9999 -9999 -9999 -9999 -9999 -9999 -9999 -9999 -9999 -9999 -9999 -9999 235.461742401123 241.558669090271 253.59210395813 279.606677055359 263.392312049866 268.928210258484 272.081484794617 287.872483253479 320.008044242859 332.272566795349 342.178379058838 335.132180213928 385.194915771484 385.153676986694 346.796053886414 327.015128135681 408.271110534668 374.889813423157 392.188341140747 399.403739929199 379.506993293762 340.978106498718 374.460195541382 429.412715911865
-9999 -9999 -9999 -9999 -9999 -9999 -9999 -9999 -9999 -9999 -9999 -9999 -9999 -9999 -9999 -9999 -9999 -9999 -9999 -9999 -9999 -9999 -9999 -9999 -9999 -9999 232.024755477905 239.796487808228 265.834668159485 260.738618850708 -9999 -9999 -9999 -9999 308.859803199768 330.640791893005 331.625009536743 332.366920471191 329.476984024048 -9999 377.259769439697 420.708923339844 384.769669532776 395.93395614624 386.406167030334 411.768891334534 404.241245269775 395.257259368896 355.899271011353
