data/train_2003/bio14_avg_2003-2018.asc
NCOLS 664 
NROWS 380 
XLLCORNER 3.91666666666667 
YLLCORNER 55.3333333333333 
CELLSIZE 0.0416666666666666 
NODATA_value -9999 
[rows 132 to 153 of 380, columns 539 to 587 of 664]
19.9779706597328 19.85026460886 19.8532758951187 19.8837891817093 19.6469948291779 19.7067346572876 19.7505391836166 19.7589420676231 19.9730433225632 19.9994468092918 19.8095203638077 19.8354905843735 20.0515437722206 20.078083217144 19.5418635606766 19.5379649996758 19.3650971055031 19.5850036740303 19.6085232496262 19.6320421695709 19.6555619239807 19.6837389469147 19.8863280415535 20.1162418723106 20.3499416708946 20.812989115715 21.2435027360916 21.0850138068199 21.1191745400429 21.3491006493568 21.3842995166779 22.0555614829063 22.4972652196884 22.964935362339 23.4802698493004 23.3202794790268 23.1619467735291 23.2268698215485 23.6941636800766 23.7395172119141 24.2159080505371 24.4762098193169 24.4907004237175 24.5560789704323 24.5681769251823 24.4159634113312 24.2133024930954 24.210175216198 24.100204706192
19.9048179388046 19.836911380291 19.6185596585274 19.6474267244339 19.6345629692078 19.6649476885796 19.7383978962898 19.7675053477287 19.7917123436928 19.8182476758957 19.8177669644356 19.6429677605629 19.8729578852654 19.9005535244942 19.9281488060951 19.3648876547813 19.2234001755714 19.4139779210091 19.6356916427612 19.660699903965 19.8566823005676 19.8803743124008 20.1425194740295 20.1769350767136 20.2113510966301 20.6142843365669 21.0875020027161 21.0952251553535 21.3536651134491 21.6537102460861 21.6902910470963 21.8945956230164 22.3374425172806 22.6104319691658 23.1261410713196 22.9597623348236 22.9960190057755 23.2451569437981 23.541629254818 23.574508368969 23.857496380806 24.5251938700676 24.5331062674522 24.3694353699684 24.4406734108925 24.2449391484261 24.4879385232925 24.4932006597519 24.1627867221832
19.4225394129753 19.4235567450523 19.3583682775497 19.3866909742355 19.3005775809288 19.1723431944847 19.4556314945221 19.6869757175446 19.7847108244896 19.9449099302292 19.7747873067856 20.1635940670967 20.0396029353142 19.5253676772118 19.3605546355247 19.4149978756905 19.2475119233131 19.6363631486893 19.8338798284531 20.0539095401764 19.8876128792763 19.9179359078407 20.1750671863556 20.0127154588699 20.0464720129967 20.0802286863327 20.7507777810097 21.3963310718536 21.4593576192856 21.4306104183197 21.7327991127968 22.4089252948761 22.6154273748398 22.6564131379128 22.7264189720154 22.8338288068771 23.0531663894653 23.2902377843857 23.3556845188141 24.0449451208115 24.4869247674942 24.3273095488548 24.3331307172775 24.3929366469383 24.6373900175095 24.7195442914963 24.5596681833267 24.5699764490128 24.3201068043709
19.4136199355125 19.1645058393478 19.1902650594711 19.2208788394928 19.4099736213684 19.2821058034897 19.6445732116699 19.6757290363312 19.5927437543869 19.4182210564613 19.3921248316765 19.4247710704803 19.301227748394 19.5774694085121 19.3660805225372 19.5609987974167 19.4654362797737 19.6893626451492 19.7173357605934 19.7453092932701 19.9458253383636 20.1713169813156 20.2076153159142 20.2439137101173 20.2802121639252 20.5530676245689 20.783123254776 20.8200752735138 21.0617809295654 21.5346598625183 21.4023351669312 21.8138825297356 22.1189754009247 22.1561459302902 22.3963075876236 22.8780286312103 22.9112373590469 23.1422223448753 23.4010399580002 23.6899743080139 24.3712269663811 24.6360839605331 24.6866400837898 24.6838393807411 24.7229602336884 24.759325325489 24.8298391699791 24.5790876150131 24.5550134778023
19.0864118933678 19.0857816934586 18.8658658266068 18.8933529853821 19.0795047879219 19.1735846996307 19.0422719120979 19.3048790693283 19.4957993626595 19.3730026483536 19.5769157409668 19.6124886274338 19.4568449258804 19.3369448184967 19.3716067671776 19.4604594111443 19.4897572994232 19.5190554857254 19.7444952130318 19.9466374516487 20.5818389058113 20.4102253913879 20.0443544983864 20.0793841481209 20.1144135594368 20.5891511440277 20.7928002476692 20.8579025268555 20.8958054184914 21.3062871694565 21.4419253468513 21.8562425374985 21.9159217476845 22.1987022161484 22.2631158828735 22.4832077026367 22.9354186654091 23.0133079886436 23.4463950395584 23.7343127131462 24.4176032543182 24.4501075148582 24.7273312807083 24.7264263629913 25.1112539172173 24.9844099879265 24.8330180644989 24.8244321346283 24.6383258104324
18.8948091268539 18.6342245340347 18.6076436042786 18.8845032453537 19.3207311034203 19.5489543676376 19.4219200015068 19.4536330699921 19.4853463172913 19.6847394704819 19.5704330801964 19.5845777392387 19.6557674407959 19.5356944203377 19.6312817335129 19.6683367490768 19.876339495182 19.5449672937393 19.771655023098 19.8026117682457 20.0076802968979 20.4708094000816 20.5094158053398 20.5480219721794 20.5866285562515 20.625235080719 20.6638416051865 21.1011135578156 21.3793985247612 21.4440588951111 21.6533719301224 22.3356963992119 22.2031873464584 22.2412585020065 22.4867789149284 22.5281485915184 23.2177858352661 23.0563310980797 23.4917502999306 23.7786508202553 24.4576071500778 24.4900779128075 24.7680224180222 24.768538236618 24.7621855735779 24.9171169400215 24.8244294524193 24.6012181043625 24.6345145702362
18.9373897910118 18.9134383797646 18.8483003973961 18.8756534457207 19.0346772074699 19.1555850505829 19.3172565698624 19.0392116308212 19.3430045247078 19.2143181562424 19.3872324228287 19.426823079586 19.8831406235695 19.9235273003578 19.636643409729 19.6758488416672 19.7150537967682 19.7542588710785 19.7934635281563 20.1965792179108 20.2299103140831 20.0734487771988 20.3052589893341 20.582219004631 20.7868904471397 20.6885671615601 20.8937523961067 21.1394987106323 21.6132116913795 21.8598607182503 22.0967329144478 22.2060263156891 22.2452936172485 22.0306650996208 22.3208486437798 22.5730897188187 23.4812021255493 23.3059522509575 23.7659395933151 23.8229895830154 24.0870396494865 24.3042863607407 24.519578397274 24.5091273188591 24.4986959695816 24.5740599036217 24.6065608859062 24.6390615105629 24.4931626915932
18.5367407202721 18.8122324943542 18.8395180702209 19.0256071686745 19.0533020496368 19.0535708069801 18.8371962308884 19.1517459154129 18.976878464222 19.3694624900818 19.4113062024117 19.4258660674095 19.4677118659019 19.7107550501823 19.7530655264854 19.6250545978546 19.7247155308723 19.7660706043243 19.8074257969856 20.0233898758888 20.0695353746414 20.1055104732513 20.3378071188927 20.6164165735245 20.8218517899513 20.8898733854294 20.7633988857269 20.9713846445084 21.2528322339058 21.6951547861099 21.7371609210968 22.2474479079247 22.2873995900154 22.3536211252213 23.0429498553276 23.077688395977 23.3095873594284 23.4870056509972 23.8069632053375 23.8673279881477 23.9005907773972 24.2996251583099 24.334399163723 24.5490062832832 24.5385332107544 24.61349350214 24.4670437574387 24.6500508785248 24.514941573143
18.210927605629 18.2373095154762 18.3558747768402 18.571485042572 18.6030787825584 18.6346724033356 19.1835654377937 19.2168745398521 19.0506775379181 19.165022611618 19.5423193573952 19.4249094128609 19.3065052628517 19.3501082658768 19.5893952846527 19.4373138546944 19.4809165596962 19.9507102370262 19.821387887001 20.2305913567543 20.4942855834961 20.5375534892082 20.5514801740646 20.411360502243 20.8840924501419 20.9257989525795 20.7992557287216 21.0092120170593 21.4940833449364 21.5608329772949 21.7790556550026 22.2888695001602 22.3568184375763 22.7767770886421 22.6224849820137 23.0933401584625 23.8272215723991 24.2556190490723 23.8440008759499 23.4403675794601 23.5931134819984 24.0877255797386 24.3720760941505 24.1512659788132 24.4404726028442 24.6958332657814 24.7696732878685 24.7576780319214 24.6212247610092
18.5419574975967 18.589549601078 18.6216043829918 18.7185094356537 18.7507875561714 18.6231850385666 18.8153445720673 18.8476231098175 18.9639719724655 18.7565768361092 18.9506093263626 18.9410374760628 18.9860774874687 19.5494624376297 19.5949740409851 19.6132433414459 19.3538864254951 19.7624449729919 19.8530395627022 20.0296442508698 20.2662828564644 20.3379887342453 20.5420200228691 20.444849550724 20.7271907925606 20.7688935995102 20.6049324274063 21.047039270401 21.0896964669228 21.5997578501701 21.8482945561409 22.5121608376503 22.5847942829132 22.4388349056244 22.4729825258255 23.1361825466156 23.1959488987923 23.2284265160561 23.4208812117577 23.2194497585297 23.6863335371017 23.7176385521889 23.8246806263924 24.4863045811653 24.5199130773544 24.5521983504295 24.5402327179909 24.4465755224228 24.6021332144737
18.554637670517 18.5894893407822 18.8589609861374 19.174324452877 19.0997107028961 18.8290038108826 18.862152338028 18.8584044575691 19.0198713541031 19.0283081531525 18.9126384854317 18.9586903452873 19.1645897626877 19.1830444931984 19.5895213484764 19.6633643507957 19.5148904919624 19.5344716906548 19.6392537355423 19.628198325634 19.5595949292183 19.9716140031815 20.0411877632141 20.1315377354622 20.5445473194122 20.8278875350952 20.8948769569397 20.934511244297 21.3521361351013 21.4199420213699 22.3553771972656 21.9588495492935 22.0036811232567 22.5054983496666 22.5376214981079 22.9579740762711 23.2635889053345 23.1091186404228 23.3297124505043 23.1304909586906 23.5658909082413 23.7751587629318 24.1371622681618 24.5460352301598 24.6229842305183 24.3570796847343 24.2201765775681 24.0433826446533 24.0307332277298
18.6984613537788 18.6066827178001 18.849573969841 19.0209593772888 18.6944190263748 18.5678201913834 18.8919171094894 18.9267553091049 18.8123413324356 18.6494164466858 18.949944794178 18.9958130121231 18.813080728054 19.0589596629143 19.1041973233223 19.1494345664978 19.1946722269058 19.5721687078476 19.4568879008293 19.4359747171402 19.3756222128868 19.4767013192177 19.6824796199799 20.259643137455 20.4180101752281 20.8339778184891 20.9051679968834 21.192958176136 21.2371569275856 21.2813557386398 21.9670385122299 22.4275521039963 22.2957130074501 22.1164527535439 22.1901046037674 22.6559668183327 22.8803656697273 22.9120886921883 22.943812251091 23.1962797641754 23.5199376344681 23.9689964652061 24.0036417245865 24.1779489517212 24.2112611532211 24.2447976469994 24.0974218249321 24.1308153867722 24.3209154605865
18.7142786383629 18.4153475761414 18.4630233645439 18.2164062857628 18.4492498636246 18.4490052461624 18.7743145227432 18.8175528645515 18.6513628959656 18.5238390564919 18.9313224554062 18.8330338001251 19.0498418211937 18.8928910493851 19.140266418457 19.1292821764946 19.1743602752686 19.4473232030869 19.4935399889946 19.5397566556931 19.4684054851532 19.685905277729 19.926340341568 20.3833692669868 20.6931155323982 21.3949192166328 21.232718706131 21.2776285409927 21.3225380778313 21.3950328826904 21.8802550435066 22.0809742212296 21.9229623675346 22.0147707462311 22.6882430911064 22.7747267484665 22.9472411870956 23.9027205705643 23.4285483360291 23.2676463127136 23.5611925125122 24.0184358358383 23.6283605694771 23.8576380610466 24.1524340510368 24.1177091002464 24.1116753220558 24.1908142566681 24.4583909511566
17.9697722196579 18.1677128076553 18.2045339941978 18.2413557171822 18.2781762480736 18.2875040769577 18.6137744784355 18.6510983109474 18.688422203064 18.7251616120338 18.9681888818741 19.068295955658 18.8834199309349 18.9280301332474 18.9726403355598 19.1659665107727 19.2110257148743 19.4283438920975 19.725790977478 19.5486785769463 19.2313578724861 19.6655963659286 19.9638252854347 20.2575272917747 20.9065817594528 21.172286272049 21.1261160969734 21.362299144268 21.4355828762054 21.8813580870628 22.831614613533 22.6850330233574 22.4865808486938 22.497679412365 23.1888177394867 23.2956709861755 23.6467781662941 24.3580574989319 23.7594916820526 23.7037701010704 23.5765016078949 24.1228526830673 24.2030050754547 24.1959291100502 24.1887437105179 24.3816826939583 24.2383549809456 24.2780579924583 23.9376395344734
17.7426325082779 17.8031241297722 17.836110830307 18.2663043141365 18.3046571016312 18.5135437250137 18.6430116295815 18.6818912625313 18.720771253109 18.5978553295135 19.0050556063652 19.0224893689156 18.7572646141052 18.9631689786911 18.6276636719704 18.8337500095367 18.8502764701843 18.8944259285927 19.1455606818199 19.353531897068 19.4833723306656 19.900769174099 20.0013095736504 20.212807059288 20.7171487808228 20.8168457150459 20.7066983580589 21.2067922949791 21.5161537528038 21.9689154624939 22.2363600730896 22.3198325037956 22.5190069675446 22.6290621161461 23.2534155249596 23.3762927055359 24.1165452599525 23.9069364666939 23.6786895990372 23.7183385491371 23.9775766134262 23.9789432287216 24.0573493242264 24.0972374081612 23.7947709560394 24.2795941829681 24.5561901926994 24.2366127371788 24.213471353054
17.8124986886978 17.9004794359207 17.6894324421883 18.1515040397644 18.1910650730133 18.2306261062622 18.6722482442856 18.6192722320557 18.6510251760483 18.8268014192581 18.871441245079 18.9160812497139 18.7930387854576 18.8067039251328 18.6351500153542 18.6788165569305 18.7224825620651 18.8746413588524 19.126615524292 19.5978209972382 19.2706517577171 19.700649023056 19.8283898234367 20.1393766403198 20.7298716306686 20.4723651409149 20.9563174843788 21.0832920670509 21.5307205915451 21.809464931488 22.05418664217 22.1767800450325 22.7785291671753 22.8995355963707 22.9918777346611 23.8314952254295 24.5479301810265 24.2686853408813 23.7630801796913 23.7972328662872 23.8364500999451 24.0969015955925 24.1369979381561 24.1628863811493 24.1470422744751 24.4122767448425 24.2301693558693 24.3230066895485 24.6548285484314
17.6041830778122 17.8414112925529 17.9707624912262 18.0114686489105 18.2170934081078 18.5426058769226 18.7014853358269 18.4894077181816 18.4416862726212 18.6388425827026 18.5766899585724 18.6204480528831 18.9440614581108 18.7874899506569 18.8315829634666 18.7137435078621 18.7572313547134 18.9638621807098 18.8138346076012 18.8854162693024 19.0961416959763 19.3588241934776 19.837033033371 20.0755160450935 20.3887253403664 20.3309487700462 20.788966178894 20.6891419291496 21.3146351575851 21.4815682172775 22.1744019389153 22.2694385051727 22.7094159126282 22.7933767437935 23.3065732121468 23.8058713674545 23.9797232151031 24.0886318087578 24.2547634840012 24.1661505699158 24.162804543972 23.9471073150635 23.9853431582451 23.9845467209816 24.523447573185 24.4835557937622 24.2834770679474 24.4268307685852 24.6783952116966
17.7116636633873 17.7535448670387 17.9929558038712 18.2208707332611 18.2652868032455 18.2089605927467 18.2427693605423 18.494069814682 18.8902853131294 18.6844571828842 18.558502972126 18.6021257042885 18.6457488536835 18.4958968162537 18.4929323196411 18.3213728666306 18.3891862034798 18.5944901108742 18.8475695848465 19.0548039674759 19.1524918079376 19.4467969536781 19.7582901120186 20.001641690731 20.2671617269516 20.3678957819939 20.8825213313103 20.9845927357674 21.1142671704292 21.5375426411629 22.0533406734467 22.5415034294128 22.7958511710167 22.8382052183151 23.3983710408211 23.8809588551521 24.1446326971054 24.5113703012466 24.1982784867287 24.2382733821869 24.278267621994 24.2480782270432 24.2377036809921 24.5379160642624 24.5181307792664 24.4338896870613 24.485760807991 24.7862749695778 24.5425620675087
17.45346814394 17.661446750164 18.0151489973068 18.242356300354 18.3771379590034 18.6009178161621 18.4664348959923 18.7279071211815 18.5618250966072 18.6015963554382 18.5934091806412 18.6370054483414 18.7326690554619 18.7763599157333 18.9534458518028 18.6213835477829 18.6121408343315 18.6552512049675 18.6703887581825 18.7662286758423 19.2229521274567 19.5334218144417 19.6326350569725 20.2561676502228 20.1917626857758 20.4329059720039 20.7055803537369 20.7540038228035 21.1011688709259 21.5324870347977 21.8903794884682 22.5799160003662 22.6743299365044 23.1145605444908 23.5095652937889 24.3286898732185 24.1867060065269 24.2277527451515 24.2691658735275 24.3103950619698 24.3097884654999 24.6127825379372 24.3638682365417 24.6673822402954 24.5967580080032 24.7991825342178 24.5592131614685 24.6177935600281 24.4736489653587
17.8340601325035 17.8512566685677 17.8961552977562 18.3517401218414 18.2622982859612 18.296975851059 18.5208146572113 18.5581290721893 18.5954430699348 18.6359288692474 18.6795864701271 18.723243534565 18.7669011354446 18.983954012394 18.8542152643204 18.8637638092041 18.6968546509743 18.7400147914886 18.7831752300262 19.2601643204689 19.3043493628502 19.5664771199226 19.8586280345917 20.292183637619 20.227824985981 20.5223593711853 21.2073485851288 20.9261512160301 20.9741657972336 21.2364560961723 21.6773993968964 22.2081291079521 22.6637380719185 23.0374019145966 23.5334874391556 24.035620868206 24.022586286068 24.191743016243 24.3127240538597 25.0306952595711 25.2048349380493 25.0762841701508 25.091402888298 24.9407376646996 24.4671920537949 24.3492099046707 24.6038386821747 24.2696155309677 24.739857852459
17.9660136699677 17.958328127861 18.0050536394119 18.3449097275734 18.3948003053665 18.4446905851364 18.4945809841156 18.5398712158203 18.7879925370216 18.8296088576317 18.7645480036736 18.91773468256 18.9617974162102 18.6279129385948 18.671029984951 19.1450574994087 19.1892021298409 19.2052045464516 19.4126482605934 19.4572315216064 19.5532941222191 19.6276869773865 19.7271216511726 20.1120799779892 20.6746347546577 20.7244393229485 21.246027469635 21.3489924073219 21.2247700095177 21.2693951129913 21.3660573959351 22.0586518645287 22.3347966074944 22.7990202903748 23.2498906850815 23.6071795225143 23.8437677621841 24.1589133739471 25.0700289011002 25.5064952373505 25.3227092027664 25.194737136364 24.8882830739021 24.8489537239075 25.5625742077827 24.6280254125595 24.2303406000137 24.2861129641533 24.1924973726273
17.6522815227509 17.9781193137169 18.0263621211052 18.0690886974335 18.105916261673 18.1427441835403 18.4153260588646 18.455322265625 18.662679374218 18.7545735239983 18.7481837272644 18.9520955681801 19.0463282465935 19.0904313325882 19.1345340013504 19.1786371469498 19.2227399945259 19.266843020916 19.6881945133209 19.7333564758301 19.8293240666389 19.8765866160393 19.9326763153076 20.1980751156807 20.5448058843613 20.5951248407364 21.2847065329552 21.3878559470177 21.7116909623146 21.7644145488739 21.6032036542892 21.8042966723442 22.3438938260078 22.5670133829117 23.342370569706 23.4340810775757 24.1329167485237 24.2543345093727 24.4558960795403 25.0185884833336 24.8528226613998 24.850318312645 24.7241159081459 24.9798734784126 25.6419526934624 24.7031046748161 24.2641802430153 23.9387546777725 24.1604624390602
