data/train_2003/bio16_avg_2003-2018.asc
NCOLS 664 
NROWS 380 
XLLCORNER 3.91666666666667 
YLLCORNER 55.3333333333333 
CELLSIZE 0.0416666666666666 
NODATA_value -9999 
[rows 0 to 21 of 380, columns 539 to 587 of 664]
-9999 -9999 -9999 -9999 -9999 -9999 -9999 -9999 -9999 -9999 -9999 -9999 -9999 -9999 -9999 -9999 -9999 -9999 -9999 -9999 -9999 -9999 -9999 -9999 -9999 -9999 -9999 -9999 -9999 -9999 -9999 -9999 -9999 -9999 -9999 -9999 -9999 -9999 -9999 -9999 -9999 -9999 -9999 -9999 -9999 -9999 -9999 -9999 -9999
-9999 -9999 -9999 -9999 -9999 -9999 -9999 -9999 -9999 -9999 -9999 -9999 -9999 -9999 -9999 -9999 -9999 -9999 -9999 -9999 -9999 -9999 -9999 -9999 -9999 -9999 -9999 210.747666358948 202.712151527405 203.628581047058 205.195261955261 205.606285095215 193.647203445435 -9999 -9999 -9999 -9999 -9999 -9999 -9999 -9999 -9999 195.393465042114 194.766800880432 194.251731872559 -9999 -9999 -9999 -9999
-9999 -9999 -9999 -9999 -9999 -9999 -9999 -9999 -9999 -9999 -9999 -9999 -9999 -9999 -9999 -9999 -9999 -9999 -9999 -9999 -9999 -9999 -9999 -9999 -9999 -9999 196.166165351868 207.741270065308 210.743318557739 205.881121635437 207.410926818848 202.296918869019 199.384037017822 194.357347488403 184.962824821472 183.166667938232 202.298406600952 196.439719200134 197.101886749268 197.2577085495 194.361124038696 204.116157531738 199.934438705444 196.573348999023 192.525005340576 188.860907554626 -9999 -9999 -9999
-9999 -9999 -9999 -9999 -9999 -9999 -9999 -9999 -9999 -9999 -9999 -9999 -9999 -9999 -9999 -9999 -9999 -9999 -9999 -9999 205.071368217468 203.621603965759 199.881987571716 193.000232696533 200.319512367249 203.884755134583 201.661447525024 198.210049629211 204.630568504333 208.093126296997 204.926998138428 205.699920654297 202.412939071655 197.027846336365 189.944832801819 194.021469116211 199.738819122314 198.779870986938 199.08349609375 197.150591850281 200.574299812317 200.550197601318 200.04233455658 193.644846916199 188.099952697754 -9999 -9999 -9999 -9999
-9999 -9999 -9999 -9999 -9999 -9999 -9999 193.476991653442 -9999 -9999 -9999 -9999 -9999 -9999 -9999 -9999 -9999 -9999 206.495041847229 203.678441047668 198.549592971802 203.017262458801 199.818638801575 201.695538520813 204.288373947144 207.206402778625 199.158386230469 186.506413459778 200.942331314087 205.650330543518 207.115569114685 207.057663917542 202.050742149353 196.715753555298 196.843066215515 200.569669723511 202.512156486511 200.573204994202 197.676679611206 199.069794654846 200.095495223999 199.752153396606 194.051641464233 189.15510559082 207.152565002441 220.076410293579 215.825283050537 213.006942749023 204.259627342224
-9999 -9999 213.675743103027 211.773312568665 209.151303291321 211.636543273926 205.796643257141 197.56023979187 192.289443969727 -9999 -9999 -9999 -9999 -9999 -9999 -9999 -9999 199.739194869995 201.5053358078 201.685959815979 200.661095619202 197.600023269653 195.475975990295 194.637957572937 194.169569015503 195.768381118774 198.848393440247 202.976152420044 198.620120048523 198.635398864746 203.140371322632 204.372575759888 201.451327323914 200.097869873047 201.616480827332 201.765874862671 199.399757385254 198.497069358826 198.785904884338 198.965763092041 198.267949104309 194.751587867737 193.511679649353 214.088821411133 231.435977935791 237.622201919556 236.806495666504 224.329867362976 210.609590530396
213.599435806274 210.41143989563 213.29314994812 215.115416526794 219.16145324707 213.915467262268 207.234417915344 197.758120536804 189.72817325592 -9999 -9999 -9999 -9999 -9999 -9999 -9999 -9999 -9999 187.541214942932 190.028952598572 193.189746856689 193.381477355957 193.41335773468 189.46187877655 183.439406394958 189.925721168518 191.692118644714 195.485260009766 198.033039093018 202.421523094177 204.888433456421 204.005506515503 202.42288684845 202.520142555237 202.096514701843 200.00302696228 201.051572799683 201.104908943176 199.557222366333 196.595541000366 196.669783592224 208.868968009949 220.816553115845 215.972723007202 211.971079826355 212.054637908936 207.848707199097 202.915363311768 203.466843605042
220.882897377014 221.501305580139 220.160629272461 216.308776855469 211.370404243469 205.75955581665 196.404958724976 189.937873840332 191.582976341248 184.534934997559 -9999 -9999 -9999 -9999 -9999 -9999 -9999 -9999 -9999 -9999 -9999 -9999 -9999 -9999 -9999 -9999 189.116208076477 192.917734146118 194.966791152954 197.1683177948 196.720697402954 196.939064025879 196.776030540466 195.704763412476 195.70530128479 196.435735702515 199.887365341187 198.910095214844 201.156628608704 202.212657928467 213.793121337891 219.087808609009 207.958594322205 203.608342170715 204.783818244934 204.251560211182 200.520055770874 197.886377334595 193.640109062195
215.900876045227 218.291994094849 212.433827400208 206.897414207458 202.772912979126 203.119488716125 200.426228523254 193.339879989624 185.953427314758 -9999 -9999 -9999 -9999 -9999 -9999 -9999 -9999 -9999 -9999 179.01470375061 -9999 183.955193519592 191.387637138367 198.791662216187 195.122020721436 194.442556381226 189.801287651062 195.302724838257 196.697048187256 195.141573905945 194.647733688354 194.393210411072 192.66697883606 192.701743125916 190.076409339905 188.928206443787 188.915976524353 184.052894592285 187.197317123413 189.280633926392 189.224539756775 189.774719238281 197.027612686157 196.4147605896 189.618581771851 185.250430107117 188.099360466003 185.732534408569 -9999
218.126708030701 218.271305084229 218.929924964905 221.582401275635 217.496419906616 217.262956619263 202.536037445068 186.210109710693 185.181615829468 -9999 -9999 -9999 -9999 -9999 -9999 -9999 -9999 -9999 -9999 179.20606803894 -9999 183.934350013733 190.649043083191 195.862460136414 199.14695930481 202.939952850342 203.022462844849 202.075629234314 203.612013816833 201.915830612183 202.979564666748 203.573530197144 198.297137260437 193.116834640503 194.061909675598 198.958223342896 206.53452205658 198.201921463013 193.427439689636 181.286562919617 197.847961425781 -9999 -9999 -9999 176.27338886261 -9999 -9999 -9999 -9999
228.368530273438 218.351472854614 211.920072555542 209.208638191223 215.781079292297 211.747952461243 190.8406457901 183.908349990845 -9999 -9999 -9999 -9999 -9999 -9999 -9999 -9999 -9999 186.497856140137 189.023175239563 188.603335380554 196.260074615479 193.015404701233 193.096235275269 197.540697097778 200.41277217865 200.063695907593 202.012971878052 204.646405220032 206.173704147339 203.867984771729 202.901164054871 201.720992088318 205.684864997864 214.674519538879 216.381196022034 209.392141342163 204.573238372803 201.294096946716 197.391167640686 191.696869850159 186.399368286133 178.500208854675 175.393308639526 -9999 184.827140808105 185.670444488525 -9999 -9999 -9999
210.856424331665 207.58627986908 203.688616752625 192.944138526917 184.711971282959 181.338582038879 -9999 -9999 -9999 -9999 -9999 -9999 -9999 -9999 -9999 -9999 181.1883020401 180.50852394104 184.733599662781 188.930603027344 193.674130439758 201.338394165039 201.965818405151 199.86981678009 198.549018859863 198.493788719177 197.977528572083 199.811888694763 202.879664421082 203.464915275574 207.852820396423 213.955636978149 213.613593101501 204.257308959961 199.622853279114 198.858192443848 195.118992805481 183.490119934082 184.162885665894 177.988501548767 177.881670951843 190.309388160706 194.403631210327 205.711848258972 215.113283157349 206.413431167603 179.077785491943 -9999 -9999
203.592673301697 201.730690002441 198.892690658569 193.429478645325 185.334414482117 185.306651115417 180.246845245361 -9999 -9999 -9999 -9999 -9999 -9999 -9999 -9999 -9999 176.656805038452 188.874594688416 189.083452224731 191.803060531616 192.658806800842 192.299562454224 191.972630500793 193.400093078613 199.619249343872 199.918572425842 198.894706726074 199.321575164795 198.69140625 197.030209541321 189.895818710327 186.854334831238 184.818675994873 182.064246177673 178.4314661026 175.161123275757 185.009515762329 191.844977378845 192.355452537537 199.148512840271 212.19035243988 225.258862495422 216.877362251282 211.624594688416 210.604557037354 187.579614639282 -9999 -9999 -9999
205.300309181213 210.210859298706 209.834964752197 207.147332191467 198.139647483826 185.233999252319 -9999 -9999 -9999 -9999 -9999 -9999 175.688166618347 -9999 178.083218574524 188.57896900177 187.148226737976 189.133212089539 190.533053398132 185.285312652588 187.007448196411 188.48388671875 188.887097358704 187.515229225159 189.535181999207 188.888402938843 187.774929046631 191.168395042419 190.039084434509 190.406209945679 187.199959754944 194.294320106506 205.787181854248 208.909990310669 194.545683860779 195.443427085876 211.161898612976 216.498986244202 208.164256095886 216.774296760559 219.705918312073 216.988535881042 208.217279434204 195.573948860168 179.821751594543 -9999 -9999 -9999 -9999
213.624805450439 210.657055854797 204.747309684753 200.039973258972 191.995765686035 180.52570438385 176.614926338196 -9999 -9999 -9999 -9999 -9999 -9999 -9999 179.060892105103 184.243383407593 188.800052642822 195.452339172363 192.432119369507 190.535627365112 185.134693145752 186.079752922058 184.883277893066 181.62281036377 184.219944000244 197.096279144287 210.963847160339 215.035577774048 210.952966690063 204.19356918335 207.394597053528 212.074585914612 211.439563751221 211.50239276886 213.783765792847 224.66664981842 224.5274477005 220.761916160583 206.587552070618 196.951862335205 187.513070106506 180.757701873779 173.411641120911 -9999 -9999 -9999 -9999 -9999 184.896878242493
204.420877456665 203.072681427002 199.220595359802 190.862952232361 183.515184402466 178.497487068176 -9999 -9999 -9999 -9999 -9999 171.989802360535 171.30210018158 -9999 178.602786064148 181.948885917664 187.168043136597 188.931844711304 194.338184356689 194.065172195435 195.829030990601 197.751528739929 193.966991424561 188.650262832642 190.461622238159 202.360210418701 217.055503845215 228.280733108521 221.366815567017 212.736373901367 212.797198295593 213.774353027344 206.933084487915 197.951204299927 195.411062240601 192.121825218201 183.406229972839 178.416644096375 172.762881278992 169.430426597595 168.553912162781 -9999 174.575534820557 173.500457763672 179.34065246582 180.707365036011 176.025233268738 176.646861076355 175.560875892639
200.885637283325 194.783933639526 188.672392845154 180.76661491394 176.200064659119 -9999 -9999 -9999 -9999 178.586903572083 182.056030273438 188.853668212891 179.797173500061 173.257689476013 182.545207023621 187.077988624573 180.329849243164 183.140170097351 192.516857147217 193.383631706238 192.456505775452 193.00537776947 193.837530136108 190.215614318848 189.452847480774 200.369469642639 203.623611450195 204.693469047546 204.121236801147 201.300586700439 197.994089126587 195.304173469543 188.198357582092 182.122800827026 176.82249546051 170.07196521759 175.444298744202 173.316013336182 175.576936721802 175.964907646179 176.459994316101 175.609860420227 174.708438873291 180.965738296509 194.290104866028 192.714016914368 176.689374923706 174.968918800354 181.333652496338
194.161273002625 195.657954216003 188.111369132996 178.025231361389 176.391200065613 179.61067199707 182.65519618988 183.499004364014 184.380666732788 184.955018997192 186.520227432251 184.260202407837 183.977725028992 181.244534492493 188.402667999268 186.321353912354 185.071969985962 188.521324157715 188.151865005493 188.104036331177 190.81453704834 192.953542709351 193.845078468323 193.909045219421 198.356128692627 197.501341819763 196.667324066162 196.875864982605 198.477288246155 199.941082000732 199.521203041077 191.419366836548 183.763303756714 182.843653678894 180.615780830383 176.682121276855 178.463599205017 188.040942192078 182.86566734314 173.211567878723 174.24949836731 175.483565330505 176.505910873413 183.390846252441 178.92128276825 174.444986343384 173.982480049133 181.403784751892 188.593878746033
189.448159217834 185.074493408203 181.395752906799 176.767112731934 187.519235610962 182.060389518738 184.767767906189 189.136724472046 191.963819503784 189.695662498474 191.031703948975 186.820050239563 184.913330078125 183.531551361084 189.008274078369 196.347007751465 196.321598052979 197.134579658508 195.081714630127 197.279476165771 198.593107223511 200.350924491882 198.826560020447 199.807427406311 203.231886863708 201.745383262634 200.922887802124 196.969470977783 197.722230911255 198.412528991699 193.56233215332 190.70796585083 192.866888999939 191.616860389709 183.922427177429 182.487825393677 179.603052139282 185.651072502136 180.019104003906 174.398729324341 173.957122802734 174.78097820282 172.634968757629 168.363936424255 169.892624855042 180.068367004395 185.624453544617 188.385110855103 189.565830230713
187.614064216614 181.303026199341 177.56644821167 182.045656204224 186.44934463501 183.022839546204 179.801060676575 182.918705940247 187.355374336243 184.130197525024 183.385040283203 185.52384853363 187.785727500916 189.0509557724 198.840823173523 198.192950248718 196.910474777222 195.555595397949 196.25355052948 196.238885879517 196.84921169281 198.169167518616 197.394407272339 197.390562057495 199.315675735474 201.475690841675 201.074632644653 197.391141891479 198.835389137268 198.551692962646 191.243035316467 190.02091217041 185.022319793701 187.036816596985 183.342455863953 180.93218421936 179.282851219177 180.726637840271 177.068422317505 175.681948661804 175.442271232605 172.839665412903 171.769263267517 167.784979820251 176.539478302002 191.003677368164 195.734841346741 198.337875366211 188.413619041443
186.751236915588 190.508093833923 183.715774536133 186.502296447754 185.3367395401 187.614310264587 187.465912818909 183.660136222839 185.166676521301 188.428084373474 187.323251724243 189.112425804138 188.637666702271 188.211117744446 192.750259399414 197.053386688232 197.703044891357 192.384226799011 191.748526573181 194.744976997375 193.101763725281 193.250061988831 192.874045372009 193.485039710999 193.351723670959 193.444494247437 193.176323890686 190.096176147461 189.554190635681 186.469944000244 188.024473190308 184.010678291321 179.091646194458 178.527994155884 181.518362998962 179.837293624878 178.232751846313 177.309054374695 175.553482055664 172.891400337219 171.796580314636 171.238306999207 173.073076248169 172.413598060608 183.927803993225 190.212730407715 188.890276908875 185.76954460144 181.111575126648
199.351204872131 196.811433792114 195.560296058655 194.716302871704 195.396538734436 194.89755153656 193.596383094788 188.727900505066 187.100123405457 188.497652053833 187.856301307678 188.0354347229 188.272758483887 186.995143890381 188.04584312439 189.906058311462 190.552762031555 191.122772216797 191.72491645813 191.968813896179 189.577084541321 192.111227035522 190.968276023865 192.79879283905 192.711785316467 190.380145072937 188.867070198059 186.872362136841 186.201283454895 185.563674926758 183.269702911377 183.136739730835 179.475801467896 178.636413574219 178.666127204895 176.973134994507 177.590793609619 177.309592247009 176.988716125488 176.363367080688 171.766771316528 172.675886154175 169.860780715942 178.271547317505 186.882125854492 182.306129455566 176.938652038574 180.273096084595 177.988446235657
