data/train_2003/bio10_avg_2003-2018.asc
NCOLS 664 
NROWS 380 
XLLCORNER 3.91666666666667 
YLLCORNER 55.3333333333333 
CELLSIZE 0.0416666666666666 
NODATA_value -9999 
[rows 220 to 241 of 380, columns 245 to 293 of 664]
13.8174443244934 13.9415248036385 13.690270960331 13.4029562473297 13.3249123692513 13.5702016353607 13.756157875061 14.1654467582703 14.2314034104347 14.0400256514549 14.267315030098 14.3252711892128 14.383227288723 14.2351832985878 13.7258059382439 13.6220682859421 13.8673025965691 14.1038709282875 14.0284385085106 14.0670067071915 14.2095742225647 14.3621422052383 14.18871062994 14.2086118459702 14.4331794977188 14.4277472496033 14.8776488900185 14.8502717018127 14.7629497647285 14.6616273522377 14.5703058242798 14.6963167190552 14.8129945397377 14.513672888279 14.5963506698608 14.4730285406113 14.4357061386108 14.3103840351105 14.4957286119461 14.6562216877937 14.6885303854942 14.872838973999 15.060480594635 15.1207883358002 15.08243060112 14.9507391452789 14.6457139849663 14.3420221209526 14.346997320652
13.5817174315453 13.7460819482803 13.3437796831131 13.0210076570511 13.0484330058098 13.3245241641998 13.7999492287636 13.67137414217 13.8694657087326 14.0088905096054 14.0389820933342 14.327073931694 14.3091652989388 14.3039231300354 13.9453481435776 13.6950639486313 13.682402908802 13.8324089646339 13.8104147911072 14.0644207596779 14.1084269881248 14.2657663226128 14.1657718420029 13.9497777819633 13.9917833209038 14.2044563293457 14.428462266922 14.6763958334923 14.6062574386597 14.7187846302986 14.7626462578773 14.7705075144768 14.8463687300682 14.8575632572174 14.8287578821182 14.9199526309967 14.8138136863708 14.6863417625427 14.7728698253632 14.8045446276665 14.934700191021 15.0681893229485 15.1736780405045 15.1411670446396 14.8673223257065 14.747477889061 14.6416332125664 14.2751218676567 14.2259444594383
13.3793240189552 13.6719728112221 13.6292880177498 13.1783928275108 12.9566198587418 13.2515133023262 13.5697405934334 13.5706345438957 13.4655278921127 13.8304216861725 13.8693157434464 14.0975426435471 14.1631030440331 14.2693304419518 14.1228899359703 13.8227260112762 13.3768362998962 13.6722805500031 13.8317242860794 13.9285019040108 13.9872791171074 14.1307228207588 14.0968334674835 14.0082769989967 13.8677215576172 14.0024984478951 14.0759422779083 14.0971864461899 14.0868978500366 14.1372758746147 14.4723203778267 14.3040319681168 14.1797430515289 14.5287871360779 14.7738317847252 14.9102099537849 15.0112545490265 15.0536323189735 15.1180105805397 15.0868675112724 14.9855369329453 14.9522058963776 15.12620896101 15.2382113337517 15.2915475964546 15.0315499305725 14.8622195720673 14.5675556063652 14.4882247447968
13.434930741787 13.285197198391 13.5074632167816 13.5777776241302 13.2214735746384 13.2198365330696 13.493531703949 13.5272276997566 13.6795907616615 13.7812862992287 13.8656493425369 14.0600115656853 14.0403745770454 14.2287366986275 14.3597658872604 14.2937215566635 14.1146032810211 14.2114850282669 14.1077005267143 14.0545826554298 14.0327976346016 14.1356796622276 14.0632282495499 14.1227766871452 13.9709921479225 13.8272076845169 13.9374225735664 14.0806441307068 13.973538517952 13.9091000556946 14.3633279800415 14.2102224230766 14.2611169815063 14.2720116376877 14.4255729317665 14.7631341814995 14.8926953673363 14.9275901317596 15.1358178853989 15.2258569002151 15.0083733797073 14.8308902382851 14.8900728225708 15.0365896821022 15.4091060161591 15.4376224279404 15.3228052854538 15.2826551795006 15.0798384547234
13.4072037339211 13.2910873889923 13.2963047623634 13.497829079628 13.61166036129 13.5334919691086 13.4146566987038 13.5858210921288 13.7409862279892 13.626150727272 13.7486490011215 14.0204805135727 14.1023122668266 14.190143764019 14.2953080534935 14.3707173466682 14.355703830719 14.3873565793037 14.146343588829 14.0999965071678 14.0703164339066 14.1459695696831 14.1209563612938 14.1959430575371 14.3055960536003 14.0925827622414 13.9749022126198 14.1141012310982 14.2468458414078 14.0809241533279 14.1470021605492 14.5224134325981 14.6011578440666 14.652568936348 14.705314218998 14.816058754921 14.9594697356224 15.1002146601677 15.2076258659363 15.2981799244881 15.1765434145927 15.1775739789009 15.2592703700066 15.2609675526619 15.1926641464233 15.253694653511 15.4000579714775 15.4824215769768 15.4267850518227
13.4874771237373 13.5276448726654 13.5244798660278 13.4892137050629 13.5591807961464 13.5844812989235 13.5157812833786 13.3270816206932 13.3103818893433 13.502348780632 13.6263158321381 13.8436163067818 13.992916405201 14.0488835573196 14.0555167198181 14.0663797259331 14.0688039064407 14.3192288279533 14.4163197278976 14.278744161129 14.3198357224464 14.4169263839722 14.308684527874 14.2737756967545 14.3475332260132 14.4352910518646 14.2270493507385 14.3762253522873 14.3174865841866 14.2347480654716 14.0426759123802 14.1199373602867 14.2131989598274 14.3757932186127 14.6183879375458 14.8543162345886 15.0295774936676 15.0801720023155 15.0867666006088 15.177836060524 15.2687129974365 15.2175907492638 15.1671344637871 15.160011947155 15.0482229590416 15.0771002173424 15.2559776902199 15.4015218019485 15.4957325458527
13.3195948600769 13.4305163025856 13.3507709503174 13.3208832740784 13.2855200767517 13.4368233680725 13.3861270546913 13.2367637753487 13.0780671238899 13.1893706917763 13.2980070710182 13.5326443314552 13.6812806129456 13.8139173984528 13.6992207169533 13.5681270956993 13.7699687480927 13.9078102111816 14.2389855980873 14.4421605467796 14.4626693129539 14.4758442640305 14.4150189161301 14.2588611841202 14.3020360469818 14.4758782982826 14.628386259079 14.5414845943451 14.3865053653717 14.4488599896431 13.961214363575 14.3295689225197 14.4425902366638 14.3896116614342 14.2152989506721 14.3489870429039 14.6046747565269 14.8930289745331 14.9573838114738 14.9342695474625 15.0223531723022 15.0624369382858 14.9611873030663 14.7419370412827 14.673354446888 14.9461050033569 15.1488552093506 15.0809387564659 15.1863552331924
13.0315580964088 13.301034450531 13.3418449759483 13.1448370814323 13.0573449730873 13.1165187358856 13.3516925573349 13.3888675570488 13.2513748407364 13.2585489153862 13.273722589016 13.3522301912308 13.3374047279358 13.4932455420494 13.6230866312981 13.5319597125053 13.5898641347885 13.8297689557076 14.0403409600258 14.4055795073509 14.1854843497276 14.5993891358376 14.7159605622292 14.4471986293793 14.5857704877853 14.460342168808 14.7322470545769 14.5865451097488 14.3979028463364 14.6512597799301 14.223950445652 14.3586419224739 14.6799989938736 14.369356751442 14.1253808736801 14.2240716814995 14.4160953760147 14.7314530611038 14.5094773173332 14.4888139367104 14.4734629392624 14.5194455385208 14.5234277844429 14.5100767612457 14.5567255616188 14.8273749351501 15.1133573651314 14.919339120388 15.3513223528862
12.9541873335838 13.0502202510834 13.2655856013298 13.3534576296806 13.1138359308243 13.03354793787 13.0619258880615 13.1569706201553 13.2393489480019 13.3203938603401 13.1621056199074 13.2024839520454 13.3201954364777 13.5325736403465 13.6356189846992 13.7744587063789 13.8210933804512 13.9730614423752 14.3583629131317 14.5689977407455 14.3889659047127 14.3389341235161 14.7549023032188 14.7548701167107 14.778838455677 14.7888063192368 14.956774532795 14.8342722654343 14.595966219902 14.9149934649467 14.914686858654 14.8897138237953 14.7180746793747 14.5211015343666 14.4894620776176 14.3764889240265 14.4288493990898 14.5798767209053 14.4829038381577 14.4140246510506 14.315239071846 14.2084540724754 14.1383349299431 13.9088823199272 14.0627634525299 14.4859783053398 14.7118591666222 14.4817401766777 15.0289545059204
12.8361505866051 13.0074052810669 13.0713261961937 13.3307449817657 13.1069940328598 13.0379100441933 12.855492413044 13.0304074287415 13.112656712532 13.3782394528389 13.2484882473946 13.441403567791 13.5503193736076 13.5499015450478 13.526150226593 13.7389575242996 13.9963221549988 14.1983535885811 14.4883849024773 14.6497498750687 14.7611144185066 14.5091452598572 14.3745099902153 14.5565415024757 14.8772395253181 14.4879378676414 14.8806358575821 14.9826663136482 14.7073627114296 14.9967267513275 15.1734232902527 15.072120308876 14.908150434494 14.4855133295059 14.3888767361641 14.3435740470886 14.5576036572456 14.5389674901962 14.7196640372276 14.6825693249702 14.4783487915993 14.4034619927406 14.3905754089355 14.2576887011528 13.949468255043 13.9199149012566 14.0116946101189 14.2408078312874 14.515920996666
12.5514467358589 12.7712569832802 12.9257336854935 12.942698597908 13.1308189630508 13.1556053757668 12.8697248101234 13.0271780490875 13.1446311473846 13.3714175820351 13.3242037296295 13.5609904527664 13.877110183239 13.6158965826035 13.6633496284485 13.9581232070923 13.7982177138329 14.0283123254776 14.4164068102837 14.6178351640701 14.757262468338 14.8173571228981 14.8327848911285 14.6162126660347 14.8276403546333 14.9457352161407 14.9618297815323 15.1957266926765 15.1387600302696 15.0924599170685 15.2821593284607 15.1385259032249 14.9382256865501 14.7139254212379 14.5116255879402 14.3986582756042 14.4450246691704 14.7213913202286 14.6910908222198 14.821780025959 14.8301251530647 14.8244705200195 14.7901491522789 14.7138276100159 14.5188395380974 14.379851102829 14.2915298342705 14.1878750324249 14.3888868689537
12.6434093117714 12.7197754383087 12.6981413960457 12.7819861769676 12.9859763979912 13.2746336460114 13.3606241345406 13.2586147785187 13.2652719020844 13.4225954413414 13.4652531147003 13.6352437138557 13.9039008617401 13.7998915910721 13.9405487775803 14.1659563779831 14.2227802276611 14.1009382605553 14.2490957379341 14.6752533912659 14.7427444458008 14.7342356443405 14.8183928728104 14.9745507836342 14.8647085428238 15.0648662447929 15.1850235462189 15.2434540987015 15.3068231940269 15.2595258951187 15.2908956408501 15.1942650079727 14.9249678254128 14.7090041041374 14.483706176281 14.4877429008484 14.5791118741035 14.7364814281464 14.7691840529442 14.9043245911598 15.0299018621445 14.9214786887169 15.0583897829056 15.0693004727364 14.9095441699028 14.8084546923637 14.7333652973175 14.5789423584938 14.4231863021851
12.9960393309593 12.8469609022141 12.751215338707 12.7672735452652 12.9178014397621 13.1903291940689 13.1308571100235 13.2300519347191 13.429912686348 13.296441257 13.4596357345581 13.5474967956543 13.8333584070206 13.9478860497475 14.0004137158394 14.0304551124573 14.2506762742996 14.2782303094864 14.3057845234871 14.7853384613991 15.0068929791451 15.0244470834732 14.8833342194557 14.9242219924927 15.0531091094017 15.0939970612526 15.0815510749817 15.1311807632446 15.140220284462 14.961925983429 15.2576317191124 15.3320040106773 15.1117098927498 14.9194155335426 14.7257881760597 14.8294938206673 14.9158664941788 14.9682388901711 14.7472777366638 14.7355350852013 14.9416781067848 15.1811540126801 15.1279631853104 15.1421060562134 15.1809157729149 15.0563912391663 14.9905338287354 14.7540102005005 14.6448193788528
13.4320024847984 13.1361455917358 12.8736227154732 12.5945605635643 12.9082924127579 13.353357732296 13.2324233055115 13.0754889249802 13.1532206535339 13.352952837944 13.3226844668388 13.1997500658035 13.3181490302086 13.5772140622139 13.7276129722595 13.5322877168655 13.9285714626312 14.0748557448387 14.4871393442154 14.8494238257408 15.0937075018883 15.1326585412025 15.014942407608 14.8472262620926 15.0368440151215 15.1324611902237 15.0914118885994 14.7882415056229 14.7609505057335 14.8236595988274 14.998368024826 15.2637433409691 15.1971186995506 15.0511609315872 15.0212028622627 14.8832450509071 14.8739537596703 15.118662416935 15.004037976265 14.8867459893227 14.8294543623924 15.0081625580788 15.2415372133255 15.273578107357 15.3169531822205 15.1736612915993 15.1283690929413 15.0890775918961 15.017785847187
13.6572986841202 13.5633310079575 13.3693635463715 13.3318474888802 13.3121172189713 13.4797197580338 13.7919891476631 13.5522589683533 13.3998615145683 13.3907976150513 13.5664004087448 13.5820032954216 13.4189395904541 13.5392094254494 13.7054787874222 13.6201199889183 13.7484676241875 13.9814811348915 14.3778287172318 14.8568421006203 15.1411895155907 15.2602028846741 15.2198840379715 15.18889772892 15.1565781831741 15.0715921521187 14.9592723846436 14.729968726635 14.683680832386 14.8053924441338 14.9524369835854 15.0574824213982 15.2871941924095 15.1682391166687 15.0599509477615 15.1349959373474 15.0513741374016 15.0084201693535 15.1841313242912 15.2912909388542 15.3558973073959 15.2678375244141 15.2151105999947 15.0883843898773 15.2089912891388 15.455598115921 15.4415382742882 15.3694783449173 15.2894183397293
13.3072615861893 13.4665158390999 13.2484375238419 12.9984681010246 13.1019418239594 13.2660818696022 13.3855554461479 13.7910289764404 14.0678361058235 13.6946429610252 13.6081166863441 13.6662569642067 13.7517300248146 13.9572038650513 13.8320106863976 13.7119528055191 13.7563628554344 13.7627732753754 14.146516919136 14.6995938420296 15.0373381972313 15.0957483053207 15.3501586318016 15.2699023485184 15.249646127224 14.9573897719383 14.7884665131569 14.8590290546417 14.6604109406471 14.5484585165977 14.7738401293755 14.9772214889526 15.0306028723717 15.2873174548149 15.2286990880966 15.1974141001701 15.2641285657883 15.2335097789764 15.0775579810143 15.0851684212685 15.2636739611626 15.3081791400909 15.3186845779419 15.3151902556419 15.2223625183105 15.4482011198997 15.5160401463509 15.449212372303 15.4110509157181
13.7318912148476 13.9203681349754 13.5575116276741 13.3810892105103 13.2497667074203 13.5717775225639 13.6811218857765 13.8457993865013 14.2024770379066 14.2984877228737 13.9558327794075 13.7938432097435 13.9765207767487 14.133198261261 14.1858761310577 13.9484515190125 14.005591750145 14.1560656428337 14.4752056598663 14.6736792325974 14.7821533679962 15.1839593648911 15.3064332008362 15.279573559761 15.1640472412109 14.7485206723213 14.5463274121284 14.7400900125504 14.8718076348305 14.7408587932587 14.8325760960579 14.8309608101845 14.8800117373466 15.057729780674 14.9494473934174 14.7804981470108 14.9755496382713 14.9266002774239 14.794318318367 14.8923791050911 15.0634501576424 15.1905213594437 15.187592446804 15.1439961791039 15.0550671815872 15.0454711318016 15.2532091736794 15.1842795610428 15.196683883667
14.0798541307449 14.1428860425949 14.5032525658607 14.2810426950455 14.1242575645447 13.878139436245 13.7400208115578 13.6359030008316 13.9344514012337 14.3503329157829 14.5595480799675 14.4714296460152 14.4019784331322 14.4338602423668 14.4764084219933 14.3996178507805 14.4001541733742 14.3740246891975 14.4692274928093 14.8757644295692 15.0583013892174 15.3201713562012 15.1880411505699 15.1065784096718 15.1224485039711 14.9209850430489 14.6988548636436 14.865817129612 15.0745378136635 15.1285920143127 15.0439792871475 15.1773666739464 15.1700869202614 15.0934747457504 14.8228622674942 15.0269161462784 15.0603039264679 14.9296906590462 14.7490783929825 14.7769234776497 14.8825598359108 15.0481960773468 14.9731661677361 14.6434687972069 14.5024383068085 14.5414081811905 14.771044254303 14.9966805577278 15.0169836878777
13.8726615905762 13.9697957038879 14.3569294810295 14.6775051951408 14.7461887598038 14.6442062854767 14.306890308857 14.0715737938881 14.0542580485344 14.0582750439644 14.2302926182747 14.6656432151794 14.9389935135841 14.9456778168678 14.9996948838234 15.0435897707939 15.0466947555542 15.104466676712 15.1875729560852 15.2420114278793 15.3044503331184 15.4728890061378 15.1259946227074 15.0797669291496 15.3688722252846 15.0459781885147 14.8084164857864 14.7480179071426 14.940781712532 15.1315451264381 15.2003086805344 15.1437392234802 15.1898360848427 15.3112664222717 15.2700303196907 15.235460460186 14.9948906898499 14.986320912838 15.1857512593269 15.1623692512512 15.0908419489861 15.0679804682732 14.6864538788795 14.4282591938972 14.1893986463547 14.3065375685692 14.483676970005 14.6894828081131 14.9052882790565
14.0883139967918 14.1370953321457 14.4638769030571 14.6011427044868 14.5955603718758 14.9686446785927 14.5677285790443 14.3721458911896 14.4132307171822 14.4016479253769 14.4640652537346 14.8778164982796 15.2895669341087 15.3726509213448 15.3724017739296 15.1763671636581 14.999214053154 15.1260604858398 15.2722405791283 15.2970867753029 15.3405998945236 15.4827798008919 15.5076265931129 15.4358062148094 15.5093197822571 15.5308328270912 15.3583456873894 15.0886923074722 14.9105390906334 14.653718650341 14.7988988161087 15.2494113445282 15.237924695015 15.3411042690277 15.398951292038 15.3387975692749 15.1453103423119 15.0911573767662 15.1696704030037 15.2240503430367 15.1442955732346 14.9958754777908 14.4861220121384 14.1643678545952 14.1812807917595 14.1708604097366 14.1424398422241 14.2600193619728 14.4515987038612
14.8686328530312 14.7583945989609 14.6901568770409 14.7787809371948 14.9195984005928 14.9170828461647 15.1925665736198 15.2593849897385 15.3242028355598 15.3750203847885 15.3525048494339 15.416656255722 15.4481405615807 15.2576249241829 14.8851094245911 14.5531451106071 14.5817326307297 14.7196539640427 14.8362412452698 14.9241626262665 14.9834162592888 14.9713373780251 15.1205913424492 15.3331791758537 15.4937665462494 15.5350206494331 15.3756083250046 14.8860334157944 14.6469626426697 14.5992256999016 14.6474880576134 14.9944179058075 14.7686803340912 14.7882763743401 14.9912061095238 15.3148012161255 15.3517308235168 15.2706606388092 15.1169229745865 14.8763977885246 14.469751060009 14.4151040315628 14.5004571676254 14.4358097314835 14.2978295087814 14.0945156216621 14.0858691930771 14.1778888106346 14.2999089956284
14.6396179199219 14.7970278859138 15.0431041717529 15.089751303196 15.0983028411865 15.070854306221 15.2167387008667 15.3379570245743 15.5598417520523 15.7123929262161 15.7582778334618 15.6688293814659 15.2213808894157 15.021931886673 14.9198167324066 14.8499228954315 14.7329185009003 14.687246799469 14.7122424244881 14.6872373223305 14.6815661787987 14.7938948273659 14.8682233691216 14.9178851246834 15.0848807692528 15.3005422949791 15.3442044258118 14.9700410962105 14.662720143795 14.5173989534378 14.4827443361282 14.6660901904106 14.3787692189217 14.4187813401222 14.4227936863899 14.7074723243713 15.1461513638496 15.1794967651367 14.7821753621101 14.4567449688911 14.3905383944511 14.3716653585434 14.3461253046989 14.476585149765 14.5783788561821 14.3361716270447 14.2352988123894 14.316425204277 14.3762189745903
