data/train_2003/bio17_avg_2003-2018.asc
NCOLS 664 
NROWS 380 
XLLCORNER 3.91666666666667 
YLLCORNER 55.3333333333333 
CELLSIZE 0.0416666666666666 
NODATA_value -9999 
[rows 352 to 373 of 380, columns 98 to 146 of 664]
-9999 -9999 108.852781772614 110.263768196106 111.883131504059 114.859715461731 115.742743492126 117.255476951599 117.917236804962 120.533820152283 121.549245357513 120.836839675903 119.368000030518 118.361427783966 116.157788276672 114.723446369171 112.265243768692 111.412111282349 111.303095817566 111.346130847931 109.733908653259 106.844481229782 106.742900848389 106.38383102417 108.489456415176 109.899590015411 109.643871068954 108.547492027283 108.310475826263 108.157091617584 108.567064285278 109.062005996704 108.295052051544 107.688410282135 106.528303623199 106.494960784912 107.377041816711 105.726722717285 105.688339233398 103.769887208939 101.28498005867 100.924329280853 100.175585985184 99.5015308856964 97.9836931228638 97.211855173111 96.6581120491028 95.5050101280212 96.1018478870392
-9999 -9999 -9999 109.066723823547 112.322559118271 113.691779136658 115.476341724396 117.4131731987 117.825287818909 119.862494468689 120.909246444702 121.608645915985 120.89784860611 119.805365562439 118.876787185669 116.757503986359 115.909071445465 114.436990261078 115.379035949707 116.171764850616 113.919849395752 109.652071237564 108.92525434494 108.508909463882 109.859890460968 111.895083427429 110.894873142242 111.317958831787 111.810156822205 111.665359973907 111.541183948517 108.867117881775 108.613719463348 109.041499614716 109.089726924896 108.56711435318 107.810573577881 106.504410266876 105.687500953674 105.940635681152 105.15437412262 103.096042633057 101.032236099243 100.25374007225 98.2184746265411 96.4695575237274 95.9479043483734 94.4184086322784 96.0231442451477
-9999 -9999 109.216572999954 109.342355012894 110.577462434769 112.382185220718 113.875285625458 115.325173377991 117.049540042877 118.626841545105 118.926985263824 119.205231189728 120.581713676453 118.96179151535 118.906243801117 118.953917503357 118.386024475098 116.769742488861 116.09841966629 115.021790504456 113.760996341705 113.591168403625 112.511151313782 111.899366378784 112.048637866974 112.568417549133 113.830104351044 115.051943302155 115.568257331848 114.957519054413 114.879304885864 113.155117034912 110.606935501099 109.410700321198 109.223461151123 109.923803329468 110.042746543884 109.522909641266 109.163057804108 108.509510040283 107.81538438797 105.390967130661 103.290835380554 100.754963636398 98.7198195457458 96.5352077484131 97.5339922904968 97.4815227985382 96.8107240200043
-9999 -9999 108.720089912415 109.308836698532 110.563268184662 111.034369468689 112.478621006012 114.184222221375 115.802545547485 118.396008491516 119.324151039124 118.979391098022 118.021000385284 117.460315227509 117.928364753723 118.857734203339 117.522756099701 115.821387767792 115.038262367249 114.334609031677 114.384511947632 114.379692077637 114.169210910797 114.021524906158 113.843344211578 114.622820854187 115.861877441406 116.478744983673 117.476687908173 116.693155288696 116.660730838776 115.339736938477 113.415983200073 112.828952789307 111.461760044098 112.121305465698 111.48473405838 110.534341335297 108.028337478638 107.740525722504 107.127398967743 105.987778186798 104.637009620667 103.463776826859 101.023281335831 98.2417213916779 97.4104671478271 97.4255046844482 94.4180569648743
-9999 -9999 -9999 110.151698827744 110.491349697113 110.562786579132 112.24723815918 113.9738240242 116.987335681915 117.94073677063 119.114207267761 120.252034664154 119.608837127686 119.440910816193 119.394216537476 118.475460529327 118.539264678955 117.647816181183 115.506125450134 116.235877990723 115.414791107178 115.385539054871 116.106994152069 115.995213508606 117.732959747314 118.244505882263 118.742290019989 117.599761009216 117.353207111359 116.913709163666 116.875622272491 117.488070487976 116.911829471588 113.896289825439 112.524291992188 112.924187660217 113.37488079071 112.491205692291 111.237657546997 110.175097942352 106.776353359222 105.707896709442 103.415410518646 103.502507209778 101.948015451431 98.1080870628357 97.5615954399109 95.4648401737213 95.3564510345459
-9999 -9999 -9999 110.462784290314 110.450956344604 111.773179292679 113.164422988892 114.122117996216 115.823763847351 118.065003395081 121.272326946259 120.06519317627 120.914433479309 121.743832588196 121.811276912689 119.371247291565 119.20774936676 118.960754871368 118.93049955368 118.107990264893 117.477132797241 116.358493328094 117.210366249084 119.202772140503 119.616714477539 120.325976371765 119.911587238312 120.355095863342 118.671136856079 119.064326763153 118.353879928589 118.939377307892 117.684566020966 116.719802379608 115.939017772675 115.255449295044 114.439126014709 114.305777549744 114.06020116806 111.277231693268 109.667051792145 106.912760734558 103.957848072052 101.909844636917 100.869277000427 99.3745036125183 98.640682220459 98.3831548690796 96.7534418106079
-9999 -9999 -9999 107.898616790771 108.374240159988 110.196126461029 112.114948749542 113.979100227356 115.924564361572 119.043681621552 120.388843536377 120.411209583282 121.395753860474 121.354704856873 121.335280418396 122.031471729279 121.379820823669 118.946910381317 118.557326793671 119.193197727203 118.073120117188 118.307641029358 119.042052268982 119.668160438538 120.075850963593 120.17981004715 120.536274433136 120.424657344818 120.31910943985 119.982618331909 119.382650375366 120.007084846497 120.072557926178 118.239091873169 117.633083820343 116.195240974426 114.461171150208 114.266962528229 114.884634494781 111.33642578125 108.192872047424 105.526963710785 104.10321187973 100.802002429962 100.643894433975 99.0054359436035 97.6490943431854 96.7760188579559 96.0514636039734
-9999 -9999 -9999 106.785026550293 107.625821828842 109.822563171387 110.350699663162 112.407023429871 114.889944553375 117.970391750336 119.665088653564 118.923096656799 120.91105890274 123.019103050232 121.669143676758 122.777309894562 121.954089164734 119.330096721649 118.885069847107 119.898780345917 119.389540672302 120.113256454468 121.280788898468 120.256256580353 120.29424905777 120.9945936203 122.000945091248 120.874188423157 121.587050914764 121.639887332916 119.82995557785 120.453222751617 120.325431346893 119.422103404999 119.287972927094 116.136854171753 114.453047275543 112.983150482178 111.767856121063 109.395405769348 108.417803287506 107.178641319275 105.863471984863 102.262974262238 99.8294785022736 97.7064981460571 95.5103495121002 93.1649208068848 93.1894664764404
-9999 -9999 105.680931091309 106.841765165329 106.887150287628 107.54973077774 108.74931883812 111.434684753418 114.709475040436 116.306801319122 118.658578872681 118.705172538757 120.355824947357 121.010325908661 121.614134311676 120.801161289215 120.878481864929 119.863801956177 119.066009998322 120.954154491425 120.852947235107 120.997347354889 120.595670700073 120.582802772522 120.989039421082 121.250674724579 121.497687339783 121.853415489197 120.772146701813 120.847782611847 121.521995067596 121.785435676575 121.670631408691 119.565734386444 117.720074653625 115.266846656799 113.180832862854 110.7556848526 110.063849925995 110.062037467957 107.777464389801 105.759932518005 104.377280712128 101.222415924072 97.3913991451263 93.6567649841309 91.6069104671478 91.657399892807 90.777117729187
-9999 -9999 105.719860553741 106.13720536232 107.520438194275 107.788822174072 108.957957983017 110.664150714874 113.384781360626 115.980157852173 118.999904155731 120.675879478455 120.743615150452 122.003151893616 120.703016757965 119.766991138458 119.964164733887 119.294012069702 120.30002784729 121.274337768555 122.031161308289 121.282358169556 121.994242668152 121.352768421173 121.757877349854 122.139290332794 122.494567394257 121.820248603821 120.817506313324 121.744656562805 121.592206954956 120.909977436066 121.169460296631 120.180412769318 120.127650260925 120.016177177429 117.963704109192 114.842313766479 111.755952835083 110.864369869232 107.259604930878 101.369957208633 99.9308066368103 98.4904315471649 95.9349706172943 93.8988225460052 94.2358827590942 92.6782314777374 90.9567606449127
-9999 -9999 105.578070640564 106.658884763718 -9999 -9999 110.164650440216 110.820114612579 112.236745357513 116.943306446075 119.691581249237 121.756402015686 120.966800689697 120.313802719116 119.86305141449 120.300601005554 119.648169994354 120.471445560455 121.955419063568 121.965928077698 122.633122444153 122.577577590942 122.541919708252 121.779498577118 121.439576625824 121.491583824158 121.365645885468 122.669276237488 122.032145023346 124.002875328064 121.975821971893 120.202074050903 121.211890697479 119.729752540588 118.289206504822 118.215432167053 115.185137748718 112.026594638824 108.831711769104 107.869587421417 104.946068286896 101.763831615448 98.8559319972992 97.5777585506439 95.1452214717865 93.1486012935638 92.5245563983917 93.2516164779663 91.651157617569
-9999 -9999 106.17374253273 106.553016662598 -9999 -9999 -9999 109.214251041412 110.707514762878 113.508382320404 118.586470127106 118.489898204803 119.137579441071 119.452460765839 120.033470153809 119.380442619324 120.178335189819 120.007717132568 122.23897600174 122.226720809937 122.455453872681 121.819235801697 121.783231735229 120.80454158783 121.448379516602 121.028384208679 121.89031791687 122.621032238007 122.608501434326 121.903025627136 121.480852603912 121.445303440094 121.011004924774 119.358857154846 118.925269603729 116.81340265274 115.435994148254 115.021928310394 112.913136005402 109.083208084106 103.859113693237 101.405117750168 98.2701926231384 97.40687251091 93.6299588680267 91.3526840209961 89.0851089954376 90.8142955303192 94.0690770149231
-9999 -9999 -9999 106.382441997528 -9999 -9999 106.700551509857 108.523397922516 110.258462429047 111.899772167206 114.954257965088 116.017618656158 116.061864376068 118.25363111496 119.045616149902 120.244333267212 120.265646457672 120.545778274536 122.037150382996 122.05860042572 122.375779151917 122.241312503815 121.558306694031 121.622781276703 122.212619304657 122.503859043121 122.050242900848 122.531798839569 121.872228622437 121.713655471802 121.450618267059 121.269685745239 120.324848651886 119.928925991058 118.515924930573 116.108868598938 115.34161567688 114.46605682373 113.654214859009 110.518614292145 103.027659654617 101.508510351181 101.608303308487 103.122362136841 98.4845390319824 94.8664729595184 93.0733833312988 89.887767791748 90.8885576725006
-9999 -9999 -9999 106.793828487396 106.783509731293 -9999 -9999 -9999 110.283173084259 111.394303798676 113.157070636749 114.265448093414 116.459920406342 117.466104507446 118.086482048035 119.000386238098 119.727916717529 120.665113449097 121.932423114777 121.920371055603 121.908318042755 121.920708179474 122.65069770813 122.879124164581 122.842545986176 124.560084819794 124.160591602325 123.052172660828 122.199080467224 120.771070957184 121.323785305023 120.564051151276 119.904766559601 118.214026927948 120.357807636261 118.429477214813 114.598174571991 112.217719554901 109.691990852356 105.864234924316 103.571793556213 99.7461106777191 98.2588975429535 98.2739489078522 94.428774356842 93.9399120807648 93.0555021762848 93.0535197257996 92.9141397476196
-9999 -9999 -9999 105.563023090363 106.021641731262 105.647735595703 106.744556427002 -9999 109.2444190979 110.986588954926 113.948711395264 114.379947662354 115.483236312866 117.173298358917 119.402969360352 119.617331981659 119.774109840393 121.885376930237 121.94041633606 123.615613937378 124.291308879852 124.286842346191 124.186808586121 125.14874458313 125.16109085083 124.268502235413 124.34325838089 123.321929454803 123.222861766815 122.970519065857 122.945550918579 121.152786254883 120.592651367188 118.947325706482 116.865653991699 115.974940776825 112.792464256287 109.000438213348 106.778030872345 106.620614051819 104.352854251862 100.290020704269 95.9813332557678 94.2441294193268 92.7274761199951 91.4978168010712 91.345397233963 90.5255210399628 88.9560923576355
-9999 -9999 -9999 105.230915546417 105.476137638092 106.258587837219 107.888388633728 109.121645450592 110.291530609131 113.222451210022 115.07504940033 117.342475414276 118.455082416534 118.794972896576 121.061682224274 121.798121452332 120.975434303284 121.564136981964 122.991357326508 123.30929517746 123.563994407654 124.962849617004 124.433279037476 124.421095848083 125.764934062958 124.995117664337 124.619393348694 123.839287757874 123.974932670593 123.894498825073 123.190563201904 122.104247570038 121.155859947205 118.865498542786 115.335443019867 112.749407291412 109.577518463135 108.118350982666 106.60280418396 104.119407653809 100.406050443649 98.5607757568359 95.7710361480713 94.2722537517548 92.1546199321747 90.4057466983795 89.7314786911011 88.7634427547455 85.0117347240448
-9999 -9999 -9999 -9999 107.6967253685 108.376020431519 109.67441034317 110.930313587189 113.276517391205 116.188067436218 117.274099349976 119.15404176712 119.669002056122 121.928349494934 121.601212024689 122.90381193161 122.179631710052 123.647401332855 122.505527496338 123.850025177002 124.941640853882 125.477443695068 124.675350189209 125.184624671936 125.110278129578 126.080582618713 124.648949146271 124.233232975006 123.85702085495 123.160933971405 122.341881275177 121.447408676147 119.769518375397 117.713794231415 115.87609577179 114.066172122955 112.581377983093 110.080885410309 107.506655693054 104.262059211731 102.45528459549 100.40694642067 97.1660594940186 96.6216311454773 95.0559334754944 92.8153421878815 89.691002368927 88.2398555278778 86.6949779987335
-9999 -9999 -9999 -9999 108.334306240082 108.831171512604 111.134042739868 113.035420417786 114.769771575928 116.063676357269 117.184450149536 119.431559085846 120.70717382431 122.447734355927 122.457663536072 122.403870582581 123.119400501251 124.078096866608 124.14590215683 124.499953746796 124.857859134674 125.592350959778 125.840567111969 126.498552322388 127.082143783569 126.329322814941 126.532111167908 126.396667003632 126.056445598602 124.805050373077 122.410414218903 120.473520755768 118.183396816254 117.307998657227 115.822064876556 112.891836166382 110.95756816864 109.589570522308 107.215188026428 104.37322807312 102.729536056519 100.333980321884 97.354828119278 97.0709738731384 94.2052276134491 93.3824200630188 89.693434715271 88.0826272964478 86.6313624382019
-9999 -9999 -9999 -9999 108.395322799683 110.342137813568 111.809163570404 113.73051404953 114.682629108429 116.577709674835 118.266935825348 120.000814914703 120.656817913055 120.603988647461 121.239882469177 121.706527709961 121.680463314056 122.761557579041 122.733964920044 125.111459732056 126.000815868378 126.472654342651 127.194618701935 127.847053527832 126.985398769379 126.923718929291 126.788009166718 126.058001995087 125.315621376038 125.394792556763 123.745361804962 121.214903354645 118.797533988953 115.158558368683 114.167185306549 111.681037902832 108.18732213974 108.063558578491 105.775798797607 103.05818271637 101.655703544617 98.0777399539948 98.1032285690308 98.1175348758698 96.5558323860168 95.0578625202179 92.7597272396088 88.6415433883667 86.3316926956177
-9999 -9999 -9999 107.670273303986 107.731606483459 110.189260005951 112.166748046875 113.979342937469 115.214873790741 116.374230384827 117.695727825165 117.689092636108 118.413808822632 119.700915813446 118.831890106201 119.909730911255 120.728671073914 122.302651405334 123.859579086304 125.017463207245 127.303618431091 128.280526638031 129.676619529724 131.288323879242 129.7473320961 128.289057731628 126.736007213593 125.277961730957 124.463796138763 123.57196521759 119.174146652222 119.133411884308 116.019236564636 112.117752075195 109.831524848938 108.91681098938 107.992374897003 106.534924030304 106.387439250946 101.019770622253 97.5388815402985 96.8940424919128 98.6064734458923 94.7766425609589 93.3213286399841 91.6498074531555 87.9112055301666 87.7242324352264 84.9645621776581
-9999 -9999 107.456665039062 108.130184650421 108.947885990143 111.262489795685 112.99998998642 113.804552555084 114.45667886734 115.609660148621 115.551257133484 116.989193439484 118.077705860138 117.893156051636 118.7140417099 120.378913879395 122.701303482056 123.133627414703 123.767637252808 125.670850753784 127.320038318634 128.960663318634 130.884682655334 131.204661846161 131.476757049561 129.769751548767 128.313458919525 127.43868637085 125.689652919769 122.782724380493 118.840122699738 117.474741458893 117.312068939209 114.793236255646 112.54913187027 110.637132167816 109.443902492523 107.177858352661 103.926517963409 101.376198291779 99.0348033905029 95.164888381958 -9999 -9999 -9999 -9999 -9999 -9999 -9999
-9999 -9999 107.083144664764 107.323849201202 109.208828926086 111.107393741608 112.294431209564 113.010050773621 112.368326663971 113.106769561768 114.793147563934 116.696774959564 117.426369667053 118.156425476074 120.949556350708 120.344885349274 121.935680866241 122.447803020477 123.615590572357 125.149298191071 126.766504764557 130.140393257141 132.482003211975 131.830494403839 132.096268177032 129.750629901886 129.403169155121 127.298428058624 125.487724304199 122.618522644043 119.796831607819 118.256775856018 116.298130989075 113.291956424713 111.116531848907 109.381750106812 107.104998111725 104.802993774414 102.393267154694 99.0494894981384 96.7663116455078 95.171058177948 95.1979265213013 93.5729546546936 91.2161512374878 -9999 -9999 -9999 -9999
