data/train_2003/bio19_avg_2003-2018.asc
NCOLS 664 
NROWS 380 
XLLCORNER 3.91666666666667 
YLLCORNER 55.3333333333333 
CELLSIZE 0.0416666666666666 
NODATA_value -9999 
[rows 66 to 87 of 380, columns 441 to 489 of 664]
77.3808500766754 76.8124868869781 76.0828988552094 77.8671386241913 79.2030339241028 79.2074553966522 76.2750046253204 75.9917697906494 75.0847525596619 74.2152280807495 73.4313170909882 73.7520236968994 73.4981377124786 73.1992943286896 73.2287120819092 73.2581300735474 73.2875471115112 73.0351243019104 73.3463814258575 73.3757975101471 73.405214548111 73.0929362773895 73.138062953949 72.8838334083557 72.9071352481842 73.4872357845306 72.6289691925049 72.6525857448578 73.5872275829315 74.8465456962585 74.2944271564484 74.3190975189209 74.3437671661377 73.4292368888855 73.453516960144 73.4735209941864 72.8092658519745 73.8814296722412 74.8377571105957 75.0729279518127 76.0926232337952 77.2668755054474 77.2861521244049 78.2904372215271 79.4812378883362 80.4427661895752 80.4628746509552 82.442923784256 82.733470916748
78.2392797470093 78.9927408695221 79.0407540798187 79.959148645401 80.3402915000916 80.3426713943481 78.9932742118835 76.2975587844849 76.3436601161957 75.1507532596588 74.914537191391 74.034008026123 74.0206210613251 73.50226354599 73.2526006698608 73.8358664512634 73.3160135746002 73.6283419132233 73.659862279892 73.3658885955811 74.3515644073486 75.2177402973175 76.1858117580414 76.2148842811584 75.9606049060822 75.7067883014679 75.6873469352722 76.9463074207306 74.8553528785706 75.8361248970032 75.3058714866638 76.1717026233673 75.2412126064301 75.2672638893127 75.5702478885651 76.4776713848114 75.6078474521637 75.6243069171906 75.8734586238861 76.8325295448303 77.0680708885193 77.1328177452087 78.309107542038 79.2857754230499 80.5110304355621 81.4753973484039 81.4972634315491 82.7043676376343 83.9921851158142
81.8672382831573 81.092262506485 81.1297657489777 83.2468893527985 83.2947592735291 80.3642423152924 80.0807023048401 78.0630123615265 78.108879327774 78.1547482013702 76.9538309574127 76.9945602416992 75.2430028915405 75.2787153720856 75.3144333362579 75.0250198841095 75.0609390735626 75.3762626647949 75.1161725521088 76.1222593784332 76.1578016281128 77.027932882309 78.016303062439 78.3258631229401 78.4694588184357 76.9417998790741 76.6907060146332 76.9950013160706 77.6852979660034 77.7124919891357 78.5342586040497 78.6065001487732 78.3135035037994 78.6176428794861 81.3604171276093 84.7210817337036 80.236909866333 78.0320596694946 76.7723970413208 77.8141667842865 78.0944473743439 78.1166892051697 80.2501330375671 80.3168284893036 81.2829692363739 82.5076553821564 81.0854103565216 82.9295177459717 83.2749450206757
83.0885512828827 83.1343400478363 83.1801280975342 83.2259182929993 81.4962739944458 81.5403871536255 80.3841533660889 80.1463923454285 80.1911373138428 80.2358844280243 79.0453364849091 77.0101087093353 77.0482161045074 77.0863230228424 77.4030618667603 77.1625354290009 77.2006406784058 76.9152235984802 76.6007173061371 76.9918158054352 77.9669725894928 78.9589130878448 79.5557460784912 79.5901741981506 79.6189835071564 79.6477935314178 79.6766040325165 80.6145348548889 79.8061468601227 80.7781908512115 80.7629568576813 79.848465681076 78.8765935897827 78.9493851661682 84.3884496688843 87.7936868667603 84.746593952179 83.2139041423798 81.1673307418823 79.2359409332275 78.1343166828156 80.0541512966156 80.3344566822052 81.5140302181244 82.7054080963135 83.6697390079498 82.3135747909546 83.2539443969727 85.1330137252808
84.2595779895782 84.3034539222717 85.309809923172 85.6379067897797 85.3991062641144 85.3978517055511 82.4632778167725 81.1177690029144 81.4412281513214 80.2051849365234 79.3250052928925 79.0895020961761 79.1324617862701 79.1754186153412 79.4958026409149 79.2613332271576 78.9818315505981 79.0862166881561 79.9638268947601 79.7316670417786 79.7762837409973 80.1494920253754 80.1923143863678 80.2280743122101 80.9245586395264 81.7908315658569 81.9362869262695 81.9214022159576 81.6764514446259 81.6620223522186 81.9666299819946 82.9523410797119 81.3229820728302 79.9506032466888 83.0438363552094 85.730616569519 89.0841655731201 86.8777940273285 85.7773427963257 84.5210061073303 81.1329219341278 79.9887318611145 81.3592479228973 82.5838437080383 83.5547921657562 84.5352425575256 84.8153014183044 85.8165156841278 86.8465497493744
86.1720402240753 86.4993078708649 86.5883860588074 86.631365776062 85.724894285202 85.4862926006317 85.5291790962219 82.2645537853241 82.0277750492096 81.1170921325684 81.4363439083099 82.4354357719421 82.4834160804749 82.5313951969147 81.4251575469971 81.1967535018921 80.2128593921661 81.1974227428436 81.2471737861633 80.3573281764984 80.1304726600647 81.4840641021729 83.3209419250488 83.3598756790161 84.1061224937439 83.4191596508026 83.1750872135162 83.160284280777 82.0768480300903 82.0619928836823 82.0917246341705 82.3867032527924 81.4825880527496 83.192857503891 83.0537438392639 82.1897010803223 82.2062575817108 83.3827922344208 83.3996224403381 83.1022796630859 84.0105669498444 84.0284516811371 80.975572347641 82.484162569046 82.7188103199005 84.8548455238342 84.713306427002 86.6742203235626 87.7091789245605
86.2231335639954 86.5472249984741 86.6344997882843 86.6756942272186 86.3140573501587 85.528829574585 85.5699551105499 84.3816895484924 84.4227468967438 84.4638049602509 82.7004954814911 82.7459750175476 82.5216658115387 82.5732955932617 82.6249256134033 82.4016690254211 82.4535610675812 82.0998339653015 82.4281928539276 82.208349943161 83.2699346542358 83.3241155147552 84.6639437675476 86.5421140193939 86.5725927352905 86.8306760787964 85.7481527328491 85.4616613388062 84.8217234611511 84.6437387466431 83.4666924476624 83.7131268978119 83.4910607337952 83.5696318149567 83.6039464473724 83.376763343811 84.5983092784882 84.6217234134674 84.8121316432953 84.8353555202484 84.4669966697693 90.7913727760315 87.4683694839478 84.1010909080505 85.6902396678925 85.7143507003784 85.7824041843414 85.8369565010071 87.0827393531799
86.3203494548798 87.1853537559509 87.5062732696533 88.1918485164642 88.5582399368286 87.6042201519012 87.644467830658 88.6807372570038 88.9981837272644 88.0628609657288 87.27130651474 85.4148571491241 83.3598415851593 83.2759492397308 82.3964645862579 82.0516164302826 83.1175055503845 84.3900558948517 84.176769733429 85.0744721889496 86.4150743484497 86.7948517799377 86.6258294582367 88.4606971740723 88.7630553245544 88.8610799312592 86.9864890575409 86.7016251087189 85.8886935710907 85.23264503479 85.0103056430817 84.7883450984955 83.8671572208405 82.0014171600342 83.6794743537903 83.9624710083008 83.9841868877411 84.0059034824371 84.9739699363708 86.6492049694061 86.6662373542786 89.6548132896423 90.8928143978119 85.4544427394867 85.8484644889832 86.0806875228882 86.1035969257355 87.1098728179932 87.1966710090637
87.1965432167053 87.2353658676147 87.5689203739166 89.0677778720856 88.2059960365295 89.4713151454926 89.5109527111053 89.8267004489899 89.865775346756 89.0740268230438 87.4454021453857 86.2910811901093 85.5224857330322 85.5861003398895 85.7602326869965 85.5035834312439 85.5047988891602 86.5767078399658 86.6408698558807 88.5330748558044 88.5970001220703 88.3905813694 88.4997224807739 88.8171398639679 90.0711913108826 90.1021308898926 90.1330716609955 90.8502361774445 88.7684333324432 88.2509815692902 87.286563873291 85.4186644554138 85.451806306839 85.4408009052277 84.317328453064 84.3352360725403 84.145761013031 86.0687851905823 87.0525443553925 87.2839846611023 87.9667084217072 95.2989196777344 95.6250791549683 90.7731795310974 89.0857357978821 87.4209914207458 89.1322767734528 89.189661026001 89.2807841300964
87.897718667984 87.9360082149506 87.0279724597931 87.1116156578064 90.1327245235443 90.4935970306396 91.7560272216797 91.7489466667175 90.8531131744385 89.5594108104706 88.7694487571716 88.5519161224365 87.6153423786163 87.4128465652466 87.2111721038818 87.2816474437714 87.0812096595764 88.4683213233948 88.5812654495239 88.6491825580597 88.7170996665955 91.8465385437012 91.648268699646 91.6996333599091 90.1550908088684 92.0959446430206 91.1734161376953 89.0895619392395 90.5002112388611 88.5861277580261 88.6199343204498 87.4447550773621 85.5699889659882 85.6026108264923 85.5911686420441 85.6172089576721 85.4270386695862 87.3615753650665 87.4262878894806 87.2379338741302 88.2097692489624 90.3596611022949 90.3820238113403 92.3082756996155 88.7641079425812 88.9802706241608 88.0899140834808 90.7174162864685 90.5576589107513
86.4540929794312 87.5950284004211 88.8864078521729 89.8700037002563 90.1830093860626 90.2201957702637 90.5317606925964 90.5684680938721 90.2279736995697 89.3317396640778 87.2626125812531 87.047780752182 87.1223764419556 87.1969707012177 87.2715647220612 87.3461601734161 88.4286105632782 88.2344365119934 88.9170937538147 88.9885876178741 91.0111153125763 91.3517596721649 92.2695446014404 92.3222761154175 93.3081820011139 92.4930460453033 92.2582414150238 91.7965006828308 92.0040602684021 90.8741462230682 88.9531917572021 87.8224430084229 86.8621001243591 85.7202758789062 85.5431463718414 87.4865312576294 87.5064234733582 87.735114812851 87.5462090969086 88.5184061527252 88.7908780574799 90.4838380813599 90.5490686893463 93.07550740242 93.0937366485596 89.7654190063477 91.5455119609833 91.6040434837341 90.9264495372772
88.3198492527008 88.356050491333 88.6672394275665 89.5320792198181 89.5683672428131 91.76225066185 92.0725162029266 93.6476745605469 93.0534315109253 90.0465400218964 89.0823879241943 89.1427366733551 89.223536491394 88.1984150409698 89.5547699928284 90.4732720851898 90.2862069606781 91.6497130393982 92.7266957759857 93.6496677398682 92.19788813591 92.2759130001068 92.3539364337921 93.0984885692596 93.3948261737823 93.4261629581451 93.1931807994843 93.8895974159241 92.9167096614838 92.000955581665 90.8714928627014 90.8613529205322 87.9784297943115 86.8503232002258 87.835485458374 90.7820239067078 90.7576985359192 89.6165504455566 89.636723279953 89.6568963527679 90.6314101219177 90.8559944629669 91.8304891586304 93.7828574180603 92.8256301879883 93.8747098445892 93.8526997566223 92.931539773941 93.0121655464172
89.4850027561188 91.4008004665375 91.4821169376373 90.5262150764465 90.1252672672272 89.2257552146912 89.2652871608734 89.4145443439484 91.5609424114227 91.8721573352814 91.9120903015137 91.142166852951 91.2292079925537 92.4217441082001 92.2411787509918 91.4903292655945 91.5773711204529 93.8225300312042 93.9073598384857 94.0369529724121 94.1217365264893 94.2065184116364 95.2017471790314 95.3053345680237 95.2933387756348 94.7834417819977 94.8152751922607 96.1938350200653 96.1855080127716 93.1390311717987 93.1297028064728 91.241931438446 91.231241941452 91.0566062927246 91.0902369022369 92.0716142654419 92.8570117950439 91.9016330242157 90.7134864330292 91.939462184906 91.9583773612976 91.7701697349548 92.1594667434692 93.1279275417328 93.3531408309937 95.104640007019 93.9692192077637 94.9865751266479 96.0455148220062
89.5467846393585 91.5088605880737 91.8145368099213 91.4240443706512 90.1897130012512 89.3969240188599 89.4350345134735 89.7437205314636 89.7814745903015 89.8192279338837 89.8569819927216 88.9738953113556 91.2855236530304 91.376806974411 91.2009024620056 91.5593750476837 92.658679485321 93.5936031341553 92.8429243564606 94.0447425842285 94.1376352310181 96.2063825130463 96.2974774837494 96.359751701355 96.6548535823822 95.722240447998 95.7543935775757 96.3322012424469 96.3677582740784 96.4033138751984 95.259702205658 94.2946722507477 94.5365042686462 93.3661398887634 93.1933534145355 93.0129487514496 93.0318937301636 95.9822371006012 94.0273809432983 95.0270419120789 95.047091960907 95.0671405792236 94.0597524642944 94.0788073539734 94.3041305541992 94.116913318634 95.0941405296326 95.1544613838196 96.4213936328888
91.5396821498871 91.1439342498779 91.4520435333252 91.488792181015 90.2541587352753 90.2909483909607 90.5975234508514 89.8012132644653 89.8372783660889 89.873340845108 90.1779253482819 91.2463119029999 91.3418400287628 91.4373662471771 91.5328946113586 91.3630328178406 92.7320249080658 92.8285210132599 94.7297823429108 93.9822540283203 96.2024440765381 96.5543954372406 96.649129152298 96.7575335502625 97.9034440517426 97.7792139053345 98.0715732574463 99.8116626739502 99.5957033634186 99.6761193275452 99.4607744216919 97.3616254329681 96.3951022624969 95.2461476325989 95.2805178165436 95.3064436912537 93.4131889343262 95.3286337852478 96.3418686389923 96.1104636192322 96.3352663516998 97.3132929801941 95.174195766449 96.347461938858 95.4182751178741 96.191027879715 96.2101693153381 95.2787418365479 95.3812909126282
92.2793641090393 92.0446887016296 93.2953736782074 92.3853631019592 91.3193161487579 90.6225342750549 91.6584181785583 89.8587079048157 89.8930816650391 89.9274537563324 90.2293653488159 90.2957496643066 89.5574083328247 90.4930934906006 91.8626084327698 93.4971134662628 94.6079058647156 94.9744443893433 95.077495098114 95.1805460453033 96.5850636959076 96.6839973926544 96.7829313278198 96.8489227294922 96.8819725513458 98.7255444526672 99.9885671138763 102.839718341827 100.947777509689 101.937676668167 99.8535962104797 99.6827344894409 99.7186343669891 99.5483219623566 96.6457331180573 96.4660291671753 97.4451699256897 98.4478838443756 98.6722157001495 98.4851751327515 98.4601128101349 98.4788012504578 97.2574739456177 97.2751219272614 97.2927689552307 99.4706761837006 99.4893012046814 96.4002323150635 96.7106375694275
92.3465964794159 94.329108953476 94.3653452396393 93.400988817215 93.4370231628418 92.6398289203644 91.9919183254242 92.0265595912933 89.9583969116211 89.9927220344543 90.2934238910675 90.0957503318787 90.4639980792999 92.5292141437531 95.0086731910706 96.9178862571716 96.7647969722748 95.9115793704987 97.3187167644501 98.3888189792633 97.6438341140747 96.7794194221497 98.7057754993439 101.861298799515 101.94183588028 101.933672428131 100.995002985001 102.076815605164 101.908249139786 104.067448139191 104.105287075043 102.022312879562 101.854740858078 99.9025676250458 99.7338631153107 99.7629306316376 98.5844423770905 99.8058123588562 99.5786128044128 99.6001641750336 98.6720907688141 98.650336265564 98.4677159786224 98.4461576938629 99.678718328476 99.700569152832 98.5272002220154 96.8304827213287 96.6828751564026
94.6452400684357 94.6770713329315 93.434225320816 93.4719274044037 93.5096266269684 93.8135914802551 93.01673579216 92.0518498420715 90.0332210063934 90.0691442489624 90.1050655841827 90.4407489299774 91.7691440582275 93.721339225769 96.9033570289612 98.8674917221069 99.9475331306458 100.064416646957 100.607589006424 99.5050292015076 98.6451516151428 101.792536735535 101.050567388535 101.979677438736 102.016949176788 103.311431884766 103.347940921783 105.165843963623 104.181703329086 105.247358560562 105.083064317703 104.161072015762 102.998951911926 102.053125143051 101.888849973679 102.128027915955 102.158177137375 101.9406208992 99.8501620292664 99.8807094097137 99.8675167560577 98.6980464458466 98.8873183727264 98.9167613983154 98.7429141998291 97.8216366767883 99.9698233604431 103.398938655853 100.322949647903
93.1852622032166 93.4641304016113 93.7691168785095 93.5428628921509 93.5822296142578 93.6215953826904 93.9256210327148 93.1293239593506 91.9010663032532 90.1455652713776 91.4055163860321 93.3214769363403 93.4346594810486 94.5107057094574 96.7367870807648 98.6632781028748 99.7935719490051 100.173899412155 100.64882516861 103.540205955505 101.834032535553 101.949758052826 102.321324110031 103.101093053818 103.139008998871 103.176921129227 103.214837789536 105.319577932358 105.36203122139 105.404481172562 105.446933507919 105.285521745682 105.328219652176 104.202138900757 103.290347337723 105.251500844955 103.370272874832 103.162644147873 103.737412929535 101.59993481636 101.637127876282 102.073301553726 102.06769490242 100.18510055542 99.9773890972137 101.228323936462 102.220236063004 102.438806056976 102.516740322113
92.537248134613 94.7972452640533 94.8383817672729 93.8778011798859 93.9185996055603 93.6958646774292 93.1644475460052 93.2048361301422 91.9789822101593 91.182293176651 92.3219094276428 93.4044606685638 94.7460746765137 96.9730386734009 99.911331653595 100.035348892212 100.159365415573 103.373260498047 100.407397985458 103.906325817108 101.943299055099 102.062465667725 102.436423301697 102.260914325714 103.513188838959 103.55189871788 103.337303638458 105.473309755325 105.517456054688 105.56160569191 105.649926900864 106.685091018677 106.527811765671 106.819845676422 106.619062662125 106.464026927948 104.515769004822 103.349004983902 103.395903587341 103.84436249733 102.859414339066 102.905695676804 103.338541030884 103.341852903366 100.412806510925 100.458404779434 103.4830327034 103.540732383728 101.539328098297
93.0745365619659 94.3297154903412 94.0569748878479 93.6847369670868 92.7249591350555 91.9312288761139 91.9731197357178 93.0186412334442 92.0568981170654 93.3644397258759 94.3698813915253 95.5517635345459 95.6741738319397 97.0642087459564 101.238437652588 102.212167739868 101.495684146881 103.48595905304 103.617398738861 101.664215803146 103.032143831253 102.429540872574 103.534424781799 103.363682508469 103.405418872833 102.460296869278 105.581195116043 104.668371200562 106.663493156433 106.754828929901 106.801874637604 106.646979570389 106.738425016403 106.785721302032 108.799863815308 108.853223323822 107.696583271027 105.550647735596 104.592839956284 105.109926700592 103.498985767365 103.710124969482 103.764796495438 103.775703191757 103.874135494232 109.245948791504 108.118899345398 102.981105804443 100.815490722656
91.8297975063324 92.1346690654755 92.7515778541565 93.056441783905 93.2247557640076 92.0043294429779 92.047824382782 92.0913183689117 92.134813785553 92.17830991745 94.4526951313019 94.5374021530151 95.7623949050903 97.8677725791931 99.0984675884247 100.240048646927 100.627482652664 102.749974250793 102.883625507355 100.764647960663 100.306334733963 100.429759025574 100.553178071976 101.596150875092 101.889006376266 101.722676992416 103.808879137039 103.855999469757 107.068467617035 107.161154270172 107.008233547211 107.056926727295 108.104525566101 107.95411491394 107.804337501526 107.862308502197 107.88371181488 106.790818452835 104.834146499634 104.897680044174 104.674252033234 104.737950563431 102.817844629288 102.836231470108 103.872155427933 103.159260749817 101.000488519669 101.051242351532 102.253043174744
