data/train_2003/bio18_avg_2003-2018.asc
NCOLS 664 
NROWS 380 
XLLCORNER 3.91666666666667 
YLLCORNER 55.3333333333333 
CELLSIZE 0.0416666666666666 
NODATA_value -9999 
[rows 0 to 21 of 380, columns 539 to 587 of 664]
-9999 -9999 -9999 -9999 -9999 -9999 -9999 -9999 -9999 -9999 -9999 -9999 -9999 -9999 -9999 -9999 -9999 -9999 -9999 -9999 -9999 -9999 -9999 -9999 -9999 -9999 -9999 -9999 -9999 -9999 -9999 -9999 -9999 -9999 -9999 -9999 -9999 -9999 -9999 -9999 -9999 -9999 -9999 -9999 -9999 -9999 -9999 -9999 -9999
-9999 -9999 -9999 -9999 -9999 -9999 -9999 -9999 -9999 -9999 -9999 -9999 -9999 -9999 -9999 -9999 -9999 -9999 -9999 -9999 -9999 -9999 -9999 -9999 -9999 -9999 -9999 170.44926071167 165.632683753967 163.022066116333 164.854155540466 166.055604934692 155.184782028198 -9999 -9999 -9999 -9999 -9999 -9999 -9999 -9999 -9999 152.110497951508 152.101690292358 151.228246688843 -9999 -9999 -9999 -9999
-9999 -9999 -9999 -9999 -9999 -9999 -9999 -9999 -9999 -9999 -9999 -9999 -9999 -9999 -9999 -9999 -9999 -9999 -9999 -9999 -9999 -9999 -9999 -9999 -9999 -9999 160.430607795715 168.960810661316 173.794441223145 170.479215145111 170.353395938873 164.196272373199 160.507394790649 157.379231929779 151.067928791046 149.439755439758 162.776020050049 156.89251947403 156.873762607574 156.088858127594 152.925279140472 162.889835357666 158.413012504578 154.856859207153 152.417540073395 151.218022346497 -9999 -9999 -9999
-9999 -9999 -9999 -9999 -9999 -9999 -9999 -9999 -9999 -9999 -9999 -9999 -9999 -9999 -9999 -9999 -9999 -9999 -9999 -9999 169.046202659607 168.227471828461 164.915441989899 158.702553749084 164.997482299805 168.381287097931 166.103178024292 162.14543056488 166.576331615448 172.109085083008 171.261538982391 171.434760570526 167.848327159882 162.202873706818 155.833957672119 159.008901596069 162.912761688232 161.397892475128 162.119675159454 159.997275829315 161.377236366272 161.816523075104 160.511921405792 155.262177467346 152.42062330246 -9999 -9999 -9999 -9999
-9999 -9999 -9999 -9999 -9999 -9999 -9999 158.717574596405 -9999 -9999 -9999 -9999 -9999 -9999 -9999 -9999 -9999 -9999 171.924000263214 171.752491474152 164.780338287354 167.934186935425 164.164116382599 168.587876319885 172.122205734253 174.546155929565 167.883819580078 156.181228637695 167.059243679047 170.730506420135 173.330345153809 172.945528030396 169.197973251343 162.81565618515 163.242183685303 166.408884048462 167.69507932663 165.560396671295 163.177360057831 164.175360679626 165.509266853333 165.207486152649 158.988107204437 153.195413589478 169.787471294403 186.60667514801 180.843629837036 177.47442817688 167.350112915039
-9999 -9999 175.557795524597 174.048407077789 172.161584377289 175.303062915802 169.080779075623 162.247053146362 157.532543182373 -9999 -9999 -9999 -9999 -9999 -9999 -9999 -9999 166.320483207703 167.306817054749 168.083526134491 168.421776771545 168.05132484436 166.902193069458 165.738410949707 163.097157478333 164.087786197662 167.629673957825 172.271139621735 166.983636379242 167.182773113251 171.302870750427 172.888607978821 168.255421161652 167.677851200104 167.631603717804 166.816590309143 164.90037727356 166.293315887451 164.042206764221 164.550924301147 162.424491882324 161.046539306641 157.918904781342 178.944965362549 197.8215675354 209.122840881348 208.24214553833 194.123109817505 175.001145362854
175.727615356445 171.61167049408 175.870792388916 178.212358951569 183.827668190002 179.767677307129 172.612890720367 164.727227210999 158.641743183136 -9999 -9999 -9999 -9999 -9999 -9999 -9999 -9999 -9999 156.64102602005 161.188035964966 163.717721939087 166.214496135712 165.448738098145 162.126441955566 157.730752468109 161.592544555664 164.084606647491 167.635552883148 169.77478313446 171.816197395325 174.149712562561 174.061839103699 172.220358848572 170.455371856689 170.438765525818 168.296191692352 168.242592334747 167.086172103882 166.264904022217 163.062851905823 164.799473285675 176.312716960907 187.474111557007 183.165816783905 178.232724666595 176.785955429077 174.028621196747 169.335553646088 169.85480594635
184.513641357422 186.475721359253 187.437615394592 184.913287162781 178.797698020935 175.148488521576 165.935681819916 157.976201534271 158.530017852783 155.249420642853 -9999 -9999 -9999 -9999 -9999 -9999 -9999 -9999 -9999 -9999 -9999 -9999 -9999 -9999 -9999 -9999 162.674705505371 166.238110542297 169.109998226166 170.497258663177 168.712794303894 169.30157661438 168.124176979065 166.710327148438 166.66459274292 166.907339096069 169.605453968048 168.827785491943 170.863333702087 171.831750869751 181.423924446106 186.927526473999 174.018889427185 170.471470355988 170.408078193665 170.151648521423 168.586646080017 166.441739559174 163.771841526031
184.721472740173 188.715280532837 179.490112781525 176.910231590271 173.148419380188 174.86871099472 172.175500869751 164.761717319489 157.467029094696 -9999 -9999 -9999 -9999 -9999 -9999 -9999 -9999 -9999 -9999 158.094616413116 -9999 160.122645378113 167.646399974823 173.410766601562 170.491523265839 169.440782546997 165.750540733337 169.62490272522 171.744479656219 169.891205310822 169.831527233124 169.771852493286 167.578787326813 167.523190021515 162.555416107178 161.481054782867 161.428607940674 157.90044927597 159.932625293732 162.731064796448 161.948229312897 161.895297527313 167.764392375946 167.709319591522 162.075340270996 156.457680225372 159.268531322479 157.854262828827 -9999
188.315535545349 189.590312957764 190.605111122131 193.043067932129 189.715333938599 188.504428863525 177.058704376221 160.433640480042 157.160103321075 -9999 -9999 -9999 -9999 -9999 -9999 -9999 -9999 -9999 -9999 157.656126976013 -9999 161.925242900848 168.767645835876 168.361058235168 170.915372371674 178.244756221771 178.577641963959 178.52339553833 176.217496395111 178.111590385437 178.360654354095 178.689991950989 174.246162891388 169.119302272797 171.189440727234 173.189809322357 181.149158000946 173.928374767303 171.35743522644 158.292772293091 176.513185977936 -9999 -9999 -9999 150.299234390259 -9999 -9999 -9999 -9999
203.218490600586 193.731644630432 184.199732780457 183.142004489899 191.471056938171 184.405118942261 163.679763317108 156.599355220795 -9999 -9999 -9999 -9999 -9999 -9999 -9999 -9999 -9999 165.772078037262 166.80289888382 161.066690921783 169.053294181824 166.38530921936 167.366652965546 171.617129802704 178.63630771637 178.974494457245 180.805188179016 180.637523174286 181.942244052887 179.795639514923 177.901463985443 179.175723075867 183.053965091705 190.961280822754 190.145847320557 183.640628814697 179.351705551147 178.024534702301 170.894145488739 169.60068655014 164.443947315216 156.816215991974 153.571959972382 -9999 162.907381534576 163.237674236298 -9999 -9999 -9999
183.976167678833 179.591023921967 177.699980258942 167.019912719727 159.991395950317 157.88791847229 -9999 -9999 -9999 -9999 -9999 -9999 -9999 -9999 -9999 -9999 159.369272708893 157.014237880707 157.892284393311 162.697226047516 164.881265640259 173.142186641693 176.637299060822 176.87618637085 180.240893363953 179.803080558777 176.205817222595 177.512930393219 180.367414474487 180.608254432678 184.088888168335 190.430144309998 192.16100025177 183.059042453766 177.579449176788 177.515817165375 174.214764118195 164.674025058746 160.553718090057 156.332311630249 160.09130191803 170.102470397949 172.285913944244 181.608338356018 190.53759098053 182.976353645325 157.217399597168 -9999 -9999
172.080796718597 172.449363231659 170.282679080963 163.81665802002 157.334949016571 158.332602977753 158.537912845612 -9999 -9999 -9999 -9999 -9999 -9999 -9999 -9999 -9999 152.430378437042 164.560647010803 163.9137840271 163.273723602295 166.474517345428 167.133106708527 166.679591655731 170.808260440826 176.864535331726 180.613715171814 179.486180305481 179.43461561203 179.005798816681 177.158491611481 170.958036899567 168.348481178284 165.745422363281 162.310028076172 157.610152721405 159.032339096069 167.32622051239 167.475930213928 167.663949489594 173.642455101013 188.023714065552 200.587870597839 193.725892066956 187.539093017578 186.40930557251 166.555050849915 -9999 -9999 -9999
177.270051956177 183.152643203735 183.185712814331 180.459171295166 171.273109436035 159.259684085846 -9999 -9999 -9999 -9999 -9999 -9999 155.053229808807 -9999 154.765206813812 164.634077072144 163.012379169464 165.64465045929 167.257662773132 161.293582439423 161.5020403862 162.433176040649 165.881319522858 164.496626377106 165.368266582489 167.714570999146 166.287765979767 168.91752576828 167.295917034149 167.831624507904 164.920350074768 171.793121814728 181.319147109985 184.458706855774 171.685710430145 172.754796981812 185.439925193787 190.641472816467 183.749775886536 193.632645606995 196.429976463318 193.864236831665 186.961856842041 175.726150989532 161.582549571991 -9999 -9999 -9999 -9999
188.276972770691 185.499862670898 180.052128791809 175.200909614563 167.593547344208 156.690296649933 158.724144458771 -9999 -9999 -9999 -9999 -9999 -9999 -9999 155.943270683289 159.940095901489 161.595697879791 170.342037200928 166.68537569046 166.040143966675 161.196254730225 162.825018405914 161.144034862518 158.911134719849 162.740360736847 172.499541759491 187.503977775574 192.275615692139 191.491323471069 182.352655410767 184.145335197449 188.393982887268 188.377290725708 188.332877159119 190.45854473114 197.032658576965 196.81759929657 196.569501876831 187.548299789429 177.481106281281 168.413636207581 161.785940170288 156.003656387329 -9999 -9999 -9999 -9999 -9999 162.139635562897
182.978915214539 180.421411514282 172.407148838043 164.558065414429 160.6003241539 155.959230899811 -9999 -9999 -9999 -9999 -9999 152.29844045639 152.398716926575 -9999 157.51726770401 157.596742630005 163.84873342514 165.559864521027 172.517188072205 171.693731784821 173.142054080963 173.952580928802 171.305767536163 166.359216690063 168.515968799591 177.402438163757 193.960363388062 209.158525466919 203.022250175476 193.260291099548 192.094920158386 190.073275566101 184.797569274902 173.222443580627 172.581870079041 167.906961917877 160.811715602875 158.018922328949 153.190386772156 148.368343830109 147.257711410522 -9999 156.872166156769 155.738579273224 158.519840240479 159.486057281494 154.949467658997 155.246060848236 152.65704536438
179.356576442719 169.132543087006 164.500970363617 156.474000930786 155.325346469879 -9999 -9999 -9999 -9999 155.839697360992 160.257000923157 165.895690917969 157.695739269257 151.558105945587 162.043312549591 166.238638877869 158.640236377716 161.833065032959 171.878790378571 173.343748092651 170.715794086456 172.177076816559 172.843205451965 169.659042358398 168.651930332184 177.740445137024 182.88122844696 183.394378662109 182.833267211914 179.57676410675 176.867053508759 172.014465332031 167.054170131683 162.499450683594 158.53107881546 150.84742975235 155.101781845093 153.674751281738 157.430676937103 156.50070810318 156.486123085022 155.490619182587 154.520116329193 159.691786289215 171.513331890106 170.521202087402 157.247848510742 155.8686170578 161.13414478302
171.400824069977 175.299376964569 165.995629310608 155.428193092346 157.115720272064 159.909469127655 157.029053211212 157.961982250214 161.122747898102 163.254139900208 165.888977527618 163.216419696808 163.170771598816 159.951742172241 168.012491703033 166.821323394775 165.680858135223 168.553253650665 167.141666889191 169.458705425262 172.029574394226 171.672067165375 172.642295837402 173.005163192749 177.518585681915 175.836840629578 174.701907634735 174.678221702576 177.644684791565 179.26350402832 176.30749464035 171.433413028717 165.245786190033 164.211364269257 162.362926483154 158.296584606171 160.705502510071 168.92050743103 164.353848934174 155.887681484222 156.976316928864 157.353313446045 159.326671600342 164.601368904114 160.289184570312 156.941878795624 156.812307834625 163.151376724243 169.167852401733
169.501225948334 165.164447307587 161.084290027618 154.996464729309 163.553286552429 158.961282253265 162.763113021851 168.275203704834 171.968744277954 170.583691596985 171.156555652618 166.961242675781 165.480989456177 164.706421375275 169.587760448456 177.069725513458 177.755809783936 176.783947944641 174.363387584686 176.333198547363 176.870635986328 178.538362979889 177.402631759644 178.341774940491 180.619345664978 182.574090003967 182.073679447174 175.853168010712 175.82963848114 176.029256820679 173.302091598511 172.194421291351 174.029221534729 173.245239257812 166.093756198883 165.823996543884 162.490243434906 167.780231952667 163.534568786621 159.073780059814 158.273638248444 159.351746559143 157.198023319244 153.904908180237 155.910333633423 164.374314785004 168.537317276001 170.579790115356 170.540731430054
169.025939464569 162.570759296417 159.242152690887 164.591517448425 168.571664333344 165.245211601257 161.922137260437 164.536327838898 169.822786331177 168.381149291992 167.139360904694 168.9558801651 171.018863201141 171.711411952972 181.952118396759 180.862585544586 180.174849033356 179.012052059174 179.976253509521 177.807431697845 177.165315628052 177.717826843262 176.628987312317 176.605058670044 178.760306835175 179.697609901428 182.207781791687 178.33806848526 179.73290348053 181.303942680359 174.129399776459 173.087258815765 169.108865737915 170.195427417755 168.023022174835 165.633151054382 164.578073978424 164.55740737915 161.45455789566 161.302332401276 160.398770809174 158.14032459259 157.107191085815 153.950066566467 162.34710931778 174.783350467682 178.084547519684 178.902653217316 170.484835147858
169.523666858673 173.766669750214 166.133728027344 168.297099113464 168.061932563782 170.175964355469 170.046748638153 166.734016418457 168.840401172638 171.988158226013 172.225470066071 173.230367660522 173.916239261627 172.868093490601 176.651159763336 180.74632358551 182.642482757568 178.377016067505 178.152627468109 178.947113513947 177.478857517242 177.660950183868 177.62669467926 176.046213626862 178.070823192596 178.035608291626 177.238833904266 174.012048721313 174.092113018036 171.952888965607 173.044496536255 168.891823768616 164.189974308014 163.918339252472 166.27378988266 165.54491186142 164.546370029449 163.456839561462 161.427620887756 159.324276924133 157.239849090576 158.122779369354 159.235206127167 159.218472480774 168.787393569946 174.022920608521 172.823224544525 170.551545143127 166.373339653015
181.431292533875 179.177293777466 179.043982028961 178.910665988922 179.845260620117 178.75651216507 177.61486530304 173.179068088531 172.045900821686 174.129544734955 173.957515239716 173.841753482819 174.117139816284 173.869640827179 173.494471549988 175.539552688599 176.406520366669 177.349171161652 178.209094524384 178.08601474762 175.969274044037 179.039793968201 177.029423713684 179.14076423645 179.100699901581 176.686165332794 174.489655971527 173.239719390869 172.114555835724 171.129729270935 168.973798274994 169.907307624817 165.884241104126 164.735621929169 164.712409973145 163.513459205627 164.571492195129 163.541443824768 163.526947021484 162.556057929993 159.287541866302 160.229341506958 157.193114280701 164.527322292328 171.802358627319 167.47132396698 163.291051864624 166.45500421524 164.303500175476
