data/train_2003/bio17_avg_2003-2018.asc
NCOLS 664 
NROWS 380 
XLLCORNER 3.91666666666667 
YLLCORNER 55.3333333333333 
CELLSIZE 0.0416666666666666 
NODATA_value -9999 
[rows 66 to 87 of 380, columns 245 to 293 of 664]
-9999 -9999 -9999 -9999 -9999 -9999 168.657678127289 170.338173389435 175.618649959564 176.998810768127 169.641056060791 186.685178279877 187.658453464508 179.674414634705 191.634111881256 189.386965751648 183.117402553558 191.569956302643 196.534332275391 213.835913658142 200.391487121582 204.149122238159 199.042813301086 195.151600837708 196.745513916016 198.038990974426 198.514053344727 197.532747268677 200.515413284302 193.135442733765 192.391998767853 198.365731239319 204.367004394531 205.63480758667 207.849244117737 210.413975715637 209.481421470642 208.388690948486 205.457056045532 202.224173545837 204.390926361084 202.852652549744 206.621041297913 209.260219573975 214.079474449158 -9999 208.655332565308 209.365990638733 211.041335105896
186.826061248779 181.763420581818 -9999 -9999 177.162262439728 186.047626018524 167.568397045135 169.490880489349 178.823404312134 190.820760250092 182.916198253632 194.69685792923 202.762329101562 191.526009559631 180.827954769135 191.762718200684 211.904803276062 204.678433418274 199.008135795593 190.992196083069 184.342485427856 179.39538192749 186.547996520996 195.210560798645 194.708011627197 192.840224742889 186.366327762604 184.265414237976 184.854161739349 185.500288009644 188.807857513428 192.412268161774 195.918417453766 195.873066425323 199.123633384705 200.744777679443 200.204936027527 198.306630134583 196.181621074677 -9999 -9999 -9999 -9999 -9999 -9999 -9999 202.65586566925 204.080989837646 205.917204856873
188.749376296997 189.908731937408 190.975838184357 178.356094360352 185.465031147003 197.498542785645 181.630613803864 176.921168327332 176.564646720886 176.802454948425 180.261826992035 180.633587837219 175.241587638855 163.540365219116 169.630587100983 204.898559570312 190.296977043152 179.464764595032 173.004176139832 167.931286811829 175.794001102448 180.942681312561 180.768727302551 183.197085857391 181.720049858093 179.906939029694 -9999 174.867772579193 176.80280828476 177.461496829987 -9999 -9999 -9999 -9999 190.021311759949 192.68119096756 192.358394145966 -9999 -9999 -9999 -9999 -9999 -9999 -9999 -9999 -9999 -9999 -9999 208.584915161133
193.31023979187 195.130638599396 196.562397956848 179.951927661896 185.203746795654 181.402048587799 188.647299289703 195.058502674103 197.432240009308 180.034838676453 183.107887268066 166.570702075958 152.963118553162 150.294373989105 158.292452812195 173.076528549194 172.649519443512 172.851320266724 170.084305286407 165.726915836334 172.093923091888 171.280432701111 169.240530014038 168.849852561951 -9999 -9999 -9999 -9999 175.036456108093 -9999 -9999 -9999 181.906739711761 -9999 186.427519321442 -9999 -9999 -9999 -9999 -9999 -9999 -9999 -9999 199.806122779846 198.325025558472 200.64670753479 201.964263916016 -9999 212.000226020813
192.246465206146 177.627152442932 188.585659503937 186.902847290039 182.525897979736 188.813554286957 189.089413642883 169.611995697021 161.428966522217 154.160275936127 153.446378231049 151.308095932007 144.946815013885 -9999 159.2677526474 154.045682907104 163.237114906311 162.298006534576 159.756067752838 -9999 -9999 -9999 -9999 -9999 -9999 -9999 -9999 -9999 -9999 -9999 -9999 -9999 -9999 -9999 -9999 -9999 -9999 -9999 -9999 -9999 -9999 -9999 -9999 199.33603477478 195.659926891327 200.920709609985 203.779808044434 203.629529953003 -9999
-9999 -9999 180.981421947479 187.455133914948 179.315404415131 164.786997795105 159.110309123993 153.548445224762 149.108200550079 -9999 -9999 -9999 -9999 128.805710792542 144.539184093475 146.716400623322 -9999 -9999 -9999 -9999 -9999 -9999 -9999 -9999 -9999 -9999 -9999 -9999 -9999 -9999 -9999 -9999 -9999 -9999 -9999 189.655081272125 191.091050624847 193.579854488373 193.078821182251 195.29785490036 -9999 196.553158760071 201.077629089355 201.55687713623 202.149620056152 207.510746002197 206.000736236572 205.4923620224 205.909212112427
-9999 169.813072681427 168.442788600922 -9999 -9999 -9999 -9999 -9999 -9999 -9999 -9999 -9999 -9999 131.011231899261 130.615536689758 -9999 -9999 -9999 -9999 -9999 -9999 -9999 -9999 -9999 -9999 -9999 -9999 -9999 -9999 -9999 182.774544239044 184.77476644516 186.346060752869 188.408757686615 189.634652614594 192.491867542267 191.208860874176 193.328628540039 194.72554731369 197.554302692413 198.092433929443 -9999 202.801248550415 201.156373023987 204.069383621216 205.177856445312 204.444730758667 203.546327590942 203.933908462524
-9999 -9999 -9999 -9999 -9999 -9999 -9999 -9999 -9999 -9999 -9999 -9999 -9999 -9999 -9999 -9999 -9999 -9999 -9999 -9999 -9999 -9999 -9999 -9999 -9999 -9999 -9999 -9999 -9999 183.299069404602 190.491216182709 191.356650829315 195.40295791626 192.419469833374 193.244136810303 194.684829711914 196.193010807037 196.797715187073 197.084046363831 196.405696392059 194.777208328247 200.317680358887 197.300577163696 199.214890480042 199.889545440674 200.389710426331 197.759032249451 202.76505279541 -9999
-9999 -9999 -9999 -9999 -9999 -9999 -9999 -9999 -9999 -9999 -9999 -9999 -9999 -9999 -9999 -9999 -9999 -9999 -9999 -9999 -9999 -9999 -9999 -9999 -9999 -9999 -9999 183.387805461884 187.393029689789 191.512022018433 192.918241024017 192.860045909882 194.255383491516 193.164316177368 195.554707527161 195.725869178772 198.125560283661 196.026190757751 196.561611652374 201.76305103302 202.799833297729 201.2298412323 202.311947822571 204.892972946167 203.041487693787 198.730744361877 200.436410903931 204.259744644165 201.844452857971
-9999 -9999 -9999 -9999 -9999 -9999 -9999 -9999 -9999 -9999 -9999 -9999 -9999 -9999 -9999 -9999 -9999 -9999 -9999 -9999 -9999 -9999 -9999 167.795860290527 -9999 178.698065757751 180.410081863403 188.33379983902 187.253904819489 190.786477565765 189.828054428101 190.294518470764 189.524897575378 193.073610305786 193.821507453918 196.357547283173 196.345296859741 199.670444488525 199.046806335449 200.344955444336 197.24071264267 198.068029880524 203.640009880066 203.063983917236 203.006155967712 204.199224472046 201.461960792542 200.123650550842 196.934688568115
-9999 -9999 -9999 -9999 -9999 -9999 -9999 -9999 -9999 -9999 -9999 -9999 -9999 -9999 -9999 -9999 -9999 -9999 -9999 -9999 159.887292861938 166.416390895844 171.283246040344 172.108669281006 176.839411258698 182.349668979645 185.888247013092 186.796666622162 184.679308414459 -9999 186.60212802887 188.741198539734 191.066544532776 194.067008018494 196.111703395844 197.303450584412 196.923043727875 199.015137195587 190.292721271515 198.566728591919 200.322012901306 200.97459602356 202.157306671143 202.684777259827 201.755219459534 193.632682323456 192.048824310303 190.130989551544 189.125370502472
-9999 -9999 -9999 -9999 -9999 -9999 -9999 -9999 -9999 -9999 -9999 -9999 -9999 -9999 -9999 143.154393672943 -9999 148.867737770081 -9999 157.026261329651 165.170208930969 171.346772193909 176.497783184052 177.641076087952 178.93911075592 180.814016342163 183.869216918945 185.801639080048 185.041168689728 -9999 -9999 194.192563533783 194.845251560211 195.059250354767 201.131591796875 188.209592342377 196.412508964539 198.701970100403 189.337366104126 187.226617336273 202.190475463867 206.106647491455 194.865653038025 185.835193634033 191.764145851135 189.272931098938 184.120036125183 179.875681877136 184.116276264191
-9999 -9999 -9999 -9999 -9999 -9999 -9999 -9999 -9999 -9999 -9999 -9999 -9999 -9999 -9999 -9999 146.985301017761 152.964411258698 156.943277359009 161.414292812347 166.649765491486 172.717193126678 175.095864772797 177.910127639771 181.13538646698 184.790071487427 185.730745792389 189.905271053314 189.903661251068 195.830763816833 194.223405838013 194.539451599121 200.222004890442 202.844161987305 196.070133209229 192.914909362793 206.28290271759 195.193947792053 189.073632717133 191.911674022675 195.524177074432 204.973201751709 190.865503311157 182.772367477417 184.363659381866 173.681180000305 169.084745883942 166.166363239288 166.461921215057
-9999 -9999 -9999 -9999 -9999 -9999 -9999 -9999 -9999 -9999 -9999 -9999 -9999 -9999 -9999 150.314363002777 164.117238521576 161.538645744324 162.861714363098 169.758096218109 176.418218135834 178.942564487457 178.724823474884 180.826839447021 185.626430988312 186.774452209473 189.298342704773 192.896759033203 196.634169578552 199.183929443359 199.531099796295 200.416182518005 200.928489685059 203.110545158386 201.907937049866 204.700045585632 201.697143554688 183.25171995163 176.557324409485 190.32940864563 205.99974822998 196.047875881195 196.311130046844 194.741020202637 199.744203567505 180.309980869293 171.051609992981 171.064695358276 155.66880607605
-9999 -9999 -9999 -9999 -9999 -9999 -9999 -9999 -9999 -9999 -9999 -9999 146.765200138092 148.260303020477 147.648644924164 155.784917831421 165.579991340637 170.432214736938 174.392367839813 181.990501880646 186.084855079651 187.031895637512 183.874619007111 183.024514198303 185.195241451263 190.177031993866 192.560149669647 197.914267539978 192.757904052734 197.146995067596 199.897177696228 197.351667404175 196.440012931824 194.009827613831 188.680914402008 193.492099761963 201.609529495239 201.336628913879 201.246765136719 201.22940158844 194.217475891113 185.418366909027 172.872477531433 191.89447927475 192.146060943604 174.895999908447 183.111827373505 172.538581371307 158.870042800903
-9999 -9999 -9999 -9999 -9999 -9999 -9999 -9999 -9999 -9999 -9999 -9999 -9999 -9999 -9999 155.295050621033 159.419500827789 162.601644515991 166.264975070953 171.30995464325 172.791502475739 176.311310768127 180.903557777405 185.608971595764 187.938942432404 188.298080921173 187.842594146729 191.18709897995 194.717640399933 -9999 -9999 197.009750843048 193.571261405945 193.131653308868 200.965886592865 203.570955276489 197.118209838867 186.364087104797 185.946866989136 192.874394893646 179.217229366302 166.979897975922 180.241161346436 185.389158248901 183.298541545868 180.66009759903 172.915570735931 156.885141849518 151.554306983948
-9999 -9999 -9999 -9999 -9999 -9999 -9999 -9999 -9999 -9999 147.933672428131 148.111995697021 -9999 -9999 154.523001670837 158.808485984802 161.820854663849 167.198331356049 175.604058265686 183.929629802704 180.325922012329 179.810997962952 181.103329181671 183.345405101776 185.30754327774 185.966448307037 -9999 189.208144187927 187.068828105927 188.964601516724 197.851652145386 196.293779850006 192.915884017944 192.947441101074 190.215339660645 180.28776550293 181.211142539978 184.630515098572 186.685103416443 211.515356063843 180.375502109528 186.022469043732 197.682780265808 185.879981517792 165.785091876984 162.391351699829 147.454453468323 146.707320690155 147.462746143341
-9999 -9999 -9999 -9999 -9999 -9999 -9999 -9999 -9999 -9999 -9999 -9999 -9999 -9999 162.611033916473 169.654580593109 175.699876785278 180.588337421417 186.732727527618 187.676600456238 184.668923854828 180.811229705811 180.871761322021 182.44486284256 -9999 -9999 -9999 185.328825950623 194.927865028381 187.428820133209 189.530362129211 194.342843055725 200.128264427185 184.262114524841 190.269738674164 186.613934993744 187.960570335388 177.33895778656 171.899232387543 197.348168373108 196.396080493927 182.831212997437 170.478457927704 165.184676170349 166.910011291504 168.536096572876 166.324148654938 156.200563430786 158.978853702545
-9999 -9999 -9999 -9999 -9999 -9999 -9999 -9999 -9999 -9999 -9999 -9999 -9999 -9999 -9999 169.166847229004 173.495844841003 177.57256269455 181.542628765106 180.196150779724 174.79585313797 174.490163803101 177.568920135498 179.549640655518 -9999 183.139366149902 187.292518138885 195.503348827362 195.9952917099 190.289682865143 197.55619764328 191.876806259155 199.652279853821 190.608414173126 193.391225337982 191.291063785553 193.040881156921 197.594176769257 196.831563472748 190.809855937958 161.894093036652 167.59536075592 187.637345790863 194.321043968201 193.228148937225 174.536111831665 152.851535320282 138.693263053894 136.542520999908
-9999 -9999 -9999 -9999 -9999 -9999 -9999 -9999 -9999 -9999 -9999 -9999 157.974389076233 158.035977363586 161.303890705109 -9999 -9999 -9999 -9999 -9999 -9999 175.900479316711 176.184956550598 182.793447494507 182.57190990448 187.766098022461 197.175238609314 193.171191692352 200.080338954926 205.099558830261 203.193632125854 208.387702941895 203.859988212585 199.331441879272 183.101894378662 172.305616855621 164.514447689056 187.366581916809 197.975121021271 175.675254821777 171.73455953598 177.430644512177 183.933948993683 181.995516777039 185.883457183838 163.420823097229 159.127424716949 158.608127117157 148.689464092255
-9999 -9999 -9999 -9999 -9999 -9999 -9999 -9999 -9999 -9999 -9999 -9999 157.864753246307 160.32941198349 -9999 -9999 -9999 175.287986278534 175.243188381195 174.242717266083 180.121796607971 181.030465602875 180.376503944397 184.470241546631 186.787492275238 -9999 191.32959985733 192.924379348755 186.756782531738 177.868381023407 196.933070659637 202.523420333862 195.853597164154 195.557916164398 190.651616573334 187.32576417923 191.578171730042 185.633651256561 194.433790206909 178.006916999817 165.058434009552 166.207884311676 171.951229095459 166.87500667572 155.115539073944 143.435172557831 138.267276763916 132.338311195374 130.302115917206
-9999 -9999 -9999 -9999 -9999 -9999 -9999 -9999 -9999 -9999 -9999 157.596772670746 -9999 -9999 167.258260250092 169.722988128662 172.652913570404 174.178741455078 179.147270679474 181.903715133667 181.713707447052 184.991771697998 182.132863521576 180.169406414032 182.902215957642 189.100141525269 195.911477088928 198.20645236969 203.916459083557 194.939962863922 204.464511871338 206.758439064026 206.589894294739 202.095485210419 199.493291378021 181.650504112244 178.51793050766 169.002560138702 160.637000083923 158.280651092529 159.411723613739 159.348532676697 152.672423362732 151.810035705566 152.878429412842 144.430561065674 135.204078197479 129.336905479431 126.055527210236
