data/train_2003/bio12_avg_2003-2018.asc
NCOLS 664 
NROWS 380 
XLLCORNER 3.91666666666667 
YLLCORNER 55.3333333333333 
CELLSIZE 0.0416666666666666 
NODATA_value -9999 
[rows 44 to 65 of 380, columns 490 to 538 of 664]
452.76049041748 454.85436630249 450.225383758545 454.549922943115 467.736642837524 463.513362884521 462.394548416138 466.608032226562 475.297374725342 478.627571105957 472.103853225708 460.638738632202 459.534521102905 464.938499450684 462.917753219604 454.144725799561 455.33741569519 460.79372215271 462.094610214233 466.304317474365 469.472188949585 478.359872817993 491.418796539307 483.406625747681 482.595836639404 471.785984039307 470.771348953247 451.36784362793 445.935897827148 450.051568984985 449.028245925903 449.085947036743 444.927381515503 428.730236053467 442.846612930298 462.26678276062 466.127485275269 463.568916320801 458.366912841797 454.686765670776 461.198118209839 463.272970199585 471.058000564575 473.930561065674 470.728895187378 468.748178482056 470.705183029175 468.524066925049 470.559314727783
457.172100067139 456.261573791504 455.118516921997 460.424335479736 468.158632278442 471.2887840271 473.500295639038 476.540672302246 476.895570755005 470.343864440918 463.929660797119 460.458515167236 468.079452514648 468.180093765259 470.60280418396 472.917644500732 469.732662200928 473.237962722778 478.490501403809 474.275272369385 471.947471618652 472.925428390503 480.945104598999 477.939399719238 473.636825561523 467.064033508301 458.559940338135 451.184238433838 443.775966644287 440.735397338867 448.069227218628 444.745250701904 442.668617248535 427.645406723022 446.009641647339 456.19167137146 451.502637863159 454.838956832886 456.966899871826 467.742603302002 482.644569396973 481.508010864258 475.96001625061 471.608190536499 472.444732666016 470.078243255615 470.158088684082 462.562227249146 460.463705062866
471.210582733154 467.194736480713 465.772829055786 465.113157272339 472.653064727783 478.217184066772 477.929527282715 472.640523910522 471.50122833252 467.255140304565 462.828792572021 469.667276382446 476.874351501465 482.479524612427 482.840349197388 484.047071456909 478.756622314453 481.083909988403 483.294828414917 479.013166427612 477.840690612793 474.474145889282 470.339733123779 470.286424636841 469.365629196167 467.543348312378 458.692983627319 454.490627288818 452.422529220581 446.283979415894 444.084075927734 440.713455200195 432.340724945068 438.675342559814 453.799703598022 457.307514190674 451.615196228027 458.2581615448 459.000001907349 460.944343566895 465.186428070068 481.27886390686 480.063341140747 477.844072341919 474.324890136719 473.205305099487 468.621004104614 460.083740234375 464.684049606323
469.048805236816 464.997436523438 464.000331878662 465.93189239502 475.815330505371 476.768640518188 473.560457229614 472.647905349731 472.577602386475 467.278751373291 468.563425064087 479.420127868652 482.703672409058 489.167778015137 490.475814819336 496.329790115356 496.421291351318 492.041469573975 484.703350067139 484.732639312744 480.227312088013 472.708271026611 469.705299377441 465.209638595581 464.045209884644 461.081085205078 460.98060798645 457.972909927368 457.080730438232 451.666185379028 448.503484725952 443.030582427979 432.093587875366 436.245578765869 448.062963485718 451.030376434326 453.985401153564 458.286949157715 462.492450714111 459.323938369751 471.031286239624 471.735103607178 477.061229705811 478.208278656006 477.861745834351 477.622869491577 473.064531326294 465.733604431152 474.587099075317
463.675094604492 466.089654922485 467.356397628784 468.546133041382 468.362398147583 475.258396148682 476.122287750244 483.764289855957 488.366994857788 482.468112945557 481.498291015625 490.512584686279 494.785890579224 497.218017578125 501.805999755859 503.868450164795 502.199182510376 496.801889419556 492.485601425171 485.978042602539 480.481540679932 472.907833099365 471.939046859741 467.401870727539 467.681659698486 463.114192962646 457.994823455811 456.884344100952 458.955617904663 454.823812484741 451.445014953613 446.115020751953 443.895059585571 437.172384262085 445.877000808716 455.635892868042 457.651214599609 461.71489906311 463.484788894653 467.350727081299 469.588382720947 477.058481216431 481.363933563232 482.190683364868 484.16477394104 480.639585494995 481.952880859375 480.086303710938 482.38763999939
467.978755950928 467.09136390686 471.688873291016 472.84072303772 473.815450668335 484.693155288696 486.820148468018 488.10252571106 490.460155487061 487.497381210327 487.68804359436 496.270027160645 502.970441818237 507.379716873169 508.523893356323 507.46217918396 506.184579849243 507.309768676758 504.168811798096 494.35658454895 486.923990249634 480.573877334595 477.419923782349 471.743667602539 467.512306213379 457.874231338501 459.226802825928 459.073471069336 453.906723022461 453.799081802368 456.149002075195 451.670141220093 444.806047439575 439.286981582642 449.877565383911 459.491394042969 470.070093154907 468.654981613159 465.075838088989 467.359373092651 475.090812683105 478.023237228394 479.971368789673 481.170030593872 484.382028579712 484.038780212402 488.413230895996 503.459409713745 501.611307144165
473.770450592041 473.728408813477 472.630100250244 483.680118560791 490.219934463501 492.361421585083 493.66633605957 496.117574691772 496.206611633301 491.984008789062 505.007841110229 508.408506393433 511.599655151367 511.432678222656 509.386386871338 501.901435852051 494.364923477173 494.372369766235 490.45689201355 483.104612350464 484.300640106201 482.518245697021 480.271562576294 482.366247177124 478.949310302734 471.225078582764 468.978773117065 466.886615753174 461.484083175659 461.020126342773 457.934633255005 457.670528411865 454.162261962891 447.78783416748 449.556385040283 455.133308410645 456.888212203979 461.303325653076 472.850700378418 478.042541503906 484.52686882019 494.323938369751 484.205451965332 480.999320983887 481.309543609619 479.534288406372 490.658620834351 492.010746002197 481.133655548096
485.230562210083 483.433252334595 486.813711166382 494.440755844116 499.039909362793 499.110507965088 507.05669593811 507.130075454712 500.575792312622 503.785634994507 514.495290756226 522.402946472168 519.504135131836 513.002494812012 511.956911087036 507.45094871521 498.907054901123 498.033121109009 498.131790161133 495.261318206787 495.01756477356 496.179822921753 501.837385177612 500.731369018555 491.709907531738 484.210466384888 478.65082359314 472.220775604248 468.857131958008 467.444839477539 466.212312698364 463.966691970825 460.621292114258 455.245018005371 451.765768051147 457.384353637695 460.135305404663 463.34051322937 468.706993103027 468.21390914917 475.019063949585 481.023370742798 486.707529067993 485.543479919434 480.738073348999 474.095930099487 476.514274597168 482.042650222778 487.480466842651
490.696880340576 494.454998016357 499.842338562012 504.298921585083 507.698745727539 507.637369155884 508.88724899292 509.088207244873 505.860334396362 515.613319396973 522.383609771729 524.658483505249 520.344625473022 519.30806350708 512.855051040649 507.673553466797 503.421754837036 518.852544784546 526.783590316772 513.828910827637 505.380229949951 501.047845840454 498.567687988281 494.356290817261 489.744901657104 485.382551193237 484.051254272461 479.810527801514 475.294256210327 472.775604248047 472.872211456299 465.052801132202 458.334583282471 453.869031906128 459.459770202637 461.408828735352 464.707941055298 466.609308242798 469.577909469604 469.251083374023 471.308349609375 478.9596118927 483.129568099976 475.362714767456 471.11395072937 475.13338470459 474.017362594604 476.677051544189 475.707061767578
493.120796203613 498.656679153442 505.469175338745 513.254011154175 511.643732070923 515.623243331909 515.367021560669 516.464851379395 517.032632827759 523.653053283691 526.834650039673 523.743021011353 525.952032089233 517.502313613892 514.187469482422 511.093770980835 511.256029129028 517.7493724823 525.377460479736 518.190729141235 507.311487197876 500.717317581177 496.421461105347 493.245309829712 488.513010025024 485.318426132202 481.75154876709 477.235464096069 472.938322067261 471.75971031189 471.546169281006 464.88632774353 462.637500762939 465.550462722778 467.474006652832 463.241916656494 471.980897903442 467.427791595459 464.989377975464 468.076293945312 470.408672332764 472.164054870605 482.895614624023 481.907876968384 472.20002746582 469.398504257202 469.269075393677 468.359064102173 471.530132293701
501.72092628479 508.22477722168 518.017002105713 523.501583099365 526.844259262085 525.146850585938 526.395156860352 526.504545211792 527.832517623901 532.286279678345 535.51749420166 533.533273696899 529.426328659058 528.224576950073 521.971761703491 522.020435333252 524.368692398071 516.593870162964 514.631341934204 510.328273773193 504.074848175049 498.581315994263 492.246454238892 488.587369918823 484.449964523315 481.138332366943 479.796747207642 472.174180984497 469.829708099365 472.007949829102 469.608764648438 470.375183105469 468.259731292725 471.173311233521 469.666688919067 467.471467971802 465.024326324463 467.004076004028 468.023815155029 467.931203842163 462.291212081909 466.417556762695 467.087631225586 469.029958724976 468.100143432617 474.843612670898 474.928827285767 470.524923324585 470.848808288574
509.007211685181 516.659673690796 522.14262008667 527.954286575317 530.213788986206 533.721071243286 532.850358963013 536.506874084473 541.866966247559 543.130535125732 545.242891311646 542.110481262207 541.143228530884 537.048452377319 535.042278289795 535.239915847778 531.492160797119 521.044595718384 513.466482162476 507.256092071533 509.811910629272 502.333539962769 501.205513000488 497.996528625488 495.379138946533 492.342958450317 486.616937637329 485.357078552246 481.782766342163 481.409374237061 479.114379882812 475.037939071655 472.845443725586 467.520626068115 469.32116317749 470.280166625977 469.982898712158 473.428485870361 474.521606445312 480.776062011719 482.826320648193 477.351774215698 480.375434875488 480.386318206787 478.96888923645 480.078454971313 480.0989818573 474.938245773315 476.03373336792
520.077590942383 527.61402130127 535.247089385986 539.65885925293 541.006692886353 543.306304931641 546.888368606567 554.547138214111 555.587598800659 557.005071640015 554.969192504883 548.848693847656 548.679746627808 554.37371635437 546.948789596558 534.002557754517 527.588687896729 521.427307128906 521.727882385254 515.941137313843 510.89638710022 508.983600616455 507.600942611694 505.153032302856 500.605869293213 494.058898925781 491.624649047852 488.115362167358 489.868156433105 484.294296264648 483.935199737549 478.488750457764 482.507543563843 489.957786560059 503.905673980713 502.867414474487 500.490873336792 498.445116043091 500.273944854736 497.740901947021 490.266803741455 492.26097869873 496.647556304932 494.662191390991 490.733268737793 486.154329299927 482.143215179443 478.92407989502 480.15390586853
535.306215286255 539.413913726807 550.226070404053 551.850059509277 556.17823600769 554.410045623779 554.815113067627 557.833255767822 562.073749542236 563.491333007812 558.41833114624 559.460653305054 556.226957321167 555.636066436768 549.264768600464 546.114141464233 538.686710357666 534.613483428955 524.878995895386 518.540712356567 531.607439041138 518.75297164917 512.025917053223 506.280698776245 503.869508743286 505.094051361084 501.694507598877 492.297578811646 485.365127563477 485.009641647339 488.012205123901 509.476537704468 519.088357925415 520.622774124146 527.588653564453 522.457942962646 514.667003631592 517.791257858276 504.058670043945 490.007345199585 485.385799407959 487.374759674072 493.83528137207 490.494697570801 482.745910644531 479.351913452148 481.682085037231 489.136749267578 490.552583694458
551.52144241333 551.337387084961 556.837797164917 564.508434295654 561.866846084595 568.647310256958 571.937410354614 569.711399078369 570.780710220337 568.645750045776 568.751485824585 571.151731491089 570.207950592041 561.775503158569 555.379459381104 555.673173904419 549.139060974121 545.106618881226 534.075298309326 537.557369232178 544.325939178467 523.884531021118 512.920495986938 511.658407211304 514.571039199829 511.042100906372 500.05756187439 495.139446258545 495.776655197144 495.707719802856 497.42914390564 505.808012008667 519.537906646729 517.14030456543 509.24326133728 511.284181594849 509.116611480713 498.302248001099 505.944900512695 491.612314224243 485.984771728516 490.204668045044 496.785581588745 497.971664428711 491.441236495972 493.820156097412 497.949150085449 497.002668380737 492.880641937256
545.236095428467 555.322763442993 563.196239471436 572.013488769531 576.478507995605 582.235126495361 586.546785354614 589.7546043396 586.754829406738 586.907842636108 586.032102584839 584.054986953735 575.661981582642 566.052560806274 559.478162765503 561.008661270142 552.468423843384 547.643342971802 537.102369308472 544.095960617065 540.790863037109 529.017621994019 519.125267028809 513.36457824707 516.701015472412 511.889581680298 504.002939224243 503.564752578735 502.34122467041 501.654779434204 507.170997619629 518.481388092041 525.074760437012 528.024103164673 521.756153106689 511.149028778076 506.590724945068 502.313982009888 492.524312973022 492.524703979492 509.983774185181 518.729127883911 518.883243560791 514.387447357178 504.745100021362 499.150249481201 497.981906890869 494.865041732788 498.378555297852
544.509462356567 555.288637161255 566.266115188599 574.947435379028 580.775081634521 583.084224700928 587.467252731323 592.856994628906 594.112098693848 597.344800949097 594.554811477661 589.178396224976 581.921628952026 574.329307556152 572.216773986816 568.237682342529 560.53306388855 548.775707244873 542.070737838745 546.649618148804 545.080415725708 535.19097328186 527.430442810059 527.225072860718 529.288091659546 524.617069244385 517.322923660278 515.194267272949 512.668657302856 512.545593261719 516.258981704712 521.092485427856 530.443782806396 527.836822509766 511.770528793335 500.999990463257 506.305294036865 519.731519699097 539.21595954895 536.983264923096 532.751268386841 527.450506210327 513.344497680664 514.228385925293 514.133371353149 506.877599716187 502.459917068481 502.434879302979 511.41717338562
548.696611404419 553.97857093811 568.155572891235 580.421144485474 581.439407348633 584.99708366394 592.564985275269 598.423179626465 597.477550506592 597.736196517944 599.868967056274 598.710102081299 595.685483932495 589.366865158081 581.111791610718 568.042224884033 562.614496231079 554.912050247192 549.647005081177 543.252944946289 541.499391555786 539.131679534912 533.668750762939 533.502283096313 535.127235412598 533.109098434448 529.495332717896 527.914724349976 523.057689666748 521.525341033936 519.017677307129 514.205266952515 516.248807907104 508.737104415894 518.78155708313 511.761253356934 527.071308135986 527.905405044556 527.513729095459 534.241859436035 524.773162841797 517.995193481445 519.029529571533 525.852024078369 525.564992904663 514.977579116821 509.78148651123 519.806972503662 512.104307174683
548.670106887817 553.895580291748 571.461795806885 578.390489578247 581.806505203247 587.415590286255 593.695505142212 599.221643447876 606.961765289307 606.234491348267 607.214748382568 604.135536193848 600.884128570557 595.673482894897 587.301254272461 574.033529281616 564.585926055908 561.190137863159 554.71523475647 551.880718231201 542.352573394775 543.364101409912 537.932916641235 532.34349822998 531.765174865723 530.301887512207 533.175273895264 531.847448348999 520.527652740479 519.018625259399 517.293119430542 514.069204330444 512.954692840576 524.24827003479 518.671169281006 509.020544052124 513.474081039429 514.841318130493 518.878145217896 532.900560379028 531.872064590454 520.978977203369 517.571182250977 515.604148864746 521.49232673645 526.609844207764 524.466766357422 527.773067474365 528.985445022583
547.548679351807 552.925428390503 558.411029815674 569.254558563232 573.960861206055 584.848743438721 593.694952011108 605.66309928894 610.211172103882 612.588285446167 611.6490650177 607.37292098999 604.460723876953 599.954204559326 590.057983398438 580.554622650146 575.054088592529 573.231847763062 560.034494400024 553.813121795654 548.777267456055 543.208660125732 536.646545410156 531.152606964111 529.246183395386 527.839994430542 527.631456375122 527.176784515381 523.916902542114 517.37092590332 516.820178985596 517.371103286743 515.949956893921 512.882328033447 515.622676849365 513.294355392456 511.070251464844 514.719188690186 524.193180084229 522.230844497681 518.502084732056 520.825017929077 519.830936431885 519.918718338013 517.964780807495 523.680345535278 525.857978820801 529.503368377686 527.323396682739
547.020303726196 554.898792266846 564.46215057373 569.207197189331 578.204633712769 587.049028396606 597.355913162231 604.984912872314 612.762910842896 615.465326309204 612.262903213501 609.374700546265 604.728879928589 600.569236755371 593.986520767212 585.579835891724 577.688386917114 571.462051391602 573.572916030884 566.397567749023 555.913606643677 546.988210678101 540.761659622192 534.25857925415 529.441278457642 527.625465393066 526.338203430176 524.971948623657 521.488513946533 518.127325057983 516.931053161621 516.685928344727 515.975023269653 512.647518157959 513.42650604248 511.987451553345 514.084901809692 510.832099914551 513.897754669189 514.114694595337 519.707454681396 516.592670440674 516.456720352173 520.931840896606 527.980068206787 528.870540618896 524.676717758179 522.443983078003 518.528406143188
554.057182312012 557.574140548706 562.912376403809 571.420259475708 582.207754135132 590.673875808716 597.423360824585 604.072078704834 610.633708953857 612.766899108887 614.778242111206 612.998264312744 606.251323699951 600.248529434204 591.266141891479 581.631422042847 575.076128005981 573.369007110596 571.625707626343 568.346265792847 560.707431793213 552.186800003052 549.935916900635 543.141418457031 536.595230102539 526.53108215332 525.299779891968 523.826961517334 521.156881332397 521.23344039917 515.629699707031 513.343576431274 515.158098220825 512.807546615601 512.550182342529 515.597124099731 512.636339187622 508.090921401978 508.802066802979 508.767166137695 513.087032318115 515.130094528198 510.749668121338 515.496940612793 515.359594345093 518.726026535034 518.916597366333 515.885087966919 519.68335723877
