data/train_2003/bio17_avg_2003-2018.asc
NCOLS 664 
NROWS 380 
XLLCORNER 3.91666666666667 
YLLCORNER 55.3333333333333 
CELLSIZE 0.0416666666666666 
NODATA_value -9999 
[rows 66 to 87 of 380, columns 490 to 538 of 664]
65.7899720668793 67.922404050827 68.989006280899 69.2572259902954 69.0114045143127 70.367996931076 69.8126602172852 70.3670392036438 70.9405183792114 70.87979388237 69.4515950679779 69.4644479751587 71.1433191299438 70.2775766849518 67.9851381778717 68.2306308746338 68.2016589641571 66.3862407207489 65.8166515827179 65.198447227478 65.3206918239594 63.1526384353638 63.6878619194031 63.1207978725433 63.5811080932617 64.0495178699493 63.7999339103699 62.9945838451385 62.3605220317841 62.7904875278473 62.7138419151306 62.2957062721252 62.1804921627045 62.6092708110809 62.0965533256531 62.9568450450897 61.7946925163269 63.4305095672607 64.4951612949371 63.9549841880798 62.2726695537567 62.374217748642 62.4758970737457 61.6585340499878 62.6401991844177 62.6912097930908 61.8482987880707 61.8692376613617 63.7156195640564
68.0404858589172 67.2262322902679 68.8971753120422 69.4844052791595 69.4936625957489 68.868273973465 68.8349771499634 70.5931670665741 70.8058481216431 69.6447160243988 70.9776329994202 69.5947229862213 66.8662819862366 66.3441307544708 66.9525113105774 69.1986811161041 68.3105716705322 66.8852100372314 67.0913426876068 65.7495319843292 65.3094296455383 65.2769546508789 63.9774360656738 63.8298320770264 64.2204229831696 64.1403353214264 63.3369739055634 62.9709746837616 62.8587489128113 63.2645936012268 63.658017873764 63.0284519195557 61.9901995658875 62.4246730804443 62.3967559337616 63.728777885437 63.3720149993896 62.5863115787506 62.7786898612976 63.7057375907898 62.1907563209534 63.1222717761993 64.2142579555511 62.4919230937958 62.5122954845428 64.3241381645203 65.274979352951 65.3278887271881 66.1737036705017
66.9301209449768 66.7494251728058 67.8385508060455 68.4493203163147 67.8704097270966 68.1267874240875 68.9535355567932 72.0768134593964 71.7451043128967 70.8165400028229 69.3979942798615 68.459655046463 69.3344554901123 67.9024112224579 66.4974615573883 67.2698276042938 67.3225567340851 68.1672964096069 69.8670163154602 68.8210129737854 66.3626019954681 65.3162126541138 64.5522141456604 65.8254194259644 68.2048780918121 68.2778520584106 66.6817252635956 62.8772835731506 62.4256238937378 61.2871165275574 63.1436789035797 64.4166874885559 64.8516788482666 62.3967373371124 62.5378401279449 63.0563583374023 62.8751649856567 63.4006066322327 62.8978178501129 63.9001698493958 63.8681826591492 64.7111675739288 65.6620721817017 64.0831503868103 64.2580077648163 64.2772629261017 65.8938443660736 66.9397029876709 67.7771773338318
68.1079320907593 68.0590221881866 68.3173789978027 68.311431646347 68.2540521621704 68.2540743350983 68.7781076431274 69.8215069770813 69.7893962860107 71.2152202129364 68.5773885250092 67.5359544754028 67.9703505039215 68.268002986908 68.2186584472656 66.8515069484711 66.2796535491943 68.5736200809479 68.5896754264832 68.1027173995972 66.4417173862457 64.6398475170135 65.115886926651 65.8961684703827 64.2481632232666 64.1477718353271 63.412132024765 63.6222312450409 64.4679899215698 64.0883860588074 64.1546478271484 63.4111995697021 62.4996030330658 62.4070463180542 63.5715413093567 63.5833301544189 63.0140867233276 63.4029610157013 63.9684193134308 64.3529362678528 64.4050967693329 64.3776299953461 64.6261103153229 64.8213148117065 64.8378310203552 64.1745030879974 65.1796221733093 66.1495859622955 67.112503528595
68.2580146789551 68.1296863555908 68.1987462043762 69.0027234554291 68.7156798839569 68.1231122016907 68.6024091243744 68.572338104248 69.3508887290955 69.2784969806671 68.4038646221161 68.0950493812561 68.1149165630341 68.3946685791016 67.8397371768951 67.0114681720734 65.4182045459747 64.7724795341492 64.7875370979309 64.5571866035461 64.792151927948 64.3348054885864 65.0147552490234 65.8235845565796 64.8869092464447 65.3448390960693 63.9869530200958 62.9985771179199 62.9149634838104 63.4612653255463 63.9553351402283 64.8263275623322 65.3063676357269 63.7410373687744 62.8205947875977 64.1992092132568 64.5912668704987 65.4175009727478 64.7457799911499 64.7593619823456 65.1061022281647 66.0047404766083 67.0230190753937 65.3881294727325 66.4762024879456 66.6461932659149 66.7516469955444 66.8090236186981 67.7163419723511
67.5294373035431 68.961122751236 68.954606294632 68.6405453681946 68.575202703476 68.5799820423126 69.3342161178589 69.2676601409912 69.2011053562164 68.8745863437653 69.10950922966 68.0209176540375 67.0313572883606 67.7793757915497 66.9510989189148 68.4535291194916 66.9429576396942 65.4214894771576 65.1362855434418 65.1416480541229 65.0784685611725 65.083872795105 66.4572513103485 65.6809666156769 64.7657124996185 63.9940190315247 63.0789339542389 63.7601616382599 63.6799836158752 64.1113290786743 63.9068830013275 64.6143400669098 63.0274338722229 63.5142848491669 65.5376167297363 66.2208185195923 66.2327971458435 66.2447755336761 65.4011471271515 64.7293384075165 65.0519070625305 65.818489074707 66.9570589065552 66.9744384288788 67.276878118515 67.2836174964905 67.313068151474 67.5895609855652 68.4353830814362
68.0516829490662 69.6071176528931 70.4271070957184 69.5534484386444 69.5359883308411 69.4032537937164 69.922562122345 69.1414926052094 69.831579208374 69.0600326061249 69.6978094577789 68.7485122680664 67.4163725376129 68.5599682331085 68.0371491909027 66.7752182483673 67.4725503921509 66.8255670070648 65.1759071350098 65.6221168041229 68.4675662517548 66.403434753418 65.5362973213196 65.437381029129 64.6688599586487 63.8472716808319 63.7712776660919 64.5223755836487 64.4450731277466 63.5150485038757 63.2983548641205 63.8148512840271 63.8709208965302 63.0843441486359 63.6159729957581 64.2732129096985 64.715895652771 66.176521062851 65.3720848560333 65.7638521194458 66.5466136932373 66.7076306343079 66.945826292038 67.6874172687531 67.749303817749 67.7586228847504 68.4813365936279 70.8884046077728 71.6341347694397
68.6330018043518 69.4811329841614 69.7108380794525 70.0503776073456 69.3954594135284 69.3412175178528 69.867648601532 71.1572172641754 69.7180106639862 68.9456079006195 69.630450963974 67.5585236549377 67.5682327747345 68.8123645782471 67.5479645729065 66.6916279792786 65.8641476631165 64.4648950099945 64.9568812847137 64.0511653423309 64.8871035575867 64.8467199802399 64.6535682678223 63.0174272060394 63.0765643119812 63.0066530704498 64.3966426849365 64.2575578689575 64.1856949329376 63.8766345977783 64.7863032817841 65.2821810245514 65.2125833034515 65.50346159935 66.8498122692108 66.0453169345856 64.6770622730255 65.5742771625519 64.769150018692 65.8333606719971 65.8430383205414 66.3739776611328 66.3851728439331 66.8696401119232 66.8790457248688 68.5490417480469 68.598738193512 69.0605404376984 68.7325828075409
69.6450569629669 69.6072096824646 68.5098474025726 68.4623153209686 69.2555956840515 69.8253254890442 70.6147124767303 69.6978423595428 70.4817078113556 69.5892605781555 69.5630900859833 68.7311656475067 69.529926776886 69.5331346988678 67.4641644954681 67.2681663036346 66.5752396583557 64.8319039344788 64.7995252609253 64.7954742908478 65.427517414093 63.7618291378021 62.4689426422119 63.0972104072571 63.8224956989288 63.7564225196838 65.0799326896667 65.0114946365356 64.9430553913116 64.8746182918549 64.7356286048889 65.0030727386475 64.9739022254944 66.0317556858063 66.1312291622162 66.012199640274 66.5843307971954 66.5932867527008 67.1244022846222 67.1348044872284 67.9578008651733 67.1556062698364 69.1350345611572 69.1771266460419 68.402957201004 68.5393130779266 69.5387568473816 69.9038078784943 69.4070389270782
71.9075131416321 69.7114861011505 69.4504239559174 70.2460150718689 70.2422692775726 68.6359677314758 69.3599815368652 69.8736245632172 70.4014272689819 69.5210981369019 68.442551612854 68.7786881923676 68.7418851852417 69.455598115921 67.3411343097687 66.4852476119995 67.1913964748383 65.6450386047363 65.6382582187653 64.7029433250427 64.6566894054413 62.4009222984314 62.9393730163574 63.0367641448975 63.9053907394409 64.4100196361542 64.8737986087799 64.8108201026917 63.9289972782135 65.4046323299408 65.6768796443939 65.6412754058838 66.3058025836945 66.1905691623688 66.9751126766205 66.5699942111969 66.6778936386108 66.5586090087891 66.5944197177887 67.413516998291 68.6432075500488 69.5429289340973 69.4288654327393 69.2549998760223 69.3312005996704 69.8088018894196 69.2889044284821 70.541698217392 70.7018785476685
71.3869605064392 72.2615394592285 71.1734418869019 72.5412640571594 71.7768590450287 70.3418045043945 70.3059833049774 70.0250067710876 69.9866437911987 69.9482786655426 69.1351418495178 68.9251153469086 68.0960593223572 68.8126802444458 68.5079047679901 67.1136112213135 67.8985960483551 67.0676572322845 66.3750169277191 64.838285446167 64.5612399578094 64.5509161949158 64.3141832351685 63.5749382972717 64.279776096344 65.5422146320343 65.4840204715729 64.7958168983459 63.8648083209991 64.7639811038971 64.8355860710144 64.9448375701904 67.4657781124115 68.0123641490936 68.5506536960602 69.9300944805145 69.1285624504089 68.4542553424835 67.8978757858276 69.1511752605438 69.1587111949921 70.6557521820068 71.2062246799469 70.4325251579285 69.8948543071747 70.6136064529419 69.8043138980865 70.6671147346497 71.5128700733185
73.0699906349182 72.1542661190033 72.7006509304047 72.6668050289154 72.6329588890076 72.3898210525513 70.8023931980133 70.9293959140778 70.8663532733917 69.8353171348572 69.5543315410614 68.6970643997192 69.3699975013733 69.3636407852173 67.8945033550262 67.8598952293396 66.991507768631 66.984795331955 66.9468758106232 67.7203567028046 66.2164967060089 66.0695078372955 65.2741992473602 65.1205608844757 64.2494564056396 64.1976184844971 64.4152367115021 64.3637397289276 64.44087433815 65.0177602767944 66.2784826755524 66.9943656921387 67.0895445346832 67.1681292057037 67.7370028495789 69.523478269577 69.2858312129974 70.100093126297 70.7877407073975 70.1134884357452 68.7473790645599 69.9709072113037 70.8127861022949 71.3124158382416 70.9778349399567 73.2791833877563 73.3383021354675 72.0141060352325 71.266437292099
74.7451951503754 73.2991857528687 72.8932328224182 73.6676368713379 73.5004308223724 72.4993069171906 71.6454839706421 71.5902662277222 70.0603783130646 69.6628851890564 68.8939573764801 68.8483183383942 70.3842711448669 70.3740613460541 68.5641644001007 68.3045945167542 67.7307431697845 67.7209026813507 67.6690967082977 67.6276340484619 66.6511926651001 66.0420484542847 65.1003603935242 65.0526475906372 65.6355609893799 66.3631327152252 67.9679906368256 67.2319362163544 66.3716974258423 65.5133526325226 66.1216156482697 67.1303431987762 66.4406666755676 67.8395128250122 69.4814667701721 71.1246736049652 69.7609195709229 71.1085245609283 71.9204559326172 72.4907591342926 72.4969210624695 71.1315994262695 71.2024574279785 71.9004833698273 71.7799308300018 71.7859928607941 73.9805467128754 74.8230540752411 73.4888873100281
74.6474442481995 73.0479393005371 72.8411586284637 74.1793971061707 73.6841933727264 72.3994989395142 73.0720226764679 71.4668428897858 71.4456353187561 71.1608493328094 70.9054317474365 70.8946800231934 70.5201365947723 69.5723350048065 69.5334763526917 69.2867906093597 67.8578491210938 67.6336145401001 66.0146088600159 67.5349109172821 65.3014333248138 65.2460908889771 66.0301742553711 65.1768517494202 64.3250513076782 65.8014795780182 67.1980588436127 67.8678143024445 67.1384701728821 67.7229509353638 67.0005640983582 67.9235939979553 68.6204617023468 68.7356293201447 69.9991836547852 70.0038330554962 69.5701777935028 71.0983045101166 70.2987134456635 71.1082956790924 73.9667782783508 73.1670496463776 71.1605625152588 72.6625249385834 73.3735256195068 73.1989388465881 72.47425365448 71.8882329463959 73.1914503574371
72.9053685665131 73.5455589294434 72.8351821899414 72.6649522781372 72.413280248642 73.2202680110931 73.7861535549164 72.9228446483612 72.9067378044128 71.3793590068817 70.5207710266113 70.5068879127502 70.8426740169525 70.4114730358124 70.2002680301666 70.1861724853516 70.1309576034546 67.8962268829346 67.7389960289001 67.8156957626343 67.4470767974854 67.3951163291931 66.6371872425079 65.7908430099487 65.7813422679901 66.5402297973633 66.5025405883789 66.2982540130615 67.1953608989716 67.7851026058197 68.3938534259796 68.6750600337982 68.6045205593109 69.4157891273499 70.6002295017242 72.6878626346588 71.3369581699371 70.9330134391785 71.0646350383759 71.0688619613647 72.5552668571472 73.1240210533142 73.9317510128021 73.4081311225891 73.1116642951965 73.2764477729797 73.2921023368835 72.3906223773956 73.6989741325378
74.4499180316925 74.2334299087524 74.2270247936249 74.2206189632416 75.0598881244659 75.0247030258179 74.1061882972717 74.2416088581085 73.5084719657898 74.9040341377258 72.2546620368958 72.2009921073914 74.8119730949402 71.9622836112976 70.353218793869 70.5104587078094 70.5226144790649 69.4923655986786 67.7996735572815 67.7473258972168 69.8958752155304 68.506448507309 68.0450866222382 67.3828113079071 67.9783079624176 66.7560713291168 68.1946942806244 69.1566758155823 69.1234893798828 68.0397877693176 68.0071959495544 68.6562905311584 69.3701117038727 69.339742898941 69.6963112354279 69.3937737941742 71.1267008781433 71.8238470554352 71.8274092674255 71.579204082489 71.5801756381989 72.2595508098602 73.0621988773346 74.4497904777527 74.4534504413605 73.6918604373932 73.1167433261871 73.1457557678223 73.1747682094574
74.3172128200531 75.1305811405182 74.19398188591 74.1602773666382 74.8749039173126 74.8692417144775 73.3256072998047 73.8841066360474 73.8085799217224 74.3443193435669 74.328738451004 74.0952534675598 74.0752630233765 73.4898128509521 72.6252954006195 70.4480447769165 70.4217214584351 70.3953983783722 69.3482477664948 69.5382304191589 68.0298476219177 67.7917010784149 69.1261701583862 68.2932906150818 68.3930258750916 68.2334055900574 68.8315188884735 68.1290853023529 71.4014828205109 71.4990136623383 68.7313799858093 68.636688709259 68.6711416244507 69.7002000808716 69.7131865024567 69.6865556240082 69.6875352859497 70.5084960460663 71.0847024917603 72.5677645206451 72.9236743450165 73.0516679286957 73.5124986171722 72.9274892807007 72.928759098053 73.0560088157654 73.1065084934235 72.5025179386139 73.8371841907501
77.1251194477081 77.1514453887939 80.5304636955261 81.3235938549042 78.8720977306366 75.6688730716705 75.4004640579224 74.5362956523895 73.534609079361 72.9509699344635 73.7420921325684 72.917543888092 73.8974204063416 73.4383141994476 73.4208648204803 73.403413772583 72.5537118911743 72.5367658138275 71.839293718338 71.0120666027069 70.2616541385651 69.2948243618011 68.590229511261 69.4956130981445 70.5445184707642 69.8267831802368 70.4252660274506 70.2664206027985 69.7771255970001 69.7480502128601 68.9191997051239 69.6465179920197 69.745899438858 72.3210718631744 71.2468504905701 71.8124449253082 71.814727306366 70.91490650177 70.3397290706635 72.3173868656158 72.9486157894135 72.448472738266 72.4503893852234 72.4523086547852 73.0844881534576 72.9605002403259 73.135422706604 73.8362274169922 74.9478986263275
76.4281759262085 76.1902987957001 77.0851345062256 77.9440181255341 77.9239025115967 75.8952941894531 75.0672810077667 75.0489642620087 75.0278832912445 75.8127021789551 75.7659995555878 73.488977432251 73.0923161506653 73.836409330368 73.8131809234619 73.580055475235 74.3277430534363 74.1375093460083 73.2827265262604 71.8213086128235 70.9980583190918 70.9764785766602 70.9249677658081 70.8987798690796 71.5465607643127 70.0740969181061 70.6883342266083 70.642639875412 71.3003485202789 69.7593607902527 70.4878120422363 71.1147258281708 72.2389404773712 73.635410785675 72.9526679515839 72.5200552940369 72.3313813209534 72.9631128311157 72.4627273082733 71.908492565155 72.3440895080566 72.347265958786 72.3504445552826 72.3536198139191 72.3927597999573 72.3959155082703 72.4068078994751 74.9686262607574 74.9880394935608
76.4515585899353 76.2291171550751 76.2021179199219 76.9845640659332 76.1481189727783 76.8424723148346 76.8154430389404 75.7397258281708 75.7126927375793 75.6487245559692 76.1662817001343 76.1530692577362 75.3897995948792 73.7861166000366 74.5308392047882 75.6337938308716 75.2631611824036 75.5784909725189 73.2881932258606 73.274799823761 71.7800076007843 71.7602071762085 72.436420917511 71.7123193740845 71.4095025062561 71.5246143341064 71.532623052597 72.3027634620667 71.4398474693298 72.7083566188812 72.6800355911255 71.8540196418762 72.0902645587921 72.7258584499359 72.7142751216888 72.8473734855652 73.0214483737946 73.7828063964844 73.7876324653625 72.8663518428802 72.9985008239746 73.0030868053436 73.0076742172241 73.1748187541962 73.2559409141541 73.2320761680603 74.178257226944 73.5607483386993 73.6025269031525
77.4094469547272 76.2360775470734 76.2030456066132 76.1700115203857 76.1369814872742 76.9092297554016 76.5817975997925 75.5298254489899 75.7205924987793 74.6999287605286 75.3983325958252 75.3867313861847 75.1319398880005 75.1203861236572 75.0723512172699 75.8604874610901 75.5833973884583 74.2348570823669 74.2237997055054 73.4139275550842 73.4030816555023 72.7110249996185 72.6903514862061 72.5495598316193 72.2711298465729 72.8746562004089 72.8504245281219 72.9661641120911 75.0043110847473 74.7462334632874 75.0318596363068 72.965841293335 72.7698912620544 72.8714859485626 72.8608334064484 73.0304777622223 73.7050569057465 73.1746356487274 73.8727071285248 75.4966905117035 74.5388081073761 74.544495344162 74.5778274536133 75.0167138576508 75.1844565868378 75.3166275024414 74.4392070770264 73.6491231918335 74.4613842964172
77.5193371772766 77.1787543296814 77.7324118614197 78.2314534187317 76.6361150741577 76.5960490703583 76.5839624404907 77.265349149704 76.503805398941 75.1732861995697 76.9932999610901 75.6441099643707 75.5938577651978 75.2951865196228 75.285621881485 75.2760581970215 74.6837313175201 74.6954307556152 74.6054079532623 74.158355474472 74.3404853343964 74.9496650695801 75.3631641864777 75.3358294963837 73.5527815818787 73.3331205844879 73.3068051338196 75.3649079799652 75.4964392185211 76.1218013763428 73.9585430622101 73.136280298233 73.7732825279236 73.7469942569733 72.442099571228 73.2445142269135 73.8802177906036 74.6839544773102 75.3859016895294 76.0867149829865 75.025607585907 74.8770546913147 74.9114391803741 74.2866315841675 72.8431751728058 73.6273074150085 73.7757246494293 73.7859997749329 73.8311166763306
