data/train_2003/bio1_avg_2003-2018.asc
NCOLS 664 
NROWS 380 
XLLCORNER 3.91666666666667 
YLLCORNER 55.3333333333333 
CELLSIZE 0.0416666666666666 
NODATA_value -9999 
[rows 330 to 351 of 380, columns 539 to 587 of 664]
6.48887607455254 6.53318250179291 6.55698898434639 6.52612879872322 6.49976849555969 6.48574170470238 6.4905481338501 6.52268815040588 6.52282780408859 6.45764318108559 6.32680132985115 6.19562619924545 6.04345068335533 5.95227545499802 5.92660024762154 5.90692490339279 5.86958283185959 5.89107441902161 5.87906554341316 5.92039024829865 6.00238165259361 6.06234493851662 6.08327975869179 6.03771466016769 6.00898295640945 6.02891802787781 6.07735276222229 6.10828778147697 6.13105607032776 6.14182445406914 6.15859255194664 6.16302752494812 6.16629585623741 6.19635292887688 6.18586555123329 6.18071147799492 6.17705756425858 6.16540348529816 6.16058287024498 6.17559543251991 6.23360797762871 6.26228752732277 6.27113339304924 6.27514624595642 6.22232538461685 6.20625191926956 6.20442545413971 6.18293237686157 6.18910616636276
6.49235916137695 6.55545976758003 6.55672699213028 6.57316082715988 6.56209453940392 6.55019491910934 6.5367956161499 6.5412295460701 6.54199662804604 6.47195217013359 6.38392969965935 6.24290710687637 6.14538446068764 6.06002846360207 6.02283927798271 6.03548315167427 5.97312718629837 6.00727131962776 6.02224859595299 6.05639278888702 6.09787008166313 6.12065404653549 6.10741126537323 6.08783510327339 6.0504255592823 6.06584951281548 6.11577314138412 6.16386383771896 6.18562114238739 6.20604479312897 6.21963545680046 6.2320593893528 6.24348312616348 6.25219285488129 6.21702203154564 6.20985132455826 6.20151388645172 6.20267650485039 6.18683898448944 6.23550146818161 6.29616424441338 6.29799351096153 6.28565594553947 6.27898517251015 6.25264766812325 6.24452751874924 6.28595808148384 6.28972166776657 6.26448532938957
6.45200911164284 6.53040355443954 6.54596477746964 6.56519278883934 6.62408739328384 6.6239817738533 6.61020982265472 6.61510437726974 6.58516559004784 6.52126124501228 6.42905792593956 6.35402125120163 6.32031807303429 6.24478152394295 6.2164115011692 6.2223749756813 6.22633835673332 6.22663509845734 6.20726525783539 6.19572857022285 6.18719181418419 6.17979669570923 6.18387606739998 6.15028867125511 6.13336825370789 6.11461436748505 6.13036036491394 6.17427310347557 6.20918607711792 6.23443213105202 6.26167824864388 6.25092431902885 6.25100368261337 6.26419958472252 6.24117863178253 6.24282437562943 6.24747031927109 6.24678272008896 6.24142855405807 6.26124107837677 6.28372022509575 6.25203254818916 6.23951181769371 6.2758241891861 6.26463678479195 6.25413638353348 6.329156935215 6.3510108590126 6.29403138160706
6.42915877699852 6.47434747219086 6.52153620123863 6.58105817437172 6.68574672937393 6.72160214185715 6.70462402701378 6.66114595532417 6.60766786336899 6.517736941576 6.46801960468292 6.44996905326843 6.40508499741554 6.34086781740189 6.32865047454834 6.35860002040863 6.35804945230484 6.33666551113129 6.33361485600471 6.29173094034195 6.24318036437035 6.20977258682251 6.19000762701035 6.17124253511429 6.16614428162575 6.15904596447945 6.16611433029175 6.22668266296387 6.24075090885162 6.24348595738411 6.24305418133736 6.23495572805405 6.24969086050987 6.28020620346069 6.305335521698 6.27879774570465 6.26176002621651 6.26255565881729 6.27918484807014 6.26931384205818 6.25794291496277 6.23323863744736 6.24136760830879 6.2654966711998 6.26512569189072 6.26757881045341 6.30685615539551 6.28946700692177 6.27091073989868
6.42415034770966 6.48032140731812 6.53432580828667 6.58799684047699 6.64350137114525 6.7218391597271 6.72834345698357 6.63801458477974 6.57001885771751 6.52860721945763 6.5311131477356 6.50911900401115 6.48695820569992 6.43863075971603 6.43463650345802 6.40547570586205 6.38381490111351 6.36698743700981 6.34249320626259 6.30733248591423 6.2701715528965 6.2333260178566 6.19912880659103 6.19126528501511 6.18890151381493 6.20820459723473 6.25584107637405 6.23347717523575 6.23044690489769 6.22491672635078 6.20605286955833 6.2175225019455 6.24465891718864 6.2886934876442 6.3212927877903 6.29639208316803 6.26232475042343 6.2569240629673 6.27502325177193 6.29462268948555 6.28105527162552 6.26698794960976 6.28458720445633 6.28985327482224 6.28211921453476 6.27487793564796 6.25062909722328 6.26871368288994 6.25513160228729
6.31581670045853 6.44549196958542 6.52866718173027 6.56400892138481 6.60201770067215 6.62785971164703 6.67353501915932 6.68671023845673 6.67838534712791 6.65220615267754 6.6320053935051 6.60563814640045 6.57293745875359 6.54173669219017 6.49970272183418 6.48300197720528 6.4744681417942 6.43743407726288 6.3884000480175 6.33503276109695 6.31016531586647 6.29329004883766 6.27007350325584 6.25269028544426 6.26380714774132 6.27309042215347 6.24687397480011 6.24349072575569 6.2281074821949 6.19605761766434 6.21217429637909 6.27862441539764 6.29524102807045 6.31482765078545 6.32105121016502 6.27560764551163 6.25216448307037 6.26822113990784 6.29611092805862 6.29983422160149 6.28505766391754 6.28878083825111 6.30900406837463 6.3123941719532 6.31428414583206 6.31903365254402 6.29730930924416 6.31558510661125 6.29719409346581
6.28098288178444 6.42399573326111 6.49934190511703 6.53718793392181 6.58636736869812 6.60988023877144 6.64789310097694 6.72090572118759 6.76375210285187 6.77880468964577 6.73556423187256 6.68432372808456 6.66058337688446 6.62117624282837 6.59393557906151 6.56469514966011 6.53578805923462 6.48521417379379 6.42147353291512 6.3782331943512 6.38715931773186 6.39442098140717 6.37235131859779 6.31094872951508 6.27837920188904 6.26147636771202 6.24407365918159 6.23950433731079 6.22126784920692 6.20653173327446 6.24679559469223 6.29689276218414 6.31882321834564 6.32329541444778 6.28980937600136 6.27349007129669 6.26217067241669 6.29368460178375 6.33403187990189 6.32137915492058 6.32022657990456 6.31457385420799 6.31692117452621 6.32493513822556 6.33294895291328 6.3366893529892 6.32432299852371 6.3217898607254 6.29992341995239
6.39098253846169 6.43183279037476 6.46318307518959 6.5428666472435 6.57838374376297 6.60656747221947 6.6304178237915 6.70426827669144 6.78361850976944 6.80140361189842 6.79145646095276 6.76967611908913 6.73772919178009 6.68994882702827 6.64983522891998 6.60655501484871 6.56927463412285 6.50432756543159 6.44338056445122 6.40310025215149 6.38965320587158 6.3747184574604 6.34879603981972 6.31404027342796 6.27595123648643 6.24952897429466 6.22943976521492 6.23368418216705 6.20776164531708 6.21750599145889 6.2640834748745 6.30216118693352 6.30690535902977 6.27759644389153 6.26556780934334 6.29570561647415 6.32317698001862 6.33164817094803 6.32778614759445 6.3242574930191 6.32739534974098 6.32169994711876 6.31733804941177 6.32564264535904 6.30811390280724 6.29301172494888 6.29650309681892 6.30332776904106 6.30448576807976
6.3648154437542 6.40917006134987 6.46219122409821 6.54604569077492 6.60640019178391 6.65458825230598 6.71694272756577 6.77646398544312 6.79431849718094 6.83033549785614 6.83934855461121 6.80269518494606 6.76504170894623 6.71038821339607 6.67056813836098 6.63041457533836 6.55776101350784 6.5032742023468 6.44878736138344 6.40996718406677 6.38514712452888 6.3653492629528 6.342240691185 6.29396545886993 6.26802328228951 6.23891469836235 6.22597271203995 6.21653059124947 6.21225535869598 6.22998017072678 6.26870474219322 6.30642953515053 6.31848752498627 6.30773082375526 6.30215930938721 6.33525487780571 6.35568326711655 6.33811181783676 6.31704038381577 6.31746912002563 6.32223096489906 6.33232632279396 6.35742154717445 6.37751671671867 6.35777866840363 6.32666754722595 6.31268331408501 6.30453243851662 6.27504843473434
6.39631518721581 6.45284050703049 6.56353241205215 6.60022455453873 6.65141671895981 6.69527551531792 6.74813413619995 6.78199285268784 6.81801828742027 6.84143406152725 6.83374068140984 6.80621418356895 6.75885429978371 6.70866098999977 6.66263431310654 6.60260754823685 6.548414260149 6.51188758015633 6.47986078262329 6.43783423304558 6.40714088082314 6.37231349945068 6.33218538761139 6.2965569794178 6.27942883968353 6.2673005759716 6.25217226147652 6.25671076774597 6.24208250641823 6.25845432281494 6.28382602334023 6.32586458325386 6.35023635625839 6.35686528682709 6.35425108671188 6.34747037291527 6.32435649633408 6.29224219918251 6.29129472374916 6.31584739685059 6.3170665204525 6.34828594326973 6.37483829259872 6.34722426533699 6.33211016654968 6.28532323241234 6.27853012084961 6.27107059955597 6.24261075258255
6.47131454944611 6.53284421563148 6.60254070162773 6.65140357613564 6.68309986591339 6.71479606628418 6.7611588537693 6.79785510897636 6.81205147504807 6.82119959592819 6.82096630334854 6.79873332381248 6.75366696715355 6.70943364500999 6.655033826828 6.60430058836937 6.57006749510765 6.53550094366074 6.49576777219772 6.44986787438393 6.40763467550278 6.35794433951378 6.32696327567101 6.29098203778267 6.29483413696289 6.29568636417389 6.28553852438927 6.28789079189301 6.27190965414047 6.26792848110199 6.31878072023392 6.35096621513367 6.33981850743294 6.342166274786 6.32034274935722 6.30868592858315 6.30002924799919 6.28837239742279 6.30821573734283 6.30089223384857 6.32373553514481 6.32841205596924 6.31708854436874 6.31543186306953 6.31727501749992 6.28214585781097 6.28787702322006 6.27010861039162 6.20933994650841
6.50514763593674 6.59434819221497 6.66404864192009 6.69158247113228 6.70528298616409 6.72164988517761 6.74551710486412 6.77155083417892 6.79658469557762 6.80196508765221 6.8043586909771 6.76558566093445 6.72497943043709 6.68837293982506 6.64393326640129 6.60432708263397 6.55472069978714 6.51428112387657 6.46517470479012 6.41473510861397 6.3811286687851 6.34457513689995 6.3297410607338 6.312240421772 6.29690632224083 6.29907229542732 6.2990714609623 6.2874042391777 6.26540350914001 6.27740278840065 6.338568598032 6.3459013402462 6.33123397827148 6.31996718049049 6.30110105872154 6.30773502588272 6.32270219922066 6.3181694149971 6.30296996235847 6.29877030849457 6.33540436625481 6.32570496201515 6.32233867049217 6.33947265148163 6.35243999958038 6.33430147171021 6.32039076089859 6.29014652967453 6.24356919527054
6.52881389856339 6.59301862120628 6.65205675363541 6.6830946803093 6.72363251447678 6.71983715891838 6.73820865154266 6.76874658465385 6.78911790251732 6.79673057794571 6.78425094485283 6.76193806529045 6.72079190611839 6.68331235647202 6.63449960947037 6.58852016925812 6.52770736813545 6.48489448428154 6.47441494464874 6.43843540549278 6.39528906345367 6.35553935170174 6.3273523747921 6.34266540408134 6.34714514017105 6.34462481737137 6.32727110385895 6.28891751170158 6.28873059153557 6.305210262537 6.34252336621284 6.34833642840385 6.33998265862465 6.31876799464226 6.31169265508652 6.32861730456352 6.34437510371208 6.31713289022446 6.30005738139153 6.32298192381859 6.34773996472359 6.3298311829567 6.32575580477715 6.32568019628525 6.32727146148682 6.33562377095222 6.31123745441437 6.27485132217407 6.25946518778801
6.5266470015049 6.59318923950195 6.64173144102097 6.66977369785309 6.70431563258171 6.71019116044044 6.72773319482803 6.74010881781578 6.74981755018234 6.74349576234818 6.73580971360207 6.74545711278915 6.70877110958099 6.66841837763786 6.61839905381203 6.57421314716339 6.5440271794796 6.51867452263832 6.49648842215538 6.47313579916954 6.43328323960304 6.38717022538185 6.36713016033173 6.36342370510101 6.38605058193207 6.38734391331673 6.36413744091988 6.33576419949532 6.32139092683792 6.34301781654358 6.33564451336861 6.33777138590813 6.33189836144447 6.3215691447258 6.31445088982582 6.31983295083046 6.3395479619503 6.30859664082527 6.31764507293701 6.33319362998009 6.35007545351982 6.33545729517937 6.3105061352253 6.29205450415611 6.29443633556366 6.31227961182594 6.27208450436592 6.18222269415855 6.15969425439835
6.54281315207481 6.57969292998314 6.63173922896385 6.66678580641747 6.66866531968117 6.68937841057777 6.69175806641579 6.69647100567818 6.70001745223999 6.70159450173378 6.71020194888115 6.73914277553558 6.72975036501884 6.63269108533859 6.57563200592995 6.57840603590012 6.56018027663231 6.54212123155594 6.52472865581512 6.49550288915634 6.4671103656292 6.44096770882607 6.41907474398613 6.40951535105705 6.42645588517189 6.42039641737938 6.39050364494324 6.35577756166458 6.3307181596756 6.32632541656494 6.32493251562119 6.3208732008934 6.30698019266129 6.30470344424248 6.30487588047981 6.32154855132103 6.32538768649101 6.3153934776783 6.31623262166977 6.32207179069519 6.32941108942032 6.31175035238266 6.27808943390846 6.24459531903267 6.22893449664116 6.26976880431175 6.2720981836319 6.19376093149185 6.17109006643295
6.56831288337708 6.59403011202812 6.61541390419006 6.64413124322891 6.65401512384415 6.66289910674095 6.67711627483368 6.68500018119812 6.6772173345089 6.72885990142822 6.79959416389465 6.81799513101578 6.78106275200844 6.66979721188545 6.59436482191086 6.58293253183365 6.59316691756248 6.56390118598938 6.53696882724762 6.50470322370529 6.47877085208893 6.45826530456543 6.43285274505615 6.40844050049782 6.40636140108109 6.4001157283783 6.37853676080704 6.33795756101608 6.32087862491608 6.32546630501747 6.3162205517292 6.31164154410362 6.29872915148735 6.29733768105507 6.29763439297676 6.312764108181 6.32139399647713 6.32535713911057 6.30315378308296 6.29061672091484 6.27641323208809 6.25604301691055 6.22917300462723 6.19796949625015 6.20443272590637 6.22959119081497 6.2346116900444 6.2246321439743 6.18981915712357
6.57528990507126 6.58721953630447 6.61448258161545 6.63441240787506 6.64734202623367 6.68727180361748 6.71053460240364 6.69013121724129 6.66022756695747 6.72317489981651 6.78230652213097 6.7952718436718 6.76073688268661 6.66120210289955 6.59666728973389 6.55429905653 6.57409760355949 6.57389599084854 6.54586118459702 6.49349310994148 6.47212481498718 6.42434406280518 6.36115077137947 6.31745761632919 6.28209760785103 6.27540436387062 6.29821109771729 6.26901796460152 6.27565798163414 6.29729801416397 6.28493809700012 6.2957446873188 6.30188488960266 6.29004499316216 6.26622501015663 6.27057185769081 6.30075201392174 6.3180987238884 6.32127892971039 6.29262560606003 6.24897226691246 6.19981908798218 6.20999929308891 6.23001274466515 6.2275262773037 6.24190211296082 6.24814063310623 6.23404598236084 6.23511779308319
6.57307767868042 6.59992817044258 6.62644520401955 6.64429554343224 6.66247940063477 6.68966329097748 6.67534697055817 6.67269730567932 6.66438120603561 6.65653955936432 6.68017271161079 6.6873060464859 6.67493942379951 6.61490604281425 6.57787254452705 6.51550567150116 6.52480566501617 6.49477237462997 6.4655724465847 6.42720559239388 6.34300547838211 6.22770437598228 6.16796898841858 6.13590008020401 6.139164686203 6.18292906880379 6.23452708125114 6.22362497448921 6.24738955497742 6.26598745584488 6.25291848182678 6.25784972310066 6.26394757628441 6.28082495927811 6.27914822101593 6.2508048415184 6.26946160197258 6.28811827301979 6.31310820579529 6.29593160748482 6.26142162084579 6.23074498772621 6.22573491930962 6.24339172244072 6.23154819011688 6.23170188069344 6.2325187921524 6.22500240802765 6.24098598957062
6.58636537194252 6.59480315446854 6.61307442188263 6.62201207876205 6.64045003056526 6.64805465936661 6.64032581448555 6.63876348733902 6.63520139455795 6.62840437889099 6.6358722448349 6.61767366528511 6.58130839467049 6.54660978913307 6.52724462747574 6.52704575657845 6.50568056106567 6.45598214864731 6.37678343057632 6.26775139570236 6.21538603305817 6.16456454992294 6.12578696012497 6.12917605042458 6.12939828634262 6.15212067961693 6.16400974988937 6.16839876770973 6.16362097859383 6.19167676568031 6.1883989572525 6.17678812146187 6.18251031637192 6.24527153372765 6.26723819971085 6.2512047290802 6.25683781504631 6.29363772273064 6.29927110671997 6.2940708398819 6.24970424175262 6.25650399923325 6.26130399107933 6.24977061152458 6.24840369820595 6.22600135207176 6.22839683294296 6.23395872116089 6.23735395073891
6.58281975984573 6.58801168203354 6.60153689980507 6.62406212091446 6.62975388765335 6.62411278486252 6.61797121167183 6.60099649429321 6.60968843102455 6.58626908063889 6.56657189130783 6.55770823359489 6.53717759251595 6.52364701032639 6.50861644744873 6.50625261664391 6.47305545210838 6.4063583612442 6.25766113400459 6.20863050222397 6.19593340158463 6.13175824284554 6.09977170825005 6.10945191979408 6.10063195228577 6.12997883558273 6.162492364645 6.17500579357147 6.1588526070118 6.1895327270031 6.14404627680779 6.14005976915359 6.16740649938583 6.21771812438965 6.2713278234005 6.2686043381691 6.26438084244728 6.28499075770378 6.27810043096542 6.26921033859253 6.25965344905853 6.26926323771477 6.2830396592617 6.28081619739532 6.26325935125351 6.25413444638252 6.23794132471085 6.22324839234352 6.22105520963669
6.59460741281509 6.59155336022377 6.59799942374229 6.61211201548576 6.62039133906364 6.59467068314552 6.57211667299271 6.56922933459282 6.56084197759628 6.56030052900314 6.54843819141388 6.50857573747635 6.49654671549797 6.50518426299095 6.46432197093964 6.45129287242889 6.42509689927101 6.35206800699234 6.30253890156746 6.22417637705803 6.18998065590858 6.15445184707642 6.17175647616386 6.17022779583931 6.17103224992752 6.16167020797729 6.14914172887802 6.16877952218056 6.20691749453545 6.27888879179955 6.19902673363686 6.22383111715317 6.27896925806999 6.25583133101463 6.20341774821281 6.23017072677612 6.26709058880806 6.26601025462151 6.25192993879318 6.25334969162941 6.28876933455467 6.30702233314514 6.30460864305496 6.28319498896599 6.26528143882751 6.25626721978188 6.21515265107155 6.19737127423286 6.20508998632431
6.59622848033905 6.57776176929474 6.59512865543365 6.60616213083267 6.60186204314232 6.58222872018814 6.56592878699303 6.55846238136292 6.54599559307098 6.54649862647057 6.53330427408218 6.51244342327118 6.4707490503788 6.452388048172 6.40269380807877 6.36966621875763 6.33463868498802 6.30544418096542 6.24425002932549 6.19788900017738 6.18502801656723 6.20414534211159 6.25590774416924 6.215003490448 6.19859933853149 6.18169513344765 6.17612421512604 6.13488662242889 6.14531573653221 6.18391144275665 6.21484044194221 6.2132696211338 6.22786545753479 6.26794466376305 6.24217429757118 6.18807050585747 6.17413347959518 6.20436307787895 6.24059262871742 6.2591555416584 6.3050517141819 6.34411481022835 6.33751091361046 6.27957391738892 6.2548034787178 6.23123335838318 6.204863935709 6.19349426031113 6.19162479043007
