data/train_2003/bio11_avg_2003-2018.asc
NCOLS 664 
NROWS 380 
XLLCORNER 3.91666666666667 
YLLCORNER 55.3333333333333 
CELLSIZE 0.0416666666666666 
NODATA_value -9999 
[rows 357 to 377 of 380, columns 432 to 479 of 664]
-3.10550698311999 -3.07219835650176 -3.09726480394602 -3.11295622354373 -3.10373102687299 -3.12413080362603 -3.15169724309817 -3.161055308301 -3.16693522105925 -3.14375364547595 -3.12203032337129 -3.12230703840032 -3.1306671500206 -3.15744379605167 -3.18147051392589 -3.18178900575731 -3.13420660281554 -3.09985393704847 -3.08533455384895 -3.10281519638374 -3.1433075752575 -3.16197819946683 -3.137648878037 -3.13448627851903 -3.1251595976064 -3.12326048815157 -3.12827812507749 -3.12879568088101 -3.1181464754045 -3.10320566524751 -3.06401484599337 -2.98540748190135 -2.95298391859978 -2.93086914718151 -2.91875422559679 -2.90834777243435 -2.88598286174238 -2.88565971329808 -2.87904497049749 -2.88155512697995 -2.82460708171129 -2.80665889009833 -2.80547983199358 -2.80358312651515 -2.8180243819952 -2.86138685047626 -2.89699933119118 -2.89294512011111
-3.08906028512865 -3.0981911001727 -3.10953002702445 -3.12857735343277 -3.14629149436951 -3.14554704353213 -3.18334451504052 -3.24551673914539 -3.2383133948897 -3.22931736272585 -3.23740474815713 -3.22628371976316 -3.20645445398986 -3.18608353601303 -3.1600875176955 -3.17096655501518 -3.17069751082454 -3.16674010641873 -3.14786609192379 -3.13065867568366 -3.16335057030665 -3.2083581443876 -3.20769911073148 -3.18720675318036 -3.18188107816968 -3.166638802737 -3.1652299053967 -3.12651742680464 -3.07941168360412 -3.06358604272828 -3.02601046673954 -3.00143475923687 -2.98865139018744 -2.94449382368475 -2.90700289793313 -2.87726187519729 -2.8776041585952 -2.8958633299917 -2.89237231202424 -2.8679646383971 -2.81997361779213 -2.79381592199206 -2.80715834349394 -2.82425058633089 -2.83843860775232 -2.84613893181086 -2.85042264685035 -2.86428972706199
-3.09651608858258 -3.14585606055334 -3.2004043974448 -3.22336932085454 -3.24916770495474 -3.24259097129107 -3.25901429480291 -3.32022922066972 -3.32931383652613 -3.34068471705541 -3.34418060863391 -3.3149264077656 -3.29200564394705 -3.25008497887757 -3.23041420493973 -3.21907671974623 -3.19416419602931 -3.18598188646138 -3.1917996412667 -3.19428394985152 -3.2246035344433 -3.2596751251258 -3.23316344921477 -3.22523507545702 -3.22255669464357 -3.20729499612935 -3.19636661128607 -3.15735482861055 -3.11759311263449 -3.09824791876599 -3.06915294704959 -3.03414126951247 -3.00328189600259 -2.98340859171003 -2.96245185472071 -2.94132845848799 -2.92220498807728 -2.91866497509181 -2.9061250127852 -2.88058485835791 -2.85737811774015 -2.84908794797957 -2.83979786559939 -2.83250781148672 -2.84331842884421 -2.83806290477514 -2.83614069595933 -2.84296857193112
-3.18347177794203 -3.21893769013695 -3.28232037648559 -3.32053622487001 -3.32891896553338 -3.34984308714047 -3.3796841353178 -3.42665005102754 -3.4896477535367 -3.50880209170282 -3.46583157917485 -3.42140252515674 -3.34855695534497 -3.2857530862093 -3.28132415493019 -3.27156189642847 -3.24709129019175 -3.2434540198883 -3.24298301152885 -3.24474243377335 -3.2781065995805 -3.31099218642339 -3.29771103290841 -3.26809655455872 -3.29181546485052 -3.28195098927245 -3.25500322738662 -3.23630551435053 -3.20619103993522 -3.21165995358024 -3.1741287590703 -3.10276434989646 -3.06282920762897 -3.03582335077226 -2.99298419803381 -2.95114508643746 -2.96213918738067 -2.96255003102124 -2.94596089422703 -2.93137173354626 -2.92036592587829 -2.91194338351488 -2.89143753424287 -2.87976505048573 -2.87319807335734 -2.85782011970878 -2.85235883295536 -2.83156417682767
-3.30434413510375 -3.32735276920721 -3.37831964483485 -3.44374485686421 -3.43875345308334 -3.4407203970477 -3.46918733231723 -3.51807094411924 -3.61377342848573 -3.65829456597567 -3.63652417063713 -3.53812881815247 -3.44560827035457 -3.38971284311265 -3.394525825046 -3.38117207307369 -3.38423494901508 -3.35508956154808 -3.30323578650132 -3.29463202739134 -3.33177632605657 -3.34580912441015 -3.34734197705984 -3.34729153383523 -3.36449105292559 -3.33327382337302 -3.31380669027567 -3.28075617877766 -3.26162228989415 -3.28240514267236 -3.25852134707384 -3.19238751509693 -3.1472097299993 -3.08632150944322 -3.02543323207647 -2.9982949309051 -3.01015675999224 -2.9907684456557 -2.9712968505919 -2.95315864309669 -2.93635368533432 -2.91963206790388 -2.87807723321021 -2.87318888306618 -2.86374446004629 -2.84566066414118 -2.84149355441332 -2.84340975061059
-3.45704990625381 -3.48122613038868 -3.54398566298187 -3.5773702232982 -3.59596307452011 -3.62401439750101 -3.60273229579616 -3.5939501219691 -3.64414894510992 -3.70524530066177 -3.69450849108398 -3.63739654421806 -3.57299289418734 -3.5287976458203 -3.52739418367855 -3.51544889248908 -3.50642022793181 -3.44960013357922 -3.38136316742748 -3.36116786766797 -3.35497534647584 -3.36695946194232 -3.39813959039748 -3.39890299364924 -3.39274982828647 -3.3635131996125 -3.32552666449919 -3.29487347742543 -3.27247027098201 -3.28248380147852 -3.27183053363115 -3.23426063296938 -3.17259029252455 -3.13556958036497 -3.12821553274989 -3.10861155670136 -3.0946741765365 -3.04448684491217 -3.00038284249604 -2.96102881059051 -2.91817483492196 -2.88048755377531 -2.82163338363171 -2.79811267927289 -2.76254088804126 -2.75050127878785 -2.7936282902956 -2.81850533932447
-3.42067235149443 -3.46926616691053 -3.57423493207898 -3.63266221992671 -3.7160061262548 -3.74180818721652 -3.70844388194382 -3.6740376050584 -3.68489947589114 -3.71994609665126 -3.7067426899448 -3.66991430148482 -3.62908597220667 -3.5945909084985 -3.55509575019823 -3.58697578927968 -3.57839741744101 -3.56098559126258 -3.53782383352518 -3.5067455091048 -3.47048376640305 -3.46002631774172 -3.47052047774196 -3.45609784545377 -3.42284193029627 -3.39408602192998 -3.36408009566367 -3.34407412353903 -3.30656821234152 -3.28231232077815 -3.27180642890744 -3.23363377526402 -3.18838750338182 -3.18573445966467 -3.20083131222054 -3.17784484336153 -3.13635837845504 -3.07920528296381 -3.04638548009098 -2.99639908224344 -2.95199591852725 -2.91759601794183 -2.88813319988549 -2.85333696007729 -2.79975399002433 -2.77034186944366 -2.76367975398898 -2.73801761493087
-3.44500308204442 -3.49684792989865 -3.61052602838026 -3.66070419666357 -3.70550735341385 -3.74931038264185 -3.75373864080757 -3.7200001552701 -3.74440019857138 -3.73885521665215 -3.6928936522454 -3.64605713449419 -3.61238713935018 -3.57892555184662 -3.56200577380696 -3.59025249816477 -3.63416608981788 -3.6549961627461 -3.62878459692001 -3.59657642687671 -3.55149236570287 -3.5512092343215 -3.54898468527244 -3.49629269225989 -3.44651743164286 -3.42115879198536 -3.43880020827055 -3.44552478799596 -3.39616613695398 -3.33422413328663 -3.29503219784237 -3.23792351339944 -3.19076814688742 -3.17323260428384 -3.19394706422463 -3.19207819877192 -3.15720918308944 -3.11775696557015 -3.09980481956154 -3.05759118683636 -3.03988847695291 -2.98651903308928 -2.9497331045568 -2.92457210831344 -2.88224014639854 -2.82143250107765 -2.75939779728651 -2.73318978399038
-3.45383382216096 -3.50688788713887 -3.62148368172348 -3.70720452209935 -3.73021685983986 -3.7606459306553 -3.80724176764488 -3.80233759433031 -3.81981722358614 -3.81338918115944 -3.79966958984733 -3.71578321605921 -3.62943838979118 -3.61621873010881 -3.63183233560994 -3.65440434403718 -3.65314318658784 -3.65517336083576 -3.65320359217003 -3.59265064890496 -3.56425094918814 -3.54679609960294 -3.55017485655844 -3.53432089276612 -3.48569286824204 -3.49089821893722 -3.50318687350955 -3.51589212131876 -3.47451421082951 -3.40805271407589 -3.35187044879422 -3.30066569428891 -3.25723197928164 -3.18381397379562 -3.18464603694156 -3.21439479338005 -3.1740717953071 -3.14250414632261 -3.13255736418068 -3.07838948443532 -3.06555483676493 -3.01655349135399 -2.98087468929589 -2.96714044548571 -2.9258003551513 -2.87285633012652 -2.77769913896918 -2.73446175828576
-3.34291455894709 -3.42801131308079 -3.49431631946936 -3.57707973010838 -3.67292652511969 -3.69639826519415 -3.7576616415754 -3.83255014102906 -3.87727607414126 -3.88433993048966 -3.86452884040773 -3.7810511123389 -3.72261481638998 -3.75372031889856 -3.79565917048603 -3.78038970287889 -3.70453677512705 -3.64122554799542 -3.60641430760734 -3.59272812795825 -3.60879142722115 -3.63297728449106 -3.61582988267764 -3.56501572090201 -3.5578683919739 -3.63088754564524 -3.62932347552851 -3.60367614170536 -3.52844537857163 -3.47845605760813 -3.45753816794604 -3.42241183202714 -3.37788243964314 -3.35911669675261 -3.34885089378804 -3.31458519643638 -3.23294440470636 -3.1934702033177 -3.16537111625075 -3.1270930217579 -3.11220929119736 -3.05390710383654 -3.01655807346106 -2.98366729356349 -2.92069382034242 -2.84834601730108 -2.78220652416348 -2.74656704813242
-3.1549118841067 -3.25459308247082 -3.34627402992919 -3.45562170725316 -3.55017772631254 -3.60123373940587 -3.68899813713506 -3.76730424072593 -3.78340180497617 -3.82737424317747 -3.84622147865593 -3.83998543024063 -3.82879118062556 -3.87905514054 -3.87269409745932 -3.83441645279527 -3.72938884422183 -3.64327773265541 -3.60612502321601 -3.60276411403902 -3.62179437885061 -3.68096099141985 -3.68646080978215 -3.6209607035853 -3.603293846827 -3.6217103251256 -3.62429348146543 -3.62664105556905 -3.57263484294526 -3.54917028453201 -3.54799737781286 -3.46082455152646 -3.41313107265159 -3.43558382522315 -3.40741149196401 -3.35857258579927 -3.35181687618024 -3.31897798052523 -3.27593063516542 -3.22834163857624 -3.1856971886009 -3.1255802847445 -3.06407471187413 -2.98711074516177 -2.97092065960169 -2.90908793546259 -2.84746355190873 -2.77925571426749
-3.14274261333048 -3.20675801904872 -3.26277339400258 -3.35641373740509 -3.4902623523958 -3.60723599791527 -3.69133470952511 -3.74855842906982 -3.75052731111646 -3.81111653987318 -3.83803903497756 -3.83150318264961 -3.8363840598613 -3.88893152587116 -3.89647906459868 -3.91677657514811 -3.79169911984354 -3.67912162747234 -3.61300249164924 -3.58600829099305 -3.63513082126155 -3.70302802603692 -3.69725841563195 -3.6394513673149 -3.61419023806229 -3.64188739843667 -3.65945965005085 -3.6321151969023 -3.62556233583018 -3.63267622701824 -3.62016508029774 -3.56465403712355 -3.52379665739136 -3.48221762711182 -3.4464721516706 -3.45251822378486 -3.44731441792101 -3.4112772999797 -3.34853174039745 -3.28866132022813 -3.26416572323069 -3.19975357316434 -3.15029960777611 -3.06638739071786 -3.00398082472384 -2.95157980360091 -2.88188716396689 -2.79823606088758
-3.15244846604764 -3.23067302443087 -3.23793940874748 -3.28753902079188 -3.38797191251069 -3.55365484888898 -3.67596290586516 -3.687770917546 -3.7271528262645 -3.76673392765224 -3.78823167737573 -3.74597941618413 -3.75014374777675 -3.87397479265928 -3.90805579721928 -3.8930952064693 -3.86034286767244 -3.78488224372268 -3.68862985726446 -3.65558590181172 -3.69105056021363 -3.72867837268859 -3.69433624390513 -3.65707019763067 -3.67797070369124 -3.69382991548628 -3.76618874911219 -3.70592263247818 -3.63944818126038 -3.67801545187831 -3.72120781708509 -3.67919162195176 -3.61533687449992 -3.5721847579116 -3.5481161425414 -3.50829742872156 -3.47885370254517 -3.44824332883582 -3.39904951187782 -3.34598080220167 -3.30299546197057 -3.2330100433901 -3.19648301508278 -3.11828924715519 -3.03441594727337 -2.96665502712131 -2.89626905322075 -2.81300804018974
-3.12795263063163 -3.17103763809428 -3.18183105764911 -3.22416615113616 -3.31279296521097 -3.43696134816855 -3.57696302421391 -3.69246477354318 -3.75075528770685 -3.73641785327345 -3.75833052303642 -3.79632639978081 -3.79923908505589 -3.88290154747665 -3.89856416918337 -3.90856015123427 -3.91630585119128 -3.87546864524484 -3.80242273770273 -3.76704366225749 -3.78701996710151 -3.83385154977441 -3.82018315605819 -3.80034810677171 -3.81138793379068 -3.82459462992847 -3.8344262894243 -3.79996627382934 -3.74596449080855 -3.76550438534468 -3.7777943611145 -3.72133420966566 -3.65231289900839 -3.6429805397056 -3.61998149566352 -3.53560736251529 -3.50744162127376 -3.48498418461531 -3.42544348887168 -3.36098598188255 -3.28798689879477 -3.25111287552863 -3.22740552481264 -3.17044800333679 -3.08389858715236 -2.98775718919933 -2.92928241752088 -2.86047423630953
-3.0795885687694 -3.10156023874879 -3.12394857313484 -3.16158678056672 -3.30289184302092 -3.42994685005397 -3.51446010143263 -3.61684849625453 -3.66475114971399 -3.65291835786775 -3.75591883715242 -3.81262771226466 -3.85787819139659 -3.88962878845632 -3.87337916530669 -3.90187971107662 -3.90804685465991 -3.92216050438583 -3.90925625897944 -3.92667328007519 -3.89373115636408 -3.92076309211552 -3.9491698499769 -3.97778504528105 -3.96702509187162 -3.9185152631253 -3.88679715618491 -3.84316240809858 -3.83606923557818 -3.84635115042329 -3.80263288132846 -3.71383130177855 -3.70093310251832 -3.69164644135162 -3.65227650897577 -3.58057323965477 -3.54720333812293 -3.52445835899562 -3.44842170691118 -3.35846851428505 -3.26914026448503 -3.23847860377282 -3.24569206964225 -3.18465536739677 -3.11263681203127 -3.01688614860177 -2.93967708013952 -2.87805147096515
-2.98384965024889 -3.02108283527195 -3.02656602859497 -3.06459091883153 -3.21782411821187 -3.37479254091159 -3.45768738794141 -3.5461655210238 -3.59499714383855 -3.62891881726682 -3.7306738300249 -3.80426234379411 -3.8530591558665 -3.86110594682395 -3.8739859778434 -3.90232436172664 -3.88587104715407 -3.91650440357625 -3.95085262879729 -3.95326131023467 -3.99985896423459 -4.02563276514411 -4.01978146471083 -4.02018016576767 -3.97766221687198 -3.95168600045145 -3.92475138045847 -3.89356679283082 -3.92350719310343 -3.93573914654553 -3.85876309871674 -3.82549517042935 -3.82084476947784 -3.78627079632133 -3.74594655912369 -3.69249744853005 -3.61546518770047 -3.51868256181479 -3.42627514991909 -3.36365928221494 -3.30771022918634 -3.29021941917017 -3.25393701996654 -3.1813211645931 -3.11237496323884 -3.05405676178634 -2.99657185003161 -2.92304526828229
-3.02494386490434 -3.07552198600024 -3.10889754537493 -3.15680328896269 -3.25506046321243 -3.33743352489546 -3.40914013376459 -3.50284647351509 -3.54303466831334 -3.62775266403332 -3.71126237604767 -3.75964695587754 -3.78723997995257 -3.79337791912258 -3.82450937665999 -3.85176907666028 -3.84602875821292 -3.93193165026605 -3.97023673169315 -4.00170853734016 -4.05398689582944 -4.05975263565779 -4.05910156667233 -4.06799211353064 -4.029257748276 -4.04060676135123 -3.99303903058171 -3.93834639154375 -3.94240363501012 -3.91229435615242 -3.91922658495605 -3.92920052446425 -3.90642339922488 -3.84435348212719 -3.83915844839066 -3.80779666174203 -3.6698100361973 -3.54874005261809 -3.48662846907973 -3.44201679062098 -3.36978021295135 -3.33796020154841 -3.27668195776641 -3.20394537225366 -3.13307149987668 -3.06789414770901 -3.02367494627833 -2.97758088260889
-3.10898415837437 -3.16841888986528 -3.24560376256704 -3.27228837797884 -3.27763985970523 -3.29374127206393 -3.38100935425609 -3.47719410492573 -3.50616745153093 -3.56584618007764 -3.62777491472661 -3.68162020854652 -3.7290488993749 -3.73131091613322 -3.77557290531695 -3.77700149454176 -3.80559689365327 -3.89710890129209 -3.97920428216457 -4.05993724241853 -4.04048983193934 -4.05478900484741 -4.10858814418316 -4.14047076180577 -4.14081152901053 -4.13744406029582 -4.09520166367292 -4.01320911571383 -4.00146664120257 -3.96368253044784 -3.97685667686164 -4.00573930703104 -3.96950178407133 -3.93768602050841 -3.90207852981985 -3.82442928757519 -3.67303011147305 -3.59996420860989 -3.57969012140529 -3.49945767084137 -3.41114183422178 -3.36320103425533 -3.30421849153936 -3.22715260367841 -3.1430180799216 -3.08268966712058 -3.04106972925365 -3.00161635875702
-3.04240039270371 -3.0983134591952 -3.11164317559451 -3.16222293116152 -3.21396929840557 -3.22754902520683 -3.27337873226497 -3.33212505606934 -3.41356606129557 -3.47945158898074 -3.54925385233946 -3.65563945192844 -3.72819162625819 -3.76424391567707 -3.80554609373212 -3.78034849278629 -3.83923386782408 -3.89586951211095 -3.97292173095047 -4.05648356676102 -4.02695105038583 -4.03457545675337 -4.08790822699666 -4.14807426929474 -4.19311534240842 -4.21190653368831 -4.18128082901239 -4.10573863610625 -4.08294636756182 -4.08315412700176 -4.10998694226146 -4.11548639833927 -4.04962189681828 -3.98485193774104 -3.91720687411726 -3.81822856329381 -3.72645860351622 -3.65360513445921 -3.63316841539927 -3.53839853662066 -3.45987848332152 -3.36944181565195 -3.32558843377046 -3.26136009581387 -3.17496460024267 -3.09998546354473 -3.0564228463918 -2.99111017398536
-2.95548330061138 -3.00545789394528 -3.00868268497288 -3.03049067594111 -3.09804867487401 -3.13860674621537 -3.16966472519562 -3.23722278920468 -3.29721461585723 -3.3607238298282 -3.48698286060244 -3.63015870098025 -3.73183451406658 -3.78534354642034 -3.82651935890317 -3.82119514420629 -3.83170432038605 -3.86638001166284 -3.94572240300477 -3.97348156385124 -3.95257464982569 -3.94083519279957 -4.01926993019879 -4.11805293336511 -4.17887748032808 -4.23061881586909 -4.24536027759314 -4.25326818972826 -4.20271785929799 -4.14950074255466 -4.15711722522974 -4.11740009114146 -4.05186713300645 -3.96497623436153 -3.87166861630976 -3.79719440359622 -3.76901198644191 -3.70620432635769 -3.59752176175243 -3.50638093845919 -3.45540673332289 -3.37705756071955 -3.35395834594965 -3.28565076412633 -3.18961947225034 -3.12948927283287 -3.07590093649924 -2.98702074401081
-2.88806619495153 -2.91026908159256 -2.91822212189436 -3.00359179172665 -3.0419613448903 -3.04649770725518 -3.0967007316649 -3.14015375217423 -3.18827988533303 -3.24516250973102 -3.35804523015395 -3.47767789071077 -3.57689386745915 -3.66294319182634 -3.69532584305853 -3.71729189995676 -3.71975771710277 -3.7754739522934 -3.8140232488513 -3.83023918606341 -3.85083456709981 -3.87630921788514 -3.94470064528286 -4.03642530553043 -4.11993139237165 -4.18133131042123 -4.22489784657955 -4.28683951124549 -4.30578099936247 -4.28759760409594 -4.19824732095003 -4.07398056611419 -4.02557064034045 -3.96718385443091 -3.87588029541075 -3.79445194732398 -3.7389403982088 -3.64976196852513 -3.54820855869912 -3.46211349451914 -3.41460177581757 -3.38379838474793 -3.35587011306779 -3.27427486749366 -3.14831605646759 -3.09820169024169 -3.07579559646547 -3.01284799911082
