data/train_2003/bio13_avg_2003-2018.asc
NCOLS 664 
NROWS 380 
XLLCORNER 3.91666666666667 
YLLCORNER 55.3333333333333 
CELLSIZE 0.0416666666666666 
NODATA_value -9999 
[rows 352 to 373 of 380, columns 392 to 440 of 664]
-9999 -9999 -9999 -9999 -9999 -9999 -9999 -9999 -9999 -9999 -9999 -9999 -9999 -9999 -9999 -9999 -9999 117.874631881714 119.358027935028 120.948454856873 124.169516086578 127.312527179718 130.112498283386 132.194375991821 133.443997383118 135.547801017761 138.275776386261 138.20417881012 140.933560371399 141.733949184418 142.503590106964 144.327816486359 145.485976219177 146.71960401535 146.678079605103 148.28253030777 147.258896827698 145.975569248199 144.022999763489 142.414976119995 139.608777999878 138.2979388237 136.641511440277 133.732947826385 132.456909656525 130.028123855591 128.692045211792 127.910554409027 127.582396030426
-9999 -9999 -9999 -9999 -9999 -9999 -9999 -9999 -9999 -9999 -9999 -9999 -9999 -9999 -9999 -9999 -9999 119.931395053864 120.036106109619 122.060118198395 124.428680419922 128.371063709259 130.740614414215 132.433678150177 134.33881855011 136.325240135193 137.849542140961 139.279123783112 140.349631786346 140.757182121277 141.68519115448 142.535413742065 144.41697883606 145.654453754425 146.570949554443 147.00482416153 147.203616142273 146.807172775269 145.374761104584 142.252196311951 140.680850982666 138.371437072754 136.69767665863 135.266755104065 132.692848205566 131.015054702759 130.041932106018 128.652084827423 127.275192260742
-9999 -9999 -9999 -9999 -9999 -9999 -9999 -9999 -9999 -9999 -9999 -9999 -9999 -9999 -9999 -9999 -9999 120.148334026337 121.294252872467 122.923260688782 125.914985656738 128.383705615997 131.431116580963 133.752393245697 135.581375598907 136.915420532227 137.097186088562 138.348502635956 138.835298538208 140.632352828979 142.171046257019 142.31178855896 142.825196743011 144.363043785095 145.527494907379 145.264596939087 145.964521884918 145.927546024323 144.556544780731 142.838974475861 141.390025615692 138.305013179779 137.813666343689 136.018128395081 134.193111419678 132.430850505829 129.970069408417 128.539171695709 126.670063495636
-9999 -9999 -9999 -9999 -9999 -9999 -9999 -9999 -9999 -9999 -9999 -9999 -9999 -9999 -9999 -9999 -9999 121.641184806824 122.458759307861 125.474369525909 127.243631839752 129.654256820679 132.719922542572 134.430104255676 135.40362405777 136.808043479919 137.91792345047 138.24542427063 138.915143489838 140.312538146973 140.564513206482 140.708707332611 141.226691246033 142.769594669342 143.636572360992 143.924080371857 145.125382900238 144.970331668854 143.687107086182 143.155287742615 141.689209461212 138.909397602081 138.217403888702 136.55434179306 133.97693157196 132.268164634705 129.826051712036 128.511858940125 127.525588989258
-9999 -9999 -9999 -9999 -9999 -9999 -9999 -9999 -9999 -9999 -9999 -9999 -9999 -9999 -9999 -9999 -9999 121.738149166107 123.198338985443 125.362961292267 128.071782588959 130.712242126465 133.871551990509 135.007243156433 135.654421806335 136.699910163879 138.032398223877 138.365321159363 139.18008852005 139.148838043213 140.478836536407 140.434329509735 141.020991325378 141.677383422852 142.615054130554 142.866500854492 142.751806735992 143.274087905884 142.811747550964 142.80490732193 140.837631702423 140.228885173798 138.756710529327 136.653293609619 134.116439819336 132.758998394012 130.635552406311 129.305824756622 127.459472179413
-9999 -9999 -9999 -9999 -9999 -9999 -9999 -9999 -9999 -9999 -9999 -9999 -9999 -9999 -9999 -9999 -9999 122.265232563019 123.319176197052 126.194439411163 128.774906158447 131.282410621643 134.094520568848 135.322283744812 136.542602062225 138.248587608337 138.95937538147 139.558893680573 140.18852853775 139.571409702301 140.752452850342 141.135845184326 141.272213935852 141.175693511963 141.659007549286 142.194691181183 143.429921150208 142.824805736542 141.810286045074 140.761826515198 140.846147537231 139.184056282043 138.918350219727 136.857497692108 134.778270721436 133.405059337616 131.664924144745 129.833468914032 128.980667114258
-9999 -9999 -9999 -9999 -9999 -9999 -9999 -9999 -9999 -9999 -9999 -9999 -9999 -9999 -9999 -9999 -9999 124.868278980255 124.718749523163 127.618670940399 129.924075126648 132.819907188416 134.041166782379 136.050260066986 137.000950336456 138.479590892792 138.585922718048 139.547679424286 140.567831993103 140.673133850098 141.034989356995 141.322770118713 141.447746276855 142.309504985809 142.204415798187 143.390941619873 143.309012889862 142.953506946564 141.930361747742 141.653049468994 140.218815803528 139.702027320862 138.3150639534 136.658047676086 135.324393749237 133.594222545624 132.180823326111 130.37317609787 129.609273433685
-9999 -9999 -9999 -9999 -9999 -9999 -9999 -9999 -9999 -9999 -9999 -9999 -9999 -9999 -9999 -9999 -9999 124.782736778259 125.594054222107 126.506226062775 130.214941978455 132.621702194214 135.16774225235 136.981007575989 137.519490718842 138.971825122833 139.051162242889 139.208973407745 140.501329898834 141.446141719818 141.820271015167 141.682936191559 142.280863285065 143.490005970001 143.627966403961 143.434088230133 143.290062904358 142.752202510834 142.23095369339 141.869215011597 140.98467874527 139.888773441315 138.265536785126 137.636646747589 136.302573680878 135.274813652039 132.868306159973 132.240740299225 130.562895774841
-9999 -9999 -9999 -9999 -9999 -9999 -9999 -9999 -9999 -9999 -9999 -9999 -9999 -9999 -9999 -9999 -9999 -9999 125.604288101196 127.369197368622 129.987679004669 132.865773200989 135.075587272644 136.727051734924 138.42054605484 138.691471576691 139.677154064178 140.339083194733 140.516209125519 141.922090530396 141.911613941193 141.816127300262 142.609577655792 143.745216846466 143.797464847565 143.53608417511 143.894017219543 143.440402507782 143.205159664154 142.167064666748 140.576484680176 139.626379966736 138.944132328033 137.828365325928 136.494451522827 135.863995075226 134.918140411377 133.503817081451 132.225360870361
-9999 -9999 -9999 -9999 -9999 -9999 -9999 -9999 -9999 -9999 -9999 -9999 -9999 -9999 -9999 -9999 -9999 -9999 -9999 128.070648193359 129.029413223267 131.890189170837 134.283728122711 135.966336727142 137.361999511719 138.606234550476 139.847920417786 139.68121099472 140.988826751709 141.519042491913 141.307640075684 141.903496265411 142.777051925659 143.108388900757 143.958086013794 144.426367282867 144.375231266022 144.624009609222 144.635568141937 142.221757411957 140.721772193909 140.079668045044 138.627480983734 138.394330501556 137.060769081116 136.140262126923 134.899437904358 133.159189224243 132.273141860962
-9999 -9999 -9999 -9999 -9999 -9999 -9999 -9999 -9999 -9999 -9999 -9999 -9999 -9999 -9999 -9999 -9999 -9999 -9999 128.332718849182 129.622256278992 132.34966802597 133.907878875732 136.271370410919 136.732019901276 137.589065551758 139.063351631165 140.193320274353 141.19996881485 142.041743278503 141.719045162201 141.714586734772 142.893024921417 143.325159072876 144.311456203461 144.494965076447 145.708926200867 144.678798675537 143.58088684082 142.945195674896 142.61563205719 141.756667613983 140.225104808807 138.678050994873 138.044015407562 136.904098033905 135.676208019257 134.82395029068 133.859686851501
-9999 -9999 -9999 -9999 -9999 -9999 -9999 -9999 -9999 -9999 -9999 -9999 -9999 -9999 -9999 -9999 -9999 -9999 -9999 128.595530986786 129.924027919769 131.682188034058 134.274123668671 135.600553035736 137.616993904114 138.170427322388 139.166515827179 140.490944385529 141.041298389435 141.235587120056 142.061084747314 142.044594287872 142.676668643951 143.132084846497 144.892934322357 143.928694725037 146.562363147736 145.142593383789 144.294072151184 143.643367767334 143.086636543274 141.142573356628 141.691578865051 139.656520843506 139.505622386932 138.86848449707 137.745652675629 136.49093580246 134.033483505249
-9999 -9999 -9999 -9999 -9999 -9999 -9999 -9999 -9999 -9999 -9999 -9999 -9999 -9999 -9999 -9999 -9999 -9999 -9999 129.427371025085 130.969116687775 132.335583686829 134.737619876862 136.046690940857 137.625068187714 138.308237075806 139.860324382782 140.039372444153 141.600358009338 141.557141780853 140.953670978546 142.507403373718 143.031015872955 144.01380109787 143.884265422821 143.999245643616 143.656960964203 145.197628498077 145.047245025635 143.705673217773 142.744618415833 141.406596660614 141.496599674225 140.454054832458 139.985510826111 139.433468341827 138.796821117401 136.576697349548 135.127146244049
-9999 -9999 -9999 -9999 -9999 -9999 -9999 -9999 -9999 -9999 -9999 -9999 -9999 -9999 -9999 -9999 -9999 -9999 -9999 129.246052265167 131.588078022003 131.89804315567 134.576554298401 135.924112319946 138.052062511444 138.199531555176 139.751627922058 140.944308757782 141.979090690613 141.896185874939 143.481892108917 143.149434566498 144.001820087433 144.245973110199 144.406487464905 144.720534324646 144.525018215179 143.973756790161 144.152651309967 143.600914955139 143.049326896667 141.881568908691 142.029666423798 141.310311317444 140.67183303833 139.108567237854 139.100602149963 136.559525966644 134.990885257721
-9999 -9999 -9999 -9999 -9999 -9999 -9999 -9999 -9999 -9999 -9999 -9999 -9999 -9999 -9999 -9999 -9999 -9999 -9999 129.762184619904 130.355611801147 132.606129646301 133.924309253693 135.887784481049 137.946943759918 138.955883026123 140.375544548035 141.294553279877 142.292714118958 143.443730831146 144.046652317047 143.837798118591 144.771553516388 143.690185546875 143.80233001709 143.426424026489 143.750140190125 143.777796268463 144.045123577118 142.06255531311 141.68278837204 141.374866485596 140.995931625366 140.602228164673 140.293234825134 139.491943836212 138.960822105408 137.233018398285 136.971642017365
-9999 -9999 -9999 -9999 -9999 -9999 -9999 -9999 -9999 -9999 -9999 -9999 -9999 -9999 -9999 -9999 -9999 -9999 -9999 129.200504779816 130.950520038605 133.311151981354 134.124116897583 136.132668018341 138.48283290863 139.615916728973 140.9123005867 140.755700111389 142.45930480957 143.481899261475 144.10369348526 144.185135364532 145.04713010788 145.138402462006 144.080637454987 144.200962543488 143.80232334137 143.256038665771 143.442039012909 143.06302022934 142.517064571381 141.189134120941 140.812789440155 140.844809055328 140.132331371307 139.671866893768 138.436933040619 138.028011798859 137.351573467255
-9999 -9999 -9999 -9999 -9999 -9999 -9999 -9999 -9999 -9999 -9999 -9999 -9999 -9999 -9999 -9999 -9999 -9999 -9999 130.048079013824 130.851510047913 133.44699382782 134.663920879364 136.634058952332 138.667319774628 140.105051994324 140.895952224731 141.999788761139 142.581093788147 144.083954811096 144.913060188293 144.770581245422 145.269876003265 144.693751811981 145.560622692108 144.935811042786 145.051411151886 144.829585075378 143.586363792419 142.66846704483 142.12579870224 141.583370685577 139.780344486237 139.240392684937 140.209222793579 140.494806289673 139.445621967316 138.584630489349 137.149856090546
-9999 -9999 -9999 -9999 -9999 -9999 -9999 -9999 -9999 -9999 -9999 -9999 -9999 -9999 -9999 -9999 -9999 -9999 -9999 131.087508201599 131.39374256134 132.616534233093 134.46387720108 136.694147109985 138.61586523056 139.868966579437 141.352131843567 142.159521102905 143.207263469696 144.003140926361 144.957589626312 144.971580505371 145.047696590424 145.591464042664 145.750539779663 145.251589298248 144.804846286774 144.262516975403 144.055306911469 142.563995361328 142.191784381866 141.578533172607 140.50176858902 139.723708629608 139.508803844452 140.565892219543 140.110711097717 137.981739521027 136.334458351135
-9999 -9999 -9999 -9999 -9999 -9999 -9999 -9999 -9999 -9999 -9999 -9999 -9999 -9999 -9999 -9999 -9999 -9999 -9999 -9999 131.948305606842 133.490529060364 135.975266933441 137.373277187347 139.096954345703 140.124848365784 140.971909999847 142.305068969727 143.303441524506 144.214536190033 144.955434322357 144.748967647552 144.831963062286 144.741811752319 145.434991836548 144.671065330505 143.532995223999 143.651377677917 142.871180057526 142.491095066071 142.122949123383 140.975508213043 140.609865188599 139.666412830353 138.974023342133 138.595777511597 138.559269428253 137.66285276413 137.200788021088
-9999 -9999 -9999 -9999 -9999 -9999 -9999 -9999 -9999 -9999 -9999 -9999 -9999 -9999 -9999 -9999 -9999 -9999 -9999 -9999 131.515558242798 134.029818534851 135.353636741638 137.62197637558 139.067108631134 140.194074630737 140.952431678772 141.452144145966 142.120254039764 143.487389564514 144.343548774719 144.480516433716 145.254576206207 145.726095676422 145.636698246002 144.562622070312 144.074273586273 143.680442810059 142.90501832962 141.67982339859 141.231130599976 140.533992290497 140.584722042084 139.983092784882 139.866450786591 138.152374744415 136.850502490997 136.736210346222 137.096150398254
-9999 -9999 -9999 -9999 -9999 -9999 -9999 -9999 -9999 -9999 -9999 -9999 -9999 -9999 -9999 -9999 -9999 -9999 -9999 -9999 131.701803207397 132.313569068909 134.908567905426 136.097494602203 137.83908367157 140.178030490875 140.952302932739 141.698441505432 143.103462219238 143.861065864563 144.311217784882 145.681911468506 145.615482330322 145.845178127289 145.323847770691 145.047339916229 143.986794471741 143.642573833466 143.697532176971 142.853257656097 141.887761592865 141.08286857605 140.00250005722 139.251636981964 138.912986278534 138.313985347748 137.021626472473 137.0950922966 136.194259166718
-9999 -9999 -9999 -9999 -9999 -9999 -9999 -9999 -9999 -9999 -9999 -9999 -9999 -9999 -9999 -9999 -9999 -9999 -9999 -9999 132.556610584259 132.63190984726 134.752993106842 136.917719364166 138.389423847198 140.055840969086 141.531630516052 142.585843086243 143.03701877594 143.217261791229 144.074641227722 144.521152496338 144.521661281586 145.382407188416 144.705277919769 144.532968997955 144.154534816742 143.971428871155 143.548375606537 142.581512451172 141.912014961243 140.706904411316 139.942688941956 139.000438213348 138.909977912903 138.577321052551 137.834620475769 137.415061473846 136.26722240448
