data/train_2003/bio11_avg_2003-2018.asc
NCOLS 664 
NROWS 380 
XLLCORNER 3.91666666666667 
YLLCORNER 55.3333333333333 
CELLSIZE 0.0416666666666666 
NODATA_value -9999 
[rows 168 to 188 of 380, columns 432 to 479 of 664]
-9999 -9999 -9999 -9999 -9999 -9999 -9999 -9999 -9999 -9999 -9999 -9999 -9999 -9999 -9999 -9999 -9999 -9999 -9999 -9999 -9999 -9999 -9999 -9999 -9999 -9999 -9999 -9999 -9999 -9999 -9999 -9999 -9999 -9999 -9999 -9999 -9999 -9999 -9999 -9999 -9999 -8.15537777543068 -8.14204087853432 -8.14382883906364 -8.170799523592 -8.20654794573784 -8.21137899160385 -8.18707603216171
-9999 -9999 -9999 -9999 -9999 -9999 -9999 -9999 -9999 -9999 -9999 -9999 -9999 -9999 -9999 -9999 -9999 -9999 -9999 -9999 -9999 -9999 -9999 -9999 -9999 -9999 -9999 -9999 -9999 -9999 -9999 -9999 -9999 -9999 -9999 -9999 -9999 -9999 -8.12854081392288 -9999 -8.19413667917252 -8.17706245183945 -8.13837188482285 -8.08111119270325 -8.09597477316856 -8.13238006830215 -8.14052867889404 -8.13979160785675
-9999 -9999 -9999 -9999 -9999 -9999 -9999 -9999 -9999 -9999 -9999 -9999 -9999 -9999 -9999 -9999 -9999 -9999 -9999 -9999 -9999 -9999 -9999 -9999 -9999 -9999 -9999 -9999 -9999 -9999 -9999 -9999 -9999 -9999 -9999 -7.98657938838005 -8.0157228410244 -8.09163102507591 -8.12497252225876 -8.12898960709572 -8.17738363146782 -8.22233030200005 -8.17994129657745 -8.10168471932411 -8.06148338317871 -8.06017076969147 -8.06566435098648 -8.09603554010391
-9999 -9999 -9999 -9999 -9999 -9999 -9999 -9999 -9999 -9999 -9999 -9999 -9999 -9999 -9999 -9999 -9999 -9999 -9999 -9999 -9999 -9999 -9999 -9999 -9999 -9999 -9999 -9999 -9999 -9999 -9999 -9999 -9999 -9999 -9999 -7.99299028515816 -8.06765222549438 -8.12248265743256 -8.12156355381012 -8.10106080770493 -8.15097489953041 -8.17893040180206 -8.12101119756699 -8.10896682739258 -8.06258580088615 -8.03552633523941 -8.03021648526192 -8.0031963288784
-9999 -9999 -9999 -9999 -9999 -9999 -9999 -9999 -9999 -9999 -9999 -9999 -9999 -9999 -9999 -9999 -9999 -9999 -9999 -9999 -9999 -9999 -9999 -9999 -9999 -9999 -9999 -9999 -9999 -9999 -9999 -9999 -9999 -9999 -9999 -7.99716249108315 -8.09253013134003 -8.1430316567421 -8.14228329062462 -8.1224929690361 -8.14091110229492 -8.13878759741783 -8.1192472577095 -8.08483222126961 -8.04007783532143 -7.99846506118774 -7.94700115919113 -7.92045205831528
-9999 -9999 -9999 -9999 -9999 -9999 -9999 -9999 -9999 -9999 -9999 -9999 -9999 -9999 -9999 -9999 -9999 -9999 -9999 -6.14750003814697 -6.75232595205307 -6.83999834954739 -9999 -9999 -9999 -9999 -9999 -9999 -9999 -9999 -7.30474564433098 -7.38686245679855 -7.58284416794777 -7.68126639723778 -7.77692800760269 -7.94047623872757 -8.03111651539803 -8.07645544409752 -8.10216954350471 -8.09313330054283 -8.08568045496941 -8.09326961636543 -8.0782390832901 -8.03890344500542 -7.99673622846603 -7.94765368103981 -7.95155039429665 -7.90639999508858
-9999 -9999 -9999 -9999 -9999 -9999 -9999 -9999 -9999 -9999 -9999 -9999 -9999 -9999 -9999 -9999 -9999 -9999 -9999 -6.35822486877441 -6.77364639937878 -6.87666836380959 -6.9734011143446 -7.03835327923298 -7.07396322488785 -9999 -9999 -6.94756007194519 -7.1556341946125 -7.36389929056168 -7.3887911438942 -7.48008820414543 -7.57972720265388 -7.68642342090607 -7.76984989643097 -7.84440159797668 -7.86128652095795 -7.88808783888817 -7.93118086457253 -7.96485736966133 -7.9755337536335 -7.98504421114922 -7.94872838258743 -7.91874587535858 -7.90764498710632 -7.91150933504105 -7.90497744083405 -7.88968107104301
-9999 -9999 -9999 -9999 -9999 -9999 -9999 -9999 -9999 -9999 -9999 -9999 -9999 -9999 -9999 -9999 -9999 -6.48529067635536 -6.6290494799614 -6.73739157617092 -6.83519260585308 -6.95135903358459 -6.99402590095997 -7.02755424380302 -7.08405977487564 -7.10104474425316 -7.08245173096657 -7.1246286034584 -7.23675899207592 -7.32821829617023 -7.42184689640999 -7.50801679491997 -7.56623357534409 -7.67353913187981 -7.77134481072426 -7.81673383712769 -7.83695596456528 -7.87505313754082 -7.88794216513634 -7.87941440939903 -7.862977206707 -7.88459748029709 -7.93088439106941 -7.93742123246193 -7.93308728933334 -7.93304541707039 -7.88667058944702 -7.83196225762367
-9999 -9999 -9999 -9999 -9999 -9999 -9999 -9999 -9999 -9999 -9999 -9999 -9999 -9999 -9999 -9999 -6.20778192579746 -6.44154067337513 -6.63578973710537 -6.75759969651699 -6.87358592450619 -6.95600816607475 -7.01209685206413 -7.06572739779949 -7.10248263180256 -7.13306894898415 -7.17781315743923 -7.22970741987228 -7.28183777630329 -7.32900992035866 -7.41480712592602 -7.46027082204819 -7.4847617149353 -7.57569912075996 -7.6752555668354 -7.71939533948898 -7.72803527116776 -7.76434180140495 -7.79081466794014 -7.79353764653206 -7.7739275097847 -7.80881720781326 -7.84529024362564 -7.8678332567215 -7.88193795084953 -7.92981788516045 -7.91403067111969 -7.84291043877602
-9999 -9999 -9999 -9999 -9999 -9999 -9999 -9999 -9999 -9999 -9999 -9999 -9999 -9999 -9999 -6.06319005787373 -6.27793556451797 -6.51124565303326 -6.67033745348454 -6.76218308508396 -6.8555564135313 -6.91416966915131 -6.99728290736675 -7.11689586937428 -7.12375907599926 -7.18560834228992 -7.19626475870609 -7.22707791626453 -7.24162831902504 -7.31249141693115 -7.42427127063274 -7.48255136609077 -7.51218739151955 -7.5536797940731 -7.62225568294525 -7.66233161091805 -7.69174090027809 -7.74690014123917 -7.78939259052277 -7.77521857619286 -7.7678779065609 -7.77161645889282 -7.79602220654488 -7.80526623129845 -7.83945539593697 -7.8812563419342 -7.89205741882324 -7.85719162225723
-9999 -9999 -9999 -9999 -9999 -9999 -9999 -9999 -9999 -9999 -9999 -9999 -9999 -9999 -9999 -6.07186283171177 -6.3929091989994 -6.50807769596577 -6.58764433860779 -6.69267925620079 -6.84519286453724 -6.94812294840813 -6.98205271363258 -7.09131626784801 -7.10841265320778 -7.1727594435215 -7.19310602545738 -7.21528588235378 -7.2321325391531 -7.30197900533676 -7.36799219250679 -7.44083878397942 -7.49547809362411 -7.56141036748886 -7.62959212064743 -7.64819088578224 -7.67153957486153 -7.68655472993851 -7.70548671483994 -7.70892843604088 -7.72072184085846 -7.73258066177368 -7.75356850028038 -7.77688959240913 -7.83018335700035 -7.8244491815567 -7.82271495461464 -7.80631440877914
-9999 -9999 -9999 -9999 -9999 -9999 -9999 -9999 -9999 -9999 -9999 -9999 -9999 -9999 -9999 -6.01847995817661 -6.41631691157818 -6.50375458598137 -6.52274213731289 -6.59027737379074 -6.74602700769901 -6.89078530669212 -6.94293621182442 -7.00967043638229 -7.04723808169365 -7.09072214365005 -7.09770669043064 -7.14102414250374 -7.18609176576138 -7.26532569527626 -7.3311433494091 -7.39337791502476 -7.48159892857075 -7.55139020085335 -7.5646815598011 -7.56755617260933 -7.6031878888607 -7.63800317049026 -7.63678908348083 -7.65612745285034 -7.66479957103729 -7.68613782525063 -7.72980985045433 -7.7571482360363 -7.75945484638214 -7.7697294652462 -7.78833746910095 -7.75761216878891
-9999 -9999 -9999 -9999 -9999 -9999 -9999 -9999 -9999 -9999 -9999 -9999 -9999 -9999 -6.38284102082253 -6.28803043067455 -6.43821211159229 -6.56339398026466 -6.59824240207672 -6.6226742118597 -6.73415920138359 -6.88319772481918 -6.92890296876431 -6.95585826039314 -6.99156329035759 -7.04735212028027 -7.09155727922916 -7.13751235604286 -7.19430096447468 -7.26950621604919 -7.3350248336792 -7.36984147131443 -7.41585582494736 -7.46452587842941 -7.48486259579659 -7.50028258562088 -7.52374398708344 -7.56927183270454 -7.58662760257721 -7.62498354911804 -7.6403394639492 -7.69602856040001 -7.69538453221321 -7.70440703630447 -7.68839332461357 -7.67867654561996 -7.70107626914978 -7.66635492444038
-9999 -9999 -9999 -9999 -9999 -9999 -9999 -9999 -9999 -9999 -5.74499052762985 -5.72774814069271 -5.89849264919758 -6.1807017326355 -6.35818938910961 -6.44295294582844 -6.51661463081837 -6.58627596497536 -6.63818733394146 -6.65051534771919 -6.72635085880756 -6.83344359695911 -6.87978631258011 -6.8985458612442 -6.91238874197006 -6.97298429906368 -7.08601765334606 -7.16074897348881 -7.21014693379402 -7.25021129846573 -7.29194301366806 -7.32200771570206 -7.33955991268158 -7.38626664876938 -7.43797323107719 -7.45467948913574 -7.47571958601475 -7.50342625379562 -7.54946637153625 -7.58617272973061 -7.63254588842392 -7.66225266456604 -7.64329248666763 -7.61133232712746 -7.60499826073647 -7.58299894630909 -7.56395064294338 -7.55394454300404
-9999 -9999 -9999 -9999 -9999 -9999 -9999 -9999 -9999 -5.88586266338825 -5.96589936316013 -6.05781139433384 -6.01548729836941 -6.23065300285816 -6.35731793940067 -6.44090291857719 -6.50304499268532 -6.53052018582821 -6.58666484057903 -6.61527322232723 -6.64787569642067 -6.71460618078709 -6.78013795614243 -6.84501807391644 -6.85389640927315 -6.91690137982368 -7.01090602576733 -7.10624426603317 -7.14958211779594 -7.17692038416862 -7.21092499792576 -7.23159669339657 -7.28729422390461 -7.33101817965508 -7.37740887701511 -7.39579945802689 -7.41719008982182 -7.4502472281456 -7.48330448567867 -7.52202859520912 -7.55808600783348 -7.55414320528507 -7.55653387308121 -7.57525779306889 -7.55303277075291 -7.53090812265873 -7.52824200689793 -7.57015906274319
-9999 -9999 -9999 -9999 -9999 -9999 -9999 -9999 -9999 -5.98130296170712 -6.02527792751789 -6.1055351793766 -6.21467439830303 -6.27248525619507 -6.36293369531631 -6.45900411903858 -6.47774074971676 -6.48247762024403 -6.55621449649334 -6.59428440034389 -6.63045845925808 -6.69207018613815 -6.73368145525455 -6.82495976984501 -6.89790496230125 -6.99651639163494 -7.0667946189642 -7.10073927044868 -7.12135097384453 -7.14329564571381 -7.16457408666611 -7.20085220038891 -7.26636202633381 -7.31043682992458 -7.33651141822338 -7.3529194444418 -7.38132713735104 -7.40773528814316 -7.42714329063892 -7.44021810591221 -7.4589592218399 -7.46236726641655 -7.49281086027622 -7.51776659488678 -7.54143573343754 -7.55365110933781 -7.5467831492424 -7.57879030704498
-9999 -9999 -9999 -9999 -9999 -5.28280852735043 -5.82839211821556 -5.87402617931366 -5.91590720415115 -5.97087356448174 -6.06214267015457 -6.14134842157364 -6.2582773566246 -6.28310872614384 -6.34744019806385 -6.46677200496197 -6.51543688774109 -6.52976839244366 -6.56176668405533 -6.56809823215008 -6.61870646476746 -6.69892460107803 -6.73814269900322 -6.79169453680515 -6.88324639201164 -7.02346463501453 -7.0706829726696 -7.07856795191765 -7.0837861597538 -7.08333785831928 -7.12888950109482 -7.19877469539642 -7.26376308500767 -7.31852166354656 -7.35361371934414 -7.35837233066559 -7.38146440684795 -7.42022307217121 -7.43998177349567 -7.44974042475224 -7.45266960561275 -7.44951348006725 -7.45927414298058 -7.45232625305653 -7.48208846151829 -7.53285251557827 -7.52511614561081 -7.5168381780386
-9999 -9999 -9999 -9999 -5.44062383472919 -9999 -2.92771369218826 -5.91141594946384 -5.97183348238468 -6.02498155832291 -6.0829079002142 -6.1415006518364 -6.24609380960464 -6.2993536144495 -6.33794675767422 -6.44787321984768 -6.5317991822958 -6.56505919992924 -6.58031906187534 -6.62657848000526 -6.66628743708134 -6.6904459297657 -6.7379375398159 -6.82476276159286 -6.90558770298958 -6.993413195014 -7.02623829245567 -7.04739643633366 -7.04488825798035 -7.04471330344677 -7.07753837108612 -7.17003035545349 -7.25683064758778 -7.29027342796326 -7.33971610665321 -7.37682548165321 -7.39326825737953 -7.38037765026093 -7.36982035636902 -7.47359630465508 -7.47431495785713 -7.4617136567831 -7.44223710894585 -7.41967745125294 -7.44274124503136 -7.46513669192791 -7.4987405538559 -7.46159428358078
-9999 -5.59048250317574 -5.55375625193119 -5.54527088999748 -5.52613716572523 -2.90296153444797 -9999 -9999 -6.01873177289963 -6.10629157721996 -6.17210441827774 -6.17655612528324 -6.2000774294138 -6.2985984236002 -6.36478626728058 -6.40030756592751 -6.44582884013653 -6.51534986495972 -6.60320454835892 -6.68705886602402 -6.70786872506142 -6.71563367545605 -6.74473245441914 -6.81883086264133 -6.88159617781639 -6.97069446742535 -7.01545974612236 -7.01989164948463 -7.04999017715454 -7.07908862829208 -7.12652070820332 -7.2136192470789 -7.281898483634 -7.2986918836832 -7.31715208292007 -7.36727860569954 -7.38540524244308 -7.31653207540512 -7.33865885436535 -7.44913211464882 -7.43108542263508 -7.42599704861641 -7.39986701309681 -7.39207024872303 -7.39472705125809 -7.39750449359417 -7.40074016153812 -7.43993234634399
-5.49365770071745 -5.54607003927231 -5.61138659715652 -5.62673373520374 -5.54828257858753 -2.87553798407316 -9999 -5.90144637227058 -9999 -9999 -6.17966204881668 -6.22295992076397 -6.24072723090649 -6.28517653048038 -6.39195948839188 -6.47007524967194 -6.4815246462822 -6.45464058220387 -6.4990898668766 -6.61453905701637 -6.67344976961613 -6.73815514147282 -6.77819381654263 -6.83889925479889 -6.86927117407322 -6.93130967020988 -6.97501489520073 -6.99938699603081 -7.04175892472267 -7.07779756188393 -7.14750277996063 -7.17687490582466 -7.23729968070984 -7.27377691864967 -7.28392104804516 -7.30639857053757 -7.3435425311327 -7.35868667066097 -7.37584003806114 -7.40943093597889 -7.40489754080772 -7.3963637650013 -7.39003857970238 -7.3784211575985 -7.38200479745865 -7.36741383373737 -7.36748957633972 -7.36501316726208
-5.4612640440464 -5.59602037072182 -5.64827641844749 -5.66570648550987 -5.72268879413605 -5.75410011410713 -5.81206251680851 -5.88917702436447 -5.97358962893486 -6.00372619926929 -6.18538439273834 -6.2357389330864 -6.28437732160091 -6.32175473868847 -6.40446557104588 -6.44950966536999 -6.44955377280712 -6.46226461231709 -6.53797540068626 -6.60768613219261 -6.727364346385 -6.80534303188324 -6.81065520644188 -6.84796719253063 -6.90694585442543 -6.92725801467896 -6.96790342032909 -7.00921572744846 -7.05819429457188 -7.0845063328743 -7.10348497331142 -7.13566747307777 -7.17079178988934 -7.22464606165886 -7.22050040960312 -7.20351831614971 -7.21901303529739 -7.21327160298824 -7.19404281675816 -7.21485529839993 -7.24529299139977 -7.27068911492825 -7.27270999550819 -7.29773077368736 -7.32607401907444 -7.36307357251644 -7.36669769883156 -7.31378018856049
