data/train_2003/bio13_avg_2003-2018.asc
NCOLS 664 
NROWS 380 
XLLCORNER 3.91666666666667 
YLLCORNER 55.3333333333333 
CELLSIZE 0.0416666666666666 
NODATA_value -9999 
[rows 176 to 197 of 380, columns 441 to 489 of 664]
-9999 -9999 -9999 -9999 -9999 -9999 -9999 77.3998351097107 77.1281018257141 77.6773762702942 78.6867139339447 79.1802794933319 79.7677648067474 79.9245963096619 79.6152641773224 80.3303463459015 80.8357071876526 81.9405918121338 82.1065204143524 82.7959718704224 83.2844591140747 83.5865650177002 83.6374001502991 83.1193583011627 83.3647887706757 83.7045772075653 83.8725137710571 83.8148863315582 84.105934381485 84.0462238788605 83.6519536972046 83.4086744785309 84.3088641166687 84.7680382728577 85.3549523353577 85.3548274040222 85.5797626972198 85.9417188167572 86.42218708992 86.8516616821289 86.8944823741913 87.3230261802673 87.6863405704498 87.5547552108765 87.3500983715057 87.8503355979919 89.0973601341248 89.0970306396484 89.5080466270447
-9999 -9999 -9999 -9999 -9999 -9999 76.6892261505127 77.1261649131775 78.0452954769135 78.1447687149048 78.7829740047455 79.2759115695953 79.0493569374084 79.4979479312897 79.8312954902649 80.7417044639587 81.673508644104 82.3562591075897 83.0586802959442 83.4496562480927 83.6124231815338 83.8957097530365 83.7474439144135 84.2295289039612 84.2473251819611 84.3120822906494 83.9960458278656 84.4048686027527 84.5274424552917 85.1986665725708 84.6904294490814 84.5124604701996 84.7780928611755 85.0861511230469 85.9124329090118 85.8984799385071 86.7612452507019 86.9292719364166 87.0403816699982 87.3811542987823 88.2553353309631 88.7365064620972 88.3606576919556 88.8985161781311 89.0156652927399 88.9215037822723 88.9675400257111 89.2304208278656 89.5292983055115
-9999 -9999 -9999 -9999 -9999 -9999 78.0368709564209 77.9607181549072 77.8053781986237 79.1433486938477 79.6993758678436 79.7309532165527 80.219048500061 79.983907699585 81.075466632843 81.3065981864929 81.4654319286346 82.605979681015 83.1977188587189 83.8347086906433 83.9970090389252 84.0649220943451 84.5023138523102 84.6540257930756 84.5181148052216 84.3975050449371 84.4078631401062 83.9482398033142 84.7626597881317 85.0275466442108 85.4980471134186 84.9456107616425 85.8938529491425 85.4392924308777 85.9031219482422 86.8122932910919 87.1161978244781 87.5980234146118 87.7133951187134 87.7147192955017 88.5369756221771 89.3873040676117 89.3808934688568 89.5736439228058 90.2479019165039 90.4840335845947 90.2342896461487 89.8820738792419 89.7840895652771
-9999 -9999 -9999 -9999 -9999 -9999 78.4926965236664 79.1904947757721 79.4852321147919 80.2425634860992 81.0484118461609 80.1419098377228 80.5857002735138 81.3759636878967 81.8157823085785 82.0561249256134 82.6744527816772 83.2764849662781 84.1682195663452 84.5816173553467 84.7775475978851 84.4400043487549 84.8367304801941 84.7902600765228 84.5330293178558 84.8470687866211 84.9706115722656 85.0678663253784 85.0824682712555 84.4524941444397 85.1070466041565 85.9467685222626 85.649050951004 86.2718772888184 86.2478544712067 86.9946570396423 86.7182428836823 87.8034720420837 87.968535900116 88.5032649040222 89.17760014534 89.9329466819763 89.9247851371765 90.2787058353424 90.4765605926514 90.7543122768402 90.4673571586609 90.4846379756927 90.1455678939819
-9999 -9999 -9999 -9999 -9999 79.0177917480469 79.0695457458496 79.6542353630066 79.9978618621826 80.8761203289032 81.0714302062988 81.4898054599762 81.2709374427795 82.2710478305817 83.2758762836456 83.145473241806 83.6631042957306 83.8138446807861 84.523824930191 84.1506397724152 84.7487151622772 85.2390298843384 85.4755277633667 85.5116567611694 85.6136033535004 85.8503651618958 85.6626682281494 85.5977618694305 85.4085464477539 85.1976981163025 85.4323508739471 85.4681758880615 86.117445230484 86.6072351932526 86.9256191253662 87.2244546413422 86.9450926780701 88.0566291809082 88.5942487716675 89.370626449585 89.9221241474152 89.9533412456512 90.2983741760254 90.4184472560883 90.1709735393524 91.2511954307556 91.7737262248993 91.4383454322815 91.7270767688751
-9999 78.9253177642822 77.9606828689575 78.300154209137 79.5733823776245 79.6222651004791 80.5512239933014 81.1341738700867 81.1997375488281 82.3002018928528 82.220685005188 81.8359870910645 82.4950082302094 82.5548467636108 82.9842638969421 83.4757776260376 83.9058840274811 83.9431138038635 84.4618337154388 85.3804924488068 85.0726916790009 85.6291046142578 86.6487236022949 86.108252286911 85.7734410762787 86.3017160892487 86.3033294677734 85.8565711975098 85.4904108047485 86.0825216770172 86.083756685257 86.2987985610962 86.3257939815521 86.6954944133759 87.2520515918732 87.5828444957733 87.8502457141876 88.0467276573181 88.8417496681213 90.0565526485443 90.8633351325989 90.8990623950958 91.13498878479 91.4499843120575 91.7840387821198 91.6216821670532 91.3764207363129 91.4568736553192 91.499443769455
78.1893982887268 78.6839640140533 78.813282251358 79.496830701828 79.8340156078339 80.7617104053497 81.1557953357697 81.736492395401 82.4082539081573 83.1284399032593 82.8217952251434 83.2967619895935 83.7622931003571 83.7005453109741 83.5147395133972 83.9426348209381 85.1103096008301 85.1752505302429 85.5724673271179 86.7380292415619 86.6629059314728 86.9173817634583 87.0288314819336 86.7908601760864 87.3543920516968 86.9618954658508 86.6451122760773 86.5900008678436 86.7189955711365 86.8459625244141 86.8012645244598 86.7893598079681 86.7884955406189 87.6677620410919 87.9633677005768 88.8904805183411 89.3869726657867 90.0216572284698 90.2263734340668 90.7472884654999 91.2373898029327 91.3968970775604 92.1901385784149 91.9435572624207 92.2696576118469 91.8851113319397 91.859263420105 92.0497055053711 91.6268928050995
79.3122446537018 79.2649576663971 79.3069002628326 80.1806697845459 81.1914300918579 81.5259354114532 82.5965673923492 82.6415431499481 82.9790222644806 83.6416943073273 83.8568041324615 84.0909018516541 84.0998647212982 84.4388902187347 85.092143535614 85.0810542106628 85.3666164875031 86.0954115390778 86.4849259853363 87.0829112529755 87.2883386611938 87.2217485904694 87.5945987701416 87.7702655792236 87.152845621109 87.0114769935608 87.0122084617615 86.6459403038025 86.9481055736542 87.2561326026917 87.8317885398865 87.8288700580597 88.3002831935883 88.6171507835388 88.6594910621643 89.5667762756348 89.5903127193451 90.5284390449524 90.8838589191437 91.6880774497986 91.2348825931549 91.5846359729767 92.5814957618713 92.305561542511 92.7827727794647 92.7760572433472 92.2198729515076 92.1261320114136 92.2856464385986
80.0909402370453 80.3313584327698 80.7529709339142 80.7906498908997 81.6575169563293 82.1320879459381 83.1817424297333 84.1092483997345 84.2627980709076 84.4657878875732 84.4263610839844 84.5005941390991 84.5976524353027 84.828558921814 85.3331875801086 85.3684988021851 85.8555631637573 86.2698569297791 86.5610797405243 87.6263678073883 88.0395863056183 88.5850534439087 88.2649023532867 88.3755917549133 88.2694978713989 87.9930667877197 87.7537677288055 87.0655443668365 88.1243491172791 88.4369995594025 88.5142459869385 88.1858522891998 88.8235301971436 89.1426060199738 89.6443989276886 90.2684094905853 90.4157173633575 90.9079418182373 91.6975438594818 91.765319108963 92.5397932529449 92.8785436153412 92.5873732566833 92.9254620075226 92.9388086795807 92.8332712650299 93.1551048755646 92.7830104827881 92.8191051483154
79.8941645622253 80.2206809520721 80.899099111557 81.4716942310333 82.2414011955261 82.9053769111633 83.9891135692596 84.7781324386597 85.3518245220184 85.0822138786316 85.1458377838135 85.4685821533203 84.6359765529633 85.126074552536 85.6139047145844 85.9462327957153 86.7846369743347 87.1453280448914 87.097638130188 88.2435765266418 88.1494569778442 88.1828036308289 88.9035077095032 88.5636031627655 88.4145121574402 88.7890996932983 89.0433959960938 88.8946075439453 88.792950630188 88.8236577510834 88.9596273899078 88.7144639492035 89.1750285625458 90.2379853725433 90.7584688663483 90.7938692569733 90.9205791950226 91.2995245456696 91.7785062789917 92.4080002307892 92.7321348190308 92.7590622901917 92.7859883308411 93.278067111969 93.3188743591309 93.6400051116943 93.6806392669678 93.7135543823242 93.7526478767395
80.4276361465454 81.1040334701538 81.4280917644501 81.7523813247681 82.3848373889923 83.4685263633728 84.0872409343719 85.318657875061 86.13236951828 86.235080242157 85.8755815029144 85.4487550258636 85.445121049881 85.7524600028992 86.2922828197479 87.128077507019 87.1595461368561 87.3097667694092 87.641482591629 88.7868618965149 88.5999779701233 88.4937026500702 89.0568978786469 89.2210235595703 89.4156768321991 89.251811504364 89.0969223976135 89.1798551082611 88.8058569431305 89.3331472873688 89.6267178058624 89.7250912189484 90.1690917015076 89.5925784111023 90.8303744792938 90.9800629615784 91.6066324710846 91.209716796875 91.70210313797 92.0621013641357 92.564074754715 94.1244475841522 94.1643633842468 94.744918346405 94.3018579483032 93.9655654430389 94.4999568462372 94.828510761261 94.8590831756592
-9999 80.9563148021698 81.2769711017609 82.5251927375793 82.5544772148132 83.6771447658539 85.1153025627136 85.7690682411194 85.8683938980103 86.0618171691895 86.2680315971375 86.2642421722412 86.6777918338776 86.7820942401886 87.790965795517 87.5923948287964 87.4922864437103 87.77108335495 87.590904712677 88.3492255210876 89.5221447944641 89.9556937217712 89.8962893486023 89.8289630413055 89.5465791225433 89.8716006278992 90.6468167304993 90.0422766208649 90.1893639564514 89.5181365013123 90.138828754425 90.3756248950958 91.1948962211609 90.9361937046051 91.5374157428741 91.7418870925903 92.2413365840912 91.5609340667725 91.9419300556183 93.0115818977356 93.3464193344116 94.0423321723938 94.4530851840973 94.9050035476685 95.2371146678925 95.0310363769531 95.3141143321991 95.6755938529968 95.5497612953186
81.6449289321899 81.9618806838989 81.6065037250519 82.355907201767 83.2964766025543 84.4820871353149 85.3186266422272 85.8780746459961 86.3260550498962 86.9960033893585 86.6983225345612 86.8090825080872 86.9694499969482 87.0549569129944 86.9642667770386 87.8394958972931 87.2967729568481 87.3630561828613 88.1488184928894 88.507345199585 89.1603119373322 89.5924572944641 90.6424024105072 89.758457660675 90.8946406841278 90.4333927631378 90.6645774841309 90.2854721546173 90.4798805713654 90.3954281806946 90.3032290935516 90.7506544589996 91.1116256713867 91.5216302871704 92.4150989055634 92.6965389251709 91.9129948616028 92.3130490779877 92.9735119342804 93.2551827430725 93.7874460220337 94.5296711921692 94.4074048995972 94.8280212879181 95.1103765964508 95.5141875743866 96.0478737354279 95.0874936580658 95.3021352291107
83.1768860816956 83.1651704311371 83.0318424701691 83.1659345626831 84.4527883529663 85.5804882049561 86.0281338691711 86.4207010269165 86.7686862945557 86.5248112678528 86.89595246315 86.9243144989014 86.2808794975281 86.6747527122498 86.9426493644714 87.4316990375519 87.5032494068146 88.0303549766541 88.2239067554474 88.7070634365082 89.4120442867279 89.8715374469757 90.1024434566498 90.1005170345306 90.0335330963135 90.9230425357819 90.493983745575 90.4751560688019 90.6225576400757 90.9672255516052 91.1649494171143 91.0473518371582 91.6456711292267 92.3421266078949 92.708859205246 92.2057266235352 92.3692061901093 92.4877986907959 92.7204492092133 93.9601490497589 95.2342209815979 95.1969184875488 95.2699639797211 95.5523693561554 96.0853996276855 96.1212043762207 96.1570098400116 96.2382426261902 96.6402821540833
83.756293296814 83.7469489574432 83.8533673286438 84.3062264919281 85.0455162525177 85.3555798530579 85.5041043758392 86.2668433189392 86.7146089076996 86.4147992134094 86.508043050766 86.391126871109 86.5588736534119 86.9564015865326 87.4885039329529 87.3238332271576 88.1395938396454 88.548716545105 88.7307784557343 89.2942523956299 89.388210773468 89.5217516422272 89.5357995033264 89.6013495922089 90.3760254383087 90.9358024597168 91.2482559680939 91.3972113132477 91.0848035812378 91.1089420318604 90.4867849349976 90.932865858078 91.04039478302 91.821088552475 92.1900219917297 92.3915610313416 92.4230895042419 93.6927478313446 94.6809825897217 94.8338513374329 95.2895135879517 95.7364318370819 95.7691290378571 95.8853452205658 96.3329973220825 96.3660292625427 96.6921472549438 96.6881551742554 96.7951378822327
85.2731878757477 85.8073308467865 84.8717951774597 85.0581941604614 85.1771368980408 85.5658330917358 86.426295042038 86.4391467571259 87.4578113555908 86.9811239242554 87.0254468917847 86.6884105205536 87.096756696701 87.1059567928314 87.5461699962616 87.7739050388336 87.5841760635376 88.3525068759918 88.754435300827 88.9190144538879 89.2538781166077 89.6772382259369 89.5506229400635 89.9445288181305 90.436220407486 91.3268268108368 91.2275457382202 90.927460193634 91.4004085063934 90.6650261878967 89.920768737793 90.6476874351501 90.9686443805695 90.5139677524567 90.8773121833801 91.5219788551331 92.210675239563 93.3609929084778 94.4288773536682 95.2035446166992 95.2760152816772 95.4697790145874 95.9117546081543 96.7317180633545 96.7508969306946 97.9048781394958 98.311999797821 98.506959438324 97.9069600105286
86.7618100643158 86.77858710289 86.6473302841187 86.3275394439697 85.6382937431335 86.4675705432892 86.4726209640503 87.3748497962952 87.7782583236694 87.1075086593628 87.2024173736572 87.2517130374908 87.4274027347565 87.0935444831848 87.0863049030304 87.8588664531708 87.5392036437988 86.6114122867584 87.1697916984558 88.1536314487457 88.1578736305237 89.0627088546753 89.3631446361542 89.6954295635223 90.192932844162 90.808581829071 91.2925090789795 91.5373089313507 91.6592042446136 90.8695592880249 90.0137233734131 90.0148034095764 90.382120847702 90.7505707740784 90.9027934074402 91.8102648258209 92.0594055652618 93.4723374843597 94.786116361618 94.8096032142639 96.0797338485718 96.6454668045044 97.2026362419128 97.6061367988586 98.08860206604 98.827000617981 98.8071222305298 98.8318057060242 99.3996467590332
86.9259223937988 86.6709661483765 87.0368225574493 86.9207363128662 86.3820178508759 87.0790383815765 86.4063692092896 86.849848985672 86.909863948822 87.1148388385773 87.5347604751587 86.9332551956177 86.437047958374 86.2965657711029 86.3749182224274 86.5072515010834 86.3744342327118 85.7924420833588 86.5605599880219 87.6107831001282 88.1505434513092 88.80997133255 89.8060851097107 90.232620716095 90.7074868679047 90.999743938446 91.281327009201 91.0136528015137 91.9601695537567 91.6995162963867 91.0265727043152 90.4305417537689 91.1669318675995 91.0854616165161 91.429239988327 92.2077946662903 94.1549353599548 94.5106248855591 94.5589463710785 95.8703145980835 96.7264828681946 96.876766204834 97.9710063934326 98.2732219696045 99.3793601989746 99.1498484611511 99.3008251190186 99.5377221107483 99.6358561515808
86.551659822464 87.1343078613281 86.5132384300232 86.9557454586029 87.3205480575562 86.6455535888672 86.758969783783 87.123530626297 87.6237733364105 87.6389918327332 87.3681795597076 86.7774164676666 86.4093594551086 86.4046795368195 87.1038348674774 86.4823372364044 86.5894422531128 86.392246723175 87.3677906990051 88.0309836864471 88.7351498603821 88.6379671096802 88.8436124324799 89.4625427722931 89.192370891571 90.4289999008179 90.6965527534485 91.4408490657806 91.1790919303894 91.816258430481 92.1942610740662 91.5957093238831 91.6041831970215 92.7479379177094 94.1912541389465 94.6185710430145 94.3458466529846 95.4048380851746 95.1269240379333 95.5655016899109 96.3613576889038 97.2591276168823 98.6431331634521 98.2469191551208 99.3370623588562 99.4839835166931 100.913241863251 100.691152095795 100.697452068329
87.5155906677246 87.746773481369 87.1255867481232 87.4894034862518 86.8116822242737 87.2528262138367 87.4184494018555 87.7524492740631 87.7843701839447 87.7989408969879 87.5921576023102 87.4263021945953 86.9856572151184 87.089813709259 87.0728652477264 86.7370800971985 86.4988374710083 87.5887715816498 88.7700839042664 88.5807983875275 88.5635459423065 88.9507963657379 89.048668384552 89.8705246448517 90.0623271465302 90.6565926074982 90.9784212112427 91.3320126533508 91.6712820529938 92.2909421920776 92.8222389221191 92.3991644382477 92.5918538570404 93.0052495002747 94.4490079879761 95.0876040458679 95.0978221893311 94.9775114059448 95.2382583618164 96.4256544113159 96.8045535087585 98.1821060180664 98.443489074707 98.7049717903137 99.8497400283813 100.983149051666 100.99419927597 101.257394313812 100.900552749634
87.6641674041748 88.1602921485901 87.9361634254456 87.7101118564606 87.4957048892975 87.419629573822 87.324893951416 87.8208899497986 88.0341553688049 88.4343695640564 88.5599646568298 88.3897712230682 88.2210748195648 87.7011346817017 87.2713534832001 87.4588828086853 87.7004950046539 88.2305541038513 88.5998141765594 89.0622339248657 90.0958108901978 89.1374678611755 89.7677071094513 89.6787755489349 89.6798269748688 90.4698576927185 91.2048861980438 92.4686548709869 92.8428664207458 93.3992500305176 94.0216584205627 93.5986695289612 94.7909140586853 94.5292754173279 94.6500191688538 95.4231810569763 95.9982857704163 96.0042834281921 96.0102820396423 96.3092675209045 96.9090094566345 97.6188716888428 97.8761210441589 98.7685031890869 100.057539463043 101.241898536682 101.256307601929 101.12439250946 101.133739471436
89.3497123718262 89.0021297931671 88.5896639823914 88.6037850379944 88.2824835777283 88.6442103385925 88.0928561687469 87.8245871067047 88.6631834506989 89.058278799057 89.0685625076294 88.8541555404663 88.6042168140411 88.6554770469666 88.6297676563263 89.3152215480804 88.7868828773499 89.0559606552124 89.2287335395813 89.4679725170135 90.1482634544373 90.6249361038208 90.5652663707733 90.5784387588501 91.1664280891418 91.516318321228 91.8301267623901 92.9433174133301 93.3847036361694 93.7545943260193 94.517195224762 95.22309923172 95.6230688095093 96.0726013183594 96.11869764328 96.2102470397949 96.9919619560242 97.645788192749 98.2678923606873 97.9249377250671 98.2458519935608 98.5518569946289 99.2297477722168 98.8749847412109 99.5788741111755 101.42218542099 101.523704051971 102.597570896149 102.262389659882
