data/train_2003/bio12_avg_2003-2018.asc
NCOLS 664 
NROWS 380 
XLLCORNER 3.91666666666667 
YLLCORNER 55.3333333333333 
CELLSIZE 0.0416666666666666 
NODATA_value -9999 
[rows 132 to 153 of 380, columns 196 to 244 of 664]
-9999 1591.91973876953 1584.37480163574 -9999 -9999 1650.35829925537 1620.80735015869 1788.5011138916 1855.81176757812 1811.34215545654 1735.30819702148 1665.38440704346 1625.15731048584 1633.00233459473 1648.81078338623 1604.50636291504 1627.93906402588 1653.97330474854 1694.59477233887 1692.84004974365 1692.1602935791 1692.19902038574 1642.2982635498 1569.88621520996 1532.2283782959 1466.69132995605 1536.09649658203 1468.01920318604 1370.09831237793 1426.86434936523 1434.55924987793 1356.32847595215 1324.75339508057 1312.2099609375 1285.97766113281 1245.54052734375 1224.35605239868 1223.09481430054 1210.61991119385 1148.90721511841 1117.31781768799 1087.64616775513 1031.33967208862 993.606998443604 970.857913970947 955.91231918335 935.527275085449 915.215160369873 899.41429901123
-9999 1582.71873474121 1579.75341033936 -9999 -9999 1580.98401641846 1638.19253540039 1777.2141494751 1799.0083694458 1778.31273651123 1692.13915252686 1671.72647094727 1717.19980621338 1751.86287689209 1750.36687469482 1650.24619293213 1567.3152923584 1569.11948394775 1581.36817169189 1595.67372894287 1605.36418914795 1655.67903137207 1621.62910461426 1511.96948242188 1503.03355407715 1450.62875366211 1498.34941864014 1490.74621582031 1364.00165557861 1317.14898681641 1319.53483581543 1286.745262146 1330.24263763428 1315.10097503662 1279.57985687256 1249.31870269775 1205.26566314697 1178.45537185669 1159.03670501709 1128.48695755005 1089.24573516846 1045.25913238525 1018.92441177368 978.209014892578 955.668907165527 939.962249755859 918.442882537842 900.530799865723 886.37540435791
-9999 -9999 -9999 1569.35068511963 1592.09691619873 1582.17478942871 -9999 1718.49538421631 1800.47940826416 1732.24530029297 1609.86571502686 1598.10436248779 1713.54280090332 1757.68316650391 1748.516746521 1622.17790985107 1582.39284515381 1643.49300384521 1685.12092590332 1669.25228118896 1623.71994781494 1593.35057067871 1617.55513763428 1567.73104095459 1525.03368377686 1427.14154052734 1461.46411895752 1511.84036254883 1444.25445556641 1347.09322357178 1276.90935516357 1242.80439376831 1269.62380218506 1274.9714050293 1260.57590103149 1215.28693771362 1158.81381607056 1125.25701904297 1102.19121170044 1071.96989822388 1038.29345321655 1012.51948928833 990.189571380615 982.823467254639 978.462619781494 925.454372406006 902.951747894287 890.023643493652 878.215667724609
1558.21620178223 1558.4038848877 -9999 1570.9556350708 1619.67168426514 1623.1916809082 1592.56285095215 1573.02456665039 1628.16452789307 1622.42936706543 1629.22863006592 1583.95860290527 1657.25152587891 1703.70365142822 1726.04513549805 1645.478515625 1585.29476165771 1654.75443267822 1669.22946166992 1628.36604309082 1602.42577362061 1599.70524597168 1605.63222503662 1525.52408599854 1475.02086639404 1449.9499130249 1408.912940979 1402.20188140869 1420.62803649902 1359.1893081665 1252.83274841309 1211.96423339844 1215.08610916138 1208.51343154907 1172.37604141235 1141.03662109375 1114.27360153198 1098.02608108521 1069.65521621704 1046.80066299438 1032.54077911377 1052.94123077393 1051.28104019165 1062.77909088135 1000.37348556519 911.642646789551 889.34203338623 869.849491119385 855.048728942871
1567.4938659668 1564.58337402344 1559.52561950684 1558.44609832764 1565.30392456055 1560.62267303467 1599.86852264404 1629.15160369873 1554.92003631592 -9999 -9999 1628.35275268555 1590.19127655029 1622.11501312256 1656.86968231201 1599.26313018799 1568.71471405029 1645.98538970947 1608.51591491699 1530.86488342285 1533.40651702881 1577.03821563721 1571.19944763184 1528.84422302246 1499.85023498535 1533.45302581787 1482.84817504883 1383.24885559082 1336.40747833252 1305.96539306641 1253.25148010254 1202.62244033813 1234.83554458618 1229.39594650269 1198.89523696899 1170.14760971069 1132.93095016479 1091.96557998657 1059.87831878662 1049.58284759521 1068.10225296021 1103.07823944092 1165.61880493164 1191.35138320923 1097.97689056396 917.928554534912 875.179916381836 895.782375335693 890.798187255859
1559.77589416504 1560.10164642334 1558.8399810791 1640.73366546631 1686.69806671143 1662.61169433594 1701.81453704834 1633.33767700195 1531.56623077393 1520.90182495117 1541.61627960205 1492.84339904785 1488.51811218262 1567.41677093506 1666.34341430664 1623.44695281982 1527.29800415039 1531.18455505371 1499.8263168335 1542.90042114258 1548.75509643555 1546.09341430664 1534.77827453613 1516.01480102539 1520.68407440186 1529.92544555664 1497.32553100586 1424.52523803711 1426.05527496338 1336.92990112305 1254.52021408081 1186.89624023438 1209.31767654419 1257.81091690063 1270.48818206787 1182.11143493652 1127.8044090271 1094.5047454834 1062.34838867188 1112.71921539307 1149.88396072388 1176.35907745361 1112.08992767334 1038.32651138306 962.838382720947 898.80786895752 892.221790313721 894.696624755859 875.076644897461
1570.23097991943 1564.43139648438 1619.93290710449 1623.60600280762 1592.51197052002 1594.50674438477 1674.5993270874 1686.4104309082 1563.47242736816 1507.59211730957 1495.06568908691 1488.34618377686 1482.38758850098 1490.87431335449 1568.7550201416 1615.00534057617 1560.73009490967 1583.06301116943 1544.96601104736 1560.79243469238 1602.37403869629 1564.11665344238 1521.07286071777 1486.13765716553 1487.44325256348 1473.40960693359 1436.5270614624 1446.53656005859 1407.49857330322 1299.08425140381 1214.71730041504 1206.46648025513 1275.08100128174 1299.23977661133 1275.47953033447 1198.99412918091 1123.88444900513 1076.16959381104 1100.50389099121 1126.13733673096 1167.17679214478 1177.28381729126 1164.39976501465 1050.0386505127 949.173988342285 893.079284667969 891.960021972656 908.716316223145 905.060031890869
-9999 1607.04029846191 1571.95097351074 1574.55162811279 1605.69454956055 1675.63604736328 1612.53575134277 1579.42997741699 1548.28889465332 1525.87196350098 1503.41910552979 1538.26636505127 1527.41487884521 1475.85332489014 1481.63494873047 1511.63874816895 1575.2338104248 1597.40901184082 1566.11748504639 1505.88275146484 1460.37101745605 1426.16734313965 1501.4548034668 1490.73889923096 1452.84391784668 1397.71772766113 1332.00238800049 1293.85902404785 1287.55123138428 1222.64200210571 1183.69131088257 1191.67816162109 1241.25508117676 1268.26313018799 1209.96157836914 1128.87437820435 1092.97029876709 1154.9001083374 1246.99258422852 1244.76572799683 1307.76091766357 1213.53855514526 1106.43962097168 1023.72621917725 965.642246246338 922.891799926758 910.040184020996 910.480869293213 900.111038208008
1588.04895782471 1590.19995117188 1602.6229095459 1572.99932861328 1568.80517578125 1566.21290588379 1602.33708190918 1600.08204650879 1552.30601501465 1553.48818206787 1520.43515777588 1497.91702270508 1502.40293121338 1476.94456481934 1500.2075881958 1508.97113800049 1546.46630096436 1544.95616912842 1475.05384063721 1393.68894958496 1394.59120178223 1410.34845733643 1401.56894683838 1452.72663116455 1437.3606338501 1354.6258392334 1293.50567626953 1268.94885253906 1231.20589447021 1189.31988143921 1173.22089385986 1202.55783843994 1233.02291107178 1182.55327224731 1123.44749832153 1097.05317687988 1133.11771774292 1205.81753921509 1169.97725296021 1168.42045593262 1184.47922897339 1145.39846801758 1141.86949157715 1061.39278030396 1011.69141769409 975.607070922852 1007.51277923584 991.619785308838 1002.79716873169
1590.76116943359 1595.46914672852 1663.42295837402 1621.37664031982 1535.55458068848 1527.36837768555 1590.82574462891 1514.75536346436 1546.04412841797 1637.06993103027 1566.25196838379 1458.1042098999 1435.634765625 1429.9338684082 1468.55806732178 1503.38694763184 1478.8932723999 1423.50773620605 1443.91423034668 1482.93700408936 1491.75296020508 1499.68232727051 1448.27409362793 1406.58934020996 1420.6969909668 1412.21308135986 1364.63584136963 1316.30820465088 1232.25827026367 1182.75526046753 1184.36271286011 1212.91464996338 1171.16114807129 1121.59008026123 1142.24653625488 1213.03131866455 1124.234375 1091.31765365601 1101.38754272461 1158.8035774231 1124.62745285034 1097.03115463257 1078.17907714844 1048.05655288696 1005.17274856567 971.170917510986 937.007453918457 914.530689239502 915.866744995117
1613.09365081787 1599.08212280273 1596.98510742188 1544.03486633301 1523.71241760254 1485.24015045166 1508.78507232666 1545.61393737793 1532.80654907227 1562.80590057373 1571.58735656738 1597.49276733398 1555.56425476074 1470.17834472656 1463.26773071289 1436.00489044189 1377.55258178711 1462.34815979004 1493.50107574463 1502.40856933594 1485.39176177979 1464.99774932861 1426.28064727783 1429.31016540527 1385.50975799561 1325.70538330078 1294.46178436279 1253.47847747803 1225.10857391357 1175.66926193237 1165.83283996582 1157.75350570679 1129.38798904419 1167.54801940918 1251.81161499023 1205.21042633057 1156.72274398804 1202.54640197754 1199.60311889648 1145.41050338745 1219.65770339966 1193.05671310425 1082.37768173218 1020.22194290161 986.183525085449 979.943084716797 971.615230560303 982.797092437744 967.716995239258
1629.93379974365 1649.98012542725 1655.59139251709 1570.97680664062 1533.01113128662 1480.56005859375 1491.94218444824 1587.73348236084 1558.52265167236 1557.64483642578 1600.03787231445 1584.2251663208 1519.43279266357 1470.7518081665 1459.03457641602 1489.7409286499 1427.79096984863 1462.02562713623 1478.90132904053 1476.09415435791 1474.3743057251 1407.80821228027 1377.88916778564 1378.96162414551 1376.32405090332 1350.0347442627 1292.7985534668 1242.82049942017 1202.28413772583 1147.78754425049 1129.97216796875 1126.77369689941 1128.21846008301 1206.04389190674 1164.16510772705 1134.95030212402 1144.19353866577 1157.56108093262 1166.00788879395 1111.04486083984 1113.5240020752 1108.20593261719 1042.20120239258 1013.82779693604 1027.5325050354 1027.34720993042 1038.47834014893 1060.33806228638 1027.19410324097
1675.280128479 1703.27194976807 1665.52561950684 1615.64736175537 1567.84995269775 1488.91663360596 1513.14086151123 1584.00165557861 1577.86668395996 1564.58903503418 1535.49587249756 1439.76843261719 1466.67001342773 1441.61328887939 1478.36154174805 1504.0484085083 1491.90032196045 1490.80290985107 1481.62844848633 1461.86853790283 1425.00575256348 1378.58277130127 1352.25036621094 1350.59822845459 1355.71971893311 1341.83198547363 1238.700756073 1183.49419784546 1160.41651535034 1135.01425170898 1123.13901901245 1111.39239120483 1119.93544769287 1113.87465286255 1125.69665527344 1166.68671035767 1162.47548675537 1106.67318344116 1113.09991836548 1054.33504104614 1029.31008529663 1026.01935958862 1023.62321090698 1030.67189788818 1033.33622741699 1025.99742507935 1021.627784729 1042.58324432373 1014.28608703613
1728.68760681152 1721.43525695801 1654.12218475342 1635.96877288818 1658.3832244873 1526.89543151855 1458.70725250244 1465.23992919922 1443.03452301025 1442.90333557129 1500.92288970947 1508.45658874512 1468.81352233887 1480.69248199463 1515.97325897217 1524.77366638184 1509.16701507568 1467.66320037842 1448.87408447266 1398.56295776367 1365.69623565674 1347.07265472412 1344.47430419922 1344.6237487793 1301.20001220703 1288.909324646 1227.1602897644 1162.52591705322 1139.86761856079 1125.08533477783 1094.13396453857 1102.40195846558 1093.67598724365 1100.78344345093 1144.62211990356 1126.13842773438 1105.59128952026 1054.74164199829 1028.93064880371 1038.1669921875 1032.98149490356 996.997535705566 990.036464691162 1004.60139465332 1028.87491607666 1037.93658065796 1021.19598007202 1026.51625442505 992.727516174316
1714.16403198242 1724.10858917236 1708.64576721191 1665.2110824585 1627.25496673584 1581.71829223633 1544.69292449951 1604.04705810547 1529.8921585083 1427.13117218018 1440.64016723633 1455.02223205566 1492.68881988525 1488.44866943359 1505.16054534912 1522.98966217041 1495.12283325195 1427.03220367432 1382.50130462646 1402.71792602539 1400.00216674805 1384.16734313965 1342.84436798096 1299.47119140625 1237.63899612427 1220.55759429932 1203.0001449585 1173.01522827148 1118.47435379028 1086.56987762451 1087.93223571777 1099.29508590698 1089.623462677 1066.41284942627 1090.13743972778 1075.49282073975 1052.41585159302 1030.17909240723 1012.87924194336 1001.12934875488 995.733150482178 976.080360412598 992.402606964111 1015.31744766235 1015.69609451294 992.87133026123 1003.89358139038 1005.10289764404 972.517570495605
1735.56430053711 1713.50679016113 1662.66181182861 1684.62391662598 1665.65789031982 1615.61274719238 1617.7494430542 1629.51921081543 1570.00408172607 1497.46592712402 1452.10622406006 1448.96256256104 1485.22945404053 1428.16015625 1387.47885131836 1406.57873535156 1395.46754455566 1382.52409362793 1382.03842926025 1412.92478179932 1388.47644805908 1356.18823242188 1366.30856323242 1318.70892333984 1266.49805450439 1196.35241317749 1165.02745819092 1127.35810852051 1093.55796432495 1099.35121917725 1113.75234985352 1180.68672943115 1161.09451293945 1071.78390884399 1020.9592666626 1018.00149917603 1009.99722671509 993.824100494385 986.291168212891 975.181812286377 965.737155914307 962.135967254639 965.966381072998 972.341667175293 977.481700897217 964.298843383789 968.260440826416 966.076137542725 948.717163085938
1739.54515075684 1715.71717834473 1658.63902282715 1666.48217010498 1649.71814727783 1624.97952270508 1621.97096252441 1611.724609375 1568.59991455078 1527.22013092041 1527.65119171143 1542.77629852295 1520.37284088135 1473.33750152588 1442.50878143311 1432.59926605225 1441.72073364258 1421.10084533691 1393.83776092529 1362.81146240234 1358.46739196777 1292.62433624268 1258.06659698486 1279.36588287354 1244.41586685181 1177.93656921387 1125.40732192993 1097.57201766968 1115.12979125977 1136.10241317749 1131.78021621704 1115.38109970093 1136.09575271606 1062.901512146 995.714363098145 987.896263122559 978.310787200928 967.149753570557 958.745414733887 961.603771209717 967.393447875977 967.172679901123 972.685192108154 973.435180664062 976.177677154541 959.902725219727 949.173625946045 945.644813537598 937.157241821289
1738.69795227051 1710.43859100342 1640.05043029785 1609.21869659424 1586.4810256958 1550.64210510254 1530.79223632812 1538.93988800049 1535.6866607666 1548.37019348145 1532.88475036621 1525.39120483398 1521.53718566895 1503.77700042725 1487.93218231201 1468.3638458252 1433.91957855225 1400.20587158203 1380.75518798828 1358.11637878418 1293.00067138672 1256.00341796875 1210.57113265991 1186.40767669678 1155.22717285156 1134.53325653076 1112.05229568481 1105.14517211914 1104.34971237183 1130.98136520386 1133.51419448853 1064.2225227356 1053.3406791687 1014.99837875366 992.681995391846 966.751525878906 970.759708404541 994.64363861084 1009.70023345947 1001.01615905762 1010.42189788818 983.184398651123 978.572883605957 974.84969329834 975.717945098877 963.147888183594 947.495113372803 936.429084777832 931.78205871582
1745.34789276123 1693.88073730469 1670.94010162354 1634.04785919189 1611.28841400146 1579.50561523438 1526.72658538818 1471.1040802002 1469.88562011719 1480.16495513916 1463.29916381836 1468.75586700439 1462.56028747559 1445.12934112549 1450.02188110352 1436.75769805908 1394.68058013916 1344.29491424561 1307.36987304688 1307.87268066406 1288.0403213501 1247.22520446777 1211.28937530518 1159.24761199951 1162.45834732056 1130.51634216309 1106.10609436035 1110.3120765686 1123.42318725586 1141.31004333496 1083.4712677002 1035.10718154907 1018.82541656494 985.186336517334 959.899295806885 944.517864227295 942.00171661377 948.672771453857 969.879528045654 990.846481323242 985.303916931152 972.106021881104 971.075771331787 957.001586914062 952.995349884033 949.640941619873 936.22469329834 925.162406921387 916.306270599365
1716.71849822998 1679.9377822876 1653.8620223999 1620.08899688721 1608.58441925049 1581.2604675293 1537.58206176758 1464.32408905029 1461.73978424072 1494.95632171631 1498.4755859375 1477.66361999512 1464.12139892578 1439.59761047363 1406.08199310303 1398.66677856445 1376.14542388916 1331.00389099121 1287.78345489502 1268.28078079224 1254.96466827393 1220.16149139404 1180.2887802124 1146.40186309814 1125.78215026855 1128.22050857544 1124.93100357056 1122.66205978394 1103.0820350647 1063.64267349243 1034.30145645142 995.866947174072 979.200531005859 942.518226623535 922.307857513428 919.255493164062 952.021480560303 975.300971984863 966.468490600586 948.752868652344 950.825832366943 961.375003814697 940.237506866455 941.375789642334 941.554298400879 932.730438232422 930.445281982422 920.84733581543 905.726943969727
1689.79778289795 1655.21543121338 1618.67296600342 1604.74952697754 1589.92515563965 1568.83310699463 1495.06462860107 1472.50245666504 1480.55655670166 1467.94843292236 1456.88191986084 1450.79537200928 1439.9732131958 1395.63471984863 1383.59197998047 1353.82211303711 1344.58399963379 1323.90705108643 1282.48553085327 1237.0333366394 1206.66777038574 1191.91717910767 1167.76741027832 1131.72666549683 1121.70040130615 1121.44173431396 1121.89517974854 1107.09490585327 1098.19024658203 1052.05555725098 1002.5796585083 982.832195281982 971.2311668396 922.91771697998 896.96662902832 884.429676055908 884.582271575928 906.826847076416 928.410995483398 944.59016418457 988.10062789917 979.669300079346 938.319068908691 933.741413116455 937.115039825439 917.911823272705 908.184104919434 913.743064880371 898.695156097412
1634.95161437988 1615.63247680664 1593.99670410156 1579.46575927734 1536.94976043701 1487.25796508789 1459.99865722656 1458.58131408691 1469.44311523438 1475.11859893799 1473.70108032227 1429.01879882812 1387.05116271973 1347.26064300537 1322.90747070312 1311.26385498047 1299.20648193359 1276.59441375732 1251.41083145142 1217.19112014771 1193.07875823975 1170.81772994995 1153.21602249146 1135.30054473877 1146.37205886841 1175.30391693115 1136.73028945923 1105.01659011841 1083.41739273071 1075.22547149658 976.635074615479 923.57141494751 924.694206237793 961.284599304199 918.072792053223 863.146499633789 849.551303863525 847.797004699707 877.997203826904 918.690341949463 935.697494506836 930.318927764893 925.542644500732 918.880992889404 915.035705566406 913.972946166992 899.690727233887 883.371448516846 870.219524383545
