data/train_2003/bio16_avg_2003-2018.asc
NCOLS 664 
NROWS 380 
XLLCORNER 3.91666666666667 
YLLCORNER 55.3333333333333 
CELLSIZE 0.0416666666666666 
NODATA_value -9999 
[rows 176 to 197 of 380, columns 343 to 391 of 664]
245.981589317322 246.002728462219 247.611384391785 245.39999961853 237.513899803162 244.705419540405 241.948152542114 246.349091529846 251.576508522034 250.648908615112 252.226414680481 254.401369094849 253.0871925354 252.869062423706 252.876435279846 255.015278816223 259.661053657532 256.550864219666 260.118490219116 260.536169052124 265.177751541138 265.66787147522 259.305396080017 261.808835029602 261.122779846191 253.961611747742 248.176206588745 248.253016471863 259.958940505981 263.60422706604 258.944312095642 259.406754493713 264.709856987 268.227414131165 265.956152915955 271.693447113037 267.405528068542 264.086718559265 262.234597206116 257.085101127625 254.935477256775 253.293365478516 251.646318435669 251.465584754944 246.903597831726 244.825551986694 241.311643600464 233.785593986511 232.114011764526
262.653999328613 257.925998687744 256.217695236206 249.848039627075 242.894466400146 240.68971824646 239.143751144409 244.271544456482 254.601977348328 274.18383026123 269.119717597961 264.33327293396 261.855640411377 258.196585655212 262.541300773621 265.384378433228 268.716114044189 267.786587715149 260.602724075317 261.003050804138 263.439373016357 265.54382610321 260.786193847656 258.738721847534 259.246828079224 256.533930778503 254.930729866028 253.156552314758 254.499102592468 263.619106292725 262.120801925659 262.437833786011 265.486696243286 267.259981155396 267.274639129639 267.774847984314 266.034918785095 269.543544769287 266.745058059692 254.03147315979 249.540628433228 249.251364707947 250.529792785645 247.494850158691 240.686820983887 242.406785011292 236.285607337952 234.093440055847 231.500298500061
252.426239967346 254.10133266449 260.968711853027 253.3343334198 244.062589645386 241.507029533386 243.468428611755 243.023558616638 246.973343849182 260.53847694397 260.116050720215 264.066779136658 267.276399612427 271.244687080383 276.826748847961 278.131018638611 274.438681602478 271.982291221619 269.223003387451 269.898755073547 265.839393615723 276.768046379089 271.54759979248 272.090695381165 268.42639541626 262.95628452301 257.988453865051 258.754961967468 259.257534980774 254.916934013367 258.846185684204 259.539530754089 267.505331039429 270.27454662323 268.893172264099 268.746624946594 266.590604782104 260.291080474854 258.452688217163 253.61572265625 248.947720527649 246.075735092163 244.250120162964 243.458427429199 242.613708496094 236.410549163818 235.216791152954 233.690327644348 229.879373550415
253.041816711426 249.459452629089 251.284045219421 250.609444618225 251.723152160645 255.647501945496 248.985788345337 244.01817035675 252.55743598938 261.180131912231 261.038845062256 265.740392684937 271.249340057373 269.528659820557 274.38790512085 278.082855224609 280.511372566223 281.059970855713 283.87152671814 278.290900230408 271.407737731934 268.62610912323 264.976056098938 268.267866134644 269.847731590271 268.79225730896 265.468642234802 257.196666717529 253.922968864441 256.186227798462 260.659490585327 263.847931861877 267.035500526428 268.038606643677 268.151753425598 267.230080604553 266.673402786255 260.991954803467 254.461804389954 248.15540599823 245.253182411194 243.094131469727 239.103815078735 236.945859909058 235.769781112671 234.52393245697 232.386665344238 229.915707588196 227.998453140259
249.084281921387 249.932324409485 255.112696647644 259.533046722412 268.433988571167 265.272891998291 253.17040348053 245.484756469727 245.932087898254 252.231392860413 254.266427993774 258.309240341187 262.148554801941 273.73623752594 285.389424324036 291.013989448547 295.498864173889 295.320796966553 297.340979576111 292.663179397583 278.629230499268 280.501339912415 274.627298355103 265.389539718628 258.004566192627 256.5205078125 264.746921539307 256.580739974976 248.948094367981 252.523920059204 257.948595046997 260.20433807373 261.679901123047 261.320044517517 261.93741607666 261.979952812195 260.13233089447 253.024038314819 248.665483474731 243.556927680969 240.67197227478 238.932295799255 236.825183868408 235.469593048096 -9999 230.962020874023 228.592541694641 228.248252868652 227.126902580261
247.672768592834 239.73703289032 250.591610908508 255.01691532135 261.690727233887 259.138758659363 265.516494750977 252.065589904785 245.12003326416 254.29482460022 257.963086128235 267.24488735199 272.913198471069 281.018038749695 287.186277389526 290.210029602051 296.774055480957 298.723549842834 300.437046051025 294.862226486206 284.57594203949 281.008563041687 277.42896938324 273.643060684204 266.197546958923 255.779520988464 254.303320884705 255.980832099915 241.559087753296 244.003824234009 246.664109230042 250.927909851074 253.995273590088 258.411664962769 255.348147392273 255.118830680847 254.247595787048 249.493264198303 245.035473823547 239.53706741333 237.832232475281 236.272868156433 234.555051803589 233.806874275208 -9999 -9999 -9999 -9999 -9999
244.322197914124 238.934093475342 239.587161064148 254.514914512634 255.79868221283 251.524165153503 245.888137817383 246.733657836914 244.333186149597 249.709218025208 262.142258644104 267.584384918213 277.650795936584 284.355262756348 289.304340362549 293.507894515991 301.694400787354 304.724894523621 302.36972618103 286.802404403687 281.270754814148 275.525105476379 273.205360412598 275.155109405518 275.348022460938 267.774312019348 260.486120223999 244.876282691956 237.12015247345 234.060896873474 235.270761489868 238.969630241394 246.64511680603 250.612978935242 251.680150985718 250.421999931335 249.515422821045 244.586095809937 240.485315322876 237.242537498474 236.836495399475 -9999 -9999 -9999 -9999 -9999 -9999 -9999 -9999
249.546642303467 250.701983451843 238.344216346741 238.358545303345 247.132480621338 246.780656814575 245.083476066589 247.855721473694 246.411138534546 251.11296081543 252.481321334839 260.995482444763 263.259112358093 272.72788143158 277.572905540466 282.517135620117 289.070436477661 300.733933448792 293.308170318604 285.797920227051 278.449006080627 270.288696289062 266.656046867371 263.747616767883 271.242874145508 269.292064666748 253.636688232422 242.281442642212 240.383992195129 238.048571586609 -9999 235.228963851929 239.91654586792 244.565270423889 247.75191116333 247.814785957336 242.249197006226 239.124207496643 -9999 -9999 -9999 -9999 -9999 -9999 -9999 -9999 -9999 -9999 -9999
232.989610671997 247.322761535645 247.534065246582 236.25788974762 238.275506019592 255.983909606934 255.276773452759 258.3978099823 259.4739818573 265.040699005127 271.072836875916 274.069747924805 273.128671646118 265.047588348389 280.585262298584 284.508609771729 282.04954624176 279.086187362671 279.846680641174 275.902229309082 273.994832038879 267.533130645752 265.088532447815 263.106122016907 254.088185310364 250.085759162903 242.097032546997 236.038725852966 238.102157592773 238.277338981628 237.357555389404 234.453226089478 233.750757217407 240.894144058228 244.423505783081 244.98255443573 239.975996017456 237.881176948547 -9999 -9999 234.453000068665 -9999 -9999 -9999 -9999 -9999 -9999 -9999 -9999
229.908221244812 230.098211288452 232.198258399963 235.784843444824 229.834042549133 236.215408325195 250.14378452301 256.91196346283 250.482119560242 260.964889526367 265.335156440735 270.956480026245 268.773873329163 258.314720153809 278.001545906067 285.396667480469 275.240909576416 271.713660240173 275.029822349548 275.002838134766 266.790787696838 264.86076259613 258.121738433838 255.287139892578 249.851947784424 240.434047698975 237.135480880737 236.125379562378 233.759967803955 233.376437187195 236.52530670166 234.428297996521 -9999 236.781865119934 240.221137046814 240.564865112305 237.104312896729 -9999 -9999 -9999 -9999 -9999 -9999 -9999 -9999 -9999 -9999 -9999 -9999
244.327460289001 241.297088623047 240.647657394409 238.597478866577 238.847805023193 226.994624137878 237.096620559692 250.785093307495 262.025187492371 255.637650489807 254.870552062988 252.459436416626 258.915886878967 259.674478530884 260.927384376526 263.747764587402 263.594628334045 265.729785919189 266.83139705658 266.087069511414 259.410989761353 258.17804813385 255.103379249573 251.020854949951 246.882675170898 241.260921478271 -9999 -9999 -9999 -9999 233.717523574829 234.394640922546 -9999 -9999 -9999 -9999 -9999 -9999 -9999 -9999 -9999 -9999 -9999 -9999 -9999 -9999 -9999 -9999 -9999
252.064455986023 259.064393997192 255.047369003296 247.457925796509 247.774835586548 243.391469955444 232.835947036743 233.720872879028 251.918999671936 246.533890724182 237.924687385559 244.490809440613 242.935095787048 244.523637771606 249.006419181824 249.565214157104 259.70373249054 261.495848655701 261.704057693481 264.683380126953 258.414874076843 254.976875305176 251.041854858398 246.034620285034 243.046411514282 -9999 -9999 -9999 -9999 -9999 -9999 -9999 -9999 -9999 -9999 -9999 -9999 -9999 -9999 -9999 -9999 -9999 -9999 -9999 -9999 -9999 -9999 -9999 -9999
240.458724975586 237.743674278259 242.335289955139 242.649471282959 240.295640945435 240.369806289673 235.215440750122 224.624645233154 238.044933319092 240.04857635498 235.508339881897 236.105909347534 237.893062591553 236.257783889771 241.468667030334 244.399620056152 248.928131103516 252.566094398499 258.768349647522 257.737273216248 254.65368938446 248.750763893127 244.090353012085 244.250075340271 242.133102416992 -9999 -9999 -9999 -9999 -9999 -9999 -9999 -9999 -9999 -9999 -9999 -9999 -9999 -9999 -9999 -9999 -9999 -9999 -9999 -9999 -9999 -9999 -9999 -9999
244.284063339233 239.191219329834 247.575968742371 248.100798606873 245.29360294342 237.429566383362 235.611197471619 231.014705657959 242.857367515564 244.215265274048 233.493118286133 231.097613334656 231.191780090332 236.810747146606 235.679416656494 237.101387023926 242.465896606445 253.986644744873 254.056657791138 247.23768901825 245.469467163086 244.436665534973 -9999 243.678612709045 -9999 -9999 -9999 -9999 -9999 -9999 -9999 -9999 -9999 -9999 -9999 -9999 -9999 -9999 -9999 -9999 -9999 -9999 -9999 -9999 -9999 -9999 -9999 -9999 -9999
260.498126029968 248.653869628906 245.744241714478 238.963751792908 237.007667541504 238.610116004944 233.122031211853 238.532826423645 244.206068992615 247.642714500427 243.96244430542 233.711248397827 236.04077911377 236.726196289062 241.84956073761 243.508184432983 238.794120788574 242.301247596741 245.076631546021 243.584239006042 243.144695281982 243.366087913513 -9999 -9999 -9999 -9999 -9999 -9999 -9999 -9999 -9999 -9999 -9999 -9999 -9999 -9999 -9999 -9999 -9999 -9999 -9999 -9999 -9999 -9999 -9999 -9999 -9999 -9999 -9999
275.933736801147 270.449100494385 256.689474105835 259.296062469482 250.308175086975 244.128653526306 240.143615722656 232.544201850891 242.389724731445 245.91708278656 243.803110122681 240.333448410034 231.781182289124 232.984014511108 234.827331542969 235.44939994812 236.717193603516 -9999 240.897035598755 241.945099830627 241.683064460754 -9999 -9999 -9999 -9999 -9999 -9999 -9999 -9999 -9999 -9999 -9999 -9999 -9999 -9999 -9999 -9999 -9999 -9999 -9999 -9999 -9999 -9999 -9999 -9999 -9999 -9999 -9999 -9999
265.863182067871 269.146276473999 261.030837059021 253.990726470947 249.309072494507 248.19131565094 248.682955741882 235.510456085205 239.808062553406 235.108410835266 233.741196632385 230.297890663147 232.622222900391 233.04953956604 232.79229927063 235.986218452454 -9999 -9999 -9999 -9999 -9999 -9999 -9999 -9999 -9999 -9999 -9999 -9999 -9999 -9999 -9999 -9999 -9999 -9999 -9999 -9999 -9999 -9999 -9999 -9999 -9999 -9999 -9999 -9999 -9999 -9999 -9999 -9999 -9999
261.644870758057 257.795563697815 263.041704177856 266.109654426575 268.243279457092 265.676532745361 262.420256614685 243.489311218262 232.370197296143 231.258301734924 231.929895401001 -9999 -9999 232.444304466248 -9999 -9999 -9999 -9999 -9999 -9999 -9999 -9999 -9999 -9999 -9999 -9999 -9999 -9999 -9999 -9999 -9999 -9999 -9999 -9999 -9999 -9999 -9999 -9999 -9999 -9999 -9999 -9999 -9999 -9999 -9999 -9999 -9999 -9999 -9999
264.1947889328 257.533303260803 247.498362541199 249.239679336548 248.700574874878 248.377238273621 243.798768043518 240.18809223175 235.467056274414 234.539940834045 242.042677879333 238.086096763611 -9999 -9999 -9999 -9999 -9999 -9999 -9999 -9999 -9999 -9999 -9999 -9999 -9999 -9999 -9999 -9999 -9999 -9999 -9999 -9999 -9999 -9999 -9999 -9999 -9999 -9999 -9999 -9999 -9999 -9999 -9999 -9999 -9999 -9999 -9999 -9999 -9999
257.410744667053 251.432695388794 247.954978942871 244.47859287262 243.24361038208 237.645618438721 237.026391983032 237.05372428894 -9999 235.051064491272 239.286893844604 235.846525192261 -9999 -9999 -9999 -9999 -9999 -9999 -9999 -9999 -9999 -9999 -9999 -9999 -9999 -9999 -9999 -9999 -9999 -9999 -9999 -9999 -9999 -9999 -9999 -9999 -9999 -9999 -9999 -9999 -9999 -9999 -9999 -9999 -9999 -9999 -9999 -9999 -9999
259.959339141846 254.481260299683 254.08856678009 260.45322227478 255.252113342285 249.763917922974 244.704619407654 238.715127944946 237.024076461792 235.295679092407 237.694962501526 -9999 -9999 -9999 -9999 -9999 -9999 -9999 -9999 -9999 -9999 -9999 -9999 -9999 -9999 -9999 -9999 -9999 -9999 -9999 -9999 -9999 -9999 -9999 -9999 -9999 -9999 -9999 -9999 -9999 -9999 -9999 -9999 -9999 -9999 -9999 -9999 -9999 -9999
252.070449829102 249.254794120789 258.001921653748 252.799553871155 254.38595199585 245.082949638367 249.952587127686 239.152737617493 -9999 -9999 -9999 -9999 -9999 -9999 -9999 -9999 -9999 -9999 -9999 -9999 -9999 -9999 -9999 -9999 -9999 -9999 -9999 -9999 -9999 -9999 -9999 -9999 -9999 -9999 -9999 -9999 -9999 -9999 -9999 -9999 -9999 -9999 -9999 -9999 -9999 -9999 -9999 -9999 -9999
