data/train_2003/bio11_avg_2003-2018.asc
NCOLS 664 
NROWS 380 
XLLCORNER 3.91666666666667 
YLLCORNER 55.3333333333333 
CELLSIZE 0.0416666666666666 
NODATA_value -9999 
[rows 63 to 83 of 380, columns 528 to 575 of 664]
-13.1741483211517 -13.0718074440956 -13.0524668693542 -13.1054178476334 -13.0831186175346 -13.0359442830086 -12.9908538460732 -12.8945961594582 -12.8263642191887 -12.817991912365 -12.8623694181442 -12.8155800104141 -12.7624153494835 -12.688584446907 -12.6316286921501 -12.5368392467499 -12.4518416523933 -12.4353439211845 -12.3674297332764 -12.2193069458008 -12.1160291433334 -12.0690534114838 -12.0172858834267 -11.8822691440582 -11.7177934646606 -11.6311925649643 -11.5933005809784 -11.5501999258995 -11.5044744610786 -11.4573321938515 -11.3965651988983 -11.362506210804 -11.4289308786392 -11.427837908268 -11.3784540295601 -11.319069981575 -11.3254351615906 -11.3821343779564 -11.4067087173462 -11.4494497179985 -11.5155239105225 -11.5773062705994 -11.6132134795189 -11.7186625003815 -11.7250763773918 -11.7647456526756 -11.7500817775726 -11.7889172434807
-13.2865443229675 -13.2314047217369 -13.1749316453934 -13.1356253623962 -13.0925279855728 -13.0330966711044 -12.92866563797 -12.8424427509308 -12.8031472563744 -12.8329866528511 -12.8540346622467 -12.8189160823822 -12.7486306428909 -12.6238453388214 -12.5678515434265 -12.4911911487579 -12.4964470267296 -12.548620223999 -12.499376475811 -12.3700075149536 -12.2241396903992 -12.0549813508987 -12.0054470896721 -12.0362052321434 -11.9780051112175 -11.878846347332 -11.8906046748161 -11.9017790555954 -11.8686200380325 -11.7315450906754 -11.463969707489 -11.3463525772095 -11.3718482851982 -11.4232493042946 -11.3946089148521 -11.2478849887848 -11.2584524154663 -11.2721450328827 -11.3292547464371 -11.3711970448494 -11.4892647266388 -11.5702075362206 -11.6352333426476 -11.6798430085182 -11.7508038878441 -11.752451479435 -11.7549741864204 -11.7912878394127
-13.2217736840248 -13.208877146244 -13.1276471614838 -13.0951670408249 -13.0573538541794 -12.9924158453941 -12.8309777379036 -12.7454141974449 -12.7557631731033 -12.7439813613892 -12.6856167316437 -12.6631682515144 -12.6045954823494 -12.5922719240189 -12.5862408280373 -12.5792096853256 -12.5875945091248 -12.5953546762466 -12.6018649339676 -12.5385834574699 -12.3409593701363 -12.1909924149513 -12.1119419932365 -12.1434752941132 -12.1469250321388 -12.1385414600372 -12.0909079909325 -12.0686910152435 -11.9955992698669 -11.907006919384 -11.7774570584297 -11.6947817802429 -11.5970581173897 -11.4612443447113 -11.4392642378807 -11.4001584649086 -11.3427194356918 -11.2584474086761 -11.2654253840446 -11.302236199379 -11.3885473012924 -11.4656503796577 -11.518377661705 -11.5500223636627 -11.592657148838 -11.6475741863251 -11.7246165275574 -11.7828666567802
-13.1581696271896 -13.1551824808121 -13.0851953625679 -13.0561671257019 -13.0272638201714 -12.9624853134155 -12.8738318681717 -12.804053068161 -12.7656291127205 -12.7038509249687 -12.6551154851913 -12.5972963571548 -12.588227391243 -12.6003246307373 -12.6132968068123 -12.6243109703064 -12.5623666644096 -12.5115057826042 -12.5320201516151 -12.5691172480583 -12.4601115584373 -12.3596283793449 -12.3385200500488 -12.2896203994751 -12.2078451514244 -12.1824865937233 -12.1771700978279 -12.1787285208702 -12.1147869229317 -12.0260534286499 -11.94457000494 -11.842836856842 -11.6810598373413 -11.6364895105362 -11.6339608430862 -11.5273901820183 -11.4410697817802 -11.4573330879211 -11.3815125226974 -11.3646503090858 -11.4527049660683 -11.4935093522072 -11.4358975291252 -11.4213689565659 -11.4486353993416 -11.5356974005699 -11.652550637722 -11.6575289964676
-13.0649824738503 -13.059780061245 -12.995911359787 -12.951583981514 -12.9413400292397 -12.8905121088028 -12.8111019730568 -12.7675244212151 -12.7930781245232 -12.8159710764885 -12.8009894490242 -12.7628824114799 -12.7186086177826 -12.700542986393 -12.6942278146744 -12.6377878785133 -12.5441806316376 -12.5041987895966 -12.5444667339325 -12.5734013915062 -12.4796813726425 -12.402597784996 -12.3714312911034 -12.3036403656006 -12.2781819701195 -12.2619736194611 -12.2513905763626 -12.2331825494766 -12.167266190052 -12.1281407475471 -12.0910581350327 -11.9870575666428 -11.8556444048882 -11.8175677061081 -11.7460322976112 -11.6597469449043 -11.5670451521873 -11.5367597341537 -11.3990579843521 -11.336897790432 -11.4312794804573 -11.4181190133095 -11.4402923583984 -11.4697986841202 -11.5611966252327 -11.522069811821 -11.5614013671875 -11.534024477005
-12.9361280798912 -12.9245026707649 -12.8706681132317 -12.8354585766792 -12.8772909045219 -12.8464980125427 -12.7356640100479 -12.6761211156845 -12.7484030127525 -12.8348827362061 -12.8648213744164 -12.8051350712776 -12.7145729660988 -12.6800954937935 -12.6654924154282 -12.5991808772087 -12.5479528307915 -12.5406417250633 -12.5366217494011 -12.4986016750336 -12.4121254682541 -12.3458595871925 -12.2662178874016 -12.2174097299576 -12.1826434135437 -12.1985853910446 -12.252027630806 -12.2752609848976 -12.2204950451851 -12.1847701668739 -12.1650032997131 -12.0972372293472 -12.0019378662109 -11.9513122439384 -11.8336872458458 -11.7324371337891 -11.6572709083557 -11.6001874804497 -11.6375622749329 -11.5521038770676 -11.5727285146713 -11.5595617890358 -11.5493951439857 -11.5713949203491 -11.5325911045074 -11.5373591780663 -11.5780852437019 -11.687228500843
-12.9264830350876 -12.9070162177086 -12.8603414297104 -12.8267498016357 -12.8810341358185 -12.8541507720947 -12.785142660141 -12.7367177605629 -12.7199356555939 -12.7283359766006 -12.7221537232399 -12.6892207860947 -12.6566215753555 -12.6113558411598 -12.5198404788971 -12.4882411360741 -12.531058371067 -12.5559592843056 -12.4947350025177 -12.4380525946617 -12.4124861359596 -12.3963285088539 -12.3496287465096 -12.2995129823685 -12.2523971199989 -12.2549890875816 -12.271081328392 -12.2369235157967 -12.1654742956161 -12.1423161625862 -12.1166581511497 -12.0618335008621 -12.0362306833267 -11.986515879631 -11.9283006191254 -11.8767942786217 -11.8507460951805 -11.854364335537 -11.8504409790039 -11.856017768383 -11.7728446722031 -11.7520046234131 -11.6575813293457 -11.624866604805 -11.6839864850044 -11.7643573880196 -11.7832279205322 -11.7780569791794
-12.9710363745689 -12.9498130679131 -12.8823807239532 -12.8836569786072 -12.9015579223633 -12.8926258087158 -12.8885689377785 -12.7855117321014 -12.6611065268517 -12.6006031036377 -12.5658077597618 -12.5511376261711 -12.5858008861542 -12.5818806886673 -12.5030440688133 -12.458082318306 -12.5170789957047 -12.5782006978989 -12.5269886255264 -12.4686517119408 -12.4503717422485 -12.4618573188782 -12.4516758918762 -12.4417028427124 -12.4000220298767 -12.3587162494659 -12.2872012257576 -12.1816863417625 -12.0606306791306 -11.9873243570328 -11.9727680683136 -11.9957955479622 -12.006308555603 -11.9939752817154 -12.0065168738365 -12.0342249274254 -11.9678083658218 -11.964641392231 -11.9887245893478 -12.0403493642807 -12.0856826305389 -12.0340991616249 -12.0171409249306 -12.0112655162811 -12.0370443463326 -12.0428111553192 -12.0894939899445 -12.0707189440727
-12.9079149961472 -12.8913919329643 -12.8803688287735 -12.8659706711769 -12.8403644561768 -12.8279240727425 -12.8004844784737 -12.7181696295738 -12.692041695118 -12.5940171480179 -12.3433265686035 -12.2095938920975 -12.2410694956779 -12.2480453252792 -12.3142710924149 -12.4748717546463 -12.5664723515511 -12.5897397398949 -12.5426317453384 -12.4864407777786 -12.4512813687325 -12.4309864044189 -12.4271500706673 -12.4338554739952 -12.4135194420815 -12.3873495459557 -12.3687628507614 -12.2714264392853 -12.1340063810349 -12.0678787231445 -11.9711670875549 -11.9897888898849 -12.0245885848999 -12.0134829282761 -11.9712938070297 -11.9365218281746 -11.8967906832695 -11.9523513913155 -12.0151619911194 -12.1121817827225 -12.1688678264618 -12.1785119771957 -12.2318229079247 -12.2588835954666 -12.2658913731575 -12.250054359436 -12.2301338911057 -12.2385880351067
-12.7798764705658 -12.7650126814842 -12.788023352623 -12.7703259587288 -12.7410033345222 -12.7243890762329 -12.7181493639946 -12.6883275508881 -12.676976621151 -12.5395150184631 -12.1650949716568 -11.9749664068222 -11.9804630875587 -11.8653759360313 -12.0024142861366 -12.2569944262505 -12.3566572070122 -12.4481127262115 -12.5413591265678 -12.541605591774 -12.4873163700104 -12.4626577496529 -12.4286659359932 -12.4387574195862 -12.4382662177086 -12.4348164200783 -12.4428660869598 -12.3531244397163 -12.2517159581184 -12.2016409039497 -12.1328155994415 -12.1116993427277 -12.1155769228935 -12.1106572151184 -11.9959043860435 -11.8738177418709 -11.7848563790321 -11.9104368686676 -12.0743921995163 -12.1269724369049 -12.1795526146889 -12.2411330938339 -12.3235467672348 -12.3755020499229 -12.4115712046623 -12.4268812537193 -12.3796904087067 -12.2768741846085
-12.7033383846283 -12.6789665222168 -12.6718446612358 -12.6425142288208 -12.6461843252182 -12.6822710633278 -12.6754404306412 -12.6291517615318 -12.6058705449104 -12.5454293489456 -12.466863155365 -12.4735475182533 -12.4443980455399 -12.2103739380836 -12.1637660264969 -12.0488668084145 -11.9303010106087 -12.0222768187523 -12.2803775072098 -12.3105613589287 -12.3668923974037 -12.4811623096466 -12.4688903093338 -12.4417018294334 -12.4376798868179 -12.4306994080544 -12.4112191200256 -12.3449891805649 -12.257258951664 -12.2392783761024 -12.2572147846222 -12.2426096200943 -12.2229402661324 -12.1924980282784 -12.149764418602 -11.9285311102867 -11.8403807282448 -12.0179386138916 -12.2757467031479 -12.272137761116 -12.2625713944435 -12.3603374958038 -12.4235621094704 -12.4185368418694 -12.4019185304642 -12.4424579143524 -12.4497053623199 -12.3913276195526
-12.6416751742363 -12.6511287093163 -12.6469994187355 -12.638495028019 -12.6634901762009 -12.667860686779 -12.630439221859 -12.6073930859566 -12.6537638306618 -12.6689268946648 -12.6582155823708 -12.6452536582947 -12.5858748555183 -12.515371799469 -12.4573681354523 -12.4186975955963 -12.3158611655235 -11.9686911702156 -11.8162294626236 -11.7103924751282 -11.93817704916 -12.3242080807686 -12.4433643221855 -12.4010620117188 -12.3744267225266 -12.3722915053368 -12.3601558208466 -12.3094369769096 -12.2428430318832 -12.2096239924431 -12.1590304970741 -12.1384782791138 -12.1276780962944 -12.1697978377342 -12.1361251473427 -12.0739941000938 -12.1587383151054 -12.3358571529388 -12.3515179157257 -12.3613866567612 -12.3775891065598 -12.4529584050179 -12.5098281502724 -12.5174471139908 -12.4980156421661 -12.4749514460564 -12.4507200717926 -12.408989071846
-12.5253875255585 -12.5504999160767 -12.5878208875656 -12.6354331970215 -12.6550461649895 -12.632950425148 -12.6049798130989 -12.5568425655365 -12.5269908308983 -12.5627580881119 -12.5897753834724 -12.5958346128464 -12.5168519616127 -12.474077641964 -12.4210950136185 -12.4070285558701 -12.3788795471191 -12.4066471457481 -12.2714143395424 -11.9508900046349 -11.9069200754166 -12.1338378190994 -12.3015468716621 -12.3406730294228 -12.2707569599152 -12.2497577667236 -12.2813419699669 -12.2739681005478 -12.2244689464569 -12.1540533304214 -12.0845539569855 -12.0662633776665 -12.0597496032715 -12.119430243969 -11.9707769155502 -11.8851235508919 -12.0885537862778 -12.2382758259773 -12.260705769062 -12.2892196178436 -12.3839409351349 -12.396579682827 -12.4429685473442 -12.5291482806206 -12.5346126556396 -12.4620280265808 -12.4003595709801 -12.3823583126068
-12.3895155787468 -12.4611624479294 -12.5000171661377 -12.566580414772 -12.6099353432655 -12.6222071647644 -12.5753535628319 -12.4847918152809 -12.4186339974403 -12.4425889849663 -12.516877412796 -12.5432485342026 -12.4790786504745 -12.466866850853 -12.4282383918762 -12.4039013981819 -12.4406065940857 -12.4410610198975 -12.3990579247475 -12.2411792874336 -12.2884547710419 -12.4201336503029 -12.4140211939812 -12.3816578984261 -12.3178790807724 -12.2795581817627 -12.3295288085938 -12.3640414476395 -12.2904706597328 -12.180940926075 -12.1091615557671 -12.0820907354355 -12.1394464373589 -12.2768127918243 -12.1950959563255 -11.8795868754387 -11.6981615424156 -11.8185278177261 -11.9657271504402 -11.969176530838 -12.0067927837372 -11.9405336976051 -12.033983707428 -12.2058495283127 -12.167292535305 -12.2712294459343 -12.3922079801559 -12.4958943128586
-12.4846442937851 -12.5047413706779 -12.447046816349 -12.4313521981239 -12.5357410311699 -12.5378801226616 -12.5378940105438 -12.5441161394119 -12.5427360534668 -12.5351285338402 -12.4579794406891 -12.4092466235161 -12.3073472380638 -12.3094064593315 -12.2821736931801 -12.3170247673988 -12.351625084877 -12.4111006259918 -12.4205346703529 -12.3086352348328 -12.3676976561546 -12.5088047385216 -12.5278703570366 -12.5185189843178 -12.4830427765846 -12.446858048439 -12.4257154464722 -12.3856562972069 -12.3111797571182 -12.2336620092392 -12.2445608377457 -12.2624589204788 -12.2872266769409 -12.3436122536659 -12.0179144144058 -11.7095084786415 -11.7684775590897 -11.8052795529366 -11.8267062306404 -11.8678422570229 -11.9216861128807 -11.9509468078613 -12.0040408968925 -12.0570093989372 -12.1561398506165 -12.4184311628342 -12.5719726085663 -12.5939720869064
-12.5634391307831 -12.5799869298935 -12.5982018113136 -12.5569158792496 -12.5029220581055 -12.4788032770157 -12.4698093533516 -12.5001492500305 -12.5497963428497 -12.5761675834656 -12.5047476291656 -12.3466192483902 -12.2444908022881 -12.1952378153801 -12.2025675177574 -12.2928136587143 -12.3586019873619 -12.4199317097664 -12.4456365704536 -12.3825079798698 -12.4116905331612 -12.4987676143646 -12.5218859910965 -12.477879345417 -12.4321225881577 -12.4297414422035 -12.4234852194786 -12.3969789743423 -12.3376808166504 -12.3055077195168 -12.320459485054 -12.3554532527924 -12.3672565817833 -12.3961612582207 -12.1318582296371 -11.8938878178596 -11.9017929434776 -11.9133648872375 -12.0032694935799 -11.8872579336166 -11.8929126858711 -11.9343182444572 -11.9875979423523 -12.2116280794144 -12.4694865345955 -12.6017160415649 -12.6452785134315 -12.6332165002823
-12.5051091313362 -12.4868993759155 -12.602689743042 -12.6470628380775 -12.5761865973473 -12.5125598311424 -12.454974770546 -12.4247652888298 -12.3722735643387 -12.3348324298859 -12.293599486351 -12.2435755133629 -12.2346757650375 -12.2811097502708 -12.3646271824837 -12.4644780755043 -12.4914538264275 -12.4370126724243 -12.3811970353127 -12.3311307430267 -12.3848921060562 -12.5016052126884 -12.5396936535835 -12.5194486379623 -12.4636202454567 -12.4728748202324 -12.4895466566086 -12.4796352982521 -12.422389626503 -12.3760200738907 -12.3394833803177 -12.3117383718491 -12.3075779080391 -12.3453774452209 -12.3210934400558 -12.2454345822334 -12.1788588166237 -12.1080750226974 -12.022082567215 -11.8322567343712 -11.8680981993675 -11.9411056041718 -12.0054469108582 -12.2374960184097 -12.5428751707077 -12.7153761386871 -12.721210360527 -12.649585723877
-12.4824876189232 -12.4790202379227 -12.5333858132362 -12.6033351421356 -12.6419093608856 -12.6433584690094 -12.4899321198463 -12.2749652266502 -12.1559582352638 -12.1475797891617 -12.2253264188766 -12.2941145300865 -12.3378192186356 -12.37539935112 -12.4437294006348 -12.5076009631157 -12.5143055915833 -12.4708434939384 -12.4317568540573 -12.3730036020279 -12.3861767649651 -12.4454846382141 -12.4887094497681 -12.5129759907722 -12.5410339832306 -12.5585503578186 -12.5615249276161 -12.5442497730255 -12.5005161762238 -12.3906991481781 -12.3003822565079 -12.152232170105 -12.1760666966438 -12.2873013615608 -12.3629119992256 -12.3787307143211 -12.3670079708099 -12.3492848873138 -12.328770339489 -12.2658396363258 -12.23099142313 -12.2715600132942 -12.3307955265045 -12.49253064394 -12.7045142054558 -12.8005779981613 -12.7888916730881 -12.7065806984901
-12.5203662514687 -12.4891409873962 -12.4274573922157 -12.4342738389969 -12.50604814291 -12.5780730247498 -12.5050978064537 -12.3422889709473 -12.237351834774 -12.2394943237305 -12.312470138073 -12.3405702710152 -12.401212990284 -12.4281052947044 -12.4616647958755 -12.4825152158737 -12.4780741930008 -12.5104249119759 -12.5137340426445 -12.4830847978592 -12.4500030875206 -12.4595308303833 -12.4713501930237 -12.4723363518715 -12.4910309314728 -12.56110060215 -12.6115037202835 -12.5702808499336 -12.4641420841217 -12.3360452055931 -12.2210314273834 -12.1521005630493 -12.2342624664307 -12.347975730896 -12.430064022541 -12.4586110711098 -12.4519070982933 -12.4752033948898 -12.5315002799034 -12.5376714468002 -12.5045514702797 -12.5567646026611 -12.6401031017303 -12.6993575692177 -12.7478609681129 -12.7294462323189 -12.6791147589684 -12.6198252439499
-12.4785284399986 -12.4205857515335 -12.351226568222 -12.3442006111145 -12.383507668972 -12.4364815950394 -12.4540390372276 -12.4335132241249 -12.3696691393852 -12.3465495109558 -12.3479301333427 -12.359561085701 -12.3849829435349 -12.4082387089729 -12.415202498436 -12.4627501964569 -12.4601303935051 -12.5140526890755 -12.5294748544693 -12.5224385857582 -12.4593866467476 -12.4700691699982 -12.5199603438377 -12.4696012735367 -12.4339090585709 -12.48842471838 -12.5551080107689 -12.5284573435783 -12.479473233223 -12.4144892692566 -12.3447966575623 -12.3282295465469 -12.3835425376892 -12.458401620388 -12.4934283494949 -12.5002461075783 -12.5234802961349 -12.541673541069 -12.5900741815567 -12.6083922386169 -12.6411684155464 -12.6864865422249 -12.7238041758537 -12.6834135055542 -12.6436253190041 -12.6156052350998 -12.585252225399 -12.5743993520737
-12.3746406435966 -12.4131044149399 -12.3618599772453 -12.337323486805 -12.3577036261559 -12.3272922039032 -12.3194224238396 -12.3350943922997 -12.3664108514786 -12.381788611412 -12.4039997458458 -12.3791688680649 -12.3590466976166 -12.3457997441292 -12.3033019900322 -12.3654298186302 -12.4234743714333 -12.4621850848198 -12.4679378271103 -12.4498150348663 -12.4371611475945 -12.4621838927269 -12.4532900452614 -12.3832292556763 -12.376376748085 -12.4175660610199 -12.4644635915756 -12.4576947689056 -12.4627593159676 -12.4975735545158 -12.4849714040756 -12.4469520449638 -12.4710298776627 -12.5014545917511 -12.4954620599747 -12.5189284086227 -12.5649364590645 -12.5924442410469 -12.6222851872444 -12.6798344254494 -12.7352591753006 -12.7426425814629 -12.7441916465759 -12.6248658299446 -12.5375149250031 -12.4435141682625 -12.4980126619339 -12.5785948038101
