data/train_2003/bio14_avg_2003-2018.asc
NCOLS 664 
NROWS 380 
XLLCORNER 3.91666666666667 
YLLCORNER 55.3333333333333 
CELLSIZE 0.0416666666666666 
NODATA_value -9999 
[rows 242 to 263 of 380, columns 245 to 293 of 664]
24.1432611644268 23.7823897898197 22.7161877453327 19.7429977059364 19.1938516199589 18.6172597110271 18.4523133039474 18.5071786046028 18.3669072687626 18.3751684427261 18.387994915247 18.9566478431225 20.9958639144897 21.0183207094669 21.4373352825642 21.0212974250317 21.5262350738049 21.5100604593754 21.9342109262943 22.1311454772949 22.2993468344212 22.1651268601418 22.3382959365845 22.8220439553261 21.6016749441624 20.3939653635025 19.6995085775852 20.8554590642452 20.8016029596329 20.1858785748482 20.6218749284744 20.4116066396236 20.6798922419548 21.5274935662746 21.6927110254765 19.1351661384106 18.8669096529484 18.6372212171555 19.0004286468029 20.0854557454586 20.6852448880672 21.6040349304676 22.6523349881172 22.4071081280708 21.745244115591 22.2789410948753 22.4056191146374 22.8047211766243 22.7923474013805
24.5176599025726 24.6726359426975 23.8657799959183 22.8381691277027 21.1006099581718 19.5998533964157 18.5086370110512 18.0198705196381 17.8408479392529 17.9411101341248 17.8813128471375 18.4404578506947 19.4803006350994 19.9004993140697 20.4382447600365 20.3001989424229 20.1344817578793 20.3029890954494 20.8147838115692 21.3544095158577 21.4278780817986 21.1356098651886 21.7485500574112 22.0689798891544 21.3612092137337 21.0026389360428 21.0759930610657 19.9832662642002 20.0434291362762 19.5467436313629 19.6159254312515 19.6281469762325 19.3799087405205 19.8667515218258 20.048153668642 20.2828847169876 19.066839247942 18.7013527750969 19.3827796876431 18.999900072813 19.7588230967522 20.8846166729927 22.4334118366241 22.9802427589893 23.4815355837345 22.4427064061165 21.8610996305943 21.8936704397202 22.0665066838264
23.9530370533466 23.0858615934849 23.1264403164387 23.3055114150047 22.6887395977974 21.1520330607891 19.2222457230091 18.1954359710217 18.0900522470474 17.8064200878143 17.4652606844902 17.4797144830227 18.1009837985039 18.2029536068439 18.7322140932083 19.2484049499035 19.3772264122963 19.2718931138515 20.1954097151756 20.507080167532 21.1068994700909 21.1761913597584 20.4311191439629 20.7688679993153 20.6566819250584 19.5402137935162 19.5322735905647 19.401469618082 19.2673817276955 18.9259077608585 19.4437495172024 19.1193490028381 19.602715998888 19.2741237282753 20.7203862369061 21.1142898499966 19.4649618566036 18.5307374894619 19.3413025140762 19.8188629746437 20.9518422782421 22.1162929832935 22.821347206831 21.9962171018124 21.9094034433365 22.5339342355728 22.2985472083092 22.6933215558529 22.0845925807953
22.3095308244228 22.169437289238 21.551535487175 21.2270178198814 20.8980444073677 20.3928682804108 19.5859435498714 18.2966142892838 17.5154653191566 17.27339220047 17.3076324462891 17.2925468087196 17.4405823051929 17.4234550893307 17.745743393898 18.226754873991 19.0849488973618 18.6411808729172 18.563622713089 18.713263630867 20.383348941803 20.1585345864296 19.5569791793823 19.4116564393044 19.0969335138798 18.5915355682373 18.98891466856 19.1452607214451 19.1195114254951 19.9804823696613 19.8601334691048 19.4015076160431 20.6351865231991 20.1143413186073 21.1779021322727 21.5213659405708 19.7045659720898 18.5792011618614 19.1640724241734 20.1941956281662 21.3925357758999 22.4991102218628 23.0090250968933 22.9782221317291 23.2269429266453 22.386051595211 22.8335381746292 22.4885236024857 22.9738837778568
23.3426197767258 21.8596485853195 20.5112717151642 19.6559725999832 19.1155638992786 19.1124279201031 19.3370460867882 18.9820850193501 19.1156852543354 17.9680014550686 17.2695786058903 17.2691298425198 17.2659004330635 17.5643248260021 17.6923720836639 17.7228102684021 17.75049290061 18.237401753664 18.1222358942032 18.1250457465649 18.3003320097923 18.3768197596073 18.5265527665615 18.4241901934147 19.3156107962132 19.4079591333866 20.2175246179104 20.0930106043816 21.3658802509308 21.7573565244675 21.4465582072735 20.6956456005573 22.4858175516129 21.2577328681946 19.4801678061485 19.9777708351612 20.5425119698048 20.5145534574986 19.1855134665966 18.9455622434616 20.4334181547165 22.5597375035286 22.7711527347565 22.6198431253433 22.3743454217911 22.9630112051964 21.8346173167229 23.4419626891613 22.7375262975693
20.9089465737343 20.7266753911972 20.2641282081604 20.25955504179 20.2382411062717 20.545282125473 22.1027711927891 22.7324821650982 20.973967641592 20.3584395945072 18.1971956789494 17.9018067419529 17.3847905993462 17.4897561371326 17.6589356958866 17.6437617540359 17.6009013652802 17.6624822616577 17.6606858670712 17.730787396431 17.9573582708836 18.0446302890778 18.0556882619858 19.7620549499989 21.1650297641754 20.6499415636063 21.3302550315857 21.7399622499943 21.9879536628723 22.4671468138695 22.3415289819241 21.9069062769413 21.2520239651203 20.1634194552898 19.108628064394 18.7022908627987 18.5783300101757 18.9211145341396 18.7456656396389 18.9147189855576 20.3776782155037 20.711514621973 21.325494915247 22.554086714983 23.3567059338093 23.7266003489494 23.5044018030167 23.6635270416737 23.3044095039368
19.9110334515572 19.8525746762753 19.5778987407684 20.3789711296558 22.0597818493843 21.9880685508251 23.3808073103428 22.674695879221 21.2558324635029 19.858884871006 20.9627694487572 18.2850594818592 18.1290356218815 16.9971527606249 17.0565727502108 17.1093528270721 17.3201699256897 18.1740803420544 17.6608073413372 17.4845816493034 18.0165751874447 19.2011598050594 19.7295796573162 20.7184075117111 21.181671500206 20.862825602293 21.3231563270092 20.8959798812866 21.2236186265945 22.2765641212463 22.7252035439014 21.8009613454342 21.6145061254501 20.4693183004856 20.6079828441143 20.8616073131561 20.3238944709301 18.3978467583656 17.8044777810574 17.6125255525112 17.7052216529846 17.8643442690372 17.6656934320927 18.4381229877472 20.0389644801617 20.860498726368 21.4465865790844 22.1450960636139 22.7624436616898
19.830380409956 19.9112439155579 19.7342456877232 19.484403192997 20.0556065440178 21.403595417738 23.1528928875923 21.8955036103725 21.7564028203487 20.7734835147858 20.6392482221127 18.8986351788044 17.064171731472 16.9173784255981 16.830417022109 16.9115329682827 17.3856597840786 17.9055963456631 17.7117106020451 17.2794761657715 17.9914945662022 17.6350539326668 19.4446270465851 21.3023926317692 22.1897945404053 21.6573418080807 20.1248912513256 20.5005791187286 21.0166741609573 22.3868843913078 22.118366420269 21.2013835310936 20.071312636137 20.3311803638935 19.987138569355 19.2100059092045 19.649683624506 20.2642325460911 19.3094374239445 18.915244281292 18.2783945202827 17.786996036768 17.1664126217365 17.2957628369331 19.0668022036552 19.955854922533 20.6709213852882 20.6259911060333 21.3872981965542
20.0599607825279 20.7251318097115 21.0261543095112 20.6965993642807 20.6360064446926 20.1044079065323 21.2724988162518 21.7552790343761 21.6821720898151 22.0635648071766 20.9788736701012 19.9316279292107 18.7650681138039 18.7648760974407 18.2379265129566 19.9979691207409 18.7628473937511 18.9746951460838 20.0907419621944 18.1680457293987 17.429006934166 17.8302696049213 19.5899333059788 20.4989544153214 19.4150978922844 21.1761773526669 20.6085096895695 19.691346436739 20.0548712611198 19.2022906243801 19.1191248595715 19.1681713461876 18.5545162558556 17.9683789610863 17.8342941701412 17.5847550928593 17.8285880386829 17.8270086944103 17.9230555593967 17.1197362840176 16.8304713219404 16.5966861397028 16.6138663738966 17.9048726558685 19.1991736292839 19.0727094113827 19.1877307295799 19.5161590278149 20.2673563361168
21.7978937923908 22.3872112035751 22.5257950127125 22.9870814979076 21.9562700986862 19.8381159007549 19.3337236046791 18.9869177639484 19.1878377497196 19.4154652655125 19.6166302859783 19.1053121387959 19.5435292720795 19.8463814258575 18.8157840073109 20.3521739840508 20.6826401352882 19.8502969145775 19.5397977232933 18.0008345544338 18.5249293446541 19.1319040954113 18.0297809243202 18.3363982141018 18.6029833555222 20.64506316185 21.6988911628723 21.6219353377819 21.1675887405872 20.6883085370064 18.9668444991112 18.2991580069065 18.4920710325241 18.8749235868454 18.0525542795658 17.3850841522217 18.174908041954 18.1508342325687 17.0732977092266 16.8240949809551 17.1233256161213 17.1965500414371 17.8631960451603 19.6302554607391 19.5599343180656 19.4473492801189 19.1716066896915 20.4759058952332 20.7423471212387
20.8229311406612 21.1752667427063 22.7461107969284 20.9446228444576 20.3805827498436 19.9743349254131 19.0003575086594 18.8908871412277 19.0417669117451 19.0174349844456 19.3351396024227 20.3097969591618 21.2905071973801 19.2694650292397 19.0556990206242 19.903784006834 19.4395500719547 19.3941644728184 19.0238404273987 18.1101551353931 18.6272437274456 18.717224419117 18.4034025371075 20.0012102127075 20.0749083459377 20.5552942454815 20.2538246810436 21.2651461660862 21.445891559124 22.6695547103882 21.235717445612 19.4639037549496 19.9828999042511 18.8700789809227 17.9751070439816 17.140460640192 18.8031253814697 18.8664795160294 18.2557094097137 16.8562652766705 17.4616026580334 17.1498347520828 18.5670820772648 20.7246199250221 19.9480695426464 19.5537014007568 19.7015406191349 19.5943612158298 19.6971502900124
20.399317920208 19.9436002671719 20.4159584641457 19.5378352701664 18.231733828783 17.9406254887581 17.5744673162699 18.1419430673122 18.8441777229309 19.0831539034843 19.6684221029282 21.0235416889191 21.3954583704472 20.0536504685879 19.6214027404785 20.4541838467121 21.6150796413422 19.4350965619087 19.0044624507427 18.1722984910011 17.7936058342457 17.9942654669285 18.775159060955 19.7974700033665 20.7352389991283 22.3298461735249 21.1287904679775 21.3183946311474 20.9346759021282 20.7936434447765 20.2078713476658 18.9694647192955 20.5752535164356 19.6561456918716 18.9011465013027 17.9373234808445 17.7276160120964 18.3002311885357 17.3354986310005 17.0544482171535 17.5772894024849 18.4042890965939 20.4691419303417 20.4671345353127 19.8092171549797 19.9340262711048 19.5395799279213 19.6737102270126 19.688662558794
20.5923310220242 19.9682740569115 19.8689253926277 18.8473810255527 18.4064111411572 17.8075057864189 17.4326790869236 17.4904329329729 17.8075413405895 19.2401942908764 20.053154617548 20.5440462231636 19.647207736969 20.2595085501671 20.043978780508 19.2209812402725 18.8964750766754 18.5182237029076 19.8249222934246 21.6376261413097 20.8750683963299 19.3775413632393 19.1983334422112 18.6892571151257 19.8062788844109 20.5781285464764 20.7033625543118 20.9816370308399 22.0644942522049 20.3624306023121 19.7941060364246 19.67478916049 18.6776892542839 19.2101673781872 19.2292909324169 18.0880201756954 17.1572697758675 17.0411906838417 16.9581323266029 17.6901960372925 18.6213732659817 19.7374449968338 20.3693181872368 19.9702073633671 19.8562940359116 19.7558310627937 20.6104946732521 20.3463621735573 20.6250869631767
21.2072239816189 20.2911070287228 19.9091589748859 19.2461810708046 18.6815845370293 18.036190122366 17.5809905230999 17.3939017653465 18.795939385891 19.3578093647957 18.623004257679 18.2646582424641 18.251332372427 18.8133437633514 18.429433375597 17.9694469869137 17.8312517404556 18.5738382935524 19.1567573547363 19.0412156879902 18.7115044295788 18.4676374495029 20.4702370464802 21.374026954174 21.0907915532589 21.9851948618889 22.1698072254658 20.8864761888981 21.27277302742 19.9169379472733 19.8398315608501 20.3461863398552 20.3099880814552 18.2140646874905 18.5662803649902 17.5001036822796 17.479970395565 17.459656894207 17.783488035202 19.1701394617558 20.0261080265045 19.5737515687943 20.2239582538605 20.5492953956127 20.9868645071983 20.9756946563721 21.5485529899597 20.9760332405567 18.9544160962105
21.4591208100319 20.9306069612503 20.3717759251595 19.8621417582035 19.2501465678215 18.8128463029861 18.5642421543598 18.215231180191 18.025012999773 18.8399157226086 18.817566037178 17.9713938832283 17.8763400614262 17.9886146485806 18.4685017466545 18.1959038674831 18.4781956076622 18.4235311448574 18.2476898133755 18.2596380114555 18.9593908190727 19.5525895953178 22.7297657728195 24.1353746056557 23.9322918951511 23.9331919550896 23.7195988893509 23.0215835273266 23.5282098054886 21.7100976109505 19.52447026968 19.4888870120049 18.8702131509781 18.8447504341602 18.2270738184452 18.2833542823792 18.0017610192299 18.4858117997646 18.2585418820381 19.061708509922 18.9421884417534 18.9636003375053 19.2527054846287 20.0288705527782 19.9550547301769 18.4244273006916 19.1932776868343 19.9248033761978 19.564517557621
23.0968926846981 21.9078762233257 21.2711834609509 21.3209776580334 21.7102457880974 21.163681358099 20.6764219105244 19.7223780751228 18.4113836884499 18.3930398523808 18.3746947646141 18.4414460659027 18.6357218325138 19.7057282924652 20.7187459468842 19.2844276130199 20.4515548348427 21.3651047945023 20.0850175619125 20.2287161052227 21.0745899677277 22.6720452904701 24.9524703025818 24.6286363899708 24.5911880135536 23.6958442628384 22.5019108653069 21.5007894337177 21.7212280333042 20.9104006886482 20.0053885281086 19.5642742812634 19.5188528299332 19.115750670433 18.5684449970722 18.6948471963406 18.8020925819874 19.6211614608765 18.2158544957638 18.7195213735104 18.5626215338707 17.947805672884 18.3496781885624 17.9534504115582 17.9473616182804 18.1186257600784 18.2009599506855 19.1706916689873 19.3544946610928
24.6065388321877 24.1171474158764 23.2839493453503 23.707023859024 23.1243148744106 22.47445499897 20.7074083387852 19.6604846119881 19.3701598346233 19.0100996494293 19.5579397678375 19.5603574216366 20.3550193011761 20.2052272260189 20.3708706498146 20.1776542663574 20.2996858656406 21.5453315973282 20.7663534283638 20.7727243900299 22.2040272951126 22.895229101181 24.8242517411709 26.2363844811916 26.6390307843685 25.8852875828743 23.7222901582718 24.1559104323387 22.6864404976368 21.4088682830334 22.1742724478245 23.5291543602943 21.2999039888382 20.1744837760925 20.1902542412281 19.7779060006142 19.3573019504547 19.0000190734863 18.7284207344055 18.6804127693176 18.3383434712887 18.350288182497 17.746908724308 17.9366734027863 17.8046616911888 17.7903363704681 17.7930320501328 18.5882571935654 20.0630871653557
26.74513438344 26.2482401430607 25.9295017123222 24.9701263904572 25.1693807244301 25.4320601224899 23.0542490184307 22.7062346637249 21.513583958149 19.975126683712 21.6790948212147 20.9505076110363 20.4219379127026 19.9800170361996 19.8838182091713 20.2144992947578 19.0721713900566 19.0711692273617 18.8767137229443 19.7296043932438 22.0676394104958 21.4442446231842 23.8363678753376 24.9080532193184 24.48474791646 24.6872461140156 24.1445755660534 25.3264737129211 24.5332335531712 23.8538062870502 22.3262238800526 21.9425211548805 21.729659974575 22.9187848567963 23.685310125351 22.1333648264408 21.5164157450199 21.4207553565502 20.1447112560272 20.3335492610931 20.2332398593426 20.8561176657677 18.7700458467007 18.0963606536388 18.049953430891 17.3530194163322 18.4672628939152 19.1102755069733 19.5706118941307
25.911421507597 27.3695336282253 27.9087943136692 26.0423789918423 25.2353119850159 24.8058013319969 23.9264382123947 23.2433554530144 21.6418779194355 21.319727241993 21.7904335558414 21.0581598877907 21.0943002402782 20.4131615161896 21.3584321141243 22.627113878727 21.6608547270298 21.6120171248913 21.3736908435822 19.1781138777733 19.0124617516994 19.2076895534992 21.6561131477356 22.6806116700172 22.3926511108875 22.8943703770638 23.2612627148628 23.3416033685207 23.1525247693062 22.0864706039429 21.3178740739822 21.9285508990288 23.0061656534672 22.5552295744419 21.8990001678467 22.4655719995499 22.487255781889 22.8451019525528 21.7036961019039 20.864461004734 19.9821245372295 18.7031396329403 18.0294490754604 17.6801697611809 17.7992487549782 17.9514090418816 17.9297621250153 19.7820657193661 21.1680397987366
26.1977823376656 28.2204438149929 28.1539942920208 26.9114816784859 27.1624231338501 25.229887932539 23.8172891438007 23.3834067583084 22.937688678503 22.4371926784515 22.805766493082 23.3364062309265 23.2568756937981 22.158598870039 20.9988934099674 22.5042912364006 22.0305970609188 20.8090071082115 21.0214121341705 18.754567950964 18.4754994809628 18.6585501134396 21.048760831356 22.8889207839966 23.310777425766 24.5657779872417 23.8774543702602 23.3537162542343 23.630290210247 22.9968501627445 22.8155287504196 23.4504135847092 23.0367715656757 21.6629083752632 22.2249063551426 22.6516184508801 22.020480453968 22.627582013607 22.4801762104034 21.4805350601673 20.885144919157 20.469223678112 18.8448339700699 18.2154739797115 17.9661572873592 17.5027915239334 18.2996992468834 20.0280032753944 20.6554317474365
25.5116969048977 27.1795079708099 27.1352091729641 27.9563456773758 28.5571566820145 25.4801411628723 24.828243046999 24.7182231247425 24.425924539566 24.1244996190071 23.8262348175049 23.7908356189728 24.053844332695 22.7366570532322 20.9250850975513 20.5611723661423 20.8342844247818 20.1194279193878 20.2422702908516 18.8104903399944 18.8136501312256 19.2056500017643 21.2454478740692 21.3241585493088 23.8088277280331 24.1358355283737 22.5688824355602 22.546373218298 22.8193036317825 23.370086222887 22.7385401129723 22.0793142020702 21.0645323991776 20.9304088056087 21.7034272253513 23.0194464921951 21.958529651165 21.9730195105076 22.2595044672489 21.9309732019901 21.2662083208561 20.8629920482635 19.6097728312016 19.0736693441868 18.4262915849686 18.3604328632355 19.7719077765942 19.3537554144859 20.1705391407013
25.7853607535362 26.0869562625885 27.3783123791218 29.0968387126923 28.1509677767754 27.1465495228767 25.6670795679092 26.0407210290432 26.6853493154049 26.0588862001896 24.6331542730331 23.4615179598331 23.0172846019268 22.3451809287071 22.1898779273033 21.07682710886 20.6838849186897 20.2810367941856 21.4595557153225 21.1983591914177 19.053692728281 19.7624162137508 20.2404938340187 19.8349544107914 21.3314882516861 21.7882984876633 20.836151599884 21.5179657042027 20.7607001960278 23.0031614303589 23.1409602463245 21.1845924854279 21.0992722213268 20.9546957910061 21.7208417356014 21.8481553196907 22.3075546324253 21.8024022579193 22.0417540073395 22.2199933826923 21.3841457664967 21.2558915615082 21.1347291767597 20.6983560323715 20.330360263586 20.0196661651134 19.6472214758396 19.4358252584934 19.5550889074802
