data/train_2003/bio15_avg_2003-2018.asc
NCOLS 664 
NROWS 380 
XLLCORNER 3.91666666666667 
YLLCORNER 55.3333333333333 
CELLSIZE 0.0416666666666666 
NODATA_value -9999 
[rows 242 to 263 of 380, columns 49 to 97 of 664]
47.9922111034393 47.862330198288 48.2252657413483 48.3622536659241 48.1675906181335 47.6740760803223 48.1155729293823 48.5608072280884 49.3167200088501 48.9062829017639 49.5084331035614 49.815455198288 49.1998491287231 49.6235671043396 49.4615228176117 49.443514585495 47.129944562912 45.3205811977386 46.0324308872223 45.3309316635132 45.1193279027939 45.292183637619 47.0222852230072 48.2173194885254 48.1715259552002 46.9064407348633 47.1549937725067 45.5189654827118 44.5141134262085 43.6244546175003 43.2674686908722 43.2638442516327 42.8803977966309 42.4725279808044 42.5209093093872 42.1002501249313 41.4238533973694 42.4197521209717 40.9467052221298 40.6107950210571 40.2234209775925 40.2066433429718 40.1836779117584 39.6693735122681 39.4105163812637 39.9171686172485 39.5496079921722 39.3663738965988 39.0656217336655
47.8345696926117 47.7403273582458 47.8537225723267 48.2178058624268 48.5243935585022 48.4887635707855 48.0426094532013 48.1313447952271 48.5093913078308 48.3174993991852 49.3939635753632 48.2589840888977 47.4299402236938 48.1391508579254 48.3533070087433 47.7027640342712 47.1990787982941 46.1236877441406 45.5448038578033 45.2257685661316 45.5893709659576 45.5499391555786 45.3202152252197 45.5986802577972 46.2890260219574 45.7255314588547 46.2673015594482 44.6153963804245 43.9875190258026 43.664241194725 43.4700126647949 43.423401594162 42.969143986702 42.6429324150085 42.1368315219879 41.7512626647949 40.8863608837128 41.6494579315186 41.6060668230057 41.4240268468857 41.047771692276 40.548260807991 40.1662256717682 40.2902979850769 40.5744287967682 39.6541926860809 39.2023946046829 39.1885064840317 39.1234880685806
48.1467170715332 48.2911622524261 48.6576948165894 49.1251409053802 48.8087849617004 48.0613827705383 48.1014349460602 47.9897322654724 48.3405539989471 48.8178763389587 48.9620852470398 48.4933097362518 47.8771803379059 47.4586012363434 47.1367766857147 46.9103019237518 46.1653757095337 46.5556676387787 46.5882642269135 45.6666021347046 45.8636426925659 45.9308433532715 45.4994407892227 45.0809407234192 45.110010266304 44.8193134069443 46.0857853889465 44.9686778783798 43.8023501634598 43.4181880950928 43.4050414562225 43.1030855178833 42.7910263538361 42.524965763092 42.3270258903503 42.0293698310852 41.7998046875 41.5378088951111 40.9556457996368 40.9447166919708 40.3049161434174 40.2450865507126 39.9322710037231 40.1226238012314 39.9533706903458 39.7732368707657 39.0783584117889 39.0830223560333 38.8472113609314
48.3806970119476 47.9603445529938 48.0277986526489 48.2147426605225 48.5392043590546 48.8779768943787 48.4693760871887 48.4716951847076 48.0701718330383 47.7148575782776 47.4793529510498 47.9592671394348 47.955785036087 47.3129508495331 47.0312881469727 47.0093758106232 46.7569079399109 47.0874609947205 47.1784567832947 46.0523223876953 45.6966661214828 45.0850118398666 45.1638033390045 45.5229595899582 44.8319118022919 44.2715178728104 43.8749386072159 44.5317417383194 45.097297668457 43.945240020752 43.0636773109436 42.8803379535675 42.7983846664429 42.6854720115662 42.5302653312683 42.1968212127686 42.1154310703278 42.0370886325836 41.5145268440247 41.3542343378067 40.8810048103333 40.5403895378113 40.2880880832672 40.0136812925339 39.7850482463837 39.625408411026 39.2314455509186 39.1320363283157 39.0429420471191
48.6582338809967 49.0791413784027 48.5369229316711 48.0585331916809 48.4142096042633 48.658944606781 48.3941304683685 48.1881220340729 48.2037532329559 47.7544820308685 48.1554157733917 47.9847445487976 48.4611277580261 47.5582776069641 47.3577470779419 47.2284677028656 47.4494128227234 47.3611786365509 47.3804421424866 46.0033130645752 45.0030117034912 45.081271648407 45.4054279327393 44.7019867897034 44.6628450155258 44.2341552972794 43.8844344615936 43.487708568573 44.4911909103394 45.2886006832123 44.5233690738678 42.7117115259171 41.9329266548157 41.6388682126999 41.9738049507141 41.9559789896011 42.0509009361267 41.769056558609 41.4338703155518 41.5925257205963 41.2857291698456 40.949467420578 40.7316429615021 40.2105673551559 40.0322117805481 39.8146611452103 39.4340003728867 39.3649566173553 39.0833613872528
48.5547316074371 48.5952060222626 48.2018432617188 48.2432835102081 48.6417834758759 48.9607348442078 48.8338124752045 48.2784650325775 48.9067373275757 48.2610778808594 48.2672357559204 48.9733238220215 49.3279888629913 48.5332543849945 48.1443476676941 47.4975681304932 47.8390848636627 47.4567070007324 46.7252782583237 46.1913915872574 45.7671637535095 45.5601930618286 45.540047287941 45.1972200870514 44.8861773014069 44.490198135376 44.0403699874878 44.0300732851028 44.4796981811523 43.4718656539917 43.2082461118698 43.2624306678772 42.9591751098633 42.0275403261185 41.5586503744125 41.403083562851 41.4180694818497 41.4146296977997 41.4493675231934 41.5220522880554 41.1631548404694 40.9620434045792 40.8351693153381 40.4719380140305 40.0592085123062 39.7785559892654 39.8451031446457 39.2192088365555 39.0105211734772
48.2611033916473 48.564582824707 48.6706609725952 48.6418831348419 49.3466987609863 49.4711458683014 49.0645155906677 48.8651661872864 48.7293221950531 47.9340057373047 48.7252161502838 49.7583594322205 49.5161032676697 48.6674039363861 49.0041890144348 48.5251002311707 48.86385846138 48.9831113815308 47.2316148281097 46.3376498222351 45.9190409183502 45.9933040142059 45.7251491546631 45.4631359577179 45.003449678421 44.5495339632034 44.0743213891983 44.1979765892029 43.7207025289536 43.3654570579529 43.0251830816269 43.0269256830215 42.9492769241333 42.197145819664 42.2140001058578 41.9679193496704 41.7056661844254 41.4463651180267 41.1825845241547 41.3012229204178 41.1225515604019 40.8587335348129 40.5216076374054 40.4825444221497 40.1821845769882 39.8064705133438 39.7642616033554 39.6896436214447 39.4702521562576
48.6351149082184 48.9188437461853 48.9852192401886 48.8300657272339 49.0956845283508 48.4588494300842 48.0248937606812 47.9841802120209 47.9251420497894 47.8551669120789 49.3437943458557 49.8828983306885 49.7251818180084 49.3343470096588 49.3452384471893 48.2932841777802 47.4799041748047 48.0550310611725 47.663346529007 46.4166007041931 46.0731420516968 46.0792746543884 45.5775836706161 45.3553414344788 44.8774704933167 44.7399687767029 44.2558695077896 43.497806429863 43.6078006029129 43.4440305233002 43.0957020521164 43.5272650718689 43.3570156097412 42.5917766094208 42.4635198116302 42.2612550258636 42.1191306114197 41.6752554178238 40.966042637825 40.7177953720093 41.037376999855 41.005157828331 40.7416652441025 40.509129524231 40.3447163105011 40.2926639318466 40.02718937397 39.9472686052322 39.9601994752884
48.3454676866531 48.6783375740051 48.5126457214355 48.6408953666687 49.0374925136566 48.9189450740814 48.3941583633423 48.3830289840698 48.372462272644 47.8680119514465 48.1178977489471 49.6168246269226 49.4904205799103 48.4191334247589 48.5416738986969 48.2981040477753 47.5419588088989 46.934276342392 46.3779397010803 46.3539743423462 46.3604793548584 46.0323785543442 45.6285057067871 45.1492857933044 45.040677189827 44.6863156557083 44.2538251876831 43.9212691783905 43.9024258852005 43.2740253210068 43.2192567586899 43.3660821914673 43.0278656482697 42.8374173641205 42.5971739292145 42.4061150550842 42.2189908027649 41.8855717182159 41.2991105318069 40.8962743282318 40.8476592302322 40.5069320201874 40.1365571022034 39.9763944149017 39.9002269506454 39.8975018262863 40.3263900279999 40.2879807949066 40.3678829669952
48.9384100437164 48.6764538288116 48.5122450590134 48.8841687440872 48.6195707321167 48.627592086792 48.5739319324493 48.2039771080017 47.9522950649261 48.0856647491455 47.7428584098816 48.4798504114151 49.5358970165253 49.6567220687866 49.2262573242188 48.5665032863617 48.2698166370392 48.1931645870209 47.6238446235657 46.7062488794327 46.6685568094254 46.5710606575012 45.8457494974136 45.1283657550812 44.8039914369583 44.6615040302277 44.5322504043579 44.3688924312592 43.980318069458 43.2076761722565 42.9295276403427 43.116512298584 43.1366341114044 43.0104894638062 42.7045897245407 42.4526789188385 41.8919116258621 41.5909870862961 41.4223238229752 41.1873967647552 40.7556655406952 40.8229069709778 40.5389496088028 40.606570482254 40.4578177928925 40.2116808891296 40.0407952070236 39.7734805345535 39.7639020681381
49.2738842964172 49.4691848754883 49.1412234306335 49.7442102432251 49.7629716396332 49.7290427684784 49.3345236778259 49.3214774131775 49.5209472179413 49.7014887332916 49.1547093391418 49.5245592594147 50.2832796573639 50.0297043323517 49.0326669216156 47.7357947826385 47.257808804512 47.2386237382889 46.6662814617157 46.5250382423401 46.0207670927048 45.5664292573929 45.2235890626907 44.96047270298 44.6531203985214 44.5480818748474 44.1808748245239 44.3872897624969 44.277063369751 43.7325239181519 43.4966785907745 43.0921052694321 43.0114620923996 42.7271510362625 42.4732691049576 42.29725253582 42.2160941362381 42.0726416110992 41.5160572528839 41.2726095914841 41.2111352682114 40.7527415752411 40.6879215240479 40.7426853179932 40.4774910211563 40.7899634838104 40.9333524703979 40.1682145595551 39.6557354927063
49.0889279842377 48.6766040325165 48.7778789997101 48.9962117671967 49.7421314716339 49.7694087028503 49.6761212348938 49.6746759414673 50.1898140907288 50.4376034736633 50.3163452148438 50.5260853767395 50.394024848938 50.1681118011475 49.7257740497589 48.7208523750305 48.0948568582535 47.8109575510025 46.937588095665 46.2023547887802 45.8702107667923 45.7763271331787 45.5306988954544 45.1354347467422 44.5475783348083 43.6965591907501 43.4303257465363 43.9656984806061 43.6994873285294 43.4437527656555 43.4608173370361 43.2225208282471 43.0117979049683 42.9069668054581 42.7652231454849 42.1095254421234 41.6795830726624 41.5244443416595 41.5708624124527 41.2438590526581 41.1791261434555 40.9068126678467 40.7282333374023 40.5492770671844 40.4613604545593 40.4355458021164 40.4624012708664 40.519829750061 40.4562072753906
48.8416056632996 48.5990135669708 48.5672208070755 48.7602338790894 49.3535842895508 49.5546123981476 48.9832084178925 48.2947545051575 47.8147090673447 47.928017616272 48.0483416318893 49.1923816204071 49.2148177623749 47.7814177274704 48.4759802818298 48.6834299564362 47.787818312645 48.2991147041321 47.7789032459259 47.3493955135345 46.3038021326065 46.7831835746765 47.6302652359009 47.0613276958466 45.5833950042725 44.4170781373978 44.0074578523636 43.7188966274261 43.5943586826324 43.4725949764252 43.3596168756485 43.1750106811523 43.1880757808685 42.9330862760544 42.42618227005 42.1892757415771 42.3473749160767 42.1539787054062 41.6146638393402 41.4236990213394 41.230865240097 40.9652093648911 40.8683189153671 41.0591586828232 40.6038998365402 40.4660940170288 40.3100544214249 40.1168714761734 40.0252106189728
48.3800656795502 48.6512804031372 49.0227460861206 49.3823039531708 49.016480922699 48.680867433548 48.2434309720993 48.1871712207794 47.9836753606796 47.8400933742523 47.9431283473969 48.4494023323059 49.4339582920074 48.3864398002625 48.4235311746597 48.4593358039856 48.0097286701202 47.7635875940323 48.5443398952484 47.5154358148575 46.0713933706284 45.6899971961975 45.8789101839066 46.8449823856354 44.8490949869156 43.9189577102661 43.8030722141266 43.6208200454712 43.143031835556 42.7739164829254 42.1997522115707 42.2234516143799 42.646964430809 42.5700302124023 42.132722735405 41.8336356878281 41.7302931547165 41.9756885766983 41.837273478508 41.5344314575195 41.3996328115463 41.3428455591202 41.1640690565109 41.1113511323929 40.6637628078461 40.3953610658646 40.3432350158691 40.4154732227325 40.0983338356018
48.3865823745728 48.5753438472748 48.6610207557678 48.3803055286407 48.5351526737213 48.2130500078201 48.2908790111542 48.3632788658142 48.3032071590424 48.5186865329742 48.4251322746277 48.2481627464294 48.165519118309 47.9472254514694 48.5090047121048 48.7093851566315 48.5806772708893 47.8721268177032 46.7067166566849 46.7675330638885 46.7404766082764 47.7922644615173 47.5272800922394 47.0854518413544 46.2579674720764 46.1488318443298 45.1787265539169 43.4974904060364 43.4004878997803 43.1288242340088 42.7191516160965 42.475249171257 42.4615370035172 42.1437028646469 42.3655675649643 42.152729511261 41.7636073827744 41.6642023324966 41.4090993404388 41.3680547475815 40.9690676927567 41.0396008491516 40.9263806343079 40.8707904815674 40.7291715145111 40.7776654958725 41.0072857141495 40.6145529747009 40.6939160823822
48.5120494365692 48.2767271995544 48.2409918308258 48.5140305757523 48.3810474872589 48.5783694982529 48.051850438118 48.9683694839478 48.5712906122208 48.7583179473877 48.50110912323 48.6778411865234 48.4498038291931 47.4652246236801 50.7623009681702 50.4789304733276 49.2563147544861 48.1090068817139 48.124694943428 48.1120097637177 46.8932950496674 45.7738944292068 44.9962706565857 44.7246339321136 44.331658244133 44.1187701225281 44.091300368309 45.1836292743683 43.539368391037 42.497362613678 42.3945544958115 42.6099495887756 42.3446534872055 41.9844552278519 41.8029279708862 41.7100266218185 41.3711274862289 41.4137120246887 41.5079109668732 41.3427313566208 41.1453998088837 40.9114328622818 40.841392159462 40.7766960859299 40.7835960388184 40.6545429229736 40.5585949420929 40.4551434516907 40.5866602659225
48.3045754432678 48.4927172660828 48.5040845870972 48.5093739032745 48.2244019508362 48.2345969676971 48.8321073055267 49.0171792507172 49.3688488006592 48.1049958467484 -9999 -9999 50.7127380371094 50.3018510341644 48.3901083469391 48.3214404582977 49.821475982666 50.1686704158783 48.4147491455078 46.1468768119812 45.4905475378036 45.1976758241653 44.9681898355484 44.7423031330109 44.2468017339706 43.8786437511444 43.786535859108 43.2159043550491 43.3447862863541 42.793980717659 42.6399132013321 42.4746185541153 42.1292644739151 41.8787659406662 41.8837566375732 41.6517851352692 41.5347638130188 41.6250277757645 41.4613602161407 41.4878331422806 41.1773235797882 40.9278037548065 40.8649084568024 40.7900283336639 40.6961749792099 40.5371993780136 40.2686814069748 40.2095174789429 40.5002430677414
48.4459893703461 48.4807200431824 48.1944472789764 48.7750124931335 48.7342526912689 48.4128003120422 48.0021347999573 48.8517305850983 -9999 50.2180216312408 50.7976353168488 50.0216598510742 49.008327960968 47.8742780685425 47.3713161945343 47.9429308176041 49.8487648963928 48.5633418560028 48.302915096283 47.3592768907547 45.5913821458817 45.2442163228989 44.9376659393311 44.7005681991577 44.5031282901764 43.9631328582764 43.6372419595718 43.207692861557 42.9370328187943 42.8824464082718 42.6614464521408 42.4986317157745 42.1330718994141 42.0567182302475 41.7715239524841 41.8383113145828 41.4746797084808 41.3715395927429 41.5238749980927 41.4263945817947 41.3240813016891 41.2519795894623 41.1910756826401 41.0667349100113 40.7374445199966 40.8320630788803 40.5932391881943 40.4335839748383 40.3105158805847
47.7815182209015 48.0565059185028 48.576544046402 48.4165028333664 47.7994375228882 48.2529644966125 49.0421676635742 50.124053478241 50.560168504715 50.7736303806305 49.5418620109558 48.1140605211258 47.707746386528 47.1640992164612 46.9792206287384 48.0993671417236 49.9472849369049 47.8625782728195 46.1339025497437 45.7365778684616 45.5949845314026 45.4831094741821 44.8063967227936 44.5643988847733 44.3690032958984 44.2204166650772 43.8271676301956 43.4025847911835 43.117705821991 42.9375987052917 42.8053952455521 42.6142566204071 42.3503465652466 42.4435309171677 42.071684718132 42.1386452913284 41.9519321918488 41.5394430160522 41.4172549247742 41.1723271608353 41.1246553659439 40.9888830184937 41.0059045553207 41.1587184667587 41.2071999311447 41.1266195774078 40.9828938245773 40.9504104852676 40.732751250267
47.5285623073578 47.1459105014801 48.3642380237579 47.9401242733002 48.0460255146027 48.1118407249451 49.8242902755737 49.6628921031952 49.3988747596741 49.2389903068542 48.4288371801376 47.1819953918457 46.7331357002258 46.6487826108932 47.9785895347595 49.3503911495209 48.1997210979462 46.0691772699356 46.1328561306 45.9134721755981 45.4692316055298 45.218878865242 44.8400346040726 44.5845086574554 44.2998732328415 44.2007524967194 43.8956705331802 43.5586713552475 43.2608677148819 43.1306813955307 42.8675572872162 42.6482877731323 42.641782283783 42.5274567604065 42.2639365196228 42.1180901527405 41.9522545337677 41.7332577705383 41.551112651825 41.4335033893585 41.2376980781555 41.0832973718643 40.9372042417526 41.2262029647827 40.9987868070602 40.8639155626297 41.3145060539246 41.1628865003586 41.0535653829575
47.0836508274078 46.2925741672516 -9999 47.7192335128784 48.2717208862305 49.5797426700592 49.4206023216248 48.6528916358948 48.4815545082092 47.9110176563263 47.6127092838287 47.1067712306976 46.6055413484573 47.0918776988983 48.4959986209869 49.6489322185516 47.3168754577637 46.1565724611282 46.1891709566116 45.7693444490433 45.5166673660278 45.3375545740128 44.9916459321976 44.8316256999969 44.4985153675079 44.1256341934204 43.8461681604385 43.6946492195129 43.2950769662857 43.0951832532883 42.8221130371094 42.6770350933075 42.6032830476761 42.4223512411118 42.236644744873 41.9627915620804 41.9499187469482 41.8723132610321 41.9423935413361 41.7529468536377 41.5096666812897 41.2573701143265 41.3032262325287 41.3502435684204 41.1014131307602 40.9287506341934 40.8337818384171 40.7838571071625 40.8379145860672
46.3425924777985 -9999 -9999 48.9606659412384 49.3015313148499 48.3257347345352 47.9450894594193 47.6108518838882 47.8376405239105 47.9916406869888 47.7261027097702 46.8360396623611 46.8824415206909 47.6449824571609 48.3323266506195 48.5129820108414 46.4732254743576 46.2968646287918 46.129622220993 45.7619090080261 45.4993698596954 45.3530694246292 44.9986423254013 44.7493028640747 44.3513407707214 44.0251138210297 43.665314912796 43.615469455719 43.2694277763367 43.01948595047 42.8571312427521 42.5508418083191 42.4731633663177 42.2022179365158 42.0841052532196 41.914076924324 41.8350200653076 41.6782938241959 41.6358194351196 41.5855795145035 41.5263946056366 41.3523738384247 41.4190676212311 41.1282832622528 40.7978540658951 40.7762060165405 40.7703943252563 40.4924783706665 40.4081788063049
