data/train_2003/bio11_avg_2003-2018.asc
NCOLS 664 
NROWS 380 
XLLCORNER 3.91666666666667 
YLLCORNER 55.3333333333333 
CELLSIZE 0.0416666666666666 
NODATA_value -9999 
[rows 189 to 209 of 380, columns 144 to 191 of 664]
-2.65118847414851 -2.36648938013241 -2.03012348338962 -2.1852576022502 -2.5747387278825 -2.57802587933838 -1.98032660037279 -1.97611812874675 -1.87863279879093 -3.00885033607483 -3.69317450374365 -2.8767804838717 -2.47299554105848 -2.83954387903214 -2.97259217500687 -2.88697382435203 -3.04018894955516 -2.93340393528342 -2.89928570762277 -3.02200078591704 -2.82974371500313 -2.97134803235531 -3.39511897414923 -3.73505666851997 -3.84266094118357 -3.6394319459796 -3.37420285865664 -3.41664050519466 -3.98607817292213 -4.12451583892107 -4.45345361530781 -4.95772449672222 -5.41955257952213 -5.49992503225803 -5.96627667546272 -6.09051904082298 -6.21654242277145 -6.52150377631187 -6.35295370221138 -6.28582632541656 -6.34277264773846 -6.43276511132717 -6.3199241310358 -6.13404150307178 -5.71267199516296 -5.5790941119194 -5.74651664495468 -5.8758554905653
-2.79522385448217 -2.32672315929085 -2.37255573552102 -2.38205497711897 -2.42105422914028 -2.11672017164528 -2.6523859873414 -2.26109734666534 -2.04913630336523 -2.78790478780866 -3.21230702847242 -2.98137589544058 -3.00527805089951 -3.32918030023575 -3.57908245176077 -3.79665134102106 -3.89722011983395 -3.85895581543446 -4.06435793638229 -4.11109342426062 -3.80505727231503 -3.61141602694988 -3.15410801023245 -2.69217682629824 -2.4180425144732 -2.62174167018384 -3.07470984384418 -3.75206846743822 -4.02409390360117 -4.57778617739677 -4.78397810459137 -5.13567019999027 -5.64137999713421 -5.84229035675526 -6.19884915649891 -6.51490832865238 -6.30046713352203 -6.16027602553368 -6.58116847276688 -6.56014406681061 -6.77370336651802 -6.77232778072357 -6.68491268157959 -6.90770614147186 -6.76865115761757 -6.47066450119019 -6.6184696406126 -6.76781630516052
-3.35286631435156 -3.25540105625987 -2.9949357137084 -2.64197055250406 -2.32467191666365 -2.16003985051066 -2.59290797077119 -2.43677609134465 -2.32773222867399 -2.22567581385374 -2.750577673316 -3.48349565267563 -3.83824387192726 -4.07415883988142 -4.34640717506409 -4.58065551519394 -4.67423710227013 -4.63231867551804 -5.11345766484737 -5.09425762295723 -5.11008512973785 -4.55087648332119 -4.30433470755816 -4.09212635457516 -3.47475104779005 -3.75487592071295 -3.83200073987246 -3.99212568998337 -3.96591708064079 -4.2607087045908 -4.25066693872213 -4.83945842087269 -5.13254855573177 -5.41777083277702 -5.73532646894455 -5.83071544766426 -5.96027101576328 -5.69465979933739 -6.14240278303623 -6.87991777062416 -7.63154551386833 -7.65702718496323 -7.12855067849159 -6.99620217084885 -6.91492402553558 -7.08404797315598 -7.49474599957466 -7.34120148420334
-3.19017530232668 -3.22741223871708 -3.01514907553792 -2.81869402527809 -2.51095612347126 -2.58152656815946 -2.61876330338418 -2.47966686729342 -2.31574492529035 -2.63298222236335 -3.10713627189398 -3.43061544746161 -3.76070975512266 -4.34697070717812 -4.62539851665497 -4.77582594752312 -5.00242048501968 -5.08168137073517 -5.55430087447166 -5.83312720060349 -5.45477937161922 -5.16400370001793 -5.07139466702938 -4.81661891937256 -4.49634328484535 -4.34390085935593 -4.63212506473064 -5.05734963715076 -5.14924058318138 -5.29979807138443 -5.47235558927059 -4.93374666571617 -5.25455075502396 -5.49360087513924 -5.78981763124466 -5.97286772727966 -6.20358464121819 -6.47429029643536 -6.49841269850731 -7.14277529716492 -7.24666249752045 -7.11846649646759 -6.86531946063042 -6.80752530694008 -6.9444568157196 -7.31341776251793 -7.48954528570175 -7.47233945131302
-3.05362094566226 -3.06025919318199 -3.08639765158296 -3.10378596186638 -3.24488265439868 -3.13784627988935 -2.68632600456476 -2.31883940380067 -3.06221570447087 -3.41885450482368 -3.74012821912766 -3.97306855022907 -4.15567569434643 -4.23794936388731 -4.59338986873627 -4.61049684882164 -4.93377055227757 -4.94887760281563 -5.19281806051731 -5.49992507696152 -5.51230721175671 -5.75496418774128 -5.61078804731369 -5.26727822422981 -5.1194354891777 -5.13992583751678 -5.09358288347721 -5.19924005866051 -5.5978972017765 -6.03622072935104 -6.07687783241272 -5.46070183813572 -4.96555250883102 -4.95676410198212 -5.12930871546268 -5.36118690669537 -6.17639820277691 -6.97577998042107 -6.49498751759529 -6.87628418207169 -6.69474387168884 -6.46828871965408 -6.4539999961853 -6.76354485750198 -7.29540374875069 -7.53041380643845 -7.62011379003525 -7.2683972120285
-3.68291892111301 -3.70010124146938 -3.60407570749521 -3.55188371241093 -3.59502493590117 -3.53783276677132 -3.4111699834466 -3.38898942619562 -2.88939512521029 -3.43738677352667 -3.88473533093929 -4.3956883251667 -4.57364156842232 -4.73009459674358 -5.06688113510609 -5.33333419263363 -5.26678735017776 -5.83540718257427 -5.36986030638218 -5.76947991549969 -5.78966821730137 -5.56809152662754 -5.73318113386631 -5.59543770551682 -5.90652750432491 -5.90011744201183 -5.79854048788548 -6.12396375834942 -6.55788716673851 -6.87428256869316 -6.50356671214104 -6.08132302761078 -5.97588773071766 -5.9465938359499 -6.05796658992767 -5.55183909833431 -5.24271181225777 -5.9695845246315 -5.74129045009613 -5.82666338980198 -5.98220254480839 -6.38974192738533 -6.39094805717468 -6.62448734045029 -7.14929977059364 -7.97341021895409 -8.11168238520622 -7.73937129974365
-4.08726913481951 -4.06711250543594 -4.14645585417747 -4.32079923152924 -4.27030923217535 -4.02565257996321 -4.17682921141386 -3.41680623590946 -3.1064076796174 -3.25635984539986 -3.72443687915802 -3.98559727519751 -3.97234098613262 -4.35300140082836 -4.8545391112566 -5.11950498819351 -5.42663741111755 -5.62110328674316 -5.72806917130947 -6.11736808717251 -6.04019592702389 -5.51571840047836 -5.39674109220505 -5.63276378810406 -6.04595305025578 -6.3381422907114 -6.47533163428307 -6.34152071177959 -6.52637687325478 -6.93439948558807 -7.09851437807083 -7.38359695672989 -7.17903444170952 -6.87375709414482 -7.0280456840992 -6.74182486534119 -6.87185874581337 -7.19543758034706 -6.81876015663147 -6.67946061491966 -6.29082803428173 -6.30436201393604 -6.4842292368412 -7.07309645414352 -7.01836264133453 -7.43664026260376 -7.68125131726265 -7.77732089161873
-4.96057815849781 -4.94626171886921 -4.83927349746227 -4.92632709443569 -4.78088077902794 -4.24097244441509 -3.75894105434418 -3.61278983950615 -3.90250365436077 -4.52354125678539 -4.9127454161644 -5.11659471690655 -4.80902872979641 -4.05564963072538 -4.35518722236156 -4.24397465586662 -5.01897044479847 -5.17871628701687 -4.89087882637978 -5.13879135251045 -5.49409011006355 -4.99231632053852 -4.83641758561134 -4.95618543028831 -5.20378686487675 -5.75116740167141 -6.09878922998905 -6.21307791769505 -6.34536698460579 -6.7459888458252 -7.13127762079239 -7.29273298382759 -7.3360583782196 -7.46125358343124 -7.49980866909027 -7.89752918481827 -8.16898974776268 -8.2847001850605 -7.79824462532997 -7.54328063130379 -7.32444182038307 -7.25681126117706 -7.04317712783813 -7.11437234282494 -7.257633715868 -7.56739014387131 -7.78147992491722 -7.77177780866623
-6.09639295935631 -5.6665050983429 -4.97709110379219 -4.58438494801521 -4.41768798232079 -4.2102133333683 -3.93282663822174 -4.49185645580292 -4.7958080470562 -4.69093093276024 -4.97730386257172 -5.33921858668327 -5.10459162294865 -4.81221443414688 -5.40425433218479 -5.3155854344368 -4.82408347725868 -4.47670647501945 -4.61232954263687 -5.02311895787716 -5.34128479659557 -5.56720142066479 -5.71902760863304 -6.01058250665665 -6.25663742423058 -5.92252559959888 -5.59520179033279 -5.55782701075077 -5.5420353859663 -5.70395211875439 -6.12378564476967 -6.76252123713493 -6.90289360284805 -6.9967500269413 -7.48560646176338 -8.0797635614872 -8.38128817081451 -8.53356328606606 -8.37521284818649 -8.55772879719734 -8.62718689441681 -8.24089500308037 -7.67639598250389 -7.72058746218681 -7.4552797973156 -7.36812180280685 -7.55687427520752 -7.75679334998131
-5.11743301153183 -4.81947940587997 -4.49574242532253 -4.35320363938808 -4.14712312072515 -4.58100090920925 -4.68608720600605 -4.5324233174324 -5.08111220598221 -5.11286237835884 -4.99440418183804 -5.2587374150753 -5.33932092785835 -5.05802947282791 -5.52661293745041 -6.01235030591488 -6.24418766796589 -5.80985853075981 -5.23069666326046 -5.70553328096867 -6.3307791352272 -6.61793330311775 -6.87242105603218 -7.16995722055435 -7.3920541703701 -7.21371713280678 -6.64920482039452 -6.68569234013557 -6.77984675765038 -6.16602747142315 -5.95646813511848 -6.95697614550591 -7.57839578390121 -7.94007965922356 -7.97876435518265 -8.20894891023636 -8.29429984092712 -8.50898432731628 -8.81276470422745 -8.97444507479668 -9.16604161262512 -8.75858071446419 -8.33477768301964 -8.41904175281525 -8.18925935029984 -8.07272318005562 -7.70010420680046 -7.70033949613571
-4.30940993130207 -4.5285412222147 -4.16894483566284 -4.35333712399006 -4.74397957324982 -5.12653864920139 -4.98088932037354 -4.90657350420952 -5.26270820200443 -5.46046049892902 -5.44554589688778 -5.80378730595112 -5.44417545199394 -5.40301105380058 -5.43488815426826 -6.13535434007645 -6.8475379049778 -6.75222131609917 -6.31390461325645 -6.57642158865929 -6.30664013326168 -6.92189383506775 -7.50384005904198 -7.57196515798569 -7.38582158088684 -7.08457532525063 -7.17566230893135 -7.57091629505157 -7.47950321435928 -6.91809016466141 -6.3540256023407 -6.63807302713394 -7.024110019207 -7.29734361171722 -7.8867554962635 -8.18443459272385 -8.25744700431824 -8.53779250383377 -8.72113817930222 -8.90056902170181 -8.88519641757011 -8.67244902253151 -8.40202105045319 -8.36019992828369 -8.40006500482559 -8.49647268652916 -8.35583427548409 -8.24171885848045
-4.49124975502491 -3.87124021351337 -4.02241792529821 -4.56935113668442 -4.9984193444252 -5.27941823005676 -5.26960596442223 -5.50812689960003 -5.62731835246086 -5.65451475977898 -5.72821089625359 -5.9719071239233 -5.72277995944023 -5.95132586359978 -5.84874685108662 -5.87920950353146 -6.17922121286392 -6.89075088500977 -7.21161606907845 -7.4148151576519 -7.18367892503738 -7.11152097582817 -7.21920761466026 -7.41839411854744 -7.63691401481628 -7.75076687335968 -7.87712019681931 -8.11330673098564 -8.04482653737068 -7.61117950081825 -7.28616651892662 -7.82905277609825 -7.84239938855171 -7.25112497806549 -7.28685948252678 -7.8340106010437 -8.17192727327347 -8.28326743841171 -8.42344096302986 -8.52178126573563 -8.49095496535301 -8.5892952978611 -8.8819168806076 -8.9634080529213 -8.75080150365829 -8.58519685268402 -8.59023082256317 -8.54526495933533
-4.90021577477455 -4.14388676732779 -4.73289109766483 -5.06527079641819 -5.33934846520424 -5.77623817324638 -6.04946108162403 -5.98868417739868 -6.21940010786057 -6.37995111942291 -6.19048461318016 -6.38102674484253 -6.16956892609596 -6.73161134123802 -6.83765351772308 -6.78636273741722 -6.67307135462761 -6.77761352062225 -7.44149884581566 -7.69425454735756 -7.67064368724823 -7.76311725378036 -7.54743400216103 -7.64955335855484 -7.87517264485359 -8.11345851421356 -7.84741127490997 -7.90169730782509 -8.03248313069344 -7.77593570947647 -7.82988840341568 -8.27784106135368 -8.34256801009178 -7.96811467409134 -7.96322450041771 -8.18457254767418 -8.33707430958748 -8.73840901255608 -8.98591056466103 -9.16344183683395 -9.03229674696922 -8.85091525316238 -8.9205070734024 -9.07823729515076 -9.08073940873146 -8.58627739548683 -8.46312734484673 -8.6416442990303
-4.72694961726665 -4.25194126367569 -4.56547448039055 -5.31086501479149 -5.63565237820148 -5.97998690605164 -6.36749845743179 -6.4871766269207 -6.90228775143623 -7.22959199547768 -6.91729110479355 -6.77288565039635 -6.71498483419418 -6.7536079287529 -7.10489743947983 -7.36234313249588 -7.52377006411552 -7.15793260931969 -7.31455519795418 -7.81055063009262 -8.11657163500786 -7.97906196117401 -7.82344537973404 -7.96452787518501 -7.82261028885841 -7.86419287323952 -8.112941801548 -8.27069097757339 -8.19477307796478 -7.88635557889938 -8.18427115678787 -8.47285357117653 -8.57326084375381 -8.26700603961945 -8.47039058804512 -8.67662334442139 -8.66949325799942 -8.81208631396294 -9.04315280914307 -9.08171805739403 -9.04745009541512 -9.14818215370178 -9.04374751448631 -9.00131285190582 -8.96433568000793 -8.78298234939575 -8.68279576301575 -8.76477593183517
-4.69633667171001 -4.91781517863274 -4.79591862857342 -5.27225302159786 -5.64596606791019 -5.53867918252945 -6.09355875849724 -6.51860359311104 -6.91276574134827 -7.47553494572639 -7.36456289887428 -7.1320795416832 -7.55661877989769 -7.68656328320503 -7.40954497456551 -7.54895853996277 -7.63062238693237 -7.986119389534 -7.99857470393181 -7.90773841738701 -8.17379686236382 -8.07733228802681 -8.23737052083015 -7.99515077471733 -8.02455988526344 -8.36985537409782 -8.45568361878395 -8.65755382180214 -8.638363301754 -8.31160590052605 -8.47218146920204 -8.56642407178879 -8.68664434552193 -8.6959653198719 -8.64281618595123 -8.66516703367233 -8.75747606158257 -8.82261854410172 -8.93930268287659 -8.9507782459259 -8.8600041270256 -8.92692938446999 -8.84720551967621 -8.81534811854362 -8.78997939825058 -8.90076646208763 -8.82371973991394 -8.97700646519661
-5.54264061152935 -5.64949758350849 -5.45011240243912 -6.06517268717289 -6.5440810918808 -6.1303421407938 -5.92114041745663 -6.27132081985474 -6.80737113952637 -7.03962433338165 -7.43137726187706 -7.35646370053291 -7.81891411542892 -7.97335633635521 -7.99788510799408 -7.79136553406715 -7.76589572429657 -8.06398195028305 -8.14440169930458 -8.25955113768578 -8.28606584668159 -8.16580185294151 -8.29220402240753 -8.21727374196053 -8.36950945854187 -8.75724545121193 -8.81510430574417 -8.56605094671249 -8.40550664067268 -8.64152580499649 -8.73692518472672 -8.71614837646484 -8.81077495217323 -8.84438335895538 -8.75815856456757 -8.76522544026375 -8.93504226207733 -9.1761092543602 -9.16021767258644 -9.16357603669167 -9.11385145783424 -8.88554322719574 -8.7935266494751 -8.95933955907822 -8.98137006163597 -8.93277260661125 -8.9894668161869 -9.17970997095108
-6.25894740223885 -6.3533461689949 -5.99157801270485 -6.51258128881454 -6.63221701979637 -6.83035305142403 -7.03515553474426 -6.36282792687416 -6.38982725143433 -6.8849706351757 -7.21477952599525 -7.19351455569267 -7.55341610312462 -7.77015075087547 -8.104552090168 -7.79795375466347 -7.66885536909103 -8.01358985900879 -8.22682499885559 -8.38223895430565 -8.34054192900658 -8.18210431933403 -8.09085321426392 -8.09916290640831 -8.27209728956223 -8.67468839883804 -8.67308458685875 -8.38277566432953 -8.44800201058388 -8.81418639421463 -8.86053743958473 -8.89830553531647 -8.84276831150055 -8.79805120825768 -8.84029257297516 -9.05886724591255 -9.13890007138252 -9.18355822563171 -9.1596328318119 -9.1078325510025 -9.16815707087517 -9.1604397892952 -9.13655629754066 -9.07292252779007 -9.02455240488052 -9.02448713779449 -9.20378175377846 -9.27009373903275
-6.65464666485786 -6.78737235069275 -6.79490637779236 -7.01965567469597 -6.69135311245918 -6.94919717311859 -7.18937435746193 -7.18021860718727 -6.81720948219299 -6.3859691619873 -6.52906182408333 -6.96165469288826 -7.11158081889153 -7.43996527791023 -7.76938173174858 -7.80743163824081 -7.95831474661827 -8.12003147602081 -8.23874807357788 -8.36746472120285 -8.4343509376049 -8.49240711331367 -8.36946326494217 -8.27062505483627 -8.27855804562569 -8.3081573843956 -8.22246503829956 -8.25398135185242 -8.63045594096184 -8.9502637386322 -8.86219641566277 -8.89575406908989 -8.8508867919445 -8.84459406137466 -9.0128016769886 -9.05367568135262 -9.14717477560043 -9.25650706887245 -9.30925595760345 -9.32363033294678 -9.35217094421387 -9.26504495739937 -9.42679393291473 -9.4621995985508 -9.31287625432014 -9.11978513002396 -8.97900205850601 -9.12747743725777
-7.30623057484627 -7.17999991774559 -7.04274481534958 -6.98760378360748 -6.95615574717522 -7.13920813798904 -7.14359337091446 -7.15605032444 -7.07880002260208 -7.05271741747856 -6.67638465762138 -7.0485103726387 -7.40705272555351 -7.59721994400024 -7.90487787127495 -8.18290945887566 -8.43261450529099 -8.45897296071053 -8.44583794474602 -8.25851553678513 -8.26987725496292 -8.51104319095612 -8.50225931406021 -8.76064231991768 -8.60902541875839 -8.31490796804428 -8.31838068366051 -8.38160356879234 -8.44349285960197 -8.65104907751083 -8.80764681100845 -8.75561952590942 -8.73413008451462 -9.09022033214569 -9.30914413928986 -9.37648409605026 -9.16469928622246 -9.07237282395363 -9.14558762311935 -9.21059447526932 -9.42364296317101 -9.4331915974617 -9.41099014878273 -9.35024705529213 -9.31262505054474 -9.37841629981995 -9.06404069066048 -8.89091527462006
-7.36732152104378 -7.22804415225983 -7.06342649459839 -7.15369841456413 -7.06545859575272 -7.0397190451622 -7.13159134984016 -7.20447412133217 -7.11884894967079 -7.06213217973709 -6.9295406639576 -7.11036595702171 -7.58210775256157 -7.64951637387276 -7.70109143853188 -7.82637491822243 -8.27723413705826 -8.37524741888046 -8.33455875515938 -8.2846340239048 -8.14551120996475 -8.28006559610367 -8.56049537658691 -8.62784114480019 -8.33072900772095 -8.23682510852814 -8.3968380689621 -8.66330903768539 -8.67590489983559 -8.45950123667717 -8.55218052864075 -8.83302667737007 -8.88170704245567 -9.00717982649803 -9.17744460701942 -9.35329246520996 -9.39959898591042 -9.28478008508682 -9.40187805891037 -9.40718418359756 -9.25578212738037 -9.25087985396385 -9.25643607974052 -9.15040889382362 -9.16680717468262 -9.16104733943939 -9.12020435929298 -9.07623589038849
-7.82130470871925 -7.36317175626755 -7.11289897561073 -7.05612653493881 -7.20292821526527 -7.22306314110756 -7.24719825387001 -7.27483341097832 -7.35106509923935 -7.47472712397575 -7.25453045964241 -7.06751331686974 -7.28628793358803 -7.49189603328705 -7.59108746051788 -7.69757032394409 -7.92372012138367 -7.99653649330139 -8.20501950383186 -8.06171059608459 -8.09681198000908 -8.27803134918213 -8.33650058507919 -8.08672013878822 -8.08539795875549 -8.20620080828667 -8.42133665084839 -8.38209781050682 -8.38823381066322 -8.75153657793999 -9.27629780769348 -9.63451302051544 -9.70077779889107 -9.26510909199715 -9.11607864499092 -9.03843423724174 -9.2540816962719 -9.42564570903778 -9.30120944976807 -9.36485683917999 -9.44421273469925 -9.43573498725891 -9.56750729680061 -9.43940469622612 -9.31011441349983 -9.31288701295853 -9.33474287390709 -9.16676491498947
