data/train_2003/bio15_avg_2003-2018.asc
NCOLS 664 
NROWS 380 
XLLCORNER 3.91666666666667 
YLLCORNER 55.3333333333333 
CELLSIZE 0.0416666666666666 
NODATA_value -9999 
[rows 176 to 197 of 380, columns 490 to 538 of 664]
46.991283416748 47.0325200557709 47.0030226707458 46.8132898807526 46.6263704299927 46.5875105857849 46.3028337955475 46.1554391384125 46.0571188926697 46.3044118881226 45.9895706176758 45.9930794239044 46.0611491203308 46.1477630138397 45.9732849597931 46.2141892910004 46.3222420215607 46.1951322555542 45.6069893836975 45.4582266807556 45.7432866096497 45.7721481323242 45.8305201530457 46.1715404987335 46.1956510543823 46.068943977356 46.0617442131042 46.2432248592377 46.4445490837097 46.6953258514404 46.5670838356018 46.6592769622803 46.4619572162628 46.4583418369293 46.5174040794373 46.5234797000885 46.3686447143555 46.7346386909485 46.5472702980042 46.6166362762451 46.5028660297394 46.147025346756 46.2167048454285 46.2617211341858 46.2928845882416 46.2144334316254 46.346734046936 46.1109750270844 46.0935840606689
46.9945857524872 46.7737255096436 46.7721834182739 46.5960583686829 46.6910793781281 46.4186499118805 46.5576393604279 46.5802009105682 46.2943370342255 46.2387578487396 45.8110427856445 45.7944061756134 45.9801380634308 45.9366230964661 45.849258184433 45.9203567504883 45.6938931941986 45.9210572242737 46.1559443473816 46.0962455272675 46.1425881385803 46.2100610733032 46.0628011226654 46.0399429798126 46.1782493591309 46.0705869197845 46.0794191360474 46.0864217281342 46.4934260845184 46.4321179389954 46.7985460758209 46.743400812149 46.7342994213104 46.5863454341888 46.3163363933563 46.6300210952759 46.6099305152893 46.7616260051727 46.4509651660919 46.6392176151276 46.515682220459 46.3596868515015 46.4515829086304 46.1038043498993 46.145162820816 46.0930709838867 46.1897673606873 46.2659742832184 46.2996363639832
47.0545217990875 46.8375825881958 46.7289052009583 46.5120146274567 46.6954596042633 46.5781357288361 46.0032246112823 46.09539270401 46.3076944351196 46.0328125953674 46.2918682098389 46.0334298610687 46.0093731880188 45.814201593399 46.0527696609497 46.0868871212006 45.7234771251678 45.72474193573 45.8077337741852 46.1154811382294 45.9872744083405 46.4998910427094 46.3342690467834 45.7197544574738 45.9774734973907 46.3363976478577 46.1294450759888 46.2540662288666 46.2658202648163 46.1406779289246 46.161872625351 46.2651195526123 46.5433406829834 46.5564815998077 46.6072907447815 46.7478127479553 46.9227623939514 46.9044585227966 46.4510273933411 46.4615206718445 46.0652294158936 46.398665189743 46.3379724025726 46.0663197040558 46.439998626709 46.3147554397583 46.4794509410858 46.4815948009491 46.666202545166
46.5785577297211 46.6702959537506 46.4084911346436 46.8021426200867 46.7646889686584 46.42516040802 46.1435747146606 46.261730670929 46.409482717514 45.955459356308 45.8284978866577 46.0941133499146 46.1249618530273 45.7460763454437 45.9544050693512 46.0672798156738 46.093742609024 45.8118193149567 45.802232503891 45.933614730835 45.9880630970001 45.8965570926666 46.1369225978851 46.0001802444458 45.6700577735901 45.9992108345032 46.4779140949249 46.1337668895721 46.4304482936859 46.4215612411499 46.4296691417694 46.3697934150696 46.3164258003235 46.207338809967 46.2372193336487 46.4119870662689 46.4312996864319 46.5978910923004 46.4247403144836 46.0428574085236 46.3099982738495 46.5691704750061 46.3420774936676 46.3792080879211 46.4510428905487 46.6934025287628 46.6078670024872 46.2343993186951 46.0859248638153
46.847149848938 46.5378701686859 46.6548917293549 46.8122346401215 46.5774574279785 46.7565624713898 46.6251101493835 46.48606133461 46.4176833629608 45.9364216327667 45.8412666320801 46.1374163627625 45.9420042037964 45.6451036930084 45.8059465885162 45.9176595211029 45.8687725067139 45.7155182361603 45.5658910274506 45.9374554157257 45.8426620960236 46.0028531551361 46.0331332683563 46.125962972641 45.9137356281281 45.9719812870026 46.3255677223206 46.3101375102997 46.2463226318359 46.4917747974396 46.2906491756439 46.2866621017456 46.094242811203 46.4735660552979 46.2960875034332 46.1725039482117 46.4514963626862 46.4308075904846 46.3404350280762 46.0697576999664 46.2059941291809 46.1774437427521 46.2369439601898 46.5366961956024 46.5331811904907 46.2979211807251 46.3478391170502 46.4409787654877 46.575186252594
46.7922694683075 46.2930755615234 46.2240831851959 46.3865840435028 46.5171220302582 46.6511785984039 46.6167778968811 46.6745822429657 46.6142022609711 46.4691553115845 46.2974886894226 46.1911811828613 46.2064888477325 45.461879491806 45.7222511768341 45.8157904148102 46.0326662063599 45.9064300060272 45.9928915500641 46.0845754146576 46.0859375 46.082070350647 46.329488992691 46.2862238883972 46.0748012065887 46.0892508029938 46.1752023696899 46.0059475898743 46.2088625431061 46.369877576828 46.0490906238556 46.1987283229828 46.5278396606445 46.4145476818085 46.5109233856201 46.4709320068359 46.1347036361694 45.8049304485321 45.9478535652161 46.0768966674805 46.2256760597229 46.4958527088165 46.6616494655609 46.3532133102417 46.9279997348785 46.7082414627075 46.5637831687927 46.6583576202393 46.5873103141785
46.1885581016541 46.5118849277496 46.5355863571167 46.598858833313 46.5435264110565 46.7202789783478 46.9450368881226 47.0193781852722 46.8101670742035 46.3153886795044 46.2149186134338 46.1875245571136 46.3181142807007 46.2986297607422 46.2736167907715 46.1307542324066 45.8479819297791 46.060656785965 46.1555750370026 46.3647255897522 45.92826795578 45.9619832038879 46.0805821418762 46.2542304992676 46.0324144363403 46.1152582168579 46.1275141239166 46.2178728580475 46.0433459281921 45.9213044643402 46.1614775657654 45.9933879375458 46.0126852989197 46.4671273231506 46.4209353923798 46.4508981704712 46.1521580219269 45.8173723220825 46.0195710659027 46.502161026001 46.7453062534332 46.3305561542511 46.9279808998108 46.5939137935638 46.6054651737213 46.5522465705872 46.4817032814026 46.449565410614 46.3492314815521
46.2912802696228 45.9066255092621 46.018196105957 46.0997195243835 46.179548740387 47.0023827552795 47.0830845832825 47.0844247341156 46.3295288085938 45.800235748291 45.6654171943665 45.6403560638428 45.5469236373901 46.2299389839172 46.6703569889069 46.4158372879028 46.2084691524506 46.238557100296 46.3371753692627 46.3465371131897 46.2704598903656 46.4014616012573 46.3463020324707 46.0388762950897 46.0079138278961 46.3981575965881 46.2766718864441 46.2015814781189 45.9142727851868 46.0467817783356 46.0707728862762 46.749805688858 46.5961625576019 46.3506407737732 46.4927549362183 46.4539365768433 46.2812204360962 46.5938692092896 46.5603692531586 46.4787826538086 46.17373919487 46.6131041049957 46.6047031879425 46.5751421451569 46.4251770973206 46.58811211586 46.3879693746567 46.1629191637039 46.2566154003143
46.6742486953735 46.4691078662872 46.2402975559235 46.0642740726471 46.3527314662933 46.6209778785706 46.8710949420929 46.8647384643555 46.9067528247833 46.9988384246826 46.4495205879211 46.7908368110657 46.260514497757 46.6267368793488 46.7821912765503 46.409827709198 46.3503570556641 46.4651935100555 46.5948469638824 46.5998976230621 46.8741419315338 46.5430657863617 46.5538847446442 46.9845411777496 46.3459293842316 46.7071299552917 46.4153077602386 45.8884997367859 45.9615321159363 46.1773040294647 46.2546474933624 46.2440524101257 45.9398908615112 45.9781630039215 46.2469108104706 46.374990940094 46.3594737052917 46.8526062965393 46.6969819068909 46.5315589904785 46.5746072530746 46.7425074577332 46.7367336750031 46.589004278183 46.4120705127716 46.2656562328339 45.9452106952667 46.424663066864 46.346212387085
46.6016039848328 46.4631724357605 46.3680527210236 46.3545751571655 46.2436814308167 46.2809791564941 46.4487724304199 46.5692415237427 46.3863837718964 46.6787259578705 46.511538028717 46.7258605957031 46.8310694694519 46.8161947727203 46.8026659488678 46.8134443759918 46.5523886680603 46.5342564582825 46.9679067134857 46.8277270793915 46.7759735584259 46.8016955852509 47.0752387046814 46.6924033164978 46.593493938446 46.4214189052582 46.4225652217865 46.5618448257446 46.416232585907 46.1918363571167 46.1083681583405 46.4457702636719 46.296483039856 46.2910063266754 46.4581792354584 46.5385992527008 46.4476850032806 46.5967788696289 46.8142127990723 46.8065314292908 46.9422798156738 46.8542232513428 46.8921480178833 46.8767640590668 46.954999089241 46.9282846450806 46.636238694191 46.6958531141281 46.4980537891388
46.546452999115 46.5432775020599 46.2468376159668 45.9365224838257 46.5140595436096 46.4744534492493 46.6665918827057 46.6891739368439 46.7194542884827 46.9000086784363 46.9700911045074 47.0737173557281 47.2688930034637 47.0012056827545 46.9729733467102 46.9891452789307 46.7531952857971 47.1037077903748 46.8909113407135 46.9246392250061 46.9308652877808 47.0481324195862 47.054726600647 47.0644681453705 46.9640724658966 46.5286731719971 45.9981803894043 46.0995373725891 46.2957057952881 46.5091414451599 46.205527305603 46.5024800300598 46.5021715164185 46.4362015724182 46.4023714065552 46.7081277370453 46.4966856241226 46.6918249130249 46.6784826517105 46.6972292661667 46.9327063560486 46.9038257598877 46.8749449253082 47.1791820526123 46.7824453115463 46.9713487625122 46.8362338542938 46.6492681503296 46.6369616985321
46.6799075603485 46.385680437088 46.5999212265015 46.3999850749969 46.4714465141296 46.7091829776764 46.581285238266 46.5387630462646 46.7273406982422 46.9047319889069 46.8723804950714 47.1296863555908 47.301007270813 47.2266392707825 46.485344171524 47.1904866695404 47.1758978366852 46.7675130367279 47.0352830886841 47.1321275234222 47.0715441703796 46.9000790119171 47.0601806640625 46.8069798946381 46.995902299881 47.0212481021881 46.7396476268768 46.4414215087891 46.338855266571 46.5691044330597 46.412335395813 46.711991071701 46.4104108810425 46.2955162525177 46.4799513816833 46.7204678058624 46.7332227230072 46.8957414627075 46.890558719635 46.6720780134201 46.9366854429245 46.7531836032867 46.6166479587555 46.9460833072662 46.9671152830124 46.8511923551559 46.9469399452209 46.8861255645752 46.9697268009186
46.7489166259766 46.6541457176208 46.4819331169128 46.577778339386 46.893346786499 46.9250168800354 46.9635231494904 46.3966302871704 46.8679556846619 46.9650228023529 47.0644564628601 47.0272574424744 47.3485019207001 47.0412337779999 47.0485577583313 47.5193629264832 47.3369336128235 47.2909109592438 46.9978213310242 47.1472268104553 47.0908207893372 46.9693486690521 47.0898771286011 47.0452778339386 46.8851418495178 46.8754880428314 46.9127645492554 46.9848175048828 47.0112342834473 46.6355671882629 46.6828422546387 46.3698425292969 46.2042434215546 46.0391843318939 46.3340319395065 46.5089330673218 46.6864433288574 46.6757701635361 46.7927175760269 46.7747288942337 46.8380632400513 47.0181927680969 46.8887425661087 46.9526685476303 46.9782625436783 47.0389630794525 47.0785381793976 47.085284113884 46.6059635877609
47.1199667453766 47.2074897289276 46.9051425457001 46.9003510475159 46.9393694400787 46.9349007606506 46.9608254432678 47.2108235359192 47.345899105072 47.305820941925 47.3080518245697 47.271107673645 47.3644225597382 47.2155780792236 47.2055897712708 47.09827709198 47.1590781211853 47.3793141841888 47.1966388225555 47.0843622684479 47.3775072097778 47.1365416049957 47.2546899318695 47.4275176525116 47.0085115432739 47.0625803470612 46.9058656692505 46.8374919891357 46.972930431366 46.6949505805969 46.7347722053528 46.8917455673218 46.8235187530518 46.5250157117844 46.5529487133026 46.772268652916 46.9215975999832 47.1182090044022 47.0388211011887 47.0130401849747 47.0657110214233 46.9253661632538 46.963379740715 46.7637708187103 46.9345532655716 46.8815780878067 46.338852763176 46.743528842926 46.7443020343781
47.3001997470856 47.3210906982422 47.5204350948334 47.2653868198395 47.2104189395905 47.1273589134216 47.2695336341858 47.1356780529022 47.4290051460266 47.3690767288208 47.5484619140625 47.2255868911743 47.3187642097473 47.3351755142212 47.312716960907 47.2383499145508 47.6861691474915 47.3385486602783 47.3403205871582 47.1777081489563 47.4360001087189 47.4176433086395 47.261997461319 47.6254811286926 47.2554929256439 47.1763210296631 47.0800402164459 47.2106597423553 47.2304375171661 47.0407474040985 47.0580585002899 46.8343563079834 47.0660710334778 46.7935025691986 47.0263848304749 47.0846911668777 47.0443570613861 46.9249246120453 47.0098311901093 47.0058462619781 46.7871006727219 46.6061735153198 46.7821856737137 46.6884808540344 46.9126745462418 46.8801262378693 46.4619219303131 46.4788318872452 46.6381585597992
47.334370136261 47.2158513069153 47.344922542572 47.1276271343231 47.0407752990723 47.0928893089294 47.1418285369873 46.9939024448395 47.1019840240479 47.0384409427643 47.4828245639801 47.3587198257446 47.387859582901 47.3408062458038 47.3974709510803 47.5009355545044 47.9073810577393 47.5899636745453 47.5846033096313 46.9992640018463 47.2704107761383 47.3022236824036 47.370564699173 47.3538026809692 47.6298413276672 47.5057446956635 47.4612238407135 47.4187269210815 47.2172679901123 46.9496009349823 47.0827760696411 47.0953934192657 47.0424997806549 47.0785229206085 47.3289811611176 47.2136633396149 47.1605132818222 47.071932554245 47.1306233406067 46.8193212747574 46.7990201711655 46.8910024166107 46.7517541646957 46.8018118143082 46.6960359811783 46.8595650196075 46.7461901903152 46.6038455963135 46.3832746744156
47.4457979202271 47.2891402244568 47.4141812324524 47.2991502285004 47.4778792858124 47.336532831192 47.2579915523529 47.0385735034943 47.1644725799561 47.1881079673767 47.2608733177185 47.3666925430298 47.2973871231079 47.2598860263824 47.3779230117798 47.6602025032043 47.6703081130981 47.6177923679352 47.7875025272369 47.3663527965546 47.2894344329834 47.5552361011505 47.9073188304901 48.0047047138214 47.9500870704651 47.4771428108215 47.602813243866 47.7602787017822 47.7478241920471 47.0274410247803 47.3308076858521 47.2791213989258 47.2724318504333 47.5731784105301 47.8711448907852 47.4458440542221 47.4460335969925 47.6473231315613 47.6585711240768 47.3226523399353 47.145068526268 47.183656334877 47.2243399620056 46.8763092756271 46.6445832252502 46.7858525514603 46.4321197271347 46.2616680860519 46.706728219986
47.5789716243744 47.5618627071381 47.5102417469025 47.4638357162476 47.0917775630951 47.1372389793396 47.2582943439484 47.216160774231 47.0624721050262 47.5241603851318 47.1542108058929 47.4566361904144 47.4237213134766 47.7798593044281 47.578765630722 47.5281674861908 47.8315358161926 47.7839257717133 47.4964156150818 47.3953812122345 47.0409590005875 47.2335846424103 47.9590516090393 48.0769679546356 47.7537195682526 47.4757921695709 47.9382619857788 47.8550364971161 47.4458136558533 47.9110462665558 47.4035017490387 47.251428604126 47.0660011768341 47.3340238332748 47.7074484825134 47.7558584213257 47.7966066598892 47.2494893074036 47.6133168935776 47.4241753816605 47.4122346639633 47.2289746999741 47.0953047275543 47.0669388771057 46.6670736074448 46.9190810918808 46.626851439476 46.7298437356949 46.8088985681534
47.7419836521149 47.7549901008606 47.3713426589966 47.4769818782806 47.4023997783661 47.3391206264496 47.1934680938721 47.3098273277283 47.4891595840454 47.1798322200775 47.4311149120331 47.5228724479675 47.7283620834351 47.7178111076355 47.7323706150055 47.6113209724426 47.3988237380981 47.5164766311646 47.9575977325439 47.4153363704681 47.6636738777161 47.7870123386383 48.2718322277069 48.4943127632141 48.5351610183716 48.2464699745178 48.3171181678772 48.3025159835815 47.9290368556976 48.0645823478699 47.8534340858459 47.8522939682007 48.0849256515503 48.2324653863907 48.1945867538452 47.8729412555695 47.5462703704834 47.403663277626 47.4027899503708 47.0740767717361 47.3698109388351 47.3667678833008 47.0392398834229 47.3406151533127 46.8374289274216 46.6616234779358 46.7966678142548 46.554384469986 46.3786555528641
47.8627965450287 47.7274372577667 47.7023158073425 47.7216713428497 47.4462115764618 47.5770792961121 47.5045421123505 47.4728300571442 47.5156261920929 47.7639305591583 47.3627252578735 47.5483179092407 47.7213759422302 47.6585559844971 47.6125600337982 47.7795078754425 47.8928034305573 48.1690950393677 48.2599155902863 48.3017144203186 48.1605052947998 48.6171367168427 48.4983203411102 48.4538712501526 48.3976023197174 48.2901453971863 48.2380912303925 48.3832252025604 48.0929465293884 48.4031808376312 48.0430315732956 48.3279033899307 48.3633899688721 48.2529695034027 48.2932251691818 48.0105535984039 47.8823750019073 47.7129794359207 47.318498134613 47.4118233919144 47.2265429496765 47.3687083721161 47.3442202806473 47.0981422662735 47.0626472234726 46.7833449840546 46.4801523685455 46.3155025243759 46.4849436283112
48.301666021347 47.9951596260071 47.6942186355591 47.9559726715088 47.4730277061462 47.4347279071808 47.4372596740723 47.5051527023315 47.8317852020264 47.7934589385986 47.8636593818665 47.8840410709381 47.5087647438049 47.428126335144 47.726660490036 47.9016211032867 48.2874324321747 48.2167322635651 48.5798630714417 48.6743698120117 48.7900173664093 48.9172914028168 48.6783599853516 48.3689626455307 48.7034895420074 48.7422916889191 48.7294896841049 48.4044996500015 48.5237050056458 48.2789375782013 48.7586965560913 48.7049632072449 48.7787971496582 48.4961520433426 48.4106824398041 48.7593947649002 48.0216159820557 47.7778913974762 47.4569110870361 47.2669310569763 47.4744482040405 47.3144334554672 47.3007673025131 47.0538508892059 46.8510339260101 46.9821588993073 47.1428217887878 46.8224793672562 46.4839700460434
48.5915451049805 48.0136637687683 47.9800326824188 47.5961520671844 47.6160249710083 47.5188426971436 47.558162689209 47.3488781452179 47.8139872550964 47.9562656879425 47.8315699100494 48.0391981601715 48.1788775920868 48.0979228019714 47.9627623558044 48.1473386287689 48.3657281398773 48.2772064208984 48.7854595184326 48.5847330093384 48.5231766700745 49.1628267765045 49.087025642395 48.8804965019226 48.6963789463043 48.9552044868469 48.9338198900223 48.984267115593 49.0420297384262 48.7636528015137 48.8387738466263 49.0965740680695 48.7820280790329 48.6429845094681 48.7522633075714 48.3677051067352 48.1305568218231 48.3061851263046 48.2729173898697 47.9134594202042 47.2156581878662 47.4857164621353 47.707148194313 47.370077252388 46.9267885684967 47.09459233284 46.9307640790939 46.982329249382 46.8945088386536
