data/train_2003/bio12_avg_2003-2018.asc
NCOLS 664 
NROWS 380 
XLLCORNER 3.91666666666667 
YLLCORNER 55.3333333333333 
CELLSIZE 0.0416666666666666 
NODATA_value -9999 
[rows 242 to 263 of 380, columns 98 to 146 of 664]
1074.40636062622 1217.29418182373 1171.64298629761 1141.84140396118 1287.27196502686 1197.63160705566 1030.78614807129 1063.76980209351 1111.27945709229 1060.2025680542 968.018882751465 986.31954574585 896.91890335083 824.092193603516 768.055629730225 868.739654541016 882.749462127686 786.728008270264 767.489040374756 771.953819274902 768.198081970215 752.657344818115 719.540103912354 622.977127075195 613.395690917969 675.074871063232 622.600593566895 615.206535339355 670.26490020752 723.575748443604 749.408199310303 738.471672058105 716.425064086914 733.718265533447 753.112453460693 758.105312347412 747.244743347168 769.306114196777 798.497604370117 830.208339691162 849.760402679443 859.817100524902 887.867294311523 893.453044891357 853.580085754395 818.206241607666 792.672492980957 800.756019592285 778.189224243164
998.208850860596 1046.33755493164 1008.76368713379 1042.49373626709 1129.53016662598 1094.23706054688 1037.38784408569 909.579959869385 1106.80395889282 1139.27599716187 1170.76165390015 1131.42169189453 1090.4162902832 880.667781829834 834.181797027588 874.207691192627 832.47876739502 795.937755584717 752.364238739014 765.641956329346 747.031681060791 733.85237121582 745.585041046143 742.160278320312 653.57063293457 604.172664642334 651.962348937988 674.546592712402 621.868385314941 668.515209197998 712.341400146484 723.152568817139 751.5771484375 782.757347106934 789.307720184326 749.102485656738 726.921184539795 733.357688903809 789.22456741333 807.218673706055 815.505199432373 805.840423583984 805.750679016113 796.770599365234 790.368087768555 794.015552520752 784.166355133057 776.635982513428 769.844081878662
1138.90587615967 1102.58067321777 1109.19115447998 980.720733642578 1081.46432113647 1072.09271621704 1012.9994392395 933.538806915283 862.688606262207 990.386638641357 946.061851501465 968.347358703613 964.925270080566 895.377067565918 794.109916687012 852.72257232666 974.030574798584 857.088600158691 742.038162231445 779.533184051514 797.468017578125 749.458656311035 741.567962646484 734.371566772461 722.258453369141 694.053268432617 632.802494049072 634.120182037354 624.755323410034 602.792379379272 627.049055099487 676.272315979004 757.378017425537 789.909034729004 802.977779388428 773.208278656006 744.684917449951 716.003520965576 728.358360290527 792.45658493042 807.618877410889 814.077037811279 816.511375427246 809.793930053711 799.744724273682 798.406131744385 792.863845825195 795.69743347168 779.518089294434
1192.23193740845 1100.34062957764 1042.91841506958 1008.15590667725 978.17342376709 949.889980316162 887.830406188965 894.881896972656 852.720252990723 811.249485015869 832.567089080811 915.132522583008 983.060794830322 1012.01675415039 979.188404083252 828.84838104248 755.508525848389 751.617317199707 739.551628112793 720.942371368408 734.955371856689 739.450744628906 753.766109466553 752.911388397217 767.536842346191 775.619812011719 747.619091033936 721.428997039795 718.728759765625 702.976848602295 663.331256866455 607.239622116089 642.152450561523 701.684085845947 788.534214019775 822.151214599609 809.681732177734 778.510646820068 712.429737091064 772.3551902771 823.256504058838 809.331924438477 806.696380615234 818.18595123291 824.776748657227 818.910739898682 803.22082901001 794.369491577148 786.6696434021
1355.354347229 1253.05168533325 1156.93064498901 1121.71690750122 1088.47427749634 912.6344871521 893.052947998047 881.211135864258 911.347198486328 834.194202423096 747.037738800049 818.808200836182 919.692211151123 923.416603088379 1054.92518234253 1054.42594528198 912.554058074951 775.674705505371 760.563381195068 741.025863647461 713.738204956055 715.99825668335 725.598575592041 726.2841796875 737.592884063721 750.795028686523 755.795845031738 758.449424743652 758.071044921875 728.703662872314 689.171989440918 715.667575836182 733.053192138672 677.729824066162 671.007457733154 738.088817596436 790.022312164307 788.932460784912 747.300563812256 716.257747650146 762.402042388916 800.68286895752 798.457454681396 788.269672393799 811.736053466797 837.195106506348 839.951412200928 822.295608520508 785.719512939453
1202.12797546387 1159.18891525269 1136.65493774414 1049.10461044312 1033.29540252686 1028.73960876465 945.034534454346 904.752277374268 852.823104858398 786.995918273926 794.425830841064 796.448692321777 766.306697845459 692.266544342041 725.351928710938 735.720973968506 718.064655303955 699.301288604736 699.789512634277 720.471092224121 711.446968078613 707.729320526123 704.825347900391 699.900535583496 709.132427215576 722.15795135498 712.040943145752 706.349857330322 708.080921173096 711.574710845947 705.410991668701 748.266357421875 784.818164825439 768.852779388428 741.417453765869 686.693901062012 707.742462158203 758.428363800049 768.907379150391 774.001922607422 754.844005584717 723.957977294922 797.411651611328 788.623706817627 749.937805175781 779.817207336426 782.808616638184 779.874282836914 762.610157012939
1032.94919586182 1121.88409423828 1212.94465255737 1221.98303222656 1110.57933807373 1012.96945571899 967.150993347168 874.799736022949 856.343730926514 879.766407012939 897.561851501465 911.935523986816 897.830406188965 862.383628845215 773.113159179688 647.491664886475 654.119258880615 664.75218963623 678.324798583984 691.264579772949 714.391639709473 753.041927337646 749.568798065186 703.329345703125 691.558109283447 692.958576202393 701.370365142822 713.571308135986 740.175193786621 762.143245697021 787.435771942139 783.177856445312 780.428813934326 780.283664703369 759.74499130249 750.644618988037 722.71605682373 691.302955627441 774.359806060791 803.239486694336 813.060863494873 782.793544769287 775.396514892578 798.384346008301 806.833461761475 805.359764099121 816.813438415527 808.934474945068 790.58528137207
924.160221099854 962.63000869751 1053.90464019775 1173.70149612427 1226.36346054077 1201.70112991333 1125.43573379517 1018.7857131958 886.205738067627 944.379390716553 951.382648468018 909.600955963135 845.959060668945 831.793300628662 791.860427856445 740.702671051025 701.936889648438 663.777954101562 628.883144378662 632.145389556885 650.741981506348 678.053653717041 690.630767822266 675.188613891602 680.659778594971 701.866577148438 738.050266265869 788.585155487061 835.402889251709 825.137393951416 816.816497802734 807.767505645752 818.116481781006 820.258598327637 800.327018737793 788.330081939697 788.813980102539 774.394527435303 731.202503204346 720.293758392334 757.730945587158 801.389823913574 828.108329772949 844.245464324951 836.982681274414 841.067276000977 840.361400604248 834.780479431152 831.486186981201
919.546592712402 907.062530517578 898.042224884033 904.060707092285 890.627101898193 902.663631439209 886.194610595703 858.490936279297 830.878845214844 795.402786254883 765.384239196777 755.443321228027 736.806091308594 709.858047485352 708.283946990967 708.383991241455 710.132377624512 695.696224212646 682.389739990234 672.30969619751 646.72017288208 610.93529510498 640.951854705811 642.747798919678 659.42147064209 695.505187988281 742.775650024414 766.04460144043 785.279750823975 800.814163208008 809.476631164551 817.537097930908 792.857112884521 781.500862121582 779.869300842285 780.745071411133 788.365535736084 803.226921081543 807.938385009766 803.062187194824 740.561061859131 779.900096893311 807.414207458496 817.970161437988 847.881336212158 849.74295425415 854.622913360596 862.78254699707 863.720378875732
888.686756134033 926.502807617188 924.602340698242 895.37419128418 853.444808959961 821.974170684814 797.043949127197 770.217502593994 745.496063232422 734.631092071533 728.103343963623 700.883346557617 671.551681518555 682.578227996826 653.46626663208 637.957790374756 636.201515197754 631.040771484375 623.827882766724 614.083673477173 609.068061828613 606.238723754883 619.599056243896 626.717779159546 597.556692123413 676.577033996582 683.642635345459 733.205345153809 776.173534393311 793.825443267822 782.816741943359 764.165874481201 763.458541870117 778.421180725098 797.964660644531 811.90287399292 820.728855133057 817.614353179932 808.985771179199 808.730117797852 790.736251831055 738.358901977539 811.788089752197 830.614452362061 800.080276489258 817.430015563965 831.939094543457 836.072616577148 862.863338470459
821.260341644287 819.195617675781 845.815334320068 850.464649200439 861.615329742432 853.733940124512 824.661880493164 799.974941253662 773.005031585693 752.648544311523 730.698642730713 718.623596191406 665.780422210693 619.513011932373 613.560338973999 607.433897018433 605.078460693359 606.41131401062 599.699810028076 620.069004058838 649.382514953613 659.923042297363 646.366493225098 635.938579559326 610.965818405151 618.865871429443 662.798053741455 710.643627166748 755.743919372559 779.102596282959 777.980289459229 766.006008148193 769.174198150635 801.388938903809 834.793346405029 843.142314910889 839.83882522583 833.030944824219 820.394557952881 817.205577850342 826.760959625244 792.28263092041 787.471122741699 797.612037658691 793.961132049561 756.141498565674 780.497486114502 787.817775726318 851.506420135498
944.134819030762 868.413791656494 837.95938873291 807.283916473389 800.159984588623 783.413417816162 750.122703552246 698.881828308105 712.51123046875 750.422046661377 708.501789093018 651.395748138428 653.815551757812 659.707542419434 657.778030395508 659.938465118408 665.983016967773 678.321277618408 676.351943969727 678.092456817627 665.655841827393 650.876041412354 665.260604858398 673.205413818359 662.930072784424 601.385223388672 645.382923126221 651.988651275635 702.846370697021 748.824684143066 784.963890075684 814.237064361572 818.482280731201 783.704265594482 810.5686378479 855.719272613525 861.094741821289 871.64953994751 851.937526702881 848.450199127197 835.175430297852 818.194683074951 867.348999023438 870.00080871582 860.472763061523 803.984081268311 781.031024932861 756.372039794922 863.177993774414
1334.85343933105 1037.59865570068 953.347003936768 883.840286254883 849.208499908447 805.800510406494 744.670207977295 730.771766662598 747.356018066406 714.149230957031 703.791381835938 710.699108123779 730.51929473877 741.946166992188 705.84700012207 715.181018829346 754.56803894043 714.687442779541 671.84281539917 666.775344848633 666.52889251709 667.05965423584 643.99169921875 635.650058746338 640.176181793213 650.33464050293 615.270942687988 626.318628311157 675.024814605713 767.002571105957 813.862945556641 836.56477355957 835.487380981445 778.050327301025 819.007781982422 884.857353210449 893.103404998779 902.590953826904 914.546123504639 925.047500610352 861.445529937744 803.509220123291 843.917232513428 841.694847106934 816.718547821045 792.549083709717 765.157260894775 739.932319641113 794.261245727539
966.756946563721 952.478382110596 879.970664978027 818.663761138916 795.89527130127 784.679256439209 804.895481109619 808.943168640137 800.11595916748 769.004878997803 755.806591033936 718.208953857422 704.895885467529 697.860038757324 724.390811920166 722.586101531982 696.4245262146 676.216861724854 667.40788269043 643.761112213135 622.063930511475 622.784770965576 657.53689956665 678.206611633301 702.784381866455 745.771965026855 701.527702331543 630.99630355835 658.003898620605 758.470554351807 801.60285949707 840.691730499268 834.001495361328 816.589900970459 810.988735198975 806.389945983887 818.32173538208 865.509860992432 893.321849822998 895.392517089844 856.624629974365 893.056343078613 859.377826690674 843.846599578857 921.133335113525 881.816501617432 853.36079788208 797.928569793701 781.429912567139
900.827404022217 909.979049682617 925.256881713867 893.92733001709 833.044300079346 790.46692276001 765.37414932251 776.447113037109 785.865348815918 757.865703582764 717.977424621582 675.689529418945 671.399333953857 650.216583251953 686.243919372559 666.420913696289 650.757251739502 634.557106018066 617.742929458618 609.271654129028 636.598909378052 703.061973571777 765.916004180908 779.65372467041 768.525115966797 764.645332336426 758.139930725098 715.170124053955 647.156642913818 664.244640350342 730.058853149414 808.263599395752 817.952941894531 798.393909454346 790.505908966064 834.762317657471 877.398998260498 944.413734436035 1017.9495010376 1006.10693359375 995.239559173584 1010.94805526733 1024.59131240845 912.86608505249 974.935176849365 979.818748474121 930.966739654541 865.759563446045 759.727615356445
973.766960144043 959.524322509766 947.974903106689 911.521026611328 886.850444793701 855.239345550537 845.055271148682 828.16674041748 773.500637054443 751.736248016357 779.14094543457 758.487442016602 706.559204101562 660.046951293945 623.080680847168 619.246059417725 629.463335037231 597.841239929199 598.051433563232 603.938911437988 630.118949890137 724.099380493164 804.733818054199 834.413425445557 861.829692840576 855.830791473389 786.884746551514 755.706859588623 712.36763381958 771.105503082275 717.377170562744 693.205402374268 720.853740692139 720.736396789551 716.589469909668 753.516014099121 860.632236480713 891.063430786133 886.220363616943 914.513771057129 957.02555847168 977.462409973145 957.503192901611 925.92626953125 905.15406036377 939.145805358887 938.382888793945 903.040950775146 805.799007415771
974.26696395874 951.291954040527 916.263633728027 901.833354949951 899.983898162842 884.579940795898 860.602558135986 821.491539001465 772.946178436279 744.069553375244 741.181003570557 730.343078613281 705.422100067139 707.384014129639 697.383224487305 683.92064666748 693.038230895996 677.563732147217 727.773265838623 698.931468963623 620.110900878906 664.667499542236 736.704860687256 761.263236999512 820.083187103271 894.442611694336 897.676952362061 856.763763427734 766.013553619385 788.151294708252 783.45694732666 781.344184875488 789.945793151855 787.842224121094 827.942905426025 768.054889678955 758.027397155762 767.632804870605 795.47972869873 824.686855316162 840.002197265625 862.139324188232 859.498096466064 851.714183807373 887.954738616943 946.508682250977 963.283618927002 972.55375289917 874.716415405273
984.762641906738 918.133502960205 867.39155960083 894.84460067749 901.616756439209 898.611053466797 913.136562347412 891.440036773682 854.300724029541 801.746074676514 832.776412963867 806.673950195312 799.521644592285 854.624668121338 848.161010742188 825.49259185791 805.581245422363 683.070308685303 713.665119171143 768.943172454834 673.965618133545 668.682117462158 713.337837219238 741.941535949707 743.182453155518 805.067775726318 830.316967010498 855.621467590332 800.187572479248 850.531185150146 862.331378936768 850.415679931641 939.45369720459 933.751541137695 890.729885101318 893.814514160156 844.768882751465 824.902042388916 748.876430511475 785.344944000244 881.90270614624 892.065776824951 907.457675933838 838.459159851074 850.729888916016 890.949138641357 921.240505218506 976.091167449951 933.45832824707
948.49528503418 951.039951324463 938.858020782471 928.68187713623 926.541355133057 914.186973571777 887.187953948975 875.499057769775 857.293792724609 824.919971466064 777.593830108643 769.490005493164 726.539604187012 821.825889587402 920.730209350586 905.48530960083 857.169910430908 777.868282318115 731.424781799316 642.685279846191 700.099147796631 741.603889465332 706.932846069336 707.514194488525 727.109714508057 793.450256347656 848.683113098145 842.615047454834 788.418087005615 805.465927124023 851.508163452148 894.826286315918 950.94934463501 1049.84846496582 1015.19705200195 956.417404174805 908.987258911133 891.888984680176 838.432048797607 749.459774017334 866.433982849121 857.614139556885 877.194068908691 873.50191116333 806.635601043701 813.600120544434 863.049751281738 850.22106552124 877.722183227539
949.249423980713 952.711265563965 979.130630493164 952.768733978271 954.338821411133 951.506294250488 946.955165863037 904.346332550049 918.494674682617 951.715267181396 896.711170196533 848.598960876465 854.870334625244 760.192749023438 764.400859832764 780.488834381104 746.548091888428 685.162689208984 670.326442718506 664.859783172607 657.558246612549 672.798534393311 688.171836853027 669.883377075195 717.594993591309 748.512313842773 796.367862701416 827.406044006348 846.857669830322 803.460670471191 778.926082611084 854.855651855469 871.384178161621 908.436199188232 1006.25396728516 1070.42589187622 992.500129699707 889.504974365234 833.476909637451 781.359176635742 828.945579528809 890.85818862915 826.534614562988 834.192405700684 842.904499053955 834.921497344971 784.913330078125 835.510696411133 818.084007263184
1027.09466552734 1024.2424659729 974.498344421387 956.970928192139 982.788585662842 952.030712127686 965.649875640869 941.477012634277 929.374744415283 921.817295074463 932.490226745605 864.879337310791 833.350917816162 819.94930267334 817.296798706055 811.58911895752 812.819431304932 804.079528808594 764.692359924316 707.200042724609 717.326885223389 755.54468536377 785.310626983643 682.174903869629 682.207927703857 742.883243560791 764.930236816406 804.523681640625 829.479881286621 814.634117126465 798.847969055176 803.37064743042 758.236701965332 829.150749206543 897.858428955078 946.054744720459 973.901641845703 935.772090911865 766.101474761963 847.150142669678 896.748405456543 894.292339324951 822.058902740479 816.343112945557 799.740802764893 807.334125518799 780.73258972168 794.324363708496 778.752098083496
1054.68357086182 1010.42770004272 977.011417388916 935.947818756104 957.342887878418 956.641746520996 986.260738372803 1005.64992523193 990.534057617188 957.370880126953 949.645927429199 917.36544418335 932.12366104126 916.001823425293 922.218669891357 982.89136505127 983.348499298096 983.074871063232 910.781684875488 853.660861968994 808.76615524292 795.250999450684 821.990520477295 688.759059906006 693.868961334229 761.065727233887 743.654884338379 804.673721313477 835.563411712646 842.208999633789 869.058650970459 867.948505401611 806.862197875977 757.096466064453 850.48140335083 886.456554412842 899.391277313232 875.252643585205 775.051494598389 872.918422698975 888.821277618408 831.614101409912 815.381519317627 843.503196716309 883.333847045898 942.873020172119 910.288650512695 850.428909301758 865.11771774292
