data/train_2003/bio15_avg_2003-2018.asc
NCOLS 664 
NROWS 380 
XLLCORNER 3.91666666666667 
YLLCORNER 55.3333333333333 
CELLSIZE 0.0416666666666666 
NODATA_value -9999 
[rows 132 to 153 of 380, columns 343 to 391 of 664]
44.7720801830292 45.2294416427612 44.6878987550735 44.2717181444168 43.9750851392746 43.7885905504227 43.3366386890411 43.4078034162521 43.5547540187836 43.273979306221 42.6425451040268 42.7058200836182 42.0723938941956 42.1699442863464 42.9536893367767 43.2276790142059 44.1361901760101 44.4079098701477 44.7785754203796 45.077175617218 45.4025855064392 46.5910096168518 47.1990339756012 47.6717112064362 48.3969719409943 48.5416994094849 48.9293665885925 48.2905120849609 47.5219857692719 47.0374939441681 46.8474154472351 46.3372755050659 46.2315170764923 46.2717769145966 46.1865093708038 45.3188724517822 44.7043006420135 44.4629640579224 44.1503419876099 44.1526219844818 44.4824287891388 44.4594215154648 44.1322675943375 43.5212202072144 43.7650991678238 44.486319899559 44.3753489255905 43.7958594560623 44.430334687233
44.7368252277374 44.8721933364868 44.3798837661743 43.9839117527008 43.5982823371887 43.9551167488098 43.5119631290436 43.4677618741989 42.7762924432755 42.8027627468109 42.3872870206833 41.8300918340683 41.9787367582321 42.2482219934464 42.5142134428024 42.5938440561295 43.0972442626953 43.7249517440796 43.9093449115753 44.2926485538483 45.2338626384735 46.0893862247467 46.2273879051208 47.3859946727753 47.9437654018402 48.265650510788 48.1777815818787 48.0038695335388 47.4527838230133 47.1226758956909 46.728743314743 46.0105535984039 45.910368680954 45.4840166568756 45.3542699813843 45.1258316040039 45.156640291214 45.0648474693298 44.4807715415955 44.4365124702454 44.5958514213562 43.7237141132355 43.7219694852829 43.5403411388397 43.3735023736954 43.598531126976 43.145844578743 42.8533798456192 43.4814443588257
44.5500601530075 44.266902089119 44.500605225563 43.7838596105576 43.5956965684891 43.0532627105713 43.0758720636368 42.5995621681213 42.5680757761002 42.0013201236725 41.5192852020264 41.3077080249786 41.1230105161667 41.623507142067 41.7262225151062 41.9991016387939 42.0398800373077 42.3981627225876 42.6284618377686 42.5276598930359 43.1341829299927 44.2693572044373 45.6409916877747 47.0717756748199 47.5119724273682 47.4820408821106 47.4360189437866 47.7330021858215 47.2418913841248 46.4791188240051 46.2800917625427 46.1553316116333 46.0106077194214 45.6761264801025 44.8350105285645 44.8690090179443 44.6103942394257 44.3712718486786 43.9383320808411 43.1266232728958 43.2104964256287 43.0657213926315 44.0233634710312 43.5831867456436 43.2476351261139 43.0695929527283 42.9281400442123 43.0503500699997 43.6929889917374
44.3343887329102 43.7920699119568 43.9951951503754 43.8316493034363 43.7691764831543 43.2874829769135 41.3892993927002 41.6764233112335 41.8268171548843 40.9751689434052 40.7392013072968 40.4061430692673 40.5536524057388 40.6893742084503 40.7281945943832 41.0296884775162 41.3651714324951 41.8809087276459 41.3338718414307 41.9536345005035 42.6235613822937 43.0854804515839 44.4114241600037 46.020037651062 46.5370736122131 47.1972901821136 47.2384948730469 46.8605241775513 45.9689726829529 46.1333632469177 46.4706449508667 46.1271684169769 45.8703684806824 45.4146938323975 44.7356314659119 44.1079595088959 44.1207439899445 43.7403573989868 43.7507345676422 43.6144239902496 43.3472154140472 43.2976062297821 43.7631748914719 43.1577318906784 43.8831179141998 43.8166489601135 43.3236634731293 43.3290718793869 43.6955059766769
43.837238073349 43.6379989385605 43.5258492231369 43.6532076597214 43.0551966428757 42.3247371912003 42.4329017400742 42.8097307682037 41.9841538667679 41.7995401620865 41.5710008144379 40.814634680748 40.2181121110916 39.8682866096497 40.0169219970703 40.2570427656174 40.6842414140701 41.2213985919952 41.8049899339676 42.0064471960068 42.7124221324921 43.2418293952942 43.4299476146698 44.1125588417053 44.9621200561523 46.1531505584717 46.0959510803223 46.3346548080444 45.8747360706329 45.702269077301 45.385062456131 45.12779712677 45.1648571491241 44.4926569461823 44.331063747406 43.9358477592468 44.0955574512482 44.0207452774048 43.3865855932236 42.9866608381271 43.0537034273148 42.9888591766357 42.8882932662964 43.1439278125763 43.7317513227463 43.6985750198364 43.178413271904 43.611931681633 43.7355329990387
43.4636713266373 43.0216389894485 43.4608058929443 43.3827811479568 43.2107312679291 42.9609956741333 42.5650805234909 41.9727739095688 41.6483867168427 41.9012811183929 41.4330718517303 41.328077673912 41.1646345853806 40.2959505319595 39.3418290615082 39.9626425504684 40.0479701757431 40.6392436027527 40.8785262107849 42.2556173801422 42.8793969154358 43.4321315288544 43.5374145507812 44.3337666988373 44.4020440578461 45.220098733902 45.4701211452484 45.1986553668976 45.1755313873291 44.9160132408142 44.7694320678711 44.5253162384033 44.5964188575745 44.4951157569885 44.2193229198456 44.2042062282562 43.6363718509674 43.1409597396851 43.4982227087021 43.8383717536926 43.4798808097839 43.2877591848373 43.468007683754 43.0410703420639 43.0323563814163 43.1597167253494 43.6700012683868 43.5964026451111 43.3118518590927
43.9382898807526 43.2259335517883 43.4994649887085 43.6230924129486 43.1750024557114 42.4258413314819 42.3324090242386 42.0930743217468 41.9445081949234 41.8201406002045 41.4102200269699 41.1964218616486 41.5103689432144 40.9785311222076 41.0335087776184 40.6594290733337 40.4972521066666 41.0472170114517 41.3464119434357 42.1512352228165 43.0636720657349 43.4618735313416 43.9055824279785 44.3115329742432 44.0912547111511 44.1383860111237 44.350606918335 44.1993992328644 44.2102785110474 44.2442984580994 44.1393723487854 43.8217086791992 43.6405577659607 43.6762924194336 43.4387576580048 43.7763018608093 43.7922885417938 43.8429369926453 43.1362924575806 43.3576672077179 43.3508965969086 43.2938741445541 43.3287137746811 43.5554823875427 43.6546068191528 43.3603668212891 43.6086537837982 43.697011590004 43.9078587293625
43.7754081487656 44.0336265563965 44.0329492092133 43.213418006897 43.6493772268295 43.1705182790756 42.0966511964798 41.9420222043991 42.1567898988724 42.022366642952 41.8277627229691 41.0404061079025 40.8982490301132 40.712669968605 40.9479826688766 41.6926716566086 41.8887423276901 42.4207472801208 42.0570105314255 42.394588470459 43.1649584770203 43.6877107620239 43.7541007995605 43.585259437561 43.4074804782867 43.429484128952 43.2644596099854 43.5124342441559 43.6397938728333 43.238995552063 42.89794921875 42.8039019107819 43.0016398429871 42.8380708694458 42.7692141532898 42.5295293331146 43.0136604309082 42.3506262302399 42.8675663471222 43.2911921739578 43.2806831598282 42.9455752372742 43.4796766042709 43.555561542511 43.4627737998962 43.4703767299652 44.0182275772095 44.1543674468994 43.7810746431351
43.7701340913773 43.8177783489227 43.5604034662247 43.7133884429932 43.6234622001648 43.4593605995178 42.6762083768845 42.7068599462509 42.6327087879181 42.9864674806595 41.9690470695496 42.2248762845993 42.2381464242935 41.7538412809372 41.1558400392532 41.2601037025452 41.86257147789 41.4772565364838 42.5861549377441 42.9518573284149 42.9759097099304 43.083291053772 43.4370861053467 43.8663029670715 43.6227345466614 43.6676969528198 43.4919965267181 42.7462351322174 42.7591595649719 42.6425807476044 42.6897559165955 42.4727909564972 42.9102878570557 42.6781544685364 42.274556517601 41.9582138061523 42.2063100337982 42.3405805826187 42.8795508146286 43.1403496265411 43.2030628919601 43.1025727987289 43.0266366004944 43.2474414110184 43.2198107242584 43.1608892679214 43.8152441978455 43.9215269088745 44.3274440765381
43.7120003700256 43.2813781499863 43.4064719676971 43.6419887542725 43.5588589906693 43.7724986076355 43.4373134374619 43.1916460990906 43.3646712303162 42.8601807355881 42.9630281925201 43.1317338943481 43.4130990505219 42.7783079147339 42.3148716688156 41.578560590744 41.7408332824707 41.5075961351395 42.1927273273468 42.6491541862488 43.1430284976959 43.2278952598572 43.4896185398102 43.4847350120544 43.5240445137024 43.5675461292267 42.8519684076309 43.1958837509155 43.245552778244 43.2257313728333 43.0413296222687 42.8909188508987 42.6771532297134 42.5045771598816 41.8720642328262 41.6886612176895 42.294180393219 41.9464871883392 42.1672461032867 42.7049256563187 42.6631197929382 42.6853178739548 42.8935240507126 43.4548033475876 43.9898507595062 43.3604875802994 44.0125278234482 44.3730022907257 43.9191426038742
43.3624188899994 43.0379559993744 43.1047548055649 43.2147332429886 42.7432487010956 43.0335638523102 43.1169763803482 43.4696093797684 43.6155164241791 43.4281094074249 43.1614964008331 42.7048517465591 43.4292161464691 43.558598279953 43.0175082683563 42.514545083046 42.032243847847 42.0041650533676 42.7510085105896 43.1475160121918 43.4797263145447 43.4746112823486 43.6331841945648 43.6121828556061 43.6985785961151 43.6677067279816 43.0044627189636 43.0395262241364 43.2129364013672 43.1482954025269 42.8586423397064 43.1285290718079 42.4515988826752 42.1778789758682 42.3186311721802 42.144763469696 42.2643269300461 42.4490324258804 41.8072650432587 42.4658145904541 42.8705966472626 43.1595768928528 43.0428124666214 42.9339286088943 42.9757610559464 43.5699682235718 43.4209126234055 43.7503679990768 44.1366405487061
44.4430136680603 43.4795150756836 43.109955906868 43.2161285877228 42.8593670129776 42.8561588525772 43.4413491487503 43.3527556657791 43.1180629730225 43.1691327095032 43.7658157348633 43.7844667434692 44.3949353694916 43.8993127346039 43.8671255111694 43.3367512226105 43.2796850204468 42.9059656858444 43.1863722801208 43.1436023712158 43.6667158603668 43.5104660987854 43.4543588161469 44.0039708614349 44.0544531345367 43.6423764228821 43.4055607318878 43.4848852157593 42.9599621295929 42.4908055067062 41.9837132692337 42.2181938886642 42.1674388647079 42.6047279834747 42.0543502569199 41.8889517784119 42.3993257284164 42.1197986602783 42.3353687524796 42.2441440820694 42.1727004051208 42.5752670764923 43.1128066778183 42.7758910655975 43.0565546751022 43.164538860321 43.1620318889618 43.7875781059265 43.7530841827393
44.5031675100327 43.8147106170654 43.6246989965439 43.1788008213043 43.19162774086 43.2756637334824 43.4739880561829 43.0343105792999 43.0516049861908 43.5387482643127 43.5839061737061 43.4741895198822 43.8395040035248 44.2343952655792 43.9060575962067 44.1183302402496 43.6592025756836 44.2181217670441 44.0278408527374 44.164434671402 43.8125112056732 43.5310430526733 43.8249607086182 43.7524387836456 43.7613053321838 43.8512523174286 43.7384026050568 43.2097487449646 43.3031746149063 42.9368844032288 42.6676512956619 42.841665148735 42.8783478736877 42.627622127533 43.0320630073547 42.467374920845 42.4857712984085 42.3377342224121 42.3416944742203 42.5490663051605 42.8439610004425 42.7849947214127 42.5097841024399 43.0058213472366 43.3604712486267 42.8464910984039 43.1167432069778 43.7089033126831 44.0283210277557
43.54740858078 43.861131310463 43.9385160207748 43.1445734500885 43.4158244132996 42.7881680727005 43.1630991697311 43.1658174991608 42.8888742923737 42.6395461559296 43.344705581665 42.9085416793823 42.7187607288361 43.1987788677216 42.9342411756516 43.1698905229568 43.5661172866821 42.8838622570038 43.3071610927582 44.0177216529846 43.4134769439697 43.4204893112183 43.5730075836182 44.2531607151031 43.8348197937012 43.3201835155487 43.4546725749969 43.3366589546204 43.2548227310181 43.4850385189056 43.1489561796188 43.0012192726135 43.0300779342651 42.7299691438675 42.9038273096085 42.8598338365555 42.8960613012314 42.9500992298126 42.7105083465576 42.5978726148605 42.7797564268112 43.0772675275803 43.1062638759613 43.3963094949722 43.1879397630692 43.385213971138 43.4091299772263 43.5615327358246 43.559419631958
43.6702439785004 43.8675321340561 44.0414725542068 44.1790815591812 44.1480926275253 43.1367418766022 43.2421214580536 43.4903026819229 43.4623193740845 43.7261558771133 44.1237909793854 44.7792108058929 44.0809729099274 44.1387078762054 43.4302687644958 44.1621816158295 43.9599461555481 43.9626123905182 43.2458201646805 43.034862279892 43.3151928186417 43.4376983642578 43.3855817317963 43.1017783880234 43.1067180633545 43.2784886360168 43.3606729507446 42.7249927520752 42.7219803333282 42.9953941106796 42.8651481866837 43.1325070858002 43.2883772850037 42.5559109449387 42.7152200937271 42.780858874321 43.0407506227493 43.2536885738373 42.9501211643219 42.7116905450821 42.7128114700317 42.8549422025681 43.1288324594498 43.4322853088379 43.8139591217041 43.6229311227798 43.5485258102417 43.7762253284454 43.8510456085205
43.7067614793777 43.9904990196228 43.8043410778046 43.8888071775436 44.4104770421982 43.941561460495 44.0879650115967 44.1241883039474 44.0134130716324 44.4688172340393 44.4240810871124 44.692821264267 44.7612676620483 44.8835608959198 44.8860628604889 44.6988503932953 44.7987885475159 44.3872761726379 43.4145427942276 43.461242556572 43.4069870710373 43.9204103946686 43.0135569572449 43.3641072511673 42.7801213264465 42.6557544469833 42.7690567970276 42.6218168735504 42.8916260004044 42.930212020874 42.6738197803497 43.1949781179428 43.458817243576 43.4544167518616 43.0362348556519 43.4927743673325 43.4700555801392 43.1886352300644 43.4169998168945 43.2318903207779 43.2154885530472 42.8891016244888 43.4486192464828 43.6714367866516 43.2583394050598 43.4182913303375 43.676406621933 43.7517125606537 43.5129023790359
43.856637597084 43.837508559227 44.3872442245483 44.5865777730942 44.1812604665756 44.4392946958542 44.3341532945633 44.9136319160461 44.9148991107941 44.8570399284363 44.681357383728 44.6086578369141 45.6201100349426 45.5051655769348 44.8420264720917 44.4724216461182 44.6622309684753 44.4189064502716 44.2963206768036 44.3422763347626 43.7193155288696 44.374077796936 43.7384700775146 43.1474610567093 42.7885144948959 42.8314856290817 42.333703994751 42.5551334619522 43.0834147930145 43.1161961555481 43.4424676895142 42.8267368078232 42.8688645362854 43.341126203537 42.9929826259613 43.3590033054352 42.8940434455872 43.6453042030334 43.8930239677429 43.282744884491 43.1674156188965 43.4548993110657 43.2810131311417 43.5739467144012 43.312567949295 43.5514008998871 43.8790521621704 43.71004986763 44.0862219333649
43.5495144128799 44.146008014679 44.0073612928391 44.0512739419937 44.5096114873886 44.4209254980087 44.4576771259308 44.8332126140594 45.8317341804504 45.7429277896881 45.1920750141144 45.3997318744659 45.244481086731 45.6981706619263 45.2093386650085 44.7716238498688 45.0212714672089 44.9532697200775 44.6650657653809 44.5370953083038 44.3125755786896 44.2377624511719 44.1023523807526 43.523163318634 43.1723837852478 42.789976477623 43.0185160636902 42.6403732299805 42.0584381818771 42.4127540588379 42.3775433301926 42.5858315229416 42.0680505037308 42.5818905830383 42.4264599084854 42.6895477771759 42.9604305028915 43.0088913440704 43.1280106306076 42.9907290935516 43.3822059631348 43.4050006866455 43.3544338941574 43.5383937358856 43.5107774734497 43.258111000061 43.7222948074341 43.6073511838913 43.6673647165298
44.2934746742249 43.8854503631592 43.9832983016968 44.0554848909378 44.8064749240875 44.93013048172 44.9696381092072 44.8222486972809 45.0444076061249 44.6105415821075 45.4324488639832 45.6936764717102 45.7366392612457 45.6090319156647 45.5796570777893 45.4005110263824 45.2278304100037 45.232369184494 44.9371359348297 44.9036762714386 45.1548707485199 44.6870875358582 43.7084037065506 43.2178733348846 42.9515501260757 42.6660768985748 43.0154591798782 42.673902630806 42.8137115240097 42.3636282682419 42.7271443605423 42.8516824245453 42.7313746213913 42.5868481397629 42.8616899251938 42.9426897764206 42.5289753675461 42.6952335834503 43.1494059562683 43.1292725801468 43.264798283577 43.3371225595474 43.6421802043915 43.4281294345856 43.6993939876556 43.7317147254944 43.6716990470886 44.0715072154999 44.0583937168121
44.7953308820724 44.8426570892334 44.385360956192 44.8869249820709 45.1965658664703 45.5419533252716 45.2951431274414 45.4915659427643 45.6131522655487 45.563859462738 45.2867541313171 45.4863908290863 46.0920610427856 45.3889145851135 45.690545797348 46.1480329036713 45.0912008285522 44.6353147029877 44.921452999115 44.9587635993958 45.0146512985229 45.1012749671936 44.7821054458618 43.8307704925537 43.4496563673019 43.192418217659 43.0338007211685 42.7641880512238 42.7214421033859 42.7268730401993 42.8742907047272 42.9949245452881 42.9468986988068 42.6944725513458 42.968229174614 42.9916526079178 42.4588422775269 42.5904372930527 42.8615002632141 43.0685867071152 42.8731088638306 43.1068868637085 43.0514678955078 43.4226081371307 43.5624556541443 43.7938461303711 43.6916272640228 44.1528418064117 44.4419467449188
45.3055429458618 45.4118759632111 45.3149373531342 45.1625924110413 45.7086832523346 46.1178202629089 45.243115901947 45.30282330513 45.4116191864014 45.2500636577606 45.3934044837952 45.8345439434052 46.2686548233032 45.8418607711792 45.8833954334259 46.1912615299225 45.9723942279816 45.7235581874847 45.2539124488831 44.8509809970856 44.7835434675217 44.7412756681442 45.0583797693253 44.3845738172531 44.40973341465 43.7674674987793 43.2995669841766 43.0555064678192 42.7209180593491 42.4663910865784 43.0018233060837 42.8006280660629 43.1210154294968 42.7796860933304 42.5916564464569 42.7841591835022 42.7975342273712 42.6329679489136 42.8049212694168 42.6614065170288 42.9409343004227 43.2325737476349 43.4312691688538 43.4436511993408 43.5276299715042 43.9209704399109 44.0175321102142 43.8731453418732 44.6742498874664
45.3700647354126 45.0199415683746 45.3988192081451 45.9157748222351 46.1346724033356 46.3493640422821 46.0892250537872 45.4337985515594 45.6806604862213 45.5522782802582 45.4337513446808 45.9185984134674 46.2551765441895 46.0038816928864 45.5197417736053 45.9586346149445 45.6117627620697 45.7212598323822 46.1547141075134 45.7631595134735 45.1562826633453 45.0528464317322 44.7679315805435 44.797603726387 44.7610213756561 44.2695276737213 43.6803948879242 43.3229837417603 43.546396613121 43.0235966444016 42.7145770788193 43.2211409807205 42.7528564929962 42.7221630811691 42.6847097873688 42.5913169384003 42.7301992177963 42.6944608688354 42.672479391098 42.5077545642853 42.6334964036942 42.8850818872452 43.2150882482529 43.4886400699615 43.721804857254 43.765061378479 44.0642852783203 44.1690652370453 44.154771566391
