data/train_2003/bio1_avg_2003-2018.asc
NCOLS 664 
NROWS 380 
XLLCORNER 3.91666666666667 
YLLCORNER 55.3333333333333 
CELLSIZE 0.0416666666666666 
NODATA_value -9999 
[rows 176 to 197 of 380, columns 539 to 587 of 664]
3.44006989151239 3.42947424948215 3.48737857490778 3.43794956803322 3.33402068912983 3.33475834131241 3.36732924729586 3.34456711262465 3.30780472606421 3.31338422000408 3.42663918435574 3.42839394509792 3.42564884573221 3.47607016563416 3.44099146127701 3.38091296702623 3.39716768264771 3.51958917826414 3.47734393924475 3.45026534050703 3.41535336524248 3.35556230694056 3.35889193415642 3.35638816654682 3.35021784901619 3.3358808606863 3.26254367828369 3.21387334167957 3.21170305460691 3.17786583304405 3.15336216986179 3.12152507156134 3.11418801546097 3.10648971050978 3.13893008232117 3.17103711515665 3.13164406269789 3.05491759628057 3.05052465200424 2.98846505582333 2.98373869806528 2.92217895388603 2.83428589627147 2.7842263020575 2.6686666123569 2.53139859810472 2.58192206546664 2.54927891120315 2.75296907499433
3.43734570592642 3.39780476689339 3.46793054044247 3.42155621945858 3.37501525878906 3.36747428774834 3.39210016280413 3.33889248967171 3.35818494856358 3.36570631712675 3.41312332451344 3.43187376856804 3.48862413316965 3.55137469619513 3.51029165834188 3.50504215806723 3.50629266351461 3.58070962131023 3.51896025985479 3.507543861866 3.53079429268837 3.48551467061043 3.4545383900404 3.41422859579325 3.44558564573526 3.44427587836981 3.4019660577178 3.35732316225767 3.29818021506071 3.24920378625393 3.15972734242678 3.19475115090609 3.21094139665365 3.23795641213655 3.15162920206785 3.16113531589508 3.12347480654716 3.12298082560301 3.06665377318859 3.00265998393297 2.98266604542732 2.92883882671595 2.82717840373516 2.82835121825337 2.76852416992188 2.69136051088572 2.66019370034337 2.56302699819207 2.62819361686707
3.51495727151632 3.52780615538359 3.51382156461477 3.4126705378294 3.39801930636168 3.40370164811611 3.40471712499857 3.36556603759527 3.41941497474909 3.41680318117142 3.39389723539352 3.43815792351961 3.46608527749777 3.56767922639847 3.59760673344135 3.6100340411067 3.59796145558357 3.55938886851072 3.57981630414724 3.54107714444399 3.51767116785049 3.44174905866385 3.40931090712547 3.47103948891163 3.49726793915033 3.5373297482729 3.51839173585176 3.43562016636133 3.38851549476385 3.34824395179749 3.27013903111219 3.28703436255455 3.29076284170151 3.28449057042599 3.20621711760759 3.1576104387641 3.15950375050306 3.1680639013648 3.12445715814829 3.07118370383978 2.99207706749439 2.93663705140352 2.88186371698976 2.84609042480588 2.81815039739013 2.71331601962447 2.62075384706259 2.60035835579038 2.57946279272437
3.4552375972271 3.45631146430969 3.45621853321791 3.51862573623657 3.49436628073454 3.45994005352259 3.48518048971891 3.46358776092529 3.42916139960289 3.42900789529085 3.41096027940512 3.44907938688993 3.45536507666111 3.47565065324306 3.54860308021307 3.60172201693058 3.5915077701211 3.66129335016012 3.62574573606253 3.57553142309189 3.53548390418291 3.45943213254213 3.37970973551273 3.45798723399639 3.53993166983128 3.61154248565435 3.58882007747889 3.52626422047615 3.40987535566092 3.35398625582457 3.32426398992538 3.29654140770435 3.31815239042044 3.32359212636948 3.25719392299652 3.23846248537302 3.21406427770853 3.17299948632717 3.1254346370697 3.05570300668478 2.9914715513587 2.98240662366152 2.9536751434207 2.89044363051653 2.84404568001628 2.79493170976639 2.74893562123179 2.71393961086869 2.61811010167003
3.44651796668768 3.51731678843498 3.57394894957542 3.53874766081572 3.51487968862057 3.5701784491539 3.59964378923178 3.56427592784166 3.45390820503235 3.44054617732763 3.48552358150482 3.46533413976431 3.49831136316061 3.59545536339283 3.53643275797367 3.4832434207201 3.54705404490232 3.63786463439465 3.7410085350275 3.67065253853798 3.63629652559757 3.61094857752323 3.54110865294933 3.55110190063715 3.58209540694952 3.61808865517378 3.60308183729649 3.57724183797836 3.56373517215252 3.49772866815329 3.41855530440807 3.36071517318487 3.34937521070242 3.37886045873165 3.33733732998371 3.32714784890413 3.26062484830618 3.20593516528606 3.14591208845377 3.1008890196681 3.08336614072323 2.99400968104601 2.95115332305431 2.94413033127785 2.95044076442719 2.93638076633215 2.87078411877155 2.81652077659965 2.78575750440359
3.37646500021219 3.36565525829792 3.46901245415211 3.51253609359264 3.52755992114544 3.54191675782204 3.58277385681868 3.5946309491992 3.62515475600958 3.58275108784437 3.59342000633478 3.59658890217543 3.65925790369511 3.71226008236408 3.6639291420579 3.6674313172698 3.64110028743744 3.74110251665115 3.81177156418562 3.78094030916691 3.71627584844828 3.7066316306591 3.70300742983818 3.61871651560068 3.60575883090496 3.62280122190714 3.58834370225668 3.549386061728 3.51242856681347 3.46480436623096 3.41017995774746 3.38488914817572 3.3975981771946 3.44179560244083 3.42798095196486 3.43649984151125 3.38618535548449 3.28287082910538 3.19888962060213 3.19724182039499 3.17292731255293 3.12761271744967 3.08363159000874 3.05331704765558 3.01600260287523 3.02149659395218 2.95496604591608 2.89643533527851 2.86607146635652
3.31707866489887 3.31316059827805 3.36924263089895 3.50515802949667 3.5235732421279 3.54815524071455 3.4969040825963 3.48265282809734 3.54823473095894 3.56145586818457 3.57981650531292 3.55884371697903 3.65103755146265 3.73039819300175 3.82159200310707 3.73745243996382 3.72397980839014 3.78017367422581 3.86220096796751 3.88906146585941 3.85908875614405 3.84914813190699 3.78307292610407 3.73433104902506 3.70675574243069 3.66934736073017 3.66643873602152 3.60086366534233 3.54862190783024 3.45604665577412 3.42297147214413 3.41306292265654 3.3598210439086 3.37439712882042 3.44029107689857 3.46418499946594 3.48341250419617 3.41013982146978 3.29803369939327 3.28392785042524 3.27148848772049 3.23221570253372 3.17560968548059 3.13950387388468 3.09189780056477 3.10211241990328 3.07281446456909 3.00835008174181 2.98821886628866
3.27719239890575 3.31849933415651 3.34563957899809 3.41511319577694 3.49958679080009 3.49039378762245 3.49586745351553 3.4870075955987 3.47748129069805 3.48732753843069 3.500713147223 3.51159864664078 3.49198404699564 3.59486960619688 3.76142182946205 3.77814058214426 3.68652606755495 3.72374492138624 3.77079707384109 3.78051617741585 3.7500681579113 3.71516441553831 3.71447166800499 3.65994559973478 3.66241951286793 3.67122672498226 3.66636718064547 3.61550778895617 3.59098172932863 3.57928894460201 3.5470961406827 3.51907001435757 3.48187738656998 3.42799863964319 3.44326803833246 3.51320368796587 3.53247278928757 3.46557524800301 3.36301130801439 3.32711373269558 3.35938293486834 3.35548539459705 3.25692116469145 3.19019037485123 3.25079298019409 3.20522833615541 3.16966313868761 3.15193119645119 3.07886624336243
3.35163938999176 3.3696713745594 3.4438698515296 3.47556836158037 3.48560024797916 3.48196554929018 3.49049739539623 3.51202935725451 3.43872774392366 3.44403252005577 3.43860951066017 3.45985332131386 3.45693054050207 3.42484094947577 3.50225142389536 3.57682856172323 3.58440577983856 3.61031618714333 3.64539341628551 3.66097053140402 3.77904752641916 3.74301422387362 3.71937064826488 3.69472673535347 3.64741641283035 3.58693946152925 3.50929576158524 3.51481849700212 3.50617504864931 3.49386454373598 3.4987208545208 3.52491057664156 3.54443337768316 3.53460042178631 3.52007814496756 3.48188917338848 3.43420015275478 3.44384434819221 3.48448856174946 3.43113302439451 3.40044412761927 3.40958845615387 3.38323270529509 3.26471032947302 3.22818802297115 3.32817739248276 3.29851157963276 3.18167919665575 3.115846760571
3.39608645439148 3.43701024353504 3.45593359321356 3.47619032859802 3.47911374270916 3.50387055426836 3.47146090120077 3.4885508865118 3.4596411883831 3.43473714590073 3.43300606310368 3.40877474099398 3.40704362094402 3.44664569944143 3.43374776095152 3.50084979832172 3.53095185011625 3.58188742399216 3.69132272899151 3.72992496937513 3.72269364446402 3.77586394548416 3.72360284626484 3.67184134572744 3.65558000653982 3.60631887614727 3.5510575324297 3.51812950521708 3.47836814820766 3.46460692584515 3.45801228284836 3.55458426475525 3.56632304191589 3.565868742764 3.58205496519804 3.57507430762053 3.51376046985388 3.49977995455265 3.50929958373308 3.45081885904074 3.427171908319 3.38569125533104 3.33821085840464 3.32406372576952 3.25491651147604 3.21579302847385 3.33636008948088 3.25126034766436 3.15816071629524
3.45286692678928 3.47668190300465 3.48383039236069 3.51547879725695 3.48946065455675 3.44394234567881 3.4242574647069 3.41390606015921 3.40038778632879 3.42527554929256 3.42606933414936 3.39502958953381 3.46498999744654 3.56428374350071 3.49724400043488 3.33287117630243 3.39033164829016 3.39462529867887 3.55341900885105 3.69771283864975 3.79850643128157 3.84171373397112 3.7783349826932 3.73745606094599 3.7989102602005 3.71453142166138 3.69215258210897 3.62960708886385 3.58289483934641 3.54218257963657 3.56647033244371 3.55692486464977 3.54337932914495 3.50280380249023 3.52903177589178 3.583759739995 3.66082104295492 3.59404900670052 3.5356103554368 3.48817174881697 3.46989973634481 3.44496101886034 3.46002230793238 3.44341700524092 3.33731172978878 3.32124220579863 3.25237525254488 3.28317502886057 3.21314143389463
3.51381390541792 3.62852060049772 3.69189400225878 3.62410078197718 3.48514083772898 3.39951417595148 3.4682207852602 3.50009418278933 3.47663433849812 3.4584803879261 3.46063242852688 3.44178438931704 3.50310318917036 3.53508854657412 3.44390711933374 3.3973925486207 3.46337783336639 3.41152982413769 3.56968182325363 3.74000044167042 3.69531928747892 3.89323040097952 3.8745671287179 3.88307063281536 3.76657412946224 3.69241085648537 3.66374775022268 3.62408459186554 3.56475480645895 3.54392477124929 3.55726181715727 3.56759859621525 3.62593547254801 3.63540530949831 3.63934177905321 3.6517781317234 3.71188151836395 3.6513179987669 3.64608792960644 3.55452434718609 3.50129424035549 3.44873090088367 3.44716712832451 3.43527038395405 3.37670686095953 3.32702466845512 3.29289040714502 3.30592288821936 3.28762194514275
3.43026100844145 3.52019260078669 3.66412432491779 3.72688932716846 3.67615430802107 3.61991935968399 3.57651758939028 3.54128263145685 3.49404771625996 3.4718519449234 3.39319570362568 3.39537263661623 3.42171621322632 3.42639323323965 3.41090340167284 3.43708048760891 3.49059080332518 3.50076771527529 3.6679447889328 3.81512156873941 3.85563195496798 3.88674674928188 3.96079915761948 3.9253518730402 3.78257089108229 3.75745687633753 3.71884287893772 3.67839544266462 3.57828127592802 3.60366725921631 3.57355317473412 3.56677235662937 3.53232501447201 3.56550712138414 3.55131880193949 3.59096370637417 3.6377752572298 3.58392028510571 3.38473191857338 3.68404369801283 3.72602199018002 3.63150023669004 3.52714544534683 3.50829035043716 3.48293530195951 3.44680709391832 3.37307234108448 3.38417086750269 3.34743595123291
3.35004130750895 3.42019776254892 3.49518775194883 3.57884432375431 3.55033443123102 3.57049085199833 3.5628142952919 3.55163757503033 3.57346092164516 3.53305687755346 3.4467586427927 3.43296083062887 3.4294960424304 3.4150312691927 3.38889983296394 3.39593501389027 3.43197024613619 3.65233900398016 3.73020749539137 3.74090943485498 3.76827806979418 3.92292978614569 4.02786484360695 3.90629982203245 3.71140138804913 3.70783630013466 3.7216047719121 3.6965396553278 3.69547457993031 3.67907617986202 3.6623445674777 3.65411292016506 3.61888123303652 3.58460867404938 3.51612888276577 3.60148238390684 3.58783584088087 3.57285609841347 3.36787621676922 3.48722970485687 3.80358321219683 3.86560329794884 3.75029012560844 3.63347688317299 3.50733046978712 3.52925619482994 3.48875408619642 3.51091875880957 3.44941668212414
3.36433711647987 3.32289250940084 3.41761446744204 3.43583651632071 3.45389179885387 3.46744723618031 3.56333573907614 3.6422246620059 3.60127977281809 3.50148139894009 3.36866249889135 3.4666767641902 3.45719138532877 3.4430391266942 3.44938685745001 3.47606781125069 3.59941571205854 3.74809661507607 3.79577777534723 3.80912547558546 3.8231398910284 3.86411929875612 4.00239695608616 3.90817452967167 3.74028542637825 3.73789662867785 3.7121741771698 3.70878524333239 3.70722927153111 3.70067367702723 3.70178464055061 3.67106239497662 3.63550663739443 3.58442410826683 3.66181487590075 3.66153887659311 3.62642954289913 3.57365350425243 3.49321100115776 3.60726813226938 3.80965896695852 3.87004969269037 3.82827378809452 3.79266437143087 3.66055507212877 3.50149167329073 3.44197417795658 3.5794565603137 3.47660571336746
3.37414849549532 3.38927628844976 3.40057096630335 3.46186539530754 3.51799324154854 3.59512112289667 3.57774888724089 3.54437679052353 3.48767123371363 3.50812582671642 3.50590684264898 3.49768781661987 3.49980223178864 3.51708328723907 3.51853114366531 3.57297883927822 3.67375995218754 3.76737435907125 3.80615545064211 3.86893647909164 3.89921744912863 3.85414835810661 3.89222893863916 3.88747612386942 3.82839013636112 3.8369707018137 3.78755131363869 3.80646508932114 3.76037917286158 3.72429311275482 3.72620703279972 3.75062089413404 3.70153486728668 3.69328685104847 3.70587661862373 3.65229990333319 3.64488965272903 3.64064640551805 3.36723634600639 3.50099285691977 3.67541606724262 3.72467274218798 3.73659606277943 3.68868584930897 3.64210920035839 3.64634661376476 3.6093987673521 3.53128420561552 3.57533634454012
3.33429315686226 3.45316025614738 3.54886059463024 3.58389426022768 3.64042802900076 3.65079492330551 3.53116200119257 3.46186240762472 3.46839622408152 3.5091033950448 3.49615130573511 3.49353218823671 3.45991338789463 3.52196107804775 3.54800888895988 3.61805661022663 3.7317707836628 3.81915187835693 3.82903309166431 3.86324742436409 3.89179510623217 3.90234402567148 3.90806096792221 3.88711126893759 3.86699463427067 3.87104481458664 3.87809494137764 3.90931205451488 3.94569563865662 3.95941250026226 3.91646282374859 3.94917960464954 3.87439641356468 3.87764949351549 3.88427186012268 3.84806110709906 3.78368349373341 3.73647241294384 3.51459500938654 3.55355093628168 3.59033996611834 3.59096247702837 3.61841815710068 3.65554070472717 3.69116312265396 3.66236842423677 3.66732363402843 3.75277853012085 3.73006677627563
3.28543781489134 3.38604409992695 3.59665024280548 3.65492318570614 3.62119598686695 3.58713546395302 3.48690833896399 3.45334795117378 3.48412080109119 3.50508110225201 3.5160623267293 3.55237653106451 3.54935765266418 3.56333868205547 3.54798639565706 3.58596747368574 3.57544865459204 3.65759631246328 3.75307728350163 3.86522491276264 3.90887272357941 3.95087321102619 3.98822639882565 3.91491278260946 3.87759930640459 3.88928579539061 3.89730550348759 3.93232559412718 4.00717863440514 4.07219856977463 4.03021839261055 4.06457141041756 4.06425806879997 4.11251205205917 4.05466727912426 4.00298883020878 3.94997718930244 3.88713224232197 3.78895379602909 3.74994206428528 3.73876380175352 3.67891886085272 3.60624044388533 3.60306220501661 3.68171705305576 3.68489027023315 3.73141486942768 3.75993952900171 3.67479753494263
3.24124917387962 3.31126122921705 3.46077329665422 3.62161875516176 3.60396410524845 3.61830949038267 3.52698823809624 3.46116684377193 3.54051221162081 3.56439216434956 3.56063985079527 3.5603875592351 3.59313516318798 3.60588280856609 3.62113071978092 3.56637842953205 3.62595945596695 3.65320724248886 3.73912154138088 3.80120252072811 3.86311692744493 3.94623559713364 3.99455836415291 4.00738115608692 3.93437051028013 3.89769342541695 3.88501615077257 3.9438389390707 3.95816171169281 3.97815109789371 4.00847391784191 4.07896348834038 4.14995300769806 4.20137467980385 4.13722895085812 4.08324980735779 4.03777067363262 4.01162503659725 3.97397917509079 3.91033340245485 3.86802097409964 3.83170849829912 3.77089615911245 3.71808357536793 3.77543783187866 3.76007878035307 3.76383972913027 3.71460051089525 3.63802804797888
3.16072734445333 3.27447854727507 3.37706306576729 3.53664766252041 3.561398871243 3.64165022969246 3.60973463952541 3.51981911808252 3.55940372496843 3.57936970889568 3.58655092120171 3.65339863300323 3.67457958310843 3.68826055526733 3.64960829913616 3.67545598745346 3.65513709932566 3.63065146654844 3.61449925601482 3.65551361441612 3.74886140227318 3.77876465022564 3.9082236289978 4.02584935724735 4.09330849349499 4.05043433606625 4.00322672724724 4.05235248804092 4.03164492547512 4.04077054560184 4.05306294560432 3.9338553994894 4.08948101103306 4.19323733448982 4.20595736801624 4.17301088571548 4.13356430828571 4.08595123887062 4.01750454306602 3.98889142274857 3.97594484686852 3.92366510629654 3.86571837961674 3.83010517060757 3.84099215269089 3.82710067927837 3.75126446783543 3.70359498262405 3.62859216332436
3.09837190806866 3.20569570362568 3.40885267406702 3.49867649376392 3.45483354479074 3.4963239133358 3.56598112732172 3.54180467128754 3.61312858760357 3.6148475036025 3.62796183675528 3.67190957069397 3.72319054603577 3.68197153508663 3.67808592319489 3.70553368330002 3.6576479896903 3.63709582388401 3.62554357200861 3.64465791732073 3.67510557919741 3.80496033281088 3.88322228193283 3.92348431795835 4.06257970631123 4.21800848841667 4.25027067959309 4.23636595904827 4.1616278886795 4.15922330319881 4.16915194690228 4.09041394293308 4.02917589247227 4.08226671814919 4.15418595075607 4.18877199292183 4.17185799777508 4.1037772744894 3.99302992224693 3.93394935131073 3.93270206451416 3.99578823149204 3.94704076647758 3.8271266669035 3.79037927091122 3.74312240630388 3.66185595095158 3.62492270767689 3.56932271271944
3.20984993129969 3.24524620175362 3.28197592496872 3.46637205034494 3.56593494862318 3.52499786019325 3.50506080687046 3.51979026943445 3.61718671023846 3.70032532513142 3.71820633858442 3.71775388717651 3.66996828466654 3.69101586192846 3.72339702397585 3.7476113140583 3.73482571542263 3.69853998720646 3.7017545029521 3.7221355587244 3.7468499392271 3.77132280915976 3.84772102534771 3.92095269262791 3.98001766204834 4.1077493429184 4.20748116075993 4.20954601466656 4.15577763319016 4.1808425784111 4.155074223876 4.21263913810253 4.29203759133816 4.18462914228439 4.16558100283146 4.140366345644 4.04131831228733 3.95393685996532 3.93422202765942 3.87600731104612 3.92279250919819 3.99924437701702 3.98352967202663 3.92864820361137 3.74160004407167 3.70931087434292 3.68878053873777 3.64441703259945 3.66555348038673
