data/train_2003/bio19_avg_2003-2018.asc
NCOLS 664 
NROWS 380 
XLLCORNER 3.91666666666667 
YLLCORNER 55.3333333333333 
CELLSIZE 0.0416666666666666 
NODATA_value -9999 
[rows 220 to 241 of 380, columns 441 to 489 of 664]
137.829350948334 136.213364601135 133.214352607727 132.57322883606 129.88899564743 129.930334568024 129.287307739258 129.328352928162 130.054344177246 129.776990890503 129.818150043488 129.85516166687 130.893119812012 130.926286697388 131.278865814209 131.312164783478 130.048108577728 128.643921375275 131.41205072403 130.787692070007 129.813627719879 131.1448097229 131.178063392639 131.212914943695 131.249351501465 131.285789012909 131.001212596893 131.037509918213 130.385217189789 129.344277381897 128.369230270386 127.551828861237 128.937561988831 126.488572597504 126.893096446991 123.82578086853 124.487555027008 123.539041519165 121.79279756546 121.495615005493 118.08497095108 117.787237167358 116.72563791275 115.087459564209 116.121756076813 115.822809696198 116.53319978714 117.654455184937 113.848955154419
136.158997058868 135.203570842743 132.522107601166 131.88149023056 130.857649803162 128.921817302704 129.281015872955 130.007465362549 130.04952955246 130.776963233948 130.819357395172 130.537326812744 132.641705036163 131.922249794006 133.023029327393 133.054346561432 131.328431606293 131.359230041504 131.390024185181 131.740355968475 130.764454841614 130.795114040375 131.145673274994 131.180099010468 131.218169689178 133.240804672241 132.270295143127 132.308073043823 131.657279014587 129.642127990723 128.669376373291 127.807364463806 127.848764896393 127.890162467957 126.888617515564 124.866672515869 124.477012634277 123.606543064117 119.800435066223 118.053925991058 117.758115768433 116.010047912598 117.045966625214 118.159730911255 119.962016105652 118.576411247253 120.379229068756 118.672594070435 117.70836687088
135.831948280334 132.4695520401 132.829399108887 131.873232364655 131.23268699646 128.915345191956 131.318234920502 132.045782566071 132.088920116425 132.817555904388 132.861055374146 133.901300907135 133.930105209351 130.908190250397 133.987711906433 134.016516208649 132.382681846619 131.339704036713 131.368000507355 132.787683010101 133.792621135712 133.821434020996 133.850244998932 133.884816646576 132.850444316864 132.890079975128 132.609870433807 131.961054325104 132.320445537567 130.696721553802 129.657308578491 131.664747714996 128.919394493103 125.867576599121 124.053582668304 124.088260173798 122.041975975037 121.749073982239 118.020081996918 117.359313011169 117.387479305267 118.103635311127 118.131484508514 118.846692562103 120.65093755722 123.75249671936 124.467667102814 123.534992218018 122.172972202301
132.415558815002 131.777334690094 131.821155071259 131.181735515594 130.157291889191 130.200388908386 131.312006950378 132.04025554657 133.086374759674 134.885931968689 134.931088924408 135.653232097626 135.679919242859 135.020204544067 133.289120674133 132.34016418457 132.366310119629 130.633484363556 132.418600082397 133.738564491272 133.446271896362 133.472464561462 133.817453861237 133.851603507996 132.818351745605 132.17190694809 132.212950706482 132.253994941711 133.303088665009 132.336081504822 129.315561294556 130.611404895782 129.685837745667 127.875782966614 125.907525062561 121.68053150177 119.936638832092 121.050501823425 121.080530643463 118.041939735413 118.392571926117 120.84904384613 121.88843536377 123.695223808289 123.725424289703 125.533715724945 126.573450565338 127.306074142456 126.358920574188
131.723209381104 128.728032112122 129.086883068085 128.447538375854 128.490919113159 129.603272914886 131.305771827698 132.034732341766 134.151081562042 136.173270702362 136.219341278076 138.011814117432 136.64787530899 135.697837352753 135.035390853882 132.983047485352 132.349939823151 130.613986968994 129.665543079376 131.734077453613 131.757663249969 130.706998348236 133.78466129303 132.813004493713 131.780461788177 131.823027610779 133.949416637421 133.993092060089 134.355676651001 132.631330490112 132.934692382812 131.639831542969 128.901226997375 125.85529756546 123.725925445557 121.298000812531 121.329703807831 121.041177749634 120.752181053162 120.783409118652 120.814641475677 121.53410577774 123.663855075836 124.017140865326 126.799368858337 127.518675804138 129.652635097504 129.381759643555 127.384417057037
130.644731044769 128.718834400177 126.329085350037 126.05716085434 126.415130615234 127.843311786652 129.641430854797 132.345080852509 135.436142444611 137.925255775452 141.020305156708 140.739058971405 137.712790489197 135.002460956573 135.02396774292 133.655469894409 133.307105541229 130.59449005127 130.615272521973 130.636057376862 128.017473697662 128.032938480377 129.611352920532 131.704887390137 132.825444698334 133.557866096497 134.894169807434 133.966555595398 134.011900901794 133.368399143219 134.666440486908 131.933085441589 128.892144203186 125.331557750702 121.938711166382 120.966049194336 120.998954772949 121.031856536865 121.754190921783 121.786735057831 123.703347682953 122.941256523132 123.983737468719 126.766873836517 127.488079547882 127.521641254425 128.241774082184 129.391286373138 127.078165531158
128.578730106354 126.878457069397 124.275179862976 124.322546958923 124.369910240173 123.733610630035 125.43718290329 128.239819526672 133.088702201843 139.91552400589 140.655051708221 140.00634098053 136.980549812317 135.929283618927 134.977779388428 134.312116622925 132.256069660187 132.593549251556 132.98319196701 132.31715631485 130.576494693756 130.596544265747 128.983710765839 132.729219436646 132.775666713715 133.509345054626 134.528195381165 133.233068466187 133.279622554779 133.326179504395 131.284786224365 129.351629257202 128.314831733704 125.297678470612 121.588433265686 119.539975166321 120.96887922287 121.002030849457 121.035179138184 123.128820419312 122.190001010895 123.966820716858 122.543656349182 124.354784488678 124.387778759003 127.492792129517 127.526641845703 125.195425510406 124.264021396637
124.684973239899 124.061321258545 122.369818210602 122.110446453094 121.483336925507 120.567014217377 122.276466369629 127.1255402565 130.90936088562 133.725858688354 136.831156253815 135.802230358124 136.89572095871 134.189061641693 134.210870265961 134.232675552368 134.25448179245 132.517031669617 132.221069812775 132.242462158203 130.503578186035 130.524628639221 130.545680522919 131.655080318451 132.706939697266 132.754826068878 132.802712917328 132.850598335266 134.875380039215 133.264955997467 130.943738460541 128.213955402374 125.200362682343 122.07709312439 117.132162570953 116.641446113586 116.690194606781 119.546614170074 120.706495761871 121.705832958221 123.863562107086 121.768525123596 122.488132476807 123.609818458557 124.329357624054 124.361496925354 126.172636985779 124.448224544525 124.525263309479
122.76504945755 121.180624961853 120.249864578247 118.566792488098 116.978089332581 118.692118644714 118.754780292511 123.606823921204 128.079255104065 131.187659740448 133.012526988983 131.988439083099 133.767481803894 132.033271312714 132.055686473846 132.078104019165 132.100518226624 132.122935295105 132.145351886749 131.482233524323 130.430659770966 129.767171859741 130.474766254425 132.270815372467 133.608380317688 133.657609939575 132.418373584747 134.443020343781 133.522770404816 133.57240819931 129.87787771225 127.188097476959 124.458167076111 119.591082572937 119.430025577545 117.016369342804 117.808098316193 117.518396854401 119.597638130188 119.891728878021 120.694941997528 118.648112773895 121.423977375031 122.142000198364 124.270936489105 124.302220821381 124.333507537842 124.387454986572 124.141670703888
120.630064964294 118.9616355896 118.038898468018 115.397383213043 114.786207675934 114.173804759979 114.924672603607 118.711543083191 124.254609584808 128.051991939545 128.129454135895 128.17963886261 128.88756608963 129.227980136871 131.975858211517 129.924808979034 129.947788715363 129.970767021179 130.311628818512 130.334686279297 129.672629833221 129.695674419403 127.35715675354 130.440221786499 130.489906311035 130.539591789246 135.402921199799 135.773499965668 137.590142726898 135.925125598907 132.124435424805 126.125216007233 123.116527557373 120.706118583679 118.996696949005 116.387004852295 115.988280773163 116.385056972504 118.44499540329 120.33144569397 121.445052623749 121.738861560822 121.689876079559 123.49507522583 122.11530828476 122.145071029663 121.204741001129 121.25669336319 121.008557796478
119.083786964417 118.486821651459 115.502466678619 113.913578987122 113.385920524597 112.857577800751 113.506099224091 118.289032936096 120.436239719391 124.237471580505 125.288813114166 126.027308940887 128.123126506805 128.831602573395 128.855524539948 128.194841384888 128.218746185303 128.242648601532 129.918596744537 129.257912158966 129.281878948212 129.30584859848 126.284920692444 126.639946460724 126.689691066742 131.548671245575 135.335210800171 132.657357692719 135.44150686264 133.448305606842 132.050339221954 128.249173641205 124.444762229919 118.286911964417 115.921547412872 112.60692691803 113.518136024475 116.336265563965 117.604040622711 117.365036964417 119.249966621399 120.315569877625 121.381000995636 120.372735500336 119.715044975281 118.334009170532 119.0487241745 120.188938617706 120.948829650879
117.381937503815 116.866138935089 116.349596977234 113.806125640869 113.479575157166 113.548354148865 113.617134094238 116.435801029205 120.020680904388 122.077220916748 122.168946266174 123.228615283966 125.972019672394 125.99641752243 126.020815372467 126.045212268829 126.069609642029 126.094009876251 128.193145751953 126.142807006836 126.485684871674 129.234131813049 127.218925952911 126.253689289093 126.304674625397 130.086951255798 130.139372348785 132.273462772369 132.646580219269 134.735611915588 129.861504554749 127.406107902527 122.524457931519 117.550450325012 115.829877376556 112.288655757904 113.596485137939 112.540959358215 114.447274208069 116.594045639038 119.445461750031 118.386602401733 115.453504085541 117.535752296448 118.571642875671 118.277416229248 118.304935932159 118.354744434357 119.113045215607
117.245035171509 115.775111675262 115.267213344574 113.698673248291 113.380522251129 114.859441757202 114.954909324646 117.01229763031 118.174573898315 118.95485162735 122.086725711823 125.184341430664 125.893309116364 125.600467681885 125.625776290894 125.969440460205 125.994815826416 126.020192146301 123.971404075623 123.996249198914 125.412490844727 125.437839508057 124.389632701874 125.820909976959 125.554071426392 125.606211185455 128.423207759857 128.476608276367 128.906375408173 125.882872581482 122.856817245483 118.090007781982 117.452821731567 114.447147846222 112.727742195129 111.109308719635 112.594086170197 112.617820739746 113.413937091827 116.261476993561 117.323585033417 117.348021507263 114.714353561401 116.395971298218 116.538515090942 115.157131195068 117.16087436676 117.974620819092 118.368391990662
115.165637493134 113.61097574234 113.697187900543 113.195688724518 113.281466960907 112.971341609955 114.842945575714 114.897485256195 118.077299594879 118.865886688232 122.004506587982 122.072323322296 122.781187534332 125.522499084473 123.795924186707 125.575077056885 123.847531795502 122.22661113739 121.180864810944 122.278039455414 121.23138666153 121.256646633148 124.00235414505 125.434625148773 125.488179206848 125.54173707962 123.555129528046 123.607846736908 120.613676548004 119.980093002319 119.065317153931 117.03173494339 114.715327262878 116.810227870941 113.945629119873 113.982013702393 112.266110420227 112.289072990417 113.083802223206 113.106871128082 113.129935741425 112.867373943329 113.578365325928 114.687146186829 114.390511989594 116.071144580841 117.868193149567 118.602777957916 116.900091648102
113.391606807709 113.88158416748 113.389291286469 113.088134765625 113.182413578033 113.276693820953 115.981945514679 117.064321041107 117.980024337769 119.842339992523 121.603902816772 121.676560878754 120.634901046753 122.731182098389 121.756372451782 121.78297328949 120.056592941284 120.401638031006 120.108775138855 118.10108423233 120.843946456909 123.907153606415 122.28847360611 120.935716152191 123.345230579376 122.435888290405 120.730636119843 119.819418907166 119.871936321259 117.562201023102 117.613592147827 117.693467140198 115.631397247314 115.682104110718 113.617115020752 110.065270423889 110.086990356445 111.960206031799 112.247887611389 113.041276454926 110.173316001892 111.204894065857 112.518954277039 113.228878498077 113.252796649933 115.046718597412 114.749228000641 113.710647583008 114.864468097687
112.863342761993 113.361721038818 113.464994430542 112.584844589233 112.687415599823 112.789984226227 115.897401332855 118.613296508789 119.307967662811 118.687962055206 119.77344083786 119.956463813782 118.597268104553 119.903707027435 118.970083236694 118.677994728088 119.024026870728 119.050997257233 117.324766159058 117.031891822815 118.060195446014 120.119896411896 120.829566955566 120.870226860046 120.24150800705 120.978738307953 119.38692522049 119.440517425537 115.76639509201 115.818387031555 113.829185009003 110.832085609436 110.881721973419 110.931357383728 110.73983001709 107.959173679352 110.025843143463 109.079617023468 109.365679740906 111.124373435974 111.131605625153 111.154477119446 109.773625850677 112.168629646301 112.87764787674 113.586840629578 114.69323682785 113.655254840851 113.72230052948
112.73011636734 112.841697692871 112.366134166718 112.477191448212 112.588250160217 112.699305534363 115.812854766846 116.516428470612 117.693075180054 117.600086688995 117.732926845551 118.494941234589 119.48203420639 119.509929180145 118.578476428986 118.606318473816 117.564813137054 117.592147350311 116.93744468689 116.964729785919 116.9920129776 117.019297599792 117.046584606171 117.769564628601 117.141195297241 120.23326253891 119.327050685883 117.303136348724 114.635820388794 113.041865348816 111.696011543274 110.783006191254 109.072565555573 109.122689247131 106.121614456177 106.156452655792 107.919297218323 107.169174671173 107.95831489563 107.642707824707 108.349190235138 109.338271617889 109.723208427429 112.116335391998 112.138616085052 112.846814632416 112.869226932526 112.913810253143 113.666479587555
112.992129802704 112.130445480347 112.249992847443 112.36953496933 112.489081859589 112.608627319336 113.68449306488 115.453943729401 115.97331571579 117.511420249939 118.014737606049 118.100226402283 120.835011959076 120.864364147186 118.186392784119 117.146692752838 116.493394374847 116.521532058716 116.869371891022 115.827030181885 114.853168487549 113.922336101532 114.269777774811 113.990491867065 116.758843898773 116.131605625153 117.189831256866 116.283917427063 114.580927848816 113.35080909729 113.403991699219 110.411652088165 109.025677204132 109.076987743378 107.04376745224 106.113250255585 105.449279785156 105.146394729614 105.489346981049 105.509382724762 105.529417037964 108.281514167786 108.98751449585 110.01605796814 112.085514068604 112.47087097168 113.178647041321 112.536525249481 112.602511882782
112.54009771347 112.072619438171 112.191218852997 113.852509021759 113.972001552582 114.091493606567 114.21098279953 115.389000892639 115.510306835175 117.095143318176 117.915407657623 118.000506401062 118.029562473297 118.058616638184 117.020972251892 116.368734836578 115.439376354218 113.399141311646 112.358131885529 111.704323291779 111.731501579285 111.758677005768 111.785853385925 112.898290634155 113.955516338348 114.01141500473 114.067310333252 114.80522441864 114.861275672913 114.235007762909 112.253200531006 112.30797290802 112.362740039825 109.370720386505 108.740812301636 106.694982528687 105.068399429321 105.090661525726 103.350721359253 101.721791744232 103.716825962067 106.186570167542 108.940470218658 109.64840221405 111.436713695526 112.428757190704 110.403679847717 109.439866542816 111.480182647705
113.514796733856 113.623809337616 113.732825279236 113.841836929321 113.950853347778 114.059866905212 114.168881416321 114.277894973755 115.842133045197 117.667232036591 117.797306537628 117.876735210419 117.905517101288 117.93429851532 116.218533992767 114.969498157501 113.251889705658 112.960476398468 110.282495498657 110.309322834015 109.655763149261 107.933882236481 108.640618801117 109.750976085663 111.7678565979 112.506588935852 113.955917358398 112.942875385284 111.71860408783 111.775965690613 111.833323955536 111.890684127808 111.948045730591 110.247356891632 108.656914710999 108.698972702026 108.727197647095 105.346284389496 102.323871135712 100.588573932648 103.34335899353 107.10551738739 108.896554470062 109.930675029755 110.926859378815 110.63356256485 108.92894744873 105.402532100677 107.653502941132
113.929942131042 114.028652191162 114.780812740326 114.880893707275 115.569347858429 115.669863700867 115.770380020142 115.870897293091 115.971412658691 117.560211658478 117.67920923233 118.431433677673 117.463426113129 116.53286075592 114.819571495056 114.847401618958 111.854960441589 111.8821144104 110.165297985077 108.447341918945 107.793708324432 105.794343948364 106.779135704041 107.887784004211 110.013645648956 110.753913879395 110.814019203186 112.515993118286 111.614891529083 111.675123691559 111.735354423523 111.795583248138 111.855812072754 111.916041851044 111.976272583008 111.664172172546 111.698469161987 108.685800075531 108.719168186188 108.752535820007 108.78590297699 108.819272518158 110.502306461334 112.62136220932 110.32378911972 106.260629415512 105.859055519104 105.889206647873 105.961328029633
116.539300441742 113.451263904572 116.132043838501 117.858878612518 117.950494766235 118.630925655365 118.722919940948 117.461053371429 115.90674495697 115.996592521667 119.296943187714 119.366349697113 118.017573833466 116.408452033997 115.058073997498 114.407624721527 111.735377311707 110.021763801575 107.989143371582 107.372892379761 105.656440258026 105.002550125122 105.706799030304 107.774475574493 108.834077358246 108.895973205566 110.705286026001 110.768272399902 110.831264019012 111.574282646179 112.599952220917 112.983995914459 114.121334552765 114.866507530212 114.93132019043 117.062795639038 117.104291439056 116.824111938477 115.106447696686 114.503257274628 114.221940040588 114.262353897095 115.269554138184 115.310331344604 113.302249908447 112.338144302368 109.875127315521 108.932293891907 108.349028587341
