data/train_2003/bio2_avg_2003-2018.asc
NCOLS 664 
NROWS 380 
XLLCORNER 3.91666666666667 
YLLCORNER 55.3333333333333 
CELLSIZE 0.0416666666666666 
NODATA_value -9999 
[rows 0 to 21 of 380, columns 588 to 636 of 664]
-9999 -9999 -9999 -9999 -9999 -9999 -9999 -9999 -9999 -9999 -9999 -9999 -9999 -9999 -9999 -9999 -9999 -9999 -9999 -9999 -9999 -9999 -9999 -9999 -9999 -9999 -9999 -9999 -9999 -9999 -9999 -9999 -9999 -9999 -9999 -9999 -9999 -9999 -9999 -9999 -9999 -9999 -9999 -9999 -9999 -9999 -9999 -9999 -9999
-9999 -9999 -9999 -9999 -9999 -9999 -9999 -9999 -9999 -9999 -9999 -9999 -9999 -9999 -9999 -9999 -9999 -9999 -9999 -9999 -9999 -9999 -9999 -9999 -9999 -9999 -9999 -9999 -9999 -9999 -9999 -9999 -9999 -9999 -9999 -9999 -9999 -9999 -9999 -9999 -9999 -9999 -9999 -9999 -9999 -9999 -9999 -9999 -9999
-9999 -9999 -9999 -9999 -9999 -9999 -9999 -9999 -9999 -9999 -9999 -9999 -9999 -9999 -9999 -9999 -9999 -9999 -9999 -9999 -9999 -9999 -9999 -9999 -9999 -9999 -9999 -9999 -9999 -9999 -9999 -9999 -9999 -9999 -9999 -9999 -9999 -9999 -9999 -9999 -9999 -9999 -9999 -9999 -9999 -9999 -9999 -9999 -9999
-9999 -9999 -9999 -9999 -9999 -9999 -9999 -9999 -9999 -9999 -9999 -9999 -9999 -9999 -9999 -9999 -9999 -9999 -9999 -9999 -9999 -9999 -9999 -9999 -9999 -9999 -9999 -9999 -9999 -9999 -9999 -9999 -9999 -9999 -9999 -9999 -9999 -9999 -9999 -9999 -9999 -9999 -9999 -9999 -9999 -9999 -9999 -9999 -9999
5.13165628910065 5.13664096593857 5.10010859370232 -9999 -9999 -9999 -9999 -9999 -9999 -9999 -9999 -9999 -9999 -9999 -9999 -9999 -9999 -9999 -9999 -9999 -9999 -9999 -9999 -9999 -9999 -9999 -9999 -9999 -9999 -9999 -9999 -9999 -9999 -9999 -9999 -9999 -9999 -9999 -9999 -9999 -9999 -9999 -9999 -9999 -9999 -9999 -9999 -9999 -9999
5.12432295084 5.15235304832458 5.22360545396805 -9999 -9999 -9999 -9999 -9999 -9999 -9999 -9999 -9999 -9999 -9999 -9999 -9999 -9999 -9999 -9999 -9999 -9999 -9999 -9999 -9999 -9999 -9999 -9999 -9999 -9999 -9999 -9999 -9999 -9999 -9999 -9999 -9999 -9999 -9999 -9999 -9999 -9999 -9999 -9999 -9999 -9999 -9999 -9999 -9999 -9999
5.37598964571953 5.39308056235313 -9999 -9999 -9999 -9999 -9999 -9999 -9999 -9999 -9999 5.16455456614494 5.12407985329628 5.18304964900017 -9999 -9999 -9999 -9999 -9999 -9999 -9999 -9999 -9999 -9999 -9999 -9999 -9999 -9999 -9999 -9999 -9999 -9999 -9999 -9999 -9999 -9999 -9999 -9999 -9999 -9999 -9999 -9999 -9999 -9999 -9999 -9999 -9999 -9999 -9999
5.59182295203209 -9999 -9999 -9999 -9999 -9999 -9999 5.29708927869797 5.30636274814606 5.30300346016884 5.31002914905548 5.31688788533211 5.25107988715172 5.22471654415131 5.20446422696114 5.18098965287209 5.09404426813126 4.94420716166496 4.90539938211441 4.9332582950592 4.91895127296448 -9999 -9999 -9999 -9999 -9999 -9999 -9999 -9999 -9999 -9999 -9999 -9999 -9999 -9999 -9999 -9999 -9999 -9999 -9999 -9999 -9999 -9999 -9999 -9999 -9999 -9999 -9999 -9999
-9999 -9999 -9999 -9999 -9999 -9999 5.55407512187958 5.48771423101425 5.51997819542885 5.49817028641701 5.4456958770752 5.36922121047974 5.27774664759636 5.23227208852768 5.16746425628662 5.04065635800362 4.94418179988861 4.83170732855797 4.84323281049728 4.86209148168564 4.93713301420212 -9999 -9999 -9999 -9999 -9999 -9999 -9999 -9999 -9999 -9999 -9999 -9999 -9999 -9999 -9999 -9999 -9999 -9999 -9999 -9999 -9999 -9999 -9999 -9999 -9999 -9999 -9999 -9999
-9999 -9999 -9999 -9999 5.72147372364998 5.67336237430573 5.75550356507301 5.7248669564724 5.6746446788311 5.56450355052948 5.48969566822052 5.40288785099983 5.23941317200661 5.12393867969513 5.01046419143677 4.89632305502892 4.87418183684349 4.92037391662598 5.0038994550705 4.97975820302963 4.89795130491257 4.85347837209702 4.79282373189926 -9999 -9999 -9999 -9999 -9999 -9999 -9999 -9999 -9999 -9999 -9999 -9999 -9999 -9999 -9999 -9999 -9999 -9999 -9999 -9999 -9999 -9999 -9999 -9999 -9999 -9999
-9999 -9999 5.97656911611557 5.8040746152401 5.74771931767464 5.66610005497932 5.66248044371605 5.71486124396324 5.70899280905724 5.59720921516418 5.45675891637802 5.29764181375504 5.17519137263298 5.09307411313057 5.05729046463966 5.03984004259109 5.08805623650551 5.16460579633713 5.17515549063683 5.13537162542343 5.07511121034622 4.98235642910004 4.83622515201569 4.62805664539337 -9999 -9999 4.76188445091248 4.74538260698318 -9999 4.30904553830624 4.32504363358021 4.39048603177071 4.37242442369461 -9999 -9999 -9999 -9999 -9999 -9999 -9999 -9999 -9999 -9999 -9999 -9999 -9999 -9999 -9999 -9999
-9999 -9999 6.17916303873062 6.13231739401817 6.22382655739784 6.13768619298935 5.99576804041862 5.8408497273922 5.74868953227997 5.60828736424446 5.5085517168045 5.39848303794861 5.31741407513618 5.2973453104496 5.3122763633728 5.32220748066902 5.29680520296097 5.26573649048805 5.23166754841805 5.18659868836403 5.10662648081779 5.00044652819633 4.79435658454895 4.70760431885719 4.63363701105118 4.62150827050209 4.55667448043823 4.46705897152424 4.3816377222538 4.29807791113853 4.30218474566936 4.3326246291399 4.41146169602871 4.53286257386208 -9999 4.27644173800945 4.24823144078255 4.27805233001709 4.42853291332722 4.55176687240601 4.52303627133369 4.53420940041542 4.60813570022583 -9999 -9999 -9999 -9999 -9999 -9999
-9999 6.38022395968437 6.16817003488541 5.97403970360756 5.86715617775917 6.01060566306114 6.05038872361183 6.0148383975029 5.94405287504196 5.78436541557312 5.62634497880936 5.50432422757149 5.40797030925751 5.36194968223572 5.33792912960052 5.34690821170807 5.33822110295296 5.4092004597187 5.37017965316772 5.23915907740593 5.09047871828079 4.85788843035698 4.73243698477745 4.70615220069885 4.69153410196304 4.57291606068611 4.48263117671013 4.45001313090324 4.45539504289627 4.47511030733585 4.5084922015667 4.53317564725876 4.52797231078148 4.38357844948769 4.29824113845825 4.24970765411854 4.24460549652576 4.26716977357864 4.34740123152733 4.42796570062637 4.43511362373829 4.47231693565845 4.52525439858437 4.5925572514534 4.79906913638115 -9999 -9999 -9999 -9999
6.20343798398972 6.48362395167351 6.35007297992706 6.25722372531891 6.03737452626228 5.94085875153542 5.88200941681862 5.83549356460571 5.84174934029579 5.88844373822212 5.71313792467117 5.54716539382935 5.42352628707886 5.4125539958477 5.43791484832764 5.4592759013176 5.41996997594833 5.34299769997597 5.21869188547134 5.10438615083694 4.98722845315933 4.86288559436798 4.78154280781746 4.71553340554237 4.64152380824089 4.57051426172256 4.51683795452118 4.52416178584099 4.576818972826 4.69714277982712 4.64398828148842 4.57187724113464 4.45889981091022 4.38079470396042 4.33268959820271 4.30391782522202 4.27947962284088 4.2617079615593 4.27226953208447 4.30949784815311 4.36505946516991 4.38395446538925 4.4335160702467 4.48974454402924 4.56092789769173 4.71335211396217 -9999 -9999 -9999
6.37667018175125 6.07937058806419 6.15788912773132 6.2084077000618 6.0755929350853 6.00444492697716 5.91896337270737 5.79881542921066 5.69511264562607 5.62652173638344 5.54326424002647 5.51000660657883 5.53141593933105 5.58815836906433 5.51290076971054 5.46431002020836 5.3897191286087 5.27546149492264 5.19453722238541 5.02427983283997 4.96078392863274 4.88204962015152 4.80098190903664 4.74024775624275 4.67051339149475 4.63744568824768 4.628378033638 4.63231047987938 4.63824293017387 4.64484187960625 4.61377409100533 4.53370642662048 4.46511881053448 4.40401090681553 4.38090297579765 4.38912826776505 4.3836869597435 4.38724580407143 4.44913800060749 4.48836334049702 4.52442207932472 4.61189740896225 4.70726761221886 4.74337601661682 4.75592920184135 -9999 -9999 4.99923890829086 4.94772303104401
7.19645100831985 6.88165205717087 6.57328867912292 6.69025832414627 6.52347809076309 6.21269780397415 6.02191779017448 5.86513718962669 5.71147581934929 5.55693316459656 5.4750571846962 5.55251458287239 5.60263848304749 5.59842938184738 5.54521995782852 5.52834406495094 5.42546808719635 5.28492537140846 5.20704954862595 5.09317350387573 5.02500614523888 4.99154704809189 4.95842120051384 4.88262885808945 4.78616964817047 4.70004388689995 4.65491822361946 4.64279240369797 4.59266659617424 4.59420770406723 4.57474857568741 4.52895623445511 4.49067124724388 4.4778937548399 4.52278301119804 4.58433869481087 4.5655612051487 4.55611705780029 4.54902219772339 4.60450932383537 4.72663298249245 4.7225903570652 4.52953255176544 4.47656328976154 4.53753387928009 4.64087149500847 4.83830454945564 4.96880099177361 4.94896405935287
7.52731713652611 7.4439337849617 6.95332536101341 6.89310893416405 6.77902972698212 6.69561743736267 6.57753828167915 6.37745913863182 6.24317222833633 6.14201131463051 6.0498503446579 5.98868918418884 5.90286138653755 5.82703363895416 5.75753945112228 5.635378241539 5.46588376164436 5.35472258925438 5.2582283616066 5.2267339527607 5.08489480614662 5.04171097278595 4.97319364547729 4.87834310531616 4.73582595586777 4.63930875062943 4.60379162430763 4.56294101476669 4.51142373681068 4.52757322788239 4.53605616092682 4.49787241220474 4.4868902862072 4.45710968971252 4.46066266298294 4.4862157702446 4.44743530452251 4.42332161962986 4.42987443506718 4.53576090931892 4.71598047018051 4.69053348898888 4.55275309085846 4.54263934493065 4.561503469944 4.57801243662834 4.71718770265579 4.91236302256584 4.86853843927383
7.25709345936775 7.54826101660728 7.43833750486374 7.25562617182732 7.08524829149246 6.86287039518356 6.74949231743813 6.64078098535538 6.50720232725143 6.34775605797768 6.25064307451248 6.12919697165489 6.02741760015488 5.94263803958893 5.79785847663879 5.63307908177376 5.52029955387115 5.4768533706665 5.43940716981888 5.30162757635117 5.17511689662933 5.12187469005585 5.05463296175003 4.92005774378777 4.79648238420486 4.69090685248375 4.62433165311813 4.57042291760445 4.53884774446487 4.54560565948486 4.52936393022537 4.49112185835838 4.4534427523613 4.4343259781599 4.4115426838398 4.39609272778034 4.39397603273392 4.43619288504124 4.49507631361485 4.54129299521446 4.59650978446007 4.662726521492 4.61160969734192 4.64749327301979 4.70602875947952 4.74454981088638 4.77407076954842 4.80425861477852 4.86644622683525
7.52284055948257 7.36849725246429 7.13415369391441 7.12881010770798 7.14113333821297 6.94479003548622 6.685113042593 6.50343629717827 6.44089865684509 6.3078341782093 6.13176956772804 6.00137159228325 5.86530685424805 5.80657562613487 5.77951100468636 5.72811305522919 5.65204864740372 5.61465060710907 5.5389192700386 5.44385477900505 5.33667236566544 5.23470547795296 5.1394054889679 5.04877191781998 4.93080520629883 4.77450513839722 4.65153855085373 4.57190507650375 4.52327162027359 4.51230499148369 4.50833806395531 4.49203814566135 4.47466164827347 4.45787535607815 4.44675599038601 4.44096980988979 4.44585029780865 4.46606405079365 4.48627805709839 4.51549181342125 4.5773723423481 4.65658614039421 4.72646650671959 4.75334718823433 4.76022064685822 4.6804207265377 4.63195395469666 4.69215399026871 4.80268728733063
7.69525444507599 7.27594542503357 7.05496978759766 6.97866073250771 6.90901833772659 6.92604279518127 6.72073370218277 6.52875810861588 6.35659521818161 6.21557900309563 6.10656252503395 6.06787940859795 5.99086320400238 5.92318001389503 5.86716362833977 5.7998138666153 5.73046442866325 5.68078127503395 5.60809817910194 5.50208181142807 5.4098944067955 5.32120287418365 5.21717801690102 5.10415303707123 4.9997949898243 4.8827700316906 4.75541198253632 4.64505368471146 4.54169553518295 4.47767053544521 4.46497912704945 4.45762100815773 4.45088067650795 4.44375829398632 4.45163589715958 4.4588467925787 4.47239109873772 4.493601962924 4.52247953414917 4.55569067597389 4.58890146017075 4.5987791121006 4.65799006819725 4.74020099639893 4.80007922649384 4.8359582722187 4.86583709716797 4.9060495197773 4.95026189088821
7.7300016283989 7.29072719812393 7.22211918234825 7.2825114428997 7.1019035577774 6.84462895989418 6.6966880261898 6.67807993292809 6.52595838904381 6.32932361960411 6.20402216911316 6.15172082185745 6.07008585333824 6.01778441667557 5.97648277878761 5.93384805321693 5.87487974762917 5.80791166424751 5.68461033701897 5.55664202570915 5.46844977140427 5.37270006537437 5.26128390431404 5.13720107078552 5.03211784362793 4.93270170688629 4.83828511834145 4.74120238423347 4.64911934733391 4.57803654670715 4.52528673410416 4.49020373821259 4.4637663513422 4.44597445428371 4.43284921348095 4.43339049816132 4.45026510953903 4.46414002776146 4.48668134212494 4.52755597233772 4.61009734869003 4.69463890790939 4.74351349473 4.77872142195702 4.84960445761681 4.91149577498436 4.95738708972931 4.97027826309204 4.96716967225075
7.99441561102867 7.77717539668083 7.6679353415966 7.53369525074959 7.26445525884628 7.19021528959274 7.04064178466797 6.84906858205795 6.59765508770943 6.48073518276215 6.40381518006325 6.31922850012779 6.32830879092216 6.29905545711517 6.22813546657562 6.1385490000248 6.02496230602264 5.87737569212914 5.73412227630615 5.64253577589989 5.53067180514336 5.38086432218552 5.234056442976 5.10891538858414 5.0297743678093 4.95263317227364 4.89249214529991 4.81735080480576 4.73620992898941 4.64706888794899 4.5702611207962 4.52878671884537 4.48231875896454 4.45819050073624 4.43406243622303 4.42926749587059 4.44713926315308 4.470011100173 4.48288294672966 4.52542135119438 4.59729313850403 4.69416505098343 4.77903690934181 4.87557536363602 4.96612972021103 5.03570005297661 5.08493709564209 5.0865071117878 5.06907722353935
