data/train_2003/bio2_avg_2003-2018.asc
NCOLS 664 
NROWS 380 
XLLCORNER 3.91666666666667 
YLLCORNER 55.3333333333333 
CELLSIZE 0.0416666666666666 
NODATA_value -9999 
[rows 264 to 285 of 380, columns 98 to 146 of 664]
6.72193279862404 6.73526853322983 6.86127090454102 6.94927337765694 7.19327560067177 7.14361137151718 6.95424103736877 7.12949800491333 7.28708836436272 7.37301218509674 7.36660251021385 7.4831927716732 7.7001166343689 7.68004021048546 7.93496409058571 7.86188760399818 7.82647815346718 7.68773484230042 7.65283280611038 7.63543832302094 7.62504380941391 7.91198259592056 8.20125484466553 8.53086018562317 9.11246591806412 8.76740443706512 9.13634353876114 9.05694895982742 8.70088791847229 8.53782659769058 8.53951513767242 8.52061992883682 8.84972500801086 9.17016309499741 9.46893447637558 9.14870601892471 9.19147729873657 9.1932487487793 9.0413538813591 8.92179203033447 8.9715633392334 8.93233513832092 8.88761913776398 8.60108208656311 8.45787900686264 8.37867575883865 8.27280580997467 8.15393608808517 8.20106610655785
6.75337564945221 6.7670626938343 6.88741657137871 6.91777029633522 7.06812420487404 7.0348111987114 7.09928241372108 7.07920458912849 7.2547932267189 7.39438211917877 7.38097074627876 7.40689298510551 7.38248175382614 7.5240703523159 7.45232599973679 7.68558132648468 8.05383664369583 8.31642538309097 8.23716560006142 8.19872438907623 8.03228294849396 7.77017477154732 7.73973342776299 7.61629214882851 8.59718382358551 8.87374275922775 9.03063440322876 9.10185986757278 8.79908490180969 8.6486434340477 8.74784374237061 8.7590184211731 8.55452698469162 8.84570187330246 9.31421047449112 9.39905178546906 9.37956029176712 8.99640166759491 8.81957697868347 8.97275161743164 8.90959334373474 8.76710188388824 8.7909072637558 8.7943429350853 8.64211148023605 8.5045468211174 8.47264933586121 8.37608534097672 8.29485392570496
6.95315143465996 6.99352362751961 7.12789562344551 7.10793390870094 7.21597257256508 7.18967774510384 7.22932380437851 7.23824456334114 7.29383158683777 7.44841882586479 7.48533925414085 7.44025972485542 7.46618023514748 7.45310074090958 7.77035441994667 7.88060855865479 8.20819556713104 8.30911588668823 8.53516566753387 8.62734365463257 8.42385536432266 8.23403418064117 8.21887874603271 7.82905712723732 8.23190212249756 8.4290806055069 9.04259204864502 9.18877047300339 9.14828217029572 8.90346032381058 8.5935053229332 8.56341713666916 8.40532904863358 8.55690765380859 9.03848600387573 9.30406439304352 9.2486429810524 9.17688852548599 9.17046654224396 9.10971176624298 9.01729041337967 8.64386868476868 8.60719501972198 8.74926960468292 8.6866774559021 8.58475178480148 8.52815967798233 8.43923431634903 8.36330854892731
6.95159438252449 6.94698452949524 7.00637444853783 7.10176423192024 6.97782096266747 6.8412110209465 7.08103209733963 7.25761768221855 7.29153650999069 7.42278864979744 7.39470759034157 7.37762647867203 7.42287877202034 7.58313110470772 8.03004997968674 8.13730227947235 7.96588787436485 8.70847338438034 8.35083192586899 8.92363005876541 8.53176128864288 7.83489266037941 8.24035739898682 8.11182197928429 8.25295352935791 8.51875156164169 8.76188308000565 9.04934775829315 8.95314580202103 9.04127717018127 9.17750060558319 8.65881580114365 8.2574645280838 8.77111321687698 8.96576189994812 8.87707704305649 9.03272581100464 8.92304134368896 8.56735652685165 8.80900508165359 9.05498719215393 8.91663581132889 8.59881687164307 8.49419647455215 8.65990990400314 8.56029009819031 8.45200312137604 8.43104982376099 8.3650963306427
6.89570391178131 6.61777853965759 6.79918676614761 6.87892806529999 6.78233602643013 6.90207743644714 7.1910737156868 7.22332409024239 7.27057480812073 7.33082553744316 7.35274270176888 7.46066018939018 7.5325773358345 7.53982800245285 7.56574529409409 7.85666257143021 8.36324673891068 8.6331639289856 8.84983152151108 8.99224942922592 8.82066714763641 8.30908513069153 7.88116955757141 8.32958710193634 8.15000501275063 8.21275594830513 8.35184049606323 8.38592499494553 8.14767634868622 8.08342751860619 8.95649564266205 9.24954771995544 8.62860006093979 8.47865217924118 8.80770432949066 8.98942339420319 8.9891420006752 8.70619434118271 8.69024622440338 8.65629857778549 8.8730171918869 8.99273616075516 8.91877204179764 8.63912349939346 8.41280913352966 8.53149461746216 8.53151333332062 8.47886526584625 8.27521756291389
6.86948004364967 7.06857278943062 6.69966560602188 6.77475845813751 6.90985119342804 7.07561066746712 7.10744822025299 7.16203057765961 7.13161316514015 7.16386198997498 7.26344457268715 7.47002694010735 7.49694266915321 7.58152502775192 7.71710753440857 7.84702327847481 7.89727216959 8.36352121829987 8.44516450166702 8.68786865472794 8.81290644407272 8.58527719974518 8.32398158311844 8.33801889419556 8.50972336530685 8.44842749834061 8.32346498966217 8.266835719347 7.92320677638054 8.03291091322899 8.38482427597046 8.99261337518692 9.02240216732025 8.70085775852203 8.74898028373718 8.76776933670044 8.75589144229889 8.81301414966583 8.84480273723602 8.77192515134811 8.72538083791733 8.80516988039017 8.65405994653702 8.71871727705002 8.57970833778381 8.51403266191483 8.49035680294037 8.3533478975296 7.91600552201271
7.04625618457794 6.97170037031174 6.76814457774162 7.03925547003746 7.21336644887924 7.34414398670197 7.37315624952316 7.25540396571159 7.21798473596573 7.18089881539345 7.25514644384384 7.48239368200302 7.76597455143929 7.853888630867 7.90246948599815 7.87438377737999 8.3422976732254 8.0938785970211 7.68683111667633 7.63248819112778 7.42514553666115 8.50013619661331 8.7171266078949 8.54078423976898 8.62610816955566 8.72643172740936 8.66475582122803 8.28107982873917 7.69840386509895 7.97172769904137 8.21381929516792 8.62001180648804 9.11520433425903 9.00273013114929 8.64258933067322 8.79478192329407 9.03664124011993 8.80016654729843 8.66035920381546 8.45555192232132 8.63774418830872 8.81827002763748 8.72868114709854 8.58197778463364 8.50260758399963 8.51290380954742 8.31520077586174 7.89816358685493 7.62879329919815
7.02069908380508 7.03516110777855 7.03029027581215 7.12308582663536 7.2952147424221 7.38467714190483 7.53519776463509 7.46444383263588 7.41668969392776 7.47726866602898 7.50284805893898 7.58476048707962 7.42467322945595 7.47225239872932 7.48949798941612 6.99341070652008 7.15932333469391 7.23823577165604 7.38983070850372 7.62144106626511 7.82438480854034 8.05232852697372 8.73660528659821 8.83021569252014 8.76615935564041 8.80376976728439 8.90504676103592 8.03632384538651 7.50360098481178 7.9252113699913 8.22614777088165 8.41474407911301 8.46800661087036 8.88160264492035 9.05253177881241 9.01079422235489 8.97105711698532 9.06998670101166 8.63324922323227 8.26551190018654 8.34610784053802 8.1100372672081 8.06363585591316 8.28223815560341 8.50950652360916 8.4474418759346 8.00704404711723 7.64064589142799 7.61458146572113
7.05980834364891 7.12795552611351 7.15176931023598 7.17824950814247 7.313396692276 7.43787708878517 7.42623952031136 7.40481695532799 7.47239449620247 7.27630537748337 7.24888318777084 7.35212743282318 7.36670503020287 7.54428252577782 7.80986022949219 7.63210469484329 7.35834890604019 7.45192632079124 7.64683043956757 7.77972695231438 7.83562377095222 7.72918730974197 7.97108399868011 8.36998099088669 8.79621064662933 8.74410772323608 8.83667117357254 7.68023473024368 7.37513130903244 7.79102817177773 7.96947634220123 8.05680885910988 8.11214220523834 8.33914136886597 8.62447440624237 8.63247400522232 8.48247349262238 8.98947238922119 8.77480572462082 8.39213842153549 8.06847107410431 7.84847074747086 8.11392447352409 8.31349843740463 8.47440576553345 8.37664669752121 8.04722085595131 7.6511282324791 7.47003576159477
7.23058426380157 7.36941632628441 7.3832480609417 7.27374655008316 7.23224511742592 7.27241012454033 7.09394752979279 7.24819013476372 7.25443276762962 7.05767560005188 7.07391819357872 7.08116102218628 7.45240357518196 7.52797961235046 7.61255550384521 7.71079835295677 7.95404094457626 8.21895024180412 8.26216334104538 8.1920131444931 8.05919635295868 7.91371276974678 7.87922933697701 7.70674592256546 8.64359557628632 8.6581124663353 8.75362879037857 8.28514528274536 8.05232840776443 8.31051170825958 8.17313838005066 8.15787434577942 8.14494410157204 8.04968044161797 8.10241660475731 8.2064865231514 8.25555610656738 8.73429256677628 8.7103618979454 8.27209851145744 8.40050131082535 8.23490455746651 8.407879114151 8.42142528295517 8.46330505609512 8.42285144329071 8.24206444621086 7.98561072349548 7.76115703582764
7.56546571850777 7.55227091908455 7.61340948939323 7.32421460747719 7.14335346221924 7.18249204754829 7.28094291687012 7.35837268829346 7.29813584685326 7.00323230028152 7.2796618938446 7.49375849962234 7.47985482215881 7.63628455996513 7.69371461868286 7.5321441590786 7.62624070048332 8.09000384807587 8.22439742088318 8.49075466394424 8.48911195993423 8.10946956276894 8.19782692193985 8.26051765680313 8.67520827054977 8.38423222303391 8.53492319583893 8.67128032445908 8.7009711265564 8.74132865667343 8.50052469968796 8.36089324951172 8.43692791461945 8.41762989759445 8.33033162355423 8.28303351998329 8.39573502540588 8.53010374307632 8.85213845968246 7.99750715494156 8.3795422911644 8.35591042041779 8.45916301012039 8.405965924263 8.36110228300095 8.21957167983055 7.94670811295509 7.74851101636887 7.58098050951958
7.48011833429337 7.62418577075005 7.60858672857285 7.49532079696655 7.2913883626461 7.18978923559189 7.59155896306038 7.56569796800613 7.5685034096241 7.37664240598679 7.68078130483627 7.74892023205757 7.82172566652298 7.91619792580605 7.78000363707542 7.70880901813507 7.79561483860016 7.7850868999958 7.8205326795578 7.96128526329994 8.32337135076523 8.32545727491379 8.25254312157631 8.50896292924881 8.70304876565933 8.48980140686035 8.53922045230865 8.55197316408157 8.56505942344666 8.48781198263168 8.47330290079117 8.29719859361649 7.88376069068909 7.94499000906944 8.18721893429756 8.15811479091644 7.98501026630402 8.04923957586288 8.46213513612747 8.70803093910217 8.50726002454758 8.5061554312706 8.3864421248436 8.11345300078392 7.96879693865776 7.78347453474998 7.41815185546875 7.16816276311874 7.16617327928543
7.35243794322014 7.09643405675888 6.93376386165619 6.95342701673508 7.55242320895195 7.28541973233223 7.65017536282539 7.59368962049484 7.81387120485306 7.89038586616516 7.85156711935997 7.70674851536751 7.60659644007683 7.94611117243767 8.03729227185249 7.85514065623283 7.81498864293098 7.76483634114265 7.90866780281067 8.17881569266319 8.31729692220688 8.49944537878036 8.62025964260101 8.59774100780487 8.61688888072968 8.23370376229286 8.43818491697311 8.42299956083298 8.38614773750305 8.3889622092247 8.3980810046196 8.37450408935547 8.09059369564056 7.82901668548584 7.91343954205513 8.02052947878838 7.92961901426315 7.99370840191841 8.16913148760796 8.76522135734558 8.53031104803085 8.32706731557846 7.86038827896118 7.57927331328392 7.33615851402283 7.34771040081978 7.35926225781441 7.25814747810364 7.06869938969612
7.64009070396423 7.05034923553467 7.14560768008232 7.27953305840492 7.60512486100197 7.63705009222031 7.6997911632061 7.54034826159477 7.61223897337914 7.73779585957527 8.10101974010468 8.00424352288246 7.9924673140049 7.93369087576866 8.33991467952728 8.37780517339706 8.40869557857513 8.21158617734909 8.31846958398819 8.22267949581146 8.26055610179901 8.56609928607941 8.64530920982361 8.61151933670044 8.6253958940506 8.49927270412445 8.54448246955872 8.51435917615891 8.37090265750885 8.29077881574631 8.41852563619614 8.19747579097748 8.15709307789803 7.84537667036057 7.79966020584106 7.95194372534752 7.7202273607254 7.78584432601929 8.19646120071411 8.41707825660706 8.2550285756588 8.07364538311958 7.87366738915443 7.52776029706001 7.15085351467133 7.07261326909065 6.95203933119774 7.02513247728348 7.04989206790924
7.88841027021408 7.52326399087906 7.3737847507 7.62030565738678 7.80115965008736 7.52734717726707 7.37407401204109 7.44367358088493 7.63060641288757 7.83587256073952 7.87147226929665 7.71007186174393 7.99100461602211 8.44327086210251 8.33353704214096 7.61380308866501 7.08606940507889 6.96600222587585 7.36393815279007 7.57621011137962 7.73348194360733 7.85908722877502 7.86602571606636 7.99363103508949 8.24056929349899 8.1761746108532 8.08777979016304 8.14405211806297 8.25399053096771 8.19159582257271 8.1733039021492 7.93278160691261 7.94125914573669 7.82406958937645 7.58221417665482 7.4653585255146 7.54216942191124 7.57798033952713 7.70512482523918 7.69826883077621 7.51441317796707 7.42889061570168 7.46461334824562 7.53724727034569 7.11621505022049 6.97918236255646 6.92481651902199 6.78878408670425 6.77208489179611
7.69739654660225 7.65084573626518 7.56796205043793 7.66407844424248 7.86752805113792 7.65864437818527 7.84902355074883 7.90399876236916 7.49897420406342 7.4546160697937 7.76925802230835 7.71990004181862 7.36720860004425 7.33751741051674 7.63882592320442 8.44580119848251 7.87377688288689 7.55375203490257 7.32573992013931 7.44140714406967 7.57607454061508 7.54474148154259 7.48240891098976 7.45507606863976 7.80807662010193 7.76274371147156 7.99407768249512 7.67707827687263 7.68774548172951 7.75841251015663 7.83041554689407 7.82908684015274 7.74542510509491 7.59343007206917 7.45843487977982 7.30043986439705 7.25077804923058 7.20578283071518 7.10078772902489 6.977126121521 6.91813078522682 6.87913575768471 6.96022596955299 7.21073415875435 7.184909760952 6.98641857504845 6.84959346055984 6.69076910614967 6.69361081719398
7.50071582198143 7.41409415006638 7.46147280931473 7.86251801252365 7.97089639306068 7.92160812020302 7.93763962388039 8.14465722441673 7.95134207606316 8.14535918831825 8.21404382586479 8.00472846627235 7.67807933688164 8.02809736132622 8.58744817972183 8.62213259935379 8.24848389625549 7.7681682407856 7.41220852732658 7.34427106380463 7.35000002384186 7.38806259632111 7.48745834827423 7.586854159832 7.71291676163673 8.0703127682209 8.12870854139328 7.8084377348423 7.63716691732407 7.65289610624313 7.71919333934784 7.72239220142365 7.50659111142159 7.26179021596909 7.13832229375839 7.01985424757004 7.00838646292686 6.93458527326584 6.99045073986053 6.94364956021309 6.92318180203438 6.80971387028694 6.76183840632439 6.79788810014725 6.7632711827755 6.67265433073044 6.6397040784359 6.63475379347801 6.64147064089775
8.03770193457603 7.79834252595901 7.81798321008682 8.06562387943268 8.13159787654877 7.83923870325089 7.60992255806923 7.88631582260132 8.07270947098732 8.21610298752785 8.49283003807068 8.44489020109177 8.33761698007584 8.3323438167572 8.26040408015251 8.19113075733185 8.22419092059135 8.41491776704788 8.36101025342941 8.26013460755348 8.27825915813446 8.2303838133812 7.87350806593895 8.0526328086853 8.26309064030647 8.27054846286774 8.13933962583542 7.89146390557289 7.60692170262337 7.51971271634102 7.4896382689476 7.5363641679287 7.36175724864006 7.03948327898979 7.02087590098381 6.99460223317146 6.93599501252174 6.89072123169899 6.80678087472916 6.76750683784485 6.73889970779419 6.6986258327961 6.63245087862015 6.59637525677681 6.59129959344864 6.54955714941025 6.50848126411438 6.53440567851067 6.45332995057106
7.8843546807766 7.56425753235817 7.58516043424606 8.09906333684921 8.28529936075211 8.0712023973465 8.00487193465233 8.05930790305138 8.02974385023117 8.10817974805832 8.42661601305008 8.67171841859818 8.47182130813599 8.10959014296532 7.76202630996704 7.76246237754822 8.05623149871826 8.30033427476883 8.27714550495148 8.17299842834473 8.10385176539421 8.15870499610901 8.18922463059425 8.12174442410469 8.14559745788574 8.12378394603729 7.88563692569733 7.86882349848747 7.81434312462807 7.58252966403961 7.44941633939743 7.26500311493874 7.12759000062943 6.97184345126152 6.93876340985298 6.86601707339287 6.80693686008453 6.73685702681541 6.66311055421829 6.64669707417488 6.61561742424965 6.54387077689171 6.47739690542221 6.40819564461708 6.33066087961197 6.30012649297714 6.34259179234505 6.34305739402771 6.18918898701668
7.41067406535149 7.8621726334095 8.11767095327377 8.21983605623245 8.05400118231773 7.99383297562599 8.16082125902176 8.06996637582779 7.80211147665977 7.63658991456032 7.67673492431641 8.29254657030106 8.42035841941833 8.46250349283218 8.18664863705635 7.88046038150787 7.86860525608063 8.03675076365471 8.3686141371727 8.26952895522118 7.93511092662811 7.96435907483101 8.01294088363647 7.88785615563393 7.87310430407524 7.91935288906097 7.75960141420364 7.53584969043732 7.47343137860298 7.26101332902908 7.02119427919388 6.96030858159065 6.94608926773071 6.88353654742241 6.81265068054199 6.70743155479431 6.6105455160141 6.47465950250626 6.49677374958992 6.44322115182877 6.39933505654335 6.36044922471046 6.27067616581917 6.17801585793495 6.11802235245705 6.13836234807968 6.12636891007423 6.01904210448265 5.92704856395721
7.24866044521332 7.41575422883034 7.99884825944901 8.01960849761963 7.6263692677021 7.36513012647629 7.12377071380615 7.57062512636185 8.00047892332077 8.07733336091042 8.40185445547104 8.56170845031738 8.23922941088676 7.83941674232483 7.77827110886574 8.0751251578331 8.24631276726723 8.24183347821236 8.17608267068863 8.09905943274498 7.94837009906769 7.91734713315964 7.94599065184593 7.85563445091248 7.77861148118973 7.74692198634148 7.75789910554886 7.56154248118401 7.37485289573669 7.14749646186829 6.99797260761261 6.82961401343346 6.74892196059227 6.63589653372765 6.53920432925224 6.40617936849594 6.30748754739761 6.22346204519272 6.25610360503197 6.13141143321991 6.13238608837128 6.13502734899521 6.04895520210266 5.97516974806786 5.94371742010117 6.01159808039665 5.90081262588501 5.81936040520668 5.7569078207016
7.66697990894318 8.23833590745926 8.08269190788269 7.51338165998459 7.12740442156792 7.04909390211105 7.1863868534565 7.15928348898888 7.60351341962814 7.64241030812263 8.1989734172821 8.40953665971756 8.44810003042221 8.01599690318108 7.85255989432335 7.92145666480064 7.88935297727585 7.95458301901817 7.79988431930542 7.51025673747063 7.51529562473297 7.53366786241531 7.5907070338726 7.64807936549187 7.58645182847977 7.46049070358276 7.42386305332184 7.26123535633087 7.10927459597588 7.07431370019913 6.96341755986214 6.6805861890316 6.50608795881271 6.36292332410812 6.19542545080185 6.14926061034203 6.06476241350174 6.09726446866989 6.01309990882874 5.94926843047142 5.78810384869576 5.81160598993301 5.76656782627106 5.72699013352394 5.71274536848068 5.73683413863182 5.75058969855309 5.63034525513649 5.58043402433395
