data/train_2003/bio2_avg_2003-2018.asc
NCOLS 664 
NROWS 380 
XLLCORNER 3.91666666666667 
YLLCORNER 55.3333333333333 
CELLSIZE 0.0416666666666666 
NODATA_value -9999 
[rows 330 to 351 of 380, columns 245 to 293 of 664]
8.61899566650391 8.55757468938828 8.55515432357788 8.59189987182617 8.5831446647644 8.52605623006821 8.48563426733017 8.40187913179398 8.41679084300995 8.42536878585815 8.37861377000809 8.37785851955414 8.38310325145721 8.30801478028297 8.13226017355919 8.09189555048943 8.1815881729126 8.25228047370911 8.31697314977646 8.32133296132088 8.28369176387787 8.27105164527893 8.31341096758842 8.39410334825516 8.33879622817039 8.38882246613503 8.45984840393066 8.63614141941071 8.76470178365707 8.79159557819366 8.84915578365326 8.90138274431229 8.99827641248703 9.06650304794312 9.14372998476028 9.25162374973297 9.31618404388428 9.42574399709702 9.50863778591156 9.62738388776779 9.79398196935654 9.83557987213135 9.79184472560883 9.78310936689377 9.68404072523117 9.58297210931778 9.54123687744141 9.5571683049202 9.49576652050018
8.51163983345032 8.51022458076477 8.55847549438477 8.58058458566666 8.513218998909 8.45018637180328 8.41582077741623 8.41645485162735 8.46842241287231 8.44705671072006 8.43435740470886 8.43765848875046 8.40395933389664 8.28392660617828 8.17422795295715 8.16237097978592 8.18002325296402 8.22200867533684 8.31032752990723 8.26797959208488 8.21429836750031 8.21095058321953 8.23993590474129 8.33792182803154 8.3272405564785 8.32855960726738 8.40821188688278 8.61788213253021 8.72523760795593 8.74025940895081 8.76894783973694 8.85230308771133 8.95399165153503 9.07068008184433 9.21103543043137 9.28472417593002 9.29274564981461 9.33843457698822 9.46812307834625 9.68899339437485 9.86971271038055 9.89243251085281 9.78115183115005 9.73487108945847 9.67825710773468 9.57764315605164 9.53269582986832 9.53008157014847 9.52613484859467
8.49395138025284 8.48954045772552 8.52846330404282 8.51826965808868 8.32095992565155 8.1246500313282 8.21167346835136 8.34536382555962 8.38672089576721 8.33074435591698 8.30710113048553 8.33612507581711 8.29548186063766 8.22350534796715 8.17052870988846 8.1435132920742 8.12279161810875 8.16840299963951 8.18834832310677 8.15996024012566 8.14957177639008 8.20785021781921 8.27279499173164 8.32240664958954 8.36268523335457 8.37363028526306 8.45457541942596 8.57828944921494 8.60910630226135 8.62892317771912 8.67173987627029 8.79222339391708 8.93537378311157 9.0141903758049 9.14067393541336 9.19549065828323 9.12197440862656 9.21845787763596 9.37760800123215 9.55993676185608 9.69477736949921 9.7859513759613 9.79612547159195 9.7339660525322 9.66647338867188 9.62498050928116 9.62782144546509 9.59866201877594 9.58983594179153
8.42592918872833 8.39719021320343 8.45178425312042 8.40262120962143 8.14603388309479 7.84911343455315 7.99919348955154 8.22993955016136 8.27335250377655 8.21943211555481 8.14617800712585 8.0752580165863 8.07467091083527 8.08608400821686 8.06483027338982 8.06865552067757 8.06156015396118 8.07879808545113 8.10403588414192 8.1589403450489 8.14251175522804 8.15808266401291 8.21898722648621 8.24989184737206 8.28546315431595 8.34236752986908 8.39860540628433 8.46536332368851 8.53964185714722 8.63758724927902 8.78653216362 8.8804771900177 8.95508903264999 9.03203421831131 9.02497935295105 9.0522575378418 9.09620279073715 9.17914777994156 9.30042636394501 9.41587990522385 9.51017510890961 9.61580348014832 9.73276597261429 9.70106112957001 9.61668956279755 9.61131834983826 9.67194658517838 9.67224204540253 9.628870844841
8.24574571847916 8.2446645796299 8.27591705322266 8.27534735202789 8.165622651577 7.99023121595383 8.05750626325607 8.18478158116341 8.23738998174667 8.1873317360878 8.07160684466362 7.92221543192863 7.8611575961113 7.95109915733337 8.0470407307148 8.06903553009033 8.02708157896996 7.98579543828964 7.98617538809776 8.09688866138458 8.1349356174469 8.13098248839378 8.19436258077621 8.23107606172562 8.28512269258499 8.33716955780983 8.42588293552399 8.49918514490128 8.56807613372803 8.67763340473175 8.812191426754 8.90708214044571 8.9513064622879 9.00253087282181 9.02375555038452 9.04964590072632 9.08520352840424 9.15142804384232 9.2553191781044 9.3820868730545 9.47839802503586 9.53037559986115 9.57835322618484 9.61833113431931 9.59730911254883 9.61562013626099 9.66459798812866 9.6619086265564 9.62955331802368
8.17840108275414 8.14229795336723 8.18819549679756 8.24278259277344 8.25239247083664 8.18333598971367 8.20661291480064 8.20255637168884 8.23049995303154 8.16644331812859 8.09405335783958 7.98899710178375 7.90160709619522 7.95588418841362 8.06116089224815 8.09865209460258 8.0140235722065 7.96706208586693 7.96110051870346 7.98747235536575 8.02284389734268 8.02754890918732 8.0915874838829 8.19295915961266 8.2826643884182 8.33203625679016 8.43907463550568 8.51608788967133 8.61507534980774 8.71072989702225 8.7853844165802 8.86403852701187 8.92969316244125 8.97568106651306 8.99833506345749 9.01932311058044 9.06097728013992 9.14496511220932 9.20761954784393 9.30455756187439 9.39511215686798 9.42400032281876 9.41622179746628 9.4724428653717 9.55733096599579 9.63788598775864 9.6627739071846 9.63832855224609 9.63555014133453
8.24372270703316 8.17626476287842 8.2191404402256 8.26355049014091 8.23149615526199 8.1194409430027 8.14071929454803 8.18133145570755 8.16160982847214 8.10155507922173 8.08183348178864 8.0497787296772 7.97472375631332 7.93866950273514 7.97028085589409 7.98893544077873 8.03196576237679 8.06666219234467 8.0630254149437 8.03405541181564 8.02941903471947 7.96511593461037 8.07181259989738 8.15250930190086 8.23020592331886 8.32823586463928 8.4229331612587 8.52832341194153 8.62040799856186 8.69149261713028 8.79557687044144 8.87199509143829 8.94841295480728 8.99183088541031 8.98424887657166 8.99033319950104 9.02675104141235 9.14750248193741 9.23225349187851 9.27502816915512 9.31316024065018 9.31295841932297 9.33009046316147 9.346888422966 9.385686814785 9.5138184428215 9.62328338623047 9.64508187770844 9.68621337413788
8.14837798476219 8.24789834022522 8.24875178933144 8.20631900429726 8.12126576900482 7.99821251630783 8.03315943479538 8.08677324652672 8.06838682293892 8.037333548069 8.0146136879921 7.96756032109261 7.96084082126617 8.00245401263237 7.99706789851189 8.00488570332527 8.04124069213867 8.09626230597496 8.11695086956024 8.08830589056015 8.11966073513031 8.07134920358658 8.14970430731773 8.14872616529465 8.20541441440582 8.3984357714653 8.439457654953 8.50389266014099 8.6077407002449 8.64525526762009 8.68976998329163 8.7832847237587 8.85679930448532 8.91631430387497 8.96082878112793 8.99767690896988 9.01985841989517 9.09870600700378 9.16288751363754 9.20416551828384 9.22054123878479 9.22491645812988 9.25729161500931 9.28333389759064 9.29270935058594 9.31608432531357 9.40212631225586 9.52683514356613 9.61454355716705
7.9833664894104 8.19319865107536 8.30569684505463 8.2737537920475 8.16770222783089 8.02065086364746 8.04593285918236 8.09021466970444 8.07516342401505 8.09144526720047 8.06639367341995 7.99800887703896 7.99495768547058 8.02590599656105 7.96352127194405 7.92516869306564 7.95184904336929 7.98719584941864 7.96154215931892 8.03555595874786 8.15856912732124 8.17658248543739 8.21859592199326 8.26694291830063 8.37428951263428 8.42063611745834 8.39898285269737 8.44912850856781 8.53607350587845 8.58935135602951 8.68662965297699 8.75190770626068 8.80351907014847 8.83246397972107 8.93640869855881 8.96802049875259 8.97496509552002 9.04490983486176 9.08985471725464 9.11163657903671 9.1492555141449 9.16254097223282 9.16615998744965 9.17677879333496 9.18873143196106 9.23601692914963 9.32396900653839 9.39125484228134 9.46287363767624
8.04702141880989 8.18749839067459 8.27764168381691 8.30285522341728 8.23613888025284 8.14608919620514 8.1457060277462 8.14398944377899 8.18327298760414 8.21022334694862 8.2261737883091 8.11979070305824 8.07440769672394 8.00469124317169 7.89464122056961 7.8267856836319 7.86245754361153 7.96746250987053 7.95913416147232 7.93447238206863 8.04381117224693 8.16281598806381 8.23415440320969 8.32549265027046 8.41216439008713 8.39383602142334 8.3875078856945 8.45103120803833 8.51673942804337 8.55744767189026 8.64815610647202 8.78286421298981 8.84323900938034 8.8562805056572 8.89965534210205 8.93036389350891 8.91640532016754 8.97378033399582 9.02848893404007 9.06744062900543 9.10030323266983 9.10949903726578 9.12436193227768 9.13289099931717 9.04975336790085 9.02028280496597 9.15847879648209 9.22367441654205 9.26987034082413
8.23567715287209 8.26113179326057 8.29892003536224 8.31029027700424 8.32190892100334 8.22352722287178 8.20414587855339 8.20643118023872 8.2057164311409 8.23900210857391 8.22862055897713 8.12757253646851 8.05252432823181 7.85780948400497 7.66309475898743 7.57006931304932 7.639732837677 7.86306235194206 7.90639263391495 7.82172268629074 7.95105287432671 8.10804924368858 8.22404614090919 8.34804278612137 8.40803951025009 8.38836970925331 8.42169934511185 8.46460050344467 8.47073870897293 8.5262103676796 8.61468237638474 8.75515395402908 8.86095893383026 8.86343044042587 8.90790247917175 8.95670747756958 8.99717909097672 8.99931770563126 9.00312262773514 9.0275781750679 9.03935092687607 9.03479045629501 9.05789661407471 9.06700277328491 9.01710897684097 8.95488208532333 9.03932178020477 9.11142772436142 9.1815339922905
8.35099893808365 8.3797652721405 8.41786509752274 8.35572493076324 8.25167858600616 8.18396550416946 8.1869193315506 8.19320625066757 8.20782661437988 8.27611318230629 8.27640041708946 8.11768728494644 8.03897440433502 7.91226133704185 7.71588152647018 7.57168605923653 7.59567421674728 7.76899597048759 7.88898426294327 7.95130610466003 8.08762764930725 8.14294934272766 8.25060451030731 8.30992621183395 8.34224781394005 8.34590274095535 8.38889104127884 8.4158361852169 8.44307160377502 8.53230667114258 8.59387528896332 8.65677726268768 8.75434559583664 8.78424715995789 8.83014923334122 8.8717178106308 8.90661942958832 8.90318816900253 8.91375625133514 8.94638252258301 8.94339865446091 8.89708185195923 8.9177650809288 8.98744833469391 9.04579824209213 9.04781478643417 9.06783133745193 9.08218121528625 9.12019771337509
8.40365386009216 8.38639861345291 8.34014329314232 8.25482660531998 8.18611517548561 8.17640393972397 8.17035928368568 8.18764820694923 8.25260296463966 8.3182253241539 8.26884710788727 8.08380225300789 8.00209110975266 7.97171294689178 7.89966827630997 7.89263617992401 7.95528280735016 7.91959628462791 7.8965762257576 7.94288951158524 8.05986937880516 8.17184966802597 8.25616255402565 8.25014281272888 8.27312278747559 8.32010298967361 8.36208280920982 8.36973866820335 8.38840422034264 8.46506947278976 8.53106772899628 8.58140003681183 8.65039855241776 8.72173058986664 8.77272897958755 8.7940611243248 8.83505994081497 8.85405832529068 8.85139048099518 8.83151990175247 8.82677978277206 8.83137321472168 8.86630004644394 8.90722686052322 8.97515398263931 9.01308071613312 9.00734078884125 8.99960082769394 9.03152757883072
8.31764256954193 8.27203199267387 8.15908828377724 8.06259444355965 8.09655186533928 8.16017526388168 8.14513254165649 8.20208954811096 8.24271330237389 8.2403367459774 8.09362718462944 8.0085840523243 8.05554106831551 8.02483153343201 7.88178861141205 7.826919734478 7.95255792140961 8.02819636464119 8.03983449935913 8.04913985729218 8.10077804327011 8.14674976468086 8.19805443286896 8.23735937476158 8.31466463208199 8.37230303883553 8.38560798764229 8.41430813074112 8.4650701880455 8.51849883794785 8.56926113367081 8.60135626792908 8.60478508472443 8.64321386814117 8.70697581768036 8.73607128858566 8.74449998140335 8.75526225566864 8.72469091415405 8.74299085140228 8.75216090679169 8.76333093643188 8.78950178623199 8.81433874368668 8.846175968647 8.86701315641403 8.87818360328674 8.88468736410141 8.90685790777206
8.21963107585907 8.17066529393196 8.13569965958595 8.08369633555412 8.11732161045074 8.14228042960167 8.13490554690361 8.21819785237312 8.22048979997635 8.15444853901863 7.91774067282677 7.87603253126144 7.9799912571907 8.02995005249977 7.95257547497749 7.88753628730774 7.97349968552589 8.08012974262238 8.1317595243454 8.06238961219788 8.07635319232941 8.10331651568413 8.23227962851524 8.33990961313248 8.4045392870903 8.41083633899689 8.45113307237625 8.47754418849945 8.51906967163086 8.55026173591614 8.57645398378372 8.58231276273727 8.57950526475906 8.58136391639709 8.58722287416458 8.61241519451141 8.6112739443779 8.62246578931808 8.62165826559067 8.65046143531799 8.67487525939941 8.68695604801178 8.71170341968536 8.69111740589142 8.70653146505356 8.72194546461105 8.72902631759644 8.73777371644974 8.77185428142548
8.23228600621223 8.20029896497726 8.23964461684227 8.193464666605 8.2057580947876 8.19038525223732 8.17467901110649 8.25597271323204 8.28126659989357 8.21622687578201 8.05752059817314 8.0088142156601 8.04077476263046 8.05006846785545 8.01169556379318 7.98515316843987 8.09844157099724 8.16539660096169 8.17735132575035 8.12297293543816 8.12092813849449 8.13221642374992 8.13850474357605 8.19245973229408 8.24274787306786 8.31770265102386 8.39332446455956 8.43144661188126 8.42406868934631 8.42835795879364 8.49698007106781 8.51060253381729 8.50722473859787 8.53784716129303 8.52380275726318 8.54942518472672 8.53738075494766 8.53933644294739 8.56429177522659 8.58493208885193 8.58092314004898 8.62458091974258 8.64023864269257 8.59756261110306 8.59555381536484 8.59921133518219 8.60386908054352 8.56852668523788 8.58218437433243
8.0535686314106 8.04024249315262 8.16458290815353 8.25407141447067 8.30170822143555 8.2823451757431 8.27031517028809 8.28395211696625 8.30092233419418 8.29789242148399 8.22719603776932 8.11816614866257 8.03480294346809 7.9471061527729 7.90740981698036 8.02846240997314 8.21359732747078 8.28373250365257 8.28453424572945 8.28933557868004 8.31280389428139 8.29627224802971 8.21607428789139 8.2272090613842 8.23534402251244 8.30414551496506 8.37994706630707 8.39956596493721 8.39366969466209 8.37177300453186 8.45620965957642 8.4543132185936 8.43774995207787 8.48852014541626 8.48429012298584 8.47406029701233 8.45516374707222 8.44393381476402 8.43370416760445 8.44620805978775 8.45544719696045 8.49535232782364 8.4962574839592 8.46916282176971 8.47940129041672 8.48630678653717 8.46887868642807 8.46011734008789 8.46068918704987
7.81847912073135 7.82782995700836 8.02351453900337 8.2418507039547 8.30117198824883 8.32815989851952 8.34781458973885 8.27513590455055 8.24979069828987 8.24377858638763 8.19809991121292 8.07808831334114 7.8577426970005 7.69339719414711 7.70171871781349 7.8091307580471 7.99430072307587 8.19447097182274 8.31330755352974 8.36047750711441 8.43698072433472 8.46481716632843 8.42465376853943 8.44115704298019 8.370326846838 8.36549687385559 8.34800007939339 8.40156942605972 8.45520508289337 8.46850723028183 8.47047621011734 8.44511157274246 8.4374138712883 8.4480496942997 8.44101819396019 8.35132068395615 8.31062284111977 8.25725835561752 8.26856055855751 8.24762344360352 8.26011377573013 8.28393709659576 8.27109432220459 8.24991768598557 8.31574124097824 8.34889799356461 8.31005519628525 8.31687876582146 8.3393689095974
7.79305583238602 7.90108427405357 8.04311287403107 8.15262985229492 8.15496903657913 8.2323083281517 8.28964731097221 8.19831964373589 8.14165911078453 8.14433157444 8.15633735060692 8.07601004838943 7.77734926342964 7.59468853473663 7.59702745079994 7.55146649479866 7.61433780193329 7.89920902252197 8.1944140791893 8.28595227003098 8.35749024152756 8.47169548273087 8.46223372220993 8.45477193593979 8.41264361143112 8.35384836792946 8.29238668084145 8.30623957514763 8.36607375741005 8.3839083313942 8.41374263167381 8.3969102203846 8.38474467396736 8.39991244673729 8.42241355776787 8.32491427659988 8.20041546225548 8.13024961948395 8.11141717433929 8.1133719086647 8.11678048968315 8.11052224040031 8.07559755444527 8.05967256426811 8.09374755620956 8.12148943543434 8.12423139810562 8.10263976454735 8.15171530842781
7.93229919672012 8.05167177319527 8.11871087551117 8.11407566070557 8.05109950900078 8.08245661854744 8.06614688038826 7.980837225914 7.98486056923866 8.03221786022186 8.07124161720276 8.03259843587875 7.82762205600739 7.75097942352295 7.82900321483612 7.82880133390427 7.79437455534935 7.9096143245697 8.09952080249786 8.11642742156982 8.18633365631104 8.3555736541748 8.38081386685371 8.40172028541565 8.39329323172569 8.37453317642212 8.36277288198471 8.35957628488541 8.32760953903198 8.28997564315796 8.31634199619293 8.34337520599365 8.27674162387848 8.22744125127792 8.30314162373543 8.2808410525322 8.12054100632668 8.0135740339756 8.01660740375519 8.02678745985031 8.00944724678993 7.96777403354645 7.91976740956306 7.9110943377018 7.88842090964317 7.87808096408844 7.91574102640152 7.95540115237236 7.9697277545929
8.19720935821533 8.20625939965248 8.18830931186676 8.15852177143097 8.088563144207 8.04760450124741 7.94497939944267 7.84235444664955 7.92772898077965 7.93177077174187 7.97447907924652 8.02918726205826 7.95489528775215 7.9419367313385 8.02464494109154 8.13246962428093 8.18507817387581 8.20901966094971 8.15462765097618 8.07190230488777 8.12384364008904 8.20845213532448 8.29772701859474 8.32666844129562 8.28427642583847 8.26855137944221 8.27515944838524 8.30057945847511 8.28747808933258 8.23770996928215 8.20527523756027 8.22517395019531 8.1620722413063 8.05730444192886 8.04486957192421 8.12110167741776 8.05900001525879 8.00323209166527 7.97013047337532 7.91220262646675 7.86744749546051 7.81369236111641 7.78360414505005 7.76584902405739 7.71942725777626 7.66933891177177 7.68391725420952 7.73649576306343 7.70674070715904
8.23311969637871 8.22684699296951 8.27157428860664 8.21996760368347 8.11436021327972 8.09275278449059 8.06214541196823 8.01387175917625 7.98526427149773 7.95099020004272 7.98671612143517 8.0574423968792 8.08016848564148 8.08889439702034 8.13428720831871 8.21480512619019 8.25344803929329 8.23475778102875 8.17340114712715 8.12804421782494 8.15068718791008 8.19699716567993 8.20664021372795 8.22594979405403 8.22292616963387 8.258569419384 8.29787892103195 8.27624952793121 8.22634655237198 8.22577771544456 8.21220827102661 8.14263895153999 8.07606956362724 8.0041669011116 7.98126438260078 8.00436198711395 7.97845911979675 7.96588999032974 7.91632053256035 7.82095104455948 7.73611396551132 7.69061073660851 7.65544065833092 7.60627058148384 7.54410046339035 7.49859696626663 7.4904271364212 7.47359028458595 7.40408685803413
