data/train_2003/bio2_avg_2003-2018.asc
NCOLS 664 
NROWS 380 
XLLCORNER 3.91666666666667 
YLLCORNER 55.3333333333333 
CELLSIZE 0.0416666666666666 
NODATA_value -9999 
[rows 66 to 87 of 380, columns 490 to 538 of 664]
9.67512410879135 9.71014785766602 9.73817187547684 9.77652859687805 9.79821920394897 9.81657618284225 9.80293309688568 9.79062366485596 9.77264750003815 9.78533774614334 9.79056167602539 9.81098592281342 9.82274323701859 9.83083403110504 9.83159172534943 9.80734890699387 9.78977310657501 9.82619726657867 9.82195442914963 9.80904549360275 9.7881361246109 9.77589380741119 9.78022998571396 9.80081129074097 9.79039269685745 9.76097398996353 9.73422211408615 9.71247005462646 9.70771807432175 9.69296634197235 9.6562140583992 9.63379538059235 9.61804348230362 9.58929181098938 9.57910174131393 9.56647402048111 9.56451308727264 9.55755257606506 9.54459148645401 9.51429730653763 9.49300295114517 9.43337565660477 9.36408138275146 9.27478718757629 9.22982627153397 9.20919877290726 9.17857599258423 9.16195821762085 9.10567396879196
9.65157943964005 9.69962060451508 9.72866183519363 9.74903637170792 9.75974398851395 9.75311845541 9.73615926504135 9.73986703157425 9.73224169015884 9.73461604118347 9.73957151174545 9.76410746574402 9.80431067943573 9.80251359939575 9.76571625471115 9.77458584308624 9.79512220621109 9.7759917974472 9.7305281162262 9.68673068284988 9.67793369293213 9.66613662242889 9.6961612701416 9.73767387866974 9.76985323429108 9.74603283405304 9.7168784737587 9.69705802202225 9.6969039440155 9.69074988365173 9.66926252841949 9.65644162893295 9.64395463466644 9.63646709918976 9.62790596485138 9.6049365401268 9.57430058717728 9.58233171701431 9.54102951288223 9.51305991411209 9.45509111881256 9.4007887840271 9.36748623847961 9.28218340873718 9.2215479016304 9.20257866382599 9.1862587928772 9.18225419521332 9.15824973583221
9.61070191860199 9.59909355640411 9.62481886148453 9.66487711668015 9.6942685842514 9.68932718038559 9.72571867704391 9.73877757787704 9.73850244283676 9.72889477014542 9.72591453790665 9.77956300973892 9.78354454040527 9.77685970067978 9.78117489814758 9.76348984241486 9.73747146129608 9.66645330190659 9.59743481874466 9.61874979734421 9.6177316904068 9.64404672384262 9.69175946712494 9.74187016487122 9.76464766263962 9.75675797462463 9.7382019162178 9.67164576053619 9.58908975124359 9.59553378820419 9.63897746801376 9.66075485944748 9.65519869327545 9.62397599220276 9.59004282951355 9.55639868974686 9.54475456476212 9.50444436073303 9.4438002705574 9.41015607118607 9.36417895555496 9.3348680138588 9.30855756998062 9.23758018016815 9.17093652486801 9.16829240322113 9.16960823535919 9.15255010128021 9.14515858888626
9.5951572060585 9.61223292350769 9.62930864095688 9.63371765613556 9.64579403400421 9.64986968040466 9.71161210536957 9.74335461854935 9.71509718894958 9.66350615024567 9.71325767040253 9.76868486404419 9.76177883148193 9.75553929805756 9.74463313817978 9.73539358377457 9.68815386295319 9.63791471719742 9.65434169769287 9.63910180330276 9.62486296892166 9.64928984642029 9.67469096183777 9.67339944839478 9.68877458572388 9.70481657981873 9.68785864114761 9.65923380851746 9.60727572441101 9.59065115451813 9.59969252347946 9.61273473501205 9.59377658367157 9.57548505067825 9.57351303100586 9.56486088037491 9.53220903873444 9.50355666875839 9.44857150316238 9.38691902160645 9.35226672887802 9.36361479759216 9.34096252918243 9.28097695112228 9.24132508039474 9.19233918190002 9.13695758581161 9.08251303434372 9.03940099477768
9.55257469415665 9.64032757282257 9.67174732685089 9.68183362483978 9.67791974544525 9.67033940553665 9.7447589635849 9.76617830991745 9.72126477956772 9.68435102701187 9.7261164188385 9.75689494609833 9.72667384147644 9.7171191573143 9.69823116064072 9.68234294652939 9.68912154436111 9.69623333215714 9.69667845964432 9.72612375020981 9.69723558425903 9.72301417589188 9.6717489361763 9.62077295780182 9.63046383857727 9.64682108163834 9.62584537267685 9.62386989593506 9.60389405488968 9.62025141716003 9.64360892772675 9.64763289690018 9.62899094820023 9.58801436424255 9.55967336893082 9.56263315677643 9.54892599582672 9.53055250644684 9.50217866897583 9.42713832855225 9.39976471662521 9.39372408390045 9.37135022878647 9.32131010293961 9.28793668746948 9.23122936487198 9.15115833282471 9.10305684804916 9.0236222743988
9.53962236642838 9.62171196937561 9.68146789073944 9.68789100646973 9.69798052310944 9.73840320110321 9.77382671833038 9.77891594171524 9.76733875274658 9.75109499692917 9.7668245434761 9.75019383430481 9.71222966909409 9.69759929180145 9.67630183696747 9.65267074108124 9.62637364864349 9.64740961790085 9.71111190319061 9.759481549263 9.76418441534042 9.76388669013977 9.73260003328323 9.68899071216583 9.661381483078 9.64643895626068 9.60349678993225 9.5545539855957 9.5382781624794 9.58166867494583 9.61505979299545 9.6314502954483 9.63550800085068 9.61889880895615 9.59252315759659 9.57071447372437 9.53490602970123 9.48309713602066 9.45095580816269 9.43381404876709 9.4060053229332 9.38619667291641 9.34905463457108 9.32557934522629 9.25877100229263 9.20196229219437 9.11221098899841 9.04884976148605 8.9411558508873
9.62766915559769 9.62176233530045 9.62652170658112 9.62628144025803 9.65004110336304 9.73113405704498 9.77456051111221 9.76532024145126 9.76574671268463 9.77883958816528 9.78053253889084 9.74849265813828 9.70178580284119 9.69041240215302 9.6873727440834 9.67966592311859 9.64562559127808 9.64625233411789 9.67654579877853 9.72417253255844 9.75246578454971 9.74309259653091 9.72245126962662 9.69054144620895 9.69063222408295 9.68638986349106 9.6448141336441 9.60057157278061 9.58332890272141 9.58675289154053 9.58917677402496 9.57126748561859 9.5553582906723 9.56178230047226 9.57403951883316 9.56246262788773 9.52355253696442 9.48097616434097 9.46506559848785 9.45682257413864 9.42924565076828 9.40266889333725 9.36375898122787 9.33084887266159 9.25027203559875 9.16136175394058 9.07859671115875 8.94164299964905 8.77802240848541
9.64905023574829 9.62714648246765 9.62090945243835 9.68500590324402 9.70876842737198 9.75686490535736 9.76462781429291 9.77639108896255 9.78815376758575 9.79725009202957 9.77024048566818 9.70979118347168 9.66900819540024 9.64622575044632 9.66777664422989 9.69832730293274 9.69954419136047 9.70309537649155 9.70531266927719 9.7165299654007 9.73541420698166 9.72496467828751 9.70030218362808 9.68175965547562 9.63955038785934 9.63967418670654 9.65979814529419 9.67625570297241 9.6633797287941 9.62050384283066 9.59362769126892 9.54441809654236 9.50687569379807 9.50499939918518 9.49588894844055 9.47954422235489 9.47186601161957 9.48718816041946 9.47550892829895 9.46149778366089 9.43515300750732 9.40680807828903 9.3717964887619 9.32411843538284 9.23377329111099 9.17109507322311 9.12831616401672 9.04710292816162 8.9512225985527
9.60809743404388 9.6458637714386 9.65829706192017 9.67372983694077 9.70016264915466 9.74259567260742 9.76802843809128 9.7841283082962 9.76556146144867 9.7516610622406 9.72128164768219 9.6884229183197 9.724564909935 9.73303931951523 9.70918071269989 9.6936554312706 9.70346361398697 9.71760505437851 9.73374634981155 9.72522121667862 9.71236258745193 9.6861709356308 9.64782023429871 9.59131079912186 9.53013467788696 9.54695850610733 9.62711554765701 9.67460662126541 9.67576384544373 9.62958765029907 9.5937448143959 9.52156883478165 9.45739263296127 9.45655006170273 9.42907220125198 9.42729246616364 9.45984613895416 9.45706647634506 9.43861973285675 9.41883987188339 9.40739339590073 9.38694715499878 9.35183429718018 9.30472129583359 9.25427454710007 9.2288281917572 9.21003520488739 9.16922879219055 9.12875610589981
9.57747793197632 9.60891431570053 9.60435056686401 9.63378721475601 9.66422355175018 9.67532682418823 9.69642949104309 9.70853245258331 9.70896923542023 9.6890721321106 9.6683229804039 9.69205510616302 9.7094538807869 9.70018577575684 9.65891826152802 9.65098351240158 9.67804908752441 9.69744771718979 9.67184698581696 9.66991227865219 9.65997809171677 9.67071002721786 9.64333784580231 9.59486186504364 9.55538558959961 9.58090943098068 9.63210010528564 9.64795726537704 9.66314786672592 9.64467191696167 9.60619568824768 9.54738628864288 9.48057687282562 9.41076707839966 9.40192192792892 9.42437386512756 9.44049280881882 9.4119445681572 9.37506353855133 9.38218235969543 9.36763453483582 9.35008615255356 9.34787142276764 9.3023236989975 9.25344264507294 9.17822819948196 9.14042109251022 9.13668847084045 9.11295640468597
9.48685830831528 9.51996493339539 9.56007117033005 9.58217787742615 9.58595061302185 9.56972378492355 9.5724972486496 9.62160325050354 9.65237641334534 9.6634829044342 9.6670309305191 9.67835378646851 9.676009953022 9.6543328166008 9.64565581083298 9.65831208229065 9.66730141639709 9.69062447547913 9.66161352396011 9.64993697404861 9.66959285736084 9.66591584682465 9.66018909215927 9.63741284608841 9.64096993207932 9.64686036109924 9.63541758060455 9.62130796909332 9.60953211784363 9.58942228555679 9.54064625501633 9.45820379257202 9.35676074028015 9.38231778144836 9.40277189016342 9.38012182712555 9.33113938570023 9.27948975563049 9.29617363214493 9.33685779571533 9.32854169607162 9.29122531414032 9.26257598400116 9.22692656517029 9.16894382238388 9.08529436588287 9.03113996982574 9.05848151445389 9.05382299423218
9.3915724158287 9.49468243122101 9.57912528514862 9.59456813335419 9.58467811346054 9.5767879486084 9.58756422996521 9.61134082078934 9.62111741304398 9.62522703409195 9.65007227659225 9.6549859046936 9.65389937162399 9.639479637146 9.63405972719193 9.62497335672379 9.62688678503036 9.65313386917114 9.66604721546173 9.68829411268234 9.68720775842667 9.66645479202271 9.64004057645798 9.63629734516144 9.64088779687881 9.63947802782059 9.60973525047302 9.60065907239914 9.5905824303627 9.57850617170334 9.54143011569977 9.49135398864746 9.43394476175308 9.40220153331757 9.37862128019333 9.30753701925278 9.25545263290405 9.24670177698135 9.25128418207169 9.24019992351532 9.19378221035004 9.19636470079422 9.18694698810577 9.15052944421768 9.11444503068924 9.09902727603912 9.07052594423294 9.01194113492966 8.94935643672943
9.30228650569916 9.37639939785004 9.46817928552628 9.56362569332123 9.62507230043411 9.63785207271576 9.63663178682327 9.61807841062546 9.62885838747025 9.6573047041893 9.68277990818024 9.66761744022369 9.63178843259811 9.60062634944916 9.59546399116516 9.57530128955841 9.58913904428482 9.62064331769943 9.64848095178604 9.65265166759491 9.64848971366882 9.63099390268326 9.60622471570969 9.60351514816284 9.6004718542099 9.62609577178955 9.63138616085052 9.60967642068863 9.58130013942719 9.55559056997299 9.50554764270782 9.48183816671371 9.42579483985901 9.38208574056625 9.34147125482559 9.26361846923828 9.24043262004852 9.24991357326508 9.23606103658676 9.25020867586136 9.20235627889633 9.1405034661293 9.09098440408707 9.0751319527626 9.07094651460648 9.07842701673508 9.06791198253632 9.03840088844299 8.99088966846466
9.36333352327347 9.40678316354752 9.49856638908386 9.57734990119934 9.63079965114594 9.66558283567429 9.68036597967148 9.65048235654831 9.63559889793396 9.65838217735291 9.66115468740463 9.63591599464417 9.60267800092697 9.57477307319641 9.57486790418625 9.5679629445076 9.57239145040512 9.59381997585297 9.61291462182999 9.60734307765961 9.59777146577835 9.58853328227997 9.57340884208679 9.54106587171555 9.51739001274109 9.54238015413284 9.56037044525146 9.53936070203781 9.52435111999512 9.50800788402557 9.49766510725021 9.448655128479 9.37364566326141 9.3349694609642 9.34165406227112 9.31203359365463 9.26074594259262 9.18212532997131 9.14417147636414 9.18221753835678 9.21659684181213 9.17830944061279 9.10535544157028 9.07606780529022 9.03111398220062 8.93649351596832 8.91863119602203 8.93819385766983 8.94042336940765
9.46271401643753 9.51250040531158 9.5616203546524 9.60340684652328 9.62685996294022 9.6573132276535 9.66443347930908 9.64322000741959 9.60633999109268 9.56945985555649 9.55119603872299 9.48854833841324 9.44990056753159 9.4995864033699 9.51160556077957 9.50562429428101 9.52331012487411 9.53866267204285 9.53901499509811 9.54236727952957 9.54071962833405 9.53240543603897 9.53326040506363 9.51528376340866 9.46830725669861 9.41766411066055 9.38368773460388 9.41537809371948 9.40240174531937 9.42675876617432 9.44344907999039 9.4118058681488 9.3424961566925 9.28951972723007 9.3311704993248 9.31611502170563 9.25972574949265 9.20467042922974 9.1569482088089 9.13689297437668 9.1598374247551 9.18111515045166 9.17439311742783 9.13700449466705 9.01528179645538 8.90622675418854 8.91068369150162 8.9926535487175 9.03528964519501
9.48409450054169 9.49621778726578 9.51967442035675 9.51346462965012 9.45592099428177 9.46137756109238 9.4941673874855 9.46395742893219 9.4584139585495 9.42320418357849 9.46590369939804 9.4325133562088 9.33979016542435 9.41439974308014 9.45200955867767 9.41928613185883 9.38822907209396 9.41283881664276 9.47711533308029 9.50272476673126 9.47833478450775 9.45361125469208 9.45611125230789 9.4628347158432 9.44255828857422 9.35994869470596 9.27467215061188 9.21406245231628 9.20645236968994 9.25717598199844 9.30089980363846 9.28128957748413 9.27067971229553 9.25540328025818 9.21435362100601 9.27686315774918 9.25803929567337 9.20288252830505 9.16905897855759 9.07490187883377 9.07007819414139 9.11658781766891 9.13809722661972 9.12927329540253 9.07778346538544 9.00429254770279 8.99440276622772 9.04411315917969 9.05515676736832
9.47566592693329 9.48310995101929 9.50088757276535 9.48266524076462 9.44010961055756 9.43588721752167 9.46299850940704 9.47844272851944 9.48588716983795 9.48799782991409 9.47034001350403 9.47291284799576 9.47381943464279 9.48972600698471 9.48829901218414 9.44953894615173 9.38744539022446 9.39935183525085 9.44259107112885 9.40016436576843 9.38640427589417 9.38497710227966 9.4030829668045 9.38105416297913 9.35869210958481 9.34999662637711 9.32063466310501 9.25093913078308 9.08957713842392 9.06788176298141 9.20418614149094 9.25049102306366 9.24679589271545 9.15343362092972 9.11700791120529 9.18851900100708 9.22069597244263 9.18454015254974 9.17305070161819 9.10789501667023 9.08073902130127 9.09958297014236 9.10142707824707 9.10527127981186 9.11878204345703 9.1069592833519 9.08172231912613 9.08040392398834 9.07941919565201
9.43342715501785 9.38951033353806 9.33526003360748 9.2996763586998 9.33009272813797 9.46684205532074 9.50225895643234 9.50367498397827 9.51042491197586 9.49817442893982 9.46483707427979 9.47374624013901 9.49398857355118 9.5162313580513 9.50047373771667 9.44238269329071 9.42129153013229 9.4432008266449 9.44810962677002 9.42101901769638 9.39992797374725 9.37383699417114 9.3608415722847 9.32794177532196 9.31304204463959 9.3031422495842 9.28857553005219 9.28067606687546 9.21910929679871 9.21287602186203 9.21964263916016 9.1944095492363 9.12750953435898 9.02127647399902 9.0554673075676 9.11508148908615 9.15002930164337 9.19031065702438 9.18925797939301 9.13287222385406 9.10315376520157 9.0967680811882 9.12371569871902 9.12233006954193 9.13327813148499 9.13122606277466 9.09897541999817 9.06985980272293 9.04974371194839
9.44985550642014 9.46224421262741 9.43763244152069 9.35435426235199 9.35774248838425 9.44446396827698 9.47518599033356 9.46790754795074 9.45462942123413 9.40968441963196 9.40633428096771 9.40557950735092 9.46315783262253 9.46306967735291 9.45331507921219 9.42789304256439 9.4261382818222 9.45105010271072 9.46296161413193 9.4472069144249 9.42411851882935 9.38169705867767 9.35526728630066 9.31049638986588 9.26472532749176 9.23362112045288 9.24351644515991 9.2510786652565 9.26730757951736 9.25720351934433 9.21843272447586 9.14166134595871 9.03622388839722 9.02111959457397 9.01225984096527 8.98964458703995 9.05502915382385 9.13841390609741 9.17979872226715 9.16151714324951 9.14756834506989 9.1479532122612 9.15700489282608 9.12372261285782 9.09710764884949 9.09282541275024 9.09489488601685 9.08098191022873 9.04906886816025
9.49595046043396 9.51197797060013 9.51200497150421 9.47503185272217 9.45105892419815 9.40875262022018 9.39211291074753 9.40314012765884 9.40983378887177 9.45386111736298 9.47516512870789 9.45241296291351 9.44099402427673 9.40357494354248 9.41648942232132 9.40473735332489 9.39765137434006 9.38623261451721 9.41281336545944 9.42306125164032 9.4029757976532 9.35822337865829 9.30435991287231 9.29271745681763 9.27540874481201 9.2334331870079 9.22745752334595 9.22048205137253 9.201839864254 9.20386439561844 9.19722205400467 9.16091334819794 9.12293779850006 9.1016291975975 9.08438569307327 9.07587414979935 9.10602933168411 9.11951738595963 9.12433964014053 9.10716152191162 9.09431636333466 9.13147151470184 9.13029336929321 9.09111511707306 9.02627032995224 9.02542549371719 9.06814789772034 9.0931042432785 9.0607271194458
9.48671209812164 9.52137804031372 9.52204370498657 9.46704310178757 9.41704189777374 9.42004132270813 9.39537358283997 9.41770595312119 9.42603844404221 9.45403742790222 9.46732896566391 9.45324605703354 9.43616300821304 9.41674667596817 9.40566384792328 9.37158089876175 9.3508312702179 9.31674832105637 9.31066542863846 9.32091581821442 9.28883278369904 9.2404163479805 9.20678514242172 9.18427187204361 9.18209213018417 9.19124519824982 9.18539863824844 9.15788549184799 9.07837224006653 9.0031920671463 9.02067869901657 9.08949881792068 9.10831898450851 9.08680564165115 9.05484479665756 9.05277043581009 9.07236242294312 9.10128796100616 9.07254683971405 9.04413890838623 9.06039768457413 9.10065686702728 9.11158180236816 9.05717408657074 8.96843284368515 8.96769165992737 9.03206729888916 9.07389312982559 9.08005219697952
9.50080680847168 9.51611179113388 9.4974160194397 9.49238723516464 9.48435831069946 9.47232967615128 9.40996754169464 9.36493879556656 9.35457628965378 9.4068808555603 9.38549327850342 9.37441271543503 9.37799900770187 9.38491868972778 9.3711718916893 9.32409119606018 9.2800110578537 9.21659743785858 9.16618412733078 9.15543705224991 9.10235673189163 9.04927623271942 9.01321071386337 9.00182604789734 9.02744150161743 9.07839059829712 9.09467285871506 9.09228855371475 8.97823745012283 8.82351952791214 8.81580156087875 8.95075047016144 9.04103291034698 9.04531514644623 9.02830421924591 9.01566630601883 9.0356959104538 9.06705808639526 9.09742081165314 9.09978318214417 9.07514595985413 9.10584145784378 9.12653756141663 9.11223322153091 9.08259576559067 9.09429168701172 9.10465371608734 9.11668175458908 9.11237686872482
