data/train_2003/bio3_avg_2003-2018.asc
NCOLS 664 
NROWS 380 
XLLCORNER 3.91666666666667 
YLLCORNER 55.3333333333333 
CELLSIZE 0.0416666666666666 
NODATA_value -9999 
[rows 286 to 307 of 380, columns 539 to 587 of 664]
22.6039788722992 22.4987344741821 22.4967921972275 22.4524377584457 22.422691822052 22.3141676187515 22.1817811727524 22.1859992742538 22.2336438894272 22.253066778183 22.2559649944305 22.209380865097 22.113965511322 21.9861191511154 21.981130361557 21.9563468694687 21.9400328397751 21.8752940893173 21.8782231807709 21.9453686475754 22.0119495391846 22.0827212333679 22.1428993940353 22.0663249492645 21.879049539566 21.8282984495163 21.793802857399 21.6264470815659 21.4212945699692 21.6137261390686 21.9620389938354 21.9277366399765 21.8221590518951 21.684602022171 21.623614192009 21.6242408752441 21.475452542305 21.3957060575485 21.4060748815536 21.4068335294724 21.4742783308029 21.4333546161652 21.2366660833359 21.402556180954 21.6586874723434 22.0620647668839 22.2478868961334 22.4759950637817 22.6084815263748
22.5174444913864 22.4734237194061 22.5427534580231 22.5608130693436 22.5162441730499 22.5682176351547 22.5407305955887 22.4819535017014 22.4299453496933 22.4208627939224 22.4456967115402 22.3668024539948 22.1552399396896 22.0306084156036 22.0402386188507 22.1315522193909 22.165879368782 22.0792548656464 22.0179525613785 22.042667388916 22.0720798969269 22.0808730125427 21.9769620895386 21.8511744737625 21.7887978553772 21.7401051521301 21.7129545211792 21.7126837968826 21.6562465429306 21.6334731578827 21.8743398189545 21.9442749023438 21.9036952257156 21.7738888263702 21.6475056409836 21.5408307313919 21.3361675739288 21.4916199445724 21.7951241731644 21.8027100563049 21.7334767580032 21.6790550947189 21.6520600318909 21.9104374647141 22.0239831209183 22.1160154342651 22.2484796047211 22.4032819271088 22.4249407052994
22.6077227592468 22.5777826309204 22.595752120018 22.5766626596451 22.5013825893402 22.600839138031 22.6139308214188 22.6002979278564 22.5220508575439 22.45649933815 22.3826693296432 22.3071398735046 22.1503221988678 22.0967028141022 22.1383039951324 22.3544147014618 22.4102777242661 22.3213270902634 22.1155819892883 21.9841262102127 21.9542860984802 21.924520611763 21.8837755918503 21.7940638065338 21.7557977437973 21.7270802259445 21.6734384298325 21.6473041772842 21.6203421354294 21.5918043851852 21.7497937679291 21.8314769268036 21.7794622182846 21.5698733329773 21.4469320774078 21.3722438812256 21.2845793962479 21.4305534362793 21.6574157476425 21.6998671293259 21.6939798593521 21.6547468900681 21.7382609844208 21.9216340780258 22.0318986177444 22.0929574966431 22.2828298807144 22.5317063331604 22.6705317497253
22.9239184856415 22.8410542011261 22.8165323734283 22.7702089548111 22.6905448436737 22.7352124452591 22.7655419111252 22.7249492406845 22.5835626125336 22.4631559848785 22.3736763000488 22.3005208969116 22.2389441728592 22.2268959283829 22.2569795846939 22.4129450321198 22.4827091693878 22.3781391382217 22.1887130737305 22.1192027330399 22.0072363615036 21.9420326948166 21.9847903251648 21.9483114480972 21.8544170856476 21.8028159141541 21.7654440402985 21.7635434865952 21.7269798517227 21.6890701055527 21.7070274353027 21.7101247310638 21.6346043348312 21.5472601652145 21.4657247066498 21.5174833536148 21.5500180721283 21.5520879030228 21.5598722696304 21.5378494262695 21.5716633796692 21.6538974046707 21.8261197805405 21.9667710065842 21.9601118564606 22.0112302303314 22.2070336341858 22.4259691238403 22.5703587532043
23.0978353023529 23.0683164596558 23.0157845020294 22.9371355772018 22.9344589710236 22.9417231082916 22.9463751316071 22.8631163835526 22.6911526918411 22.5096958875656 22.4008001089096 22.37093770504 22.3606743812561 22.3124923706055 22.3039600849152 22.4097418785095 22.4299380779266 22.2987735271454 22.2464263439178 22.244304060936 22.1062031984329 22.0213665962219 22.0000021457672 21.9472169876099 21.8546948432922 21.7527496814728 21.6908286809921 21.7981743812561 21.7878960371017 21.692577123642 21.6325523853302 21.5257235765457 21.4618252515793 21.408038854599 21.3408204317093 21.4109182357788 21.4949545860291 21.5492008924484 21.5194022655487 21.4546315670013 21.5008990764618 21.6127541065216 21.7842882871628 22.0177030563354 21.9707312583923 21.9699336290359 22.1440249681473 22.2805507183075 22.3255809545517
23.0889711380005 23.0232465267181 22.9910074472427 22.9499636888504 22.9285601377487 22.9221229553223 22.879315495491 22.8266118764877 22.7221574783325 22.6370193958282 22.5447212457657 22.5282137393951 22.5021556615829 22.480964422226 22.4278266429901 22.3863977193832 22.3329077959061 22.1301176548004 21.9078005552292 21.6775592565536 21.4755725860596 21.2895535230637 21.1275877952576 20.9601330757141 20.8038609027863 20.70465528965 20.6259087324142 20.6409305334091 20.6193964481354 20.543999671936 20.5115333795547 20.5119643211365 20.743495464325 21.1089158058167 21.1779364347458 21.3530117273331 21.4333651065826 21.4065823554993 21.3781831264496 21.4039959907532 21.5235226154327 21.6031271219254 21.7418973445892 21.9180215597153 21.9228134155273 21.9810657501221 22.0872703790665 22.1480298042297 22.1163703203201
23.0783232450485 22.9555050134659 22.9107450246811 22.9249626398087 22.8932851552963 22.8020714521408 22.7298792600632 22.699081659317 22.7712129354477 22.8148598670959 22.7367141246796 22.6260302066803 22.6093200445175 22.583966255188 22.485537648201 22.2069706916809 21.8773322105408 21.4750760793686 21.0433514118195 20.7238343954086 20.4382483959198 20.2302324771881 20.0675790309906 19.9091173410416 19.7677410840988 19.6728664636612 19.5591622591019 19.4662733078003 19.3760993480682 19.3631113767624 19.3064913749695 19.375806927681 20.0529935359955 20.9554105997086 21.1987254619598 21.4204845428467 21.4665952920914 21.3046102523804 21.2421514987946 21.3589761257172 21.5078370571136 21.633149266243 21.6346139907837 21.7446249723434 21.877437710762 22.0617916584015 22.0613878965378 22.0364685058594 22.0129117965698
23.1106139421463 22.9799258708954 22.9906942844391 22.9858189821243 22.9787833690643 22.8652913570404 22.7788764238358 22.7391526699066 22.7670830488205 22.8663947582245 22.8177266120911 22.6306833028793 22.6204277276993 22.5516109466553 22.1588859558105 21.6225919723511 21.0391237735748 20.6014667749405 20.3863101005554 20.2836529016495 20.1289155483246 20.0169605016708 19.9395486116409 19.8954230546951 19.7813782691956 19.6600564718246 19.562970995903 19.4807064533234 19.3548510074615 19.2475025653839 19.2116579413414 19.2671151161194 19.845302939415 20.7620911598206 21.1217827796936 21.2618404626846 21.3016538619995 21.2150101661682 21.1669338941574 21.2841912508011 21.4170184135437 21.4720547199249 21.5137479305267 21.6594922542572 21.8957172632217 22.015468120575 22.0364261865616 21.9759598970413 22.0093040466309
23.0701839923859 22.9951181411743 22.9327014684677 22.9948028326035 22.9962241649628 22.9907319545746 22.90993475914 22.8295758962631 22.8572826385498 22.8792325258255 22.8108524084091 22.6374744176865 22.597541809082 22.3863000869751 21.5889338254929 20.8498728275299 20.6024261713028 20.4623159170151 20.3692845106125 20.2442981004715 20.1173585653305 20.0434448719025 19.9477422237396 19.8509517908096 19.7355271577835 19.656210064888 19.5751923322678 19.5003854036331 19.3795943260193 19.2580056190491 19.1234157681465 19.1240835785866 19.2639358043671 20.0023801326752 20.8336794376373 21.1321301460266 21.2069833278656 21.16057908535 21.0940368175507 21.1905770301819 21.2805321216583 21.3716127872467 21.4583779573441 21.6291552782059 21.8464386463165 21.7852703332901 21.9406737089157 21.9505453109741 21.974823474884
23.0400332212448 23.0033155679703 22.9828242063522 23.0660638809204 23.0474834442139 23.0343577861786 23.0096237659454 22.9072697162628 22.8930487632751 22.8601717948914 22.7734217643738 22.6749761104584 22.6065154075623 22.212268948555 21.1344863176346 20.7771327495575 20.606763958931 20.5031124353409 20.3829854726791 20.2730823755264 20.1563956737518 20.0436542034149 19.9742881059647 19.8501851558685 19.7129508256912 19.6500542163849 19.532429933548 19.44668841362 19.3537795543671 19.2223402261734 19.0963588953018 19.0244898796082 18.9912521839142 19.2869873046875 20.5254856348038 21.1375323534012 21.2049258947372 21.0854231119156 21.0629019737244 21.1145099401474 21.11634349823 21.239345908165 21.4168635606766 21.4766707420349 21.5767778158188 21.6257889270782 21.737095952034 21.7271176576614 21.7989852428436
23.1714506149292 23.1019163131714 23.0307437181473 23.0798145532608 23.076838850975 23.0819365978241 23.0545787811279 23.0138239860535 22.9568892717361 22.8853982686996 22.7724137306213 22.7274596691132 22.6937769651413 22.3437041044235 21.3421475887299 20.9408130645752 20.7369282245636 20.5803973674774 20.4726033210754 20.3143255710602 20.1858371496201 20.0679030418396 19.9601986408234 19.8435398340225 19.7481160163879 19.636491894722 19.5066021680832 19.4000068902969 19.3345476388931 19.2098938822746 19.0738680362701 19.0075687170029 18.9694367051125 19.2258275151253 20.4414031505585 21.1245445013046 21.1714271306992 21.0361258983612 21.0492584705353 21.1157027482986 21.0636678934097 21.148463010788 21.29738676548 21.2602516412735 21.3507062196732 21.4497470855713 21.5801596641541 21.7354712486267 21.8574467897415
23.3050067424774 23.235582113266 23.0592567920685 22.9891536235809 23.0304208993912 23.1252933740616 23.1076673269272 23.0041159391403 22.9454923868179 22.926300406456 22.8943439722061 22.8096596002579 22.7974762916565 22.6006333827972 22.150887966156 21.6675132513046 21.2303818464279 20.7997930049896 20.5274238586426 20.3814451694489 20.2667109966278 20.1282076835632 20.0264440774918 19.8877083063126 19.7419711351395 19.6310126781464 19.5047814846039 19.4332027435303 19.3185383081436 19.1884279847145 19.101694881916 18.9990336894989 18.9510347247124 19.2874680757523 20.4303647279739 20.9906235933304 20.989786028862 20.9050483703613 20.8937100172043 20.9502526521683 20.9816908836365 21.0483682155609 21.183952331543 21.206861615181 21.3988834619522 21.5876959562302 21.5925908088684 21.6496577262878 21.7729593515396
23.4275693893433 23.3103042840958 23.0952180624008 22.9184838533401 22.8821008205414 23.0206298828125 23.062593460083 23.0449078083038 23.0295845270157 23.055270075798 23.0117186307907 22.8811318874359 22.8139609098434 22.7998124361038 22.6525045633316 22.4749969244003 22.3415943384171 21.8796736001968 20.9635996818542 20.4834164381027 20.3385225534439 20.1900345087051 20.0576192140579 19.8765609264374 19.7173838615417 19.6373535394669 19.5409352779388 19.4455387592316 19.3345277309418 19.2554055452347 19.1433354616165 18.9930781722069 18.9279935956001 19.3226953744888 20.4684870243073 20.8978725671768 20.8227326869965 20.8525240421295 20.9477114677429 21.0330283641815 21.1131013631821 21.1708091497421 21.2214336395264 21.2846599817276 21.3578536510468 21.5115020275116 21.5560644865036 21.6733170747757 21.7614616155624
23.2911742925644 23.2442193031311 23.2442181110382 23.0978806018829 23.0208350419998 23.0609323978424 23.0474506616592 23.1004476547241 23.0588334798813 23.0411208868027 22.9726120233536 22.7967945337296 22.7215604782104 22.7893530130386 22.7705354690552 22.6657992601395 22.5972440242767 22.4386079311371 21.9428563117981 20.9199340343475 20.4071317911148 20.2181260585785 20.0685945749283 19.8807601928711 19.7849130630493 19.6697496175766 19.5988233089447 19.5234875679016 19.3781552314758 19.2588790655136 19.122052192688 19.033234834671 19.004200220108 19.5701910257339 20.532035112381 20.8936916589737 20.83542740345 20.8405915498734 20.9594669342041 21.0357708930969 21.1550749540329 21.225147485733 21.2817376852036 21.3321143388748 21.4535467624664 21.5605171918869 21.6090725660324 21.6903481483459 21.8246816396713
23.2722393274307 23.2763619422913 23.3302862644196 23.2652113437653 23.0947369337082 23.0863741636276 23.0832720994949 23.0864949226379 23.0803982019424 22.9455981254578 22.7301779985428 22.5589109659195 22.5995923280716 22.625692486763 22.6487275362015 22.6475992202759 22.6679582595825 22.5910561084747 22.3936057090759 21.3759973049164 20.5220987796783 20.2274795770645 20.065477013588 19.8947216272354 19.8165708780289 19.7346159219742 19.6184548139572 19.5329563617706 19.3958637714386 19.2913323640823 19.1704246997833 19.0950047969818 19.0314502716064 19.5195134878159 20.4035568237305 20.8553417921066 20.9141368865967 20.9388731718063 21.0174180269241 21.2165067195892 21.4964143037796 21.5534183979034 21.5293288230896 21.5146689414978 21.4691388607025 21.5898989439011 21.6774514913559 21.7216007709503 21.7994050979614
23.3834272623062 23.287566781044 23.3194297552109 23.3715891838074 23.2725536823273 23.2000671625137 23.0568540096283 22.9481515884399 23.0367666482925 22.9532816410065 22.7209651470184 22.6176283359528 22.6852477788925 22.6368836164474 22.5169943571091 22.5901064872742 22.661633014679 22.6656945943832 22.5903280973434 22.0769662857056 20.9555910825729 20.3092988729477 20.0999090671539 19.9948003292084 19.8899403810501 19.7774820327759 19.6419031620026 19.5430661439896 19.4124357700348 19.3259949684143 19.2170619368553 19.1320379972458 19.0577056407928 19.2219901680946 20.034551858902 20.8630143404007 21.1344512701035 21.1629593372345 21.1005493402481 21.1110371351242 21.2535586357117 21.3772231340408 21.574583530426 21.7241557836533 21.5737925767899 21.6168875694275 21.7002266645432 21.7862284183502 21.8296391963959
23.3264697790146 23.3086199760437 23.3850420713425 23.422278046608 23.3271201848984 23.232427239418 23.0373678207397 22.8485413789749 22.966425538063 23.0214154720306 22.8595130443573 22.7374707460403 22.7105699777603 22.6211137771606 22.5568125247955 22.6448194980621 22.7244530916214 22.6636954545975 22.5980483293533 22.336185336113 21.3504407405853 20.4471551179886 20.1057374477386 19.9798445701599 19.851465344429 19.7526684999466 19.6308948993683 19.5308043956757 19.4402763843536 19.3113745450974 19.2440858483315 19.1718260645866 19.0896328091621 19.1155558824539 19.5291396379471 20.5431456565857 21.2084133625031 21.2846953868866 21.1641756296158 21.1162356138229 21.2011946439743 21.2856042385101 21.4804047346115 21.6852083206177 21.6644285917282 21.6790108680725 21.6666668653488 21.7397307157516 21.7328723669052
23.3001885414124 23.3279058933258 23.3687137365341 23.3509347438812 23.3379666805267 23.3510533571243 23.1903619766235 22.9053211212158 22.9552419185638 23.0690433979034 23.0120292901993 22.9167181253433 22.8134988546371 22.7587014436722 22.7994341850281 22.8902417421341 22.9372596740723 22.8318958282471 22.6703594923019 22.4403414726257 21.8809291124344 20.7788962125778 20.2171247005463 20.0303602218628 19.8480168581009 19.7588286399841 19.666030049324 19.5296874046326 19.4640480279922 19.3638663291931 19.2845579981804 19.230442404747 19.1771143078804 19.2078918218613 19.3254672288895 20.1551455259323 21.131950378418 21.4735630750656 21.3465596437454 21.2257952690125 21.2867677211761 21.2951411008835 21.4374823570251 21.7001522779465 21.76997423172 21.7265113592148 21.7318607568741 21.7127710580826 21.6774327754974
23.4377739429474 23.446463227272 23.4104624986649 23.3810065984726 23.3220086097717 23.3423717021942 23.2687114477158 23.1383965015411 23.204127073288 23.1941932439804 23.1354480981827 23.1297384500504 23.0933285951614 23.0773701667786 23.0572637319565 23.0090743303299 23.0020347833633 22.8518863916397 22.7313287258148 22.6968003511429 22.2974208593369 21.0319610834122 20.2824350595474 20.0452389717102 19.8917800188065 19.8133618831635 19.7059043645859 19.6202346086502 19.53435587883 19.4654618501663 19.3883570432663 19.3810331821442 19.6996488571167 20.0394947528839 19.999664068222 20.4762742519379 21.093879699707 21.3316214084625 21.2853417396545 21.2682274580002 21.3915967941284 21.3904345035553 21.5561987161636 21.7464238405228 21.7885839939117 21.7356077432632 21.8211135864258 21.8833122253418 21.8710860013962
23.5799924135208 23.5365343093872 23.4878573417664 23.3501299619675 23.291517496109 23.2944049835205 23.2857004404068 23.306832075119 23.3532392978668 23.3083959817886 23.2219177484512 23.2210960388184 23.2618609666824 23.2930197715759 23.2368522882462 23.0519678592682 22.9475194215775 22.7868062257767 22.760018825531 22.923454284668 22.555263876915 21.4235225915909 20.8064072132111 20.4017752408981 20.0116152763367 19.90931391716 19.890318274498 19.7855240106583 19.6414026021957 19.5745512247086 19.5396155118942 19.8630664348602 20.7392727136612 21.1627812385559 20.9733790159225 21.0833234786987 21.1924422979355 21.2608159780502 21.4003546237946 21.4390351772308 21.4906375408173 21.4758435487747 21.6465108394623 21.8097032308578 21.9299710988998 21.8743658065796 21.9016970396042 21.9994207620621 22.0077040195465
23.7257355451584 23.5608712434769 23.3607066869736 23.3253191709518 23.2975482940674 23.3444375991821 23.343398809433 23.327122092247 23.3020749092102 23.3099405765533 23.2905391454697 23.2657990455627 23.2363492250443 23.2255059480667 23.1757605075836 23.0739814043045 22.9878107309341 22.8404288291931 22.8966933488846 23.0561496019363 22.7635989189148 22.1571731567383 21.92635679245 21.4447218179703 20.6231817007065 20.1617518663406 20.1324931383133 20.0123974084854 19.7274651527405 19.6423563957214 19.827565073967 20.5629777908325 21.418084859848 21.5556523799896 21.4125727415085 21.4019755125046 21.4133390188217 21.6082055568695 21.7983915805817 21.7137845754623 21.5728359222412 21.5100575685501 21.6874243021011 21.8530570268631 22.0124608278275 21.9675043821335 21.9386808872223 21.948194026947 21.9062618017197
23.7090499401093 23.511235833168 23.2995975017548 23.418417096138 23.4285553693771 23.3916589021683 23.4128302335739 23.3600293397903 23.3800626993179 23.3494991064072 23.3118586540222 23.2641352415085 23.1734526157379 23.1054422855377 23.0857199430466 23.0865350961685 23.0238013267517 22.9264472723007 22.945521235466 23.1066411733627 22.8588560819626 22.6063953638077 22.4916849136353 22.2384095191956 21.4092769622803 20.3784493207932 20.0419512987137 20.0806679725647 20.0461198091507 19.9786655902863 20.2450140714645 20.9999014139175 21.4725750684738 21.5174745321274 21.5078512430191 21.5713889598846 21.7059766054153 21.9003471136093 21.9356515407562 21.8601908683777 21.7487494945526 21.6556624174118 21.7466331720352 21.8168978691101 21.8347877264023 21.8719719648361 21.8423573970795 21.8413163423538 21.8596769571304
