data/train_2003/bio3_avg_2003-2018.asc
NCOLS 664 
NROWS 380 
XLLCORNER 3.91666666666667 
YLLCORNER 55.3333333333333 
CELLSIZE 0.0416666666666666 
NODATA_value -9999 
[rows 154 to 175 of 380, columns 588 to 636 of 664]
20.7133069038391 20.7179775238037 20.5198438167572 20.432937502861 20.7178057432175 20.957065820694 21.1157422065735 21.1784960031509 21.2343375682831 21.3092193603516 21.3391253948212 21.3697253465652 21.3946483135223 21.4336498975754 21.5249816179276 21.569198846817 21.5755002498627 21.5449800491333 21.4159613847733 21.293751001358 21.3748872280121 21.4920010566711 21.5300090312958 21.4948529005051 21.5052987337112 21.4815468788147 21.4806343317032 21.508945941925 21.5578837394714 21.5714199542999 21.5530046224594 21.5484464168549 21.6038341522217 21.6527342796326 21.6603313684464 21.6239520311356 21.5840095281601 21.5079144239426 21.4792457818985 21.4921063184738 21.5228006839752 21.5690579414368 21.5554548501968 21.6277577877045 21.6688506603241 21.6572368144989 21.6853413581848 21.7108966112137 21.8032536506653
20.7212504148483 20.7366096973419 20.6073576211929 20.6362847089767 20.8523907661438 20.9370628595352 21.0594773292542 21.123673081398 21.177276968956 21.2786734104156 21.3165091276169 21.3169305324554 21.3174338340759 21.3314651250839 21.4632816314697 21.5011119842529 21.5003329515457 21.5275510549545 21.549014210701 21.541162610054 21.6201548576355 21.672301530838 21.6558758020401 21.6638967990875 21.6748955249786 21.6857286691666 21.6343542337418 21.5764844417572 21.5262341499329 21.6080939769745 21.7373865842819 21.7342299222946 21.7277013063431 21.7503253221512 21.7088656425476 21.7047832012177 21.6205627918243 21.5231391191483 21.480081319809 21.4542027711868 21.4649327993393 21.4364565610886 21.4413619041443 21.4800090789795 21.5304384231567 21.5169831514359 21.4966279268265 21.5124371051788 21.622324347496
20.8062598705292 20.8008681535721 20.7342751026154 20.8397171497345 20.9057348966599 20.9766836166382 21.123108625412 21.1373057365417 21.1616303920746 21.1957005262375 21.2348461151123 21.3044412136078 21.360680103302 21.3719668388367 21.4127558469772 21.4653307199478 21.5204347372055 21.618297457695 21.7110282182693 21.7836108207703 21.7424722909927 21.6956652402878 21.6807290315628 21.6982047557831 21.6815694570541 21.7110732793808 21.6907181739807 21.6331133842468 21.6101334095001 21.6940596103668 21.7885323762894 21.7830885648727 21.7770214080811 21.7480683326721 21.6867293119431 21.6616561412811 21.6113513708115 21.5320808887482 21.5255461931229 21.501948595047 21.445795416832 21.3576104640961 21.4184863567352 21.4489427804947 21.4188517332077 21.4150375127792 21.3735793828964 21.3553922176361 21.4082894325256
20.7665948867798 20.6869785785675 20.7580864429474 20.8793227672577 20.9009635448456 20.9523341655731 21.0439411401749 21.0900981426239 21.0212739706039 21.0618453025818 21.0762029886246 21.1409193277359 21.2746592760086 21.4149947166443 21.4154080152512 21.489373922348 21.5498737096786 21.59206366539 21.7352222204208 21.7613070011139 21.7264726161957 21.6810836791992 21.6258102655411 21.6538072824478 21.6555054187775 21.6547410488129 21.7267428636551 21.6559760570526 21.5491687059402 21.5612218379974 21.6576579809189 21.6989843845367 21.7175816297531 21.6784329414368 21.6127014160156 21.6002271175385 21.5821415185928 21.5843390226364 21.5748422145844 21.5526221990585 21.4902768135071 21.4396121501923 21.4327549934387 21.4103552103043 21.3763257265091 21.3554475307465 21.3636705875397 21.3755592107773 21.3771284818649
20.8511698246002 20.8867911100388 20.9364403486252 20.9427194595337 20.9454919099808 20.9455242156982 21.0102490186691 21.0802612304688 21.1176620721817 21.145236492157 21.1885979175568 21.1589730978012 21.2604594230652 21.3617558479309 21.3519273996353 21.4945464134216 21.5177572965622 21.458878159523 21.522882938385 21.6157228946686 21.682661652565 21.664012670517 21.6424473524094 21.6035906076431 21.5759192705154 21.6085888147354 21.6910284757614 21.6364679336548 21.5904191732407 21.5619622468948 21.5413571596146 21.6350735425949 21.7037051916122 21.667297244072 21.5634759664536 21.5744264125824 21.5956332683563 21.5331671237946 21.4573349952698 21.4493980407715 21.3943172693253 21.2342797517776 21.1693012714386 21.1767508983612 21.2114834785461 21.2137068510056 21.2717072963715 21.2986768484116 21.2930537462234
20.8900027275085 20.9841321706772 21.0547678470612 21.0686323642731 21.0772242546082 21.0942713022232 21.0462033748627 21.1024622917175 21.12364757061 21.1472229957581 21.2250736951828 21.297193646431 21.3608120679855 21.4120168685913 21.4236371517181 21.5482857227325 21.5459588766098 21.4228519201279 21.3784708976746 21.4824289083481 21.6014239788055 21.660537481308 21.6801232099533 21.7105991840363 21.7072621583939 21.6730589866638 21.6973960399628 21.7326954603195 21.7805989980698 21.7594244480133 21.7139283418655 21.7387654781342 21.7484375238419 21.6483836174011 21.5711140632629 21.5256921052933 21.4935647249222 21.4533722400665 21.3631279468536 21.2969740629196 21.1960047483444 20.9332144260406 20.7233289480209 20.847650885582 21.0827733278275 21.2093034982681 21.2921488285065 21.2333215475082 21.2291531562805
20.709894657135 20.8528724908829 20.9034616947174 20.9687328338623 20.9654760360718 21.0419411659241 21.069772362709 21.1287177801132 21.1738356351852 21.1793860197067 21.1728347539902 21.278123497963 21.3773038387299 21.4332505464554 21.4207479953766 21.5107091665268 21.5400128364563 21.5280978679657 21.5451872348785 21.5930110216141 21.6324106454849 21.6050060987473 21.6367309093475 21.6396479606628 21.6620850563049 21.7095187902451 21.7462537288666 21.7909896373749 21.7581723928452 21.7624216079712 21.7059698104858 21.6302342414856 21.5276297330856 21.3753579854965 21.2874357700348 21.3443005084991 21.4182220697403 21.5202357769012 21.4125427007675 21.3101027011871 21.1861343383789 20.9261932373047 20.6227449178696 20.6709449291229 20.9125705957413 21.0688583850861 21.1970382928848 21.2564401626587 21.2388048171997
20.6545964479446 20.7740243673325 20.887109875679 20.9811961650848 21.0439500808716 21.1164320707321 21.125074505806 21.1178584098816 21.1403192281723 21.1735435724258 21.2119809389114 21.2558550834656 21.3270993232727 21.3522052764893 21.3732231855392 21.4741804599762 21.5832796096802 21.5751988887787 21.5468384027481 21.5633889436722 21.5832184553146 21.6435154676437 21.7275938987732 21.7139549255371 21.734702706337 21.7386692762375 21.6760694980621 21.6180566549301 21.6172909736633 21.6011584997177 21.5173369646072 21.3399351835251 21.2103891372681 21.0810178518295 20.9689366817474 21.0909391641617 21.3634873628616 21.4455519914627 21.4339919090271 21.305081486702 21.095209479332 20.8210060596466 20.5376151800156 20.648811340332 20.9225866794586 20.970593214035 21.0210525989532 21.0945056676865 21.1799578666687
20.7974648475647 20.9031771421432 20.9360462427139 20.9738819599152 21.0451530218124 21.0149358510971 21.0805017948151 21.1726276874542 21.2440476417542 21.2103282213211 21.1719444990158 21.1827781200409 21.2138196229935 21.2273368835449 21.3475642204285 21.4504644870758 21.483717918396 21.3913196325302 21.3397091627121 21.3706876039505 21.4419581890106 21.5250680446625 21.6083579063416 21.6416099071503 21.6687008142471 21.5897687673569 21.3639879226685 21.3615550994873 21.4889671802521 21.5609065294266 21.5807158946991 21.4259941577911 21.2569122314453 21.0862914323807 21.1694850921631 21.352049946785 21.5039865970612 21.4915993213654 21.423872590065 21.2393393516541 20.9572839736938 20.7512522935867 20.5338568687439 20.6000224351883 20.8085106611252 20.9063451290131 20.9807801246643 21.0597257614136 21.1218163967133
20.8975028991699 20.9972616434097 21.0396695137024 21.0458530187607 21.0257203578949 21.052179813385 21.207636475563 21.2370915412903 21.2693833112717 21.2161955833435 21.2063081264496 21.2379895448685 21.2877434492111 21.3683770895004 21.4348137378693 21.476068854332 21.3769425153732 21.2774081230164 21.3089439868927 21.4169815778732 21.4952993392944 21.5553934574127 21.60828602314 21.6170673370361 21.5668828487396 21.5146455764771 21.2741646766663 21.1554309129715 21.3029861450195 21.4829707145691 21.5207732915878 21.4826117753983 21.3918056488037 21.3187662363052 21.3698579072952 21.4670273065567 21.499002456665 21.4795554876328 21.4166698455811 21.2522525787354 21.0512428283691 20.9305490255356 20.8831963539124 20.7839068174362 20.7583508491516 20.8212594985962 20.8994700908661 20.9745506048203 21.0055658817291
21.0254859924316 21.0593605041504 21.114350438118 21.1195348501205 21.0775381326675 21.0752172470093 21.1061669588089 21.1545578241348 21.2107161283493 21.222514629364 21.2479612827301 21.3484556674957 21.40960085392 21.431689620018 21.4027650356293 21.3435603380203 21.3354190587997 21.4345180988312 21.5011476278305 21.5227167606354 21.4704681634903 21.4170396327972 21.5352474451065 21.6420819759369 21.614691734314 21.5139936208725 21.3807610273361 21.2396665811539 21.3261984586716 21.3009370565414 21.248456120491 21.3993293046951 21.5242553949356 21.4970190525055 21.462030172348 21.5039355754852 21.5616472959518 21.4938387870789 21.4297250509262 21.2515202760696 21.083676815033 20.9990068674088 20.9976199865341 21.0098713636398 21.0086131095886 21.0051885843277 20.9678188562393 20.9754049777985 21.0207073688507
21.1394798755646 21.1755874156952 21.1861258745193 21.1660797595978 21.1010117530823 21.0739899873734 21.0639971494675 21.0792133808136 21.1212074756622 21.195920586586 21.2975691556931 21.4251253604889 21.4305430650711 21.3794853687286 21.2728008031845 21.1271996498108 21.2794452905655 21.5097988843918 21.5543295145035 21.517294883728 21.4696005582809 21.4989323616028 21.5892089605331 21.5779715776443 21.4664688110352 21.4322937726974 21.39866065979 21.2395676374435 21.1593940258026 21.0420527458191 21.000941991806 21.1823388338089 21.3712354898453 21.4495278596878 21.4517432451248 21.4530826807022 21.3629800081253 21.3121101856232 21.3491498231888 21.2807514667511 21.1883355379105 21.1232330799103 21.1494513750076 21.1838485002518 21.1633958816528 21.1007134914398 21.0543740987778 21.1089028120041 21.0871958732605
21.0547316074371 21.1167936325073 21.1668605804443 21.1865054368973 21.1792577505112 21.0872294902802 21.0880669355392 21.1028460264206 21.1352359056473 21.2159838676453 21.3306632041931 21.3828790187836 21.4151246547699 21.3195210695267 21.1614490747452 21.1565133333206 21.2834389209747 21.3121435642242 21.286815404892 21.3869137763977 21.4720653295517 21.4604262113571 21.4742690324783 21.442152261734 21.4128268957138 21.4241054058075 21.404806137085 21.2290787696838 21.0830874443054 21.0975686311722 21.1646488904953 21.2245992422104 21.3084807395935 21.4281249046326 21.5119521617889 21.4729814529419 21.364030957222 21.365345954895 21.4348559379578 21.4051557779312 21.334664106369 21.2650253772736 21.2630747556686 21.2172477245331 21.0847473144531 21.0233504772186 21.0017404556274 21.029230594635 21.0020308494568
20.7715460062027 20.8633046150208 20.9381915330887 21.0524606704712 21.1317120790482 21.1396834850311 21.1664297580719 21.1247638463974 21.0400230884552 21.1250715255737 21.2564744949341 21.3201488256454 21.3922630548477 21.2014297246933 21.1297047138214 21.2353842258453 21.1419717073441 20.8554614782333 20.7789741754532 20.998730301857 21.1649588346481 21.2409225702286 21.3622719049454 21.3930307626724 21.3965007066727 21.3518701791763 21.2157664299011 21.1995923519135 21.2482938766479 21.3388007879257 21.4424726963043 21.4304908514023 21.4194394350052 21.4485423564911 21.4409284591675 21.4027158021927 21.454016327858 21.50080037117 21.473555803299 21.4243828058243 21.3271834850311 21.2443783283234 21.1439493894577 21.1407574415207 21.1375408172607 21.0572681427002 20.9871969223022 20.9192360639572 20.8433448076248
20.540601849556 20.6794158220291 20.6425527334213 20.6006524562836 20.7543921470642 20.9111543893814 20.9836517572403 20.9768027067184 20.9316670894623 21.0391405820847 21.2524433135986 21.3683919906616 21.3943958282471 21.2156250476837 21.1188025474548 21.1514780521393 20.8515658378601 20.436993598938 20.4885694980621 20.7617458105087 20.9757562875748 21.1750324964523 21.3566144704819 21.3825670480728 21.3281271457672 21.2865161895752 21.2155565023422 21.2287042140961 21.2978909015656 21.3089998960495 21.3058276176453 21.3655291795731 21.3432791233063 21.3365442752838 21.3183401823044 21.3201450109482 21.4120644330978 21.4379943609238 21.3903306722641 21.3580644130707 21.3028103113174 21.1814317703247 21.0864748954773 21.118555188179 21.149046421051 21.1207951307297 21.0545099973679 20.9563502073288 20.8687483072281
20.4646533727646 20.7021389007568 20.6943880319595 20.6295400857925 20.654271364212 20.7765744924545 20.9406446218491 21.0223752260208 21.0930224657059 21.2157801389694 21.3803807497025 21.470809340477 21.48035800457 21.3725919723511 21.2263580560684 21.1499149799347 20.8884501457214 20.6668860912323 20.8597965240479 21.0976991653442 21.2888190746307 21.4251888990402 21.4961694478989 21.4847127199173 21.4984753131866 21.557496547699 21.5585744380951 21.4720348119736 21.3690747022629 21.2487280368805 21.1815767288208 21.1900123357773 21.1461011171341 21.1214439868927 21.1698135137558 21.3184503316879 21.414150595665 21.4164818525314 21.3390957117081 21.323041677475 21.3261700868607 21.2860634326935 21.2148032188416 21.1999888420105 21.1710931062698 21.1684211492538 21.0985957384109 20.979510307312 20.9015160799026
20.6616498231888 20.9342163801193 21.0670309066772 21.1012367010117 21.0843102931976 21.1738364696503 21.2331439256668 21.2407169342041 21.2392611503601 21.2561097145081 21.3787612915039 21.5083236694336 21.5255837440491 21.538166642189 21.5684127807617 21.5500054359436 21.3782979249954 21.2532775402069 21.4128135442734 21.5736410617828 21.5922702550888 21.6179519891739 21.66102206707 21.6986842155457 21.7150061130524 21.69604575634 21.6264970302582 21.5311459302902 21.514692902565 21.4630197286606 21.3716980218887 21.2752715349197 21.1448563337326 21.0862454175949 21.1348541975021 21.4099137783051 21.4996545314789 21.4754102230072 21.349414229393 21.289462685585 21.2378845214844 21.2319103479385 21.2179108858109 21.171541929245 21.1777564287186 21.1773818731308 21.1478915214539 21.0937376022339 21.0378935337067
20.9453586339951 21.066722035408 21.153893828392 21.2090556621552 21.2008311748505 21.2281183004379 21.2262455224991 21.1802169084549 21.1505118608475 21.1631045341492 21.2386658191681 21.3582345247269 21.4784442186356 21.5512944459915 21.5999044179916 21.6182872056961 21.5661019086838 21.5457309484482 21.5905665159225 21.6481260061264 21.6167796850204 21.6627019643784 21.6282423734665 21.6367049217224 21.6711723804474 21.6954036951065 21.6889669895172 21.6533873081207 21.6266857385635 21.4971045255661 21.4361078739166 21.440352678299 21.4203029870987 21.3977366685867 21.4105217456818 21.4212381839752 21.418580532074 21.3633836507797 21.3128398656845 21.2584648132324 21.2248657941818 21.2207168340683 21.1362692117691 21.0532199144363 21.0319044589996 21.0544005632401 21.0512328147888 20.995948433876 20.929413318634
21.2367478609085 21.279550075531 21.2901568412781 21.249528169632 21.2931594848633 21.3898038864136 21.4724003076553 21.4383528232574 21.2735525369644 21.2044175863266 21.2525452375412 21.3992277383804 21.4993941783905 21.5692677497864 21.6097574234009 21.5402882099152 21.509339928627 21.502724647522 21.5032407045364 21.5508351325989 21.5509654283524 21.5044404268265 21.5263422727585 21.5126845836639 21.4601912498474 21.4941748380661 21.4930274486542 21.5386760234833 21.5325099229813 21.4468495845795 21.3982954025269 21.4278900623322 21.4295608997345 21.4571390151978 21.4410452842712 21.3479672670364 21.2650175094604 21.2181780338287 21.1966387033463 21.108233332634 21.1250740289688 21.1756899356842 21.1395977735519 21.1077275276184 21.0852031707764 20.944508433342 20.8157303333282 20.8887581825256 20.8903012275696
21.203893661499 21.2725310325623 21.2736394405365 21.2638827562332 21.3187521696091 21.335955619812 21.3925615549088 21.3803701400757 21.3587772846222 21.3543100357056 21.4366585016251 21.5266897678375 21.5786055326462 21.5618158578873 21.5093814134598 21.4295897483826 21.3209829330444 21.3380167484283 21.4719207286835 21.4553205966949 21.369432091713 21.2765628099442 21.3551919460297 21.482754945755 21.4650979042053 21.4546558856964 21.5380187034607 21.554946064949 21.4980815649033 21.4178514480591 21.3886219263077 21.4006780385971 21.4443138837814 21.4741857051849 21.4207937717438 21.2083301544189 20.9620898962021 20.8693571090698 20.9561203718185 21.0259674787521 21.0257652997971 21.0307796001434 21.0181059837341 21.0035327672958 20.9575382471085 20.8410837650299 20.8174841403961 20.8981816768646 20.9493216276169
21.0397531986237 21.1167006492615 21.1759221553802 21.346492767334 21.3312411308289 21.3213231563568 21.3666445016861 21.4114261865616 21.4093607664108 21.4045323133469 21.4820588827133 21.571586728096 21.6185995340347 21.5306100845337 21.4374556541443 21.4028037786484 21.3971796035767 21.4702129364014 21.5651072263718 21.5590300559998 21.5322265625 21.5071685314178 21.4949902296066 21.4854385852814 21.4081519842148 21.4069926738739 21.4719623327255 21.5404918193817 21.5787618160248 21.4541962146759 21.3823802471161 21.3951110839844 21.4825167655945 21.4918601512909 21.3803601264954 21.1974717378616 20.9577287435532 20.9310309886932 21.0910565853119 21.1126573085785 21.0424785614014 20.9866352081299 20.9312191009521 20.9051874876022 20.9035432338715 20.8824121952057 20.8743213415146 20.8661522865295 20.8590793609619
21.1143522262573 21.188626408577 21.372004032135 21.4339318275452 21.3912724256516 21.3965355157852 21.4283530712128 21.4857044219971 21.4781782627106 21.4301034212112 21.3871369361877 21.4354923963547 21.5309232473373 21.5021078586578 21.4164036512375 21.4050697088242 21.512136220932 21.6634845733643 21.7399349212646 21.6954745054245 21.619766831398 21.6372632980347 21.6323289871216 21.5842099189758 21.4382071495056 21.4863610267639 21.4541101455688 21.419505238533 21.4604130983353 21.467581152916 21.4670487642288 21.486594080925 21.4577031135559 21.3931959867477 21.1443625688553 20.9552347660065 20.9725573062897 21.0447119474411 21.0558029413223 21.0876924991608 21.0650724172592 20.9785879850388 20.9060167074203 20.9045604467392 20.8689639568329 20.8070911169052 20.8184149265289 20.8116681575775 20.6587374210358
