data/train_2003/bio3_avg_2003-2018.asc
NCOLS 664 
NROWS 380 
XLLCORNER 3.91666666666667 
YLLCORNER 55.3333333333333 
CELLSIZE 0.0416666666666666 
NODATA_value -9999 
[rows 66 to 87 of 380, columns 588 to 636 of 664]
22.5875692367554 22.5845432281494 22.6482462882996 22.5891810655594 22.5272564888 22.64513027668 22.5767385959625 22.6874768733978 22.6770331859589 22.6228169202805 22.5987614393234 22.5126391649246 22.4592510461807 22.2066043615341 22.2094597816467 22.2124001979828 22.1645579338074 21.9978535175323 21.8597975969315 21.8376746177673 21.7387338876724 21.6126437187195 21.4821076393127 21.3538544178009 21.1970443725586 20.974161863327 20.7709275484085 20.7474782466888 20.8223083019257 20.8863441944122 20.777223110199 20.6918041706085 20.447604060173 20.3150807619095 20.0820841789246 20.0467218160629 20.2158218622208 20.4142868518829 20.5412217378616 20.5572136640549 20.5613305568695 20.8042854070663 20.7536194324493 20.5641289949417 20.3234560489655 20.4463649988174 20.7948682308197 20.9778677225113 21.1263425350189
22.6630263328552 22.8183534145355 22.7893781661987 22.5483191013336 22.4549567699432 22.3416948318481 22.5803685188293 22.3534290790558 22.247944355011 22.2578219175339 22.2098482847214 22.1727910041809 21.9190543889999 21.9884382486343 21.8962360620499 22.1035921573639 21.6842210292816 21.5706206560135 21.5133759975433 21.481197476387 21.3935652971268 21.0873717069626 20.8438200950623 20.9165349006653 20.8682372570038 20.706557393074 20.6986609697342 20.7309483289719 20.6631118059158 20.7895088195801 20.665083527565 20.700421333313 20.3414678573608 20.4580579996109 20.4762088060379 20.3931494951248 20.4269154071808 20.5150984525681 20.448600769043 20.285765171051 20.2461762428284 20.5075980424881 20.5984441041946 20.7583477497101 20.6027638912201 20.6571570634842 20.828533411026 20.9607186317444 20.9829258918762
22.2009165287018 22.3558138608932 22.6060906648636 22.4400662183762 22.4787392616272 22.2774851322174 22.3563717603683 22.5065896511078 22.2561730146408 22.1398822069168 21.9863961935043 22.1337803602219 21.8381218910217 21.4884618520737 21.7354916334152 21.8112279176712 21.6977761983871 21.6390713453293 21.6389700174332 21.6489193439484 21.3925625085831 21.168954372406 21.1036837100983 20.8173770904541 20.9609237909317 20.8286542892456 20.6405851840973 20.6457798480988 20.6148127317429 20.752942442894 20.7744952440262 20.3300905227661 20.1289337873459 20.2023365497589 20.4026147127151 20.3805059194565 20.3550530672073 20.4587463140488 20.5826712846756 20.369921207428 20.612368106842 20.6271893978119 20.6488313674927 20.6586655378342 20.8362413644791 20.8856288194656 20.9481129646301 20.8795955181122 20.8832376003265
22.3306378126144 22.4477119445801 22.461998462677 22.5032877922058 22.5840374231339 22.4536435604095 22.3151701688766 22.5394206047058 22.5419872999191 22.3652356863022 22.1787087917328 21.993995308876 21.7330724000931 21.5244101285934 21.7529039382935 21.8482730388641 21.838439822197 21.5863310098648 21.5810303688049 21.5657896995544 21.457857966423 21.1346266269684 21.1461099386215 21.0468055009842 21.0221914052963 20.8027075529099 20.7274432182312 20.5589435100555 20.5058251619339 20.6760814189911 20.4780418872833 20.0810657739639 20.1560106277466 20.1708499193192 20.2967908382416 20.3285973072052 20.2414908409119 20.3318977355957 20.3922845125198 20.5091928243637 20.51336145401 20.6056467294693 20.5755976438522 20.5660501718521 20.5322564840317 20.5210109949112 20.7264760732651 20.8129749298096 20.8565526008606
22.2443907260895 22.1211906671524 22.1315871477127 22.1828664541245 22.1692734956741 22.4457193613052 22.2989656925201 22.3728852272034 22.5235930681229 22.3306307792664 22.2522288560867 22.1564697027206 21.9457384347916 21.9681507349014 21.9667323827744 21.9239124059677 21.8634040355682 21.7958331108093 21.7362078428268 21.5944768190384 21.3458967208862 21.1687226295471 21.1200464963913 21.0367358922958 20.9643526077271 20.780037522316 20.7299683094025 20.7988809347153 20.6978732347488 20.6533814668655 20.5994716882706 20.4599521160126 20.4522874355316 20.5120117664337 20.5223886966705 20.5314737558365 20.4765255451202 20.3274264335632 20.345117688179 20.4150381088257 20.3669282197952 20.4332455396652 20.5222089290619 20.5103632211685 20.6015876531601 20.6536993980408 20.6703556776047 20.8037823438644 20.9041122198105
22.0291073322296 22.0012054443359 21.9954408407211 22.2576642036438 22.2615152597427 22.0798026323318 22.1146732568741 22.2672461271286 22.3455147743225 22.3575032949448 22.2501174211502 22.0806996822357 21.6622188091278 21.4952327013016 21.6553218364716 21.8132030963898 21.6693304777145 21.4550803899765 21.5562790632248 21.5245373249054 21.4926515817642 21.3492362499237 21.2434099912643 21.1150708198547 20.9924207925797 20.8397033214569 20.8236595392227 20.7648596763611 20.5266486406326 20.5331989526749 20.4951803684235 20.4501067399979 20.3775843381882 20.2643607854843 20.320406794548 20.4030473232269 20.4888001680374 20.4894634485245 20.4596674442291 20.4573881626129 20.5494186878204 20.5777497291565 20.5808826684952 20.575553894043 20.6918232440948 20.7060853242874 20.7210446596146 20.7347995042801 20.7331986427307
22.3386940956116 22.4298614263535 22.2667317390442 22.2937451601028 22.3957712650299 22.4726121425629 22.4603586196899 22.4678339958191 22.2922260761261 22.2217708826065 22.1142706871033 22.1194884777069 21.9281588792801 21.8622213602066 21.6358267068863 21.5233751535416 21.522553563118 21.5450809001923 21.5276046991348 21.4804145097733 21.4503316879272 21.2871856689453 21.2103365659714 20.9984998703003 20.9013466835022 20.7803444862366 20.6534192562103 20.5646522045135 20.4134261608124 20.3553750514984 20.2528003454208 20.3612039089203 20.4832892417908 20.440296292305 20.437405705452 20.4767882823944 20.4927542209625 20.5327318906784 20.6057852506638 20.6164255142212 20.6560213565826 20.6960580348969 20.7082039117813 20.673619389534 20.7300696372986 20.6825311183929 20.6877655982971 20.7790780067444 20.7704923152924
22.3794890642166 22.416538476944 22.4503613710403 22.435471534729 22.4276317358017 22.4300869703293 22.2882516384125 22.1661384105682 22.0722974538803 22.0782248973846 22.1151455640793 21.9964046478271 21.910341501236 21.8516731262207 21.7572928667068 21.7089277505875 21.6255911588669 21.5315790176392 21.4203959703445 21.3443840742111 21.1002459526062 20.9499574899673 20.8614610433578 20.7483252286911 20.7230362892151 20.7655363082886 20.7156001329422 20.5317190885544 20.4804086685181 20.3875703811646 20.1931834220886 20.2250654697418 20.4029021263123 20.4496442079544 20.4657047986984 20.511127114296 20.5015926361084 20.3362183570862 20.3693776130676 20.3933637142181 20.4115304946899 20.4382262229919 20.4831310510635 20.6030212640762 20.6682958602905 20.6689939498901 20.6585381031036 20.7372605800629 20.7422280311584
22.2698639631271 22.2775772809982 22.2604374885559 22.2707098722458 22.2850611209869 22.2748521566391 22.2426882982254 22.1760765314102 22.1488490104675 22.117887377739 22.070090174675 22.0350466966629 21.8848383426666 21.8062880039215 21.7430293560028 21.6909470558167 21.56862616539 21.4125502109528 21.2106646299362 21.0326659679413 20.9721610546112 20.8589316606522 20.8741294145584 20.627724647522 20.4531310796738 20.482203245163 20.229264497757 20.1342467069626 20.2157927751541 20.1132417917252 20.1383670568466 20.3158184289932 20.4712417125702 20.3315453529358 20.1005657911301 20.0498408079147 20.3662537336349 20.3905394077301 20.1990042924881 20.1467505693436 20.2722388505936 20.3417540788651 20.6106548309326 20.7909359931946 20.8255158662796 20.7742191553116 20.7103707790375 20.7367590665817 20.8803091049194
22.3329812288284 22.3646103143692 22.3222802877426 22.3035018444061 22.2995464801788 22.3117731809616 22.2846621274948 22.2244610786438 22.2229905128479 22.163449048996 22.1083600521088 22.0879018306732 22.0306953191757 21.9054318666458 21.7952027320862 21.6986708641052 21.5424407720566 21.4471998214722 21.2621743679047 20.9948265552521 20.8393505811691 20.6821539402008 20.5438730716705 20.4809440374374 20.4677070379257 20.4305264949799 20.3439667224884 20.3544095754623 20.3500730991364 20.2331656217575 20.3243491649628 20.2947285175323 20.1820274591446 20.096048951149 19.9745943546295 19.8498321771622 19.908238530159 20.1201829910278 20.1946843862534 20.4778389930725 20.6745598316193 20.6700754165649 20.7495949268341 20.8561581373215 20.8796895742416 20.8203347921371 20.8756977319717 20.9925055503845 20.9662301540375
22.4019340276718 22.3812398910522 22.3113127946854 22.2874433994293 22.3323657512665 22.3467637300491 22.3081274032593 22.2319210767746 22.1643538475037 22.0951217412949 22.1126517057419 22.0920332670212 22.0445832014084 21.9146097898483 21.8204883337021 21.6222124099731 21.4400886297226 21.3746902942657 21.2167416810989 20.9961038827896 20.7305401563644 20.4971342086792 20.4771633148193 20.490598320961 20.5497229099274 20.3740706443787 20.1209524869919 20.2349321842194 20.2703157663345 20.2853949069977 20.121429681778 20.2324727773666 20.1751120090485 19.9977285861969 19.8576749563217 20.0597748756409 20.273405790329 20.4173117876053 20.5531076192856 20.6069393157959 20.6602002382278 20.7318897247314 20.8005508184433 20.86479139328 20.8984078168869 21.0246380567551 20.9748276472092 20.9712777137756 20.871922492981
22.36299264431 22.3229511976242 22.3105509281158 22.2603491544724 22.2277133464813 22.2014793157578 22.1671742200851 22.202250957489 22.2125145196915 22.2820153236389 22.2703278064728 22.1529289484024 22.0518916845322 21.8371939659119 21.6961969137192 21.5663949251175 21.4899501800537 21.3871928453445 21.3011178970337 21.1766206026077 20.9570890665054 20.7951190471649 20.6095495223999 20.3362683057785 20.2112735509872 20.2197457551956 20.2246977090836 20.2335239648819 20.2671154737473 20.2087525129318 20.0216097831726 19.8432562351227 19.815616607666 19.8262166976929 20.056073307991 20.2502003908157 20.3649629354477 20.364698767662 20.4377778768539 20.372859954834 20.4962236881256 20.7110522985458 20.7522436380386 20.6956468820572 20.798791885376 20.8356972932816 20.6691830158234 20.6864547729492 20.8529646396637
22.2191543579102 22.2967307567596 22.3289366960526 22.3720203638077 22.4256318807602 22.4140514135361 22.4004697799683 22.4170609712601 22.4115468263626 22.3607976436615 22.2570952177048 22.1418263912201 22.01451420784 21.896053314209 21.735206246376 21.6805330514908 21.6634466648102 21.5998151302338 21.5170376300812 21.3402435779572 21.1182211637497 20.8163343667984 20.5589728355408 20.3255794048309 20.0705486536026 19.908101439476 19.9079607725143 20.0682437419891 19.990889787674 19.8646566867828 19.9594261646271 19.8685899972916 19.8415923118591 19.9396204948425 20.0578106641769 20.1563596725464 20.1643903255463 20.1459383964539 20.2731395959854 20.2709141969681 20.5673812627792 20.7295658588409 20.8466600179672 20.9095975160599 20.808345079422 20.6359851360321 20.5979270935059 20.7637917995453 20.8015308380127
22.325664639473 22.2655917406082 22.3160705566406 22.3227154016495 22.3553732633591 22.4162946939468 22.4090385437012 22.4456440210342 22.4607310295105 22.4157255887985 22.3141508102417 22.2294512987137 22.122043132782 22.0335850715637 21.9313319921494 21.8585149049759 21.8177458047867 21.7255229949951 21.5980727672577 21.3638724088669 21.1228580474854 20.8872764110565 20.7469049692154 20.5219287872314 20.1503785848618 19.8869994878769 19.6900669336319 19.4903453588486 19.2102214097977 19.4018201828003 19.5524588823318 19.5506031513214 19.6286153793335 19.6892983913422 19.795219540596 19.9868671894073 20.2023057937622 20.2104820013046 20.2321758270264 20.4099235534668 20.7512987852097 20.8907089233398 20.9264664649963 20.8556398153305 20.8122268915176 20.7420990467072 20.8624838590622 20.9077932834625 20.9104317426682
22.372309088707 22.3135343790054 22.3518600463867 22.3837193250656 22.4065470695496 22.3243460655212 22.2997140884399 22.3983145952225 22.5003170967102 22.4232556819916 22.3401540517807 22.2708812952042 22.2508871555328 22.2400749921799 22.1523013114929 22.0331062078476 21.9365081787109 21.8035404682159 21.6476538181305 21.479600071907 21.3581856489182 21.1528007984161 20.9480140209198 20.5969527959824 20.2463510036469 19.8086316585541 19.5399678945541 19.282310128212 19.1709807515144 19.0422909855843 19.3998944759369 19.4174295663834 19.6050032377243 19.7821016311646 19.686364531517 19.7323521375656 20.0754613876343 20.1231800317764 20.5167117118835 20.7271230220795 20.867665886879 20.9578846693039 20.9236122369766 20.8221778869629 20.7681940793991 20.8492563962936 20.888308763504 20.9401177167892 20.95720744133
22.4111571311951 22.398574590683 22.444060087204 22.4367322921753 22.4228836297989 22.4657571315765 22.4413475990295 22.5028865337372 22.5161355733871 22.4753323793411 22.3893500566483 22.3088666200638 22.3113249540329 22.3276706933975 22.2929147481918 22.1344540119171 21.9492753744125 21.8686641454697 21.7943865060806 21.6179268360138 21.4179943799973 21.2376463413239 21.0694640874863 20.7447869777679 20.3769942522049 20.0732227563858 19.848311662674 19.6108592748642 19.1938010454178 19.3475133180618 19.6662753820419 19.5882791280746 19.7713352441788 19.9838981628418 20.0880326032639 20.1641546487808 20.4516930580139 20.4664540290833 20.6085165739059 20.6479904651642 20.7171133756638 20.8661043643951 20.7575714588165 20.6763999462128 20.7303551435471 20.7530537843704 20.7800303697586 20.8159804344177 20.9213366508484
22.3788967132568 22.3555295467377 22.4668619632721 22.5491507053375 22.5999038219452 22.593611240387 22.614067196846 22.632555603981 22.6242833137512 22.504838347435 22.4739073514938 22.4368209838867 22.3660621643066 22.3685392141342 22.2959827184677 22.1735469102859 22.0571377277374 21.978333234787 21.9683767557144 21.7034869194031 21.4454399347305 21.2623407840729 20.8490127325058 20.6685305833817 20.5421364307404 20.3009440898895 19.9459508657455 19.4020326137543 19.0136975049973 19.1843762993813 19.314190864563 19.2209933996201 19.5097950696945 19.8826495409012 20.187793135643 20.3563458919525 20.2726110219955 20.1560499668121 20.2148864269257 20.4769362211227 20.7939485311508 20.7271291017532 20.6637921333313 20.7331066131592 20.8153775930405 20.9096927642822 20.9048448801041 20.8842439651489 20.9633136987686
22.4767063856125 22.4633845090866 22.5287832021713 22.589855670929 22.611251950264 22.6250864267349 22.6757777929306 22.7004401683807 22.6967439651489 22.6460182666779 22.5835460424423 22.5597224235535 22.4305380582809 22.2784982919693 22.203390955925 22.1257359981537 22.0303124189377 22.022275686264 21.9941512346268 21.8214644193649 21.5879918336868 21.263256072998 20.9615010023117 20.7344044446945 20.489466547966 20.1767272949219 19.8629645109177 19.5101766586304 19.353447675705 19.3318068981171 19.2930529117584 19.3659209012985 19.4566617012024 19.5764644145966 19.8247292041779 19.9561151266098 20.151025056839 20.1346263885498 20.3110226392746 20.71160364151 20.8279299736023 20.8352342844009 20.84725689888 20.776474237442 20.8980985879898 21.0514739751816 21.0946727991104 21.0572752952576 21.0728616714478
22.5922045707703 22.6066963672638 22.6280472278595 22.6384145021439 22.6353747844696 22.6695029735565 22.7154443264008 22.7151871919632 22.7286660671234 22.7045561075211 22.6747137308121 22.6278849840164 22.5515489578247 22.4596202373505 22.4427299499512 22.3769345283508 22.2640224695206 22.128093123436 22.0338870286942 21.9036290645599 21.7527503967285 21.550044298172 21.2687538862228 20.899066567421 20.5719699859619 20.3658385276794 20.0239696502686 19.7563611268997 19.6690757274628 19.7201683521271 19.7430560588837 19.7370784282684 19.7384041547775 19.6821233034134 19.7160212993622 19.9231489896774 20.1083145141602 20.2523055076599 20.4487054347992 20.5417075157166 20.5251264572144 20.595877289772 20.7416671514511 20.875067949295 20.987708568573 21.0096380710602 21.0363210439682 21.0011254549026 21.0560894012451
22.5720330476761 22.6275324821472 22.6860991716385 22.7114658355713 22.7202788591385 22.7563005685806 22.7856019735336 22.7646560668945 22.7475279569626 22.7606700658798 22.784593462944 22.7511833906174 22.7353236675262 22.7277978658676 22.6924641132355 22.6346734762192 22.5727405548096 22.4421311616898 22.3257098197937 22.1365360021591 21.9307373762131 21.8536024093628 21.6000150442123 21.2620389461517 20.9544395208359 20.6866663694382 20.4007487297058 20.2224152088165 20.0170841217041 19.9669293165207 19.9719797372818 20.0160173177719 20.0177981853485 19.9343682527542 20.0009852647781 20.109845161438 20.248740196228 20.3766570091248 20.4742976427078 20.4434711933136 20.4370733499527 20.4218947887421 20.531356215477 20.5687221288681 20.6353366374969 20.8074927330017 20.9471361637115 20.92007791996 20.9972046613693
22.639853477478 22.7473213672638 22.791931271553 22.7995194196701 22.7902753353119 22.8614288568497 22.903611779213 22.9208558797836 22.9541186094284 22.9333918094635 22.942480802536 22.9945882558823 22.9793485403061 22.9246200323105 22.8831765651703 22.8414900302887 22.7706936597824 22.704500079155 22.605113863945 22.4467140436172 22.3016121387482 22.13032746315 21.8827819824219 21.6258754730225 21.3823081254959 21.1208324432373 20.8189231157303 20.5181173086166 20.4070861339569 20.3568608760834 20.3079872131348 20.2399160861969 20.247573018074 20.257722735405 20.3187942504883 20.3803800344467 20.4494119882584 20.4563765525818 20.5125014781952 20.5139952898026 20.56332051754 20.5844333171844 20.6328259706497 20.7321100234985 20.7612948417664 20.79998087883 20.8755732774734 21.0081785917282 21.1880422830582
22.7432200908661 22.7912738323212 22.7956550121307 22.8199161291122 22.9350478649139 22.9813601970673 23.0379600524902 23.0608013868332 23.0404409170151 23.032851934433 23.0150359869003 23.0177644491196 23.0818648338318 23.1377665996552 23.1061449050903 23.0685472488403 22.9887932538986 22.8618063926697 22.7362188100815 22.5943171977997 22.4396311044693 22.242754817009 22.0952422618866 21.9390488862991 21.7807966470718 21.4181182384491 21.1199625730515 20.99493932724 20.8828488588333 20.5638974905014 20.3926253318787 20.4121527671814 20.4133484363556 20.4548434019089 20.5788158178329 20.5446337461472 20.6085922718048 20.6450337171555 20.6943151950836 20.5631309747696 20.6384296417236 20.7572648525238 20.8007451295853 20.7842479944229 20.7349610328674 20.7246942520142 20.717116355896 20.8002306222916 21.0448619127274
