data/train_2003/bio3_avg_2003-2018.asc
NCOLS 664 
NROWS 380 
XLLCORNER 3.91666666666667 
YLLCORNER 55.3333333333333 
CELLSIZE 0.0416666666666666 
NODATA_value -9999 
[rows 88 to 109 of 380, columns 588 to 636 of 664]
22.6990692615509 22.745957493782 22.8218867778778 22.948557972908 22.9489518404007 22.9680888652802 22.9369413852692 22.9612669944763 22.8993532657623 22.9906958341599 23.1370784044266 23.0946481227875 23.0512453317642 23.2020101547241 23.1653598546982 23.0771881341934 22.9591881036758 22.9630308151245 22.8625098466873 22.7926459312439 22.624359369278 22.4147661924362 22.1946184635162 22.1438890695572 22.0964140892029 21.7865340709686 21.5533683300018 21.2704377174377 20.9714338779449 20.747367143631 20.7011568546295 20.7348442077637 20.7759611606598 20.7963036298752 20.6778824329376 20.7422488927841 20.7229396104813 20.8097652196884 20.8590934276581 20.8383728265762 20.8784362077713 20.9362853765488 20.8748286962509 20.8779952526093 20.900742650032 20.863137960434 20.7987602949142 20.7802300453186 20.8449738025665
22.6729861497879 22.7232758998871 22.7819370031357 22.8570493459702 22.890788435936 22.9382740259171 22.894903421402 22.8190933465958 22.7912238836288 23.0091888904572 23.1835238933563 23.1842514276505 23.2047907114029 23.1855708360672 23.2913389205933 23.2437720298767 23.0730710029602 22.9096306562424 22.8749129772186 22.9550223350525 22.8976839780807 22.7607111930847 22.637926697731 22.5282549858093 22.3019999265671 21.9450758695602 21.6342171430588 21.2496944665909 21.0762083530426 20.9687278270721 21.0650410652161 21.0767356157303 21.0794457197189 20.9146409034729 20.9749521017075 20.9898426532745 20.9520428180695 20.9548696279526 20.9316959381104 20.9307118654251 20.952907204628 20.896595954895 20.8464070558548 20.8350178003311 20.7987661361694 20.831910610199 20.8038296699524 20.8081576824188 21.0008375644684
22.6086107492447 22.6279802322388 22.7153947353363 22.746231675148 22.7308973073959 22.8945475816727 22.8871649503708 22.8139362335205 22.8581184148788 22.8773181438446 22.897550702095 22.9391311407089 22.9639059305191 23.2761766910553 23.3606239557266 23.2856577634811 23.1367310285568 23.0383387804031 23.1703795194626 23.13860476017 23.0097161531448 22.9017016887665 22.7333588600159 22.542128443718 22.2504955530167 22.0611442327499 21.8691437244415 21.6541265249252 21.2926062345505 21.2531206607819 21.3456403017044 21.2233074903488 21.143931388855 21.1641966104507 21.2258529663086 21.1857373714447 21.1577500104904 21.0706423521042 21.0451381206512 20.903067946434 20.8028044700623 20.8863890171051 20.8992669582367 20.9445149898529 20.95865046978 20.9362643957138 20.8711407184601 21.0005000829697 21.143160700798
22.6435867547989 22.6323428153992 22.6416660547256 22.615570306778 22.6172465085983 22.8356560468674 22.912013053894 22.9097273349762 23.0213111639023 23.0671931505203 23.2327970266342 23.3262046575546 23.3903412818909 23.5239816904068 23.4515327215195 23.5196952819824 23.6215351819992 23.5649089813232 23.6698974370956 23.587810754776 23.3539109230042 23.3209762573242 23.1268297433853 22.8428581953049 22.5739494562149 22.3523850440979 22.211390376091 21.9721244573593 21.8181183338165 21.7271518707275 21.5534934997559 21.3856701850891 21.3999572992325 21.3706312179565 21.3386104106903 21.2998957633972 21.2745844125748 21.093852519989 21.0654790401459 21.0229247808456 20.9993067979813 20.944925069809 20.9216841459274 20.8613570928574 20.9590409994125 20.9926660060883 20.9925571680069 20.9713900089264 21.0177857875824
22.6580020189285 22.5613368749619 22.6460539102554 22.8067541122437 22.8702467679977 22.9472246170044 22.9430240392685 22.9944628477097 23.0471842288971 23.1211071014404 23.3249434232712 23.4750858545303 23.435399889946 23.401563167572 23.42356133461 23.6589369773865 23.8742349147797 23.8213206529617 23.8183901309967 23.8066734075546 23.7154425382614 23.5096929073334 23.2941732406616 23.0550457239151 22.853933095932 22.6993906497955 22.506423830986 22.33924472332 22.1441252231598 21.9204845428467 21.7620276212692 21.6258469820023 21.5425564050674 21.5162818431854 21.4713404178619 21.3907740116119 21.2740865945816 21.1394348144531 21.0744094848633 21.0071365833282 20.9836148023605 21.0043425559998 21.0345394611359 21.0365383625031 21.1050188541412 21.1307327747345 20.9601234197617 20.8536938428879 20.8243594169617
22.6165409088135 22.661728978157 22.813649892807 22.8348791599274 22.8650912046432 22.8508770465851 22.9307463169098 23.0174301862717 23.2034349441528 23.2602940797806 23.4238715171814 23.4929574728012 23.4918670654297 23.5045530796051 23.6202471256256 23.7150273323059 23.7861725091934 23.9626103639603 24.1643190383911 24.1534866094589 23.9120116233826 23.6678115129471 23.5114727020264 23.284353852272 23.0629297494888 22.8644757270813 22.7295165061951 22.5778576135635 22.4101316928864 22.2712723016739 22.1383749246597 21.9590253829956 21.8352813720703 21.7364135980606 21.6878027915955 21.5768754482269 21.5003764629364 21.4191340208054 21.3198591470718 21.3133574724197 21.2539080381393 21.1690044403076 21.054859161377 21.0913565158844 21.123334646225 21.0685333013535 21.0130708217621 20.9945687055588 20.9280024766922
22.6788296699524 22.7688218355179 22.8053370714188 22.8187726736069 22.8385890722275 22.9461944103241 23.0331838130951 23.2137748003006 23.2946866750717 23.385391831398 23.4853925704956 23.6006523370743 23.7308466434479 23.8482843637466 23.8791710138321 23.8450186252594 23.9169998168945 24.0996661186218 24.3979458808899 24.5400421619415 24.3319827318192 24.0933017730713 23.7556992769241 23.5422410964966 23.3032420873642 23.0760040283203 22.9009168148041 22.8332701921463 22.7534393072128 22.537336230278 22.3241223096848 22.1895613670349 22.0742561817169 21.9776499271393 21.8159234523773 21.7010143995285 21.6338156461716 21.5806621313095 21.4798083305359 21.3859078884125 21.2831358909607 21.2171429395676 21.146845459938 21.0696139335632 21.0603475570679 21.0931980609894 21.1497986316681 21.176682472229 21.1427564620972
22.6586729288101 22.7331196069717 22.7500413656235 22.8001132011414 22.8992010354996 23.0087221860886 23.0737146139145 23.1867175102234 23.2432140111923 23.3767820596695 23.3898005485535 23.4886636734009 23.5498921871185 23.6998174190521 23.8062728643417 23.9656474590302 24.1067907810211 24.3747017383575 24.518091917038 24.4416986703873 24.3910638093948 24.1717811822891 23.841014623642 23.6495928764343 23.5306971073151 23.3544614315033 23.1655007600784 22.9265465736389 22.8075768947601 22.5869448184967 22.3178826570511 22.2695426940918 22.1767867803574 22.049436211586 21.9721646308899 21.8499780893326 21.6340885162354 21.5759222507477 21.5925215482712 21.5062185525894 21.428751707077 21.3012493848801 21.2234523296356 21.1731760501862 21.1340218782425 21.0958098173141 21.0848350524902 21.0670282840729 21.0879257917404
22.6574445962906 22.7068252563477 22.6887589693069 22.6845595836639 22.8036602735519 22.9221289157867 23.0594021081924 23.194234251976 23.264377117157 23.4022355079651 23.5301930904388 23.619106054306 23.749093413353 23.9276034832001 23.9641546010971 24.0461429357529 24.2462873458862 24.4148057699203 24.4102295637131 24.3587110042572 24.2679011821747 24.1627372503281 24.0325089693069 23.817162156105 23.6405028104782 23.447221159935 23.3586730957031 23.0922312736511 22.7553513050079 22.591418504715 22.4724416732788 22.3428128957748 22.2724256515503 22.1726595163345 22.1031494140625 22.003088593483 21.8413935899734 21.6957755088806 21.6607475280762 21.545022726059 21.4135955572128 21.3647660017014 21.2697832584381 21.2526044845581 21.2713348865509 21.1518112421036 21.0547806024551 21.0834814310074 21.1277747154236
22.702024936676 22.7410128116608 22.7453045845032 22.6601753234863 22.6957281827927 22.8000092506409 22.938799738884 23.1321398019791 23.2492370605469 23.3824303150177 23.5695466995239 23.6989060640335 23.8226364850998 23.9436763525009 24.0306539535522 24.1289511919022 24.30524289608 24.4409835338593 24.5207693576813 24.5142247676849 24.3183854818344 24.1765336990356 24.1241170167923 23.9416655302048 23.6932414770126 23.5331963300705 23.329120516777 23.0930432081223 22.9396119117737 22.8468489646912 22.7136390209198 22.478440284729 22.3836570978165 22.2681539058685 22.2103700637817 22.0898195505142 21.8874540328979 21.90025639534 21.8564792871475 21.7236399650574 21.5731283426285 21.394136428833 21.2966709136963 21.303079366684 21.2727866172791 21.3041679859161 21.2173019647598 21.2357567548752 21.2900347709656
22.696799993515 22.7629042863846 22.7881287336349 22.819354891777 22.8375134468079 22.8583428859711 22.93259370327 23.1057969331741 23.2264568805695 23.3745645284653 23.5535768270493 23.6924856901169 23.7894798517227 23.911638379097 24.015608549118 24.1428223848343 24.2791562080383 24.3277992010117 24.365785241127 24.3549746274948 24.3137234449387 24.2841048240662 24.1347990036011 23.9157954454422 23.7288956642151 23.5273611545563 23.2268191576004 22.8898465633392 22.6749155521393 22.7891652584076 22.7997124195099 22.6447985172272 22.4558898210526 22.3374749422073 22.1974745988846 22.1463437080383 21.9749583005905 21.848836183548 21.7375349998474 21.6347246170044 21.5586794614792 21.5447851419449 21.574135184288 21.5473123788834 21.4247633218765 21.4159549474716 21.3859776258469 21.3713818788528 21.3024097681046
22.621022105217 22.6718604564667 22.7613240480423 22.8675681352615 22.981029510498 23.0530318021774 23.0849349498749 23.1679798364639 23.2655490636826 23.3774144649506 23.5386583805084 23.6085547208786 23.8515740633011 23.9919166564941 24.1134523153305 24.184294462204 24.2348245382309 24.2645834684372 24.3022384643555 24.3034809827805 24.2079173326492 24.3090392351151 24.1621663570404 23.939034819603 23.7854261398315 23.6886998414993 23.4980858564377 23.1022206544876 22.9306499958038 22.8460277318954 22.7850930690765 22.7752398252487 22.6094877719879 22.433509349823 22.2440655231476 22.2073594331741 22.0823700428009 21.914492726326 21.8434345722198 21.7655907869339 21.7702213525772 21.7793689966202 21.8172430992126 21.7418015003204 21.5820333957672 21.4598265886307 21.3698134422302 21.3405731916428 21.2715624570847
22.6191873550415 22.7128078937531 22.8086013793945 22.8863173723221 22.9712598323822 23.0458145141602 23.1190754175186 23.2820090055466 23.4148482084274 23.5249722003937 23.6199754476547 23.733943104744 23.9009590148926 24.0445023775101 24.1213170289993 24.1844514608383 24.1947808265686 24.2147623300552 24.2630400657654 24.285444021225 24.2668064832687 24.2775412797928 24.2109105587006 24.1158134937286 23.8859566450119 23.7255527973175 23.6766641139984 23.4378418922424 23.1091061830521 22.9581993818283 22.9205170869827 22.8523224592209 22.6759467124939 22.5143496990204 22.392173409462 22.1967504024506 22.0246828794479 21.8976610898972 21.8948194980621 21.8170381784439 21.8018507957458 21.9016672372818 21.8772765398026 21.7748413085938 21.640585064888 21.5391891002655 21.4398134946823 21.3776512145996 21.3495221138
22.6723107099533 22.6753491163254 22.7750854492188 22.8626124858856 22.8528782129288 22.9276411533356 22.9931018352509 23.1317319869995 23.390105009079 23.5549160242081 23.6385407447815 23.7635880708694 23.898118019104 23.925198674202 23.9930891990662 24.0546579360962 24.0128127336502 24.2524124383926 24.1896055936813 24.1983677148819 24.2831248044968 24.2975708246231 24.2236829996109 24.0988086462021 23.8605817556381 23.7415148019791 23.6438276767731 23.5796414613724 23.3176045417786 23.1242262125015 23.0302429199219 22.7651146650314 22.6179685592651 22.410832285881 22.3832850456238 22.2219181060791 22.024013876915 21.9553433656693 22.0055977106094 22.0398006439209 22.0847803354263 22.0573452711105 21.9614078998566 21.8397326469421 21.7133166790009 21.6080045700073 21.5701780319214 21.5674802064896 21.550167798996
22.6211584806442 22.694819688797 22.7967865467072 22.7574521303177 22.7218344211578 22.7898762226105 22.9270663261414 23.0955975055695 23.240612745285 23.3891271352768 23.4740768671036 23.6538516283035 23.7643150091171 23.6958365440369 23.8772634267807 23.6853402853012 23.9815732240677 24.0055032968521 23.6271604299545 23.4650152921677 24.3166037797928 24.3481640815735 24.2920645475388 24.0828777551651 23.7378062009811 23.4478927850723 23.5409904718399 23.6310298442841 23.4224767684937 23.2716253995895 22.9973722696304 22.7895402908325 22.6487072706223 22.5595175027847 22.4202733039856 22.2492078542709 22.1343187093735 22.0759283304214 22.1510671377182 22.2113709449768 22.1713501214981 22.1274468898773 22.065603017807 21.9537788629532 21.8048244714737 21.7630565166473 21.7716524600983 21.6833716630936 21.6383692026138
22.6565480232239 22.6445873975754 22.7316862344742 22.7712849378586 22.8165390491486 22.861825466156 22.9196316003799 22.995269536972 23.1543910503387 23.1517133712769 23.2246398925781 23.6628267765045 23.5488222837448 23.6650165319443 23.7196346521378 23.7606922388077 23.7156983613968 23.80788397789 23.9602456092834 24.059374332428 24.0699216127396 24.1467642784119 24.1676779985428 24.0934373140335 23.7664512395859 23.4828646183014 23.4206705093384 23.4731752872467 23.3230044841766 23.2737954854965 23.1480329036713 22.9306428432465 22.8166793584824 22.7454937696457 22.5728636980057 22.3924754858017 22.3027139902115 22.2793135643005 22.3442492485046 22.2954213619232 22.2329914569855 22.1305627822876 22.1455311775208 22.1249560117722 22.0170753002167 21.9050657749176 21.8642735481262 21.8161389827728 21.7123891115189
22.7039248943329 22.7228107452393 22.7109527587891 22.692232131958 22.7345470190048 22.749250292778 22.9179489612579 22.99729180336 23.0148255825043 23.0597717761993 23.1756618022919 23.5702800750732 23.4467364549637 23.4244023561478 23.6305369138718 23.6426519155502 23.6803451776505 23.777258515358 23.8507553339005 23.8221683502197 23.7318507432938 23.8510032892227 24.0074307918549 23.9641448259354 23.9768414497375 23.864250421524 23.6467643976212 23.3541322946548 23.2902559041977 23.168061375618 23.0791770219803 23.035480260849 23.0072584152222 22.8963211774826 22.6915583610535 22.4936102628708 22.3328320980072 22.2845058441162 22.4579025506973 22.5000663995743 22.3795298337936 22.2020829916 22.1066997051239 22.1178214550018 22.1100978851318 22.0474901199341 21.945107460022 21.8623716831207 21.7757304906845
22.5621310472488 22.5916765928268 22.6269961595535 22.5387845039368 22.5495772361755 22.6297663450241 22.7837034463882 22.8845541477203 22.8652738332748 22.9625953435898 23.1085813045502 23.3750650882721 23.4082982540131 23.4311785697937 23.5515470504761 23.3860141038895 23.4180772304535 23.7077960968018 23.7988601922989 23.7558746337891 23.6794258356094 23.7500398159027 23.7830286026001 23.8351299762726 23.8029462099075 23.7263661623001 23.4841156005859 23.3039772510529 23.2765367031097 23.208576798439 23.1091049909592 23.0787929296494 23.0211803913116 22.9442839622498 22.779717206955 22.5445878505707 22.4441562891006 22.4395862817764 22.4493300914764 22.3798259496689 22.2383308410645 22.1263444423676 22.1249423027039 22.066925406456 22.093067407608 22.0473442077637 21.995047211647 21.9717317819595 21.9162676334381
22.4510042667389 22.4256570339203 22.4520941972733 22.479594707489 22.46604180336 22.5218151807785 22.6263779401779 22.6886217594147 22.769321680069 22.9462628364563 23.1072201728821 23.2576005458832 23.3925050497055 23.4328138828278 23.4716475009918 23.4434821605682 23.5355964899063 23.6576671600342 23.7144550085068 23.7581446170807 23.6816636323929 23.5818202495575 23.4721232652664 23.6924164295197 23.6352447271347 23.4533064365387 23.2018820047379 23.462703704834 23.3656853437424 23.1606605052948 23.0871031284332 22.9469501972198 22.9229084253311 22.8426873683929 22.6783494949341 22.5439993143082 22.4925681352615 22.4661200046539 22.3733302354813 22.3453285694122 22.2968962192535 22.2784054279327 22.2851167917252 22.254497885704 22.2160252332687 22.168087720871 22.1477751731873 22.164085149765 22.0496348142624
22.4372478723526 22.3984135389328 22.4507691860199 22.4470642805099 22.4303907155991 22.4503782987595 22.5748354196548 22.6830101013184 22.7493940591812 22.9768649339676 23.1164679527283 23.2512596845627 23.3766448497772 23.4488769769669 23.4746376276016 23.5287042856216 23.641562461853 23.7105624675751 23.6979523897171 23.7560392618179 23.7774801254272 23.7434506416321 23.6272785663605 23.5758272409439 23.325877904892 23.5435018539429 23.4083005189896 23.332655787468 23.3295704126358 23.1769158840179 23.0476402044296 22.8998250961304 22.777348279953 22.7719172239304 22.698713183403 22.529873251915 22.4314243793488 22.4385278224945 22.3929667472839 22.2639660835266 22.167143702507 22.1728317737579 22.1722058057785 22.1858714818954 22.1746215820312 22.0557129383087 21.9840922355652 22.0013605356216 21.9617027044296
22.4553734064102 22.5237938165665 22.4858332872391 22.4399298429489 22.4176512956619 22.4487612247467 22.5530390739441 22.634718298912 22.7361863851547 22.8477783203125 22.9639455080032 23.1842201948166 23.3221116065979 23.4043720960617 23.4678854942322 23.5171160697937 23.6372191905975 23.7424352169037 23.77945291996 23.8316222429276 23.8249777555466 23.8128026723862 23.7282979488373 23.6476081609726 23.684091091156 23.5678775310516 23.2133473157883 23.388533115387 23.2711445093155 23.1120635271072 23.0492148399353 22.9722809791565 22.958332657814 22.8672758340836 22.6859912872314 22.4269684553146 22.4495928287506 22.4818547964096 22.3024853467941 22.1339007616043 22.1066604852676 22.1350791454315 22.0762244462967 22.0627888441086 22.0772737264633 21.9882524013519 21.9325084686279 21.8264851570129 21.77472615242
22.4283246994019 22.4803985357285 22.4571212530136 22.3853282928467 22.4296176433563 22.5020041465759 22.5850299596786 22.6763058900833 22.8373354673386 22.8568218946457 22.8393189907074 23.1460036039352 23.2786839008331 23.3788456916809 23.4671140909195 23.5183236598969 23.5672492980957 23.6037181615829 23.6014646291733 23.5697215795517 23.5964908599854 23.6459963321686 23.65986764431 23.6502497196198 23.6030043363571 23.4031221866608 23.2866699695587 23.2794197797775 23.2513127326965 23.1576080322266 23.056245803833 22.9683954715729 22.9044746160507 22.8252937793732 22.6234726905823 22.4465942382812 22.4493309259415 22.4817826747894 22.2723450660706 22.0780285596848 22.0909918546677 22.0674599409103 21.9845423698425 21.9847861528397 22.0144028663635 22.0648990869522 22.0901411771774 22.1034609079361 22.0274173021317
