data/train_2003/bio4_avg_2003-2018.asc
NCOLS 664 
NROWS 380 
XLLCORNER 3.91666666666667 
YLLCORNER 55.3333333333333 
CELLSIZE 0.0416666666666666 
NODATA_value -9999 
[rows 308 to 329 of 380, columns 588 to 636 of 664]
891.934925079346 889.8542137146 888.806861877441 890.391387939453 889.844593048096 888.619110107422 886.612861633301 887.393737792969 889.274898529053 890.06937789917 890.513332366943 893.385162353516 893.347660064697 889.978916168213 889.244556427002 891.147232055664 890.879447937012 889.072593688965 887.762199401855 887.770343780518 891.01037979126 893.051528930664 892.544727325439 891.753570556641 893.522624969482 895.848640441895 895.638912200928 894.081382751465 897.659610748291 902.481349945068 906.932331085205 910.556415557861 910.66410446167 908.914257049561 911.315326690674 912.180042266846 909.255916595459 905.193000793457 906.032123565674 905.579402923584 904.583980560303 904.613121032715 906.248828887939 913.342468261719 920.184448242188 919.977973937988 920.026329040527 921.085914611816 923.152366638184
893.627674102783 893.014476776123 891.663227081299 890.740570068359 888.784996032715 889.032173156738 888.206089019775 887.201843261719 887.823768615723 888.199661254883 888.862621307373 890.095520019531 890.496425628662 889.806823730469 890.54358291626 893.105472564697 896.68452835083 895.977108001709 891.8620262146 890.610374450684 888.382671356201 887.556987762451 888.917598724365 890.262142181396 890.511096954346 892.059162139893 892.098873138428 891.783184051514 891.916679382324 898.516025543213 906.716491699219 911.392986297607 913.102729797363 909.146659851074 903.172088623047 903.872756958008 906.205627441406 908.012008666992 911.76460647583 909.974220275879 909.44388961792 910.909980773926 909.159397125244 911.505882263184 914.029186248779 914.409236907959 915.378883361816 916.323257446289 918.764137268066
896.032749176025 897.187984466553 895.462345123291 891.965560913086 890.365249633789 889.635646820068 888.139320373535 884.503475189209 884.861778259277 886.658432006836 887.275451660156 888.345127105713 889.939083099365 892.215187072754 894.67794418335 896.619209289551 901.501163482666 905.702495574951 904.875923156738 900.999305725098 893.69633102417 893.008674621582 899.138000488281 899.380462646484 894.871139526367 893.757900238037 897.168972015381 897.477489471436 896.945556640625 897.600955963135 899.062076568604 899.090671539307 901.632026672363 906.653102874756 907.120891571045 904.993194580078 902.209857940674 905.299457550049 906.57349395752 904.172229766846 905.809688568115 909.319969177246 910.776443481445 912.323471069336 914.323184967041 915.278476715088 914.874565124512 914.836387634277 916.948051452637
894.456268310547 896.012561798096 895.627883911133 892.420120239258 892.069923400879 891.619529724121 888.570003509521 886.776580810547 886.045280456543 885.795215606689 886.181346893311 888.624519348145 892.145038604736 895.133972167969 897.358661651611 898.520565032959 898.256767272949 897.401176452637 896.559108734131 895.44690322876 894.511417388916 894.324718475342 898.68542098999 901.010593414307 894.267925262451 896.185398101807 905.58483505249 905.531833648682 897.914360046387 893.871360778809 893.74047088623 895.051856994629 898.649627685547 905.013416290283 905.345798492432 902.998016357422 901.79275894165 901.348567962646 902.884407043457 905.643032073975 909.12024307251 908.770183563232 909.593997955322 912.2493019104 915.270198822021 916.244049072266 916.509922027588 917.223888397217 919.58402633667
896.634227752686 895.315021514893 893.006381988525 891.840476989746 892.817409515381 890.278984069824 888.593521118164 888.208862304688 888.355400085449 888.674858093262 890.081924438477 892.41284942627 892.245555877686 891.102691650391 891.704296112061 892.020782470703 890.211807250977 890.436294555664 893.463272094727 895.386402130127 894.988586425781 894.296703338623 896.231315612793 897.16667175293 893.685523986816 894.947185516357 899.119625091553 899.484455108643 896.807334899902 894.853672027588 894.932159423828 895.455261230469 897.354358673096 900.353782653809 903.904167175293 905.584537506104 904.767803192139 905.187770843506 906.070125579834 906.893020629883 907.805782318115 907.137832641602 908.921543121338 914.448463439941 919.910713195801 922.849555969238 925.078701019287 927.074970245361 929.477264404297
899.294158935547 894.957366943359 892.520481109619 892.37198638916 890.684108734131 888.275459289551 887.578922271729 889.220012664795 889.748558044434 889.858024597168 893.758922576904 898.191631317139 895.903995513916 890.876445770264 889.415809631348 890.642551422119 890.26390838623 891.630821228027 893.373500823975 891.662796020508 891.676822662354 894.674186706543 896.029491424561 895.631114959717 896.175712585449 898.170707702637 898.173217773438 895.624950408936 895.64916229248 896.443695068359 897.850147247314 898.998973846436 897.635108947754 898.123928070068 900.555850982666 902.611000061035 902.145133972168 902.981811523438 905.323020935059 908.193759918213 913.915233612061 915.153305053711 916.408187866211 923.393085479736 928.658397674561 928.875885009766 929.639122009277 932.842102050781 931.194915771484
902.278282165527 897.594779968262 893.682483673096 893.246246337891 894.511474609375 892.055374145508 890.98669052124 892.756145477295 892.821422576904 892.754455566406 893.77513885498 894.033336639404 893.88809967041 892.839447021484 892.094467163086 893.530422210693 896.82515335083 899.347137451172 897.247592926025 895.418434143066 899.587928771973 903.834987640381 900.883243560791 897.847724914551 897.147041320801 901.757884979248 902.38842010498 898.409126281738 896.454692840576 898.737155914307 901.255084991455 901.584869384766 898.856388092041 897.432231903076 900.463493347168 906.594627380371 909.538898468018 912.578990936279 915.548603057861 917.096725463867 920.5260887146 922.638626098633 924.273086547852 927.220485687256 926.984889984131 924.283809661865 927.279277801514 932.495018005371 930.465785980225
900.294479370117 901.383575439453 900.66618347168 898.853958129883 898.191715240479 898.01163482666 898.253128051758 900.296401977539 899.647800445557 897.983539581299 897.686668395996 897.394371032715 895.673988342285 895.366249084473 897.194046020508 897.858768463135 898.125637054443 899.471385955811 900.536640167236 901.30118560791 903.268695831299 904.852249145508 899.16459274292 896.41130065918 896.006446838379 897.960216522217 902.408451080322 904.376987457275 904.321048736572 905.992778778076 907.694583892822 906.376136779785 903.118076324463 902.762538909912 904.958435058594 909.376335144043 910.706573486328 914.488025665283 915.704605102539 916.201427459717 920.039081573486 922.493251800537 924.99280166626 925.890090942383 924.997200012207 924.705848693848 927.706211090088 928.294567108154 924.109729766846
899.628726959229 903.837329864502 908.721981048584 908.659065246582 903.509944915771 900.402050018311 899.312744140625 900.694583892822 900.453239440918 898.714393615723 897.205089569092 897.061977386475 895.127071380615 894.286628723145 896.827507019043 899.324443817139 898.62414932251 897.930980682373 900.61067199707 901.990829467773 900.445518493652 898.339298248291 897.874919891357 899.047092437744 900.566471099854 902.112476348877 901.989730834961 903.655277252197 906.242233276367 908.073295593262 907.88635635376 907.363788604736 904.955230712891 903.735130310059 906.471973419189 910.692108154297 913.413753509521 916.866973876953 918.843292236328 919.316398620605 919.364906311035 918.335651397705 918.718891143799 920.290008544922 919.760570526123 919.303165435791 921.739181518555 921.080821990967 917.527969360352
902.129211425781 903.567985534668 906.407108306885 905.165702819824 900.974151611328 897.740825653076 897.222755432129 899.284339904785 898.737934112549 895.749340057373 894.1096534729 894.859382629395 893.146030426025 892.629207611084 894.495532989502 896.427707672119 897.37336730957 898.913921356201 900.065326690674 899.076747894287 897.236923217773 895.835922241211 899.70930480957 900.635093688965 900.156871795654 901.466247558594 901.04195022583 904.833885192871 907.918983459473 907.900424957275 905.00431060791 903.563159942627 902.3118019104 904.41429901123 909.758781433105 913.206020355225 916.019611358643 916.820339202881 917.402854919434 918.558395385742 916.515331268311 913.656089782715 916.607234954834 918.760780334473 916.749980926514 915.478252410889 916.89778137207 917.01517868042 917.095138549805
905.765243530273 902.802223205566 903.563076019287 903.828365325928 900.708866119385 896.024997711182 896.271175384521 898.620418548584 899.667526245117 900.292488098145 901.262901306152 899.652030944824 900.000953674316 897.957145690918 896.84769821167 896.432899475098 897.219806671143 897.728698730469 898.585861206055 897.718650817871 895.296657562256 896.09236907959 898.495128631592 899.790302276611 898.60034942627 898.509490966797 901.292659759521 905.404777526855 907.677158355713 907.48327255249 906.001113891602 903.497692108154 902.15115737915 904.912181854248 909.777538299561 911.709339141846 913.417137145996 913.358489990234 912.236957550049 912.708473205566 911.847557067871 912.93111038208 916.074317932129 920.01721572876 921.366058349609 920.447071075439 919.531784057617 917.651397705078 915.356971740723
911.520118713379 904.826686859131 903.67017364502 904.116031646729 901.62767791748 899.977428436279 902.397148132324 905.064628601074 904.955871582031 907.047100067139 907.432800292969 904.588901519775 906.642612457275 905.891319274902 902.840686798096 901.74674987793 899.189323425293 896.407768249512 898.951858520508 901.608520507812 899.373329162598 897.868606567383 895.933345794678 896.224208831787 897.132740020752 897.950889587402 902.040252685547 905.460872650146 907.06058883667 907.968578338623 907.535900115967 906.005920410156 905.2165184021 906.976825714111 908.11799621582 906.973571777344 909.620498657227 911.994129180908 910.531044006348 909.939224243164 910.605369567871 912.751003265381 915.526527404785 920.84546661377 924.974906921387 924.081108093262 920.169876098633 918.600433349609 916.390048980713
914.918998718262 907.866268157959 903.555198669434 901.412158966064 901.552562713623 905.474334716797 911.00609588623 913.032455444336 911.006168365479 908.989749908447 908.447242736816 907.198802947998 909.448802947998 909.686229705811 905.573905944824 901.546352386475 900.570133209229 902.136371612549 907.999122619629 910.353988647461 907.940010070801 904.507339477539 897.547348022461 896.044216156006 897.788375854492 900.341430664062 905.369064331055 908.055484771729 909.661636352539 908.482051849365 906.538631439209 905.187015533447 905.105209350586 906.890266418457 907.450366973877 906.812408447266 909.431343078613 911.468505859375 911.662940979004 911.765453338623 914.060897827148 917.042888641357 919.9762840271 920.95467376709 920.024417877197 919.986736297607 919.673988342285 920.779331207275 923.185634613037
913.364559173584 910.694843292236 907.112171173096 904.493003845215 905.457374572754 909.103839874268 910.761871337891 910.480567932129 910.225849151611 910.032398223877 911.657169342041 910.711616516113 909.683986663818 908.385318756104 904.558078765869 901.248310089111 904.868759155273 912.927509307861 917.590808868408 914.833969116211 911.774276733398 909.239646911621 904.58260345459 904.361839294434 903.580459594727 904.537975311279 908.863250732422 913.230609893799 913.853584289551 909.222995758057 906.614974975586 905.042629241943 903.173259735107 905.314525604248 909.014614105225 911.902835845947 912.07222366333 911.312953948975 910.815437316895 913.537353515625 917.895473480225 920.622100830078 921.38357925415 917.613010406494 914.746948242188 917.241371154785 921.625968933105 925.381454467773 929.756092071533
912.639869689941 912.431823730469 910.746997833252 908.29683303833 906.134841918945 904.841506958008 904.125392913818 905.680000305176 907.543281555176 908.265644073486 910.360195159912 908.32010269165 907.774105072021 905.576099395752 903.417221069336 904.824981689453 908.556476593018 910.492046356201 908.162799835205 904.039257049561 903.301097869873 903.75715637207 904.594997406006 906.593254089355 905.942771911621 904.96883392334 908.534351348877 913.073810577393 914.831062316895 912.09375 910.396118164062 909.416481018066 906.912990570068 907.541194915771 912.192901611328 915.996517181396 916.845542907715 912.689136505127 910.867561340332 912.888042449951 915.001449584961 919.096004486084 920.928588867188 920.089904785156 919.823719024658 920.931858062744 923.254253387451 929.633686065674 936.447360992432
909.045139312744 909.342426300049 911.234397888184 910.615348815918 908.394374847412 907.473224639893 908.822849273682 910.208148956299 908.825164794922 909.621109008789 911.354961395264 909.194984436035 909.844661712646 907.099773406982 904.823078155518 906.959922790527 909.776847839355 908.571746826172 904.47248840332 903.077350616455 903.077129364014 903.125015258789 902.322151184082 903.414421081543 902.305015563965 901.146129608154 904.667728424072 908.22859954834 910.787651062012 911.717288970947 912.876224517822 913.72274017334 914.367969512939 915.895587921143 918.109565734863 918.823177337646 918.487831115723 917.31628036499 918.106239318848 918.955421447754 921.409675598145 923.36990737915 921.502014160156 921.353168487549 926.75280380249 931.586284637451 933.267711639404 936.880710601807 936.45777130127
911.530948638916 909.137832641602 910.900215148926 914.093620300293 913.766384124756 913.124290466309 913.482398986816 910.428234100342 908.981651306152 908.972583770752 909.578651428223 908.669017791748 908.165557861328 908.928581237793 909.920574188232 911.450576782227 910.497325897217 906.028858184814 902.162433624268 900.515758514404 900.449565887451 902.048122406006 901.788204193115 901.015747070312 903.666454315186 905.175464630127 903.912551879883 901.67106628418 903.874813079834 912.107395172119 917.511974334717 918.03882598877 920.075824737549 921.908294677734 922.031326293945 920.67200088501 921.411636352539 921.344352722168 919.95104598999 920.017639160156 922.780815124512 923.798149108887 919.882621765137 918.77513885498 927.205142974854 936.408596038818 936.271221160889 931.517921447754 926.530433654785
914.605297088623 914.766750335693 914.136505126953 912.5006980896 910.991260528564 909.99036026001 909.184978485107 907.213050842285 903.020610809326 903.11950302124 903.49352645874 905.726856231689 908.86722946167 909.755409240723 906.413516998291 907.479480743408 910.064567565918 907.774311065674 903.222881317139 903.706809997559 902.623199462891 901.294166564941 900.206462860107 900.300346374512 902.310985565186 903.491306304932 902.022476196289 901.063629150391 901.583984375 907.971267700195 914.276294708252 916.010395050049 917.30982208252 919.41153717041 922.022926330566 919.59391784668 921.777286529541 921.411003112793 919.923866271973 922.191307067871 922.756866455078 918.201320648193 914.826499938965 915.746398925781 920.305145263672 925.311717987061 925.552707672119 922.270664215088 922.334041595459
915.002388000488 915.144813537598 912.112743377686 910.131969451904 911.707637786865 911.961620330811 908.930786132812 906.174201965332 902.524948120117 907.56086730957 910.136138916016 912.129920959473 911.371822357178 906.294246673584 901.572006225586 901.615261077881 905.481109619141 906.624214172363 905.674491882324 906.530773162842 905.210174560547 901.439254760742 899.114261627197 896.720211029053 894.460369110107 893.715869903564 894.97900390625 899.65701675415 901.844749450684 904.007038116455 905.740222930908 909.150978088379 915.82010269165 917.423885345459 920.11389541626 919.874515533447 922.036792755127 923.754833221436 921.786602020264 921.164745330811 921.427410125732 917.75114440918 915.227359771729 917.518321990967 922.45426940918 924.945877075195 924.8268699646 922.296207427979 923.185535430908
913.321697235107 913.085029602051 911.137359619141 908.251113891602 912.101181030273 919.253978729248 919.954833984375 913.488040924072 908.129863739014 911.517749786377 915.092906951904 915.46467590332 909.817974090576 902.603763580322 899.002769470215 900.376628875732 901.464084625244 901.747665405273 903.096389770508 903.150970458984 900.089206695557 897.507801055908 894.848766326904 891.123672485352 890.67325592041 892.176151275635 894.148113250732 899.602436065674 905.377513885498 906.078254699707 903.850486755371 904.740306854248 911.243618011475 914.650890350342 915.26159286499 917.583812713623 921.85795211792 923.582813262939 923.312461853027 921.770294189453 921.305099487305 919.3044090271 918.894630432129 919.635776519775 917.933437347412 918.908962249756 924.541927337646 925.371513366699 923.774864196777
911.81067276001 911.656589508057 910.32837677002 907.638038635254 910.070220947266 920.137996673584 923.025386810303 916.054454803467 910.777088165283 910.687850952148 911.39030456543 910.350902557373 905.946495056152 904.165435791016 902.750972747803 901.553066253662 902.344795227051 902.665355682373 903.162586212158 901.937660217285 897.32901763916 893.318103790283 890.506454467773 890.842700958252 893.327346801758 895.826152801514 899.89432144165 903.24923324585 908.216918945312 906.845050811768 902.333274841309 903.588310241699 913.199096679688 915.914436340332 916.434898376465 919.735916137695 921.054504394531 918.603214263916 917.93391418457 916.496803283691 916.667320251465 916.952041625977 920.644805908203 918.322303771973 915.350692749023 918.097328186035 923.611892700195 926.672294616699 924.124885559082
910.170696258545 907.90168762207 908.801155090332 909.976921081543 909.383880615234 911.023345947266 913.925632476807 912.115428924561 912.368854522705 913.11039352417 909.163005828857 905.185039520264 902.560722351074 902.957611083984 903.960525512695 903.219806671143 903.185234069824 903.812545776367 904.336601257324 902.102489471436 897.461650848389 894.826416015625 894.17618560791 894.606151580811 896.884189605713 898.928970336914 900.972099304199 902.733215332031 903.712863922119 902.939189910889 901.103672027588 903.260475158691 913.842258453369 920.003509521484 920.068290710449 919.617630004883 921.413021087646 921.47705078125 922.620460510254 919.980739593506 916.899017333984 916.353401184082 918.46142578125 917.956169128418 915.723239898682 917.490055084229 920.151538848877 924.299613952637 926.650382995605
