data/train_2003/bio4_avg_2003-2018.asc
NCOLS 664 
NROWS 380 
XLLCORNER 3.91666666666667 
YLLCORNER 55.3333333333333 
CELLSIZE 0.0416666666666666 
NODATA_value -9999 
[rows 132 to 153 of 380, columns 294 to 342 of 664]
896.379787445068 903.503898620605 913.920986175537 926.623966217041 932.285003662109 939.882190704346 944.448528289795 945.036994934082 961.930862426758 971.747077941895 961.6999168396 976.320022583008 976.884384155273 968.374504089355 975.83614730835 975.915191650391 979.9534034729 986.900119781494 982.284202575684 979.243095397949 986.954734802246 998.363929748535 1007.98762512207 1009.69446182251 1003.6535987854 987.793266296387 978.607154846191 977.539119720459 972.16051864624 986.424404144287 985.602630615234 978.04443359375 955.023361206055 959.583717346191 979.567749023438 988.266906738281 975.308673858643 976.069263458252 982.000370025635 976.255054473877 972.704677581787 975.000232696533 964.856441497803 970.342624664307 970.419410705566 975.195762634277 977.520111083984 977.985420227051 982.702651977539
899.270778656006 902.413909912109 906.212970733643 906.874744415283 910.017383575439 911.726398468018 912.190830230713 916.8017578125 926.249588012695 938.973983764648 954.659675598145 972.759136199951 985.871383666992 979.947940826416 970.018894195557 970.261077880859 976.947803497314 981.868328094482 981.39546585083 989.137371063232 991.901500701904 987.875854492188 984.150875091553 986.704498291016 987.983055114746 987.346725463867 978.784038543701 978.139213562012 985.277938842773 989.835460662842 993.519111633301 985.05553817749 986.377346038818 999.237377166748 1005.45211029053 1003.06901168823 994.772312164307 984.899768829346 984.047374725342 983.75025177002 978.186195373535 982.112777709961 987.735790252686 989.487106323242 993.026672363281 995.652187347412 994.760864257812 989.12760925293 987.668910980225
898.982582092285 902.910484313965 902.822700500488 913.325897216797 917.352352142334 922.449695587158 927.212471008301 924.364093780518 919.870216369629 919.180519104004 925.869552612305 931.153427124023 933.737400054932 955.11169052124 975.590145111084 971.292335510254 960.831008911133 963.065498352051 976.073223114014 991.402755737305 999.652141571045 999.051029205322 990.588806152344 984.388599395752 975.80570602417 973.925941467285 969.754501342773 957.302551269531 969.188610076904 980.488956451416 974.474159240723 989.475315093994 995.25106048584 996.485343933105 993.434787750244 990.031337738037 984.438385009766 986.529689788818 993.738861083984 996.150356292725 993.702346801758 993.762607574463 995.397212982178 995.20951461792 996.098804473877 995.460948944092 993.706115722656 987.853183746338 986.705574035645
927.6487159729 926.389190673828 922.609252929688 929.651901245117 931.045944213867 918.580383300781 920.213840484619 938.748626708984 941.034412384033 934.626644134521 934.242774963379 943.433921813965 942.788204193115 936.400398254395 939.279762268066 963.467876434326 956.613304138184 944.730766296387 943.123538970947 978.628578186035 999.339569091797 1001.20916748047 993.013195037842 984.975921630859 974.83659362793 960.247211456299 962.921619415283 971.106754302979 973.22579574585 987.340744018555 985.982963562012 987.111251831055 994.138721466064 998.101345062256 990.788749694824 982.08118057251 976.423362731934 984.067794799805 996.598819732666 993.053462982178 977.177223205566 977.900737762451 981.963405609131 982.146148681641 988.266696929932 990.424617767334 990.210510253906 987.945598602295 986.967227935791
917.765316009521 929.930477142334 924.151954650879 930.186851501465 931.699127197266 927.108139038086 930.851856231689 942.093479156494 954.414031982422 949.987686157227 944.449573516846 955.675003051758 960.797496795654 956.683380126953 950.258617401123 952.775714874268 963.139656066895 967.78577041626 956.897891998291 967.875827789307 993.786956787109 994.103370666504 975.630260467529 967.331230163574 958.519557952881 953.580253601074 963.633903503418 962.066116333008 963.164371490479 974.922187805176 988.542911529541 984.836303710938 973.603610992432 989.076644897461 994.750232696533 989.749523162842 983.748054504395 983.627754211426 993.463821411133 990.067966461182 969.803081512451 956.402969360352 963.519607543945 964.756462097168 962.199192047119 970.032627105713 978.061325073242 976.637672424316 971.923526763916
925.621150970459 935.538101196289 942.034618377686 941.459331512451 935.761257171631 933.120517730713 937.945652008057 946.46431350708 955.40299987793 957.488876342773 959.793006896973 956.839488983154 957.137218475342 950.788227081299 938.759185791016 922.862888336182 932.965690612793 941.144832611084 937.933910369873 948.547229766846 962.601524353027 967.312885284424 959.749027252197 943.697509765625 943.617557525635 945.069980621338 950.081790924072 942.072074890137 934.852947235107 955.547248840332 978.414192199707 987.077312469482 982.465766906738 987.707935333252 987.583160400391 982.22127532959 985.268016815186 987.499446868896 988.786159515381 987.595584869385 988.101589202881 985.490085601807 982.158264160156 968.717937469482 957.906688690186 960.427352905273 970.874057769775 967.626663208008 955.945644378662
915.866996765137 919.962394714355 935.508911132812 949.890129089355 952.854778289795 950.280864715576 946.288524627686 950.027599334717 950.087619781494 960.308628082275 965.041049957275 956.257465362549 955.321300506592 948.480529785156 942.225234985352 940.259963989258 942.026592254639 946.018898010254 940.337928771973 937.213672637939 942.801025390625 949.063594818115 954.126884460449 945.481819152832 944.954704284668 944.212928771973 940.698181152344 925.684013366699 926.995937347412 949.930511474609 971.848392486572 984.50887298584 987.261035919189 988.473217010498 973.355068206787 958.6100730896 977.673698425293 988.395557403564 991.65735244751 985.831104278564 994.386383056641 996.650108337402 988.762306213379 977.810565948486 961.191783905029 968.619361877441 971.187335968018 967.657566070557 959.856246948242
905.465969085693 912.795673370361 924.506282806396 939.294834136963 947.127895355225 947.281085968018 947.404766082764 955.004817962646 960.370361328125 960.069923400879 968.968933105469 960.995170593262 953.268173217773 958.546527862549 950.242610931396 948.381061553955 948.329982757568 944.017284393311 935.766952514648 929.601459503174 928.816509246826 929.945014953613 930.285053253174 939.875789642334 940.443862915039 935.721794128418 940.014259338379 939.197467803955 934.729885101318 952.5871925354 965.29566192627 973.418830871582 979.730964660645 986.668254852295 983.932872772217 976.277755737305 982.84899520874 987.567226409912 988.464862823486 992.806312561035 993.239994049072 993.411273956299 998.149238586426 992.943511962891 986.202655792236 982.575088500977 975.105045318604 966.287563323975 955.704414367676
899.473098754883 904.726100921631 912.757583618164 913.728530883789 924.644947052002 929.862689971924 935.675388336182 950.251235961914 955.574279785156 944.653713226318 949.257293701172 952.57511138916 949.928371429443 950.058532714844 943.92227935791 935.45458984375 932.95970916748 929.322689056396 922.358303070068 912.945350646973 907.171115875244 907.761798858643 907.88024520874 910.782382965088 908.570362091064 908.69669342041 920.116062164307 940.539604187012 940.909744262695 941.346988677979 948.093002319336 957.228202819824 964.797302246094 972.887279510498 979.733684539795 983.966709136963 985.046161651611 981.805507659912 978.91919708252 983.472717285156 986.880908966064 988.150527954102 991.440910339355 997.854671478271 997.044807434082 986.058547973633 971.083969116211 969.467739105225 954.465816497803
913.228782653809 920.721260070801 908.440582275391 905.502044677734 914.759708404541 930.073806762695 936.532661437988 940.321479797363 955.11795425415 952.658878326416 944.119537353516 938.576904296875 933.847591400146 925.350315093994 919.502479553223 925.151012420654 915.477687835693 920.946365356445 928.406257629395 934.392822265625 933.102993011475 925.771335601807 913.143280029297 904.283191680908 900.196872711182 899.18575668335 898.553730010986 913.967914581299 932.904350280762 941.37064743042 943.063312530518 943.146915435791 956.098129272461 960.973564147949 966.532569885254 976.794853210449 972.82385635376 964.798431396484 970.958988189697 978.33003616333 984.601165771484 986.225971221924 983.687004089355 983.62739944458 985.75146484375 984.981929779053 986.179958343506 982.751804351807 971.268081665039
908.889896392822 917.807632446289 915.806529998779 919.342838287354 920.902992248535 930.936813354492 933.970924377441 936.865676879883 948.725872039795 948.005680084229 944.900238037109 947.255187988281 941.645500183105 936.900936126709 931.042381286621 928.771583557129 926.356517791748 926.697589874268 929.071273803711 935.787651062012 946.492553710938 943.550659179688 927.363090515137 907.353622436523 905.695682525635 911.989028930664 911.95743560791 915.313743591309 925.993515014648 929.404724121094 930.643745422363 946.640727996826 960.183681488037 973.136039733887 979.242900848389 977.274341583252 970.337032318115 952.475917816162 954.411033630371 967.373836517334 978.479671478271 981.208847045898 974.353656768799 970.899761199951 975.10856628418 971.771732330322 972.088550567627 975.139083862305 971.372455596924
901.612049102783 911.292419433594 916.914031982422 925.116065979004 932.348747253418 937.011329650879 938.160205841064 942.001266479492 946.81840133667 939.042491912842 928.907939910889 930.179626464844 934.520908355713 936.710224151611 939.947429656982 946.487239837646 947.522441864014 943.709156036377 928.409942626953 922.953010559082 931.535259246826 939.577739715576 943.857887268066 937.945171356201 935.632564544678 943.769790649414 942.805744171143 940.340412139893 941.695766448975 939.828189849854 931.897079467773 934.826126098633 948.201026916504 960.922389984131 962.207767486572 965.31322479248 972.776660919189 970.834720611572 959.482864379883 959.506763458252 970.647083282471 976.63724899292 978.297672271729 975.410350799561 971.000911712646 969.965309143066 962.717624664307 959.913650512695 972.302368164062
902.030933380127 903.409507751465 906.473239898682 913.666069030762 924.205024719238 939.493995666504 944.646869659424 941.948505401611 942.767292022705 930.82511138916 927.948970794678 930.005229949951 920.22590637207 897.529582977295 896.516193389893 903.291923522949 917.499862670898 931.33239364624 938.172309875488 925.590274810791 916.981170654297 922.197219848633 924.990016937256 929.802425384521 940.513660430908 947.0159034729 942.7375831604 940.691242218018 948.438045501709 959.079288482666 943.7018699646 941.045791625977 957.909275054932 954.566143035889 954.852405548096 948.975929260254 957.533111572266 966.596256256104 969.618022918701 969.838947296143 966.818187713623 967.300819396973 972.5348777771 972.62663269043 965.546340942383 955.771072387695 952.340450286865 955.094058990479 959.076026916504
905.033946990967 903.840255737305 903.446826934814 907.733505249023 907.635639190674 914.957969665527 929.714363098145 929.854419708252 925.54528427124 932.745758056641 934.995796203613 933.805149078369 923.569904327393 913.800777435303 911.175262451172 917.480529785156 925.077739715576 927.090808868408 927.356986999512 927.160614013672 935.53364944458 935.908451080322 931.819774627686 928.355396270752 933.912204742432 935.677593231201 923.103828430176 916.401763916016 926.433528900146 942.160079956055 948.949893951416 956.955383300781 969.059638977051 972.115455627441 958.64909362793 942.983684539795 938.031497955322 962.715259552002 969.135368347168 969.503314971924 966.371757507324 956.835861206055 962.621719360352 964.540187835693 958.147769927979 958.578544616699 955.779125213623 947.981376647949 940.362358093262
918.517223358154 926.453491210938 923.114566802979 916.789516448975 907.599830627441 904.029819488525 909.094879150391 918.022274017334 911.520866394043 916.67440032959 916.625667572021 913.818935394287 914.674816131592 924.221878051758 931.521713256836 941.595474243164 943.267318725586 932.633785247803 919.54296875 930.042701721191 941.938037872314 946.667881011963 940.380599975586 930.451076507568 931.892890930176 933.180652618408 925.335384368896 920.533866882324 927.708782196045 938.567218780518 939.165580749512 939.464191436768 953.051128387451 966.573867797852 963.743911743164 946.821559906006 952.01245880127 966.514846801758 971.997932434082 965.553398132324 961.044342041016 960.140663146973 956.95597076416 951.202922821045 950.379802703857 952.964477539062 947.012031555176 938.221645355225 942.380657196045
887.421585083008 892.261348724365 893.075523376465 899.195461273193 906.573501586914 906.543857574463 906.726524353027 906.871784210205 900.543342590332 886.697696685791 884.784072875977 906.50407409668 920.60285949707 918.442989349365 921.302932739258 920.728229522705 919.954650878906 928.776351928711 934.891307830811 935.313079833984 929.02074432373 931.466823577881 930.6745262146 929.688976287842 924.659469604492 919.243843078613 918.069408416748 925.467258453369 922.312870025635 922.275009155273 925.22448348999 929.067012786865 930.42268371582 938.277770996094 944.47282409668 955.0993309021 966.621715545654 970.67911529541 960.208778381348 964.944690704346 951.282314300537 942.148670196533 939.247497558594 937.21263885498 934.054336547852 935.721244812012 938.47758102417 933.647350311279 930.733066558838
891.647186279297 892.950393676758 898.000640869141 899.957263946533 900.307273864746 898.974685668945 895.864040374756 888.15100479126 885.221397399902 887.420604705811 902.378192901611 918.927753448486 929.407081604004 922.571670532227 911.10445022583 907.143672943115 903.940422058105 911.301734924316 908.366008758545 917.429798126221 916.374015808105 909.115005493164 910.861309051514 904.139518737793 911.338333129883 913.331748962402 913.022426605225 911.378078460693 910.378894805908 894.198619842529 885.007579803467 898.285682678223 920.391960144043 916.748950958252 921.611278533936 944.977439880371 965.342922210693 966.146102905273 964.504547119141 965.620494842529 965.446369171143 949.477172851562 938.53218460083 925.886310577393 931.51664352417 939.103771209717 937.251358032227 935.043647766113 930.621311187744
913.645431518555 917.450836181641 919.326908111572 907.691207885742 896.948467254639 889.86536026001 890.954879760742 902.005577087402 905.132827758789 909.04549407959 916.666412353516 917.710662841797 927.993362426758 932.342235565186 912.832649230957 892.209743499756 893.851123809814 902.63257598877 908.593803405762 914.673690795898 919.661571502686 916.027210235596 911.888153076172 914.07234954834 907.341548919678 885.402591705322 868.812587738037 875.928771972656 887.569534301758 900.612239837646 905.722778320312 913.525547027588 916.907379150391 899.487850189209 916.664630889893 942.742141723633 952.494178771973 954.733425140381 956.246250152588 961.111629486084 951.893798828125 942.231857299805 937.510513305664 937.309776306152 939.017604827881 941.910915374756 939.527996063232 937.883220672607 932.757732391357
920.045063018799 921.894065856934 918.991836547852 909.970703125 894.391582489014 896.792018890381 908.161739349365 913.268459320068 914.198890686035 919.585628509521 926.487911224365 914.162746429443 914.539302825928 919.679649353027 919.207237243652 889.427642822266 881.057510375977 890.380226135254 900.921642303467 914.086696624756 919.67276763916 918.14839553833 914.676895141602 912.046531677246 901.474750518799 879.941291809082 867.110168457031 867.0964012146 858.175743103027 858.2624168396 870.528209686279 874.070934295654 889.859710693359 891.870231628418 893.163730621338 920.835826873779 937.444637298584 935.169845581055 938.654350280762 933.861904144287 935.926040649414 939.43879699707 936.877063751221 931.619804382324 929.889099121094 933.798099517822 923.684120178223 931.789859771729 940.120697021484
916.189193725586 906.778797149658 908.562427520752 909.448413848877 917.620769500732 915.563781738281 922.799980163574 926.706321716309 920.052726745605 905.883720397949 897.781730651855 889.616683959961 891.346599578857 909.555252075195 923.59782409668 921.338031768799 901.488090515137 891.03010559082 894.496006011963 905.634571075439 914.093681335449 908.52640914917 897.274547576904 892.762763977051 880.262672424316 858.664199829102 866.256771087646 878.896068572998 877.828601837158 859.105850219727 856.979965209961 858.742782592773 861.589992523193 868.508979797363 870.394626617432 889.8857421875 902.405055999756 917.182796478271 926.991786956787 924.07311630249 926.481609344482 915.811836242676 921.544109344482 915.443649291992 919.437252044678 929.576564788818 922.421779632568 918.036914825439 929.453315734863
908.684879302979 905.770725250244 913.421634674072 925.282981872559 935.089851379395 941.653999328613 945.434047698975 947.419784545898 939.104763031006 917.91535949707 900.471336364746 886.458248138428 892.271392822266 907.520984649658 925.857238769531 928.897720336914 922.201908111572 912.484580993652 904.133083343506 904.210163116455 898.637950897217 886.31379699707 872.913414001465 867.58625793457 862.891452789307 851.404144287109 855.224418640137 866.475688934326 873.433113098145 873.715175628662 873.37780380249 877.465900421143 874.584392547607 877.284088134766 876.122932434082 884.609348297119 886.729732513428 884.73913192749 899.497581481934 912.117797851562 909.913162231445 906.997253417969 909.047878265381 910.932064056396 911.98291015625 917.199672698975 920.238674163818 917.699954986572 923.347755432129
913.474159240723 908.17476272583 912.831630706787 926.348526000977 943.503051757812 952.380680084229 955.989139556885 957.685432434082 957.317939758301 949.672676086426 942.165744781494 928.186412811279 923.2294921875 925.580146789551 931.390411376953 931.537021636963 925.436531066895 914.215286254883 906.966339111328 903.15495300293 893.822052001953 887.23025894165 875.611225128174 874.928588867188 872.340755462646 856.484367370605 859.017608642578 861.595409393311 861.358543395996 860.260147094727 861.510898590088 864.285732269287 872.348094940186 884.135185241699 887.367893218994 881.200355529785 868.445919036865 866.968982696533 881.47106552124 893.111602783203 888.874633789062 889.793754577637 898.18249130249 900.891830444336 901.914428710938 908.432384490967 909.518363952637 916.835498809814 922.192390441895
