data/train_2003/bio4_avg_2003-2018.asc
NCOLS 664 
NROWS 380 
XLLCORNER 3.91666666666667 
YLLCORNER 55.3333333333333 
CELLSIZE 0.0416666666666666 
NODATA_value -9999 
[rows 22 to 43 of 380, columns 392 to 440 of 664]
555.679990768433 -9999 -9999 -9999 -9999 -9999 558.685991287231 571.162528991699 594.519601821899 597.941753387451 592.820318222046 589.799068450928 584.51469039917 581.191637039185 -9999 -9999 -9999 -9999 -9999 -9999 -9999 -9999 555.511472702026 571.171649932861 587.053758621216 603.314334869385 616.487718582153 611.35267829895 603.475629806519 574.623882293701 593.635059356689 620.126861572266 622.236331939697 615.496536254883 602.466175079346 589.542184829712 558.947208404541 581.517831802368 603.399181365967 620.397426605225 621.539522171021 616.642988204956 612.52844619751 619.712940216064 622.38399887085 633.839309692383 632.429382324219 627.302745819092 609.276681900024
-9999 -9999 -9999 506.361982345581 556.650959014893 597.39302444458 600.775444030762 617.791795730591 629.205600738525 630.853897094727 627.002765655518 619.407943725586 605.68084526062 590.587055206299 -9999 -9999 -9999 -9999 -9999 -9999 -9999 -9999 -9999 581.957872390747 606.94645690918 627.153129577637 637.011341094971 632.9075050354 622.671382904053 609.505563735962 620.928394317627 636.832778930664 635.748752593994 631.986503601074 625.596321105957 623.26636505127 597.009744644165 584.220750808716 605.852283477783 623.183631896973 628.436412811279 624.000370025635 620.481580734253 621.041910171509 617.374864578247 622.37598991394 631.748687744141 638.522125244141 621.138877868652
-9999 -9999 -9999 541.19295501709 585.966245651245 629.170101165771 636.862350463867 646.332145690918 646.675788879395 643.927410125732 639.782608032227 633.769207000732 619.184268951416 591.685380935669 594.309106826782 -9999 -9999 -9999 -9999 -9999 -9999 -9999 -9999 -9999 619.082748413086 632.267559051514 641.57710647583 633.738929748535 599.57396697998 616.316923141479 632.996772766113 639.280735015869 638.955463409424 636.580879211426 627.028045654297 625.241645812988 620.792778015137 612.001071929932 610.683725357056 632.120212554932 638.872798919678 634.754894256592 629.527984619141 623.234729766846 619.857664108276 612.085338592529 619.000276565552 624.980436325073 608.131280899048
-9999 -9999 -9999 565.520254135132 615.526350021362 653.028690338135 653.855472564697 654.845729827881 655.041954040527 655.659961700439 652.797382354736 644.658611297607 622.061674118042 619.285892486572 625.690238952637 618.876291275024 603.027011871338 -9999 -9999 -9999 -9999 -9999 -9999 -9999 -9999 533.512842178345 555.182691574097 -9999 586.47308921814 607.581237792969 632.501781463623 636.528816223145 636.41174697876 634.292411804199 632.566783905029 629.869186401367 628.687690734863 635.156673431396 642.849548339844 645.145347595215 640.592388153076 638.226886749268 627.828805923462 630.755912780762 640.132389068604 636.791130065918 637.527805328369 646.092540740967 648.692291259766
-9999 -9999 -9999 587.820171356201 634.441440582275 651.428218841553 651.251426696777 642.920936584473 657.721446990967 665.176830291748 665.916999816895 657.938301086426 639.525684356689 630.9635887146 632.214626312256 625.633201599121 -9999 565.285306930542 561.203924179077 -9999 -9999 -9999 -9999 556.958042144775 567.297872543335 -9999 -9999 -9999 -9999 -9999 -9999 -9999 625.159505844116 623.310424804688 627.319774627686 636.575057983398 628.164161682129 603.913087844849 605.968196868896 617.291021347046 630.398281097412 638.227787017822 641.398071289062 650.733737945557 663.367832183838 666.880706787109 666.899772644043 666.626983642578 675.136074066162
-9999 -9999 -9999 -9999 -9999 -9999 630.778045654297 635.254650115967 656.879825592041 -9999 -9999 614.671440124512 633.796337127686 632.887031555176 631.898212432861 633.814586639404 605.426694869995 586.872694015503 578.418985366821 539.776445388794 531.199363708496 -9999 552.566089630127 567.34440612793 580.952407836914 604.723415374756 611.995281219482 612.216299057007 616.145881652832 562.668445587158 -9999 536.760604858398 571.061679840088 608.653249740601 604.613677978516 591.638395309448 592.579816818237 593.994785308838 618.879341125488 632.923835754395 638.523090362549 634.515075683594 630.545009613037 643.364963531494 663.818561553955 671.700927734375 677.116340637207 680.989280700684 681.863746643066
647.220024108887 650.200187683105 -9999 -9999 -9999 -9999 -9999 -9999 611.736227035522 616.872051239014 618.915458679199 597.633655548096 630.935752868652 646.425712585449 650.454212188721 644.744365692139 633.995216369629 615.461339950562 607.666704177856 600.136894226074 -9999 -9999 -9999 620.791942596436 636.628108978271 648.34546661377 655.428661346436 654.047130584717 649.184299468994 651.20291519165 649.129497528076 -9999 -9999 -9999 592.173568725586 -9999 -9999 -9999 587.952035903931 625.332801818848 648.153171539307 650.035949707031 638.773876190186 655.429027557373 678.162040710449 692.037631988525 697.643890380859 701.862697601318 698.352710723877
655.362419128418 651.899085998535 642.402462005615 -9999 -9999 -9999 -9999 -9999 619.504543304443 629.92956161499 636.195449829102 -9999 640.256175994873 655.720916748047 662.957862854004 659.583419799805 655.092567443848 648.351020812988 619.33842086792 606.236722946167 -9999 -9999 632.135269165039 652.516651153564 671.324043273926 677.825023651123 688.072189331055 688.608600616455 684.094791412354 679.354736328125 666.06916809082 654.016242980957 -9999 602.658130645752 600.869758605957 587.267444610596 534.66780090332 532.566829681396 576.257152557373 615.473136901855 652.945495605469 662.613487243652 669.754981994629 673.382995605469 691.439834594727 703.65747833252 709.696281433105 713.019069671631 713.470623016357
665.985160827637 655.998264312744 651.999591827393 642.935489654541 -9999 -9999 -9999 661.88404083252 670.977844238281 687.784000396729 666.872791290283 634.671909332275 642.287944793701 667.281379699707 678.444877624512 678.612506866455 670.586071014404 664.416988372803 -9999 657.486427307129 -9999 -9999 652.55110168457 665.706508636475 683.904518127441 677.830268859863 681.627670288086 686.996253967285 693.068157196045 693.899738311768 695.762496948242 689.041786193848 676.844692230225 661.526420593262 660.778697967529 649.476345062256 -9999 559.83836555481 583.632377624512 603.449625015259 641.914894104004 664.858154296875 675.331302642822 688.762012481689 695.369411468506 698.993396759033 708.393119812012 716.203144073486 718.673400878906
674.294509887695 665.322624206543 657.034374237061 646.95401763916 -9999 -9999 658.584159851074 679.718616485596 691.182880401611 696.282382965088 689.239761352539 673.325252532959 654.954742431641 684.401557922363 697.083969116211 691.506618499756 676.01155090332 -9999 660.821250915527 678.038360595703 689.394599914551 685.326789855957 679.045024871826 682.539245605469 695.895359039307 698.835510253906 696.106834411621 693.583282470703 698.821304321289 703.287940979004 705.962860107422 705.727390289307 700.637168884277 693.374382019043 688.713562011719 684.8737449646 670.523773193359 653.372081756592 637.147521972656 607.765035629272 608.206876754761 622.271724700928 652.721099853516 689.661018371582 711.149593353271 716.391452789307 719.971752166748 726.37935256958 728.573066711426
688.142871856689 681.303821563721 667.180053710938 -9999 -9999 -9999 668.207466125488 683.321350097656 692.253269195557 696.877727508545 692.821674346924 690.684162139893 700.907402038574 712.163848876953 720.207454681396 709.821342468262 700.139385223389 654.662540435791 685.190223693848 702.302249908447 703.823467254639 701.685520172119 705.002208709717 711.626918792725 714.085655212402 714.026912689209 713.218505859375 707.639240264893 705.462978363037 702.914352416992 700.245059967041 695.060089111328 695.496650695801 707.205993652344 706.604522705078 711.334133148193 702.984561920166 688.298389434814 677.044921875 655.950531005859 618.455963134766 627.733142852783 655.225551605225 673.271507263184 698.671695709229 715.818943023682 727.111560821533 735.516246795654 738.934394836426
686.779113769531 676.319900512695 -9999 -9999 -9999 663.933132171631 685.175262451172 696.136703491211 703.98722076416 706.395252227783 715.535598754883 722.310977935791 733.513793945312 742.445915222168 741.419830322266 731.251930236816 717.551574707031 715.741188049316 717.444164276123 722.650386810303 723.569507598877 724.553714752197 725.328380584717 727.034713745117 730.742198944092 731.950763702393 731.874889373779 724.706680297852 717.249397277832 709.601482391357 701.444679260254 696.677532196045 702.675910949707 716.500919342041 720.320423126221 723.28662109375 717.571426391602 714.392524719238 705.824726104736 684.067459106445 680.130535125732 680.761352539062 665.697944641113 645.209140777588 668.415794372559 704.369022369385 726.016956329346 738.866107940674 743.266330718994
683.711166381836 668.672832489014 -9999 -9999 -9999 676.776927947998 698.868476867676 715.500144958496 712.518409729004 715.448028564453 727.917922973633 736.496364593506 744.766571044922 748.393753051758 741.552833557129 733.69592666626 729.410957336426 732.384685516357 737.88756942749 739.084476470947 737.41036605835 736.138408660889 735.136863708496 735.867301940918 737.69157409668 735.165798187256 723.942581176758 711.361968994141 705.044158935547 703.300075531006 698.616466522217 699.520923614502 710.238426208496 723.065769195557 730.642154693604 735.93518447876 731.484706878662 730.914756774902 730.767692565918 723.670696258545 709.131233215332 700.505531311035 693.716251373291 702.422611236572 701.945247650146 707.38187789917 720.036685943604 732.922035217285 743.169960021973
687.588035583496 -9999 656.545150756836 -9999 -9999 693.553031921387 708.587947845459 725.956230163574 734.145416259766 722.412181854248 726.893165588379 733.158939361572 745.097473144531 748.026744842529 745.355365753174 733.983856201172 728.6213722229 737.323852539062 748.969219207764 751.316158294678 749.77477645874 748.623550415039 745.181499481201 742.65877532959 742.013389587402 744.045475006104 739.654899597168 733.428905487061 729.720321655273 725.965229034424 717.950233459473 711.309989929199 716.565841674805 726.740200042725 733.352443695068 738.591823577881 743.963768005371 745.372741699219 742.590591430664 739.242950439453 736.224243164062 732.286155700684 728.291812896729 725.799537658691 727.857299804688 729.458969116211 732.90604019165 741.094974517822 746.765789031982
707.816162109375 702.067901611328 675.522998809814 -9999 -9999 706.859424591064 723.407417297363 730.648387908936 743.401412963867 748.466323852539 747.422374725342 745.738315582275 740.002449035645 728.730392456055 741.451858520508 739.444393157959 741.085399627686 746.561126708984 758.360084533691 764.300464630127 760.776073455811 755.888359069824 751.620010375977 752.517711639404 752.803295135498 755.306777954102 759.262466430664 753.809024810791 748.396900177002 745.143604278564 740.766719818115 735.228317260742 727.762306213379 730.648742675781 738.716552734375 745.799728393555 756.484767913818 754.925994873047 749.969402313232 746.86629486084 745.860492706299 743.715850830078 739.449851989746 737.691246032715 737.695808410645 739.190898895264 742.074886322021 746.453758239746 752.016178131104
722.481353759766 714.189826965332 693.966064453125 694.285720825195 703.618865966797 717.212989807129 731.785987854004 737.901279449463 748.536334991455 750.273101806641 751.946147918701 750.311824798584 750.30464553833 742.508941650391 735.619441986084 741.833889007568 746.77954864502 756.426990509033 757.329109191895 764.570278167725 763.31237411499 750.285667419434 753.185249328613 758.094860076904 762.603958129883 766.683334350586 769.998985290527 760.941749572754 752.20792388916 748.244338989258 747.770530700684 748.766464233398 748.051856994629 746.774967193604 752.475070953369 760.354145050049 765.231327056885 765.034702301025 759.371479034424 756.786388397217 755.816143035889 752.614269256592 747.540668487549 747.574977874756 748.003890991211 748.161415100098 750.630027770996 755.498294830322 760.966823577881
689.448291778564 -9999 -9999 701.119667053223 721.34888458252 735.405582427979 720.427211761475 -9999 738.852890014648 753.821746826172 758.05305480957 750.881362915039 738.584171295166 741.545471191406 737.722187042236 743.789066314697 744.890991210938 755.29740524292 759.256679534912 767.49723815918 759.744194030762 757.973052978516 764.851627349854 768.317203521729 769.316967010498 773.814426422119 777.314865112305 774.358364105225 768.018085479736 761.42533493042 760.570026397705 761.737319946289 763.136730194092 765.404899597168 768.541522979736 770.333335876465 768.856513977051 767.721599578857 766.795372009277 763.716320037842 760.634788513184 759.782382965088 761.371086120605 763.760162353516 766.011234283447 766.270946502686 763.452816009521 763.470607757568 767.164245605469
663.568653106689 -9999 683.225700378418 709.290721893311 741.699649810791 760.106441497803 751.297004699707 750.059421539307 745.509037017822 745.167175292969 753.519359588623 755.07222366333 755.942077636719 762.751087188721 764.088653564453 760.244361877441 757.976860046387 759.174724578857 763.918083190918 769.344245910645 769.371131896973 766.737548828125 765.936435699463 771.936695098877 777.187992095947 780.078979492188 779.680946350098 778.38659286499 779.410663604736 780.704334259033 777.748184204102 777.108032226562 775.750820159912 776.893123626709 781.894588470459 783.184730529785 782.731758117676 780.968662261963 778.033294677734 768.53783416748 763.027118682861 767.740020751953 775.195911407471 780.571002960205 782.512470245361 785.778114318848 785.974300384521 784.167064666748 786.644805908203
-9999 698.567375183105 708.720626831055 727.371715545654 751.480304718018 770.084850311279 774.162570953369 766.238693237305 763.815166473389 752.320220947266 744.724613189697 737.066200256348 738.124820709229 755.616012573242 768.636787414551 775.456062316895 776.582668304443 777.726055145264 781.852630615234 786.414459228516 783.719223022461 778.242000579834 778.556037902832 784.499038696289 790.878650665283 789.932571411133 790.984931945801 788.875106811523 789.767208099365 789.653823852539 791.613399505615 793.78999710083 791.724769592285 791.562099456787 795.660907745361 797.359752655029 794.461158752441 790.77498626709 785.8410987854 782.598514556885 781.468711853027 787.390560150146 796.623191833496 801.733757019043 803.32307434082 807.470268249512 810.294059753418 809.171752929688 808.9384765625
728.866313934326 745.509384155273 753.714756011963 758.265926361084 760.669273376465 756.557422637939 772.364612579346 782.348213195801 773.699974060059 775.580169677734 768.28023147583 768.131397247314 763.689842224121 760.430004119873 767.68563079834 778.939441680908 787.078075408936 789.094089508057 785.917484283447 788.075897216797 789.490333557129 789.22705078125 796.291118621826 803.720203399658 808.700355529785 806.491153717041 800.973136901855 801.390647888184 802.171619415283 802.404331207275 800.480842590332 799.542827606201 800.930355072021 803.629199981689 808.326538085938 809.529342651367 807.023441314697 803.137512207031 801.617919921875 801.905349731445 801.972297668457 806.53450012207 815.192317962646 819.481819152832 821.146366119385 823.679740905762 825.736587524414 825.060752868652 822.895343780518
750.195281982422 761.089744567871 779.183689117432 781.283351898193 768.174663543701 758.919040679932 775.009338378906 787.959667205811 788.536750793457 778.815856933594 775.682849884033 775.26838684082 773.932735443115 773.481452941895 779.146404266357 784.533138275146 792.095386505127 804.712055206299 804.607509613037 798.104808807373 794.380405426025 799.703479766846 806.441757202148 813.334907531738 815.92163848877 813.295124053955 806.467166900635 804.494789123535 807.64489364624 808.780834197998 809.108589172363 808.892627716064 812.093605041504 817.226936340332 818.29467010498 819.034233093262 820.361000061035 822.086029052734 824.667137145996 826.287460327148 827.213226318359 828.833934783936 831.07474899292 831.424228668213 829.87809753418 828.924304962158 828.155258178711 828.57759475708 828.552505493164
767.196136474609 773.414703369141 782.946666717529 788.500110626221 782.610958099365 768.109004974365 775.783393859863 785.811069488525 792.656066894531 799.021076202393 800.319217681885 796.746974945068 790.42541885376 790.810352325439 795.290664672852 801.075378417969 807.906967163086 810.816051483154 814.764991760254 818.570495605469 817.704128265381 816.076908111572 810.90181350708 806.568531036377 801.298183441162 800.343101501465 799.681781768799 802.946662902832 808.698249816895 813.854362487793 817.782127380371 820.207279205322 823.344150543213 827.36302947998 830.201026916504 834.05931854248 836.0036277771 838.493774414062 842.505233764648 844.211219787598 844.662231445312 844.385131835938 841.155834197998 838.193843841553 833.886905670166 832.047252655029 829.898735046387 831.908187866211 837.263851165771
