data/train_2003/bio4_avg_2003-2018.asc
NCOLS 664 
NROWS 380 
XLLCORNER 3.91666666666667 
YLLCORNER 55.3333333333333 
CELLSIZE 0.0416666666666666 
NODATA_value -9999 
[rows 88 to 109 of 380, columns 343 to 391 of 664]
873.56706237793 867.60241317749 879.445972442627 888.668243408203 892.89379119873 885.96692276001 875.234817504883 881.960731506348 898.235534667969 910.689022064209 922.502841949463 927.014060974121 932.464218139648 947.002868652344 963.40092086792 975.783073425293 975.823020935059 975.115615844727 999.480533599854 1019.04189682007 1031.17802047729 1036.360496521 1033.21074295044 1031.90688323975 1028.47271347046 1031.91163635254 1029.47678756714 1020.8169708252 1016.52372360229 1016.42373275757 1021.01409912109 1016.12075042725 1002.18069839478 987.650985717773 996.555168151855 995.751724243164 989.012283325195 986.459457397461 979.587669372559 976.582370758057 975.875553131104 978.221813201904 981.401538848877 984.059028625488 985.04895401001 984.874805450439 982.388912200928 973.858242034912 964.05757522583
872.974075317383 877.468669891357 885.305068969727 888.380065917969 895.682849884033 905.152572631836 913.869842529297 924.230560302734 922.721214294434 924.283462524414 929.708480834961 935.414043426514 936.368682861328 936.91357421875 939.393840789795 946.636920928955 957.103496551514 973.549785614014 993.021228790283 1003.22957229614 1017.84645843506 1031.59711456299 1040.246509552 1043.22661209106 1041.36261367798 1040.08793640137 1032.57795715332 1015.68417358398 1012.15419006348 1023.23207473755 1033.81479644775 1036.57942962646 1036.64235687256 1032.57963943481 1027.9990196228 1026.3797416687 1017.18748474121 1004.61683654785 988.514148712158 982.471740722656 972.763095855713 964.179153442383 971.517879486084 981.292106628418 983.421989440918 977.243343353271 969.831359863281 969.906932830811 961.443939208984
839.271572113037 848.439601898193 866.75110244751 878.867519378662 880.854122161865 898.650833129883 918.112689971924 923.101005554199 919.919284820557 927.479598999023 929.369899749756 930.940700531006 937.620769500732 945.963943481445 953.598190307617 956.81205368042 961.411136627197 975.231170654297 983.82536315918 985.829818725586 992.035457611084 1016.08498382568 1029.50392532349 1020.60694885254 1019.06531143188 1032.91717910767 1021.47556304932 1006.21715164185 1013.03257751465 1025.02838134766 1030.29412078857 1024.75038909912 1015.08962631226 1008.96876907349 1017.18874359131 1019.41388702393 1017.9467086792 1022.88814163208 1019.34854507446 1008.64751052856 1003.28142929077 993.743022918701 986.099967956543 984.545124053955 979.241596221924 975.391464233398 966.419189453125 964.214096069336 963.61056137085
826.743927001953 809.374683380127 820.206027984619 832.243175506592 849.363204956055 870.839729309082 903.933372497559 906.272384643555 905.564754486084 912.557960510254 915.424133300781 922.474472045898 931.536071777344 943.900382995605 956.05065536499 960.918807983398 968.013233184814 969.780891418457 979.157127380371 987.696056365967 993.449127197266 1011.11791229248 1012.40151977539 997.622951507568 991.965244293213 1000.92273712158 1013.24360275269 1027.62094116211 1042.58359146118 1046.69459152222 1033.81507110596 1025.05467605591 1005.43299484253 986.705623626709 983.385055541992 1005.08676147461 1008.26243209839 1020.74731445312 1028.90512466431 1032.66933059692 1028.97549057007 1016.33457946777 999.553741455078 986.636814117432 976.292907714844 975.992889404297 972.712467193604 966.181751251221 965.45085144043
855.918647766113 869.411228179932 857.639583587646 849.08324432373 864.148975372314 888.02502822876 906.547588348389 891.124538421631 888.776489257812 897.881172180176 903.781711578369 909.932342529297 909.921009063721 916.548069000244 938.744518280029 956.524990081787 974.309345245361 982.543048858643 982.819458007812 979.485370635986 990.578105926514 1005.06540298462 997.650035858154 988.017250061035 976.314888000488 976.943393707275 989.48429107666 1015.28522109985 1043.43775558472 1049.226146698 1045.27442550659 1036.28828430176 1028.90426635742 996.170482635498 1002.62891769409 1011.19467544556 1011.09198760986 1019.80000305176 1027.26582717896 1039.53796386719 1045.45557022095 1036.94287872314 1024.21853256226 1014.95135116577 1003.8412322998 997.828826904297 992.496650695801 983.82116317749 980.186149597168
854.682888031006 881.904987335205 903.885807037354 900.882816314697 895.126686096191 913.038692474365 917.936508178711 902.043579101562 900.222183227539 906.933643341064 911.395328521729 906.571937561035 909.461986541748 912.017757415771 921.51399230957 941.378120422363 965.212066650391 980.209201812744 990.086185455322 999.421764373779 1005.17390060425 1005.70533752441 1004.14760971069 995.724941253662 992.954917907715 998.998432159424 1016.04091644287 1028.14250946045 1038.73024368286 1029.74227905273 1039.9388923645 1034.22842788696 1033.02883148193 1028.31705093384 1024.43064880371 1026.0051612854 1032.18334197998 1038.06629180908 1037.81503295898 1045.36400985718 1053.41667938232 1048.01026535034 1039.43384170532 1037.24196243286 1027.11888122559 1011.53709411621 999.991115570068 998.120597839355 998.558345794678
864.308578491211 880.343032836914 903.596904754639 928.583892822266 937.866325378418 943.872371673584 944.521820068359 934.339603424072 918.242321014404 915.148113250732 924.140323638916 922.760478973389 926.256019592285 923.079223632812 930.379589080811 938.08171081543 952.646564483643 969.497245788574 984.288612365723 998.209045410156 1003.13710784912 1010.08562469482 1002.44142532349 999.166507720947 1002.6891784668 1008.60981369019 1021.23946380615 1042.67792510986 1045.40579223633 1044.96995544434 1049.67728042603 1051.91275787354 1043.14043807983 1038.98686599731 1039.48134231567 1046.31611633301 1043.65339279175 1042.2943687439 1043.5892791748 1049.9955406189 1054.73364257812 1050.32781600952 1042.62489318848 1039.29878997803 1032.26079177856 1016.97890472412 1001.17916488647 1000.05411529541 1003.31121826172
878.862274169922 891.117542266846 898.774803161621 920.086578369141 943.163768768311 959.312656402588 966.718944549561 967.232276916504 958.368450164795 949.622413635254 943.339900970459 942.731258392334 947.840179443359 946.576301574707 940.615295410156 945.074417114258 947.262798309326 953.347595214844 964.366386413574 984.568294525146 992.1706199646 988.074237823486 1007.61092758179 1009.49835968018 1013.87660217285 1014.915184021 1025.91928482056 1053.35205459595 1062.22468185425 1062.73282241821 1045.79044723511 1043.20663833618 1047.20163726807 1050.65298843384 1048.65444946289 1049.6046257019 1047.77640914917 1047.80108261108 1050.74157714844 1053.99229431152 1053.74745559692 1051.49775314331 1045.26197814941 1036.43776702881 1026.8236579895 1012.36368560791 994.435249328613 989.143585205078 990.631477355957
937.727733612061 933.726131439209 932.178672790527 933.328502655029 937.732978820801 954.552139282227 969.251636505127 979.088161468506 974.971946716309 964.885860443115 959.374950408936 954.944728851318 960.206504821777 962.425994873047 959.853271484375 952.723159790039 956.160415649414 962.211498260498 969.935466766357 980.124088287354 995.078548431396 1000.48796844482 1007.61602020264 1015.67306900024 1026.9899559021 1030.83269500732 1029.05363845825 1032.85335922241 1041.43043518066 1046.76570892334 1044.08418655396 1040.13401794434 1042.25015258789 1049.20893859863 1052.07488250732 1053.79996490479 1056.59415054321 1055.07780075073 1053.99484634399 1054.06064987183 1054.49752807617 1053.20006942749 1050.10326766968 1042.38975906372 1030.07010650635 1010.08588027954 998.82540512085 997.980590820312 998.89453125
942.099376678467 942.668521881104 939.704875946045 941.416465759277 949.089691162109 955.714546203613 954.812675476074 961.261085510254 974.625701904297 972.954738616943 981.750518798828 984.710861206055 982.646587371826 977.889095306396 970.897647857666 962.760635375977 955.888790130615 959.285766601562 977.00728225708 986.354278564453 1002.40818023682 1003.03355026245 1002.42626953125 1008.18755722046 1019.36201858521 1034.30076217651 1036.22982025146 1031.50262451172 1033.30111694336 1045.94737243652 1049.60705184937 1038.50921630859 1042.18986129761 1041.75779724121 1044.45602798462 1042.38416290283 1038.72259521484 1037.65781402588 1048.14366531372 1056.2935218811 1054.60412216187 1050.47786712646 1043.2894859314 1032.12821578979 1016.70429229736 1007.90551376343 1006.18796539307 1005.82396316528 1009.1517868042
949.044063568115 950.061382293701 955.426727294922 959.233829498291 956.922920227051 956.546768188477 958.817283630371 956.365886688232 963.012935638428 981.081153869629 997.264339447021 1006.49738693237 1001.81204986572 990.735767364502 976.499900817871 967.19762802124 968.882888793945 979.83784866333 987.707614898682 1001.07224273682 1013.46137619019 1016.6848526001 1011.06410598755 1009.45066070557 1019.84650802612 1025.32611083984 1033.78740692139 1032.6381111145 1034.95530319214 1052.51264572144 1061.48286056519 1052.31092453003 1039.99840927124 1034.8387336731 1036.53367233276 1032.84714889526 1029.6985206604 1029.613697052 1041.47355270386 1051.66218185425 1049.98223114014 1040.93983459473 1027.79224395752 1009.49146652222 995.797180175781 1003.20291900635 1018.77403259277 1023.9274520874 1020.96892929077
907.625022888184 927.101863861084 943.336441040039 944.767387390137 942.287944793701 962.360450744629 971.016319274902 974.286460876465 967.55464553833 978.65686416626 992.284320831299 996.639289855957 983.620769500732 982.000171661377 994.092449188232 989.889083862305 986.569763183594 989.992179870605 991.145866394043 1004.17476654053 1015.63745498657 1024.99086761475 1026.40143585205 1026.71307754517 1029.63389587402 1031.39431762695 1032.84192657471 1033.76761245728 1038.33274078369 1039.44868469238 1041.27548217773 1039.82846450806 1028.80223083496 1030.51965332031 1034.33949279785 1039.97336959839 1046.40180969238 1045.59984207153 1040.22492599487 1037.78284072876 1034.92823410034 1025.06764221191 1017.5842628479 1006.57579803467 1004.54289245605 1012.94400405884 1025.88218688965 1035.91675567627 1036.41679000854
930.96741104126 939.266086578369 948.475986480713 957.300975799561 965.333087921143 968.878978729248 973.912063598633 990.541290283203 997.418045043945 996.904777526855 1001.01609039307 994.456172943115 984.021717071533 987.626682281494 1004.60632705688 1013.6381149292 1015.50665664673 1019.28125 1022.74602127075 1032.72611618042 1040.19473648071 1037.43060684204 1033.48929214478 1031.78347396851 1034.66553115845 1045.98681640625 1056.20153045654 1057.58993530273 1050.23485565186 1039.2160949707 1028.05001449585 1033.01642608643 1034.35238647461 1041.18354034424 1043.36135482788 1046.18613433838 1043.91495895386 1047.57331848145 1046.45615005493 1027.1641960144 1013.20920944214 1001.33578109741 1007.22581481934 1020.70654296875 1028.46443557739 1031.95730209351 1035.98401260376 1039.32366943359 1035.39133834839
965.630996704102 973.6994972229 978.749851226807 990.673244476318 1004.34991836548 1009.83966064453 1012.13578033447 1016.9222946167 1022.15243530273 1029.44487380981 1022.22231292725 1006.50277328491 997.330715179443 1004.8134803772 1018.71814727783 1023.7745552063 1020.29706954956 1016.9789390564 1025.669090271 1044.24430084229 1054.00500488281 1055.02837753296 1053.62812042236 1063.83475494385 1069.78831863403 1073.97934341431 1078.61536407471 1079.0121421814 1069.67123031616 1054.20100784302 1039.1588973999 1038.88053512573 1043.42725753784 1047.68623352051 1043.73111343384 1042.85265731812 1047.09641647339 1056.97346115112 1048.5417137146 1031.69104003906 1015.62384796143 1013.90288162231 1015.03388595581 1024.87414169312 1035.71575927734 1042.63386917114 1047.52829360962 1044.350730896 1035.52091598511
1008.91051864624 1014.13067626953 1011.56311035156 1011.24179840088 1008.64312362671 1009.63412857056 1009.5704498291 1000.16262435913 1010.35148239136 1021.30913543701 1025.44707870483 1018.47508621216 1016.10931396484 1018.54467391968 1020.97271347046 1008.18863677979 1003.88290023804 1020.32600784302 1038.02147293091 1050.57733917236 1058.31607818604 1066.46974563599 1071.27257919312 1081.32043457031 1090.60768127441 1091.35958862305 1091.42760467529 1089.79608917236 1080.42442703247 1070.7731590271 1054.60263442993 1037.92497634888 1033.55229949951 1044.69381713867 1056.32837295532 1062.08345031738 1059.48162078857 1059.01689529419 1058.21601104736 1034.19525909424 1013.98463821411 1019.2174987793 1032.25188064575 1038.99949264526 1041.37557601929 1042.02832794189 1046.25110244751 1045.39278030396 1041.06111526489
1003.04755020142 1003.99809646606 992.772117614746 982.839412689209 968.816780090332 967.662101745605 963.821586608887 966.230175018311 983.180377960205 992.818367004395 997.74730682373 1011.75249862671 1021.5438117981 1032.01829910278 1041.6164855957 1036.53532409668 1025.5691986084 1034.5460357666 1038.77569580078 1043.04108428955 1042.7861328125 1054.20029830933 1060.78583145142 1071.67838668823 1082.51427459717 1082.58009338379 1075.86404800415 1072.02557754517 1059.24342727661 1060.5613899231 1057.02338790894 1040.27937698364 1031.69038391113 1033.79805755615 1048.88795471191 1055.48085403442 1049.98595046997 1052.30828857422 1057.14181137085 1027.01281738281 1006.76489257812 1019.9331741333 1034.08530426025 1042.38821411133 1040.04956436157 1029.3828125 1028.57364273071 1032.56554412842 1031.10535430908
979.070835113525 974.318019866943 962.653415679932 964.275688171387 960.678237915039 964.931179046631 954.428249359131 952.74133682251 950.755187988281 962.534568786621 973.456165313721 990.435043334961 1004.60538101196 1022.73670196533 1042.56513595581 1054.42266082764 1055.78221511841 1048.22306060791 1038.80109024048 1041.73432159424 1051.74552154541 1060.7846031189 1066.47369003296 1072.74927139282 1077.89066696167 1085.08898162842 1080.83712768555 1071.58310699463 1072.90742111206 1079.42835617065 1079.82960510254 1066.44649124146 1055.74447250366 1040.49492263794 1040.18811035156 1043.5107460022 1039.51963424683 1045.14479446411 1049.44817352295 1052.31451797485 1049.65942382812 1050.03247451782 1055.5150604248 1055.70080184937 1048.79533004761 1041.77013778687 1033.31319046021 1024.7483253479 1020.09162902832
977.346214294434 977.453693389893 984.129741668701 980.341773986816 972.367168426514 963.987396240234 977.72688293457 983.126758575439 977.13591003418 975.391761779785 980.852161407471 978.564785003662 989.75602722168 998.333854675293 1012.54822158813 1035.15404129028 1055.52713394165 1058.05585479736 1050.39837265015 1052.15166091919 1055.59959030151 1043.21962356567 1037.76161193848 1049.86009979248 1065.19948959351 1072.45590209961 1076.35028076172 1075.14920806885 1069.04243469238 1068.12501907349 1079.05267333984 1080.48633575439 1067.2061882019 1041.00274658203 1040.05674362183 1046.3175163269 1041.78089904785 1044.18315124512 1052.5237197876 1061.63187789917 1061.63715744019 1052.2388420105 1050.93964385986 1056.71551895142 1055.15121841431 1047.99536132812 1033.95428085327 1021.26700973511 1013.73241043091
976.875747680664 977.746417999268 972.947277069092 962.69921875 966.559894561768 970.296356201172 978.607437133789 976.760009765625 983.269908905029 1000.0668258667 992.58385848999 985.755863189697 1000.53183364868 1010.67980957031 1017.30508422852 1026.99840545654 1040.84125900269 1047.48770141602 1043.79901123047 1051.6166343689 1053.62927627563 1050.76230621338 1045.41032791138 1055.22201538086 1065.3652305603 1054.20204162598 1055.98309707642 1074.29877471924 1081.51876831055 1084.28211212158 1087.11998748779 1087.72216033936 1084.56923675537 1072.48304367065 1057.8236618042 1064.157371521 1070.03564834595 1070.46590805054 1070.37620162964 1067.1019744873 1059.01396942139 1049.93808364868 1042.27077484131 1046.02895736694 1045.58176422119 1037.00680541992 1033.03142166138 1031.16759872437 1024.58717346191
963.778961181641 966.182392120361 960.918117523193 958.072303771973 963.039741516113 968.666801452637 974.945640563965 978.948585510254 985.844444274902 992.331798553467 1000.73707580566 1006.3182144165 1006.36977005005 1010.00199890137 1025.05474472046 1036.41836929321 1040.12898635864 1042.59261703491 1045.77574539185 1046.25894546509 1050.91858673096 1057.38114929199 1050.05737686157 1046.02235794067 1060.11002731323 1064.14189147949 1057.15958023071 1051.71466827393 1059.56649017334 1073.40796279907 1068.00191497803 1063.13801956177 1073.75870895386 1078.08696365356 1074.35147094727 1068.28646469116 1071.04775619507 1081.94476699829 1085.79364776611 1068.98958206177 1042.61999130249 1040.19133758545 1040.81750106812 1041.76119995117 1042.31388473511 1039.69385910034 1040.69654846191 1041.02493667603 1040.14123535156
956.945747375488 954.887992858887 947.759231567383 946.414958953857 948.691665649414 951.127353668213 952.122100830078 966.234832763672 970.266826629639 971.129890441895 973.746288299561 979.914772033691 1001.54642868042 1009.92671966553 1018.94423675537 1026.47699737549 1034.94693374634 1040.74863815308 1044.05017089844 1049.70872879028 1048.82537841797 1050.73519134521 1042.70306777954 1039.49955368042 1050.66547775269 1067.19960784912 1062.44288253784 1044.30155944824 1055.98706817627 1064.17901992798 1059.92077636719 1059.32284927368 1064.66347885132 1074.81370162964 1079.34576034546 1082.36995315552 1075.40456008911 1069.46236801147 1072.87995529175 1062.78081512451 1046.94693756104 1044.60284423828 1052.0248374939 1049.94507980347 1043.86503219604 1036.5622177124 1025.04234695435 1025.76852798462 1026.96564865112
957.014919281006 968.948036193848 972.783096313477 969.667617797852 955.996379852295 947.154727935791 950.190113067627 967.213653564453 976.5634765625 983.519580841064 981.996715545654 981.07986831665 990.745018005371 991.761627197266 992.08695602417 1012.03478622437 1029.40225982666 1038.13513946533 1036.88064575195 1041.91938781738 1048.89027404785 1053.09167480469 1053.32285308838 1050.26079177856 1054.18742752075 1061.20811080933 1067.91681671143 1067.26464080811 1069.06950378418 1069.46036529541 1063.31295776367 1070.47703552246 1072.97902297974 1071.83911132812 1070.21340942383 1075.78014755249 1074.93183135986 1069.81015396118 1068.36345291138 1062.56248474121 1052.19058990479 1047.8948135376 1054.6741104126 1055.41691970825 1041.40406417847 1022.10701370239 1009.30128479004 1006.25004959106 1010.95879745483
