data/train_2003/bio5_avg_2003-2018.asc
NCOLS 664 
NROWS 380 
XLLCORNER 3.91666666666667 
YLLCORNER 55.3333333333333 
CELLSIZE 0.0416666666666666 
NODATA_value -9999 
[rows 242 to 263 of 380, columns 98 to 146 of 664]
14.151514172554 12.7831667661667 13.0300692915916 13.144599378109 11.4658764004707 11.9516530036926 13.5746698379517 13.4062312841415 12.9224002361298 13.218818128109 14.0644867420197 13.9051549434662 14.8673236370087 15.8127421736717 16.7951610684395 15.1448290944099 14.9852477908134 16.5111656785011 17.0001300573349 17.070140004158 17.0493995547295 17.2999104261398 17.7676703333855 19.9226793050766 20.2259392738342 18.7449502944946 19.7879593372345 20.0032198429108 18.8087304830551 17.5847398638725 17.1747174263 17.5071611404419 18.1273564100266 18.0673024058342 17.8702465295792 17.8681921958923 18.285637319088 18.0055811405182 17.6100263595581 17.0902213454247 17.0149164795876 16.9188610911369 16.6137566566467 16.6508533358574 17.5774502158165 18.2612953186035 18.8066419363022 18.4412375688553 19.1403347253799
14.8521332144737 14.3728849887848 14.751637160778 14.2718898653984 13.3033922314644 13.2816445231438 13.650478541851 15.2198342680931 12.9585431218147 12.5077515244484 12.1504604816437 12.5311697721481 12.8508786559105 15.2238376140594 15.6755464673042 15.2455055713654 15.8567144274712 16.3099234104156 17.4566757678986 17.075222492218 17.5842678546906 17.9448145031929 17.34386074543 17.1846567392349 19.2307031154633 20.4999980926514 19.2752950191498 18.6650910377502 19.9276373386383 18.9279334545135 18.0760139226913 17.9476315975189 17.5274996161461 17.1503660082817 17.2357329130173 18.235600233078 18.8872172832489 18.9430842399597 17.8884517550468 17.7908187508583 17.9356854557991 18.2025533914566 18.2850527763367 18.7041844129562 19.0708159208298 19.0546967983246 19.4118280410767 19.6804608106613 19.9468418359756
13.3000021576881 13.6033536791801 13.4964562058449 14.7695572972298 13.6696598529816 13.7052611708641 14.2014367580414 15.1071869134903 16.0119359493256 14.3999351859093 14.8796848654747 14.6461842656136 14.6529335379601 15.3779332637787 16.5361825227737 15.813182592392 14.2529313564301 15.5169309973717 17.4534714221954 16.5615542531013 16.3221364617348 17.3607190847397 17.5065504908562 17.5058826804161 17.5739659667015 18.170797765255 19.7033798694611 19.7589631080627 20.0847952365875 20.7208768129349 20.2005622386932 19.1853523254395 17.6536417007446 17.20318120718 17.2264695763588 17.9582598209381 18.7180486917496 19.7335869073868 19.7806272506714 18.4156658649445 18.2467060089111 18.2929943799973 18.2878477573395 18.5327643156052 18.9536819458008 19.0880979299545 19.3485149145126 19.4029315710068 20.012349486351
12.5141445994377 13.3785730004311 13.8492736816406 14.3364751338959 14.8551767468452 15.1091279387474 15.6789985895157 15.5095384716988 15.9803290367126 16.5663689374924 16.2311583757401 15.1406989097595 14.2937388420105 13.8652783036232 14.0768185257912 15.7291090488434 16.8823980689049 17.110688328743 17.4095171689987 17.6876365542412 17.523755133152 17.5058741569519 17.3242415189743 17.3088604211807 17.0194783806801 16.8108466267586 17.1897155642509 17.5890845656395 17.7057021856308 18.0805706977844 19.0506106615067 21.1403217315674 20.5612833499908 19.3887457847595 17.6864565014839 17.167917907238 17.5743789672852 18.4068409204483 20.264301776886 19.0490130186081 18.1167247891426 18.5669367313385 18.8318934440613 18.5835946798325 18.5537984371185 18.801499247551 19.4007014036179 19.7614040374756 20.2336069345474
10.7322696447372 11.6194101572037 12.3805502057076 12.9471904635429 13.4244439601898 15.2212454676628 15.515310883522 15.7266414165497 15.3764718770981 16.2243023514748 17.5488828420639 16.6517128944397 15.3992933034897 15.2128741145134 13.6094548106194 13.4745355844498 14.8891159892082 16.7299461364746 17.0065633058548 17.3114679455757 17.7961224913597 17.8080279827118 17.8106820583344 17.9510871767998 17.7669914960861 17.5411459803581 17.402549803257 17.3382049202919 17.3518602252007 17.7837648391724 18.4959087371826 18.1320420503616 18.1899266839027 19.8270585536957 20.3016934394836 19.0490771532059 18.1432103514671 18.4895933866501 19.79172706604 20.8458604812622 19.8682452440262 19.0973777770996 19.3524383306503 19.7194257974625 19.1951636075974 18.6489020586014 18.6926380395889 19.0711262226105 20.4138631820679
12.5838949084282 12.9158764481544 13.1616606712341 14.0408109426498 14.234961271286 14.1933616995811 14.9218726158142 15.2909939885139 15.8598647117615 16.631985783577 16.3821064829826 16.4777279496193 17.1508485078812 18.6539696455002 18.2050913572311 17.7067120671272 17.7723324298859 18.11795347929 17.8446097970009 17.3455495238304 17.5472409129143 17.6096805930138 17.8188719153404 18.1368128657341 18.1142546534538 17.9904448390007 18.3028860092163 18.4015771150589 18.3520170450211 18.2227086424828 18.3234566450119 17.6607621908188 17.2963183522224 17.8578736186028 18.5941799879074 20.4132360219955 20.2430419921875 19.3143459558487 19.3871520757675 19.5119578838348 20.3862636089325 21.391569018364 19.7024844884872 20.0610066652298 21.3587803840637 20.7355524301529 20.7918258905411 20.9938478469849 21.6371210813522
14.3539789319038 13.5497288107872 12.6446647644043 12.363986313343 13.124728679657 13.8619793057442 14.3629347681999 15.3460965156555 15.5212578177452 15.2136691212654 14.9793304800987 14.8002419471741 14.9436538219452 15.412064909935 16.8514764904976 19.1871371269226 18.9457993507385 18.5287101268768 18.0899054408073 17.6898828744888 17.3396088480949 16.7775857448578 16.9433127641678 17.8927906751633 18.3732669353485 18.5312438011169 18.5084708929062 18.1871979832649 17.6939253807068 17.3701514601707 17.127254486084 17.369232416153 17.6074605584145 17.8509380221367 18.4594159126282 18.900394320488 20.1776223182678 21.4430999755859 19.4428280591965 19.0255551338196 18.9137839078903 20.0827618837357 20.5632796287537 20.0320873260498 20.0721460580826 20.243453502655 20.1230118274689 20.3693196773529 20.9888788461685
15.3350987434387 15.0654480457306 14.1520472764969 12.9661473631859 12.4369960427284 12.4983456134796 13.1139965057373 14.0819487571716 15.353400349617 14.822602391243 14.8513043522835 15.1755066514015 15.8282086253166 16.0044104456902 16.3398623466492 16.9585645198822 17.678016602993 18.6087183952332 19.4134511947632 19.3464651107788 18.8269772529602 18.3084906339645 18.2540041208267 18.6865174770355 18.669529914856 18.2867925167084 17.7073053717613 16.9250695705414 16.3635830283165 16.6320957541466 16.9745525717735 17.3327031135559 17.3636027574539 17.5357518196106 18.1099025607109 18.5313028097153 18.765952706337 19.6056025028229 20.828253030777 21.405402302742 20.7560529708862 20.0622026920319 19.4293246269226 19.1214172840118 19.4437617063522 19.4758551120758 19.5506985187531 19.762792468071 19.9196360111237
15.5481453537941 15.5299149751663 15.5681840777397 15.5682032704353 15.8182227611542 15.6784917712212 15.7123644351959 15.9193400740623 16.126816213131 16.5237919092178 16.8765180110931 16.9557437300682 17.1632199883461 17.517695069313 17.4269218444824 17.4458976387978 17.3903738260269 17.5613486170769 17.7503973841667 18.0007693767548 18.8181405067444 20.3820123672485 19.6353843212128 19.8097561597824 19.3188769817352 18.5067483186722 17.6746214032173 17.506242454052 17.3496139645576 17.2509856820107 17.2917117476463 17.4015430212021 17.949874818325 18.371705532074 18.6400372982025 18.9186198711395 19.0104500055313 18.9697813987732 19.0888636112213 19.5314453840256 21.5070247650146 20.9698567390442 20.3138546943665 20.2500193119049 19.5004324913025 19.4985961914062 19.4835112094879 19.3866750001907 19.4255881309509
15.9953716397285 15.4388807415962 15.4138898849487 15.70064920187 16.1536580920219 16.5041674375534 16.7795384526253 17.0550211071968 17.3000041842461 17.2669871449471 17.313720703125 17.7657034397125 18.3089371919632 17.7286705970764 18.2834033966064 18.6266359090805 18.7556194067001 19.0468527078629 19.4882447719574 20.1190475225449 20.4648493528366 20.6616524457932 20.5137059688568 20.3585076332092 21.8130595684052 18.9611122608185 18.9864152669907 18.0402182936668 17.4257690310478 17.2923220992088 17.6464847326279 18.1787559986115 18.452028632164 18.4590495824814 18.3658208847046 18.3228440284729 18.3638652563095 18.7013872861862 19.3886581659317 19.8471797704697 20.6267020702362 22.0837234258652 20.5826202630997 20.1888898611069 21.1226588487625 20.7124277353287 20.5006973743439 20.497967004776 19.8874875307083
16.7923477292061 16.7190964818001 16.401595890522 16.439094722271 16.2138432264328 16.1118421554565 16.3174620866776 16.5802017450333 16.7814428210258 16.9766830205917 17.2896727919579 17.4411633014679 18.2959046363831 19.6196444034576 19.956133723259 19.9748740196228 19.957615852356 19.5476061105728 19.8483424186707 19.1420753002167 18.1208094358444 18.0930428504944 18.6852760314941 19.5745096206665 21.2207428216934 21.453476190567 19.8824592828751 18.7319424152374 18.0031755566597 17.7161591649055 17.8990079164505 18.3439697027206 18.5264314413071 18.0756438970566 17.7638559937477 17.8373183012009 18.1875301599503 18.5857427120209 19.2669534683228 19.7319158315659 19.9921284914017 21.036340713501 21.2476346492767 21.1752592325211 21.3608845472336 22.2067586183548 21.8836340904236 21.8095103502274 20.3266340494156
15.0528231263161 16.0605623722076 16.5678009986877 16.9732891321182 17.0367782711983 17.2082668542862 17.6761362552643 18.4536334276199 17.9736311435699 17.0913780927658 17.8776260614395 18.9018740653992 18.7471208572388 18.0296192169189 17.6321169734001 17.5666137933731 17.5118610262871 17.3033591508865 17.3269400000572 17.4423533082008 17.7447680830956 18.1246826052666 18.097346842289 18.2120106220245 18.8176758289337 22.0603382587433 20.6315034627914 20.7589166164398 19.355831861496 18.324246764183 17.8345293402672 17.5519325733185 17.8023343086243 18.8347361087799 18.4228897094727 17.8200419545174 18.056944668293 18.0668469667435 18.6962496042252 19.2549016475677 20.0893044471741 20.8617066144943 19.4941493272781 19.5973790884018 19.9866104125977 21.3413408994675 21.8750712871552 22.4348021745682 20.2432837486267
11.8565490841866 14.3342776894569 15.1982562541962 15.9622348546982 16.4934639334679 17.1011922955513 17.8125591278076 17.7130648493767 17.4168193936348 18.0620734095573 17.9793276786804 17.4475838541985 17.0665884017944 16.7175932526588 17.0413480401039 16.9728528261185 16.6881073117256 17.0603623986244 17.4622869491577 17.5746315121651 17.6512266993523 17.7905721068382 18.7861669063568 19.7557619810104 20.0791066884995 20.4209530353546 22.3402979373932 22.210893034935 20.685487985611 18.1528334021568 17.4835512042046 17.4863940477371 17.7542367577553 19.3608298301697 18.6489228010178 17.7202661633492 17.9691087603569 18.1169520616531 18.1367945075035 18.1903874278069 19.847230553627 21.3433239459991 20.4301629066467 20.5462486743927 21.2238358259201 21.7351716756821 22.276259303093 22.692844748497 21.7386816740036
15.4260251522064 15.570993244648 16.4229618906975 17.1384308338165 17.2858993411064 17.3098672032356 16.6787331104279 16.5332453250885 16.6622571349144 17.050519824028 17.125530898571 17.277043223381 17.1750553250313 17.1315673589706 16.9753289818764 17.0513418912888 17.2671031355858 17.4893648028374 17.5761349201202 17.8986597657204 18.3111863136292 18.6707125902176 18.3002371788025 18.1895142793655 18.0402896404266 17.4343157410622 18.7273408174515 21.9268673658371 21.4141433238983 18.4781684875488 17.8605737686157 17.5173561573029 17.896389901638 18.4759244918823 18.9862067699432 19.5439901351929 19.6217731237411 18.9123073816299 18.6123405694962 18.8268740177155 19.9011565446854 19.234940290451 20.2454272508621 20.6498694419861 18.8898115158081 19.9312541484833 20.6344454288483 21.5851376056671 21.8640803098679
15.6240004897118 15.66695946455 15.557917714119 15.9566262364388 16.7740840911865 17.2765429019928 17.4789065718651 17.1601759195328 16.920945584774 17.2327147126198 17.6382340192795 18.0985026955605 18.1265219449997 18.339542388916 17.488810300827 17.6548307538033 17.7193489074707 17.9126190543175 17.9984819889069 18.3381887674332 18.1191453933716 17.4398519992828 16.9848082065582 17.1155154705048 17.3544720411301 17.5664284825325 17.8216356039047 19.3115915060043 21.9957993030548 21.9885054826736 20.1285969018936 18.4013205766678 18.459544301033 19.3040171861649 19.9947401285172 19.233963727951 18.691437959671 17.8134124875069 16.8361358046532 17.2001091241837 17.4390825629234 17.2305569052696 17.2094427347183 19.6087394952774 18.1882879734039 18.2968353033066 19.2966327667236 20.5246812105179 22.2574790716171
15.3299769163132 15.4561745524406 15.5103727579117 15.8503212928772 16.0480200052261 16.2777184844017 16.2383303642273 16.4681069850922 17.1268833875656 17.3196600079536 16.8406868577003 17.0792135000229 17.6194892525673 18.0857661962509 18.5062928199768 18.3923192024231 18.0953456759453 18.7083716392517 18.9365792274475 18.9209661483765 18.5741038322449 17.320491194725 16.7903791069984 16.752267062664 16.5934043526649 16.8075419068336 17.8009305000305 18.3725670576096 19.6432045698166 18.6363425254822 20.7703686952591 21.9965320825577 21.5794460773468 21.9773598909378 22.4557747840881 21.8636881113052 19.576602935791 19.2360178232193 19.7854317426682 19.3193452358246 18.5912588834763 18.5156728029251 19.0442069768906 19.6961107254028 20.1055136919022 19.3804165124893 19.4383192062378 19.9784730672836 21.5128755569458
15.4837023019791 15.6823908090591 16.0548288822174 16.2150169610977 16.1342049241066 16.2216433882713 16.4695039391518 16.8217882514 17.2718220353127 17.4428563117981 17.4456397294998 17.4944232106209 17.6632069945335 17.4649897813797 17.4237736463547 17.5510574579239 17.4733412861824 17.6631256341934 17.1976759433746 17.5399944186211 19.1045624017715 18.1556314229965 17.4216997027397 17.6000182032585 17.1318371295929 16.5104051828384 16.5919734835625 17.2265416383743 18.6383601427078 18.4656784534454 18.9353904724121 19.3857451677322 19.678599357605 20.1632040739059 19.4275580644608 21.3951636552811 22.1695169210434 22.2646217346191 21.9367269277573 21.5578303337097 21.4611854553223 21.0892899036407 21.0469712018967 21.1699806451797 20.5517394542694 19.468998670578 19.1420069932938 18.9465162754059 20.5160245895386
15.5516777634621 16.2483558654785 16.723284304142 16.2682123184204 16.1023901104927 16.0515683889389 15.9529282450676 16.2094690203667 16.5445100069046 17.0670509934425 16.690092086792 16.9213828444481 16.9071739315987 16.362214922905 16.3625051379204 16.5455468297005 16.7525871992111 17.9621279239655 17.8390241265297 17.3015236854553 18.5065215826035 18.4000211954117 17.8200213909149 17.7852700948715 18.0040192604065 17.5250183343887 17.4857678413391 17.3647674918175 18.4265161752701 17.8260149359703 17.9226626157761 18.3617069721222 17.0262526273727 17.3825485706329 18.3500916957855 18.653636932373 20.2534322738647 21.0662271976471 22.6522724628448 22.1513170003891 20.6033618450165 20.6024069786072 20.3277359008789 21.5651012659073 21.3024644851685 20.7613298892975 20.1581937074661 19.1318086385727 19.8036726713181
15.8449040651321 15.8263213038445 15.8962396383286 16.0099074840546 16.0538258552551 16.0807439088821 16.3298518657684 16.6296495199203 16.7731984257698 16.9659957289696 17.4300448298454 17.607593357563 18.299390912056 17.0194391608238 15.9787369966507 16.1167851686478 16.5873336791992 17.3706311583519 17.8086209893227 19.4055504798889 18.1909811496735 17.8326604962349 18.5065916776657 18.6277710199356 18.4869517087936 17.8083822727203 17.4468113780022 17.7374926805496 18.7349227666855 18.7206017971039 18.2734344005585 17.8546701073647 17.4056552052498 16.3011408448219 16.7673764228821 17.7436113357544 18.9993473291397 19.6413321495056 21.228816986084 22.7895525693893 20.8675383329391 21.3980230093002 21.1185003519058 21.2039707899094 22.168940782547 22.0819112062454 21.3383812904358 21.4151006937027 20.8733217716217
15.7691295146942 15.7910375595093 15.5749452710152 15.8996029496193 15.8862612247467 15.8636689186096 15.8895258307457 16.2798305153847 16.0936360955238 15.7534416913986 16.267497420311 16.7815524339676 16.5726078152657 18.0091632008553 18.1047196388245 18.1597744822502 18.6503301858902 19.460884809494 19.7607185840607 19.8888286352158 20.213439822197 19.8923012018204 19.8434119224548 20.6092730760574 19.2856332063675 18.7992452383041 18.3263561725616 18.1017167568207 17.94282746315 19.1491894721985 20.2637076377869 19.0371325016022 19.230308175087 18.6989852190018 17.3156594634056 16.5385854244232 17.778010904789 20.1869376897812 21.6493625640869 22.5557888746262 21.8022137880325 20.9536391496658 22.1032649278641 21.9935913085938 21.8466664552689 21.9159927368164 22.5468176603317 21.7681440114975 21.8294694423676
15.1545205712318 15.2296608686447 15.7020505666733 16.0399401187897 15.8248298764229 16.0994693040848 15.8795430064201 16.0795505046844 16.2385583519936 16.35706615448 16.3073242306709 16.8948310017586 17.0380890965462 16.9160971045494 16.9353550076485 17.1513625979424 17.2053700089455 17.3008781075478 17.7754961252213 18.848726272583 18.7812072038651 18.2026876211166 17.9156678318977 20.5526481866837 20.8451290130615 19.2416093349457 19.1563396453857 18.7825692892075 18.6318000555038 19.1832801103592 19.9882719516754 20.4347763061523 22.1140316724777 20.8157846927643 19.4405388832092 18.8727935552597 18.6217978000641 19.7193022966385 22.9355558156967 21.7848103046417 21.0000656843185 21.093318939209 22.3005881309509 22.3858745098114 22.5546592473984 22.3656947612762 22.7377299070358 22.4707646369934 22.4220496416092
15.0402750968933 15.4649411439896 15.8285546302795 16.329418182373 16.073282122612 15.8384093046188 15.4594238996506 15.4823103547096 15.6832146048546 16.0026199221611 16.0750251412392 16.358179807663 16.0823348164558 16.1064902544022 16.0841444134712 15.6540496349335 15.7042044401169 15.7966091632843 16.5069561004639 17.0322449207306 17.670282304287 17.9965711236 17.753358900547 20.7318977117538 20.9414347410202 19.1754742860794 20.0625114440918 19.1788004636765 18.8865880966187 18.869376540184 18.6871309280396 19.0883519649506 21.0998221635818 22.5987939834595 21.1325155496597 20.6852362155914 20.6564564704895 21.5524270534515 22.9188991785049 21.435369849205 21.3513400554657 22.2730611562729 22.5279716253281 22.1783204078674 21.553417801857 20.4822676181793 20.9536153078079 21.7024641036987 21.419562458992
