data/train_2003/bio5_avg_2003-2018.asc
NCOLS 664 
NROWS 380 
XLLCORNER 3.91666666666667 
YLLCORNER 55.3333333333333 
CELLSIZE 0.0416666666666666 
NODATA_value -9999 
[rows 286 to 307 of 380, columns 196 to 244 of 664]
22.2815561294556 22.5646704435349 22.5635319948196 22.5586451292038 22.6861107349396 22.5574330091476 22.6660023927689 22.633323431015 22.3621447086334 22.431964635849 22.5155365467072 22.6486061811447 22.8426768779755 22.6267490386963 22.9010692834854 23.1716396808624 23.159748673439 23.2028976678848 22.9670453071594 22.8209445476532 22.7923413515091 22.8377400636673 22.9518895149231 22.7865368127823 22.7246860265732 22.6388337612152 22.4249827861786 22.3698799610138 22.3575868606567 22.3521014451981 22.3351155519485 22.3381304740906 22.3451458215714 22.3466604948044 22.3754252195358 22.3859407901764 22.3667051792145 22.3447196483612 22.3522336483002 22.3644989728928 22.3708235025406 22.3879607915878 22.3943467140198 22.3959827423096 22.3983688354492 22.4082560539246 22.4301409721375 22.4505273103714 22.6109144687653
22.551290512085 22.4743446111679 22.4976480007172 22.5909512042999 22.5853210687637 22.5610058307648 22.5781910419464 22.4456243515015 22.268558382988 22.1034932136536 22.7316778898239 22.869112610817 22.8447964191437 22.6634805202484 22.7314158678055 22.9153490066528 23.0089945793152 23.0988496541977 23.0882037878036 22.9728090763092 22.8919132947922 22.9710181951523 23.0493731498718 22.8687267303467 22.7170807123184 22.5836862325668 22.3710401058197 22.3071442842484 22.2779375314713 22.2896696329117 22.3219021558762 22.3341332674026 22.3296151161194 22.328596830368 22.3339406251907 22.3289276361465 22.3240419626236 22.3195239305496 22.3150056600571 22.3084878921509 22.2969390153885 22.322963476181 22.3283598423004 22.3292561769485 22.3321522474289 22.3350489139557 22.3356951475143 22.3973960876465 22.5728189945221
22.40902531147 22.5152699947357 22.4610153436661 22.510259270668 22.4720305204391 22.2993289232254 22.5078773498535 22.3291752338409 22.2639739513397 22.3907715082169 22.4853200912476 22.4668675661087 22.603915810585 22.7114638090134 22.6815119981766 22.7598104476929 22.8879904747009 23.0248011350632 22.9746122360229 23.0151726007462 23.1552340984344 23.1027956008911 23.0116058588028 22.9229159355164 22.8704771995544 22.6202876567841 22.3983490467072 22.2646589279175 22.2517893314362 22.2474882602692 22.242937207222 22.2639670372009 22.2614728212357 22.2567290067673 22.2542345523834 22.2522401809692 22.2449967861176 22.2402530908585 22.2387589216232 22.2320151329041 22.2303333282471 22.2344633340836 22.2554664611816 22.2580397129059 22.2771129608154 22.2961858510971 22.3916156291962 22.5567643642426 22.7302236557007
22.3007595539093 22.442946434021 22.6026307344437 22.2665678262711 22.4607411623001 22.2344027757645 22.3938149213791 22.2244770526886 22.2371382713318 22.1343001127243 22.2192120552063 22.3933728933334 22.5327860116959 22.8079471588135 22.9073593616486 22.8770219087601 22.8892358541489 22.9987528324127 22.9980208873749 23.0442876815796 23.1698042154312 23.084321975708 22.990838766098 22.9788566827774 22.8271224498749 22.6818910837173 22.4729075431824 22.3186756372452 22.2516412734985 22.2448070049286 22.2422225475311 22.2499533891678 22.2447285652161 22.239003777504 22.2340289354324 22.2315540313721 22.2418293952942 22.2381045818329 22.2336297035217 22.2304047346115 22.2288496494293 22.2309643030167 22.2492272853851 22.2574821710587 22.2479875087738 22.3566725254059 22.600639462471 22.7958825826645 22.9206284284592
22.3199939727783 22.4768711328506 22.5477473735809 22.2293744087219 22.3837006092072 22.3864758014679 22.2480008602142 22.2590273618698 22.2538031339645 22.1485788822174 22.2783532142639 22.3496291637421 22.6061552762985 22.8496806621552 23.0209566354752 23.003732085228 22.8969815969467 22.9197041988373 22.8731781244278 22.7984013557434 22.8678756952286 22.944849729538 22.9710733890533 23.0117964744568 22.9245189428329 22.8472430706024 22.6619670391083 22.4246898889542 22.2589921951294 22.2441259622574 22.2501462697983 22.2484402656555 22.2419846057892 22.2377792596817 22.227573633194 22.2136170864105 22.2124116420746 22.2109566926956 22.2005990743637 22.2006299495697 22.2146157026291 22.2184653282166 22.2497380971909 22.2614245414734 22.2510097026825 22.452690243721 22.7309702634811 22.8602514266968 22.8992829322815
22.2072287797928 22.3135467767715 22.431614279747 22.3909314870834 22.4386601448059 22.5292987823486 22.3049393892288 22.1880773305893 22.1089681386948 22.4163566827774 22.4422456026077 22.5141351222992 22.6620237827301 22.7919135093689 22.8585522174835 22.7319419384003 22.6084760427475 22.5459059476852 22.5008369684219 22.4492659568787 22.4974460601807 22.5921264886856 22.6853051185608 22.7999863624573 22.8884160518646 22.9118455648422 22.7820250988007 22.548955321312 22.2773448228836 22.1725513935089 22.1861153841019 22.1896784305573 22.1757425069809 22.1695547103882 22.1561183929443 22.151682138443 22.1477456092834 22.1505588293076 22.1626132726669 22.1586718559265 22.1582610607147 22.1626304388046 22.1967486143112 22.2396174669266 22.2662361860275 22.3990459442139 22.6173034906387 22.8006191253662 22.8201866149902
22.2474628686905 22.0827220678329 22.3354799747467 22.4022396802902 22.5751194953918 22.4781223535538 22.0516254901886 22.1338781118393 22.3906309604645 22.5766342878342 22.4726382493973 22.5596407651901 22.8156431913376 22.7443958520889 22.5001504421234 22.3131343126297 22.2713230848312 22.2748059034348 22.276038646698 22.2802715301514 22.2840040922165 22.3089020252228 22.3582884073257 22.4541751146317 22.6748121976852 22.7881968021393 22.8278340101242 22.6639695167542 22.3166961669922 22.1445010900497 22.1428328752518 22.1511660814285 22.1474982500076 22.1528308391571 22.1546632051468 22.1514956951141 22.1490780115128 22.1496605873108 22.1666269302368 22.1634638309479 22.1621576547623 22.1672087907791 22.1935099363327 22.2048100233078 22.2728608846664 22.3134121894836 22.384549498558 22.6168657541275 22.7258424758911
22.1391965150833 22.1903969049454 22.2613458633423 22.2855463027954 22.2915803194046 22.3084461688995 22.1223127841949 22.2119289636612 22.3160458803177 22.5224125385284 22.5635296106339 22.4661457538605 22.6695129871368 22.5661300420761 22.2758311033249 22.1837213039398 22.1951553821564 22.2048847675323 22.2116143703461 22.2183440923691 22.2263238430023 22.2378033399582 22.2807834148407 22.3238650560379 22.4394569396973 22.5867997407913 22.7226428985596 22.6284849643707 22.326297044754 22.1041997671127 22.0788009166718 22.1174029111862 22.1332538127899 22.1533558368683 22.1559575796127 22.1525586843491 22.1491603851318 22.1557765007019 22.1703908443451 22.1682556867599 22.1670541763306 22.1865376234055 22.203270316124 22.2547526359558 22.2962355613708 22.3394689559937 22.3919514417648 22.4542716741562 22.6409966945648
21.9669317007065 22.1360720396042 22.2379631996155 21.9743540287018 21.7615382671356 22.0062702894211 22.2952493429184 22.3674800395966 22.4462102651596 22.5459409952164 22.6586709022522 22.5769013166428 22.5481318235397 22.3553620576859 22.1249217987061 22.089307308197 22.102237701416 22.131214261055 22.1449402570724 22.1386680603027 22.1468939781189 22.1618701219559 22.1778472661972 22.1990730762482 22.2228538990021 22.278901219368 22.3819506168365 22.4502503871918 22.2417780160904 22.0803990364075 22.0780191421509 22.0748896598816 22.0850098133087 22.1568818092346 22.1635018587112 22.160372376442 22.160493016243 22.1696132421494 22.2031545639038 22.2070466279984 22.2102000713348 22.2413650751114 22.2735308408737 22.3411957025528 22.3613599538803 22.3892757892609 22.3749407529831 22.4824268817902 22.6224610805511
21.8349158763885 21.8819981813431 22.0043292045593 21.7981609106064 21.6794981956482 21.7970933914185 22.0359374284744 22.2872803211212 22.4696263074875 22.4829695224762 22.5488128662109 22.5289080142975 22.3925012350082 22.1376321315765 22.0092631578445 22.0083932876587 22.0435703992844 22.0805432796478 22.0902664661407 22.0997399091721 22.1094634532928 22.1186866760254 22.1294099092484 22.1401332616806 22.1506065130234 22.1628295183182 22.1888030767441 22.2207751274109 22.1174572706223 22.0213873386383 22.0652365684509 22.0783767700195 22.1137667894363 22.1479072570801 22.1710460186005 22.1716856956482 22.1795753240585 22.2519642114639 22.3108543157578 22.3774945735931 22.3961983919144 22.4041942358017 22.4457364082336 22.4998888969421 22.4504852294922 22.4783329963684 22.5283117294312 22.6005810499191 22.6143510341644
21.8726509809494 21.983173251152 21.8436950445175 21.793218255043 21.695458650589 21.773916721344 21.9786249399185 22.1953320503235 22.4317897558212 22.4307477474213 22.3102052211761 22.179976940155 22.0633531808853 21.9304778575897 21.9203532934189 21.9627289772034 21.98040163517 21.9976210594177 22.0173424482346 22.0485620498657 22.0945324897766 22.1092524528503 22.1219726800919 22.132692694664 22.1426631212234 22.1533826589584 22.150852560997 22.1430734395981 22.079637169838 22.040296792984 22.0787049531937 22.0828638076782 22.0835226774216 22.0869309902191 22.1403398513794 22.179749250412 22.1834079027176 22.2315657138824 22.3329739570618 22.5128843784332 22.6742154359818 22.6604678630829 22.6264712810516 22.5899738073349 22.6294776201248 22.7389798164368 22.7767322063446 22.7904849052429 22.7469888925552
22.0271353721619 22.0848489999771 21.8798127174377 21.8472756147385 21.7289172410965 21.7934898138046 22.0015616416931 22.2958825826645 22.4329551458359 22.3290255069733 22.1352115869522 21.8703325986862 21.8162031173706 21.8400738239288 21.8646936416626 21.8680638074875 21.9129832983017 21.9629505872726 21.9721665382385 21.9821337461472 22.0096012353897 22.0743188858032 22.1097851991653 22.1252520084381 22.1404690742493 22.1451864242554 22.1006523370743 22.0731195211411 22.0738168954849 22.0682451725006 22.0779229402542 22.0836008787155 22.0862789154053 22.0839567184448 22.1347944736481 22.1848126649857 22.2032449245453 22.2324707508087 22.2955949306488 22.422022819519 22.5904811620712 22.7077187299728 22.6802067756653 22.6376932859421 22.809929728508 22.9109169244766 22.7309033870697 22.8386406898499 22.809628367424
22.0871098041534 21.9821972846985 21.6109826564789 21.7185174226761 21.8537603616714 21.8582118749619 22.050662279129 22.3418629169464 22.4783140420914 22.350715637207 21.9921652078629 21.7226146459579 21.7385636568069 21.7592636346817 21.7944633960724 21.8319134712219 21.8603143692017 21.8776662349701 21.9232687950134 21.9728714227676 21.9949734210968 22.0160758495331 22.040927529335 22.1172806024551 22.1476322412491 22.2114841938019 22.2180868387222 22.1449390649796 22.0752810239792 22.064363360405 22.077445268631 22.0837773084641 22.0818593502045 22.0864410400391 22.1461545228958 22.1831053495407 22.2209987640381 22.2832683324814 22.3455998897552 22.4561829566956 22.5665820837021 22.6763001680374 22.6515176296234 22.7072342634201 22.893700838089 22.7956669330597 22.845384478569 22.9768528938293 22.9853200912476
21.9713144302368 21.5949716567993 21.4639586210251 21.5746946334839 21.8402354717255 22.0603318214417 22.2699258327484 22.4282720088959 22.5452334880829 22.4458466768265 22.016709446907 21.7293232679367 21.6776860952377 21.715799331665 21.7456623315811 21.7520258426666 21.7806457281113 21.8542722463608 21.8773974180222 21.952773809433 21.9951499700546 22.0092757940292 22.0599020719528 22.165277838707 22.3753510713577 22.5444869995117 22.5333716869354 22.3327550888062 22.1007804870605 22.0569008588791 22.0675221681595 22.0728930234909 22.0770139694214 22.1333847045898 22.1965065002441 22.2883764505386 22.4132479429245 22.4726189374924 22.5129909515381 22.5241113901138 22.6777679920197 22.9759614467621 22.972155213356 22.8285967111588 22.7690404653549 22.6587338447571 22.6264270544052 22.7943700551987 22.9548134803772
21.7142674922943 21.446108341217 21.3986839056015 21.5886207818985 21.9939609766006 22.2273713350296 22.3401494026184 22.4074258804321 22.4509531259537 22.4379786252975 22.319505572319 22.1435310840607 21.9413087368011 21.8045853376389 21.7041122913361 21.6901385784149 21.7492271661758 21.8023766279221 21.872526049614 21.908425450325 21.9885761737823 22.0312254428864 22.1413760185242 22.3692992925644 22.6797608137131 22.8349707126617 22.7429314851761 22.3661236763 22.077028632164 22.0461887121201 22.0595988035202 22.067008972168 22.1454195976257 22.2453289031982 22.4314885139465 22.5723996162415 22.6425586938858 22.7519692182541 22.8018797636032 22.6805396080017 22.6528462171555 22.8533724546432 22.9805428981781 22.9344618320465 22.827379822731 22.6673003435135 22.6504690647125 22.8261379003525 22.8938064575195
21.6344712972641 21.5120705366135 21.5849174261093 21.9575152397156 22.1486591100693 22.2770990133286 22.3672889471054 22.3879806995392 22.3679205179214 22.4093613624573 22.448301076889 22.2919909954071 21.9789310693741 21.7011212110519 21.6093108654022 21.6435008049011 21.7175574302673 21.7882308959961 21.8644051551819 21.941578745842 21.9767520427704 22.1311752796173 22.4453464746475 22.6838814020157 22.8234180212021 22.7987049818039 22.5237411260605 22.1364654302597 22.0237768888474 22.0424762964249 21.9901756048203 21.7967023849487 22.16563975811 22.6360223293304 22.714471578598 22.7611711025238 22.8023693561554 22.7073193788528 22.5777691602707 22.404952287674 22.5195254087448 22.7552844285965 22.9064294099808 22.8708251714706 22.8649698495865 22.8678652048111 22.9127600193024 22.9319056272507 22.8985834121704
21.5939267873764 21.7065329551697 21.9588879346848 22.1354931592941 22.2044734954834 22.2930768728256 22.3899308443069 22.3932847976685 22.3683886528015 22.35074198246 22.2328461408615 21.9401986598969 21.6390537023544 21.5119063854218 21.5290114879608 21.603364109993 21.6643888950348 21.7585858106613 21.8522835969925 21.9627307653427 22.028928399086 22.3463745117188 22.792852640152 22.9432697296143 22.9444659948349 22.6636627912521 22.2783601284027 21.9945578575134 22.0007753372192 22.0732645988464 22.0671901702881 22.2576780319214 22.6634789705276 22.869216799736 22.8682047128677 22.8331936597824 22.7454305887222 22.4979199171066 22.3483448028564 22.3713330030441 22.5778262615204 22.8106964826584 22.8678170442581 22.8716896772385 22.8825602531433 22.9854317903519 23.0400527715683 22.9039232730865 22.82479429245
21.7921307086945 21.893745303154 22.0756092071533 22.1784720420837 22.2640373706818 22.3028057813644 22.3115723133087 22.3115899562836 22.2006059885025 22.0323733091354 21.8166407346725 21.5474078655243 21.4261757135391 21.4484431743622 21.5017095804214 21.555477142334 21.6414701938629 21.7466915845871 21.8591619729996 21.9751341342926 22.147233247757 22.5553245544434 22.9392954111099 22.9810172319412 22.9604871273041 22.7581729888916 22.3069289922714 22.0648998022079 22.0957751274109 22.2875517606735 22.565078496933 22.7631053924561 22.8666335344315 22.9326598644257 22.8871878385544 22.748465180397 22.5797433853149 22.3862702846527 22.2692965269089 22.4378247261047 22.5245126485825 22.6096080541611 22.83520591259 22.943553686142 22.9656494855881 23.0259975194931 22.9588439464569 22.7956911325455 22.6780377626419
21.8668342828751 21.941957116127 22.0158288478851 22.1154512166977 22.1741026639938 22.1435332298279 22.0017132759094 21.8368946313858 21.7205744981766 21.6097552776337 21.5036867856979 21.5063669681549 21.5845469236374 21.5957274436951 21.6519088745117 21.8455898761749 21.9985520839691 22.1117966175079 22.2240409851074 22.3325351476669 22.4480308294296 22.643275141716 22.8767690658569 22.9760138988495 22.9810080528259 22.8672534227371 22.6602473258972 22.5392416715622 22.5425218343735 22.6208393573761 22.73590528965 22.7397218942642 22.6507878303528 22.6676050424576 22.6136708259583 22.515487074852 22.4430530071259 22.3389157056808 22.2959365844727 22.2027523517609 21.9319478273392 21.9393966197968 22.5775933265686 22.7799165248871 22.8149899244308 22.8525620698929 22.7681356668472 22.643959403038 22.6550129652023
21.8722885847092 21.9086694717407 21.9095500707626 21.9546798467636 21.9714175462723 21.9577602148056 21.7983543872833 21.5371999740601 21.4230444431305 21.4783880710602 21.5829815864563 21.7110748291016 21.8289190530777 21.8717633485794 21.9723582267761 22.2102019786835 22.4101341962814 22.4961524009705 22.5699207782745 22.6119387149811 22.6554560661316 22.6919740438461 22.8562430143356 23.0012617111206 23.018279671669 22.9787976741791 22.975816488266 22.927584528923 22.8655207157135 22.7436265945435 22.6344830989838 22.5918381214142 22.6046928167343 22.6137982606888 22.525154709816 22.4486651420593 22.3965553045273 22.3276952505112 22.0285857915878 21.5064767599106 21.4079874753952 21.7323689460754 22.6902512311935 22.7841331958771 22.6585799455643 22.6356291770935 22.595178604126 22.555477142334 22.6445249319077
21.8412433862686 21.8176311254501 21.8822703361511 21.8749084472656 21.8627310991287 21.9567382335663 21.9622459411621 21.7915043830872 21.5092620849609 21.6187694072723 21.859277009964 21.9712842702866 22.0082931518555 22.0692998170853 22.2455567121506 22.3635648488998 22.4454654455185 22.48450756073 22.5290497541428 22.561341047287 22.5871332883835 22.739674448967 22.9292167425156 23.0355091094971 23.092301607132 23.0943431854248 23.0281343460083 22.9656759500504 22.8677688837051 22.701163649559 22.5418093204498 22.5192037820816 22.5933474302292 22.5694929361343 22.4779036045074 22.436843752861 22.3666759729385 22.2333199977875 21.77816593647 21.4391078948975 21.4804155826569 21.9513418674469 22.8057676553726 22.8746448755264 22.6969193220139 22.5934445858002 22.5554695129395 22.5602447986603 22.6335201263428
21.849197268486 21.7803429365158 21.8342396020889 21.8988867998123 21.9940464496613 22.166716337204 22.3353880643845 22.1230591535568 21.6394790410995 21.671150803566 21.9215716123581 22.1407428979874 22.1344138383865 22.2555849552155 22.3692564964294 22.3651777505875 22.4077965021133 22.4788621664047 22.4636776447296 22.5197433233261 22.656557559967 22.8451246023178 23.0121899843216 23.0817564725876 23.1018224954605 23.0993875265121 23.0277026891708 22.9380189180374 22.7925175428391 22.6074523925781 22.4636355638504 22.3530565500259 22.3130481243134 22.3015387058258 22.298530459404 22.3307716846466 22.2449873685837 21.7009199857712 21.4418543577194 21.5337390899658 21.603505730629 21.9575066566467 22.4312576055527 22.5542584657669 22.5512591600418 22.5330098867416 22.4942615032196 22.5397629737854 22.5967627763748
