data/train_2003/bio5_avg_2003-2018.asc
NCOLS 664 
NROWS 380 
XLLCORNER 3.91666666666667 
YLLCORNER 55.3333333333333 
CELLSIZE 0.0416666666666666 
NODATA_value -9999 
[rows 198 to 219 of 380, columns 196 to 244 of 664]
15.7603442668915 16.4131443500519 16.0269439220428 16.5877430438995 16.6402739286423 16.4930382966995 16.4673015475273 15.0620656013489 14.7593287229538 15.3275929093361 16.1448556780815 16.5091191530228 16.7698773741722 16.883517563343 16.9411576390266 17.499547958374 16.4311971068382 15.8101046681404 16.3657621145248 17.0464196205139 17.165326654911 17.3899852633476 17.3123924732208 17.6982672214508 17.8272070884705 17.985364317894 18.3140227198601 18.368180334568 18.2218058109283 18.2641513347626 18.3224955797195 18.3360911011696 18.2816861867905 18.2210320234299 17.8806254863739 17.6022209525108 17.6900655031204 18.0519105195999 17.5480052232742 17.5041009187698 17.5560039877892 17.7584677934647 18.0606801509857 18.2981427311897 18.5078575611115 18.7413194179535 18.8892834186554 19.1022465229034 19.3279584646225
15.2099145650864 15.2734104394913 15.403906583786 15.9984017014503 16.3271585702896 16.1711764931679 16.7401932477951 16.691711306572 16.6387290358543 16.6792470812798 16.7692642211914 16.8372821807861 16.7569790482521 16.8703560829163 17.0824837088585 17.5256108045578 17.8707057833672 17.8557685613632 17.3603308796883 17.5781438350677 18.0502074360847 18.0637702941895 17.9620832204819 18.1076454520226 18.4324587583542 18.5275777578354 18.4648343324661 18.6621481180191 18.8859331607819 18.8616925477982 19.0929524898529 19.2459619045258 19.1564713716507 18.9459806680679 18.7834901809692 18.5697479248047 18.6370077133179 18.8785166740417 18.6437754631042 18.3962852358818 18.2614914774895 18.4138953089714 18.430548787117 18.4127012491226 18.5753549337387 18.7637565135956 18.9996614456177 19.2003132104874 19.4264671802521
15.6689849495888 14.9131768941879 14.4393690228462 15.1455606222153 15.5695422887802 15.5928145051003 16.453586101532 16.675857424736 16.514129281044 16.3439005613327 16.4886729121208 16.3899440169334 16.7062160372734 17.2809447646141 17.6233084201813 17.642173409462 17.7982127070427 17.9426825046539 18.0911500453949 18.2628679871559 18.462836265564 18.6408054828644 18.7090235948563 18.7988523244858 18.8159874677658 18.7393745183945 18.5460103750229 18.7228639125824 18.8040615320206 19.2394841909409 19.2519081830978 19.1963319778442 19.3915053606033 19.3909287452698 19.2993528842926 19.1932765245438 19.316700220108 19.365873336792 19.2172967195511 19.3062210083008 19.1887296438217 19.1858230829239 19.1139160394669 19.0042585134506 18.8643522262573 18.8489453792572 19.1467882394791 19.4191327095032 19.5557255744934
16.6905559301376 16.2584435343742 15.3208314776421 15.5357201099396 15.8724268078804 15.847452044487 16.3074783086777 16.6760034561157 16.9135295748711 16.5960550904274 16.0020808577538 16.1216064691544 16.7981838583946 16.9597842097282 16.8098846673965 17.1424846053123 17.4632214903831 17.6613449454308 17.6349692940712 17.6395931839943 17.5097172260284 17.5225904583931 18.0257131457329 18.1863369941711 18.323961019516 18.5676709413528 18.74755859375 18.8163325786591 18.8114387989044 18.8055251836777 18.7013646364212 18.5212018489838 18.6462899446487 18.9903780221939 19.0122164487839 19.2635533809662 19.48364174366 19.3889806270599 19.2610677480698 19.286656498909 19.6312168836594 19.9669996500015 19.7242835760117 19.7250672578812 19.6330997943878 19.5513831377029 19.5919172763824 19.6734509468079 19.7387337684631
17.223582983017 16.99291908741 17.1825044751167 17.1280900239944 17.1771814227104 17.2842813134193 17.2821298241615 16.8394789099693 16.7175773978233 17.5149266123772 17.4872758984566 17.145124733448 17.354973256588 17.490572988987 17.2874212265015 17.3752697110176 17.4882094860077 17.3987414836884 17.2087720036507 17.460053384304 17.8058348298073 17.8611159324646 17.8828964233398 18.0289275050163 18.111458837986 18.1804896593094 18.3765204548836 18.4030527472496 18.5384526252747 18.419219493866 17.6977375745773 17.5620062947273 18.0312746167183 18.0102922916412 18.3068102002144 18.7338291406631 19.0578464269638 19.1201151609421 18.9228833913803 19.1721507310867 19.7495617866516 19.7916153669357 19.6734200716019 19.9677234888077 19.9770264625549 20.0685795545578 20.1506341695786 19.9371881484985 19.9402413368225
17.4158601760864 17.2562270760536 16.8075953722 16.5984624028206 16.4470756053925 16.7179353237152 16.9572949409485 17.6009041070938 17.1377632021904 17.1131231188774 17.691482424736 17.9030920863152 17.9892009496689 18.1880593299866 18.2709202170372 18.1960287094116 18.210178732872 18.1948687434196 18.1070602536201 18.0940004587173 17.9961911439896 18.1786311864853 18.3203217983246 18.4195125699043 18.3429532647133 18.2061432600021 18.3343341350555 18.1920241117477 18.0633521676064 18.166315972805 17.8087807297707 18.0864938497543 18.3607075214386 18.5016713142395 18.5881363153458 18.6346006393433 18.7525635957718 19.0387769937515 19.2539919614792 19.3674556016922 19.521764755249 19.5736696720123 19.6390732526779 19.8654763698578 20.0903813838959 20.2925355434418 20.3579388856888 20.1653432846069 20.0199972391129
17.4283867478371 17.2572855949402 16.9656853079796 16.8925852179527 16.6674704551697 16.7228397727013 17.0549600124359 17.8930791020393 17.9966996908188 17.6558184027672 17.62468957901 17.8883090019226 18.04692953825 18.0625482797623 17.9209173321724 17.6597868204117 17.7533979415894 18.1877479553223 18.3163467049599 18.3234468102455 18.6347966194153 18.4293972849846 18.1979972720146 18.3738470673561 18.575696349144 18.5620476007462 18.2708979249001 17.9209963083267 17.7135022878647 17.4294108748436 17.1260717511177 17.5574820041656 17.957891702652 18.3175513744354 18.4849609136581 18.2488708496094 18.4962800741196 18.5359399318695 18.5781006813049 18.8870108127594 19.179967880249 19.3777219057083 19.4807269573212 19.5224808454514 19.6284847259521 19.9184911251068 20.1729944944382 20.2337489128113 20.0915044546127
16.8849126696587 17.3303444981575 17.0560267567635 16.940708398819 16.9081146121025 16.8984944224358 16.6403749585152 17.5720046758652 18.0651339888573 18.5055156946182 18.5151450634003 17.9590256214142 18.1151557564735 17.3160360455513 16.8351656794548 17.2320462465286 16.7461162209511 16.8343755602837 17.7311354875565 18.3086445331573 18.3761534690857 18.6686626672745 18.21442258358 17.6594324707985 17.8424410223961 18.1884506344795 18.774710059166 18.8914691209793 18.7319011688232 18.6617569923401 18.5343632698059 18.4847191572189 18.3998249769211 18.4536809921265 18.6082869768143 18.7043914794922 18.624248623848 18.8471041917801 18.9339599609375 19.0233145952225 19.1934206485748 19.4330258369446 19.3508807420731 18.6999852657318 18.2990905046463 18.5561945438385 18.4840507507324 19.5236555337906 20.1490100622177
16.6783267855644 16.3854028582573 16.8156167864799 17.1108311414719 17.1732586026192 17.3806483745575 17.0117892622948 17.4646802544594 18.3293211460114 18.7409607172012 18.2928515672684 18.9832429885864 18.9096331596375 18.3202729225159 18.1069138646126 18.1623042821884 18.0335841178894 18.0062531232834 17.5554218292236 17.2105912566185 17.6225095391273 18.3841792345047 18.340847492218 17.9405156373978 18.5346857309341 18.4396039247513 18.6825224161148 19.2059417963028 18.9420518875122 18.7811040878296 19.1849048137665 19.4447069168091 19.4587581157684 19.473560333252 19.4101122617722 19.1924140453339 19.2287151813507 19.0502667427063 19.0485686063766 19.2433695793152 19.4063733816147 19.5590786933899 19.6020348072052 19.0032397508621 18.1756952404976 18.1981496810913 18.0213561654091 18.5313107967377 19.8895161151886
16.1141005754471 16.6969993114471 16.5492082238197 16.723953962326 16.9229027628899 17.421053647995 17.9309549331665 18.2406058907509 18.1157560348511 18.1576577425003 18.5965589284897 19.0472092628479 19.4143604040146 19.2687611579895 19.1719137430191 18.5585634708405 17.9070530533791 17.8671309947968 17.524960398674 17.9230382442474 18.1383662223816 18.4684447050095 18.4477734565735 18.5028512477875 18.8059293031693 19.0700072050095 19.2998346090317 19.3054131269455 19.3014509677887 19.4699487686157 19.6151975393295 19.6061943769455 19.7216918468475 19.9859399795532 19.9689381122589 19.7524336576462 19.7301814556122 19.7964292764664 19.4966777563095 19.3539260625839 19.1710760593414 19.1078824996948 19.2049388885498 19.489493727684 18.4162998199463 18.256604552269 18.3464111089706 18.7252162694931 19.0045229196548
16.9828757047653 17.0334844589233 17.5200490355492 17.5475769639015 17.0805467367172 16.7472079396248 17.0178698897362 17.7020316123962 18.3389424681664 18.7046045064926 18.7210146188736 18.4189261198044 18.6553374528885 18.9174995422363 19.2971608638763 19.4495726823807 18.8142709732056 18.2842592000961 18.1157476305962 18.1439847946167 18.3229733109474 18.5974606275558 18.6459485292435 18.7866859436035 19.1134235858917 19.4909106492996 19.9331494569778 19.4108861684799 18.616851568222 18.7860449552536 19.5997385978699 19.974432349205 19.4531248807907 19.8563184738159 20.3482627868652 20.0422064065933 19.6286495923996 19.5915936231613 19.8282856941223 20.4067302942276 20.1232796907425 19.7716861963272 20.0170922279358 19.8984974622726 18.9121536016464 18.5538109540939 19.0527158975601 19.1536223888397 19.3520280122757
18.2280194163322 18.1988292336464 18.164137840271 18.1616995334625 18.283191382885 18.0296120047569 17.4710347056389 17.5887061357498 17.818377494812 17.7338002920151 17.9909723997116 18.7243942022324 19.1808153390884 19.3104876279831 19.241659283638 19.4650807380676 19.359990477562 19.305637717247 19.1380343437195 18.6871812343597 18.8255780935287 19.2124758958817 19.3433725833893 19.4677703380585 20.1199173927307 20.2395638227463 19.567710518837 19.7628576755524 19.9802511930466 19.9331413507462 20.1730307340622 20.4301697015762 20.5763084888458 20.7119477987289 20.8238381147385 20.5229779481888 20.1301159858704 19.9512563943863 19.9861451387405 20.3450356721878 20.6902325153351 20.8529887199402 20.9402452707291 20.598501086235 19.1922588348389 18.2957654595375 18.0462712645531 18.7565281391144 19.4082851409912
18.2132948040962 18.3746367096901 18.1029795408249 17.9455732703209 18.4528348445892 18.4745173454285 18.3589485287666 18.1746309399605 18.3068136572838 18.584995508194 18.5414290428162 18.6298607587814 18.7602932453156 18.9507254362106 18.9604078531265 18.4988397359848 18.3219583630562 18.5715156793594 18.8123224973679 19.0878781080246 19.3414356708527 19.5144921541214 19.5807985067368 19.6783553361893 19.6356613636017 19.8207175731659 19.3647747039795 19.3545805215836 19.1379019021988 18.9252364635468 19.023321390152 19.5471576452255 19.9027426242828 20.3808283805847 20.8074136972427 20.850998044014 21.0023338794708 21.0281690359116 21.0060045719147 20.9893391132355 20.6349354982376 20.1332924365997 20.4358991384506 20.88800573349 20.9863630533218 19.9039700031281 19.1725777387619 18.8216840028763 19.3535406589508
18.6360714435577 18.681446313858 18.6473195552826 18.5216950178146 18.2617281079292 18.2684224247932 18.3841145634651 18.3578070402145 18.3527499437332 18.5489422082901 18.5981353521347 18.6590775251389 18.6902703046799 18.7412134408951 18.6474062204361 18.6550985574722 18.5281773805618 18.5636442899704 18.7201092243195 18.7503249645233 18.8742916584015 18.9545069932938 19.0414742231369 18.9556885957718 18.8169047832489 18.8396209478378 18.8335870504379 19.0555528402328 18.5390509366989 18.5308334827423 18.9741139411926 19.4666458368301 19.7559263706207 19.8572067022324 20.0524878501892 20.3332703113556 20.2935507297516 20.2608317136765 20.4653633832932 20.8158942461014 20.933138012886 19.7333462238312 19.8073041439056 20.4980099201202 20.8872179985046 21.2491760253906 21.1986323595047 20.37409055233 19.5080479383469
18.958598613739 18.8275053501129 18.6751610040665 18.390567779541 18.2921225428581 18.0898252725601 18.0885286331177 18.0422319173813 18.1356856822968 18.1828885674477 18.4778411388397 18.6472935676575 18.6854976415634 18.68670129776 18.738902926445 18.7471075057983 18.7951456308365 18.8865215778351 18.9191470146179 18.8952720165253 18.6581476926804 18.4742729663849 18.5883979797363 18.7355239391327 18.7641490697861 18.5347751379013 18.5746496915817 18.7875262498856 18.8857017755508 18.5719293355942 18.9336558580399 19.3988827466965 19.1086096763611 18.7290862798691 17.8648139834404 18.309540271759 19.6810178756714 20.4419955015182 20.3497211933136 20.456699848175 20.8700911998749 19.9041501283646 19.4482065439224 19.6267648935318 20.4985734224319 20.9881302118301 21.3634375333786 21.3364956378937 20.8330526351929
18.0321251153946 18.6195635795593 18.4130018353462 18.4531913995743 18.407517015934 18.2452315092087 18.3144439458847 18.1966572403908 18.1351214051247 18.4830840826035 18.5132976770401 18.4577614068985 18.389975965023 18.5084391832352 18.6761519908905 19.0181156396866 19.004865527153 18.6251493692398 18.72618496418 18.6372201442719 18.5780036449432 18.5307894945145 18.4298238754272 18.3788592219353 18.9446438550949 18.9489285945892 18.9897121191025 19.072497844696 19.4683521986008 19.1747739315033 19.2236974239349 19.4221205711365 18.8592938184738 18.068216919899 17.5111393332481 18.3223118185997 19.1754846572876 20.2966578006744 20.8643310070038 20.4905033111572 20.5847947597504 21.070953130722 20.6388612985611 20.0925196409225 20.3571765422821 20.7548353672028 21.2409925460815 21.5179020166397 21.2433099746704
16.9775969386101 17.74219840765 17.1800492405891 17.4264007210732 17.9726111292839 18.2076790332794 18.607496380806 17.7513138055801 17.8438822031021 18.1651986241341 18.5430176258087 18.508084654808 18.3596521615982 18.6892195940018 18.8662877082825 19.2053562402725 19.2360610961914 18.5151522159576 18.8442457914352 18.9545876979828 18.7841793298721 18.5032722949982 18.0876141786575 18.3404576182365 18.4195493459702 18.6551415920258 18.6894837617874 18.8340766429901 19.105385184288 19.6299104690552 20.1561866998672 20.0914615392685 19.4572372436523 19.6502627134323 19.7345383167267 19.7593134641647 20.0270893573761 20.3453645706177 20.5888911485672 20.9721664190292 21.149781703949 21.1394863128662 21.2334424257278 21.0523971319199 21.209601521492 21.1128082275391 21.4830133914948 21.6922175884247 21.7709219455719
17.5770134329796 17.8641586899757 17.9233032464981 17.9089481830597 17.9364045262337 17.8894199132919 18.2806859016418 18.633700966835 18.3067165017128 18.6254819631577 18.2592475414276 18.6095135211945 18.868279337883 19.1650439500809 19.2093096971512 19.2250757217407 19.2902332544327 19.18328166008 19.0748298168182 19.1428769826889 19.1554245948792 18.8002228736877 18.4435213804245 18.6203190088272 18.7731174230576 18.8399161100388 18.8557134866714 18.7447620630264 18.7768039703369 18.6398379802704 18.8016227483749 19.643158197403 20.3041920661926 20.5604774951935 20.4317623376846 20.139796257019 19.7790821790695 19.1573665142059 18.9521514177322 19.0329357385635 20.0090537071228 21.1472508907318 21.5154502391815 21.1673994064331 21.4990974664688 20.9235457181931 21.2917454242706 21.6271951198578 21.8328932523727
17.1176815629005 17.5053703188896 17.4128078818321 17.6022470593452 18.1654475927353 17.4519111514091 17.9038742780685 18.2625883221626 18.3973018527031 18.7007654905319 19.0079785585403 19.1011927127838 18.9259053468704 19.0528697967529 19.1768318414688 19.3222972154617 19.2746553421021 19.2471580505371 19.2206619977951 19.1476669311523 19.3401707410812 19.1404241323471 18.5971794128418 18.5754319429398 18.8054352998734 19.0234405994415 19.0411932468414 18.9216977357864 18.4214710593224 18.4945149421692 18.8460597991943 19.4553540945053 19.9501472711563 20.1441906690598 19.3039863109589 18.2845296859741 18.7828232049942 19.6683671474457 19.8251618146896 19.9994556903839 20.1030741930008 20.9612667560577 21.4994580745697 21.6141517162323 21.7555932998657 21.7660355567932 21.8247282505035 21.8721714019775 21.8646129369736
17.5630992650986 17.1948305368423 17.3253123164177 17.933543920517 18.5862416028976 18.0611516237259 17.7600632309914 18.0959750413895 17.8121362328529 18.4310487508774 18.728209733963 18.7468713521957 19.5272824764252 19.4366946220398 19.1741056442261 19.18201649189 19.2585773468018 19.0742863416672 19.1737463474274 19.2249563932419 19.4041663408279 19.2211250066757 18.8313348293304 18.8282941579819 18.945504784584 19.1477134227753 19.4141725301743 19.4476327896118 19.3448891639709 19.2764427661896 19.4272462129593 19.7332994937897 19.8903526067734 19.8686559200287 19.8047083616257 19.7515126466751 19.7453149557114 19.6833691596985 20.0544222593307 20.5249758958817 20.7278444766998 20.2475308179855 20.7577170133591 21.4734029769897 21.7065889835358 21.8427747488022 21.9129604101181 21.9546471834183 21.9108327627182
18.5472673177719 18.368792116642 18.5513170957565 18.4825913906097 18.5440336465836 18.8413944244385 18.3310037851334 18.1546121835709 18.1737211942673 18.5003317594528 19.1339411735535 19.3272993564606 19.2834085226059 19.7500188350677 19.5358791351318 19.2274870872498 19.1052504777908 18.8541643619537 19.113330245018 18.8722460269928 19.260910987854 19.2638264894485 19.0857412815094 19.1484060287476 19.1100717782974 19.0459877252579 18.660652756691 17.7723177671432 17.941057741642 18.8191194534302 19.5086817741394 19.7104943990707 19.8993067741394 19.5781202316284 19.8719329833984 20.1974943876266 20.2560567855835 20.3001198768616 20.2959322929382 20.1934946775436 20.6081165075302 20.8437967300415 20.7497256994247 21.2066550254822 21.0440845489502 20.6657651662827 21.1026937961578 21.6211242675781 21.7173033952713
18.703933596611 18.4242529273033 18.4498212337494 18.7298893928528 18.6150776147842 18.5316350460052 18.8384424448013 18.8810000419617 18.7703070640564 18.7198637723923 18.9666707515717 19.299228310585 19.6075361967087 19.9815932512283 19.8623999357224 19.4507077932358 19.1864218711853 18.8925428390503 18.94016456604 18.9240359067917 19.0611555576324 19.3330280780792 18.9538990259171 19.2375203371048 19.1733900308609 18.5840114355087 18.2876327037811 18.1497537493706 18.2594755887985 18.7897967100143 19.3221189975739 19.3976904153824 19.7130117416382 19.9033337831497 19.9161556959152 19.9584765434265 20.269549369812 20.4426211118698 20.5736932754517 20.7600152492523 20.9351369142532 21.0328109264374 20.650483250618 20.9326573610306 21.1013317108154 20.5047543048859 20.1921775341034 20.958349943161 21.6507732868195
