data/train_2003/bio5_avg_2003-2018.asc
NCOLS 664 
NROWS 380 
XLLCORNER 3.91666666666667 
YLLCORNER 55.3333333333333 
CELLSIZE 0.0416666666666666 
NODATA_value -9999 
[rows 308 to 329 of 380, columns 539 to 587 of 664]
24.347459435463 24.3431512117386 24.2715933322906 24.2612850666046 24.2314773797989 24.2134203910828 24.13361287117 24.1435542106628 24.2957470417023 24.3032196760178 24.2497222423553 24.2904744148254 24.2319775819778 24.2632294893265 24.3494820594788 24.3404854536057 24.2662374973297 24.2314904928207 24.2029925584793 24.2845900058746 24.2528840303421 24.1404461860657 24.0797662734985 24.0653384923935 24.0018789768219 23.9509844779968 23.8604168891907 23.8545610904694 23.8954548835754 23.9550995826721 23.8627436161041 23.8573876619339 23.8672813177109 23.8335119485855 23.850329875946 23.8726476430893 23.91621530056 23.9087823629379 23.9513516426086 23.9656693935394 23.7814860343933 23.6010543107986 23.4528716802597 23.3856897354126 23.2880074977875 23.2750329971313 23.0293916463852 22.8732494115829 22.7051088809967
24.2197822332382 24.3156337738037 24.277984380722 24.2805857658386 24.1949362754822 24.0980385541916 24.011390209198 24.0024906396866 24.1273415088654 24.1330896615982 24.0372334718704 24.097628235817 24.0980230569839 24.0656671524048 24.1818109750748 24.3222053050995 24.2990990877151 24.2939941883087 24.2653889656067 24.2035328149796 24.1771771907806 24.1107350587845 24.0717043876648 24.0674241781235 24.0151425600052 23.9731116294861 23.9018312692642 23.8665499687195 23.9650197029114 24.1719887256622 24.0877085924149 24.0861772298813 24.0698961019516 24.0413244962692 24.0694609880447 24.0935969352722 24.0862326622009 23.8953684568405 23.7967541217804 23.8008893728256 23.6530265808105 23.566663146019 23.5282987356186 23.4171832799911 23.2707966566086 23.184762597084 23.0386649370193 22.8545662164688 22.6119689941406
24.3479890823364 24.2901109457016 24.1492347717285 24.0656070709229 23.9562305212021 23.8476023674011 23.8749756813049 23.8920987844467 23.9809713363647 24.0609482526779 24.0012776851654 24.0208560228348 24.0341855287552 23.9987645149231 24.0770939588547 24.1706722974777 24.2472513914108 24.2935814857483 24.2186603546143 24.2102388143539 24.2203185558319 24.2233712673187 24.198646903038 24.1881717443466 24.1246997117996 24.0257248878479 23.9460006952286 23.8672759532928 23.9020521640778 24.0618280172348 24.2908524274826 24.4141285419464 24.3281551599503 24.1587363481522 24.1021242141724 24.1352616548538 24.100150346756 23.9675369262695 23.8681753873825 23.794312953949 23.6677007675171 23.6003385782242 23.5594758987427 23.4043636322021 23.1791524887085 23.0882349014282 22.9870723485947 22.8299112319946 22.7037488222122
24.1923272609711 24.1345850229263 24.0655926465988 23.9173492193222 23.8001062870026 23.7401150465012 23.7156212329865 23.6841292381287 23.7476364374161 23.8105432987213 23.9216014146805 23.9216594696045 23.9397159814835 24.0100237131119 24.0868318080902 24.0936387777328 24.1736958026886 24.2587510347366 24.1413098573685 24.2401156425476 24.2821733951569 24.3108590841293 24.3464223146439 24.249486207962 24.1480492353439 24.0746136903763 23.9484261274338 23.8934897184372 23.8690526485443 23.9418668746948 24.2034288644791 24.3924926519394 24.2838053703308 24.0832500457764 23.9973217248917 23.9731448888779 24.0122187137604 24.0005419254303 23.9663641452789 23.8871859312057 23.7592589855194 23.6413332223892 23.5384057760239 23.4387286901474 23.2748007774353 23.1244481801987 22.9591157436371 22.9102832078934 22.7594511508942
24.071417927742 23.941557765007 23.8777010440826 23.8080923557281 23.6192337274551 23.4661266803741 23.468518614769 23.5269105434418 23.5733022689819 23.599390745163 23.7311762571335 23.805711388588 23.9442459344864 24.0875318050385 24.0958176851273 24.1016033887863 24.1156383752823 24.1956729888916 24.1724585294724 24.2277433872223 24.2562788724899 24.2773469686508 24.4101977348328 24.3855488300323 24.2768988609314 24.2277497053146 24.1553516387939 24.0049525499344 23.8718039989471 23.8529046773911 23.9940061569214 24.061356306076 23.9469579458237 23.8115117549896 23.7417696714401 23.7252781391144 23.7452856302261 23.7392941713333 23.6670534610748 23.603311419487 23.6508190631866 23.6645770072937 23.6480853557587 23.58034324646 23.456351518631 23.3901609182358 23.2316581010818 23.0256553888321 22.8251514434814
23.8708884716034 23.8033071756363 23.8075581789017 23.7365847826004 23.5931124687195 23.4661386013031 23.4056639671326 23.5084413290024 23.5957183837891 23.6339880228043 23.6847506761551 23.8245134353638 23.9667768478394 24.0602904558182 24.040554523468 24.1055680513382 24.1813305616379 24.2670929431915 24.2886064052582 24.2756201028824 24.2403829097748 24.2145842313766 24.2944725751877 24.2781116962433 24.2309995889664 24.2761387825012 24.2007768154144 24.0754164457321 23.9445543289185 23.8796931505203 23.8758317232132 23.8577202558517 23.8086090087891 23.7905248403549 23.7284681797028 23.705660700798 23.7008540630341 23.6980475187302 23.6437414884567 23.5984346866608 23.5608780384064 23.5805720090866 23.5780146121979 23.5712084770203 23.4609001874924 23.3853738307953 23.3477002382278 23.1855266094208 22.9913526773453
23.6245946884155 23.7332553863525 23.792166352272 23.7178279161453 23.5119885206223 23.3696490526199 23.3590599298477 23.5064721107483 23.6258823871613 23.660084605217 23.6973248720169 23.8165657520294 23.9053076505661 24.0517991781235 24.1330404281616 24.1715321540833 24.3612731695175 24.3365139961243 24.2762553691864 24.2724957466125 24.2362375259399 24.2143223285675 24.2274984121323 24.2321739196777 24.2671003341675 24.3192757368088 24.2449523210526 24.1383801698685 24.0663057565689 23.9679824113846 23.8829081058502 23.8938341140747 23.8260092735291 23.8005372285843 23.7874156236649 23.7622947692871 23.7446722984314 23.7150508165359 23.7011799812317 23.6400580406189 23.6136878728867 23.596815943718 23.644194483757 23.6740734577179 23.5362005233765 23.4105879068375 23.3677433729172 23.2868981361389 23.1420543193817
23.569184422493 23.6864795684814 23.6272749900818 23.5170699357986 23.3581156730652 23.3501615524292 23.3784565925598 23.4950026273727 23.665048122406 23.6434315443039 23.6073995828629 23.6803697347641 23.820338010788 24.0275584459305 24.1242780685425 24.1767469644547 24.2737157344818 24.2696845531464 24.2581543922424 24.2533732652664 24.2113429307938 24.1675596237183 24.1562731266022 24.16348695755 24.2162008285522 24.2124146223068 24.1726285219193 24.1318429708481 24.0858070850372 24.0142701864243 23.9252341985703 23.9689478874207 23.9944123029709 23.9275504350662 23.8423633575439 23.7969272136688 23.7844913005829 23.7678043842316 23.7486178874969 23.7296812534332 23.7087454795837 23.6998089551926 23.7256231307983 23.7504369020462 23.6755007505417 23.5997505187988 23.4779365062714 23.3522697687149 23.2517549991608
23.572522521019 23.6412039995193 23.5606325864792 23.5473135709763 23.5052437782288 23.4871739149094 23.5201032161713 23.5797832012177 23.6529639959335 23.6605273485184 23.676726102829 23.7961719036102 23.9443686008453 24.0300668478012 24.0912646055222 24.138710975647 24.1904095411301 24.1663570404053 24.1340535879135 24.1375006437302 24.1491980552673 24.147797703743 24.1137996912003 24.1238001585007 24.1048018932343 24.0745527744293 24.1198048591614 24.1423063278198 24.1213077306747 24.1163090467453 24.0635606050491 24.1105614900589 24.2138130664825 24.2673133611679 24.087561249733 23.8630609512329 23.8140596151352 23.8003082275391 23.7478075027466 23.7380551099777 23.7355540990829 23.7215533256531 23.678053021431 23.7045520544052 23.7430505752563 23.657107591629 23.5132199525833 23.3796421289444 23.3579559326172
23.9178611040115 23.8981758356094 23.8049913644791 23.6900559663773 23.5608707666397 23.5496860742569 23.6247501373291 23.673314332962 23.7043793201447 23.7276237010956 23.7915490865707 23.9059747457504 24.0221501588821 24.1150747537613 24.1172505617142 24.14892578125 24.169851899147 24.160777926445 24.1249527931213 24.1113778352737 24.1435531377792 24.1877847909927 24.2030740976334 24.0713638067245 23.9736523628235 24.0099422931671 24.0502309799194 24.0615187883377 24.0820587873459 24.1240977048874 24.1031363010406 24.1154264211655 24.1522138118744 24.2145756483078 24.1545100212097 24.011444568634 23.8911274671555 23.8183125257492 23.7472453117371 23.7361795902252 23.7391134500504 23.7365479469299 23.7007322311401 23.7556666135788 23.8978505134583 23.7472126483917 23.6185044050217 23.6750450134277 23.5870846509933
24.1099512577057 24.0881500244141 24.0278491973877 23.8890476226807 23.7912468910217 23.6749470233917 23.6861466169357 23.7375946044922 23.839294552803 23.8747203350067 23.9411239624023 23.9715274572372 23.9834313392639 24.0868335962296 24.2254880666733 24.2943898439407 24.1962937116623 24.1844475269318 24.1953513622284 24.2017534971237 24.1629078388214 24.1715224981308 24.1305998563766 24.0649263858795 24.0027529001236 24.0233286619186 24.0284062623978 23.9492325782776 23.9955595731735 24.0751366615295 24.0334625244141 24.0207893848419 24.0326155424118 23.9710887670517 23.9637079238892 24.0110771656036 24.0019464492798 23.8980655670166 23.8176844120026 23.8243041038513 23.816922545433 23.8355425596237 23.9046617746353 23.9637809991837 24.0816501379013 24.015819311142 23.9495378732681 23.987006187439 23.8429738283157
24.0855399370193 24.0801236629486 24.0882067680359 24.0527912378311 23.9853749275208 23.8709580898285 23.7975424528122 23.7921265363693 23.8774601221085 23.9105670452118 23.937199473381 23.957830786705 23.9922119379044 24.0793426036835 24.2477240562439 24.330104470253 24.2049870491028 24.1796188354492 24.204749584198 24.1553802490234 24.0887622833252 24.0582605600357 24.04587495327 24.0807383060455 24.1196026802063 24.0999668836594 24.0270820856094 23.9516959190369 24.0043113231659 24.1146749258041 24.0820392370224 24.0301529169083 23.9742668867111 23.8793520927429 23.8476558923721 23.851710319519 23.9062650203705 23.9828190803528 23.9566240310669 23.9071778059006 23.9007323980331 23.9745372533798 24.113841176033 24.2028958797455 24.2819502353668 24.3646746873856 24.5033212900162 24.4897177219391 24.3181139230728
23.9638788700104 23.9483460187912 23.9500653743744 23.9475338459015 23.9017519950867 23.7667210102081 23.7536878585815 23.790407538414 23.8561255931854 23.8804143667221 23.8985236883163 23.9023827314377 23.9377427101135 23.9743512868881 24.0134609937668 24.0340700149536 23.962430357933 23.8905388116837 23.8841482400894 23.8527578115463 23.8683662414551 23.879497051239 23.9216494560242 23.9928021430969 23.9764537811279 23.969355225563 23.9305077791214 23.9344090223312 23.9403116703033 24.0552126169205 24.0403647422791 23.9747669696808 23.9209188222885 23.854364991188 23.8408542871475 23.8430935144424 23.8458333015442 23.9758223295212 24.0435619354248 23.9178017377853 23.9067915678024 23.9765318632126 24.0950214862823 24.2125096321106 24.267000079155 24.4012806415558 24.6051224470139 24.6868859529495 24.5888984203339
23.8212168216705 23.7813200950623 23.8004232645035 23.7955260276794 23.7266290187836 23.7924815416336 23.8513345718384 23.9151880741119 23.9210404157639 23.917760848999 23.8693484067917 23.8331851959229 23.7882721424103 23.6591091156006 23.5806974172592 23.4365348815918 23.2928717136383 23.2817093133926 23.4152963161469 23.4261344671249 23.339470744133 23.4657341241837 23.6121747493744 23.7243642807007 23.6900540590286 23.7234939336777 23.7344331741333 23.7258728742599 23.821061372757 23.8420013189316 23.8429403305054 23.8073803186417 23.7835698127747 23.7628774642944 23.7783018350601 23.7952256202698 23.8734010457993 23.9695774316788 24.031501531601 23.9276757240295 23.9196006059647 23.9537751674652 24.0027009248734 24.1041254997253 24.0987997055054 24.1056385040283 24.1081392765045 24.2038908004761 24.193892121315
23.7636771202087 23.6913458108902 23.6912636756897 23.7284317016602 23.7241009473801 23.743769288063 23.8336863517761 23.9441049098969 23.9142727851868 23.849317908287 23.7737389802933 23.6704105138779 23.6363320350647 23.5652524232864 23.2681730985641 22.9785948991776 22.9042644500732 23.0436860322952 23.2496072053909 23.4247777462006 23.423948764801 23.4906173944473 23.5400321483612 23.5169475078583 23.3778609037399 23.4152767658234 23.4824413061142 23.5373576879501 23.684521317482 23.7101867198944 23.7438505887985 23.7560155391693 23.7266806364059 23.625892162323 23.649898648262 23.861904501915 23.9049100875854 23.9824168682098 23.9789227247238 23.9629296064377 23.9554359912872 23.9026918411255 23.9796979427338 24.0594543218613 24.0004612207413 24.0102188587189 23.9847304821014 23.9929902553558 24.0482519865036
23.7922583818436 23.6766730546951 23.641086101532 23.6730018854141 23.739666223526 23.7500801086426 23.9187444448471 23.9961596727371 23.8433237075806 23.7645864486694 23.6996965408325 23.5648072957993 23.5414164066315 23.4082777500153 23.127138376236 22.891498208046 22.8361076116562 22.9622187614441 23.1418279409409 23.1901882886887 23.2232984304428 23.2268919944763 23.2144703865051 23.2022994756699 23.2313778400421 23.3384549617767 23.3732837438583 23.4358617067337 23.5834401845932 23.6292685270309 23.668347120285 23.7426736354828 23.7800017595291 23.6539083719254 23.5181429386139 23.6878765821457 23.8413608074188 23.8990943431854 23.9218281507492 23.9193120002747 23.8962960243225 23.8415299654007 23.8197637796402 23.9324978590012 23.9224815368652 23.9882745742798 23.9911264181137 23.9499793052673 23.9215804338455
23.7805049419403 23.7889988422394 23.7474101781845 23.8043211698532 23.8517311811447 23.8823916912079 23.9440525770187 23.9219641685486 23.7766243219376 23.6621050834656 23.6014044284821 23.476703286171 23.4960027933121 23.4730526208878 23.3121019601822 23.1051517724991 22.9774502515793 23.0197497606277 23.1752996444702 23.2325985431671 23.2671486139297 23.2169181108475 23.1834104061127 23.1819022893906 23.1828943490982 23.2171339988708 23.3358755111694 23.4248666763306 23.5216082334518 23.5178496837616 23.5038412809372 23.5913330316544 23.6860731840134 23.6504256725311 23.5546374320984 23.6590993404388 23.803808927536 23.9072717428207 23.9624841213226 24.0106960535049 23.9581569433212 23.9141176939011 23.9320806264877 23.9882925748825 23.9795039892197 24.0305807590485 24.0552743673325 24.0079681873322 23.9574108123779
23.9639188051224 23.9733264446259 23.92123234272 23.9471395015717 23.9922957420349 23.9404534101486 23.9423612356186 23.8520177602768 23.7806746959686 23.6946238279343 23.560112118721 23.4273499250412 23.3153387308121 23.3080785274506 23.2713161706924 23.1258056163788 23.0290442705154 23.1502828598022 23.2115215063095 23.2162601947784 23.2319974899292 23.2381951808929 23.2058498859406 23.2197540998459 23.2666583061218 23.2730619907379 23.3832181692123 23.4601227045059 23.495777130127 23.4769319295883 23.4765861034393 23.5009905099869 23.4828953742981 23.5319420099258 23.5378814935684 23.6830705404282 23.858510017395 23.9914500713348 24.05863904953 24.0338279008865 24.0270175933838 24.0662081241608 24.0863964557648 24.0265856981277 23.9445253610611 24.0148873329163 24.0196713209152 24.0322054624557 23.9797393083572
23.9737495183945 23.9536521434784 23.8655561208725 23.9049595594406 23.9236123561859 23.7945166826248 23.8151699304581 23.8583223819733 23.744976401329 23.6181412935257 23.4233185052872 23.2697468996048 23.107675075531 22.9996038675308 23.1030311584473 23.1142090559006 23.1363860368729 23.1790651082993 23.1972430944443 23.2019208669662 23.2113485336304 23.231471657753 23.1935393810272 23.2148571014404 23.2771742343903 23.3957427740097 23.5108094215393 23.5261282920837 23.5666950941086 23.5120126008987 23.5358315706253 23.5218985080719 23.4652161598206 23.497958779335 23.5581260919571 23.6862921714783 23.8502099514008 24.0071268081665 24.0875443220139 24.1094619035721 24.0908777713776 24.0947954654694 24.1022129058838 23.9568796157837 23.8967967033386 23.9551936388016 24.0170687437057 24.085443854332 23.9783194065094
23.980580329895 23.8969790935516 23.8966288566589 23.8142790794373 23.7774283885956 23.7323280572891 23.8029779195786 23.8176267147064 23.7815257310867 23.6784100532532 23.5395270586014 23.3613939285278 23.2800108194351 23.1953788995743 23.2022459506989 23.2766118049622 23.2662298679352 23.2363474369049 23.2029643058777 23.2488317489624 23.243448138237 23.2192479372025 23.2077287435532 23.2737092971802 23.3894398212433 23.4954205751419 23.5351518392563 23.5241321325302 23.6063632965088 23.6793452501297 23.580325961113 23.475056886673 23.4727870225906 23.5099753141403 23.5951194763184 23.6835154294968 23.8299099206924 24.0088046789169 24.1319487094879 24.1513440608978 24.0489882230759 24.0126339197159 23.9987790584564 23.9529237747192 23.8403177261353 23.8757486343384 23.9657156467438 24.0901823043823 24.04689848423
23.9979099035263 23.9728064537048 23.9407025575638 23.8198487758636 23.7854943275452 23.7761405706406 23.7522857189178 23.6556813716888 23.6273262500763 23.5396775007248 23.4999839067459 23.4205402135849 23.344346165657 23.3159027099609 23.296459197998 23.2697665691376 23.1668236255646 23.1213791370392 23.1209352016449 23.234991312027 23.2692977190018 23.2977735996246 23.3141674995422 23.332810997963 23.3797050714493 23.5080996751785 23.5414944887161 23.5751390457153 23.6855320930481 23.7704261541367 23.6218200922012 23.4834644794464 23.4993577003479 23.6457417011261 23.6758646965027 23.7197366952896 23.8161092996597 23.9524813890457 24.064354300499 24.0924776792526 24.0583492517471 24.0259730815887 23.9990952014923 24.0639671087265 23.9465898275375 23.9103052616119 23.9593623876572 24.0384199619293 23.9719778299332
23.8567416667938 23.8338831663132 23.8260264396667 23.8164178133011 23.8118096590042 23.800702214241 23.7168436050415 23.6757349967957 23.601377248764 23.4814456701279 23.3726909160614 23.2636873722076 23.2066824436188 23.1846792697906 23.2106742858887 23.1761699914932 23.1114157438278 23.0196611881256 23.1286571025848 23.306902050972 23.3328977823257 23.3775498867035 23.3768565654755 23.3366639614105 23.3477212190628 23.420278429985 23.4828367233276 23.6293934583664 23.7292010784149 23.6500083208084 23.5240650177002 23.4716229438782 23.5414304733276 23.6460078954697 23.7466084957123 23.8682090044022 23.8840594291687 23.9104093313217 23.9977601766586 24.0216103792191 24.0174599885941 24.0998107194901 24.1516616344452 24.2125108242035 24.150111079216 24.0013606548309 23.9752594232559 23.9554088115692 23.9410578012466
