data/train_2003/bio6_avg_2003-2018.asc
NCOLS 664 
NROWS 380 
XLLCORNER 3.91666666666667 
YLLCORNER 55.3333333333333 
CELLSIZE 0.0416666666666666 
NODATA_value -9999 
[rows 168 to 188 of 380, columns 240 to 287 of 664]
-13.193087220192 -13.3093184232712 -13.155049264431 -13.2407807707787 -13.5015118122101 -13.766382753849 -13.9317802786827 -13.9921776652336 -13.987474501133 -13.9654204845428 -13.9411164522171 -13.840312898159 -13.6392586827278 -13.5259549021721 -13.4294009804726 -13.3021541833878 -13.2101384401321 -13.1077756285667 -13.0024611353874 -12.847396671772 -12.8278638124466 -12.8976119756699 -12.8971111178398 -12.9361089468002 -12.9353575110435 -12.9948558211327 -13.0696040391922 -13.1083524227142 -13.0888509750366 -13.1993918418884 -13.339671432972 -13.4699510335922 -13.5190207362175 -13.5295143127441 -13.6237577795982 -13.8072512149811 -14.012448489666 -14.1908611059189 -14.3097738623619 -14.3996869921684 -14.5125996470451 -14.651238322258 -14.7048680782318 -14.6006212830544 -14.6110306382179 -14.597390294075 -14.7323544025421 -15.1519429087639
-12.8298034071922 -12.7853394150734 -12.8496254682541 -13.1149117946625 -13.1581979393959 -13.307734131813 -13.6522703766823 -13.7911518216133 -13.7978364825249 -13.7692220807076 -13.7451077103615 -13.6459937095642 -13.5573790669441 -13.517514705658 -13.3845337629318 -13.30060338974 -13.1626730561256 -13.0602845549583 -13.0318748354912 -12.8117151856422 -12.5747345089912 -12.622182071209 -12.7166301012039 -12.8023277521133 -12.8442754745483 -12.9289733171463 -12.9726712703705 -12.9843686819077 -13.0564652085304 -13.1997643113136 -13.3640526533127 -13.482345700264 -13.5565419793129 -13.5370534062386 -13.477883040905 -13.6694629192352 -14.0099321603775 -14.1195291280746 -14.1576268076897 -14.2817242741585 -14.4338218569756 -14.5224190950394 -14.5885167121887 -14.655177116394 -14.6845182180405 -14.7367854118347 -14.8197465538979 -15.0512675046921
-13.0141279101372 -12.9256105422974 -12.8439515829086 -12.8675429821014 -12.804133951664 -12.9292250871658 -13.2393162250519 -13.446875333786 -13.4854485988617 -13.5072736144066 -13.5035987496376 -13.4421742558479 -13.4154989719391 -13.3482429385185 -13.2511476874352 -13.164052605629 -12.944297850132 -12.8382931351662 -12.6772881150246 -12.5775339603424 -12.6741049289703 -12.4655019640923 -12.5063992142677 -12.6687963008881 -12.774693608284 -12.8795905709267 -12.9087379574776 -12.9948846697807 -13.1403173208237 -13.250125348568 -13.3009340167046 -13.3957417011261 -13.5262869596481 -13.5583424568176 -13.5462584495544 -13.6674240231514 -13.9683399200439 -14.028697013855 -14.1289795637131 -14.2897613048553 -14.3980439305305 -14.5168258547783 -14.6016080379486 -14.6423903107643 -14.6367811560631 -14.718478679657 -14.846760392189 -15.0473420619965
-12.7792356610298 -12.7218817472458 -12.8925279974937 -12.9461737275124 -12.8543201088905 -12.8169660568237 -12.873612165451 -12.9465082883835 -13.0135956406593 -13.1238730549812 -13.124901175499 -13.0841051340103 -13.0687809586525 -13.0390214920044 -12.9598519206047 -12.7882519960403 -12.6304019093513 -12.6245523095131 -12.406952381134 -12.1393520832062 -12.2439755797386 -12.2955719232559 -12.4114186167717 -12.584515273571 -12.6888612508774 -12.8419579863548 -12.9730545282364 -13.107401072979 -13.1936694383621 -13.2239920496941 -13.2833148241043 -13.3986373543739 -13.4780319929123 -13.4518821835518 -13.5216333866119 -13.7451356053352 -13.8588988780975 -14.0108658075333 -14.1168320178986 -14.2087990641594 -14.3332659006119 -14.4482325315475 -14.5326990485191 -14.5446660518646 -14.5524802803993 -14.669479072094 -14.8831380009651 -15.103546500206
-12.6669517755508 -12.6414030194283 -12.7706040143967 -12.8733447790146 -12.7265060842037 -12.6749570965767 -12.6194083094597 -12.5718592703342 -12.7127757668495 -12.8616575300694 -12.9022900462151 -12.9131715297699 -12.8409743309021 -12.7763416171074 -12.6488962173462 -12.5169516205788 -12.4640060067177 -12.2543110847473 -11.8881157040596 -11.9701708853245 -12.0488460361958 -12.2286421656609 -12.3549376726151 -12.5492337346077 -12.67202937603 -12.8225754499435 -13.0386213064194 -13.1661668419838 -13.15021276474 -13.132858812809 -13.1801959276199 -13.387032866478 -13.5102772712708 -13.5329283475876 -13.6450088620186 -13.7479010224342 -13.6879354119301 -13.8312740325928 -14.0176850557327 -14.1128361821175 -14.2074872851372 -14.304139316082 -14.4099515676498 -14.4288755059242 -14.5719826221466 -14.8302571177483 -14.9550322890282 -14.9638067483902
-12.8092263936996 -12.6676741242409 -12.7324299812317 -12.776936173439 -12.7681923508644 -12.7249481678009 -12.7137042880058 -12.6849601566792 -12.7159567773342 -12.7024423480034 -12.7114289402962 -12.7329664230347 -12.6359171867371 -12.5105780363083 -12.3597395718098 -12.2359004616737 -12.0948601067066 -12.0010696649551 -11.8407792150974 -11.8577391207218 -12.0352164804935 -12.2224616408348 -12.417456895113 -12.5204522609711 -12.6444472670555 -12.7799425721169 -12.9904376268387 -13.1526830196381 -13.1369283795357 -13.1196737885475 -13.1400769352913 -13.3299288749695 -13.4735218286514 -13.5558581352234 -13.6604431271553 -13.6253086924553 -13.512482881546 -13.6981574892998 -13.9725134968758 -14.0488737225533 -14.1567094922066 -14.3075541853905 -14.3800077438354 -14.3489606976509 -14.5290594100952 -14.8197718858719 -14.910484790802 -14.8656976222992
-13.092592895031 -13.0615111589432 -12.8944293856621 -12.8543480038643 -12.8655163049698 -12.7984346151352 -12.7347354590893 -12.6005613207817 -12.448136806488 -12.4252274632454 -12.4765678346157 -12.4688422083855 -12.3953606188297 -12.2738874852657 -12.1784853339195 -12.0888496935368 -12.026964366436 -11.9518289268017 -11.9054433107376 -12.010807543993 -12.1865870654583 -12.3377817571163 -12.4354763627052 -12.5244208276272 -12.5993653535843 -12.6960598230362 -12.9030047059059 -13.117199242115 -13.1818935871124 -13.2168383598328 -13.2250331044197 -13.3053241372108 -13.4597674608231 -13.6551606059074 -13.722248852253 -13.6477698087692 -13.7047807574272 -13.9117828011513 -14.04626506567 -14.1296917200089 -14.2627799510956 -14.2683686614037 -14.3244574069977 -14.4623473882675 -14.6613858938217 -14.8252867460251 -14.7853874564171 -14.7163236737251
-13.4107092618942 -13.2799643874168 -12.9997196793556 -12.8827249407768 -12.8904799222946 -12.8939852118492 -12.7770762443542 -12.6439386606216 -12.5276859402657 -12.4085120856762 -12.4198995828629 -12.4130322635174 -12.3547717928886 -12.2680951058865 -12.1872156560421 -12.094048678875 -12.0500681400299 -12.0620875656605 -12.0303567945957 -12.0528758764267 -12.1444575190544 -12.2043515443802 -12.3709955811501 -12.5823898017406 -12.7073673009872 -12.7474275529385 -12.8228211402893 -13.0379653573036 -13.1851093769073 -13.2275031805038 -13.29789686203 -13.3662910461426 -13.4180125594139 -13.5002176165581 -13.6189152002335 -13.7283390760422 -13.8490634560585 -13.9277874827385 -14.0225113630295 -13.938235104084 -14.0739593505859 -14.2241169214249 -14.3264070153236 -14.4325084686279 -14.5517125725746 -14.6560589671135 -14.6359765529633 -14.568644285202
-13.3985749483109 -13.2644174098969 -13.0565097928047 -12.9133514165878 -13.0387913584709 -12.932385623455 -12.7734789848328 -12.6372713446617 -12.5270824432373 -12.3415597975254 -12.3244704306126 -12.2868288457394 -12.2937138080597 -12.2947778999805 -12.2779799997807 -12.1404055356979 -12.190402328968 -12.1338794231415 -12.0270206034184 -12.0364629626274 -12.1106649637222 -12.2361912429333 -12.3594677448273 -12.5550914406776 -12.7359195053577 -12.8884975910187 -13.0210761427879 -13.1435999274254 -13.2334821820259 -13.2670601606369 -13.2772612571716 -13.3681154847145 -13.4607578516006 -13.5126473903656 -13.5900367498398 -13.7228412628174 -13.8717007637024 -13.911560177803 -13.9129190444946 -13.5789260268211 -13.7273715734482 -14.1289972066879 -14.3154544830322 -14.3786686658859 -14.4250393509865 -14.4984164834023 -14.4820656180382 -14.4084649682045
-13.4564421772957 -13.3008707165718 -12.939549446106 -12.8325380682945 -12.8412361741066 -12.8626840114594 -12.8038817644119 -12.6260798573494 -12.4291802942753 -12.2779851853848 -12.291438549757 -12.2549458742142 -12.1835044026375 -12.1500109136105 -12.2107182741165 -12.2375656366348 -12.2824234962463 -12.2511456608772 -12.1496828794479 -12.0405033528805 -12.0991016328335 -12.2196194529533 -12.3068875074387 -12.4790639281273 -12.6399490237236 -12.8370835781097 -13.0044686794281 -13.0976037979126 -13.1959884166718 -13.2919318675995 -13.3410083651543 -13.3976429700851 -13.489625275135 -13.5187050104141 -13.5507848858833 -13.6296147108078 -13.702574133873 -13.8243634104729 -13.9019023776054 -13.7013217806816 -13.8328170776367 -13.958770096302 -14.0233091711998 -14.1920787096024 -14.2067085504532 -14.2168907523155 -14.2508220672607 -14.2922537326813
-13.2507385611534 -13.2457197904587 -13.07697224617 -12.8083856105804 -12.6700487732887 -12.7569619417191 -12.7153751254082 -12.5985379815102 -12.362198382616 -12.2733827531338 -12.3729223906994 -12.3495345711708 -12.2456465363503 -12.1372581422329 -12.0930474102497 -12.1109680533409 -12.193577170372 -12.2496433854103 -12.2242909371853 -12.1641507148743 -12.2178817093372 -12.291378736496 -12.3804734945297 -12.4875680804253 -12.6742443442345 -12.7838097214699 -12.7891023159027 -12.9371969401836 -13.1032916009426 -13.2756367325783 -13.3976355195045 -13.4964505434036 -13.5771999955177 -13.5973844528198 -13.5724431276321 -13.5606706738472 -13.6023990511894 -13.7193763256073 -13.8318058848381 -13.8647400736809 -13.9731740355492 -13.9738584756851 -13.9115430116653 -13.9752271771431 -14.0467092394829 -14.1092259883881 -14.1520212292671 -14.2380515933037
-12.8199660181999 -12.8935102820396 -12.9892498254776 -12.9937397241592 -12.7919790744781 -12.5966246128082 -12.5587122440338 -12.5092998445034 -12.3783246576786 -12.291205406189 -12.3355791270733 -12.3514524102211 -12.2493255734444 -12.1449488401413 -12.1089617311954 -12.0805255174637 -12.038215637207 -12.1091528832912 -12.1129670143127 -12.1727805137634 -12.2480067014694 -12.2227702736855 -12.3006453812122 -12.4193529188633 -12.5970610380173 -12.7125185132027 -12.6469765901566 -12.7280871272087 -12.9438925981522 -13.1821001768112 -13.3258084654808 -13.4112658500671 -13.5259087085724 -13.6147459745407 -13.6293340325356 -13.6346717476845 -13.6489462852478 -13.6846017241478 -13.7901841402054 -13.9305223822594 -14.0048596858978 -13.9989474415779 -13.8925350308418 -13.8923723697662 -13.9679208993912 -14.0046795010567 -13.987188398838 -13.9899470210075
-12.322705745697 -12.3041064739227 -12.5135277807713 -12.5965939164162 -12.5554643273354 -12.5844159722328 -12.5663678050041 -12.4703191518784 -12.3431422114372 -12.3262177109718 -12.3202935159206 -12.3278694152832 -12.2268506884575 -12.1582759022713 -12.1152015924454 -12.0548305809498 -12.0118514299393 -12.0493720769882 -12.1453930735588 -12.2284131646156 -12.2805100083351 -12.2568116188049 -12.2982416152954 -12.4214212298393 -12.5398512482643 -12.5945312380791 -12.5561805665493 -12.5741175413132 -12.7211648821831 -12.9003141522408 -13.0731348991394 -13.1987061500549 -13.3579084873199 -13.5031081438065 -13.5658491253853 -13.6610900163651 -13.7543312907219 -13.7838218808174 -13.8553134202957 -13.9233041405678 -13.9505454301834 -14.0097863078117 -13.9697769880295 -13.9363294243813 -13.9336071014404 -13.9900789856911 -13.9173011779785 -13.8138421773911
-12.2896285653114 -12.1299445331097 -12.1628341674805 -12.1572313904762 -12.0939596295357 -12.1597073972225 -12.2695230543613 -12.279838770628 -12.3052926063538 -12.3420200943947 -12.3367479145527 -12.3122256398201 -12.2609528899193 -12.1718688905239 -12.1063826680183 -12.0056465864182 -11.9566787779331 -12.0040906667709 -12.1505681276321 -12.2737965881824 -12.3062735795975 -12.267249584198 -12.3176989257336 -12.4357953667641 -12.5071417689323 -12.5349464118481 -12.6018077135086 -12.6296690702438 -12.6708472669125 -12.753777474165 -12.8877117335796 -13.0146459341049 -13.2272438406944 -13.425720334053 -13.4996145963669 -13.608758687973 -13.7416533827782 -13.8252971768379 -13.891441822052 -13.8965861797333 -13.8984805345535 -13.9678750634193 -14.0105193257332 -13.9303722977638 -13.8861892223358 -13.9875609874725 -13.9651829600334 -13.8443046808243
-12.395100414753 -12.3351218998432 -12.3247848749161 -12.3029351532459 -12.130814999342 -11.9516948759556 -11.9930753409863 -12.1389554738998 -12.2315199673176 -12.2373341619968 -12.2457686662674 -12.2494531273842 -12.2606377005577 -12.1485717892647 -12.0715642571449 -12.0229160189629 -11.9310182034969 -11.9318100512028 -12.0789941549301 -12.2434287667274 -12.2765363454819 -12.227566242218 -12.2616564631462 -12.3869189620018 -12.3964318037033 -12.5313678085804 -12.6753269433975 -12.7476783692837 -12.7900301516056 -12.8628815710545 -12.919733196497 -12.9773362278938 -13.176829457283 -13.3730823397636 -13.4811300039291 -13.5936774611473 -13.6677252650261 -13.7345232963562 -13.8148207068443 -13.9021183252335 -13.8719159960747 -13.8552858829498 -13.9264758229256 -13.9099154472351 -13.8790213465691 -13.8950428366661 -13.9008145928383 -13.8513359427452
-12.364505648613 -12.3750356435776 -12.3965655565262 -12.349702835083 -12.2271247804165 -12.1180009543896 -12.0703752338886 -12.1307487487793 -12.1812563836575 -12.1846482157707 -12.2070389986038 -12.2386804819107 -12.2418217658997 -12.1384629309177 -12.00610435009 -11.9747459292412 -11.9661374688148 -11.9810284972191 -12.0856700837612 -12.2240613102913 -12.2450491189957 -12.190132945776 -12.2833317220211 -12.4344919919968 -12.4282221198082 -12.5247892439365 -12.6712053418159 -12.7492088079453 -12.8042126893997 -12.9117164611816 -13.0147199630737 -13.1067239642143 -13.2284150123596 -13.2980326414108 -13.4123999476433 -13.5850963592529 -13.6732975244522 -13.7044988274574 -13.7566995024681 -13.8571500182152 -13.8536015748978 -13.8162229061127 -13.9008410573006 -13.9582700133324 -13.9516376256943 -13.9205726981163 -13.9425072073936 -13.9566920399666
-12.3090553581715 -12.2818903326988 -12.3214745521545 -12.3180593252182 -12.2799235582352 -12.1642133593559 -12.0728125572205 -12.1178967952728 -12.1936135292053 -12.2144618034363 -12.2478097677231 -12.265408039093 -12.2442566752434 -12.1433545947075 -11.9767031669617 -11.9278010129929 -11.957649230957 -12.0359973907471 -12.1333456635475 -12.2161939144135 -12.2303122282028 -12.216699898243 -12.3310032486916 -12.529527425766 -12.5640507638454 -12.6070744097233 -12.7493478655815 -12.8677390813828 -12.962895154953 -13.00905123353 -13.0536923408508 -13.1797160506248 -13.3380002379417 -13.3975457549095 -13.4515916109085 -13.5842648744583 -13.6261190772057 -13.6972240805626 -13.7057735919952 -13.7461827397346 -13.8302866816521 -13.8286601305008 -13.8789561986923 -13.9615017771721 -14.0481261610985 -14.0631355643272 -14.103394985199 -14.1419046521187
-12.4745246767998 -12.2803241610527 -12.1943193078041 -12.2501149177551 -12.2009095847607 -12.1354548335075 -12.1017500758171 -12.0677951872349 -12.0919699072838 -12.1455254852772 -12.2498306632042 -12.3093859255314 -12.2981908917427 -12.2217456996441 -12.1198011040688 -12.0436063110828 -12.0044111609459 -12.0284666717052 -12.1275215744972 -12.2115766108036 -12.2623249590397 -12.249766856432 -12.3019251823425 -12.5199008584023 -12.6664486527443 -12.6935855746269 -12.7982223033905 -12.9601086080074 -13.0634955763817 -13.0893821716309 -13.0737689137459 -13.1496557593346 -13.4155859351158 -13.5685594081879 -13.5687831640244 -13.6424331665039 -13.6719416975975 -13.7011995911598 -13.7009270191193 -13.7201502323151 -13.7706238627434 -13.780347764492 -13.8585708141327 -13.9999955892563 -14.0703645944595 -14.1091986894608 -14.1460332870483 -14.1586174368858
-12.3744024932384 -12.2836586534977 -12.2444142699242 -12.2461701631546 -12.1286759376526 -12.0036820173264 -11.9569374322891 -11.8614903390408 -11.7554021179676 -11.8289139568806 -12.0898512601852 -12.1081134080887 -12.0873748064041 -12.0701372027397 -12.0613988637924 -12.0936611890793 -12.1474233865738 -12.2119354605675 -12.2314474582672 -12.1939595937729 -12.2213380336761 -12.2940836548805 -12.3340792059898 -12.487575262785 -12.6888209283352 -12.7593165636063 -12.8083463311195 -12.9198461771011 -12.9445962309837 -13.0005960464478 -13.0370958149433 -13.1438454985619 -13.4349215626717 -13.6715301275253 -13.7089411020279 -13.7291025519371 -13.7402770519257 -13.7154287099838 -13.7400802969933 -13.7717317342758 -13.8654080629349 -13.9253189563751 -13.9584803581238 -14.0331413149834 -14.0723531842232 -13.9920122027397 -14.052921295166 -14.156829893589
-12.4703260064125 -12.4415426850319 -12.3917592167854 -12.2459760010242 -12.0861922502518 -12.0866582393646 -12.1441251635551 -12.0880914032459 -11.9439342617989 -11.8941971063614 -12.0861220955849 -12.05759075284 -12.0518094301224 -11.9692785739899 -11.8609973788261 -11.859716296196 -11.9681850969791 -12.1081540584564 -12.0623727142811 -11.9623417854309 -11.9668514430523 -12.0849008560181 -12.3492000699043 -12.5789993405342 -12.7912991642952 -12.9025986194611 -12.9756482243538 -12.9809476137161 -12.9466965794563 -12.9825595021248 -13.02692258358 -13.165535569191 -13.47225689888 -13.7243363261223 -13.7607066631317 -13.7537451386452 -13.8650746941566 -13.8504039645195 -13.8294834494591 -13.8310624957085 -13.7768921852112 -13.8029714226723 -13.9559729099274 -14.0300368070602 -14.0618605017662 -14.016825735569 -14.0777758955956 -14.1267926692963
-12.5032496154308 -12.442676961422 -12.3746041357517 -12.3132816553116 -12.1062082946301 -11.9177054166794 -11.9439816772938 -12.0257394909859 -12.0210411548615 -12.0399665236473 -12.0266426205635 -11.9870684146881 -11.9369943141937 -11.8634197115898 -11.7767506241798 -11.7860213816166 -11.880773037672 -11.9503729939461 -11.9925484657288 -11.9584748744965 -11.9618641138077 -12.0719674229622 -12.270320892334 -12.4356741011143 -12.5650275945663 -12.8171306848526 -13.0372338891029 -13.1483375430107 -13.0769404172897 -13.0415230989456 -13.0974995493889 -13.2407256960869 -13.4823422431946 -13.6728496551514 -13.7529718279839 -13.7676143050194 -13.8301218748093 -13.8396295905113 -13.8411368131638 -13.9106439948082 -13.8871510624886 -13.845908343792 -13.9342150092125 -14.0149327516556 -14.0610718727112 -13.9819334745407 -13.9661936163902 -13.9922540783882
