data/train_2003/bio6_avg_2003-2018.asc
NCOLS 664 
NROWS 380 
XLLCORNER 3.91666666666667 
YLLCORNER 55.3333333333333 
CELLSIZE 0.0416666666666666 
NODATA_value -9999 
[rows 168 to 188 of 380, columns 576 to 623 of 664]
-16.7008193135262 -16.6112798452377 -16.5614892244339 -16.4786995649338 -16.4759092330933 -16.5451613068581 -16.4798287153244 -16.4357683062553 -16.4443665146828 -16.5092579722404 -16.5069004297256 -16.4582924842834 -16.5589351058006 -16.6880770325661 -16.7399690151215 -16.7141110897064 -16.7257532477379 -16.8403958082199 -16.8925381302834 -16.9406802654266 -17.0367633700371 -16.9812874794006 -16.901350915432 -16.812884926796 -16.8709197044373 -17.0014548301697 -17.0804896354675 -17.0935243368149 -16.9782056808472 -16.8039798140526 -16.8015039563179 -16.8405277132988 -16.9252606630325 -17.0669209361076 -17.0935806035995 -17.131240427494 -17.1414005160332 -17.1350604891777 -17.1467204093933 -17.1698804497719 -17.2105408906937 -17.2037000656128 -17.2063606977463 -17.2530202865601 -17.3340203762054 -17.3653614521027 -17.3622021079063 -17.3555428385735
-16.6274643540382 -16.5164467692375 -16.4639297127724 -16.4609125852585 -16.5408970117569 -16.5676875114441 -16.5137276053429 -16.4698439240456 -16.3808206915855 -16.4851346611977 -16.5051990151405 -16.4097633957863 -16.4540778398514 -16.5861419439316 -16.6192064881325 -16.6152712702751 -16.7173346877098 -16.8361495733261 -16.8552136421204 -16.8862781524658 -16.9583280086517 -16.9041126966476 -16.8901483416557 -16.9021832346916 -16.9290589690208 -16.9971485733986 -17.0587395429611 -17.0638294816017 -17.0078585147858 -16.9703929424286 -16.9856786727905 -16.967190682888 -16.9844637513161 -17.0789180994034 -17.1128725409508 -17.1318272948265 -17.1367816925049 -17.1102360486984 -17.1296907663345 -17.169645190239 -17.2261001467705 -17.1505541801453 -17.1425091028214 -17.2214635014534 -17.3000013232231 -17.3701223134995 -17.4187443256378 -17.3983650803566
-16.5428583621979 -16.5246145129204 -16.4588693380356 -16.4646258354187 -16.5204368233681 -16.4819638729095 -16.4882408380508 -16.4896478652954 -16.4575245976448 -16.5712611079216 -16.5772476196289 -16.5482335686684 -16.6632207632065 -16.7509570717812 -16.7044435143471 -16.6976796984673 -16.7506667375565 -16.8026531338692 -16.8251391649246 -16.8618757724762 -16.8993921875954 -16.8716884255409 -16.873984336853 -16.9222809672356 -16.9458265900612 -16.9948437809944 -17.003989636898 -17.0371354818344 -17.0662814378738 -17.0474269390106 -17.0400726795197 -17.0177185535431 -16.9751662611961 -16.9664154052734 -17.0006645917892 -17.0514134764671 -17.085162460804 -17.1174117326736 -17.1586607098579 -17.1829097867012 -17.1751587986946 -17.1734083294868 -17.2076576352119 -17.2354063987732 -17.2059822678566 -17.2398840785027 -17.3637855648994 -17.3891875743866
-16.6595036387444 -16.6795319914818 -16.6238107085228 -16.5378386378288 -16.4888669848442 -16.5407404303551 -16.5410038232803 -16.4709530472755 -16.4649789333344 -16.5378874540329 -16.6052961349487 -16.631205201149 -16.7433632016182 -16.7762721776962 -16.7101805210114 -16.7145892977715 -16.7934976220131 -16.8531571626663 -16.9415652155876 -16.99972397089 -17.0229571461678 -17.0155137777328 -17.0190710425377 -16.9841281175613 -17.0123363733292 -17.0592422485352 -17.0607993602753 -17.1044403910637 -17.0836425423622 -17.0178436636925 -17.0110450983047 -17.0367463231087 -17.0408687591553 -17.0389124155045 -17.0329567193985 -16.9980003237724 -16.9655435085297 -17.0340875387192 -17.1396309137344 -17.1971743702888 -17.1442184448242 -17.1247621774673 -17.1243060827255 -17.1198496222496 -17.1139626502991 -17.178145468235 -17.2313278913498 -17.2785107493401
-16.5918979644775 -16.602449119091 -16.5505003333092 -16.5205521583557 -16.4793527126312 -16.4936544299126 -16.5012669563293 -16.5157570838928 -16.5349330306053 -16.4907512068748 -16.5285430550575 -16.6434255242348 -16.7382562160492 -16.7545870542526 -16.7124174237251 -16.7062485218048 -16.7083292603493 -16.7859107851982 -16.8804910182953 -16.929072022438 -16.9462718367577 -17.0355893969536 -17.1056572794914 -17.0869758725166 -17.0509756207466 -17.0612327456474 -17.1169895529747 -17.1852459311485 -17.184503018856 -17.1502602696419 -17.1000174880028 -17.0687741041183 -17.0800719857216 -17.1394096016884 -17.1657487154007 -17.1330864429474 -17.0384247303009 -17.0207629799843 -17.0726014375687 -17.1519396901131 -17.168777525425 -17.1456158161163 -17.1024543642998 -17.1007924675941 -17.1309433579445 -17.1669061779976 -17.1888697743416 -17.1918331384659
-16.5595393776894 -16.5179491043091 -16.4841086268425 -16.5010173916817 -16.4796773195267 -16.4164136052132 -16.3974879980087 -16.4638118743896 -16.5059646964073 -16.4813898205757 -16.4376432299614 -16.542896091938 -16.6338992118835 -16.6516519784927 -16.6846548914909 -16.7187626361847 -16.7808614969254 -16.8011639714241 -16.8031673431396 -16.8236582875252 -16.8858647346497 -16.9586770534515 -17.0792443752289 -17.1935729980469 -17.179113805294 -17.1044270992279 -17.1062397956848 -17.1640520095825 -17.1773642897606 -17.1801768541336 -17.1744892001152 -17.1328021883965 -17.1712744832039 -17.1699072122574 -17.1655405163765 -17.1346728801727 -17.1213058829308 -17.1239384412766 -17.1320712566376 -17.1592042446136 -17.182336628437 -17.187085211277 -17.1796026229858 -17.1707352399826 -17.1539231538773 -17.1561675667763 -17.1659116148949 -17.1926556229591
-16.6070053577423 -16.6238946318626 -16.602548122406 -16.5704513788223 -16.5558544397354 -16.4895075559616 -16.4324107766151 -16.4313139915466 -16.449002802372 -16.4642499089241 -16.4436560869217 -16.4728122353554 -16.5477921962738 -16.5512169003487 -16.6231159567833 -16.7150217294693 -16.7534271478653 -16.7688328623772 -16.8122388720512 -16.8376442790031 -16.8862811923027 -16.8821489810944 -16.9625173211098 -17.126884996891 -17.2042534351349 -17.1381215453148 -17.0424894094467 -17.0378575325012 -17.0707255005836 -17.1250940561295 -17.1574615240097 -17.1558299064636 -17.1214773654938 -17.124904692173 -17.0888319015503 -17.1027594208717 -17.1116868853569 -17.0811140537262 -17.1035417318344 -17.1334876418114 -17.1718962788582 -17.1698235869408 -17.1282507181168 -17.0796784162521 -17.0544041991234 -17.1249288916588 -17.2004539370537 -17.2949784398079
-16.5201931595802 -16.6043407320976 -16.5542379021645 -16.4691344499588 -16.5282818078995 -16.5791789293289 -16.5165761709213 -16.4517230987549 -16.4522887468338 -16.5027738213539 -16.4090083241463 -16.4014929533005 -16.5186434984207 -16.6083557009697 -16.6835678815842 -16.7637803554535 -16.7774924039841 -16.8382050991058 -16.886417388916 -16.9491296410561 -16.9661973714828 -16.9356215596199 -16.9835450053215 -17.0484690070152 -17.1098923683167 -17.0998159646988 -17.026239335537 -16.9896631836891 -17.0410866141319 -17.1070100665092 -17.1799336671829 -17.1913573145866 -17.1321803927422 -17.1724021434784 -17.2191238999367 -17.140346288681 -17.0515679121017 -17.0124866366386 -17.0509565472603 -17.1276760101318 -17.1496452689171 -17.1518648862839 -17.1023994088173 -17.0483049750328 -17.0515974164009 -17.1027124524117 -17.2189949154854 -17.2853004932404
-16.4328954219818 -16.454251229763 -16.5001963973045 -16.4908182621002 -16.5569596886635 -16.6973504424095 -16.6274917721748 -16.5123828053474 -16.4954845905304 -16.5520478487015 -16.4816107749939 -16.4001732468605 -16.4894864559174 -16.6175009608269 -16.7225196361542 -16.8100389242172 -16.8445580601692 -16.8955770134926 -16.9470964670181 -16.9991151094437 -17.0481147170067 -17.0230938196182 -16.9940727949142 -17.0040519237518 -17.0290313363075 -17.0875104665756 -17.1129896044731 -17.0679686665535 -17.0849477052689 -17.1829268336296 -17.2134060263634 -17.1648853421211 -17.1408830881119 -17.2123994827271 -17.2319156527519 -17.106932580471 -17.0639015436172 -17.0749654769897 -17.1089818477631 -17.1461138129234 -17.136934697628 -17.1467549204826 -17.1563256978989 -17.1571468114853 -17.1572845578194 -17.1357401013374 -17.1154454350471 -17.1364006400108
-16.3394562005997 -16.3999825119972 -16.5022621750832 -16.6044158935547 -16.6096370816231 -16.6310220956802 -16.6174073219299 -16.576542198658 -16.5984299778938 -16.6623219251633 -16.604712843895 -16.5071038603783 -16.4887455701828 -16.5481363534927 -16.5894719362259 -16.6962976455688 -16.8311235904694 -16.882449388504 -16.9337750673294 -16.962100982666 -17.0595317482948 -17.0575662255287 -17.0316005349159 -16.9861352443695 -16.9411697983742 -17.0367047190666 -17.0967398285866 -17.051774084568 -17.0948092937469 -17.2418434023857 -17.3078784346581 -17.3094137310982 -17.2840859293938 -17.179897248745 -17.1322081685066 -17.1090189218521 -17.1200367212296 -17.1607078313828 -17.1824520230293 -17.2143018841743 -17.2122232913971 -17.2211449146271 -17.2065665125847 -17.1597381830215 -17.1232217550278 -17.0725170373917 -17.0908125042915 -17.1441081166267
-16.3444999456406 -16.455647110939 -16.4591860175133 -16.4907247424126 -16.475149333477 -16.503186583519 -16.5549735426903 -16.6155110001564 -16.618196606636 -16.6527802944183 -16.6516142487526 -16.5984480381012 -16.5470312833786 -16.5244516730309 -16.5334612727165 -16.6349709630013 -16.7719804048538 -16.8989901542664 -16.9769997596741 -16.9765091538429 -16.9706513285637 -16.941926240921 -16.9887005090714 -16.9759759306908 -16.9632505178452 -17.0800256729126 -17.1013005971909 -17.0650753974915 -17.0898507833481 -17.198125243187 -17.2744003534317 -17.2946752309799 -17.2404477596283 -17.1667184829712 -17.1869891285896 -17.2217594385147 -17.1935297250748 -17.1577834486961 -17.1407027840614 -17.1536222100258 -17.2000415325165 -17.1839608550072 -17.1376309990883 -17.0980504155159 -17.0442844033241 -17.0328335165977 -17.0726326704025 -17.1271812319756
-16.3422629237175 -16.3458652496338 -16.31179946661 -16.353647172451 -16.4104952812195 -16.4898435473442 -16.5209414362907 -16.5547897219658 -16.5337840914726 -16.6124241948128 -16.6713139414787 -16.629454433918 -16.5310942530632 -16.4969175457954 -16.5654883980751 -16.6580581665039 -16.7731291055679 -16.8906991481781 -16.966269493103 -16.9753395318985 -16.9744748473167 -17.0101744532585 -17.0953740477562 -17.0950733423233 -17.0862733125687 -17.132973253727 -17.1311725974083 -17.1173720955849 -17.1705716848373 -17.2392711639404 -17.2769712209702 -17.2806712985039 -17.2424681782722 -17.2078629732132 -17.2167581915855 -17.2336528301239 -17.233548283577 -17.1611969470978 -17.1185110807419 -17.1565752625465 -17.2058896422386 -17.131453871727 -17.0387681722641 -16.9873323440552 -16.9892222881317 -16.9944384694099 -17.0264048576355 -17.0806208848953
-16.2419177293777 -16.1743651032448 -16.2222735881805 -16.2929328083992 -16.400841653347 -16.4857504963875 -16.4811594486237 -16.46206843853 -16.4893706440926 -16.5843176245689 -16.6242642998695 -16.5992109775543 -16.5306571125984 -16.5208535194397 -16.5588003396988 -16.6331464648247 -16.6832773089409 -16.7299085259438 -16.7920396327972 -16.8426703810692 -16.9472982883453 -17.0774223208427 -17.1730468273163 -17.2101716995239 -17.1692960262299 -17.1044202446938 -17.0695447325706 -17.1281688809395 -17.2162932157516 -17.2514180541039 -17.2405424118042 -17.2516673803329 -17.2514885663986 -17.2380082011223 -17.2050273418427 -17.2035470604897 -17.2345660924911 -17.1935858726501 -17.1386049985886 -17.1776245832443 -17.2124875187874 -17.1479462981224 -17.0199052095413 -16.94461363554 -16.9471603035927 -16.9392936825752 -16.9796769618988 -17.0058103203773
-16.0825722813606 -16.0847791433334 -16.2059983611107 -16.2532181739807 -16.2944910526276 -16.3442212939262 -16.339450776577 -16.3301802277565 -16.3973914384842 -16.4812109470367 -16.5092141628265 -16.5547171235085 -16.5809704065323 -16.546723306179 -16.5684766173363 -16.6047292351723 -16.5894823074341 -16.5931175947189 -16.6388092041016 -16.6960012316704 -16.8171218633652 -16.9642924070358 -17.0717200636864 -17.1392692923546 -17.1648186445236 -17.1028676629066 -17.0289169549942 -17.0609663724899 -17.172014772892 -17.1980643868446 -17.1321138143539 -17.1486632227898 -17.1520093679428 -17.1846532821655 -17.1957972049713 -17.1944407224655 -17.1670843958855 -17.1177285313606 -17.0888724327087 -17.1205159425735 -17.1233353018761 -17.1101888418198 -17.0260426402092 -16.9393956661224 -16.9355978369713 -16.9133988022804 -16.9186992049217 -16.9294996261597
-15.9311626553535 -15.9699435830116 -16.0777236819267 -16.1336067914963 -16.2119002342224 -16.2086937427521 -16.202487051487 -16.2112799882889 -16.2652953863144 -16.3703067302704 -16.4905585646629 -16.5438111424446 -16.5845640301704 -16.5828166007996 -16.6276524662971 -16.6484616398811 -16.6675744056702 -16.6413269639015 -16.6775789856911 -16.7323319911957 -16.8104454874992 -16.8919190764427 -16.9788928627968 -17.0688669681549 -17.1788408756256 -17.1828153729439 -17.1002893447876 -17.0282629728317 -17.0487371683121 -17.0857109427452 -17.0596849322319 -17.1291590929031 -17.1860296726227 -17.2002983093262 -17.1675663590431 -17.1418344974518 -17.0551026463509 -16.9763715863228 -16.9911398291588 -17.0754075050354 -17.0939329266548 -17.0741815567017 -17.0129296183586 -16.9444277882576 -16.9010357260704 -16.8592535257339 -16.8434716463089 -16.9289395213127
-15.8352665305138 -15.8836072683334 -15.9329482316971 -15.996289730072 -16.1323812603951 -16.1599721908569 -16.1823129057884 -16.191380739212 -16.2782155275345 -16.3140288591385 -16.4843426346779 -16.5626558065414 -16.5639693140984 -16.5727827548981 -16.5885961055756 -16.6241940259933 -16.6818095445633 -16.7114254236221 -16.7473493814468 -16.8316628932953 -16.9172683954239 -16.9266674518585 -16.9155659079552 -16.9749649167061 -17.1033637523651 -17.1607621908188 -17.1311613917351 -17.01406031847 -16.9314587712288 -16.9388570189476 -16.9897562861443 -17.0871548652649 -17.1525502800941 -17.2249429821968 -17.2028352022171 -17.1417285203934 -17.049121260643 -16.9645138978958 -16.9719066619873 -17.0572990179062 -17.1291918158531 -17.0966734886169 -17.0445668101311 -16.9839596152306 -16.9087237715721 -16.8663591146469 -16.8594939112663 -16.8851289153099
-15.8251195549965 -15.9245215654373 -15.9096733927727 -15.9315750598907 -16.0572268366814 -16.1471294164658 -16.1757809519768 -16.2124328017235 -16.2473781108856 -16.2422523498535 -16.4221267104149 -16.4930005669594 -16.4738748669624 -16.5052488446236 -16.5177533626556 -16.5434255599976 -16.6318482756615 -16.661770761013 -16.6471193432808 -16.7729932069778 -16.9480922818184 -16.9574154615402 -16.8637391924858 -16.8325629234314 -16.9048860669136 -16.9907095432281 -17.0125331282616 -16.9478567242622 -16.9286801218987 -16.9375038146973 -16.9326107501984 -16.9091508388519 -16.9420711398125 -17.1195875406265 -17.1741051077843 -17.1466220617294 -17.0701392889023 -17.013656437397 -17.0016739368439 -17.0211910009384 -17.0692074894905 -17.1002250313759 -17.0772416591644 -17.0347418785095 -16.9661617875099 -16.9412138462067 -16.8877667188644 -16.8205687999725
-15.8582227826118 -15.8909356594086 -15.9281482100487 -15.9388605952263 -15.9893236756325 -16.0537859201431 -16.0614987611771 -16.1354613900185 -16.1498071551323 -16.193536221981 -16.3594107627869 -16.3464938998222 -16.3599723577499 -16.466200709343 -16.4896795749664 -16.4631581306458 -16.5308871865273 -16.5411155819893 -16.5713890790939 -16.7343239188194 -16.9254159927368 -16.9316638708115 -16.8639125823975 -16.8206598758698 -16.7919085025787 -16.851656973362 -16.882905125618 -16.9701535105705 -16.9484018087387 -16.8531502485275 -16.8993982076645 -16.9781464338303 -16.9020917415619 -17.0167324542999 -16.940374314785 -17.0045157670975 -16.9731575846672 -17.0107990503311 -17.0154405236244 -16.9950823783875 -16.9447237849236 -17.0503652095795 -17.0435068011284 -16.9601479172707 -16.9632785916328 -16.8803191184998 -16.7970388531685 -16.7467583417892
-15.8498257994652 -15.8068496584892 -15.7521226406097 -15.7901464700699 -15.9224202632904 -16.0485848784447 -16.0471329689026 -16.123181283474 -16.1273946762085 -16.183429479599 -16.2997148036957 -16.3414999842644 -16.3892853856087 -16.4703197479248 -16.4981049895287 -16.4886401891708 -16.5359254479408 -16.5689606070518 -16.6101593971252 -16.6926544308662 -16.8227395415306 -16.8579120635986 -16.8700849413872 -16.8462582826614 -16.8139314055443 -16.7846040725708 -16.8387775421143 -16.9439504146576 -17.0531234741211 -16.9752966165543 -16.8674696683884 -16.857642531395 -16.8781123161316 -16.9168782234192 -16.8711439967155 -16.845910012722 -16.8591757416725 -16.9969416856766 -16.9447077512741 -16.8969737291336 -16.8792392015457 -16.9750058054924 -16.9202719330788 -16.835537314415 -16.896071434021 -16.8994244933128 -16.7983108758926 -16.758447766304
-15.7506791949272 -15.7797637581825 -15.7620977759361 -15.7351816296577 -15.7825160622597 -15.8996006250381 -16.0126695036888 -16.0345188975334 -16.0414818525314 -16.0680730938911 -16.1531645059586 -16.2495345473289 -16.3175908327103 -16.3786470890045 -16.418281018734 -16.4933720827103 -16.5477139949799 -16.5460556745529 -16.5796229839325 -16.6617575883865 -16.757016658783 -16.8474813103676 -16.8920866847038 -16.8974098563194 -16.8533749580383 -16.8145514726639 -16.8666495680809 -16.8887470364571 -17.0008451342583 -17.1054431200027 -17.0760407447815 -16.9811384677887 -16.8781325221062 -16.8285229206085 -16.7684133052826 -16.7553039193153 -16.7771942615509 -16.7590844035149 -16.7179747223854 -16.6743648052216 -16.7362559437752 -16.7991459369659 -16.8800362944603 -16.9369261860847 -16.9403631091118 -16.8427790403366 -16.7705829739571 -16.7648124098778
-15.5645328462124 -15.5949277281761 -15.6203226447105 -15.6509674191475 -15.6856122612953 -15.8460075855255 -15.9691525101662 -15.9145472049713 -15.9235688447952 -15.9339668154716 -16.0013646483421 -16.1450126171112 -16.294496178627 -16.3811133503914 -16.4642302393913 -16.521854698658 -16.5354619026184 -16.5544593930244 -16.5647070407867 -16.5869544148445 -16.6619900465012 -16.7666783332825 -16.8516164422035 -16.8918053507805 -16.8784934282303 -16.9021816253662 -16.9068701863289 -16.8765439987183 -16.9065667390823 -16.9865892529488 -17.0511122345924 -17.064634680748 -16.9781529903412 -16.8526684045792 -16.7501827478409 -16.7586976289749 -16.8987126350403 -16.8172268867493 -16.775741815567 -16.6062566041946 -16.6057714819908 -16.6297860145569 -16.6248009204865 -16.7283155322075 -16.8221553564072 -16.7418203353882 -16.6593553423882 -16.6826502680779
