data/train_2003/bio6_avg_2003-2018.asc
NCOLS 664 
NROWS 380 
XLLCORNER 3.91666666666667 
YLLCORNER 55.3333333333333 
CELLSIZE 0.0416666666666666 
NODATA_value -9999 
[rows 63 to 83 of 380, columns 288 to 335 of 664]
-9.77139163017273 -10.4518418610096 -10.2993532717228 -9.50546076893806 -8.55646702647209 -8.29420325160027 -7.9905594587326 -8.68603265285492 -9.4247927069664 -9.64573898911476 -9.68618530035019 -9.31047415733337 -8.54931029677391 -8.86331713199615 -9.30816042423248 -9.45897263288498 -9.17226186394691 -9.02745833992958 -9.19933530688286 -9.34546262025833 -9.90720421075821 -10.370953887701 -10.3568271994591 -10.5694056749344 -10.885010778904 -10.6025841236115 -10.067482560873 -10.4925584793091 -11.1303161382675 -11.386482656002 -11.5276488661766 -11.7588158845901 -11.9146364927292 -11.9961103200912 -11.8583753705025 -11.8359290957451 -11.9297186732292 -11.6410780847073 -11.4049819111824 -11.767170548439 -12.7534304261208 -13.3379043936729 -13.4473788142204 -13.6318529248238 -13.7844406962395 -14.0181414484978 -14.4148416519165 -14.646542429924
-9.4529989361763 -9.61195051670074 -9.17547708749771 -8.63974502682686 -8.36122691631317 -8.02654609084129 -9.03382650017738 -10.1429282128811 -10.6274087429047 -10.7398913502693 -10.3851430118084 -9.88403820991516 -9.47087240219116 -8.74207359552383 -8.79868584871292 -9.52013716101646 -9.20542433857918 -8.99930754303932 -9.11056870222092 -9.35357409715652 -9.58703508973122 -9.79906687140465 -9.78066068887711 -9.71193128824234 -9.54204204678535 -9.41416281461716 -9.01987561583519 -9.68928796052933 -10.3831862211227 -11.1306495666504 -11.6203296482563 -11.9676465392113 -11.9091166853905 -11.7782080173492 -11.3200394511223 -9999 -9999 -10.5378293693066 -10.7390978634357 -11.6169292926788 -12.7316356301308 -12.9415886998177 -13.0419992804527 -13.2604420781136 -13.4492784142494 -14.052681863308 -14.4810857772827 -14.7504891753197
-9.03085625171661 -8.65411347150803 -8.37548384070396 -8.42208322882652 -7.60201060771942 -8.17633762955666 -8.91392379999161 -9.18726193904877 -9.48380988836288 -9.38704365491867 -9.28231000900269 -9.00485190749168 -8.73363628983498 -9999 -8.28256416320801 -8.71730163693428 -8.09137919545174 -7.74274861812592 -9.04389351606369 -7.83518570661545 -9999 -9999 -9999 -9999 -9999 -9999 -9.18356788158417 -9.55442720651627 -9.85512122511864 -9999 -9999 -9999 -9999 -9.98873054981232 -10.3112031519413 -9.84680968523026 -10.8807724118233 -12.0316286087036 -12.3919011354446 -13.4155826568604 -13.640059709549 -12.8050804138184 -12.6087175607681 -12.5477145314217 -13.2079055905342 -13.9722228050232 -14.4853295087814 -14.8944358229637
-8.46425914764404 -8.14538750052452 -9999 -7.56949330866337 -7.74942451715469 -8.38253429532051 -8.75790253281593 -8.61340978741646 -9999 -9999 -7.90296545624733 -8.33791562914848 -8.92932415008545 -9.32011851668358 -9.15401571989059 -9.00671634078026 -8.80636116862297 -9.16481900215149 -9.62236937880516 -9.36901643872261 -9.35014763474464 -9.59648776054382 -9.43744710087776 -9.15115055441856 -9999 -9999 -9999 -9.29155391454697 -9.67110279202461 -10.1974825561047 -9.96019089221954 -9.37539893388748 -10.3655157387257 -10.8322070240974 -11.3496173918247 -11.7141311168671 -12.1570031046867 -12.5706862211227 -13.1467880606651 -13.7470670342445 -13.7830043435097 -13.8729034662247 -13.8737616539001 -14.0496196746826 -14.1233705282211 -14.3410137891769 -14.7440729141235 -14.8297471404076
-9999 -9999 -9999 -7.29896613955498 -7.77543233335018 -7.8552650809288 -7.78200644254684 -8.16925856471062 -7.39589601755142 -7.71459838747978 -8.66056656837463 -9.3242295384407 -10.0856423377991 -10.7725549638271 -10.124717772007 -9.71809288859367 -10.3685433268547 -10.8274375498295 -11.0676049590111 -10.7762722074986 -10.2886208593845 -9.96082755923271 -9.74281719326973 -9.74838384985924 -10.1307654976845 -10.1596558690071 -10.0286591649055 -11.142914891243 -11.5698361098766 -11.6830072999001 -11.3754291832447 -10.4455165863037 -10.9792362451553 -12.71183770895 -13.5251892805099 -13.1149885058403 -13.0526410937309 -13.0922932624817 -13.4849465489388 -13.411598443985 -13.1532510519028 -13.9159035682678 -14.2965561747551 -14.6932083964348 -15.4340265989304 -15.852524459362 -15.4757721424103 -15.6185194849968
-9999 -9999 -9999 -9999 -9999 -7.47430223226547 -8.18448194861412 -8.78966525197029 -8.7842503786087 -8.68349835276604 -8.69303148984909 -9.01356574892998 -9.58567076921463 -10.4124816656113 -10.5576262772083 -10.5045452415943 -10.4024660289288 -10.3516961634159 -10.4226176142693 -10.4256297051907 -10.3583507537842 -10.7577111124992 -11.3888880610466 -11.8224981427193 -12.3826306462288 -11.8760120868683 -10.5521075725555 -11.447843760252 -12.4251575469971 -12.8867896795273 -12.4661720395088 -11.4919492602348 -10.7837098538876 -11.8598652780056 -13.1530574560165 -14.2222240567207 -14.7658247947693 -14.6659262776375 -14.6295271515846 -14.2876282930374 -13.6454561948776 -14.0079031586647 -15.4774317741394 -15.8325329422951 -16.0863715410233 -16.132198035717 -15.8215244412422 -15.9378505945206
-7.44553503394127 -8.08996960520744 -8.39221107959747 -8.28209325671196 -9999 -6.91891115903854 -7.59881499409676 -8.7760899066925 -9.08256334066391 -9.07612520456314 -9.08786106109619 -9.31160706281662 -9.72868356108665 -10.2242120206356 -10.0356375873089 -9.92767590284348 -10.0665267407894 -10.3488858342171 -10.3504419922829 -10.8454500436783 -11.3262328505516 -11.2344826757908 -11.1877325177193 -11.7820166945457 -12.7273594737053 -12.7424522638321 -11.6077327430248 -12.7898873090744 -14.2457296252251 -14.0970722436905 -13.8366647958755 -13.483257651329 -12.195728302002 -11.7547840774059 -11.4185671508312 -12.5346887111664 -13.7935076951981 -14.8391087055206 -14.6897093653679 -14.8280602097511 -14.6869109869003 -14.7700117826462 -15.4861126542091 -16.1379637122154 -16.4157168269157 -16.2056219577789 -16.1857765316963 -16.572431743145
-7.91449984908104 -8.77677947282791 -8.92960184812546 -8.50003659725189 -8.23953723907471 -9999 -7.25961500406265 -7.69833651185036 -8.1435449719429 -8.42372104525566 -8.41286873817444 -9.3498740196228 -9.28466522693634 -9.86050069332123 -11.0550617873669 -10.8392636179924 -9.86759403347969 -10.7889424860477 -10.5528479218483 -10.6364712417126 -11.2109510302544 -11.5992619693279 -11.8907835483551 -11.9900552630424 -12.3228265047073 -13.204598903656 -13.7528702616692 -13.9806421995163 -14.6461636424065 -15.5134352445602 -15.67320728302 -15.2807285785675 -13.66877835989 -12.0876505970955 -12.0597173571587 -12.5283042788506 -12.661540389061 -13.3467766046524 -14.2949947714806 -15.1188220977783 -15.0269002914429 -15.3202273845673 -15.6243054270744 -16.1116334795952 -16.1552563309669 -16.7586735486984 -17.1583411693573 -17.2890091538429
-9.05299434065819 -9.3922153711319 -9.0451692044735 -8.83841288089752 -8.66526299715042 -8.26107662916183 -9999 -9999 -9999 -7.98264342546463 -7.3874773979187 -8.50168853998184 -8.72919714450836 -10.0812750756741 -10.3107131421566 -10.6651957035065 -10.5492418706417 -11.4150740504265 -10.7480206489563 -11.0113461315632 -10.9778464138508 -11.3371004462242 -11.8176940083504 -12.4423635005951 -13.1487827301025 -13.773952126503 -13.9503709673882 -14.0752905607224 -14.1667095422745 -14.6246291399002 -14.8027982711792 -14.7477172613144 -13.9374429583549 -12.6933166980743 -13.4280062913895 -13.9302882552147 -14.028569817543 -14.1551017165184 -13.461063683033 -13.5904937386513 -14.654446542263 -15.0922279953957 -15.3300101161003 -15.5912920236588 -15.6335325241089 -15.8467427492142 -15.9839526414871 -16.2605816721916
-9.1811258494854 -9.39684173464775 -9.39806473255157 -9.30229818820953 -9.03961229324341 -8.44741904735565 -9999 -9999 -7.72466889023781 -8.80433610081673 -9.63921186327934 -9.540063560009 -10.1599079668522 -10.8499606251717 -10.9392845332623 -11.6835893392563 -12.6873817443848 -12.4919241070747 -12.4149660468102 -11.819167971611 -12.8113039731979 -12.1353898644447 -13.0256045460701 -14.0231716036797 -14.1834880709648 -13.9953050613403 -13.9598718881607 -14.0306888818741 -14.2252553701401 -14.559322476387 -15.0898895263672 -15.3642060160637 -14.7708575129509 -14.5298430323601 -14.0983288884163 -15.1085647344589 -14.6238000392914 -14.4462859034538 -14.0301156640053 -14.17373919487 -14.8862429857254 -15.2734785676003 -16.0502142906189 -16.7649497389793 -16.6684730648994 -17.0602838397026 -16.754344522953 -16.8446551561356
-9.77760425209999 -9.77487733960152 -9.75063249468803 -9.67792385816574 -9.00371241569519 -9999 -9999 -8.9359285235405 -8.87455081939697 -9.15443783998489 -9.72966411709785 -9.45911848545074 -10.0750714242458 -10.6964139938354 -10.50220733881 -11.0288583338261 -12.3497123122215 -12.3663989901543 -12.5518362522125 -11.8603813052177 -12.6208361983299 -13.2495511174202 -13.6687653064728 -14.0899797081947 -14.2851938605309 -14.3424085974693 -14.2008728384972 -14.1540874838829 -14.4835515022278 -14.9020159840584 -14.4599806666374 -14.6326947212219 -15.1450216174126 -14.8897114396095 -14.5301513075829 -14.975340783596 -15.0920305252075 -14.828220307827 -15.3684097528458 -15.0768496394157 -15.2222894430161 -15.4817287325859 -15.5501691102982 -15.9838587641716 -16.639456987381 -17.312714278698 -17.3204708099365 -17.3742277622223
-9.53503921627998 -9.6704113483429 -9.81165647506714 -9.54376628994942 -9.00989699363708 -7.96120756864548 -8.02184584736824 -9.00780403614044 -9.80583691596985 -9.26179921627045 -9.12357756495476 -9.9812758564949 -11.1209662556648 -12.4510476589203 -12.3151294589043 -12.1351596713066 -11.684268951416 -11.2882055640221 -11.8466036915779 -12.5461562871933 -13.1534516215324 -13.623564183712 -14.0906758904457 -14.3227880597115 -14.1433998346329 -14.6907612681389 -14.8338738083839 -14.8594854474068 -14.7768476009369 -15.2957100272179 -15.425571680069 -14.7126838564873 -14.324698984623 -14.4182218909264 -15.4592238068581 -15.2946172952652 -14.8862911462784 -15.4836545586586 -15.8225486278534 -16.0374420285225 -16.1470857858658 -16.2869793772697 -16.1958729624748 -16.3345168828964 -16.3408261537552 -16.6388940215111 -17.0300975441933 -17.5385512113571
-9.4706412255764 -9.69053101539612 -9.71081268787384 -9.78085085749626 -9.70323890447617 -9.68300741910934 -8.90569016337395 -8.79772627353668 -9.21354967355728 -8.71836689114571 -9.28882160782814 -9.9300499856472 -10.0823286473751 -10.8994774520397 -11.8971001505852 -12.4760726094246 -12.6860420107841 -12.9510125517845 -13.0449824333191 -13.8784524798393 -14.7583172917366 -14.9750772714615 -14.988049685955 -14.4912534356117 -14.1637072563171 -14.4781149625778 -14.7171242833138 -14.3958241939545 -14.6783937811852 -14.6681533455849 -14.7445663809776 -14.9524801969528 -15.1280399560928 -15.1241985559464 -14.9444506764412 -14.6344630718231 -14.7845214605331 -15.2460660338402 -15.4352713227272 -15.8325348496437 -16.1983826756477 -16.6374800801277 -16.8595775961876 -16.7526749372482 -16.7901742458344 -16.6025740504265 -16.7689745426178 -17.1991240382195
-9.5464591383934 -9.88567733764648 -10.3368955254555 -10.5051137804985 -10.6220819056034 -10.5998000502586 -10.2508875727654 -9.59615316987038 -9.06922534108162 -9.97233891487122 -10.0791038274765 -10.9094624221325 -10.6423244178295 -10.7793081700802 -11.3346765041351 -12.003544986248 -13.2019004821777 -13.7073159217834 -13.7602311968803 -13.9586465954781 -14.3266826272011 -14.8205896019936 -15.1799972057343 -15.2600609064102 -15.1145063638687 -15.3417183756828 -14.8463754653931 -14.52961987257 -14.5511896014214 -15.036346912384 -15.1835038661957 -15.001661002636 -15.0939283967018 -15.2985672950745 -15.6058685779572 -15.5139203071594 -15.4734719395638 -15.2680237293243 -15.0363230109215 -15.4047218561172 -16.0251207351685 -16.3525198101997 -16.6249189376831 -16.8463335037231 -16.9246580004692 -17.2007546424866 -17.0886007547379 -17.1080439090729
-10.6599191725254 -10.6953671872616 -10.8860023021698 -11.0896373689175 -11.2190222740173 -11.033407241106 -10.8950963020325 -9.7486644089222 -11.0376551151276 -11.7222780883312 -12.1187502741814 -11.2549719214439 -10.7370249629021 -11.413759380579 -12.4260939359665 -13.1246480345726 -13.2260009646416 -14.083119392395 -14.3064798116684 -14.1863406896591 -14.2201110720634 -14.4996362328529 -14.6476606726646 -14.7489355802536 -14.5929598808289 -14.6899849772453 -14.8190097212791 -15.1274307370186 -15.2832356095314 -15.2977903485298 -15.6975952982903 -16.0446498990059 -16.0371798872948 -15.799185693264 -15.5451910495758 -15.639947116375 -15.8264525532722 -15.6944582462311 -15.3983747959137 -15.4149677157402 -15.7295602560043 -16.4101535081863 -16.8247460722923 -16.8503389954567 -16.8901190161705 -17.1700860857964 -17.2260529994965 -17.2300201654434
-11.2656528949738 -11.4011590480804 -11.8551089763641 -12.1416952610016 -12.2347818017006 -12.1568677425385 -10.9148316979408 -11.5443215668201 -10.9135103225708 -11.8117471337318 -12.2848232984543 -12.4477243423462 -12.5126084685326 -12.6747078299522 -12.7077139019966 -13.5065605044365 -13.8278666734695 -14.3596724271774 -14.4447284936905 -14.5240342617035 -14.4695333838463 -14.4404366612434 -14.5373404026031 -14.5819936990738 -14.7428973317146 -14.9640504717827 -15.0775638222694 -15.1779726743698 -15.0680115818977 -15.089665055275 -15.3833179473877 -15.5489715337753 -15.6893694996834 -15.8453236222267 -15.6936541199684 -15.709066092968 -16.3726832270622 -16.62664270401 -16.1291025280952 -15.4762130379677 -15.62425750494 -16.0847869515419 -16.4185734987259 -16.6553602814674 -16.7202169895172 -16.83214366436 -16.9890695214272 -17.1329960823059
-10.7890731990337 -10.8137008845806 -11.6493283510208 -12.2604557871819 -12.2835834622383 -12.8608927726746 -12.4636190533638 -12.7623451948166 -12.3030777573586 -12.1860435605049 -11.9091305732727 -11.4211564064026 -11.5115495324135 -12.1625835299492 -12.8601575493813 -13.6573433876038 -14.0887244343758 -14.1394465565681 -14.5589976906776 -14.5178909301758 -14.5757052302361 -14.8182376027107 -14.8957697153091 -14.8575522303581 -14.7928344011307 -14.9646164178848 -15.1731489300728 -15.1891811490059 -14.984713613987 -14.788745701313 -14.8007781505585 -15.0145601034164 -15.5423500537872 -15.446646630764 -15.409943819046 -15.3894908428192 -15.544516980648 -15.9434975385666 -16.2764782309532 -16.235458791256 -15.9172260165215 -16.0272732377052 -16.2844008803368 -16.550380885601 -16.9033147096634 -17.0862006545067 -17.1990867853165 -17.2299723625183
-11.160244166851 -11.040992975235 -11.7554914951324 -11.7472402453423 -12.211489200592 -12.7857375741005 -12.957533955574 -13.3031496405602 -13.2762895822525 -13.2519523501396 -13.1074139475822 -12.7923358678818 -12.6678985953331 -12.2420742511749 -12.7251428365707 -13.3770233392715 -13.9536951184273 -14.1436167359352 -14.2675389647484 -14.4597105979919 -14.5303773880005 -14.7150383591652 -14.7981996536255 -14.8493603467941 -14.8487710952759 -14.8694322705269 -14.9125936627388 -14.9812543392181 -15.0079154372215 -15.006326675415 -14.9852376580238 -15.019648194313 -15.1763299107552 -15.6722818017006 -15.6762333512306 -15.6399359703064 -15.9411811828613 -16.0253558754921 -15.7475299835205 -15.8532430529594 -16.0101947188377 -16.0048964619637 -16.3232278227806 -16.7954025268555 -17.2503426074982 -17.5982249379158 -17.8563573360443 -18.0412393212318
-11.5746643841267 -11.5657846927643 -11.7716546654701 -12.1130241751671 -12.739144384861 -13.0721926093102 -14.0346989631653 -13.8072053194046 -13.8208457231522 -13.589119374752 -13.6386433243752 -13.696417927742 -13.4738011956215 -13.3892982602119 -13.4275454282761 -13.8382927179337 -14.6546906232834 -15.0850826501846 -14.9082837104797 -14.9185307025909 -15.6027641892433 -15.8539046645164 -15.7235760688782 -15.587356865406 -15.3134582042694 -15.1984983682632 -15.1035382151604 -15.102327644825 -15.2001178860664 -15.1774078011513 -15.0479474663734 -14.9224868416786 -14.8805604577065 -15.4281668663025 -15.9922733902931 -16.2364767789841 -15.9918451309204 -15.8063437342644 -16.0834504961967 -16.0718064904213 -16.1364139318466 -16.2696866393089 -16.1740553379059 -16.2554236650467 -16.6935101747513 -17.1663149595261 -17.6282336115837 -17.9160625934601
-11.720166862011 -12.3721034526825 -12.4852904677391 -13.0711312890053 -13.3539680838585 -13.5433051586151 -13.6021420955658 -13.8714790344238 -13.9474330544472 -14.2595047950745 -14.3155761957169 -14.1751478910446 -13.9240818023682 -13.9490857124329 -14.1643382906914 -14.7607166171074 -14.8979131579399 -15.1068266034126 -15.1646008491516 -15.2251046299934 -15.2929663658142 -15.3684374690056 -15.4574089050293 -15.4406298398972 -15.4083508253098 -15.7133215665817 -16.0912933945656 -15.906763613224 -15.5914850831032 -15.3542060852051 -15.1771770715714 -15.136398255825 -14.9912959933281 -14.8021201491356 -14.8906943202019 -15.2192693352699 -15.3865933418274 -15.5151674151421 -16.0102418661118 -16.4143166542053 -16.8176286816597 -17.0688183307648 -17.3251273036003 -17.349936068058 -17.5710377693176 -17.4269335865974 -17.0674321651459 -16.9453344345093
-12.5700007677078 -12.5877003073692 -12.6716491580009 -12.7098484039307 -13.0715474486351 -13.0402467250824 -13.231446146965 -13.6313951015472 -14.4528030753136 -14.5666079521179 -14.4414127469063 -14.4729671478271 -14.6760225892067 -14.780076622963 -14.6712305545807 -14.9974364042282 -15.2949906587601 -15.4078006744385 -15.5187407135963 -15.4554314613342 -15.5296283364296 -15.6455832123756 -15.5767879486084 -15.7622427940369 -15.932698071003 -16.0256525874138 -16.244419157505 -16.3368977308273 -16.3286265134811 -16.181222319603 -15.9229274988174 -15.5171320438385 -15.2487871646881 -15.0451421737671 -14.9982466697693 -15.0456020236015 -15.1502070426941 -15.3518126010895 -15.653416633606 -15.6917723417282 -15.6948082447052 -16.0186343193054 -16.5294594764709 -17.0056480169296 -17.2374787926674 -17.6428110599518 -17.8693930506706 -18.0479749441147
