data/train_2003/bio6_avg_2003-2018.asc
NCOLS 664 
NROWS 380 
XLLCORNER 3.91666666666667 
YLLCORNER 55.3333333333333 
CELLSIZE 0.0416666666666666 
NODATA_value -9999 
[rows 105 to 125 of 380, columns 480 to 527 of 664]
-19.6730580925941 -19.7212929129601 -19.6617758274078 -19.4925107955933 -19.336341381073 -19.2830568552017 -19.2852729558945 -19.2905099391937 -19.340144097805 -19.3981456756592 -19.4346476793289 -19.4191496968269 -19.3576511144638 -19.3125348091125 -19.3298479318619 -19.3331611156464 -19.3594739437103 -19.3265928030014 -19.3008497357368 -19.3278569579124 -19.3324137926102 -19.2895177006721 -19.2318724393845 -19.183976650238 -19.1978309750557 -19.2011857032776 -19.1067497134209 -19.1085433363914 -19.1688370704651 -18.981131374836 -18.7894250750542 -18.724969625473 -18.6825451254845 -18.6301506757736 -18.5777564048767 -18.5171120762825 -18.5274674296379 -18.4703239202499 -18.3651805520058 -18.2650364637375 -18.132641851902 -17.998247385025 -17.9158535599709 -17.828709423542 -17.7340719103813 -17.683690905571 -17.6443099379539 -17.6011787652969
-19.4413288831711 -19.541431427002 -19.5992833375931 -19.5373859405518 -19.4419884085655 -19.393591105938 -19.3026502132416 -19.2042988538742 -19.2306221723557 -19.2344622015953 -19.3054282069206 -19.2726441025734 -19.2364845275879 -19.216482758522 -19.2150853872299 -19.1504363417625 -19.1330379247665 -19.1221253871918 -19.0397468805313 -19.0121182203293 -19.1424490213394 -19.0962406396866 -19.0345303416252 -19.009820997715 -19.0688620209694 -19.0978679656982 -19.079113483429 -19.0516082644463 -18.9466037154198 -18.8233481049538 -18.7365931272507 -18.7370886206627 -18.5989892482758 -18.464299082756 -18.4148584604263 -18.3799180388451 -18.3767275214195 -18.2495363354683 -18.1023451685905 -17.9896538257599 -17.8629634380341 -17.7397719621658 -17.6525812149048 -17.5531406998634 -17.4514451622963 -17.4354951381683 -17.3830446600914 -17.3153449892998
-19.1510273814201 -19.1839168071747 -19.2500578761101 -19.3081979751587 -19.4333377480507 -19.3872284889221 -19.2605424523354 -19.1205381155014 -19.050184905529 -18.9929819107056 -19.0554440021515 -19.0971790552139 -19.1347230672836 -19.2016512751579 -19.1816358566284 -19.0426358580589 -19.0406603813171 -18.8791842460632 -18.5994589924812 -18.678982436657 -19.0754380226135 -19.0925735235214 -19.0149593353271 -18.9823457598686 -19.0507320165634 -19.0738674998283 -19.0839051604271 -18.9908552765846 -18.8898056149483 -18.7850049734116 -18.7439554333687 -18.6946552395821 -18.574094414711 -18.4257721304893 -18.3272000551224 -18.236626625061 -18.1868042349815 -18.0124817490578 -17.8819086551666 -17.7978367209435 -17.6787638664246 -17.5676918625832 -17.4416190385818 -17.2965469956398 -17.1540157198906 -17.0585265159607 -17.0240374803543 -17.0335485339165
-19.0532251000404 -19.0474028587341 -19.0308314561844 -19.079009950161 -19.221938431263 -19.252115547657 -19.18804448843 -19.0287781953812 -18.8994414806366 -18.7721745967865 -18.8670045137405 -18.9206811189651 -18.9983580112457 -19.0122851729393 -19.0297119021416 -18.9541386365891 -18.789566218853 -18.6694933176041 -18.7451706528664 -18.9063474535942 -19.053176343441 -19.151658475399 -19.1053894162178 -19.0616191625595 -19.0701013803482 -19.0438320636749 -19.0270631313324 -18.9383515119553 -18.8070074915886 -18.749162197113 -18.6850677132607 -18.6234731078148 -18.4839485883713 -18.3407447338104 -18.2797912359238 -18.1480858922005 -18.0203820466995 -17.8761779665947 -17.7914741039276 -17.7127695083618 -17.6258156895638 -17.5076113343239 -17.3389067053795 -17.1557027697563 -17.0105865001678 -16.950308740139 -16.8705304265022 -16.8995025753975
-18.9936739802361 -19.025639295578 -19.021605193615 -18.9815722107887 -18.9405378103256 -19.0167537331581 -18.9209698438644 -18.8769357800484 -18.8154481649399 -18.7376633882523 -18.5912436246872 -18.5930736660957 -18.7329030036926 -18.813733279705 -18.8683133125305 -18.7598929405212 -18.4999722838402 -18.4698026776314 -18.7726325392723 -19.0254623293877 -19.1104154586792 -19.1469917297363 -19.0870676636696 -19.051144361496 -19.0444706678391 -19.003796339035 -18.9648731350899 -18.8556990027428 -18.8004592657089 -18.8013198971748 -18.7636800408363 -18.63804012537 -18.4758030772209 -18.3384681940079 -18.2506321072578 -18.0895455479622 -18.034460067749 -17.9551236629486 -17.7492880821228 -17.6254516839981 -17.5081160068512 -17.36478048563 -17.193944633007 -17.0051091313362 -16.8514077663422 -16.8038401007652 -16.7512726187706 -16.8559554219246
-18.7443718314171 -18.7936264276505 -18.8498799204826 -18.8503839373589 -18.7838874459267 -18.7883915901184 -18.8006460666656 -18.8343995809555 -18.8367685675621 -18.7975009083748 -18.5244826078415 -18.3332153558731 -18.4644486308098 -18.6856808066368 -18.7644138336182 -18.7496463656425 -18.6973791122437 -18.7331107854843 -18.8573430776596 -18.9605767726898 -19.0094035863876 -18.9803249239922 -18.9577465057373 -18.9881685972214 -19.009089589119 -18.9992610216141 -18.8844321370125 -18.8653534054756 -18.8856613636017 -18.8882269859314 -18.8482937216759 -18.7211083173752 -18.5431563854218 -18.4354400634766 -18.3269724845886 -18.1360049247742 -18.0100376009941 -17.9220700860023 -17.7321028709412 -17.5806353092194 -17.4191675186157 -17.2089503407478 -17.0077327489853 -16.8190151453018 -16.6397284269333 -16.4693719148636 -16.459516108036 -16.6849093437195
-18.4793202877045 -18.5063624382019 -18.5701542496681 -18.6124462485313 -18.6279873847961 -18.677779853344 -18.7480711936951 -18.7796135544777 -18.7932022809982 -18.8115876317024 -18.6694724559784 -18.5088583827019 -18.6077434420586 -18.7403796315193 -18.7357639670372 -18.7453994750977 -18.7955347895622 -18.8021705150604 -18.7780558466911 -18.7819403409958 -18.7766421437263 -18.8389083147049 -18.8911752700806 -18.9876924157143 -18.9814588427544 -18.9429756999016 -18.867991566658 -18.7807584404945 -18.6995255351067 -18.6562916040421 -18.6185592412949 -18.5674257874489 -18.5217614769936 -18.4359125494957 -18.2490634322166 -18.0724642276764 -17.9766147732735 -17.8662656545639 -17.6859169006348 -17.5390674471855 -17.4319685697556 -17.227369427681 -16.981020450592 -16.8231710195541 -16.6715486645699 -16.524153649807 -16.5292587280273 -16.7088624835014
-18.2815192341805 -18.292848944664 -18.3516779541969 -18.4575079083443 -18.5043376684189 -18.5771676898003 -18.6449976563454 -18.6045770645142 -18.6558854579926 -18.7179234623909 -18.6084622144699 -18.5952509045601 -18.7497885227203 -18.7698271870613 -18.6816145181656 -18.7241525053978 -18.7661909461021 -18.7784792780876 -18.712017416954 -18.7093057632446 -18.7226310968399 -18.7902424931526 -18.8388535380363 -18.8757162690163 -18.8578277230263 -18.8396899104118 -18.8018010258675 -18.6529141664505 -18.4412757754326 -18.3100416064262 -18.2422670722008 -18.2534931898117 -18.3248574137688 -18.2427384853363 -18.0438693761826 -17.9110005497932 -17.8634423613548 -17.7674623727798 -17.5997312068939 -17.4592497944832 -17.4117698073387 -17.242289185524 -16.9935581684113 -16.8295774459839 -16.6893696188927 -16.5574350953102 -16.6160007715225 -16.7785664796829
-18.1359664201736 -18.2185846567154 -18.2994521856308 -18.3450707197189 -18.413687646389 -18.430305480957 -18.4639223814011 -18.5080402493477 -18.5708200335503 -18.6095105409622 -18.4307013750076 -18.4646428823471 -18.7073337435722 -18.7872748374939 -18.746716439724 -18.7844064831734 -18.7773475646973 -18.824038207531 -18.7989785671234 -18.7889195084572 -18.7801191806793 -18.8228262066841 -18.8190332651138 -18.7282403707504 -18.6344478726387 -18.6046547293663 -18.6321557760239 -18.5615876317024 -18.3737753629684 -18.1884825229645 -18.0301302075386 -17.9498106241226 -17.9774699807167 -17.9843575954437 -17.9027453064919 -17.8078827857971 -17.7262709140778 -17.629908144474 -17.4792958498001 -17.3509331345558 -17.2505711317062 -17.105458676815 -16.9245249629021 -16.7704321146011 -16.6265507340431 -16.5458802580833 -16.5937104225159 -16.6712698340416
-18.0731655359268 -18.1710712313652 -18.2474764585495 -18.2763825654984 -18.2870377898216 -18.226942718029 -18.2645988464355 -18.485254406929 -18.5205039978027 -18.5238478183746 -18.5041916966438 -18.5387848615646 -18.6086290478706 -18.6554726958275 -18.692066192627 -18.7301592826843 -18.7880036830902 -18.843597650528 -18.8046906590462 -18.8025344014168 -18.8063578009605 -18.8016601204872 -18.7669622302055 -18.682264983654 -18.5273174643517 -18.4663690328598 -18.4916712641716 -18.4462236166 -18.3305257558823 -18.1870785355568 -17.9901303052902 -17.8506823778152 -17.8063244223595 -17.8820797801018 -17.9555863142014 -17.8113425970078 -17.668597817421 -17.5383539795876 -17.3758599758148 -17.2626157402992 -17.1498720049858 -17.0338778495789 -16.9191317558289 -16.7865649461746 -16.6558189988136 -16.5536442399025 -16.6019695401192 -16.6869736909866
-18.0633636713028 -18.1375570893288 -18.1755003929138 -18.1719443798065 -18.213387966156 -18.3423307538033 -18.4347744584084 -18.4707180857658 -18.5571874380112 -18.5181846022606 -18.4624307155609 -18.4589276313782 -18.4646738171577 -18.5366707444191 -18.621167242527 -18.6809144616127 -18.7666597962379 -18.7609060406685 -18.7104032635689 -18.6851499676704 -18.7173466086388 -18.7362437844276 -18.737141430378 -18.6657890081406 -18.557436466217 -18.4755837321281 -18.4807311296463 -18.3833783268929 -18.2157759070396 -18.0899233818054 -17.962570309639 -17.8536959886551 -17.7849286794662 -17.8178029060364 -17.872927069664 -17.6305513381958 -17.5281754732132 -17.4455500841141 -17.3256742358208 -17.2340481281281 -17.1521732807159 -17.1140472888947 -17.0496714711189 -16.8729476928711 -16.7553320527077 -16.6745302081108 -16.735478758812 -16.7986765503883
-17.9848123788834 -18.0666853785515 -18.0817744135857 -18.0825060009956 -18.161237180233 -18.3172187805176 -18.4297010302544 -18.4636815190315 -18.4968718886375 -18.5262716412544 -18.4826707839966 -18.4445701241493 -18.4722190499306 -18.5253685712814 -18.5910174846649 -18.6286672949791 -18.6135668754578 -18.570965051651 -18.5441145896912 -18.5562648177147 -18.588335454464 -18.5828273296356 -18.5668212175369 -18.5643131136894 -18.5068056583405 -18.4367977976799 -18.3635404109955 -18.1405336856842 -17.8941242098808 -17.8521706461906 -17.9232171773911 -17.9400131702423 -17.882283270359 -17.8600255846977 -17.8610184788704 -17.6900110840797 -17.5442535281181 -17.4094959497452 -17.3722389340401 -17.384981751442 -17.371973991394 -17.2584664821625 -17.0769592523575 -16.9124517440796 -16.8184026479721 -16.8605618476868 -16.9149712324142 -16.9391307234764
-17.7882357239723 -17.9048215150833 -17.9490488767624 -17.9479929804802 -18.012578189373 -18.1066627502441 -18.228998541832 -18.3028346300125 -18.329805970192 -18.3191079497337 -18.3471599817276 -18.3557115197182 -18.3650143146515 -18.4168163537979 -18.4661188721657 -18.505420088768 -18.4667227268219 -18.388523876667 -18.3085768818855 -18.2923784255981 -18.3693237900734 -18.3916617631912 -18.4167494177818 -18.4143369197845 -18.3914249539375 -18.3927624225616 -18.324850320816 -18.0958248972893 -17.8505759239197 -17.8970773816109 -17.9938289523125 -18.0168308019638 -17.9571372270584 -17.9207479953766 -17.8546095490456 -17.7047207951546 -17.5350811481476 -17.4476918578148 -17.481053173542 -17.5304136276245 -17.5077750682831 -17.3748860359192 -17.1952470541 -17.0551081895828 -16.9818749427795 -16.9658438563347 -16.9472141265869 -16.9280843138695
-17.6315427422523 -17.7467508912086 -17.8299609422684 -17.8653053045273 -17.9679571390152 -18.0138370394707 -18.0557596683502 -18.1337547302246 -18.1990889906883 -18.1800457835197 -18.1572520136833 -18.1512084007263 -18.152164876461 -18.2118710875511 -18.2195776104927 -18.2037838697433 -18.1592402458191 -18.107446372509 -18.1076528429985 -18.1571092605591 -18.1917390227318 -18.2307934165001 -18.2918463349342 -18.345400929451 -18.2700066566467 -18.1860078573227 -18.1450095176697 -18.146761059761 -18.1565131545067 -18.1665148139 -18.1520163416862 -18.0810180902481 -18.0293157696724 -17.9596598744392 -17.7882547974586 -17.6110982894897 -17.4631927013397 -17.4175361990929 -17.4918802976608 -17.5484744906425 -17.5280686020851 -17.4081630706787 -17.2922568917274 -17.23485070467 -17.1661910414696 -17.1015276908875 -17.0326141119003 -17.0174504518509
-17.5393351316452 -17.5817125439644 -17.6425899863243 -17.7257177829742 -17.8250950574875 -17.8874730467796 -17.9363498687744 -17.9592279195786 -17.9272232651711 -17.8935843110085 -17.8856962919235 -17.9515587687492 -17.9779213666916 -18.0312828421593 -18.1048951745033 -18.1092564463615 -18.0933693647385 -18.0939812660217 -18.1588425040245 -18.2249550819397 -18.2463311553001 -18.276221871376 -18.3101544976234 -18.298201084137 -18.237998008728 -18.1957945823669 -18.2008407115936 -18.2771380543709 -18.2846857309341 -18.1897320151329 -18.1425286531448 -18.1000753045082 -18.0385695099831 -17.9772496819496 -17.7879537940025 -17.6258952021599 -17.5448370575905 -17.5512788891792 -17.573971092701 -17.546663403511 -17.4371051192284 -17.2567965388298 -17.1594883203506 -17.1759302020073 -17.2145555019379 -17.2291135787964 -17.2239216566086 -17.1564795970917
-17.455818593502 -17.4389219284058 -17.447026014328 -17.5648800134659 -17.6599836945534 -17.7103382945061 -17.6911913156509 -17.6560460925102 -17.649606347084 -17.6671237945557 -17.740141928196 -17.8649090528488 -17.9251772761345 -17.9451943039894 -17.943712413311 -17.9534795284271 -18.004747569561 -18.0880154967308 -18.1497820615768 -18.1640862226486 -18.1569231152534 -18.2147133350372 -18.2643050551414 -18.2701472640038 -18.3197389245033 -18.3658313155174 -18.3829233050346 -18.3775155544281 -18.3203567266464 -18.2569490671158 -18.2050416469574 -18.1153826117516 -18.009073138237 -17.89900380373 -17.7759032249451 -17.656442463398 -17.6009817123413 -17.5995215773582 -17.5463116168976 -17.4498515725136 -17.3376412391663 -17.2099305391312 -17.1032207608223 -17.1000101566315 -17.1421696543694 -17.1629494428635 -17.1507292985916 -17.1140090823174
-17.3980516791344 -17.371381521225 -17.3829616904259 -17.398292183876 -17.4603724479675 -17.5009526610374 -17.5360328555107 -17.5416129231453 -17.546239554882 -17.6379125118256 -17.7363362908363 -17.8252586722374 -17.8756828308105 -17.9373562932014 -17.982029736042 -18.0022504925728 -18.0068317651749 -18.013913333416 -18.012494623661 -17.9975261092186 -18.0904980897903 -18.2017508149147 -18.2804564237595 -18.3148432374001 -18.3084810376167 -18.2991183400154 -18.3160043954849 -18.2826422452927 -18.1935287117958 -18.1171659827232 -18.1098035573959 -18.0609397888184 -17.931941151619 -17.8165072202682 -17.7446029782295 -17.6429896950722 -17.5743770003319 -17.5642641782761 -17.4766518473625 -17.3887903094292 -17.3786773681641 -17.3415648341179 -17.2724520564079 -17.2495892047882 -17.2762834429741 -17.3320353031158 -17.3212867975235 -17.2657880783081
-17.3810351490974 -17.3600917458534 -17.3011482357979 -17.2542045712471 -17.2922610640526 -17.3038173913956 -17.3551241755486 -17.3989300727844 -17.4811227917671 -17.5647023320198 -17.6602810025215 -17.7236105799675 -17.7886888384819 -17.8550181388855 -17.9048471450806 -17.965426325798 -17.9844900369644 -17.9808483719826 -17.9767069220543 -17.993910908699 -18.1314910650253 -18.2244928479195 -18.1799944639206 -18.1447890400887 -18.0977218747139 -18.0284041166306 -18.0175862908363 -18.0425181388855 -18.0439502000809 -18.0293827056885 -17.9975650906563 -17.953115105629 -17.8781114816666 -17.7995101809502 -17.7173017859459 -17.6397867798805 -17.5832718610764 -17.5285073518753 -17.4632428884506 -17.4627277851105 -17.4909627437592 -17.4756986498833 -17.441933631897 -17.4221692681313 -17.4051483273506 -17.3683718442917 -17.3095943927765 -17.240067243576
-17.2475185990334 -17.3248009085655 -17.2928337454796 -17.2273671627045 -17.257899582386 -17.2079324126244 -17.2027149796486 -17.2514978647232 -17.3580064177513 -17.4359910488129 -17.5822256207466 -17.6524610519409 -17.7136953473091 -17.7399294376373 -17.7579146027565 -17.8429471850395 -17.9079176187515 -17.9518882632256 -17.9501760601997 -17.9982974529266 -18.0779827833176 -18.0907337069511 -18.0347580313683 -18.011234998703 -18.0164629220963 -18.0059403181076 -17.9491675496101 -18.0103954076767 -18.084122300148 -18.0655996203423 -18.0059012174606 -17.9569112062454 -17.8542813658714 -17.7674180269241 -17.6977514028549 -17.671334207058 -17.6369175314903 -17.6435003876686 -17.6130831837654 -17.571416258812 -17.5382495522499 -17.5470823645592 -17.5586652159691 -17.5064983963966 -17.3802622556686 -17.2799572944641 -17.225152015686 -17.2183464765549
-17.1137524843216 -17.177011013031 -17.2054340839386 -17.2065764069557 -17.2162883281708 -17.2560471892357 -17.2765564918518 -17.2478151917458 -17.2828899025917 -17.3780301213264 -17.5016701817513 -17.582810819149 -17.6434509754181 -17.6571848392487 -17.6872494220734 -17.7815635204315 -17.8438779711723 -17.9141915440559 -17.9405956864357 -17.9996819496155 -17.9814757704735 -17.9943870306015 -18.0259091854095 -18.0586814880371 -18.079204082489 -18.0854768753052 -18.0379992127419 -18.0400048494339 -18.0509299635887 -17.9676051735878 -17.9253394007683 -17.882362306118 -17.799701333046 -17.7677672505379 -17.8045830726624 -17.7708992362022 -17.7098117470741 -17.7344930171967 -17.7376736402512 -17.681354701519 -17.5980354547501 -17.5399662256241 -17.570396900177 -17.4805778861046 -17.3181270956993 -17.1655429005623 -17.2024593353271 -17.2638754248619
-17.0528399348259 -17.0035474896431 -17.0245050787926 -17.0474628806114 -17.1151696443558 -17.2353771328926 -17.2535848021507 -17.2590425014496 -17.2581638097763 -17.3059495687485 -17.362485229969 -17.4427703619003 -17.520806491375 -17.5865920186043 -17.6613768935204 -17.7686802744865 -17.8668373823166 -17.8937458395958 -17.9056541919708 -17.9568117260933 -17.9496749639511 -17.9932426214218 -18.0483097434044 -18.0882680416107 -18.0916100740433 -18.01245200634 -17.9192936420441 -17.8936348557472 -17.9334765076637 -17.9235683083534 -17.8889095187187 -17.8817512392998 -17.843371629715 -17.7897711396217 -17.81442040205 -17.804819881916 -17.7642069458961 -17.7467358708382 -17.7290146946907 -17.641043305397 -17.5470716953278 -17.5020998120308 -17.5076293945312 -17.4429076313972 -17.3044908642769 -17.2058790922165 -17.236016869545 -17.2454046607018
