data/train_2003/bio7_avg_2003-2018.asc
NCOLS 664 
NROWS 380 
XLLCORNER 3.91666666666667 
YLLCORNER 55.3333333333333 
CELLSIZE 0.0416666666666666 
NODATA_value -9999 
[rows 44 to 65 of 380, columns 441 to 489 of 664]
33.9745073318481 34.0806748867035 34.1460930109024 34.2677609920502 34.3894292116165 34.5120975971222 34.7375147342682 34.9876825809479 35.1476005315781 35.2072684764862 35.300187587738 35.2620114088058 35.2127420902252 35.1859736442566 35.0032052993774 35.0814366340637 35.242168545723 35.5208986997604 35.7541307210922 36.0073628425598 36.2550039291382 36.4410769939423 36.5668051242828 36.6306072473526 36.6592327356339 36.7526075839996 36.9739822149277 37.1857805252075 37.2482730150223 37.6758679151535 38.0502915382385 38.1202174425125 38.0503926277161 37.9488443136215 38.1223440170288 38.4642736911774 38.7061614990234 38.8152992725372 38.9016954898834 38.890303850174 39.0887110233307 39.2323503494263 39.1784887313843 39.0475482940674 39.1364834308624 39.2084181308746 39.2325847148895 39.3766765594482 39.5563027858734
34.4275478124619 34.6125519275665 34.7790530920029 34.7145564556122 34.613808631897 34.6778112649918 34.959813952446 35.1358169317245 35.3928196430206 35.6460700035095 35.7458554506302 35.814121723175 35.903463602066 35.7360535860062 35.3628941774368 35.138235449791 35.318327665329 35.5244174003601 35.8545092344284 36.1370996236801 36.3876918554306 36.5247820615768 36.6098719835281 36.7463045120239 36.8940786123276 37.0896002054214 37.3891242742538 37.6054164171219 37.7643392086029 37.8443351984024 38.1436219215393 38.4159106016159 38.3484462499619 38.2642343044281 38.411269903183 38.7192375659943 38.8831341266632 38.9005303382874 38.8656933307648 38.7513642311096 38.9610388278961 39.0502119064331 39.1573855876923 39.0960578918457 39.1107301712036 39.1994037628174 39.3150751590729 39.5644452571869 39.6845109462738
35.1670509576797 35.2748619318008 35.4216706752777 35.4249806404114 35.3815411329269 35.3993496894836 35.5626608133316 35.6837242841721 35.8401330709457 35.9802751541138 36.1076692342758 36.2392737865448 36.2973394393921 36.225389122963 36.0826696157455 35.7377121448517 35.6377195119858 35.7924766540527 36.1109844446182 36.445992231369 36.680748462677 36.862007021904 36.9825143814087 37.0322939157486 37.1898465156555 37.3441483974457 37.5229514837265 37.5502524375916 37.8424810171127 38.0565605163574 38.380889415741 38.637468457222 38.8540477752686 39.0548787117004 39.1499762535095 39.2373859882355 39.2591233253479 39.2433590888977 39.2130970954895 39.251368522644 39.3000690937042 39.2558052539825 39.1555421352386 39.1252796649933 39.1905171871185 39.3517518043518 39.47398853302 39.6306509971619 39.6982402801514
35.7255119085312 35.8196394443512 35.8682682514191 35.8486468791962 35.7332746982574 35.6909649372101 35.7937821149826 35.9656598567963 36.173463344574 36.2864811420441 36.4291597604752 36.4897359609604 36.5050073862076 36.5805895328522 36.5778112411499 36.5697996616364 36.5580382347107 36.6498277187347 36.7810566425323 36.9793663024902 37.0594388246536 37.1837482452393 37.2929784059525 37.3703256845474 37.6613322496414 37.7344371080399 37.743036031723 37.9691935777664 38.2604957818985 38.5570460557938 38.7518446445465 38.8398962020874 39.0116348266602 39.231235742569 39.3203344345093 39.3841993808746 39.4598248004913 39.4879517555237 39.3995800018311 39.381206035614 39.3458323478699 39.3294594287872 39.267085313797 39.2132120132446 39.2348384857178 39.3874669075012 39.5135929584503 39.6306030750275 39.7738382816315
35.9320621490479 36.1028536558151 36.208643913269 36.2309341430664 36.0434741973877 35.8990767002106 35.9744462966919 36.193647146225 36.3957917690277 36.5059382915497 36.6609108448029 36.5632383823395 36.5359148979187 36.7523409128189 36.9207673072815 37.0516942739487 37.0886204242706 37.2055457830429 37.3527218103409 37.4586026668549 37.5956981182098 37.6087510585785 37.7269276380539 37.9341514110565 38.047424197197 38.0891950130463 38.1297163963318 38.186851978302 38.2044736146927 38.3240932226181 38.5157136917114 38.670333147049 38.8910949230194 38.9891171455383 38.9966924190521 39.1610112190247 39.4325277805328 39.4785444736481 39.3115615844727 39.1645784378052 39.1605975627899 39.2736129760742 39.2316300868988 39.1991455554962 39.3156633377075 39.6066801548004 39.8531949520111 40.0108909606934 40.202125787735
36.0846149921417 36.3080694675446 36.4412690401077 36.4174721240997 36.1921745538712 36.0869405269623 36.1383296251297 36.2575316429138 36.3984841108322 36.5503945350647 36.7539101839066 36.6249870061874 36.4051805734634 36.5976225137711 37.0025634765625 37.2780029773712 37.3574455976486 37.4461365938187 37.5513283014297 37.7712690830231 37.9796186685562 38.2509171962738 38.4153252840042 38.2635618448257 38.1023027896881 38.111287355423 38.1929279565811 38.1030682325363 38.0362092256546 38.0214077234268 38.2419904470444 38.4516308307648 38.6207709312439 38.6899104118347 38.8020498752594 39.0893256664276 39.3882315158844 39.4831368923187 39.4155452251434 39.2969517707825 39.2313587665558 39.2437648773193 39.3501715660095 39.4975805282593 39.7719874382019 40.0648500919342 40.2605040073395 40.3931088447571 40.5107297897339
36.36516726017 36.4857814311981 36.5246466398239 36.529510140419 36.4011248350143 36.2877404689789 36.2653540372849 36.2842200994492 36.4373339414597 36.6166990995407 36.7220624685287 36.7968870401382 36.89619576931 37.0851508378983 37.3228584527969 37.544314622879 37.7440210580826 37.9052275419235 38.0391783714294 38.146586060524 38.3117700815201 38.4307041168213 38.3917218446732 38.0117212533951 38.0683027505875 38.074963092804 38.2891235351562 38.3557854890823 38.3509449958801 38.2841060161591 38.3152661323547 38.453928232193 38.5635874271393 38.6642491817474 38.7869098186493 39.0126378536224 39.3286249637604 39.5099234580994 39.4715294837952 39.2943246364594 39.2586221694946 39.3809177875519 39.5982141494751 39.7800114154816 39.9327676296234 40.1655671596527 40.2853653430939 40.2893016338348 40.3091530799866
36.7264685630798 36.7477471828461 36.6972728967667 36.6100487709045 36.5173255205154 36.4661018848419 36.4406242370605 36.4134039878845 36.4874330759048 36.5997093915939 36.6924848556519 36.8044874668121 36.9217747449875 37.1996729373932 37.4710681438446 37.694126367569 37.8248481750488 38.0103179216385 38.2251238822937 38.2982624769211 38.3894381523132 38.5095263719559 38.506615281105 38.1883798837662 38.0129574537277 38.0100872516632 38.1693209409714 38.4030004739761 38.5476810932159 38.6163635253906 38.6830451488495 38.5992238521576 38.6049046516418 38.5920872688293 38.6812672615051 38.8629500865936 39.144793510437 39.4247362613678 39.4416809082031 39.2931981086731 39.2798857688904 39.5255727767944 39.7887592315674 40.0078973770142 40.1148421764374 40.2912495136261 40.4343228340149 40.5216934680939 40.4678273200989
37.0155483484268 36.7842099666595 36.6198979616165 36.6495875120163 36.6440255641937 36.5764646530151 36.5145177841187 36.491091132164 36.5920308828354 36.7157187461853 36.685907125473 36.6759978532791 36.9630992412567 37.209453701973 37.3108067512512 37.5836877822876 37.8074234724045 38.0186597108841 38.2008965015411 38.2166327238083 38.3048692941666 38.4528564214706 38.2165943384171 38.0904123783112 38.1906123161316 38.118315577507 38.1631767749786 38.3587176799774 38.5464169979095 38.6821184158325 38.7698194980621 38.7640216350555 38.7022218704224 38.6159229278564 38.6681253910065 38.7947642803192 38.981841802597 39.2424168586731 39.3884932994843 39.407071352005 39.5616505146027 39.6451499462128 39.7897391319275 39.933226108551 40.048061132431 40.1988978385925 40.415625333786 40.5623490810394 40.7299041748047
37.2736707925797 37.1314038038254 36.9426364898682 36.9343765974045 37.0496003627777 37.0643322467804 36.8654279708862 36.7915281057358 36.899528503418 37.0525032281876 36.9939115047455 37.1077414751053 37.3909227848053 37.6357367038727 37.803745508194 37.8789981603622 37.9067494869232 38.1040003299713 38.3207529783249 38.3565037250519 38.4607548713684 38.4442201852798 38.1365324258804 38.1020467281342 38.2207689285278 38.2124910354614 38.1852110624313 38.3757500648499 38.4723868370056 38.5842764377594 38.5861659049988 38.4943044185638 38.5270390510559 38.5397605895996 38.6409819126129 38.7605774402618 38.8435454368591 39.0720109939575 39.2814772129059 39.4934453964233 39.6198093891144 39.6380417346954 39.7242727279663 39.9445641040802 40.095272064209 40.1904692649841 40.3221871852875 40.4842562675476 40.601414680481
37.5107955932617 37.4671206474304 37.4402641057968 37.4644074440002 37.5863000154495 37.6431943178177 37.5543361902237 37.509481549263 37.5273734331131 37.5037686824799 37.5174114704132 37.6094905138016 37.8232580423355 38.0015258789062 38.146541595459 38.1685521602631 38.2098265886307 38.3440917730331 38.5296077728271 38.6593761444092 38.6476414203644 38.5841602087021 38.3609281778336 38.3636831045151 38.5339261293411 38.6271665096283 38.5879068374634 38.7701494693756 38.7698905467987 38.7506325244904 38.5713751316071 38.4013166427612 38.4873566627502 38.6235978603363 38.7043392658234 38.738890171051 38.890248298645 39.0691027641296 39.2604598999023 39.4451768398285 39.5483047962189 39.6271812915802 39.7485570907593 39.9344339370728 40.0732336044312 40.0831873416901 40.145890712738 40.2113184928894 40.3033490180969
37.6229176521301 37.6149418354034 37.5976279973984 37.6737582683563 37.8336353302002 37.8857657909393 37.8986455202103 37.8957741260529 37.8456531763077 37.7197825908661 37.7739117145538 37.867992401123 38.0010234117508 38.0992982387543 38.3080875873566 38.3968681097031 38.4351514577866 38.5116831064224 38.671714425087 38.8074967861176 38.899374961853 38.8005990982056 38.7073249816895 38.8303179740906 39.0025796890259 39.0543422698975 39.0696032047272 39.1053645610809 39.0751271247864 39.0293881893158 38.9316501617432 38.8344132900238 38.7861747741699 38.786435842514 38.9326989650726 39.0192034244537 39.061949968338 39.0681974887848 39.1469452381134 39.3256924152374 39.3409385681152 39.483957529068 39.6452934741974 39.7977440357208 39.8621945381165 39.9153933525085 40.0219247341156 40.1546666622162 40.2856254577637
37.737291097641 37.6573375463486 37.7058843374252 37.7806825637817 37.8429727554321 37.7655866146088 37.7042013406754 37.7185652256012 37.7621804475784 37.6605463027954 37.6964123249054 37.8317424058914 37.9058976173401 38.0665808916092 38.2943835258484 38.3891804218292 38.3844782114029 38.3993102312088 38.472491145134 38.5981731414795 38.7433569431305 38.8340373039246 38.928719997406 39.0729525089264 39.1897349357605 39.2490048408508 39.2997987270355 39.2595815658569 39.1918621063232 39.2641453742981 39.2934267520905 39.1432094573975 39.0414907932281 39.0542731285095 39.1530549526215 39.2085156440735 39.3136520385742 39.4377901554108 39.5414266586304 39.5325648784637 39.5685436725616 39.6369378566742 39.7225103378296 39.7198312282562 39.7661547660828 39.8189759254456 39.9202890396118 40.0708827972412 40.231409072876
37.9476634263992 37.9167309999466 37.9520510435104 38.0041199922562 37.8794379234314 37.604008436203 37.4202753305435 37.5101096630096 37.6379615068436 37.6345602273941 37.6996631622314 37.7350831031799 37.714360833168 37.895002245903 38.1320022344589 38.2191407680511 38.1992832422256 38.2229208946228 38.279559135437 38.4071999788284 38.5653395652771 38.7024779319763 38.9091191291809 39.1125884056091 39.1663453578949 39.1963572502136 39.2253682613373 39.2796287536621 39.3881392478943 39.5136501789093 39.6143445968628 39.5515074729919 39.4826564788818 39.3336112499237 39.3667056560516 39.4887416362762 39.4475512504578 39.5603606700897 39.7724194526672 39.8582303524017 39.9815394878387 40.0028514862061 39.980660200119 39.8867208957672 39.6540291309357 39.7343392372131 39.8215007781982 39.8898532390594 39.9306223392487
38.1817765235901 38.1248881816864 38.038498878479 38.1706101894379 38.0641062259674 37.7458307743073 37.6364432573318 37.7247762680054 37.7764157056808 37.7540563344955 37.801696896553 37.7145323753357 37.6490491628647 37.812313914299 38.0315816402435 38.1770914793015 38.2590976953506 38.2971050739288 38.3926117420197 38.5576164722443 38.6691255569458 38.7091310024261 38.8076376914978 39.0177762508392 39.0595407485962 39.039306640625 39.0765733718872 39.1528382301331 39.2651059627533 39.4168710708618 39.5326383113861 39.4299051761627 39.2935166358948 39.1739358901978 39.3051166534424 39.366358757019 39.1928238868713 39.3290159702301 39.772087097168 40.0604977607727 40.1666581630707 40.1968178749084 40.2182278633118 40.1453881263733 40.0365471839905 39.9057075977325 39.7562434673309 39.8036670684814 39.8920698165894
38.34894323349 38.4109244346619 38.4121568202972 38.432638168335 38.3806214332581 38.3018525838852 38.1943368911743 38.106318116188 38.0658012628555 38.0280312299728 37.8950142860413 37.9016537666321 37.8559386730194 37.9602229595184 38.0920062065125 38.2512927055359 38.3535761833191 38.4393610954285 38.4461464881897 38.4689309597015 38.5027153491974 38.5934997797012 38.7007834911346 38.9015145301819 38.9541866779327 38.9918591976166 38.9890353679657 39.0132071971893 39.1158809661865 39.2415540218353 39.4432635307312 39.5538125038147 39.2860760688782 39.126247882843 39.208459854126 39.3566386699677 39.5212020874023 39.7062623500824 39.8818664550781 40.0604214668274 40.1424763202667 40.2160325050354 40.3093390464783 40.3798930644989 40.336950302124 40.2330067157745 40.086062669754 39.9955787658691 40.1928753852844
38.5563378334045 38.695662021637 38.7489850521088 38.7028114795685 38.5886347293854 38.5124592781067 38.3907842636108 38.2368605136871 38.2101826667786 38.2832577228546 38.2195837497711 38.1890243291855 38.2538070678711 38.3893686532974 38.4669299125671 38.5519926548004 38.6445558071136 38.5806180238724 38.306180357933 38.3687424659729 38.4733059406281 38.6408671140671 38.8099308013916 39.0017523765564 39.195832490921 39.362414598465 39.3984940052032 39.4249305725098 39.5132648944855 39.4095988273621 39.5221798419952 39.6555790901184 39.556348323822 39.0175614356995 39.0122649669647 39.2071454524994 39.400328874588 39.6515109539032 39.8421921730042 39.9690945148468 40.0063052177429 40.1687362194061 40.4346985816956 40.5637197494507 40.4004878997803 40.1053054332733 40.1167547702789 40.1816763877869 40.3994359970093
38.8744828701019 38.9704005718231 39.027067899704 38.9379830360413 38.8363997936249 38.7603161334991 38.5987343788147 38.4096502065659 38.4493169784546 38.4967330694199 38.3239014148712 38.1793336868286 38.4001739025116 38.7154903411865 38.9128432273865 38.9501957893372 38.9360361099243 38.8468754291534 38.6507139205933 38.6790548563004 38.8953957557678 38.9842371940613 39.0715770721436 39.273490190506 39.4614799022675 39.635968208313 39.7074558734894 39.7934443950653 39.8081111907959 39.7569797039032 39.7312667369843 39.7211697101593 39.4928345680237 39.2684533596039 39.2878217697144 39.2931559085846 39.3984565734863 39.5650088787079 39.7513093948364 39.7913610935211 39.8194117546082 40.2094633579254 40.4844653606415 40.6013231277466 40.502334356308 40.3473529815674 40.3262009620667 40.4255011081696 40.5294756889343
39.2571287155151 39.3061366081238 39.3152234554291 39.2146553993225 39.0636651515961 38.959174156189 38.7179327011108 38.5661923885345 38.6462006568909 38.68070936203 38.5922191143036 38.6297976970673 38.7686953544617 38.9763431549072 39.1629905700684 39.1548879146576 39.097015619278 39.070631980896 39.0942499637604 39.2008678913116 39.3669853210449 39.4831032752991 39.6132225990295 39.7417287826538 39.7561249732971 39.7929484844208 39.8215386867523 39.8811228275299 39.8999710083008 39.8358173370361 39.8944129943848 39.9682600498199 39.7108199596405 39.5582234859467 39.4521250724792 39.4094133377075 39.5403342247009 39.6077551841736 39.9061758518219 40.0049431324005 40.0271859169006 40.2984879016876 40.4347820281982 40.4851424694061 40.6007609367371 40.6903645992279 40.7059488296509 40.7463788986206 40.7996480464935
39.5032284259796 39.5733916759491 39.5255560874939 39.2984688282013 39.1761786937714 39.1482815742493 38.9278812408447 38.8367328643799 38.8198349475861 38.7976863384247 38.8477883338928 38.9525585174561 39.0690014362335 39.2078051567078 39.3287401199341 39.3111088275909 39.1299948692322 39.139888048172 39.2192840576172 39.268180847168 39.4655752182007 39.7364716529846 40.0253851413727 40.1754672527313 39.8502702713013 39.5298573970795 39.6346492767334 39.7916886806488 39.8492290973663 39.7907679080963 39.8630595207214 40.0653505325317 40.0051395893097 39.7459948062897 39.6416821479797 39.6151714324951 39.6954615116119 39.8337531089783 40.151294708252 40.4073326587677 40.4276711940765 40.4260075092316 40.3633463382721 40.2974359989166 40.4215233325958 40.5580639839172 40.6489505767822 40.7450428009033 40.8633241653442
39.7489848136902 39.7526860237122 39.7238883972168 39.5350880622864 39.3336939811707 39.333888053894 39.3156905174255 39.1397747993469 39.0464670658112 39.0359115600586 39.0811054706573 39.0226047039032 38.9990382194519 39.0219521522522 39.1602828502655 39.3340215682983 39.24747133255 39.123646736145 39.1498186588287 39.2164931297302 39.3961656093597 39.6447064876556 39.9137101173401 39.9905006885529 39.8708021640778 39.7255356311798 39.6922707557678 39.7680039405823 39.7572379112244 39.835471868515 39.9727048873901 40.1100518703461 40.1636319160461 40.088963508606 40.0312941074371 40.0472738742828 40.1161534786224 40.2895305156708 40.4144096374512 40.4234066009521 40.4765758514404 40.4849948883057 40.5443027019501 40.6260812282562 40.6901104450226 40.8096392154694 40.8549191951752 40.9532046318054 41.0602478981018
39.7867426872253 39.8267307281494 39.7769703865051 39.626207113266 39.3676965236664 39.3711838722229 39.4184226989746 39.3934104442596 39.3001489639282 39.3351378440857 39.3343739509583 39.2469398975372 39.1672022342682 39.1531031131744 39.235255241394 39.2679078578949 39.027557849884 38.9559018611908 39.1753861904144 39.4222645759583 39.6192004680634 39.7962577342987 39.9741821289062 39.9864687919617 39.7975382804871 39.6057138442993 39.6473908424377 39.7518184185028 39.8854970932007 40.1227087974548 40.138512134552 39.8965578079224 39.8618516921997 40.1041462421417 40.154191493988 40.2648854255676 40.3354802131653 40.4404785633087 40.4919793605804 40.5994791984558 40.726978302002 40.8359789848328 40.9222300052643 41.0021622180939 41.0880334377289 41.1716549396515 41.2245275974274 41.2186169624329 41.1361739635468
