data/train_2003/bio7_avg_2003-2018.asc
NCOLS 664 
NROWS 380 
XLLCORNER 3.91666666666667 
YLLCORNER 55.3333333333333 
CELLSIZE 0.0416666666666666 
NODATA_value -9999 
[rows 154 to 175 of 380, columns 245 to 293 of 664]
32.0095723867416 32.3038531541824 31.9148819446564 31.7055057287216 31.5057126283646 31.6757471561432 31.7650295495987 31.4218136072159 31.1248478889465 31.7248816490173 32.1187415122986 32.3884488344193 32.059982419014 31.7275153398514 31.7062994241714 32.0016894340515 32.1591866016388 32.5161826610565 32.5281792879105 32.3599228858948 32.6704224348068 33.1471679210663 33.4281660318375 33.6749123334885 33.9841574430466 34.2886548042297 34.2869020700455 33.7426198720932 33.8285616636276 34.284252166748 34.3566954135895 34.0339143276215 34.4799637794495 35.0105150938034 35.3363146781921 35.0116146802902 35.1526646614075 35.533963561058 35.5515137910843 35.6026245355606 35.4115428924561 35.4644629955292 35.7608832120895 36.0015516281128 36.0684726238251 36.1213923692703 36.3920627832413 36.6494191884995 37.0225043296814
32.0536811351776 32.421036362648 32.181389093399 31.5943129062653 31.5257432460785 31.1836372613907 30.7491961717606 31.1765053272247 31.4362096786499 31.4651236534119 31.3066817522049 31.2014917135239 31.4090504646301 32.1961104869843 32.6145362854004 32.7160712480545 32.7230054140091 32.3095437288284 31.8925819396973 32.2848701477051 32.0959082841873 32.09319627285 32.5929851531982 33.0980221033096 33.5815616846085 33.7490993738174 33.9281373023987 34.0266075134277 33.9800081253052 34.0826576948166 34.2735600471497 34.4732737541199 35.2230403423309 35.4745591878891 35.2815768718719 34.5203438997269 34.6733617782593 35.4606293439865 35.898897767067 36.0324736833572 35.8868579864502 35.8042424917221 35.7843773365021 35.6610124111176 35.6946467161179 35.878031373024 36.0639157295227 36.3767992258072 36.7013821601868
32.0315409898758 31.4867458343506 31.6177567243576 32.1707091331482 32.3079040050507 32.0000568628311 32.0152747631073 32.0482420921326 32.0067095756531 31.9894279241562 32.2546999454498 32.235534787178 32.2908682823181 32.2720487117767 32.5150389671326 32.7202452421188 32.6818253993988 32.9034059047699 32.5749840736389 32.7196236848831 32.1916438341141 32.4859735965729 32.7945544719696 32.9161336421967 33.1809635162354 33.6862939596176 33.7853745222092 33.5453444719315 33.8859531879425 34.2688122987747 34.2729215621948 34.382631778717 34.607617020607 34.3988529443741 34.2393392324448 34.9725739955902 35.4433113336563 35.8147951364517 36.2158559560776 36.4631803035736 36.5896828174591 36.2541452646255 35.9221211671829 35.6872216463089 35.5110697746277 35.7404203414917 36.029018163681 36.3716176748276 36.6437174081802
32.1258996725082 32.1514027118683 32.3869061470032 32.1561294794083 32.1679347753525 31.8499401807785 31.7019472122192 32.056453704834 32.3122090101242 31.9312160015106 32.2197222709656 32.2832279205322 32.4217351675034 32.3717405796051 32.5554977655411 32.7587723731995 32.782394528389 33.0115166902542 32.9421375989914 33.1118541955948 32.7621833086014 33.0125112533569 33.1658729314804 33.3612452745438 33.2441155910492 33.3402378559113 33.3573595285416 33.6023284196854 33.9808999300003 34.3257182836533 34.7447873353958 35.0524915456772 35.1419438123703 35.0693978071213 35.1506018638611 35.3818049430847 35.5465077161789 35.5999616384506 35.8359152078629 36.2572901248932 36.7338324785233 36.8485682010651 36.1832102537155 35.5391790866852 35.6759933233261 35.7163072824478 35.6283717155457 35.8379353284836 36.1597487926483
32.3062587976456 32.332336306572 32.4426629543304 32.4565489292145 32.2927813529968 32.0485752820969 31.9133696556091 32.282665014267 32.6884599924088 32.8280044794083 32.715548992157 32.4708437919617 32.001388669014 32.07943379879 32.1737278699875 32.5706477165222 32.6749641895294 32.7356263399124 32.777539730072 32.8252030611038 33.0416164398193 33.0141781568527 33.0742237567902 33.2570194005966 33.616019487381 33.4911824464798 33.4558463096619 33.5930652618408 33.9250943660736 34.3131234645844 34.6859010457993 34.9364286661148 35.1837080717087 35.5050977468491 35.6432398557663 35.7249253988266 35.744610786438 35.6848772764206 35.7435493469238 35.9896559715271 36.2785701751709 36.8052053451538 36.4228985309601 36.1546043157578 35.8732259273529 35.1694458723068 35.2044757604599 35.50075340271 35.5277831554413
32.122617483139 32.0952708721161 31.9784225225449 31.9937933683395 31.5688766241074 31.5919595956802 32.043542265892 32.0718764066696 32.2957096099854 32.5107923746109 31.9431253671646 31.8047082424164 31.6222920417786 32.1316246986389 32.3942085504532 32.6070077419281 32.7257701158524 32.7310364246368 32.7483007907867 32.431146979332 32.5626022815704 32.668807387352 32.9160125255585 33.210216999054 33.5529224872589 33.7663761377335 33.6798315048218 33.6630524396896 34.0335400104523 34.1575275659561 34.3565146923065 34.5272527933121 34.9366201162338 35.5375421047211 35.6436253786087 35.7739485502243 36.0990208387375 36.095095038414 35.7814174890518 35.6760174036026 35.7706466913223 36.276943564415 36.6665644645691 36.4827888011932 36.5067621469498 36.0899323225021 35.7340787649155 35.4910720586777 35.4905642271042
32.2292282581329 32.3404538631439 32.3736810684204 32.4206403493881 32.2965832948685 32.336524605751 32.2502157688141 32.0123379230499 32.2754589319229 32.8732941150665 32.5697379112244 32.3063246011734 31.9156959056854 32.0220668315887 32.2339397668839 32.3001163005829 32.4793485403061 32.5530807971954 32.4733130931854 32.5587956905365 32.7065885066986 32.6835857629776 32.5350812673569 32.7545785903931 33.3910744190216 33.3553214073181 33.5680685043335 33.2560384273529 33.3834960460663 33.5118527412415 34.109163403511 34.7918848991394 34.9244344234467 35.219799041748 35.8477613925934 35.8065447807312 35.8266825675964 36.1358634233475 36.2671481370926 36.2275375127792 36.0250322818756 35.8440281152725 36.2343261241913 37.0566799640656 37.0910321474075 36.8498848676682 36.5544861555099 36.3039323091507 35.993551492691
31.830836892128 32.017386674881 32.2161886692047 32.3080592155457 32.3705019950867 32.7184447050095 33.0573865175247 33.1043286323547 32.8610206842422 32.8009625673294 33.0741558074951 32.9065983295441 32.9107894897461 33.0282316207886 32.9921743869781 32.7012263536453 32.748924612999 32.5391253232956 32.3227479457855 32.238785982132 32.2648239135742 32.5801123380661 32.9124011993408 33.1691895723343 33.5389665365219 33.6276829242706 33.7865533828735 33.394525885582 32.9034317731857 33.2610870599747 33.7674946784973 34.410595536232 34.9899446964264 35.5364181995392 36.0016944408417 35.9317942857742 35.8416397571564 36.2417992353439 36.295706152916 36.1742517948151 36.1764339208603 36.2876111268997 36.4568424224854 36.897322177887 37.0638009309769 36.6355316638947 36.439012169838 35.9684532880783 35.8723802566528
31.0791305303574 31.0832755565643 31.5406960248947 32.062980055809 32.2391724586487 32.4156141281128 32.7118055820465 32.7844973802567 32.9946894645691 32.7748817205429 32.6395732164383 32.6732656955719 32.4952077865601 32.644149184227 33.0498420000076 33.0909230709076 32.913501739502 32.3919193744659 32.1176518201828 31.933980345726 31.9185606241226 32.2918907403946 32.9734137058258 33.4388060569763 33.6119492053986 33.2769912481308 33.5190681219101 33.6812620162964 33.4245712757111 33.3928816318512 33.2546070814133 33.8715016841888 34.3633030653 34.8462905883789 35.4533895254135 35.9610953330994 36.2590602636337 36.3687063455582 36.2254705429077 35.891716003418 35.9260840415955 36.0009515285492 36.0504565238953 36.3142133951187 36.7035712003708 36.7501795291901 36.6012877225876 36.5212967395782 36.7636302709579
30.6463638544083 30.8875303268433 31.3584467172623 31.7799003124237 31.9270918369293 32.3960335254669 32.6532254219055 32.7091670036316 32.6611076593399 32.5050486326218 32.4509912729263 32.4489330053329 32.4633759260178 32.4670655727386 32.5727581977844 32.9589742422104 32.9592654705048 32.5565830469131 32.6536009311676 32.5867356061935 32.472295999527 32.7835500240326 33.3034633398056 33.3807317018509 33.8652515411377 33.440021276474 33.2157903909683 33.6535286903381 34.2694860696793 34.3130561113358 34.2954955101013 34.4700343608856 34.4911599159241 34.4025373458862 34.5784124135971 35.0785386562347 35.7694376707077 36.2693741321564 36.2784727811813 36.0031599998474 35.9724844694138 35.8610365390778 35.7370901107788 35.8838919401169 35.9443402290344 36.224826335907 36.73406291008 37.0277972221375 37.5159978866577
30.7325965166092 30.7602852582932 31.2237243652344 31.7738316059113 31.8840112686157 32.3582034111023 32.1863936185837 31.1451833248138 30.4719588756561 30.7719848155975 31.7307597398758 31.911100268364 31.5625615119934 31.3555859327316 31.9244244098663 32.0208003520966 31.9756540060043 32.2496861219406 32.3689243793488 32.5911655426025 33.0393806695938 33.1261646747589 33.5159623622894 33.623761177063 33.7315616607666 33.8571087121964 33.9714078903198 34.2695915699005 34.611870765686 34.8504202365875 35.0017391443253 34.9237540960312 34.8825184106827 34.764533162117 34.5940475463867 34.5888130664825 34.9483281373978 35.769945025444 36.0697206258774 35.7327207326889 35.7956336736679 35.6061234474182 35.4189460277557 35.1661494970322 35.0593508481979 35.936154961586 36.4280898571014 37.1762009859085 37.6970641613007
29.8388290405273 30.4572896957397 30.6082512140274 30.9468877315521 31.1642020940781 31.5505163669586 32.2603125572205 31.8385039567947 31.5137087106705 31.4872726202011 31.5740871429443 31.8676505088806 31.8477138280869 31.6880276203156 31.544093132019 31.7396602630615 31.974982380867 31.9587906599045 32.5338160991669 32.5133434534073 32.7308695316315 32.8447806835175 32.5031721591949 32.978848695755 33.0287585258484 33.386167883873 33.8488272428513 34.1847573518753 34.7437064647675 34.9649180173874 35.0713208913803 35.1801217794418 34.8891934156418 34.9677798748016 35.0256819725037 34.8790843486786 34.8409879207611 35.061640381813 35.6862210035324 36.0626704692841 35.8639121055603 35.633207321167 35.3381679058075 35.0271801948547 34.9808241128922 35.5457073450089 36.5452764034271 37.2736299037933 37.6765956878662
30.4521232843399 30.5101321935654 30.7621405124664 30.8798722028732 31.1493287086487 31.1092829704285 31.4522392749786 31.5904446840286 31.3248995542526 31.1048549413681 31.4300611019135 31.0557664632797 30.6322518587112 30.5379532575607 31.2211554050446 31.4505981206894 31.7772538661957 31.9239259958267 32.0965982675552 32.296769618988 32.2446293830872 32.2636620998383 32.2149463891983 32.5237309932709 33.032781124115 32.6932274103165 33.2864226102829 33.555205821991 34.0143268108368 34.4287756681442 34.6850944757462 34.7889364957809 34.9399375915527 35.1904391050339 35.4456881284714 35.4533829689026 35.2484934329987 34.9620761871338 35.1162992715836 35.5546247959137 35.7929859161377 36.1576814651489 35.6567460298538 34.7422524690628 34.6832164525986 35.0222141742706 36.2245873212814 36.8994046449661 37.0977239608765
31.0119802951813 31.0603111982346 30.9366422891617 30.7327830791473 30.7097327709198 30.7221825122833 30.8886322975159 30.9473325014114 30.9005329608917 31.0159834623337 31.045432806015 30.8735718727112 30.733414888382 30.3204027414322 30.3213703632355 30.8624724149704 31.1806889772415 31.2161558866501 31.1193710565567 31.2878649234772 31.4780775308609 31.5075408220291 31.4645036458969 32.1808429956436 32.8715207576752 33.0020351409912 33.1544418334961 33.4006878137589 33.4855208396912 33.5936774015427 33.849760890007 34.2263442277908 34.3584263324738 34.7918436527252 35.084067940712 35.0647395849228 35.2959192991257 35.1144237518311 35.101425409317 35.044050693512 34.8017367124557 35.3118872642517 35.8843210935593 36.24254322052 36.1242079734802 36.0423649549484 36.2847718000412 36.4241768121719 36.2075837850571
31.7315878868103 31.728741645813 31.5108938217163 31.1311925649643 30.7743872404099 30.4733324050903 30.317776799202 30.4859707355499 30.6479156017303 30.4726095199585 30.6686115264893 30.6988447904587 30.6207304000854 30.2606644630432 30.1837214231491 30.4788519144058 30.394393324852 30.9796879291534 31.0549794435501 31.0932708978653 31.3568139076233 31.2386069297791 31.1783992052078 32.0164421796799 32.4157770872116 32.5348515510559 33.2241755723953 33.4934189319611 33.0084669589996 33.3335140943527 33.6037813425064 33.7559397220612 34.2218155860901 34.4831907749176 34.4000650644302 34.6629401445389 35.0555413961411 35.1621329784393 34.9813474416733 34.9733828306198 34.9714000225067 35.1127723455429 35.5932697057724 36.1447666883469 36.5089656114578 36.8177098035812 36.8439555168152 36.4084490537643 36.3656947612762
31.7757475376129 31.4790235757828 31.4736469984055 31.4943534135818 31.3200414180756 31.0582317113876 30.5404206514359 30.6471098661423 30.3405485153198 30.3598709106445 30.2662444114685 30.2346172332764 30.1875319480896 29.953573346138 29.8508219718933 30.1958359479904 30.2825621366501 30.7201843261719 30.8843067884445 30.972428560257 31.4375505447388 31.5726727247238 31.4715456962585 32.2025666236877 32.4520397186279 32.6745392084122 32.8053719997406 33.1873706579208 33.4531630277634 33.5311734676361 33.4019359350204 33.8250368833542 34.0812036991119 33.7323707342148 33.9360380172729 34.2597037553787 34.4368703365326 34.0980377197266 33.7972670793533 34.4243280887604 35.0644665956497 35.3192998170853 35.5271925926208 35.9589885473251 36.2437242269516 36.5920571088791 36.8086389303207 36.4582214355469 36.4863028526306
31.7830443382263 31.5978624820709 31.321148276329 31.2827640771866 31.4969474077225 31.4346302747726 30.8635648488998 30.8282473087311 30.7843501567841 30.4996137619019 30.2708767652512 30.1731652021408 29.9980607032776 29.8611249923706 29.8049238920212 29.664177775383 29.8602294921875 30.4079303741455 30.6728842258453 31.0453342199326 31.2420367002487 30.9922398328781 31.8659403324127 32.7759277820587 32.9435397386551 32.4516408443451 32.7647614479065 33.1393023729324 33.318533539772 33.5090825557709 33.6995581388474 33.9370322227478 33.7495931386948 33.8960516452789 34.2450097799301 34.2664687633514 34.3034266233444 34.2808849811554 34.1478428840637 34.4358321428299 35.2450532913208 35.3978575468063 35.5544602870941 35.944812297821 36.0572338104248 36.2124027013779 36.493572473526 36.2042434215546 35.8771643638611
31.8485927581787 31.7179503440857 31.7005578279495 31.705708861351 31.5653998851776 31.562841296196 30.9954590797424 30.6745475530624 30.6852022409439 30.670446395874 30.431259393692 30.0137461423874 29.7149189710617 29.5109713077545 29.5515249967575 29.6275188922882 29.8032034635544 30.2594294548035 30.5683234930038 30.8974908590317 31.63927257061 31.8473039865494 32.0860860347748 32.3935401439667 32.7150475978851 32.8832415342331 33.0811520814896 33.0947328805923 33.4223659038544 33.5314909219742 33.3916863203049 33.861732006073 34.1494828462601 34.1982319355011 34.0574822425842 34.4052330255508 34.4059814214706 34.6877321004868 34.4069827795029 34.7297747135162 35.2709444761276 35.5122761726379 35.7318561077118 36.0122318267822 35.6897406578064 35.6202491521835 35.9710063934326 36.4045153856277 36.3792742490768
31.6393902301788 31.6335391998291 31.8476877212524 31.8296879529953 31.8200368881226 31.6731383800507 31.2804882526398 30.460758805275 30.4205948114395 30.1756180524826 29.7781420946121 29.4626640081406 29.3562772274017 29.3724747896194 29.8221747875214 29.7278605699539 29.6635205745697 30.432678937912 30.5893371105194 30.9884972572327 31.6954060792923 32.1688154935837 32.3477234840393 32.1031317710876 32.3231415748596 32.7753429412842 33.3960411548615 33.5766639709473 33.397204041481 33.6086760759354 33.8364577293396 33.8754545450211 33.9786123037338 33.7809120416641 33.8774536848068 34.0879951715469 34.3985370397568 34.5527402162552 34.7480549812317 35.2375178337097 35.6216142177582 35.7272106409073 35.5743063688278 35.6104019880295 35.5967478752136 35.7128443717957 35.9843641519547 35.9939076900482 36.108845949173
31.4841874837875 31.5186285972595 31.9195668697357 31.9206668138504 31.8356761932373 31.689185500145 30.9082462787628 30.4577212333679 30.4289046525955 30.3375890254974 29.8572741746902 29.5397571325302 29.0711342096329 29.1018592119217 29.487476348877 30.075702548027 30.5932334661484 30.9232175350189 30.9218510389328 31.0694848299026 31.5009957551956 32.1377513408661 32.4146338701248 32.1500179767609 32.1279006004333 32.5294423103333 33.3624333143234 33.5325926542282 33.4969271421432 33.8015098571777 33.7933733463287 33.6705442667007 33.7704051733017 34.0320687294006 34.0729262828827 34.3232599496841 34.6266024112701 34.6425529718399 34.7210028171539 35.2548369169235 35.7030192613602 35.8362046480179 35.6438881158829 35.5076212882996 35.4707981348038 35.7772238254547 36.3138748407364 36.2455749511719 36.2843726873398
31.2574812173843 31.4254511594772 31.539945602417 31.5056444406509 31.3863135576248 31.4652333259583 31.4840854406357 30.861181974411 31.0122883319855 30.5584635734558 30.1304067373276 30.0220990180969 29.9775429964066 30.1514945030212 30.5164955854416 30.9168810844421 31.236402630806 31.3956719636917 31.5229413509369 31.3672120571136 31.4130816459656 31.9464381933212 32.4100451469421 32.3706524372101 32.3765102624893 32.5786187648773 32.9828221797943 33.4660239219666 33.9070227146149 34.0017149448395 33.9118400812149 33.9119559526443 34.0575616359711 34.1686499118805 34.376678943634 34.7343716621399 34.6645650863647 34.9702596664429 35.2177531719208 35.5869044065475 35.8594262599945 35.7271486520767 35.4947071075439 35.5460140705109 35.0753215551376 35.7146291732788 35.7645593881607 35.9642415046692 36.0750523805618
30.5858391523361 30.7765851020813 31.0381000041962 30.8969918489456 31.0394517183304 31.4864721298218 31.5662380456924 31.3656108379364 31.5905684232712 31.4063220024109 30.9827879667282 30.7184410095215 30.7360941171646 30.6198776960373 30.6316556930542 30.8234703540802 30.939570069313 31.5039200782776 32.0367699861526 32.1742022037506 32.0707937479019 32.0328738689423 32.4612059593201 32.6810389757156 32.650120139122 32.7977023124695 32.9977842569351 33.1749558448792 33.4638714790344 33.9017812013626 34.0769157409668 34.2338516712189 34.258286356926 34.432221531868 34.4101581573486 34.5135935544968 34.9319633245468 35.0189645290375 35.3217775821686 35.5063049793243 35.645852804184 35.6414694786072 35.4418368339539 35.5764554738998 35.650074839592 35.8316929340363 35.8338104486465 35.8589293956757 35.4510474205017
