data/train_2003/bio7_avg_2003-2018.asc
NCOLS 664 
NROWS 380 
XLLCORNER 3.91666666666667 
YLLCORNER 55.3333333333333 
CELLSIZE 0.0416666666666666 
NODATA_value -9999 
[rows 44 to 65 of 380, columns 294 to 342 of 664]
-9999 -9999 -9999 -9999 -9999 -9999 -9999 -9999 -9999 -9999 -9999 -9999 -9999 -9999 -9999 -9999 -9999 22.2898722887039 22.4942680597305 23.0005748271942 23.6893727779388 23.8522324562073 24.2595248222351 24.5855156183243 25.1591891050339 25.5018618106842 25.5620160102844 25.5376526117325 25.5715386867523 25.6226751804352 26.1110612154007 26.3869483470917 26.6895847320557 26.6919693946838 26.8103561401367 27.2624930143356 27.4053790569305 27.521015048027 27.6768019199371 27.791740655899 27.9514119625092 27.7253733873367 27.2511748075485 26.3989918231964 26.7772760391235 27.2577358484268 27.3725558519363 28.2677433490753 28.9979637861252
22.484323143959 -9999 -9999 -9999 -9999 -9999 -9999 -9999 -9999 -9999 -9999 -9999 -9999 -9999 20.7550526857376 20.8747687339783 -9999 -9999 22.8428319692612 23.0776282548904 23.8588322401047 24.0668634176254 24.1978814601898 24.6891335248947 25.169358253479 25.3784041404724 25.4959176778793 25.6438972949982 26.1806291341782 26.3653585910797 26.0203399658203 26.5838207006454 27.0895509719849 26.9585316181183 27.3495123386383 27.7309348583221 27.9140161275864 28.0148483514786 28.085307598114 28.0396460294724 28.0569833517075 27.9345277547836 27.8413708209991 26.8087141513824 26.9811882972717 27.2940908670425 27.6074947118759 28.7736469507217 29.5869363546371
-9999 -9999 -9999 -9999 -9999 -9999 -9999 -9999 -9999 -9999 -9999 -9999 -9999 -9999 -9999 -9999 -9999 22.2412714958191 22.6781500577927 23.2914994955063 24.1586099863052 24.5529857873917 24.1785831451416 24.6000002622604 25.1229857206345 25.7467892169952 26.321590423584 26.735889673233 26.6106880903244 26.9019874334335 27.1572860479355 26.9075847864151 26.8511341810226 27.3820139169693 27.7629026174545 27.9337923526764 27.8131827116013 27.7633225917816 27.9499826431274 28.1831613779068 28.2782794237137 28.07477247715 28.0209517478943 27.2216221094131 27.4457622766495 27.7230309247971 28.5359619855881 29.5287865400314 29.7635297775269
-9999 -9999 -9999 -9999 -9999 -9999 -9999 -9999 -9999 -9999 -9999 -9999 -9999 -9999 -9999 -9999 -9999 22.4546455144882 22.7188999652863 23.763400554657 24.6711653470993 24.6943072080612 24.4884305000305 24.6452176570892 25.5896813869476 25.9220172166824 26.0460356473923 26.5326261520386 27.0304670333862 27.0490583181381 27.2368171215057 26.2239910364151 26.0457489490509 26.7191733121872 27.331223487854 27.4388648271561 27.4550063610077 27.6733980178833 27.5706722736359 27.4782228469849 27.5908995866776 27.8005352020264 27.89206802845 27.2796796560287 -9999 27.7984074354172 28.2492097616196 29.0446360111237 29.4485626220703
-9999 -9999 -9999 -9999 -9999 -9999 -9999 -9999 -9999 -9999 -9999 -9999 -9999 -9999 -9999 -9999 -9999 22.865002989769 23.3848849534988 24.0016113519669 24.7739524841309 24.8589643239975 25.0993882417679 25.4568206071854 26.0549076795578 26.3924942016602 26.6292293071747 26.5992655754089 26.6367303133011 26.6935467720032 25.3791388273239 25.3588967323303 25.7695925235748 26.5346639156342 26.9064755439758 27.0591802597046 27.6963305473328 -9999 27.7147376537323 27.0046949386597 27.2718989849091 27.300145149231 27.3372447490692 27.5593454837799 28.41825735569 29.023809671402 29.0172489881516 29.6937540769577 30.0823103189468
-9999 -9999 -9999 -9999 -9999 -9999 -9999 -9999 -9999 -9999 -9999 -9999 -9999 -9999 22.9198410511017 22.5178209543228 23.6145997047424 24.0345879793167 24.2987867593765 24.5700991153717 25.4630780220032 25.4618066549301 25.4055358171463 25.5200144052505 25.9672435522079 26.4045342206955 26.7661064863205 27.1272248029709 -9999 -9999 -9999 25.4575530290604 25.5663530826569 25.5926543474197 -9999 25.7135888338089 26.7987983226776 27.6461746692657 27.5823305845261 27.3226667642593 27.3018147945404 27.2712135314941 27.7296125888824 28.8303678035736 29.2417310476303 28.9690569639206 29.204204916954 29.9943971633911 30.6151200532913
-9999 -9999 -9999 -9999 -9999 -9999 -9999 21.7939215302467 21.6975221037865 21.6015689969063 -9999 -9999 -9999 -9999 23.0708476305008 23.446009516716 24.1296765804291 24.9458184242249 25.3759182691574 25.4337259531021 25.0854402780533 24.7395507097244 25.1005184650421 25.4491853713989 25.6419855356216 25.0236999988556 -9999 -9999 -9999 24.3246893882751 25.3894593715668 25.9084593057632 26.4195679426193 26.3722069263458 26.4103623628616 26.7296634912491 27.4367252588272 28.2533748149872 28.228243470192 28.3818885087967 28.4063975811005 28.442156791687 29.283606171608 28.6496750116348 28.7119348049164 28.5589437484741 28.2248685359955 29.3705023527145 30.5239289999008
-9999 -9999 -9999 -9999 22.1206080913544 23.2541387081146 -9999 22.2872455120087 22.4897078275681 22.3978054523468 -9999 -9999 -9999 -9999 -9999 -9999 24.9981908798218 24.3292654752731 -9999 -9999 24.4381160736084 24.7176280021667 25.1930780410767 25.6567997932434 25.6970311403275 25.2431772947311 -9999 -9999 25.0848340988159 25.4860945940018 26.3911044597626 26.8772677183151 25.50612449646 25.9965323209763 26.7023944854736 27.1731550693512 28.1196656227112 28.6609503030777 27.9757404327393 28.4916101694107 29.1213202476501 29.1481397151947 28.8422207832336 28.5218403339386 28.9822098016739 29.2668302059174 28.6132739782333 28.9600987434387 29.6676731109619
-9999 21.1690499186516 21.8247880935669 21.7179993391037 22.4405363798141 22.4090468883514 22.2515994310379 22.6822350025177 23.1298310756683 22.5573256015778 22.7169625759125 -9999 22.5606153011322 23.1133246421814 -9999 -9999 -9999 -9999 -9999 -9999 -9999 -9999 -9999 -9999 -9999 -9999 -9999 -9999 25.0663630962372 26.0754151344299 -9999 26.0631042718887 25.7983428239822 27.0156031847 27.616926908493 28.0862301588058 28.8931250572205 29.1875261068344 28.9353736639023 29.1781698465347 28.6245629787445 27.9675439596176 28.3907744884491 29.2650055885315 29.1684858798981 29.7867165803909 29.9066803455353 29.2119040489197 29.5591588020325
-9999 -9999 22.0029057264328 22.2475609779358 23.0065503120422 23.1767610311508 23.2015756368637 23.5049523115158 23.5319141149521 23.3974128961563 23.5864598751068 22.7931821346283 22.8353536128998 23.3632887601852 -9999 -9999 -9999 -9999 -9999 -9999 -9999 -9999 24.3139946460724 24.1687911748886 24.186087012291 24.3963516950607 24.5248285531998 24.7660483121872 25.0853923559189 -9999 -9999 24.86920773983 25.0507519245148 26.5610214471817 27.7258924245834 28.0999708175659 28.4125318527222 29.2042430639267 28.8473137617111 28.8053381443024 28.9153957366943 28.9282375574112 29.0835790634155 29.9849339723587 30.7215189933777 30.6246658563614 30.3807045221329 30.2558922767639 30.437889456749
20.8422375917435 21.7039226293564 21.5535790324211 22.2476367950439 22.6862946748734 23.4776384830475 24.1508235931396 24.4047739505768 24.4891599416733 24.5923689603806 24.4004637002945 23.6237004995346 22.8780971765518 23.0034092664719 -9999 -9999 -9999 -9999 -9999 -9999 -9999 -9999 24.2392976284027 24.3823081254959 25.1964228153229 25.3581107854843 25.2951482534409 25.2700344324112 25.4637960195541 25.7962806224823 25.8401238918304 25.8450286388397 26.7054694890976 27.6759783029556 27.0584931373596 27.8361614942551 28.1895409822464 28.6699548959732 28.9746985435486 29.0793607234955 29.430006980896 29.9622589349747 30.3353968858719 30.8783997297287 31.2515068054199 30.98284304142 30.4429596662521 30.9770345687866 31.3791102170944
22.8275547027588 23.3774100542068 23.665546298027 22.16222178936 22.7833735942841 23.5605964660645 23.5015856027603 24.5459513664246 -9999 22.9462707042694 22.7592911720276 -9999 22.6787601709366 22.6930494308472 -9999 -9999 -9999 -9999 -9999 24.5515487194061 24.8672186136246 25.1218633651733 -9999 25.2823569774628 25.1954357624054 26.0568381547928 26.4848426580429 26.4762717485428 26.5302010774612 26.6496295928955 26.9390907287598 26.7957373857498 25.8327125310898 26.1016684770584 26.3910257816315 26.824455499649 27.5373836755753 27.7045637369156 28.5925874710083 29.4150525331497 29.7491161823273 30.1284599304199 30.6623190641403 31.0306789875031 31.2861845493317 31.4006044864655 31.4492572546005 31.3564351797104 31.2441562414169
22.8534023761749 23.4545959234238 23.7343875169754 23.5015337467194 24.0206369161606 24.5550073385239 24.6295973062515 24.817963719368 24.8636380434036 23.2536166906357 22.9332066774368 -9999 -9999 -9999 -9999 -9999 -9999 -9999 25.4683917760849 25.5827380418777 25.4612095355988 26.1851803064346 26.7186185121536 26.5213936567307 26.2828714847565 26.6890808343887 25.9201626777649 26.6587978601456 27.7509129047394 27.6104143857956 27.5338839292526 27.6541064977646 27.8441246747971 27.4676945209503 27.2122458219528 27.7283234596252 27.7310012578964 28.2533276081085 28.2648844718933 29.2245945930481 29.2632982730865 29.0605674982071 29.3352411985397 29.5862077474594 29.4983855485916 29.8003553152084 30.2642204761505 31.6138203144073 31.900951385498
24.1340024471283 24.3983404636383 24.5185959339142 24.862380027771 25.1889148950577 25.4514180421829 25.1923993825912 24.9818813800812 25.0526134967804 24.7878850698471 24.0227019786835 -9999 -9999 -9999 -9999 -9999 23.8255256414413 24.182377576828 25.670001745224 25.7891147136688 25.7647279500961 25.7005908489227 25.4084545373917 25.899090051651 25.9648962020874 -9999 26.3651168346405 26.109050989151 26.6257594823837 26.6437731981277 26.992787361145 27.1910502910614 27.807563662529 28.4737671613693 28.8975744247437 29.2436637878418 29.4247031211853 29.8319035768509 30.0551253557205 29.6906617879868 29.4061949253082 29.33234167099 28.9728161096573 29.0840805768967 29.3381159305573 29.4791499376297 30.2579766511917 31.6892731189728 31.2949981689453
24.6821538209915 24.7358969449997 25.049384355545 24.8596289157867 24.9936232566833 25.4071165323257 25.2417775392532 25.2097297906876 25.2104030847549 24.818989276886 24.4745020866394 22.6784693002701 22.9552134275436 -9999 -9999 24.0896538496017 23.9996653795242 24.602010011673 25.9778155088425 25.7468950748444 26.2297170162201 26.2918562889099 25.5614328384399 25.5324240922928 25.9627913236618 26.5376029014587 27.0776963233948 27.3493647575378 27.6832457780838 28.0257867574692 27.6939982175827 27.5093684196472 27.3547867536545 27.3529127836227 27.4962894916534 28.5885537862778 28.9905774593353 29.3938512802124 30.0435981750488 30.0075688362122 29.6290395259857 29.5941724777222 29.0511796474457 28.691704750061 28.9562293291092 30.4832513332367 31.3524730205536 30.1215562820435 29.9730775356293
25.2333682775497 25.3356187343597 25.5658541917801 25.665322303772 25.4757905006409 25.2627588510513 25.1739774942398 25.4365502595901 25.5773502588272 25.2206380367279 24.9577713012695 25.1267498731613 -9999 24.6062241792679 25.3693593740463 25.5411782264709 25.8093456029892 25.9225314855576 26.0012007951736 25.9017666578293 26.363748550415 26.7237977981567 26.3867124319077 26.1644450426102 26.3031764030457 26.621408700943 27.1356801986694 27.5257390737534 28.0081593990326 28.4554100036621 28.5604264736176 28.4835376739502 28.1684144735336 28.3629779815674 28.5459787845612 28.590752363205 29.1619964838028 29.6734217405319 29.1779537200928 28.9021725654602 28.9492198228836 29.7551465034485 30.7447113990784 30.7450021505356 30.3654981851578 30.4399944543839 31.3037122488022 30.8429607152939 30.2746878862381
25.2251131534576 25.5016059875488 25.4145737886429 25.7586681842804 25.846459031105 25.7674009799957 25.6310942173004 25.566121339798 25.2830464839935 25.1674733161926 25.0500439405441 25.3909488916397 25.7225836515427 25.6247518062592 25.9930273294449 26.2471842765808 25.9535324573517 26.1483792066574 26.5949772596359 26.8600751161575 27.1174231767654 26.7890204191208 27.096391916275 27.5761672258377 27.8296928405762 28.0239695310593 27.6537218093872 27.3998219966888 27.4930646419525 27.8445559740067 27.2220487594604 27.9152899980545 28.6993461847305 28.8843256235123 28.829554438591 29.5337834358215 30.0325120687485 29.8857412338257 29.5078103542328 29.1107401847839 29.6368764638901 30.5915341377258 30.0194187164307 29.1884540319443 29.161576628685 29.1653399467468 29.4896032810211 30.1902257204056 31.6720023155212
25.5120838880539 25.4908412694931 25.5424339771271 25.4072353839874 25.2717866897583 25.2605886459351 25.5853908061981 25.703692317009 25.3961514234543 25.0621497631073 25.4690965414047 26.0616490840912 26.3299499750137 26.3922522068024 26.6068184375763 26.6102811098099 26.5499947071075 26.8142076730728 26.462920665741 26.7393832206726 26.7368468046188 26.7213100194931 26.4360229969025 26.789235830307 27.8320162296295 28.3327116966248 28.4720375537872 28.5557435750961 28.6922007799149 28.9744067192078 28.6578642129898 28.7495710849762 28.4975295066833 28.5179551839828 29.3891909122467 29.5938977003098 29.0068553686142 28.6796541213989 28.8536075353622 29.7131670713425 29.8754192590714 29.3210680484772 29.1392896175385 29.0645227432251 28.8230051994324 29.8259279727936 29.6569720506668 29.6946008205414 30.9525445699692
25.5716631412506 25.8516479730606 25.553972363472 25.5349905490875 25.5660432577133 25.6802204847336 25.6068739891052 25.3963878154755 25.3320555686951 25.5586494207382 25.7814898490906 26.16921210289 26.568400144577 26.8828281164169 26.8222191333771 26.8511276245117 26.8997060060501 26.8807854652405 26.4703633785248 26.7491923570633 26.8092708587646 27.2658497095108 27.1641774177551 27.5787570476532 28.2620902061462 28.8894535303116 28.7918522357941 28.8642867803574 29.2209709882736 29.5704065561295 29.5495908260345 29.2625247240067 29.2809593677521 29.9152309894562 29.8793278932571 29.8980131149292 30.0396968126297 30.0338816642761 29.9935214519501 29.9710676670074 29.9477936029434 29.9705582857132 29.7620304822922 29.417982339859 28.8621852397919 28.4926365613937 28.7590892314911 29.6185420751572 31.0680868625641
24.9422005414963 25.0753413438797 25.3465715646744 25.5757585763931 25.6916965246201 25.7312268018723 25.9194711446762 25.5858645439148 25.7833865880966 26.0104403495789 26.3195843696594 26.6361587047577 26.9645262956619 27.1658961772919 27.0380656719208 27.1554309129715 27.6176691055298 27.6571131944656 27.5166461467743 27.5513558387756 27.6607862710953 27.6669088602066 27.8150994777679 28.5448812246323 29.0031630992889 29.1896952390671 29.336167216301 29.4025795459747 29.4792821407318 29.7723296880722 29.6437513828278 29.9775174856186 29.8610148429871 28.9402320384979 29.3574653863907 29.6662713289261 30.1397814750671 30.3002924919128 30.4839496612549 30.5267519950867 30.4465533494949 30.6533559560776 30.8781588077545 30.875960111618 30.8597623109818 30.7915642261505 30.8733664751053 31.2360217571259 31.6286301612854
25.0130172967911 25.1893028020859 25.4642032384872 25.6308403015137 26.0087463855743 26.1935460567474 26.0644396543503 26.1640567779541 26.1449363231659 26.2502633333206 26.6244546175003 26.8679931163788 27.1329076290131 26.8495681285858 26.9989800453186 27.2051684856415 27.4260319471359 27.7752743959427 27.5439003705978 27.5142197608948 26.2821193933487 26.9566346406937 27.6513248682022 27.9875363111496 28.254986166954 28.4814487695694 28.7941538095474 29.104304432869 29.5262798070908 -9999 -9999 28.3839335441589 28.5207110643387 28.9898687601089 29.3967689275742 29.8761502504349 30.1375123262405 30.4656368494034 30.8295574188232 30.407435297966 30.5543142557144 30.8591927289963 31.1460713148117 31.4009506702423 31.2878288030624 31.30870616436 31.6669017076492 31.9432874917984 32.0136719942093
25.6610502004623 26.0262379646301 26.2566615343094 26.6049209833145 26.7789723873138 26.6286146640778 26.6786235570908 -9999 25.9220303297043 26.270336151123 25.7720431089401 25.3297924995422 27.2138803005219 25.3724901676178 -9999 -9999 -9999 -9999 -9999 -9999 26.2982935905457 26.9117022752762 27.7424465417862 -9999 -9999 -9999 -9999 27.6001657247543 27.921025633812 27.5886520147324 27.9376153945923 27.4325517416 27.8184748888016 27.5514743328094 27.9885377883911 29.0695476531982 29.2937372922897 30.3657534122467 30.4609546661377 30.4741196632385 30.8100752830505 30.9210293292999 31.3959840536118 31.606938958168 31.6308934688568 31.5438495874405 31.739953994751 32.3355531692505 32.4904643297195
