data/train_2003/bio7_avg_2003-2018.asc
NCOLS 664 
NROWS 380 
XLLCORNER 3.91666666666667 
YLLCORNER 55.3333333333333 
CELLSIZE 0.0416666666666666 
NODATA_value -9999 
[rows 220 to 241 of 380, columns 98 to 146 of 664]
25.6749336719513 25.7843078374863 25.8471834659576 25.9485374689102 26.1187243461609 26.2491617202759 26.3869551420212 26.5763549804688 26.6964234113693 26.6554553508759 26.497022986412 26.3028841018677 26.3294944763184 25.9868549108505 25.8394659757614 25.3750766515732 25.2668524980545 25.2847974300385 25.234938621521 25.2668608427048 25.6970337629318 26.4822052717209 27.1090101003647 28.0196100473404 27.4080893993378 27.1173791885376 27.4399468898773 27.5803912878036 28.0668374300003 30.2238167524338 29.6080857515335 28.4438580274582 28.20734333992 28.3145779371262 28.2025287151337 27.9226046800613 27.5314319133759 27.6588824987411 27.8100844621658 27.0261616706848 27.0418666601181 27.2302790880203 27.9693287611008 27.937531709671 27.7597337961197 27.7589372396469 28.3072189092636 28.9845278263092 29.6488372087479
26.3040614128113 26.2269588708878 26.4001070261002 26.3057548999786 26.3759032487869 26.4903008937836 26.6542174816132 26.9814034700394 26.8590890169144 26.2765251398087 25.8698111772537 25.7306351661682 26.3259588479996 26.7962828874588 27.1792409420013 27.1920659542084 27.3343923091888 27.3372168540955 27.5447089672089 27.4831157922745 27.9830231666565 28.3426802158356 28.3908836841583 29.1078947782516 27.9840353727341 27.7639867067337 27.630437374115 27.7783886194229 28.355589389801 28.7375398874283 30.1125752925873 29.8177456855774 28.9842631816864 27.7515624761581 27.7941117286682 27.9330778121948 27.7262407541275 27.5332770347595 27.1859738826752 26.9109205007553 27.2201172113419 26.6823130846024 27.2096992731094 27.1152738332748 26.6388494968414 26.9029241800308 27.1535001993179 28.7939481735229 29.6781575679779
26.1847114562988 26.2918572425842 26.2882533073425 26.2858988046646 26.5465450286865 26.9579861164093 26.7165619134903 27.0384085178375 27.511589050293 27.3413515090942 27.381448507309 27.2160457372665 27.095142364502 27.4049887657166 27.6625850200653 27.8586822748184 27.8765288591385 27.5661250352859 27.38052713871 27.1057336330414 26.8821896314621 27.2888967990875 27.5541026592255 28.5465894937515 29.0458273887634 29.2075093984604 29.0513473749161 28.6782668828964 28.0115917921066 27.3407983779907 27.3052078485489 28.206570982933 29.5393069982529 29.6470522880554 28.5314095020294 28.4957727193832 28.4333860874176 28.3211710453033 28.1731524467468 27.4671350717545 27.0246168375015 27.092348575592 27.5468275547028 27.5695561170578 26.7582840919495 27.2767622470856 27.4852410554886 28.366280913353 29.2854771614075
25.3093613386154 24.5651220083237 24.2902166843414 24.6295613050461 25.4519069194794 26.5010811090469 26.8324062824249 26.5101631879807 26.5481715202332 26.7544287443161 26.9581871032715 27.4003810882568 28.151834487915 28.3009471893311 28.6383100748062 28.6915276050568 28.8420344591141 28.9823966026306 29.2635406255722 29.323212146759 29.0321357250214 29.3020595312119 29.5004823207855 29.610405087471 29.5365779399872 29.5902514457703 29.5646741390228 29.5045975446701 30.0842705965042 30.2221928834915 29.301850438118 28.9016256332397 29.3281971216202 30.6218745708466 29.5245891809464 29.1706610918045 28.6638113260269 28.3549892902374 28.5764638185501 28.8828196525574 28.794425368309 28.9888828992844 28.9264563322067 28.4268381595612 28.3094691038132 28.3975998163223 28.5582311153412 28.6086134910583 28.2438309192657
23.4832042455673 23.7583738565445 24.2207931280136 25.3697395324707 26.1450787782669 25.3533645868301 24.5178154706955 24.8571549654007 25.0257439613342 25.982506275177 27.3954241275787 27.7008428573608 27.982408285141 27.5209301710129 27.7333487272263 27.7750161886215 27.0122094154358 26.4112993478775 26.780856013298 27.2896386384964 28.0041058063507 28.8196326494217 29.1033045053482 28.8384766578674 29.0698984861374 29.1103202104568 29.0879926681519 28.7911288738251 28.7003467082977 29.1542583703995 30.1223992109299 29.9152280092239 29.7034319639206 29.6547343730927 29.4351313114166 29.1312785148621 30.4843727350235 30.0363215208054 29.3534684181213 29.4009602069855 29.2319512367249 29.3036926984787 28.9065182209015 28.7436194419861 28.8308397531509 29.0053749084473 28.7986606359482 28.8701956272125 28.9901160001755
24.6509037017822 24.5215203762054 24.6293872594833 24.3567538261414 23.9726207256317 25.0632368326187 26.0435953140259 26.4599243402481 27.0812538862228 27.6883329153061 27.8329119682312 27.5077415704727 27.1845707893372 26.7285779714584 27.4969791173935 26.6944338083267 25.5806115865707 25.0240396261215 25.6609210968018 26.3350061178207 26.7440911531448 27.4521766901016 29.0957469940186 28.6474195718765 28.429456114769 29.1167659759521 28.5276523828506 28.7158627510071 29.1155358552933 29.4679589271545 29.4760313034058 29.4635034799576 29.2809765338898 29.3607008457184 29.6129221916199 30.0014955997467 30.6200048923492 29.9090911149979 29.086274266243 29.2583281993866 29.5827580690384 29.5831025838852 29.3712714910507 29.081382393837 28.7211039066315 28.9818284511566 29.2450535297394 29.3767783641815 29.0725038051605
23.1272374391556 23.2904604673386 23.8354332447052 24.9519064426422 26.3503869771957 27.1428518295288 27.3637034893036 27.6024227142334 27.9012960195541 27.7343626022339 27.6998326778412 26.6655517816544 26.3406349420547 26.8479181528091 26.9217104911804 27.3994301557541 27.1912665367126 27.4152997732162 27.6285179853439 28.2183479070663 28.2204270362854 28.5912553071976 29.3230638504028 29.3947938680649 29.1242738962173 29.3547538518906 29.6526165008545 30.1481271982193 30.0543739795685 28.9386738538742 29.2010891437531 29.8784387111664 30.1781768798828 29.4601393938065 28.5856800079346 28.623596906662 30.4588245153427 30.3715487718582 29.1180990934372 29.8157416582108 29.8308417797089 29.2194420099258 28.8556319475174 28.8777776956558 29.5056730508804 29.8198181390762 29.768963932991 29.5161101818085 29.3570053577423
25.9706292152405 26.2444448471069 26.7596793174744 27.213350892067 27.3100234270096 27.3946956396103 27.0335760116577 26.053414940834 25.5771920681 26.4833439588547 27.9896838665009 26.4024047851562 25.3598090410233 24.4179632663727 24.9723666906357 25.987020611763 26.5744246244431 27.5645797252655 27.9076215028763 27.9264070987701 28.3754432201385 28.3759782314301 28.3280140161514 28.9437999725342 29.3664394617081 29.9382823705673 29.804874420166 30.1381461620331 30.2297433614731 28.9601517915726 28.9353199005127 29.2183990478516 28.9987272024155 29.1970551013947 29.7825829982758 30.1056123971939 30.7475826740265 30.6269768476486 29.1069461107254 29.5482335090637 30.4351634979248 29.6232926845551 29.4179644584656 28.681050658226 28.7378561496735 29.5076600313187 29.957227230072 29.8637931346893 29.2999424934387
26.7712364196777 26.8328467607498 26.3657073974609 26.4115679264069 26.5479283332825 24.8505345582962 23.6173300743103 22.7366052865982 24.1071306467056 27.050076007843 27.1227849721909 26.28395652771 24.5629814863205 24.3397570848465 24.8412832021713 26.9525572061539 27.172082901001 27.1881092786789 26.9702050685883 26.5201227664948 27.1930402517319 28.158451795578 28.8931941986084 29.5136502981186 29.7023547887802 28.4079205989838 28.2371631860733 28.5069049596786 30.1764259338379 29.9416302442551 29.121838092804 28.0038696527481 28.4893583059311 28.2918994426727 28.0589039325714 28.6193250417709 29.4165954589844 30.1193047761917 30.5944739580154 30.6307892799377 30.5946046113968 31.2819197177887 29.769376039505 29.5586314201355 29.4547874927521 29.2835024595261 29.9878971576691 30.0429013967514 29.1873930692673
26.4265189170837 26.0684349536896 24.0989284515381 25.2443670034409 26.7990820407867 25.5624352693558 23.7482758760452 23.3856726884842 25.2943193912506 27.4840584993362 24.822362780571 25.0077593326569 25.29940533638 25.8195521831512 26.7129484415054 27.0330945253372 26.3877919912338 26.0867570638657 25.6265153884888 26.4075665473938 27.4316197633743 28.6248724460602 29.7068855762482 29.0700727701187 28.8522707223892 28.4534701108932 28.9929189682007 28.9063677787781 29.7355415821075 30.234858751297 29.7182120084763 29.433851480484 29.2339897155762 29.2548899650574 28.9627895355225 28.861689209938 28.9798390865326 29.0269889831543 29.0698888301849 29.3599668741226 31.0040464401245 31.9937837123871 31.2995760440826 30.6466733217239 29.8241759538651 29.982120513916 29.840815782547 30.2505090236664 30.378203868866
26.6357394456863 25.513392329216 23.5649268627167 24.0817114114761 25.7666530609131 26.3184741735458 25.5639715194702 25.6149899959564 26.3220901489258 25.8707758188248 24.2725434303284 23.2195613384247 23.6123290061951 24.005096912384 25.556364774704 27.5941009521484 28.0041502714157 28.0279188156128 28.1851810216904 28.6595871448517 28.9697431325912 29.6226481199265 29.8128259181976 29.2039586305618 28.7926142215729 28.9160194396973 28.9736750125885 29.7143305540085 30.1941568851471 30.8259420394897 30.7326670885086 30.1011554002762 29.3241206407547 29.7987940311432 30.2008626461029 30.2926818132401 30.7421103715897 30.4512674808502 30.1031391620636 30.0219584703445 30.6249887943268 30.676646232605 31.247673869133 31.3628234863281 31.5807231664658 32.0943726301193 31.9477717876434 31.060170173645 31.4338201284409
26.8606866598129 26.1471580266953 25.1459251642227 25.7339074611664 26.2591562271118 26.3991361856461 25.9589161872864 25.9914494752884 25.5912338495255 25.0990025997162 24.5902968645096 25.2745898962021 26.3342528343201 25.0861411094666 26.1352797746658 27.9194324016571 26.1288092136383 27.0619477033615 27.5936583280563 28.4281468391418 29.4667590856552 29.4318705797195 27.9124835729599 27.8963458538055 28.3787071704865 28.8000687360764 29.6514314413071 30.4824512004852 30.7975224256516 31.0037341117859 31.1494016647339 30.0279594659805 29.7404589653015 30.530456662178 30.5302058458328 29.8032050132751 29.6074534654617 29.7584526538849 29.812451004982 29.8981995582581 30.0174475908279 30.0379465818405 29.951608300209 29.7186824083328 29.7877558469772 29.8625791072845 30.8848229646683 30.8815240859985 30.3548008203506
27.2493354082108 27.2776998281479 26.7958160638809 26.7679296731949 26.5664305686951 26.3719351291656 26.0831059217453 25.5337009429932 26.3757951259613 27.3382388353348 26.8746553659439 26.9990541934967 28.1426568031311 28.3165059089661 27.9591944217682 27.2112070322037 27.0769671201706 28.0944808721542 28.806055188179 29.1339120864868 28.8815258741379 28.0830940008163 28.1444123983383 28.5354804992676 28.8912998437881 28.9476183652878 29.5820486545563 30.0539911985397 30.1043895483017 30.182043671608 30.6560862064362 30.8383858203888 30.9761344194412 30.9658821821213 30.4632992744446 29.641227722168 28.571414232254 28.5260459184647 28.8944288492203 29.4400613307953 29.9118701219559 29.6747981309891 29.927768945694 30.307031750679 30.4300447702408 30.0830589532852 29.933571100235 29.9063349962234 29.7780977487564
27.1669853925705 27.2982892990112 26.7965331077576 25.2422524690628 25.3668323755264 25.7561632394791 26.049546122551 26.0769509077072 26.87761926651 27.7956913709641 28.3111615180969 27.9886013269424 27.1058493852615 26.0502310991287 25.0458627939224 25.1907435655594 25.9631259441376 27.4617568254471 28.7944923639297 28.8955172300339 28.808291554451 28.1392822265625 28.3723418712616 28.9258670806885 29.1683925390244 29.3606685400009 29.5849431753159 29.0797185897827 29.9232760667801 30.2227935791016 30.6365044116974 30.7989184856415 30.2400822639465 29.7382851839066 30.4258918762207 30.5862510204315 29.7988588809967 29.1064820289612 29.3445250988007 29.4868189096451 29.7015414237976 30.1576489210129 29.9136797189713 30.2533823251724 30.4710853099823 30.1897879838943 30.1642404794693 30.1654433012009 30.0778956413269
27.0656344890594 26.3403846025467 26.332669377327 26.5429685115814 25.8238612413406 26.3299567699432 27.157411813736 27.388302564621 28.040842294693 27.8351446390152 26.5038187503815 26.0312696695328 25.7502319812775 25.973776102066 25.6833204030991 25.346281170845 25.5125722885132 26.3861980438232 28.08469581604 28.5655677318573 29.0260980129242 29.3168052434921 28.527764081955 27.8268057107925 29.054735660553 29.0969676971436 29.333589553833 29.8105109930038 30.3516397476196 30.5754600763321 30.7645894289017 31.0597757101059 30.695964217186 29.8308503627777 29.7278046607971 29.577009677887 29.5109635591507 30.1623494625092 29.8453720808029 29.8365768194199 30.0567127466202 30.5855001211166 30.4585909843445 30.3992328643799 30.584624171257 30.6405177116394 30.3134092092514 30.0371397733688 29.6745592355728
27.3302847146988 26.60930788517 26.0921684503555 26.6304894685745 27.4426589012146 27.6075780391693 27.7901754379272 27.8715574741364 28.5304659605026 28.7640970945358 28.2402292490005 28.1255433559418 28.0725922584534 28.1263885498047 28.1669368743896 27.7593184709549 27.7519421577454 28.1315665245056 28.3434827327728 28.9918271303177 28.864485502243 28.5854403972626 28.7315500974655 28.9229581356049 29.7550611495972 30.1343528032303 30.2126811742783 30.3171099424362 30.4115880727768 30.3196667432785 30.4716731309891 30.7038855552673 30.4643462896347 29.8670889139175 29.7674486637115 29.9970582723618 29.9184165000916 29.7206039428711 29.8052185773849 30.4249168634415 30.6806336641312 31.1558510065079 30.8905013799667 30.5665830373764 30.5926654338837 30.6027464866638 30.4183291196823 30.3384095430374 30.1612414121628
27.084591627121 27.027419924736 27.2177498340607 27.7982910871506 28.0010870695114 27.9522780179977 28.1013264656067 28.0221743583679 28.4403373003006 28.7237997055054 28.7042622566223 28.449724316597 28.5856823921204 28.7406002283096 29.068267583847 28.8944803476334 28.8497442007065 28.9262585639954 29.0083020925522 29.4469472169876 29.5963559150696 29.7253414392471 29.7486659288406 29.8063626289368 29.7068002223969 29.7805366516113 29.6212730407715 29.623507976532 29.4215017557144 29.6101461648941 29.4548567533493 29.7823958396912 29.1304091215134 29.1501232385635 29.5512372255325 30.0373523235321 30.4109662771225 30.7525800466537 30.4789447784424 30.3228083848953 30.4991103410721 30.7557028532028 31.239161491394 31.2731826305389 31.3107035160065 31.2959756851196 30.6712470054626 30.8560183048248 30.2535395622253
27.7668889760971 27.747688293457 27.9149874448776 27.9575616121292 27.9682854413986 27.8727598190308 27.8531097173691 28.5163370370865 28.8059593439102 28.7722523212433 28.4339066743851 28.1330292224884 28.2278816699982 28.4049243927002 28.1925985813141 28.0756353139877 29.1481726169586 29.219460606575 29.6097884178162 29.8782558441162 29.9157240390778 29.9591919183731 30.0098886489868 29.9981482028961 30.0811587572098 30.2246676683426 30.1566141843796 29.9867576360703 29.7806708812714 30.2030227184296 30.4048002958298 30.457670211792 30.3837893009186 30.2721575498581 30.4465266466141 30.3943967819214 30.5222654342651 30.9266557693481 30.8851647377014 30.681173324585 30.8536829948425 30.8791919946671 30.7540725469589 30.7545343637466 30.6982454061508 30.7954548597336 31.1986654996872 31.4658764600754 31.3777883052826
27.4763398170471 27.8487939834595 27.7764990329742 28.0034543275833 28.1788643598557 28.3644925355911 28.2961896657944 28.6449009180069 28.5173625946045 28.2523039579391 28.1642605066299 28.066991686821 27.6974737644196 27.5922491550446 27.7505065202713 27.596920132637 28.2248916625977 29.3030835390091 29.8085769414902 30.4762488603592 31.0300267934799 30.759405374527 30.7004287242889 30.6526110172272 30.8334177732468 30.7450141906738 30.3929671049118 30.7844196557999 31.1708718538284 31.2385749816895 31.2771420478821 31.2643259763718 31.1110105514526 31.1194443702698 31.186128616333 30.9860626459122 31.0492477416992 31.2746810913086 31.1641154289246 31.080549120903 31.1239831447601 31.3824172019958 31.2798357009888 31.0816203355789 30.8964065313339 30.9689409732819 31.0289766788483 31.0330123901367 31.2170475721359
28.1139097213745 28.3001384735107 28.4101181030273 28.3805975914001 28.5058263540268 28.7230565547943 28.7281752824783 28.9246829748154 29.2662563323975 28.8906360864639 28.0857064723969 27.9974212646484 28.3029724359512 26.7013614177704 27.3120965957642 29.103049993515 29.7465515136719 29.7163020372391 29.5341622829437 29.6643823385239 30.3981022834778 30.8910069465637 31.2291754484177 31.4779694080353 31.2072650194168 31.4668095111847 31.2192531824112 31.2440544366837 31.6472116708755 31.6326193809509 31.3426553010941 31.5076659917831 31.4226766824722 31.3139375448227 31.3946970701218 31.2627081871033 30.7984689474106 30.8339799642563 30.8384898900986 31.0974999666214 31.1020104885101 30.8730217218399 30.6989543437958 30.8958102464676 31.143413901329 31.3689345121384 31.5614300966263 31.3606750965118 31.1416699886322
28.0884615182877 28.0948469638824 28.1907756328583 28.1497043371201 28.1501336097717 28.3243124485016 28.3474459648132 28.2632828950882 28.4154179096222 27.9741206169128 28.1303241252899 28.7917236089706 29.4184954166412 29.1941686868668 29.8953156471252 30.1415442228317 30.3380229473114 30.7019517421722 31.1617268323898 31.3061861991882 31.1368945837021 31.267104268074 31.3500627279282 31.5362721681595 32.0457307100296 32.4643988609314 31.7324359416962 30.5907677412033 30.8865261077881 30.9832031726837 31.0314197540283 31.0647569894791 31.0023430585861 31.3081809282303 31.7012672424316 31.6826041936874 31.2801909446716 31.0875285863876 30.4968649148941 30.5612019300461 30.4007889032364 30.575625538826 30.7236852645874 31.0644700527191 31.0495052337646 30.7699288129807 31.2991333007812 31.1711084842682 30.8025423288345
28.0487642288208 27.670418381691 27.7742366790771 27.4273034334183 27.6434011459351 27.4491007328033 27.4776825904846 27.492896437645 27.7634828090668 28.433792591095 28.4944416284561 28.4763388633728 28.5852371454239 29.6215090751648 29.7266130447388 29.7017157077789 29.981320142746 29.8511738777161 29.987434387207 30.2311481237411 30.7987051010132 31.3112387657166 32.2344645261765 31.687689781189 31.0406662225723 32.4616430997849 32.5236189365387 30.8965957164764 30.3776022195816 30.103019118309 30.629934668541 31.0115964412689 31.1927593946457 31.1479243040085 31.1925871372223 31.5535000562668 31.4179134368896 31.3665759563446 31.3944897651672 31.26065325737 30.9948161840439 30.5729804039001 30.2449184656143 29.7871462106705 30.0100609064102 30.7096736431122 30.9190856218338 31.0144997835159 30.5669131278992
