data/train_2003/bio8_avg_2003-2018.asc
NCOLS 664 
NROWS 380 
XLLCORNER 3.91666666666667 
YLLCORNER 55.3333333333333 
CELLSIZE 0.0416666666666666 
NODATA_value -9999 
[rows 176 to 197 of 380, columns 343 to 391 of 664]
12.206426307559 12.2407178282738 12.1818732619286 12.1790707558393 12.435559913516 12.3276742249727 12.4413182884455 12.3222583681345 12.1984184533358 12.3720128685236 12.3988762795925 12.4609795510769 12.6559586077929 12.7637404203415 12.8979087173939 12.6992875933647 11.9758791178465 12.0431648790836 11.9337343201041 11.9316192939878 11.8078791350126 11.8426696658134 11.9641067385674 10.913490884006 11.0054663941264 11.268722012639 11.1438235677779 11.1458700150251 10.9072300419211 10.6964871622622 10.0270030908287 10.1645682509989 10.141728464514 10.0596894137561 10.1656500194222 9.89861121401191 10.0604051537812 10.0962794367224 10.1179845798761 10.2124396786094 9.92882452346385 10.1771830096841 10.0923966746777 9.80220623873174 8.31715852464549 8.32470894907601 8.66242815414444 8.2086788835004 8.22236998099834
11.7116087079048 11.8370599299669 11.9417868107557 12.1831825077534 12.4128286093473 12.5490582436323 12.6197460144758 12.4736726880074 12.3179128617048 11.5432939529419 11.6862619966269 12.2158786952496 12.3036490380764 12.5808428823948 11.9189322441816 11.6592754423618 11.6711567845196 10.7555021196604 10.9059190787375 10.925704434514 10.8566561490297 10.8165664672852 10.9810074195266 11.016553722322 9.74236114695668 9.85884826630354 9.93000439926982 10.0015926044434 9.10493113286793 9.93566992133856 9.13833550363779 9.35063712392002 9.35501917637885 9.15409553050995 9.15338449086994 9.0513399518095 9.08808697713539 9.86951920576394 8.86685999232577 9.15280300812447 8.62616350443568 8.56891176942736 8.50599362375215 8.48607532167807 8.53399036324117 8.43586375797167 8.52529206003237 8.26484895995236 8.2548962974688
12.0959946364164 12.0509632974863 11.8666329234838 12.1303988695145 12.4711620509624 12.490184828639 12.5057716816664 12.5323583632708 12.5285702496767 11.9890115112066 12.1023733466864 12.1309414058924 12.2362424880266 11.7013758718967 11.5817421153188 10.5167673677206 10.7842524908483 10.8821044117212 9.67178608477116 9.66876029968262 9.77519306540489 9.43150081858039 9.58760030195117 9.57094999402761 9.67600751668215 9.81021212041378 8.98108118260279 9.04054683074355 9.12055415101349 9.10881449794397 8.6537444088608 8.77393353916705 9.07280010660179 9.09175701881759 8.76704718847759 8.99290507845581 8.97212516580475 9.07986399717629 9.0614507663995 8.78094279672951 8.79321183543652 8.76914785802364 8.74120855145156 8.38534227944911 8.31775855226442 8.68180047534406 8.36194841656834 8.34176369849592 8.40328676742502
12.14473490417 12.2927899956703 12.1680525839329 12.2327800989151 12.2530077248812 12.1760270893574 12.3810881376266 12.5405657589436 12.4115012288094 12.095184981823 12.2316141724586 12.2264362871647 11.6220925450325 11.8588072508574 10.7182658016682 10.7891143411398 9.5340389572084 9.65968464687467 9.57416325807571 9.73530867695808 9.86337117105722 9.87301687523723 9.9387870952487 9.85226601362228 8.87358320411295 8.93952671438456 9.00169095830643 9.24874364910647 8.35433463053778 8.41605885606259 8.40540798194706 8.47267363127321 8.61322129890323 8.71668612211943 8.89693515747786 8.89297934714705 8.81484663765877 8.88843391463161 8.96300892531872 9.0454460196197 8.70747653581202 8.69049608148634 8.66684380918741 8.62696528248489 8.30029219016433 8.59455748973414 8.5582574098371 8.56166552286595 8.57828729506582
12.3348911255598 12.3281860798597 12.2128883451223 12.0992984622717 11.6718318760395 11.7783288806677 12.061825633049 12.3076559454203 12.451444581151 12.3977748006582 12.4929799735546 11.9129974916577 11.954120747745 10.6528795771301 10.4917920157313 9.21554883942008 9.2510322034359 9.53680733218789 9.3247492313385 9.5603989996016 9.9310908280313 8.85681474860758 8.97105672582984 9.18875677138567 9.3591818579589 9.07094305258943 9.21805128455162 8.42519164085388 8.65903917886317 8.68772030435503 8.63735935278237 8.67462387681007 8.76367972046137 8.89077743515372 8.88629178702831 8.85257954895496 8.84663701429963 8.9425779171288 8.97662058472633 9.03103848174214 9.03049802035093 9.27012613788247 8.97744707018137 9.13980079069734 -9999 8.74898836202919 8.70374679379165 8.66965088434517 8.14209330640733
12.4435472488403 12.6540060341358 12.3970577567816 12.0459782630205 11.9224591851234 12.0193989574909 11.8694213181734 12.2623192220926 12.5539255440235 12.4695731401443 11.8733932003379 10.7802509218454 10.7554834634066 10.4960668794811 9.20946722105145 9.34482980892062 9.47248443216085 9.73668026924133 9.65721010416746 9.7777809817344 9.03085525427014 9.04982886649668 8.76481180079281 8.8264131275937 9.01118097640574 8.74158565979451 8.54446797631681 8.60989736765623 9.29486664570868 9.30196842364967 9.27794522978365 8.9952404871583 9.34631573222578 9.34616754762828 9.43314448744059 9.11554189585149 9.08272154815495 9.17404343001544 9.24321576021612 9.28265473153442 9.54294433351606 9.48706351220608 9.24205893774706 9.62581381201744 -9999 -9999 -9999 -9999 -9999
12.5345373302698 12.696409791708 12.7046431005001 12.1249965876341 12.1440449506044 12.2929689139128 12.4384341835976 12.5000662207603 12.6517812609673 12.0420770868659 10.8746638298035 10.8440352827311 10.5601380243897 9.25520948320627 9.28857706859708 9.41219399869442 9.4422694593668 9.55597021058202 9.73092072270811 9.17468495527282 8.88745525619015 8.9528993430431 8.9908859655261 8.92620547796832 8.6930157635361 8.63248189073056 8.60038346424699 9.00322841480374 9.50695807673037 9.61022199131548 9.566456804052 9.60176103934646 9.55226827412844 9.5650539919734 9.62904828554019 9.67333413893357 9.37949768197723 9.72873637336306 9.72616920364089 9.6603219397366 10.0996521562338 -9999 -9999 -9999 -9999 -9999 -9999 -9999 -9999
12.2446857094765 12.2357409745455 12.5827739536762 12.5697647333145 12.3785895109177 12.4713720083237 12.5431550443172 12.5530628561974 12.7025539577007 11.0410327017307 11.1304468214512 11.0696528106928 11.2045252509415 9.5811482667923 9.71447825804353 9.8210996389389 9.82305491156876 8.48093831655569 8.74634197726846 8.90207857324276 8.98313431767747 9.13754698913544 8.72879738174379 8.76916702277958 8.63899520318955 8.75541991181672 8.91304895281792 9.18551735393703 9.54429950006306 9.70553158968687 -9999 9.23274275287986 9.22181229805574 9.83610742352903 9.82945211045444 9.87929707206786 9.99239733070135 9.96624501049519 -9999 -9999 -9999 -9999 -9999 -9999 -9999 -9999 -9999 -9999 -9999
12.7693177759647 12.4259577691555 12.3850161731243 12.6684084534645 12.6678418815136 11.6446950957179 11.7054809108377 10.733609341085 10.8116495832801 10.7696898281574 10.7008550837636 9.49912124872208 9.48603132739663 9.48464419320226 9.29765421897173 8.50589259341359 8.78080164641142 8.97783575998619 9.00049532204866 9.11869597900659 9.15639664791524 9.01925186626613 8.83869601599872 8.92036781087518 8.85053130611777 9.04130105674267 9.60589057486504 9.74090359109687 9.13718376937322 9.18947017693426 9.38857308216393 9.65521864593029 9.85745416581631 9.51673828810453 9.50039775297046 9.49728605151176 10.1583810634911 10.2386929765344 -9999 -9999 10.1669334620237 -9999 -9999 -9999 -9999 -9999 -9999 -9999 -9999
12.9344502985477 12.9804241657257 12.9136337041855 12.8251766860485 12.3500718325377 11.2480150908232 10.9838478416204 10.843222618103 11.0314307808876 10.8898468092084 9.31969989836216 9.33449133485556 9.33665205165744 8.72974108951166 8.48559911875054 8.50686153460993 8.90727665345185 9.06727500539273 9.07673176471144 8.95355017669499 8.86202281340957 8.92145463451743 9.05651184543967 8.87860150262713 9.06978009082377 9.33616504073143 9.58135948516428 9.39622595533729 9.38704445026815 8.70489466097206 8.65094006666914 8.86441583000124 -9999 9.70155347511172 8.84287564083934 9.73120002448559 9.76130076497793 -9999 -9999 -9999 -9999 -9999 -9999 -9999 -9999 -9999 -9999 -9999 -9999
11.9043279290199 11.9686991646886 12.0207386463881 11.1710825264454 11.2322500869632 11.5459176078439 10.9634224250913 10.7173211351037 10.5100122019649 9.4562701061368 9.61552255600691 9.81827478669584 8.81800672225654 8.74059066362679 8.85968604753725 8.97770547866821 9.10087648592889 8.93286571279168 9.0325479246676 8.91753581911325 9.09145633876324 9.13876011222601 8.94508025795221 9.07076306082308 9.25665449118242 9.4374433606863 -9999 -9999 -9999 -9999 8.83143448643386 8.85503809712827 -9999 -9999 -9999 -9999 -9999 -9999 -9999 -9999 -9999 -9999 -9999 -9999 -9999 -9999 -9999 -9999 -9999
10.5202909484506 10.3842163458467 10.480819016695 10.6849211528897 10.7206488102674 10.8790842071176 11.1864781267941 11.2555803619325 9.6233768761158 9.81300695613027 9.19303123559803 9.1826559365727 9.24815890821628 9.31392454635352 8.91203845944256 9.02697589807212 8.96935516968369 9.07565119117498 8.95675962418318 9.00232779234648 9.17894671484828 9.02792559564114 9.15569606050849 9.31413305801107 8.02127460576594 -9999 -9999 -9999 -9999 -9999 -9999 -9999 -9999 -9999 -9999 -9999 -9999 -9999 -9999 -9999 -9999 -9999 -9999 -9999 -9999 -9999 -9999 -9999 -9999
10.8316924497485 10.9460481405258 10.9083536416292 10.9646590873599 11.0518399067223 11.0562287867069 9.94792910479009 9.32222324982285 9.14731820253655 9.19087143056095 8.86330149392597 8.88987112510949 8.91039559897035 9.06129684112966 9.06761599518359 8.87292889505625 8.70381050929427 9.05084608495235 9.03827866911888 9.20250275358558 9.04109604284167 9.24777180457022 9.42343710828573 8.02683971822262 8.15754893608391 -9999 -9999 -9999 -9999 -9999 -9999 -9999 -9999 -9999 -9999 -9999 -9999 -9999 -9999 -9999 -9999 -9999 -9999 -9999 -9999 -9999 -9999 -9999 -9999
10.8615939952433 11.0306707769632 10.8596381172538 10.8818554393947 8.53550674207509 8.99557722476311 9.06355874927249 8.68333423975855 8.48655975237489 8.57974394783378 8.87503373902291 9.09452824108303 8.95500947162509 8.93017077445984 9.08262704312801 9.19336911663413 9.17652886360884 8.79989867284894 7.96675361506641 9.12984824087471 7.80089032277465 7.97959453798831 -9999 8.37060079537332 -9999 -9999 -9999 -9999 -9999 -9999 -9999 -9999 -9999 -9999 -9999 -9999 -9999 -9999 -9999 -9999 -9999 -9999 -9999 -9999 -9999 -9999 -9999 -9999 -9999
9.34339446946979 9.66519949585199 8.52317817509174 9.99494678573683 8.8483539998997 8.82690009800717 8.67339500598609 8.63140504900366 8.57678998541087 7.75368787860498 7.89651938155293 8.26860899105668 8.41869935020804 8.49851769208908 8.52795999497175 7.7321287067607 8.87976520508528 7.99793531233445 7.76156716048717 7.90711281914264 8.06491301674396 8.09708640631288 -9999 -9999 -9999 -9999 -9999 -9999 -9999 -9999 -9999 -9999 -9999 -9999 -9999 -9999 -9999 -9999 -9999 -9999 -9999 -9999 -9999 -9999 -9999 -9999 -9999 -9999 -9999
7.76866658776999 7.9823702685535 8.35066642425954 8.35121211688966 8.03044130341732 7.90935639757663 7.80475251423195 8.04485086118802 7.90240762196481 7.83838187018409 7.97506040334702 8.22321322932839 8.57337577827275 8.65309036150575 8.68835949804634 8.97828055731952 8.17612965777516 -9999 7.9298592787236 8.04600504599512 8.16721010080073 -9999 -9999 -9999 -9999 -9999 -9999 -9999 -9999 -9999 -9999 -9999 -9999 -9999 -9999 -9999 -9999 -9999 -9999 -9999 -9999 -9999 -9999 -9999 -9999 -9999 -9999 -9999 -9999
7.82105909660459 7.24577795900404 7.50226061139256 7.72386819066014 7.58670965209603 7.71211592899635 7.75277192084468 8.1395275760442 8.1252194494009 8.32766959071159 7.70950393145904 8.79891841858625 8.73501199739985 8.14522040635347 8.13682711246656 8.20468397159129 -9999 -9999 -9999 -9999 -9999 -9999 -9999 -9999 -9999 -9999 -9999 -9999 -9999 -9999 -9999 -9999 -9999 -9999 -9999 -9999 -9999 -9999 -9999 -9999 -9999 -9999 -9999 -9999 -9999 -9999 -9999 -9999 -9999
7.4950982760638 7.62988288514316 7.56631878111511 7.58317102119327 7.2869884960819 7.44057733658701 7.55758034437895 8.10048510506749 8.45033368840814 8.51982473954558 7.84795414097607 -9999 -9999 8.26533739641309 -9999 -9999 -9999 -9999 -9999 -9999 -9999 -9999 -9999 -9999 -9999 -9999 -9999 -9999 -9999 -9999 -9999 -9999 -9999 -9999 -9999 -9999 -9999 -9999 -9999 -9999 -9999 -9999 -9999 -9999 -9999 -9999 -9999 -9999 -9999
7.64675651676953 7.80313139036298 8.11848264373839 8.1952374894172 6.93810149095953 7.99557364545763 8.47206084616482 7.56092983856797 8.05299262702465 8.2466196808964 7.85426897369325 7.97539757378399 -9999 -9999 -9999 -9999 -9999 -9999 -9999 -9999 -9999 -9999 -9999 -9999 -9999 -9999 -9999 -9999 -9999 -9999 -9999 -9999 -9999 -9999 -9999 -9999 -9999 -9999 -9999 -9999 -9999 -9999 -9999 -9999 -9999 -9999 -9999 -9999 -9999
6.95013553835452 7.16375579126179 7.3354859771207 7.61357923783362 7.57583563402295 7.80981273576617 7.92955363029614 7.98623053985648 -9999 8.3235262837261 8.01634775241837 8.24457822926342 -9999 -9999 -9999 -9999 -9999 -9999 -9999 -9999 -9999 -9999 -9999 -9999 -9999 -9999 -9999 -9999 -9999 -9999 -9999 -9999 -9999 -9999 -9999 -9999 -9999 -9999 -9999 -9999 -9999 -9999 -9999 -9999 -9999 -9999 -9999 -9999 -9999
7.04219327354804 7.17724268790334 7.21189938299358 7.1135729206726 7.31062975339592 7.54010041523725 7.70699730329216 7.94442191475537 8.15235324762762 8.47468396020122 8.36941034230404 -9999 -9999 -9999 -9999 -9999 -9999 -9999 -9999 -9999 -9999 -9999 -9999 -9999 -9999 -9999 -9999 -9999 -9999 -9999 -9999 -9999 -9999 -9999 -9999 -9999 -9999 -9999 -9999 -9999 -9999 -9999 -9999 -9999 -9999 -9999 -9999 -9999 -9999
7.36698863096535 7.43596366839483 7.26572441402823 7.37252672063187 7.4421644336544 7.77500662393868 7.77489216881804 8.02029874734581 -9999 -9999 -9999 -9999 -9999 -9999 -9999 -9999 -9999 -9999 -9999 -9999 -9999 -9999 -9999 -9999 -9999 -9999 -9999 -9999 -9999 -9999 -9999 -9999 -9999 -9999 -9999 -9999 -9999 -9999 -9999 -9999 -9999 -9999 -9999 -9999 -9999 -9999 -9999 -9999 -9999
