data/train_2003/bio8_avg_2003-2018.asc
NCOLS 664 
NROWS 380 
XLLCORNER 3.91666666666667 
YLLCORNER 55.3333333333333 
CELLSIZE 0.0416666666666666 
NODATA_value -9999 
[rows 308 to 329 of 380, columns 490 to 538 of 664]
-9999 -9999 -9999 -9999 -9999 10.5933763086796 10.7616770640016 11.6352155804634 12.0853216946125 12.0240520909429 11.9746949076653 11.9063734561205 11.8333434164524 11.7867302149534 11.7666588760912 11.7641290947795 12.6738538481295 12.644452046603 12.6370918489993 12.6278567090631 12.5847467146814 12.5645949430764 12.5274744685739 12.9794996641576 12.6152535714209 12.5505391769111 12.5015330612659 12.6114435084164 12.62560416013 12.6928065046668 12.6464672386646 13.4311215728521 13.4074214957654 13.7600114792585 13.4784091040492 13.8758580684662 13.9143309220672 13.9896369203925 14.2158173024654 14.3022483885288 14.3121792972088 14.0610801652074 14.025524571538 14.214606359601 14.1716566979885 14.4975765831769 15.3473997116089 15.2179824709892 15.1749399900436
-9999 -9999 -9999 11.8408264443278 10.8987787738442 11.3287681639194 12.1993908435106 12.129535317421 12.0588206872344 11.9804393053055 11.9317410364747 11.865368835628 11.7970887422562 11.7417249903083 11.7156529426575 12.6186278760433 12.5967325977981 12.578836992383 12.5801079794765 12.5649626627564 12.5324005726725 12.9099165648222 12.9393591880798 12.9495154768229 12.5876474305987 12.5903415456414 12.5772027559578 12.6173137873411 12.5990500226617 12.5615774020553 13.0924405865371 13.0636195130646 13.0571315400302 13.3331567496061 13.7666835002601 13.4772181399167 13.8880824334919 13.6045444123447 14.0752732679248 14.5182876139879 14.345109179616 14.3302586823702 14.6394528225064 14.4374506026506 14.3447404652834 15.3243561983109 15.2354788184166 15.1764135360718 15.3317899107933
-9999 -9999 -9999 12.2966352626681 12.239891320467 12.2242467030883 12.1352895498276 12.0568734705448 12.013354241848 11.980666808784 11.8958899900317 11.8343362472951 11.7634903602302 11.69985967502 12.6126306913793 12.5648813284934 12.5325483456254 12.4964653849602 12.4839243590832 12.4923829808831 12.5293003786355 12.5145507156849 12.4894416015595 12.5049732476473 12.5273797940463 12.5469946209341 12.5596094466746 12.6308497413993 13.1904149316251 13.0998950228095 13.0417084246874 13.2467897497118 13.3070219829679 13.0891070738435 13.1217175722122 13.3991601876915 13.4865209124982 13.5567145235837 13.6217418983579 13.7150186672807 14.2912007644773 14.3077445998788 14.561575576663 14.3370966389775 13.8983340673149 14.2673879824579 15.1472231149673 15.068812251091 15.3571488261223
-9999 -9999 -9999 12.2592514678836 12.1995727419853 12.1718354672194 12.0911653265357 12.0248812958598 11.9348870292306 11.8871559090912 11.8366835974157 11.7750658690929 11.6962517015636 11.6377858817577 12.5454371720552 12.4893898647279 12.4362593665719 12.4140454186127 12.4060401367024 12.4228261979297 12.4242789670825 12.4773152889684 12.4458985701203 12.4456541957334 12.4887428600341 12.5262478347868 12.5337951872498 13.1610799096525 13.2103708833456 13.1455371044576 13.049411278218 12.9923270978034 12.93736808002 13.2508453950286 13.071227516979 13.3704348877072 13.425852086395 13.4593528322875 13.7559257745743 13.5694791376591 13.7321045175195 14.2385237365961 14.0278617143631 13.8471581116319 13.8024963252246 15.1080404520035 15.0962598919868 15.2719705104828 15.2777823805809
-9999 -9999 -9999 12.2728474140167 12.2135451734066 12.1844406425953 12.0658372268081 11.975357607007 11.8847951702774 11.8073992691934 11.7314434051514 11.6686709411442 11.633440354839 11.5506682693958 11.4921041820198 12.4098570989445 12.3523456703406 12.3271674936113 12.3336142724147 12.3397277519107 12.3402575973887 12.3870797455311 12.4402720481157 12.4845014512539 12.5360225364566 13.1209796564654 13.1610396038741 13.1501003000885 13.123910387978 13.1093040276319 13.0810308847576 12.9916328303516 12.9591925740242 12.9513780362904 12.9632795155048 13.3203349597752 13.345725338906 13.3867411911488 13.4401731267571 13.5341474078596 13.5797463804483 13.8420748487115 13.9646435752511 13.8051095232368 13.812283385545 14.9338961541653 15.2214675545692 15.215316593647 15.2089993953705
-9999 -9999 -9999 12.2833303436637 12.2121843248606 12.1245121955872 12.0012144595385 11.9054173231125 11.7882448397577 11.6996347047389 11.6368449293077 11.620692236349 11.5804983824492 11.4961379738525 12.3736749612726 12.3099908456206 12.2769316509366 12.2664138972759 12.2707300884649 12.2772125331685 12.2646117480472 12.3084692088887 12.3465207666159 12.3991408497095 13.0202984164935 13.0535027608275 13.0644576223567 13.134995052591 13.1244080364704 13.0706124771386 13.0630253646523 12.9781047534198 12.960267342627 12.9889304675162 12.963248334825 13.0007626526058 13.2686822339892 13.3111295066774 13.4205766916275 13.4980659633875 13.5093045718968 13.8717611059546 13.9138839542866 13.8162276819348 14.713486969471 14.8364124000072 14.7645361423492 14.7396397590637 15.1119661331177
-9999 -9999 -9999 12.2248026356101 12.1416996568441 12.0544165968895 11.9528845250607 11.8113932795823 11.6952775940299 11.6507871970534 11.6134959887713 11.6055337954313 12.4793198462576 12.380212970078 12.3104811409721 12.2599161816761 12.225851001218 12.1772441398352 12.1795959547162 12.1695725675672 12.1749657671899 12.2273589801043 12.8780629783869 12.9379536285996 12.9789690126781 13.0232345610857 13.0161665566266 13.0269738938659 12.9948223102838 12.9761296510696 12.9988114126027 12.945952007547 12.925467595458 12.9690246582031 13.2407553382218 13.2428013458848 13.0317474976182 13.2949343062937 13.6694966889918 13.4381505064666 13.7135621905327 13.7750327065587 14.1230059601367 14.0037813298404 14.8680683970451 14.7591783702374 14.539342045784 14.4609345495701 14.4608184993267
-9999 -9999 12.2168316543102 12.1857307851315 12.1094220429659 12.0069878324866 11.8763869889081 11.7689948417246 11.7145072184503 11.6622517835349 11.6030640061945 11.5424444526434 12.4231380568817 12.3788587674499 12.3398291566409 12.2665501339361 12.2093537915498 12.1545327622443 12.1229616701603 12.7052377536893 12.7143475003541 12.746582172811 12.8189873937517 12.9215634418651 13.0062235221267 13.062258298276 13.0559178302065 13.0627022031695 13.0426120664924 12.9897716529667 12.97772292234 12.9406739026308 12.9316253885627 12.9282016009092 12.9461020193994 12.9912432618439 13.29076205194 13.3699474297464 13.4102165736258 13.4091106243432 13.6637884043157 13.9638951681554 13.903501406312 13.9969847127795 13.937840744853 14.7815057039261 14.5418149530888 14.4303541779518 14.453809440136
-9999 12.2221933230758 12.2054411172867 12.1502720043063 12.0805611386895 11.9579757079482 11.8592233844101 11.7739294692874 11.742718949914 11.678674697876 11.6649284530431 12.5175485042855 12.4193733385764 12.4223375171423 13.0249785957858 12.9146384838969 12.8165480811149 12.7323328144848 12.6804091110826 12.6608602367342 12.6645614802837 12.7305549271405 12.8119525965303 12.9388817874715 13.0579776652157 13.1112814084627 13.0985853923485 13.0640973839909 13.0381510835141 12.9844135586172 12.9680512435734 12.9478967022151 12.9451583884656 12.9593788646162 12.9859040677547 13.011775650084 13.0411473438144 13.3821273930371 13.4284950196743 13.9834018237889 13.9636402986944 13.6739096492529 13.8902014233172 13.8241064734757 14.7694191634655 14.9003769159317 14.7370379269123 14.6110236644745 14.5025095045567
-9999 12.2671338692307 12.2075921744108 12.1366046220064 12.0149508416653 11.9067551642656 11.8218512125313 11.7691556587815 11.711709856987 12.2229279186577 13.1423450950533 13.0846383348107 12.9885559878312 12.9767662235536 12.9693091334775 12.9035603404045 12.8089783433825 12.7283549942076 13.2494192831218 12.6595244333148 12.6371923647821 13.0007868595421 13.1336692366749 12.9839918594807 13.1063147075474 13.2282213820145 13.2261276319623 13.168242380023 13.1190239097923 13.0676388796419 13.2635427657515 12.9854936599731 13.2038754187524 12.9735979214311 13.004247751087 13.5653098188341 13.8559259586036 13.3428908474743 13.1030289679766 13.9063717164099 13.9429925940931 13.9505720473826 14.0005412809551 13.9779516272247 14.9345025420189 14.9034765958786 14.976409047842 14.9359030425549 14.9496055543423
12.8886173292994 12.8486139699817 12.7721522003412 12.6485651060939 12.5352702215314 12.4535584338009 12.3788467459381 12.337384685874 12.2835481092334 13.1323331724852 13.0770248249173 13.0409868238494 12.9788695103489 12.9352959641255 12.8785141706467 12.8341908305883 13.3444869350642 13.3112064935267 13.2700515128672 13.2141881398857 12.941230725497 12.7480413727462 13.1678961440921 13.3281964790076 13.4275795826688 13.4898797844071 13.5587629778311 13.2900127638131 13.2245633881539 13.426329145208 13.0971649382263 13.0347574241459 13.0078913941979 12.9737751223147 13.0078833438456 13.8484117612243 13.5433585494757 13.5351064018905 13.8076297305524 13.7604663707316 13.7288863137364 13.8621398471296 13.8900182247162 13.9876223690808 14.9738712608814 15.0081605315208 15.0084771215916 15.0434458553791 15.0549556910992
12.8740140795708 12.8439933806658 12.7617435306311 12.621576949954 12.5329522639513 12.4642021507025 12.3818695098162 12.8824576511979 13.2000745981932 13.1238084286451 13.0782188400626 13.0124982716516 12.9405581181345 12.9109095707536 13.3662998797372 13.3511040415615 13.3550753016025 13.3641713187099 13.3469336628914 13.2988214343786 13.2952090762556 13.0801259465516 13.1868732441217 13.2908690292388 13.4073241301812 13.4783614575863 13.5168992653489 13.523937093094 13.2469363883138 13.2032147590071 13.4005497694016 13.1123959794641 13.0677994303405 13.0321611091495 13.5888528451324 13.5712029784918 13.5572611875832 13.8162895254791 13.8002588488162 13.7946861609817 13.8143220730126 13.8287907764316 13.8837181851268 14.056001868099 14.1046326495707 15.0599481761456 15.0395863056183 15.0674051642418 15.0900982320309
12.837418153882 12.8141644969583 12.740751594305 12.5942138656974 12.4880092814565 12.4466381520033 12.3638086691499 13.7177992835641 13.67565959692 13.6118951030076 13.5510803712532 13.4906776621938 13.42664986616 13.4101636009291 13.3866358753294 13.3381497841328 13.3482885863632 13.3555522430688 13.3847743719816 13.4200801998377 13.4465938899666 13.1897329837084 13.4967024968937 13.582794804126 13.6807201814372 13.7489379867911 13.7846549926326 13.4885609876364 13.7796728480607 13.2232736106962 13.1961540579796 13.1558267958462 13.1110406108201 13.0748798027635 13.6055939905345 13.6439203955233 13.8815605379641 13.840244743973 13.8298051133752 13.8561560921371 13.8982573859394 13.9386503100395 13.9495019093156 13.936269428581 14.8503359556198 14.8979689776897 15.048862695694 15.064322501421 15.0616575777531
12.8118563145399 12.8147525787354 12.7453016787767 12.6097672209144 12.5111078210175 12.4416154362261 12.3715394884348 13.3697571270168 13.6541122104973 13.5932422149926 13.5394457848743 13.4903850730043 13.4144413396716 13.4123316900805 13.3944717701524 13.3793199490756 13.3528350424021 13.389558615163 13.3974900897592 13.4801300484687 13.597811691463 13.6994937411509 13.6208310090005 13.589448094368 13.6694409463089 13.7185585447587 13.7555095059797 13.7500020842999 13.7432449236512 13.7323619183153 13.7145215515047 13.7140556834638 13.6868396885693 13.6860406845808 13.690084528178 13.7131382711232 13.6676495969296 13.8930749297142 13.8501838371158 13.8843757808208 13.973400939256 13.9775927700102 13.9046181850135 14.7871889173985 14.8110341131687 14.8290865719318 14.8842120468616 14.9058667421341 14.9778411388397
12.7639983445406 12.5797621905804 12.7135126963258 13.6355652585626 13.5193818882108 13.4592404291034 13.4383905157447 13.3887075930834 13.3273992594332 13.6033098977059 13.5295317843556 13.434956292389 13.3875478976406 13.3814726741984 13.3880227403715 13.382280677557 13.3564974535257 13.3815055359155 13.422763466835 13.483813168481 13.614279772155 13.8111211694777 13.8269883608446 13.6310064804275 13.6341910534538 13.6855424218811 13.7048935340717 13.6772864507511 13.6610958427191 13.6760725546628 13.6845069602132 13.7549419701099 13.8653768338263 13.3868003450334 13.8972804583609 13.8415343798697 13.6893714293838 13.898519821465 13.8619332611561 13.8700555711985 13.8576777726412 13.8454250916839 13.8760472983122 14.7838595211506 14.8021305501461 14.8151938617229 14.8306666314602 14.8250911533833 14.8103488385677
12.7312190532684 13.2004243507981 13.7031322941184 13.5954499468207 13.4881418570876 13.4640009887516 13.4308602325618 13.386719007045 13.3471201956272 13.6154779773206 13.5064408285543 13.4425334383268 13.4058436006308 13.4191285916604 13.42870513862 13.4171150648035 13.3705245358869 13.3566013444215 13.4149694815278 13.4606287702918 13.5321221444756 13.5932403756306 13.6644253383856 13.6472605839372 13.6110121731181 13.6150974086486 13.6162657486275 13.6036428855732 13.6154364142567 13.6496046576649 13.6766481697559 13.7307334281504 13.854110006243 13.9860287904739 13.9376396685839 14.05637787655 13.929270002991 13.8967452682555 13.8827206380665 13.877070710063 13.8996711373329 13.9189382866025 14.8169684410095 14.8315476775169 14.8307104706764 14.8167068064213 14.8142756223679 14.8538763821125 14.9005600512028
13.6590750813484 13.6734656319022 13.6489328071475 13.5803344100714 12.829291395843 12.7536478973925 13.3752138912678 13.1326314620674 13.2934554349631 13.5709503237158 13.4959660405293 13.4603695694823 13.4135145197506 13.3984923958778 13.4177625873126 13.3974903845228 13.3983853906393 13.4159473208711 13.4483837634325 13.4990282207727 13.5375062897801 13.5911094313487 13.6176123954356 13.6250979515025 13.6070419091266 13.5973612219095 13.6273052142933 13.6561658084393 13.6531516257674 13.6878866832703 13.692663833499 13.7024830728769 13.7642186768353 13.7920378930867 13.7561653442681 13.9901890344918 13.9303507693112 13.9196375645697 13.9307575039566 13.9333775565028 13.8908311128616 14.7817526459694 14.7516402900219 14.7494859993458 14.8291237354279 14.8931775689125 14.8670512139797 14.8789949417114 14.8467298746109
14.2254016473889 13.6461506783962 13.5939834564924 13.5701772198081 13.5134956985712 13.4483147077262 13.3907996304333 13.3354931995273 13.2979049179703 13.598630534485 13.5094675226137 13.4218887860188 13.3851019116119 13.3896487103775 13.4431950272992 13.4216581261717 14.4094342887402 13.4627930894494 14.502292484045 13.573510813294 13.6163070090115 14.5832865536213 14.5910975337029 14.6074149012566 14.6247319579124 14.6307576298714 14.6664918363094 14.6790172457695 13.7137834113091 13.7386691942811 13.7443887144327 13.7269833236933 13.7316609360278 13.7199220769107 13.992568243295 13.9952498786151 13.9923901371658 14.0004468113184 13.9855031855404 13.9546429887414 14.8138376772404 14.7831163704395 14.7340208292007 14.7720077931881 14.8229531049728 14.8589401245117 14.9128274917603 14.9065302312374 14.936483502388
14.1837747395039 14.1730882748961 13.5984089076519 13.5766866654158 13.4999642781913 13.3972001560032 13.3427915871143 13.3418021425605 13.6824602261186 13.6033524498343 13.497418473009 13.4550749982591 13.416523011867 13.3973044776358 13.4465025439858 14.4083524048328 14.4327299594879 14.4483157992363 14.4999851286411 14.5987374782562 14.6324061751366 14.596242338419 14.6223090291023 14.6751897037029 14.6965707242489 14.7328678369522 14.7685817182064 14.7657960057259 14.7464681267738 14.7212654650211 14.6868543922901 13.7162330187857 13.7013111822307 13.6615980453789 13.9225262887776 13.9386856891215 13.9793454371393 14.0142552219331 13.9989987611771 13.9720334634185 14.8230603933334 14.7651889324188 14.7728175520897 14.8179044127464 14.8141579329967 14.8492864370346 14.8935195207596 14.911773532629 14.9577780365944
13.6504935920238 13.6130012646317 13.585425183177 14.1091816425323 13.4844821728766 13.4348354935646 13.3674553781748 13.7133438885212 13.7495008818805 13.6626577135175 13.5145775442943 13.5090523236431 13.449152097106 13.4391270056367 13.4389767744578 14.4220739901066 14.457941442728 13.4647764340043 14.4580109119415 14.553504049778 14.6126215159893 14.6279897391796 14.6594790518284 14.6946311593056 14.7583250999451 14.8591861724854 14.873046964407 14.7636993229389 14.6896018385887 14.6466706097126 14.6266979277134 14.6131004095078 13.6948365010321 13.6828573644161 13.9401090033352 13.9468717314303 13.966801609844 13.9578144066036 14.8868263363838 14.8646793961525 14.8076578676701 14.7726775705814 14.7756144106388 14.7944673895836 14.7526542246342 14.8307576775551 15.1173582673073 15.139313608408 15.1668930947781
-9999 14.1580723375082 14.1229636222124 14.1074077188969 14.0569766461849 13.4879899211228 14.3644018620253 14.3083043955266 13.7836247049272 13.6779208853841 13.5313616096973 13.5299049215391 13.5314897485077 13.5026164092124 13.478700786829 14.4081287682056 14.4149036705494 14.4343452453613 14.4754956066608 14.5285620093346 14.5809619724751 14.6487371623516 14.6485655605793 14.6479480862617 14.6774136722088 14.7790876030922 14.7215121984482 14.6906026601791 14.6549852490425 14.9079826772213 14.8881993591785 14.8992909193039 14.8653407692909 13.921234946698 13.9188165999949 13.9104327298701 13.9237157329917 13.9304147101939 13.9098226055503 14.8113442659378 14.7634219527245 14.7500835955143 14.7427448928356 14.755114197731 14.9912716448307 15.0344892144203 15.1018434166908 15.1426678299904 14.9225338697433
-9999 14.1520281732082 14.4559310898185 14.459174990654 14.441168460995 14.4011613614857 14.3716965727508 14.3495233245194 14.360724888742 14.2403017226607 13.5995210167021 13.5978407543153 13.5938691133633 13.5813553184271 13.5695087583736 14.5079751610756 14.4977825880051 14.5006729066372 14.5230213403702 14.573828548193 14.6295520663261 14.6631927192211 14.7031944096088 14.6770563721657 14.6443354785442 14.7165311872959 14.6703937649727 14.6356726884842 14.6159101128578 14.8839490115643 14.575301527977 14.8753932118416 13.8690183497965 13.8131576031446 13.8134413473308 13.8099101893604 13.8237966187298 13.8505988977849 13.7427763827145 13.6440374404192 14.5770197212696 14.6249893009663 14.6571665406227 14.6761779487133 14.7198970019817 15.0638972520828 15.1034116148949 14.8835873901844 14.9126619696617
