data/train_2003/bio8_avg_2003-2018.asc
NCOLS 664 
NROWS 380 
XLLCORNER 3.91666666666667 
YLLCORNER 55.3333333333333 
CELLSIZE 0.0416666666666666 
NODATA_value -9999 
[rows 242 to 263 of 380, columns 98 to 146 of 664]
-1.1133521348238 -2.14691533148289 -2.08376987278461 -1.6136257648468 -3.01652095466852 -1.3466627150774 -0.349196165800095 -0.567496463656425 -0.354809105396271 -0.167333215475082 0.649165853857994 0.515869125723839 3.80655628442764 6.2499333396554 7.48849229514599 6.30925539135933 5.61887466534972 7.8794027864933 8.19874401390553 8.65512081980705 8.63918114453554 8.87807494401932 9.33313526585698 10.9701122101396 11.1649641562253 10.0579829690978 10.7692515775561 10.8768118047155 9.99024734459817 9.11684924736619 8.81732869148254 9.03101907670498 9.44712636619806 9.97459909319878 9.28346587717533 9.31528173387051 9.62747210636735 9.41278748214245 9.68757817149162 9.28094881772995 8.63565086573362 8.56913297623396 8.32341042160988 8.35539954900742 9.08743049949408 10.2164823412895 10.7136913239956 10.5443168580532 11.1166509687901
-0.202504672110081 -1.15142572671175 -0.527748480439186 -0.845807790756226 -1.48361729085445 -0.599267482757568 -0.326461866497993 1.20769032090902 -0.32650862634182 -0.665749415755272 -0.884448319673538 0.0789183676242828 0.304749697446823 4.65928240120411 6.09596280753613 6.23761059716344 7.43738778680563 7.79750792682171 9.01658771187067 8.64615960419178 8.97264804691076 9.23080296069384 8.87758354097605 8.87890513986349 10.402393655153 11.3180489074439 10.4356207983801 9.97623379342258 10.8637640876696 10.1328359879553 9.48559597879648 9.36975343152881 9.03861926496029 8.72144302725792 8.78105857223272 9.54263265430927 10.6503355503082 10.1880823690444 9.36785437166691 9.85729664564133 9.95626977086067 10.1807846724987 10.2938104271889 10.6416797935963 10.9308829307556 10.9315858781338 11.2194135189056 11.4689500033855 11.7177364826202
-1.72441675513983 -1.5969362705946 -1.72470568865538 -0.483073264360428 -1.23055030405521 -0.393955826759338 -0.078852504491806 1.07533237338066 1.94511016458273 0.555671349167824 1.97439819574356 2.34003303945065 3.16772447526455 4.16648954153061 6.98953818529844 6.46829859912395 3.38781479990575 7.0702802054584 8.98632317781448 8.37628175318241 7.90576049685478 8.78723991662264 8.9017396196723 8.94640613347292 9.08640629798174 9.59953103214502 10.7570311790332 10.8093646522611 11.0521559417248 11.9387565851212 11.0769469793886 10.2987378565595 9.1697367541492 8.81927759945393 8.79994297027588 9.32481732964516 10.5054180026054 11.2946183681488 11.3422354161739 9.73022969439626 9.60731218382716 9.67043602466583 9.71172327548265 10.5194619894028 10.875658929348 10.9993138611317 10.6231079204008 10.7077665529214 11.1733424765989
-2.12130297720432 -1.64298836141825 -0.785110682249069 -0.636505216360092 0.457489714026451 0.540480963885784 1.7476402670145 1.6135473176837 3.04138488322496 3.36528512090445 4.3976022452116 3.45560301840305 2.84188488125801 2.56641660630703 2.79262593388557 6.37294512242079 8.08577444404364 8.72233971953392 8.99989197403193 9.26932029426098 9.09695670008659 8.95200990140438 8.71689629554749 8.66057438403368 8.47821071743965 8.40593028068542 8.77090039849281 9.11895339563489 9.23975630477071 9.51393431797624 10.0703659616411 12.2609121799469 11.3165627662092 10.4673202717677 9.20895250886679 8.79837660491467 9.07909220457077 9.7186831086874 11.7136476039886 10.2397392969579 9.54195512086153 9.88621263578534 9.64971864968538 9.52100432291627 9.77552707120776 10.1985059641302 10.4428150951862 10.7359176140744 11.1049367263913
-3.01635634899139 -2.56366550922394 -1.70737504959106 -0.691069945693016 -0.473367646336555 1.53082953393459 1.6803087964654 1.77476209402084 2.49046343564987 4.51736306399107 6.66474434733391 4.8583232909441 4.0562074445188 3.93095268495381 2.53435054421425 2.72537257522345 5.46597074065357 7.88699095696211 8.61291912198067 8.8737336024642 9.22925669699907 9.19602983444929 9.0849691182375 9.08815877884626 8.95468163490295 8.82416290044785 8.76997727155685 8.76704183965921 8.8068565800786 9.17462969571352 9.60319327935576 9.55558130517602 9.44163580238819 10.619898609817 11.7344391942024 10.2315613981336 9.54111844673753 9.79321750625968 10.786566535593 12.2011315822601 10.8580150927301 9.8694319948554 10.0364274661988 10.3508262783289 10.0051421988755 9.62004166096449 9.65523230843246 9.9713815394789 11.2626507449895
-2.09524248540401 -1.93400932103395 -1.03460474312305 -0.0791799873113632 0.0406768620014191 0.575612723827362 1.10340479016304 1.55726859718561 3.01203425228596 5.00442265719175 5.87378843873739 7.12113101035357 7.54283483698964 9.48798171430826 9.09000029787421 8.68160150572658 8.99846423789859 9.48640926554799 9.31423808634281 8.94193898886442 9.06097342818975 9.11042428761721 9.24154202640057 9.38565994054079 9.28881942480803 9.16856181621552 9.37359645962715 9.45813103020191 9.30110110342503 9.26111271977425 9.40131226554513 9.11464858800173 8.86383964121342 9.13034920394421 9.88580481149256 11.2165789846331 11.0860616834834 10.4141686232761 10.267664286308 10.1854315050878 10.8406443726271 12.0428068935871 10.3553445687285 10.6667735204101 11.6655359342694 11.1982148401439 11.2353520393372 11.4244475476444 12.2096983119845
-0.997045684605837 -1.72456155717373 -2.34153574705124 -1.16754001379013 -0.0627682656049728 0.709314480423927 1.03647871315479 2.67253667116165 3.51841803640127 3.69897985458374 3.51516427099705 3.42009872198105 3.96107643842697 5.30061138048768 7.30319971591234 10.363126475364 10.1931811012328 9.87236049771309 9.54534862190485 9.21010294556618 8.88248179107904 8.44473612308502 8.55478191375732 9.19095290452242 9.47004048526287 9.53958619385958 9.35229752212763 9.15171509236097 8.86771591752768 8.69788298010826 8.70801719278097 8.85592482239008 8.86674649268389 9.04234169796109 9.52902005985379 10.0751800946891 11.0240877121687 12.5966907143593 10.1092814104632 9.82065651193261 9.77669842354953 10.6479070549831 11.0213033296168 10.6669287458062 10.7191791934893 10.8780962079763 10.7860966175795 10.3561297133565 11.509055878967
0.174504533410072 0.690430000424385 -0.435278803110123 -1.17131000757217 -0.926814287900925 -0.419971644878387 0.0174094289541245 1.8020237237215 3.17395889014006 2.78343917429447 3.74117897264659 4.00981845334172 5.46409637108445 6.5730319917202 6.86390662938356 8.19170612096786 8.7010066062212 9.80435402318835 10.3429589811713 10.2923081759363 9.90969856828451 9.51446444168687 9.45389699563384 9.56275643035769 9.52707963064313 9.41106860339642 8.99891743808985 8.46489172428846 7.92483079433441 8.13948704302311 8.36696702241898 8.76940907537937 8.79624162614346 8.91532415151596 9.18376175314188 9.5174399279058 9.74174281954765 10.3295635040849 11.0267185531557 11.5018395408988 11.0873360335827 10.6249990342185 10.1914289155975 9.99675045348704 9.88250886881724 9.92691868031397 9.97724532103166 10.1548632855993 10.6741520361975
1.24740494042635 1.18696348369122 1.17198010534048 1.67546086758375 1.97400136291981 1.84675446152687 2.77251765877008 3.65907797217369 3.84901299327612 5.7165745049715 6.56559533625841 7.36321674287319 7.48057949542999 8.61050570383668 8.5382572337985 8.50475838780403 8.9042097106576 9.00743192434311 9.15470746159554 9.37045270949602 9.97011447325349 10.9103862307966 10.5210637208074 10.4439773019403 10.0785644110292 9.63875780627131 8.8766141012311 8.71490952372551 8.59412169456482 8.51545908302069 8.54305642843246 8.81075046211481 9.03802289068699 9.47033851593733 9.6678199917078 9.71884742379189 9.39028012752533 9.42899634689093 9.57954582385719 10.117501616478 11.6387156657875 10.9165086708963 10.465651512146 10.4430863317102 9.93518762174062 9.93924721586518 9.64607710158452 9.56748328823596 9.63138939812779
1.62961042299867 1.21857614815235 1.66077237576246 1.98587579280138 3.1341619566083 3.36747065931559 4.36902543529868 4.5702820122242 6.80431745201349 7.57125689089298 7.54376231506467 8.02482064813375 9.3135879393667 8.89476649835706 9.11238569766283 9.78821554966271 9.85118471086025 10.0278618913144 10.4823855580762 10.761910763802 11.1111049130559 11.22409001505 11.1265332300682 10.8768744282424 11.8262090533972 9.99823711439967 9.79329491406679 9.10267157107592 8.66567238420248 8.58692377060652 8.83995069563389 9.24721131101251 9.44130532816052 9.41873263567686 9.49805384129286 9.26671598106623 9.34804924577475 9.43841507285833 9.95061169657856 10.3110167892883 10.5889194533229 12.1299522072077 10.6786765474826 10.4194667357951 10.8929286599159 10.6185430809855 10.4551994409412 10.4413554724306 9.99042864143848
2.81756920088083 2.78938315436244 3.4269162081182 3.52494214102626 3.29325312748551 3.99270248413086 4.10431601852179 5.28303821757436 6.44501568749547 6.56312774121761 7.5431961491704 7.83850797265768 9.34154615458101 10.1322890277952 10.8251876626164 10.7847373578697 10.7543293870986 10.4159207828343 10.6942972962861 10.0198601242155 9.2509005703032 9.35419485345483 9.63873110339046 10.2872298778966 11.4025618983433 11.6832997472957 10.4572259755805 9.6414749212563 9.10184840857983 8.89030553400517 9.01246993988752 9.33434138074517 9.48558758199215 9.00253591686487 8.72922080755234 8.75985811650753 9.02974542230368 9.35634102672338 9.86393646989018 10.2198238683632 10.090348597616 10.9435630552471 11.1871598474681 11.1716804914176 11.3571180775762 12.4375936314464 11.8277842029929 11.7957218065858 10.3756339680403
1.49958483874798 3.0549804829061 3.63113384693861 4.68089097924531 5.13642015494406 5.24897032044828 6.33748282492161 7.79256482422352 8.19366072234698 7.47956212237477 8.00721371918917 9.82059666048735 9.65550403669477 9.08049502409995 9.22851194441319 8.97063469141722 8.88214010745287 8.7625575363636 8.71577157080173 8.76185081154108 8.94205533713102 9.19396834075451 9.19721433147788 9.31121046468616 9.77895662747324 12.7466230392456 11.1371176441899 11.0274860374629 10.0641492139548 9.33335380628705 8.96382203698158 8.76380437612534 8.75377192348242 9.75426887720823 9.09317971765995 8.81365250423551 8.77918456122279 8.95560035854578 9.42684478312731 9.86292271781713 10.1773189203814 10.7907568514347 9.8527678870596 9.69518444687128 9.75179059617221 11.1119550019503 11.5683609619737 12.3253159821033 10.3630896434188
-1.10752728581429 0.92732360959053 2.55626188963652 3.8492811396718 4.63623062521219 5.11955166235566 6.92348540201783 7.18935083597898 6.93016231060028 8.12163164559752 7.9980643093586 7.72913288325071 8.31350379437208 8.06846345216036 8.26067322492599 8.63460482656956 7.90017592906952 8.47124595940113 8.77051483094692 8.85096674412489 8.88833517581224 8.97770389914513 9.79131289571524 10.3827323587611 10.620600992348 10.995966649265 12.2332114409655 12.8010687232018 11.1368674337864 9.27236020937562 8.32482921332121 8.29726062715054 8.4910665974021 9.64053965359926 9.3733455426991 8.58536043763161 8.452247928828 8.67252454534173 8.67662713304162 8.76314612850547 9.96012262627482 11.1410341225564 10.5556679852307 10.7116081230342 11.0125462189317 11.4341190382838 11.8844000771642 12.2883477434516 11.6472956240177
1.173225347884 2.58117693662643 4.63460871949792 5.20515831373632 6.02342397533357 6.54600886069238 6.04599528759718 5.93063586205244 6.26552713662386 6.51120913401246 7.36924856156111 7.70744518190622 8.43881560117006 8.35969304665923 8.09048714488745 8.21091411262751 8.63030415028334 8.83678933978081 8.95886078476906 9.16516473889351 9.62815084680915 9.7589276432991 9.4422853924334 9.24596295505762 9.15307888761163 8.76448642462492 9.6880605686456 12.6458290815353 12.2939495444298 9.68188240006566 8.98164292797446 8.10799383372068 8.6294171102345 9.19119918346405 9.57290800102055 9.99032555427402 9.78738870564848 8.92759401537478 8.69865364208817 8.87771341390908 9.68168958788738 9.27795776724815 9.79930618219078 10.1875591054559 8.99568668880966 9.75027288869023 10.2907758280635 11.3948449715972 11.7668347656727
2.95713099464774 3.58056585490704 3.77465490996838 3.80885294079781 4.82689355686307 6.5271484926343 7.01599559746683 6.7627147808671 6.52801727131009 7.49089543893933 7.78176622092724 9.18310586735606 9.16162822209299 9.18937462754548 8.6255895383656 8.99665912613273 9.0709849409759 9.24083334952593 9.32228457927704 9.7275569550693 9.31731311604381 8.73188370466232 8.34933010488749 8.38215191662312 8.54322329908609 8.71579501777887 8.96011649444699 10.0670214183629 12.6870160698891 12.7147753238678 10.5958126832265 9.22489658743143 9.25437983684242 9.79777926020324 9.98939794674516 9.48960587568581 9.07460516318679 8.0463418290019 7.15373013913631 7.58434048295021 7.81108979135752 7.69533913582563 7.70306881517172 9.30429512262344 8.3755517564714 8.4233080688864 9.18993957480416 10.2339459918439 12.1003319621086
0.976462662220001 2.41795688122511 3.65716160088778 4.08027990907431 4.19932918995619 5.09487288445234 5.63816529512405 5.84181136637926 6.61900689080358 7.52154809236526 7.15103370323777 7.28647739067674 8.74387779831886 8.95793468691409 9.8307342948392 9.78756707254797 9.53908730112016 10.119046876207 10.2758259745315 10.251910301391 9.7762404056266 8.75753577053547 7.77112036198378 7.39500214904547 7.24895712733269 7.42282918840647 8.84675596654415 9.32844980806112 10.399460060522 9.09077692218125 11.0414818562567 12.1620607450604 11.4628939889371 11.7578592784703 12.109158270061 11.7112064734101 9.40677607944235 9.0984649322927 9.48369548842311 9.20000938791782 8.70069819316268 8.42381153069437 8.87760485475883 9.42844821885228 9.77887476980686 9.24109320621938 9.2884363560006 9.77086320891976 11.1614146307111
3.18910205364227 3.75530871003866 3.99308511614799 4.31200742721558 4.26659796386957 4.32964687794447 5.74904173612595 6.3833285421133 6.70678870379925 7.60007591545582 7.57292589917779 7.56673469021916 8.76446100696921 8.60596253350377 8.45553158223629 9.00915083289146 8.91597747430205 9.02101273462176 8.62440557032824 8.86768041923642 10.0888403132558 9.42810495384037 8.78321306407452 8.72715439647436 7.67041555792093 7.21502978354692 7.43904300779104 7.74004986137152 9.63528253510594 9.15061887726188 9.72303461842239 9.57701380737126 9.81682723993436 10.1470987000503 9.69553670519963 10.7565392740071 11.3222091123462 11.4280875325203 11.2140912115574 10.6559428945184 10.572548057884 10.3760282807052 10.4511710107327 10.6093926876783 10.1709896363318 9.36541973613203 9.12635002378374 9.01232210430317 10.3352104946971
3.21578074246645 4.18792622536421 4.7169362232089 4.39710991829634 4.27636693418026 4.92333932220936 4.07300746440887 4.82308512181044 6.10915372520685 7.24552023410797 6.13185679167509 7.06328336149454 7.02541497349739 6.57100490480661 6.54346965253353 7.54121477901936 7.73878927528858 9.10853865370154 9.05485747382045 8.18183526024222 9.53877669200301 9.54721552692354 9.25078689306974 8.95671816542745 9.06761529669166 8.24891806393862 8.19086950272322 8.03934190422297 8.78124292939901 8.3621859177947 8.42043419927359 8.74632091075182 7.89524929970503 8.145302914083 8.84423120692372 8.76036613807082 9.93968422524631 10.3734602928162 11.9291957765818 11.3106025084853 10.0361527688801 10.0343282371759 9.92727834358811 10.9437542557716 10.8043544366956 10.3921216353774 9.94468024000525 9.21190591342747 9.79167295992374
3.99907156825066 3.91483509540558 3.93589057028294 4.22079569101334 4.21888587623835 4.259600892663 5.63575362414122 5.74760957807302 5.91409301757812 6.42096963524818 7.53308590129018 7.63841559365392 8.96342708915472 7.10165817290545 6.28786277025938 6.33173409104347 7.51883386075497 8.13664936646819 8.97643436491489 10.1217868640088 9.48951861448586 9.11920097842813 9.57222101837397 9.60819863341749 9.46955150365829 8.98807127773762 8.01794650405645 8.21571214869618 9.04540076851845 9.01174472272396 8.69029291346669 8.39166975021362 7.73025316745043 6.96134439855814 7.28414381295443 8.00902649015188 9.02128434833139 9.64504209533334 10.6151418685913 11.9056375175714 10.3895909413695 10.6838779896498 10.5190526172519 10.6781150847673 11.4990110397339 11.4565315023065 10.894677311182 11.0261980816722 10.6846771612763
3.98113280534744 3.96528586000204 3.76927233487368 4.11364811658859 4.05886293202639 4.04278611391783 4.59747323393822 5.52568296343088 5.35065247863531 5.12345517426729 5.88136033713818 7.00271443277597 6.88607542216778 8.78032720647752 8.84020502492785 8.8070825971663 9.31546708475798 10.3826004164293 10.6099590053782 10.7070882152766 10.9231337141246 10.7134296540171 10.7052252274007 11.8039100170135 10.2405669377185 9.83536295965314 9.06184111908078 8.4958140514791 8.56464174389839 9.37555351201445 10.132276436314 8.96164720598608 9.41476057469845 8.68470886722207 7.71140588074923 7.14164527505636 8.13250927254558 9.74820732697845 10.9188146144152 11.7308384329081 11.2021539881825 10.4745529219508 11.3616606295109 11.3364350199699 11.2730423882604 11.3575252071023 11.8952575325966 11.3387403339148 11.5053479373455
3.02731213718653 3.06443130411208 3.83966242522001 4.18525844812393 3.97307590395212 4.16155995428562 4.57728647440672 5.38873529434204 5.47682519257069 5.53141499310732 5.48742164671421 6.30699620768428 7.28430171683431 7.32348431646824 8.11945527791977 8.14985917136073 8.13655495271087 8.19308369234204 8.74336754158139 9.96760165691376 9.92548805102706 9.06798673607409 8.93916546739638 11.8486635088921 12.0299999117851 10.2329209558666 9.39756983891129 9.40074679814279 9.02951161749661 9.45354522997513 10.0641344673932 10.3892385996878 11.1873329803348 10.2962507121265 9.33058522408828 8.86641982477158 8.49552314355969 9.44389237836003 11.9698452800512 11.1516728326678 10.5491259247065 10.6069118902087 11.5742420405149 11.6862416267395 11.8536159992218 11.7597820162773 12.0697813779116 11.9276557862759 12.0261968672276
2.98184562847018 3.23407677188516 3.92751890420914 4.44162679091096 4.28310794383287 4.82471245154738 4.47668228298426 4.32988877594471 5.09198411926627 5.29145166277885 5.33671102672815 5.62396228313446 5.46481282263994 5.93816388770938 5.5241881236434 5.09904891625047 5.06676642596722 5.06202577054501 7.53933626413345 7.92692048847675 8.33954611048102 8.56892191246152 8.39749410003424 12.0201745629311 12.2060523629189 9.60584168508649 10.5964291337878 9.45267640706152 9.24359363410622 9.27434435486794 9.21632604440674 9.18000646075234 10.5714256130159 11.6833036243916 10.614347781986 10.0039715580642 9.9949617497623 10.6603443920612 11.9599421024323 10.9290156960487 10.5634537339211 11.5942044556141 11.8199226856232 11.5359522253275 11.0576898083091 9.52869632001966 9.93968009576201 11.4512263834476 11.2617661654949
