data/train_2003/bio8_avg_2003-2018.asc
NCOLS 664 
NROWS 380 
XLLCORNER 3.91666666666667 
YLLCORNER 55.3333333333333 
CELLSIZE 0.0416666666666666 
NODATA_value -9999 
[rows 132 to 153 of 380, columns 294 to 342 of 664]
7.55410094000399 8.42893707938492 8.57649380341172 8.86431538313627 8.94938426464796 9.05003644153476 9.7241663262248 9.65316157415509 9.92361489310861 10.0296518802643 9.75043843314052 9.95055869221687 9.95694090053439 9.67292421683669 9.84014887735248 9.76653637737036 9.92947395145893 10.0507867150009 10.0719382464886 10.1330000013113 10.3541450761259 10.5843322128057 10.8339354172349 10.9458725675941 10.9078509062529 11.0499236136675 10.9193101339042 11.0095716044307 10.9907081872225 11.4203031733632 11.4528978914022 11.2865765169263 10.7813381515443 10.917391218245 11.2994027882814 11.4619562551379 11.2060508653522 11.2224374264479 11.2668865695596 11.1149815954268 11.0464886836708 11.148257099092 10.9690251834691 11.1452103331685 11.0478536188602 11.1914551183581 11.4008898884058 11.3919078633189 11.3534678891301
7.58770382218063 8.31073330715299 8.35992878582329 8.36041165422648 8.41222784202546 9.04369820095599 9.00586281903088 9.08036081492901 9.2364422660321 9.44598212465644 9.7660747282207 9.9962703101337 10.2291014641523 10.0712247937918 9.86384250596166 9.9039552025497 10.1464648470283 10.2273616977036 10.2295087389648 10.3976976647973 10.4405944794416 10.4062832146883 10.7983911894262 10.9289168938994 11.0493170395494 11.1201343983412 11.0480869039893 11.1862583532929 11.4216380566359 11.491475649178 11.6154804751277 11.6288183405995 11.5788645967841 11.6446611359715 11.6917487904429 11.6704201623797 11.574174746871 11.4195543900132 11.3710119128227 11.351879991591 11.2095265761018 11.3459914773703 11.4184014424682 11.3559157773852 11.392031468451 11.4259804189205 11.465138040483 11.3500325530767 11.2975080534816
8.58506903424859 8.53503176383674 9.04309711419046 9.26743139326572 9.25551551952958 9.27635012194514 9.32943447306752 9.2223526481539 9.12639510072768 9.11322947777808 9.22027233242989 9.2782316878438 9.32931581512094 9.79573368653655 10.2147531062365 10.0967486128211 9.89770296216011 10.0648473538458 10.7272359579802 10.979566924274 11.0812315121293 11.1089792028069 11.0025602728128 10.9720159396529 10.8500138707459 10.9065116643906 10.96653008461 10.8517778515816 11.2486922964454 11.442273363471 11.3030626401305 11.6738938167691 11.6765999272466 11.609805740416 11.5613450631499 11.5580512955785 11.4781737104058 11.51904643327 11.5963866338134 11.5926535800099 11.5557123795152 11.5239788517356 11.5207868888974 11.5168872028589 11.5141538530588 11.443173147738 11.4159695282578 11.4372038468719 11.2932051345706
9.96424433588982 9.81780657172203 9.65307348966599 9.73870261013508 9.63195656239986 9.26116901636124 9.26763121411204 9.59301021322608 9.55751417204738 9.40926843509078 9.39110578224063 9.54369287565351 9.51453029736876 9.43786779418588 9.6595476269722 10.1447511017323 9.99737998843193 9.748176202178 9.76643032953143 10.9411526545882 11.2667059525847 11.2865924239159 11.1513125672936 11.0971992239356 10.9230702295899 10.7319768518209 11.017015196383 11.3298391550779 11.4052882045507 11.6786123514175 11.5840615108609 11.5595103502274 11.7005014270544 11.7287002503872 11.5494410246611 11.4516402259469 11.3830892592669 11.557913094759 11.7296787723899 11.6294689327478 11.3726340606809 11.4328405112028 11.470297396183 11.4469211027026 11.5238360762596 11.5172096192837 11.4799995943904 11.4403310120106 11.4429547935724
9.8340033069253 10.1024491786957 9.84196683764458 9.84330703318119 9.73610581457615 9.6277378834784 9.68378642573953 9.76395979523659 9.91055005043745 9.79009882360697 9.68777267634869 9.88419583067298 9.94470285996795 9.90879317000508 9.88349049538374 10.0090867355466 10.6379285156727 10.7852305024862 10.7566161081195 10.8681682944298 11.1959703117609 11.3314557746053 11.0168982893229 10.9192571267486 10.7882822304964 10.8158911466599 11.1340001896024 11.1147338598967 11.2093845233321 11.4809931740165 11.7445187419653 11.6158776506782 11.3877779766917 11.7175117358565 11.7337037473917 11.6786042749882 11.6249213591218 11.6068636029959 11.7895122095942 11.7285753786564 11.4284307733178 11.1972857639194 11.3700994104147 11.3235378861427 11.2503517344594 11.4255817979574 11.4969782978296 11.3695001453161 11.3164386153221
10.3206370323896 10.4780061542988 10.5220268443227 10.3214117214084 10.0193382203579 9.88563983887434 10.0197747275233 10.0687431767583 9.98662793636322 9.98047112673521 10.0021892338991 9.92049081996083 9.90720894560218 9.80821913853288 9.65660928934813 9.43183830007911 10.0794572904706 10.2561133764684 10.4532430842519 10.7581333070993 11.1549142748117 11.2786118090153 11.0100669339299 10.4121321886778 10.4910796433687 10.7291436865926 10.8913183808327 10.7887535393238 10.7790634706616 11.3276652693748 11.7138924077153 11.7904940545559 11.6924292221665 11.7981982752681 11.7338831275702 11.6323183551431 11.6528545692563 11.765272051096 11.6541066467762 11.6774201542139 11.8763527274132 11.8088978901505 11.7263181731105 11.4372384920716 11.3148670569062 11.4110788851976 11.546749189496 11.4117941781878 11.2143394351006
10.175903044641 10.2223960533738 10.541545137763 10.751058280468 10.5993625745177 10.503917016089 10.4313046708703 10.3968176171184 10.1476636826992 10.2356348857284 10.2727727666497 10.0837858840823 10.1140067204833 9.93672793731093 10.1941754743457 10.177601993084 10.2418200038373 10.3273710384965 10.2989225015044 10.4519736915827 10.8732964023948 10.9757428839803 10.9652527198195 10.6482206508517 10.6871884390712 10.8911040350795 10.9498033151031 10.4731341153383 10.7435347512364 11.3046294078231 11.6130578443408 11.7675275206566 11.8180807232857 11.8285507038236 11.4548123925924 11.1446158960462 11.6083773374557 11.8268053904176 11.8962620049715 11.749747492373 11.8774673566222 11.8917604759336 11.7515786960721 11.5157228261232 11.335715547204 11.5487007424235 11.5654777660966 11.5866714045405 11.5241987407207
10.0017900541425 10.1880362033844 10.3889384716749 10.6208706274629 10.6300946474075 10.6306520104408 10.6173764169216 10.7096421122551 10.7840745747089 10.6025073006749 10.7262310013175 10.9216041862965 10.7118303626776 10.6537683308125 10.4586220309138 10.3868186920881 10.3498484939337 10.2653786577284 10.1727423146367 10.1964386962354 10.3053438290954 10.3917907401919 10.4549873620272 10.7375175207853 10.8180474713445 10.8596192523837 11.107264444232 10.9518590420485 10.9287558719516 11.3579687997699 11.549265243113 11.6460614055395 11.7356496751308 11.8469453975558 11.7677416205406 11.6109133437276 11.7554593980312 11.8499640747905 11.9138460755348 12.0209793671966 11.9192833825946 11.9296401515603 12.1240474209189 11.9842222929001 11.8470644876361 11.8025731518865 11.7227483689785 11.6728404685855 11.5238905623555
9.85696905851364 9.8588852211833 10.0403319448233 10.06772531569 10.3172857239842 10.3069294020534 10.3526566177607 10.6810502260923 10.8013605475426 10.5657124891877 11.072877690196 11.1705454140902 11.125228703022 11.0276203304529 10.7347008734941 10.5272852480412 10.330336086452 10.1840116456151 10.0401035398245 9.91527916491032 9.87895452231169 9.93458843231201 9.96718041226268 10.0930222794414 10.2406944297254 10.397984072566 10.7773147150874 11.2538959607482 11.1778520643711 11.162224330008 11.3073054850101 11.5137619972229 11.6076344698668 11.7190901786089 11.7423949241638 11.7894213423133 11.9004166275263 11.863247551024 11.8239706680179 11.9173780158162 11.8692251369357 11.9053946435452 12.083640947938 12.1642977446318 12.098496735096 11.9261119291186 11.6557274386287 11.7244260460138 11.4612501189113
10.1503977775574 10.1323585361242 9.84559977799654 9.88916304707527 10.5473442897201 10.7996347099543 10.8699250519276 10.8294061496854 11.1298280060291 11.2268228530884 11.2001021951437 11.1134062260389 11.209876537323 11.238430082798 10.9951229393482 11.0619127601385 10.6650735735893 10.6100610345602 10.6485070362687 10.6482444629073 10.5479400902987 10.4178859815001 10.1779983974993 10.0357775315642 10.0360151045024 10.1040861830115 10.1983505748212 10.7734154909849 11.1601145416498 11.190059915185 11.2151023000479 11.2184357643127 11.4807278886437 11.4991863891482 11.5477701127529 11.7625206485391 11.7293539568782 11.6294380351901 11.7752419710159 11.9283598735929 11.9932069852948 12.0235123634338 12.020359441638 12.0523316562176 12.07759539783 12.1039842069149 12.1104982048273 12.035261914134 11.8366084694862
10.0922484397888 10.4962581917644 10.478468298912 10.5494440868497 10.523961506784 10.8234514519572 10.8606627434492 10.7851077541709 10.9841520190239 10.9427372068167 10.9472812339664 11.1084500551224 11.2521619200706 11.3109401315451 11.3750441670418 11.4095151722431 11.414361461997 11.3274993300438 11.3549351990223 11.2290509492159 11.1324583292007 10.9885740727186 10.7116484642029 10.355347879231 10.400963306427 10.552121296525 10.5764830037951 10.6962161809206 10.9309905618429 10.9635572806001 11.0367487594485 11.5012639984488 11.6078813821077 11.752863958478 11.8089307919145 11.9003077298403 11.7704804837704 11.4657965376973 11.5450503453612 11.8544127196074 11.8570132255554 11.9492117241025 11.8444855436683 11.7862918749452 11.9946594387293 11.9175591394305 11.9825414568186 12.0811489224434 11.9329652637243
10.4427215903997 10.5564698427916 10.7101969346404 10.7886997163296 10.7763266563416 10.8167038932443 10.7451123893261 10.9314027577639 10.9712132439017 10.8443052619696 10.6381054967642 10.6652808710933 10.8305813968182 10.9363821148872 11.1277142912149 11.2503616809845 11.2480091303587 11.3436978310347 11.4839704781771 11.538573667407 11.3540506660938 11.189361140132 11.307921692729 11.2629827037454 11.2017930150032 11.2861867472529 11.27437107265 11.2724288552999 11.3333206400275 11.2907949537039 11.1509783565998 11.2867445275187 11.5126359537244 11.6300685629249 11.5895431116223 11.6634347513318 11.7886593192816 11.7435088977218 11.5756418928504 11.6113918498158 11.7711829319596 11.8368078768253 11.8432239666581 11.9009589478374 11.7569735869765 11.8464314043522 11.7827641069889 11.8245884329081 12.0990271419287
10.7126107513905 10.8388646692038 10.8457184135914 10.9032701253891 10.8667377904058 10.9594143256545 10.9580181092024 10.8512596487999 10.9813996776938 10.7581648603082 10.6103468984365 10.6462790444493 10.4648360982537 10.0437265112996 10.2025285065174 10.4510337486863 10.7481567636132 11.0564384385943 11.2720117717981 11.5087213069201 11.5752683728933 11.4253981858492 11.2286951690912 11.1783257052302 11.4309559911489 11.503752797842 11.4320925176144 11.477184176445 11.6672754734755 11.8067832291126 11.4406663328409 11.4742153510451 11.7922236472368 11.5863983035088 11.5700309947133 11.494330689311 11.6773383170366 11.7651795521379 11.7611513435841 11.7154182270169 11.6572276204824 11.728620223701 11.8320964574814 11.8300301730633 11.8401767686009 11.6196487620473 11.7572163268924 11.899194419384 11.9916724562645
10.6998753026128 10.5630180165172 10.5757097005844 10.7373819574714 10.8620657175779 10.7662495672703 10.6942506060004 10.716064080596 10.6642527282238 10.8384831696749 10.8734632506967 10.950276888907 10.7442572340369 10.6153206750751 10.606619425118 10.7582358717918 10.8234294950962 10.9369274973869 11.0810024738312 11.2527440190315 11.5514853298664 11.5957273095846 11.5327603965998 11.3475438952446 11.4429102540016 11.4564017951488 11.2449390292168 11.1882719695568 11.4273965060711 11.6385213285685 11.7260207533836 11.8858115524054 12.0580613613129 12.0354362428188 11.7788939923048 11.5491435527802 11.4657680392265 11.8496425896883 11.8645352274179 11.8216123878956 11.7493556439877 11.6437664479017 11.7421350181103 11.7646287530661 11.8094980940223 11.812491312623 11.7719852030277 11.693437486887 11.6340561211109
10.9071399345994 10.9291877746582 10.9672192707658 10.8889522179961 10.9667688459158 10.72850869596 10.4555904492736 10.6051606535912 10.4271477013826 10.5773013457656 10.6736633405089 10.6445250883698 10.6797203719616 10.9132903143764 11.0041686892509 11.1059012115002 11.2003330662847 11.0313940197229 10.8936640545726 11.2316833138466 11.4769947528839 11.6444724649191 11.7163254320621 11.6566783189774 11.6811980307102 11.6666342914104 11.5279107242823 11.4949019104242 11.6244764178991 11.7639675438404 11.7368336617947 11.7626581788063 11.9761492013931 12.0893069207668 11.9625070244074 11.6951230764389 11.7879053503275 11.9903549253941 12.0376269966364 11.9122223705053 11.8081504106522 11.790787294507 11.8445803821087 11.6744355559349 11.7222804576159 11.8754172772169 11.6920540332794 11.6336487978697 11.7984523624182
10.2839875519276 10.2806076481938 10.2519565597177 10.4671998471022 10.81619335711 10.7916870117188 10.5988888218999 10.5061323866248 10.3779588863254 10.0698276087642 10.0987378880382 10.6226063370705 10.8016828894615 10.7286351025105 10.806020244956 10.8588074445724 10.9676049873233 11.1009931266308 11.2384917885065 11.3059145361185 11.294462159276 11.4687183201313 11.5433906316757 11.6271469444036 11.579652890563 11.4930336177349 11.5378403663635 11.7337813526392 11.675014346838 11.6627471894026 11.7383550703526 11.8982958495617 11.7938206493855 11.766886472702 11.8190359175205 11.9864771068096 12.1220014840364 12.1185255646706 11.9409696161747 12.0870406329632 11.8290288895369 11.6859746724367 11.6516711264849 11.7006587535143 11.668146699667 11.7086762487888 11.7274561226368 11.6876105368137 11.7153064757586
10.2434622123837 10.2737774923444 10.3368531391025 10.3261448144913 10.397936604917 10.7283118367195 10.865770354867 10.4548953399062 10.1538123637438 10.1881040483713 10.5321039780974 10.7877293899655 10.8921875357628 10.7722293287516 10.6175173893571 10.6199689954519 10.6801222190261 10.8929836004972 10.8107200711966 11.1082288175821 11.1532628536224 11.1363382712007 11.3087476342916 11.1755731552839 11.3707741200924 11.4340162426233 11.476311892271 11.4781196266413 11.4860107898712 11.1766516938806 11.0202929452062 11.3571003526449 11.7494080066681 11.6014243662357 11.6488986909389 11.94770629704 12.1618889272213 12.1408215463161 12.1413948982954 12.1395675688982 12.1535730808973 11.9481623321772 11.8462515771389 11.7137990444899 11.8345546275377 11.8834771215916 11.7988578528166 11.8436552733183 11.8385775387287
10.658391572535 10.6692809686065 10.6527500078082 10.3669651299715 10.1813467592001 10.2632286399603 10.5362349227071 10.8579085916281 10.7793737351894 10.6573803946376 10.7037548348308 10.7090606018901 10.8246200531721 10.9254486113787 10.6345275789499 10.3597733974457 10.63494066149 10.8852943554521 10.9761894345284 11.0285495221615 11.1998136118054 11.2636256217957 11.3068958073854 11.3034993857145 11.2260615080595 10.8850821331143 10.6343668699265 10.8640412166715 11.1078402400017 11.3793480694294 11.4651475101709 11.6085715889931 11.6518293768167 11.3600869327784 11.6961363703012 12.0507687777281 12.0951930582523 12.1213674545288 12.14561226964 12.2193443328142 12.0917429178953 12.028558164835 11.9758320599794 12.0186056345701 12.1055461615324 12.1234868019819 12.0086351186037 11.9961588382721 11.9917658567429
10.7420789301395 10.6896074488759 10.6818135976791 10.5325766280293 10.2278819531202 10.3881036713719 10.6961167231202 10.8128383755684 10.8807682842016 10.9569900929928 10.9885618388653 10.9480521976948 10.746750921011 10.8286581933498 10.9030312672257 10.3789950162172 10.3895421698689 10.6620062366128 10.8968095183372 11.0707672610879 11.1735228598118 11.2137365937233 11.2144087702036 11.1839140951633 11.0876699388027 10.8382168486714 10.7499213814735 10.7321707904339 10.4937117621303 10.5190443694592 10.8286266922951 10.8975014016032 11.2054588496685 11.247082695365 11.2836240679026 11.8578853905201 12.0819410979748 11.910121679306 11.9917877465487 11.9362875670195 12.0842043459415 12.1806629151106 12.1132459938526 12.0343709290028 12.0774954259396 12.1711207330227 11.9211205840111 12.0283287018538 12.1469535380602
10.772324629128 10.5374542027712 10.6732936501503 10.7403136044741 10.9205002710223 10.8211034908891 10.9244984090328 10.9538515657187 10.8627049475908 10.6141413226724 10.4420366361737 10.4346878230572 10.4379653185606 10.8731593489647 11.1079519242048 11.0750082135201 10.7626065462828 10.6498297899961 10.7677196934819 10.9728182703257 11.1620414555073 11.1303483098745 10.9789882451296 10.9715449810028 10.854685023427 10.5191583260894 10.7587836012244 10.981217160821 10.934083275497 10.5470321029425 10.5713148862123 10.5910557508469 10.6197133287787 10.7914541140199 10.8659032508731 11.2924775630236 11.5771648436785 11.8338507562876 11.9242134392262 11.9042312055826 12.0321242511272 11.8431004136801 12.0281594246626 11.9568857252598 12.0807787030935 12.2065465003252 12.0096889734268 11.8914150297642 12.0787245929241
11.2075293660164 11.0161648392677 10.9051191359758 11.1224250346422 11.2349931299686 11.2421036660671 11.2299216687679 11.2749068140984 11.1225472986698 10.7827097922564 10.3892173245549 10.15394859761 10.4226381704211 10.8143691718578 11.1564966142178 11.1791877448559 11.1151705980301 11.0337368398905 10.9158029332757 10.9692446067929 10.9511022865772 10.8372932896018 10.6752763837576 10.6307592615485 10.6489503011107 10.4965580552816 10.5481392145157 10.6628598198295 10.807871453464 10.8354788646102 10.8848359286785 11.0031936466694 10.939967751503 10.9669503867626 10.9371409788728 11.1785400509834 11.2917726486921 11.3905389159918 11.6556556820869 11.7867998033762 11.7967939376831 11.8466212749481 11.9649064093828 12.0280673652887 12.0767699033022 12.1158886104822 12.1237995177507 11.9828767329454 12.0296625941992
11.507025167346 11.424089834094 11.3527139574289 11.3594817817211 11.4404583126307 11.4245181977749 11.4888449907303 11.4831375330687 11.5126551538706 11.3556313663721 11.2216080725193 11.0117926299572 11.0739606767893 11.0892036855221 11.2056255191565 11.2657845765352 11.2226932346821 11.0848937928677 11.0021782442927 10.9951703995466 10.8888711631298 10.8700302094221 10.7235223799944 10.7917229384184 10.7710073292255 10.5004579052329 10.6120361164212 10.6238665729761 10.6051552444696 10.5458190739155 10.6100656464696 10.6812062487006 10.9078053981066 11.1376548707485 11.1601703763008 11.1151441335678 11.0038269087672 11.2454006522894 11.5914785116911 11.5192018896341 11.4589637815952 11.5896001756191 11.8035704493523 11.8503739237785 11.8905945122242 12.0406060963869 12.0799095779657 12.1204632073641 12.1211837083101
