data/train_2003/bio9_avg_2003-2018.asc
NCOLS 664 
NROWS 380 
XLLCORNER 3.91666666666667 
YLLCORNER 55.3333333333333 
CELLSIZE 0.0416666666666666 
NODATA_value -9999 
[rows 286 to 307 of 380, columns 288 to 335 of 664]
0.745703223161399 0.754023855552077 0.756261115893722 0.760581760667264 0.796735757961869 0.850431316997856 0.892585327848792 0.914822667837143 0.913669693283737 0.966051035560668 0.998974125832319 0.997230505570769 1.00952859967947 1.01574333943427 1.02137472108006 1.05938114784658 1.04467921517789 1.06110219657421 1.08852533623576 1.09107341524214 1.11039468925446 1.15265553956851 1.1495415889658 1.17683027917519 1.2025619763881 1.19941848202143 1.19719171832548 1.22913157381117 1.27857161569409 1.66967704892159 1.68483578972518 1.66395286098123 1.67047759145498 1.6787435002625 2.11115601472557 2.6201800480485 2.68295503221452 2.92287207394838 2.60146367549896 2.61657216772437 2.73638873361051 2.67203881405294 2.81704469956458 2.76228512264788 3.03311709873378 3.01630148664117 3.01115253381431 3.17500161286443
0.601641699671745 0.644164079101756 0.794259157963097 0.814241817919537 0.853432966861874 0.910790600813925 0.959356743842363 0.968523839488626 0.998763451352715 0.982708591967821 0.910487070679665 0.931682260707021 0.97379404772073 1.01294756680727 1.06255941092968 1.07600448466837 1.09586638305336 1.0982698360458 1.13171501923352 1.13007683400065 1.13111395249143 1.14578458480537 1.15074689919129 1.19590056943707 1.15765082906 1.51643305458128 1.53574229963124 1.57880168408155 1.58802761696279 1.62442023307085 1.64222957752645 1.6099971588701 2.11493808031082 2.10438916645944 2.12013184837997 2.58638036251068 2.6807056888938 2.65453084930778 2.66418941505253 2.77376470528543 2.87400664016604 2.92007667850703 2.74249045923352 3.10565931536257 3.19680972769856 3.12410277314484 3.23662993684411 3.26979834027588
0.704556817188859 0.894487255252898 0.935757081024349 0.880526921711862 0.90429665800184 0.919066475704312 0.935669763945043 0.912121258676052 0.947982197627425 0.959741066209972 0.984249955043197 1.00209225527942 1.03380947560072 1.07756841741502 1.11861902475357 1.12779467087239 1.14172018412501 1.14881237503141 1.18898815102875 1.20853866497055 1.24258023570292 1.22966365516186 1.24757669307292 1.24497081525624 1.26144830882549 1.62124020606279 1.62174172513187 1.64295175299048 2.12172749452293 2.16832724399865 2.62815842032433 2.6284391283989 2.52482954226434 2.53628834709525 2.55558052286506 2.55862255766988 2.57466445118189 2.58508164063096 2.60466540046036 2.66645753756166 2.77770780958235 2.82287489436567 3.15991951525211 3.05004471540451 3.49669992551208 3.38201042450964 3.27752915304154 3.16429778304882
0.894391346722841 0.904656603001058 0.917963449843228 0.873520271386951 0.888035543262959 0.924009235575795 0.945691108703613 1.01733122393489 1.03715938329697 1.14520435407758 1.09713791683316 1.11016901955009 1.14507501572371 1.18106433097273 1.18259534146637 1.21254299208522 1.22224069014192 1.22352176392451 1.24371947394684 1.27505757915787 1.29255254630698 1.28434038348496 1.60167391039431 1.61036781780422 1.64777012914419 1.68242220953107 1.66349131427705 2.1429663207382 2.59807373955846 2.66132656671107 2.68537105247378 2.67749882303178 2.66283796913922 2.59455517865717 2.55177246779203 2.51453128270805 2.50595684535801 2.53313230723143 2.56922462210059 2.65173356421292 3.03393895179033 3.05251238122582 2.98392396047711 3.02190260402858 3.28425860777497 3.15109795611352 3.1979284984991 3.12300532695372
0.987315182574093 0.982575807720423 0.962586356326938 0.969222093932331 0.996441079303622 1.00178505480289 1.00321242399514 1.01834797114134 1.00604481808841 1.11888962239027 1.20269251987338 1.21287064626813 1.22579888533801 1.22522684838623 1.23148837313056 1.25924981851131 1.28030289849266 1.2538143848069 1.31317920796573 1.32464080738521 1.31410816125572 1.33612316846848 1.38442979007959 1.70591527782381 1.69813486933708 2.64233451522887 2.63130931742489 2.61407592892647 2.64896735921502 2.69140056148171 2.70916693098843 2.68868346326053 2.70980468206108 2.70665536448359 2.63371446914971 2.58848163671792 2.70679854974151 2.69660683907568 2.58549211919308 2.64542624168098 3.06680591031909 2.8667772077024 3.0981043484062 3.30628600716591 3.18923297338188 3.43133548647165 3.32977725099772 3.74687523161992
0.982280703261495 1.04916172847152 1.07775116153061 1.07659059204161 1.0533465705812 1.05608025193214 1.13673372194171 1.12998967058957 1.14895770139992 1.52097888104618 1.54522414319217 1.2486141230911 1.26589767355472 1.26559780538082 1.31625629914925 1.28883140906692 1.2992686717771 1.30607327818871 1.34912771359086 1.34880727285054 1.38608052814379 1.39973931992427 1.38764795940369 1.69412947818637 1.71824975311756 2.6448955014348 2.97570499777794 2.81714615784585 3.10559168085456 2.82186430133879 2.79993176274002 2.77641585282981 2.79153804853559 2.80279835499823 2.67519800923765 2.90876384824514 2.59120796062052 2.72658983245492 2.61467630416155 2.82444383762777 3.30350347235799 3.14021770935506 3.07328649424016 -9999 3.4267509104684 3.45298018492758 3.3423761986196 3.32323028100654
0.971746176481247 0.997497614473104 1.00620738789439 1.07108392752707 1.10896055214107 1.14167025126517 1.18554669059813 1.56403744779527 1.51687822490931 1.53835708834231 1.94803765788674 1.97171730175614 1.65509831905365 1.69910566369072 1.72982505150139 1.73200681619346 1.75291750766337 1.71644105017185 1.74000618234277 1.41118202917278 1.3959695356898 1.40123041626066 1.79465611837804 1.71946881711483 2.59082912094891 3.11469943448901 3.12252063676715 3.11030006594956 3.12474638409913 3.10373432002962 3.10643059946597 3.02900158241391 2.71880230493844 3.06970556639135 2.94612007960677 2.923409614712 3.06889291480184 3.06669395789504 2.63823565281928 2.9699833188206 2.63910868577659 3.08321589790285 3.37964962050319 3.40997552126646 3.49423322081566 3.41499995626509 3.39743314590305 3.36636669375002
1.02750336844474 1.37439722009003 1.38868539221585 1.051827410236 1.09786606580019 1.14294610545039 1.1561931297183 1.49975167959929 1.51600908488035 1.97197707742453 1.99388756789267 2.03804807364941 1.68124771583825 2.07711945846677 1.74026793241501 1.37047053384595 1.77028393559158 1.41903456178261 1.43123326776549 1.79097432643175 1.77446001954377 1.7567982506007 1.77651136554778 2.17186402343214 2.60062618367374 3.12988695129752 3.15455834381282 3.17131295055151 3.19927593134344 3.11232244409621 3.07186870463192 3.06495675444603 3.05056042782962 3.07009638473392 2.79331235773861 3.0484078489244 2.79630817472935 3.12124993279576 2.99566180631518 2.94002724438906 2.64647895470262 3.31831960938871 3.32369018159807 3.59487752988935 3.49256013520062 3.38789983838797 3.3647821880877 3.37558626290411
1.05655219778419 1.05591938458383 2.28705076128244 1.07773749157786 1.45359462872148 1.45321840234101 1.88885313645005 2.3798021543771 2.3771036695689 2.39022301137447 1.96426770836115 1.99769234284759 2.53112289682031 2.11891678720713 2.10554968751967 1.73369930125773 1.72223343141377 1.76218418776989 1.81234326958656 1.82875244691968 1.84243055619299 2.26722957193851 2.7569475453347 2.22067995928228 2.98004710674286 3.21290779672563 3.23788760602474 3.23478426132351 3.23159727826715 3.17128549702466 3.1048486251384 3.1589119322598 3.42910267971456 3.11143323779106 2.74931414984167 2.70905584655702 2.75725595653057 2.95265266112983 3.13026721961796 2.97332973219454 3.05962541140616 3.29683177545667 3.23068815656006 3.50323509983718 3.43800326157361 3.39304633717984 3.39813835546374 3.39584765024483
1.89137241058052 1.9009087216109 2.29210284352303 2.30409009195864 1.43967722170055 2.33194409310818 2.35203784890473 2.36300645396113 2.39187901094556 2.39661415293813 2.39843261241913 2.02204493805766 2.06806694716215 2.09850569814444 2.1292362511158 1.80745616182685 1.78201628662646 1.73007663711905 1.78584522940218 2.26627376675606 2.29022608697414 2.30427440442145 3.11158807948232 3.09914426878095 3.03257540240884 3.18355351500213 3.22088372893631 3.2169636990875 3.20483532454818 3.11762357875705 3.12328702956438 3.1887003518641 3.18981413636357 3.11288402788341 3.03571178391576 3.04633130319417 2.77766205184162 3.10697378590703 2.95624790899456 3.08761914819479 3.07974815648049 3.35883024055511 2.95345941744745 2.94326638430357 3.39242999348789 3.29646065179259 3.31969485525042 3.40240074880421
2.33849353156984 2.31123883649707 1.8683067522943 2.24532692506909 2.27518316544592 2.29092843458056 2.28921528346837 2.2864606063813 2.2978629656136 2.34046373143792 2.40056437253952 2.44279028847814 2.49489098414779 2.54265830293298 2.58684233948588 2.58552670478821 2.56883576139808 1.78438568301499 1.79368038289249 2.26655129902065 1.84541345760226 2.61313883960247 2.76273720338941 3.08777732029557 3.11260348930955 3.24386611394584 3.21450451761484 3.2172264745459 3.23998988978565 3.09687845036387 3.05918361246586 3.14228047337383 2.85356771573424 2.86688032839447 3.14519945904613 3.1039214618504 3.08948348741978 3.10141809843481 2.83069317881018 3.3795057842508 3.40199020691216 3.64558326266706 3.54749403521419 -9999 3.45230815373361 3.25724564120173 3.29476397670805 3.12609879858792
1.93239178322256 2.31524143740535 2.24390379525721 2.2414104193449 2.25426563993096 2.29028771072626 2.28401798196137 2.27424826472998 2.25705501809716 2.29547993466258 2.35532134026289 2.45745450630784 2.4703792668879 2.50342905893922 2.54427042976022 2.56448697298765 1.81758223474026 2.24847975745797 2.27888360060751 2.62956120073795 2.28687796741724 2.26361391507089 2.76313190720975 2.79595273267478 2.85818994417787 3.0826276668231 3.3846672034415 3.02392865368165 2.94585945876315 2.87772971950471 2.86781769152731 2.85553057398647 2.89762361906469 3.04346576426178 3.48307494539768 3.17493078391999 3.08282273076475 3.34719606209546 3.11587524786592 3.10363189596683 -9999 -9999 -9999 -9999 -9999 -9999 3.17000709474087 -9999
2.36528574675322 2.32416275143623 2.27853953279555 2.23441639356315 2.23591823317111 2.29246181249619 2.27179687097669 2.26959058642387 2.24302602373064 2.22381195239723 2.33518108539283 2.39146711304784 2.41483639366925 2.45778888836503 2.51515811309218 2.55111059546471 2.59827142581344 2.55468237027526 2.2542199101299 2.30679456330836 2.29839761182666 2.27498765662313 2.2783689070493 2.3047921070829 2.78890058025718 2.93057133746333 2.97061862424016 2.92831990739796 3.02326891734265 2.93458684673533 3.24005668237805 2.91446683602408 2.9435105570592 3.27387433499098 3.51214544707909 3.08871804922819 3.67246942035854 3.67398824449629 3.11632227245718 3.38986110780388 -9999 -9999 -9999 -9999 -9999 -9999 2.90345914941281 -9999
2.0900100544095 2.38971084915102 2.28268746100366 2.26841419935226 2.27347407490015 2.41332584992051 2.41638566367328 2.373195650056 2.34715105965734 2.30587678775191 2.44918588548899 2.45128646865487 2.35347048565745 2.37519621476531 2.36758857220411 2.38114760443568 2.4760816283524 2.4808490537107 2.4490329772234 2.15869858302176 2.1733197234571 2.96939727291465 2.675144135952 2.26622175239027 2.34960704576224 2.89194628968835 2.92112361011095 2.97939640528057 3.02891308814287 2.99851739266887 3.47570246458054 -9999 3.26764159020968 -9999 -9999 -9999 -9999 3.1424103602767 3.16267637629062 -9999 -9999 -9999 -9999 -9999 -9999 -9999 -9999 -9999
2.1983872554265 2.15884556341916 2.45350217819214 2.4614951685071 2.54536334052682 2.7114397585392 2.86057344824076 2.84975435957313 2.87103801593184 2.69138583913445 2.72161738574505 2.61318340525031 2.9906769990921 2.55179105699062 2.49098093435168 2.49007814750075 2.52295448258519 2.52236435562372 2.4887546338141 2.19614405371249 2.52799878641963 3.00380582362413 3.00479507446289 3.06565938517451 2.84264857927337 3.17089734226465 2.87001718580723 3.24660304188728 3.01283496851102 3.43759590014815 3.37812685966492 -9999 -9999 -9999 -9999 -9999 -9999 -9999 -9999 -9999 -9999 -9999 -9999 -9999 -9999 -9999 -9999 -9999
2.62075593695045 2.56659892946482 2.54535846225917 2.60532630607486 2.75079413130879 2.9215954169631 3.10322648659348 3.06692134216428 2.95470064505935 2.84937878698111 2.80182003229856 2.77302953973413 2.73258389905095 2.74021920934319 2.76723338663578 2.76312325149775 2.7127021253109 2.39836551621556 2.74177379533648 2.41541611868888 2.42397619877011 2.40788617171347 2.3599658049643 3.08161994069815 3.13377392292023 2.44248446263373 -9999 -9999 -9999 -9999 -9999 -9999 -9999 -9999 -9999 -9999 -9999 -9999 -9999 -9999 -9999 -9999 -9999 -9999 -9999 -9999 -9999 -9999
2.38196301087737 1.96376667218283 2.66779810190201 2.69469902291894 2.42423642240465 2.84533443674445 2.94127704948187 2.9860947728157 2.91206781566143 2.82398781552911 2.81440798193216 2.8051614575088 2.77608166635036 2.78516844660044 2.75904683023691 2.75038377195597 2.76984561607242 3.06977151706815 2.43672882625833 2.41061873687431 2.43816909752786 2.45510742859915 2.43023717356846 -9999 3.25876796245575 3.64887205604464 2.83823244366795 -9999 -9999 -9999 -9999 -9999 -9999 -9999 -9999 -9999 -9999 -9999 -9999 -9999 -9999 -9999 -9999 -9999 -9999 -9999 -9999 -9999
2.39437848422676 2.00129786180332 1.96085163578391 2.65369688346982 2.68003094568849 2.68790659680963 2.69799081981182 2.72282477095723 2.76015101373196 3.27513498440385 3.27038680389524 3.27772182226181 3.2631403580308 3.11319974809885 3.0549421608448 3.49274272471666 3.02042717114091 3.47588611021638 3.48997862637043 2.42114749364555 2.87711306707934 2.89404817461036 2.90282245329581 3.22809459269047 3.23448954895139 3.51366981118917 3.45975438132882 -9999 -9999 -9999 -9999 -9999 -9999 -9999 -9999 -9999 -9999 -9999 -9999 -9999 -9999 -9999 -9999 -9999 -9999 -9999 -9999 -9999
1.97188003873453 1.96116247214377 1.95986152021214 2.30647572316229 1.88742642011493 2.64914572238922 2.66578773036599 2.67972164973617 2.72590104863048 2.75886757299304 3.2449080273509 3.24531312286854 2.77843543514609 3.57824253663421 3.52129311859608 3.45735737681389 3.44926409050822 3.42029599100351 3.38341122120619 3.42423473671079 3.43482945859432 3.15398067608476 3.15723245963454 3.20408488065004 3.20705713331699 3.6983349993825 -9999 -9999 -9999 -9999 -9999 -9999 -9999 -9999 -9999 -9999 -9999 -9999 -9999 -9999 -9999 -9999 -9999 -9999 -9999 -9999 -9999 -9999
1.91759927943349 1.91015195474029 2.27777087129653 1.88613243447617 1.87810179777443 2.29094598256052 2.26214316114783 2.59624367207289 2.62148437276483 2.65434898808599 3.13847092539072 3.19940438866615 3.22379629313946 3.48369625210762 3.784139174968 3.830899592489 3.81104568764567 3.75634411349893 3.44518393650651 3.79399444535375 3.79058358073235 3.4134779535234 3.42501397430897 3.44355798140168 3.93608564138412 3.94419354572892 4.09138869866729 -9999 -9999 -9999 -9999 -9999 -9999 -9999 -9999 -9999 -9999 -9999 -9999 -9999 -9999 -9999 -9999 -9999 -9999 -9999 -9999 -9999
1.92902693711221 1.90014151623473 1.89250625669956 1.87653760565445 1.85523566789925 2.2604064475745 2.27571245469153 2.74471262656152 2.58327612280846 3.07769703865051 3.12220057100058 3.16278735920787 3.51114701479673 3.76692736148834 3.76959401369095 3.76542748138309 3.79088581725955 3.81382668018341 3.84464451298118 3.81926083564758 3.82831788063049 3.79051766917109 3.77479936182499 3.74009113013744 3.73660831898451 3.91819461062551 4.08762844651937 -9999 -9999 -9999 -9999 -9999 -9999 -9999 -9999 -9999 -9999 -9999 -9999 -9999 -9999 -9999 -9999 -9999 -9999 -9999 -9999 -9999
1.938412778778 1.94446457736194 1.93443274439778 1.89369286037982 1.86745281564072 1.85842115804553 2.23403177596629 2.71351026929915 2.71453727968037 3.04477300867438 3.08426349982619 3.43163575232029 3.8024077154696 3.76397838443518 3.70646557584405 3.78232780843973 3.82656506821513 3.81289707124233 3.82933500781655 3.84133245050907 3.8121223077178 3.80264991521835 3.78259690478444 3.73029874265194 3.71022123098373 -9999 4.07553486991674 -9999 -9999 -9999 -9999 -9999 -9999 -9999 -9999 -9999 -9999 -9999 -9999 -9999 -9999 -9999 -9999 -9999 -9999 -9999 -9999 -9999
