data/train_2003/bio9_avg_2003-2018.asc
NCOLS 664 
NROWS 380 
XLLCORNER 3.91666666666667 
YLLCORNER 55.3333333333333 
CELLSIZE 0.0416666666666666 
NODATA_value -9999 
[rows 198 to 219 of 380, columns 432 to 479 of 664]
-2.40632702410221 -1.9550609420985 -1.61427141539752 -1.63053555972874 -2.02564843185246 -1.67431380040944 -2.54858581721783 -2.5798371527344 -2.59550901688635 -2.43642482161522 -2.44853717647493 -2.64249283261597 -2.64766795374453 -2.67430139891803 -2.66797671839595 -2.70252686738968 -2.72524361591786 -2.73783567454666 -2.76680239383131 -2.78556105773896 -2.81984874140471 -2.85574891138822 -2.87398236524314 -2.90488255303353 -2.89765773992985 -2.904266230762 -2.94862484419718 -3.57232870394364 -2.9869251921773 -3.62520709633827 -3.6410006233491 -3.70329398172908 -3.78165012353566 -3.78761059045792 -3.80832101905253 -3.84003176284023 -3.88545044278726 -3.29100319137797 -3.29418717930093 -3.34574595000595 -4.00754247698933 -3.42278028279543 -3.47750549949706 -3.48548102192581 -3.48127314727753 -3.53129899129272 -3.56803343631327 -3.55285077914596
-1.53343792445958 -1.92958252318203 -1.97622163034976 -2.00061036460102 -1.648871043697 -1.66809385083616 -1.69277507439256 -2.56156793050468 -2.59308511205018 -2.59545899741352 -2.61045814119279 -2.63320701010525 -2.65183105506003 -2.65141342766583 -2.66224572621286 -2.7164113111794 -2.71520198695362 -2.71820090897381 -2.70415824651718 -2.72524044476449 -2.75792772695422 -2.76646965183318 -2.81734484806657 -2.81467845290899 -2.81813719961792 -2.90617926139385 -2.95926286792383 -3.02163804078009 -3.07838850596454 -3.74044792237692 -3.72679107263684 -3.71225919574499 -3.71109829097986 -3.72101701050997 -3.7568520915811 -3.78502057743026 -3.86756435036659 -3.9101911499165 -3.35399716626853 -4.01319489162415 -3.4103669533506 -3.46344756148756 -3.49444483406842 -3.51523396186531 -3.52730830572546 -3.54837656579912 -3.60015306062996 -3.62226307205856
-1.58217418007553 -1.65185584127903 -2.03096424974501 -1.71201088093221 -1.72615073621273 -1.71370745263994 -2.55693802423775 -2.57175701111555 -2.5648279581219 -2.59219253249466 -2.61026526615024 -2.64771295432001 -2.67645238433033 -2.66710845567286 -2.64055632613599 -2.68450407125056 -2.69103507883847 -2.7143994551152 -2.75180567242205 -2.74987838231027 -2.7394234277308 -2.6755237467587 -2.69029086269438 -2.72739131376147 -2.77590846642852 -2.86671712901443 -2.93740085139871 -2.96537629654631 -3.66042060032487 -3.77977219223976 -3.77537335315719 -3.73968282458372 -3.74437997234054 -3.13204441335984 -3.13664700218942 -3.16241639968939 -3.79867808637209 -3.81288793054409 -3.32464060466737 -3.35382660385221 -3.42609563004225 -3.47361513786018 -3.49038426950574 -3.51019516773522 -3.51050997339189 -3.58941229060292 -3.64893961697817 -3.67584170214832
-1.63345228694379 -1.63709253631532 -1.7132330108434 -1.80349839758128 -1.8171805953607 -2.18657357618213 -2.14498740434647 -2.60157127026469 -2.61061263177544 -2.11770550534129 -2.55336412787437 -2.57946903258562 -2.60578219592571 -2.56626205891371 -2.53865865431726 -2.60559678263962 -2.65211830474436 -2.69655653461814 -2.7549531692639 -2.80064137279987 -2.7562939459458 -2.66028612293303 -2.62198663130403 -2.69743722863495 -2.77372105978429 -2.83429666329175 -2.91528884600848 -2.98515607533045 -3.03373154501605 -3.10505712032318 -3.1321326396428 -3.15529153356329 -3.18407902633771 -3.187078488525 -3.17553628468886 -3.17520236852579 -3.21766021102667 -3.21340972557664 -3.26524247089401 -3.32470035180449 -3.34403305966407 -3.40969936549664 -3.43944877758622 -3.46990651544183 -3.53792021423578 -3.61190651915967 -3.67222612351179 -3.67796238511801
-1.61538596637547 -1.67557240836322 -1.72909212857485 -1.73744533304125 -1.80763175245374 -1.90381824597716 -1.94392126053572 -2.2312755510211 -2.15990094188601 -1.74411274492741 -2.06856779940426 -2.54374202340841 -2.57275989837945 -2.53969446383417 -2.51571247912943 -2.54352201707661 -2.58762318082154 -2.6365161370486 -2.67474228329957 -2.71580191515386 -2.76173952128738 -2.76588838268071 -2.75787044875324 -2.78951947297901 -2.83679324295372 -2.8956504939124 -2.95638266438618 -2.98911476251669 -3.0527637762425 -3.09741246583872 -3.13193641602993 -3.14575200900435 -3.20342218782753 -3.20257190102711 -3.14859680947848 -3.14612173917703 -3.18489671987481 -3.21554658934474 -3.24815475940704 -3.28522141790017 -3.32599615957588 -3.34227105882019 -3.37083763629198 -3.46086238697171 -3.5108108818531 -3.58184965699911 -3.62892990931869 -3.67459356412292
-1.65180916525424 -1.70342040061951 -1.74749006237835 -1.80422647390515 -1.88458781549707 -1.92740728193894 -1.91460195183754 -1.84963001310825 -1.77568504586816 -1.73264210484922 -2.07391834631562 -2.5276991147548 -2.5167192183435 -2.54078107886016 -2.58850952796638 -2.58911300636828 -2.59954992868006 -2.63407010398805 -2.67871523462236 -2.72365212626755 -2.77738487627357 -2.80353854130954 -2.83427572343498 -2.88884602021426 -2.91979145398363 -2.96102852374315 -3.01018218323588 -3.02408593392465 -3.06515617918922 -3.09522679820657 -3.12708880146965 -3.15182597050443 -3.20030463021249 -3.21952531859279 -3.1964956135489 -3.18375784670934 -3.19193656253628 -3.22140701720491 -3.22054429608397 -3.24384807050228 -3.29915191233158 -3.31966407457367 -3.39150944445282 -3.44381326809525 -3.50876571424305 -3.48286656755954 -3.54367570765316 -3.63094316422939
-1.68998228944838 -1.73697687312961 -1.82826306018978 -1.88588254060596 -1.96000210708007 -2.03008014708757 -1.99828292429447 -1.90844425186515 -1.75897651351988 -1.70646291598678 -2.03206046484411 -1.94181322865188 -1.98623253405094 -2.62895103543997 -2.62664021924138 -2.63607917353511 -2.6929764971137 -2.67562398314476 -2.72560486197472 -2.76362723018974 -2.80703030806035 -2.82931387331337 -2.83668090123683 -2.89758939202875 -2.97016472974792 -2.98619831586257 -3.01027347519994 -3.03909882158041 -3.06638235971332 -3.09133270254824 -3.12219950556755 -3.14964990084991 -3.19764557760209 -3.21710332389921 -3.21918608015403 -3.23364382376894 -3.22230980684981 -3.21780932322145 -3.2467253357172 -3.24276641011238 -3.27022427553311 -3.31084875529632 -3.38238984253258 -3.41893080901355 -3.43092888221145 -3.41055015102029 -3.52112973667681 -3.61820954456925
-1.68478030525148 -1.7887831768021 -1.87457776162773 -1.92345569794998 -2.00262495386414 -1.96312784170732 -1.92604716494679 -2.17877321597189 -1.71189292520285 -2.00792770273983 -1.99020270444453 -1.92797755822539 -2.04450226761401 -2.58882911503315 -2.63564554974437 -2.69412855617702 -2.71311156637967 -2.73526121117175 -2.76828611362725 -2.81639413163066 -2.85255068074912 -2.86338093783706 -2.8892527082935 -2.93983277538791 -2.98562110471539 -2.97611800581217 -3.01053151371889 -3.03377820923924 -3.0618584305048 -3.08943846693728 -3.12351862457581 -3.13897373154759 -3.17519472399727 -3.21547304466367 -3.23766809981316 -3.23107152804732 -3.25672482978553 -3.25533653562889 -3.26403160160407 -3.26247649639845 -3.27254658797756 -3.30786654353142 -3.33835324645042 -3.35592338815331 -3.40571666043252 -3.4756918400526 -3.49708392284811 -3.54435079358518
-1.6744535304606 -1.72654796205461 -1.82160065043718 -1.85948660969734 -1.87883108388633 -1.84888381417841 -1.81031152699143 -1.73369755968451 -1.70268428325653 -2.03600615635514 -1.64427558332682 -2.02864174358547 -2.09352201782167 -2.12411059625447 -2.66152601316571 -2.69851134158671 -2.7139549665153 -2.7600235985592 -2.79209235403687 -2.85328596364707 -2.87036278378218 -2.89582276809961 -2.92811610037461 -2.92461771517992 -2.95091106975451 -2.96545442193747 -2.99574788170867 -3.00983283040114 -3.04087621596409 -3.1140861758031 -3.17467105994001 -3.18029782781377 -3.18328565964475 -3.22896777372807 -3.23065017070621 -3.26595751568675 -3.28376478981227 -3.27698874194175 -3.278629203327 -3.30251996126026 -3.28132723039016 -3.3630512394011 -3.38831675052643 -3.40824898239225 -3.4681715015322 -3.4799173604697 -3.48541296459734 -3.51932551339269
-1.63637666963041 -1.68352088145912 -1.75745689310133 -1.8093095170334 -1.81266212835908 -1.80955644603819 -1.76065919175744 -1.72922006808221 -1.63672584109008 -1.68555098213255 -2.0633619017899 -2.08563939481974 -2.13625002652407 -2.19927757419646 -2.2375965854153 -2.24108224827796 -2.73425664007664 -2.75095259584486 -2.28862284775823 -2.85467785317451 -2.89171647559851 -2.89418134558946 -2.92402121052146 -2.92556935641915 -2.94336764654145 -2.45819321135059 -2.50080053252168 -3.01713722199202 -3.06151879578829 -3.12035859609023 -3.16211508074775 -3.17999674379826 -3.2016681432724 -3.2425460042432 -3.26579907815903 -3.26392676588148 -3.2855131207034 -3.30468256771564 -3.32726868987083 -3.30731330066919 -3.31214952841401 -3.34736066684127 -3.35928034037352 -3.42019991297275 -3.45566776953638 -3.49735082313418 -3.50157539732754 -3.51780021935701
-1.52796626091003 -1.6082856040448 -1.67614639364183 -1.72288238443434 -1.72215996868908 -1.74014596454799 -1.6874233353883 -1.62295102328062 -1.61901709623635 -2.04807943105698 -1.71197655424476 -2.11767874099314 -2.1961032319814 -2.73546391073614 -2.78982862178236 -2.81861031707376 -2.81314169242978 -2.85317317117006 -2.35935892630368 -2.30461663752794 -2.30305987317115 -2.34452178236097 -2.35973364859819 -2.8944794209674 -2.39911590889096 -2.97737727826461 -3.06859698394692 -3.09090009087231 -3.10257808619644 -3.11942270770669 -3.13010093197227 -2.62914086738601 -3.20471732830629 -3.25945753976703 -3.28661435190588 -2.78799371886998 -3.29226129129529 -3.29283473268151 -3.30094990041107 -3.29348179232329 -2.74847704404965 -3.34008702915162 -3.38199387397617 -3.44273409619927 -3.43745600059628 -3.46999281086028 -3.49240463785827 -3.5216081161052
-1.65247270278633 -1.6378002744168 -1.60271092317998 -1.56266349926591 -1.58532427437603 -1.60602684132755 -1.60764590650797 -1.61397344619036 -1.66476673074067 -2.07915774732828 -2.11777124553919 -2.17875963263214 -2.21833132952452 -2.28544477745891 -2.83737578894943 -2.89511795947328 -2.93665163218975 -2.45156465470791 -2.4341779500246 -2.34858311247081 -2.30442283209413 -2.37740575242788 -2.39143032673746 -2.43533014133573 -2.4595629661344 -3.03079709899612 -3.09343834221363 -2.58242851740215 -2.59195305162575 -2.61881080898456 -2.63641881709918 -3.14072793233208 -3.19339150935411 -2.70974832028151 -2.74369345232844 -2.78884704131633 -2.81720870453864 -3.33232026640326 -3.30671446863562 -3.28281683567911 -3.28425253648311 -3.28902162984014 -2.80367080960423 -2.83415760472417 -2.80606617406011 -2.81977141648531 -2.90501827094704 -2.91293203830719
-1.64393754862249 -1.68110651709139 -1.67369233444333 -1.54811132699251 -1.54965533316135 -1.60278275422752 -1.59920175932348 -1.63870422914624 -1.77405811659992 -1.82151381671429 -1.87359439954162 -2.30567379668355 -2.30135096143931 -2.83030372578651 -2.85621450189501 -2.8896674066782 -2.43960121879354 -2.45223671197891 -2.43178913742304 -2.38225778099149 -2.37178578600287 -2.42545635392889 -2.48162723449059 -2.4932144198101 -2.50101001560688 -2.54430554062128 -2.58960125839803 -2.59177184232976 -2.60448408382945 -2.64794636890292 -2.63349196687341 -2.65170425688848 -2.65666970377788 -2.6504714563489 -2.70831490820274 -2.75653347279876 -2.80750189442188 -2.7960954355076 -2.76843890920281 -2.72032388811931 -2.6769591209013 -2.68130259704776 -2.71293772244826 -2.78336451668292 -2.78768461942673 -3.27615150576457 -3.30252119665965 -2.85428304225206
-1.59019383229315 -1.60299634747207 -1.57192354276776 -1.5805175229907 -1.60023662447929 -1.64016389288008 -1.67996605671942 -1.6648102235049 -1.78205794282258 -1.85358475893736 -2.31959717068821 -2.38854647567496 -2.40407912433147 -2.44948663935065 -2.45814423379488 -2.41167704993859 -2.41762633854523 -2.43728398531675 -2.42835815623403 -2.42901580920443 -2.48248209431767 -2.49342389404774 -2.52636545401765 -2.53126525256084 -2.54716531062149 -2.54269039386418 -2.57375697913812 -2.6036151710432 -2.6362652615644 -2.6612485870719 -2.62194022419862 -2.63025697809644 -2.62116115295794 -2.63486131164245 -2.68989482661709 -2.72159510757774 -2.76608697231859 -2.74624553415924 -2.72798736393452 -2.72906252369285 -2.66538769379258 -2.59037957224064 -2.68028806638904 -2.71036337921396 -2.72267829766497 -2.69785789889283 -2.75582923507318 -2.80034226272255
-1.45611245185137 -1.43825854361057 -1.42590463906527 -1.50446747988462 -1.65356753766537 -1.65312824770808 -1.68506368435919 -1.72687418572605 -1.77480770088732 -1.86382237263024 -1.91250362247229 -2.35291900020093 -2.410807070788 -2.44398679584265 -2.45966664073057 -2.46455502393655 -2.48177626612596 -2.5177893328364 -2.4960523347836 -2.5150654601166 -2.56492837518454 -2.52422435337212 -2.56943714374211 -2.53048317262437 -2.56682066869689 -2.59740839409642 -2.59537116566207 -2.61191718396731 -2.65825481107458 -2.67163399839774 -2.63780518365093 -2.59472619742155 -2.61277750256704 -2.63470957800746 -2.70205801865086 -2.71611486887559 -2.74404703918844 -2.71760393073782 -2.70428579812869 -2.69925936916843 -2.69639955088496 -2.67916487017646 -2.58784682303667 -2.63677874696441 -2.72583864396438 -2.79735953360796 -2.77629716182128 -2.81265152711421
-1.40672727674246 -0.810521274805069 -0.844996392726898 -1.50777151994407 -1.55934179387987 -1.72809239290655 -1.59623249806464 -1.77581339143217 -1.74276575818658 -1.82856003008783 -1.89547927863896 -2.33929167781025 -2.37016024440527 -2.38382049929351 -2.433272393886 -2.44864094397053 -2.47113452339545 -2.53683637703944 -2.54091329003495 -2.53361510235118 -2.59245802951045 -2.59552508848719 -2.6176753975451 -2.61507574352436 -2.63160111382604 -2.03918851912022 -2.64327696943656 -2.61788551625796 -2.63928594929166 -2.05295304581523 -2.64012842252851 -2.00716861709952 -2.03915546089411 -2.08275045081973 -2.08905369415879 -2.12173217535019 -2.14057710021734 -2.11479708179832 -2.10780864581466 -2.66612287121825 -2.64486978319474 -2.06667711958289 -2.59261374548078 -2.55223582312465 -2.66679048654623 -2.12097897008061 -2.73459844663739 -2.17396778985858
-1.28671722486615 -1.32379485294223 -1.34820573031902 -1.45028327032924 -0.870684243738651 -0.953761167824268 -1.01246286183596 -1.64592696540058 -1.75951102934778 -1.77393418550491 -1.87819068878889 -1.99582206178457 -2.40424114186317 -2.35609018150717 -2.39364736992866 -2.42337136249989 -2.44817871367559 -2.50111103546806 -2.57029331848025 -2.58664241316728 -1.98702546581626 -2.64749701833352 -2.05429126322269 -2.05215346068144 -2.01330697163939 -2.01691906899214 -2.01657302305102 -1.98047678545117 -2.01925549656153 -2.02353429049253 -2.04827138781548 -2.08409187942743 -2.0972250662744 -2.11154565960169 -2.13999159261584 -2.1423124037683 -2.13009151443839 -2.07907899469137 -2.06844123452902 -2.08126211166382 -2.01062447950244 -2.58396866417024 -2.53323873272166 -1.98421179130673 -2.02864522486925 -2.03144097700715 -2.07994510233402 -2.08619918301702
-1.2326655164361 -1.263666767627 -0.699793510138988 -0.322578154504299 -0.419250585138798 -0.951359778642654 -1.12628304958344 -1.10407059639692 -1.0920674353838 -1.12764819711447 -1.85113788582385 -1.33560174331069 -1.75733365118504 -1.96425845380872 -2.36058341059834 -2.37103789579123 -1.7879529222846 -2.47611316805705 -2.53502604120877 -1.95893808826804 -2.00866931304336 -2.03153911978006 -2.02915900945663 -2.02082055062056 -2.00939861685038 -1.9743519090116 -2.00409680232406 -1.9725500009954 -1.99337830394506 -2.02833154797554 -2.04365967586637 -2.05211285129189 -2.08031141757965 -2.0807969532907 -2.12899082526565 -2.13964289799333 -2.1355450488627 -2.11882236972451 -2.08268303051591 -2.00566839426756 -1.99902889505029 -1.95572271570563 -1.87049996852875 -1.96577708050609 -1.99481362476945 -1.94356781989336 -2.05732205882668 -2.04399284720421
-1.257030505687 -0.190618120133877 -0.210775166749954 -0.264515683054924 -0.376630872488022 -0.480787970125675 -0.52169493585825 -0.426726959645748 -0.577747710049152 -1.12626346200705 -1.19623316079378 -1.22436968237162 -1.89067756198347 -1.32255908101797 -1.92506145685911 -1.73513695597649 -1.79332872852683 -1.82285366207361 -1.8642120398581 -1.92065367102623 -1.97364652901888 -1.99502404406667 -2.03423518687487 -2.00327939912677 -1.97469872236252 -1.94028470292687 -1.97699563205242 -1.92674818634987 -1.94004267081618 -1.99221190437675 -1.97838103026152 -2.00717530399561 -2.07789768278599 -2.087756305933 -2.09148980677128 -2.12684847414494 -2.17337400838733 -2.19531577080488 -2.13317443057895 -2.022699508816 -1.9275164976716 -1.87558352202177 -1.86690032854676 -1.88505059853196 -1.9154821112752 -1.95015309751034 -1.97303239256144 -1.9732449427247
-0.160278312861919 -0.179419867694378 -0.201103202998638 0.161980867385864 -0.282053180038929 -0.340694606304169 -0.368086032569408 -0.326894521713257 -0.385671272873878 -0.570977084338665 -1.09315372258425 -1.12692902237177 -1.19916285574436 -1.26818814128637 -1.28683833777905 -1.34961365163326 -1.38784729316831 -1.81378698348999 -1.83024471253157 -1.8856191188097 -1.94937373325229 -1.96721762418747 -1.96972788497806 -1.96765496581793 -1.96345699951053 -1.97267587855458 -1.95181124284863 -1.86848827451468 -1.92508193850517 -1.99017560482025 -1.9925610460341 -2.03048812225461 -2.04281746596098 -2.05525748804212 -2.03519759327173 -2.08130414783955 -2.09541083499789 -2.14643409848213 -2.17566584050655 -2.13827253878117 -2.06342091411352 -1.93669414520264 -1.89938408881426 -1.89611591398716 -1.86060880497098 -1.91803004220128 -1.92745098471642 -1.91733050346375
-0.152845419943333 -0.180846594274044 -0.174139373004436 0.186170324683189 0.142023541033268 -0.290892817080021 -0.315894111990929 0.0789587572216988 -0.473790682852268 -0.480658546090126 -0.555526241660118 -1.06165527552366 -1.10727774351835 -1.17948343604803 -1.22477267682552 -1.29639500752091 -1.37735092267394 -1.42601490020752 -1.42767919227481 -1.48359341919422 -1.53556726500392 -1.54022615402937 -1.95022078976035 -1.93582212179899 -1.54774435609579 -1.54327837377787 -1.89396013692021 -1.46859590709209 -1.94807970896363 -1.96622283756733 -2.02278260141611 -2.05288416147232 -2.04457059130073 -2.03463362157345 -2.04653007909656 -2.08413480594754 -2.09540620818734 -2.10167769342661 -2.13157393038273 -2.10801219195127 -2.05115841329098 -2.07413823157549 -2.05557648092508 -1.99668107181787 -1.97390225157142 -1.99611520394683 -1.96403628215194 -1.94666583836079
-0.079329252243042 -0.117940030992031 -0.134842455387115 0.210943035781384 0.183332972228527 0.161347970366478 -0.275118634104729 -0.248521089553833 -0.40924970805645 -0.450339689850807 -0.475721649825573 -1.001589640975 -1.05622588098049 -1.14386225491762 -1.20791520178318 -1.26388490200043 -1.30872961878777 -1.34911582991481 -1.37491871789098 -1.41968018561602 -1.44471707567573 -1.47036303952336 -1.50675896927714 -1.48648827150464 -1.49617581814528 -1.43548838049173 -1.75765063613653 -1.83063472062349 -1.89682728424668 -1.91968670859933 -1.96087921783328 -2.02169688045979 -2.01232372224331 -1.97425987198949 -2.02707098796964 -2.05663198977709 -2.0602348446846 -2.08300433307886 -2.0699405670166 -2.03175164014101 -1.97981281578541 -2.06112409755588 -2.0188101939857 -1.97441303357482 -1.95494576171041 -2.03457522764802 -2.03745501115918 -1.99158460274339
