data/train_2003/bio9_avg_2003-2018.asc
NCOLS 664 
NROWS 380 
XLLCORNER 3.91666666666667 
YLLCORNER 55.3333333333333 
CELLSIZE 0.0416666666666666 
NODATA_value -9999 
[rows 286 to 307 of 380, columns 480 to 527 of 664]
1.96739694476128 1.96510940417647 1.98653036169708 1.98824284784496 1.97012205421925 1.53112271800637 1.87475532852113 1.42704776767641 1.77860483061522 1.73954136203974 1.69514451827854 1.27012285031378 1.61130920797586 1.2005929320585 1.55055723804981 1.14568826812319 1.1160483865533 1.11665846314281 1.09956024494022 1.05429541552439 1.01178358308971 1.00735811842605 0.975182691588998 1.28483520727605 0.977831896860152 0.943031401373446 0.907147622987395 1.20316969417036 1.16882625594735 1.13781610690057 1.10551429912448 1.09467094019055 1.09456086531281 1.06380897387862 1.03630716912448 1.03088882938027 1.04330384731293 1.0517188757658 1.0623421408236 1.04242384433746 1.02496367506683 0.969045316800475 0.927752070128918 0.920333549380302 0.89204216748476 0.886836133897305 0.885296814143658 0.885882325470448
1.91163703426719 1.923065116629 1.93782643601298 1.91842111945152 1.48771808482707 1.87761064991355 1.84449684992433 1.8021749695763 1.38158948998898 1.74992259312421 1.30786361265928 1.63812022982165 1.62028146209195 1.58698442135938 1.16949530970305 1.1405698392773 1.08701941696927 1.07813560357317 1.06908535957336 1.0741180726327 1.04513473249972 0.999843543861061 0.952302144607529 1.25881760660559 1.24025134090334 1.21060169860721 1.1850771792233 1.17046912759542 1.16186125762761 1.1548365931958 1.11964524909854 1.08724573627114 1.09482530131936 1.08075885474682 1.05915071815252 1.04187572933733 1.05697591602802 1.07370110601187 1.0504263471812 1.02073483914137 0.987376654520631 0.96481029316783 0.937785513699055 0.901593923568726 0.874953646212816 0.860155932605267 0.880525164306164 0.870186187326908
1.22959280759096 1.24125847220421 1.89508100599051 1.89668275043368 1.4575677793473 1.82401155307889 1.41080420091748 1.37190160620958 1.75541771110147 1.32734207529575 1.67531490698457 1.63082611234859 1.58783716522157 1.18778992048465 1.15503735747188 1.08711807522923 1.04357377951965 1.02048777416348 1.01294349879026 1.01589923677966 1.01090249838307 0.975287046050653 0.930963166989386 0.908514273061883 1.21801075339317 0.875033288495615 1.17809941247106 1.13522708043456 1.12172965891659 1.13939893245697 1.12094327248633 1.09377918019891 1.09413131885231 1.08612515032291 1.06536884605885 1.05957087874413 1.05627293512225 1.07076673209667 1.06051049008965 1.0221711024642 0.99716467410326 0.966366823762655 0.946902357041836 0.929562773555517 0.897073347121477 0.873392723500729 0.858212035149336 0.853239730000496
0.793566418811679 1.22432608157396 1.45275455899537 1.86698604188859 1.82292838022113 1.77187091019005 1.35178876016289 1.32174512557685 1.31189171317965 1.27643703483045 1.23581545799971 1.21798561187461 1.18228074791841 1.1432426919564 1.12782948743552 1.09245805069804 1.06654479634017 1.03217315906659 0.98701005266048 0.979388686129823 0.98525383672677 0.965105804614723 0.921999331563711 1.22965723555535 0.875744841992855 0.856763435527682 1.17383006028831 1.15456807985902 1.1218480002135 1.11512770876288 1.11824086867273 1.11831237748265 1.12206257507205 1.09782482497394 1.0765872951597 1.06134960241616 1.04698703996837 1.0676242094487 1.06913652271032 1.0676487442106 0.705792129039764 0.659592738375068 0.943268977105618 0.947573024779558 0.923276539891958 0.580045165494084 0.562109837308526 0.531966222450137
0.760905649513006 0.784490859135985 1.42663604952395 1.81574769318104 1.38214225880802 1.32579099666327 1.30939826183021 1.31604711618274 1.3041054951027 1.28332356922328 1.25495807873085 1.23892601998523 1.20822731032968 1.55282610433642 1.12312158168061 1.10175630950835 1.08868239657022 1.03990041697398 0.983868365176022 0.958211416611448 0.948938320740126 0.943549368530512 0.92411873023957 0.910729694180191 0.867215893464163 0.840910276398063 0.832729492336512 0.810840577352792 1.10542471893132 1.09873150847852 1.10574680194259 1.103928912431 1.11541031301022 0.787542762234807 0.750955695286393 0.734243690036237 1.0818671118468 1.07885650917888 0.757315768860281 0.752478761598468 1.06374086253345 1.0283134188503 0.655425805598497 0.608005413785577 0.608555058017373 0.603408187627792 0.586719572544098 0.538280945271254
0.741786548867822 0.744708718731999 0.729130754247308 1.3540255734697 1.34236688353121 1.34120815899223 1.34167439769953 1.34626577049494 1.34265258908272 1.30487670656294 1.28435072209686 1.26807469781488 1.18784050596878 1.15789793781005 1.11991381240659 1.11726271206862 1.09377853444312 1.05687757302076 1.00735162617639 0.992700642440468 0.993456273339689 0.964326367713511 0.926821564964484 0.910066676944552 0.889978477731347 0.862765204859897 0.855635398998857 0.832213977351785 0.808750723022968 0.799495836719871 0.795990998391062 0.797653023153543 0.80887148482725 0.814188370481133 0.808255483396351 0.795739146415144 0.796681127976626 0.832789929118007 0.842898540198803 1.1551043651998 1.12282052636147 1.08978678844869 0.724583528935909 1.02426078170538 0.633171459659934 0.588979531079531 0.602745875716209 0.590137258172035
0.460955600254238 0.677926481701434 0.681352226994932 1.31668288074434 1.32542491238564 1.75074068270624 1.74666297156364 1.33406755980104 1.35040790494531 1.31838815566152 1.30574330594391 1.29059841204435 1.23899527732283 1.1788921081461 1.16037250705995 1.12839443114353 1.08008288429119 1.06322978227399 1.03400157019496 1.02835675189272 1.00918241543695 0.958311568945646 0.924399155192077 0.897403473034501 0.881074399454519 0.873328832210973 0.886374607100151 0.892253920435905 0.85300826956518 0.839012508513406 0.836641785455868 0.827729356242344 0.831279448466375 0.850917405099608 0.846471829339862 0.822192860301584 0.843539209337905 0.917718609794974 0.943106574239209 0.906786045059562 1.21319183334708 0.842686566058546 1.13999452069402 0.782378959469497 0.750787832774222 0.70700912643224 0.670147409662604 0.651243852451444
0.721048183739185 1.33017939236015 1.34648891631514 1.35325670801103 1.34435788262635 1.35545894876122 1.77936276979744 1.35753636434674 1.3569134157151 1.3218164825812 1.30805259104818 1.30058065894991 1.27227531932294 1.22409490868449 1.20058116363361 1.15381748205982 1.11897065179073 1.09212350880262 1.0688598419074 1.02884620474651 0.976908517768607 0.935213679156732 0.905768639757298 0.898490271298215 0.868670333875343 0.88097553816624 0.895947166427504 0.887502237514127 0.854973890585825 0.860987374559045 0.853334070532583 0.849889079690911 0.834812561748549 0.853312774910592 0.873521451518172 0.851021842332557 0.868772111134604 0.943605639971793 0.982272643130273 0.977481382200494 0.957231555716135 1.2509832046926 1.21444477699697 0.859815777745098 0.858487464021891 0.827205523848534 0.790965468622744 0.759641830809414
0.539094308391213 1.37682686187327 1.38053723052144 1.38195573538542 1.15976217202842 1.4082927685231 1.41500294208527 1.38792162947357 1.37346033006907 1.35345279239118 1.3223202014342 1.29427096061409 1.2730135768652 1.22675597667694 1.2096650917083 1.18819921882823 1.13739989488386 1.11060065712081 1.07188472931739 1.04433553991839 0.997051311656833 0.941740617505275 0.901554764830507 0.902702222578228 0.891391292214394 0.89945542498026 0.88968655525241 0.866959090111777 0.862939720973372 0.852795593440533 0.863901340751909 0.876632137224078 0.857637230306864 0.856583480373956 0.901071187108755 0.933934061788023 0.933254942297935 0.959076158003882 1.01006380422041 1.03780154976994 1.01295605907217 0.956527130678296 0.919806604564656 0.889252632856369 0.875062251463532 0.851027036085725 0.856283425819129 0.876706537557766
0.553830243647099 1.41380756348372 1.1670780684799 1.18050852231681 1.21273066103458 1.23220289871097 1.21596686169505 1.41276527568698 1.3940490167588 1.36300600320101 1.32937951851636 1.30462817195803 1.27937669865787 1.25079186912626 1.21704055182636 1.18495570262894 1.14162098267116 1.11703624145593 1.09161823894829 1.05690842459444 1.01515259034932 0.989767595659941 0.937424181960523 0.919830777682364 0.9229457207839 0.909227281808853 0.905259018123616 0.919165416620672 0.907947218656773 0.890728894621134 0.899260492995381 0.924625397427008 0.905378615483642 0.893020588293439 0.919245949015021 0.992179361637682 0.988071301020682 0.995088256429881 1.02052160957828 1.00753853516653 0.982846895465627 0.968072348274291 0.934797633439302 0.912480980739929 0.897720301523805 0.888765066862106 0.909143226221204 0.925104480236769
1.22481863200665 0.590694010257721 1.21309242397547 1.23087488859892 1.26436572894454 1.25148181803524 1.22272276133299 1.18317219242454 1.14608598686755 1.36876747570932 1.11009278707206 1.3187352893874 1.30778149049729 1.25816136412323 1.20487430505455 1.16187905240804 1.14088354632258 1.12155501381494 1.10139312630054 1.06481441140932 1.02375377272256 0.98700300604105 0.957168569089845 0.945167643716559 0.948875086149201 0.962249158648774 0.964664838975295 0.967913948465139 0.946204664418474 0.937828598311171 0.953536028973758 0.980160028673708 0.97353692073375 0.968749558087438 0.984087259043008 1.05771644972265 1.07247096393257 1.03114206297323 1.01039635110646 1.00119228521362 1.00944659346715 0.988284318707883 0.943871972500347 0.930084601044655 0.961086631985381 0.974336500745267 0.979878095444292 0.946252672001719
1.23108706064522 1.23876360617578 1.24577332474291 1.26249125227332 1.27637585625052 1.26326075568795 1.21214559860528 1.18207189999521 1.14761414006352 1.16348054818809 1.14855548925698 1.36125892400742 1.35976967960596 1.33507220447063 1.25958312302828 1.19971886044368 1.16243813978508 1.13707392150536 1.11345973215066 1.07663707470056 1.02597989793867 0.977863071952015 0.957954668672755 0.953712829621509 0.953346017980948 0.958687653532252 0.972237394191325 0.966787187149748 0.966045522131026 0.963928679469973 0.99327014060691 0.983236628584564 0.978486459236592 1.00481170509011 0.761840934399515 0.784867127425969 1.03120383247733 1.00340397330001 0.97402080707252 0.970554316416383 0.988879333715886 1.00562114734203 0.971113002859056 0.954937957925722 0.950161290587857 0.96469952724874 0.988612652756274 0.963192427996546
1.19461997225881 1.20627311617136 1.19275952316821 1.21462105959654 1.2377324718982 1.21255218051374 1.16066348552704 1.13206674158573 1.11400674283504 1.12260899692774 1.12266962788999 1.12673008255661 1.12266564182937 1.12139268778265 1.07774490211159 1.24153661634773 1.20160135626793 0.923301551025361 1.1091480103787 1.0697545139119 1.01628547371365 0.985032715369016 0.997821167577058 1.00444352347404 0.980065619107336 0.946146183996461 0.949518179520965 0.962681946344674 0.970720812212676 0.974509540945292 0.987089863047004 0.971836974378675 0.724031822290272 0.726984965614974 0.742896368261427 0.775182681158185 0.780427420511842 1.01726142736152 0.980838872026652 0.955208021448925 0.950952174142003 0.985404556151479 1.00510683143511 0.999184404034168 0.9638893653173 0.94459731632378 0.939096702262759 0.906387794122566
1.63129818066955 1.2000884860754 1.19467639550567 1.21780561842024 1.223851762712 1.17539782077074 1.14948570355773 1.13540676049888 1.11247240751982 1.1085578976199 1.13776847720146 1.1421039365232 1.13781446963549 1.12389990128577 1.05836036615074 1.01790420245379 0.983073039911687 0.935492045246065 1.11824951320887 1.05770809424575 0.759795936290175 0.986761312000453 0.989227049984038 0.996401395183057 0.970200482755899 0.958249697228894 0.726505267433822 0.710560900392011 0.708783235400915 0.714963829377666 0.723686398006976 0.711742002284154 0.699087269022129 0.695847044931725 0.730440020095557 0.793241301551461 1.03603651560843 1.02646452886984 0.986850678920746 0.932153642177582 0.925831352069508 0.96667586825788 1.01602060953155 1.02036506542936 0.994812554679811 0.9799460824579 0.971455007093027 0.944213692680933
1.19588139466941 1.18465383537114 1.19013462588191 1.19303208775818 1.18822123296559 1.15536848828197 1.16134923510253 1.16570508666337 1.15577157214284 1.1813401710242 1.1894507240504 1.1757278945297 1.15250512398779 1.09869874082506 1.03751744516194 0.998336344026029 0.980321815237403 0.930807269178331 0.89637613017112 1.09395328874234 1.04268012801185 1.02157311886549 0.751644512405619 0.965442446758971 0.923751914873719 0.678734264918603 0.689625439234078 0.671266478835605 0.665532609447837 0.668007031665184 0.681272979825735 0.698997358442284 0.706309370929375 0.724667351460084 0.742567001376301 0.99815234914422 0.981013969518244 0.958542463020422 0.931904014199972 0.922140656039119 0.941752410806657 0.980614092899486 1.03285068785772 1.04233747441322 1.04181878454983 1.00900342827663 0.983437982387841 0.972164403414354
1.18538712710142 1.18442767672241 1.17684291861951 1.16796676814556 1.17421558126807 1.13050587661564 1.11033804342151 1.1210032813251 1.15644536912441 1.19233080372214 1.18713297136128 1.15572663210332 1.12173715140671 1.06762262620032 1.03413300868124 1.0083517851308 0.972987430170178 0.931331160245463 0.886716609515133 0.857935323147103 0.837262153625488 0.786655207630247 0.968663339503109 0.695774734020233 0.650459680706263 0.626602666918188 0.62162064621225 0.614763791207224 0.618615295737982 0.631216745823622 0.668776369304396 0.932835296407575 0.70415659097489 0.706487922929227 0.958525610738434 0.713066959520802 0.963991438387893 0.97816201671958 0.975374138681218 0.988627893151715 1.00867334520444 1.05605215206742 0.810469181276858 1.06918462086469 1.06986693106592 1.04881089739501 1.04300465714186 1.04974026605487
1.1681429259479 1.16036794707179 1.1624265294522 1.14669317938387 1.13441813364625 1.11622667871416 1.12103502638638 1.14567659236491 1.18016102351248 1.17815480753779 1.18831513822079 1.16635055840015 1.12096927128732 1.08058803528547 1.03737351018935 1.01282578054816 0.983777729794383 0.936438360949978 0.878056910820305 0.841134067857638 0.792870295699686 0.750806957250461 0.703410527028609 0.654263840522617 0.622575702145696 0.585845735855401 0.565949254669249 0.574427721090615 0.589614500291646 0.587259559892118 1.22398757748306 1.24935993365943 0.664503860520199 0.917698097764514 0.913010560558178 0.885823097778484 0.976614302024245 0.602276479825377 0.85746930539608 0.922156787128188 1.00555253378116 1.05282351141796 1.08992777671665 1.07774027530104 1.07416481897235 1.06836815178394 1.04323785752058 1.06373266503215
0.546041069552302 1.17110008746386 1.1566347759217 1.1371694393456 1.1190790887922 1.09890551213175 1.13677349127829 1.16947496496141 1.18220989778638 1.16522867977619 1.17120575718582 1.15380785334855 1.0939932083711 1.04013687372208 1.0124889947474 0.967674476560205 0.937776597449556 0.897378710098565 0.854230751516297 0.81891613220796 0.769978418014944 0.722333782352507 0.683022651821375 0.630711330100894 0.602066840976477 0.57421394996345 0.580569498240948 0.594299997203052 0.573363727889955 0.544552560895681 0.533158055506647 0.570930318906903 0.869211158249527 0.872874130960554 0.861995468381792 0.575642635114491 0.519837305881083 0.496281665749848 0.747647625394166 0.793102237395942 0.839806852396578 0.944719845429063 1.03475797409192 1.0777961211279 1.08312960434705 1.07717543747276 1.06176267098635 1.05910006631166
1.19777941145003 1.16120706126094 1.11263475660235 1.10168745648116 1.10807354189456 1.09029287192971 1.13717875257134 1.16998147778213 1.17146721854806 1.16426095739007 1.14380460325629 1.10847348626703 1.05422535538673 1.02826896635816 1.00235456461087 0.974273222964257 0.932650493108667 0.865735726663843 0.80002969969064 0.765864924294874 0.727878058023634 0.701944008818828 0.657093032728881 0.641242281068116 0.597641389816999 0.59766539838165 0.612148004118353 0.596255564130843 0.587363083846867 0.575220481492579 0.534369581378996 0.789500160142779 0.839744997210801 0.839925371576101 0.810980494134128 0.503868072293699 0.814665693789721 1.02026752009988 0.973106577992439 0.666631203144789 0.734561172313988 0.852199751883745 0.678417438641191 0.755002107005566 1.07951092720032 1.11606601905078 1.11462102318183 1.11817599926144
1.13599331118166 1.13168909773231 1.09046815987676 1.09687215555459 1.10715109389275 1.13513848837465 1.14600071869791 1.12994643952698 1.12618285231292 1.10650158207864 1.0725285988301 1.04572230949998 1.02616597386077 1.05944293458015 1.06721997726709 1.0044971127063 0.929190981201828 0.863759519765154 0.801328306319192 0.760188698768616 0.719402821385302 0.689512343378738 0.652788681443781 0.606856398284435 0.569299095310271 0.552658600732684 0.567893088795245 0.54366940818727 0.517987404018641 0.528805298730731 0.535789663903415 0.803166261874139 0.821154150180519 0.588686374016106 0.759382029064 0.681746015325189 0.637443322688341 0.349792305380106 0.574337668716908 0.395866112783551 0.708982415497303 0.793262769468129 0.644997531548142 0.69093019515276 0.759837860707194 1.06253987830132 1.11593760969117 1.14446021988988
1.13608249463141 1.13396273739636 1.11175973713398 1.10659842379391 1.12793702632189 1.14777567796409 0.485565030947328 0.480091251432896 0.455632307566702 0.445151950232685 0.41179577074945 0.378539041150361 0.371173171326518 0.456626278348267 0.463258328847587 0.972054251469672 0.898189643048681 0.855241508688778 0.793002086458728 0.744012431860028 0.707635832251981 0.662705777212977 0.619400719646364 0.570303990505636 0.506998553872108 0.453068664297462 0.47576342895627 0.451458377763629 0.38756981305778 0.412348119542003 0.473543057218194 0.513737953267992 0.511767577379942 0.755402489565313 0.730325296521187 0.675872903317213 0.657462360337377 0.635051799938083 0.986364226788282 1.0337774977088 0.752861591055989 0.837951031513512 0.91320703481324 0.685525245324243 0.72332281852141 1.03276390582323 1.08721233811229 0.847307043615729
1.14383818395436 1.11673663370311 0.438174131326377 1.09732482396066 0.465517209842801 0.456584769301116 0.460193684324622 0.472011142410338 0.451462676748633 0.449923427775502 -9999 -9999 -9999 -9999 0.760424353182316 0.587277659564279 0.15731546562165 0.802057071588933 0.103695451980457 0.719961231923662 0.683535574935377 0.620565951336175 -0.104332986287773 0.514334701932967 0.449781596660614 0.398561822250485 -0.298134248703718 -0.307730298489332 0.350527508184314 0.37276610173285 0.388546338304877 0.374409826472402 0.320073125883937 0.353910570964217 0.38349830172956 0.334460759535432 0.709242407232523 0.675046343356371 0.400223787873983 0.753800872713327 0.833699164912105 0.584069878794253 0.592907549347728 0.672370040789247 0.720057899132371 0.778262384235859 1.06573724094778 0.81329619884491
