data/train_2003/bio9_avg_2003-2018.asc
NCOLS 664 
NROWS 380 
XLLCORNER 3.91666666666667 
YLLCORNER 55.3333333333333 
CELLSIZE 0.0416666666666666 
NODATA_value -9999 
[rows 330 to 351 of 380, columns 528 to 575 of 664]
-1.35265691950917 -1.29990883916616 -1.23128589242697 -1.1406627651304 -1.84200436715037 -2.01204589894041 -1.88711082749069 -2.08310295594856 -1.69012255873531 -1.61282648023916 -1.34563705953769 -1.27621835004538 -0.43410786613822 -0.402686284855008 -0.432639673352242 0.145035400986671 -0.477713078260422 0.334603095427155 0.365549830719829 0.391829945147038 0.356609739363194 0.449723536148667 0.289321604184806 -0.122593158157542 -0.235813424922526 -0.277325424365699 -0.315420938655734 -0.385558065026999 -0.148215174674988 -0.371373858302832 -0.325385948643088 -0.255064568482339 -0.183320701122284 -0.785466101020575 -0.842779804952443 -1.14725903701037 -1.15215000230819 -1.84634260181338 -1.58027263078839 -1.82279085833579 -1.82261911407113 -2.19440139690414 -2.5556071116589 -2.17089298041537 -2.57187466183677 -2.67857351293787 -2.38851443771273 -2.01211275160313
-1.48512655496597 -1.36632803454995 -2.05709487572312 -1.94337815605104 -1.10326560493559 -2.06305701285601 -1.95753302890807 -1.79792559100315 -1.65508284722455 -1.33510528178886 -1.27555956784636 -0.473288383334875 -0.39491487108171 -0.377332970499992 -0.363459417596459 -0.366877503693104 0.213642578572035 0.401410598307848 0.413847412914038 0.425325552001595 0.358190625905991 0.254734000191092 0.327100661583245 0.221502095460892 0.123445098521188 0.0623047989793122 0.0595813109539449 0.00556581933051348 0.0276339575648308 0.0184519970789552 -0.208959640003741 -0.182083050720394 -0.137275802437216 -0.12791316350922 -0.796620808541775 -0.875848122872412 -1.12795215751976 -1.06393745541573 -1.78491951641627 -1.75399064156227 -2.4833780931076 -2.46316253705299 -2.47165556252003 -2.47223193509853 -2.50212238973472 -2.62995238881558 -2.70299072563648 -2.73052885429934
-1.65576270222664 -1.75119152665138 -1.62498196214437 -1.53185573033988 -1.45831269770861 -1.16580924019217 -1.2521016895771 -0.860277889296412 -0.71177389472723 -0.608573459088802 -0.531664595007896 -0.501255646348 -0.42776358127594 -0.399396365508437 0.427605226635933 0.481615105643868 0.494208314456046 1.42715246975422 1.43615606427193 1.41478462144732 1.34744871221483 1.25335625000298 1.17647205106914 1.14008803386241 1.06941245216876 0.267327322158962 0.267865379806608 0.261320065706968 0.257858075201511 -0.00950709474273026 0.19855934257248 -0.0605597583344206 -0.0513142086565495 -0.671279240399599 -0.075905054807663 -0.757894497364759 -0.806577192153782 -1.04916690057144 -2.16781744488981 -1.73160708323121 -2.05566597287543 -2.03187220427208 -2.08466146083083 -2.51225838251412 -2.53041179291904 -2.61095620738342 -2.66112547880039 -2.6744197444059
-1.74448231980205 -1.65358269959688 -1.51280804350972 -1.41907532513142 -1.37517574988306 -1.28085974603891 -1.11491857841611 -0.947852353099734 -0.810305404709652 -0.685361321084201 -0.60900049097836 -0.574639661237597 -0.50902883335948 -0.444168103858829 -0.155226761475205 0.56265118625015 1.33916893228889 1.34040115401149 1.50630905106664 1.44156943634152 1.34865473583341 1.30227323062718 1.26301663555205 1.21013525500894 1.16404547542334 0.386349727399647 0.416691177524626 0.403990949504077 0.377165630459785 0.404215432703495 0.351098455488682 0.280731419567019 0.240754023194313 -0.667039756954182 -0.70821964123752 -0.724565885961056 -0.74999567004852 -1.7726092711091 -1.7037499435246 -2.06578985531814 -2.08026439382229 -2.10798897652421 -2.55016937479377 -2.59807674837066 -2.59970131330192 -2.59004306234419 -2.65026019979268 -2.69760211883113
-2.04856139048934 -1.71820376440883 -1.61152589321136 -1.48847323283553 -1.40712874382734 -1.32020096667111 -1.20652327314019 -1.07113723549992 -0.911573936464265 -0.78054161509499 -0.70717613492161 -0.640602196566761 -0.522778237238526 -0.42191287688911 0.467095192521811 1.26745131984353 1.35608415305614 1.58983272314072 1.50086119025946 1.41588972508907 1.36090694181621 1.35582997836173 1.31487795896828 1.28605070896447 1.25464055128396 0.477126704528928 0.452414408326149 0.423827152699232 0.39544837269932 0.385402645915747 0.329940504394472 0.270894922316074 -0.0255393112711317 -0.73058794811368 -0.762559382710606 -0.770530667155981 -0.981024774373509 -1.70565719902515 -0.951605498790741 -2.51283499351121 -2.15678124816623 -2.62097607599571 -2.6585050849244 -2.66228407877497 -2.63468950800598 -2.1813340044464 -2.63221152755432 -2.70624353224412
-1.86512655764818 -1.78094299137592 -1.64188426733017 -1.53707568347454 -1.47693378478289 -1.44104178249836 -1.33185799978673 -1.16534099541605 -0.997120909392834 -0.886072879075073 -0.857858112081885 -0.746810263488442 -0.56067880988121 0.39745818823576 1.17557043209672 1.21011608839035 1.23086999729276 1.28083223104477 1.98229894042015 1.97687340155244 1.95766851678491 1.47210979834199 1.43755570799112 1.39037652127445 1.35269752144814 1.30751824751496 0.518243201076984 0.501412101089954 0.465455833822489 0.393166388384998 0.0658087767660618 0.251545677660033 0.20796376344515 -0.0695099036674947 -0.739106077700853 -0.722413773357403 -0.68088833487127 -1.70241398236249 -2.10315449908376 -2.12336500675883 -2.22234150208533 -2.69270899752155 -2.68646149523556 -2.63713070075028 -2.5547515489161 -2.55657399760094 -2.40656177396886 -2.73659365158528
-1.96591365337372 -1.85739070922136 -1.75011787191033 -1.67596972733736 -1.58569687232375 -1.42142397165298 -1.26244265772402 -1.1079615149647 -0.958292996510863 -0.874354291707277 -0.841456933587324 -0.757476481143385 -0.591996004804969 1.07628101110458 1.12336418963969 1.17436411231756 1.18657238408923 1.23228082433343 1.99831592291594 2.05289329960942 2.08916478976607 2.0686722099781 1.55752493068576 1.50916070491076 1.45387960597873 0.674522222951055 0.646197140216827 0.605663808062673 0.545838626101613 0.200752353295684 0.114249617792666 -0.582562014460564 -0.627448172541335 -0.67646725353552 -0.723694651038386 -0.72633870691061 -0.698691099882126 -0.941155160428025 -2.07495827786624 -2.11193005429232 -2.6184245031327 -2.68227519700304 -2.65350139583461 -2.58076885901392 -2.55777177645359 -2.62380157469306 -2.68749765865505 -2.73252730397508
-2.08915893733501 -1.98217168450356 -1.78426772728562 -1.56665576994419 -1.41896010190248 -1.23284787870944 -1.12619399093091 -1.07420683745295 -1.00042343558744 -0.836510368390009 -0.713430660776794 -0.634184533730149 -0.323790410533547 1.06241194903851 1.13169953785837 1.15794559754431 1.18844155967236 1.69188234210014 1.98145793378353 2.06316319480538 2.11957797594368 1.89708670042455 1.65553615055978 1.61073627322912 1.54847812652588 0.744428291916847 0.693692672997713 0.629081962630153 0.534637877717614 0.209925472736359 -0.516254828311503 -0.59127868944779 -0.640822488814592 -0.665761245996691 -0.682699891389348 -0.709513527650415 -0.738535460084677 -0.761640871642157 -2.11048651549208 -2.54956789012067 -2.64418388111517 -2.65625847084448 -2.61187440529466 -2.61328205280006 -2.66470863483846 -2.70711202500388 -2.69630747986957 -2.68166924011894
-2.07811247557402 -1.98432768881321 -1.80862620100379 -1.60067481920123 -1.40814016386867 -1.25098023936152 -1.15073722414672 -1.03303558845073 -0.906678753555752 -0.82516667060554 -0.760946088004857 -0.709600686095655 0.354185184463859 1.01708475500345 1.08020181208849 1.1421937905252 1.67357620224357 1.74300594627857 2.02739168703556 2.06872490420938 2.16424102708697 2.21494022198021 1.69863064400852 1.63964542001486 1.56941011920571 0.753542816266418 0.691396538168192 0.350657729431987 0.247523859143257 0.178181634284556 -0.509242282249033 -0.568120155483484 -0.599780030548573 -0.615638276096433 -0.670204867958091 -0.731855125515722 -0.804963388945907 -0.836863326374441 -2.23513991199434 -1.45526210963726 -2.69602680020034 -2.70694974251091 -2.68520580604672 -2.64287873054855 -2.63172891549766 -2.65150635247119 -2.60982546396554 -2.35947622422827
-2.22240569442511 -1.8877755664289 -1.77319302782416 -1.65531886741519 -1.54648671671748 -1.44373758137226 -1.2683634981513 -1.11236432567239 0.00162651436403394 0.119015254080296 0.19436268042773 0.86936451215297 0.918472095392644 1.06488228030503 1.11895383149385 1.17277526669204 1.24330495297909 1.32233476266265 1.59128538146615 2.13899470679462 2.20394566468894 1.74331224709749 1.69764179736376 1.62930441275239 1.56317556276917 0.736948961392045 0.626266993582249 0.280961753800511 0.225595697760582 -0.44399799220264 -0.484771523624659 -0.522711664438248 -0.574529013596475 -0.628223657608032 -0.714626863598824 -0.789779798593372 -0.811474457383156 -0.830210942775011 -2.26498146960512 -2.66101491637528 -2.68749471846968 -2.7150993430987 -2.69749560207129 -2.3741991345305 -2.31295249672257 -2.32973083294928 -2.62534352263901 -2.42382930917665
-1.76381142437458 -1.70759817585349 -1.70288454368711 -1.66775487363338 -1.6299998126924 -1.56311997026205 -0.49966150149703 -0.35801318846643 0.437121585011482 0.0851904011215083 0.236734780482948 0.318321073427796 1.23453780263662 1.13018007390201 1.20920594409108 1.24406505003572 1.29784086346626 1.3881165497005 1.44218397885561 1.66439921967685 1.69719811156392 1.50793006643653 1.68423609063029 1.61929688230157 0.583560142666101 0.685229994356632 0.361905429512262 0.301682339981198 -0.383087271824479 -0.431881457567215 -0.489134002476931 -0.527136508375406 -0.587736548390239 -0.651642626849934 -0.742715274216607 -0.772746262373403 -0.782485627802089 -0.811391598079354 -1.8253991859965 -1.87318339664489 -2.71537913009524 -2.70362404128537 -2.43185969814658 -2.41154979495332 -2.37306110444479 -2.41660161316395 -2.43543369695544 -1.62645052419975
-1.72155673056841 -1.70379585027695 -1.65990976989269 -1.62831556424499 -0.60609133169055 -0.580641899257898 -0.530192319303751 -0.39340945892036 -0.173876617103815 0.0666570601169951 0.874294511973858 1.19315421767533 0.496424198150635 1.4163023494184 0.548443736508489 1.27902156487107 1.28816827759147 1.33498185873032 1.36958697810769 1.41285888850689 1.64420505985618 1.44019187614322 0.659304514527321 0.575807480141521 0.496060498058796 0.396105157211423 0.321858203038573 0.263486362993717 -0.427824832499027 -0.499098148196936 -0.569829591549933 -0.612603008747101 -0.635069145355374 -0.657269787043333 -0.714970469474792 -0.763129389495589 -0.769371726899408 -1.17901882948354 -1.21287185698748 -1.90589298866689 -1.90658304654062 -1.86252312129363 -1.58863637782633 -1.58426014194265 -1.60047917393968 -1.62416830426082 -2.42269134102389 -2.38324396754615
-1.75617710128427 -1.72607694938779 -1.6823933981359 -0.577432777732611 -0.498974032700062 -0.49718177691102 -0.455098167061806 -0.261681012809277 -0.0073153879493475 0.20779041107744 0.312021026387811 1.0154854953289 1.34337691031396 1.42686470970511 1.24666836485267 1.24647790193558 1.25103743001819 1.29722213745117 1.34340663999319 1.37267451733351 0.651560828089714 0.652248287573457 0.619227571412921 0.539456782862544 0.468144163489342 0.377540266141295 0.271602798253298 -0.440602205693722 -0.50702113751322 -0.524106717668474 -0.553692107088864 -0.598194397985935 -0.656609947327524 -0.698021934716962 -0.71414213872049 -0.731262476474512 -1.07745666860137 -1.48753012406814 -1.16891162097454 -1.58002467639744 -1.54841789905913 -1.53876915201545 -2.31472034068429 -1.4922638231219 -1.13673611427657 -1.1806745971553 -1.56630499218591 -2.29338884970639
-1.95113955438137 -1.67760790511966 -1.59821008145809 -0.546157959848642 -0.41885650716722 -0.337680207565427 -0.217087065801024 0.648643437161809 0.144245603587478 0.224215262569487 0.907973408699036 1.22337451018393 1.32696327567101 1.41813530400395 1.44680737704039 1.24435108527541 1.23957317695022 1.2607955224812 1.27389288321137 1.28003164753318 0.522989887744188 0.51561176776886 0.528317257761955 0.509647712111473 0.451061248779297 0.35201664827764 0.226388907060027 -0.464652560651302 -0.4919672049582 -0.505406648851931 -0.54751293361187 -0.605744268745184 -0.690900802612305 -0.735607388109202 -0.742439097411989 -0.689312360016629 -0.995289141777903 -1.00159919634461 -1.07740955986083 -1.11292806826532 -1.08615480612207 -1.53390093590133 -1.51577182486653 -1.49722572539758 -1.11279939732049 -1.95561519195326 -2.34099837270333 -1.45548914861865
-1.80974992737174 -1.49993052706122 -1.38898515701294 -0.326924927532673 -0.206447497010231 -0.122428744100034 -0.0227430581580848 0.0745261430274695 0.754948019981384 1.08785506151617 1.13625327125192 0.392140999436378 1.30542451888323 1.3719474747777 1.42051240429282 1.41095222905278 1.4062252342701 1.20141076296568 1.2009623683989 1.18993059918284 1.19153264164925 0.403225362300873 0.419865297153592 0.430880239233375 0.365520073100924 0.288534998893738 0.229841602966189 -0.43949456885457 -0.44657981581986 -0.481831906363368 -0.522458780556917 -0.565794117748737 -0.621358333621174 -0.664693022612482 -0.671152675990015 -0.991187371313572 -0.6034050360322 -0.638364845421165 -1.06886585929897 -1.12450857763179 -1.38407900254242 -1.15958575578406 -1.5717977383174 -1.57547954143956 -1.152154346928 -1.54464822192676 -1.49945011857199 -1.45846022048499
-1.53298553265631 -1.21371154487133 -1.14259349461645 -0.080608643591404 0.00454481318593025 0.675954909995198 1.01514362730086 1.01171009335667 1.04563897848129 0.282106950879097 0.977860651910305 1.27105321921408 1.3074274584651 1.31596813350916 1.34450905956328 1.3492583502084 1.14985327981412 1.16202588751912 1.16132352687418 1.14532972685993 0.382764523848891 0.401172200217843 0.368496665731072 0.337862730026245 0.290687227621675 0.254303323104978 -0.389730801805854 -0.379961738362908 -0.399192791432142 -0.453923737630248 -0.524279675446451 -0.567968763411045 -0.615065775811672 -0.660153540316969 -0.676532719284296 -0.670662058982998 -1.07757964357734 -1.0697631277144 -1.11153026111424 -1.5581791580189 -1.59113015932962 -1.61316439928487 -1.62486542668194 -1.62385826744139 -1.59916319698095 -1.57523852353916 -1.53535590320826 -1.10385952773504
-0.962659272132441 -0.946953246835619 -0.939414144959301 -0.923541577067226 0.0908380523324013 0.142401991412044 0.21375775244087 0.248363636434078 0.908282877877355 1.16597857512534 0.962829949334264 1.03168671391904 1.27521270141006 1.29098527692258 0.333628693595529 0.344110634177923 0.381842652335763 1.20210251957178 0.400848105549812 0.367163250222802 0.406487746164203 0.420613311231136 0.385572127997875 0.341906143352389 0.268240069970489 -0.408071907237172 -0.436139026656747 -0.414164336398244 -0.418231612071395 -0.465215282514691 -0.550698940642178 -0.60455787088722 -0.68378135189414 -1.01143477740698 -1.05245975777507 -1.19854816538282 -1.21661332761869 -1.1893870588392 -1.20816061086953 -1.61091014929116 -1.45612548338249 -1.47450278745964 -1.62459579203278 -1.62235227506608 -1.19843683205545 -1.20360385999084 -1.59462266229093 -1.5685795485042
-0.816906328313053 -0.802697584033012 -0.781238238327205 -0.808070993982255 -0.834986923262477 0.223766907118261 1.07621824461967 1.11496695782989 1.12620031088591 1.14700148627162 1.17113612033427 1.22372932359576 0.259779842570424 0.283415241166949 0.325175765901804 0.351519592106342 0.375655068084598 0.392582312226295 0.402009427547455 0.389311464503407 0.388088490813971 0.416215043514967 0.408841855823994 0.368218800053 0.270970465615392 -0.442790478467941 -0.507592526264489 -0.495561124756932 -0.541363134048879 -0.592248343862593 -0.645967084914446 -0.743352421792224 -0.874379543121904 -1.20705443341285 -1.35139911435544 -1.62755147181451 -1.33114061783999 -1.54494367819279 -1.55632722377777 -1.24041943019256 -1.45630255015567 -1.47993615176529 -1.50373644195497 -1.64416991360486 -1.61865007318556 -1.59230428002775 -1.61158356908709 -1.60352939832956
-0.744403678923845 -0.736066501587629 -0.741354225203395 -0.762558549642563 -0.76851306296885 -0.719175832346082 0.126695687882602 -0.0909419003874063 0.158779919147491 -0.434089688584208 0.194108135998249 0.210605606436729 0.206103021278977 0.230600437149405 0.248347716405988 0.283011941239238 0.319217724725604 0.334631813690066 0.33933743648231 0.32700140401721 0.33177262917161 -0.262236278504133 0.332903439179063 0.270614497363567 0.191659059375525 0.142287017777562 -0.519837586209178 -0.525916013866663 -0.591744552366436 -0.969863486941904 -1.11254313099198 -1.17863966524601 -1.23158602695912 -1.2832990726456 -1.38110693357885 -1.64153169561177 -1.37170941662043 -1.64443597849458 -1.64195046201348 -1.60421510133892 -1.56302149407566 -1.70781804807484 -1.71754871029407 -1.71765434835106 -1.6893831314519 -1.24316834565252 -1.61758614052087 -1.19042164552957
-0.77290097437799 -0.768602291122079 -0.753011805936694 -0.726879695430398 -0.729622609913349 -0.71257390640676 0.216343430802226 0.220028951764107 0.199405379593372 0.188639691099524 0.18358238786459 0.211650056764483 0.229551143944263 0.226702081039548 0.228228027001023 0.243212422356009 0.279571881517768 0.293681114912033 0.281665490940213 0.298358175903559 0.265206528827548 0.233043923974037 0.212214736267924 0.178427029401064 -0.499622432515025 -0.531477470882237 -0.549415855668485 -0.575937795452774 -0.660959538072348 -1.09348347538617 -0.925919849425554 -1.61572514846921 -1.67569990828633 -1.69038719497621 -1.67694949638098 -1.67567858938128 -1.65261603333056 -1.65017830580473 -1.65274068247527 -1.77818420808762 -1.73954774625599 -1.61830271780491 -1.74494169466197 -1.34035737998784 -1.72953261248767 -1.67616486456245 -1.63696369156241 -1.60167936515063
-0.779564866796136 -0.787512917071581 -0.744836136698723 -0.766867562197149 -0.622357098385692 -0.34286336414516 -0.377332529053092 0.200332814827561 0.189739145338535 0.193460391834378 0.222723385319114 -0.375430691987276 0.258332567289472 0.270720513537526 0.247358350083232 0.252538105472922 0.257259391248226 0.238147282972932 0.239118495956063 0.254964787513018 0.236598869785666 0.193145707249641 -0.484675673767924 -0.51309906039387 -0.514730747789145 -0.577654208056629 -0.617119129747152 -0.662917644716799 -0.744049339322373 -1.20003683678806 -1.56568491505459 -1.64057720825076 -1.68495336361229 -1.65598018467426 -1.66004867013544 -1.66140893660486 -1.65501891449094 -1.66508735436946 -1.66915572248399 -1.75601144228131 -1.70525824185461 -1.7514215214178 -1.72466818802059 -1.69353988301009 -1.72980730608106 -1.74163687974215 -1.69538296479732 -1.64329593535513
-0.688978726044297 -0.704507162794471 -0.692701876163483 -0.699813505634665 -0.583800032734871 -0.331040926277637 -0.363934071734548 -0.390118844807148 0.236739465966821 -0.374888155609369 -0.353381266817451 -0.353457398712635 0.257905662059784 -0.331401687115431 0.283863883465528 0.273655349388719 0.240946868434548 0.238988395780325 0.226529935374856 0.222113123163581 0.214657949283719 0.165872674435377 -0.512564466334879 0.0776771316304803 -0.595255968160927 -0.655622640158981 -0.707322551403195 -1.12901532347314 -1.17450737891158 -1.53242546925321 -1.59607318881899 -1.64055427350104 -1.65758211538196 -1.61290661152452 -1.64214770961553 -1.64422227814794 -1.65217180922627 -1.65741307102144 -1.69027925562114 -1.64585359487683 -1.73684358038008 -1.7083483422175 -1.72693639900535 -1.73364911787212 -1.71324840467423 -1.70656699687243 -1.3262168681249 -1.71516253333539
